0.000000000000000000e+00 8.919919791016431287e-03 8.915401772707956529e-03 8.877286047989931331e-03 9.147298569715058003e-03 8.976400717461988088e-03 8.942228143866864584e-03 9.003064976870084682e-03 9.008110207661368732e-03 9.203593608560741227e-03 9.217420989211506585e-03 9.221745851372163683e-03 9.214995877295678942e-03 9.207973271672477422e-03 9.162507776789180144e-03 8.982298859564096655e-03 9.230591996563097465e-03 9.157209332881019112e-03 9.212254153119258174e-03 9.154256439002906448e-03 9.211571673025794812e-03 9.181962196656168890e-03 9.169481678146854803e-03 9.239462574793856978e-03 9.156627308515822780e-03 9.180040337355178937e-03 9.149496751563285582e-03 9.045270578612742141e-03 9.161219088973502137e-03 9.153100491508371281e-03 9.132884948673763645e-03 9.010835270444050860e-03 8.995058659965119233e-03 9.180883233750727901e-03 9.152125537136164210e-03 9.151173668349091642e-03 9.043887979287066822e-03 9.013892577855488197e-03 9.186520150319522557e-03 9.216882515666593653e-03 9.174208520478477694e-03 9.142601780751853993e-03 9.154736640586243895e-03 9.004970090213556405e-03 9.135649610264662615e-03 9.143605541506377027e-03 9.150494980071092327e-03 9.144223082000319663e-03 9.022490207833607292e-03 9.012636159748838374e-03 9.158625689258575661e-03 8.889265623111392706e-03 9.164794447096674332e-03 9.162340230260005228e-03 9.176210337642985368e-03 9.149907362663595861e-03 9.169656999475505818e-03 9.153342405673156601e-03 9.183287712440139916e-03 9.210944016796620074e-03 9.192932754595680225e-03 9.199076070037828443e-03 9.188096236523663266e-03 9.178854344030554224e-03 9.218389227708324862e-03 9.158527418195876874e-03 9.187107830464880803e-03 9.224743924657658259e-03 9.188304558212028253e-03 9.163416793139055050e-03 9.170808156311962417e-03 9.171742770104195780e-03 9.158290474407729601e-03 9.208801837316715061e-03 9.223205502067611389e-03 9.195152160515996168e-03 9.160093752743693127e-03 9.153321929034077820e-03 9.149459182531202370e-03 9.160316071389958126e-03 9.221129825890692425e-03 9.186251876754123608e-03 9.153360010223817594e-03 9.170512283047167756e-03 9.152044272970347519e-03 9.154838529849990483e-03 9.150164236447979813e-03 9.147949006986455522e-03 9.154412921538119044e-03 9.218578585276899703e-03 9.177464510841370701e-03 9.188531336027181556e-03 9.210992794934340019e-03 9.178949037776322484e-03 9.164426806573679196e-03 9.149297892495026480e-03 9.146988136322748222e-03 9.150242363696318992e-03 9.139318761585657827e-03 9.152690617936037193e-03
8.919919791016431287e-03 0.000000000000000000e+00 8.890067914327507564e-03 8.854316107612173609e-03 8.906154116229147294e-03 8.962589677638722885e-03 9.155136389500358532e-03 8.979152654086141813e-03 8.984502380112047853e-03 9.205008056832665944e-03 9.211381161403188814e-03 9.214980940019783587e-03 9.208265413183936918e-03 9.201291853866743267e-03 9.158060274588982613e-03 8.967244436519425724e-03 9.223841156482604636e-03 9.156226830301858466e-03 9.205340209998798956e-03 9.148830673758275023e-03 9.205223218368868351e-03 9.176461290909695978e-03 9.162752580953135995e-03 9.233489042499013963e-03 9.032552235749356784e-03 9.172766257049986063e-03 9.143150824141594440e-03 9.138633840905562369e-03 9.157941700610851624e-03 9.147415180317843009e-03 8.983451289239073601e-03 8.986973708884179318e-03 8.981854960349304473e-03 9.173843857850092279e-03 9.145969414017973004e-03 9.144862633153453407e-03 9.139392344859172124e-03 8.991317201586128405e-03 9.189827261728110777e-03 9.221051021798289810e-03 9.174895025978206317e-03 9.004114163997071693e-03 9.148697705905494554e-03 9.137430579785357082e-03 9.129378888224716493e-03 9.138262703661057668e-03 9.143650759005273257e-03 9.144095611306704563e-03 8.995181395320251891e-03 9.138047665749042536e-03 9.168083407213513392e-03 9.176314885484213382e-03 9.173612303941315951e-03 9.165770030348137365e-03 9.179434414481517021e-03 9.151893015113479399e-03 9.180366249630540765e-03 9.156608727998527889e-03 9.177285180307796775e-03 9.204325634471356710e-03 9.186231970149824622e-03 9.192291452494198364e-03 9.181417206175702256e-03 9.172170484014238734e-03 9.211840856157376550e-03 9.151904590299483541e-03 9.181050116041623854e-03 9.218033737725230339e-03 9.181596707754847986e-03 9.157002655619424225e-03 9.165874758080243614e-03 9.165021713177025006e-03 9.151600633413074781e-03 9.202336878499856390e-03 9.216759364547437092e-03 9.203726102457527453e-03 9.153448196614026935e-03 9.147728868392025758e-03 9.142567354879588271e-03 9.168456679554225566e-03 9.214597761644061774e-03 9.179443635307378557e-03 9.147887333964439815e-03 9.163958004036550434e-03 9.145818841570377625e-03 9.148241748479980784e-03 9.144239411755038238e-03 9.141270500549367531e-03 9.147159459821427654e-03 9.212133406147956366e-03 9.186527597172224752e-03 9.183404517099513428e-03 9.204824341021551615e-03 9.173444968753606196e-03 9.157941299116366396e-03 9.143148734946518821e-03 9.140630150324543027e-03 9.143536332829865082e-03 9.009234152738425719e-03 9.146852925083229224e-03
8.915401772707956529e-03 8.890067914327507564e-03 0.000000000000000000e+00 8.849137968397410847e-03 8.911737008664891158e-03 8.965874912094320623e-03 8.923438167627450665e-03 8.975742330595516336e-03 8.980349366193029342e-03 9.201260853865703138e-03 9.214645294140330622e-03 9.218192588656854217e-03 9.212116175225510545e-03 9.204865386984803152e-03 9.161992117400206623e-03 8.962502714647454724e-03 9.227448584696455389e-03 9.034689751044098702e-03 9.208958192912748003e-03 9.152785996176124317e-03 9.208711009116880494e-03 9.180441752775846120e-03 9.166436815079372080e-03 9.237577425971444170e-03 9.029112124646252249e-03 9.177183801505513217e-03 9.147314442652399250e-03 9.142614114215401322e-03 9.162140848530489837e-03 9.151400532930353132e-03 8.987901067283475195e-03 8.982530180106531106e-03 8.976810521753954275e-03 9.178848237163602861e-03 9.150249261663873784e-03 9.149489475933971286e-03 9.143716466176208396e-03 9.138686019802019431e-03 9.184841684190534969e-03 9.216175079959587624e-03 9.171572195194387794e-03 9.007373649415267164e-03 9.153096210548751499e-03 9.141452887718348047e-03 9.132892102972672149e-03 9.142302497204685130e-03 9.147488725582101840e-03 9.141098463873757393e-03 8.998551369041868711e-03 9.142573996221937602e-03 9.173042039971613867e-03 9.181501565789108171e-03 9.177820397335218275e-03 9.169771864306645523e-03 9.184864975473109455e-03 9.156845921179117623e-03 9.184473346057259527e-03 9.161475461861240746e-03 9.181277923605247679e-03 9.208423605067532838e-03 9.190355167878673515e-03 9.196394993500842455e-03 9.185541299992138961e-03 9.176299029484233372e-03 9.215634952571657296e-03 9.156084451879901651e-03 9.185204616567410607e-03 9.222053973251719688e-03 9.185725182100522648e-03 9.161167279461706822e-03 9.169389552306679569e-03 9.169128597234302291e-03 9.155740839766789846e-03 9.206460268866884997e-03 9.220806920292635295e-03 9.208368884360692078e-03 9.157653477977272319e-03 9.151846267457552572e-03 9.147351869199229699e-03 9.173291228018713370e-03 9.218649096460314329e-03 9.184203134000409885e-03 9.152091315180096651e-03 9.168136487617929015e-03 9.149986463686312146e-03 9.152396877492684560e-03 9.148647533550595401e-03 9.145935564237209908e-03 9.151952484403711244e-03 9.216241528441429520e-03 9.190740440102016656e-03 9.187661360304598401e-03 9.208946066984812634e-03 9.177604601930799272e-03 9.162087890478679691e-03 9.147922584334179305e-03 9.145309814712768506e-03 9.147695420114869067e-03 9.146096997455922806e-03 9.151731152248883394e-03
8.877286047989931331e-03 8.854316107612173609e-03 8.849137968397410847e-03 0.000000000000000000e+00 8.862564584512287388e-03 8.918432450269521763e-03 8.887548283186634188e-03 8.928688246859215957e-03 8.940264052239247500e-03 9.210969448994195397e-03 9.226060295089493976e-03 9.230256855537109090e-03 9.223525231222572118e-03 9.218537649008115217e-03 9.173609160142433272e-03 8.923797633979022731e-03 9.239251904052307382e-03 9.164617355314978731e-03 9.220715743427632810e-03 9.164232729374804931e-03 9.222258507238335207e-03 9.192407730952669581e-03 9.177618922202417096e-03 9.248007504781807428e-03 8.989540742865592682e-03 9.187719568824534791e-03 9.159075820467212428e-03 9.153968447302953532e-03 9.173175091094916758e-03 9.163081244364349939e-03 9.132630073465451692e-03 8.943973330885767598e-03 9.154696590728627834e-03 9.190378106167160915e-03 9.161781323117934236e-03 9.160659054646717522e-03 9.155164093971658937e-03 8.949735898238872500e-03 9.197814533021443292e-03 9.227691778379246146e-03 9.183164181084543798e-03 9.151412131714156337e-03 9.165893736597867381e-03 9.153193720255602128e-03 8.974503123775939145e-03 9.153903315579227373e-03 9.158478388500619974e-03 9.151658393011713466e-03 9.136172770694665768e-03 9.157066613706797351e-03 9.174491867605393675e-03 9.179674252412941757e-03 9.188021058405486385e-03 8.896809176080993850e-03 9.182954975590322186e-03 9.157417068987811284e-03 9.186169434197361330e-03 9.161553297061152817e-03 9.192023223915617505e-03 9.219620054114901347e-03 9.201684620233576209e-03 9.207736441934727747e-03 9.196908839878347591e-03 9.187681730551327391e-03 9.227027045965867022e-03 9.167568397036885211e-03 9.196299384880934208e-03 9.233365582512262706e-03 9.197001737062247828e-03 9.172667892679852580e-03 9.180989014980860813e-03 9.180413269002523496e-03 9.167186561919379861e-03 9.217540140937315399e-03 9.231598249025222899e-03 9.211565770731212910e-03 9.169115024353333837e-03 9.163292786068923459e-03 9.159009145988298781e-03 9.175325899877705138e-03 9.229740176578037081e-03 9.195287853624828714e-03 9.155793741460799620e-03 9.179000371393375782e-03 9.160674548366989564e-03 9.163736727930603398e-03 9.160301779808616152e-03 9.157636492072714421e-03 9.163385386963675966e-03 9.227369729898772521e-03 9.193002054706772563e-03 9.188471677851637806e-03 9.219505075652124557e-03 9.181283524878573049e-03 9.172880993306129632e-03 9.159768483482339657e-03 9.156736105676889503e-03 9.159116251913746939e-03 9.153953143560229072e-03 9.162915867441305193e-03
9.147298569715058003e-03 8.906154116229147294e-03 8.911737008664891158e-03 8.862564584512287388e-03 0.000000000000000000e+00 8.947188241218996183e-03 9.179303748084295667e-03 8.988400661897580704e-03 8.978590830622778726e-03 9.217771043487603747e-03 9.222355219111024252e-03 9.226667707365831736e-03 9.218635806558074866e-03 9.213915279706138065e-03 9.168312341916099242e-03 9.145724120429661944e-03 9.234068149829768174e-03 9.170434057724125704e-03 9.215571318932235315e-03 9.158814504306261178e-03 9.217655020376627414e-03 9.192090197766076068e-03 9.174844636856383309e-03 9.245635508700403293e-03 9.041808962660938948e-03 9.186114458704092503e-03 9.154054401371876717e-03 9.153868869994542454e-03 9.168160864704136270e-03 9.157741719096329849e-03 8.991667240593328309e-03 9.005511978593481320e-03 9.172273228815992080e-03 9.186657221757467406e-03 9.160993222500574476e-03 9.152137099646623711e-03 9.151527061879287731e-03 9.011463289224900045e-03 9.207018300486105589e-03 9.239563518855149066e-03 9.191674821948336155e-03 9.150922241944527483e-03 9.162579101136473017e-03 9.153231873954366729e-03 9.141974495642680304e-03 9.150100075537969530e-03 9.155841168705457223e-03 9.154880458967958046e-03 8.987832686597181306e-03 9.155451206849385057e-03 9.147236292980370428e-03 9.155697512286731232e-03 9.178623056096820235e-03 8.911643697757315810e-03 8.855254377452565634e-03 8.986954214572026936e-03 9.159271892036319890e-03 8.996792792188720855e-03 9.184260259953674552e-03 9.214070027248210185e-03 9.196160777800905378e-03 9.202250379267452873e-03 9.191378447260390230e-03 9.182268236319832133e-03 9.221908453896147245e-03 9.162061764693203714e-03 9.188785902832835931e-03 9.227911931018326769e-03 9.190509066137907135e-03 9.165376540606548494e-03 9.175593651079984314e-03 9.174988443958297449e-03 9.161720333537725150e-03 9.211843003010103392e-03 9.225409171435472108e-03 9.200914089570220306e-03 9.163527009404785414e-03 9.157967891611105624e-03 9.150561119306272959e-03 9.148569657229816202e-03 9.224120609899279233e-03 9.188624329915363528e-03 9.149513970928975851e-03 9.173733813911909979e-03 9.154921205027409872e-03 9.158214669246484210e-03 9.152736475122560944e-03 9.150389568384428157e-03 9.154593791076123810e-03 9.221705181088050984e-03 9.185059490045364289e-03 9.161727450864281391e-03 9.212698217982201801e-03 9.174200820401458983e-03 9.167467566476260321e-03 9.151584008345054616e-03 9.149883460247755854e-03 9.153695360499005534e-03 8.994631895678055489e-03 9.154128283025789528e-03
8.976400717461988088e-03 8.962589677638722885e-03 8.965874912094320623e-03 8.918432450269521763e-03 8.947188241218996183e-03 0.000000000000000000e+00 9.179457624274712027e-03 9.126189473003703742e-03 9.036067600993258689e-03 9.223046608872170066e-03 9.226148643659471196e-03 9.229767729610217561e-03 9.222235742353852503e-03 9.217396954607631754e-03 9.170691363756158787e-03 9.042926449437334313e-03 9.237569222922467974e-03 9.172824104862493250e-03 9.219335828270580971e-03 9.160639145090779603e-03 9.221036243349781461e-03 9.195558129137363507e-03 9.177357431331538765e-03 9.250228292239384698e-03 9.166217694696035881e-03 9.189638267023281931e-03 9.155661494958462071e-03 9.089924253147809233e-03 9.167755205823481177e-03 9.161283774629259274e-03 9.053249203092795377e-03 9.063791892030966316e-03 9.172107911548030290e-03 9.190841375405439315e-03 9.164625180451442879e-03 9.046224633490258793e-03 9.149956035018639786e-03 9.165993262325202243e-03 9.211849691270229679e-03 9.242639454490752735e-03 9.195454066457876136e-03 9.077621605765598400e-03 9.166425637622491879e-03 9.050561680272533119e-03 9.144723909904497669e-03 9.151878302308817312e-03 9.158134267792420249e-03 9.158344651726390423e-03 9.043581677619082562e-03 9.151246244146319514e-03 9.136465051656085523e-03 8.895289627723837120e-03 9.167402180504550385e-03 8.955339242289065207e-03 8.894743194007020612e-03 9.032071379486538570e-03 9.147526597025107745e-03 9.039779193174241750e-03 9.187205187975302362e-03 9.217398186365924340e-03 9.199594730063031037e-03 9.205758224698963946e-03 9.194777331533780795e-03 9.185694693362040850e-03 9.225361581389597554e-03 9.165493890131650931e-03 9.191599331397116296e-03 9.231332955426335349e-03 9.194119372981793617e-03 9.167455185221148883e-03 9.177613716365476751e-03 9.178473863238965913e-03 9.165183444499356083e-03 9.215000731485432223e-03 9.228634678225565435e-03 9.190094138390021011e-03 9.166965574505088477e-03 9.160563246487674061e-03 9.152772311034111652e-03 9.139236584191193918e-03 9.227338111584751715e-03 9.191745755808533244e-03 9.152097677290128158e-03 9.176983455387728930e-03 9.157927075724422994e-03 9.161573742966156592e-03 9.155187483323145789e-03 9.153475130278572111e-03 9.157640744488534934e-03 9.224831696031294409e-03 9.173886876962073292e-03 9.165214915844002719e-03 9.215562795912714267e-03 9.176741707351663765e-03 9.170693815327913417e-03 9.153989028723389515e-03 9.152215875917387236e-03 9.157176479835113861e-03 9.040593131000041957e-03 9.156108929117964465e-03
8.942228143866864584e-03 9.155136389500358532e-03 8.923438167627450665e-03 8.887548283186634188e-03 9.179303748084295667e-03 9.179457624274712027e-03 0.000000000000000000e+00 8.998828891085844384e-03 9.016042865324241234e-03 8.959265214666797469e-03 9.192939157436635575e-03 9.203750306483987620e-03 9.222984777701058109e-03 9.215465529706159953e-03 9.180324065830129665e-03 8.962700074049501434e-03 9.243252390032681912e-03 9.041280471381174175e-03 9.223987751704418661e-03 9.172010179787871628e-03 9.216770727461820814e-03 9.149682256922170298e-03 9.178445708721319832e-03 9.196362971502666100e-03 9.044539803043327025e-03 9.160598345548044003e-03 9.166608385118004895e-03 9.166621773800816622e-03 9.182225493872767791e-03 9.169938115649893182e-03 9.161781087588746070e-03 8.988427878253862219e-03 8.947914875601380852e-03 9.192329179430823449e-03 9.139951493313543118e-03 9.173338572997786003e-03 9.164238733652949054e-03 8.960224019293271114e-03 8.808733825156560282e-03 8.857880571554377011e-03 8.985902745439554307e-03 9.137463037825031484e-03 9.139841273304034897e-03 9.166552095422686799e-03 9.153651160800906073e-03 9.161879068064666259e-03 9.164263573280675285e-03 9.013769181188764981e-03 9.168380996672834821e-03 9.164466202505825929e-03 9.195236598084495852e-03 9.207976040925996628e-03 9.199000280326474419e-03 9.204736877214398164e-03 9.221637763778611080e-03 9.189445547774077044e-03 9.207083310326585196e-03 9.193692307697643243e-03 9.201248571193971007e-03 9.227829910764168836e-03 9.210019753111701318e-03 9.215618018720733370e-03 9.205051939203918315e-03 9.194487674279916076e-03 9.227491629561532238e-03 9.175665067908751055e-03 9.205780131306760816e-03 9.240916950375379149e-03 9.204097478059889911e-03 9.181689794182724615e-03 9.169556143840140033e-03 9.187636757238042129e-03 9.174731507657503046e-03 9.226231575167371732e-03 9.239420857693567135e-03 9.229496809647227962e-03 9.177630570197098728e-03 9.169352421529776767e-03 9.168851782442149698e-03 9.196161129741003970e-03 9.237711936532251936e-03 9.204142141526034174e-03 9.173528071731060565e-03 9.187913322381254314e-03 9.169130239113126163e-03 9.171487607501215000e-03 9.164478890541833192e-03 9.164942014995382247e-03 9.173042701444741875e-03 9.235911326159642123e-03 9.211540726119913161e-03 9.209328474482936580e-03 9.228798429161787567e-03 9.198930149862255545e-03 9.181093095932168005e-03 9.169359835418194882e-03 9.164684951914104163e-03 9.166267662196808316e-03 9.184708935966588716e-03 9.172254014562879892e-03
9.003064976870084682e-03 8.979152654086141813e-03 8.975742330595516336e-03 8.928688246859215957e-03 8.988400661897580704e-03 9.126189473003703742e-03 8.998828891085844384e-03 0.000000000000000000e+00 9.066113338997800961e-03 9.077084702093212581e-03 9.193698174623144218e-03 9.199584129007730079e-03 9.195273839881716593e-03 9.189166686058330286e-03 9.148783388486696547e-03 9.049037004531445758e-03 9.210783590746196917e-03 9.110519119179543920e-03 9.191314513627488539e-03 9.138040636035965267e-03 9.190783281905317778e-03 9.164276552698817982e-03 9.153048706836260096e-03 9.214711064492901033e-03 9.107967270484577244e-03 9.160116611511837093e-03 9.133606500095491770e-03 9.133652999818346954e-03 9.145942760650527595e-03 9.138865321765299657e-03 9.119203860807978054e-03 9.072387304731513794e-03 9.056588255231465268e-03 9.094130824924512996e-03 9.133930920609050971e-03 9.061557726856352482e-03 9.131290197979830686e-03 9.065615352278568254e-03 9.163745740915076737e-03 9.194676003591022162e-03 9.099800695335258024e-03 9.086695658436854187e-03 9.136121997661844282e-03 9.133645773138306112e-03 9.089692260715091787e-03 9.131277864372054978e-03 9.133643528707291806e-03 9.129735453043651139e-03 9.082302629964657259e-03 9.131429844084621578e-03 9.151928720789605232e-03 9.161453497965271406e-03 9.163706983017133600e-03 9.015855786318348677e-03 9.164917916721434729e-03 9.085265230822724136e-03 9.164018148944545403e-03 9.143241183134502223e-03 9.167930343230254464e-03 9.195689539384769434e-03 9.177822257666249858e-03 9.183658670994914938e-03 9.172848517243457206e-03 9.163123352122347354e-03 9.198221411237099410e-03 9.142159866100223187e-03 9.171838762828458252e-03 9.208934579974703896e-03 9.172647491131762781e-03 9.145572760006923096e-03 9.152733598241957411e-03 9.156341737606911446e-03 9.143061834869655249e-03 9.193717723536616593e-03 9.207560285446510229e-03 9.189244183810802574e-03 9.143636126661346467e-03 9.138002647565552500e-03 9.133292602106754532e-03 9.112690648161437396e-03 9.204108073342785745e-03 9.170762631567248857e-03 9.134509817502863005e-03 9.155007797574251163e-03 9.136664099407778086e-03 9.139728714033986193e-03 9.130699898971228121e-03 9.132230245509343619e-03 9.071496352714940661e-03 9.203539509312498590e-03 9.171276874713885432e-03 9.166486921699416174e-03 9.195118412025816632e-03 9.159521538565000218e-03 9.149089664548987894e-03 9.133949131388464926e-03 9.131980193247140123e-03 9.135026982767085676e-03 9.091620689537170327e-03 9.135231447942277622e-03
9.008110207661368732e-03 8.984502380112047853e-03 8.980349366193029342e-03 8.940264052239247500e-03 8.978590830622778726e-03 9.036067600993258689e-03 9.016042865324241234e-03 9.066113338997800961e-03 0.000000000000000000e+00 9.193998581309491963e-03 9.204568563514528221e-03 9.208296168377752208e-03 9.199670643980055115e-03 9.194844618216114346e-03 9.149812465884867366e-03 9.125451351850711462e-03 9.213577631356974218e-03 9.118069585582349451e-03 9.195310813237484240e-03 9.080539599130880643e-03 9.197574467333533010e-03 9.173444035551510736e-03 9.157024564988479332e-03 9.226442912863295001e-03 9.116669332498489667e-03 9.169764104927835904e-03 9.134719088040910845e-03 9.133199306672222170e-03 9.146062186562066085e-03 9.140419658470223113e-03 9.120350261009794665e-03 9.079535533004855219e-03 9.146185945697007935e-03 9.099781086511089453e-03 9.144170740561254757e-03 9.058766996640779667e-03 9.104768550896296525e-03 9.142294655580238127e-03 9.181417308502234920e-03 9.214781013055069192e-03 9.167521578971176213e-03 9.095112257013681853e-03 9.145420263030560465e-03 9.133576338654868926e-03 9.126660960681482263e-03 9.133413253307768806e-03 9.137444921838957373e-03 9.131511634966206492e-03 9.066980936924068368e-03 9.133142630656836125e-03 9.141802321411157325e-03 9.146656196367543290e-03 9.108285673873225269e-03 9.140876885654328557e-03 8.945228853918425066e-03 9.073543765932017349e-03 9.153160665786710948e-03 9.083572225224418803e-03 9.166779781891738754e-03 9.197004189339717459e-03 9.179196248828591989e-03 9.185231877677195109e-03 9.172749638752634993e-03 9.164904660454038440e-03 9.203433100318226395e-03 9.142795078257572733e-03 9.171290729343212905e-03 9.210569537513061886e-03 9.173244425173787339e-03 9.096803144262623209e-03 9.153959767221112737e-03 9.157956769431083166e-03 9.143671205423399562e-03 9.193488577658366981e-03 9.208527267103347458e-03 9.191857043114095085e-03 9.143229915421642248e-03 9.139523214040627327e-03 9.133925418184207085e-03 9.143388414199558889e-03 9.205448981170111927e-03 9.170730783749907189e-03 9.140071239866164737e-03 9.155983968750079638e-03 9.138239385313497512e-03 9.140358215555562452e-03 9.100585151127995112e-03 9.133749412425371667e-03 9.070794255393256969e-03 9.202229817982491775e-03 9.174423962826094153e-03 9.156485560152050410e-03 9.196125043282786515e-03 9.164941159142143273e-03 9.150569359755710355e-03 9.135137011463349138e-03 9.133354542479798707e-03 9.135813296299415132e-03 9.076258117072645223e-03 9.134991178431804346e-03
9.203593608560741227e-03 9.205008056832665944e-03 9.201260853865703138e-03 9.210969448994195397e-03 9.217771043487603747e-03 9.223046608872170066e-03 8.959265214666797469e-03 9.077084702093212581e-03 9.193998581309491963e-03 0.000000000000000000e+00 8.769328097148264972e-03 8.964272815030167180e-03 9.174904548851397709e-03 9.169245001988318711e-03 9.181640133674668150e-03 9.168076812691178940e-03 9.221250409953767394e-03 9.091641972501536897e-03 9.213211712353640281e-03 9.180807755872549478e-03 9.073088410460544012e-03 9.149960481638089171e-03 9.144402468595330333e-03 8.986527323212183810e-03 9.059124658299704674e-03 9.011561328438263963e-03 9.173235245293750659e-03 9.179516610225084416e-03 9.189087702134855762e-03 9.176676665362298174e-03 9.179713181352413057e-03 9.162630915464081011e-03 9.149268355398065475e-03 9.194134948537683802e-03 9.046852033542914298e-03 9.183016490376342406e-03 9.178040425226956234e-03 9.022976916503413353e-03 8.843980708131676111e-03 8.841866455815357989e-03 9.024079190404285175e-03 9.042692499968882011e-03 9.048717003997158032e-03 9.180751394144546010e-03 9.176368818855163215e-03 9.171810594829873584e-03 9.173794444002155227e-03 9.166697583253865037e-03 9.194313187550857622e-03 9.180731022023377180e-03 9.204584077378549778e-03 9.226228632787141642e-03 9.208284870314388873e-03 9.231036719222304732e-03 9.234150816086623623e-03 9.201317705820052234e-03 9.216677659034829689e-03 9.207327110650705138e-03 9.208441242413406558e-03 9.228538309065267842e-03 9.215892075693123478e-03 9.215188335743808648e-03 9.206526923803123874e-03 9.190947836819155295e-03 9.051355444050734195e-03 9.177212301955128132e-03 9.213568288117323507e-03 9.237472001715310230e-03 9.200720467306282985e-03 9.186224240611827116e-03 9.169670453851079539e-03 9.193944455903805060e-03 9.181791887947956393e-03 9.233765622672286677e-03 9.237520682533622435e-03 9.233125974690684079e-03 9.184485554311191610e-03 9.166107995282085641e-03 9.175930114926841158e-03 9.206375519279209191e-03 9.242677762967631272e-03 9.211474585644040952e-03 9.181886267242297950e-03 9.195136040090472196e-03 9.177412339769024791e-03 9.179227424363006413e-03 9.077860901750571879e-03 9.166388789162316364e-03 9.182077002167492175e-03 9.242914635988674563e-03 9.220499375692983723e-03 9.218042628018983248e-03 9.236378193516803226e-03 9.207038767266679732e-03 9.189242829342043201e-03 9.176407472142645433e-03 9.172315170558114836e-03 9.173425437664171206e-03 9.197315015432071597e-03 9.180332359408974185e-03
9.217420989211506585e-03 9.211381161403188814e-03 9.214645294140330622e-03 9.226060295089493976e-03 9.222355219111024252e-03 9.226148643659471196e-03 9.192939157436635575e-03 9.193698174623144218e-03 9.204568563514528221e-03 8.769328097148264972e-03 0.000000000000000000e+00 8.752529936960209284e-03 8.822558925022256152e-03 8.855772212982521846e-03 9.182311402439320008e-03 9.178548903191575264e-03 9.216449345780516889e-03 9.187865239525245045e-03 9.212195386155015361e-03 9.179835738328106023e-03 8.866555008846779135e-03 9.163372809262930463e-03 8.839524375371282314e-03 8.797583173285536406e-03 8.856717936224493826e-03 8.820909173750864432e-03 9.171867938219089439e-03 9.180132839452220112e-03 9.188486717794401223e-03 9.173641760181285715e-03 9.182010293770727360e-03 9.193658630128272863e-03 9.181739680860705882e-03 9.191260864907345104e-03 9.149000934424908124e-03 9.183734327161175576e-03 9.178785841610378679e-03 9.176187368199412511e-03 9.176127432562955141e-03 8.681258332974124692e-03 9.162924269288011403e-03 9.166404697770868387e-03 9.166771176088484713e-03 9.181806627022788547e-03 9.178207889053480867e-03 9.171282297899860381e-03 9.169803141928847823e-03 9.173591463016383951e-03 9.196416624300825238e-03 9.182087439715743218e-03 9.204719302952371618e-03 9.226622170186436420e-03 9.208264729081320349e-03 9.232904200819760238e-03 9.234447172499694878e-03 9.202297019986876644e-03 9.216826385647323983e-03 9.207812578465089312e-03 9.208871070240926340e-03 9.233942095316411205e-03 9.215737286907554893e-03 9.214438453275587346e-03 9.209040591125990105e-03 9.187237314634723664e-03 9.214968680178981311e-03 9.174645261543856387e-03 9.213517637682999348e-03 9.242783295765669843e-03 9.202921173211885131e-03 9.189693553143914867e-03 9.170132064613169959e-03 9.190371646063410366e-03 9.176178955357182365e-03 9.233627311681851663e-03 9.234895569405692645e-03 9.237231636026084491e-03 9.183761718543676303e-03 9.161011206253099823e-03 9.176934274302151612e-03 9.207230972115813469e-03 9.243476646209398961e-03 9.211602595049425690e-03 9.181888132809887249e-03 9.195679471662360216e-03 9.177764107055161324e-03 9.178890673082182317e-03 9.169563575999364891e-03 9.162457107839597215e-03 9.182622238012300500e-03 9.243179823520377564e-03 9.220549972345983003e-03 9.217905927251444226e-03 9.236275486729754111e-03 9.207125164602415063e-03 9.189704313197795751e-03 9.177501349118251037e-03 9.172966814057633214e-03 9.172506573267300359e-03 9.198514813493038206e-03 9.180153885391232477e-03
9.221745851372163683e-03 9.214980940019783587e-03 9.218192588656854217e-03 9.230256855537109090e-03 9.226667707365831736e-03 9.229767729610217561e-03 9.203750306483987620e-03 9.199584129007730079e-03 9.208296168377752208e-03 8.964272815030167180e-03 8.752529936960209284e-03 0.000000000000000000e+00 8.981703581176680301e-03 9.011884589132096793e-03 9.178451217518489996e-03 9.187544271914893992e-03 8.832142041248606384e-03 9.165308644521853038e-03 9.175860578378988025e-03 9.186258170058499498e-03 9.138247718854221324e-03 9.014856041129162487e-03 9.034150143842241409e-03 8.963446741362462653e-03 9.051947113236792630e-03 9.017746955316761556e-03 9.178122172799894549e-03 9.184336634175139027e-03 9.194901530102496737e-03 9.179417637028453036e-03 9.186909678205720797e-03 9.082766872069669012e-03 9.189920201134993069e-03 9.166357602171656266e-03 9.160592951448068288e-03 9.188881320467155722e-03 9.180769745665912779e-03 9.187423105753593500e-03 9.185508449253851349e-03 8.874800863227682440e-03 9.172827982490125431e-03 9.056132601109909835e-03 9.174007423202576797e-03 9.186357134784687781e-03 9.183041249125355188e-03 9.176217309726113214e-03 9.175419939603574396e-03 9.178711601054660024e-03 9.200946934875853592e-03 9.186944614914970345e-03 9.209630931029052364e-03 9.231704548223893664e-03 9.211967607197583605e-03 9.237537073643713181e-03 9.239267787621406255e-03 9.207357422841981262e-03 9.221212163033939979e-03 9.212462299603728366e-03 9.207520160987227309e-03 9.222727232399079156e-03 9.211343551270336980e-03 9.205351214741258267e-03 9.205512946894154128e-03 9.187585511240185451e-03 9.000377111101178981e-03 9.177529278233932664e-03 9.216598616193503665e-03 9.199443087170158101e-03 9.196438672651432306e-03 9.189045947323361968e-03 9.172708967478578057e-03 9.191376273270107297e-03 9.181975399570241683e-03 9.230977930765183262e-03 9.049846841644323958e-03 9.228328484965506173e-03 9.189892044403345436e-03 9.060817244822936753e-03 9.181584705937634316e-03 9.211294535462988264e-03 9.235787759018062454e-03 9.214223679780628173e-03 9.182912530008630406e-03 9.199963817923947559e-03 9.183095150063678991e-03 9.183401061598473608e-03 9.177782280540546303e-03 9.066258914728239984e-03 9.187843889859360902e-03 9.239634518732371335e-03 9.223718872786492926e-03 9.217225823703174142e-03 9.233711983469816351e-03 9.206070465006958511e-03 9.193855799488660080e-03 9.182055791487939156e-03 9.176985443537932427e-03 9.177261758629269572e-03 9.203509219966522770e-03 9.185373855041751093e-03
9.214995877295678942e-03 9.208265413183936918e-03 9.212116175225510545e-03 9.223525231222572118e-03 9.218635806558074866e-03 9.222235742353852503e-03 9.222984777701058109e-03 9.195273839881716593e-03 9.199670643980055115e-03 9.174904548851397709e-03 8.822558925022256152e-03 8.981703581176680301e-03 0.000000000000000000e+00 9.021014898371234117e-03 9.155332239942141209e-03 9.197212376339809758e-03 8.837089711936056344e-03 9.139932986994742797e-03 8.872034165701918329e-03 9.175215707030996704e-03 9.043741862453890529e-03 9.065152477215409482e-03 9.069218875274254535e-03 9.003681284400998769e-03 9.076462943469858213e-03 9.064585115992429207e-03 9.168660507014515793e-03 9.174475010201965652e-03 9.182316611064927220e-03 9.167645118706858887e-03 9.179319626647810051e-03 9.195975925671956083e-03 9.201000934785586588e-03 9.028941476847192338e-03 9.172254988752084892e-03 9.177542134229534077e-03 9.173110184781941429e-03 9.204078065702465256e-03 9.210205276460886256e-03 9.191329547216671100e-03 9.078223679991949749e-03 9.176751315620930785e-03 9.171468576667127573e-03 9.177585373424456544e-03 9.172943342877911202e-03 9.166759642296041025e-03 9.069954230491630853e-03 9.169262705622219581e-03 9.192231732806281294e-03 9.178151396819281271e-03 9.200377990213786869e-03 9.222399071091985645e-03 9.202967553801531808e-03 9.228634159929883021e-03 9.230154268564340000e-03 9.198066641701490090e-03 9.212310396939623128e-03 9.203450163764018144e-03 9.202167154365770846e-03 9.211422648729849713e-03 9.194836671695894720e-03 9.004274257535475195e-03 9.188440116745025948e-03 9.087048533391962890e-03 9.150312040631826752e-03 9.075429069302066998e-03 9.207977868968309637e-03 9.185895638263375657e-03 9.184606207825320862e-03 9.181080950371785926e-03 9.172250446361523979e-03 9.100187271672516981e-03 9.090196558659490236e-03 9.227964253727967414e-03 9.219648011920215241e-03 9.217457392402842939e-03 9.178247608799731602e-03 9.094608095104062331e-03 9.173018351254660571e-03 9.202815349330631736e-03 9.208792102938387347e-03 9.204096031637460165e-03 9.177003002634241333e-03 9.189685106336231007e-03 9.171906722248575686e-03 9.164858054153341219e-03 9.171265855736179459e-03 9.161575953577224055e-03 9.177340037813418172e-03 9.236319479876462998e-03 9.215192591011261286e-03 9.213190614671096582e-03 9.230628715508457441e-03 9.200757255683556304e-03 9.183734690584529486e-03 9.172640438594928738e-03 9.167307159127849325e-03 9.166402082913506499e-03 9.194239788256505092e-03 9.175825167972589264e-03
9.207973271672477422e-03 9.201291853866743267e-03 9.204865386984803152e-03 9.218537649008115217e-03 9.213915279706138065e-03 9.217396954607631754e-03 9.215465529706159953e-03 9.189166686058330286e-03 9.194844618216114346e-03 9.169245001988318711e-03 8.855772212982521846e-03 9.011884589132096793e-03 9.021014898371234117e-03 0.000000000000000000e+00 9.111336532204044117e-03 9.191502731307744228e-03 8.861652820848145776e-03 9.104936053154674344e-03 8.897293713313584110e-03 9.170151406767197699e-03 9.072733570058085298e-03 9.096290852590969978e-03 9.100316508927380060e-03 9.038640160050284353e-03 9.110978613764517120e-03 9.146870837923785566e-03 9.113136017878251810e-03 9.169559216090528153e-03 9.177752301852876854e-03 9.114107650791661644e-03 9.175164874000451415e-03 9.190059203790405112e-03 9.115382436396684412e-03 9.060383230664426774e-03 9.166147486491322410e-03 9.172548365284924690e-03 9.168353308123440570e-03 9.198738647236406538e-03 9.203985915394709283e-03 9.185913549120844693e-03 9.108503320495172501e-03 9.171468320690916859e-03 9.166429059397044818e-03 9.172863078214896215e-03 9.168836002162457366e-03 9.162611899314023617e-03 9.101280862565617677e-03 9.164867675936928110e-03 9.187302390147165931e-03 9.170967735692928807e-03 9.195860717277556939e-03 9.217819629474674134e-03 9.195287554696814428e-03 9.224119565921498273e-03 9.225684606927018680e-03 9.193541426933710126e-03 9.207625351400839514e-03 9.198730186705349546e-03 9.196969205856563717e-03 9.201649070916645065e-03 9.185550809882434345e-03 9.025193553557376083e-03 9.073927505872884242e-03 9.111378668104184661e-03 9.031448368737513693e-03 9.099905393154358174e-03 9.202855482476752363e-03 9.172301356791832949e-03 9.173415283745916388e-03 9.170529357524536199e-03 9.164486346582704709e-03 9.165455746964390818e-03 9.118807486629998058e-03 9.222939324928205312e-03 9.214009624730703368e-03 9.209056026869636910e-03 9.173222672029327993e-03 9.123944480513535363e-03 9.168570048648240836e-03 9.198246030902242770e-03 9.203707870608706862e-03 9.199140324278848313e-03 9.172703428906520476e-03 9.184757018284589111e-03 9.167287505988126056e-03 9.157747871933845374e-03 9.166743966706140251e-03 9.157693397791532089e-03 9.172920926515575404e-03 9.226454144922024286e-03 9.210209564274613597e-03 9.208616154729674583e-03 9.225642322937308015e-03 9.196134261837856858e-03 9.179128332319425390e-03 9.167873571982822212e-03 9.162800425914852456e-03 9.159706376342044432e-03 9.189557443399561099e-03 9.171161362516649235e-03
9.162507776789180144e-03 9.158060274588982613e-03 9.161992117400206623e-03 9.173609160142433272e-03 9.168312341916099242e-03 9.170691363756158787e-03 9.180324065830129665e-03 9.148783388486696547e-03 9.149812465884867366e-03 9.181640133674668150e-03 9.182311402439320008e-03 9.178451217518489996e-03 9.155332239942141209e-03 9.111336532204044117e-03 0.000000000000000000e+00 9.154768140073519384e-03 9.159219152104105047e-03 9.107364251655966636e-03 8.920196201710382800e-03 9.066253648841888016e-03 9.110945530940791834e-03 9.154778767625014468e-03 9.111765753420715541e-03 9.186860551076290321e-03 9.131502565487217490e-03 9.114503286088192560e-03 9.117394634969591682e-03 9.102992425179052410e-03 9.000668046465565633e-03 9.077685903662943354e-03 9.127094157164693244e-03 9.154735089900511297e-03 9.160732741729132531e-03 9.131119322137568398e-03 9.129050216543971655e-03 9.119697994095848567e-03 9.094772042566116529e-03 9.169798255302667733e-03 9.178004180760623507e-03 9.209048007653736212e-03 9.143229400291543948e-03 9.139427774548267852e-03 9.130341409356581769e-03 9.065150693183308614e-03 9.118671740727364930e-03 9.096819759683724693e-03 9.120064410625829121e-03 9.079136247710560201e-03 9.139188877107873657e-03 9.070302492534156394e-03 9.147912709232781242e-03 9.171413897521714723e-03 9.148268074058010790e-03 9.177857850782953839e-03 9.179309557083180013e-03 9.145661307832777739e-03 9.160670930470337162e-03 9.150497217687391174e-03 9.145754606889424862e-03 9.164610144366237832e-03 9.147691550404495747e-03 9.147898006531134801e-03 9.051100125565654519e-03 9.091209661080739898e-03 9.053237522845803548e-03 9.061429833221213564e-03 9.155514013922162048e-03 9.169308258860597166e-03 9.140932148125398282e-03 9.123293433985138826e-03 9.099314561339850310e-03 9.132797500557111176e-03 9.092467585901297875e-03 9.171237055300800883e-03 9.084658224749096733e-03 9.169364900169179808e-03 9.030398229056286336e-03 9.096591944030797336e-03 9.119512616960491133e-03 9.150277765909566735e-03 9.161958309781800466e-03 9.152471444609386331e-03 9.122150063293024344e-03 9.138774531106220317e-03 9.118713556694328301e-03 9.119071163988022241e-03 9.089418686953357196e-03 9.096130826832103666e-03 9.116156424211818710e-03 9.175664523224644209e-03 9.161309588970018014e-03 9.157959758855757984e-03 9.174140213718349340e-03 9.145443295706904771e-03 9.132369952499181515e-03 9.116465868257686914e-03 9.113679083208115275e-03 9.115013725179744314e-03 9.141249295303846209e-03 9.064605218718900514e-03
8.982298859564096655e-03 8.967244436519425724e-03 8.962502714647454724e-03 8.923797633979022731e-03 9.145724120429661944e-03 9.042926449437334313e-03 8.962700074049501434e-03 9.049037004531445758e-03 9.125451351850711462e-03 9.168076812691178940e-03 9.178548903191575264e-03 9.187544271914893992e-03 9.197212376339809758e-03 9.191502731307744228e-03 9.154768140073519384e-03 0.000000000000000000e+00 9.216927285856324481e-03 9.094185609841098916e-03 9.199557761865102823e-03 9.147013298482631685e-03 9.197777160349692588e-03 9.071341828315263728e-03 9.097384428382010446e-03 9.204329817881072573e-03 9.145078243705646870e-03 9.090371831573875600e-03 9.139374280340190754e-03 9.139372774381739062e-03 9.155519411399330384e-03 9.143477813493377376e-03 9.129261461395896810e-03 9.054365298739392581e-03 9.017552794598638483e-03 9.168264686981434167e-03 9.056651573254650978e-03 9.145236290304250421e-03 9.139136884408457021e-03 9.034995095975663706e-03 9.148432995703330295e-03 8.940983244017614712e-03 9.063785010007154377e-03 9.134252423487547803e-03 9.141473714278291682e-03 9.138757568536484341e-03 9.070820754107467715e-03 9.085660344697711957e-03 9.056560468688842902e-03 9.132150331049927391e-03 9.136497798286336708e-03 9.138799593234507926e-03 9.167437220821063326e-03 9.177195457545035684e-03 9.172905433300376776e-03 9.175025976326481314e-03 9.190829202189738228e-03 9.160336308964480562e-03 9.179347431368464413e-03 9.091879476286366876e-03 9.174549900567876073e-03 9.202009018793561035e-03 9.183669485920536654e-03 9.189687670930452024e-03 9.178834116372472721e-03 9.168878132725866853e-03 9.207177962444097058e-03 9.149312573231338855e-03 9.179506105179592937e-03 9.215133020626438409e-03 9.178081509704689306e-03 9.155480565042542831e-03 9.146816613957935160e-03 9.160876329103810264e-03 9.148298466376466112e-03 9.200207659138365593e-03 9.213763807372906192e-03 9.202584584942320040e-03 9.151298446406965631e-03 9.142759546962787864e-03 9.142044062806439081e-03 9.168921077315445728e-03 9.211955623340720156e-03 9.177953007841575458e-03 9.146697111815420278e-03 9.160279617507181144e-03 9.142286380503022655e-03 9.144740440730447090e-03 9.143081331312223267e-03 9.138656058188950396e-03 9.146808168718002438e-03 9.209979757012633217e-03 9.184850762875533189e-03 9.181684380392615696e-03 9.202722947374985737e-03 9.172412898846562732e-03 9.154437664620469414e-03 9.142464038425741207e-03 9.137506079496312411e-03 9.138738157479004212e-03 9.150666220151209770e-03 9.145134736927282293e-03
