0.000000000000000000e+00 2.302231253014092385e-02 1.863140824260908768e-02 2.151304414511086976e-02 1.708974867279813847e-02 2.223455167996534962e-02 1.902619184388998005e-02 2.217428914562278100e-02 2.193885991749838782e-02 1.780409600821675903e-02 1.544090235513087203e-02 1.989324139748302814e-02 2.571202596963326203e-02 1.864419892335505285e-02 2.313904877656561970e-02 1.793196665174941890e-02 1.803329690553973769e-02 1.835002882765385604e-02 2.661103160878031809e-02 1.893366052909882871e-02 1.733395009919528121e-02 1.789494322629714765e-02 1.909820950822647273e-02 1.714281919918597685e-02 1.543528855531403794e-02 1.841476189683698486e-02 1.828267752917969724e-02 2.182925567246405546e-02 2.109484356970730418e-02 1.901439223055061481e-02 2.253742130653730441e-02 2.159397088798718431e-02 2.023261912136134141e-02 2.617141268642726726e-02 1.795281353235375632e-02 2.303177649820738193e-02 1.619184464355453990e-02 1.542300260223832854e-02 2.509669498932495454e-02 1.909646798991933639e-02 2.283042665441514449e-02 2.208417075587302408e-02 1.567410970213994198e-02 2.262634990229510021e-02 1.806553750924579094e-02 1.990163302589935401e-02 2.017099509596812293e-02 2.233874848894150736e-02 1.645714903458731643e-02 1.800973950053970721e-02 1.796515884332407220e-02 1.874345801075270532e-02 2.647116024113472382e-02 1.750855906807544451e-02 2.386996955041477061e-02 1.910596217818181716e-02 1.653085856114736713e-02 1.674510184726456588e-02 1.567756527009519715e-02 1.764403803454100278e-02 1.614102448515851787e-02 1.697257096418149439e-02 1.551019953561325916e-02 1.560553964835269085e-02 1.785023837850734443e-02 2.308441648486768763e-02 2.571907394198741023e-02 2.345160087006742736e-02 1.706080144750789923e-02 1.629542860218256492e-02 2.563193918406419039e-02 2.200354116316147537e-02 1.864777373321742718e-02 2.109527705443316886e-02 2.646997418247401188e-02 1.817412294374887508e-02 2.025679858510330902e-02 1.815149581544072549e-02 2.410138824121324519e-02 1.827955564356991899e-02 1.897240141493155077e-02 1.785267381717136129e-02 1.882392986861879808e-02 1.803792219968608848e-02 1.909653219263672194e-02 1.529411441276117174e-02 1.496864344227823683e-02 1.613137632090220347e-02 2.174368280900208436e-02 1.768613131583723214e-02 1.861658875606320845e-02 1.714192116201029847e-02 2.056603188343548647e-02 2.698520403503195525e-02 1.861934665006880277e-02 2.081114617285557966e-02 2.525501717948263128e-02 1.661872331046679654e-02 2.828839742923640321e-02 1.926199320470525084e-02 1.670592960939221161e-02 1.867866844296256490e-02 1.648699246104462501e-02 1.812534495284730610e-02 2.974872646489840414e-02 1.704202590378568055e-02 1.704517160506494045e-02 2.106537578478752046e-02 2.352800746862665493e-02 1.882645326521793089e-02 1.823581368436423544e-02 1.820874902835696238e-02 1.770451044012686520e-02 1.659802473451049004e-02 1.768735274194324983e-02 1.592900947215430962e-02 1.676016541711189065e-02 1.856088333708614049e-02 1.789839046449795065e-02 2.083351233086788712e-02 1.621573628510485435e-02 1.539035230424289427e-02 1.789700320477793927e-02 1.661793281316217841e-02 2.103737102873803888e-02 1.617842580543048941e-02 1.687820270477320347e-02 1.816535314569865320e-02
2.302231253014092385e-02 0.000000000000000000e+00 1.978135673645717643e-02 2.402691170862368900e-02 1.949731236900951667e-02 2.436066596262976419e-02 2.179455294712350985e-02 2.201303764471370522e-02 2.456294419073259613e-02 2.234348994401904806e-02 1.928854889377648249e-02 2.151764197131244075e-02 2.476664966302869267e-02 2.086268776885677467e-02 2.426721817668166248e-02 2.048563282550323536e-02 2.059387613675762660e-02 2.048875577789151248e-02 2.820431960393202792e-02 2.198549122061333946e-02 1.965642390410073104e-02 2.060597438314547281e-02 2.164785269418618985e-02 2.026966857634283220e-02 1.934864402044967138e-02 2.136774522583920893e-02 2.056564990171960358e-02 2.383734596864037908e-02 2.655719786526808054e-02 2.080778603056004580e-02 2.445876717176064322e-02 2.369430800308838792e-02 2.245318647033509030e-02 2.770931667545166455e-02 2.067727016650958843e-02 2.502863829835744874e-02 1.918448297336255992e-02 1.953129096104702644e-02 2.432759058104899674e-02 2.165068851057713739e-02 2.432860422847303583e-02 2.375087693016254831e-02 1.857097015005485310e-02 2.184029531604007521e-02 2.035650665032121345e-02 2.173591923078158419e-02 2.164772070588918268e-02 2.428546957874575668e-02 1.944679117798568668e-02 2.027258071390388230e-02 2.028543924435319626e-02 2.121908584736132211e-02 2.823896445096518368e-02 2.006169548115304888e-02 2.493931852623640019e-02 2.142636623688921882e-02 1.856554978095828479e-02 1.897114062583327501e-02 1.847170516633275111e-02 1.991009766621124402e-02 1.920594889460463042e-02 1.971770116112971094e-02 1.849392971750603992e-02 1.848002940271277830e-02 2.026904409503408819e-02 2.476616466251471693e-02 2.437465550395542455e-02 2.490444666908600557e-02 1.986277105041837215e-02 1.921831629267321123e-02 2.714993919184633536e-02 2.379501735640713461e-02 2.132821551706259519e-02 2.329754578493401992e-02 2.771884481442701137e-02 2.073579020843116863e-02 2.233521651874589842e-02 2.058234132596013094e-02 2.581292808984754494e-02 2.046379900211384856e-02 2.137231596913491405e-02 1.916695386183788624e-02 2.140987546096914662e-02 2.089140674882120421e-02 2.102014419664401113e-02 1.809910476274618346e-02 1.790527940277559030e-02 1.881162345964866936e-02 2.374086134586361405e-02 2.028933864537352597e-02 2.067005173601366499e-02 1.993011828356964360e-02 2.224404805348362268e-02 2.904898127841716235e-02 2.056241408158524658e-02 2.588895868862397392e-02 2.667525520086860488e-02 1.910902736617912934e-02 2.991158735760957380e-02 2.207128477002065839e-02 1.971796906238301381e-02 2.377681583413868496e-02 1.877617357315589097e-02 2.036851944108025725e-02 3.129251091161371762e-02 1.947285106675035807e-02 1.887312527213182850e-02 2.246480354651572697e-02 2.593264200749080539e-02 2.107630407595192240e-02 2.109990848617127740e-02 2.067165977598762333e-02 2.060400087841937622e-02 1.933938419860886659e-02 1.988886453169681073e-02 1.895545677175047503e-02 1.899740295665512321e-02 2.074389213327346160e-02 2.045558695204122146e-02 2.209454511977116536e-02 1.910403855958308847e-02 1.922894948942633145e-02 2.063385156333960926e-02 1.834652113296187867e-02 2.303711462239710003e-02 1.897838725271446328e-02 1.892933500892033868e-02 2.011741501099075652e-02
1.863140824260908768e-02 1.978135673645717643e-02 0.000000000000000000e+00 2.128619081732168253e-02 1.538855512259044468e-02 2.126211115039059255e-02 2.017301154061819715e-02 2.093518545057325778e-02 2.145116705647483885e-02 1.664645195815066606e-02 1.385764870621388617e-02 1.861477874503998306e-02 2.205709038882492160e-02 1.745999733985963143e-02 2.221981012260204960e-02 1.651230621508106150e-02 1.682450904887492285e-02 1.724365241401377286e-02 2.588774545574867858e-02 1.853057381181571692e-02 1.570915933184392418e-02 1.675019929170795674e-02 1.836845379388096430e-02 1.647984957466788400e-02 1.399594584565347875e-02 1.780508235621374585e-02 1.688879498669642806e-02 2.103283848704658524e-02 2.113004430386519403e-02 1.767051114398010547e-02 2.159486019128366296e-02 2.072035497802114656e-02 1.906192737073718335e-02 2.492113978676581063e-02 1.690987014769617172e-02 2.217833403934240180e-02 1.492818336464793796e-02 1.391403104621021826e-02 2.174326331532517101e-02 1.820052042265138392e-02 2.144954039574084245e-02 2.090597190455941237e-02 1.421543074277088065e-02 1.942074956257123369e-02 1.659039025828977845e-02 1.780134695788524943e-02 1.885923401261243790e-02 2.174885956668503109e-02 1.505235339578046491e-02 1.590852243434228916e-02 1.788692225000145658e-02 1.763932980279735510e-02 2.612491367838388340e-02 1.527652524912702543e-02 2.212644929733954824e-02 1.776895039748761090e-02 1.401828849523537382e-02 1.497900057183115113e-02 1.419223992658478345e-02 1.634998229284699567e-02 1.596651821923488965e-02 1.681630821266555040e-02 1.377395162605155564e-02 1.411411061485014912e-02 1.642858029852622623e-02 2.175641681634670269e-02 2.168144127596224185e-02 2.238012643721675257e-02 1.612997787821175352e-02 1.509406831991393083e-02 2.483598896805809531e-02 2.099019191111742288e-02 1.776492476049204572e-02 2.003351276578365162e-02 2.571576614210526954e-02 1.702705807082872252e-02 1.883721352815724906e-02 1.815725509358684375e-02 2.336253818696632997e-02 1.694586197427527113e-02 1.804395911269311009e-02 1.522999597139677690e-02 1.730362704765778595e-02 1.713054635089095168e-02 1.724046819509647555e-02 1.354833110489957540e-02 1.343145876165488702e-02 1.463196533769886738e-02 2.064604436342042104e-02 1.629976767289796971e-02 1.735866228424187002e-02 1.569048390318084074e-02 1.954930257163880677e-02 2.875973147358861295e-02 1.725428276401308469e-02 2.038659515805377534e-02 2.388227715424396172e-02 1.537126970858127516e-02 2.762170659427345965e-02 1.877562724640086458e-02 1.583687734723956964e-02 1.837838459140090155e-02 1.508004012786264697e-02 1.642405784913827244e-02 2.915141758361858293e-02 1.559953353626999766e-02 1.520140119256416754e-02 2.017857413109943807e-02 2.490122122209300487e-02 1.744833035470614094e-02 1.898653343134253102e-02 1.687540199840084285e-02 1.685318806348487172e-02 1.530064390714130224e-02 1.626561339930500047e-02 1.496128998038766776e-02 1.542868865092056861e-02 1.689586294522863602e-02 1.673522088356139970e-02 1.915216549138564275e-02 1.597134290410693810e-02 1.392295427842108260e-02 1.667082420598925072e-02 1.376788434069630557e-02 1.992880447496439208e-02 1.556890960556672580e-02 1.485939697189559913e-02 1.631274957987917038e-02
2.151304414511086976e-02 2.402691170862368900e-02 2.128619081732168253e-02 0.000000000000000000e+00 2.074246209193983392e-02 2.511779442588437175e-02 2.258967203884449521e-02 2.291062029260728869e-02 2.506070243555277854e-02 2.160189708122335281e-02 1.949724234490250382e-02 2.306783106632621233e-02 2.604815293204082449e-02 2.139338254307699555e-02 2.588993237681521883e-02 2.162782282069154391e-02 2.129764525566093733e-02 2.162269459682954892e-02 2.895393195623367083e-02 2.283250212445113794e-02 2.063094315548291702e-02 2.051099119567491302e-02 2.263893933020124163e-02 2.115722142421241556e-02 1.931493335983808235e-02 2.164391205984919631e-02 2.182168313174059904e-02 2.477157453756526073e-02 2.466064691655606503e-02 2.210936449284427521e-02 2.518302916411458911e-02 2.433544985640077180e-02 2.332921109413142388e-02 2.778330769252734464e-02 2.099690103698898316e-02 2.546198140513251246e-02 1.984875983552086831e-02 1.958120812577750572e-02 2.883086868388792801e-02 2.210278724238788975e-02 2.856260507584894651e-02 2.469975832921884537e-02 1.953110364420826764e-02 2.369003592047725856e-02 2.115153283685951985e-02 2.474455979559191457e-02 2.320094727906789681e-02 2.470427070934048605e-02 2.026045570440174193e-02 2.149093813618265653e-02 2.049703658508915047e-02 2.213029774210796552e-02 2.853128056042015387e-02 2.131417616143480714e-02 2.636783563266267491e-02 2.247311530972787366e-02 1.969497354929638719e-02 2.043094509847881782e-02 1.957263936416023253e-02 2.126893419452674169e-02 2.027364530378259616e-02 2.090956373948826136e-02 2.068082463579106606e-02 1.960172367495791393e-02 2.123439219370002254e-02 2.587195387051303627e-02 2.625550952155401851e-02 2.594398347615549383e-02 2.102869711303236716e-02 2.029257349780371270e-02 2.798156250644971005e-02 2.477252396951382454e-02 2.263016266224271780e-02 2.398442951288481256e-02 2.833852673186260801e-02 2.170869176622801378e-02 2.348572002433997954e-02 2.165726584251399800e-02 2.680349321910750413e-02 2.136395304124879060e-02 2.221101893080950143e-02 2.019322186306182765e-02 2.223179651151575148e-02 2.182690230443324816e-02 2.237199224555768209e-02 1.926518316323961102e-02 1.959277165439734028e-02 2.099815249474920945e-02 2.441569093443468966e-02 2.109387537514926386e-02 2.200054957528323196e-02 2.269794142825516670e-02 2.355675888785564026e-02 2.888215053972513144e-02 2.205154022877760939e-02 2.409573813036417281e-02 2.762095318698399790e-02 2.020591639710198062e-02 3.064060816668979018e-02 2.227983409437641824e-02 1.977968319300090622e-02 2.252247637492316157e-02 2.021566627207490793e-02 2.131620620522568441e-02 3.121308046256743990e-02 2.059247508316780148e-02 2.055573343615387308e-02 2.394209795679362249e-02 2.627854559066446216e-02 2.229006786821076391e-02 2.226972538534520429e-02 2.187764251815483771e-02 2.131186526996003971e-02 2.043294242726204080e-02 2.120904129427547344e-02 1.990538646080772939e-02 2.047654481594196260e-02 2.184496921874405292e-02 2.154753818339175814e-02 2.366988117510500020e-02 2.030718946857462681e-02 1.963652323359372370e-02 2.345592961616901201e-02 1.966998974467608699e-02 2.363590951371559792e-02 1.987644911617780785e-02 2.045233539454712965e-02 2.152957042278661609e-02
1.708974867279813847e-02 1.949731236900951667e-02 1.538855512259044468e-02 2.074246209193983392e-02 0.000000000000000000e+00 2.108765309255904510e-02 1.817117248539471680e-02 1.921481378953023705e-02 2.264599573683890449e-02 1.642340888067622684e-02 1.402047799437900095e-02 1.781814966937608422e-02 2.209993021960723544e-02 1.661738008432541921e-02 2.182518885872786890e-02 1.619230543550504234e-02 1.633527402251753330e-02 1.654093558964152277e-02 2.561487822379687057e-02 1.815263203416106821e-02 1.532151015779307894e-02 1.639284512080494902e-02 1.797496273353748134e-02 1.538229188890044043e-02 1.343610651258493084e-02 1.860140547196656446e-02 1.641547523712101955e-02 2.045062765780960093e-02 2.073438336621960185e-02 1.731888581327172688e-02 2.121083711551662726e-02 2.019948478831560396e-02 1.815377463566623592e-02 2.655783992977000726e-02 1.655656253533045394e-02 2.162165838537516427e-02 1.447805875015000139e-02 1.324093734879002414e-02 2.136099211228725120e-02 1.751750490715933695e-02 2.138321604254260488e-02 2.050995543947550098e-02 1.370004232387882388e-02 1.890006387273497276e-02 1.582157290643134914e-02 1.804408774220958578e-02 1.855329937194823489e-02 2.095053396708547455e-02 1.484178796262600186e-02 1.613208980158758327e-02 1.632101326513431261e-02 1.731992713541823103e-02 2.571567657337892401e-02 1.558748716104171698e-02 2.243747616250351545e-02 1.715207822748295377e-02 1.371927369647613255e-02 1.434515052438390531e-02 1.360248018571709287e-02 1.571581985573485690e-02 1.461450275424806128e-02 1.539967848844990377e-02 1.318629315712720879e-02 1.330710031222547517e-02 1.624248100763433719e-02 2.154429228539630689e-02 2.229949776801170430e-02 2.230843011082467298e-02 1.555445056754941290e-02 1.447226437244103665e-02 2.448396826603952206e-02 2.044492109324051385e-02 1.758396593500321028e-02 1.978345630163801105e-02 2.726390590233273778e-02 1.652079383109233968e-02 1.781603036461355816e-02 1.749848303196550534e-02 2.308670783298719109e-02 1.578304108970332575e-02 1.752962070288742805e-02 1.460896415492625618e-02 1.733506728106227676e-02 1.667942469767615468e-02 1.731444520482028002e-02 1.293041816196638730e-02 1.281702318368552196e-02 1.409421489724380951e-02 1.978427410726104826e-02 1.592598359218200255e-02 1.802894286249927952e-02 1.567961337922516712e-02 1.918472974274338522e-02 2.629228575985832414e-02 1.669460132397687299e-02 1.981931526697249674e-02 2.392012985580214621e-02 1.441030957156962805e-02 2.932624101093560254e-02 1.862068002745364756e-02 1.482737648435744453e-02 1.784721559630343332e-02 1.455232856382313207e-02 1.619483317191100849e-02 2.894059631705729260e-02 1.501952887715108167e-02 1.444896246044287576e-02 1.975699860335617189e-02 2.280949468411375830e-02 1.717480197966414837e-02 1.685283633048935761e-02 1.717803159342521854e-02 1.628487631597701907e-02 1.460404101134846547e-02 1.558905527841811939e-02 1.418607774775917756e-02 1.471923522346231528e-02 1.636907315706733618e-02 1.737162221298416478e-02 1.921520503984251727e-02 1.465260276869157462e-02 1.339464599196671379e-02 1.608683912949520831e-02 1.359617795198306278e-02 1.948588588732504817e-02 1.493391439063108256e-02 1.421292222306892901e-02 1.630672199341090187e-02
2.223455167996534962e-02 2.436066596262976419e-02 2.126211115039059255e-02 2.511779442588437175e-02 2.108765309255904510e-02 0.000000000000000000e+00 2.319925776974384943e-02 2.401920957577862240e-02 2.484369007689312889e-02 2.165674777075600813e-02 1.977861063460708418e-02 2.348801181039307517e-02 2.646052216484783004e-02 2.440102640122057340e-02 2.615599418119847475e-02 2.153224571408597979e-02 2.172589037329357084e-02 2.406596505650705417e-02 2.924847347648528925e-02 2.312875022490420984e-02 2.119805784018453584e-02 2.194629426151011031e-02 2.248468034474099264e-02 2.153418868367129244e-02 1.986657055954351575e-02 2.213795834787840588e-02 2.153374528359044623e-02 2.806135623541961693e-02 2.472817771396026640e-02 2.216429173437089659e-02 2.544001839053917566e-02 2.487795906858733530e-02 2.358894398034253395e-02 2.865346724336718595e-02 2.174708033563991019e-02 2.615266292885489244e-02 2.029371805043869020e-02 2.001191492222578402e-02 2.593874104144305165e-02 2.275990112384924588e-02 2.519725353220932801e-02 2.527793480424080780e-02 2.001176280791408524e-02 2.430337790869617140e-02 2.178084283052421355e-02 2.296275975688148036e-02 2.342415877661351703e-02 2.578437915384398232e-02 2.022807655741899399e-02 2.148621403019052023e-02 2.196846087035617817e-02 2.243403421104699438e-02 2.881261196795547458e-02 2.091218422238418431e-02 2.659333452433801370e-02 2.244607681793017728e-02 1.983805466034710765e-02 2.081836978527271814e-02 2.002432373240099761e-02 2.159276518957264912e-02 2.064217949720880546e-02 2.125961203076955075e-02 2.000436412894125368e-02 2.007410672688418607e-02 2.142866650084673807e-02 2.563192657218893791e-02 2.625819697008665785e-02 2.647811939012327531e-02 2.124490487171153824e-02 2.023227686590629154e-02 2.838565297994089312e-02 2.524570894901348450e-02 2.225568443405123373e-02 2.316529672015972888e-02 2.884941075378195940e-02 2.213980454258212410e-02 2.358331149238897251e-02 2.189674559535577034e-02 2.679768584725646108e-02 2.174982108474160514e-02 2.240192860072949543e-02 2.082093370963568335e-02 2.231051996381745381e-02 2.153758476982957359e-02 2.267568935009104530e-02 2.034472403554863154e-02 1.938504201109600422e-02 2.033826297874674269e-02 2.448443984791095693e-02 2.096887133164563807e-02 2.164278550675095142e-02 2.124193915697083004e-02 2.358010097505423841e-02 2.983945564242137735e-02 2.211939202130500104e-02 2.421630327164902077e-02 2.781958414263326074e-02 2.083196079242230145e-02 3.038005470229151669e-02 2.310204545640323973e-02 2.111744522521107059e-02 2.293099210430682780e-02 2.030085490042447122e-02 2.194338452094635530e-02 3.138470623108744612e-02 2.101828527546299036e-02 2.248941539967400441e-02 2.440593749524420236e-02 2.621134438128935179e-02 2.258457512221137900e-02 2.225913472136383658e-02 2.148535511143036605e-02 2.167965373647983210e-02 2.059000361856651654e-02 2.321829115721316464e-02 2.061929477653046128e-02 2.108247770345676037e-02 2.416324707808677197e-02 2.181346608687050048e-02 2.416769822555419819e-02 2.073186937820000603e-02 1.985938750738842559e-02 2.198503773104780110e-02 1.999350882815797981e-02 2.429389103420831822e-02 2.185592215227483148e-02 2.071005608413627880e-02 2.203077521036688260e-02
1.902619184388998005e-02 2.179455294712350985e-02 2.017301154061819715e-02 2.258967203884449521e-02 1.817117248539471680e-02 2.319925776974384943e-02 0.000000000000000000e+00 2.089195415071455619e-02 2.323909178706648135e-02 2.083671899471759709e-02 1.691491646381889161e-02 2.063400993783947451e-02 2.429938967255480461e-02 1.958773115177304958e-02 2.406321920626554658e-02 1.921524342637309646e-02 1.866956278649109860e-02 1.871817880627385522e-02 2.744675264897517702e-02 2.058280607751069094e-02 1.841594772175527556e-02 1.921191613043844379e-02 2.027747802890541087e-02 1.788000873026368218e-02 1.687348523725332172e-02 1.985511304784171732e-02 1.946229280388952002e-02 2.246650813305822725e-02 2.279722158254500128e-02 1.977519794276634893e-02 2.234850880676432852e-02 2.213512607431927098e-02 2.120160850286369539e-02 2.690762777545884291e-02 1.864142454337975804e-02 2.340246315987616968e-02 1.763137668461902882e-02 1.709936578329132942e-02 2.402826331885163716e-02 2.007658522551519428e-02 2.363504440481370775e-02 2.262348780225270292e-02 1.712443748864030113e-02 2.168314575624545951e-02 1.903225740623100751e-02 2.077139605188975391e-02 2.085242377361563523e-02 2.290538409330828903e-02 1.904780527873362050e-02 2.059033447682129953e-02 1.888258154898957847e-02 1.972353668775308350e-02 2.747799946499461868e-02 1.868714993502305910e-02 2.463272903480016873e-02 2.009761631160385947e-02 1.721464359118041187e-02 1.775848924284859076e-02 1.695332834903673716e-02 1.872312149254515626e-02 1.773323502453522799e-02 1.817593632531904618e-02 1.777323315863468117e-02 1.699746040107446426e-02 1.889257483504331106e-02 2.389117797783245345e-02 2.695265404427131528e-02 2.386399020241976310e-02 1.820043491823403886e-02 1.728599451805555229e-02 2.602318871956314783e-02 2.242444948669040233e-02 2.023818508923849388e-02 2.217799623398623160e-02 2.705535501653586264e-02 1.951496830684294401e-02 2.118252765344701138e-02 1.901227530394415319e-02 2.514812918858881641e-02 1.923476810618945931e-02 2.026567258187110879e-02 1.766377071298630419e-02 2.187418313297489342e-02 1.963875080427385234e-02 2.006408645533662785e-02 1.729374972186533202e-02 1.642097256301639288e-02 1.741597903494361207e-02 2.255738003385293969e-02 1.877823428760787977e-02 1.982057237380979026e-02 1.876485242113649574e-02 2.157332650945509300e-02 2.764195455331937973e-02 1.967610264830413694e-02 2.220422134425000665e-02 2.872764155600886216e-02 1.743614187027892407e-02 2.905884775600162812e-02 2.077312996586183277e-02 1.775588534777407246e-02 2.006916698180016834e-02 1.751178883860946695e-02 1.911244604524801188e-02 3.024617810108497923e-02 1.789901454734984035e-02 1.811457961469106412e-02 2.211268389646099675e-02 2.403703997861849836e-02 2.005036049100945503e-02 1.918257022361014030e-02 1.937627817363190424e-02 1.938428911089035492e-02 1.788224330992161867e-02 1.868862487821324608e-02 1.743243306880083721e-02 1.770845032824902229e-02 1.965796316874556665e-02 1.934172628501991745e-02 2.169167724162415073e-02 1.757807980950489707e-02 1.690392420087356157e-02 1.927985292961183900e-02 1.810249931576329505e-02 2.173318904870600796e-02 1.745319140335980720e-02 1.791683490378329080e-02 1.932186950914875634e-02
2.217428914562278100e-02 2.201303764471370522e-02 2.093518545057325778e-02 2.291062029260728869e-02 1.921481378953023705e-02 2.401920957577862240e-02 2.089195415071455619e-02 0.000000000000000000e+00 2.404617211189524068e-02 2.033655399887391788e-02 1.797057613232283177e-02 2.159844297605012162e-02 2.454843697813192255e-02 2.022122992826420537e-02 2.454038626846460902e-02 2.032041225198905759e-02 2.006021736141393869e-02 1.983371836725410578e-02 2.771075090205232794e-02 2.149792005499518918e-02 1.898897656059582092e-02 2.003742866805825751e-02 2.132782198201695761e-02 1.985464857591904067e-02 1.800863781865873203e-02 2.086277301440619264e-02 2.030107124305952776e-02 2.337580190657440049e-02 2.356581049273385672e-02 2.069035572527343561e-02 2.417173452099857789e-02 2.320694466648195661e-02 2.209230450707960758e-02 2.701749642276771862e-02 1.998726187559718079e-02 2.442272735956529592e-02 1.966933613648049264e-02 1.898918334373580000e-02 2.434253760171357917e-02 2.122966338880775267e-02 2.432178571500235448e-02 2.353416714661542980e-02 1.794780765603264105e-02 2.221536526961992095e-02 1.961119099912679228e-02 2.141892126425534032e-02 2.183045796640593894e-02 2.346643284523134906e-02 1.880482126037505766e-02 1.995252484496356019e-02 1.934266872951368593e-02 2.077391771173380322e-02 2.804344866545918288e-02 1.984599381636518653e-02 2.521293255475509990e-02 2.095940935226485446e-02 1.904479901154798940e-02 1.877421022754830263e-02 1.790706331852854813e-02 1.950864670831095951e-02 1.874734908790171364e-02 1.915600574021625660e-02 1.898486852868341845e-02 1.782683749558086270e-02 1.942091074738938605e-02 2.465928030494605322e-02 2.473245119933325728e-02 2.496576997860982389e-02 1.921853745088699175e-02 1.854502385094829175e-02 2.656354715308315712e-02 2.289675829206187091e-02 2.116679833776179132e-02 2.294094753440260523e-02 2.725954863820654120e-02 2.020123271683280097e-02 2.206504352795624069e-02 1.992358238110486512e-02 2.550810999739343277e-02 1.984980251253717909e-02 2.080208153301415022e-02 1.839504402610001033e-02 2.292197140584978365e-02 2.046881564908994977e-02 2.079780245062332403e-02 1.757836555862825681e-02 1.735293246195255407e-02 1.825812791595077603e-02 2.336614893871621218e-02 1.978008444063664856e-02 2.060423725286834526e-02 2.104929016927961638e-02 2.239926803109074799e-02 2.832786498667278982e-02 2.045796721375899366e-02 2.310588468301824974e-02 2.658185047710452317e-02 1.854634162991975616e-02 2.967742382571610799e-02 2.157104214047176824e-02 1.889773668050843958e-02 2.143515339979095227e-02 1.854105862652343645e-02 1.978267903344325951e-02 3.079565977590266804e-02 1.879585073230628095e-02 1.899472945874315991e-02 2.246534845423753951e-02 2.514171649288641022e-02 2.069790277536366976e-02 2.070639747193314326e-02 2.033738298499568678e-02 2.016993491437951008e-02 1.890940781036381385e-02 1.965293558754056119e-02 1.849982970971497664e-02 1.890170739331147390e-02 2.049671130205073244e-02 2.015248752678912639e-02 2.210505413341444514e-02 1.858730156363202005e-02 1.881954057167293387e-02 2.187590578463487201e-02 1.792534343794221705e-02 2.260465931249153529e-02 1.832303151315099743e-02 1.879834765257995879e-02 1.992478468948149714e-02
2.193885991749838782e-02 2.456294419073259613e-02 2.145116705647483885e-02 2.506070243555277854e-02 2.264599573683890449e-02 2.484369007689312889e-02 2.323909178706648135e-02 2.404617211189524068e-02 0.000000000000000000e+00 2.170526943109437473e-02 1.976498544302917465e-02 2.583887111869333578e-02 2.636418679456966480e-02 2.234759412841223411e-02 2.609880095140447442e-02 2.189657872347175113e-02 2.159402006132483259e-02 2.219912508681471178e-02 2.932592897461718320e-02 2.266008480201473288e-02 2.111698554871264261e-02 2.200613509520531544e-02 2.269737098816353160e-02 2.164439584507031611e-02 1.999955185325339932e-02 2.203109301534558057e-02 2.220603363881497663e-02 2.530009358862820440e-02 2.412229199543693484e-02 2.241452770660942728e-02 2.574152478389163737e-02 2.466107733450918771e-02 2.341556452851773981e-02 2.795418587047538914e-02 2.181433004266582210e-02 2.616261559534983558e-02 2.039941871182462257e-02 1.999327572251617322e-02 2.618185048828836417e-02 2.284639057873199749e-02 2.574384237014529925e-02 2.518304964598303344e-02 2.012580452706059370e-02 2.672933221998889664e-02 2.382455632588323033e-02 2.321480303857206828e-02 2.298355921044923506e-02 2.563600396157117434e-02 2.051598386031425886e-02 2.186291756949018672e-02 2.195500937724306420e-02 2.209273081125671251e-02 2.921222976852561395e-02 2.122821880463521965e-02 2.656648646765830471e-02 2.227736128273053937e-02 2.015026585793363786e-02 2.099300573900960212e-02 2.018789656603994093e-02 2.164111479840189270e-02 2.059844389181733626e-02 2.131135777096604400e-02 2.011092718496966872e-02 2.106141855838475005e-02 2.112049024504071906e-02 2.599429862617736245e-02 2.636691294058314886e-02 2.652619780734103913e-02 2.093702112002289450e-02 2.041596297433046284e-02 2.823220965928536358e-02 2.507274229927754922e-02 2.252354251223088674e-02 2.436230447699741855e-02 2.859618392830549222e-02 2.221794734020448442e-02 2.382731612619057998e-02 2.201678063507814601e-02 2.714603563216582902e-02 2.216687908113561256e-02 2.279597474032962062e-02 2.099257580896505410e-02 2.276590477604691423e-02 2.221862864907928406e-02 2.256545479363455606e-02 1.976800315102350547e-02 1.931881484459585865e-02 2.040982077294948432e-02 2.460544016909400195e-02 2.156211694008532825e-02 2.161482196995616681e-02 2.117997863339370068e-02 2.409042891835997541e-02 2.983964027701986946e-02 2.240514586171514153e-02 2.446306581326298038e-02 2.784409617958585534e-02 2.097979200172891620e-02 3.034042410980466314e-02 2.265814276833425303e-02 2.100953388322928175e-02 2.300877229001584839e-02 2.030188248110043406e-02 2.178225841209083247e-02 3.065051001155076615e-02 2.111295815669286119e-02 2.124202715612939080e-02 2.448225604329094807e-02 2.575236999102027344e-02 2.220667196963435966e-02 2.252446018626083971e-02 2.180894349010599476e-02 2.153377833546406273e-02 2.086101265088912554e-02 2.164599602466775810e-02 2.074719693658192560e-02 2.105252917006578128e-02 2.446688643883622449e-02 2.167875184377594452e-02 2.432221346379183358e-02 2.209954115154930815e-02 2.002880104696750860e-02 2.214019665905852391e-02 2.004710963549246813e-02 2.429852010781537175e-02 2.039760170807790318e-02 2.242968699332500288e-02 2.222637796231819590e-02
1.780409600821675903e-02 2.234348994401904806e-02 1.664645195815066606e-02 2.160189708122335281e-02 1.642340888067622684e-02 2.165674777075600813e-02 2.083671899471759709e-02 2.033655399887391788e-02 2.170526943109437473e-02 0.000000000000000000e+00 1.463142715458148543e-02 2.081358251344315319e-02 2.320543101401597794e-02 1.813717133384233279e-02 2.280605327925122258e-02 1.729745652515885315e-02 1.722988722485300009e-02 1.913478724338503467e-02 2.638158444734365823e-02 1.902132701879196211e-02 1.670161011574417334e-02 1.757345974929889684e-02 2.051546965832345623e-02 1.705120843398625491e-02 1.458737793988900897e-02 1.820225705904701327e-02 1.754760437045993146e-02 2.162305857595319541e-02 2.121685396931781084e-02 1.806863229365395992e-02 2.235307194551211518e-02 2.130712458219140293e-02 1.884151948880431054e-02 2.580188081662856264e-02 1.761978660049744877e-02 2.285744779205333213e-02 1.582495905919515528e-02 1.482049634425795098e-02 2.251511513804948725e-02 1.850990346522340263e-02 2.221601791787269561e-02 2.181376143498651651e-02 1.491475134412134813e-02 2.012743621685716966e-02 1.725164577077901648e-02 1.919443211730895160e-02 2.110421196790510795e-02 2.212550904394104331e-02 1.585998411244133460e-02 1.688013824181356162e-02 1.756888089256215466e-02 1.797390608616393493e-02 2.629513399000465990e-02 1.666128216857910155e-02 2.339298527426074761e-02 1.843900469191614780e-02 1.493661541643066283e-02 1.578465799526649130e-02 1.500920531644659578e-02 1.796341673079076412e-02 1.580623300914280396e-02 1.646699346956635376e-02 1.474527148183199868e-02 1.509989168289172130e-02 1.682198990108427564e-02 2.271037926592940626e-02 2.283866696357028658e-02 2.508828635270577215e-02 1.666957123484977613e-02 1.594952993597038154e-02 2.534511858435769052e-02 2.161672896859959808e-02 1.844871157643040299e-02 2.068024105353621217e-02 2.626045864069857794e-02 1.774821523046100219e-02 1.968840806908243521e-02 1.779387417322706930e-02 2.405519416716080452e-02 1.757411809830475638e-02 1.857893278864680350e-02 1.707623231432539232e-02 1.799563667771407124e-02 1.722444921078892383e-02 1.824648528527113983e-02 1.444840721695667650e-02 1.434230764326946926e-02 1.559254600457961673e-02 2.119432312529176410e-02 1.708739634188105594e-02 1.785385076036799176e-02 1.668496715998944724e-02 1.982323511859749102e-02 2.706945726550761405e-02 1.809976367625316246e-02 2.063810015483897448e-02 2.436386335024650143e-02 1.620144359169754453e-02 2.806468319407832632e-02 1.914552224913962028e-02 1.643526426705785998e-02 1.842449090158112049e-02 1.661384178957641192e-02 1.720760120774299934e-02 2.914243146692864495e-02 1.639988138954626487e-02 1.605078938638372990e-02 2.071437423017545923e-02 2.368330203567863348e-02 1.826133270776663167e-02 1.810442120430846499e-02 1.748459296570175833e-02 1.741546865131844701e-02 1.600613685380772311e-02 1.704564068614306677e-02 1.641074357475436757e-02 1.618765342781071023e-02 1.800957687731466472e-02 1.728854585906801009e-02 1.997039344688334231e-02 1.588353190361838779e-02 1.468548748468863872e-02 1.740870822978490828e-02 1.464119937280289503e-02 2.027361817877739239e-02 1.545599424063582444e-02 1.589008839406924611e-02 1.719849661542500671e-02
1.544090235513087203e-02 1.928854889377648249e-02 1.385764870621388617e-02 1.949724234490250382e-02 1.402047799437900095e-02 1.977861063460708418e-02 1.691491646381889161e-02 1.797057613232283177e-02 1.976498544302917465e-02 1.463142715458148543e-02 0.000000000000000000e+00 1.783987770812225926e-02 2.104753820599606501e-02 1.545493130825138783e-02 2.203553656804546276e-02 1.539007574373098437e-02 1.451282706969920198e-02 1.495935114257073220e-02 2.478083807955093476e-02 1.759266229620665839e-02 1.360324234099102338e-02 1.470046741539441162e-02 1.654664584536281666e-02 1.420881307950972068e-02 1.109105961748588914e-02 1.589305281994985927e-02 1.582275250031432712e-02 1.960851732899633604e-02 1.934265931474157124e-02 1.599120171768212209e-02 2.013409725121681482e-02 1.906311721166883966e-02 1.734522654316932380e-02 2.393905098084795138e-02 1.463820939469979120e-02 2.076836072279596851e-02 1.253064271436168074e-02 1.147425232059599495e-02 2.069453970536454593e-02 1.627880013271697929e-02 2.019574612243562814e-02 2.058549649268889489e-02 1.147519900046870683e-02 1.811880997514873567e-02 1.461577098358727601e-02 1.679721703197226135e-02 1.711211579239355768e-02 2.009518500619771400e-02 1.284047587926488189e-02 1.445787732714927561e-02 1.525426412641250375e-02 1.577401302468963221e-02 2.464008546736215152e-02 1.394630438707207716e-02 2.126234914874407939e-02 1.591909809747852483e-02 1.139167609595691764e-02 1.288624517476736828e-02 1.142663357988059174e-02 1.426693733651259247e-02 1.259334153465719100e-02 1.411570090876869063e-02 1.142991784642184531e-02 1.121220888445831516e-02 1.418805116000558877e-02 2.067033437930665754e-02 2.104109406059504264e-02 2.120849336306706440e-02 1.364884341728104904e-02 1.274985642762267550e-02 2.350852222613987116e-02 1.926091224168451424e-02 1.608973836514664482e-02 1.834386383443296908e-02 2.434469915410642990e-02 1.505631460724902136e-02 1.729670052923639942e-02 1.558663654903397720e-02 2.197357172138554235e-02 1.480457402394267166e-02 1.596772555157156825e-02 1.307486415360088923e-02 1.604153618423255490e-02 1.519743357981761384e-02 1.596515012084853691e-02 1.072152642294402734e-02 1.095290654758327396e-02 1.219753962448783501e-02 1.911957033364462474e-02 1.415604532961770544e-02 1.535862344420099029e-02 1.385858049972624531e-02 1.782219877772290087e-02 2.541029133491082628e-02 1.507830924284723345e-02 1.823458096563662992e-02 2.297919893508892225e-02 1.252520385962919980e-02 2.633419955098141932e-02 1.685061919624906979e-02 1.356138812850861235e-02 1.726447941123041008e-02 1.241929660860676549e-02 1.478121528402967857e-02 2.778075465994249080e-02 1.323888899689960701e-02 1.334003755216629783e-02 1.844282795608596578e-02 2.166108839447446893e-02 1.649121891009099408e-02 1.575054398760639823e-02 1.491636029593387293e-02 1.481510067690873858e-02 1.295484819712055743e-02 1.495593164523930860e-02 1.240177589659446911e-02 1.365324697403246836e-02 1.544919802433145951e-02 1.466995465174211408e-02 1.807838078117715574e-02 1.260792499855347207e-02 1.133023259596827211e-02 1.488756258430685118e-02 1.175275860176748684e-02 1.838529068043534553e-02 1.223735316015865833e-02 1.284072937789917414e-02 1.471018577900237712e-02
1.989324139748302814e-02 2.151764197131244075e-02 1.861477874503998306e-02 2.306783106632621233e-02 1.781814966937608422e-02 2.348801181039307517e-02 2.063400993783947451e-02 2.159844297605012162e-02 2.583887111869333578e-02 2.081358251344315319e-02 1.783987770812225926e-02 0.000000000000000000e+00 2.422553364367678250e-02 1.957699199399350401e-02 2.391528173391499479e-02 1.920281636441227568e-02 2.084425089486662691e-02 1.915507161483789855e-02 2.717551358408138926e-02 2.056459404290697165e-02 1.829570866748027672e-02 1.930789933023725757e-02 2.008277541775010944e-02 1.857024354968793076e-02 1.701789426343121997e-02 2.019478208163122748e-02 1.912833427775261982e-02 2.268606963191853107e-02 2.291101418836772111e-02 2.024213689467563304e-02 2.330073383820694538e-02 2.261426530534063270e-02 2.273600187053588517e-02 2.686428322292719328e-02 1.958437809583967945e-02 2.399653165407809527e-02 1.777107897873696565e-02 1.697667168930985446e-02 2.337513407931093509e-02 2.022008550535610641e-02 2.344170547502182414e-02 2.284144469984018475e-02 1.687948460901483178e-02 2.114651506231494948e-02 1.872052035099773179e-02 2.062765899282703944e-02 2.105871323457941466e-02 2.323728094443433187e-02 1.806821788227351219e-02 1.899563101326746939e-02 1.909197357063213349e-02 2.005817790801374054e-02 2.757005604896466122e-02 1.876208698591085369e-02 2.448449596994259347e-02 2.025519930321542650e-02 1.719834622105425453e-02 1.791840244685560107e-02 1.638446823301186600e-02 1.877945064174415049e-02 1.782484346458821853e-02 1.838726962216361005e-02 1.652832817349263878e-02 1.683971897151766151e-02 2.049708577795492787e-02 2.384588494686870619e-02 2.424503233490104062e-02 2.333368505699217124e-02 1.874981706554251087e-02 1.791807271467025717e-02 2.633288339986406337e-02 2.284632990254368765e-02 2.015219040079652482e-02 2.215191812708577207e-02 2.694720249204088716e-02 1.909870419696891447e-02 2.101255671435832070e-02 1.930237136974225984e-02 2.451805602831546443e-02 1.918392582024785673e-02 2.018468459828588052e-02 1.787768391347221639e-02 1.992149540699271471e-02 1.966037499515677078e-02 1.993505213613147586e-02 1.650774337474186435e-02 1.642023593680186355e-02 1.680084808011166053e-02 2.252045153657162777e-02 1.897082210801294064e-02 2.003597185753892493e-02 1.866864547051946127e-02 2.155143190025788497e-02 2.800001923957909367e-02 1.939224365150676171e-02 2.226282505738897896e-02 2.549719451911321502e-02 1.785851176012813804e-02 2.907448637539672767e-02 2.239435032914889254e-02 1.832542410471062547e-02 2.049169242607556604e-02 1.880691287261128039e-02 1.915039459662536830e-02 3.400861123572814643e-02 1.828178994589466436e-02 1.800335252636378613e-02 2.176700388062781030e-02 2.503480283392044148e-02 1.977410592736734973e-02 1.985911966527865308e-02 1.941083459862598393e-02 1.937681237507889870e-02 1.791113629343403860e-02 1.868752674188725940e-02 1.732908278107629305e-02 1.778351225269529656e-02 1.789941228932902251e-02 1.924511094976475920e-02 2.133513941679732878e-02 1.746660916546431339e-02 1.692712704178007607e-02 1.925184380742046841e-02 1.708317959366050659e-02 2.199519895108831627e-02 1.760752349565146077e-02 1.742083647441073843e-02 1.897065176735716202e-02
