0.000000000000000000e+00 8.182038651525454231e-03 8.307679698507902666e-03 8.065575987626798227e-03 8.355128537225611079e-03 8.350842437572515362e-03 8.268271441990424075e-03 8.353635820182763599e-03 8.148043895055662178e-03 8.535744630517465986e-03 8.485026375938856114e-03 8.308571578367531657e-03 8.226785722530327583e-03 8.274890584268564109e-03 8.741575270841293530e-03 8.225172798999589793e-03 8.532069682107639233e-03 8.397204743479571437e-03 8.351154490525898935e-03 8.312140186000746903e-03 8.402033430444840953e-03 8.311012230835780612e-03 8.353949812787487758e-03 8.356082138389000699e-03 8.269947330516140213e-03 8.140773121832407463e-03 8.311630764137581742e-03 8.355015971722218673e-03 8.265212897119164626e-03 8.579979211814922971e-03 8.308001640619995173e-03 8.223410173083128133e-03 8.233810331930083506e-03 8.451955831811987924e-03 8.199950590893286678e-03 8.195735380355126734e-03 8.454406919269456810e-03 8.411493872169507544e-03 8.596420971259030250e-03 8.192783867910235357e-03 8.280556493038911461e-03 8.362694080190323509e-03 8.800268224949548551e-03 8.367422012698138775e-03 8.455634646522637576e-03 8.193393622532837983e-03 8.277437583690623948e-03 8.368367340826276743e-03 8.319629796639650340e-03 8.160750950958667316e-03 8.363526535047228344e-03 8.278924510535136741e-03 8.450844326872567966e-03 8.201000622756018585e-03 8.195868806537642479e-03 8.274924037391034187e-03 8.230870600897536096e-03 8.279532932918913166e-03 8.322774159539842939e-03 8.079656525578056067e-03 8.077547651141143634e-03 8.194639165423123206e-03 8.241783264840008352e-03 8.320001006611475736e-03 8.272919470642110459e-03 8.273241855779616197e-03 8.277624931044813214e-03 8.234003428162861224e-03 8.406692534369993031e-03 8.278099804449179713e-03 8.495817748535448161e-03 8.151544633501209974e-03 8.318276214996500953e-03 8.316000186984808321e-03 8.363990645456027134e-03 8.234641608685212485e-03 8.450184141667925128e-03 8.274580081231762765e-03 8.403494116080552356e-03 8.361450026755848711e-03 8.235625912158041698e-03 8.318374388211953810e-03 8.450815709045747873e-03 8.077383316640401878e-03 8.319578186709985362e-03 8.273474218941945582e-03 8.232376269237420136e-03 8.319438320280389196e-03 8.273824726851560646e-03 8.275458832839975229e-03 8.402972294812273424e-03 8.496895790034377297e-03 8.235054198285777019e-03 8.276700150557621607e-03 8.407711063923578240e-03 8.276181620546108064e-03 8.454032489758078056e-03 8.317415562966033044e-03 8.409216463181200599e-03 8.278160826132214406e-03 8.156293395435779831e-03 8.544487230326228491e-03 8.320941788151554538e-03 8.406781200044340790e-03 8.278929304456278740e-03 8.234012006192574853e-03 8.235078057408324465e-03 8.403866308485994849e-03 8.319899460528979926e-03 8.039470418039387778e-03 8.236445292497712040e-03 8.235270256214524687e-03 8.410079602866656762e-03 8.234552001453376499e-03 8.451038628794387345e-03 8.361999434822492416e-03 8.234522964244570670e-03 8.233949252870400790e-03 8.154403707067804652e-03 8.317554986283946447e-03 8.495491925165729596e-03 8.276227256866787105e-03 8.278083115711360948e-03 8.455405172006642475e-03 8.116221360934962326e-03 8.451886623105626592e-03 8.362630138803220023e-03 8.235423243676735436e-03
8.182038651525454231e-03 0.000000000000000000e+00 8.173714386201185941e-03 7.920174948243536087e-03 8.132896015325496650e-03 8.224637977376856451e-03 7.962553854087131566e-03 8.133917791513669768e-03 7.919047073307467974e-03 8.319273358344984187e-03 8.181670639830286237e-03 8.087567441597873219e-03 8.001480196707207865e-03 8.048773224327503140e-03 8.539569589201061531e-03 8.006161935050166989e-03 8.319513803416375697e-03 8.094364832065985282e-03 8.226756865232033589e-03 8.088622813652478899e-03 8.179740759122170954e-03 8.181455137440608177e-03 8.133245314468155393e-03 8.138018409222916305e-03 8.046278918771717151e-03 7.917620186918947547e-03 8.180781167215111366e-03 8.135315704013984864e-03 8.043969305747175613e-03 8.370193745724700471e-03 8.179614005033638419e-03 7.999580072079896798e-03 8.017243477656532669e-03 8.243232996322777395e-03 7.981952338240911465e-03 7.978804051851187337e-03 8.245782460483944490e-03 8.201355559496659522e-03 8.392673138494944479e-03 7.974535778864063132e-03 8.065587954442126825e-03 8.150775063931062561e-03 8.603095634532516647e-03 8.155666879448242312e-03 8.247030074829174787e-03 7.975167412188240157e-03 8.062396987045637384e-03 8.156611188330718451e-03 8.107330361699947169e-03 7.941254237326668755e-03 8.150297768708580221e-03 8.065135085491273101e-03 8.242061225508119301e-03 7.984236421208538992e-03 7.977811702678834840e-03 8.061023235703857967e-03 8.096581183123108955e-03 8.065780995158068623e-03 8.110644056017878023e-03 7.857057804846273585e-03 7.856010323060047540e-03 7.976457842966225634e-03 8.026606766701005133e-03 8.106512143090291098e-03 8.058738096366478351e-03 8.059019847785491714e-03 8.063579409863290415e-03 8.018434276376820366e-03 8.197426873474893821e-03 8.062948595937129842e-03 8.289725897363322063e-03 7.932692478404577974e-03 8.105743754368257420e-03 8.103401819373391712e-03 8.153161835237770355e-03 8.018965555231178169e-03 8.242486252682345790e-03 8.060407162715700624e-03 8.194115689063566701e-03 8.150528777535193115e-03 8.019995979558321858e-03 8.105855870438568797e-03 8.243124713877657619e-03 7.855596921926126866e-03 8.107109760884474714e-03 8.059276917391148057e-03 8.016620358061164395e-03 8.106994630760118795e-03 8.059847371631871302e-03 8.061332495114597804e-03 8.193557633055287628e-03 8.290856411147720997e-03 8.019418409949373439e-03 8.062636079764739713e-03 8.198477322446788909e-03 8.062069219479779669e-03 8.246451348333109013e-03 8.104844523023907107e-03 8.200173887446692358e-03 8.064154600257146532e-03 7.937592969159121270e-03 8.340093741533188831e-03 8.108500689789632787e-03 8.196335061334955249e-03 8.064929806115840941e-03 8.018297921883585713e-03 8.019419318849509148e-03 8.194482750917804828e-03 8.107424211427967375e-03 7.816183151843474411e-03 8.020855430491975746e-03 8.019622302609830111e-03 8.200917980570349153e-03 8.019040125149473966e-03 8.243352428781644536e-03 8.151271964933832354e-03 8.018955232059496105e-03 8.018242348762931807e-03 7.935616636193061277e-03 8.105008480970886733e-03 8.289404910531967749e-03 8.062150505723428978e-03 8.064036059712946514e-03 8.247871083844711057e-03 7.895962071425075349e-03 8.244257710241309836e-03 8.151753103531212546e-03 8.019779696056324875e-03
8.307679698507902666e-03 8.173714386201185941e-03 0.000000000000000000e+00 8.049882855239642518e-03 8.258547740224804826e-03 8.350130954632668800e-03 8.089957145469266891e-03 8.259651924379452989e-03 8.048616233467132536e-03 8.444440486789496839e-03 8.308716598800568870e-03 8.212864350524982579e-03 8.130887944532762604e-03 8.180180210921563638e-03 8.750206270843366788e-03 8.217276202386339379e-03 8.351408103946088984e-03 8.308110103556028830e-03 8.353461628680041579e-03 8.216326402277556243e-03 8.306135213164790587e-03 8.309010701590541226e-03 8.260401881851309538e-03 8.175760687768318657e-03 8.086190727290061553e-03 8.126793683174968197e-03 8.305774155159944064e-03 8.171992129912940966e-03 8.085496056647767382e-03 8.492002307073641051e-03 8.304604705004848056e-03 8.046432934725228706e-03 8.141976856313936847e-03 8.363475711570107080e-03 8.107523349683672803e-03 8.103208543851495721e-03 8.365942559997030861e-03 8.323655379952946826e-03 8.510041124158023579e-03 8.100226723298372886e-03 8.189414167909402423e-03 8.272817148908479315e-03 8.716731233708084267e-03 8.277649824992390146e-03 8.367205079225229630e-03 8.100883717493578134e-03 8.186265097085254627e-03 8.278610770048374506e-03 8.229064998124435010e-03 8.067694550726700609e-03 8.272327338519729067e-03 8.187742245321356568e-03 8.362344010625554977e-03 8.108615109114888572e-03 8.104730178707582680e-03 8.183678056948329518e-03 8.137730574321735272e-03 8.188359451958041393e-03 8.232276541351985985e-03 7.985294894814837230e-03 7.983101902640598810e-03 8.102148879575778520e-03 8.150009421659304421e-03 8.229516533157399394e-03 8.180415302514010278e-03 8.181998010259913801e-03 8.186464829381479361e-03 8.143506704097250998e-03 8.317536766458062322e-03 8.185756464389985429e-03 8.407986475215003738e-03 8.058374302927313534e-03 8.227740538422480959e-03 8.225445632193760515e-03 8.274179448287228081e-03 8.142798811394416636e-03 8.361705392335517031e-03 8.183337922990871829e-03 8.314289833911829228e-03 8.271581646421496264e-03 8.143804166717560911e-03 8.227835562357512303e-03 8.362292031037079493e-03 7.982994130088837473e-03 8.229059949157891546e-03 8.182268323674206714e-03 8.140500515002611903e-03 8.227647876465727511e-03 8.182667378253068863e-03 8.184246560898732897e-03 8.313724352808294499e-03 8.409097729240335578e-03 8.143225291306715324e-03 8.185494703117747808e-03 8.318569114628823410e-03 8.184983698384272130e-03 8.365558696699196967e-03 8.226848042955738072e-03 8.320143534116379927e-03 8.187001821684251196e-03 8.063179352538991235e-03 8.457355918531857947e-03 8.230428370353528797e-03 8.316078926354069159e-03 8.187778270381945722e-03 8.142128972806268045e-03 8.143233210174570177e-03 8.314635189876904905e-03 8.229371484395356373e-03 7.944448190024504600e-03 8.144624526670878398e-03 8.143430684009078657e-03 8.320941445149289059e-03 8.142747149056600922e-03 8.362521099584489456e-03 8.272197553599709707e-03 8.142701777954276104e-03 8.142072189154036382e-03 8.061239051768961938e-03 8.227012491880035527e-03 8.407662180067531840e-03 8.185045636205557154e-03 8.186897023442312599e-03 8.366951313204864030e-03 8.022457585121829660e-03 8.363408034247702891e-03 8.272787003870511746e-03 8.143585219840446254e-03
8.065575987626798227e-03 7.920174948243536087e-03 8.049882855239642518e-03 0.000000000000000000e+00 8.008203892669757754e-03 8.101532095199398542e-03 7.919774177784593555e-03 7.927218992084599999e-03 7.789021214698889882e-03 8.200755182928913881e-03 8.151436330274675415e-03 7.960683335664235638e-03 7.871661083116104560e-03 7.925098607631162612e-03 8.517946568164897272e-03 7.966431445958745139e-03 8.196739370041599554e-03 8.056817308457860788e-03 8.103875708040532422e-03 7.961860575318974176e-03 8.056081556899474111e-03 8.057848977161389398e-03 8.009961258469585482e-03 8.012350342671633804e-03 7.917361052117594458e-03 7.872917028431901040e-03 8.055905568673261616e-03 8.009533962544506877e-03 7.837360910440377415e-03 8.164507646472120295e-03 8.053355284621626503e-03 7.872149408678913787e-03 7.896918761464607681e-03 8.127655500782883166e-03 7.860776225358126132e-03 7.856303308531599819e-03 8.130236263047192422e-03 8.085078168266732895e-03 8.280045032544812098e-03 7.853173681863155967e-03 7.946271215706089686e-03 8.033275622424588744e-03 8.494376981398181134e-03 8.038259549265989318e-03 8.131530888765961529e-03 7.853838120001380499e-03 7.942973367445873081e-03 8.039261934165630938e-03 7.987640749758518136e-03 7.819174232977054231e-03 8.032886363345662084e-03 7.944535452878072682e-03 8.126458291761584976e-03 7.861899457100959832e-03 7.856658632157762640e-03 7.940297961252078610e-03 7.892487432446852746e-03 7.945177789848302530e-03 7.991001365473114626e-03 7.733012628501683902e-03 7.730744945612788924e-03 7.855157955877824574e-03 7.905160739233224598e-03 7.988073448131490298e-03 7.937193442145794309e-03 7.938725297017792948e-03 7.942176854867115041e-03 7.896171038186306987e-03 8.078731780795083556e-03 8.023442221262904253e-03 8.174138324818436968e-03 7.808450135680729438e-03 7.986451671350142459e-03 7.982811686047119534e-03 8.033595815538873558e-03 7.896630335036557494e-03 8.124699535555930316e-03 7.940138886979270644e-03 8.075380245512936428e-03 8.030892643969949826e-03 7.897660561083865924e-03 7.985291654574774856e-03 8.126624109127287762e-03 7.729679058065531266e-03 7.986578504450799962e-03 7.937756161268273714e-03 7.894203623848353862e-03 7.986534260282597553e-03 7.938429793101829321e-03 7.939886142834064187e-03 8.076072073860535855e-03 8.173968588099564045e-03 7.897057319967244401e-03 7.941213338810343414e-03 8.079818985857741692e-03 7.941834996532280352e-03 8.129806530231776726e-03 7.985291812736166825e-03 8.082716868290934151e-03 7.943732535691716903e-03 7.814417963423888128e-03 8.225291775746155706e-03 7.989023318345882252e-03 8.078489475879956430e-03 7.944532435311691884e-03 7.896896261382502918e-03 7.898044391012940674e-03 8.076790980789517668e-03 7.987929011248612668e-03 7.690273226369017355e-03 7.899502131795646531e-03 7.898268517143853737e-03 8.083356072872976625e-03 7.897699978944735383e-03 8.126647917825313011e-03 8.032738011881842069e-03 7.897681906414691713e-03 7.896854018194296790e-03 7.812396128617971405e-03 7.985463223083889839e-03 8.173619295566642365e-03 7.941739825891538929e-03 7.943617178522901362e-03 8.131254426155408790e-03 7.771858890799312330e-03 8.127592942232751347e-03 8.033184785622536281e-03 7.898413547379547900e-03
8.355128537225611079e-03 8.132896015325496650e-03 8.258547740224804826e-03 8.008203892669757754e-03 0.000000000000000000e+00 8.308921476949124654e-03 8.132382418574330210e-03 8.219415206823461884e-03 8.005810329294591951e-03 8.312872696553322630e-03 8.264657164959096636e-03 8.172190857660249427e-03 8.087215614407434680e-03 8.135211587021629054e-03 8.711007935983712189e-03 8.090497546756137207e-03 8.401373372498370865e-03 8.264026345803067441e-03 8.312418576670732237e-03 8.174457225526225723e-03 8.173920138429010759e-03 8.180933353786744300e-03 8.218692954197255596e-03 8.222209067847454506e-03 8.044977296919541068e-03 8.088260277768780093e-03 8.267015582520036501e-03 8.132603110334325411e-03 8.129353017033441250e-03 8.359728372199047922e-03 8.261705322939896443e-03 8.086428363851179760e-03 8.101642707648981992e-03 8.324574749193465462e-03 8.066873674657347795e-03 8.062532228532943296e-03 8.327076345495985216e-03 8.283249830336698177e-03 8.472088411305650144e-03 8.059528568061750248e-03 8.149344029441675866e-03 8.233327613599142336e-03 8.680034130738350368e-03 8.238169537999955397e-03 8.328327456458072681e-03 8.060171005447626380e-03 8.146174063162635662e-03 8.239137564578460915e-03 8.189271987533769739e-03 8.026760917221461081e-03 8.232845822363400387e-03 8.147661358564459860e-03 8.323434606723811163e-03 8.067958080515720901e-03 8.064053191522233682e-03 8.143569977096011547e-03 8.097309780325533807e-03 8.148283907802504264e-03 8.192505948646391575e-03 7.943745919913085263e-03 7.941556490745781474e-03 8.061445552891881999e-03 8.109662986936615886e-03 8.189707779309312458e-03 8.141543067596559644e-03 8.141816072940498764e-03 8.146312445176478317e-03 8.103061006535130020e-03 8.278302368313233614e-03 8.145645950444450542e-03 8.369370065475842738e-03 8.017333941047668361e-03 8.187896541648080617e-03 8.185603738994585640e-03 8.234630867992587255e-03 8.102358455145111313e-03 8.322745555301529902e-03 8.143203992732878441e-03 8.275053353641396645e-03 8.232034180292908260e-03 8.103355396249760020e-03 8.187988220564507841e-03 8.323376742706670856e-03 7.941408337580616733e-03 8.189222338626669581e-03 8.142087434103358404e-03 8.100045955747080598e-03 8.189096873837948057e-03 8.143935046663433250e-03 8.144097374119535146e-03 8.274465135872119056e-03 8.370448499472712273e-03 8.102770478766965767e-03 8.145395899190620986e-03 8.279320658834155369e-03 8.144839605642930844e-03 8.326672897287210051e-03 8.187021571554773183e-03 8.280998749626159242e-03 8.146899233642463864e-03 8.022195563225505491e-03 8.419069597914170811e-03 8.190626874574767971e-03 8.276906205621955767e-03 8.147679434002937440e-03 8.101711421220058121e-03 8.102822522520898921e-03 8.275409423185720037e-03 8.189563815209638040e-03 7.902602433542068455e-03 8.104224017323075416e-03 8.103021357061857693e-03 8.281757784411602347e-03 8.102400026506065625e-03 8.323614545753725211e-03 8.232751770079749926e-03 8.102331515218380922e-03 8.101657110750105223e-03 8.020242373340643466e-03 8.187187019772161622e-03 8.369053714957977799e-03 8.144934825216346153e-03 8.146792887501487154e-03 8.328073930850365611e-03 7.981181144975407066e-03 8.324509769507326684e-03 8.233276523996885254e-03 8.103177429659127323e-03
8.350842437572515362e-03 8.224637977376856451e-03 8.350130954632668800e-03 8.101532095199398542e-03 8.308921476949124654e-03 0.000000000000000000e+00 8.221657460647471827e-03 8.307472953260805135e-03 8.100355735511158978e-03 8.398004852424286251e-03 8.442504924790565288e-03 8.174331970571987321e-03 8.175829602532829962e-03 8.141460196359119605e-03 8.794891994807447350e-03 8.267805455099024037e-03 8.488736201115688537e-03 8.264374125074303024e-03 8.306940744238230576e-03 8.175075380911210957e-03 8.353709163708205807e-03 8.265132042138316829e-03 8.218962399058305293e-03 8.223789365362206213e-03 8.225858136205330823e-03 8.180563199589915846e-03 8.355772085175194180e-03 8.310469684453205066e-03 8.222457007959553879e-03 8.536955158207562219e-03 8.261748505415311347e-03 8.180161033354978531e-03 8.189748280726856858e-03 8.406822457247766986e-03 8.153012338921513530e-03 8.150056710686149827e-03 8.409305372089184716e-03 8.367384960941113420e-03 8.553657443615782230e-03 8.147137004897633122e-03 8.234176502091355640e-03 8.318303044432418664e-03 8.758828894913636004e-03 8.321725826297669479e-03 8.410563141809008353e-03 8.146395200735756861e-03 8.231074102265374670e-03 8.322715066866017558e-03 8.274886986792771154e-03 8.113496370220373011e-03 8.407162623900156506e-03 8.232521575256609297e-03 8.407060855852318756e-03 8.154041916946921931e-03 8.150242200742932944e-03 8.228489140753256562e-03 8.182855183800049129e-03 8.233150059146520858e-03 8.276675765513474489e-03 8.031792829219695784e-03 8.030969419607529927e-03 8.147682929275002275e-03 8.195111465190257558e-03 8.273936314404661124e-03 8.226346876005824135e-03 8.227985601389056769e-03 8.232418944625853260e-03 8.188440253771828159e-03 8.362472442829494562e-03 8.231651128501991585e-03 8.452220263380060689e-03 8.105354364813709134e-03 8.273384657367582190e-03 8.271072787000394513e-03 8.319448083048349568e-03 8.189081022274145166e-03 8.406286843278912638e-03 8.229315299744589460e-03 8.359230297491084330e-03 8.316869772783116316e-03 8.190112270060181943e-03 8.273464384941689106e-03 8.406886279287222388e-03 8.030608347319485515e-03 8.274678256221025888e-03 8.228236789672887727e-03 8.186799555239503492e-03 8.273207395297306477e-03 8.228628938242391749e-03 8.230217466081773611e-03 8.358686392915577398e-03 8.453343143020647724e-03 8.189514845799408110e-03 8.231452845369604393e-03 8.363497560752684856e-03 8.230929096391854244e-03 8.410118026312420406e-03 8.272436402297097743e-03 8.365030952987814392e-03 8.232919226494174111e-03 8.110079321443643477e-03 8.501212831789993832e-03 8.276007786975712183e-03 8.360945395933513241e-03 8.233675259155444695e-03 8.188405308220301007e-03 8.189502983180035195e-03 8.359559918128339762e-03 8.274940046402889937e-03 7.992354564671393102e-03 8.190878055607154692e-03 8.189679331000452797e-03 8.365819922057973410e-03 8.190250456584745320e-03 8.407064746078225792e-03 8.318716685460320753e-03 8.188977818655004959e-03 8.188378091633042796e-03 8.108153095887603301e-03 8.272599097957362979e-03 8.451885884773309432e-03 8.230990233126412800e-03 8.232800035358438587e-03 8.411481564990884105e-03 8.069707119140677107e-03 8.407980956454844806e-03 8.318035895749802122e-03 8.189852742192506307e-03
8.268271441990424075e-03 7.962553854087131566e-03 8.089957145469266891e-03 7.919774177784593555e-03 8.132382418574330210e-03 8.221657460647471827e-03 0.000000000000000000e+00 8.130861249969806651e-03 7.917371936483093633e-03 8.231213123804696774e-03 8.266610639892769605e-03 8.084677553643442038e-03 7.998492102749468063e-03 7.967532509329031468e-03 8.539154392466703422e-03 8.088806243226234760e-03 8.317696300146943181e-03 8.177623982578392098e-03 8.226343748659716362e-03 8.085545511119536857e-03 8.176758767266143965e-03 8.181205485309534300e-03 8.046286981844293085e-03 8.133683221228421925e-03 8.044554034628323413e-03 7.999676676701771710e-03 8.181681224797766883e-03 8.131055667840988987e-03 8.041083310634911108e-03 8.368640070687102112e-03 8.179205586843469808e-03 7.999106855535837238e-03 8.018767908412442053e-03 8.243687444386613855e-03 7.982244311904040240e-03 7.977861407256248844e-03 8.246221126956467667e-03 8.201831207904849291e-03 8.393173997864305375e-03 7.974796609143955037e-03 8.065939059345474116e-03 8.151160608369465224e-03 8.603724027417719231e-03 8.156048365073756759e-03 8.247472637530837633e-03 7.975447536625246067e-03 8.062707820245835350e-03 8.157046695484200874e-03 8.106469644918515988e-03 7.941530962154318488e-03 8.150742416293715528e-03 8.064251518851976719e-03 8.242497742059420526e-03 7.983351800905232401e-03 7.978181820002523336e-03 8.060102169080067200e-03 8.014402730273671727e-03 8.064883181406927795e-03 8.109748090488248795e-03 7.857248029252994828e-03 7.855059499210736290e-03 7.976756651421850267e-03 8.025690322902229515e-03 8.106876603394593678e-03 8.056845293525759233e-03 8.058379283809683283e-03 8.062940450287230457e-03 8.017801970914928064e-03 8.196810872808641887e-03 8.062269476746814281e-03 8.289106712629593435e-03 7.931995915274197423e-03 8.105114684408427569e-03 8.102751799504429725e-03 8.152538828982440824e-03 8.018300985941091696e-03 8.241876971644895161e-03 8.059749086033286131e-03 8.193480787126490236e-03 8.149887368886098507e-03 8.019353046977258787e-03 8.105206384107579293e-03 8.242496645109677680e-03 7.854924172966156262e-03 8.106460260125110048e-03 8.058636924009241614e-03 8.015955413664904369e-03 8.105097808808815404e-03 8.059207628248689706e-03 8.060675428956267860e-03 8.192921166258674073e-03 8.290255286863390527e-03 8.018761388552807234e-03 8.061962366774619998e-03 8.197861562754123546e-03 8.061412158203162814e-03 8.245817977591586578e-03 8.104155199571864282e-03 8.199514937293867281e-03 8.063429063863310903e-03 7.936861345981259183e-03 8.339455639766391731e-03 8.107829459635677166e-03 8.196901457718851897e-03 8.064217384680476969e-03 8.017612656666740431e-03 8.018717427927516198e-03 8.193824492658648845e-03 8.106736908636962349e-03 7.815451824418683663e-03 8.020123645281611660e-03 8.018902527599314559e-03 8.200261696116525889e-03 8.019516505094279740e-03 8.242683833896046613e-03 8.151800178001482322e-03 8.018285357216334633e-03 8.017562198593683812e-03 7.934901488988177487e-03 8.104300741121490612e-03 8.288741901515963087e-03 8.061472649005880370e-03 8.063341571524785742e-03 8.247221255333978679e-03 7.895241109711244321e-03 8.243606202675314576e-03 8.151071514630757464e-03 8.019076748434272872e-03
8.353635820182763599e-03 8.133917791513669768e-03 8.259651924379452989e-03 7.927218992084599999e-03 8.219415206823461884e-03 8.307472953260805135e-03 8.130861249969806651e-03 0.000000000000000000e+00 8.004472873024425644e-03 8.312626033008477938e-03 8.355798941900523941e-03 8.170840119552628608e-03 8.003128791193079780e-03 8.138914344993095420e-03 8.618072368877939538e-03 8.177637266533858973e-03 8.308813245959769875e-03 8.263936867973997735e-03 8.310791245566087962e-03 8.085636875708667251e-03 8.263215666971954199e-03 8.267399633644723425e-03 8.215779091388160371e-03 8.133328361137972390e-03 8.132493296134879826e-03 8.088152078124501154e-03 8.178607068471453398e-03 8.217965321187202521e-03 8.129210207964249549e-03 8.450108601436578937e-03 8.264430650866972858e-03 8.087658406122773605e-03 8.101489215166214619e-03 8.324496344864734665e-03 8.066789613353735414e-03 8.062447542808083567e-03 8.326997496049733452e-03 8.283171798153687870e-03 8.472015228703305700e-03 8.059444465656368309e-03 8.149262231308891311e-03 8.233246888395913746e-03 8.679946569156458958e-03 8.238090168654050791e-03 8.328250435684313863e-03 8.060087162368275576e-03 8.146074426796094670e-03 8.239057272989824474e-03 8.189191002287394411e-03 8.026676591211145961e-03 8.232767707756660780e-03 8.147579313529001652e-03 8.323339817515497049e-03 8.067856906095403555e-03 8.062701560438603754e-03 8.143487652904067217e-03 8.097189094814608717e-03 8.148201105897940472e-03 8.192424587151891577e-03 7.943659594067292370e-03 7.941468246986327362e-03 8.061360544012787996e-03 8.109579184298243773e-03 8.189608994175538031e-03 8.140185080673057946e-03 8.141782648298812389e-03 8.146263878852160259e-03 8.101719651220778973e-03 8.278238488833522535e-03 8.146743882165251999e-03 8.369289503727580723e-03 8.017239339003398926e-03 8.187845810971030799e-03 8.185499905437076604e-03 8.234585601667895188e-03 8.102272365633692366e-03 8.322684442120916598e-03 8.143132483943424371e-03 8.274952531450812526e-03 8.231970214044936202e-03 8.103305102722150113e-03 8.187922583163396301e-03 8.323311268373498675e-03 7.941332358822730808e-03 8.189156917155855989e-03 8.142020424042471088e-03 8.099958248047533019e-03 8.187746920523299166e-03 8.142511386554232913e-03 8.144030566555382489e-03 8.274417586267153804e-03 8.370407486224413010e-03 8.102721372651718740e-03 8.145292156029396158e-03 8.279276639272956095e-03 8.144771260256498946e-03 8.326569865012243069e-03 8.186899689800280350e-03 8.282151066395047195e-03 8.146771597108635674e-03 8.022051227152649649e-03 8.418967708015694107e-03 8.190504393867866634e-03 8.278339991072967627e-03 8.147535266778308666e-03 8.101587984552563113e-03 8.102677320076724643e-03 8.275286945793873528e-03 8.189478850178857905e-03 7.902472864912480841e-03 8.104079031715293729e-03 8.102876124600333699e-03 8.281655268624324787e-03 8.102202158419618758e-03 8.323512493322216335e-03 8.232552441236556592e-03 8.103457886970272944e-03 8.101551206806291081e-03 8.020119174824244523e-03 8.187041977018992556e-03 8.368945704498273117e-03 8.144802101413245454e-03 8.146671482793885893e-03 8.327971192645533191e-03 7.981052868641596784e-03 8.324400957902402393e-03 8.233132131616178670e-03 8.103049594183472579e-03
8.148043895055662178e-03 7.919047073307467974e-03 8.048616233467132536e-03 7.789021214698889882e-03 8.005810329294591951e-03 8.100355735511158978e-03 7.917371936483093633e-03 8.004472873024425644e-03 0.000000000000000000e+00 8.198219168908475393e-03 8.147778546130241342e-03 7.954600313771993669e-03 7.789628891451461958e-03 7.922678379770384249e-03 8.518067452941780263e-03 7.965340114140847388e-03 8.111261746320234597e-03 8.055739187181611485e-03 8.104104989641239612e-03 7.958156519773270515e-03 7.970669288276653955e-03 8.056805196222194959e-03 8.006382823275159238e-03 8.009881602857015989e-03 7.916107077912053896e-03 7.870506113321821748e-03 8.056070603611303546e-03 8.007061994692282747e-03 7.915415776696358569e-03 8.246082940616423357e-03 8.053574774696016514e-03 7.870997387027704392e-03 7.895604172225484385e-03 8.126383068424208184e-03 7.859436372590506217e-03 7.854948413954876071e-03 8.128964683254549101e-03 8.083760158011269598e-03 8.278807597070012361e-03 7.851831549916600192e-03 7.944953879891521881e-03 8.031966222590078072e-03 8.493186364025670509e-03 8.036964777205692773e-03 8.130258656018754526e-03 7.852496017737410974e-03 7.941655246223641024e-03 8.037967615459041398e-03 7.986333765275376029e-03 7.817823533357314697e-03 8.031589020021193473e-03 7.943217591402578631e-03 8.125185530252335142e-03 7.860559793271344048e-03 7.855334908146844458e-03 7.938978496580328253e-03 7.891153679886596384e-03 7.943862711006810171e-03 7.989680837248932382e-03 7.731637925311824096e-03 7.729370764043324432e-03 7.853816394137959692e-03 7.903819695513432733e-03 7.986766585832040174e-03 7.935689032272172025e-03 7.937192504462677392e-03 7.941848137809870770e-03 7.895834459580362494e-03 8.078544069953367754e-03 7.941257129250775190e-03 8.172699260160856682e-03 7.808061554956522397e-03 7.984943841703723635e-03 7.982531017502450185e-03 8.033339482618376270e-03 7.896244500611040648e-03 8.124507434034212647e-03 7.938609553100130917e-03 8.075148605823855366e-03 8.030633814609798582e-03 7.897325511328250752e-03 7.985014092340756917e-03 8.125159114972059504e-03 7.729239893118377593e-03 7.986297603193498462e-03 7.937455176450834357e-03 7.893851776705059983e-03 7.984950761173907965e-03 7.939377987895282138e-03 7.939535574578821323e-03 8.074559853743180568e-03 8.173848642640932707e-03 7.896720305830809764e-03 7.940876222891378455e-03 8.079596245594755990e-03 7.940290256205939298e-03 8.128523579763641954e-03 7.983954647638570948e-03 8.082650625910688114e-03 7.942402025717849173e-03 7.813038596536283492e-03 8.224029720835865712e-03 7.987687659332552356e-03 8.077156319256956207e-03 7.943185706217511730e-03 7.895536731167230801e-03 7.896686225958401278e-03 8.075475405403669329e-03 7.986627862487263516e-03 7.688877128871027776e-03 7.898144063334649329e-03 7.896895550795621915e-03 8.082061299160288315e-03 7.896357225784913017e-03 8.125362710295251992e-03 8.031428225114647587e-03 7.897530722964890906e-03 7.895512547092404729e-03 7.811015032878035509e-03 7.984125868947838933e-03 8.172362795360614898e-03 7.940379029053241597e-03 7.942269669510209490e-03 8.129970825132578835e-03 7.770485616485539419e-03 8.126311991261740003e-03 8.031859686384855770e-03 7.897073377855277562e-03
8.535744630517465986e-03 8.319273358344984187e-03 8.444440486789496839e-03 8.200755182928913881e-03 8.312872696553322630e-03 8.398004852424286251e-03 8.231213123804696774e-03 8.312626033008477938e-03 8.198219168908475393e-03 0.000000000000000000e+00 8.441158260968048208e-03 8.358951261843647340e-03 8.272575120782907007e-03 8.322978188180915268e-03 8.784492617953942872e-03 8.274525669576300244e-03 8.582364990953345735e-03 8.448244234036641348e-03 8.491486686440669410e-03 8.269966835180041567e-03 8.356982471084123745e-03 8.450553629756047194e-03 8.311652518670291714e-03 8.316396197740884635e-03 8.320700946821767141e-03 8.278543108611794224e-03 8.452598344870814601e-03 8.402416628646875232e-03 8.318330614488110217e-03 8.631352490926190446e-03 8.358148842054127087e-03 8.278286945381097342e-03 8.282158367678024713e-03 8.498558587428499747e-03 8.248580333343006124e-03 8.244379229984910920e-03 8.500992880679666963e-03 8.458303066392581018e-03 8.641922054546223239e-03 8.241469348882354828e-03 8.328525709986992626e-03 8.409999651104718352e-03 8.844298004237053853e-03 8.414691838581624464e-03 8.502210050804802702e-03 8.242073293750091026e-03 8.325430817476719980e-03 8.415630309323633013e-03 8.367264381292434383e-03 8.209703605680082963e-03 8.410828449362476450e-03 8.326887755272878791e-03 8.497456460311849855e-03 8.249600636532088485e-03 8.244531165825253957e-03 8.322918947059700090e-03 8.277945999436009741e-03 8.327490884505980503e-03 8.370383188351209966e-03 8.129284497635369186e-03 8.127177060298789585e-03 8.243309257389485473e-03 8.290050271928571871e-03 8.367648719880292629e-03 8.320919223605038537e-03 8.321234238149021606e-03 8.325599227681243150e-03 8.282297170876208245e-03 8.453653725018790005e-03 8.324826388860135512e-03 8.542065515546162779e-03 8.200555029838055635e-03 8.365923330849399028e-03 8.363682825989510183e-03 8.411270217371978261e-03 8.282966478864709284e-03 8.496783222451948295e-03 8.322582184565233132e-03 8.450478988241564085e-03 8.408749894991515011e-03 8.283941719780675561e-03 8.366019614269781454e-03 8.497412728488501488e-03 8.127034763619119320e-03 8.367212602241110020e-03 8.321481753974463089e-03 8.280719413968004594e-03 8.367042072509395939e-03 8.323215034968165643e-03 8.323450485014859471e-03 8.449923807583269164e-03 8.543133382121960440e-03 8.283373113143446126e-03 8.324698532489663641e-03 8.454645069645000052e-03 8.324149619692768759e-03 8.500604940076919233e-03 8.365068880693002709e-03 8.456175179798802385e-03 8.326130536873987270e-03 8.205267608146613392e-03 8.590362496116492330e-03 8.368567594615131805e-03 8.453760580702187125e-03 8.326893931908134136e-03 8.282343126924548299e-03 8.283400494194934766e-03 8.450829189691791768e-03 8.367533748592840409e-03 8.089422933358510898e-03 8.284754816097890731e-03 8.283589523960467951e-03 8.456995309393084206e-03 8.282877565777087628e-03 8.497632739130466656e-03 8.409292963805150775e-03 8.282887296294193236e-03 8.282278654004526439e-03 8.203393485594758644e-03 8.365206028368469063e-03 8.541741714047203574e-03 8.324209753858962182e-03 8.326054829640947355e-03 8.501966745468221565e-03 8.165530003851270702e-03 8.498473069406198982e-03 8.409920316311558092e-03 8.283743559551181093e-03
8.485026375938856114e-03 8.181670639830286237e-03 8.308716598800568870e-03 8.151436330274675415e-03 8.264657164959096636e-03 8.442504924790565288e-03 8.266610639892769605e-03 8.355798941900523941e-03 8.147778546130241342e-03 8.441158260968048208e-03 0.000000000000000000e+00 8.309733480059816255e-03 8.226508035767540403e-03 8.187906627061217191e-03 8.741050295700828615e-03 8.224760325496977692e-03 8.535829092047666350e-03 8.309967342661978354e-03 8.447074565652185410e-03 8.311848270885182494e-03 8.307910257677268359e-03 8.400507465943576890e-03 8.356200208714576264e-03 8.358464297953685507e-03 8.269691072983075333e-03 8.141842991709596217e-03 8.403783793459384741e-03 8.354665828553414081e-03 8.267431390645963926e-03 8.581007704821369542e-03 8.311743275645253060e-03 8.225761235926196818e-03 8.235984145223239697e-03 8.452845546666771376e-03 8.200859142229280016e-03 8.196625559861758434e-03 8.455296730543517339e-03 8.412310277008909834e-03 8.597251445439936871e-03 8.193674225024536947e-03 8.281453516881026947e-03 8.363577144516982226e-03 8.801072274827768244e-03 8.368304805423191703e-03 8.456504484026522092e-03 8.194303374947670138e-03 8.278335078306043454e-03 8.369267701663568940e-03 8.320501747190504893e-03 8.161666402881019924e-03 8.363020527258940157e-03 8.279821646343351813e-03 8.451696483288277315e-03 8.201910045937781113e-03 8.196793445326280153e-03 8.275822721428948217e-03 8.231792411534833917e-03 8.280429820751425765e-03 8.323665243454235127e-03 8.080584184726329749e-03 8.078473789368333796e-03 8.195565942646393376e-03 8.242685853159237297e-03 8.320892101161377757e-03 8.273833625249468054e-03 8.274117352624735938e-03 8.278516368823993568e-03 8.234918341797117444e-03 8.407586231497428744e-03 8.277755161813411117e-03 8.496681101287092280e-03 8.152456766681106387e-03 8.319165103264686625e-03 8.316907224232701970e-03 8.364869755550050079e-03 8.235539809892722385e-03 8.451050901707578278e-03 8.275476129272757789e-03 8.404388268043695362e-03 8.362330065873247245e-03 8.236524670744038712e-03 8.319260488963158354e-03 8.451685528641733267e-03 8.078325379359227107e-03 8.320464074805947532e-03 8.274366994038728079e-03 8.233275880171642136e-03 8.320325008132588296e-03 8.276148576135173088e-03 8.276350894719175511e-03 8.403828472689691548e-03 8.497755805926586817e-03 8.235952202106541081e-03 8.277613026861153564e-03 8.408584323112110182e-03 8.277056606849150441e-03 8.454906910812425361e-03 8.318273674988782909e-03 8.410077291487747311e-03 8.279025655513271020e-03 8.157177952011112135e-03 8.545328794064555034e-03 8.321818180709098650e-03 8.407645431896544619e-03 8.279793456008370522e-03 8.234901041380946612e-03 8.235968100305159773e-03 8.404729287704863078e-03 8.320757373788300465e-03 8.040391080269090884e-03 8.237316038490488310e-03 8.236140972558847126e-03 8.410942339959271916e-03 8.236712820009053915e-03 8.451875764698321344e-03 8.364179322256491689e-03 8.235410928743934489e-03 8.234837839460031061e-03 8.155288374526246942e-03 8.318412300504268025e-03 8.496340450857276655e-03 8.277127357153631765e-03 8.278947428015196244e-03 8.456261091888040218e-03 8.117130448694807182e-03 8.452760687916250140e-03 8.363500115767592835e-03 8.236313010328408582e-03
8.308571578367531657e-03 8.087567441597873219e-03 8.212864350524982579e-03 7.960683335664235638e-03 8.172190857660249427e-03 8.174331970571987321e-03 8.084677553643442038e-03 8.170840119552628608e-03 7.954600313771993669e-03 8.358951261843647340e-03 8.309733480059816255e-03 0.000000000000000000e+00 7.955814078431806477e-03 8.005827043276750321e-03 8.671041720982607809e-03 8.130472681230547366e-03 8.269372897879920248e-03 8.218437080242340861e-03 8.179047552664617249e-03 8.124266109075923420e-03 8.130982753245011643e-03 8.219412460331889519e-03 8.170133169413878321e-03 8.173591564958511413e-03 8.084699164014236966e-03 8.038915723735180069e-03 8.218784759220236838e-03 8.173519864467156462e-03 8.084002559648296310e-03 8.403217957586054873e-03 8.216181973690195664e-03 7.957648342687950391e-03 8.057308541652761710e-03 8.280750040601737166e-03 8.021011091907167406e-03 8.016656656208697232e-03 8.283250003528946914e-03 8.240366226007430489e-03 8.429338067158143391e-03 8.013630068040622501e-03 8.104138593613897934e-03 8.188815271220700742e-03 8.638679481755102627e-03 8.193673436840189298e-03 8.284512562844705691e-03 8.014275705581613493e-03 8.100926878689428123e-03 8.194666502451311216e-03 8.144401130200094527e-03 7.980575902113890702e-03 8.189722004604552824e-03 8.102444424586796590e-03 8.279586256462320368e-03 8.022107988882105217e-03 8.016927703400986843e-03 8.098320940526749362e-03 8.051696712746010329e-03 8.103071035236096911e-03 8.147638257981506399e-03 7.896897642140958407e-03 7.894708777591985874e-03 8.015576670939600704e-03 8.064142653227444196e-03 8.144820382759147825e-03 8.095072520204610322e-03 8.096630055213067251e-03 8.101161650630822608e-03 8.056302234457968225e-03 8.234174034743770715e-03 8.100470790030457960e-03 8.325886388508743630e-03 7.971130637469717520e-03 8.143073276460337934e-03 8.140725769808655754e-03 8.190169652434610426e-03 8.056822085403160180e-03 8.278935052540925890e-03 8.098009123035064538e-03 8.230864012467847129e-03 8.187534987016506505e-03 8.057866602897246350e-03 8.143146653579090566e-03 8.279568418218320389e-03 7.894594090871722911e-03 8.144391632622599228e-03 8.096886571657175777e-03 8.054491861293824884e-03 8.142986744374944991e-03 8.098703703088535807e-03 8.098911306713689473e-03 8.230289555267880294e-03 8.327010141937084622e-03 8.057277529810096678e-03 8.100204631550006473e-03 8.235200725267016394e-03 8.099641893523013697e-03 8.282853566584844757e-03 8.142084784839154557e-03 8.238104221171691638e-03 8.101668347973970188e-03 7.975947318081530457e-03 8.375909008904842967e-03 8.145735823946741866e-03 8.232656469140845618e-03 8.102434722813212434e-03 8.056119559074585712e-03 8.057241735776061314e-03 8.231168447628538914e-03 8.144683309094735701e-03 7.855403901195837091e-03 8.058637324493685833e-03 8.057424041535629633e-03 8.237584216366267836e-03 8.058042565625761142e-03 8.279736408015702168e-03 8.189447638015909942e-03 8.058003284602712271e-03 8.056086772134344806e-03 7.973977490416159219e-03 8.142250939197900189e-03 8.325546771086740974e-03 8.099722082929734432e-03 8.101540870051854304e-03 8.284246635246860641e-03 7.934633058574577444e-03 8.280693291155646896e-03 8.188715905658170910e-03 8.057617619734140299e-03
