0.000000000000000000e+00 1.801532724403410654e-02 1.549752521823982362e-02 1.648537031394240598e-02 1.807900322939730992e-02 1.701096395092124153e-02 2.256939397553815729e-02 1.720138237393054395e-02 1.701374949309958709e-02 1.480605121556647329e-02 1.696193969989001626e-02 2.083341997001842208e-02 1.799960310378478923e-02 1.695353932176929188e-02 1.662780501784588694e-02 1.517421287590728710e-02 1.550223069989148557e-02 1.665759241164865845e-02 1.618078307756772374e-02 1.490300127972362873e-02 1.502709440517952313e-02 1.896441634006024515e-02 2.227643664908339136e-02 1.601685846986385803e-02 1.649774086289506475e-02 1.539752354681253599e-02 1.699770841587697895e-02 1.998507356239860241e-02 1.582772687222946603e-02 1.687359967828848395e-02 1.787799728322859300e-02 1.594009828670176626e-02 1.758246653027882231e-02 1.571614000182318047e-02 1.626243523586067344e-02 1.595116038624225241e-02 1.606181723725256735e-02 1.728589394879108745e-02 1.508201343211536954e-02 1.601921272123817130e-02 1.833745077688297281e-02 2.060064019187705237e-02 1.470033369777135751e-02 1.921954455769208855e-02 1.739486649704835575e-02 1.777113344968098835e-02 1.510580895758861092e-02 1.825292378424591203e-02 1.820793079572618350e-02 1.768071849035823817e-02 1.592333409221260987e-02 1.641347114152722983e-02 1.624098956782887154e-02 1.619479368475523415e-02 1.776009277113583043e-02 1.927039083080501342e-02 1.921977503129993284e-02 1.670538654271061171e-02 1.533609143479571814e-02 1.716447623938177972e-02 1.545277492858535169e-02 1.593079642892455614e-02 1.558153103739674285e-02 1.886131099233490441e-02 1.714976980712614590e-02 1.946998649141880311e-02 1.537626134030151484e-02 1.669170221432232301e-02 1.771282706025718162e-02 1.662707458354655346e-02 1.456055628727043541e-02 1.698022478566424409e-02 1.684806877432299191e-02 1.643260627713267683e-02 1.497130320708018464e-02 1.721848303002015967e-02 2.253175878052205913e-02 1.428213244925899232e-02 1.395630818224867682e-02 1.818547563216833807e-02 1.665299034855909077e-02 1.917488474420179709e-02 1.536849931689979534e-02 1.504601853127309104e-02 1.845048251760991395e-02 1.381964039815056916e-02 1.769170672536096028e-02 1.888303151541633959e-02 1.785280805330042089e-02 1.621866741463022163e-02 1.886260707868624500e-02 1.568765841775420292e-02 1.752229937777384505e-02 1.701564700298784788e-02 1.634644884187582900e-02 1.770098656837775300e-02 1.746747012783885292e-02 1.620532704691201101e-02 1.580078972227943329e-02 1.834438532011265985e-02 1.586217298582522084e-02 1.683626054599873106e-02 1.743410496038420507e-02 1.851478937531134822e-02 1.738981335399645070e-02 1.433148924962954381e-02 1.924919441482877969e-02 1.782877159359359462e-02 1.712483120642378093e-02 1.680815772752944012e-02 1.544155426325799323e-02 1.569585797728539206e-02 2.086444766549321039e-02 1.607026174361892920e-02 1.622817165847396242e-02 1.605884340872313840e-02 1.730469422821534140e-02 1.514855804829742109e-02 1.582854212550882655e-02 1.536579804387315333e-02 1.511460644653766713e-02 1.680946837927108084e-02 1.492272269958945866e-02 1.896438324507538492e-02 1.459280962615750257e-02 1.882465351749098778e-02 1.863158434654794277e-02 2.044063497370737434e-02
1.801532724403410654e-02 0.000000000000000000e+00 1.994057018132033496e-02 1.916803576122507596e-02 2.267700089176664588e-02 1.920425861832264838e-02 2.396271190168466556e-02 1.980136508429137035e-02 1.921306101624218818e-02 1.796149385410522950e-02 1.953732829239286997e-02 2.282743843056085978e-02 2.042945068848075335e-02 1.971114385202562061e-02 1.911793111890209423e-02 1.791111644882086018e-02 1.829615944778401754e-02 1.898543232103297798e-02 1.893814239399361013e-02 1.761205685648270861e-02 1.800893530008605692e-02 2.127738137073849692e-02 2.432437476580598737e-02 1.863494132192518998e-02 1.920707882527757093e-02 1.821742383673284268e-02 1.862577178148782861e-02 2.219615655874468060e-02 1.854068912031379621e-02 1.948259100967666968e-02 2.032503469190564266e-02 1.870411235228812072e-02 1.900697168157309408e-02 1.855780649075132113e-02 1.873704958426214776e-02 1.873440585390779428e-02 1.876964136160334459e-02 1.996847910530642062e-02 1.808336469705333974e-02 1.865974543881531583e-02 2.057345418464575845e-02 2.260508269557998454e-02 1.754627703482700141e-02 2.160652011666307562e-02 1.976399234926908693e-02 2.034634748932175052e-02 1.778884336037780609e-02 2.033700344136713314e-02 2.063641812228031100e-02 2.001747665438791818e-02 2.015171125715932779e-02 1.902781293723909695e-02 1.866135421692986449e-02 1.886882135847943801e-02 2.007130043158282529e-02 2.149760965740897187e-02 2.109694313766588558e-02 1.932167031621777678e-02 1.788863220427267670e-02 2.000635035780105181e-02 1.804738561286548665e-02 1.855867322990902013e-02 1.827649239654787275e-02 2.131826830212327911e-02 1.987128797155044910e-02 2.167970376882841568e-02 1.818222296870188742e-02 1.914240988802084695e-02 1.963924468330192560e-02 1.929327229900113655e-02 1.754897050691756055e-02 1.953812036123827103e-02 1.961369780509381391e-02 1.884181778038730368e-02 1.788833357612954963e-02 1.950575076807617783e-02 2.437102787096755846e-02 1.710575886988996083e-02 1.712103967536744015e-02 2.054914595141093397e-02 1.923866843689843453e-02 2.091831033764315548e-02 1.811488957375364736e-02 1.770084881354856352e-02 2.084122126392284197e-02 1.694061412192943497e-02 1.983702950307672172e-02 2.109228995451878363e-02 2.021954738673320193e-02 1.890100909541889487e-02 2.096764047651837257e-02 1.847390637624617485e-02 1.990516250906514129e-02 1.931458870224005836e-02 1.899746079306926377e-02 2.010697363147733591e-02 1.989132833869491565e-02 1.871690703110106060e-02 1.856679793969321160e-02 2.069533630287806111e-02 1.874910098736696368e-02 1.934497468083815411e-02 1.957757051421708458e-02 2.075511593688407833e-02 2.001526044142585073e-02 1.680578764361348801e-02 2.157776624916026356e-02 1.988847194093763121e-02 2.015133245687065686e-02 2.110206880598772608e-02 1.828369606687960461e-02 1.818580972417654928e-02 2.295356267155751473e-02 1.833003656474441190e-02 1.858693373105410260e-02 1.873981094451333124e-02 1.994657224743211568e-02 1.813403886130581649e-02 1.887719411588485718e-02 1.822810786261188851e-02 1.771155511337749525e-02 1.830924423369629031e-02 1.795115067705524425e-02 1.987945581993795161e-02 1.703877201038829503e-02 2.162072215700671166e-02 2.201181379136274777e-02 2.087293255940909226e-02
1.549752521823982362e-02 1.994057018132033496e-02 0.000000000000000000e+00 1.583218910133732046e-02 1.772736302193769417e-02 1.669453406900657869e-02 2.225671043900550455e-02 1.703641879943213269e-02 1.683750408488501882e-02 1.464278246849986219e-02 1.681426315216155362e-02 2.059097480969405633e-02 1.789415008329011542e-02 1.679414063952364838e-02 1.626840465904311195e-02 1.492688573366163229e-02 1.521290029587559628e-02 1.624765449351833410e-02 1.588497006276702594e-02 1.457335958559755063e-02 1.483861273154393583e-02 1.890316215208435319e-02 2.222587664880604219e-02 1.551969714548028130e-02 1.617949700982595357e-02 1.512600858332878093e-02 1.560748844945162618e-02 1.986540432093028899e-02 1.566999683883229383e-02 1.663825469595425419e-02 1.768382607355712885e-02 1.615701657545132869e-02 1.597731629477788101e-02 1.553162165842299040e-02 1.612191851982279142e-02 1.575953685493344456e-02 1.576166646834319465e-02 1.718944054552079548e-02 1.491459030771887136e-02 1.565458169287644100e-02 1.813669021947838036e-02 2.019588086905856408e-02 1.453053330393790955e-02 1.912658167310485324e-02 1.734548003857616996e-02 1.719493646388930291e-02 1.463337071456843712e-02 1.794400587402371003e-02 1.798064865432687232e-02 1.757850978717292317e-02 1.538471217290770729e-02 1.585172518886679774e-02 1.600721966924243539e-02 1.614456886375296302e-02 1.761511291072417190e-02 1.869082465787652234e-02 1.863495566352842137e-02 1.632140122889809072e-02 1.614503447911045178e-02 1.678733605996188955e-02 1.621301266597298743e-02 1.534168793726440119e-02 1.523615854752958382e-02 1.882834581503409904e-02 1.667495929218427639e-02 1.905094500095910748e-02 1.514420854502815210e-02 1.640983589199047216e-02 1.749324604366432959e-02 1.624341773143694184e-02 1.413276599103080455e-02 1.665980866427823476e-02 1.655735069141435825e-02 1.619363039953724062e-02 1.440008689575258613e-02 1.676471623770211736e-02 2.243611236344569132e-02 1.392230125630760165e-02 1.432310091781435583e-02 1.771146196983773916e-02 1.632918535058445683e-02 1.895369663338338992e-02 1.506378561972481107e-02 1.476284339204616755e-02 1.839039376906180870e-02 1.355508766910867337e-02 1.759336631985776445e-02 1.850993842083878752e-02 1.759025078014617854e-02 1.560844834829353163e-02 2.041930365692828930e-02 1.498617620365819657e-02 1.727572822338293776e-02 1.659533405531424255e-02 1.581854817302786459e-02 1.761853965348196896e-02 1.723687007131660329e-02 1.735055118486619405e-02 1.536354324812306237e-02 1.825653504580917325e-02 1.528005853898955352e-02 1.666399525732674067e-02 1.836197126718842193e-02 1.849567658204908857e-02 1.723694237276198957e-02 1.331448733923640444e-02 1.891320035329534938e-02 1.758718634007699552e-02 1.524844015802936589e-02 1.624134451443329588e-02 1.552234858917140095e-02 1.548091769163160471e-02 2.049431783946880845e-02 1.568478988828899204e-02 1.593558862436032439e-02 1.555990241945497468e-02 1.704565935316862055e-02 1.509017925995133520e-02 1.557562240060954631e-02 1.517093170135548966e-02 1.622599109729393890e-02 1.508143176027266358e-02 1.542762959241525227e-02 1.739086757593308677e-02 1.349591442421946806e-02 1.786647077976017892e-02 1.675378714518415899e-02 2.058970747850537297e-02
1.648537031394240598e-02 1.916803576122507596e-02 1.583218910133732046e-02 0.000000000000000000e+00 1.877334682903919472e-02 1.562460345069239739e-02 2.206390357042150793e-02 1.760819669809909199e-02 1.567634185096856980e-02 1.389431388890350477e-02 1.612083755896201454e-02 1.991561054881805723e-02 1.863104730847978119e-02 1.644019735387250089e-02 1.523341040927214153e-02 1.423356281943534592e-02 1.435465897203473326e-02 1.575274430345175586e-02 1.536436662740037380e-02 1.360398502386987903e-02 1.433726297242969745e-02 1.828186733987608240e-02 2.187024733706194671e-02 1.488400629164116605e-02 1.587336850271890004e-02 1.413183635869230681e-02 1.456102664703595381e-02 1.924148363567659489e-02 1.611305879018240517e-02 1.579789361294964972e-02 1.695561723104304502e-02 1.538370627038377660e-02 1.524269286602779154e-02 1.470671828792777074e-02 1.541169019925860487e-02 1.467472312649251501e-02 1.514067395041653052e-02 1.625683892027443220e-02 1.532704534797218500e-02 1.473840618901241240e-02 1.903403587152299042e-02 1.934155847936997949e-02 1.481741447168023057e-02 1.843276863857881698e-02 1.636019498399603894e-02 1.680261138899947701e-02 1.393526088385456385e-02 1.751137301587317799e-02 1.743656390575558032e-02 1.681434307639002521e-02 1.465484860524933312e-02 1.531032216769307938e-02 1.529389383665345770e-02 1.560559403182914563e-02 1.696051063594361877e-02 1.836549756938711531e-02 1.816488197432686996e-02 1.573286988157966346e-02 1.432034217926849047e-02 1.658663136336472124e-02 1.430937986546717416e-02 1.449495245253374157e-02 1.565375590291988306e-02 1.838996148255943666e-02 1.648065878772812104e-02 1.848627288410537722e-02 1.426617259900007928e-02 1.540681848800197658e-02 1.657228170914697499e-02 1.592758099547669781e-02 1.327671811503347218e-02 1.620273457899596564e-02 1.598814389593459714e-02 1.548003708698852954e-02 1.359551397036861189e-02 1.644733211020747710e-02 2.202300955681835148e-02 1.304956958044010441e-02 1.296493152765262891e-02 1.703898009206597508e-02 1.554512201867717935e-02 1.821373064477672596e-02 1.446192252715222844e-02 1.385798749078624194e-02 1.787122583962773292e-02 1.290778138001342536e-02 1.685182695777823550e-02 1.789104437161015068e-02 1.697759250599308392e-02 1.528386307855504264e-02 1.807094760981264522e-02 1.459278044182712140e-02 1.646236809027986150e-02 1.629780458211684338e-02 1.528707958690431364e-02 1.694132822749728692e-02 1.644333220133436732e-02 1.529365871548271812e-02 1.473637031853447868e-02 1.823902245259624230e-02 1.474718918515073064e-02 1.620814108887379257e-02 1.613625142225497133e-02 1.782605970446175109e-02 1.717867897000893360e-02 1.222772426027715284e-02 1.869478589809389288e-02 1.701722438296651360e-02 1.447099885448314104e-02 1.561234265350690958e-02 1.475902706325773160e-02 1.478875037652227324e-02 2.020166796995723560e-02 1.472941547792974010e-02 1.513236745355062834e-02 1.485781364550035726e-02 1.651164059183607424e-02 1.541939997737360596e-02 1.498878609124971485e-02 1.444132760078276588e-02 1.454433134911066634e-02 1.444989296792260208e-02 1.489079684456992743e-02 1.639189406032280985e-02 1.277569354419297309e-02 1.564378271630418107e-02 1.623993586439960793e-02 1.818324454649227623e-02
1.807900322939730992e-02 2.267700089176664588e-02 1.772736302193769417e-02 1.877334682903919472e-02 0.000000000000000000e+00 2.052527575994095646e-02 2.379061770100108705e-02 1.858633779651651385e-02 2.085495150555533375e-02 1.670608013504274250e-02 1.860074259304396807e-02 2.200248515914543165e-02 1.964417448048180748e-02 1.898701738562702523e-02 1.872282113097116507e-02 1.751321681094922256e-02 1.779796214672457050e-02 1.868619843025448590e-02 1.854276139453671715e-02 1.736695034476319274e-02 1.755911655207143332e-02 2.081080833810575181e-02 2.402691558716073955e-02 1.800242711223147898e-02 1.875788606304064701e-02 1.777390674796697212e-02 1.770185066830847267e-02 2.174185108990337595e-02 1.798203545786619326e-02 1.870970061407243798e-02 1.988525979119033782e-02 1.856829470421536912e-02 1.833337897552022797e-02 1.810283219935705790e-02 1.847504508201473425e-02 1.820637035677795043e-02 1.846641655302425772e-02 1.944729913478327604e-02 1.734441937883482096e-02 1.804830829057002886e-02 2.012920802407329804e-02 2.202138663497360885e-02 1.730705839774314761e-02 2.094363944921334708e-02 1.960569474839782278e-02 1.965711257644720683e-02 1.732464117298461448e-02 2.015686518281313219e-02 1.998831643057743385e-02 1.981284864927570361e-02 1.761615368108289392e-02 1.852164407482064304e-02 1.854150110725518580e-02 1.807755858932372575e-02 1.967358607311589513e-02 2.102387515970981918e-02 2.113615797322723755e-02 1.847256598159009375e-02 1.773381154690434683e-02 1.940189325680798452e-02 1.766526299681051015e-02 1.815259448212848403e-02 1.777060340914559874e-02 2.109013118347525736e-02 1.842527417332653211e-02 2.067387417212943057e-02 1.745462431888895882e-02 1.882325951120175991e-02 2.166193054110951768e-02 1.903941701895954172e-02 1.675073242826676315e-02 1.862086628541003569e-02 1.906470199036576496e-02 1.815296216927798217e-02 1.744755277063595594e-02 1.931842180674957915e-02 2.414461821457749083e-02 1.686200052618717915e-02 1.634960970985895393e-02 1.962406888559364154e-02 1.832209099635288482e-02 2.333837265818864554e-02 1.743066563710455111e-02 1.734088348969050827e-02 2.012158977290825004e-02 1.622757257640764644e-02 1.976179559401478741e-02 2.065744837270026141e-02 1.945790492210899489e-02 1.840391328551324243e-02 2.068642498464661958e-02 1.798557224319329018e-02 1.935683071215536788e-02 1.915913424974673498e-02 1.848561159962951866e-02 1.959278140280391878e-02 1.955700018898418741e-02 1.850188948617610338e-02 1.799202622189051762e-02 2.046280808381722299e-02 1.828161002701529647e-02 1.916060482778185123e-02 1.921135972801976330e-02 2.017245383159864749e-02 1.995988480554886785e-02 1.578128054353176643e-02 2.128419732915337592e-02 1.999658855035078842e-02 1.769693783300837001e-02 1.841765512030000759e-02 1.807943968449211500e-02 1.794152304626663377e-02 2.197177553806725983e-02 1.988446852217679028e-02 1.835509530967862832e-02 1.829883308677805395e-02 1.898128060695692190e-02 1.742747441977108430e-02 1.756945132772514198e-02 1.783568769361928985e-02 1.780258419334383377e-02 1.803502464542025216e-02 1.806253489560795400e-02 2.176516257485303432e-02 1.657702184451031666e-02 1.895862221567565231e-02 1.904783746755619664e-02 2.069632780377800296e-02
1.701096395092124153e-02 1.920425861832264838e-02 1.669453406900657869e-02 1.562460345069239739e-02 2.052527575994095646e-02 0.000000000000000000e+00 2.530935553477881364e-02 1.951872243270505805e-02 1.859131322014635421e-02 1.627967446717623265e-02 1.904005872471095998e-02 2.089629318821428772e-02 1.840169426469283331e-02 1.753977979190698977e-02 1.713277249814405129e-02 1.598283774843193422e-02 1.629032457679626192e-02 1.757225254795630881e-02 1.695435248991417412e-02 1.530846283134868965e-02 1.574099556867168681e-02 1.954223044794051178e-02 2.302347898400201875e-02 1.661027688519732884e-02 1.734268721846828759e-02 1.555746259095834756e-02 1.602295603995039508e-02 2.034950191244872322e-02 1.663723898847290286e-02 1.911897053918499775e-02 1.852026253296484501e-02 1.712860007264943238e-02 1.695335403987522499e-02 1.628710919871854956e-02 1.699588921816121839e-02 1.674773308633975208e-02 1.660987376248027059e-02 1.800597750497048150e-02 1.595936386765580903e-02 1.676610707323438615e-02 1.912936197962879920e-02 2.099946801573674207e-02 1.557725575425848545e-02 1.995794446035915534e-02 1.805020341049687338e-02 1.771982024231037386e-02 1.578875532678919447e-02 1.886574942941215277e-02 1.875001263538107754e-02 1.837822608004753208e-02 1.656180933992745102e-02 1.708261739571853566e-02 1.689740424219479675e-02 1.724270498854500386e-02 1.834493840782795357e-02 1.981029411382001504e-02 1.926850288522677021e-02 1.734707902891499676e-02 1.623223494501107450e-02 1.816030309541268387e-02 1.575960427880857689e-02 1.654602820035402586e-02 1.648319339775130773e-02 1.965085301230963533e-02 1.789821897172258827e-02 1.957012626813146167e-02 1.596542766193368573e-02 1.731015009482106404e-02 1.799765898018237248e-02 1.742050460147934188e-02 1.535952155622875154e-02 1.766480936643992014e-02 1.742229602429775856e-02 1.701313919627295626e-02 1.575526156855631271e-02 1.806657254429454643e-02 2.300355688498536069e-02 1.515219292611012791e-02 1.470225548617801539e-02 1.847943415180176158e-02 1.728895355957310934e-02 1.946099389937608337e-02 1.619223087368752007e-02 1.534042658760017760e-02 1.886055086325189728e-02 1.495865088567905135e-02 1.840886014888607966e-02 1.947637571902718912e-02 2.016909184788235124e-02 1.663284992107251503e-02 1.966795110401546240e-02 1.614931529051032849e-02 1.813242797349834748e-02 1.736982543094584691e-02 1.644413795799919836e-02 1.847766018886629752e-02 1.792566399494298010e-02 1.708096730370193411e-02 1.622671849545472347e-02 2.129233072812784788e-02 1.653991698003888164e-02 1.757814478514725665e-02 1.750371373905540429e-02 1.923519969258937964e-02 1.866988182551013870e-02 1.450330422955635294e-02 1.927609039776409169e-02 1.834320325270728455e-02 1.646234455859906659e-02 1.693649799063731351e-02 1.642982871839008749e-02 1.661725956950681551e-02 2.136217317667985643e-02 1.638788060583752648e-02 1.690622209254573696e-02 1.659169163993222396e-02 1.808958757970967682e-02 1.623367142453644926e-02 1.670895963611887872e-02 1.617065949436612832e-02 1.634022523736717442e-02 1.632735571622453974e-02 1.653136116754503823e-02 1.794650857421900905e-02 1.475167303773960992e-02 1.746624830418894853e-02 1.806359687654411281e-02 1.978356304404042462e-02
2.256939397553815729e-02 2.396271190168466556e-02 2.225671043900550455e-02 2.206390357042150793e-02 2.379061770100108705e-02 2.530935553477881364e-02 0.000000000000000000e+00 2.326867934352543077e-02 2.280068460534349570e-02 2.313261596248735938e-02 2.264161753013243031e-02 2.591494309569852134e-02 2.409022177159442571e-02 2.312323587852416554e-02 2.268329698934688776e-02 2.202094125563624355e-02 2.220098286597589968e-02 2.254898691640769628e-02 2.268022087618532662e-02 2.158686137969551347e-02 2.187037824958523724e-02 2.469145284174707744e-02 2.657077922809561107e-02 2.252376157088438122e-02 2.278131111931215591e-02 2.383697551922191182e-02 2.224040585507904011e-02 2.507974020054441755e-02 2.237185008817289128e-02 2.265523117906224210e-02 2.382108257170598153e-02 2.272342746979545691e-02 2.264960414855294452e-02 2.244727330299168058e-02 2.271004901968052062e-02 2.249110555545320508e-02 2.261013056656764608e-02 2.351794115727954410e-02 2.207740350483731323e-02 2.236407148269565007e-02 2.410735829555854873e-02 2.563931235556485624e-02 2.175707133834760276e-02 2.475045197876210579e-02 2.359737838515658589e-02 2.635096072287510319e-02 2.162743332651895917e-02 2.353605622775807593e-02 2.413103218960171298e-02 2.370844470989183148e-02 2.251808558752404349e-02 2.270359621231785724e-02 2.211523175883783193e-02 2.272329949176554037e-02 2.374848218779101322e-02 2.435874474162777470e-02 2.413875637237816035e-02 2.280774548892785039e-02 2.223418484452454463e-02 2.330670464395801292e-02 2.385517390585770517e-02 2.215441447019421417e-02 2.224617853921665930e-02 2.461781474840141204e-02 2.345352152809445159e-02 2.453077157850763398e-02 2.179485372018691997e-02 2.281440315290391568e-02 2.360021606212239775e-02 2.299364887073062844e-02 2.154820060188471914e-02 2.324284608787331036e-02 2.303097397235231991e-02 2.282266924467607483e-02 2.165186857502629514e-02 2.288347108490397866e-02 2.714370506238256847e-02 2.115163488414811138e-02 2.125687046604171279e-02 2.397309623727602451e-02 2.292352652732293494e-02 2.469487627969903926e-02 2.211197407814897292e-02 2.168638039262352560e-02 2.428068531474025099e-02 2.091090703001263068e-02 2.368760318350507724e-02 2.441420174628224776e-02 2.326995933611515979e-02 2.265515265303728529e-02 2.447312515967972613e-02 2.233239378315740944e-02 2.347803913006784801e-02 2.327644505617004408e-02 2.278745192463090333e-02 2.368798994564772636e-02 2.318809291854439722e-02 2.235176043943441423e-02 2.238153119928270804e-02 2.399323283812846222e-02 2.257297992532096564e-02 2.307753257627135832e-02 2.341641715755715669e-02 2.450926239082747843e-02 2.341753928472439794e-02 2.083576862730298837e-02 2.499390257998303569e-02 2.304963258523588451e-02 2.241224111803654870e-02 2.532049574020177676e-02 2.235212081611579610e-02 2.215255313619961947e-02 2.581412871278644314e-02 2.260426005867743546e-02 2.226383499496660534e-02 2.257500354585423655e-02 2.351264902049792979e-02 2.189398596136578681e-02 2.253083885464262845e-02 2.214242263710348296e-02 2.178772825457511372e-02 2.233545743526740499e-02 2.225326014049437348e-02 2.341089285695014538e-02 2.130226819794259555e-02 2.345766557987031750e-02 2.346039275008529601e-02 2.473985217239525400e-02
1.720138237393054395e-02 1.980136508429137035e-02 1.703641879943213269e-02 1.760819669809909199e-02 1.858633779651651385e-02 1.951872243270505805e-02 2.326867934352543077e-02 0.000000000000000000e+00 1.956413702272321101e-02 1.574834293377041367e-02 1.745446899262304355e-02 2.130331171299278473e-02 2.069549356737186707e-02 1.821784865334255196e-02 1.749659265974479530e-02 1.650853839914788804e-02 1.656666459436404934e-02 1.763233121058165737e-02 1.743150564407301359e-02 1.740969342346871188e-02 1.652532535738690869e-02 1.995452811199730989e-02 2.332728571448196633e-02 1.692825241774900333e-02 1.790106831958276912e-02 1.654898973232099557e-02 1.664089534974426757e-02 2.104211951848244944e-02 1.706076829851332910e-02 1.776238785980529741e-02 1.900538266055943129e-02 1.728022720272261517e-02 1.739087064297135249e-02 1.694819053177816157e-02 1.756279258878652716e-02 1.720704682710915215e-02 1.749045369403141523e-02 1.854382128063521151e-02 1.656372541265120624e-02 1.691403758705985541e-02 1.935471627705006442e-02 2.106805103138418775e-02 1.614829258762868688e-02 2.002423200735234388e-02 1.869208952889101286e-02 1.856925466203693600e-02 1.618923124872895594e-02 1.932779718647125930e-02 1.914646794494899787e-02 1.893225705823889035e-02 1.674970198130648971e-02 1.766261044709103306e-02 1.870881539942128788e-02 1.730984929967633104e-02 1.857703417186202730e-02 2.037789228683114032e-02 2.197405840869372587e-02 1.762862188673320826e-02 1.626289616235170044e-02 1.827975684270790463e-02 1.640136092199784290e-02 1.692687841194805143e-02 1.678347771635678790e-02 2.024628138580797723e-02 1.819389428147462351e-02 2.036542373716349053e-02 1.668213506653436901e-02 1.780679635248451700e-02 1.886408930394642067e-02 1.793233033264939741e-02 1.562990231040574732e-02 1.786660771318675928e-02 1.794928611093993959e-02 1.752309535727423345e-02 1.615370666133078906e-02 1.845129639123044979e-02 2.342063946634323490e-02 1.569815757303422155e-02 1.545368258170539896e-02 1.917976015229351169e-02 1.746729527369572307e-02 2.033895577927521958e-02 1.639317681747955169e-02 1.632507416117109922e-02 1.959743900672341471e-02 1.531231048509814653e-02 1.877173937186816730e-02 1.984025106810480624e-02 1.854556645305516921e-02 1.738363587373412122e-02 1.985406622163551904e-02 1.701048125076320972e-02 1.828620424279436829e-02 1.809031704220327025e-02 1.764605550857878402e-02 1.832564291425661449e-02 2.014556830309661636e-02 1.737904049096541254e-02 1.666694819414594325e-02 1.960961115454339793e-02 1.850228684759126427e-02 1.803838078924300745e-02 1.805456551270673629e-02 1.966650989508566746e-02 1.907382905056619407e-02 1.482746558425992837e-02 2.058603176636586082e-02 1.896892123220201079e-02 1.693990353008548513e-02 1.751658202650901303e-02 1.700985007870996907e-02 1.690327148961600842e-02 2.166399191927129847e-02 1.739857890784332270e-02 1.737994910525524073e-02 1.724268250932506352e-02 1.846308876948799318e-02 1.637983221652928797e-02 1.713339912272125037e-02 1.667459547777934425e-02 1.673763920730435284e-02 1.700893324372484972e-02 1.682532020796256161e-02 1.896573163587638583e-02 1.542283093142241858e-02 1.840230408136556139e-02 1.854599566184036291e-02 2.014586879061029331e-02
1.701374949309958709e-02 1.921306101624218818e-02 1.683750408488501882e-02 1.567634185096856980e-02 2.085495150555533375e-02 1.859131322014635421e-02 2.280068460534349570e-02 1.956413702272321101e-02 0.000000000000000000e+00 1.676797293556968674e-02 1.921149934145032281e-02 2.367227646899373178e-02 2.070798220008733190e-02 1.958543355014458198e-02 1.701059739420819963e-02 1.623549277143258515e-02 1.648642424990560268e-02 1.753767594420407167e-02 1.722703679872843174e-02 1.564557163533512874e-02 1.629044445178182490e-02 1.977191516697435897e-02 2.279739847371941783e-02 1.670399905653997819e-02 1.742717861536894480e-02 1.625330931425864045e-02 1.808155104409335176e-02 2.083118179946345447e-02 1.706408181260120685e-02 1.760741484592180314e-02 1.875089743311770044e-02 1.701960925616591291e-02 1.716280472133063437e-02 1.661798321418498856e-02 1.733450296346251973e-02 1.696428851304210977e-02 1.681587167366518226e-02 1.824773457110821784e-02 1.627070401270064998e-02 1.684846304965025368e-02 1.938118451002055972e-02 2.111059147505490313e-02 1.605738144840939199e-02 1.972653178784630756e-02 1.841134255684852283e-02 1.860338662924276854e-02 1.605912965885669674e-02 1.906899755769274687e-02 1.911840264811765985e-02 1.867100996593408849e-02 1.688147276941786776e-02 1.681613309346370599e-02 1.698823995171036896e-02 1.678946003230836342e-02 1.858405646133800410e-02 1.993737821822692130e-02 1.952315710575116062e-02 1.763613532390323826e-02 1.633009135288647495e-02 1.841828464086585695e-02 1.651325892728249672e-02 1.627173424129418552e-02 1.628023053724271876e-02 1.998728220234403247e-02 1.822547561529723123e-02 2.022634489569950442e-02 1.644743750441767308e-02 1.702005583096238492e-02 1.815166642517673096e-02 1.748586603071054096e-02 1.548301008436901889e-02 1.795484884948211207e-02 1.789573611258707744e-02 1.737561643503742273e-02 1.572762386715953822e-02 1.808023693838568813e-02 2.325276770832153048e-02 1.524138789399354446e-02 1.522226478239479402e-02 1.867507086865408811e-02 1.755112402744697653e-02 1.959767315002051286e-02 1.643448633055967154e-02 1.602217429291055359e-02 1.946374174840279081e-02 1.481097402616053139e-02 1.865902557470730874e-02 1.954691637577409685e-02 1.847773228743701535e-02 1.710670644858466524e-02 1.981613104605973660e-02 1.667146300655493810e-02 1.829673675126568949e-02 1.804937387704134977e-02 1.701033762171967265e-02 1.867947680231620694e-02 1.804987919664114565e-02 1.725279601580373065e-02 1.679702673024941958e-02 1.916111473301131130e-02 1.654903671414182861e-02 1.776645698560328987e-02 1.823606589273322684e-02 1.955294702402576856e-02 1.788518052981967477e-02 1.469345038070737040e-02 1.990663343122521176e-02 1.843454680610059210e-02 1.683494087698406139e-02 1.778638341570751291e-02 1.674616074200790949e-02 1.650328584532129855e-02 2.150470685489981257e-02 1.673587195275959977e-02 1.700017883190307541e-02 1.697823296220926648e-02 1.846396348217000868e-02 1.653342682547781495e-02 1.699408203465250719e-02 1.644810122466109845e-02 1.648077243020121263e-02 1.646791937823574581e-02 1.650811740627022156e-02 1.809987392664505826e-02 1.496444181731435008e-02 1.822679507538378305e-02 1.837419782964621121e-02 1.995974145471202110e-02
1.480605121556647329e-02 1.796149385410522950e-02 1.464278246849986219e-02 1.389431388890350477e-02 1.670608013504274250e-02 1.627967446717623265e-02 2.313261596248735938e-02 1.574834293377041367e-02 1.676797293556968674e-02 0.000000000000000000e+00 1.666575429100273370e-02 1.958718078073800467e-02 1.681229169948871699e-02 1.705791279122465670e-02 1.643049210622786124e-02 1.375195787973971032e-02 1.415599313475492636e-02 1.549517696635235864e-02 1.509525250358063377e-02 1.335183927908394248e-02 1.385096420138155759e-02 1.797356985721631703e-02 2.154717601755672812e-02 1.441142058994006846e-02 1.543073488875747017e-02 1.464685430877939870e-02 1.419016189449942740e-02 1.905283330245982620e-02 1.464692403777667282e-02 1.533760485510974117e-02 1.682615221216224657e-02 1.512994702937848004e-02 1.501833139055652570e-02 1.437719367639747788e-02 1.518350465044880811e-02 1.472266722219128104e-02 1.481689446977788212e-02 1.578195334331930835e-02 1.369038300863789984e-02 1.467902927427239615e-02 1.719583054860536475e-02 1.934625679906166670e-02 1.452160089649730604e-02 1.794608243865382022e-02 1.651497644737609169e-02 1.625658506243047793e-02 1.361024424285599450e-02 1.703500720177598959e-02 1.679954988939500252e-02 1.652138363328169157e-02 1.425874817721664405e-02 1.515035772534652041e-02 1.498177793363077333e-02 1.497409575626541638e-02 1.665919767680914057e-02 1.817886496313566441e-02 1.952334010299469971e-02 1.532446048125028423e-02 1.368865801582930253e-02 1.592305891878197793e-02 1.351179231716401023e-02 1.453763686362292626e-02 1.435913424388394512e-02 1.828986942568450180e-02 1.562351962265759280e-02 1.835254285611261083e-02 1.399815633822851062e-02 1.528394143074690223e-02 1.666944131867783771e-02 1.565437395796163284e-02 1.301940572071360290e-02 1.571021615122698833e-02 1.591177977300244073e-02 1.507167640327293501e-02 1.362567104331617596e-02 1.596660689115227821e-02 2.173976051211573904e-02 1.282069677916304953e-02 1.245092617828578475e-02 1.679666066753601750e-02 1.527620591848739481e-02 1.831318878337533443e-02 1.399878514675368356e-02 1.361540709443266432e-02 1.758151633434929667e-02 1.245222503783104638e-02 1.672866233108423820e-02 1.755003365783800937e-02 1.658057594794795295e-02 1.489564077390202919e-02 1.790229655966604078e-02 1.436529219748711519e-02 1.633657075098347844e-02 1.595073493655964000e-02 1.487062224043709385e-02 1.655872369997650820e-02 1.625919699129822413e-02 1.494392292906709593e-02 1.434093633927579874e-02 1.775164025109350618e-02 1.462904368561263047e-02 1.698762131796711233e-02 1.602832415127996082e-02 1.736232519538299240e-02 1.692284582916986704e-02 1.155014370971614232e-02 1.827828743668548014e-02 1.807530124813606920e-02 1.431036820020070190e-02 1.492426858512496332e-02 1.414938232450403503e-02 1.421361205161693862e-02 1.992636208866504360e-02 1.486041997789054082e-02 1.502024064055270877e-02 1.451153178091526760e-02 1.600936134530719229e-02 1.397903283124201160e-02 1.446136996209523677e-02 1.407090620421282828e-02 1.431028965908960789e-02 1.425248880571881871e-02 1.444470312800545143e-02 1.788691043461881208e-02 1.246063718398133895e-02 1.587291618402613541e-02 1.623962822984351823e-02 1.798438103947792160e-02
1.696193969989001626e-02 1.953732829239286997e-02 1.681426315216155362e-02 1.612083755896201454e-02 1.860074259304396807e-02 1.904005872471095998e-02 2.264161753013243031e-02 1.745446899262304355e-02 1.921149934145032281e-02 1.666575429100273370e-02 0.000000000000000000e+00 2.098548239761035064e-02 1.860438078572365303e-02 1.767618144402719263e-02 1.720300286051166735e-02 1.601953072163372557e-02 1.607862082770807055e-02 1.673969501506199220e-02 1.698036912134462395e-02 1.702763683574253298e-02 1.622847910693125256e-02 1.959738627608203013e-02 2.306352675630121349e-02 1.669546497250824768e-02 1.749693230504950972e-02 1.624111502351296976e-02 1.634112571382581938e-02 2.071756142110693297e-02 1.648176970150115259e-02 1.727902824593158249e-02 1.871479369888376376e-02 1.728649292445596369e-02 1.705512950167045738e-02 1.641418429735059387e-02 1.681895335446846607e-02 1.642402761147743889e-02 1.850058296222464871e-02 1.834300945728256985e-02 1.753630688985742883e-02 1.584579283441554451e-02 1.887824861266861401e-02 2.082858363050850078e-02 1.576921111744166923e-02 1.966728241991107587e-02 1.845323470652495551e-02 1.849709070492011609e-02 1.585055044782765835e-02 1.893560561583495366e-02 1.868279615356575191e-02 1.857407211838793537e-02 1.667543632737541678e-02 1.727557213756190577e-02 1.717032808930664747e-02 1.724075139534995624e-02 1.819747461048933090e-02 1.999742012654540102e-02 1.965237754231807452e-02 1.714280314452870657e-02 1.627336712086302831e-02 1.824823145407776862e-02 1.623186166591440022e-02 1.668993905435823405e-02 1.642257116882303233e-02 1.988085235065966544e-02 1.799302354203305074e-02 2.009089259701051650e-02 1.625383660040595132e-02 1.722304733857054140e-02 1.837113188078668899e-02 1.763004810912277218e-02 1.514006371124567048e-02 1.778647332926795721e-02 1.776410040310505423e-02 1.718976625233413491e-02 1.577148149184458281e-02 1.804824505390510703e-02 2.269010562864826053e-02 1.532445969257613741e-02 1.497561360198563715e-02 2.052911405637495787e-02 1.732342941459412769e-02 1.969421614501522602e-02 1.580476113568354130e-02 1.595076885707416223e-02 1.903482171306255383e-02 1.490919682079947309e-02 1.825318476257388467e-02 1.958661958077985432e-02 1.787287565798913527e-02 1.704027322029192867e-02 1.923024596825770663e-02 1.654518451848510305e-02 1.791798373153710364e-02 1.810191784139350904e-02 1.860702992446447782e-02 1.810753333668991064e-02 1.831458922859032293e-02 1.706043110835427437e-02 1.648461797426520326e-02 1.906759287953430429e-02 1.697137687858198823e-02 1.769320599749316450e-02 1.763172383346257172e-02 1.928707714617223720e-02 1.875196622167208185e-02 1.426265223466794720e-02 2.217292125906101044e-02 1.845822703167233902e-02 1.658002217147320351e-02 1.745053937565219440e-02 1.649802910478617018e-02 1.630658413219112854e-02 2.136588421289429759e-02 1.695090556375054153e-02 1.696314819561190249e-02 1.683316396120632455e-02 1.800057614371165099e-02 1.628962279441494368e-02 1.685618580109038075e-02 1.625524436730419256e-02 1.597998136445824557e-02 1.658863521196858246e-02 1.644688266645814509e-02 1.807044367782150232e-02 1.608515427486870847e-02 1.789058520294452281e-02 1.798541716019910405e-02 1.968926233710133894e-02
2.083341997001842208e-02 2.282743843056085978e-02 2.059097480969405633e-02 1.991561054881805723e-02 2.200248515914543165e-02 2.089629318821428772e-02 2.591494309569852134e-02 2.130331171299278473e-02 2.367227646899373178e-02 1.958718078073800467e-02 2.098548239761035064e-02 0.000000000000000000e+00 2.186079091155467349e-02 2.110050861140198505e-02 2.103532266407717385e-02 1.991392497991724755e-02 2.002653566431982640e-02 2.113711515778346137e-02 2.056765844504060414e-02 1.971907556598727004e-02 2.001219311510831975e-02 2.282405174817578666e-02 2.573685771109899406e-02 2.047701326207846187e-02 2.120755434625532301e-02 2.014704876839585115e-02 1.949734260532908284e-02 2.369483591076400331e-02 2.054565631501368422e-02 2.130025582308633578e-02 2.199472948591298452e-02 2.088062903096098155e-02 2.078904176191431752e-02 2.047109690845153041e-02 2.077086895412807652e-02 2.058267511230271393e-02 2.076865407120573673e-02 2.165119703690547570e-02 1.997167942875779229e-02 2.061529014055958620e-02 2.244492160778161632e-02 2.403936773870269522e-02 1.964477920580253931e-02 2.320889117047406427e-02 2.136769313206279830e-02 2.157806193422532812e-02 1.974949817731765436e-02 2.216549923206369635e-02 2.169887778545701376e-02 2.138932949641421388e-02 2.025623779592088808e-02 2.286562699992257877e-02 2.093195222109440687e-02 2.290627474523644624e-02 2.162957863411030246e-02 2.318380491287874018e-02 2.266836140075813646e-02 2.078495165569396036e-02 2.007188245987634803e-02 2.153836403516645737e-02 1.986320292306455182e-02 2.034432748651334236e-02 2.206143473367710647e-02 2.230198913911309380e-02 2.125615294642292305e-02 2.286984951443093994e-02 2.009487134649367082e-02 2.308228103935555317e-02 2.160228506222464789e-02 2.079929199908255033e-02 1.933877790199312052e-02 2.102540829655395738e-02 2.101478142882988800e-02 2.088416001898310906e-02 1.989531345915622473e-02 2.159721192537601003e-02 2.567327282791582316e-02 1.938861420851373599e-02 1.915267319403940113e-02 2.213957072658990707e-02 2.088360092691796469e-02 2.288084094536499760e-02 2.009885512019739945e-02 1.959719570590330931e-02 2.231740366928684077e-02 2.029012958893561952e-02 2.150043120405049218e-02 2.273923198334086918e-02 2.202030084913558783e-02 2.062843533379966204e-02 2.253714216923311670e-02 2.016612498619698920e-02 2.170210009925278502e-02 2.105619757498247702e-02 2.084210365543684787e-02 2.169829821847340384e-02 2.172355055619816858e-02 2.081850370087004118e-02 2.036071406185916213e-02 2.295957842098561574e-02 2.073361988311813592e-02 2.146633354655689066e-02 2.096129802062320774e-02 2.260363728997780153e-02 2.449394489593833407e-02 1.864895389162685505e-02 2.320657442963949477e-02 2.202340447121902550e-02 2.011281903695339227e-02 2.096338665185419614e-02 2.035544296034922512e-02 2.045670810965580580e-02 2.441290346916315246e-02 2.027854221286455594e-02 2.080573195189933111e-02 2.027180988712742188e-02 2.133500262412063933e-02 1.993845391664987240e-02 2.058056090628914911e-02 2.000855168985815960e-02 2.029623596861980517e-02 2.037401253756138120e-02 2.047911574927035322e-02 2.195242828176514546e-02 1.924722087737877965e-02 2.119439723949563883e-02 2.163542768171098155e-02 2.290179100783232280e-02
