0.000000000000000000e+00 1.477843886320359505e-02 1.511283992195796080e-02 1.496703010252044448e-02 1.556079528154934166e-02 1.562554930083833588e-02 1.662990423102000959e-02 2.022206057181548736e-02 1.685309052861922244e-02 1.641369705632598347e-02 1.894268263294832111e-02 1.577063992402331222e-02 1.640350443284866594e-02 1.424024347000114703e-02 1.694387551178534387e-02 1.602614686726118454e-02 1.462306014807886537e-02 1.687505487609814933e-02 1.513377563459303299e-02 1.666648510512747441e-02 1.950388577944358812e-02 1.729360328063346552e-02 1.500967000030207360e-02 1.547240460840725897e-02 1.603100252079578403e-02 1.506479651038118706e-02 1.474938359109604670e-02 1.666178075091609423e-02 1.780733039925395944e-02 1.699343246531500110e-02 1.613449067530752304e-02 1.426373548496775653e-02 1.525896467424436333e-02 1.620215284890480154e-02 1.448876450123182114e-02 1.616118635391182098e-02 1.749986756384291908e-02 1.589324761833266902e-02 1.893672162234970313e-02 1.440836417698098358e-02 1.658083126994431070e-02 1.479750422011603429e-02 1.533854112532207804e-02 1.580987459263067177e-02 1.783975294888063071e-02 1.609425349983248377e-02 1.685320238515444075e-02 1.658924661049642618e-02 1.416230295687593080e-02 1.602827664984989367e-02 1.593569880922205903e-02 1.658742598700135851e-02 1.673832197383418041e-02 1.559285049087484436e-02 1.542533177950776609e-02 1.491095517372622269e-02 1.578031189755201014e-02 1.464935078946801028e-02 1.537533568969810978e-02 1.508758321984983441e-02 1.549752047813644958e-02 1.704476685771246988e-02 1.757954312671378139e-02 1.603388455644791377e-02 1.638285385157102134e-02 1.468530771206876494e-02 1.652536573449140886e-02 1.964638123373807499e-02 1.547452227824086708e-02 1.624962187559751692e-02 1.525606775899458929e-02 1.708586574834718499e-02 1.509072143010027622e-02 1.470475014127426913e-02 1.678136713730739304e-02 1.628979801700897179e-02 1.541807625067910005e-02 1.778212248087862601e-02 1.601935338193632291e-02 1.634187513257763513e-02 1.596792191678479342e-02 1.622912139805548007e-02 1.632054944214862344e-02 1.592143992496479477e-02 1.462346935245830218e-02 1.516648478970312151e-02 1.741722057768768650e-02 1.547313457758622487e-02 1.613852523425999760e-02 1.497443619164709472e-02 1.518492664617490141e-02 1.713888111795876940e-02 1.495018208549866133e-02 1.540632478058923810e-02 1.696349206935015425e-02 1.645419225322138079e-02 1.538606705852433969e-02 1.492656884353448475e-02 1.872773370796172732e-02 1.764799800628740617e-02 1.676215190681783554e-02 1.452031141536957656e-02 1.838575399834685778e-02 1.588336911333133178e-02 1.517995995615961657e-02 1.601098278583113974e-02 1.479212534401394379e-02 1.749269175756068551e-02 1.674647073671044553e-02 1.567162985746702389e-02 1.554343934756929370e-02 1.707121904999017725e-02 1.423142602170765145e-02 1.598802697308453202e-02 1.640325466047865693e-02 1.604665143001747160e-02 1.373353497968842277e-02 1.669203956165440234e-02 1.554234693756057807e-02 1.424046999103465577e-02 1.731576159296402406e-02 1.726034367454997581e-02 1.638018136034392197e-02 1.531412585708987438e-02 1.667267374544832356e-02 1.581224903889281302e-02 1.886579239911193029e-02 1.449046400968235192e-02
1.477843886320359505e-02 0.000000000000000000e+00 1.466674039822336677e-02 1.451328964202982554e-02 1.513979907480493201e-02 1.554635806130867139e-02 1.631685232898138355e-02 1.992197673682688866e-02 1.614858913625358272e-02 1.602072724534968698e-02 1.865697710159392592e-02 1.534831927183035946e-02 1.605304332051981156e-02 1.384091953207330049e-02 1.699655032736738930e-02 1.523886315584861879e-02 1.444348129660389182e-02 1.612217726302770521e-02 1.468672888381447605e-02 1.668708632416212451e-02 1.965506614148386511e-02 1.696752660168608304e-02 1.495223460780394434e-02 1.496313975231415745e-02 1.558765892608607317e-02 1.427549289180263074e-02 1.460907666044228975e-02 1.667684339157749288e-02 1.739806633215757597e-02 1.660819202883133741e-02 1.575022968375220864e-02 1.410327858720014475e-02 1.486275356386992236e-02 1.588328447216984587e-02 1.380888263933591383e-02 1.579455821241006891e-02 1.719923568555109181e-02 1.557533553777823258e-02 1.866807692332759019e-02 1.423326278901959618e-02 1.614309756355872261e-02 1.404172808295890869e-02 1.499763790493083802e-02 1.544261934439776669e-02 1.757648881288150292e-02 1.578013399262296126e-02 1.651923399455061323e-02 1.664556831831700764e-02 1.367042818096647454e-02 1.557498991564544404e-02 1.525875353715490899e-02 1.662424044511313578e-02 1.640208052209307307e-02 1.522621590302165526e-02 1.501650977617526549e-02 1.486919241407077749e-02 1.544050173465609348e-02 1.425386584658283086e-02 1.495477269975896244e-02 1.466186228642053432e-02 1.512541884878909962e-02 1.671500142608981637e-02 1.683852211681748784e-02 1.564040178384992069e-02 1.592866910972885741e-02 1.422846221578020348e-02 1.613751025362045524e-02 1.943770115009116686e-02 1.551646228280932627e-02 1.548944926159325115e-02 1.481866602851963748e-02 1.719866071753920617e-02 1.468321334803632597e-02 1.424996282732277422e-02 1.643162257779440596e-02 1.599019346512643366e-02 1.532112036254661309e-02 1.746021371692383500e-02 1.596924591622841255e-02 1.594132701895285484e-02 1.522687177191693955e-02 1.586163791787714716e-02 1.581356174649010612e-02 1.520010868924930383e-02 1.417586598498969327e-02 1.443910788249814711e-02 1.713643371425537312e-02 1.509789051592617080e-02 1.540190173961351883e-02 1.452950459177820494e-02 1.512576774960651925e-02 1.681851184696001381e-02 1.461008032746479411e-02 1.510305296315181574e-02 1.622927122147918566e-02 1.603622604176460284e-02 1.506012984347145263e-02 1.471881262923472808e-02 1.887939223861127835e-02 1.735425996899697329e-02 1.689609258517760573e-02 1.408602876405945503e-02 1.803309228244208418e-02 1.513113989606445185e-02 1.477673648901054598e-02 1.526397804692218411e-02 1.435843299977481585e-02 1.712847645632665367e-02 1.634764625171302582e-02 1.533814159640654526e-02 1.508019208869329844e-02 1.675780786811672390e-02 1.403529597593965519e-02 1.530602989186687773e-02 1.571452363324210566e-02 1.562712149280541529e-02 1.325490888169589786e-02 1.634202388739290981e-02 1.519602825331641850e-02 1.378830580801573835e-02 1.659471433128982543e-02 1.685771467141569668e-02 1.567323759349055837e-02 1.530277573761142096e-02 1.632073538825994444e-02 1.503804157370319805e-02 1.856157469781308245e-02 1.403954192946691229e-02
1.511283992195796080e-02 1.466674039822336677e-02 0.000000000000000000e+00 1.452516428146960123e-02 1.509330196267088392e-02 1.521299656780846984e-02 1.627822683596229919e-02 1.996394298599679304e-02 1.651428003939608286e-02 1.599612040415286304e-02 1.907884956489596176e-02 1.562851895637440078e-02 1.602592804567425089e-02 1.379877135967837350e-02 1.693635330290697849e-02 1.558339995998108893e-02 1.417269799642806825e-02 1.608311288061480687e-02 1.438118751832651206e-02 1.665158661997020659e-02 1.955293339004232633e-02 1.660481174278371011e-02 1.488695143771341656e-02 1.498170288832773034e-02 1.524001133206207524e-02 1.455590309170927063e-02 1.457716455676748638e-02 1.665482954530374954e-02 1.694893664548023302e-02 1.656739134785634865e-02 1.569486999334617286e-02 1.410901566889559422e-02 1.490703463236411376e-02 1.582106975578926461e-02 1.375143963467587681e-02 1.582421271310687633e-02 1.723058596529921521e-02 1.548175341298098015e-02 1.867258321430463955e-02 1.390711831146674779e-02 1.611991294298526639e-02 1.434502807150963427e-02 1.504900963341422766e-02 1.540646519996029772e-02 1.754169693714613051e-02 1.577475432357566126e-02 1.684810886272068015e-02 1.619750208959940332e-02 1.367901759921575158e-02 1.554502432396873135e-02 1.556792772889090647e-02 1.626703057903526248e-02 1.639072177084278589e-02 1.556598131408278712e-02 1.502271017700819965e-02 1.451161118213312694e-02 1.537009841780738982e-02 1.422745039229712273e-02 1.499315330612576921e-02 1.492165320274537084e-02 1.508448631219464799e-02 1.664283456581681572e-02 1.678794254503106556e-02 1.596179155546941300e-02 1.599656035728536790e-02 1.420207164418611258e-02 1.611502888131575648e-02 1.941787469100083111e-02 1.541916484930917416e-02 1.579468350933127194e-02 1.445626426952411996e-02 1.724760454652192118e-02 1.460097310525914835e-02 1.399910698999744935e-02 1.598722355709238443e-02 1.595100024230383662e-02 1.487857210269299783e-02 1.747547738479564641e-02 1.596463917046921435e-02 1.597885187162591605e-02 1.556077123171937734e-02 1.588319242176245219e-02 1.622585367132322459e-02 1.515833837189932594e-02 1.387221846397880716e-02 1.476606480129861836e-02 1.711379704775285726e-02 1.504469420456621201e-02 1.536429029717568777e-02 1.453537161062484762e-02 1.477172912361581110e-02 1.679913091202613756e-02 1.486726052615423496e-02 1.506239167468537143e-02 1.617546157754926051e-02 1.561880141342967404e-02 1.506660700587185604e-02 1.443845144918253810e-02 1.837727122710752087e-02 1.734149893231722028e-02 1.646603696689372467e-02 1.408757984422617966e-02 1.807194536336939952e-02 1.546769098767990756e-02 1.475769213213819382e-02 1.523000972473430997e-02 1.465927898019242330e-02 1.706995639900692890e-02 1.637149932519562506e-02 1.489908233277475146e-02 1.546054649975375957e-02 1.670167767556832508e-02 1.395787195850446520e-02 1.526130004189790897e-02 1.565703390036502982e-02 1.568960211502406707e-02 1.302460602966032908e-02 1.587066015904581989e-02 1.553703892956144993e-02 1.378981857200046145e-02 1.656857470592165704e-02 1.684514363546911822e-02 1.600238565197844437e-02 1.527727366174311610e-02 1.630961779104550882e-02 1.497270159775762437e-02 1.847543608284361524e-02 1.438318344453911983e-02
1.496703010252044448e-02 1.451328964202982554e-02 1.452516428146960123e-02 0.000000000000000000e+00 1.494181170762670305e-02 1.538623520758738462e-02 1.578012153602706760e-02 1.984781154071509762e-02 1.631989208417614426e-02 1.586908131860969087e-02 1.848847683333820768e-02 1.554831760138550983e-02 1.546687736907250733e-02 1.384742276977668322e-02 1.638166503850191358e-02 1.546892864211545267e-02 1.425446826397037264e-02 1.625730479268329420e-02 1.450203816902366494e-02 1.655860677659916694e-02 1.950271162505566938e-02 1.683749913018798422e-02 1.466594165368795277e-02 1.478510720601437615e-02 1.543218605051264666e-02 1.438569976065369981e-02 1.438350551015562390e-02 1.646332785521100947e-02 1.722555304570962814e-02 1.607084876369645546e-02 1.546843369638056624e-02 1.362387606721466096e-02 1.470867746872510373e-02 1.571055149277769333e-02 1.360579149995103272e-02 1.564762484335793097e-02 1.700613562856050781e-02 1.531817898034192223e-02 1.861107596991041710e-02 1.399135405093623538e-02 1.606635642274855877e-02 1.385620478525276950e-02 1.487086588278253678e-02 1.524542553582578126e-02 1.729521579746468377e-02 1.561978193905819330e-02 1.670623641375526894e-02 1.611509782603157484e-02 1.349794185673751888e-02 1.511711701823595377e-02 1.511081010010899284e-02 1.653662747865281349e-02 1.632811488128465757e-02 1.505822147190124041e-02 1.487772638140118057e-02 1.423195572021297185e-02 1.522124122897003558e-02 1.403586821862253149e-02 1.484760196678731881e-02 1.441701680433393751e-02 1.493798812326532777e-02 1.660534216865186194e-02 1.662734261220378054e-02 1.552177758851946109e-02 1.584264808119709156e-02 1.431592462764191831e-02 1.591898005105001068e-02 1.927193079618493357e-02 1.487333956316817113e-02 1.565098759686869151e-02 1.461758682134857434e-02 1.661582453638347709e-02 1.441735497435731213e-02 1.379149679703023379e-02 1.587138470265694185e-02 1.622448755192000894e-02 1.516521091788018173e-02 1.770468890456995681e-02 1.544532597540028765e-02 1.577549268431817711e-02 1.534499897293261327e-02 1.603507301507361982e-02 1.571391533632956680e-02 1.531739671315661758e-02 1.367088866952536653e-02 1.419622469177358667e-02 1.695496986639554240e-02 1.524185299571041881e-02 1.556272398896204473e-02 1.434280693880088386e-02 1.487443324499394294e-02 1.672934641126885835e-02 1.435919451415187779e-02 1.487402486199966740e-02 1.605940129896090904e-02 1.580856249120681997e-02 1.519165497454195470e-02 1.462616159688875928e-02 1.829523629013254937e-02 1.717644580237847121e-02 1.626538748116685557e-02 1.420237410263174190e-02 1.800017168784400975e-02 1.492566651806024290e-02 1.456807928717515806e-02 1.515098175259054110e-02 1.446760968025413534e-02 1.736312583530635889e-02 1.587678042320845098e-02 1.479805105992144931e-02 1.494999313353637116e-02 1.701388021625377736e-02 1.355378786425771517e-02 1.510734277554250278e-02 1.554676528778038518e-02 1.559435581290348830e-02 1.278694544062379188e-02 1.577014810780580367e-02 1.539919987556392401e-02 1.359333457970102708e-02 1.645882091931063357e-02 1.635699056527415568e-02 1.558558602026570081e-02 1.478241063658397234e-02 1.656537398537216363e-02 1.492722403152773637e-02 1.839364150513173382e-02 1.386284815085252545e-02
1.556079528154934166e-02 1.513979907480493201e-02 1.509330196267088392e-02 1.494181170762670305e-02 0.000000000000000000e+00 1.586088525010203448e-02 1.662957497734974394e-02 2.015987731391314861e-02 1.643668459507515930e-02 1.601734006002994773e-02 1.939987112408299297e-02 1.605579787505637471e-02 1.635063254103503658e-02 1.448966491698208160e-02 1.737584955078612034e-02 1.555421159955142074e-02 1.487345352583242797e-02 1.679094702244756515e-02 1.475476162805233575e-02 1.663423905019404195e-02 1.939791804727825086e-02 1.697679587499583906e-02 1.535422415976015441e-02 1.538690586340279998e-02 1.598094976224882433e-02 1.498034358836187498e-02 1.506207428836457522e-02 1.704468203075251709e-02 1.774220511386502899e-02 1.694923589816730095e-02 1.611236181265860573e-02 1.454418634654049136e-02 1.523587511150982163e-02 1.620751623928087456e-02 1.421184127634299993e-02 1.662650244290235155e-02 1.747328523714317128e-02 1.586416443462817030e-02 1.905311725493299621e-02 1.458375741832571362e-02 1.654141484827669970e-02 1.442941010461194426e-02 1.539006582267661398e-02 1.614114287579304294e-02 1.782899310626494607e-02 1.608455237633125631e-02 1.685737672822357203e-02 1.651512666181753977e-02 1.412393146007371453e-02 1.553492210692451400e-02 1.566788765858762034e-02 1.658800196465870513e-02 1.672179591810143626e-02 1.564102430254640450e-02 1.542948010918207026e-02 1.484038568502669443e-02 1.615238438530476953e-02 1.467202419434327637e-02 1.537393404952989984e-02 1.502500373584382543e-02 1.544980057891219387e-02 1.747408742902016934e-02 1.718610221206596025e-02 1.598728383838238926e-02 1.637720775143821500e-02 1.458798057179946234e-02 1.608688381302031400e-02 1.965330259645376582e-02 1.585551612051103523e-02 1.618014810312438240e-02 1.523629828493589140e-02 1.710689019135628458e-02 1.505671372779564948e-02 1.445351077073063484e-02 1.641796265503171759e-02 1.635854882657303624e-02 1.531368950922479093e-02 1.820053796963311266e-02 1.595367683546820847e-02 1.624102375527652908e-02 1.585690284906289896e-02 1.610963057378346497e-02 1.623263927950399990e-02 1.591247932501951498e-02 1.431624364475819408e-02 1.505436100539138400e-02 1.738908847392475060e-02 1.549494060815276644e-02 1.573948254805187727e-02 1.502782638186229459e-02 1.552510236056933550e-02 1.761237729505094746e-02 1.497983258416582530e-02 1.584687721686608639e-02 1.651274390821883334e-02 1.600699024608751367e-02 1.539323526786336681e-02 1.487258776380198828e-02 1.872315007548668378e-02 1.808100165752307698e-02 1.679522048760870648e-02 1.483689916192925881e-02 1.828880371285747722e-02 1.559155287134341913e-02 1.484543084138578890e-02 1.602735883210479328e-02 1.473705478366608632e-02 1.745741642455633097e-02 1.629172355879892481e-02 1.535861486241210487e-02 1.589442470768248281e-02 1.701223309504479655e-02 1.450379666412164245e-02 1.559070939036691361e-02 1.605820699586182898e-02 1.606857098614069418e-02 1.349752230116826185e-02 1.670429995535261183e-02 1.595224765734334568e-02 1.421201096184739054e-02 1.728860791365726887e-02 1.679647759260223180e-02 1.607512636218662999e-02 1.535046888313354799e-02 1.659329861460213593e-02 1.543170164843956499e-02 1.876032709452190098e-02 1.477068039945449857e-02
1.562554930083833588e-02 1.554635806130867139e-02 1.521299656780846984e-02 1.538623520758738462e-02 1.586088525010203448e-02 0.000000000000000000e+00 1.699969111886908898e-02 2.102377562562740901e-02 1.671736650072237068e-02 1.634009752161098145e-02 1.921417516503435771e-02 1.652975820720799585e-02 1.670302822817738148e-02 1.496404576732210216e-02 1.769388934564330301e-02 1.635038045584867941e-02 1.533129913960644582e-02 1.714998502238567965e-02 1.552968396005253993e-02 1.698420979396845706e-02 2.029537349521990525e-02 1.725367982516931922e-02 1.573729927811827120e-02 1.576797852592360868e-02 1.631698212048952532e-02 1.547006016216179343e-02 1.511154734188782135e-02 1.740204095135787846e-02 1.811960909537971634e-02 1.687633547891101427e-02 1.644319228550436551e-02 1.501372021943597757e-02 1.564361857726956351e-02 1.654473282274191923e-02 1.466346378399810413e-02 1.702011263918069145e-02 1.777201688411757588e-02 1.623886608417826963e-02 1.931489974225027162e-02 1.474933630833656466e-02 1.688362945191655348e-02 1.490342162884796505e-02 1.581853294795878412e-02 1.652571709862681384e-02 1.805069708481370563e-02 1.651546590770686454e-02 1.716740373065724079e-02 1.689060848694211303e-02 1.455557758834187879e-02 1.596806697741642855e-02 1.602127950083366906e-02 1.697650599802123100e-02 1.713478812282286448e-02 1.599235225168777613e-02 1.614631487032960541e-02 1.528825305194822862e-02 1.613612104451806264e-02 1.539842496705592749e-02 1.578235696501873592e-02 1.541335257656748121e-02 1.586820398600154516e-02 1.788964590626041656e-02 1.753036293182019117e-02 1.640459151320820472e-02 1.668287123048897008e-02 1.491364345692357263e-02 1.686512570002386691e-02 1.989282617376615311e-02 1.620399849023581099e-02 1.620399554439953121e-02 1.533546337032460315e-02 1.741958287204678837e-02 1.542127394881428852e-02 1.514692698026183677e-02 1.715083207720296751e-02 1.673668355125674384e-02 1.568970644081616947e-02 1.855862880295076206e-02 1.637421686862779516e-02 1.661110356439753077e-02 1.589865663155086428e-02 1.697297517291780286e-02 1.656300096773168432e-02 1.595221405121678357e-02 1.469880211675168163e-02 1.553159069540729041e-02 1.773202791338003570e-02 1.624907148143081570e-02 1.613019906911259890e-02 1.574550843917956952e-02 1.553976486364654248e-02 1.799678278236754511e-02 1.535386865063976744e-02 1.585147132804707801e-02 1.691026462878948006e-02 1.644601593799777106e-02 1.582734607220957768e-02 1.529947258760354020e-02 1.898899292229259614e-02 1.795309973521980185e-02 1.715215673023055484e-02 1.495040895564201180e-02 1.856463761681999627e-02 1.592988101979825322e-02 1.525385804590778487e-02 1.601014517565193043e-02 1.548198038497369811e-02 1.777647615863011191e-02 1.671301923377715645e-02 1.615880237005253711e-02 1.593478695709110715e-02 1.736824383821837167e-02 1.493859369315901978e-02 1.644213402516435732e-02 1.646979534296868011e-02 1.642110889381753064e-02 1.398557441274333665e-02 1.663205626119931141e-02 1.598180101433737885e-02 1.496111434085194668e-02 1.724579186404217104e-02 1.723630357554351705e-02 1.640902834195551857e-02 1.618108138605987151e-02 1.700600010120286928e-02 1.618196626850930409e-02 1.906423489787775066e-02 1.521214391271346993e-02
1.662990423102000959e-02 1.631685232898138355e-02 1.627822683596229919e-02 1.578012153602706760e-02 1.662957497734974394e-02 1.699969111886908898e-02 0.000000000000000000e+00 2.156809631964460433e-02 1.782739853999159088e-02 1.738804695252682900e-02 2.031873473614883782e-02 1.669872547402041774e-02 1.736000779799434096e-02 1.572942130997538254e-02 1.782986305317183287e-02 1.698019887656683144e-02 1.572447869771741863e-02 1.730710742857944837e-02 1.616038825604588711e-02 1.757686924410915494e-02 2.010789749921495714e-02 1.788325471640334757e-02 1.601868285070481498e-02 1.649318272271107361e-02 1.709183625648963770e-02 1.614772199339678180e-02 1.619511837460612183e-02 1.791549258055466151e-02 1.867096821912560614e-02 1.792181691158532819e-02 1.674269689652644472e-02 1.574136827021898818e-02 1.632330381006658407e-02 1.711912793194832194e-02 1.541055709836713916e-02 1.714549887861007565e-02 1.837416852938416473e-02 1.689757713865245800e-02 1.978803805276367969e-02 1.548834842512735593e-02 1.755028149301930337e-02 1.561420003164052869e-02 1.641602278581552957e-02 1.686242319472774573e-02 1.877991557242272500e-02 1.712362790293489936e-02 1.767118421675600154e-02 1.750709457829579402e-02 1.566185764272759115e-02 1.664408595304859434e-02 1.667618717772907308e-02 1.746878191136470165e-02 1.771169427035390598e-02 1.660161924535241695e-02 1.639660466577132561e-02 1.600299050379995827e-02 1.678634087821409202e-02 1.578266455631021498e-02 1.692436207808989748e-02 1.611749054368575781e-02 1.656699292870376233e-02 1.795979556080003203e-02 1.810165534929335587e-02 1.698704492618953454e-02 1.730176556511842448e-02 1.611015770555843454e-02 1.701481959920431858e-02 2.036898645133424987e-02 1.649115574705687509e-02 1.682695506080271464e-02 1.597234064011848753e-02 1.801852612532364381e-02 1.651530720325529097e-02 1.552766968647833340e-02 1.769599025588663652e-02 1.724109350912409258e-02 1.640360533763766948e-02 1.870645170582112271e-02 1.694520356062039976e-02 1.724187427623255497e-02 1.662371308317992652e-02 1.714395644612332417e-02 1.724009116984276391e-02 1.661547253803771773e-02 1.576457718864630528e-02 1.589686199022970897e-02 1.880851043942772388e-02 1.691250696533762310e-02 1.677051315195944581e-02 1.646406646915214364e-02 1.619936253609800120e-02 1.858913534424024017e-02 1.645973855794227031e-02 1.647633602995889762e-02 1.740604822446738600e-02 1.702110316739376128e-02 1.644404862803894654e-02 1.599430045352529667e-02 1.943124296561100917e-02 1.842446520774074573e-02 1.773820914727779544e-02 1.568541101892934400e-02 1.915689125130589504e-02 1.700721121181581613e-02 1.634927556366401469e-02 1.707925288434510372e-02 1.579416553031944698e-02 1.886008158823134634e-02 1.730819345649303731e-02 1.679997325577625364e-02 1.652393757286336334e-02 1.797520949656651948e-02 1.531541744916355141e-02 1.704128521944233907e-02 1.700386670752827498e-02 1.755587837456570183e-02 1.471782132592658159e-02 1.767760100111329460e-02 1.661258417539742197e-02 1.536721646800623571e-02 1.765994531284425378e-02 1.773580568780943820e-02 1.746244625558169075e-02 1.634883454626698956e-02 1.760720322886486985e-02 1.640306581052640433e-02 1.953416925188105821e-02 1.598236164841094348e-02
2.022206057181548736e-02 1.992197673682688866e-02 1.996394298599679304e-02 1.984781154071509762e-02 2.015987731391314861e-02 2.102377562562740901e-02 2.156809631964460433e-02 0.000000000000000000e+00 2.117711930329273934e-02 2.148066874712223698e-02 2.375116767389660183e-02 2.056325682465684826e-02 2.136710603720962456e-02 1.947850953653971345e-02 2.132621444840411551e-02 2.046079965120666325e-02 1.982558400928769587e-02 2.159574863564325473e-02 2.035686694571827229e-02 2.118414053600242708e-02 2.323947778994107927e-02 2.137314872428324602e-02 2.062652168413121878e-02 2.064712247424017877e-02 2.107897737635558433e-02 2.030855125172203665e-02 2.041277674096642764e-02 2.195209454330054183e-02 2.161561891118950890e-02 2.109482785198283847e-02 2.123374709770799174e-02 1.998678223350696878e-02 2.032580946679697284e-02 2.097561407508826553e-02 1.959855114265263154e-02 2.091021416628630405e-02 2.175049425477517534e-02 2.075705293345512029e-02 2.287641364562031238e-02 1.964422829483297023e-02 2.122015270040827906e-02 1.974402922755714648e-02 2.046683185522223808e-02 2.065459303158843213e-02 2.217406063913918840e-02 2.089882458452844982e-02 2.148498293409794799e-02 2.128349618414228372e-02 1.944382163288779081e-02 2.057989628675140417e-02 2.051668055965613982e-02 2.125602083412756957e-02 2.132985370193621680e-02 2.052045353885708148e-02 2.041349299596003503e-02 2.004512949653107154e-02 2.063639421717302150e-02 1.983934684551524191e-02 2.036139551496964420e-02 2.010524555098569879e-02 2.036977195917599390e-02 2.160281567219393337e-02 2.160310732003792311e-02 2.075641109948209509e-02 2.089750559288710424e-02 2.030179948865040024e-02 2.088729484239925521e-02 2.445802355951942272e-02 2.099142626306395309e-02 2.068358960971175900e-02 1.993580207284068040e-02 2.162214171920860684e-02 2.015751526694290613e-02 2.013370251953251061e-02 2.105527349750104665e-02 2.098520053166647720e-02 2.087413078923212179e-02 2.192662942713793223e-02 2.074623398129656765e-02 2.168217334078390360e-02 2.045840786325666891e-02 2.152080651306204073e-02 2.090890093045739972e-02 2.049529665727735719e-02 2.012900705647154009e-02 1.995547989011089984e-02 2.164286890353199835e-02 2.046651043624328828e-02 2.061174943965624756e-02 2.004681954035288441e-02 2.071149039662013858e-02 2.154152506876878467e-02 2.001149369131092343e-02 2.040867243042645759e-02 2.113475644968033224e-02 2.084334848280834651e-02 2.041631647346371994e-02 1.998370771983117022e-02 2.265438608099415788e-02 2.197966568512390792e-02 2.132931857365721537e-02 1.977236051654147203e-02 2.328333095213077145e-02 2.050645422373681762e-02 1.998721773218290615e-02 2.113737203129780265e-02 2.038435928570439190e-02 2.183924150552718838e-02 2.109974061349510072e-02 2.034701121911285104e-02 2.042295374686128179e-02 2.158273720947469221e-02 1.996495500676828683e-02 2.049269850835401530e-02 2.089236565658052214e-02 2.077083039657926650e-02 1.938176614491104663e-02 2.091264637473944435e-02 2.050691284742795287e-02 1.953534823082031524e-02 2.220803100520231041e-02 2.139475595540343486e-02 2.086202766422477761e-02 2.032495391501439388e-02 2.124448678377974589e-02 2.097713839461579077e-02 2.265768352818806758e-02 1.974467510903754261e-02
1.685309052861922244e-02 1.614858913625358272e-02 1.651428003939608286e-02 1.631989208417614426e-02 1.643668459507515930e-02 1.671736650072237068e-02 1.782739853999159088e-02 2.117711930329273934e-02 0.000000000000000000e+00 1.712316205461284283e-02 1.982898375357841983e-02 1.737086549758085074e-02 1.714184126164037744e-02 1.587142667098377646e-02 1.857615915574753820e-02 1.726036657262875959e-02 1.596763914688701519e-02 1.763264340514620124e-02 1.640824553592233961e-02 1.765744578492033437e-02 2.093867852623398224e-02 1.850687145723287075e-02 1.666895505530720939e-02 1.635507738578028877e-02 1.685261722603065629e-02 1.636276138094064012e-02 1.645978479172850728e-02 1.774311214000882583e-02 1.891194086415685927e-02 1.817329653300348360e-02 1.732404811388067734e-02 1.596973698632173783e-02 1.651309690699023433e-02 1.781814887300546546e-02 1.556014109653930735e-02 1.735767842465971156e-02 1.855154500310068552e-02 1.705582872644219317e-02 1.999414732426156582e-02 1.577096195093417863e-02 1.772199115594728230e-02 1.579353815881483908e-02 1.658181795495562369e-02 1.701190243778265970e-02 1.876896578262233703e-02 1.731747515494745648e-02 1.846376725331771995e-02 1.770138195800735267e-02 1.549490693864151621e-02 1.683150770187517853e-02 1.679589067107695177e-02 1.771782384493713128e-02 1.790456413577302605e-02 1.678465115902346913e-02 1.704700561624763674e-02 1.614094546963565704e-02 1.689696147386970243e-02 1.636205097137646489e-02 1.661246621581713781e-02 1.628059284894558395e-02 1.671061619327207995e-02 1.872094997599211413e-02 1.824377300434226051e-02 1.714284513047123829e-02 1.745929667010794398e-02 1.594318455424674486e-02 1.721552540110939805e-02 2.060020978081419929e-02 1.671184832627381489e-02 1.703277841607605050e-02 1.660785292407399374e-02 1.819940317528108767e-02 1.661928530037674531e-02 1.577040696338173620e-02 1.803906595107969760e-02 1.803001627812071683e-02 1.663758455774414641e-02 1.887044939463899951e-02 1.761181651727754954e-02 1.740858088442220550e-02 1.670111079700896048e-02 1.730222222185304193e-02 1.742229338343695075e-02 1.724610041542708194e-02 1.563432085616393158e-02 1.607875992309914029e-02 1.848463276556260027e-02 1.712648958600420171e-02 1.694488921087815639e-02 1.659437812563093265e-02 1.642419164973752191e-02 1.815540550556847543e-02 1.662512085579906373e-02 1.714928998257280249e-02 1.762667299918580302e-02 1.715704068595205051e-02 1.665899143708630958e-02 1.620374629791165866e-02 1.960934701727783114e-02 1.862520316267229220e-02 1.779161430693366672e-02 1.589611771974586835e-02 1.931966119361547621e-02 1.710032679758046945e-02 1.605023276575315294e-02 1.689112528716252629e-02 1.602207130532450063e-02 1.901092361354239646e-02 1.744245875179419730e-02 1.710248120670513489e-02 1.675854139094936149e-02 1.815359011571542405e-02 1.563887945733760665e-02 1.729197467017478534e-02 1.766664940580240858e-02 1.769276841774731698e-02 1.495209854347041151e-02 1.746970540215138368e-02 1.685717282921603971e-02 1.560950880129777403e-02 1.850310120111460163e-02 1.791279695919751475e-02 1.715684684902906917e-02 1.660869135440912192e-02 1.777545884495572784e-02 1.716924864573685094e-02 1.976624697488289784e-02 1.581214598865722867e-02
1.641369705632598347e-02 1.602072724534968698e-02 1.599612040415286304e-02 1.586908131860969087e-02 1.601734006002994773e-02 1.634009752161098145e-02 1.738804695252682900e-02 2.148066874712223698e-02 1.712316205461284283e-02 0.000000000000000000e+00 1.950638283351379884e-02 1.697016647274450507e-02 1.709778490981395810e-02 1.505677270261881161e-02 1.814840045632241938e-02 1.643010438247500399e-02 1.573999294544930691e-02 1.762619455265707763e-02 1.554586142326730772e-02 1.786996671294891620e-02 2.000319980762300942e-02 1.811826731138028654e-02 1.582879342164833503e-02 1.630718042454478572e-02 1.679708451135742200e-02 1.590280133568356541e-02 1.593971325494785221e-02 1.728559636441525868e-02 1.795220370036305912e-02 1.730146347479378025e-02 1.639256203960580069e-02 1.541314398488977805e-02 1.645675371350008298e-02 1.738444796426404787e-02 1.500428422357208934e-02 1.689341544564371828e-02 1.870992811795039318e-02 1.659806751469145372e-02 2.019056445599345245e-02 1.523705887584766300e-02 1.726930600086260675e-02 1.563036480553298135e-02 1.613143731072805287e-02 1.655450341990721483e-02 1.847772393104058983e-02 1.676234197904467177e-02 1.745138961965974136e-02 1.721779601911774260e-02 1.508476789298700271e-02 1.634894288209830931e-02 1.639881032887868101e-02 1.729686691592276920e-02 1.746204989314846870e-02 1.630891012519872577e-02 1.655529746404472979e-02 1.560353836109204702e-02 1.650072016603264594e-02 1.554758499104134072e-02 1.618000257773415801e-02 1.623957609824193404e-02 1.626187422233308505e-02 1.777194564225030929e-02 1.779625334287360597e-02 1.674379894878044034e-02 1.714506254371841315e-02 1.539025837312401127e-02 1.675441709593442074e-02 2.017370914152552541e-02 1.619997875188427389e-02 1.658361956013474151e-02 1.610329763930468464e-02 1.780204550191730878e-02 1.592121312148843046e-02 1.561195327365562900e-02 1.753417074874571990e-02 1.759420492584001100e-02 1.608663096575078597e-02 1.843263547011349604e-02 1.673568186217972570e-02 1.695500353886567405e-02 1.634146692781936194e-02 1.686613764482186931e-02 1.750130761894701931e-02 1.637968656232849027e-02 1.512903357033418619e-02 1.561673862854834512e-02 1.863499159017216467e-02 1.664739893340040980e-02 1.658750830070723076e-02 1.575077939079841047e-02 1.588210931534947412e-02 1.783047382744208306e-02 1.617477418192389202e-02 1.624150839734749691e-02 1.730948137154087949e-02 1.715686395761246638e-02 1.621391301820311256e-02 1.571374933764420681e-02 1.927927669117273160e-02 1.825877825682334712e-02 1.746963151727613447e-02 1.574159227757540580e-02 1.887937125977416641e-02 1.632706505842979744e-02 1.604831907921229484e-02 1.628113159472301119e-02 1.554025622206883610e-02 1.814264956070377188e-02 1.700128046142561009e-02 1.612270493985618058e-02 1.671108486836403798e-02 1.775177303103430554e-02 1.507823534620718678e-02 1.688638877648174913e-02 1.677937418166289968e-02 1.725582372459559533e-02 1.441390231147448089e-02 1.745767142428687052e-02 1.639781767443974220e-02 1.543800550374272058e-02 1.763823804184606187e-02 1.796812051459203280e-02 1.671335321712220240e-02 1.654482928193929184e-02 1.732879772450593783e-02 1.609980388720319913e-02 1.944831056519397833e-02 1.539692925766045564e-02
1.894268263294832111e-02 1.865697710159392592e-02 1.907884956489596176e-02 1.848847683333820768e-02 1.939987112408299297e-02 1.921417516503435771e-02 2.031873473614883782e-02 2.375116767389660183e-02 1.982898375357841983e-02 1.950638283351379884e-02 0.000000000000000000e+00 1.991966932836337564e-02 1.960769101916323698e-02 1.858879618046805141e-02 2.084790592420263794e-02 1.984479689196271684e-02 1.851705745972044223e-02 2.043171089086983847e-02 1.903017192430801752e-02 2.061071122690316670e-02 2.218288236859655704e-02 2.022324842291568087e-02 1.918478229052789780e-02 1.884086723004967448e-02 1.915102797768420198e-02 1.899848740538032099e-02 1.894190116304256266e-02 1.990202267495308486e-02 2.113509506610032965e-02 2.065066680831005932e-02 1.924352985649241399e-02 1.818958220733129724e-02 1.903759904288548563e-02 1.975072913023088669e-02 1.821868971859498879e-02 1.970276773953783672e-02 2.064938294158528281e-02 1.942747988656797278e-02 2.192939281531947407e-02 1.839122209789447251e-02 1.996701080101770734e-02 1.844031459835061143e-02 1.911847278531541433e-02 1.935871920108642869e-02 2.094343674428700980e-02 1.959573265891862218e-02 2.015002188782317669e-02 1.997889703361797192e-02 1.820332157316564489e-02 1.927779729440298392e-02 1.929337023285819519e-02 2.065139585876239053e-02 2.003336059346696313e-02 1.981880002645749345e-02 1.917482042583165333e-02 1.869457136945467182e-02 1.932400765010973409e-02 1.857031218772489667e-02 1.904711437117513617e-02 1.880442689554977578e-02 1.966651660377452537e-02 2.033217601781420539e-02 2.034755262809197912e-02 1.953807507605571578e-02 1.974840000733817796e-02 1.844642753902808047e-02 1.965696411142721020e-02 2.223866068343027108e-02 1.904645553376494230e-02 1.995101941329562034e-02 1.922741347592477751e-02 2.040159569845469839e-02 1.876217105887293540e-02 1.830187581682561626e-02 1.978410921873277953e-02 2.036903022011541872e-02 1.901555074027867775e-02 2.086799277267756617e-02 2.009069248203941213e-02 1.958640329741502886e-02 1.973088970815330828e-02 2.021373983807160310e-02 1.976026262914616985e-02 1.919628506904239029e-02 1.862504519652285334e-02 1.902077945234000728e-02 2.126972392358262090e-02 1.904577029592695661e-02 1.930517989265561479e-02 1.867199534802531022e-02 1.937615084528088172e-02 2.035658052412503069e-02 1.879830714564640834e-02 1.904039420169461455e-02 2.056318335557773269e-02 1.947769514521451376e-02 1.915444243186325071e-02 1.873260100014243271e-02 2.171255330364077821e-02 2.072793163864024985e-02 2.010044170137512479e-02 1.848799571781015866e-02 2.206849117985388783e-02 1.912383477866220344e-02 1.877178643923099743e-02 1.921306354793359678e-02 1.862875081754816753e-02 2.074613031589620307e-02 1.981485536993592145e-02 1.908218127077433712e-02 1.920359265342153759e-02 2.041203833090412048e-02 1.855531124677690241e-02 1.928129267188258972e-02 1.960913096547594464e-02 1.959244050244409244e-02 1.762947995538095489e-02 1.977969043609164798e-02 1.925656433788714567e-02 1.824132297705343894e-02 2.023236302885536228e-02 2.018058634195031217e-02 1.961905033178852967e-02 1.907128454296399753e-02 2.007485752627946943e-02 1.917479578114889699e-02 2.254639214095224484e-02 1.838827807131739739e-02
1.577063992402331222e-02 1.534831927183035946e-02 1.562851895637440078e-02 1.554831760138550983e-02 1.605579787505637471e-02 1.652975820720799585e-02 1.669872547402041774e-02 2.056325682465684826e-02 1.737086549758085074e-02 1.697016647274450507e-02 1.991966932836337564e-02 0.000000000000000000e+00 1.643308330274147883e-02 1.509633118034065490e-02 1.782860695895730277e-02 1.616968298328352524e-02 1.546821900440296937e-02 1.681352352957009300e-02 1.566865753394912006e-02 1.703507786989873901e-02 2.027853854493844379e-02 1.794313079282673293e-02 1.593259578360783218e-02 1.600076329223584087e-02 1.660446318482508565e-02 1.556544722310589969e-02 1.564196163513324050e-02 1.757795933459464777e-02 1.761637782779453681e-02 1.699556218269537497e-02 1.659666680395092964e-02 1.518982965953451572e-02 1.590504414718870926e-02 1.670272994902011546e-02 1.481393804351937606e-02 1.667491850226908087e-02 1.793825606735273762e-02 1.682231311737971552e-02 1.933365031435740206e-02 1.497216605139921851e-02 1.695188415750517943e-02 1.505910034003316716e-02 1.591681240819890070e-02 1.629900445588318425e-02 1.877458505763875130e-02 1.660542173773444166e-02 1.723260022441151437e-02 1.710403201796726821e-02 1.473768814429789881e-02 1.653612528895957376e-02 1.614056334998947156e-02 1.699434216812727161e-02 1.722601850264374873e-02 1.612123445471300848e-02 1.592420210812931988e-02 1.579397266395365929e-02 1.624023068697321229e-02 1.523878503997550329e-02 1.599539210421056790e-02 1.559514755893702878e-02 1.602426081891954873e-02 1.747163096219263301e-02 1.760693445813341432e-02 1.651448478462742148e-02 1.724407777886964588e-02 1.518684225462537188e-02 1.659415438800451725e-02 2.005899537533690699e-02 1.636415917414028517e-02 1.631220834566559155e-02 1.538881361143946448e-02 1.801812687929970486e-02 1.594732305508476597e-02 1.495887871838701838e-02 1.688082145233316816e-02 1.679947234128922190e-02 1.583105412331529613e-02 1.870670528088951359e-02 1.690573547681441594e-02 1.669342442326909870e-02 1.645119483748521891e-02 1.659531659139040771e-02 1.714282268892923858e-02 1.639403104673994860e-02 1.486201797263450412e-02 1.573204194453029989e-02 1.838357578348314217e-02 1.592770687043737476e-02 1.660092230536957397e-02 1.551321721563752969e-02 1.601526843071433837e-02 1.757224457217274396e-02 1.587601943879628566e-02 1.636350379995691467e-02 1.687422181557047401e-02 1.643649376760928163e-02 1.596625812698762234e-02 1.540561476877871927e-02 1.917334170867732862e-02 1.809203265998679880e-02 1.728185495346364411e-02 1.508906501307266321e-02 1.876888858871889748e-02 1.652221361586899209e-02 1.545808879614510301e-02 1.663370439226643724e-02 1.529575391069728195e-02 1.784507358037812352e-02 1.683531912400751049e-02 1.593339588438611593e-02 1.602763672115694801e-02 1.755144485587722611e-02 1.480754491438615247e-02 1.613167621309541389e-02 1.652244253502682669e-02 1.654819295305911750e-02 1.414392124458405814e-02 1.686946528394814293e-02 1.617396421691362149e-02 1.514591712830663794e-02 1.739063433475027468e-02 1.733609397286268311e-02 1.702646117464828857e-02 1.585027058198208369e-02 1.712109718477452733e-02 1.592985236023517631e-02 1.915455361798924089e-02 1.509170237873615553e-02
