0.000000000000000000e+00 9.668781006879808779e-03 1.374655388741573454e-02 1.450788914119919074e-02 1.274592576577296930e-02 1.364800973887367666e-02 9.368687242195366735e-03 1.478275612321505034e-02 1.240123147792997205e-02 1.452548629828546121e-02 1.089526289148165343e-02 2.493413336523449264e-02 1.786263048511655543e-02 1.762193291262324768e-02 1.316073057300212214e-02 2.019874241891487371e-02 2.113038171023705336e-02 1.348531285784649626e-02 2.322010709445362919e-02 1.750256758610775273e-02 1.601198070385321734e-02 2.163630416648359284e-02 1.436370519340239744e-02 1.233983839838680673e-02 1.344057966943030223e-02 2.220444667366252775e-02 1.592098482429649478e-02 1.338151825936888598e-02 2.166985447625140171e-02 1.009714568587723356e-02 1.432891575950535207e-02 2.649182758490760056e-02 2.224742606009715365e-02 2.930743065090876676e-02 2.357566526503565227e-02 1.814269469841148924e-02 2.819072761831723992e-02 2.471242038049610221e-02 3.014385050069014194e-02 3.048948267996541908e-02 2.917018275160290428e-02 3.388042342568736015e-02 1.854631141455661755e-02 2.489986160488612613e-02 1.892170260516660638e-02 2.812642579859736536e-02 2.850724869001587322e-02 3.294583444132903605e-02 2.609629130972466321e-02 2.833065952979225977e-02 2.084624428467948820e-02 5.097226808417570226e-02 2.438298072946685699e-02 4.166766228264389554e-02 4.888429180382615480e-02 4.584240866582380697e-02 1.990495809063083307e-02 4.363521105351485935e-02 3.848720564889611395e-02 3.513428588819642734e-02 2.653363178321222621e-02 2.979660813960586033e-02 3.122175126843487747e-02 4.143832382196434294e-02 2.571210522758866912e-02 3.511893176624688445e-02 2.764147500936851506e-02 3.133262093895938794e-02 3.525689871082770405e-02 3.737090137695349423e-02 2.580416159489716185e-02 4.868679068651129288e-02 3.748928682309455446e-02 4.931478718100016506e-02 2.438940665414684669e-02 3.995636602806757615e-02 3.345114504797676996e-02 4.309362163104831639e-02 2.671543723067193107e-02 4.063546613685149744e-02 3.446764257567300899e-02 3.302660628587109071e-02 3.216319788581992190e-02 3.832217319239505232e-02 4.559457929925982839e-02 4.346048875187640687e-02 3.780532560413527032e-02 3.451394403576639458e-02 4.210356411212488187e-02 3.368996126854626599e-02 4.282169735858499388e-02 4.188822545180671819e-02 3.638922137466626960e-02 3.993369075268531077e-02 3.884794704242347518e-02 3.795685519276280340e-02 2.520422872431259814e-02 4.247304589263010965e-02 3.163915400268368233e-02 2.868382075399630166e-02 3.964759803454911274e-02 4.111067620686978397e-02 4.437819276558491177e-02 3.893681826340511520e-02 3.770644621707460592e-02 3.882022806968286194e-02 3.310915935089255024e-02 3.868368233571695819e-02 4.606955012536863292e-02 3.040922344232971364e-02 4.083208400168255453e-02 3.839940587439319430e-02 4.667084362984688650e-02 3.654571385919549303e-02 3.658160331788548603e-02 4.157927904325017104e-02 4.542025979625389370e-02 4.159649210842770312e-02 4.011975408758123446e-02 3.750439354569233552e-02 3.091046180017076664e-02 4.520624246484036823e-02 3.768710219589200411e-02 4.736546799126409996e-02 3.962823692748708437e-02 4.808269025512176137e-02 3.861194684087192186e-02 3.832917802283290071e-02
9.668781006879808779e-03 0.000000000000000000e+00 1.287047733355038866e-02 1.336001695576798445e-02 1.172899770759045467e-02 1.253043681402665928e-02 8.085197845866066990e-03 1.365306699303856473e-02 1.125309306325369268e-02 1.353036959336603208e-02 9.367650063573268113e-03 2.414691262260403037e-02 1.727989513499853663e-02 1.665180895304991388e-02 1.238658435355377042e-02 1.957067419702624919e-02 2.070802219934033198e-02 1.282189727151599769e-02 2.225855128277529071e-02 1.693039183988478621e-02 1.534460974943606046e-02 2.032185886739096975e-02 1.377038421110247587e-02 1.149518402999156509e-02 1.279536158811078218e-02 2.182717596157083412e-02 1.493862902884068519e-02 1.220756964096030538e-02 2.099930380440127864e-02 8.950688178692857433e-03 1.349183903081865345e-02 2.580062234135371141e-02 2.145535642010053604e-02 2.865981422272262380e-02 2.313114438461467623e-02 1.701798857908541629e-02 2.760579935168702009e-02 2.408362266202297708e-02 3.018062310755094402e-02 2.999489815471776191e-02 2.872750957397008156e-02 3.271169485121106640e-02 1.797294656548076991e-02 2.441605690817608490e-02 1.820854236560016243e-02 2.711779215788661518e-02 2.825030727172702857e-02 3.292835309175372316e-02 2.533726351071471927e-02 2.822797122188644078e-02 2.039448633824335333e-02 5.114775902934070445e-02 2.389742657322343686e-02 4.161190745361940946e-02 4.915399879840766373e-02 4.546902479940067437e-02 1.927453404993359834e-02 4.372497832506755389e-02 3.855381786364335539e-02 3.474751424616822487e-02 2.611683524557357333e-02 2.929056036451841219e-02 3.048578494734408700e-02 4.102262253987982304e-02 2.542298556914182606e-02 3.403827165114761688e-02 2.670289254292005157e-02 3.091213329739474561e-02 3.503834031457607467e-02 3.731347199944920479e-02 2.522121243479074834e-02 4.824127767464976568e-02 3.688462427420693968e-02 4.941236287732209825e-02 2.390052705229110674e-02 3.880505698521383856e-02 3.297501855958064748e-02 4.268932534566131920e-02 2.624927127091212023e-02 4.013671366353890879e-02 3.415240846650917372e-02 3.245016617233810463e-02 3.154677072338041288e-02 3.797844015107769422e-02 4.527923499989056771e-02 4.316130946995401507e-02 3.647097971923503323e-02 3.397693190956246889e-02 4.172178884245361652e-02 3.267591321108737762e-02 4.283436779624055779e-02 4.150000748623367680e-02 3.583048637955516674e-02 3.949879225791952386e-02 3.838369800524026043e-02 3.812769505368561462e-02 2.468590080700441836e-02 4.184259650220356619e-02 3.130230414496298214e-02 2.778303304780778069e-02 3.842824272537089664e-02 4.123682911779848193e-02 4.328896519700369677e-02 3.850159566434535607e-02 3.744195052311848765e-02 3.832403643492622580e-02 3.256733001440115932e-02 3.796216595971487612e-02 4.632232193446197965e-02 2.967853214235787254e-02 4.036393031120009967e-02 3.725161564403261377e-02 4.628474378450382620e-02 3.648781066155796365e-02 3.679290745228105952e-02 4.104166855639647393e-02 4.429851458880076920e-02 4.096334479209397250e-02 3.962170086003972275e-02 3.707864822089428081e-02 3.066316329930138598e-02 4.395276768505943649e-02 3.724954267689871423e-02 4.632636926311278075e-02 3.959687870461971876e-02 4.764426094780968568e-02 3.741668951579142643e-02 3.786284040280508273e-02
1.374655388741573454e-02 1.287047733355038866e-02 0.000000000000000000e+00 1.645625484924658974e-02 1.535773869504442404e-02 1.609923937126406940e-02 1.293238634480723022e-02 1.711046646054432616e-02 1.535404392115950409e-02 1.637585833606965482e-02 1.406711667487373953e-02 2.620588790024818912e-02 2.045698552429658923e-02 1.977333064236114560e-02 1.625337237302937679e-02 2.193302877785740373e-02 2.254763563510922553e-02 1.571179928162102710e-02 2.447275413582118697e-02 2.036981620425935141e-02 1.802690586661529620e-02 2.296842685251995059e-02 1.672376125986060197e-02 1.523410403664177126e-02 1.637504617775684124e-02 2.374933488582558344e-02 1.829213249776320480e-02 1.605828069741087327e-02 2.321036772330183073e-02 1.352078687951218175e-02 1.706060123417533700e-02 2.843107446622271037e-02 2.371152875753314293e-02 3.096087061645745597e-02 2.510342285428847700e-02 1.936318911577089227e-02 3.036420112250753922e-02 2.716197832447649757e-02 3.253432711806094474e-02 3.271235800883105782e-02 3.023096826300709222e-02 3.430882559859325942e-02 2.033627602560800912e-02 2.722183842422477851e-02 2.051567516758315279e-02 2.866357869428873620e-02 3.003496526437007819e-02 3.424220171436229837e-02 2.714192958690500937e-02 3.029178735328535640e-02 2.238879063247198667e-02 5.182176440916087118e-02 2.584893183466991859e-02 4.258209042655140830e-02 4.990416836310464926e-02 4.696451562671578178e-02 2.145534532246088158e-02 4.469029333367392776e-02 3.977121963714403546e-02 3.621299460554521649e-02 2.814148051330395486e-02 3.225000836419566336e-02 3.237845071697031951e-02 4.249176347402119913e-02 2.752080370507267726e-02 3.568681861202442629e-02 2.832296475298445859e-02 3.257559159643079461e-02 3.655171058113842325e-02 3.854944099838160387e-02 2.734021397968707662e-02 4.952795695161729683e-02 3.842877507661478925e-02 5.033642297506785851e-02 2.571848224864685742e-02 4.001613205141690138e-02 3.479866414965544774e-02 4.411360151088401099e-02 2.791194755638378572e-02 4.189051097298471943e-02 3.585096805575765933e-02 3.402693741602599159e-02 3.311334182384235297e-02 3.970068061128588510e-02 4.667418673725186318e-02 4.476493093280628499e-02 3.817380581897406727e-02 3.529774086087269364e-02 4.331270880772238041e-02 3.371528507808165681e-02 4.358936922132258807e-02 4.297343988016830846e-02 3.708885924613494062e-02 4.100013130193520122e-02 3.989267872185552760e-02 4.073545796048590184e-02 2.677905157503968070e-02 4.288361173140840810e-02 3.281447925998693532e-02 2.962218205560999962e-02 3.994957449848311054e-02 4.227348096098736130e-02 4.487580694678194870e-02 3.999012708364586832e-02 4.023401073445499049e-02 3.983420789253341171e-02 3.435334965833614779e-02 3.972456399117279408e-02 4.735731541178200138e-02 3.146578259793343657e-02 4.198569515271803609e-02 4.002792579349954971e-02 4.746466777510503776e-02 3.813425842162261603e-02 3.783207719486843257e-02 4.270236346938097866e-02 4.588497956549730111e-02 4.242071585168392944e-02 4.105835187542027087e-02 3.841874809142012404e-02 3.243788846064714348e-02 4.537042627076886409e-02 3.877234367285877642e-02 4.928340207185925165e-02 4.077730217003781160e-02 4.907437285977001018e-02 3.898308534002348225e-02 3.927662898963585336e-02
1.450788914119919074e-02 1.336001695576798445e-02 1.645625484924658974e-02 0.000000000000000000e+00 1.554605254390573413e-02 1.669177830107624119e-02 1.358978233440437215e-02 1.773493667461209164e-02 1.533641458679393769e-02 1.702546083456175224e-02 1.423167094656952250e-02 2.718032397599876027e-02 1.953197087113416400e-02 2.042737426068653300e-02 1.634683137775868114e-02 2.255620754582790544e-02 2.407195129361174718e-02 1.664108823625244302e-02 2.481319536982794921e-02 1.949008420110079007e-02 1.780657643990018676e-02 2.308800397686086581e-02 1.753335452073982031e-02 1.572934465939295964e-02 1.618878116261726965e-02 2.495321607385606044e-02 1.824210152025444731e-02 1.655478581303352140e-02 2.293585124598100655e-02 1.393906712350578142e-02 1.707874667332638305e-02 2.764322210654978143e-02 2.378307280886549080e-02 3.033878497219015188e-02 2.495394914059718625e-02 2.057336263831194278e-02 3.063024475200521943e-02 2.641588436640046958e-02 3.305579128600448502e-02 3.215055032649782180e-02 3.059240367804511029e-02 3.455877983794412855e-02 2.071751406312498725e-02 2.676449489050307731e-02 2.187351787416198096e-02 2.879390206267577398e-02 3.009684367949728989e-02 3.446138351598050653e-02 2.730816737435838581e-02 2.995086626200263447e-02 2.264512435412144656e-02 5.393229361569751995e-02 2.625886320905051682e-02 4.290067307422418263e-02 5.017232374476243012e-02 4.707965450588506157e-02 2.286402846282858253e-02 4.475016771625496548e-02 4.002540875902000500e-02 3.633529224322085138e-02 2.830262357866745668e-02 3.151516712930985814e-02 3.277204258157018907e-02 4.424593844098687057e-02 2.766162470386449371e-02 3.606354040301156666e-02 2.878566701561844493e-02 3.302368899254365386e-02 3.679888256539087105e-02 3.840752804023170319e-02 2.715243200601327039e-02 4.985532962938461071e-02 3.882153642093227192e-02 5.036410559663058450e-02 2.596042516642530634e-02 4.055286657596208350e-02 3.502822571458120982e-02 4.587746160658501965e-02 2.833300234384836247e-02 4.185507880140892922e-02 3.734064310461356756e-02 3.442311654180220393e-02 3.309941543895390109e-02 3.974515070661890914e-02 4.672599758574123158e-02 4.477059960159292251e-02 3.849086002636473158e-02 3.598241263163022563e-02 4.319750146377009103e-02 3.443014918676354230e-02 4.417598500898981678e-02 4.300082488352409416e-02 3.719077485978748016e-02 4.275622279193114217e-02 4.023108349049547144e-02 4.074957281642691692e-02 2.705291261891105969e-02 4.328880674194598294e-02 3.312677499655506536e-02 2.986031079904525459e-02 4.013532712347209208e-02 4.224779191644233156e-02 4.510064763122705045e-02 4.011356024996790698e-02 3.899028317532812760e-02 4.004056046753422249e-02 3.465310548294911475e-02 3.995837123146767089e-02 4.727654570062469336e-02 3.105286157932872493e-02 4.148574113167101396e-02 3.921213816735218821e-02 4.772274677101080026e-02 3.814110638139715098e-02 3.827725061517720656e-02 4.263687371069078275e-02 4.595780581649258623e-02 4.277533079699036289e-02 4.068955708438035807e-02 3.859084145502375551e-02 3.389865310551883060e-02 4.514093732246939744e-02 3.907365640309407723e-02 4.788997098583732542e-02 4.096143678352234113e-02 4.933563646138787451e-02 3.881626747535722038e-02 3.944847535306923725e-02
1.274592576577296930e-02 1.172899770759045467e-02 1.535773869504442404e-02 1.554605254390573413e-02 0.000000000000000000e+00 1.527830571216948034e-02 1.181946055784749254e-02 1.613625372251478729e-02 1.410097609034997347e-02 1.627898466438700703e-02 1.299258660938759635e-02 2.628307342970040081e-02 1.953665735081224278e-02 1.858714692074983632e-02 1.513511372283045560e-02 2.182853809104175896e-02 2.259789470498606984e-02 1.522448806177554431e-02 2.457232766846930913e-02 1.862358925414356325e-02 1.773366939590960423e-02 2.242539199284384124e-02 1.582259681127327899e-02 1.400638952970898951e-02 1.510134575523799233e-02 2.319445945610629917e-02 1.707431886350001607e-02 1.504392690428035632e-02 2.264072955759225889e-02 1.240573167327381487e-02 1.572821858610707474e-02 2.723950121129795413e-02 2.299460013096615157e-02 2.961007214244531713e-02 2.458729297520174939e-02 1.907469407641846498e-02 2.910960670899045977e-02 2.638075578294902732e-02 3.116111348594883743e-02 3.125114902331252442e-02 2.987759533952242044e-02 3.396670184233339940e-02 1.957068092910014059e-02 2.611108387554551824e-02 2.006408726029840217e-02 2.882365686588702486e-02 2.956949475062396054e-02 3.470887823239514336e-02 2.761427337436864540e-02 2.975251099491706130e-02 2.182188971062496569e-02 5.305415667443218186e-02 2.585684100470558508e-02 4.232755611074250079e-02 4.964611337290055632e-02 4.638004514843387105e-02 2.167750718878913227e-02 4.434667280951939267e-02 3.937076166042779296e-02 3.601345267072244422e-02 2.763109055666489178e-02 3.069691378411866511e-02 3.170788820651607859e-02 4.206054251570566505e-02 2.766298277999393665e-02 3.543221627712388189e-02 2.826312756877294094e-02 3.317480444125683187e-02 3.614201616780673976e-02 3.801185661910656821e-02 2.648824915007364292e-02 4.935410395611172785e-02 3.817303605414146955e-02 5.000873999026898831e-02 2.549122570281205438e-02 4.001313671469986649e-02 3.415763347050274762e-02 4.388374546549430461e-02 2.840313740207388998e-02 4.112983530510878200e-02 3.544858253072911969e-02 3.363326050718250249e-02 3.251848888984808922e-02 3.891147541960470607e-02 4.754132235162702308e-02 4.418190424295604518e-02 3.882036950689862070e-02 3.534545028716927495e-02 4.295288227754973098e-02 3.394663008896299516e-02 4.351910611374080334e-02 4.249515431542649074e-02 3.666572257343497093e-02 4.067040373570443568e-02 3.959330358109727777e-02 3.891396723944488822e-02 2.639192798354311059e-02 4.316631369285888614e-02 3.269660215177627727e-02 2.923920344214403499e-02 3.967614464951562531e-02 4.188184416826321727e-02 4.450350829508045725e-02 3.975256349309923276e-02 3.858804648210891614e-02 3.954057920725962544e-02 3.484722788296301665e-02 3.931141792037599891e-02 4.664217322234364554e-02 3.121160747532627025e-02 4.140555781833599180e-02 3.840265663129779905e-02 4.731657464988566625e-02 3.739253576198955931e-02 3.741219634261691573e-02 4.203694239758178769e-02 4.510534385557818382e-02 4.207314456758273757e-02 4.074646907125618195e-02 3.817035692597590957e-02 3.183900279429539154e-02 4.512408086797701362e-02 3.848055414182958295e-02 4.746752891672303271e-02 4.022569420460297279e-02 4.874247759385589435e-02 3.855800455009433109e-02 3.927241758472711786e-02
1.364800973887367666e-02 1.253043681402665928e-02 1.609923937126406940e-02 1.669177830107624119e-02 1.527830571216948034e-02 0.000000000000000000e+00 1.260544782706767356e-02 1.652858306576122926e-02 1.498949626429161783e-02 1.638938472538217783e-02 1.342542661400775508e-02 2.547646052158149960e-02 2.016313078656084209e-02 1.958991862486383906e-02 1.603859743998200388e-02 2.238444968656116280e-02 2.246828756325416551e-02 1.611367362339944168e-02 2.406177014027253633e-02 1.990607606012369940e-02 1.800616652731315548e-02 2.274836291356358009e-02 1.706120226527169798e-02 1.438213218943797632e-02 1.627289923954144263e-02 2.336059122697597620e-02 1.780812067296339354e-02 1.544177278630597464e-02 2.306842146890105902e-02 1.343891749329757107e-02 1.637394272266337603e-02 2.767716534115266178e-02 2.374186326094518060e-02 3.005827735964127986e-02 2.535928718900305051e-02 1.938144613269292271e-02 2.919514474788331010e-02 2.617602542255425060e-02 3.127571146370564797e-02 3.122589502949178406e-02 3.113292786932693110e-02 3.538373597290773304e-02 1.978296983219425195e-02 2.624494146502766301e-02 1.993480834659699941e-02 2.890601619687210508e-02 3.036626302997365648e-02 3.417832415467295798e-02 2.708605486097770410e-02 2.959645624158497787e-02 2.222115473275962719e-02 5.178623808200352036e-02 2.577248358147414889e-02 4.219234812662400746e-02 4.991636301985506036e-02 4.694133256666742360e-02 2.149870698838338839e-02 4.473478441147744206e-02 3.944235866422986930e-02 3.730320582966799997e-02 2.799492715487311711e-02 3.111909740504286564e-02 3.226091612272551784e-02 4.227686147322973209e-02 2.740384020971458820e-02 3.532406516066126378e-02 2.834309835473622363e-02 3.263447517100644818e-02 3.656995609558177929e-02 3.975250765356784510e-02 2.698985944398738304e-02 4.952983491724390064e-02 3.973239434757140642e-02 5.172962283927056565e-02 2.568618030768518579e-02 4.029167875640576185e-02 3.527578841727597309e-02 4.409023221328710329e-02 2.787651000561562620e-02 4.175007413411869345e-02 3.561394495335114957e-02 3.372441009244645654e-02 3.303368655582489960e-02 3.943734334447319273e-02 4.670318808535277311e-02 4.464501131230293879e-02 3.804438794273022617e-02 3.553859147883359909e-02 4.327100522754819684e-02 3.415686715032577314e-02 4.377320277609639959e-02 4.299545529815069350e-02 3.711906188840261717e-02 4.079755239188646854e-02 3.975577293650086469e-02 3.922404214805672723e-02 2.645290072050652044e-02 4.339982670769856887e-02 3.373324317843147402e-02 2.940893485746885749e-02 3.990251770942951359e-02 4.217170446073391366e-02 4.468521070610077112e-02 4.002416705893524496e-02 3.861371646186937540e-02 3.974289128802319104e-02 3.381425366314607522e-02 3.966590477203171816e-02 4.733385182558993987e-02 3.154890728100140374e-02 4.181192118755656245e-02 3.870552161525936397e-02 4.914376606933478636e-02 3.795113577243840880e-02 3.784384398586324721e-02 4.268453138389679408e-02 4.563813687317619383e-02 4.221413975706689997e-02 4.115645784345142028e-02 3.867871353261485845e-02 3.231538533885527920e-02 4.544961515531682067e-02 3.874187509983648831e-02 4.775230510888687357e-02 4.179985994968379165e-02 4.906946139031991699e-02 3.908993830569095634e-02 3.905669990358719146e-02
9.368687242195366735e-03 8.085197845866066990e-03 1.293238634480723022e-02 1.358978233440437215e-02 1.181946055784749254e-02 1.260544782706767356e-02 0.000000000000000000e+00 1.376523265226818962e-02 1.116897321410300487e-02 1.344095128977087356e-02 9.422650629905066771e-03 2.394087257445803169e-02 1.724695269864083558e-02 1.681083748090935262e-02 1.228269294121448613e-02 1.959324896559112156e-02 2.052956216240472281e-02 1.246431095323868345e-02 2.217670647642110832e-02 1.700814976936248016e-02 1.505448970290494161e-02 2.079042200806426044e-02 1.343075176861870806e-02 1.142639586686308717e-02 1.253797926149285806e-02 2.183831054067605568e-02 1.520451635670306244e-02 1.261860031516470401e-02 2.080928401730917227e-02 8.695195390913578598e-03 1.344397446691156066e-02 2.563119092378990035e-02 2.171300021373611527e-02 2.811542961284738823e-02 2.326092754328968129e-02 1.688201366422734107e-02 2.774093152070426782e-02 2.406090301031989925e-02 2.977348691446537673e-02 2.977151801303212081e-02 2.880518897237413500e-02 3.268710580657149811e-02 1.758247942772368441e-02 2.434115513311811349e-02 1.831826037473152993e-02 2.699838158439369848e-02 2.825488494567991726e-02 3.232857630192548931e-02 2.559832760618557454e-02 2.783495025207842130e-02 1.999499875363688547e-02 5.039610500467560372e-02 2.372497243326841115e-02 4.106649658052581586e-02 4.834079050799262173e-02 4.540277900318711451e-02 1.916626818969859383e-02 4.363612924337093024e-02 3.803886028598678359e-02 3.461567285593365045e-02 2.590117372266727627e-02 2.964330628919425656e-02 3.053544158196850808e-02 4.088872737762256487e-02 2.529544507280180599e-02 3.431073734230166705e-02 2.657946570984367346e-02 3.077716343676442645e-02 3.525502159137088726e-02 3.678436785923935165e-02 2.554072896508963880e-02 4.870262200028377397e-02 3.690888316687353232e-02 4.868961888066573873e-02 2.381780046068484105e-02 3.869631896789669373e-02 3.321535690601464669e-02 4.254831018336845128e-02 2.604830519472191644e-02 4.020128099126379917e-02 3.397832521123091143e-02 3.238791695410853100e-02 3.115256246370199864e-02 3.790286981577851988e-02 4.507543035028489103e-02 4.348708369924896705e-02 3.694679532878543393e-02 3.397900472578586212e-02 4.157395039341692244e-02 3.265406211448386442e-02 4.226481673510574383e-02 4.136476568590091024e-02 3.516457799244623872e-02 3.929749645851093182e-02 3.880396177648617884e-02 3.762104818839986931e-02 2.473572063501705900e-02 4.182383034562792146e-02 3.097268993752593305e-02 2.761663299618142761e-02 3.831493281531069689e-02 4.065241854952970219e-02 4.371689814337870184e-02 3.837522507126996801e-02 3.731043561937930769e-02 3.823545733297473853e-02 3.249134768953386432e-02 3.808404529350403050e-02 4.562217841855774336e-02 2.968057994802583005e-02 4.034953510236528179e-02 3.722133965075954953e-02 4.670603033943164506e-02 3.624779871814188398e-02 3.624715601603829135e-02 4.108036047995640427e-02 4.469763351430679904e-02 4.103908890227790651e-02 3.958082642529227313e-02 3.697915332010792699e-02 3.051327043110407811e-02 4.397720645126206723e-02 3.724874238458085463e-02 4.617220234391972156e-02 3.905061232656835413e-02 4.757907744332503380e-02 3.745333102718174934e-02 3.784212304651354830e-02
1.478275612321505034e-02 1.365306699303856473e-02 1.711046646054432616e-02 1.773493667461209164e-02 1.613625372251478729e-02 1.652858306576122926e-02 1.376523265226818962e-02 0.000000000000000000e+00 1.574344610685013759e-02 1.729182500955574187e-02 1.466808553882353872e-02 2.734707243771520094e-02 2.088753879509038652e-02 2.039198869221512181e-02 1.647093105606812352e-02 2.301327440174337491e-02 2.262295206559022595e-02 1.647012344858032537e-02 2.481025660136250074e-02 2.018559336655549943e-02 1.859287601065053724e-02 2.304782180534708375e-02 1.713005028576964142e-02 1.568179492721317320e-02 1.649191742384820136e-02 2.462682257826605964e-02 1.857928444525213524e-02 1.645428781899057127e-02 2.360948872078152266e-02 1.435210558610765415e-02 1.770597875451573877e-02 2.816242705642649918e-02 2.392144150466917613e-02 3.147834506717354236e-02 2.546819892305647245e-02 2.003956042597482279e-02 2.976340054899513296e-02 2.663454648233113883e-02 3.179289660090035136e-02 3.316023924664535799e-02 3.055408543961060652e-02 3.469360660900278753e-02 2.066695565947249125e-02 2.693673872120823376e-02 2.120494369740712551e-02 2.964099194700925768e-02 3.032127755203841216e-02 3.570787741859907105e-02 2.762414063423919777e-02 2.979430267830214529e-02 2.310662208859510722e-02 5.208076459105658029e-02 2.631691137671751668e-02 4.290670553385045327e-02 5.023429372023352490e-02 4.708596246739028823e-02 2.209878483308776176e-02 4.480349533209093682e-02 3.995937115866853018e-02 3.664323306714976913e-02 2.821499516793033943e-02 3.090579773338385586e-02 3.288806930333922074e-02 4.255846552985578790e-02 2.872676356795017885e-02 3.599494498987926977e-02 2.906196117556711020e-02 3.311885845820417701e-02 3.700420761024388744e-02 3.981537512228667391e-02 2.743842917707253748e-02 4.990435980622746903e-02 3.893792337075934612e-02 5.053629689397887842e-02 2.625203410023076167e-02 4.063943593459447279e-02 3.484470705849609246e-02 4.427718512039145737e-02 2.837004547099164498e-02 4.175972101843591910e-02 3.608112088643701532e-02 3.418458855342156044e-02 3.320935638598049300e-02 3.962492884779799523e-02 4.683753481436096766e-02 4.494944591870363160e-02 3.794512473774251660e-02 3.581785437552348350e-02 4.344792479533483159e-02 3.470252455263477670e-02 4.428974936236511339e-02 4.295836672092837039e-02 3.726125577642942083e-02 4.122073168687293704e-02 4.023944688695036548e-02 3.904537440992307540e-02 2.722625472835362576e-02 4.529331429058587599e-02 3.338535756108255287e-02 3.008573757747455904e-02 3.994407306045413136e-02 4.246202378112871878e-02 4.509243384024212015e-02 4.024653077057264300e-02 3.920398522001448949e-02 4.020417492843056384e-02 3.559376583822268514e-02 3.987710211471781618e-02 4.924497411665359342e-02 3.172134911767557353e-02 4.222296635732470521e-02 3.912197724328365933e-02 4.753735822509957271e-02 3.855011447589664492e-02 3.817641857737590766e-02 4.273580174700086776e-02 4.577436710519695862e-02 4.258658590590690129e-02 4.147146418999008571e-02 3.860576266336479545e-02 3.263582201009413569e-02 4.577110353643074753e-02 3.897649414311366023e-02 4.793249918793227038e-02 4.094876990158773100e-02 4.923990166308615801e-02 3.920041099787537064e-02 3.985274085621864915e-02
1.240123147792997205e-02 1.125309306325369268e-02 1.535404392115950409e-02 1.533641458679393769e-02 1.410097609034997347e-02 1.498949626429161783e-02 1.116897321410300487e-02 1.574344610685013759e-02 0.000000000000000000e+00 1.576309496924582082e-02 1.208914383593826490e-02 2.472278410199093071e-02 1.870599135958288944e-02 1.817758148004804467e-02 1.422002731954249803e-02 2.067022068868712772e-02 2.183228118809252966e-02 1.496111590878348649e-02 2.419758010383622759e-02 1.814394521028044049e-02 1.694716371237681499e-02 2.199775318642438471e-02 1.561426582415566949e-02 1.372186790712780907e-02 1.463009746386180650e-02 2.298216047359529987e-02 1.655527559621616795e-02 1.463971259061096382e-02 2.240861554815928511e-02 1.157752152603980407e-02 1.571618590929582671e-02 2.761865027890072349e-02 2.298468203403268920e-02 2.914564442012184883e-02 2.441688972431848778e-02 1.873918941631673094e-02 2.883658834087071340e-02 2.538152810831369177e-02 3.066612116413695854e-02 3.077677470527650713e-02 2.984030451210043303e-02 3.390758153318058910e-02 1.906422152866139863e-02 2.531609444407917353e-02 1.980500978853290059e-02 2.850969664823494940e-02 2.891500189595134704e-02 3.350903981422256872e-02 2.680274300693754122e-02 2.957550889522866933e-02 2.160025666508081851e-02 5.268036411002272046e-02 2.507053588056066401e-02 4.320509541882223276e-02 4.945427984855590986e-02 4.628346521297317662e-02 2.117758335234446940e-02 4.519932871422620985e-02 3.908969567243873039e-02 3.669828347166040339e-02 2.732998302077581029e-02 3.048028567391930163e-02 3.220731283825536972e-02 4.276224201337323200e-02 2.658545523495052174e-02 3.501466240503511157e-02 2.789380334957624469e-02 3.203402724786042627e-02 3.590080254478409533e-02 3.786591931914014275e-02 2.652459702655299636e-02 4.904629058155585836e-02 3.775669602299300959e-02 4.971344061878968379e-02 2.527831526889127295e-02 3.979117641325949362e-02 3.371841763130689618e-02 4.360712339170313284e-02 2.736764117477454364e-02 4.113279841306598933e-02 3.496496869836528132e-02 3.359375211734536015e-02 3.238995224404354195e-02 3.893272508095216994e-02 4.598385664814144680e-02 4.409786259966616551e-02 3.764498785973987433e-02 3.600707452567266514e-02 4.266998918215506031e-02 3.433793364400888198e-02 4.336561084822663364e-02 4.233445391194159274e-02 3.639719055193665898e-02 4.041870547369062067e-02 3.939252300739618656e-02 3.851186224818023418e-02 2.602026232863326877e-02 4.295773498793469675e-02 3.241346127318708165e-02 2.882017614287949933e-02 3.944852767879784838e-02 4.168317874463594447e-02 4.436825661285888345e-02 3.946900281797240118e-02 3.820120165783112004e-02 3.932771362950180510e-02 3.369324818925464871e-02 3.913916780760814257e-02 4.672207554517808503e-02 3.101736458484452563e-02 4.128748021164202475e-02 3.789608714146595198e-02 4.833073473350305710e-02 3.738199277671795662e-02 3.738039320442775731e-02 4.201523458225422253e-02 4.517310719903570165e-02 4.209990610298832564e-02 4.134240266290847149e-02 3.792860732432418863e-02 3.137525219958643696e-02 4.497387021463202655e-02 3.835466815192382223e-02 4.809796701383061562e-02 3.985262419635544201e-02 4.855447776569536689e-02 3.858457431471187804e-02 3.997314234279662065e-02
1.452548629828546121e-02 1.353036959336603208e-02 1.637585833606965482e-02 1.702546083456175224e-02 1.627898466438700703e-02 1.638938472538217783e-02 1.344095128977087356e-02 1.729182500955574187e-02 1.576309496924582082e-02 0.000000000000000000e+00 1.427976129086253390e-02 2.613310202515203851e-02 1.975459248204086346e-02 1.969410862124180636e-02 1.633858318679968016e-02 2.185604519086496375e-02 2.264382731882629007e-02 1.623907878674973881e-02 2.398449637912970778e-02 1.988368657089812849e-02 1.891883856378382550e-02 2.361987831282853778e-02 1.710111875831454853e-02 1.539538684238426006e-02 1.603152850405472132e-02 2.359012974265247906e-02 1.825991186500343019e-02 1.648509373207853942e-02 2.417432614806609009e-02 1.392955589273293764e-02 1.718087315736480797e-02 2.901330175670708764e-02 2.402545135813821675e-02 3.021885144133440101e-02 2.491267299869541832e-02 1.964988554583016814e-02 2.933226127049346280e-02 2.633980795295640456e-02 3.163747440666159205e-02 3.196123979041681079e-02 3.070048311934237689e-02 3.465779003894008808e-02 2.018834233161843558e-02 2.664238542387188310e-02 2.100448308894576829e-02 2.895830796657573175e-02 3.010899674853715832e-02 3.497952262825012454e-02 2.756437324861612387e-02 2.932104563131275946e-02 2.228944723502758116e-02 5.192239793326265673e-02 2.575420143767750622e-02 4.272559316510351340e-02 4.988031086478550424e-02 4.859793294599011604e-02 2.130362562001726634e-02 4.480081848193832178e-02 3.943974367574507728e-02 3.649613763233619523e-02 2.916213131071316439e-02 3.142279844164545810e-02 3.260878151538325331e-02 4.257683518198909084e-02 2.778364828944497947e-02 3.590479478238067096e-02 2.813646956343061889e-02 3.299420746520811965e-02 3.809130732323501994e-02 3.870499416473176246e-02 2.705411501461407048e-02 4.933729089274818680e-02 3.874148774649328886e-02 5.038002925101696394e-02 2.584684168236511120e-02 4.036490225644909224e-02 3.493175698139695112e-02 4.409240477375538786e-02 2.805622975748245373e-02 4.317218377905416432e-02 3.583490154937896133e-02 3.426483891984830055e-02 3.323181908392803391e-02 4.101030886465151237e-02 4.660372938138956228e-02 4.468285665827007036e-02 3.785097700418878913e-02 3.583607024058171886e-02 4.356845122118432889e-02 3.448834443162841074e-02 4.401756451619511651e-02 4.312146949832020709e-02 3.710922289634129706e-02 4.259162159988506835e-02 4.015682603524856065e-02 3.942313698282861462e-02 2.673931781278774192e-02 4.359089993521323564e-02 3.284130460658155753e-02 2.976978923887490733e-02 3.973485592362432928e-02 4.238358635955482429e-02 4.484729773992733592e-02 4.005991675761146065e-02 3.916220300621883754e-02 3.989708968724717253e-02 3.402043265619488638e-02 3.981762013656287014e-02 4.894262156244112011e-02 3.120150606095948784e-02 4.200515771433813161e-02 4.035700324213830487e-02 4.777539149804067853e-02 3.832927380799895645e-02 3.808841325439756703e-02 4.425243643998670595e-02 4.580793829332031886e-02 4.261517193543690185e-02 4.129736673258959517e-02 3.871254224075167810e-02 3.231827181732530724e-02 4.571616100282789585e-02 3.894113393974277249e-02 4.779390073887970769e-02 4.096472066506887805e-02 4.913010700984299373e-02 3.921019833207604888e-02 3.930768565506319312e-02
1.089526289148165343e-02 9.367650063573268113e-03 1.406711667487373953e-02 1.423167094656952250e-02 1.299258660938759635e-02 1.342542661400775508e-02 9.422650629905066771e-03 1.466808553882353872e-02 1.208914383593826490e-02 1.427976129086253390e-02 0.000000000000000000e+00 2.450180776869662416e-02 1.809524087829731537e-02 1.730105254334645543e-02 1.323288883830825262e-02 2.039629759644944612e-02 2.115578291133243805e-02 1.385096112897742440e-02 2.252695661407785183e-02 1.765406092960334489e-02 1.582995714520563785e-02 2.092858232714526687e-02 1.425184033478039611e-02 1.218569004385051079e-02 1.345470761523893249e-02 2.221701979018183767e-02 1.551911365898025509e-02 1.301305396763443450e-02 2.180749883638761696e-02 9.829829994173189950e-03 1.409805073222669160e-02 2.665543839372791143e-02 2.201709396844007613e-02 2.874687597217174401e-02 2.346240912171065895e-02 1.817943137548527072e-02 2.810367081774806444e-02 2.445297286116098270e-02 3.008901300587011121e-02 3.095203382476919077e-02 2.917576129365711049e-02 3.325540426636016539e-02 1.842791365793461714e-02 2.493086002869946208e-02 1.887808872149087519e-02 2.778726642353309198e-02 2.828528938855658093e-02 3.293638849817177167e-02 2.601417890229798524e-02 2.831381773167341090e-02 2.041710839939028105e-02 5.095583061190672031e-02 2.459440845417338803e-02 4.167510478910110144e-02 4.978921960742418995e-02 4.663934196166428375e-02 1.999631119572192750e-02 4.370756793417033409e-02 3.861040030972909959e-02 3.587288416769385951e-02 2.694236349849783718e-02 2.966719289989510483e-02 3.100761411105849852e-02 4.190982363154144297e-02 2.602814005569155029e-02 3.441917787193628925e-02 2.723132561802941651e-02 3.151195676255692107e-02 3.546947632565431580e-02 3.736494324939348965e-02 2.582189417831184247e-02 4.928979975637214073e-02 3.738823911993421900e-02 4.931306806468820081e-02 2.458172151366085773e-02 3.916033303307039914e-02 3.337689777654165996e-02 4.380244308203844888e-02 2.655696335433809299e-02 4.061434217328124818e-02 3.447094485695953447e-02 3.299741577798216002e-02 3.155845490442418799e-02 3.839237103585482758e-02 4.565353226585610463e-02 4.349799557386955368e-02 3.703675060231596816e-02 3.450936777996086585e-02 4.208969161776383167e-02 3.321380001578162072e-02 4.357453636311442446e-02 4.254346310479094340e-02 3.587644424353093886e-02 3.990676718052806743e-02 3.892754131500950066e-02 3.800412622059493040e-02 2.507253652330449639e-02 4.246023391061059388e-02 3.170129217779250885e-02 2.824413663132909619e-02 3.890607619342712625e-02 4.103396048507985949e-02 4.385707204600007569e-02 3.892486741512569959e-02 3.781570211266745141e-02 3.913430663905131252e-02 3.290906981053405567e-02 3.923795117461785498e-02 4.622199508031120396e-02 3.018079345077909204e-02 4.047656062685921208e-02 3.774546998825265703e-02 4.661988780000554666e-02 3.666039975180052785e-02 3.684474046057464175e-02 4.151251422760491444e-02 4.459367663375353452e-02 4.149745203408879146e-02 4.050807288750799678e-02 3.739340242614388327e-02 3.101237303385921684e-02 4.449279436995396547e-02 3.765118967187639637e-02 4.667338382444954220e-02 4.031389199683360625e-02 4.871697915569205700e-02 3.798342047534953442e-02 3.825212709436833641e-02
2.493413336523449264e-02 2.414691262260403037e-02 2.620588790024818912e-02 2.718032397599876027e-02 2.628307342970040081e-02 2.547646052158149960e-02 2.394087257445803169e-02 2.734707243771520094e-02 2.472278410199093071e-02 2.613310202515203851e-02 2.450180776869662416e-02 0.000000000000000000e+00 2.814145000825715726e-02 2.771043074192353420e-02 2.544773957774009582e-02 2.933767586222374435e-02 3.019079719790106892e-02 2.680651405444701985e-02 3.122312851599769873e-02 2.800689392135530947e-02 2.735825913547233063e-02 2.976766436669176299e-02 2.706707107405085730e-02 2.522839112257023453e-02 2.567697393568393882e-02 3.071452945030692799e-02 2.690705522509442144e-02 2.580870637913134855e-02 3.050608461863673834e-02 2.431547488437914295e-02 2.588009115675670574e-02 3.363449155838139915e-02 3.285375063775185234e-02 3.545252779050746955e-02 3.162223229070650760e-02 2.803456418302928410e-02 3.482286394171359850e-02 3.139205343802815851e-02 3.691655071869984900e-02 3.572394351698335302e-02 3.629960729452982870e-02 3.953880920679826022e-02 2.774911288938418721e-02 3.266294991654551672e-02 2.861965822710868523e-02 3.485862787651292788e-02 3.555692470810976891e-02 3.891783021113667806e-02 3.358668078306637633e-02 3.558784297794326951e-02 2.986669912487989464e-02 5.537662611444706118e-02 3.225970391359520018e-02 4.704952043002523510e-02 5.336272900343541625e-02 5.093993568908129765e-02 2.931297751549453642e-02 5.328257974202006697e-02 4.414335802532980135e-02 4.135925079615502403e-02 3.418176840411757400e-02 3.652033837003736821e-02 3.660780462722718759e-02 4.658742181268352850e-02 3.345595827740362183e-02 4.046264580651408316e-02 3.447699878847373250e-02 3.789012448809849637e-02 4.139033656871003719e-02 4.304814579123347751e-02 3.348743124883305639e-02 5.336708903771946594e-02 4.314707244607927927e-02 5.415195576830903607e-02 3.265692783963085322e-02 4.468150274156092866e-02 3.956631946167107894e-02 4.816450772606698655e-02 3.398560074233435840e-02 4.620510532291426803e-02 3.930944454268082283e-02 3.948175175447164037e-02 3.818237028446183623e-02 4.415949615945257561e-02 5.088033627287463778e-02 4.864928177309015694e-02 4.282875596504655963e-02 4.071156744134733080e-02 4.747654097424532094e-02 3.948351820704498749e-02 4.830680826552010559e-02 4.738354457983327134e-02 4.181252664394079221e-02 4.535043422889805526e-02 4.430292062118201118e-02 4.360983680769725535e-02 3.244453498990967216e-02 4.760905536763007651e-02 3.826096818951493783e-02 3.540500025372502607e-02 4.451009043368165524e-02 4.650888039770224858e-02 4.886566618141430229e-02 4.462602765352649548e-02 4.352535911560442144e-02 4.433956396496763208e-02 3.876594647728921761e-02 4.424709295332416442e-02 5.107334999158476968e-02 3.665992202148943280e-02 4.624954203283611343e-02 4.334145325601957560e-02 5.639780927644390263e-02 4.253855447064430750e-02 4.537560365148739921e-02 4.707499249700287242e-02 4.960687757073071330e-02 4.679954513747314887e-02 4.593875168527539188e-02 4.345974298673681291e-02 3.758861512127698729e-02 4.938532956485341963e-02 4.343140007448682838e-02 5.166000192957569126e-02 4.521842612653406701e-02 5.299597557767323636e-02 4.670223141385952681e-02 4.412042978243529978e-02
