0.000000000000000000e+00 1.617694581264792972e-02 1.710900139266546133e-02 1.551636857903901552e-02 1.770980009197600097e-02 1.751216542381799426e-02 1.691337709224101371e-02 1.767185465655720170e-02 1.609167005859947486e-02 1.974632915765268254e-02 1.895961603010104524e-02 1.711512850585884468e-02 1.654651234488837760e-02 1.717930933420992040e-02 2.426226597392374187e-02 1.654477276174201594e-02 1.951839410469119462e-02 1.807933446990192539e-02 1.753322630365262633e-02 1.728935070641437685e-02 1.830141480124147096e-02 1.732989042026353635e-02 1.763132427890489948e-02 1.776224621676311677e-02 1.695163648839313406e-02 1.587044113289125258e-02 1.735253952030402919e-02 1.767904580691420646e-02 1.677214290042917597e-02 2.024941885938605010e-02 1.713649447977223100e-02 1.644321055304975507e-02 1.663024803912824257e-02 1.889453759934527771e-02 1.663715771500806628e-02 1.642565377925374673e-02 1.893357240570389677e-02 1.869404049729102985e-02 2.133175300464852306e-02 1.631619557608729454e-02 1.725302699386479371e-02 1.780199546345854339e-02 2.587291516265691205e-02 1.806806022948017482e-02 1.910360459508831862e-02 1.634175538403971270e-02 1.705176913468824107e-02 1.814239881607624533e-02 1.737682318119844471e-02 1.639957527526912304e-02 1.786931107955982978e-02 1.714809559887062879e-02 1.866301705511197451e-02 1.665155520374425602e-02 1.646361570481802428e-02 1.691444733161048819e-02 1.653418372833120528e-02 1.719318978069479462e-02 1.758753051140242440e-02 1.573477923849453397e-02 1.567409570112304057e-02 1.637465549074526572e-02 1.697169901452798280e-02 1.747990917692211418e-02 1.692691623346862656e-02 1.693578607278257986e-02 1.714260530654343473e-02 1.670808003607710673e-02 1.836142178251888232e-02 1.714383152215013389e-02 1.935388879107735605e-02 1.609689278092941989e-02 1.741633112908404918e-02 1.729530528604717246e-02 1.799322891906236094e-02 1.672849754986631757e-02 1.880147133363929343e-02 1.698238593062238039e-02 1.815351905140828379e-02 1.782694270203062648e-02 1.678500969273260396e-02 1.741416550547308234e-02 1.884283767554999559e-02 1.573624948349914426e-02 1.750640579488816143e-02 1.694255936841842711e-02 1.663403108176586889e-02 1.750269586438887165e-02 1.698022600877428095e-02 1.701899998398998665e-02 1.813870452376760770e-02 1.946893684485235046e-02 1.676594101142187682e-02 1.710147271377041034e-02 1.844103781758154800e-02 1.708154850089940724e-02 1.895337217557905782e-02 1.731982530178795623e-02 1.852938263057855861e-02 1.710918478840849771e-02 1.621146031973826410e-02 2.010087565008506633e-02 1.749093331092409914e-02 1.833272600453837720e-02 1.714667931227551248e-02 1.667062690832746621e-02 1.670583871042557664e-02 1.814472433271971386e-02 1.746809125526665313e-02 1.550370968128296500e-02 1.677370461320499412e-02 1.672253779937863880e-02 1.853881620948634804e-02 1.672384684447469211e-02 1.879275564258130887e-02 1.784253191802023103e-02 1.671258564170637062e-02 1.670600649757082376e-02 1.614939076661643311e-02 1.735198804388045704e-02 1.928409318931927768e-02 1.703784120670214994e-02 1.711580201717036870e-02 1.905466933985675015e-02 1.593806132153918406e-02 1.886938759493263923e-02 1.784850981035985759e-02 1.673512775750112327e-02
1.617694581264792972e-02 0.000000000000000000e+00 1.569033865281373522e-02 1.372428454766449687e-02 1.548524578539166828e-02 1.646964467193087062e-02 1.406112812825583737e-02 1.554207847946080523e-02 1.369433486105594427e-02 1.772788218279604949e-02 1.617202510191515646e-02 1.497698362080661025e-02 1.424873537870303963e-02 1.485396720323018359e-02 2.290685179133551339e-02 1.445640284362881452e-02 1.769403550183233642e-02 1.536891074546717015e-02 1.666057788712492840e-02 1.505334602807020979e-02 1.603493908888851266e-02 1.618962056453890352e-02 1.550272754137745242e-02 1.574224541076690159e-02 1.471880779601774866e-02 1.363294420344793832e-02 1.616422094773124415e-02 1.554903301073112115e-02 1.458610033887796850e-02 1.854280593809265465e-02 1.601653631590911966e-02 1.420935864256927389e-02 1.456496707506203803e-02 1.719220232216264743e-02 1.453172075002979319e-02 1.432664461920968649e-02 1.724270972930030954e-02 1.695359525162382780e-02 1.987575427004737577e-02 1.417186440192835448e-02 1.527382990824319338e-02 1.594645826393280980e-02 2.465928845297728558e-02 1.623601541903016074e-02 1.742301748227427852e-02 1.419635036878852050e-02 1.504733382155867480e-02 1.631827959702568734e-02 1.547186717909323703e-02 1.424915658253532273e-02 1.593377784510121090e-02 1.518614065952561022e-02 1.692886512999847159e-02 1.458888452300256822e-02 1.433930606800967907e-02 1.493295180186241487e-02 1.497652830472945805e-02 1.524335749130384561e-02 1.571425857363694181e-02 1.345607390579145642e-02 1.341155241246095448e-02 1.423955806962186148e-02 1.497469786634195166e-02 1.555234928774061609e-02 1.490567462386389354e-02 1.491036563233720524e-02 1.516348942830320415e-02 1.464854077001221527e-02 1.660605647917112043e-02 1.513280485290757933e-02 1.773709953496260469e-02 1.389491330701909423e-02 1.549108963022561777e-02 1.534924977891950586e-02 1.617472970324254980e-02 1.465895146706776113e-02 1.711064543326290197e-02 1.496769536265613910e-02 1.636475323089218656e-02 1.597784415390345394e-02 1.473288398428871868e-02 1.548632529710146540e-02 1.715741295229834817e-02 1.345324358358447776e-02 1.559767563408358086e-02 1.492096676170378243e-02 1.454947460878417038e-02 1.559421907542581087e-02 1.501402481393974281e-02 1.501216551274114387e-02 1.634347104244228757e-02 1.786664582464696574e-02 1.471010379178495225e-02 1.512364405468554808e-02 1.669408987979506889e-02 1.508841482872653496e-02 1.728275639220598278e-02 1.537102702444426844e-02 1.681277561163709716e-02 1.512497491092654363e-02 1.402884376095345567e-02 1.856887812948736574e-02 1.557738140256845552e-02 1.655343871090636521e-02 1.516436102677505039e-02 1.459058370682945159e-02 1.463416612760168670e-02 1.635133231796765188e-02 1.555285651854766693e-02 1.317112882780088930e-02 1.471886046056878478e-02 1.465471997271971388e-02 1.680951422278776156e-02 1.467992553059650242e-02 1.709843845486988187e-02 1.602321029379553952e-02 1.465179963308889735e-02 1.463834401273051214e-02 1.395426239679428346e-02 1.541219317016666833e-02 1.765921516948358930e-02 1.504416394781256036e-02 1.512826090503252910e-02 1.739593412324961716e-02 1.369822477007407585e-02 1.719183533625773599e-02 1.600387219684967777e-02 1.467065651827847636e-02
1.710900139266546133e-02 1.569033865281373522e-02 0.000000000000000000e+00 1.465733813408625665e-02 1.629771641090650702e-02 1.729561918924886477e-02 1.507072603871828856e-02 1.642215701616375756e-02 1.459330377296118829e-02 1.865469788362872361e-02 1.719276920199065695e-02 1.574912485132306042e-02 1.514817681992996351e-02 1.598442010253555909e-02 2.472468981480136288e-02 1.610296151315578420e-02 1.755344815139938536e-02 1.712181170652563381e-02 1.762266851861891970e-02 1.590491401879357003e-02 1.698748561692666262e-02 1.717687422862236579e-02 1.647115164776767962e-02 1.583895816523325437e-02 1.479245185175458166e-02 1.503059391624401650e-02 1.705665420413040798e-02 1.563350318314345871e-02 1.485061924944050711e-02 1.935244671562081145e-02 1.682600274168446000e-02 1.455293356746662978e-02 1.545519728766523576e-02 1.793335470379863947e-02 1.545524100075965079e-02 1.521745520839807783e-02 1.797058273370549797e-02 1.776054985946264389e-02 2.051136931961820495e-02 1.510025438338932942e-02 1.613730224376784192e-02 1.673903627033479502e-02 2.520667715102405462e-02 1.703370807007802135e-02 1.815515601746795285e-02 1.513433488729478381e-02 1.591885879515059568e-02 1.711584443668751759e-02 1.626978687338535151e-02 1.519368700383207094e-02 1.674741960729886001e-02 1.601939502418343875e-02 1.768009651632327164e-02 1.547863655717249612e-02 1.532050118101297917e-02 1.576513665625377605e-02 1.531686919449773594e-02 1.606970453307768679e-02 1.650151307115833507e-02 1.445933199668601038e-02 1.438717422355235628e-02 1.517181131465511826e-02 1.582362695364991634e-02 1.639685260742294176e-02 1.573006928810152805e-02 1.578639088911458835e-02 1.601820987712348696e-02 1.559772051982419305e-02 1.735576911996061095e-02 1.598264592293960687e-02 1.842304258881207607e-02 1.486924696169051111e-02 1.631793243724102491e-02 1.618795034969403371e-02 1.695435959948834309e-02 1.555743640637502652e-02 1.783519017498227943e-02 1.583423895391615141e-02 1.712784484490182182e-02 1.676816150035466066e-02 1.562244472433429489e-02 1.631288668421814955e-02 1.786876967593492571e-02 1.445951680636001213e-02 1.641438556832599746e-02 1.579980011078669158e-02 1.545516936391686490e-02 1.635878289198600816e-02 1.585436068772466678e-02 1.587664336803970219e-02 1.710473705567324559e-02 1.854910709657279708e-02 1.560298972860057684e-02 1.596712061524565088e-02 1.744066265248757006e-02 1.594874700911438556e-02 1.798912672618020042e-02 1.620488208798375948e-02 1.755884722259213465e-02 1.598846001155326130e-02 1.498966299564514527e-02 1.921512811897050504e-02 1.639403276737747689e-02 1.714218471790929232e-02 1.602520569154829849e-02 1.548570919423740075e-02 1.553933870629956374e-02 1.710943385450060597e-02 1.636813247202607499e-02 1.420633672756115712e-02 1.561650278506351332e-02 1.555907832387008922e-02 1.753910814003086308e-02 1.556545568600821612e-02 1.781400957810125307e-02 1.680135075833854089e-02 1.554852232313772009e-02 1.553053977982442324e-02 1.491046327567022156e-02 1.625365991841981606e-02 1.835849455696045643e-02 1.591321867775462653e-02 1.597648816038147249e-02 1.809611017364547506e-02 1.468739121650496950e-02 1.791436866399916811e-02 1.679854471448081338e-02 1.557575995372739892e-02
1.551636857903901552e-02 1.372428454766449687e-02 1.465733813408625665e-02 0.000000000000000000e+00 1.441840195939755181e-02 1.545066034046666502e-02 1.367807175278437995e-02 1.401420057090293526e-02 1.242403461987512739e-02 1.697798360418103017e-02 1.623727281897851052e-02 1.379386763450289426e-02 1.298358040939484592e-02 1.392527089741656642e-02 2.327056146416020543e-02 1.420611621025208091e-02 1.670114926976060815e-02 1.516491411082131896e-02 1.572527015819252805e-02 1.390745613694780412e-02 1.509655188043894716e-02 1.523736554867929568e-02 1.456894300522649198e-02 1.473264102848847838e-02 1.347710582624602610e-02 1.305684923048959500e-02 1.518054476452213031e-02 1.453316877586159628e-02 1.303965065456440600e-02 1.700991397794962556e-02 1.490243099150836276e-02 1.299064056146027879e-02 1.361383275821205323e-02 1.645529803434378491e-02 1.358263149602779475e-02 1.330740756241220214e-02 1.650040278593325679e-02 1.622795590047335090e-02 1.925453663783528724e-02 1.316886118036345206e-02 1.440112828275880164e-02 1.511465141244111403e-02 2.415643906164572849e-02 1.543805741263361980e-02 1.670131061877816112e-02 1.320009463015829262e-02 1.414176364686370313e-02 1.553330431849466939e-02 1.456649924792460804e-02 1.326981304452926232e-02 1.513377419682409089e-02 1.426019028807740986e-02 1.617083795336079349e-02 1.361091346238669196e-02 1.337705143388003177e-02 1.397064075487471947e-02 1.343726426168691604e-02 1.432149641625411578e-02 1.482932136642872364e-02 1.236123323218681243e-02 1.228254222603211189e-02 1.324838309844008494e-02 1.402727986154865894e-02 1.470286062358877599e-02 1.394127931738389607e-02 1.399408525536025363e-02 1.423447407956921970e-02 1.368991931822239813e-02 1.577675686632717608e-02 1.474574157375102904e-02 1.701454937749603130e-02 1.284288590114519499e-02 1.463202824955739563e-02 1.443578813064953260e-02 1.532065811972265976e-02 1.368646245290378212e-02 1.631218917180728492e-02 1.405500035428246426e-02 1.552842885390442844e-02 1.510759123349626407e-02 1.376639330131904787e-02 1.457760999157647550e-02 1.640597386935708710e-02 1.234117337604486928e-02 1.470054788409088861e-02 1.396947297047215243e-02 1.356213645983998274e-02 1.470096625495243003e-02 1.408060286279779090e-02 1.407150287236729261e-02 1.554548434634755137e-02 1.709601678151307855e-02 1.374093338455185075e-02 1.419500525353060982e-02 1.587251811836390761e-02 1.418547978352015237e-02 1.651913108250226137e-02 1.447507156252593637e-02 1.604670127280369979e-02 1.421817344381657265e-02 1.300455175435632528e-02 1.786306049650065314e-02 1.469898464565162592e-02 1.564286621131970312e-02 1.425844488723612864e-02 1.361789674081325882e-02 1.367861424353269961e-02 1.552862620634623200e-02 1.467271115689211189e-02 1.203799880343868478e-02 1.377351145338146128e-02 1.370344561124674579e-02 1.601667312725341824e-02 1.373078258858809186e-02 1.632273827692088883e-02 1.518955927557619559e-02 1.370640556983781198e-02 1.367854008259248438e-02 1.291139556259132334e-02 1.452903552536189725e-02 1.692238518012930543e-02 1.413676995972718009e-02 1.420770538705253862e-02 1.663698118027416573e-02 1.263388435999802939e-02 1.643293524328498512e-02 1.516617785899721134e-02 1.372276447478652274e-02
1.770980009197600097e-02 1.548524578539166828e-02 1.629771641090650702e-02 1.441840195939755181e-02 0.000000000000000000e+00 1.705626321474010970e-02 1.542840324326669697e-02 1.625507118468901696e-02 1.433694564803934639e-02 1.748041418881569886e-02 1.676614207810328896e-02 1.554788456820459415e-02 1.484845250098756550e-02 1.556208227216402881e-02 2.447814939820432828e-02 1.516196799692133904e-02 1.825522414799058205e-02 1.673705056655743623e-02 1.740085639526374461e-02 1.566702014984736394e-02 1.576316825164141358e-02 1.617616336272769198e-02 1.620918600489584804e-02 1.641225508813946507e-02 1.457360438380575669e-02 1.492782265553393301e-02 1.693150115958418772e-02 1.547975845379301850e-02 1.528963651773109292e-02 1.813622459650191671e-02 1.647854379459369814e-02 1.483767024295323811e-02 1.521549398186090862e-02 1.773114498378559195e-02 1.520164342304479270e-02 1.496036045113972521e-02 1.777399090065603232e-02 1.750891101238366901e-02 2.034188812545276517e-02 1.484125627894879000e-02 1.590168758564515852e-02 1.652092797000812366e-02 2.506839373228287107e-02 1.681326807090825770e-02 1.795601235639071591e-02 1.487123310938617826e-02 1.567854878681549866e-02 1.689766731811859560e-02 1.603964348331261142e-02 1.493425778660386477e-02 1.652420931612206753e-02 1.577981967412417363e-02 1.747320343171332446e-02 1.522316405691571256e-02 1.505928408733347643e-02 1.552343993856504165e-02 1.506050378683137375e-02 1.583239125793746080e-02 1.627463580955521363e-02 1.417820838579025855e-02 1.410822287016816161e-02 1.491069154998981607e-02 1.557959259158179198e-02 1.616405634170343594e-02 1.552849097786540740e-02 1.553318760752623630e-02 1.576934671571115359e-02 1.533794865250794580e-02 1.714102910430677709e-02 1.574068719286099080e-02 1.823027167331632559e-02 1.459607357912991524e-02 1.608329579670333617e-02 1.595263450191746271e-02 1.672562096952286484e-02 1.530094830414331294e-02 1.762321122245772559e-02 1.559128748194909923e-02 1.691392189430696719e-02 1.653926437539048402e-02 1.536653603379734001e-02 1.607390374119518558e-02 1.766911200071700355e-02 1.417829443130507079e-02 1.617886593223217748e-02 1.554623945898759435e-02 1.519796074033693926e-02 1.617250216129485080e-02 1.568420131095006262e-02 1.562823191350731777e-02 1.688619468868893941e-02 1.834741583710082502e-02 1.534412223182107446e-02 1.573226031722923732e-02 1.722176119005583428e-02 1.570122216857559524e-02 1.778917528135156439e-02 1.596695669121648078e-02 1.735170835965191283e-02 1.574509685009771107e-02 1.472048160278855225e-02 1.903247706080454446e-02 1.616152782295674634e-02 1.694622205500368947e-02 1.578218686508281801e-02 1.523105566315440841e-02 1.528528846122630819e-02 1.689320591911988578e-02 1.613520269194951284e-02 1.391850701181879257e-02 1.536407294180154766e-02 1.530451855680494029e-02 1.733146095889724625e-02 1.532308466877058822e-02 1.761006675934724888e-02 1.658958918372649069e-02 1.529694600247360689e-02 1.527790615949184937e-02 1.464015397612157890e-02 1.601610669667603848e-02 1.816258761786234549e-02 1.567044039680483974e-02 1.573376520321426858e-02 1.789719619146037943e-02 1.441143268033891894e-02 1.771200140615558291e-02 1.657446014908319290e-02 1.532250607982432213e-02
1.751216542381799426e-02 1.646964467193087062e-02 1.729561918924886477e-02 1.545066034046666502e-02 1.705626321474010970e-02 0.000000000000000000e+00 1.633901258973633266e-02 1.710068785327121046e-02 1.541353644149606739e-02 1.818097169915896399e-02 1.853952270997269100e-02 1.570805474604065194e-02 1.572850554449762087e-02 1.589424050829676624e-02 2.523015965902751859e-02 1.684180551391515138e-02 1.911510960663624636e-02 1.682732580412718559e-02 1.715148941640844138e-02 1.572878893260553496e-02 1.765003180286225937e-02 1.684832897423182638e-02 1.623091159975472916e-02 1.648960157361458942e-02 1.640925838026310868e-02 1.593410638974873672e-02 1.780130286312180468e-02 1.721383273283770554e-02 1.634158110451955359e-02 1.987260413488193059e-02 1.647160599558418828e-02 1.591634092085348479e-02 1.614685690127250217e-02 1.838013253068720640e-02 1.605218297291063911e-02 1.588385141015903265e-02 1.842194576701929390e-02 1.823980898324833663e-02 2.094307657686955357e-02 1.577704612591256106e-02 1.668198797708253175e-02 1.732201760066448548e-02 2.554018585260881685e-02 1.754041272889660455e-02 1.860472666299724590e-02 1.574702888668701867e-02 1.648295259679093475e-02 1.762404779932063084e-02 1.687578235882244287e-02 1.580086418227468273e-02 1.819858544429712316e-02 1.657681688794196417e-02 1.820908103914968892e-02 1.606424922566696348e-02 1.592926685660032288e-02 1.633369838316893127e-02 1.590738624495295281e-02 1.662414990460203343e-02 1.702548526869150647e-02 1.511394902813630731e-02 1.509830781300530722e-02 1.578494055671885929e-02 1.639193611224057726e-02 1.692259972614170230e-02 1.633428516796920846e-02 1.639765689683951935e-02 1.661691689785511211e-02 1.616216817897384028e-02 1.788731316413793432e-02 1.657452992970440825e-02 1.890502946116881522e-02 1.553186182723328979e-02 1.690254652679697850e-02 1.677374618727206848e-02 1.750468211843510258e-02 1.617896592814941151e-02 1.834205745608815871e-02 1.644309236545141162e-02 1.766536415117818740e-02 1.732774308750839251e-02 1.624558691509042294e-02 1.689673757901670459e-02 1.837562409518601891e-02 1.514661453773867052e-02 1.699257614909115491e-02 1.640808290079196624e-02 1.608107655359361857e-02 1.692688760452955299e-02 1.645420469602943206e-02 1.648348867058490458e-02 1.764551515691227881e-02 1.903077882719717354e-02 1.622099538412764830e-02 1.656504689879633244e-02 1.796908967056808082e-02 1.654712031531074129e-02 1.849239514889598757e-02 1.678723283495357765e-02 1.807901640068025270e-02 1.658532392467668842e-02 1.564211812387999306e-02 1.966759127443559046e-02 1.696955726983245122e-02 1.764782373238623150e-02 1.661814308796629239e-02 1.611031057924978624e-02 1.616268307174544006e-02 1.764558198729581501e-02 1.694040387345124507e-02 1.490481787118038207e-02 1.623262045350110441e-02 1.617732451180868558e-02 1.805584742345229046e-02 1.622757932031344136e-02 1.831524441020430938e-02 1.740484033565620897e-02 1.617180624085099577e-02 1.615585862547221779e-02 1.556597179234067013e-02 1.683333614326433178e-02 1.884341288322160732e-02 1.651392688540631593e-02 1.657005808467839139e-02 1.859099535463008476e-02 1.535918059761142741e-02 1.842101611921129894e-02 1.735327360504422892e-02 1.619776194923071982e-02
1.691337709224101371e-02 1.406112812825583737e-02 1.507072603871828856e-02 1.367807175278437995e-02 1.542840324326669697e-02 1.633901258973633266e-02 0.000000000000000000e+00 1.537938127726709570e-02 1.359426602583124581e-02 1.689584865042246045e-02 1.684341797334577145e-02 1.484904273663148304e-02 1.410251445408196823e-02 1.429017127974557301e-02 2.290397672839421944e-02 1.505228817624257136e-02 1.760227398748126851e-02 1.600477580556918314e-02 1.663860342113007013e-02 1.488780532422617764e-02 1.589684155086163245e-02 1.619509365888037455e-02 1.469293603707236967e-02 1.553106622637880421e-02 1.462616581562116783e-02 1.417895573922268310e-02 1.619666234009530664e-02 1.536332471963294984e-02 1.446057799018496404e-02 1.850235817043128714e-02 1.598653268440717104e-02 1.415977715384920260e-02 1.454820822028432895e-02 1.717650528752419706e-02 1.448872706291097143e-02 1.423711062350769760e-02 1.722122698338556315e-02 1.694331351501396007e-02 1.987324251759662458e-02 1.411102636056315099e-02 1.524150814150399165e-02 1.590869170718955602e-02 2.467872467859560937e-02 1.620889427733464630e-02 1.740826817074682398e-02 1.413946495542356234e-02 1.500193311903264166e-02 1.630047411948896963e-02 1.539697708819784579e-02 1.420415822329460995e-02 1.591368485235773039e-02 1.511138399001232292e-02 1.690376233494933836e-02 1.451429856874353677e-02 1.430223273560835007e-02 1.484601064716114215e-02 1.437637796024240043e-02 1.516958573691829654e-02 1.563968607016657728e-02 1.338709613950091019e-02 1.331819497392833056e-02 1.418511415458786028e-02 1.489694695179084698e-02 1.552093992973132240e-02 1.480411498074351781e-02 1.485284597047544994e-02 1.510947050614136998e-02 1.459061777584965726e-02 1.656247734509239816e-02 1.506990874989730216e-02 1.769539847239030156e-02 1.382332117802292232e-02 1.543988493621821327e-02 1.529317726517815008e-02 1.612895625445777067e-02 1.459639265197983787e-02 1.706911335485006287e-02 1.490741313359367042e-02 1.631560157784749457e-02 1.592761759440071770e-02 1.467623460689389432e-02 1.543160039464219237e-02 1.711173509059797995e-02 1.338259759018498724e-02 1.554341164606467228e-02 1.486413159331959055e-02 1.448611393003296569e-02 1.549530895885957958e-02 1.495872869156320180e-02 1.495310722687930721e-02 1.629307502719709588e-02 1.782914782155373135e-02 1.465318868391116310e-02 1.506331009317624960e-02 1.665105410281916484e-02 1.503036681330988111e-02 1.723987319662733872e-02 1.531177909808457971e-02 1.676615225823266386e-02 1.506129498684349866e-02 1.395661903174135951e-02 1.852787577996954996e-02 1.552232087378412236e-02 1.653676036043102981e-02 1.510154273907604247e-02 1.452778102721604542e-02 1.456974457406341218e-02 1.630149762929935728e-02 1.549648486039131336e-02 1.309446172925642429e-02 1.465232915011713960e-02 1.458798706211616655e-02 1.676287423011151023e-02 1.464707235740972391e-02 1.705005803200446146e-02 1.600487061738201100e-02 1.459220773055136706e-02 1.457816238347985592e-02 1.388342438441084702e-02 1.535064814148928529e-02 1.761259983897328976e-02 1.498583359240989073e-02 1.506809096925116297e-02 1.735128153151358280e-02 1.362565099346457927e-02 1.714655628783118974e-02 1.595007895626667990e-02 1.460617451132840104e-02
1.767185465655720170e-02 1.554207847946080523e-02 1.642215701616375756e-02 1.401420057090293526e-02 1.625507118468901696e-02 1.710068785327121046e-02 1.537938127726709570e-02 0.000000000000000000e+00 1.439262027682096379e-02 1.748109202263689252e-02 1.776457121597654551e-02 1.561169928973436469e-02 1.436224036244396728e-02 1.576176499166521972e-02 2.336850888505687812e-02 1.594553705317975495e-02 1.723237635017512565e-02 1.678252202391839962e-02 1.733364281451267239e-02 1.493659622906018739e-02 1.670272410754001721e-02 1.694609094021103102e-02 1.609010343502186371e-02 1.549788562335363551e-02 1.543503767691081600e-02 1.502225598542607059e-02 1.606787836699733601e-02 1.615292831841105142e-02 1.532209926996494324e-02 1.908036655840194412e-02 1.675485600407514847e-02 1.500151979136402601e-02 1.524602448889537769e-02 1.776973116598280084e-02 1.524334547734899209e-02 1.500203911868526127e-02 1.781213453868219637e-02 1.754515040441750190e-02 2.037987198837969832e-02 1.488453394730255945e-02 1.594304308083465543e-02 1.656123207492215393e-02 2.509956674462387322e-02 1.685263110285884977e-02 1.799543106940927617e-02 1.491404652314597991e-02 1.571654872757827226e-02 1.693663830339501783e-02 1.608066123387838497e-02 1.497778297342271248e-02 1.655820041681862337e-02 1.581921243757968346e-02 1.751002990823029640e-02 1.526112986479198977e-02 1.505886490084555086e-02 1.556527085145406435e-02 1.508969225814899007e-02 1.587229232722225589e-02 1.631355355248800820e-02 1.422240432892172418e-02 1.415200960120166496e-02 1.495301530348527343e-02 1.561947611009848434e-02 1.620168530646292140e-02 1.551951179360402944e-02 1.557909492313962717e-02 1.581569395191803271e-02 1.533022614452206854e-02 1.718237207359937097e-02 1.580706943073936777e-02 1.826615669765402350e-02 1.462472376229266395e-02 1.612514344973286703e-02 1.598550896601615146e-02 1.677250995194290092e-02 1.533983834903847494e-02 1.766543109248138246e-02 1.562876259092595491e-02 1.694712838156377938e-02 1.658194348090916148e-02 1.541198262449638805e-02 1.611648363164217002e-02 1.770685897824503252e-02 1.421994136850368226e-02 1.622106708790278795e-02 1.558765957348428460e-02 1.523566594684905989e-02 1.616442638846820462e-02 1.566118427110766917e-02 1.567023361435257098e-02 1.692836530502729586e-02 1.839420147050094267e-02 1.539089135197593133e-02 1.576808533898280129e-02 1.726780001068713849e-02 1.574279957955840303e-02 1.782681729267314441e-02 1.600556721617093364e-02 1.742051117891426151e-02 1.577209982775690592e-02 1.475026835990089075e-02 1.906978588597340110e-02 1.619894333289558994e-02 1.716073283857323661e-02 1.580910904395099736e-02 1.527275547124628922e-02 1.531152908618707738e-02 1.693152268511964598e-02 1.618319962978571197e-02 1.395462318078551263e-02 1.539073935241949513e-02 1.533129554292395405e-02 1.737350147332999972e-02 1.533956573411913299e-02 1.765140125620657044e-02 1.660056235802348165e-02 1.537187588364411633e-02 1.532109987745975364e-02 1.468173540551120752e-02 1.604104426502558564e-02 1.818953054402417877e-02 1.569389511176591534e-02 1.577728541395718651e-02 1.793604880526817463e-02 1.444420777689918618e-02 1.773885779487053421e-02 1.659972084166215847e-02 1.534870629889400345e-02
1.609167005859947486e-02 1.369433486105594427e-02 1.459330377296118829e-02 1.242403461987512739e-02 1.433694564803934639e-02 1.541353644149606739e-02 1.359426602583124581e-02 1.439262027682096379e-02 0.000000000000000000e+00 1.687893180708916266e-02 1.611921310757558415e-02 1.359321811963097766e-02 1.241632724084527038e-02 1.385198556204890463e-02 2.328377589460395303e-02 1.418201315290698768e-02 1.606706737864890475e-02 1.514766756725938017e-02 1.576434617732635352e-02 1.376676393164145973e-02 1.445613132400655823e-02 1.522901688163922664e-02 1.445946220143256786e-02 1.463821057673313393e-02 1.341974269855723823e-02 1.296714166857591659e-02 1.520619936505184476e-02 1.444250560233855361e-02 1.345993261787716173e-02 1.754542122264196244e-02 1.493130125597615619e-02 1.295411188414544515e-02 1.356626217813109228e-02 1.641595277629253127e-02 1.353343263097613047e-02 1.325548687445316128e-02 1.646146719663756780e-02 1.618318236665795828e-02 1.922017616309070961e-02 1.311706759334431253e-02 1.435566282183038146e-02 1.507022000614822305e-02 2.412755626149427207e-02 1.539572133253436399e-02 1.666221531832890596e-02 1.314824080259396552e-02 1.409545938104789925e-02 1.549128551169578691e-02 1.452123331984852758e-02 1.321900194181841424e-02 1.509043544725342280e-02 1.421410288131798490e-02 1.613075033652696527e-02 1.356163295702400573e-02 1.333035149262516532e-02 1.392280180152234183e-02 1.338685249352606320e-02 1.427680285653750922e-02 1.478412136776094399e-02 1.230442340926852889e-02 1.222579731532424420e-02 1.319685639363017172e-02 1.397948165323355599e-02 1.465832181199885724e-02 1.387982959245924290e-02 1.393045813933361902e-02 1.420858106698624779e-02 1.365991994842613577e-02 1.576844561700200750e-02 1.417788421764995879e-02 1.696156442840074038e-02 1.280756386219128289e-02 1.457067704979211724e-02 1.441329959490063317e-02 1.530470314355138715e-02 1.364885351167871921e-02 1.630117470119895814e-02 1.399297855646158134e-02 1.550791636704423881e-02 1.509021759693117068e-02 1.373731971002859799e-02 1.455699237151643344e-02 1.634888403424240161e-02 1.229926519408383948e-02 1.467830831811680822e-02 1.394345217895294822e-02 1.352933195534804754e-02 1.462677477662039857e-02 1.409128567946622661e-02 1.403886369702236209e-02 1.548081387345978319e-02 1.709511077308523488e-02 1.371152213724621989e-02 1.416178250831034123e-02 1.585945061693274510e-02 1.412401016021952449e-02 1.648037834605062604e-02 1.442658281878713041e-02 1.604124552972027717e-02 1.417126003346693558e-02 1.295058785360031842e-02 1.782623506153305573e-02 1.465165485548473867e-02 1.559136525500407107e-02 1.420972925873605075e-02 1.356541785652365904e-02 1.362770281891413984e-02 1.548288079171192613e-02 1.462984595361798909e-02 1.197959342159760944e-02 1.372301501304059625e-02 1.365124688215287908e-02 1.597579823899841767e-02 1.368208396715174698e-02 1.628241898385409184e-02 1.514572583340587954e-02 1.368847492136642148e-02 1.362975062009074215e-02 1.285562415368716148e-02 1.448082612101307329e-02 1.688624224043210401e-02 1.408608889493718000e-02 1.415778256480221611e-02 1.659779133591558070e-02 1.258000667486712694e-02 1.639501242038038029e-02 1.512052773219994990e-02 1.367517977315818936e-02
1.974632915765268254e-02 1.772788218279604949e-02 1.865469788362872361e-02 1.697798360418103017e-02 1.748041418881569886e-02 1.818097169915896399e-02 1.689584865042246045e-02 1.748109202263689252e-02 1.687893180708916266e-02 0.000000000000000000e+00 1.851017730755955340e-02 1.793400941903743051e-02 1.717514850427010603e-02 1.789081465396616041e-02 2.460645652596548522e-02 1.728112161362118857e-02 2.036995245407599575e-02 1.893199621528443913e-02 1.935453292040641496e-02 1.710036393454833145e-02 1.787649270326126943e-02 1.908607969779903962e-02 1.737670390222867747e-02 1.761777890972276300e-02 1.779065268105806466e-02 1.741934382968392606e-02 1.919098414448726711e-02 1.834305429252265640e-02 1.767025712377510993e-02 2.117796537052209216e-02 1.795181850207734631e-02 1.743072348209438391e-02 1.737274383110096188e-02 1.951489244076379248e-02 1.738391316124183322e-02 1.717800985342469652e-02 1.955388025388604678e-02 1.930198571174815761e-02 2.185164338903766018e-02 1.707438558687462277e-02 1.796478751649233097e-02 1.847640269769709395e-02 2.629000728920887278e-02 1.873412687996527104e-02 1.971514770133404870e-02 1.709943634280503347e-02 1.777417224373900942e-02 1.880424026431132614e-02 1.807380110801674877e-02 1.715778261874618613e-02 1.854786689406018318e-02 1.786380201056379791e-02 1.929463702871187653e-02 1.739287615839790399e-02 1.722115319096076749e-02 1.763663328295912366e-02 1.723554511724260940e-02 1.790505916666380870e-02 1.827891012805650875e-02 1.652626074202367262e-02 1.646641372272844572e-02 1.712980962050756825e-02 1.769724923188305266e-02 1.817591065013934512e-02 1.765641908808483762e-02 1.766051040602491240e-02 1.785667557934848479e-02 1.744236006506423575e-02 1.901381260322101280e-02 1.781643705153687293e-02 1.995204086682989680e-02 1.686975780647834849e-02 1.811810156377519770e-02 1.800681485256276637e-02 1.865913381316361072e-02 1.746719985577830161e-02 1.942363440022126103e-02 1.771030297362307174e-02 1.881658314711807597e-02 1.850346430160583130e-02 1.752052237705746182e-02 1.811416641112666148e-02 1.946628828194123945e-02 1.653215849776481713e-02 1.820126000282319689e-02 1.766905851645498779e-02 1.737794050319649633e-02 1.819384929124739231e-02 1.777882198770401601e-02 1.774126667075238278e-02 1.879340922165265854e-02 2.005744572831713590e-02 1.750088272535102810e-02 1.782126134990345140e-02 1.908445501602991368e-02 1.779627441772211466e-02 1.957172205243970509e-02 1.802622976862516824e-02 1.917663777746748954e-02 1.782586332014358954e-02 1.697927794173269972e-02 2.066410044182831821e-02 1.818754932194548493e-02 1.899243118334781669e-02 1.786202876145882509e-02 1.741330885945836446e-02 1.744598046468865543e-02 1.880252866400178302e-02 1.816623311068326849e-02 1.630768117923878102e-02 1.750877857090366724e-02 1.746071750438007303e-02 1.917591552611935118e-02 1.746255083433034122e-02 1.941696805611097670e-02 1.851691564223680725e-02 1.746114430429596132e-02 1.744579991467385544e-02 1.692070825081725891e-02 1.805477682901310277e-02 1.988413389348206092e-02 1.775711671918811518e-02 1.783309174976720549e-02 1.966806835891021440e-02 1.672067847345228009e-02 1.948929083270805815e-02 1.852318542583779662e-02 1.747415983733486416e-02
1.895961603010104524e-02 1.617202510191515646e-02 1.719276920199065695e-02 1.623727281897851052e-02 1.676614207810328896e-02 1.853952270997269100e-02 1.684341797334577145e-02 1.776457121597654551e-02 1.611921310757558415e-02 1.851017730755955340e-02 0.000000000000000000e+00 1.722477726903657788e-02 1.656885971201795330e-02 1.641800421408476721e-02 2.421105262502084091e-02 1.652332854942946752e-02 1.975629087986943699e-02 1.732000658371759400e-02 1.885373171127662298e-02 1.730211631854956800e-02 1.714761873180819379e-02 1.830289460846835220e-02 1.773650969401125918e-02 1.790170499448884289e-02 1.698292039692190364e-02 1.595760075486847562e-02 1.845972449819705680e-02 1.767731666818337169e-02 1.687940559276536467e-02 2.034857669824782778e-02 1.735285617742647959e-02 1.658243962895742524e-02 1.673854341330391002e-02 1.894959553441971992e-02 1.669991940912181685e-02 1.648564090866694309e-02 1.899017928400426047e-02 1.872824289321343635e-02 2.136717783471669616e-02 1.637642025470353868e-02 1.731345277736773963e-02 1.785768570793741170e-02 2.590045295916770102e-02 1.812254586898528336e-02 1.915269922214733050e-02 1.640587179738154169e-02 1.711379888400933399e-02 1.819930187481313966e-02 1.743195332787719071e-02 1.646402106955392047e-02 1.784668746100312453e-02 1.720895798397990145e-02 1.871056984810925972e-02 1.671513824027713244e-02 1.652932007403557640e-02 1.697725256096010299e-02 1.660106751190565735e-02 1.725360457233364800e-02 1.764729276693307106e-02 1.580234489763360575e-02 1.574041140809225026e-02 1.644094379768329742e-02 1.703360555239186516e-02 1.753892797479940369e-02 1.699320457810107529e-02 1.699180015181089506e-02 1.719894212473396453e-02 1.677021123759816698e-02 1.841819548337501194e-02 1.716020477456477178e-02 1.940299560254967262e-02 1.616038568635155132e-02 1.747516402187845527e-02 1.735809308979964841e-02 1.804505280477326432e-02 1.678804224927213026e-02 1.884903584131099319e-02 1.704456951446038648e-02 1.821185071543503578e-02 1.788071096159388196e-02 1.684488855236509000e-02 1.746980224591124925e-02 1.889449296173065923e-02 1.580535601517681077e-02 1.756189042402796219e-02 1.700098505249073369e-02 1.669520640156630861e-02 1.756063100880103298e-02 1.712400221306382975e-02 1.707690050973491303e-02 1.818776399419589143e-02 1.951277226958023081e-02 1.682456092109751652e-02 1.716495470992590588e-02 1.849138254831539027e-02 1.713604715453543800e-02 1.900647729502213945e-02 1.737401668003417388e-02 1.857873485342886183e-02 1.716453038899103459e-02 1.627227905821568635e-02 2.014315390829595626e-02 1.754820418530312134e-02 1.839101655281540765e-02 1.720138874129178638e-02 1.673176691322852613e-02 1.676715390831164110e-02 1.819747587555595528e-02 1.752145151906337947e-02 1.557056493023834844e-02 1.683016678752998624e-02 1.677931192881608122e-02 1.859000546225353032e-02 1.683243538662677896e-02 1.883775519972767307e-02 1.795598710988655436e-02 1.677321484885711117e-02 1.676626531622738697e-02 1.621081019188409800e-02 1.740466305040856004e-02 1.932949435781636249e-02 1.709956989492959073e-02 1.717112537507050479e-02 1.910338048471226999e-02 1.600353456662375815e-02 1.892178125013285056e-02 1.790332320479482223e-02 1.679609457168657408e-02
1.711512850585884468e-02 1.497698362080661025e-02 1.574912485132306042e-02 1.379386763450289426e-02 1.554788456820459415e-02 1.570805474604065194e-02 1.484904273663148304e-02 1.561169928973436469e-02 1.359321811963097766e-02 1.793400941903743051e-02 1.722477726903657788e-02 0.000000000000000000e+00 1.361782104452534392e-02 1.445456411616420633e-02 2.422357101994157894e-02 1.536978788700992665e-02 1.700819449141635284e-02 1.624200673071376014e-02 1.609071934033188406e-02 1.494076061143075583e-02 1.547117637172027056e-02 1.630483374783502082e-02 1.557221644951690444e-02 1.575232384035399336e-02 1.469775001989067319e-02 1.425077545994794456e-02 1.630032779887765140e-02 1.567227882602731381e-02 1.475970765810370559e-02 1.848038310557500660e-02 1.598156383474506198e-02 1.370676542641825063e-02 1.471775360314546942e-02 1.730424140994640814e-02 1.465997884362366631e-02 1.441259506655429533e-02 1.734394142422006693e-02 1.711894213140987414e-02 1.998163711204538687e-02 1.428866667777166886e-02 1.539536608496136494e-02 1.605220626711781340e-02 2.476557689635849532e-02 1.635222698907657854e-02 1.753444772496521795e-02 1.431769955904482923e-02 1.515943519319812999e-02 1.644286684992339945e-02 1.554779993786273296e-02 1.437916586121064204e-02 1.612681126130484019e-02 1.526827217893515082e-02 1.703830612008304032e-02 1.468448878045238923e-02 1.447204595364584394e-02 1.500142954188106621e-02 1.451514207829217827e-02 1.532351287353117021e-02 1.578504292231808909e-02 1.358307821682680668e-02 1.351338376676827768e-02 1.436152533421608708e-02 1.505695595688112676e-02 1.567189298837698419e-02 1.496393810792642602e-02 1.501941726360980951e-02 1.526934022477601828e-02 1.476980658104383969e-02 1.670052650349113099e-02 1.523349656571552219e-02 1.781914327875068829e-02 1.402830331204945984e-02 1.559691403687470980e-02 1.545379142294029534e-02 1.627050978589184016e-02 1.476853038783362826e-02 1.719811800304788668e-02 1.507535526197350748e-02 1.645690329228146828e-02 1.607251338791127609e-02 1.484558973050442710e-02 1.558527936836756091e-02 1.724169958367404235e-02 1.358547628442768190e-02 1.569512719040710297e-02 1.503140289146413788e-02 1.466021777358066623e-02 1.563718367848494772e-02 1.515896625054654646e-02 1.511680735196078117e-02 1.643148158284047158e-02 1.794794567010325054e-02 1.482249890379548976e-02 1.522267393411855588e-02 1.678561036781157229e-02 1.519171705790907378e-02 1.736660669373692525e-02 1.546223505303492146e-02 1.695762326204192441e-02 1.523483866018973849e-02 1.415191441800039453e-02 1.864004075150690540e-02 1.566928728677217247e-02 1.647694607909588188e-02 1.526926943537079001e-02 1.469068692715790395e-02 1.475063716376513907e-02 1.643086161808474804e-02 1.564525024386988553e-02 1.330821487794477641e-02 1.483140394163151750e-02 1.476798672846136619e-02 1.689034472934571735e-02 1.482749533596294626e-02 1.717494000744996044e-02 1.615916198008550755e-02 1.480309550069280021e-02 1.474621509194061660e-02 1.406528460360495329e-02 1.551389531839862494e-02 1.775016363615348342e-02 1.515988409055908127e-02 1.521727128349995017e-02 1.747433884363047002e-02 1.383025576495715801e-02 1.729012186779403659e-02 1.610118236837996056e-02 1.479378325249973772e-02
