0.000000000000000000e+00 1.612950894288756390e-02 1.554557402665059269e-02 1.368684835605429514e-02 1.386102744209303725e-02 2.414571995179653693e-02 1.194867882476874886e-02 1.372538119987891554e-02 1.485824500395237398e-02 1.177035385730592319e-02 2.165744651343378541e-02 1.356066301980467237e-02 1.756016467828021288e-02 1.319034494376273951e-02 1.552932166188416424e-02 1.677081589732107303e-02 1.512289568210718749e-02 2.060065882208453325e-02 1.513868791047751766e-02 1.425215814222183242e-02 1.479693650451331492e-02 1.356470301730194200e-02 1.348534801969239298e-02 2.145602421021976236e-02 1.298506918949988986e-02 1.247502373018817209e-02 1.673033833426233394e-02 2.051514661239241949e-02 1.057469834916309817e-02 1.558695644298670538e-02 1.431903994772748372e-02 1.231055956208319639e-02 1.476926730608092014e-02 1.495236287008255317e-02 1.243918508268454688e-02 1.550480137464708974e-02 1.047902246483575078e-02 1.387566009587209472e-02 1.445285502829071408e-02 2.626750235294684349e-02 1.460040111040220717e-02 1.257249720105703406e-02 1.929159074458784359e-02 1.592593956114910295e-02 1.793872146527429948e-02 1.975081895597156911e-02 2.010630136849752073e-02 1.051392573926275380e-02 1.121393643024132594e-02 2.064375523295110607e-02 1.250619281399244914e-02 1.485255771102968365e-02 1.537594790260694323e-02 1.293689080759982853e-02 1.741060674829787713e-02 1.719291965819918361e-02 1.593479145250728535e-02 1.288355174148989209e-02 1.597717549344238736e-02 1.623574512887279025e-02 1.408135925756837797e-02 1.821218230328565391e-02 2.159289223670821448e-02 1.908538776553055441e-02 2.319937211165961841e-02 1.311989541616679494e-02 1.402752926370789618e-02 1.003022863594709053e-02 2.058016511462010256e-02 1.894450226858087477e-02 2.005526770019459490e-02 2.046348453012942006e-02 1.316433343018532168e-02 1.416496517912751822e-02 9.831399377569619014e-03 1.626216349422705126e-02 1.119228286090669794e-02 1.745516660829844052e-02 1.303754267815725003e-02 2.903490522422238693e-02 1.242681512802028265e-02 1.796157122119865918e-02 1.018533514019812763e-02 2.053075234254354842e-02 1.724163843784888572e-02 1.508554324961859650e-02 1.483942551181219316e-02 1.459090999600228845e-02 1.402466862695696780e-02 2.364787593161402079e-02 1.752065107079730025e-02 1.630624191757183705e-02 2.107366501738747178e-02 1.996070503834812201e-02 1.707870231335977679e-02 1.614685825457934723e-02 1.487384292416501184e-02 1.354360337660009267e-02 1.440876906525921479e-02 1.604099234250208963e-02 1.391644142957770662e-02 1.723727292955266888e-02 1.712366905578479107e-02 1.593615779997785767e-02 1.241107487075735621e-02 1.853407460713860783e-02 2.272719891986133695e-02 1.980351596362113498e-02 1.956554584474462163e-02 1.718082142573943219e-02 1.429001407967100089e-02 1.484139587571284453e-02 1.789180219098924704e-02 2.107141880392076130e-02 1.299953897850174289e-02 1.376565907290437478e-02 1.674592296373986558e-02 1.788311226828277756e-02 1.753607790503311156e-02 1.631150731078132021e-02 1.404793155005521106e-02 1.941573466106993884e-02 1.777889234537964602e-02 1.655525090024703716e-02 1.625695843210861469e-02 1.205372262662373316e-02 1.594953266058626515e-02 2.077223713730794522e-02
1.612950894288756390e-02 0.000000000000000000e+00 1.868082612310222046e-02 1.786053858523415153e-02 1.880681237783666387e-02 2.668112598392182594e-02 1.684323395154755515e-02 1.788637575767131407e-02 1.966328885984660116e-02 1.692799635462662045e-02 2.445066449833955408e-02 1.805312090167098329e-02 2.102711893231788004e-02 1.754142246118832807e-02 2.076315988955092229e-02 1.959782394211520562e-02 1.896735176861493594e-02 2.408303641082660748e-02 1.906590661648229976e-02 1.783258257563217347e-02 1.869529652543581305e-02 1.754184333721104175e-02 1.786551865291985744e-02 2.448431531004343145e-02 1.751712259810641464e-02 1.709450460180156339e-02 2.038127516932286207e-02 2.348016419494562690e-02 1.592793459491835886e-02 1.936201949736070585e-02 1.832111861557277066e-02 1.685545968690663546e-02 1.861163365827428473e-02 1.883276082978385668e-02 1.709523570908460036e-02 1.930934554270855030e-02 1.576791752508517955e-02 1.803854614065766859e-02 1.860965714735420343e-02 2.871965597761953759e-02 1.877816000282031897e-02 1.713872772308022013e-02 2.222762938579666073e-02 1.960860666321099718e-02 2.130081253460994542e-02 2.297194727957528604e-02 2.318500749399672253e-02 1.567768007831888896e-02 1.611490670461616578e-02 2.338892786494450177e-02 1.834522619792841244e-02 1.834272094699507943e-02 1.895390419782367816e-02 1.752491683772632730e-02 2.094461807822135119e-02 2.062345644421719956e-02 1.865363907491711729e-02 1.742179096716709244e-02 1.967811441911787931e-02 1.918519813602102483e-02 1.834836930348202055e-02 2.045624425292616802e-02 2.451035730436205290e-02 2.217658301056105868e-02 2.582771374739122397e-02 1.707654454174396125e-02 1.785916516848416735e-02 1.560848582106242992e-02 2.368542336233429510e-02 2.193910101380460928e-02 2.299775962352072073e-02 2.558865877836223948e-02 1.755719803421456129e-02 1.786316924582478580e-02 1.567856781458752333e-02 2.003066225630308408e-02 1.606634380030812562e-02 2.285005127109128800e-02 1.755945995284835873e-02 3.128765645286033653e-02 1.691683843879046578e-02 2.132712576289576625e-02 1.562856965760341804e-02 2.246383194292118565e-02 1.982299216647030390e-02 1.880912461582625803e-02 1.889626126790520597e-02 1.860005505408908466e-02 1.818095114600034798e-02 2.604376852833381953e-02 2.090039686207242203e-02 1.999974334397853701e-02 2.390304455379521631e-02 2.295227905839261270e-02 2.046698484977648239e-02 1.982926854447613491e-02 1.867950460922951708e-02 1.797520028156858463e-02 1.809341477274713575e-02 1.963669185421083527e-02 1.798696443465671452e-02 2.009364598787174300e-02 2.054407678389149824e-02 1.966057860388855175e-02 1.717297703833046973e-02 2.180436998694978631e-02 2.550961416745050822e-02 2.270918410966459716e-02 2.259531553968624137e-02 1.995517368464276228e-02 1.835850824187617442e-02 1.865805238371472455e-02 2.133463983301038189e-02 2.406507822365439031e-02 1.732339607500492026e-02 1.929423207529687781e-02 2.044911870250668701e-02 2.129838356224458135e-02 2.077283531767950067e-02 1.977758913454561590e-02 1.839177378832292098e-02 2.230486858625968516e-02 2.110347685404016793e-02 2.007517923488036718e-02 1.993189646909145421e-02 1.694716797636055400e-02 1.976347472450507362e-02 2.371699188392285135e-02
1.554557402665059269e-02 1.868082612310222046e-02 0.000000000000000000e+00 1.677946057737859237e-02 1.636796859178965904e-02 2.574144074458731279e-02 1.619749473573437598e-02 1.674216862903981501e-02 1.709955214492019787e-02 1.625198008035900685e-02 2.353584570837722809e-02 1.686572948866696051e-02 2.168691812235180524e-02 1.628874984441340545e-02 1.844265003323644625e-02 1.883752844608485924e-02 1.746289416514922380e-02 2.158829124948919917e-02 1.755392706593914692e-02 1.661067402721016356e-02 1.741999016925225782e-02 1.591684722349133441e-02 1.683805684237074315e-02 2.363846454768249797e-02 1.620333395428430467e-02 1.590621721657749579e-02 1.909928483764657473e-02 2.260821545490086446e-02 1.436830979308104453e-02 1.826803552909660872e-02 1.713262249930783826e-02 1.631416785201717651e-02 1.759970971777112883e-02 1.747522919281160533e-02 1.560397834767963954e-02 1.799605928437571917e-02 1.464837584415152293e-02 1.687881553798829121e-02 1.724313311420781758e-02 2.804130885423360142e-02 1.737524593983545695e-02 1.590493153271966761e-02 2.150083112727786336e-02 1.850138264423064824e-02 2.018453850851607834e-02 2.195194378934295712e-02 2.221850249882054845e-02 1.432998853831106596e-02 1.541688027234041670e-02 2.282826165126197737e-02 1.678694848742098150e-02 1.752952484243401957e-02 1.782736511581736044e-02 1.604873641144268989e-02 1.974778867153878514e-02 1.959130409845222590e-02 1.764660574492219955e-02 1.593486195188898932e-02 1.879414271995740252e-02 1.818144874069663533e-02 1.711042592472200932e-02 1.954127264936706895e-02 2.367381659467810914e-02 2.130016981078508911e-02 2.495895697816102529e-02 1.619207821155886282e-02 1.652149283511681818e-02 1.410551446268783031e-02 2.282619706738360163e-02 2.103326037143032554e-02 2.215312715468780239e-02 2.290308055799357076e-02 1.623220105204537314e-02 1.663360553544791093e-02 1.429875593917722017e-02 1.884077028257347824e-02 1.478673919390476564e-02 1.984228927715168608e-02 1.621004031669327425e-02 3.068875063610217863e-02 1.568933669762227756e-02 2.027092268495455513e-02 1.410749459115485070e-02 2.136264395408095373e-02 1.878003079870760317e-02 1.781394029233273127e-02 1.894646724278570282e-02 1.702585975302535817e-02 1.692497563801571847e-02 2.557057178608318146e-02 1.972047891640650932e-02 1.883824743775035573e-02 2.304062053705913451e-02 2.193056574006051196e-02 1.944611030435376350e-02 1.857254499025669248e-02 1.761795624745233699e-02 1.681978430566346411e-02 1.703506153292471889e-02 1.850605443978946621e-02 1.655510379343605107e-02 1.878788923596965560e-02 1.947202783088385764e-02 1.834809164082532029e-02 1.570393438235385616e-02 2.070131318915917687e-02 2.430529408336628422e-02 2.151210482260530396e-02 2.172368754251909062e-02 1.882534081957498370e-02 1.700370533815248261e-02 1.766572306418953686e-02 2.040072226013792123e-02 2.296599654689680456e-02 1.616261432259852998e-02 1.677741429809181256e-02 1.885764418156658448e-02 2.019545379467994201e-02 2.000592366908463676e-02 2.023219809367240996e-02 1.835916768196170501e-02 2.143600132043263842e-02 2.145625194130689958e-02 1.899548779523304795e-02 1.870950857627051711e-02 1.557042605244558786e-02 1.839189537053648876e-02 2.287336857908006671e-02
1.368684835605429514e-02 1.786053858523415153e-02 1.677946057737859237e-02 0.000000000000000000e+00 1.647470006937267265e-02 2.535648903259482903e-02 1.444263597115868873e-02 1.522566273065139447e-02 1.641716347102073828e-02 1.437976029069177979e-02 2.296714129092309459e-02 1.581161982915395975e-02 1.916871305769256295e-02 1.524549936071180334e-02 1.750032823646767779e-02 1.781276500382928882e-02 1.698618475809507422e-02 2.109406530667512492e-02 1.694947204797259480e-02 1.551811808922553930e-02 1.659534233021387958e-02 1.529311071917294554e-02 1.570662704094743026e-02 2.300468295157077556e-02 1.530000521625138679e-02 1.455522355488091980e-02 1.843320269929901722e-02 2.188473683717132717e-02 1.390944680410118039e-02 1.723570094849790832e-02 1.729564737184955195e-02 1.402974657190410139e-02 1.632095962503310807e-02 1.800619813445617987e-02 1.460090320061818367e-02 1.730020594919083610e-02 1.336075693630458909e-02 1.588025288965807733e-02 1.752835926050625923e-02 2.746816876416164135e-02 1.666306604754337617e-02 1.471955111814092325e-02 2.031021736726719082e-02 1.764508382268679260e-02 1.946865386358790154e-02 2.135505361824752840e-02 2.166754687905862037e-02 1.323881017762710416e-02 1.439888844885127070e-02 2.201908277962032895e-02 1.473495999649897074e-02 1.623887132557550947e-02 1.721851459071274335e-02 1.513319662014835955e-02 1.898435334335230387e-02 1.881179624176802442e-02 1.691817696130373111e-02 1.588148932281866280e-02 1.756542972519998733e-02 1.710307062234026065e-02 1.610223997089813702e-02 1.900599098923377167e-02 2.302059017565781518e-02 2.049673421126137207e-02 2.447774388136111576e-02 1.522389416278196669e-02 1.548720803479068479e-02 1.287745648676522602e-02 2.227848650123762098e-02 2.057332200221221458e-02 2.149061693365222209e-02 2.219953085632105777e-02 1.614155765686248536e-02 1.545589542759907495e-02 1.268321147875001685e-02 1.798641256197291288e-02 1.340141574264342751e-02 1.920516871306199996e-02 1.522107278550836017e-02 2.994287413061776440e-02 1.462855891649180763e-02 1.957769425872681740e-02 1.299311970163973158e-02 2.115711839083853421e-02 1.826192823949687738e-02 1.693817649638550138e-02 1.661804754071614931e-02 1.738229027379337155e-02 1.597695568403957600e-02 2.489527039040528508e-02 1.918522033036766314e-02 1.823800165796295170e-02 2.212622603838606053e-02 2.123503692772625226e-02 1.876731375345453909e-02 1.784896267451128657e-02 1.662673515538965266e-02 1.551653477027646784e-02 1.596663459278720859e-02 1.773378330108976372e-02 1.595943839730427569e-02 1.811759067317620861e-02 1.857699225776755780e-02 1.756197708965634083e-02 1.549708303443015668e-02 2.149994376989002379e-02 2.394906810368880104e-02 2.098873284285924720e-02 2.090571937253733054e-02 1.816778044969876924e-02 1.600760295449926360e-02 1.667128097368663492e-02 1.958723553754877778e-02 2.260190659677020417e-02 1.500932562902582146e-02 1.582262416985453363e-02 1.864830771082671632e-02 2.094350026267967346e-02 1.890506936762660628e-02 1.787484278468898236e-02 1.602687212859577048e-02 2.085747255766560657e-02 1.930580707550814956e-02 1.810240560993744280e-02 1.778393270475245661e-02 1.465313169906421950e-02 1.895441314557636675e-02 2.201773642021824171e-02
1.386102744209303725e-02 1.880681237783666387e-02 1.636796859178965904e-02 1.647470006937267265e-02 0.000000000000000000e+00 2.510510240848431995e-02 1.399627030351168269e-02 1.555939696596557106e-02 1.577833642342019171e-02 1.410482980474998989e-02 2.264885455257450997e-02 1.521744717807568641e-02 1.905513232715417074e-02 1.500537527064263812e-02 1.837793330848098636e-02 1.747490023361428571e-02 1.666361002836019845e-02 2.022584801074621755e-02 1.671979202502810180e-02 1.547957619727549118e-02 1.636243577943888305e-02 1.468361061936717012e-02 1.656578970622687996e-02 2.283274290149915967e-02 1.452957505226010713e-02 1.465626154297001819e-02 1.814378549821034359e-02 2.176303031495725737e-02 1.269358993111894922e-02 1.713538520299100545e-02 1.567312914000821775e-02 1.418174237943890977e-02 1.709701157081355491e-02 1.646770146705094778e-02 1.447926097767052514e-02 1.717911227873923641e-02 1.315737733030993006e-02 1.649131820049664493e-02 1.600967568529759050e-02 2.726036038110546053e-02 1.603490173647940248e-02 1.444304502053875457e-02 2.195886681246756594e-02 1.725096003449041321e-02 1.932048869051114157e-02 2.114362903700694324e-02 2.134515106615154575e-02 1.286229379561946821e-02 1.313125147220582135e-02 2.202931911396253245e-02 1.447326262228810535e-02 1.645489500800406679e-02 1.689134171844858257e-02 1.489387250906952509e-02 1.891018989900035766e-02 1.859171093359298504e-02 1.673413448381596072e-02 1.452774174235878062e-02 1.855334973628386050e-02 1.808166802236415086e-02 1.579025598083265772e-02 1.848229574155492785e-02 2.278320412966543598e-02 2.023132644611492365e-02 2.424285524476067766e-02 1.482135498016970768e-02 1.511068108358699924e-02 1.293868707563576928e-02 2.197594201526646349e-02 2.011452609413077325e-02 2.120519697908899298e-02 2.190042553649572052e-02 1.464936254518306794e-02 1.525307719241247341e-02 1.212107209496700484e-02 1.790274822045818254e-02 1.319742466332288547e-02 1.878314020721618197e-02 1.490362914545021768e-02 3.001937125897753689e-02 1.442278103746575703e-02 1.921060946132626540e-02 1.256489996221800409e-02 2.075182835951704802e-02 1.783918446697711768e-02 1.680364888897134881e-02 1.657299520864530598e-02 1.605299680560158190e-02 1.648077505690293335e-02 2.492797720624541705e-02 1.891314665571848866e-02 1.761179131265771039e-02 2.206274778866380848e-02 2.121061677956111863e-02 1.831998263076445310e-02 1.761154079891187607e-02 1.617274755749887813e-02 1.537067931940215224e-02 1.581977215159775449e-02 1.740685222225953066e-02 1.559974014871324741e-02 1.763950469258305023e-02 1.832481422986476441e-02 1.738994699284074352e-02 1.434908511725395755e-02 1.958794276534821938e-02 2.381285817689395359e-02 2.104944461768510147e-02 2.059358728860628124e-02 1.893799146152295651e-02 1.601656582333141343e-02 1.648888300403988233e-02 1.927475334773954413e-02 2.214543590099209494e-02 1.454111776083754498e-02 1.548331638422696666e-02 1.793610825314565990e-02 1.879773598094353071e-02 1.887338771130328205e-02 1.771502042493560206e-02 1.584674101738545518e-02 2.049255253976587504e-02 1.917842810198000861e-02 1.792091838393812531e-02 1.767295426021855617e-02 1.401963204278354642e-02 1.724418889627172061e-02 2.186254613698477081e-02
2.414571995179653693e-02 2.668112598392182594e-02 2.574144074458731279e-02 2.535648903259482903e-02 2.510510240848431995e-02 0.000000000000000000e+00 2.584693199056473101e-02 2.535197984036022256e-02 2.557768522224692156e-02 2.447910784004896437e-02 2.996948771618583238e-02 2.544569885391743599e-02 2.736285989783324157e-02 2.683226130264061010e-02 2.645400502520196470e-02 2.660954704502268078e-02 2.565832982157420505e-02 2.797020497594861904e-02 2.614987215607011972e-02 2.520530836163493299e-02 2.546045078239902310e-02 2.502401340032255062e-02 2.540287614368697683e-02 2.986093181855996662e-02 2.471382103358239421e-02 2.634788738281173756e-02 2.682716644944877979e-02 2.888432162287213334e-02 2.375322871991567691e-02 2.634392405483716379e-02 2.542362478334048853e-02 2.447555262590081840e-02 2.576010101134152894e-02 2.574917256159075726e-02 2.461658336518597959e-02 2.627761257449104035e-02 2.496450205954363344e-02 2.546173850306361966e-02 2.561328113941560222e-02 3.331373645282122153e-02 2.590188975188504814e-02 2.480003055056636749e-02 2.838657276101289387e-02 2.564399634476357756e-02 2.764386922784198286e-02 2.877047444597040718e-02 2.884401241546441508e-02 2.375542675242656859e-02 2.411058822973009483e-02 2.935478619584896282e-02 2.466274263753215693e-02 2.569744517802186393e-02 2.625415199162832447e-02 2.466877425530446949e-02 2.730505792576640861e-02 2.706190568761692242e-02 2.552704467160836488e-02 2.486989668082027760e-02 2.657665193346949936e-02 2.603832348793077081e-02 2.564815359329753949e-02 2.700835879804998688e-02 2.972543152963593935e-02 2.790934736270930458e-02 3.097503470741085410e-02 2.488503433737019113e-02 2.527960738152788822e-02 2.360973440217132430e-02 2.942935290285287123e-02 2.816603471383139976e-02 2.881510818886392697e-02 2.939627844257799993e-02 2.496658448579520614e-02 2.501635557531515716e-02 2.335942617587488668e-02 2.646067950595014026e-02 2.403204837405588379e-02 2.731076868805897354e-02 2.495087496933046795e-02 3.547652523345350833e-02 2.460258747011222560e-02 2.737351342635251789e-02 2.362880754961306506e-02 2.855829920148997975e-02 2.674658923357881371e-02 2.573438782524741647e-02 2.600269230358983122e-02 2.576448031364974786e-02 2.551220820623407645e-02 3.042038953318024208e-02 2.707272132099687242e-02 2.651730313222110461e-02 2.946709368195534959e-02 2.856381823240677909e-02 2.696317959005676765e-02 2.634571681559281717e-02 2.591087757908788064e-02 2.518179258854458952e-02 2.553564870036360498e-02 2.621839486569983030e-02 2.526975483247763735e-02 2.655381952153190034e-02 2.708121139295721624e-02 2.625292398940886479e-02 2.475329271237662263e-02 2.763741399199027074e-02 3.028093071860319535e-02 2.876783151341615399e-02 2.858855075600350362e-02 2.669280247749498611e-02 2.521622523732747201e-02 2.583339501128113433e-02 3.070316979646937200e-02 2.959104052982186941e-02 2.492530250520633150e-02 2.541431810544513004e-02 2.702515503048416243e-02 2.753890122666669688e-02 2.732560180027184676e-02 2.677665536879676386e-02 2.564593863556968723e-02 2.815339917576308373e-02 2.725314857589771975e-02 2.661495963234105505e-02 2.670490213087167372e-02 2.433192938026066190e-02 2.629640981839261038e-02 2.941206461906916911e-02
1.194867882476874886e-02 1.684323395154755515e-02 1.619749473573437598e-02 1.444263597115868873e-02 1.399627030351168269e-02 2.584693199056473101e-02 0.000000000000000000e+00 1.439155333538986656e-02 1.479764208555825120e-02 1.264985924430054101e-02 2.208778022616933803e-02 1.441415322188687592e-02 1.799507912977699534e-02 1.368431593612100435e-02 1.633244365598305811e-02 1.644737419262552042e-02 1.560142769524096133e-02 2.004442907451628453e-02 1.548087647776555213e-02 1.494542615595132254e-02 1.607056105146686259e-02 1.369765952560740400e-02 1.462873794696357282e-02 2.208743322215575913e-02 1.374113967734709452e-02 1.306375452302166798e-02 1.835635501127148850e-02 2.093736997802289959e-02 1.144961985884198306e-02 1.608271645851343246e-02 1.458062740434455141e-02 1.285273283746364743e-02 1.540066026354942365e-02 1.545135181434057793e-02 1.379521853505023821e-02 1.616341506858444757e-02 1.149439119829072375e-02 1.460258283755635350e-02 1.491211513793483205e-02 2.652213047334255058e-02 1.527994362720975184e-02 1.316968994700014328e-02 1.981282233999438411e-02 1.653303917167346648e-02 1.843246322466798870e-02 2.029040333109349489e-02 2.049963654148984071e-02 1.133074149562596396e-02 1.184510417217105732e-02 2.118138914428908948e-02 1.341404696341648439e-02 1.527548767115577584e-02 1.607833933310703553e-02 1.370902615688368228e-02 1.809455911256723296e-02 1.855347693402582820e-02 1.588602364224064867e-02 1.352298816282838066e-02 1.679235878276275420e-02 1.609964848403811974e-02 1.476605212020714111e-02 1.775226189322932566e-02 2.201376345596006007e-02 1.938168496916493899e-02 2.351608810630754359e-02 1.427211159757692596e-02 1.406715962191251723e-02 1.122371430231188481e-02 2.110688187001517543e-02 1.910868763816198773e-02 2.029242571450082591e-02 2.119835706673519130e-02 1.380912280295255520e-02 1.428426924289932960e-02 1.064263159910024820e-02 1.704056987904726053e-02 1.194477617182923210e-02 1.796797558291532079e-02 1.418638053276819605e-02 2.935289725742567385e-02 1.329896669326784478e-02 1.842961072790852764e-02 1.106184277728006725e-02 2.006924084455313090e-02 1.722242377840252359e-02 1.666632408973748800e-02 1.531862311644385452e-02 1.525360897093460538e-02 1.445326745016156308e-02 2.427035177560693535e-02 1.795074187253998393e-02 1.687431560818598505e-02 2.150499309200919196e-02 2.146039511355575524e-02 1.744939447715811512e-02 1.749124062389038892e-02 1.520342350013917029e-02 1.441725202793578235e-02 1.496355517158963998e-02 1.644560855867954405e-02 1.458900792702010063e-02 1.692943033385959500e-02 1.750829434629541312e-02 1.641345107256649699e-02 1.318504840622566725e-02 1.903855216963177763e-02 2.452780301939427518e-02 2.015665913048489064e-02 1.983143160378297160e-02 1.693360445606013551e-02 1.487241365943690018e-02 1.542490323424996687e-02 1.811323415435400069e-02 2.137364174643256731e-02 1.353560981181742284e-02 1.454604937643325796e-02 1.744690321188323984e-02 1.834801615690958773e-02 1.805631055596611245e-02 1.652518743250609018e-02 1.479079481453447580e-02 1.972664973634466468e-02 1.922308847572480259e-02 1.697273192205269940e-02 1.674148526213965066e-02 1.292823332675491384e-02 1.651935823117715862e-02 2.113648606943413499e-02
1.372538119987891554e-02 1.788637575767131407e-02 1.674216862903981501e-02 1.522566273065139447e-02 1.555939696596557106e-02 2.535197984036022256e-02 1.439155333538986656e-02 0.000000000000000000e+00 1.618338646811372239e-02 1.450040363189064076e-02 2.296569830240108648e-02 1.585157797914668251e-02 1.918922745408556743e-02 1.532002108487946941e-02 1.766147271176722600e-02 1.767933107751128163e-02 1.700018841391789937e-02 2.104322667495170385e-02 1.702640061990649128e-02 1.569554370878292748e-02 1.667295950258573106e-02 1.516301981809821744e-02 1.594949896914662352e-02 2.277994680879307995e-02 1.524513332529124632e-02 1.467585851097603054e-02 1.838902658828230063e-02 2.180295867926180034e-02 1.388220092153619536e-02 1.858499829404648349e-02 1.610956755499603002e-02 1.430691959766894339e-02 1.641045736065555385e-02 1.796611016204521100e-02 1.558551929865386286e-02 1.725769976475753295e-02 1.342305249563365867e-02 1.583996619617029228e-02 1.615962055889542948e-02 2.746449266630225997e-02 1.633958994627974712e-02 1.464998566481189902e-02 2.077486512862251888e-02 1.770417983539757101e-02 1.937911408970543342e-02 2.142830184952637315e-02 2.162305303123737005e-02 1.316124099337793486e-02 1.432561860040707652e-02 2.189547244736833251e-02 1.467932593733709337e-02 1.675959779227567323e-02 1.704034039233713604e-02 1.510872799454060673e-02 1.903884247847303576e-02 1.858733066258106206e-02 1.691455938181834692e-02 1.599669472166491760e-02 1.747359379924461401e-02 1.732945373645135984e-02 1.606656496805937417e-02 1.900302180172321401e-02 2.273626193047914926e-02 2.053680791763065963e-02 2.438601776556793832e-02 1.511052645203067764e-02 1.566273948289157586e-02 1.292094290295503836e-02 2.193697912906983696e-02 2.052633095476122035e-02 2.156744925989337661e-02 2.218592401544585910e-02 1.622954428121402976e-02 1.574413230168337369e-02 1.257632350301934009e-02 1.799788160467697892e-02 1.349556653487966364e-02 1.919703068932492040e-02 1.526010801598346248e-02 2.995327705594398593e-02 1.464330760413298620e-02 1.954527373802012954e-02 1.344335446378134777e-02 2.111923944142165416e-02 1.821863290068849103e-02 1.697846569891235322e-02 1.685895051459406283e-02 1.640513666877937288e-02 1.601061285067447923e-02 2.492182270925848500e-02 1.923740176972327937e-02 1.798952452073526373e-02 2.254503324719884030e-02 2.128838519632720444e-02 1.999893980096641155e-02 1.761174587013380338e-02 1.637030601807686406e-02 1.585697031811209023e-02 1.631779539362987821e-02 1.778272060266776131e-02 1.595765951987461115e-02 1.816961291785605670e-02 1.960853593267890271e-02 1.736226546974200050e-02 1.480175583002924823e-02 2.143899900839493083e-02 2.417984201725195334e-02 2.121940785098899024e-02 2.064278541771536954e-02 1.829688533912458143e-02 1.631656003670559074e-02 1.627341664696194470e-02 1.956937360462756084e-02 2.263366214213355723e-02 1.481542701672922471e-02 1.693604402298037534e-02 1.860822450078237350e-02 1.945706434716635083e-02 1.921985867992472355e-02 1.799159198838930912e-02 1.605608955692216719e-02 2.080932779681102240e-02 1.928839669376864602e-02 1.933200947229344116e-02 1.792826520916736971e-02 1.457701808311666694e-02 1.774216952717909065e-02 2.202760004752690390e-02
1.485824500395237398e-02 1.966328885984660116e-02 1.709955214492019787e-02 1.641716347102073828e-02 1.577833642342019171e-02 2.557768522224692156e-02 1.479764208555825120e-02 1.618338646811372239e-02 0.000000000000000000e+00 1.483547517031705808e-02 2.335931539779430646e-02 1.652497916696135313e-02 1.954457365948854275e-02 1.584237831974912719e-02 1.767432216858294547e-02 1.805898791221390021e-02 1.727720461386402298e-02 2.104518686915474862e-02 1.734403077497800524e-02 1.722349037786141332e-02 1.701294991180587329e-02 1.559800084417322860e-02 1.647274308489573430e-02 2.328178688127637355e-02 1.566304718878963609e-02 1.541914114069923084e-02 1.899954202943185053e-02 2.210518197188991382e-02 1.382651049884235477e-02 1.767853229830305961e-02 1.635793535098137991e-02 1.566969954634481188e-02 1.717663889400333072e-02 1.724334096402459562e-02 1.622205722378189385e-02 1.782494214177669789e-02 1.464776966994364021e-02 1.633628699616663377e-02 1.681833424042799424e-02 2.769688638451957632e-02 1.707495950838655227e-02 1.508554457032203547e-02 2.121300129637146772e-02 1.801939671687221786e-02 1.994710793181513758e-02 2.181686893214658876e-02 2.166672044229927749e-02 1.378603538562001886e-02 1.420848807256141003e-02 2.233772893429971859e-02 1.524416490000621988e-02 1.720090985728902830e-02 1.899815842493424167e-02 1.565336915945029009e-02 1.959376137684385247e-02 1.916080820883668545e-02 1.738088482180108474e-02 1.504647705626752617e-02 1.838705880420939132e-02 1.765393895605505206e-02 1.667586359155816961e-02 1.927047111944026753e-02 2.320828866432963697e-02 2.090512261792625698e-02 2.462375380378069648e-02 1.568443778777642295e-02 1.559808125026198623e-02 1.357789136682214202e-02 2.252087662049986894e-02 2.054317385379215294e-02 2.175151785848249142e-02 2.231701549564543696e-02 1.573363063227981723e-02 1.594607411348528819e-02 1.351313366870902401e-02 1.863418574289315427e-02 1.429760961081740986e-02 1.929174330030850384e-02 1.570314604832390853e-02 3.037322561394122447e-02 1.527470918115959517e-02 1.983635662114767440e-02 1.355287252724129109e-02 2.120583056514742729e-02 1.995345693339838425e-02 1.755015399338446039e-02 1.720914585221437407e-02 1.698415881061778390e-02 1.639948925192990722e-02 2.736558636827600074e-02 1.952551935646709008e-02 1.863401215195442662e-02 2.275279978595791397e-02 2.159764382070404262e-02 1.906560845860203607e-02 1.804617755733061227e-02 1.689648940140676264e-02 1.626703579213155740e-02 1.675385747296263828e-02 1.799951316652029579e-02 1.627003361282634494e-02 1.835134645007747284e-02 1.913856047293101270e-02 1.811870200208674092e-02 1.506357272139869155e-02 2.028891684761011463e-02 2.443586843791858629e-02 2.153932206245095030e-02 2.131104491350814187e-02 1.856051694023515969e-02 1.673120267864382574e-02 1.705963362531515495e-02 1.946939815589519146e-02 2.256323360807363163e-02 1.562297471449075256e-02 1.731744849211905302e-02 1.888706686992071976e-02 1.961894329091107628e-02 2.100986743715880720e-02 1.851893515224060927e-02 1.636707909186586180e-02 2.115152663814346551e-02 1.983240628497883948e-02 1.849454226449530683e-02 1.847265325185952836e-02 1.515336980416445364e-02 1.803358170757915838e-02 2.250984930638377443e-02
1.177035385730592319e-02 1.692799635462662045e-02 1.625198008035900685e-02 1.437976029069177979e-02 1.410482980474998989e-02 2.447910784004896437e-02 1.264985924430054101e-02 1.450040363189064076e-02 1.483547517031705808e-02 0.000000000000000000e+00 2.338747391502204315e-02 1.458159203455228897e-02 1.809798304819828021e-02 1.408162706081205438e-02 1.635493491425679680e-02 1.676685780526434785e-02 1.558692918415923931e-02 2.015529412116342720e-02 1.570174402851347295e-02 1.505788311360906594e-02 1.524901200980532945e-02 1.427188327629974433e-02 1.423567074348990567e-02 2.194464047885625116e-02 1.382666282282055473e-02 1.349402017255768929e-02 1.752940587636110659e-02 2.077508839653089551e-02 1.159051293435313552e-02 1.593314878940328347e-02 1.491165082519964845e-02 1.255596257327378298e-02 1.537667468154400689e-02 1.561670257435223384e-02 1.307423726608227671e-02 1.614464853332723757e-02 1.166827847246127564e-02 1.469569003028929968e-02 1.522558573482397926e-02 2.664780873697118746e-02 1.618588098869222155e-02 1.328766840213490771e-02 1.969138269510751008e-02 1.636850063199657770e-02 1.862386096907134997e-02 2.014533042040299662e-02 2.048143707072032013e-02 1.187989024409503297e-02 1.192215473045755980e-02 2.119363142821030152e-02 1.307563304891291162e-02 1.541225677455192525e-02 1.702051954340022544e-02 1.365152255244790440e-02 1.787164450131965496e-02 1.776053098262718802e-02 1.575228168345052526e-02 1.341698122519362386e-02 1.672975465305001977e-02 1.597041450316858194e-02 1.563090501506307628e-02 1.889623471411362721e-02 2.215972564801485523e-02 1.911884377745730335e-02 2.496213943116583692e-02 1.365784199606457500e-02 1.404242684295274775e-02 1.162980286498711650e-02 2.131354485869594792e-02 1.947899264835129332e-02 2.051898650327611817e-02 2.091732854448061577e-02 1.388888406009656726e-02 1.383108859114015425e-02 1.082913343029058215e-02 1.678586751356488799e-02 1.202938291658101934e-02 1.816551221697504728e-02 1.385023351600946778e-02 2.940663423326770123e-02 1.389667951794178527e-02 1.855632788072062236e-02 1.116673678627683013e-02 2.128608607815943646e-02 1.726555705715815056e-02 1.562583054206296423e-02 1.552725205981460993e-02 1.524590864517602097e-02 1.465828816320846086e-02 2.425216042143805290e-02 1.789877222554428493e-02 1.704787397293445680e-02 2.143099240707460953e-02 2.043578309867757903e-02 1.742671853586287914e-02 1.678116794125015729e-02 1.537347849185879446e-02 1.443071767800607925e-02 1.495181022907997488e-02 1.608290424382781067e-02 1.431618348050837236e-02 1.688550595203304472e-02 1.768366335415759091e-02 1.656062849913168822e-02 1.372618980966776661e-02 1.906570545632364430e-02 2.324548345242162875e-02 2.016847160217479645e-02 2.012490362573238212e-02 1.708764169453893741e-02 1.458567554326222794e-02 1.525493257094814002e-02 1.854292308919005400e-02 2.128908471875476036e-02 1.373194105412416967e-02 1.459759515830965498e-02 1.749109278113971516e-02 1.854216376185662679e-02 1.810293084279906983e-02 1.690260030610043693e-02 1.472100460846549434e-02 1.992618260947913097e-02 1.928911160142382161e-02 1.701660701331205935e-02 1.673559968306232923e-02 1.310010175180002269e-02 1.647010923437926960e-02 2.129289215677077074e-02
2.165744651343378541e-02 2.445066449833955408e-02 2.353584570837722809e-02 2.296714129092309459e-02 2.264885455257450997e-02 2.996948771618583238e-02 2.208778022616933803e-02 2.296569830240108648e-02 2.335931539779430646e-02 2.338747391502204315e-02 0.000000000000000000e+00 2.272121376714475796e-02 2.526693140433579343e-02 2.272185562935684355e-02 2.428930509555423181e-02 2.431762814728474775e-02 2.386687520563669784e-02 2.616207507910354307e-02 2.377853695467088690e-02 2.296857470705526358e-02 2.361883350047482705e-02 2.248554762837210591e-02 2.488390522757051929e-02 2.759325953408716531e-02 2.259054556337551992e-02 2.230247876636007320e-02 2.451133892536220063e-02 2.702327757531262573e-02 2.139871360114958126e-02 2.416831559991519315e-02 2.312665289524784215e-02 2.215105537073073713e-02 2.352268361203789168e-02 2.376710568500002910e-02 2.242064896350723369e-02 2.409169544758688747e-02 2.141371653215281071e-02 2.316134755596411035e-02 2.322281467841923186e-02 3.166395834749314436e-02 2.327507995109935959e-02 2.245316866858012086e-02 2.649010606943723312e-02 2.408234558157883870e-02 2.520205159892703606e-02 2.633455501024197648e-02 2.704137993490935213e-02 2.114078111350997310e-02 2.163991949667799786e-02 2.737510074505566937e-02 2.247408474306635678e-02 2.343220235906604693e-02 2.361920941554275510e-02 2.269741437988613900e-02 2.523470169077999398e-02 2.497084407534422290e-02 2.373098433981660205e-02 2.258675849055038695e-02 2.442158403026608443e-02 2.410971686077581499e-02 2.295826041077704549e-02 2.465640624725261992e-02 2.803598510806899410e-02 2.629878941292191838e-02 2.884079198466354965e-02 2.266952918067132589e-02 2.294038219438247067e-02 2.107551511484250309e-02 2.711432792713915421e-02 2.612480257213592796e-02 2.695803901040665085e-02 2.763434759843982902e-02 2.267294578781089281e-02 2.448426056129154871e-02 2.087326946390711743e-02 2.455625689409645512e-02 2.165407114758234955e-02 2.527177383348333528e-02 2.242815702689371360e-02 3.399416960437909307e-02 2.199937376045321344e-02 2.544596277560717823e-02 2.117968256646798539e-02 2.640202672398351408e-02 2.460487034313619398e-02 2.395526412358904567e-02 2.360388708253150641e-02 2.339076587032006341e-02 2.289079776078394024e-02 2.969088113739828602e-02 2.523440646928799824e-02 2.452962887635265835e-02 2.767261854809780972e-02 2.682004780021033166e-02 2.501633486309031915e-02 2.441037936765864599e-02 2.365442514551791345e-02 2.287469873146520671e-02 2.304323659885324643e-02 2.652436209664043795e-02 2.307726131298516378e-02 2.437465608445420553e-02 2.495742829180398747e-02 2.418182489708840810e-02 2.354832885546727025e-02 2.588964935833598657e-02 2.897607521018858226e-02 2.683964402176891237e-02 2.573435695053783584e-02 2.464429241425898295e-02 2.517339072132390720e-02 2.358575266324621986e-02 2.514175296831044210e-02 2.775552598260038611e-02 2.225073545847512310e-02 2.311865566365489330e-02 2.484106120746808893e-02 2.510012247575110073e-02 2.501194381042578380e-02 2.447446887960679288e-02 2.330148329088258669e-02 2.647921859384344198e-02 2.516992672508338094e-02 2.457776021590426033e-02 2.449596788765007888e-02 2.220223844561434318e-02 2.416472919706479094e-02 2.683826674216832978e-02
1.356066301980467237e-02 1.805312090167098329e-02 1.686572948866696051e-02 1.581161982915395975e-02 1.521744717807568641e-02 2.544569885391743599e-02 1.441415322188687592e-02 1.585157797914668251e-02 1.652497916696135313e-02 1.458159203455228897e-02 2.272121376714475796e-02 0.000000000000000000e+00 1.942748266994761761e-02 1.533506461667125120e-02 1.886974098503622216e-02 1.791400895015202166e-02 1.713763183142963040e-02 2.093562451271223715e-02 1.718230482504008727e-02 1.598276401163978289e-02 1.790336674449838697e-02 1.536918778143864933e-02 1.615692626478520272e-02 2.285135638916480083e-02 1.520728902797122833e-02 1.509538720914337627e-02 1.807452253162468089e-02 2.186865871035197778e-02 1.398530789056908093e-02 1.757421005706851988e-02 1.636867711338299211e-02 1.460821525803416253e-02 1.683604579236781806e-02 1.696083175344235278e-02 1.478372593967569419e-02 1.732193987998656773e-02 1.345247420319057793e-02 1.602417672009525187e-02 1.643047664669549865e-02 2.723403284769343458e-02 1.657272527645220137e-02 1.575026548361158421e-02 2.078895677229875005e-02 1.772262997935057302e-02 1.941835768233598700e-02 2.141612636007975828e-02 2.174781935662243801e-02 1.381459072127235073e-02 1.393992664963037038e-02 2.231475185208463621e-02 1.503570454211949382e-02 1.684744483826749323e-02 1.724018287493301813e-02 1.516211861129531692e-02 1.927404780126157000e-02 1.895848192320813072e-02 1.811676865881516746e-02 1.522165864652470432e-02 1.765870591406935516e-02 1.873119204384345732e-02 1.586473845228000140e-02 1.902776671052135507e-02 2.293248578209582458e-02 2.069102163616689735e-02 2.454918898797830984e-02 1.621067149502428834e-02 1.670441043629839264e-02 1.293362229973893038e-02 2.206457433151130451e-02 2.037258308423771716e-02 2.161697484483527526e-02 2.226587838718044332e-02 1.545371041652817204e-02 1.581527360605308047e-02 1.275357530088025264e-02 1.822985044375829977e-02 1.375480352278165251e-02 1.906345766277276615e-02 1.509247883045535324e-02 3.022669616799999320e-02 1.461488584779074666e-02 1.948946370423959920e-02 1.313143358464240879e-02 2.116876017499778537e-02 1.819156358828362408e-02 1.703203806824534969e-02 1.692284881978037281e-02 1.646100633566808386e-02 1.618184373798336323e-02 2.496482406479527683e-02 1.925128345658424361e-02 1.794032465960967992e-02 2.250261184117110028e-02 2.153455070307441765e-02 1.887676329298890524e-02 1.781134842360333065e-02 1.794395106616765781e-02 1.577797301210680930e-02 1.628354408019682537e-02 1.905341686477314903e-02 1.599003589430897029e-02 1.824180440799564457e-02 1.880653134891371869e-02 1.758958460706193730e-02 1.563003064252213928e-02 2.017430765360090500e-02 2.420599262464178184e-02 2.135988770957173571e-02 2.104914112375181473e-02 1.967620878000620258e-02 1.645025733316986954e-02 1.669557928420699680e-02 1.952170778369754015e-02 2.268227271436029299e-02 1.511127709777549712e-02 1.558661650753363249e-02 1.830167407467482577e-02 1.947464100787053495e-02 1.920416654010104196e-02 1.813194043847469322e-02 1.618822903863452803e-02 2.051332008245327146e-02 1.946422675277542300e-02 1.830564872950365962e-02 1.797358234902809646e-02 1.443189210524166606e-02 1.793936176941612198e-02 2.195399284657865990e-02
