0.000000000000000000e+00 1.854962779894854877e-02 1.872954460338301791e-02 2.004683957886506038e-02 1.889203584128208019e-02 1.752163031506601479e-02 2.049947243939301278e-02 2.043068415593174772e-02 1.898824207806612541e-02 2.015077299134369199e-02 1.845004707917918124e-02 1.884086834077993225e-02 1.847740791277058953e-02 1.723602548452365241e-02 1.845747128490299316e-02 1.980296435210575703e-02 2.016388796114934948e-02 2.009563137852014500e-02 2.079660707099969391e-02 1.766625456211042347e-02 1.862898930467157821e-02 1.835374311811776432e-02 1.720815213968128823e-02 1.975452333370801908e-02 2.157647831208468064e-02 1.822169737681181290e-02 1.929402862818316647e-02 1.905816550411229549e-02 2.042578887338065627e-02 2.007627837165964352e-02 2.036443366489294748e-02 2.308305042872252355e-02 1.952244037354551945e-02 1.847588121588571164e-02 2.034320342232930415e-02 2.053641155540778321e-02 2.031483826205199295e-02 2.051774857339337677e-02 1.899400175178642125e-02 1.841958097147040896e-02 2.017081950027430071e-02 1.977551947119033510e-02 1.807559471933168835e-02 1.843665946855089707e-02 1.910577023176398062e-02 1.958340194325301764e-02 1.941597792142133599e-02 2.022994971030811842e-02 1.931002806462486440e-02 1.848531284334346478e-02 1.792983270199139528e-02 1.877932569341842287e-02 1.795155063953062999e-02 2.611861823009153233e-02 1.783014127592099513e-02 1.974703062032247963e-02 2.343354212214119464e-02 1.857731587160143735e-02 1.896912685041484900e-02 2.038720210320727616e-02 1.910876828064603586e-02 1.761643868848177322e-02 1.970327766719972076e-02 1.817020748836175800e-02 1.840052127816833166e-02 1.921779433859961347e-02 1.915788145357499861e-02 2.069760349948437939e-02 2.223057889109938609e-02 1.891454429429743206e-02 1.716003133796883615e-02 1.954596378531513190e-02 1.873559094117881532e-02 1.824953444390752660e-02 1.830552147137542301e-02 2.310669585376943710e-02 1.902244042958556314e-02 2.074754502891548724e-02 1.894848358466510660e-02 1.956163571028291318e-02 1.987156196940328620e-02 1.995267418090646352e-02 1.918896409620117136e-02 2.012083797143569830e-02 1.788409979431218252e-02 1.892738261957480420e-02 1.962751133486339422e-02 1.966122111576822096e-02 2.052601464277809679e-02 1.857613841630074286e-02 1.984760024816530424e-02 1.857491611576191776e-02 1.858683563953403978e-02 2.068007207580741663e-02 1.828203277447109157e-02 1.986000548310415045e-02 1.889634621515223420e-02 1.870830743138277713e-02 1.920559546061143680e-02 2.110729933509257819e-02 2.009043995726520274e-02 1.938790285102500940e-02 1.819049550126427064e-02 1.878187344337283946e-02 2.210640761965687942e-02 1.983598166665224982e-02 1.996986827317890137e-02 2.230677518807959794e-02 1.823638156649960360e-02 1.859024954164621019e-02 1.803642785468648202e-02 2.131861651120715503e-02 1.887576017955941085e-02 1.851321312288273929e-02 1.939916764110595146e-02 2.032899336550735361e-02 2.124656434513857300e-02 1.893290729394465563e-02 2.122685420594780728e-02 2.085806024819671090e-02 2.115276763237604676e-02 2.062005943183218767e-02 1.816943989554417951e-02 1.898789534278758073e-02 1.820869570217556466e-02 1.723765457142990842e-02 2.003793727207024353e-02 1.811710082713943043e-02
1.854962779894854877e-02 0.000000000000000000e+00 1.711713050741443809e-02 1.758835866990760693e-02 1.737294295675518782e-02 1.596190141629565823e-02 1.894075135825142031e-02 1.892708765478996052e-02 1.728296260782160448e-02 2.010545657755533761e-02 1.794164610433020973e-02 1.726865096664067026e-02 1.696403896021787816e-02 1.563388250765462145e-02 1.667915087730856630e-02 1.726932424985018824e-02 1.873921868665565441e-02 1.837172177929405695e-02 1.813801564057790014e-02 1.697196848772609609e-02 1.846685573588911083e-02 1.673402319206171440e-02 1.485990245655795239e-02 1.830498962064710730e-02 2.207813464598007078e-02 1.661656771207479719e-02 1.770873458377759946e-02 1.852324424976227804e-02 1.879579180880465439e-02 1.853642664192712772e-02 1.887322141752532587e-02 2.145733481081578409e-02 1.816139011771229772e-02 1.698023123868159720e-02 1.894570660341811028e-02 1.929426097334545689e-02 1.904656097257698480e-02 1.929198349564340345e-02 1.767530636122967638e-02 1.693320378256902778e-02 1.885564415294156693e-02 1.845094257740643659e-02 1.657534388792162444e-02 1.694186499721011402e-02 1.769383009049631597e-02 1.823072181489435520e-02 1.802129720601116508e-02 1.901558245852303514e-02 1.792734627460864857e-02 1.699156554409979314e-02 1.637643055415048676e-02 1.730405212443783883e-02 1.637962118665586830e-02 2.519894177919882600e-02 1.625926322383265676e-02 1.840749706718532164e-02 2.240486056105128049e-02 1.710231964199349086e-02 1.753318282031829378e-02 1.912461079186456719e-02 1.774513494395376506e-02 1.601251348226199328e-02 1.834429533326913109e-02 1.673313563707667581e-02 1.689774393753966375e-02 1.782616111358043681e-02 1.775156767806572444e-02 1.947011931724259085e-02 2.113668979978713947e-02 1.747470868560532450e-02 1.545107186614087802e-02 1.818701957500822378e-02 1.727578743580283557e-02 1.672583468618034017e-02 1.683057860675241102e-02 2.206540158757342579e-02 1.764190701539945089e-02 1.951504464629352786e-02 1.750760345417975636e-02 1.819337355679877949e-02 1.855242252279587153e-02 1.855508892666037774e-02 1.778735419675046142e-02 1.882492505911342873e-02 1.631307880276799266e-02 1.749454157558696932e-02 1.830700224589322869e-02 1.830779516738271356e-02 1.928281643849618851e-02 1.710090343078323957e-02 1.853550520950341882e-02 1.711705257008252351e-02 1.704080598557435391e-02 1.944636791668572645e-02 1.676217353247550293e-02 1.853531428189120894e-02 1.745544391964167982e-02 1.724685527842801866e-02 1.780466846014640281e-02 1.990521195246676076e-02 1.879187762149324079e-02 1.800833504824577921e-02 1.677351763993396860e-02 1.732798832176375356e-02 2.099070309003959675e-02 1.851476999507183432e-02 1.867092866357355357e-02 2.123609828964860211e-02 1.664805407373122492e-02 1.710442660211491245e-02 1.648799964648182959e-02 2.016255590139149484e-02 1.742456269660316512e-02 1.705167072259285155e-02 1.802660265188003527e-02 1.905617550713945701e-02 2.006633138861839416e-02 1.749188461380339968e-02 2.005233810814050291e-02 1.963924746599223295e-02 1.996250069960901763e-02 1.936728489498566047e-02 1.658006269587529793e-02 1.755464149559145953e-02 1.668358313936658260e-02 1.557991841100557148e-02 1.874002627535276480e-02 1.657345674097749841e-02
1.872954460338301791e-02 1.711713050741443809e-02 0.000000000000000000e+00 1.674958041710017040e-02 1.642047756083455518e-02 1.471853926892043030e-02 1.803522506024297922e-02 1.790602677979478974e-02 1.615174344878507473e-02 1.904610838712886278e-02 1.613151050979797288e-02 1.615145930079514916e-02 1.516328478450906445e-02 1.533825337932617772e-02 1.559951884237005537e-02 1.720194835743224515e-02 1.747801059577589952e-02 1.766901201218476145e-02 1.833040062060074110e-02 1.588617019713873049e-02 1.665079425761067933e-02 1.551936459778409556e-02 1.431999935125853260e-02 1.876629459569040259e-02 2.121146766301386724e-02 1.545596562443383830e-02 1.664384619742672808e-02 1.750318842597640978e-02 1.692670828098841174e-02 1.740122249188755590e-02 1.783154562718742425e-02 2.057924709580184752e-02 1.727951910256075169e-02 1.600054203640379966e-02 1.816585839687591061e-02 1.849750979893477476e-02 1.823681953895004218e-02 1.851529172148069780e-02 1.666764237910834529e-02 1.596238672107936490e-02 1.803754164648891864e-02 1.760407807252465512e-02 1.553272099006625453e-02 1.597019406004373046e-02 1.678501878311353807e-02 1.736407368493492198e-02 1.714508097069629769e-02 1.815608437817888346e-02 1.704882541611317873e-02 1.602041370182195196e-02 1.537387238745042788e-02 1.636236955929429651e-02 1.533916767499017564e-02 2.462031343852553664e-02 1.521600939972444361e-02 1.756024198544008791e-02 2.175182417959274292e-02 1.613985779522625688e-02 1.661504709165180158e-02 1.832253802507882376e-02 1.686281306917514905e-02 1.493026230063114988e-02 1.749303549732715568e-02 1.574962255440952655e-02 1.592014191102369275e-02 1.691273255625834124e-02 1.684260251769385472e-02 1.875430828616281298e-02 2.042942727189477406e-02 1.654185948918566670e-02 1.435818143271168877e-02 1.731820095769417631e-02 1.631909255585411306e-02 1.571882125010848688e-02 1.579619864535292476e-02 2.139580243599209508e-02 1.669209873391819601e-02 1.872336136786773714e-02 1.658161487376128701e-02 1.732649851626385032e-02 1.769656801347515088e-02 1.779379697665893836e-02 1.687989419727083801e-02 1.799500720533048215e-02 1.526270745348863936e-02 1.656419958462673758e-02 1.743939190630858227e-02 1.744754349842974825e-02 1.847661233150671087e-02 1.613550880382341735e-02 1.768210552356585044e-02 1.614626539297710564e-02 1.613378231359835144e-02 1.865195218461656451e-02 1.576027146210727536e-02 1.768858324314573002e-02 1.650399129368984585e-02 1.634648570221534231e-02 1.689889066468443224e-02 1.914539594251913127e-02 1.803159605027097878e-02 1.711349475412392296e-02 1.568605266433512058e-02 1.637459649252894986e-02 2.029622018299062983e-02 1.766019975725890631e-02 1.782208256349388995e-02 2.054732490482521351e-02 1.566319508571256680e-02 1.613470817929374412e-02 1.546407864443906550e-02 1.944910184686273955e-02 1.649108832908726882e-02 1.610717845117183231e-02 1.712347488642448901e-02 1.824499407853136940e-02 1.931837440589146554e-02 1.655739694255879343e-02 1.929152144955547168e-02 1.885314221253619332e-02 1.919892049912406973e-02 1.858557435783513359e-02 1.565429918721368205e-02 1.661493358518622773e-02 1.572686471706008851e-02 1.444925418905083046e-02 1.792185810212941488e-02 1.554384257954480666e-02
2.004683957886506038e-02 1.758835866990760693e-02 1.674958041710017040e-02 0.000000000000000000e+00 1.843800068676301404e-02 1.624230978632533809e-02 1.920322512959977274e-02 1.809742099732922216e-02 1.675478469342922550e-02 2.026492499397176961e-02 1.823127402705434705e-02 1.757977863819897360e-02 1.740464458184517310e-02 1.680434727259758065e-02 1.697429127946294830e-02 1.860224435840327623e-02 1.886020599906263959e-02 1.905320762382557709e-02 1.839004798887646300e-02 1.669555321002013162e-02 1.862962639088761030e-02 1.694480502977799286e-02 1.588887255011094124e-02 1.992138643389497824e-02 2.126311862138267547e-02 1.697694938530321454e-02 1.782980436840062022e-02 1.871057144907421060e-02 1.910519998049484136e-02 1.785551071728267228e-02 1.896079312696834912e-02 2.054642466381928489e-02 1.836629958147836458e-02 1.722487048509720869e-02 1.917594033680514523e-02 1.957448805552576901e-02 1.929293798537072904e-02 1.962640389267092736e-02 1.789920719032874266e-02 1.724184365855636197e-02 1.905695012710196395e-02 1.873354515722752689e-02 1.681003425553076816e-02 1.720566383039416614e-02 1.793297749848621336e-02 1.846417396020547802e-02 1.830567387380909253e-02 1.918185282382484438e-02 1.822259072240860894e-02 1.730347975347517123e-02 1.666628529393548303e-02 1.753777705349564980e-02 1.664371262608226737e-02 2.531507394240304840e-02 1.654130000095949821e-02 1.861983582999771764e-02 2.254370977334752349e-02 1.733760600182952805e-02 1.775653722280526314e-02 1.927099553660122783e-02 1.808602250780474638e-02 1.629616492828562732e-02 1.863391368711840579e-02 1.778450098571849811e-02 1.718489245905225823e-02 1.809271089093211077e-02 1.802064698418682706e-02 1.971142863722600419e-02 2.134898918096546708e-02 1.775253955483251100e-02 1.577044474593418746e-02 1.843946420922602802e-02 1.755920813148030557e-02 1.702077583624891227e-02 1.707313079151927260e-02 2.227848997568009776e-02 1.786691290054272588e-02 1.967863692589880836e-02 1.778038762125240882e-02 1.846827147000948063e-02 1.880251154108138201e-02 1.880668211796100026e-02 1.806291250044071359e-02 1.907406046277603656e-02 1.661536756385539881e-02 1.777712904008823397e-02 1.855861969325187794e-02 1.857138722443206491e-02 1.952626957205887484e-02 1.738793785731318833e-02 1.878490013811283388e-02 1.739231258263289337e-02 1.731262546085431467e-02 1.968675071126322479e-02 1.705190227961921046e-02 1.878796083992905278e-02 1.772745170133514445e-02 1.751045667332621139e-02 1.806973637471830443e-02 2.013317528077196786e-02 1.902632005265932416e-02 1.826776898222165837e-02 1.706420993882103165e-02 1.760281279721234368e-02 2.120442011933061296e-02 1.876568721494626182e-02 1.892007675284969673e-02 2.144318810994054122e-02 1.694541185520720070e-02 1.738298059918720953e-02 1.678596259504083407e-02 2.039983135201252351e-02 1.769690697364383752e-02 1.732566284388746894e-02 1.828768059771484350e-02 1.929884328170989802e-02 2.028848984710357808e-02 1.776869750932186590e-02 2.027936951285803924e-02 1.987072893699997136e-02 2.019075421727000927e-02 1.960771556496235593e-02 1.687852982861898221e-02 1.782561436028959334e-02 1.696086129511239007e-02 1.589654097105042130e-02 1.899249388294147259e-02 1.686470286223885201e-02
1.889203584128208019e-02 1.737294295675518782e-02 1.642047756083455518e-02 1.843800068676301404e-02 0.000000000000000000e+00 1.544787430355058777e-02 1.905023882365892637e-02 1.914654163638269957e-02 1.637073196792705396e-02 1.996005494464675456e-02 1.792825432514671621e-02 1.744737091093630926e-02 1.707169557805162871e-02 1.651749356067286692e-02 1.676717825197116332e-02 1.823566139973259101e-02 1.751140683636622647e-02 1.878571858663091038e-02 1.937574504504691042e-02 1.718947751630021600e-02 1.859976823656575226e-02 1.681973617286764908e-02 1.563221382101967483e-02 1.982973896288390755e-02 2.239369895855686590e-02 1.690317795673320148e-02 1.778455941244746347e-02 1.837770586932908901e-02 1.767281150912474244e-02 1.750393338360593798e-02 1.893591641754299379e-02 2.017608192499269204e-02 1.825345576196244976e-02 1.697085064124952830e-02 1.906412331466755122e-02 1.928327350238500867e-02 1.898720122566038837e-02 1.948429638196380945e-02 1.758243313836027263e-02 1.707916961784084614e-02 1.884515118458202076e-02 1.859266967308723789e-02 1.668572386582781522e-02 1.704484062137927650e-02 1.782582747172775650e-02 1.822936732863669057e-02 1.803438901430135660e-02 1.896694984370836390e-02 1.804655737213911940e-02 1.710803138248403327e-02 1.651164903993493360e-02 1.731685408309462798e-02 1.642397391123791989e-02 2.511246484976302484e-02 1.640491136325693267e-02 1.838868554464546945e-02 2.233485873196366239e-02 1.722893421669485087e-02 1.761553169401224028e-02 2.016197066933858584e-02 1.788721812499209640e-02 1.605570992736822869e-02 1.835836347730401136e-02 1.673811259427621795e-02 1.697129444686776290e-02 1.788646644561108640e-02 1.784067802503990982e-02 1.942346824579959871e-02 2.118029030882708288e-02 1.755652468126631810e-02 1.555264895399859591e-02 1.825014372049393180e-02 1.734981318766655803e-02 1.680697000897550183e-02 1.687962036297171661e-02 2.211296445162360194e-02 1.767804489392873699e-02 1.959057923894897899e-02 1.758863905966960919e-02 1.828003494546619201e-02 1.862622383032269333e-02 1.862362714311756318e-02 1.785484395504205457e-02 1.889294223440476928e-02 1.639933882284207167e-02 1.756586004942446017e-02 1.837209833005950393e-02 1.837056866679953257e-02 1.934898557554244267e-02 1.718795878712437233e-02 1.860608061271071603e-02 1.720358884895258761e-02 1.713191292568981561e-02 1.951707388864502152e-02 1.686010590569480411e-02 1.861797873030918843e-02 1.751744260379250670e-02 1.730946956252791061e-02 1.787285773811609149e-02 1.995059253907617916e-02 1.886537714697782142e-02 1.806608179968435118e-02 1.677057068213324426e-02 1.739477269424891809e-02 2.104395387056405900e-02 1.857063518965645574e-02 1.872629648356452861e-02 2.126719531096112753e-02 1.679126820688701255e-02 1.718012837785105537e-02 1.656884535860603941e-02 2.033855682444793769e-02 1.751356695404254760e-02 1.712093706321583461e-02 1.807798992619446751e-02 1.912214350770010535e-02 2.009618824474480175e-02 1.758017546480490981e-02 2.009846739192513304e-02 1.968567417880282347e-02 2.002140965993901012e-02 1.948666580026886877e-02 1.675018019001925026e-02 1.762348723795013894e-02 1.675197151487641672e-02 1.566926351274179618e-02 1.879948220286456473e-02 1.664631319147381536e-02
1.752163031506601479e-02 1.596190141629565823e-02 1.471853926892043030e-02 1.624230978632533809e-02 1.544787430355058777e-02 0.000000000000000000e+00 1.685896413427223628e-02 1.674893983333751099e-02 1.435784615843418467e-02 1.792381836110856427e-02 1.497634490064721387e-02 1.488588909377865088e-02 1.451899740436656504e-02 1.393446304044170837e-02 1.424377456324201104e-02 1.607767280758177347e-02 1.637774600732405661e-02 1.653072834374897174e-02 1.720690018521205816e-02 1.410399782989389325e-02 1.614101470915345685e-02 1.412652207225553909e-02 1.281864305071327148e-02 1.757164254620083646e-02 1.940576028550578674e-02 1.410900789935371283e-02 1.534977539649711765e-02 1.623987494232296408e-02 1.665883102737056309e-02 1.628735955638526897e-02 1.666865906944063266e-02 1.961320677185364111e-02 1.618294386070155341e-02 1.477816486650309832e-02 1.714324524471039224e-02 1.749117510777833950e-02 1.724319092461894243e-02 1.754435141038873658e-02 1.557438834691120787e-02 1.473423008714156747e-02 1.703138860597495224e-02 1.652574317982900484e-02 1.426222312267796770e-02 1.475547248941064434e-02 1.563744752693702056e-02 1.627413170388435776e-02 1.602773135903498222e-02 1.717424528910930365e-02 1.592370876920934375e-02 1.479782269604716996e-02 1.408167747401220006e-02 1.517105865491242059e-02 1.407301437034689032e-02 2.382284059293615641e-02 1.390185352423751845e-02 1.652711947207165244e-02 2.087581630681914144e-02 1.552731343838767604e-02 1.550193284365344003e-02 1.732948364399369140e-02 1.572887714450181204e-02 1.361987658922476051e-02 1.639770389790131191e-02 1.446229239246798505e-02 1.471583689528770285e-02 1.580378835568620882e-02 1.574579319130758187e-02 1.773245010701771096e-02 1.954026610544920550e-02 1.540239330128665741e-02 1.292657115825540486e-02 1.624488845766289963e-02 1.514856644078452393e-02 1.447912592057765471e-02 1.457910277471121362e-02 2.054290496419526602e-02 1.556916986312397062e-02 1.776287899350762617e-02 1.544578225173381079e-02 1.620903738662317697e-02 1.665530555157013551e-02 1.675196743644550776e-02 1.576449044108798811e-02 1.697823721295430369e-02 1.396421306064012796e-02 1.542340287343976594e-02 1.639607336162761386e-02 1.638450231686852665e-02 1.748912938102388862e-02 1.494743951955307057e-02 1.664455751977176462e-02 1.497130567788458946e-02 1.495141788835757310e-02 1.767712302955495168e-02 1.453355371407513870e-02 1.665215705495975279e-02 1.530011122500137682e-02 1.505112205693586412e-02 1.579915026914831960e-02 1.816989064664021464e-02 1.703449590710520364e-02 1.595219975499301973e-02 1.439258383640732580e-02 1.514688215328905546e-02 1.931864207165760738e-02 1.661528359387656750e-02 1.672038531427605043e-02 1.957746751960191475e-02 1.502930077489107730e-02 1.496951754334570686e-02 1.416012993424103916e-02 1.856474366722199107e-02 1.540505292738556659e-02 1.487218901760476233e-02 1.597652465647060246e-02 1.716083446911633933e-02 1.830439639297920876e-02 1.547872979398042317e-02 1.826775261469494593e-02 1.787454616651370370e-02 1.826062164787614281e-02 1.834804956912667109e-02 1.435564544712173048e-02 1.549356218072860288e-02 1.436527279013639045e-02 1.304342330499059718e-02 1.694795918922352429e-02 1.422773809865105453e-02
2.049947243939301278e-02 1.894075135825142031e-02 1.803522506024297922e-02 1.920322512959977274e-02 1.905023882365892637e-02 1.685896413427223628e-02 0.000000000000000000e+00 1.957195043973098195e-02 1.810566096244023773e-02 1.947396446782953885e-02 1.781781100802131562e-02 1.801768769350903243e-02 1.764315108650144764e-02 1.736542370416038761e-02 1.661100522544637498e-02 1.877953847524427983e-02 1.922016042662191143e-02 1.918000666679177749e-02 1.872455932720582666e-02 1.799392366037316782e-02 1.923362552972911893e-02 1.670708652168101035e-02 1.634637955945558371e-02 1.919235129758718045e-02 2.264663712513735952e-02 1.659422323792389409e-02 1.742703951644421559e-02 1.923713562326274940e-02 1.945977312521830760e-02 1.802928103120925163e-02 1.932358849535860401e-02 2.062456704769761312e-02 1.877728993282644365e-02 1.765665413877852766e-02 1.965750038746303524e-02 1.987214558289092034e-02 1.961724034309214951e-02 1.983682969166011140e-02 1.832876933629169411e-02 1.760028279723960601e-02 1.945502276987861115e-02 1.905215624548518144e-02 1.722383272019545331e-02 1.766745415932130872e-02 1.831422626527037800e-02 1.883008135904571528e-02 1.865901294467552443e-02 1.953971272195373365e-02 1.861595298344673882e-02 1.765754993591531902e-02 1.710046260342912294e-02 1.797824974365408446e-02 1.709300266995352965e-02 2.564533928377990546e-02 1.696322385938873328e-02 1.902379302722888993e-02 2.287815263200140489e-02 1.774707400675907404e-02 1.817258997922737915e-02 1.960459791430487625e-02 1.853139347544690771e-02 1.674402914718348817e-02 1.896637093343249078e-02 1.741489664317980371e-02 1.763104930156672231e-02 1.845364182971152150e-02 1.839753736487929892e-02 2.003690466579384141e-02 2.163448235141851583e-02 1.813006723423152278e-02 1.625626845363157408e-02 1.880451212556687179e-02 1.794044011999080743e-02 1.741696797457050958e-02 1.747624688405166951e-02 2.253643648003242697e-02 1.825592091787294965e-02 2.007321051602710058e-02 1.816020157847442890e-02 1.882061594272157676e-02 1.914491905874983815e-02 1.921938650206534913e-02 1.842254202293757900e-02 1.941157319712776691e-02 1.702944743140263201e-02 1.814120965147538941e-02 1.897193653169641780e-02 1.892106406785516726e-02 1.984456884338234306e-02 1.776847359170936891e-02 1.911630197461582081e-02 1.784079528059962644e-02 1.776768501831708577e-02 2.000328659507908183e-02 1.745776849118935159e-02 1.913576168308754946e-02 1.806257234514894658e-02 1.786961391645452285e-02 1.840282966812684107e-02 2.038900817267051344e-02 1.941425271939057826e-02 1.858481852603876758e-02 1.743157639776471424e-02 1.794511695420852176e-02 2.155668867086557236e-02 1.908104543657923938e-02 1.931719579563864753e-02 2.176322743417230532e-02 1.729645741998845146e-02 1.773322815862336810e-02 1.717446143978729536e-02 2.074033145097537931e-02 1.803480996484421381e-02 1.868860364746196753e-02 1.859363334860041767e-02 1.958605855885937191e-02 2.062079047560879883e-02 1.808906754027349295e-02 2.054528552097328528e-02 2.023204034632319903e-02 2.043473325920263164e-02 1.985655572843602473e-02 1.737435978969409031e-02 1.814472374841870003e-02 1.741133280007389414e-02 1.637164180361548246e-02 1.934365907651463753e-02 1.724917943162291786e-02
2.043068415593174772e-02 1.892708765478996052e-02 1.790602677979478974e-02 1.809742099732922216e-02 1.914654163638269957e-02 1.674893983333751099e-02 1.957195043973098195e-02 0.000000000000000000e+00 1.797443777415615521e-02 2.049684151355837813e-02 1.870516010624431041e-02 1.785484299679492362e-02 1.778825009909712832e-02 1.731811307952791160e-02 1.670081580462091930e-02 1.911236806557945270e-02 1.852919957592622652e-02 1.931113869124049046e-02 1.878729879807555792e-02 1.783231155078480665e-02 1.795595955156938442e-02 1.645110851920714504e-02 1.636419648582391681e-02 2.024024220851055808e-02 2.116826683989074878e-02 1.731208562220158328e-02 1.736030664827617823e-02 1.912463560073044896e-02 1.948681398814757632e-02 1.916924422928717453e-02 1.815461115338282486e-02 2.207341138461612132e-02 1.876091102295743621e-02 1.765264772558431186e-02 1.953446957209507492e-02 1.986050345844747253e-02 1.961950164706449326e-02 1.985028256064445829e-02 1.831078807705865605e-02 1.760426518715901834e-02 1.944464306017234731e-02 1.903743753083425930e-02 1.721991884827996783e-02 1.767793257716486835e-02 1.831526102434822417e-02 1.883453780988591716e-02 1.865878921542686586e-02 1.953153329452637227e-02 1.860392196942034504e-02 1.766317304627353091e-02 1.713550967350763871e-02 1.796766938067700242e-02 1.708897562028760184e-02 2.562318039110061604e-02 1.696080034365653882e-02 1.901173825150308250e-02 2.287048474479112456e-02 1.775225836027697832e-02 1.816958549602981643e-02 1.959257064220755809e-02 1.836584173323545580e-02 1.674123805544685054e-02 1.896225445309993735e-02 1.749250773372617099e-02 1.757712529902669477e-02 1.845926192793580917e-02 1.838984864352598975e-02 2.002495113184925291e-02 2.163677555462540855e-02 1.812579579695550516e-02 1.620456867624193997e-02 1.879742061444405685e-02 1.794234098689398774e-02 1.741676164165530810e-02 1.746987010933749584e-02 2.254018885903432551e-02 1.823723951691542597e-02 2.006747918058359240e-02 1.814819139960571065e-02 1.881375852024733814e-02 1.914563515773400407e-02 1.913119478926344694e-02 1.841801762424540023e-02 1.940786727248396126e-02 1.702509608442435290e-02 1.814337716423613384e-02 1.897106080413376444e-02 1.890957645495460956e-02 1.984541465952802120e-02 1.776881087429560413e-02 1.912457573198712846e-02 1.783320384113469548e-02 1.769451769061559585e-02 2.000379678946010570e-02 1.745236220101491556e-02 1.913157864825667034e-02 1.809886881787016108e-02 1.788734478603831723e-02 1.842978994087056399e-02 2.043740513606089396e-02 1.936658886095750029e-02 1.861664937128578584e-02 1.745383646884979614e-02 1.797755659608535339e-02 2.149830309274757337e-02 1.910286356768136837e-02 1.926454365824397871e-02 2.172853080232799161e-02 1.734129355844634540e-02 1.776361994747062065e-02 1.719587624325734365e-02 2.076881483156768973e-02 1.806762035557173129e-02 1.771992745201884240e-02 1.864317984308163159e-02 1.962789664708537024e-02 2.059665989532671534e-02 1.814063768014583661e-02 2.058790684093130680e-02 2.017764654769395663e-02 2.049151899643199271e-02 1.992326382186988820e-02 1.731788125291943217e-02 1.819283858877018475e-02 1.735346576281860537e-02 1.633437623242611075e-02 1.939367802782257857e-02 1.726412774391393803e-02
1.898824207806612541e-02 1.728296260782160448e-02 1.615174344878507473e-02 1.675478469342922550e-02 1.637073196792705396e-02 1.435784615843418467e-02 1.810566096244023773e-02 1.797443777415615521e-02 0.000000000000000000e+00 1.906920636634378691e-02 1.708122991869611210e-02 1.634428809056353085e-02 1.597724848403350370e-02 1.553136376074404877e-02 1.558801544724221569e-02 1.737834263071764626e-02 1.669492185605482570e-02 1.779553213929890507e-02 1.823387066938648993e-02 1.616332794084790470e-02 1.762833037583655046e-02 1.567474685923620978e-02 1.449352410027686215e-02 1.899938790392570812e-02 2.143067681223470231e-02 1.577972711878928777e-02 1.669315311265416948e-02 1.668690895056170950e-02 1.766993454027919463e-02 1.731504041876925568e-02 1.713698294790539853e-02 1.945890583467550436e-02 1.728868654721062506e-02 1.601329902524828083e-02 1.827115033070698946e-02 1.861533134682494608e-02 1.821157980607701274e-02 1.950214721653566186e-02 1.670221750798361882e-02 1.602975536453863856e-02 1.802023000717143525e-02 1.766325156835544044e-02 1.566514262967122831e-02 1.608351852541407834e-02 1.691477507892951565e-02 1.746860330889338578e-02 1.716122443061769698e-02 1.825723355964415512e-02 1.716960670866107819e-02 1.607831587305988755e-02 1.556065603597741806e-02 1.636655265251455230e-02 1.537593345052859148e-02 2.454101705837323164e-02 1.528917610939369530e-02 1.755272380114221778e-02 2.172034783185385065e-02 1.619673562749936874e-02 1.660711528726868669e-02 1.844560158437162298e-02 1.700687481330269771e-02 1.498543609514080277e-02 1.759504640429812930e-02 1.588827858847826485e-02 1.600007809031593620e-02 1.700424548658946086e-02 1.693708713771664015e-02 1.875867040171859054e-02 2.048817132788252268e-02 1.662870959774122998e-02 1.442647237312159707e-02 1.738937143994854009e-02 1.641426978081217056e-02 1.581828370145271778e-02 1.588879262465630812e-02 2.146043880042363544e-02 1.676567066008009810e-02 1.879451538774738056e-02 1.665970666741438400e-02 1.740582257829279000e-02 1.777966067265605854e-02 1.778537044868578471e-02 1.695951759863620692e-02 1.806915384033854280e-02 1.536879899140416138e-02 1.665752001060094578e-02 1.753239448129515626e-02 1.751401068923052681e-02 1.855059357252068081e-02 1.623748794316333052e-02 1.775512440449061174e-02 1.625154365064525666e-02 1.615854555375294613e-02 1.872610617463970478e-02 1.586512382294119616e-02 1.776307323029004126e-02 1.658485642188676709e-02 1.637114278264406933e-02 1.697492492715510851e-02 1.919675726474199401e-02 1.805657017321690011e-02 1.718183687109270386e-02 1.580278009083248281e-02 1.645418610536727652e-02 2.033857399155516998e-02 1.772828894394083005e-02 1.789520907909660646e-02 2.058544779722332185e-02 1.585770657493270133e-02 1.621799925282095892e-02 1.555787853057295778e-02 1.959646341637029734e-02 1.658563379824460476e-02 1.617811544188603456e-02 1.719683855131524247e-02 1.831251538248663754e-02 1.935503846563114971e-02 1.665922060823931544e-02 1.934859823602485401e-02 1.891087756760896285e-02 1.926342512378823729e-02 1.870078179370640928e-02 1.574364088594929975e-02 1.670037256045720647e-02 1.576124782805388147e-02 1.456452677133612643e-02 1.798798887747280958e-02 1.563323992554587968e-02
2.015077299134369199e-02 2.010545657755533761e-02 1.904610838712886278e-02 2.026492499397176961e-02 1.996005494464675456e-02 1.792381836110856427e-02 1.947396446782953885e-02 2.049684151355837813e-02 1.906920636634378691e-02 0.000000000000000000e+00 1.952073961584566142e-02 1.803976725912536522e-02 1.786521233532876660e-02 1.834593294178588768e-02 1.849464286192420426e-02 2.009111127792543097e-02 1.912088251598065280e-02 1.924273097917285694e-02 2.082147409973088628e-02 1.895562191824957249e-02 1.890711924477694178e-02 1.845354222447962572e-02 1.746789562219897354e-02 2.116480082894282508e-02 2.213338159228297325e-02 1.842591052042794747e-02 1.934542066954007822e-02 2.010013933330380420e-02 2.050838504746570201e-02 1.890089401203338612e-02 1.924333560867356671e-02 2.168315410023113898e-02 1.959835641908532627e-02 1.854784902988313583e-02 2.165858125448662241e-02 2.070764505291348284e-02 2.032933160325697819e-02 2.067731030342024462e-02 1.917266675252852701e-02 1.850299777668647574e-02 2.033832389803956475e-02 1.994159042596215306e-02 1.815254608420597757e-02 1.855066611165216012e-02 1.916239901810422655e-02 1.961601080648407713e-02 1.959302277599130754e-02 2.026450253316363845e-02 1.949848878446539327e-02 1.856870983164088038e-02 1.810190075857374958e-02 1.894818618857110198e-02 1.804282245791259676e-02 2.627230597998846812e-02 1.792506800302428802e-02 1.980594568350695084e-02 2.344184982585462845e-02 1.861934205058094621e-02 1.902888854632392088e-02 2.044109018727864602e-02 1.943953129238116043e-02 1.771593921852136766e-02 1.987475599453434813e-02 1.827085095440415113e-02 1.854311110902943233e-02 1.936118110958573099e-02 1.930124194379203434e-02 2.090844725339922189e-02 2.236471778975291161e-02 1.904354895997794131e-02 1.727251380809801534e-02 1.968379272278763387e-02 1.889362590291483734e-02 1.839803212005897484e-02 1.843413510993894763e-02 2.324548425122132875e-02 1.914464666176126165e-02 2.086883197953973840e-02 1.907673212474143495e-02 1.971020104141270324e-02 2.000837006693776537e-02 1.999522491816875872e-02 1.934107801980784747e-02 2.025149268744215816e-02 1.804335079319937390e-02 1.908294183882460610e-02 1.977810161423767740e-02 1.980149703893988034e-02 2.064753075938402169e-02 1.873119000437721213e-02 1.985259702006220150e-02 1.872679436228046057e-02 1.865637544967375591e-02 2.079653289108690517e-02 1.842502670939508494e-02 1.998734345272660043e-02 1.901999692295047034e-02 1.889692535441648766e-02 1.932310070949262021e-02 2.119832275132604513e-02 2.027770595663872313e-02 1.951486885709095495e-02 1.834886352244453900e-02 1.890623559227736644e-02 2.222665221176157307e-02 1.995379138950470824e-02 2.010688305475871046e-02 2.253512431526303456e-02 1.829685808212357448e-02 1.871902794481900348e-02 1.817497549657056538e-02 2.156110374709089422e-02 1.899746680304663371e-02 1.875172632267487621e-02 1.950640335702640352e-02 2.046070944737229599e-02 2.132791059667069403e-02 1.905615941755629469e-02 2.135599204216845695e-02 2.097455573634426224e-02 2.127284116086939833e-02 2.070530417126954098e-02 1.831992387283512200e-02 1.911262173500239900e-02 1.840357721680368000e-02 1.738120939831810235e-02 2.013916823578359647e-02 1.824877600626614166e-02
1.845004707917918124e-02 1.794164610433020973e-02 1.613151050979797288e-02 1.823127402705434705e-02 1.792825432514671621e-02 1.497634490064721387e-02 1.781781100802131562e-02 1.870516010624431041e-02 1.708122991869611210e-02 1.952073961584566142e-02 0.000000000000000000e+00 1.700111097711071162e-02 1.588227409547737431e-02 1.612762403689964319e-02 1.641780255206734193e-02 1.721746388669849123e-02 1.749689647358098829e-02 1.835684861960866499e-02 1.913565530982309568e-02 1.599506926608622315e-02 1.797233350275461231e-02 1.634035291010786650e-02 1.523256747197007828e-02 1.923538496094394368e-02 2.072354556080526281e-02 1.549602117174327109e-02 1.742893212946479420e-02 1.821000661736418835e-02 1.856322895718606758e-02 1.736328019447937188e-02 1.867601015936944456e-02 2.133715617518749247e-02 1.788653402846840726e-02 1.668887146302934152e-02 1.871942098177444697e-02 1.903439557269211851e-02 1.880457539707207706e-02 1.902726182166518051e-02 1.728930996847461918e-02 1.663660522795184712e-02 1.861124702208140705e-02 1.817280250272572048e-02 1.622453261436610297e-02 1.663988563803248805e-02 1.740625128537848579e-02 1.796347651632370160e-02 1.776011133658749949e-02 1.871148978198053023e-02 1.764570465367467159e-02 1.668902846432794226e-02 1.614377723560759398e-02 1.703138862483601773e-02 1.607396866217778580e-02 2.501920802623473425e-02 1.593703441161165718e-02 1.816255550453048373e-02 2.220508162788975212e-02 1.684155982396900314e-02 1.727495600989428781e-02 1.880230239520954208e-02 1.746396285267976314e-02 1.569225844841790757e-02 1.808217994489731348e-02 1.637169306546974040e-02 1.662286293800740306e-02 1.742858420517522100e-02 1.736297051599374960e-02 1.922464757817825970e-02 2.076226467173062501e-02 1.718206804422539244e-02 1.566586070277666692e-02 1.792467427238201433e-02 1.685959111088982179e-02 1.634078791180045703e-02 1.646917584171680299e-02 2.168544842627249600e-02 1.741382145938644502e-02 1.919707160336281068e-02 1.730467159461253346e-02 1.791362045062418196e-02 1.818037589893588268e-02 1.928565928598418092e-02 1.738518908173445482e-02 1.854838762351489895e-02 1.593727723998412255e-02 1.711347087009168141e-02 1.791325242130972772e-02 1.800835565105426972e-02 1.891615917140798686e-02 1.670787644751766526e-02 1.825226848440026153e-02 1.674719046060476127e-02 1.757144359895800381e-02 1.913833161915388242e-02 1.643229595846115720e-02 1.826930422457288816e-02 1.712126001064285738e-02 1.696745406439286244e-02 1.754309711247237571e-02 1.962256447740572118e-02 1.857265607028217580e-02 1.767875687527687908e-02 1.633498277747719857e-02 1.705182530535317986e-02 2.081027965884897288e-02 1.826903264635111601e-02 1.837047883050020244e-02 2.094655402376940576e-02 1.635425119523097395e-02 1.676764479759169230e-02 1.616607934361949730e-02 1.996453759085427618e-02 1.716236682833233856e-02 1.690226696366966055e-02 1.770042025637961342e-02 1.880829796940791665e-02 1.991034361151268126e-02 1.716121777328896356e-02 1.973898475660406174e-02 1.934635472269182269e-02 1.965669485726860219e-02 1.911806063090268348e-02 1.708730402050122332e-02 1.720116012613588305e-02 1.640530390483052603e-02 1.522724765122209986e-02 1.844596193675666213e-02 1.623337967620679806e-02
1.884086834077993225e-02 1.726865096664067026e-02 1.615145930079514916e-02 1.757977863819897360e-02 1.744737091093630926e-02 1.488588909377865088e-02 1.801768769350903243e-02 1.785484299679492362e-02 1.634428809056353085e-02 1.803976725912536522e-02 1.700111097711071162e-02 0.000000000000000000e+00 1.521593189470480702e-02 1.546808524306481948e-02 1.569596106623486267e-02 1.738936993958629246e-02 1.765775818982957129e-02 1.757748460542529409e-02 1.747826159064042387e-02 1.618546338596410505e-02 1.732837934687077308e-02 1.547936299097443444e-02 1.388775328545802101e-02 1.863680306585592875e-02 2.026838572219351320e-02 1.551893900461359665e-02 1.657051208155257971e-02 1.748594292144014031e-02 1.714399385996815892e-02 1.756220015857498304e-02 1.690800327115988058e-02 2.069538121664110317e-02 1.731202633623741757e-02 1.604447666858099808e-02 1.829651251157890166e-02 1.853585212535662288e-02 1.826832923567163480e-02 1.852673569867762174e-02 1.679564123972517378e-02 1.598436094570106561e-02 1.807586274115569394e-02 1.762820988285135337e-02 1.559287924015933038e-02 1.601586051361731169e-02 1.680647852992644270e-02 1.739242127407351554e-02 1.718162161175479027e-02 1.822088538369497079e-02 1.707238237506145118e-02 1.604479582639095625e-02 1.540382180808344895e-02 1.640816973104348639e-02 1.538368590255392854e-02 2.464729431327238734e-02 1.524872125189528395e-02 1.758557532465602688e-02 2.177095727716832005e-02 1.617092268026674648e-02 1.664059627690253271e-02 1.826516354381477192e-02 1.689716827517090403e-02 1.498273939428233607e-02 1.752463763437579064e-02 1.573258576486018245e-02 1.596159014719752273e-02 1.695883570267986418e-02 1.687756638968462147e-02 1.879006245168755515e-02 2.046021970564608147e-02 1.657703965439213251e-02 1.436872674397750987e-02 1.735318935327026871e-02 1.636731215922305679e-02 1.576749586125089989e-02 1.586817206768650207e-02 2.142270191847777533e-02 1.675598846164162367e-02 1.875720684354402132e-02 1.661389893525029582e-02 1.735459317068430499e-02 1.773175877207284340e-02 1.775366187429276016e-02 1.692306679154450405e-02 1.802641562325940292e-02 1.531632387423408938e-02 1.660787725253980163e-02 1.747344194002809284e-02 1.748186696176267166e-02 1.851014559658281655e-02 1.618004896647078084e-02 1.770374846469345564e-02 1.618916359632054450e-02 1.611310852742360231e-02 1.868040363595036002e-02 1.580234792646938863e-02 1.771760717650180256e-02 1.648025208431571839e-02 1.643523241011078662e-02 1.681485291184695377e-02 1.903825522868767342e-02 1.805657687444141637e-02 1.720731915641964330e-02 1.585706524861347361e-02 1.635376508691905109e-02 2.020688799910715788e-02 1.773030217563977690e-02 1.792637634690189344e-02 2.163673060954191332e-02 1.560770220302850134e-02 1.611609645200659177e-02 1.540288104304455251e-02 1.952824448382961542e-02 1.643543585828207559e-02 1.621044530598007155e-02 1.707251597338798818e-02 1.832720684885348270e-02 1.920267796446998090e-02 1.653476226586922046e-02 1.937874287014945685e-02 1.894123414631610283e-02 1.928237631655730852e-02 1.851890994040043467e-02 1.553662184334338864e-02 1.669190660125772011e-02 1.583460725607633776e-02 1.444731642580572746e-02 1.782815256993550146e-02 1.553368592592402862e-02
