0.000000000000000000e+00 7.869533335303914579e-03 7.717225780602603689e-03 7.817821988543399020e-03 7.622672795822480439e-03 7.819916593809018990e-03 7.717173415358473225e-03 7.820853138763062679e-03 7.817383284931719509e-03 7.667271725951979762e-03 7.412742451200915114e-03 7.764956310838785208e-03 7.969454238009758551e-03 7.672174076582583511e-03 7.822367860979395626e-03 7.589584213356147767e-03 7.630715951383486469e-03 7.669568893218702867e-03 7.922497287160431417e-03 7.677012250866224914e-03 7.544485125866128364e-03 7.668283863242023567e-03 7.717195308376544396e-03 7.625046768444103396e-03 7.449912626699146077e-03 7.673835373627372475e-03 7.631718852919097337e-03 7.818472311188755242e-03 7.814321740815928508e-03 7.678482628684374887e-03 7.820632064374668027e-03 7.816007075953059630e-03 7.810985048491325862e-03 7.922112329579851508e-03 7.671466777171325607e-03 7.822661958006835170e-03 7.534790508920246634e-03 7.413679346618418271e-03 7.966872593275858838e-03 7.717791638080271667e-03 7.822304894300748448e-03 7.776689646971824896e-03 7.450973012949630575e-03 7.870070589666589705e-03 7.629571525580914650e-03 7.764203244925159918e-03 7.724322878064088932e-03 7.818432600447670910e-03 7.498794117875999359e-03 7.668380333900194634e-03 7.627925550794377799e-03 7.675973047436206870e-03 7.923143481396846544e-03 7.624804790502071571e-03 7.869727753782841673e-03 7.677248517086458952e-03 7.581409504438035504e-03 7.539290073035453260e-03 7.453139448331870878e-03 7.623781172529950009e-03 7.535003971360572025e-03 7.581128258812798795e-03 7.449626243843827066e-03 7.412450614742158335e-03 7.626071267229462408e-03 7.824219080467570420e-03 7.968312867995970203e-03 7.866800703879345616e-03 7.580935557226537065e-03 7.535326153540203298e-03 7.920346276305572156e-03 7.818395054950426706e-03 7.716200666587116549e-03 7.772601413492312948e-03 7.922850137538982318e-03 7.670622292421602761e-03 7.766969575085432703e-03 7.629726667682364995e-03 7.869464571130285052e-03 7.673250502820004766e-03 7.717872876565765906e-03 7.631997474228468734e-03 7.717140931284524261e-03 7.670266237261977663e-03 7.718653418542815656e-03 7.372912451900224401e-03 7.335615182274645221e-03 7.494242481146766444e-03 7.817797130942376327e-03 7.628257356757934225e-03 7.672628776558726091e-03 7.582485531519923480e-03 7.812197371620709790e-03 7.969300801094461942e-03 7.673419428816172574e-03 7.814428900085153978e-03 7.919871367842399104e-03 7.537404804617295687e-03 7.974139811778241729e-03 7.762138070690347696e-03 7.579811193795252082e-03 7.760376243972918510e-03 7.533481484659085292e-03 7.629292126810394842e-03 7.977974742869651734e-03 7.543667304388724723e-03 7.578536319977461494e-03 7.770724680413594945e-03 7.866661596519657074e-03 7.635433727499627010e-03 7.712604445864449168e-03 7.671218445938108969e-03 7.667941676495484797e-03 7.578590141615565261e-03 7.628141177844180963e-03 7.492844228737318389e-03 7.538511566122862474e-03 7.715577912512468738e-03 7.627956320411391836e-03 7.769109605216158176e-03 7.535050151570654199e-03 7.448029706518709096e-03 7.668520863972924304e-03 7.542798098924352948e-03 7.815431342323214334e-03 7.495320497983903006e-03 7.577394970269121441e-03 7.670366657639558772e-03
7.869533335303914579e-03 0.000000000000000000e+00 7.678832756533527683e-03 7.873780086062582770e-03 7.677125987947279462e-03 7.874137021023424124e-03 7.775563482303504519e-03 7.777000511945554584e-03 7.873450165467386908e-03 7.823225663815241981e-03 7.562048247595678369e-03 7.816248184414609917e-03 7.920512403356866349e-03 7.727726802535798967e-03 7.874659553316809904e-03 7.646174877093250832e-03 7.686754839033953061e-03 7.723420077421015717e-03 7.975664648624937111e-03 7.736056021187378076e-03 7.598140537280708394e-03 7.725700596636330027e-03 7.772454579698375061e-03 7.684543208372324012e-03 7.600137388457149992e-03 7.731362970819049586e-03 7.686160133266910569e-03 7.874214280721882411e-03 7.971592565848780593e-03 7.730546244483663815e-03 7.876314437058525367e-03 7.868719669280335727e-03 7.865282692244278742e-03 7.975201564029999260e-03 7.727241664577549386e-03 7.878332838734644281e-03 7.591980207764837361e-03 7.564780158439626118e-03 7.918048787417362663e-03 7.773030437175813996e-03 7.874738652798434282e-03 7.829494175567693406e-03 7.508839257809519184e-03 7.822723180357543313e-03 7.685454383625702802e-03 7.818663167310939410e-03 7.775805242551525956e-03 7.874192487211943009e-03 7.557889728119631355e-03 7.723919559301880948e-03 7.682410524738871906e-03 7.731618619711926738e-03 7.976473789202053952e-03 7.680922262641730162e-03 7.921504158786363617e-03 7.732761238293858058e-03 7.548224899414209856e-03 7.594321619865386681e-03 7.509559985968931352e-03 7.678032338677967181e-03 7.595382498526735866e-03 7.637844501923194383e-03 7.510676262762253780e-03 7.473597412398691811e-03 7.680598145443589750e-03 7.876675148737161125e-03 7.917534611242168369e-03 7.920249371172700947e-03 7.639175072151167638e-03 7.593880022330017944e-03 7.973478733333436499e-03 7.872551059470109594e-03 7.771668790959956191e-03 7.827339037071995645e-03 7.974273329639711833e-03 7.727904888870034718e-03 7.821620613786137849e-03 7.685889847755306495e-03 7.923175857950210191e-03 7.727195833356329327e-03 7.773106389847201508e-03 7.593651282228697751e-03 7.773977299012983268e-03 7.727709261667421378e-03 7.772108029442051022e-03 7.431631298658234602e-03 7.393342138183349975e-03 7.553001300824179962e-03 7.872022131155963914e-03 7.684194906868994923e-03 7.727921161866328943e-03 7.640808777341626633e-03 7.866189764567743312e-03 8.023855515042437395e-03 7.725655707292942639e-03 7.971451439274685261e-03 7.972895155389488411e-03 7.592705763445894984e-03 8.026924309941780092e-03 7.818824487067650361e-03 7.638134326631030799e-03 7.916790968074549281e-03 7.587063946817984919e-03 7.683715764155213748e-03 8.030646879854502415e-03 7.599045495610687491e-03 7.631414519033954263e-03 7.821946073589875273e-03 7.922217670532871042e-03 7.691317607363764783e-03 7.771100658280695982e-03 7.726794485302608366e-03 7.723864997345659608e-03 7.633678286279203980e-03 7.681031605665356032e-03 7.551988525361014171e-03 7.593683991748784168e-03 7.770727389283403098e-03 7.684079692272756390e-03 7.820294698704811226e-03 7.593895636517716818e-03 7.598235454688936734e-03 7.727487795820481460e-03 7.507862913086207034e-03 7.869599983113153077e-03 7.554340401159326777e-03 7.632044036402364784e-03 7.724226786542877539e-03
7.717225780602603689e-03 7.678832756533527683e-03 0.000000000000000000e+00 7.729901024797358570e-03 7.524723338844943078e-03 7.728414781401930431e-03 7.725355802837804639e-03 7.728481754717644869e-03 7.727731371701389990e-03 7.576354906788608165e-03 7.314502053709319614e-03 7.674049732910421216e-03 7.774492211840355188e-03 7.579922700286421955e-03 7.734103161868897611e-03 7.494325017358209953e-03 7.537498191294624353e-03 7.577345236162173238e-03 7.834133498467010792e-03 7.588242627009058640e-03 7.446683190661914156e-03 7.575854963467508821e-03 7.625897174364076533e-03 7.535398938685631404e-03 7.353788859712313483e-03 7.583454205334592968e-03 7.537120888680456932e-03 7.730272147631882251e-03 7.728063610973641764e-03 7.586017861846537300e-03 7.730753565320632251e-03 7.726076518102059643e-03 7.720833444122520740e-03 7.830333579091448490e-03 7.577642691436691641e-03 7.732866390711631149e-03 7.438812373053192879e-03 7.315486052765385327e-03 7.775220259062753242e-03 7.624629703005517470e-03 7.730704481489551923e-03 7.684337443274302099e-03 7.354747616526605830e-03 7.679336979369850123e-03 7.533499647267329936e-03 7.669779639586554558e-03 7.631130604856585682e-03 7.730423519760851701e-03 7.403454693543241351e-03 7.570753117363473485e-03 7.626992977674371989e-03 7.583717010725009658e-03 7.836633105899295376e-03 7.524968090459526956e-03 7.778674157727395559e-03 7.583286083243898600e-03 7.393492472089964115e-03 7.442858365429957240e-03 7.357051839176825987e-03 7.532071834710950091e-03 7.533640053323184711e-03 7.579951231575060913e-03 7.353259859768869824e-03 7.318478683211508858e-03 7.531134646539527737e-03 7.731082098908412942e-03 7.773004211220354599e-03 7.777410165124525390e-03 7.490508611822647989e-03 7.442263654200738897e-03 7.832025354192015398e-03 7.728492406672082295e-03 7.624871487888687863e-03 7.680352536584244584e-03 7.834587452167762062e-03 7.579845226980844695e-03 7.674375578482266202e-03 7.629142749854586625e-03 7.781963507861959332e-03 7.580783243879524874e-03 7.627992126660987360e-03 7.443663469060546149e-03 7.623680281520717195e-03 7.579696090166817939e-03 7.625127587008867502e-03 7.273700258275835745e-03 7.234733229265220660e-03 7.398858545013876388e-03 7.726215215056241731e-03 7.531907866237959846e-03 7.580243552973708020e-03 7.488666381578391873e-03 7.723772898615689948e-03 7.984085369886170444e-03 7.581022165002204369e-03 7.726289898332616528e-03 7.829557567956793585e-03 7.443064801632663131e-03 7.886731031083522164e-03 7.673328741905616895e-03 7.486289057823366892e-03 7.671534800281851890e-03 7.440200851593867584e-03 7.532835497400323065e-03 7.890520240561083032e-03 7.447567286465821973e-03 7.482602688612958845e-03 7.681729552614109842e-03 7.877409323058536667e-03 7.542317719530032549e-03 7.720480563076373773e-03 7.577211265594732334e-03 7.574274193519631507e-03 7.483201916066508329e-03 7.535075584564460659e-03 7.402375764654633983e-03 7.445547143914989577e-03 7.622077945595641391e-03 7.536400917701946943e-03 7.676419864103284883e-03 7.533604315236246997e-03 7.353438807979274967e-03 7.576218154166476475e-03 7.350535159111160934e-03 7.725351546754286904e-03 7.488657163022547844e-03 7.481456143834943132e-03 7.574552782853567583e-03
7.817821988543399020e-03 7.873780086062582770e-03 7.729901024797358570e-03 0.000000000000000000e+00 7.727928818568210838e-03 7.921696270197342571e-03 7.824034791985019777e-03 7.825334016081510885e-03 7.920973766635714536e-03 7.774946927959492694e-03 7.523617651235401348e-03 7.867645358346775364e-03 7.969581176703256081e-03 7.774703453978274240e-03 7.925674973755370348e-03 7.695708416390461930e-03 7.732868478028528600e-03 7.773964165456386834e-03 8.023982117784890164e-03 7.786078893297616529e-03 7.647905867101589296e-03 7.770679655866405411e-03 7.822530589672178555e-03 7.733643485769848072e-03 7.558444276128492567e-03 7.778106133068239496e-03 7.736891430403877550e-03 7.921857470781980270e-03 7.919636853024020207e-03 7.781034757544765673e-03 7.922267487676900796e-03 7.917740539660525836e-03 7.912859964908444330e-03 8.020096502942771627e-03 7.774072654990733452e-03 7.922747776744431744e-03 7.640116034545554533e-03 7.523327468769028595e-03 8.070661875764113813e-03 7.819573248197075541e-03 8.024976171598389649e-03 7.878926469133558028e-03 7.556688554414613818e-03 7.872839828178709171e-03 7.731549368877641860e-03 7.964342579742047026e-03 7.827684818481259882e-03 7.920057142800371666e-03 7.606445573472925270e-03 7.772780808452154147e-03 7.729413656650161411e-03 7.780414508034963310e-03 8.022973710566764366e-03 7.730260271432205788e-03 7.969112886045471786e-03 7.781547468303053224e-03 7.598611147611318908e-03 7.644688271611754099e-03 7.560264145511435933e-03 7.730549100814217839e-03 7.642649889232868386e-03 7.690391665606005622e-03 7.653244253093023121e-03 7.524584713415983367e-03 7.731197211784349155e-03 7.925943768903289527e-03 7.968481156122026246e-03 7.969103218032120087e-03 7.690309270791674881e-03 7.645325959551588051e-03 8.020283416738873891e-03 7.920171231732031289e-03 7.821754475825231853e-03 7.873753120184548773e-03 8.020998191187556775e-03 7.776668588664797932e-03 7.869703526159795015e-03 7.736509961583926120e-03 7.971946425457936830e-03 7.775837599743744971e-03 7.821332729394314329e-03 7.642036371030456847e-03 7.820746934390835486e-03 7.774906507069997801e-03 7.822225301417407017e-03 7.483074746695562302e-03 7.531692338739773632e-03 7.693653123975963126e-03 7.918046998497589931e-03 7.731846523582078419e-03 7.778520196356282501e-03 7.786267758532128096e-03 7.915549687078327415e-03 8.068285816062717095e-03 7.777832614740635281e-03 7.917993789914371666e-03 8.019758789462802517e-03 7.644275763261357617e-03 8.073299393320732681e-03 7.864901359822687801e-03 7.680928882095632709e-03 7.866698745660450146e-03 7.641757062876693325e-03 7.732706564836527158e-03 8.073590095095735386e-03 7.649072358015382780e-03 7.685961512474289402e-03 7.873370091720271330e-03 7.969280409846846158e-03 7.740645549599582849e-03 7.821148938096020992e-03 7.775668556494631095e-03 7.772437681852809553e-03 7.684879434595804151e-03 7.731875721563748888e-03 7.603622057033031061e-03 7.646967453050781093e-03 7.817663082204216393e-03 7.734769000939480110e-03 7.871612005610300472e-03 7.643956154322444942e-03 7.559905020983562554e-03 7.872943241960712185e-03 7.561599927667959388e-03 7.915471205863392617e-03 7.601573225354174047e-03 7.683458710843055206e-03 7.774750727609924111e-03
7.622672795822480439e-03 7.677125987947279462e-03 7.524723338844943078e-03 7.727928818568210838e-03 0.000000000000000000e+00 7.726800963906922844e-03 7.628832859495031024e-03 7.633634962970764146e-03 7.822911034677748621e-03 7.576321365340965390e-03 7.401829620516451116e-03 7.668867765895064602e-03 7.776183669381000162e-03 7.574735750004136028e-03 7.730784164634546540e-03 7.492574514649149794e-03 7.535727775459548014e-03 7.575273521486798611e-03 7.833935395822846925e-03 7.585047120442839873e-03 7.446375828328939163e-03 7.574233870354926679e-03 7.624050451380244217e-03 7.531595925655628840e-03 7.353408001376847934e-03 7.674993470499105568e-03 7.533796720030910485e-03 7.726721616363422737e-03 7.726248378507956545e-03 7.584274857355758660e-03 7.730473291051577663e-03 7.724150408140017382e-03 7.717149220756434370e-03 7.928025238601954169e-03 7.577527472927931759e-03 7.730802489361678943e-03 7.438466440660520575e-03 7.315003841003960526e-03 7.773472500987815489e-03 7.622738916833586044e-03 7.730606603279590455e-03 7.682494544969505935e-03 7.352828908496226654e-03 7.677480685353799301e-03 7.531256069885880998e-03 7.669856602102636915e-03 7.630916491083094937e-03 7.726600951381421695e-03 7.403327180233477793e-03 7.573989553103354505e-03 7.533098373476104434e-03 7.582002629243299839e-03 7.834899694429398737e-03 7.528203774039738359e-03 7.778832254850312142e-03 7.579858446067002861e-03 7.394964689525101477e-03 7.439341883077305213e-03 7.355106128496693464e-03 7.528447096776269033e-03 7.441991041960561125e-03 7.487114028294460100e-03 7.352742690364978510e-03 7.313302069376460997e-03 7.531124718692705326e-03 7.729333076215001014e-03 7.776611646599740010e-03 7.777350310826479721e-03 7.488530874236399605e-03 7.438782293871598617e-03 7.830243465149169801e-03 7.725027939553349814e-03 7.624802574068214808e-03 7.678738268913204261e-03 7.932057480300522614e-03 7.576412980996444051e-03 7.669096687798809472e-03 7.625696344116814421e-03 7.780198209421082360e-03 7.575407356892601557e-03 7.624513216880523386e-03 7.440207560632470032e-03 7.625268379994041591e-03 7.577908946551531987e-03 7.625204963237426463e-03 7.271855746620246343e-03 7.232795041662494831e-03 7.398375826041683409e-03 7.724160903106381225e-03 7.533176950980141791e-03 7.670235593190439551e-03 7.490156995314887350e-03 7.721944478682536001e-03 7.881843768319558505e-03 7.577501364363567471e-03 7.722891390607925302e-03 7.829588352559039427e-03 7.437761130375773744e-03 7.985413269446779358e-03 7.671652840088881431e-03 7.484039341498533934e-03 7.669866021002777652e-03 7.438312284700572888e-03 7.532725211248885236e-03 7.888828594607329159e-03 7.445651592682675686e-03 7.480677779631678473e-03 7.679797514906151930e-03 7.777653055945242186e-03 7.540609897544802570e-03 7.622455285651140097e-03 7.665358099036722120e-03 7.572400111610970430e-03 7.479731640158355892e-03 7.530054866988052965e-03 7.397288353805943004e-03 7.440562095508391517e-03 7.618616776534028849e-03 7.626676122639431364e-03 7.676539173765022789e-03 7.525065348772299288e-03 7.351564231424415757e-03 7.575783988105266008e-03 7.353606387566757711e-03 7.723511266641337226e-03 7.486810997696922466e-03 7.478016553288112031e-03 7.576036202623820902e-03
7.819916593809018990e-03 7.874137021023424124e-03 7.728414781401930431e-03 7.921696270197342571e-03 7.726800963906922844e-03 0.000000000000000000e+00 7.824587134767437696e-03 7.830624295282402267e-03 7.919391305903531256e-03 7.773568888899307257e-03 7.523777888816106374e-03 7.868030959626199500e-03 7.969859769595277407e-03 7.875297128865673194e-03 7.925974970337885256e-03 7.694279948120635870e-03 7.736072183403843415e-03 7.872590575354386153e-03 8.024304043197346206e-03 7.786441399394923232e-03 7.651477350160714938e-03 7.773287413547203678e-03 7.819473742403585184e-03 7.733920813359095384e-03 7.558978834940038166e-03 7.777164375278832788e-03 7.732444476138973510e-03 8.023069274641565427e-03 7.918341247485027878e-03 7.779622017144990215e-03 7.922650421233004905e-03 7.918223587517619899e-03 7.913207447589569801e-03 8.022296002799833223e-03 7.776068027362602331e-03 7.926220289558251822e-03 7.640550261988370527e-03 7.526458216540823226e-03 7.967458309872417835e-03 7.821743400206210978e-03 7.922470559612456234e-03 7.880849829331333309e-03 7.559910086121703066e-03 7.874847921721894045e-03 7.733504725888805213e-03 7.865436046557554642e-03 7.827982934176334201e-03 7.922239560597874736e-03 7.605123265792030837e-03 7.771348211106789139e-03 7.735010458900061676e-03 7.779217680797486691e-03 8.023307512077804127e-03 7.726923877716391012e-03 7.970921313664830823e-03 7.780227819906074260e-03 7.598687372557789976e-03 7.645181005289638544e-03 7.560690456925361382e-03 7.730908587621766227e-03 7.645708522111819248e-03 7.690667383449222884e-03 7.561601131867302060e-03 7.526407118127414683e-03 7.729845711690337684e-03 7.923061694340198524e-03 7.968675131853758531e-03 7.969536420525648313e-03 7.689018742161870743e-03 7.640773835795778082e-03 8.020728825897148820e-03 7.920619162393090565e-03 7.820187584874753808e-03 7.870331458528218374e-03 8.022947785561168957e-03 7.777106074134256669e-03 7.870000944188078676e-03 7.733804801947472343e-03 7.970569487457449670e-03 7.776118192976540396e-03 7.821540945981593496e-03 7.645537964776388980e-03 7.820958411148166978e-03 7.773321924125559633e-03 7.822486512516168417e-03 7.569734844442320594e-03 7.445238037664295150e-03 7.602277874474617884e-03 7.918046651419489296e-03 7.730317208593955047e-03 7.775251289141723102e-03 7.692042577058463143e-03 7.914086820970448605e-03 8.070551354065418070e-03 7.776609344992959846e-03 7.916674938809299678e-03 8.020070098620152646e-03 7.644812749755515446e-03 8.071749373083386692e-03 7.865626360373158960e-03 7.688084106941293905e-03 7.867024165015036596e-03 7.638815484606520899e-03 7.734781577216486015e-03 8.075348134309049547e-03 7.649227843204872875e-03 7.782044934493159184e-03 7.875236012919345149e-03 7.967805916106858455e-03 7.742275082178489559e-03 7.819758562409833552e-03 7.772467976404485827e-03 7.772861605211241198e-03 7.682084001138184647e-03 7.829253507570297851e-03 7.605789477371036750e-03 7.647459593499658821e-03 7.918951947552526488e-03 7.735119021237283135e-03 7.872145684763888485e-03 7.645711760234420902e-03 7.558597035193868018e-03 7.776564708911303490e-03 7.561892834327284089e-03 7.917550688096314931e-03 7.698339084980724938e-03 7.682205538169808307e-03 7.775245762602792619e-03
7.717173415358473225e-03 7.775563482303504519e-03 7.725355802837804639e-03 7.824034791985019777e-03 7.628832859495031024e-03 7.824587134767437696e-03 0.000000000000000000e+00 7.728025716367473499e-03 7.825253407640831577e-03 7.772571270692998219e-03 7.420940466008761095e-03 7.769292793975596766e-03 7.874714751430374193e-03 7.678375958440101026e-03 7.830046599025653961e-03 7.594608498512797103e-03 7.635090276024179834e-03 7.670650840827724498e-03 7.929995745655867359e-03 7.686560920569842845e-03 7.549295322899247408e-03 7.676271912127141314e-03 7.723461134762156337e-03 7.629534299308849722e-03 7.456661465567494124e-03 7.680439317119307219e-03 7.636649978448533695e-03 7.823006382575097006e-03 7.824016687157134622e-03 7.681565834108292426e-03 7.823220246207594764e-03 7.820306081260219866e-03 7.817129786166870237e-03 7.928039328482051895e-03 7.675906760403313801e-03 7.826856156907292805e-03 7.541254094326920246e-03 7.423585135734868563e-03 7.872366701305019698e-03 7.722284826142108115e-03 7.828302557732048569e-03 7.781052364327016579e-03 7.456235224432949948e-03 7.776383564789472562e-03 7.635720837415821936e-03 7.770255510969397220e-03 7.728725493991399527e-03 7.824318012088408644e-03 7.596660307696539993e-03 7.770280644623924621e-03 7.634036289584967411e-03 7.680697159005990017e-03 7.930828817603138847e-03 7.629516860170712685e-03 7.875776195620319553e-03 7.683393759206564970e-03 7.498920393635834063e-03 7.542691277206725262e-03 7.458229178233842863e-03 7.629931064793658672e-03 7.543257491301105962e-03 7.585864492497125001e-03 7.547446783654009062e-03 7.420525024149386348e-03 7.630707682351947109e-03 7.828866398343105326e-03 7.974528073991279942e-03 7.870956571519309442e-03 7.587244140547806832e-03 7.541336890260778338e-03 7.924507418042948254e-03 7.822654761730312573e-03 7.724235256742198116e-03 7.778818162533704221e-03 7.927111486898804835e-03 7.678561574471314682e-03 7.773123597520063648e-03 7.634439665182259777e-03 7.877153603134418730e-03 7.679327471312932807e-03 7.725704325446561965e-03 7.541695980286159708e-03 7.822080781925762338e-03 7.678434628910517888e-03 7.724737606119854577e-03 7.465417987078408826e-03 7.343743378327900924e-03 7.500563282040905409e-03 7.823876087607376656e-03 7.631591937022445815e-03 7.680458214942242207e-03 7.592141822397626728e-03 7.818323039315561510e-03 7.975178590310430179e-03 7.678205580007314325e-03 7.822395030016242312e-03 8.027934858093777049e-03 7.541983480406695695e-03 7.980048600644339823e-03 7.768734521446787888e-03 7.584630981703025486e-03 7.768355015226878144e-03 7.539458494096307889e-03 7.635414133201506338e-03 7.982244076595082158e-03 7.546791343308737951e-03 7.584813801597732781e-03 7.776971171867256248e-03 7.870899222282774430e-03 7.643213214813854468e-03 7.718684840180296824e-03 7.677362000159644075e-03 7.676041239959610109e-03 7.583523476409621822e-03 7.632931814428225298e-03 7.500967093801001566e-03 7.543233543107484215e-03 7.721758276648650610e-03 7.635936487107202082e-03 7.775144760156602920e-03 7.542985218702127036e-03 7.457688847133574737e-03 7.676591641517255087e-03 7.549466533265629040e-03 7.819810707211181933e-03 7.501780907053544681e-03 7.583631096241148263e-03 7.676734444821062958e-03
7.820853138763062679e-03 7.777000511945554584e-03 7.728481754717644869e-03 7.825334016081510885e-03 7.633634962970764146e-03 7.830624295282402267e-03 7.728025716367473499e-03 0.000000000000000000e+00 7.829914467405761982e-03 7.681668218076261913e-03 7.427265932659690532e-03 7.775620873343477846e-03 7.877474274476502919e-03 7.681454028945823055e-03 7.833019137137962537e-03 7.602431441469072876e-03 7.641728900080402981e-03 7.678664665065572034e-03 7.931330321692959054e-03 7.691353631105718631e-03 7.550839412641087260e-03 7.680908928232325385e-03 7.729890704937907205e-03 7.639612893612664386e-03 7.463137127661308504e-03 7.686678505048818479e-03 7.641227517387682612e-03 7.829139556389488885e-03 7.827126711176378426e-03 7.686287875145195875e-03 7.832872827957665374e-03 7.826679212911469286e-03 7.821676209844686395e-03 7.930699290824955519e-03 7.680990323840782702e-03 7.833271560079761373e-03 7.636779762273255591e-03 7.515703386551073582e-03 7.875063220208275080e-03 7.728794990478326729e-03 7.831425027739912295e-03 7.787247870739828944e-03 7.460904233949831703e-03 7.780850743643893605e-03 7.637325260451479324e-03 7.773280111586353472e-03 7.735076171352948775e-03 7.827428434592997863e-03 7.510268792292319924e-03 7.677741158374089096e-03 7.635431560154964763e-03 7.687016664962025188e-03 7.933829639703165321e-03 7.636108701171625060e-03 7.880286966983599331e-03 7.688099442579861970e-03 7.592970361844983765e-03 7.548931286636913901e-03 7.462970911338600265e-03 7.634612292881988449e-03 7.548283097557128424e-03 7.592328536486458307e-03 7.554046458401764488e-03 7.423917046976535004e-03 7.633710759991764981e-03 7.834899965584148432e-03 7.876404680240353673e-03 7.878876789347788456e-03 7.593600920117767397e-03 7.546482506888694403e-03 7.929015570641236715e-03 7.825618390981748176e-03 7.728986949558002729e-03 7.783484745002371662e-03 7.929937460583692463e-03 7.681690994481012863e-03 7.777739268961793469e-03 7.640653125919024194e-03 7.880040569570017500e-03 7.680930089512211754e-03 7.727233976839695088e-03 7.544789520199757064e-03 7.826872517696288958e-03 7.683029777835869573e-03 7.727922197550208747e-03 7.384467186674066423e-03 7.345957995330425032e-03 7.503937306441600848e-03 7.828465774530552271e-03 7.637721658114342629e-03 7.685153065328871776e-03 7.689128760224069395e-03 7.824439052683734852e-03 7.979706411088480569e-03 7.682867544572369312e-03 7.827048313834733886e-03 7.930254850144057011e-03 7.547056813992728160e-03 7.984571494175607756e-03 7.774823747922398644e-03 7.589586983557866824e-03 7.774869792117537586e-03 7.543144508623902435e-03 7.637159423656057419e-03 7.986683683053651464e-03 7.551670910172583046e-03 7.589636078645880038e-03 7.779929835560687144e-03 7.877332583997852591e-03 7.646390049813246714e-03 7.726851165723016765e-03 7.682121610208394319e-03 7.679285370108363332e-03 7.588381670860680321e-03 7.639112324204396821e-03 7.507482670470667918e-03 7.551311768210973788e-03 7.726438194873296722e-03 7.639256111138682977e-03 7.776633363164683031e-03 7.546611735209233715e-03 7.550951674159780275e-03 7.777280248301456783e-03 7.462857964477879330e-03 7.824448856483237971e-03 7.505171394314633614e-03 7.588384817101823804e-03 7.679707252135787969e-03
7.817383284931719509e-03 7.873450165467386908e-03 7.727731371701389990e-03 7.920973766635714536e-03 7.822911034677748621e-03 7.919391305903531256e-03 7.825253407640831577e-03 7.829914467405761982e-03 0.000000000000000000e+00 7.772719153968992052e-03 7.521342029897831044e-03 7.968080095838565163e-03 7.967555177458628818e-03 7.774627758482885106e-03 7.925174433168228824e-03 7.696626409844477615e-03 7.733654849255013931e-03 7.773577201288109709e-03 8.023601656555617162e-03 7.780885068080205073e-03 7.647564442364105340e-03 7.774081131372452373e-03 7.820370249604649548e-03 7.731767407854845016e-03 7.559689701640092893e-03 7.774703139003225592e-03 7.736489830724643628e-03 7.921480619536694356e-03 7.915679972981537471e-03 7.780600135577036940e-03 7.923508644446658478e-03 7.917295162807676603e-03 7.910647625796530732e-03 8.018055181553452454e-03 7.775391545587817532e-03 7.925503236931126169e-03 7.641226007099219744e-03 7.522744798451211010e-03 7.966790621296897246e-03 7.820944540808106443e-03 7.923527588962000351e-03 7.878646633136822050e-03 7.559182574056150065e-03 7.973417129056902322e-03 7.831372611451297219e-03 7.866403661052854060e-03 7.823812580654938495e-03 7.921456773578840205e-03 7.607222693410752717e-03 7.772276744373082975e-03 7.734215771057779271e-03 7.776524873968717645e-03 8.024297425182038562e-03 7.727901795165110534e-03 7.970106401950874733e-03 7.777743298172140780e-03 7.598299444127316719e-03 7.645758608235082854e-03 7.559878517991162894e-03 7.730167561769515049e-03 7.643366308468642518e-03 7.689937191887981187e-03 7.559376687919024292e-03 7.614781202128534550e-03 7.727267596900385359e-03 7.925415203360113361e-03 7.967969029778622370e-03 7.968825648277489543e-03 7.686374836742616325e-03 7.641711948277786839e-03 8.019838706956557151e-03 7.919645941157632194e-03 7.819491947271021634e-03 7.874795973681403272e-03 8.020558543445218194e-03 7.776304080821360397e-03 7.869380222105978179e-03 7.734471308665461821e-03 7.971528772557648357e-03 7.777178836302546354e-03 7.822606925425685045e-03 7.646416822832806728e-03 7.821946003990601012e-03 7.776114839605446569e-03 7.820193676108188122e-03 7.482620975734106082e-03 7.442875440059563280e-03 7.601389636957000227e-03 7.917342750295115056e-03 7.732893819898012562e-03 7.771409073336250223e-03 7.689610626754919166e-03 7.915190071117713180e-03 8.069799037673771117e-03 7.777376890877982403e-03 7.917653237440553521e-03 8.019313878629970999e-03 7.645621184343000080e-03 8.070991161337390946e-03 7.862861177169593735e-03 7.685684167072869347e-03 7.866307913633248383e-03 7.637953503824190978e-03 7.732276605892664766e-03 8.072728988277216508e-03 7.649981547333982099e-03 7.685704804150960030e-03 7.874482854744955726e-03 7.965255287793526068e-03 7.738315373500605394e-03 7.819237954581885475e-03 7.771900432435661921e-03 7.770398564560870684e-03 7.684444236753368990e-03 7.732920501267359983e-03 7.605109072994002857e-03 7.646600322948031089e-03 7.918375138135664432e-03 7.732508487475953617e-03 7.871361299719716390e-03 7.737856120721709093e-03 7.559425118764826791e-03 7.775790772250273583e-03 7.559753780547383457e-03 7.916710627617212087e-03 7.601085384144639322e-03 7.778786217552185675e-03 7.774463543753116872e-03
7.667271725951979762e-03 7.823225663815241981e-03 7.576354906788608165e-03 7.774946927959492694e-03 7.576321365340965390e-03 7.773568888899307257e-03 7.772571270692998219e-03 7.681668218076261913e-03 7.772719153968992052e-03 0.000000000000000000e+00 7.364345001058857434e-03 7.815123184909658974e-03 7.824426008187937084e-03 7.626292486221410150e-03 7.779377840472125570e-03 7.542944694769899809e-03 7.581245183327484614e-03 7.718081238422457024e-03 7.878661447325182449e-03 7.634557219737162642e-03 7.497502289049580784e-03 7.622639768792264722e-03 7.769210050849177651e-03 7.580659686435597608e-03 7.400404203468958879e-03 7.628160323503984167e-03 7.583879219798100695e-03 7.775517974790826202e-03 7.770050391469190097e-03 7.629264413935961213e-03 7.777660453947242251e-03 7.771443546520081201e-03 7.760851137685028343e-03 7.878159504913093136e-03 7.625703671212979463e-03 7.779615919728763776e-03 7.489578420306006352e-03 7.367051718923962357e-03 7.820378835509596629e-03 7.669127408062143512e-03 7.777506457379935144e-03 7.733207270822212501e-03 7.400209180981004962e-03 7.724965360537498597e-03 7.581605551221365369e-03 7.718960489508383017e-03 7.773103626312010024e-03 7.775430123459101291e-03 7.451531293374260602e-03 7.618906924077964264e-03 7.583251482371234156e-03 7.626918183228018587e-03 7.879392462756238530e-03 7.576731928006380686e-03 7.825468473372761483e-03 7.629872148850679395e-03 7.441755989787602124e-03 7.489050585829057707e-03 7.403933564950797644e-03 7.670523589852408508e-03 7.491292823671316138e-03 7.536060428285263832e-03 7.401718500759006149e-03 7.368838258209224785e-03 7.576360510624620577e-03 7.779580893960494521e-03 7.821466198606932124e-03 7.921869199125134570e-03 7.536041835212817577e-03 7.491531235234246203e-03 7.876445550020528402e-03 7.773765005509159290e-03 7.672521636938056840e-03 7.727523652806759201e-03 7.879003085844127688e-03 7.624964894353526701e-03 7.721908077309445721e-03 7.585250511019609419e-03 7.826947754133903659e-03 7.625764140040533143e-03 7.672489577234480052e-03 7.582401755600781494e-03 7.669757382912117082e-03 7.622665138805184183e-03 7.671373761887451126e-03 7.322902581768906544e-03 7.288305658989990311e-03 7.448436742467651715e-03 7.771473095850895026e-03 7.581965483217045776e-03 7.625070618775370637e-03 7.537500454384395490e-03 7.765661608825932469e-03 7.927610322001300489e-03 7.627617305090013747e-03 7.769940626199617686e-03 7.874009430978443427e-03 7.492089093509550317e-03 7.930728801865061933e-03 7.717283726735443654e-03 7.534891516875284918e-03 7.715349834403020454e-03 7.577047210038545533e-03 7.581178908917147324e-03 7.932710783680676711e-03 7.496660108989817647e-03 7.528543121021085902e-03 7.725824404698398984e-03 7.824359968794216205e-03 7.589222709969161221e-03 7.670464531049242876e-03 7.623641394251676889e-03 7.622231580308370079e-03 7.531943555400040340e-03 7.581907138185611968e-03 7.536987772351012339e-03 7.491622249936824574e-03 7.668533045481000857e-03 7.581737019728649989e-03 7.720698289386890983e-03 7.491361935496337714e-03 7.398955503771146788e-03 7.624209008578877039e-03 7.400544605384252496e-03 7.768921190828169052e-03 7.447780849924473881e-03 7.528999381008595962e-03 7.621169003007580850e-03
7.412742451200915114e-03 7.562048247595678369e-03 7.314502053709319614e-03 7.523617651235401348e-03 7.401829620516451116e-03 7.523777888816106374e-03 7.420940466008761095e-03 7.427265932659690532e-03 7.521342029897831044e-03 7.364345001058857434e-03 0.000000000000000000e+00 7.556866926225045203e-03 7.575103082971748961e-03 7.369370455619714787e-03 7.620523738833191382e-03 7.363857859264296563e-03 7.320982532895946304e-03 7.363599946657807017e-03 7.634967710819170333e-03 7.464621482806585787e-03 7.232646748795043025e-03 7.364001319526836641e-03 7.418822015147790404e-03 7.320326583681829695e-03 7.129688246390559342e-03 7.371701552448360097e-03 7.413169379800289144e-03 7.525721543203496046e-03 7.521604758259605589e-03 7.376039824101876183e-03 7.524810158272303949e-03 7.519730214993020426e-03 7.514195047380850534e-03 7.631241401185249497e-03 7.365671196105912609e-03 7.527115531592840081e-03 7.224305682124904614e-03 7.094893469443156776e-03 7.574159745411426607e-03 7.416084961711049209e-03 7.524848871896903414e-03 7.568205176785635334e-03 7.133697392167090943e-03 7.473210280219398996e-03 7.322855581522792236e-03 7.466428625652029097e-03 7.421277978477242368e-03 7.525602114171734726e-03 7.186348337864331519e-03 7.362292746393482058e-03 7.406362056276085022e-03 7.373466193514461794e-03 7.634111394065825826e-03 7.316296180160988469e-03 7.574681558339400531e-03 7.373242037054250630e-03 7.174290033836268690e-03 7.227221907857561516e-03 7.133189493435736564e-03 7.319888787509998274e-03 7.225029792825935979e-03 7.357609592350025998e-03 7.135386996670382148e-03 7.093047570816615223e-03 7.315961771212969519e-03 7.528437824216816128e-03 7.573827573413805143e-03 7.574924778172692323e-03 7.273349762090756086e-03 7.227973048813904691e-03 7.630954844218847295e-03 7.520551079767597361e-03 7.416444946279287034e-03 7.471033136530617728e-03 7.632057325579499375e-03 7.368011351630730441e-03 7.466455932089249847e-03 7.409775391258561529e-03 7.577649472231372599e-03 7.367405751723113926e-03 7.417667876480858562e-03 7.228069785539917996e-03 7.418677374216019541e-03 7.367849456693673429e-03 7.418515308552121879e-03 7.047998341334482143e-03 7.091009035515254480e-03 7.179853781095820765e-03 7.520153111080605558e-03 7.318418376478667831e-03 7.368392262644313934e-03 7.275161859790759897e-03 7.515859097673656224e-03 7.684426792929256386e-03 7.367339868248985388e-03 7.516464309276672459e-03 7.630456392468433491e-03 7.222364965270408957e-03 7.685990874093728137e-03 7.464848640817037077e-03 7.273666261572673056e-03 7.554270135896229248e-03 7.220957517521382589e-03 7.323989767271425581e-03 7.689896541042988941e-03 7.229124904082757409e-03 7.270281285152452831e-03 7.473550914090416886e-03 7.576481440363862056e-03 7.416031453863462450e-03 7.414523645871994896e-03 7.365309780934169333e-03 7.365287278001285930e-03 7.269010832457449556e-03 7.409373371475248479e-03 7.181938715534026685e-03 7.312494731791779196e-03 7.413987593779721059e-03 7.321320924730121554e-03 7.471632402204693782e-03 7.223618325844605864e-03 7.133781416518065327e-03 7.367358510864370838e-03 7.213874472105447078e-03 7.520467648209509803e-03 7.178167891897320810e-03 7.267463444695202585e-03 7.364560697319802625e-03
7.764956310838785208e-03 7.816248184414609917e-03 7.674049732910421216e-03 7.867645358346775364e-03 7.668867765895064602e-03 7.868030959626199500e-03 7.769292793975596766e-03 7.775620873343477846e-03 7.968080095838565163e-03 7.815123184909658974e-03 7.556866926225045203e-03 0.000000000000000000e+00 7.916195563772923313e-03 7.721299691324185442e-03 7.870351625977860949e-03 7.639685868542577495e-03 7.776141200088381930e-03 7.717057012731066458e-03 7.969480609679932548e-03 7.727974752337509433e-03 7.592950327376311176e-03 7.719293304284075702e-03 7.764263232799753847e-03 7.674791490343942785e-03 7.502834199375190728e-03 7.725045536790853783e-03 7.678080426640840166e-03 7.868009290182317872e-03 7.864412632253039298e-03 7.727645357798960599e-03 7.868421560166349513e-03 7.864028407267086712e-03 7.956197103539418281e-03 7.969142476303446576e-03 7.722478728280418245e-03 7.872111658197459422e-03 7.586882592626070267e-03 7.466839544868123131e-03 7.911897915645288090e-03 7.765117481100946607e-03 7.870123551857444860e-03 7.824769562484528221e-03 7.499064108711165667e-03 7.818249886820572911e-03 7.677247153565590690e-03 7.812460118130856029e-03 7.771502862077526129e-03 7.867947070784015937e-03 7.552696399523344331e-03 7.717537175651093505e-03 7.677473921328676308e-03 7.725398561486449857e-03 7.972023806459871062e-03 7.674424994673943040e-03 7.917297456921002993e-03 7.726469210646827804e-03 7.541782217769341969e-03 7.589695827792970924e-03 7.499434554228414165e-03 7.673361655793576631e-03 7.588835196585606672e-03 7.632800714566125369e-03 7.502018332663114124e-03 7.466666612117696215e-03 7.769714483521487219e-03 7.872057270651161218e-03 7.915097855656874626e-03 7.910516983808350139e-03 7.634336561488872137e-03 7.588877601612759559e-03 7.967445926516152077e-03 7.866365413559025729e-03 7.766847300625839660e-03 7.821041697306985521e-03 7.968141059276647592e-03 7.718207598676705798e-03 7.813689937081732054e-03 7.679369621697506969e-03 7.916703364959207581e-03 7.720760371384239457e-03 7.768236410666962653e-03 7.588666904318045782e-03 7.765900174901769343e-03 7.721355999358320982e-03 7.765789375338711005e-03 7.423257626902960045e-03 7.386574719739503157e-03 7.543087170754520301e-03 7.864078799270941139e-03 7.677886828187014713e-03 7.723501965393534882e-03 7.635778236347773133e-03 7.861806174847512166e-03 8.017775790580281350e-03 7.720900134009136412e-03 7.864330064932631426e-03 7.965087630587602135e-03 7.589307115475155477e-03 8.020916620601083874e-03 7.910110572819749677e-03 7.631600873351043063e-03 7.810925976046216752e-03 7.676793644621389585e-03 7.678728814746193371e-03 8.129603105682867842e-03 7.594083614676784035e-03 7.628366559122400428e-03 7.818923230801041666e-03 7.916156716332202470e-03 7.683346676497861821e-03 7.764820484703248427e-03 7.720424387634052497e-03 7.719078495694141860e-03 7.628639873415033433e-03 7.676163052695360832e-03 7.545162647323829311e-03 7.587289197198724029e-03 7.757237972443925024e-03 7.679185441656517612e-03 7.815711285742621764e-03 7.587025358291265426e-03 7.501015554956006262e-03 7.720935328889560502e-03 7.502977655321364965e-03 7.863408453878352120e-03 7.547780516270701130e-03 7.623902011323931485e-03 7.717948915892012922e-03
