0.000000000000000000e+00 8.292296276952893994e-03 8.296294320463913283e-03 8.387408482559692569e-03 8.296596266522756821e-03 8.137341396401964397e-03 8.428812171367055031e-03 8.429219426773966808e-03 8.298875948986204551e-03 8.387764929492424679e-03 8.257228832742574687e-03 8.298088188951054794e-03 8.257509279667452073e-03 8.129992585569158214e-03 8.221680618686702871e-03 8.383690574202377552e-03 8.388093017428538758e-03 8.424461995667433326e-03 8.433427218695131733e-03 8.206978715449324974e-03 8.295090119778599988e-03 8.220803432088948440e-03 8.065832324112806248e-03 8.383216446618225667e-03 8.516548891822727299e-03 8.218668514489329766e-03 8.304952925344815523e-03 8.300119521589264734e-03 8.428329624238114354e-03 8.386334641516729124e-03 8.428288218030944787e-03 8.569946474068463466e-03 8.348126367895279329e-03 8.225579626392615085e-03 8.394467002534936745e-03 8.434871037644404990e-03 8.392818117135157283e-03 8.433362845242670797e-03 8.304036278744084121e-03 8.259526511212192043e-03 8.392552494876078656e-03 8.387940993482391819e-03 8.185208854860633043e-03 8.225716110696449507e-03 8.306416613545027777e-03 8.348730181908807849e-03 8.346463360670731274e-03 8.393489223580026526e-03 8.309006039907454802e-03 8.261502533116077754e-03 8.182219182368432112e-03 8.265296793117092936e-03 8.182557732008367141e-03 8.674424700532971932e-03 8.180140173999039810e-03 8.350019545333577098e-03 8.575715713109440669e-03 8.262363578699079975e-03 8.303233487153630077e-03 8.431784419425603083e-03 8.306499863132588146e-03 8.142413924774050127e-03 8.350095047639845280e-03 8.220686537031098029e-03 8.224014021816274458e-03 8.307690549547865067e-03 8.305807528375060839e-03 8.434139109218573641e-03 8.527294270346720204e-03 8.303334384526989131e-03 8.066061122792209798e-03 8.348035395232223863e-03 8.265276937154595466e-03 8.222243188885265675e-03 8.222869639717040463e-03 8.574082231203532245e-03 8.303953113543838596e-03 8.436713227019549191e-03 8.303663489340966375e-03 8.347610928136954545e-03 8.389094048818900029e-03 8.390067736324998554e-03 8.307019478649512942e-03 8.392508422670610230e-03 8.181177502137570653e-03 8.303252977789303199e-03 8.349047473495983807e-03 8.349684662970313642e-03 8.433879287110777889e-03 8.261904236359295453e-03 8.388766292786037360e-03 8.262394093554023197e-03 8.262022485841987243e-03 8.436379574744034410e-03 8.222472641522161549e-03 8.388275009331289805e-03 8.302435428564975545e-03 8.262817974896646475e-03 8.341935940057273319e-03 8.476637038031671970e-03 8.390005009743984124e-03 8.344887046271873970e-03 8.219791985791832442e-03 8.299925587189586548e-03 8.525041431080519067e-03 8.387069881309973385e-03 8.389268813086927720e-03 8.525987379492424093e-03 8.219761489159900861e-03 8.261505781145659158e-03 8.182649248439803624e-03 8.478913314736919934e-03 8.301253988107415091e-03 8.258885816422933263e-03 8.345387735218328176e-03 8.431041859297072963e-03 8.477859057027321149e-03 8.302207006965279731e-03 8.478479764513649139e-03 8.436920524193241427e-03 8.477555975972970309e-03 8.433881688215199082e-03 8.219189839354835644e-03 8.303184919092461772e-03 8.219274321067166281e-03 8.098828922652885273e-03 8.388795720536149081e-03 8.218505324761924899e-03
8.292296276952893994e-03 0.000000000000000000e+00 8.201909310433430980e-03 8.207775685460577675e-03 8.203941825032402824e-03 8.043176603077234824e-03 8.336012155924447248e-03 8.335415882708765989e-03 8.203154848673987684e-03 8.387552360463644552e-03 8.250811761611517164e-03 8.202707648633513274e-03 8.164899590489079276e-03 8.036194519475963957e-03 8.124691520342114739e-03 8.203901664940295088e-03 8.297297037702919265e-03 8.328039845190912671e-03 8.251878442837135702e-03 8.198949654688965014e-03 8.293020082876856325e-03 8.125315470925683140e-03 7.887794271366235094e-03 8.289444244356500291e-03 8.522471351791694946e-03 8.123237997271262265e-03 8.210587834007994704e-03 8.293989231649815524e-03 8.334288679735324043e-03 8.293145960894917484e-03 8.335618136796828573e-03 8.476339199376957054e-03 8.258214742095469976e-03 8.133724229900692396e-03 8.303862315310528083e-03 8.346284851910917499e-03 8.303595368383017220e-03 8.344823678210469900e-03 8.214808687007949320e-03 8.168233297129330259e-03 8.303264348864710861e-03 8.298640615685809116e-03 8.093861631471585896e-03 8.133911353426497015e-03 8.215835929559975326e-03 8.258810321028634341e-03 8.256486368070187556e-03 8.305485861194009806e-03 8.218518412606947918e-03 8.170218126577344017e-03 8.089693832242061955e-03 8.174031142415043305e-03 8.089994226674555519e-03 8.589273467693383721e-03 8.087557863033782019e-03 8.260101595597759208e-03 8.489200467362898947e-03 8.171127326403630070e-03 8.212588736732253161e-03 8.343146751065882299e-03 8.216002983519571368e-03 8.049224949846873686e-03 8.260174476530256563e-03 8.130128486016635278e-03 8.132202234744432059e-03 8.217192364900968715e-03 8.215248428350443305e-03 8.345571254763439056e-03 8.440123189391775596e-03 8.212731990102270160e-03 7.970471736896109910e-03 8.258143209832289472e-03 8.174090813717938692e-03 8.130373467981876975e-03 8.132173042587538883e-03 8.487574318618297878e-03 8.214532960881116078e-03 8.348160256957445208e-03 8.213062799997249142e-03 8.257667250508060261e-03 8.299852545550212568e-03 8.299527310307081365e-03 8.216491825347062641e-03 8.303299289678715139e-03 8.088667178445509143e-03 8.212669112142915312e-03 8.259263228763708692e-03 8.259802341878619281e-03 8.345319469668694909e-03 8.170669629209410464e-03 8.299523031672195739e-03 8.171250311692735552e-03 8.169540870533812879e-03 8.347836524417649035e-03 8.130592853318546753e-03 8.298974762812773645e-03 8.211848465751915224e-03 8.171611166296803216e-03 8.251949536208384728e-03 8.388680145716783179e-03 8.300761261217017017e-03 8.254944488347171899e-03 8.129270742872899552e-03 8.209284624340678835e-03 8.437800447916973118e-03 8.297781742185398809e-03 8.300030532030398811e-03 8.438867745894607433e-03 8.126613248642552273e-03 8.170255545786455492e-03 8.090131420323302611e-03 8.391031221826347405e-03 8.210600179944150048e-03 8.167689026399534147e-03 8.255471130444962460e-03 8.342401792304400196e-03 8.389971089384917410e-03 8.211569103152035684e-03 8.390587175805356082e-03 8.348384415359070415e-03 8.389630339832417766e-03 8.345296671300106092e-03 8.126043390329795724e-03 8.212591794848350321e-03 8.127376623788101426e-03 8.004944204252449971e-03 8.299563255118649549e-03 8.126573821614800283e-03
8.296294320463913283e-03 8.201909310433430980e-03 0.000000000000000000e+00 8.124173550335719862e-03 8.118914023335541477e-03 7.951932374112267304e-03 8.251083947606331279e-03 8.249115893595889565e-03 8.115166187357317207e-03 8.300580827420111704e-03 8.079800123922713934e-03 8.114686853206260278e-03 7.993515406491168498e-03 8.032464735160461597e-03 8.036951151396883389e-03 8.203627842923265703e-03 8.206600339039232112e-03 8.246849167132483741e-03 8.255686330066647552e-03 8.111087322419340689e-03 8.121744737960415184e-03 8.035077048688263335e-03 7.878247823755494053e-03 8.297375484603922158e-03 8.438461563969993501e-03 8.033126373405164236e-03 8.122809585167251392e-03 8.207247230720023795e-03 8.162562041313213210e-03 8.205049016034202461e-03 8.249268744385838265e-03 8.392938292871960151e-03 8.175531269901373591e-03 8.049235136558887532e-03 8.221940057519411607e-03 8.264851352059463321e-03 8.221582509350722906e-03 8.263441989593363693e-03 8.130196696988131397e-03 8.084266171038977794e-03 8.221257807734787953e-03 8.216541369793580254e-03 8.007694631865994520e-03 8.049498988882384382e-03 8.132556747426545121e-03 8.176154204485589633e-03 8.173815883177905015e-03 8.222341716824552171e-03 8.135339260120612662e-03 8.086288352757034156e-03 8.004672477502050923e-03 8.090154967941295266e-03 8.004864749117742220e-03 8.511112247204575751e-03 8.002380269174477756e-03 8.177482519682846909e-03 8.409718106959146455e-03 8.087252135104000539e-03 8.129283441689366674e-03 8.261700673104584516e-03 8.132780742876596219e-03 7.963465088619860882e-03 8.177554350740428094e-03 8.045675750886629313e-03 8.047730764112828034e-03 8.133863513975011714e-03 8.131914398356894849e-03 8.265434265854004064e-03 8.359940706856704845e-03 8.129372228067845152e-03 7.884689698897703880e-03 8.175442321774931131e-03 8.090161518242693778e-03 8.045799415692769449e-03 8.046513524458037692e-03 8.408043645545365888e-03 8.130105074154186581e-03 8.266711582266494940e-03 8.129711266191233521e-03 8.174990320580926423e-03 8.217710064584817994e-03 8.218766087148084501e-03 8.133185801791125921e-03 8.221222149538080087e-03 8.003457450153466865e-03 8.129310316070517684e-03 8.176585992307120257e-03 8.177139873402607118e-03 8.263816973431307999e-03 8.086695537954663102e-03 8.217393732838090478e-03 8.087291792849136962e-03 8.086831599994461287e-03 8.266382810240084297e-03 8.046023547163078105e-03 8.216869782207087206e-03 8.128438552895057845e-03 8.088915605953860347e-03 8.169142479910797630e-03 8.307816279618390060e-03 8.219954706487724028e-03 8.172176954345734129e-03 8.043356220833524847e-03 8.125858445930972396e-03 8.357644856387416721e-03 8.215629542683162631e-03 8.217873919098830568e-03 8.358751906378209667e-03 8.042110360977433592e-03 8.086273907258328952e-03 8.004943466541512495e-03 8.310289610423795062e-03 8.127215421279506205e-03 8.083815162607163249e-03 8.172675158241760746e-03 8.260893672862482801e-03 8.309182308162656877e-03 8.128177321623804297e-03 8.309726704610565992e-03 8.266922948658578241e-03 8.308758697596960521e-03 8.263889099268216867e-03 8.042797291987693539e-03 8.129193329583674424e-03 8.044016673671498113e-03 7.918445625843097482e-03 8.217515810097221832e-03 8.041926698614166105e-03
8.387408482559692569e-03 8.207775685460577675e-03 8.124173550335719862e-03 0.000000000000000000e+00 8.292082624666557295e-03 8.046393095367138440e-03 8.340186354808491048e-03 8.251948079529218549e-03 8.123964867792049169e-03 8.390391550327624265e-03 8.253997447120121206e-03 8.208034855031970042e-03 8.170678976336291990e-03 8.124675385415109155e-03 8.129001086059293654e-03 8.295940905835458637e-03 8.298982128527140206e-03 8.338628994384984783e-03 8.256070710447645927e-03 8.122515036636279370e-03 8.294790666765063103e-03 8.128304503289437294e-03 7.973830452277534328e-03 8.385904251287556316e-03 8.438021591759917520e-03 8.128733477333990876e-03 8.212297993289244605e-03 8.296920301646340881e-03 8.339684960479064324e-03 8.211943334227960606e-03 8.337181823451717336e-03 8.391399359698520008e-03 8.261227084536021739e-03 8.136914388548003099e-03 8.306945610109618683e-03 8.350555777997923854e-03 8.307818238147773870e-03 8.350306876984280383e-03 8.217878125023387118e-03 8.172613171370489427e-03 8.306288749777802558e-03 8.302906309749119237e-03 8.095985899380174489e-03 8.137152025055736926e-03 8.218954787600270262e-03 8.261912693538056573e-03 8.260807200240083414e-03 8.307337800567929365e-03 8.222908784125066220e-03 8.174625330093932690e-03 8.093001160820428863e-03 8.177182147932416170e-03 8.093239273102020501e-03 8.591999675102332881e-03 8.090828146371964458e-03 8.263165712871287441e-03 8.491990897807359315e-03 8.174233673740457021e-03 8.215674715469351366e-03 8.344831890036218808e-03 8.220469212165839798e-03 8.052529686569394329e-03 8.264541594165510444e-03 8.217592848037686207e-03 8.136422360959402050e-03 8.221351462501757384e-03 8.219410895814713985e-03 8.349675527284839902e-03 8.444117261127368976e-03 8.216912826527476496e-03 7.974822749929515522e-03 8.262257010652657857e-03 8.178298442336017285e-03 8.134612086700125644e-03 8.135239426777582730e-03 8.491571535762808959e-03 8.217538029526376062e-03 8.350952070983928832e-03 8.217226899673604062e-03 8.261864824611235905e-03 8.303940390711864877e-03 8.303646554071971927e-03 8.220684524198225429e-03 8.307401226777031897e-03 8.092933005562045687e-03 8.216866568585563801e-03 8.263375861228562311e-03 8.263963964594637709e-03 8.349394615732705707e-03 8.174878636312695249e-03 8.303624674356873195e-03 8.175424000024177421e-03 8.173714207181831046e-03 8.351909163148641541e-03 8.134826600991067191e-03 8.303092231268443396e-03 8.215988528454122933e-03 8.175756288810478306e-03 8.256062528690684757e-03 8.392698551492527512e-03 8.304816743845878577e-03 8.259053707742349676e-03 8.133482929728066274e-03 8.213427007178662753e-03 8.441786402021809674e-03 8.301862032057341287e-03 8.304109299630504926e-03 8.442834818515786155e-03 8.130845459206368503e-03 8.174424861230220399e-03 8.094387316596517862e-03 8.395083975626781853e-03 8.214739667670859988e-03 8.171840981380960531e-03 8.259580810839512593e-03 8.346452131190510576e-03 8.393971132920020548e-03 8.215726495159154583e-03 8.394604513697495954e-03 8.352429422556623129e-03 8.393648097780032416e-03 8.349359746095567913e-03 8.130291354718072183e-03 8.216732040129058959e-03 8.131553625117381168e-03 8.009234870810072113e-03 8.303659566279403270e-03 8.130774345273303338e-03
8.296596266522756821e-03 8.203941825032402824e-03 8.118914023335541477e-03 8.292082624666557295e-03 0.000000000000000000e+00 7.962819628044180351e-03 8.337662807101469883e-03 8.338319801588108676e-03 8.117590652154445946e-03 8.385279119864044728e-03 8.248854237211878521e-03 8.205429532751603444e-03 8.165404961093556541e-03 8.120555875072767507e-03 8.126242269959430345e-03 8.290673068194446757e-03 8.207173119035324899e-03 8.334712277265255223e-03 8.342349661002104386e-03 8.201824727442965160e-03 8.293547494215730911e-03 8.125691353860353336e-03 7.969739475281636953e-03 8.383477626749569200e-03 8.525695620993480398e-03 8.127358368794622770e-03 8.210992469982903580e-03 8.291681894130669209e-03 8.245815625205639085e-03 8.206739446805952701e-03 8.336011549449519678e-03 8.386197320253051257e-03 8.258825670207600375e-03 8.133017335316751126e-03 8.304528551074176132e-03 8.345482551325113588e-03 8.302761441656689168e-03 8.346754051132179719e-03 8.212749164042180972e-03 8.168950086662130072e-03 8.302557547601464513e-03 8.299318567236018546e-03 8.093490064531118355e-03 8.134575718531095526e-03 8.216540814734168627e-03 8.258068632084265490e-03 8.255784692870913807e-03 8.303571195295178509e-03 8.219188173012094770e-03 8.170868923230474243e-03 8.090380439550832678e-03 8.173384696517871709e-03 8.089412783864120132e-03 8.588358134637378433e-03 8.088306978205818398e-03 8.259388900521399957e-03 8.488316679261632275e-03 8.172888366999140827e-03 8.213229629552610406e-03 8.431326639525733857e-03 8.216699204741870211e-03 8.048606024575480355e-03 8.259488790067626499e-03 8.128266171500593551e-03 8.132678768909055306e-03 8.217670516421428026e-03 8.215787593071120429e-03 8.344683840273590600e-03 8.440583038385301648e-03 8.213249830066346110e-03 7.971031556581686939e-03 8.258620603254180487e-03 8.174591943168415045e-03 8.130880003314449461e-03 8.131551280577251420e-03 8.488046516543928249e-03 8.213881237840711669e-03 8.348684454101567426e-03 8.213566015717261096e-03 8.258199786796979053e-03 8.300347730483926406e-03 8.300036322268021516e-03 8.216987710359899624e-03 8.303792117927095984e-03 8.089178346610317524e-03 8.213166022770182484e-03 8.259727421859205249e-03 8.260293666039015756e-03 8.345808889052543089e-03 8.171191207907607321e-03 8.300016625960943140e-03 8.171743250953652365e-03 8.170067972515772381e-03 8.348327458401898910e-03 8.131137165951212928e-03 8.299503650216267722e-03 8.212262477932651475e-03 8.172045054428304922e-03 8.252394895451127879e-03 8.389107000755227292e-03 8.301236385848419219e-03 8.255370504379199587e-03 8.128404779115293646e-03 8.209717043287691196e-03 8.438244310354548611e-03 8.298219333363089645e-03 8.300451715181574042e-03 8.439240262348216698e-03 8.128288586242910993e-03 8.170710936531886195e-03 8.090608558167768083e-03 8.392871556960482607e-03 8.211103257135352051e-03 8.168096911414493913e-03 8.255878965079512313e-03 8.342855819592601835e-03 8.390347647550240248e-03 8.212071133874615861e-03 8.390998402761794608e-03 8.348815099570928641e-03 8.390078457877139448e-03 8.346961455847432682e-03 8.127858376024508363e-03 8.213040873783074985e-03 8.127815683932611973e-03 8.005418252090192727e-03 8.300019554720389908e-03 8.127015015902804701e-03
8.137341396401964397e-03 8.043176603077234824e-03 7.951932374112267304e-03 8.046393095367138440e-03 7.962819628044180351e-03 0.000000000000000000e+00 8.092257962428843487e-03 8.091414935115216062e-03 7.874052501340348884e-03 8.144022791887689863e-03 7.921083667744809736e-03 7.953730961284738443e-03 7.913171592196885373e-03 7.867128702380229641e-03 7.872687860977962276e-03 8.045044858292592707e-03 8.048051185524547624e-03 8.089147678831518432e-03 8.098091410375742039e-03 7.871140685779220297e-03 8.045064190012760075e-03 7.870803850827993997e-03 7.709833081490704079e-03 8.139505215683363534e-03 8.200262834448180521e-03 7.870003727590557663e-03 7.960808369050558983e-03 8.046155030233530236e-03 8.090353813999823923e-03 8.046481858172903692e-03 8.090500149273389258e-03 8.238796345364299278e-03 8.019683047662857708e-03 7.889936735666949405e-03 8.067354013988234721e-03 8.111341131727938664e-03 8.068141979575737394e-03 8.111127540679489989e-03 7.974395653402585951e-03 7.925881562353992438e-03 8.067796283598877363e-03 8.061728002839791546e-03 7.847291549350364839e-03 7.890281401132043237e-03 7.975515852082065357e-03 8.020321048179982967e-03 8.017867789807335555e-03 8.069014644914098908e-03 7.978416800746230067e-03 7.927978180511441320e-03 7.844158673526556089e-03 7.931958326336698353e-03 7.845484557985109297e-03 8.363673861084369027e-03 7.841743485497291652e-03 8.022913199398020237e-03 8.259827424749685912e-03 8.009778391163164743e-03 7.973406342292833557e-03 8.109320067006665564e-03 7.975801635994478681e-03 7.802935457141803137e-03 8.021698682586484580e-03 7.885127859590598809e-03 7.889417086977507793e-03 7.977904293353769299e-03 7.975986323587988883e-03 8.111787550437567565e-03 8.209902715906075565e-03 7.973279761749465372e-03 7.721595293028717111e-03 8.020588983632130978e-03 7.932957397121888354e-03 7.887351178230703544e-03 7.888177711708117476e-03 8.259207128547692636e-03 7.974105659063925391e-03 8.114342443880824540e-03 7.973628317283515399e-03 8.018924066562460595e-03 8.064008297473322998e-03 8.065082788268659875e-03 7.977175290149901912e-03 8.067614724640499377e-03 7.843807772596959882e-03 7.973215698394616954e-03 8.021894029315326108e-03 8.022345073786090255e-03 8.111322042469970919e-03 7.929402567860609555e-03 8.063705195945238338e-03 7.930094915628597627e-03 7.929584556414924490e-03 8.113952526729769840e-03 7.887603519665815563e-03 8.063167800159259588e-03 7.970263070854475065e-03 7.928399799801106457e-03 8.013336909396545291e-03 8.155509712260854485e-03 8.065577022872799998e-03 8.015132867694622215e-03 7.882865837575482246e-03 7.967567679773732148e-03 8.205320498055383716e-03 8.061040548500809227e-03 8.062049001954346358e-03 8.206470333072486689e-03 7.962878786354913099e-03 7.928265855275845250e-03 7.843432740104462966e-03 8.159427209941656420e-03 7.971506598208858915e-03 7.924528490908376577e-03 8.015697419977790839e-03 8.106131666850506165e-03 8.155717338582255810e-03 7.972511030130424031e-03 8.156219786255114110e-03 8.113644779772340165e-03 8.156604508778255228e-03 8.194791381416361917e-03 7.882337857460524136e-03 7.972353604371673966e-03 7.882271128393488271e-03 7.755654751225753325e-03 8.064273444524204179e-03 7.881362943944102833e-03
8.428812171367055031e-03 8.336012155924447248e-03 8.251083947606331279e-03 8.340186354808491048e-03 8.337662807101469883e-03 8.092257962428843487e-03 0.000000000000000000e+00 8.379927316134704041e-03 8.252166643162786933e-03 8.342191154458777902e-03 8.210958266149856466e-03 8.250301496872629661e-03 8.209485723024609674e-03 8.169891977661316793e-03 8.087049931193118074e-03 8.333883957037400980e-03 8.340657716080576364e-03 8.376210415033143522e-03 8.296660337447588074e-03 8.249477918342245850e-03 8.339153525580593126e-03 8.087710572337838272e-03 8.017520193561248829e-03 8.337832500181359754e-03 8.564697859002899649e-03 8.085599457465189599e-03 8.170219289043045841e-03 8.340042776707020517e-03 8.380047134218271757e-03 8.250196935186046229e-03 8.377519852889541915e-03 8.428493801900395488e-03 8.302146344430072836e-03 8.178606820455205234e-03 8.348867297532411302e-03 8.389617076634251283e-03 8.347200307240489059e-03 8.388060623249668155e-03 8.259091756294148490e-03 8.212843187924643781e-03 8.346913643890098433e-03 8.342287255940397661e-03 8.137904320228303567e-03 8.179984273350775562e-03 8.260067289362882023e-03 8.302734733384902269e-03 8.300483977136986768e-03 8.347883889531755933e-03 8.263983338358068045e-03 8.214814688235674150e-03 8.134941477977140206e-03 8.218640504127827304e-03 8.135233520838404050e-03 8.630934025355798886e-03 8.132779653442964371e-03 8.304069864717582988e-03 8.531476894907458544e-03 8.215650958646771029e-03 8.256860944169780100e-03 8.385113128089941026e-03 8.261675566788072647e-03 8.094783473134394003e-03 8.304144872991650606e-03 8.175003394285977262e-03 8.178282443259249010e-03 8.261404404488944045e-03 8.259552617705692018e-03 8.388878862271631487e-03 8.482713322006207521e-03 8.257014718008324691e-03 8.017792011187026280e-03 8.302068147681680374e-03 8.218654005590089739e-03 8.175256779276326297e-03 8.175889859746141020e-03 8.529828577773257772e-03 8.257675789625575774e-03 8.391431849121021302e-03 8.257328534176357204e-03 8.301643166699087736e-03 8.343444290086841908e-03 8.344422050061967369e-03 8.260729488129997869e-03 8.346886623174570516e-03 8.133860939807968995e-03 8.256916873198327442e-03 8.304384979942819323e-03 8.303729728003677452e-03 8.388592984555126933e-03 8.215238758513661310e-03 8.343098248952547993e-03 8.217023044382806840e-03 8.215352644912946381e-03 8.391095048833001335e-03 8.175507643568320423e-03 8.342620851692040054e-03 8.255035446087660711e-03 8.215117826428523784e-03 8.294847584806473370e-03 8.430488494437929706e-03 8.344581492018419283e-03 8.297798267831030250e-03 8.173103898294476269e-03 8.252509164194180707e-03 8.480687297237587616e-03 8.340346207078771015e-03 8.343908468433705594e-03 8.481627104237816558e-03 8.170431940271916452e-03 8.213785745213477221e-03 8.134356247591970068e-03 8.434182045376268852e-03 8.253814142214778091e-03 8.299697904154907172e-03 8.298300146918546547e-03 8.384591976738896626e-03 8.433052223769773453e-03 8.254738821848621455e-03 8.432418847867778275e-03 8.391870566729771677e-03 8.431412274525446754e-03 8.387378711035625364e-03 8.172452313340440588e-03 8.255752534860587993e-03 8.172521156725693486e-03 8.051119852325113943e-03 8.343315584254551442e-03 8.170489322125497680e-03
8.429219426773966808e-03 8.335415882708765989e-03 8.249115893595889565e-03 8.251948079529218549e-03 8.338319801588108676e-03 8.091414935115216062e-03 8.379927316134704041e-03 0.000000000000000000e+00 8.249013602362985365e-03 8.429509583294931413e-03 8.297768294264358177e-03 8.248267538375955027e-03 8.212518049768658193e-03 8.169229322608573610e-03 8.087756120914659994e-03 8.338423308552233432e-03 8.256631613834778533e-03 8.377023488986237720e-03 8.297191566587334977e-03 8.247454887327827083e-03 8.249479334530547894e-03 8.084314861256321899e-03 8.018131586120916948e-03 8.426408783212406203e-03 8.472711759051428440e-03 8.169632267246118920e-03 8.169480664112294468e-03 8.338064392639640485e-03 8.379413394696940548e-03 8.338343081725620859e-03 8.288294327259545721e-03 8.520517010848842679e-03 8.302446253720174862e-03 8.178931597699935080e-03 8.347808589747564983e-03 8.389915543388921926e-03 8.347522541994559925e-03 8.388445725299217837e-03 8.259391785301958486e-03 8.213201293777181236e-03 8.347214457947239527e-03 8.342586044362951606e-03 8.138215098052349952e-03 8.180359920010699462e-03 8.260390718319354786e-03 8.303057535803796269e-03 8.300821822305468403e-03 8.348197147731469328e-03 8.264300289806255848e-03 8.215157746662741026e-03 8.136487612876634398e-03 8.218961407196079261e-03 8.135560564620064258e-03 8.631204197883830809e-03 8.133107385136385120e-03 8.304372940747688919e-03 8.531787263308075742e-03 8.215990475366067095e-03 8.257183276842239641e-03 8.385409248189970230e-03 8.260572127791439637e-03 8.095111617457094455e-03 8.304465801938765851e-03 8.176652889960871889e-03 8.177434127536600122e-03 8.261785242128933879e-03 8.259870846655668203e-03 8.389199174220785329e-03 8.483070258042946926e-03 8.257373817487523998e-03 8.016951490279297654e-03 8.302424548761892786e-03 8.219032165164943601e-03 8.175635256065801049e-03 8.176247248485896124e-03 8.530184934939462338e-03 8.257981700048069168e-03 8.391771392184450840e-03 8.257668008142779112e-03 8.301984988432382917e-03 8.343805162147666099e-03 8.343442432745522969e-03 8.261072960468608672e-03 8.347243374273316183e-03 8.134238535718518390e-03 8.257295076762084102e-03 8.304760468975368529e-03 8.304053074103756593e-03 8.388951520676386081e-03 8.215617136473689699e-03 8.343476414020892934e-03 8.217395124130374984e-03 8.214427947964923413e-03 8.391452061628492873e-03 8.175868210690157359e-03 8.342964058733201918e-03 8.256438489856835275e-03 8.216470553926203541e-03 8.296249465795267272e-03 8.431966364955913520e-03 8.344676264030213148e-03 8.299203902932457758e-03 8.174497637605382741e-03 8.253908833078466359e-03 8.480769791729011325e-03 8.341735092565080029e-03 8.343990614169802603e-03 8.481778837274037142e-03 8.171864762507549326e-03 8.215163674089122348e-03 8.135715871057179471e-03 8.435611087997970867e-03 8.255213072557155557e-03 8.212633335215263966e-03 8.299746896824847231e-03 8.386044854387656594e-03 8.433250048217606765e-03 8.256193601336002039e-03 8.433879050629261229e-03 8.391949483904776602e-03 8.432909186273842422e-03 8.388886942857054496e-03 8.172513273595931674e-03 8.257176148686349443e-03 8.172562330529112296e-03 8.051173379594220650e-03 8.344777691989211862e-03 8.171821291339103135e-03
8.298875948986204551e-03 8.203154848673987684e-03 8.115166187357317207e-03 8.123964867792049169e-03 8.117590652154445946e-03 7.874052501340348884e-03 8.252166643162786933e-03 8.249013602362985365e-03 0.000000000000000000e+00 8.300429528426246997e-03 8.164748521982621507e-03 8.117028462341042278e-03 8.076491030563934942e-03 8.033712638438895645e-03 8.035603043751398875e-03 8.206054455300126546e-03 8.123071605330248537e-03 8.248026225106780754e-03 8.253097228952606043e-03 8.113690510293298727e-03 8.207524391697492913e-03 8.036227357806333127e-03 7.879453643001041105e-03 8.299904375679739363e-03 8.439988957910090489e-03 8.037929346258016264e-03 8.122668451379011847e-03 8.122473513149651089e-03 8.246487746288829607e-03 8.203561219743865304e-03 8.165137979174034652e-03 8.303249727930311908e-03 8.174437484220661507e-03 8.048186055932863084e-03 8.222212243734336110e-03 8.265155691236033414e-03 8.220451673239741880e-03 8.350551725055135183e-03 8.129185538887109125e-03 8.083272545817978341e-03 8.220143257862242911e-03 8.215519483566878500e-03 8.007986259450962374e-03 8.049784174483168298e-03 8.132876763201516562e-03 8.176420215235536207e-03 8.172771420316278859e-03 8.222608941173594962e-03 8.135660476831547624e-03 8.085274679653959781e-03 8.006194056792644703e-03 8.089108138350053004e-03 8.003861111861944322e-03 8.509841145065921708e-03 8.001389886519194236e-03 8.176414544291537093e-03 8.408582364759177238e-03 8.087293287145207524e-03 8.128175401970508598e-03 8.262009348130290934e-03 8.133129942302703974e-03 7.962460440076597756e-03 8.177852763461578023e-03 8.045974218918441542e-03 8.047830706666521047e-03 8.134058753982542633e-03 8.132111549763888086e-03 8.264326756415899325e-03 8.360091124974463120e-03 8.129533098196830426e-03 7.883670112994126816e-03 8.175582046515104950e-03 8.090325725708297916e-03 8.045964420722711077e-03 8.046664733554590582e-03 8.408211283919907186e-03 8.130218537461354755e-03 8.266867361372772643e-03 8.129852456817014683e-03 8.175134455659394464e-03 8.217886017068841767e-03 8.217604724753730869e-03 8.133327918174984919e-03 8.221378806172659551e-03 8.003638861360518053e-03 8.129489573663170945e-03 8.176785104665877310e-03 8.177260967863277802e-03 8.263989183726942744e-03 8.086877886522014780e-03 8.217549302111210388e-03 8.087493471623161817e-03 8.085728298606332728e-03 8.266539842520539277e-03 8.046206273222585373e-03 8.217011212767320882e-03 8.128530272616724464e-03 8.087786892546675044e-03 8.169248112360572717e-03 8.307910000909968229e-03 8.218873767132693978e-03 8.172264298729442489e-03 8.043542525340015292e-03 8.125949889678980159e-03 8.357703242779511085e-03 8.215732089752776288e-03 8.217993995611034413e-03 8.358779905452657505e-03 8.044625868415882300e-03 8.086368094283282598e-03 8.005074385356598238e-03 8.311731838324808164e-03 8.127374135618436329e-03 8.083831747828717010e-03 8.172781016670353088e-03 8.260994603548316162e-03 8.309211783146324207e-03 8.128355752203822102e-03 8.309808817274506876e-03 8.267035611726928496e-03 8.308874401411942695e-03 8.265195750665097277e-03 8.042900319635970866e-03 8.129318971391226098e-03 8.042900951809857021e-03 7.918598940590623400e-03 8.217636531903124361e-03 8.042022648988603542e-03
8.387764929492424679e-03 8.387552360463644552e-03 8.300580827420111704e-03 8.390391550327624265e-03 8.385279119864044728e-03 8.144022791887689863e-03 8.342191154458777902e-03 8.429509583294931413e-03 8.300429528426246997e-03 0.000000000000000000e+00 8.343877867204909857e-03 8.212185089381450476e-03 8.175081965663338196e-03 8.218742153626876212e-03 8.221967008671253116e-03 8.387883720759114342e-03 8.301154913687739875e-03 8.338200091966254529e-03 8.433682609750319317e-03 8.298867093402972558e-03 8.298084978976171672e-03 8.221222290314860945e-03 8.068931700972357957e-03 8.474110800989254066e-03 8.522318605713990330e-03 8.220457183218453021e-03 8.305271804606157229e-03 8.387533809482337899e-03 8.429870831026805428e-03 8.297966572538574212e-03 8.339172683948485251e-03 8.478997064376776749e-03 8.348607518969465568e-03 8.226100473861262807e-03 8.485095033445418100e-03 8.436686242041619918e-03 8.393181908375173250e-03 8.435143380033798682e-03 8.305879862695814478e-03 8.260034886176837940e-03 8.394356045778423106e-03 8.389747065278521654e-03 8.185736084589742209e-03 8.226331100038172112e-03 8.306892798056703803e-03 8.349150263161596308e-03 8.348296334048009582e-03 8.393907809541058251e-03 8.310882636429541351e-03 8.262024833242509469e-03 8.184098524857791671e-03 8.267157749138161899e-03 8.183118453390481051e-03 8.676155943263418394e-03 8.180704526021811626e-03 8.350495675934755530e-03 8.576048331277839540e-03 8.262763111733130786e-03 8.303695540319358526e-03 8.432163984725682404e-03 8.309788673801834016e-03 8.143016072235054192e-03 8.351924730972867458e-03 8.221254286028704950e-03 8.225713054397188959e-03 8.309384733580203047e-03 8.307489621044706479e-03 8.437082931926236096e-03 8.528951592035203741e-03 8.304992781231567908e-03 8.066625577078391160e-03 8.349718634819029706e-03 8.267003885658605680e-03 8.223960297080621165e-03 8.224532112849401375e-03 8.575745610745253919e-03 8.305580007831891293e-03 8.438352492489857581e-03 8.305321496158628997e-03 8.349297471107406873e-03 8.390767714227248888e-03 8.390423679709498039e-03 8.308732123913874917e-03 8.394162486872663864e-03 8.182938960088601346e-03 8.304984869067997752e-03 8.350752992593406254e-03 8.351367081833357964e-03 8.435520362186789411e-03 8.263629720566286960e-03 8.389033639827091215e-03 8.264119510283355827e-03 8.262449351231358069e-03 8.438002118969096729e-03 8.224170162903292683e-03 8.389913087502242142e-03 8.304030493143012975e-03 8.265674278105376166e-03 8.343518318351032456e-03 8.478176353249482211e-03 8.392859124438364904e-03 8.346488176303816162e-03 8.221468617257329456e-03 8.301520811953046197e-03 8.526644830006282344e-03 8.388655745293665394e-03 8.390879204027005753e-03 8.528952338949005382e-03 8.220065407149151557e-03 8.263129383652253329e-03 8.184297054553849385e-03 8.481859744373940538e-03 8.302846638815378211e-03 8.261873114455477521e-03 8.346950439615368963e-03 8.432637786750137032e-03 8.479379003501600481e-03 8.303784057798224358e-03 8.480079561359384066e-03 8.438496386624257106e-03 8.479136303832431401e-03 8.435366480978402637e-03 8.220869138566214498e-03 8.304780372766157673e-03 8.222149119975865825e-03 8.100471677652605618e-03 8.390360608850523302e-03 8.220125272592750457e-03
8.257228832742574687e-03 8.250811761611517164e-03 8.079800123922713934e-03 8.253997447120121206e-03 8.248854237211878521e-03 7.921083667744809736e-03 8.210958266149856466e-03 8.297768294264358177e-03 8.164748521982621507e-03 8.343877867204909857e-03 0.000000000000000000e+00 8.164082961292916385e-03 8.039983810985799895e-03 8.079876899596426590e-03 8.084554657411861800e-03 8.167220513545611627e-03 8.170289619563180991e-03 8.293023583102987831e-03 8.303347917841994233e-03 8.076923861512184250e-03 8.250152609288173913e-03 8.083703293204567639e-03 7.929032310496905017e-03 8.340657634333540141e-03 8.394882216026536281e-03 7.998614334180758831e-03 8.170919293966434974e-03 8.253678820267056071e-03 8.295515294658904748e-03 8.168410098459692736e-03 8.298070543426610407e-03 8.439790361285785109e-03 8.218288240887616086e-03 8.092952217602750534e-03 8.264310579956610919e-03 8.306906430524740176e-03 8.264013657781139194e-03 8.305410600701090482e-03 8.173205434519135310e-03 8.127706451909797944e-03 8.263669117233730932e-03 8.258928266626882481e-03 8.051623188745762882e-03 8.093102515340150349e-03 8.175591408741673602e-03 8.218892147697611297e-03 8.216560740192158790e-03 8.264690075766682742e-03 8.178281989591102558e-03 8.129658016701405560e-03 8.049939965828437072e-03 8.133553284312498854e-03 8.048918633974899012e-03 8.551480333613142512e-03 8.046414671288724257e-03 8.220249241856721067e-03 8.450788598394733814e-03 8.131733703001636435e-03 8.172412153968102583e-03 8.302493307467998310e-03 8.175768261980992380e-03 8.007878952182906698e-03 8.220252650570010131e-03 8.088059627781550576e-03 8.090876674357854598e-03 8.173825362900113620e-03 8.171889543407933124e-03 8.305473737682455768e-03 8.398014052054335321e-03 8.170713820110727180e-03 8.006489422598085312e-03 8.216476885590472817e-03 8.130477660774154680e-03 8.086577629832350511e-03 8.088453035707076841e-03 8.445702359267889120e-03 8.173759812870891317e-03 8.306816867245077687e-03 8.172407484962507240e-03 8.216987807598205573e-03 8.256986133075006756e-03 8.346365306824417990e-03 8.173132339477282710e-03 8.261834607366158253e-03 8.044634152872636584e-03 8.169302193107064874e-03 8.216111037324197452e-03 8.218040222618539295e-03 8.302729924771649894e-03 8.127046771404832989e-03 8.258001783906381704e-03 8.127706188605688525e-03 8.212717679745858146e-03 8.306547017846870745e-03 8.088037286162912121e-03 8.258563337048736158e-03 8.170455853674214730e-03 8.131214913157781485e-03 8.212068188912704375e-03 8.348430919283425858e-03 8.261296705350241326e-03 8.213821551504761620e-03 8.085988072397923276e-03 8.169139008576879399e-03 8.399231514941639734e-03 8.258257301805347825e-03 8.259241633232907581e-03 8.398886938516455028e-03 8.085814316779967037e-03 8.128599568027724057e-03 8.048013271601739058e-03 8.352138780010155694e-03 8.170499354592844141e-03 8.129773336838886505e-03 8.214350820948937773e-03 8.303111964690352079e-03 8.352260827614119837e-03 8.170202521464442480e-03 8.350272575863446067e-03 8.307903210562125190e-03 8.349346025211238156e-03 8.305956498642349389e-03 8.169847647537406554e-03 8.171146832803632271e-03 8.086724942170069388e-03 7.962217873664455617e-03 8.258750123178894634e-03 8.084641515756723837e-03
8.298088188951054794e-03 8.202707648633513274e-03 8.114686853206260278e-03 8.208034855031970042e-03 8.205429532751603444e-03 7.953730961284738443e-03 8.250301496872629661e-03 8.248267538375955027e-03 8.117028462341042278e-03 8.212185089381450476e-03 8.164082961292916385e-03 0.000000000000000000e+00 7.993973099098307389e-03 8.033088300332962353e-03 8.037458598269034069e-03 8.205498925110320252e-03 8.208515543897803093e-03 8.243760783542398649e-03 8.169525496884594631e-03 8.115432438620876279e-03 8.204178561589238125e-03 8.033109540383746514e-03 7.800219513169116305e-03 8.294215161440687822e-03 8.351252376990152618e-03 8.033592644052423362e-03 8.120783779692095083e-03 8.205391967449546936e-03 8.164563122016799124e-03 8.206868653388012941e-03 8.161872808495451714e-03 8.393647472993434958e-03 8.175045056093047449e-03 8.048744722697124404e-03 8.222814216793650904e-03 8.264392098212903701e-03 8.221099445461007432e-03 8.262923600306499097e-03 8.131038480988344794e-03 8.083736454036344332e-03 8.220778265044626637e-03 8.216054315515298329e-03 8.008269723482805066e-03 8.049011687913887325e-03 8.132048078978200076e-03 8.175667945545372212e-03 8.173315635824693684e-03 8.222999923311475820e-03 8.134804004891652007e-03 8.085745491426833340e-03 8.004143636936772443e-03 8.089669168851523762e-03 8.004355033850539883e-03 8.510663886756704433e-03 8.001864909700230968e-03 8.176978360714180424e-03 8.409257855551389993e-03 8.086730903823736646e-03 8.128759363571802163e-03 8.259885831061889241e-03 8.132296143377631611e-03 7.962971583231245529e-03 8.177053543356007856e-03 8.043930609090274228e-03 8.047234562365923258e-03 8.133418642266737955e-03 8.131447599592011438e-03 8.264970835232520255e-03 8.359508764667693617e-03 8.128893265026857981e-03 7.883021441492074274e-03 8.174981918690895494e-03 8.089699855449692528e-03 8.045333857307431641e-03 8.047129990974588934e-03 8.407598724928164874e-03 8.130728674969155481e-03 8.266274698992289935e-03 8.129229291424655210e-03 8.174482926898997068e-03 8.217267960449671504e-03 8.217009946278622246e-03 8.132725891021059389e-03 8.220764098702029385e-03 8.003003759052624427e-03 8.128850325971772109e-03 8.176128030078852124e-03 8.176664632677636130e-03 8.263378565681564134e-03 8.086233017104460172e-03 8.216915228010773439e-03 8.086830084594811771e-03 8.085116355282289530e-03 8.265927579568283293e-03 8.045540539838941241e-03 8.216381383993416956e-03 8.126795881585260548e-03 8.088622076129909841e-03 8.167397041716430509e-03 8.306029866986532409e-03 8.219573401271553295e-03 8.171905761885459377e-03 8.044360866710526664e-03 8.124200982125693096e-03 8.355875619305935115e-03 8.215323596730220862e-03 8.217644630330565164e-03 8.447184125660752579e-03 8.040395815020216774e-03 8.084638659695339916e-03 8.003246353890835357e-03 8.309999306254397047e-03 8.125499623439360469e-03 8.083531531653840446e-03 8.171004766175032213e-03 8.260580073343598562e-03 8.307330880875906862e-03 8.126488675801513129e-03 8.309470345342993142e-03 8.266660058618263349e-03 8.308467337374515413e-03 8.262123743019907443e-03 8.039824947963836871e-03 8.128893405001136677e-03 8.043758255054897152e-03 7.916838794116006287e-03 8.215764318636671268e-03 8.040300339508400784e-03
