0.000000000000000000e+00 1.011265326678353720e-02 9.899279641481463846e-03 9.364975891369210423e-03 9.576765662853646208e-03 1.133477957679749661e-02 9.025298886057032607e-03 9.383023708993992740e-03 9.818154450252131529e-03 8.912907979166233632e-03 1.099280126406313937e-02 9.328924150056183348e-03 1.035954230748449556e-02 9.311556667017502342e-03 9.918165898642443065e-03 1.041224136686820859e-02 9.761710764325866319e-03 1.103955915225948714e-02 9.741984070666896353e-03 9.630707899182683676e-03 9.848264041483787562e-03 9.433800355097480064e-03 9.445244250042011611e-03 1.114581262941900103e-02 9.277585860182650454e-03 9.198169556147921949e-03 1.014602837902422658e-02 1.075814654904526380e-02 8.312980799541099322e-03 9.811213229871777047e-03 9.555818654931904493e-03 9.172090372412459308e-03 9.835937407908746169e-03 9.727601426626476117e-03 9.098801061010559563e-03 9.918634473112272407e-03 8.506640979388581728e-03 9.488423119074492623e-03 9.669731132598766155e-03 1.165336811708956449e-02 9.558327078499078908e-03 9.115665856748703458e-03 1.066377384391327225e-02 9.943744822822777815e-03 1.038563461990532101e-02 1.070034542862709562e-02 1.074514590713035109e-02 8.377777086468293777e-03 8.488837376182022110e-03 1.092471767340735464e-02 9.011351830630691742e-03 9.842871882457686350e-03 9.762409108613681955e-03 9.257697146754631512e-03 1.034727571522221952e-02 1.019970687741391345e-02 1.006761940309131888e-02 9.260175968443005307e-03 9.948340680700384908e-03 1.008303190645267779e-02 9.510492185535231874e-03 1.053399732640619701e-02 1.099984350570784412e-02 1.067299095220706519e-02 1.127567086674924161e-02 9.292166312631189307e-03 9.606151262361356871e-03 8.143496389848653427e-03 1.089698989306205762e-02 1.063932680178227182e-02 1.089166536272032949e-02 1.091661765814846453e-02 9.413111938348480562e-03 9.739634904965878762e-03 8.023650023890140093e-03 1.010691186549809127e-02 8.660259992503612295e-03 1.022161302514617252e-02 9.279520458862308696e-03 1.198239850759230674e-02 8.999552790277550937e-03 1.040267216879854455e-02 8.234756703868402125e-03 1.103065552116467944e-02 1.031218242545343944e-02 9.752677356229307731e-03 9.822941057655309310e-03 9.704985308360293203e-03 9.491708611592547182e-03 1.129815620576572754e-02 1.037492535821958779e-02 1.011000908211874549e-02 1.083513562557280978e-02 1.072677545990303669e-02 1.035495579792974040e-02 9.994990793203206714e-03 9.628383995824446248e-03 9.446876753916528049e-03 9.663023661534243802e-03 9.985335724968682006e-03 9.632752035078183048e-03 1.032021277680411110e-02 1.035582855433852568e-02 9.956046725814083828e-03 9.081624911502245157e-03 1.045116614516977335e-02 1.123958948993401298e-02 1.072367743295535303e-02 1.067776164792033460e-02 1.043259691191158849e-02 9.652256579951386944e-03 9.745669851864315406e-03 1.055888964726756259e-02 1.096918551859360838e-02 9.166164577171360267e-03 9.376732137894222552e-03 1.015971726345529270e-02 1.039669411297236730e-02 1.035798644066912230e-02 1.012659793169098411e-02 9.519640564560531357e-03 1.066554188170962085e-02 1.040344975321246847e-02 1.014347730555309642e-02 9.974756547098975051e-03 9.042114106719283118e-03 9.928417350473004929e-03 1.094648817922153072e-02
1.011265326678353720e-02 0.000000000000000000e+00 1.093068985915731164e-02 1.073423550190495679e-02 1.106540784826436606e-02 1.243925537561196837e-02 1.048525420606237837e-02 1.074110425485271143e-02 1.127818306688853703e-02 1.042898660282874472e-02 1.214685802577332614e-02 1.075070354184406128e-02 1.160957766593598631e-02 1.068185150787550296e-02 1.161599808791439342e-02 1.136989130871159451e-02 1.106263867933460730e-02 1.230024992741938529e-02 1.106910019862018812e-02 1.073580075691649843e-02 1.114135907321433562e-02 1.059983280927999372e-02 1.081952514280585913e-02 1.229378126561279060e-02 1.068113882543997653e-02 1.061559846288665301e-02 1.142856032399826305e-02 1.194109774410332184e-02 9.892468812399629954e-03 1.111504789590154162e-02 1.088414222991560855e-02 1.041116020446283992e-02 1.112544722246460935e-02 1.104209813772618134e-02 1.053085327105535846e-02 1.121604816318723559e-02 1.004662375621098377e-02 1.084886611876537295e-02 1.101170797819333788e-02 1.272972989791285904e-02 1.093709571270523075e-02 1.052297206829906975e-02 1.183839828236127149e-02 1.123507296507703437e-02 1.162143253650381979e-02 1.191172691322813816e-02 1.193523967487364681e-02 9.919053182605892804e-03 1.000046980677519841e-02 1.206995023104748960e-02 1.082176191170689146e-02 1.109403091117677938e-02 1.105648272009589206e-02 1.067576569835929773e-02 1.159345099711666001e-02 1.145502277906401516e-02 1.104101692450815131e-02 1.065579721389084064e-02 1.124932358719780284e-02 1.108768399374204620e-02 1.088702768476290834e-02 1.144699319375135603e-02 1.215978700551296164e-02 1.185466756423839314e-02 1.238731941156770086e-02 1.061511246359612103e-02 1.072083200317787421e-02 9.773046784187725683e-03 1.208440101546377765e-02 1.180794095248117667e-02 1.204707219731223321e-02 1.256671481760005156e-02 1.077661487758328415e-02 1.082993975087520773e-02 9.867623112608737285e-03 1.139436918102808456e-02 1.012955018832278203e-02 1.192780306015285736e-02 1.068460644040777029e-02 1.302523051258481709e-02 1.044321283284516816e-02 1.162462989941946516e-02 9.825155796296631411e-03 1.186574985879774655e-02 1.127551291248597015e-02 1.104746483866114737e-02 1.115026160729118074e-02 1.102641260035567422e-02 1.085966923939128345e-02 1.239828709189933278e-02 1.160767889362332612e-02 1.139482582019138088e-02 1.198804102295608111e-02 1.189308147758994655e-02 1.157558579489758981e-02 1.127520795462649481e-02 1.094040944101054048e-02 1.084019655215795637e-02 1.095779455681247273e-02 1.125751550708267712e-02 1.094573392741717693e-02 1.129231576478339182e-02 1.158101464266563657e-02 1.123950050487932534e-02 1.053659472309874563e-02 1.167642554331974405e-02 1.237145867015507737e-02 1.188354463164833195e-02 1.185956403104460391e-02 1.138598451037941238e-02 1.097918717758645211e-02 1.104263926900773789e-02 1.177355648761665118e-02 1.213236322850945806e-02 1.055554877422183908e-02 1.112933312388073546e-02 1.144311323917257019e-02 1.163087031015122737e-02 1.157366838851099124e-02 1.137492572045531447e-02 1.090242559839655137e-02 1.183760707504963837e-02 1.163144163545936673e-02 1.139658476148199158e-02 1.126725466037210507e-02 1.051142020054851751e-02 1.123935475546194995e-02 1.209935712641546299e-02
9.899279641481463846e-03 1.093068985915731164e-02 0.000000000000000000e+00 1.025312236169972566e-02 1.020518763616883387e-02 1.201723423258341597e-02 1.027231045625334564e-02 1.025624917193174342e-02 1.039703918742424307e-02 1.020849644418475588e-02 1.171771447703374644e-02 1.027405925067171807e-02 1.158013704764229539e-02 1.018847388127629497e-02 1.077824357114678944e-02 1.093340814198164555e-02 1.054954534471704009e-02 1.143781610540000986e-02 1.054617097282846416e-02 1.022596265107420486e-02 1.065526865944890246e-02 1.004950594474172433e-02 1.036194196880443723e-02 1.188791658291119338e-02 1.018115253916919948e-02 1.012597539677050074e-02 1.094050288759664154e-02 1.151855104950947305e-02 9.324997687457746778e-03 1.064910715882733290e-02 1.041439792555594671e-02 1.020095242046036195e-02 1.066815268741643646e-02 1.054870870742645808e-02 1.000452829996015258e-02 1.073191677398951417e-02 9.566804187461593056e-03 1.038073911676613142e-02 1.051189041711489414e-02 1.234274897816729950e-02 1.042423083022072337e-02 1.003333372487703011e-02 1.143347958072143782e-02 1.075907433130929985e-02 1.116142412794493208e-02 1.146846195134522926e-02 1.150961818978718347e-02 9.384645432026678807e-03 9.735286564197750264e-03 1.168006345984569545e-02 1.026569086971104196e-02 1.065851464170440924e-02 1.057666020043205278e-02 1.014798099713075386e-02 1.112947464047932440e-02 1.099448549602032900e-02 1.057400242036446100e-02 1.013448529539833984e-02 1.081166843295830460e-02 1.062472658722659648e-02 1.039306843317871348e-02 1.099133695616877349e-02 1.174682993517857897e-02 1.143025191591372051e-02 1.196898913001896714e-02 1.016671183940238109e-02 1.021275114919134412e-02 9.205517072609673349e-03 1.166915839200951231e-02 1.138157657625624673e-02 1.163157155731133104e-02 1.169671383410149021e-02 1.028522790173252294e-02 1.033459927720786937e-02 9.316002615559777073e-03 1.091447421404767235e-02 9.618616567836021231e-03 1.102246287093309844e-02 1.016340108075880488e-02 1.265129568827662483e-02 9.918806332349287477e-03 1.118229406344326514e-02 9.257789324626940555e-03 1.139461983269792790e-02 1.080991286236622322e-02 1.058413793858489597e-02 1.105505524244797429e-02 1.050638273298086164e-02 1.037179983917583918e-02 1.202563405375543099e-02 1.114647136137791351e-02 1.092487467320443946e-02 1.156582875054060731e-02 1.144928997306792449e-02 1.113471247238009137e-02 1.079406105745101332e-02 1.047785851945329597e-02 1.035597216033575484e-02 1.048726726709337323e-02 1.079457811783855227e-02 1.043377592298071546e-02 1.080967707769622116e-02 1.113560175221496411e-02 1.075277736684918106e-02 1.000260682393929422e-02 1.122074711383573391e-02 1.192459939006221617e-02 1.143390079276682646e-02 1.143458216233188968e-02 1.091957584266472353e-02 1.048088268697996983e-02 1.059095462681873198e-02 1.134641416322432206e-02 1.169590098695576057e-02 1.007105101869780299e-02 1.026477845159542990e-02 1.093334766196886639e-02 1.117271876172868175e-02 1.115697489362661547e-02 1.131884079334859010e-02 1.077515861306195706e-02 1.141401707001893709e-02 1.155474224176701245e-02 1.094193573870247578e-02 1.078945963564778565e-02 1.000112229762927310e-02 1.075235306838374059e-02 1.168364569702192747e-02
9.364975891369210423e-03 1.073423550190495679e-02 1.025312236169972566e-02 0.000000000000000000e+00 1.032077800977443047e-02 1.185846389168342466e-02 9.741904311673986114e-03 9.946322115587465443e-03 1.021961487241128050e-02 9.662459958878660479e-03 1.153427357384977092e-02 1.002275103333875352e-02 1.095078558231481376e-02 9.960477558485697491e-03 1.056321570143232795e-02 1.071671294618236833e-02 1.038900106127761507e-02 1.126588463374442357e-02 1.036978381341400850e-02 1.000045901896433852e-02 1.046007981978223575e-02 9.872142170281424794e-03 1.011762402799383162e-02 1.170507470856839947e-02 9.963616630809669916e-03 9.856417555089090274e-03 1.075523973293544648e-02 1.131144600345135483e-02 9.351464867698392608e-03 1.041458154392276882e-02 1.053426992050834031e-02 9.607769293308797767e-03 1.041368822903025390e-02 1.072275688104275433e-02 9.774675928848923154e-03 1.053307756127414528e-02 9.298784222529030835e-03 1.012298209967255579e-02 1.066307217348332753e-02 1.216684821856699704e-02 1.022431487871548923e-02 9.790230412143937494e-03 1.117724378178747494e-02 1.054994039213095862e-02 1.096396234951885380e-02 1.128288385907384381e-02 1.132285966981306721e-02 9.146605640501417889e-03 9.511202132362495815e-03 1.147198858129939124e-02 9.692852991741213523e-03 1.039863994820105532e-02 1.039733476472596077e-02 9.935392860542990520e-03 1.091710235692237504e-02 1.080233009839152297e-02 1.037061008047992540e-02 1.024612999042338705e-02 1.054854475006716634e-02 1.038795949892634511e-02 1.017635689690766371e-02 1.082272499696878762e-02 1.156041875890823425e-02 1.122276331660971085e-02 1.180618254850544085e-02 9.954343161937074039e-03 9.991750947136859157e-03 8.938628929475826712e-03 1.148709492659573395e-02 1.121264612897327970e-02 1.144536065923458697e-02 1.150689565123567785e-02 1.039272968902341977e-02 1.008890141698438707e-02 8.821507970058881445e-03 1.070584002518140329e-02 9.326269150670085661e-03 1.083350527600007197e-02 9.945564734248551336e-03 1.245692214945056699e-02 9.683727230408990111e-03 1.098558088774345860e-02 9.017399230128418652e-03 1.127564130768389170e-02 1.064094458355601368e-02 1.037817084692962792e-02 1.043705269974672632e-02 1.066025795236063591e-02 1.014162090675425031e-02 1.183555856696334035e-02 1.097079157733647607e-02 1.074327683418075177e-02 1.134912588923225191e-02 1.126661036016902463e-02 1.094126301097560726e-02 1.059357640502481789e-02 1.024405926820249474e-02 1.008297358606909284e-02 1.024039231862350179e-02 1.058905266705562585e-02 1.025925740134365181e-02 1.062119206168512381e-02 1.091889920526225265e-02 1.053842698158487419e-02 1.009033221683709389e-02 1.141840918389098666e-02 1.176652652233989294e-02 1.125834610523415887e-02 1.122267648760031516e-02 1.073455316146016726e-02 1.024945759799222693e-02 1.034929930740792481e-02 1.114771716275189152e-02 1.153553717749364847e-02 9.812437703863216218e-03 1.003783863193243378e-02 1.079140909875272482e-02 1.138040039148816539e-02 1.091681998143727815e-02 1.070350195247826708e-02 1.017559525137161705e-02 1.122407835948240756e-02 1.097959472860255206e-02 1.072198829896536462e-02 1.056419649005865477e-02 9.777421737624697115e-03 1.091352952174167758e-02 1.147563352357699670e-02
9.576765662853646208e-03 1.106540784826436606e-02 1.020518763616883387e-02 1.032077800977443047e-02 0.000000000000000000e+00 1.181990467733276019e-02 9.691416315885667890e-03 1.000585872331910889e-02 1.013767797292688608e-02 9.623520809475441529e-03 1.149287621414471668e-02 9.952586229496025727e-03 1.093367090039254995e-02 9.931954198736292830e-03 1.088187459679601857e-02 1.065399883058062817e-02 1.034459138185797600e-02 1.114511158870762179e-02 1.033976004673956180e-02 9.988302265492694787e-03 1.042167716074060731e-02 9.789946082353498044e-03 1.044307791977035563e-02 1.167248032159398825e-02 9.871394506376675315e-03 9.874549206459333830e-03 1.071429780282577224e-02 1.129199886761257307e-02 8.998516905333139859e-03 1.040449165519130928e-02 1.010658648718934689e-02 9.624010232928220665e-03 1.073747730038614873e-02 1.031323191107376760e-02 9.757853081560543401e-03 1.051148458582541745e-02 9.275170319147190562e-03 1.042520004783722282e-02 1.025629567246336832e-02 1.213171917907169065e-02 1.015461135281081270e-02 9.747401342687945017e-03 1.158512745676271334e-02 1.050217166011660312e-02 1.094461372154157883e-02 1.124791872301340173e-02 1.127233242886994079e-02 9.107867707518384551e-03 9.145074907418030905e-03 1.146079844807180483e-02 9.662607530188318736e-03 1.042197442283728480e-02 1.035527777166194395e-02 9.908499110354946834e-03 1.090105610055791714e-02 1.076530889126856017e-02 1.034547485574451552e-02 9.851019921303274043e-03 1.088437728673716937e-02 1.070889682654742846e-02 1.013417847040246414e-02 1.073828409935817692e-02 1.152287067805397164e-02 1.117968356852606406e-02 1.176856147286179342e-02 9.891504048256925113e-03 9.927703596147342824e-03 9.133417693405154053e-03 1.144686970891202644e-02 1.115044791021619144e-02 1.140505410379197629e-02 1.145130987968214636e-02 9.982022503802154625e-03 1.005350396858885852e-02 8.750475682842847117e-03 1.069962641534943221e-02 9.312294098665406181e-03 1.078510041352741602e-02 9.915873976148563418e-03 1.244979605185495865e-02 9.679395265148620434e-03 1.094039103303276125e-02 8.966479672677723708e-03 1.121805102552962501e-02 1.057249707781024277e-02 1.035705276016058926e-02 1.043399419477264445e-02 1.027271001279287353e-02 1.041566407967035347e-02 1.182689548107472219e-02 1.093125350647976106e-02 1.066079000311728753e-02 1.132268032878385074e-02 1.125300347928505883e-02 1.087681993019346330e-02 1.056599202749535123e-02 1.018607044573045621e-02 1.007529744660767140e-02 1.023108979140337216e-02 1.053522740137923831e-02 1.022632180372393985e-02 1.054642205826124800e-02 1.087889499639452251e-02 1.052683049995857892e-02 9.738661994576954667e-03 1.096298085418645658e-02 1.173592654757936102e-02 1.124589302458979014e-02 1.118124484966314704e-02 1.104664050677725724e-02 1.024700838003928839e-02 1.033685583388971492e-02 1.110620197484072161e-02 1.146162893083947296e-02 9.751352320249810635e-03 1.000355434921414502e-02 1.070136603311324340e-02 1.090353298759308247e-02 1.090123338057442763e-02 1.068377142834318026e-02 1.014939306196176345e-02 1.118124129438476111e-02 1.095915350101210432e-02 1.069766576218432290e-02 1.054201565995806743e-02 9.693775976597401867e-03 1.048874519948461530e-02 1.144165930912331014e-02
1.133477957679749661e-02 1.243925537561196837e-02 1.201723423258341597e-02 1.185846389168342466e-02 1.181990467733276019e-02 0.000000000000000000e+00 1.201831686811506358e-02 1.186278269615438988e-02 1.198332535397160503e-02 1.156748175700561022e-02 1.309600155644251307e-02 1.187050176582657088e-02 1.261171650010564464e-02 1.224772199814058368e-02 1.229685969798346643e-02 1.242288374003806296e-02 1.210963014532613277e-02 1.280577483359019580e-02 1.213995531086242696e-02 1.184168977983300966e-02 1.215795516465688515e-02 1.172316777499722053e-02 1.195994965895935333e-02 1.322519545914326369e-02 1.175499584862342226e-02 1.217681436484288615e-02 1.243260294166631530e-02 1.288607402391639400e-02 1.108952285758070706e-02 1.218876159072056209e-02 1.196313202593987136e-02 1.155199618809680737e-02 1.219851766712477803e-02 1.210323958589547971e-02 1.165641797047742984e-02 1.226934319833172977e-02 1.163126028624027891e-02 1.196057749817778029e-02 1.206536971750464537e-02 1.362100022895642790e-02 1.202046775025673864e-02 1.167685043185659813e-02 1.283696335195947530e-02 1.220680551517171544e-02 1.262492676559916552e-02 1.288264580281821108e-02 1.289970442936395380e-02 1.114939670085259536e-02 1.122553283712587890e-02 1.304968171484273236e-02 1.159401240321711844e-02 1.217907622000451856e-02 1.216111732647931834e-02 1.175854477656492966e-02 1.259888149768227314e-02 1.246132013819461863e-02 1.209856706334324315e-02 1.176712797243596731e-02 1.231131374192142441e-02 1.214571283390424028e-02 1.198819252499937031e-02 1.247090660569338469e-02 1.308271231800287905e-02 1.280707937534259107e-02 1.331046180306915371e-02 1.177253155610308473e-02 1.183892187019390529e-02 1.100822063866311110e-02 1.304364831299049607e-02 1.280922614884439335e-02 1.300482163188592007e-02 1.306009894398602565e-02 1.188854581917124335e-02 1.190123362281269269e-02 1.088259122698010013e-02 1.239801823096903580e-02 1.133433805802928906e-02 1.249555073849018157e-02 1.178375181202912132e-02 1.389021419912455854e-02 1.158965543931039267e-02 1.260358321890400410e-02 1.104876796286416614e-02 1.286102018826387229e-02 1.235253411460823098e-02 1.210580819850865485e-02 1.221108133199713848e-02 1.210783868519818389e-02 1.196499840908795895e-02 1.331369481305099030e-02 1.258906840115748410e-02 1.240175377122101213e-02 1.295878149380742458e-02 1.285353979716442538e-02 1.258373550272104749e-02 1.229244504338969715e-02 1.203953013515042351e-02 1.191499613284918539e-02 1.206020603090774551e-02 1.227938558565296392e-02 1.203898786222942600e-02 1.231087451200978643e-02 1.258865697598989149e-02 1.226458372412496910e-02 1.166842886364949892e-02 1.264495733652665037e-02 1.326781171330127657e-02 1.287494152254540364e-02 1.283825685546522571e-02 1.242900038634273813e-02 1.202671162031511420e-02 1.212864627432560030e-02 1.331352909051530808e-02 1.307948149517316853e-02 1.169888874197717345e-02 1.188037077028831524e-02 1.247405623536938443e-02 1.263004454743850251e-02 1.260100075345036395e-02 1.242848314977504191e-02 1.199726708499929649e-02 1.281157583904799294e-02 1.261099310223362524e-02 1.240673993490441079e-02 1.231517323766402605e-02 1.160708394267449817e-02 1.226144561733167639e-02 1.305324070752248745e-02
9.025298886057032607e-03 1.048525420606237837e-02 1.027231045625334564e-02 9.741904311673986114e-03 9.691416315885667890e-03 1.201831686811506358e-02 0.000000000000000000e+00 9.736076910052834932e-03 9.894138059514912334e-03 9.316911137485504521e-03 1.130291081508488608e-02 9.723720550590822867e-03 1.067226145994838900e-02 9.665311742906286183e-03 1.029027705208085397e-02 1.042543875568633857e-02 1.007521182004588768e-02 1.100964748235504394e-02 1.005903935424537314e-02 1.001588900951567648e-02 1.049824494183955459e-02 9.552122373248169915e-03 9.875686497659507193e-03 1.146396127021253111e-02 9.659070403127330631e-03 9.568883849432078745e-03 1.085117797465339103e-02 1.106077274825753923e-02 8.740470401761716093e-03 1.014734816706896504e-02 9.862439114139028712e-03 9.349605233363695103e-03 1.018690410617808725e-02 1.005578569391949416e-02 9.771861013874906174e-03 1.027079927495450247e-02 8.953180846525889136e-03 9.869308660540141928e-03 1.000827738179169667e-02 1.191505632064112849e-02 9.933717525687885477e-03 9.471825184964175609e-03 1.098658627104361941e-02 1.028843358997467809e-02 1.070607090080318013e-02 1.102190993115332099e-02 1.104864866200789761e-02 8.787932914396551567e-03 8.872820338446860827e-03 1.124420147941053265e-02 9.411064456271900705e-03 1.016201590731471462e-02 1.013428732364634113e-02 9.624999349684977556e-03 1.069005268454365637e-02 1.085659500654989444e-02 1.012208939386162292e-02 9.625367411365142595e-03 1.032987068732341140e-02 1.014195703306778988e-02 9.874086889348486148e-03 1.053547259184433281e-02 1.129959663769676374e-02 1.095778028409549049e-02 1.155005905025554246e-02 9.919781012481693541e-03 9.695608023110861839e-03 8.628359763557021805e-03 1.121342134519928875e-02 1.090786133641563280e-02 1.117071820810128582e-02 1.125642628236184738e-02 9.770077463185091252e-03 9.831137502084223365e-03 8.448411459125247658e-03 1.047074899537338635e-02 9.046322810003599654e-03 1.054603259756047018e-02 9.898193695705418196e-03 1.225428717731427176e-02 9.416172754380971316e-03 1.070913982835575325e-02 8.648323625211206886e-03 1.101733324634080260e-02 1.038347802797792881e-02 1.044107084843196032e-02 1.015444892652205694e-02 1.006445946977313835e-02 9.851433276986983414e-03 1.162168027894307405e-02 1.068774270382488213e-02 1.044973603436842417e-02 1.113883594522947600e-02 1.139086686153946079e-02 1.065361951062716861e-02 1.065021053201718054e-02 9.939170557066544578e-03 9.841966027307271631e-03 1.000819485617715672e-02 1.029915352212184936e-02 9.987940685153059994e-03 1.034523045609738075e-02 1.065906552066659546e-02 1.027429024539502044e-02 9.488214036171952609e-03 1.077886651787474809e-02 1.194417795948879424e-02 1.101381876173910222e-02 1.096411721267625920e-02 1.045986628062787159e-02 9.984174191420051858e-03 1.007979981887467680e-02 1.085947920482456357e-02 1.125784383544574732e-02 9.505910898377328486e-03 9.759266321132435695e-03 1.051804467486738663e-02 1.071253737261300930e-02 1.067597019763965628e-02 1.042495644620109255e-02 9.903125065278572947e-03 1.095119432996491393e-02 1.107562753907297137e-02 1.045317720861544189e-02 1.029379933459626320e-02 9.438317640201417807e-03 1.027458014125940365e-02 1.123036450168929390e-02
9.383023708993992740e-03 1.074110425485271143e-02 1.025624917193174342e-02 9.946322115587465443e-03 1.000585872331910889e-02 1.186278269615438988e-02 9.736076910052834932e-03 0.000000000000000000e+00 1.018918761948999982e-02 9.685052995847294802e-03 1.155034137968194256e-02 1.004419091438096129e-02 1.095836531698439996e-02 9.981331517197039940e-03 1.058942368690049714e-02 1.070343670408657050e-02 1.038560796654779475e-02 1.126716827222285638e-02 1.037947359847194405e-02 1.001875999915695370e-02 1.046800437243622893e-02 9.859613029089879521e-03 1.015925786710700912e-02 1.168416539849679268e-02 9.959523250963716462e-03 9.880241955039149870e-03 1.075932742794565022e-02 1.131164808226169972e-02 9.347913434615884309e-03 1.079521684592706955e-02 1.017470712839530465e-02 9.650994140974816435e-03 1.043632220378489829e-02 1.071638069375516374e-02 1.011231017982943195e-02 1.052603014122070572e-02 9.309595908483833671e-03 1.013782427183536686e-02 1.028318017430316332e-02 1.217179575188065931e-02 1.019281116317107515e-02 9.769828368067548161e-03 1.123095604398652823e-02 1.056983272160473900e-02 1.096528623222211250e-02 1.130202269288932936e-02 1.131554228821467396e-02 9.137060525517638754e-03 9.502649390987227135e-03 1.145783773937800523e-02 9.685446374687517457e-03 1.046964879589867663e-02 1.038443007852569641e-02 9.928934454099348772e-03 1.092415915756585719e-02 1.077605948818064624e-02 1.037434217908947583e-02 1.025992685353315469e-02 1.053881982911585372e-02 1.042622888515200123e-02 1.018094467627250234e-02 1.082563050702094534e-02 1.152820117320851878e-02 1.122847004792477087e-02 1.179424565774554040e-02 9.929525147539934940e-03 1.001928873801468355e-02 8.959286874075369708e-03 1.146064304398222537e-02 1.121639105292465168e-02 1.145385344309634082e-02 1.151006457859912735e-02 1.041679109623636426e-02 1.013086222034659430e-02 8.812295311770608833e-03 1.071250689497200981e-02 9.350183884678770971e-03 1.083967961755364501e-02 9.957028823443953361e-03 1.246190553945452154e-02 9.702361081155751882e-03 1.098983261983946767e-02 9.254377000918597926e-03 1.127798271504089518e-02 1.063550808837657527e-02 1.038646600157836636e-02 1.047803594539332799e-02 1.033458626294306640e-02 1.015938777457307818e-02 1.184225714046520730e-02 1.098016836588403163e-02 1.072166821451835290e-02 1.140024045983894542e-02 1.127460231931084328e-02 1.131787297524449246e-02 1.056724377612346805e-02 1.020654679360995243e-02 1.014239975274881279e-02 1.030104128402032498e-02 1.059469411022832819e-02 1.026604165430529056e-02 1.062680723378151872e-02 1.127221962919064055e-02 1.052045465591979964e-02 9.804529668245401050e-03 1.141863681724987825e-02 1.179584662660227400e-02 1.128651535508593505e-02 1.120114470620413999e-02 1.075843771428626298e-02 1.029477920212446516e-02 1.030013654521154919e-02 1.115188767902410179e-02 1.154092975153038145e-02 9.786829429405764780e-03 1.039230292917025546e-02 1.079536796996565656e-02 1.098226933529478783e-02 1.096330298081870346e-02 1.073031293462238869e-02 1.017554368222203971e-02 1.122656322249041688e-02 1.098506579548342611e-02 1.109681009943469521e-02 1.058103224750281575e-02 9.767273077772286802e-03 1.055734040329675549e-02 1.148073122188808699e-02
9.818154450252131529e-03 1.127818306688853703e-02 1.039703918742424307e-02 1.021961487241128050e-02 1.013767797292688608e-02 1.198332535397160503e-02 9.894138059514912334e-03 1.018918761948999982e-02 0.000000000000000000e+00 9.831561783425755638e-03 1.169715096804436680e-02 1.023363564936849782e-02 1.110924750817129762e-02 1.015413409110217310e-02 1.069143180859130106e-02 1.084542829223736002e-02 1.052568334146886282e-02 1.136104191596874410e-02 1.053349472103883543e-02 1.053969945754766949e-02 1.061298335121945054e-02 1.001994673333415735e-02 1.033251270047549561e-02 1.184780726531754931e-02 1.012105724415643740e-02 1.008062656977165746e-02 1.093602135112425530e-02 1.145641779782513754e-02 9.281534661204389122e-03 1.058299134407672017e-02 1.032432752407847799e-02 1.013907940151942411e-02 1.063407536124544132e-02 1.052439639686050636e-02 1.031263299636409059e-02 1.071206132952540538e-02 9.789194268938199162e-03 1.031520892039389237e-02 1.046925757243474808e-02 1.230229567895451716e-02 1.039559560253171602e-02 9.931548587372666242e-03 1.139532255860113696e-02 1.069904780634899945e-02 1.113959379677518895e-02 1.144936040934270254e-02 1.144409987474926359e-02 9.338211251941149274e-03 9.410942823747004901e-03 1.162129204035968269e-02 9.880042547436386491e-03 1.063129153690055978e-02 1.094738858797885371e-02 1.011053334819703338e-02 1.111074682054745584e-02 1.094780177891539232e-02 1.052610426823969228e-02 1.005685750751999889e-02 1.076793876644487231e-02 1.057452406762222213e-02 1.034540164538650178e-02 1.095336325554679621e-02 1.168935974850751278e-02 1.138662146645039001e-02 1.192821642241628788e-02 1.011737822347218672e-02 1.013431909700563717e-02 9.161093926652656011e-03 1.163047173239427877e-02 1.133190954004459697e-02 1.158784046352325132e-02 1.163067761377946374e-02 1.023668549972944417e-02 1.026260488972594725e-02 9.235546700344089005e-03 1.090215057469755798e-02 9.578297859792488447e-03 1.095681695215208751e-02 1.012391007937220484e-02 1.261239653735084926e-02 9.884149399628259364e-03 1.112431680700226577e-02 9.204626122757898071e-03 1.138834805991155441e-02 1.117029854011370241e-02 1.056037586775164343e-02 1.063577695301772506e-02 1.050555194371599610e-02 1.032162491511052702e-02 1.244296215963486968e-02 1.112610220226701446e-02 1.090233640027386125e-02 1.152817288954557234e-02 1.140824778900586568e-02 1.109213618001264612e-02 1.074236938100478315e-02 1.039435617913158499e-02 1.030591287465969404e-02 1.046236242722751661e-02 1.073315287494873600e-02 1.041910352594530367e-02 1.075255666289815296e-02 1.109597445906667507e-02 1.071807438813308401e-02 9.944055224056910433e-03 1.117544660466643879e-02 1.193256262886155730e-02 1.142289425544574383e-02 1.138949394692547780e-02 1.089681259170385309e-02 1.045440172872173779e-02 1.051129683315134289e-02 1.126975551524230477e-02 1.165168335028020190e-02 1.000633680541145043e-02 1.055297323083785946e-02 1.093126487262678290e-02 1.110896659920459530e-02 1.151154321844631741e-02 1.090297588007046667e-02 1.033130880636915459e-02 1.137539767567002577e-02 1.115423295511776790e-02 1.088429128304618451e-02 1.076365331288195795e-02 9.957617890731490506e-03 1.070877296136314889e-02 1.164311954365203523e-02
8.912907979166233632e-03 1.042898660282874472e-02 1.020849644418475588e-02 9.662459958878660479e-03 9.623520809475441529e-03 1.156748175700561022e-02 9.316911137485504521e-03 9.685052995847294802e-03 9.831561783425755638e-03 0.000000000000000000e+00 1.161884507591122093e-02 9.670217580269311816e-03 1.062146184107513359e-02 9.629358729324074412e-03 1.024133644633821484e-02 1.039754247170087374e-02 1.002461275609485385e-02 1.095889290273018013e-02 1.002135411736080131e-02 9.952575690438857092e-03 1.010555466225052622e-02 9.727624918163419246e-03 9.767118279861113431e-03 1.139132719046960333e-02 9.594255103716413380e-03 9.548867450184342007e-03 1.044105122607013117e-02 1.097494803642982616e-02 8.666843978106060151e-03 1.005388092050520620e-02 9.832602384803030768e-03 9.221228619526634571e-03 1.011202416438203126e-02 1.002707271942100339e-02 9.403191919965145709e-03 1.020964720625455041e-02 8.891096790502510047e-03 9.801577479118212671e-03 9.972739160520155757e-03 1.187509138520391645e-02 1.017691797548651855e-02 9.419682392043578559e-03 1.091302161441026417e-02 1.019724301192569647e-02 1.066945282898255735e-02 1.093942682510385539e-02 1.098413701177718658e-02 8.952137984673766771e-03 8.788142632839319665e-03 1.119037073323526400e-02 9.290867994647561759e-03 1.011962132572355282e-02 1.039449366200051635e-02 9.558485506386424357e-03 1.060752381180432753e-02 1.046788280536635127e-02 1.004172101146818402e-02 9.527468170865723354e-03 1.025499001865836507e-02 1.005270439465228913e-02 1.011590980044868061e-02 1.083071291917467663e-02 1.126311862955719015e-02 1.088062704958106010e-02 1.190413668571472031e-02 9.569011117014242576e-03 9.627247338994759582e-03 8.769456501709875160e-03 1.118439404839394191e-02 1.089821666743192793e-02 1.114097657279262792e-02 1.115542575791948939e-02 9.708177328032545697e-03 9.686540384760964836e-03 8.388969374081208311e-03 1.037484286623493318e-02 8.971669289044557211e-03 1.052187445355253978e-02 9.587740173580718353e-03 1.220709578100963137e-02 9.585357170480479638e-03 1.066663814439984363e-02 8.585516768721988476e-03 1.133234912852081923e-02 1.031804668334140168e-02 1.002118752304001492e-02 1.011840523447670240e-02 9.990083948981957548e-03 9.789765075185240598e-03 1.156967699881870579e-02 1.061638019946907832e-02 1.041121267894182419e-02 1.106046839084495227e-02 1.097958100697437288e-02 1.059550176470144128e-02 1.027569247322751046e-02 9.888291255605736671e-03 9.776918315185739380e-03 9.922477553450288063e-03 1.017690694951213504e-02 9.882631257513383241e-03 1.026283044498155564e-02 1.062000961093165913e-02 1.023346750165173361e-02 9.677938129351564694e-03 1.072383452124081940e-02 1.149757993071517416e-02 1.095985118453203337e-02 1.093574527751585597e-02 1.042349512594694522e-02 9.898309612792114895e-03 1.000762871244840514e-02 1.083618790552944543e-02 1.118043056941315193e-02 9.461584929704197622e-03 9.695868050273236810e-03 1.046154307671933251e-02 1.067621708200480919e-02 1.062287472107988247e-02 1.039747086348752000e-02 9.819423214073665779e-03 1.093117743343988493e-02 1.101424406739782633e-02 1.040713082228171549e-02 1.024244019270897747e-02 9.401104828753866285e-03 1.019991300998115275e-02 1.119765097711928302e-02
1.099280126406313937e-02 1.214685802577332614e-02 1.171771447703374644e-02 1.153427357384977092e-02 1.149287621414471668e-02 1.309600155644251307e-02 1.130291081508488608e-02 1.155034137968194256e-02 1.169715096804436680e-02 1.161884507591122093e-02 0.000000000000000000e+00 1.151746433180134317e-02 1.232976232967551364e-02 1.150804789096944968e-02 1.200506429682726001e-02 1.213027813604111022e-02 1.184356248917086372e-02 1.255202462879166994e-02 1.183374196246605309e-02 1.153735301585640319e-02 1.190641210080946137e-02 1.137811328535584705e-02 1.208813867040956294e-02 1.293168856411310366e-02 1.148037557610619153e-02 1.142489150148266221e-02 1.213904550533588533e-02 1.261551281581942303e-02 1.077136028612863013e-02 1.189256392427449557e-02 1.165991241191143522e-02 1.123863147580409644e-02 1.190373405339671675e-02 1.182721707897312763e-02 1.136174059992462945e-02 1.197450350208747495e-02 1.093818096395317817e-02 1.165401809640188163e-02 1.175828254925587700e-02 1.336655046358886482e-02 1.167742499229846610e-02 1.136185178328561092e-02 1.256363271442144207e-02 1.196848325521598054e-02 1.231470149782987016e-02 1.256243439608867654e-02 1.263006695683986658e-02 1.077632393371156377e-02 1.088297077796330711e-02 1.277619502203811500e-02 1.129790603158514935e-02 1.187878082116630186e-02 1.181911032392526581e-02 1.147952716564701672e-02 1.231536818843499692e-02 1.219015960663156692e-02 1.183307732109654779e-02 1.146127868920370461e-02 1.202145054525191256e-02 1.187426251343114136e-02 1.164053627381455430e-02 1.215963772389047799e-02 1.283590530105948278e-02 1.255879466495779355e-02 1.302258232179262856e-02 1.147995561427308381e-02 1.153031469829160841e-02 1.064810169133842237e-02 1.274366254311238254e-02 1.253127377809528861e-02 1.273760882456277492e-02 1.279768686723808079e-02 1.158401217577495826e-02 1.203118411381017168e-02 1.054058348433551014e-02 1.213553734569730071e-02 1.101052771029937573e-02 1.222464966453704928e-02 1.145998515942104473e-02 1.364251127890591352e-02 1.123825777763557549e-02 1.234049924961668626e-02 1.071258539288563912e-02 1.256494248156506642e-02 1.206097799994255808e-02 1.185385872347179299e-02 1.189343144390984930e-02 1.179056576652322622e-02 1.161777559242371631e-02 1.309454427821301128e-02 1.233120553105038902e-02 1.213419526997761531e-02 1.269143100381967849e-02 1.260061864141353259e-02 1.230483905214135865e-02 1.202400652796531931e-02 1.173700731057521728e-02 1.160844123618604874e-02 1.172315798689744885e-02 1.248520568083909786e-02 1.174094954803122683e-02 1.201621298555576554e-02 1.230320814220681527e-02 1.198826738321998563e-02 1.171012174675018294e-02 1.239044915426205755e-02 1.303516529798636261e-02 1.260132781556108986e-02 1.250200350428121859e-02 1.214435139793851315e-02 1.220208624555013666e-02 1.182731117375763162e-02 1.245152763078601066e-02 1.281318992237158796e-02 1.134284727092057382e-02 1.157280170004326529e-02 1.218520350659712051e-02 1.231923591617700882e-02 1.229495235839139083e-02 1.213520746499670983e-02 1.169016611188703966e-02 1.256012050440094910e-02 1.232982042294965275e-02 1.213429745111922059e-02 1.201855343240454052e-02 1.132912445800804586e-02 1.197035481876606265e-02 1.274609561157049806e-02
9.328924150056183348e-03 1.075070354184406128e-02 1.027405925067171807e-02 1.002275103333875352e-02 9.952586229496025727e-03 1.187050176582657088e-02 9.723720550590822867e-03 1.004419091438096129e-02 1.023363564936849782e-02 9.670217580269311816e-03 1.151746433180134317e-02 0.000000000000000000e+00 1.098410046435947113e-02 9.972134030740906901e-03 1.094037797189646374e-02 1.072948546139905653e-02 1.040332542247691082e-02 1.125326019810345482e-02 1.039698703505405504e-02 1.005745421524388734e-02 1.083461416122011127e-02 9.875871297957311210e-03 1.018001346807639526e-02 1.169230974880210334e-02 9.952990336122687076e-03 9.928160256680671619e-03 1.071191177490812482e-02 1.130846962103223066e-02 9.350872581543471021e-03 1.045120831966963454e-02 1.021051322204517137e-02 9.677057678125076251e-03 1.048067026298356644e-02 1.037119604031577769e-02 9.791816070931692872e-03 1.052767698476742876e-02 9.289136429926245567e-03 1.015061244809338688e-02 1.031222321828376490e-02 1.213930324086711504e-02 1.021869400228767391e-02 1.011676699792418178e-02 1.123387460088749214e-02 1.056147620473799065e-02 1.095748001043937193e-02 1.129244849010554649e-02 1.133415189948670625e-02 9.396619550975782512e-03 9.257442898931813810e-03 1.150755153037172525e-02 9.735567076523541502e-03 1.047449240587776213e-02 1.040689182489531496e-02 9.929455754767609749e-03 1.096186269960545100e-02 1.081915728765333977e-02 1.072257858423833130e-02 9.942089397516472304e-03 1.056148970410403058e-02 1.079428736374335104e-02 1.014704363211703896e-02 1.082014618605725738e-02 1.155173118936931448e-02 1.123921969303657772e-02 1.181733108336184730e-02 1.027386718439206315e-02 1.035007734204173614e-02 8.944127392973578658e-03 1.146962343807301880e-02 1.119461223666754629e-02 1.145673269658040866e-02 1.150669223329709237e-02 1.009141120715955839e-02 1.012475606198695414e-02 8.821320167443441607e-03 1.074825364748998625e-02 9.366343373465793945e-03 1.082106954343505303e-02 9.920685515821401484e-03 1.249091735548787593e-02 9.682108878684802036e-03 1.097756998318849021e-02 9.029897832680940095e-03 1.128212725350926683e-02 1.063276685053438607e-02 1.038107509185725967e-02 1.047224654777999774e-02 1.032736780754054014e-02 1.017066752260726951e-02 1.184665776980711911e-02 1.096677535883828006e-02 1.071073206701228346e-02 1.138947185928010537e-02 1.130093774423727125e-02 1.095098514377370810e-02 1.058779640285916791e-02 1.060781455842508929e-02 1.012654773500301815e-02 1.027869886442795561e-02 1.095634235238529715e-02 1.026576628163957706e-02 1.062582479867285774e-02 1.093572913396929393e-02 1.054840562451569465e-02 1.010290463310348739e-02 1.105208950868071319e-02 1.179901404360617773e-02 1.129679421446302089e-02 1.125069764366597169e-02 1.113965744265071889e-02 1.029263315125921244e-02 1.035994943228855589e-02 1.113835880021495778e-02 1.154522948635443129e-02 9.833893554893913605e-03 9.998707851411214875e-03 1.076578122633123358e-02 1.098376773094623948e-02 1.095022068827359620e-02 1.074810353945342828e-02 1.018841586994034994e-02 1.118717766683886491e-02 1.100659826460198554e-02 1.073947878950663737e-02 1.058103910243382399e-02 9.736173574349818449e-03 1.058098261331605686e-02 1.146500917045084264e-02
