0.000000000000000000e+00 6.454293996639934479e-03 6.455816590493235543e-03 6.452773110672107952e-03 6.456325045103893448e-03 6.456324304991440353e-03 6.455309528007051496e-03 6.456324776126393453e-03 6.453788010680082052e-03 6.458357272658823110e-03 6.457848296466831527e-03 6.455816807958633663e-03 6.454802090518055660e-03 6.455310639180839895e-03 6.460393322731265361e-03 6.454801723482292766e-03 6.458356699578747528e-03 6.456832587137470610e-03 6.456324356335831766e-03 6.455817380788245533e-03 6.456833377833000494e-03 6.455817097352264250e-03 6.456324876503024938e-03 6.456325213902295787e-03 6.455309813919798100e-03 6.453786617973414179e-03 6.455817214787139442e-03 6.456325044905385571e-03 6.455309006286430798e-03 6.458865183882669773e-03 6.455816641861318941e-03 6.454801518709739686e-03 6.454803862853818186e-03 6.457342738330178709e-03 6.454297850253576212e-03 6.454297093415619323e-03 6.457343192453915588e-03 6.456835371864219283e-03 6.458868205434357447e-03 6.454296588178851969e-03 6.455312191517722196e-03 6.456326884266749312e-03 6.460903803934864471e-03 6.456327692232390753e-03 6.457343344774029575e-03 6.454296689263909828e-03 6.455311686048587766e-03 6.456327843869548444e-03 6.455819252982325854e-03 6.453790825398105814e-03 6.456326985942867358e-03 6.455311889008315783e-03 6.457342636162616105e-03 6.454298002605100837e-03 6.454297077464525578e-03 6.455311281584125843e-03 6.454803274801078870e-03 6.455311990019619271e-03 6.455819708922575818e-03 6.452776407200081291e-03 6.452776003781512774e-03 6.454296941161188905e-03 6.454805292526706942e-03 6.455819253875628647e-03 6.455310729628949834e-03 6.455310829734593227e-03 6.455311587231509982e-03 6.454803764113030938e-03 6.456834629478288776e-03 6.455311638550766118e-03 6.457850507773546522e-03 6.453789011197574692e-03 6.455818851764539429e-03 6.455818497558229313e-03 6.456326987057976231e-03 6.454803931036030666e-03 6.457342385648245572e-03 6.455311081892950789e-03 6.456834123776226952e-03 6.456326582550823631e-03 6.454804033360578806e-03 6.455818901657453014e-03 6.457342486747311323e-03 6.452775804932737655e-03 6.455819054106692878e-03 6.455310880070143191e-03 6.454803527216752303e-03 6.455819004117016417e-03 6.455310864910126720e-03 6.455311233428669658e-03 6.456834022928791515e-03 6.457850659764468974e-03 6.454803932389790652e-03 6.455311386040918885e-03 6.456834781339550189e-03 6.455311334751080189e-03 6.457343091991570548e-03 6.455818799633127394e-03 6.456835017736846025e-03 6.455311737896226795e-03 6.453790017958859274e-03 6.458359147383832023e-03 6.455819405656379809e-03 6.456834629976055534e-03 6.455311888970004415e-03 6.454803879532496590e-03 6.454804081254831606e-03 6.456834224194524761e-03 6.455819203961828123e-03 6.452269118223667894e-03 6.454804283966870601e-03 6.454804081892762287e-03 6.456835235060830354e-03 6.454803914554786345e-03 6.457342586823357732e-03 6.456326667279588434e-03 6.454803914489712531e-03 6.454803780175324794e-03 6.453789664854189638e-03 6.455818799987276396e-03 6.457850506969379026e-03 6.455311335209447041e-03 6.455311737531946141e-03 6.457343294508467897e-03 6.453282853721233753e-03 6.457342688552482855e-03 6.456326834261774325e-03 6.454804131872593324e-03
6.454293996639934479e-03 0.000000000000000000e+00 6.454292666325348558e-03 6.451247028823978158e-03 6.453785223874618573e-03 6.454801688613570274e-03 6.451754597135758024e-03 6.453785392045278263e-03 6.451246826802569008e-03 6.455818542460163914e-03 6.454293929638461533e-03 6.453277151480646921e-03 6.452261669301141353e-03 6.452770054312311626e-03 6.457857031623018447e-03 6.452262428576283244e-03 6.455818625451946631e-03 6.453278213760329542e-03 6.454801960000851845e-03 6.453277287150605696e-03 6.454293610051745067e-03 6.454293830636607943e-03 6.453785274513857903e-03 6.453786049526822298e-03 6.452769666160452881e-03 6.451246559097238882e-03 6.454293729368696352e-03 6.453785660825181979e-03 6.452769295585451641e-03 6.456327601346174665e-03 6.454293593512266079e-03 6.452261316852847713e-03 6.452265219576799014e-03 6.454805460814273983e-03 6.451758934186957103e-03 6.451758395450071272e-03 6.454805915225642760e-03 6.454297821572701696e-03 6.456331748179736964e-03 6.451757671433612507e-03 6.452773821460050345e-03 6.453789060262735480e-03 6.458368440519978923e-03 6.453789868705765015e-03 6.454806067583790559e-03 6.451757772573090376e-03 6.452773315806690883e-03 6.453790020337011636e-03 6.453281374345360213e-03 6.451251636291750920e-03 6.453788943255237172e-03 6.452773737350570547e-03 6.454805358547878978e-03 6.451759305041735414e-03 6.451758161235516403e-03 6.452773129686858664e-03 6.453279572513427424e-03 6.452773838459828666e-03 6.453281830662359157e-03 6.450236671805312585e-03 6.450236486508039400e-03 6.451758024605838346e-03 6.452266868213304973e-03 6.453281156737312313e-03 6.452772576824384113e-03 6.452772676809757392e-03 6.452773434757845365e-03 6.452265338620680538e-03 6.454297296699733691e-03 6.452773267890723682e-03 6.455313721456082225e-03 6.451250038898861082e-03 6.453280972302407464e-03 6.453280617949237394e-03 6.453789381115562426e-03 6.452265505249406979e-03 6.454805326047357607e-03 6.452772929103772932e-03 6.454296790725770443e-03 6.453788976390815654e-03 6.452265607629436781e-03 6.453281022265592963e-03 6.454805427157119663e-03 6.450236286768414387e-03 6.453281174797151527e-03 6.452772727216076268e-03 6.452265101212961186e-03 6.453281124910737951e-03 6.452772712564075301e-03 6.452773080764629549e-03 6.454296689780369967e-03 6.455313873572345387e-03 6.452265506647958393e-03 6.452773233459676260e-03 6.454297448642527107e-03 6.452773182098014808e-03 6.454806032726685509e-03 6.453280920142640507e-03 6.454297685551385957e-03 6.452773585547486555e-03 6.451251046157869921e-03 6.455822634624044237e-03 6.453281526491941138e-03 6.454297078729110369e-03 6.452773736658617108e-03 6.452265453674497706e-03 6.452265655549040829e-03 6.454296891154302253e-03 6.453281324689039491e-03 6.449729327033220348e-03 6.452265858413960137e-03 6.452265656187507539e-03 6.454297902564235488e-03 6.452265489230881931e-03 6.454805527286855762e-03 6.453789061637061480e-03 6.452265489034522510e-03 6.452265354264311893e-03 6.451250692819467114e-03 6.453280920540803781e-03 6.455313720695186538e-03 6.452773182601142729e-03 6.452773585095374249e-03 6.454806235352448900e-03 6.450743608731041370e-03 6.454805629114891349e-03 6.453789228237210088e-03 6.452265706194138320e-03
6.455816590493235543e-03 6.454292666325348558e-03 0.000000000000000000e+00 6.452770535488791363e-03 6.455307913000985116e-03 6.456324269907302502e-03 6.453277571859234764e-03 6.455308081367724937e-03 6.452770333117850178e-03 6.457341015238017568e-03 6.455816742415920045e-03 6.454799785827444562e-03 6.453785067949481188e-03 6.454293727158952679e-03 6.460394785945787130e-03 6.454800443931692742e-03 6.456324438446871088e-03 6.455816658575471573e-03 6.456324759593208042e-03 6.454800358405361066e-03 6.455816354995315767e-03 6.455816793834842984e-03 6.455308182793420904e-03 6.454292937590918461e-03 6.453276982367557070e-03 6.453784362114776268e-03 6.455816255266473395e-03 6.454292330853057987e-03 6.453276831163542483e-03 6.457849473298495763e-03 6.455816119474325036e-03 6.452769831259826290e-03 6.453787595852296215e-03 6.456327018133463033e-03 6.453281474049006594e-03 6.453280716960611146e-03 6.456327472311084760e-03 6.455819761042601128e-03 6.457852813570994464e-03 6.453280211658648548e-03 6.454296033909494128e-03 6.455310945211439194e-03 6.459888850038544329e-03 6.455311753438413257e-03 6.456327624707698318e-03 6.453280312853054701e-03 6.454295528375248586e-03 6.455311905108267016e-03 6.454803204532950749e-03 6.452774339898717341e-03 6.455310828133850251e-03 6.454295731291337899e-03 6.456326915943782704e-03 6.453281626477431511e-03 6.453280919970167361e-03 6.454295123736200623e-03 6.453786789009482300e-03 6.454295832324354054e-03 6.454803660615212983e-03 6.451759703018714043e-03 6.451759299382044816e-03 6.453280564804602867e-03 6.453789025644588589e-03 6.454803205601549951e-03 6.454294353148662400e-03 6.454294671876559773e-03 6.454295429580269444e-03 6.453787715914658177e-03 6.455818799909740328e-03 6.454295262484394981e-03 6.456834896899778242e-03 6.452772525394559304e-03 6.454802803359862076e-03 6.454802449120937424e-03 6.455311048155686071e-03 6.453787663991412092e-03 6.456326665462775241e-03 6.454294924045434964e-03 6.455818294098813331e-03 6.455310643517672871e-03 6.453787766338243623e-03 6.454802853263326250e-03 6.456326766452341777e-03 6.451759100664934340e-03 6.454803005745503308e-03 6.454294722310394833e-03 6.453787260085231021e-03 6.454802737116968094e-03 6.454294707248702488e-03 6.454295075657472992e-03 6.455818193142179653e-03 6.456835048967126539e-03 6.453787665345772293e-03 6.454295228259073619e-03 6.455818951803647503e-03 6.454295177001821704e-03 6.456327371826980216e-03 6.454802751173477522e-03 6.455819188353552167e-03 6.454295580234132093e-03 6.452773532329013524e-03 6.457343645957919036e-03 6.454803357327222775e-03 6.455818581167257868e-03 6.454295731340281388e-03 6.453787612389533072e-03 6.453787814199160242e-03 6.455818394451405887e-03 6.454803155589296064e-03 6.451252304634083785e-03 6.453788016954989729e-03 6.453787814837325110e-03 6.455819405535290038e-03 6.453787647608083371e-03 6.456326866550064422e-03 6.455310728409944902e-03 6.453787647499327484e-03 6.453787513011267907e-03 6.452773179104435465e-03 6.454802751571605234e-03 6.456834896095675798e-03 6.454295177460948364e-03 6.454295579825747829e-03 6.456327574387458156e-03 6.452266258747658620e-03 6.456326968345136794e-03 6.455310895283107760e-03 6.453787864827870667e-03
6.452773110672107952e-03 6.451247028823978158e-03 6.452770535488791363e-03 0.000000000000000000e+00 6.452262929470067160e-03 6.453279721062354923e-03 6.451246978118874847e-03 6.451248256468169323e-03 6.449723496412142383e-03 6.454297340292969483e-03 6.453788583286571186e-03 6.451754474693184582e-03 6.450738446626726186e-03 6.451247870260279002e-03 6.457353293986304796e-03 6.451755351502388817e-03 6.454296766264906553e-03 6.452771564764324223e-03 6.453279993047988591e-03 6.451754610657368938e-03 6.452771479576139592e-03 6.452771700425038656e-03 6.452263199022207317e-03 6.452263537213460964e-03 6.451246607346725753e-03 6.450738616409531188e-03 6.452771380496442021e-03 6.452263148083857425e-03 6.450232152347942609e-03 6.453790703789256955e-03 6.452771025750233050e-03 6.450738531197984169e-03 6.450743892696653679e-03 6.453284953604597300e-03 6.450237443604549953e-03 6.450236686071689728e-03 6.453285408118672115e-03 6.452777151019261151e-03 6.454811733202940605e-03 6.450236180399679387e-03 6.451252658610893455e-03 6.452268225102713098e-03 6.456849082098034716e-03 6.452269033763034962e-03 6.453285560569834919e-03 6.450236281615595244e-03 6.451252152706783184e-03 6.452269185530794780e-03 6.451760156651840765e-03 6.449729981891054106e-03 6.452268108297300533e-03 6.451252355797860993e-03 6.453284851305156680e-03 6.450237596044866399e-03 6.450236670730228987e-03 6.451251747850452432e-03 6.450743085333101798e-03 6.451252456895977851e-03 6.451760613072152900e-03 6.448714689432397812e-03 6.448714285578994836e-03 6.450236533729739909e-03 6.450745323020610177e-03 6.451760157633621394e-03 6.451250977722719146e-03 6.451251296308743895e-03 6.451251836009898322e-03 6.450743576190725442e-03 6.452776189364038684e-03 6.452266509562849285e-03 6.453793160540563685e-03 6.449727948415136074e-03 6.451759755829971146e-03 6.451759182756349603e-03 6.452268110045715314e-03 6.450743742633956168e-03 6.453284382541560164e-03 6.451251548684019087e-03 6.452775683271011822e-03 6.452267705146778887e-03 6.450743844960154898e-03 6.451759587159060574e-03 6.453284702371444095e-03 6.448713869074600494e-03 6.451759739740158504e-03 6.451251128152711393e-03 6.450743338379822528e-03 6.451759690066400342e-03 6.451251113735652701e-03 6.451251481902630508e-03 6.452775800953319298e-03 6.453793093903458129e-03 6.450743743902553375e-03 6.451251634603804262e-03 6.452776341399491487e-03 6.451251801759851946e-03 6.453285307482506915e-03 6.451759702912369422e-03 6.452776796674937303e-03 6.451252204555899331e-03 6.449729173712216018e-03 6.454302237182915972e-03 6.451760309457208083e-03 6.452776188967896363e-03 6.451252355759083852e-03 6.450743908722497526e-03 6.450744110662219415e-03 6.452776001694885896e-03 6.451760107589400890e-03 6.448206963100605940e-03 6.450744313549268590e-03 6.450744111344618864e-03 6.452777013430915053e-03 6.450743944442002137e-03 6.453284801879818726e-03 6.452268008508565966e-03 6.450743944420493300e-03 6.450743809280931433e-03 6.449728820259722183e-03 6.451759703310786832e-03 6.453793159169414831e-03 6.451251801610899915e-03 6.451252204146880158e-03 6.453285510173613002e-03 6.449221572420819719e-03 6.453284903784612357e-03 6.452268175010737392e-03 6.450744161323690093e-03
6.456325045103893448e-03 6.453785223874618573e-03 6.455307913000985116e-03 6.452262929470067160e-03 0.000000000000000000e+00 6.455816826249784375e-03 6.453785172794265085e-03 6.454800747974671904e-03 6.452262508814659084e-03 6.455817399674068126e-03 6.455308856704779913e-03 6.454292397530233052e-03 6.453277133542399679e-03 6.453785627976553647e-03 6.459887778043841254e-03 6.453277574226087138e-03 6.456833326125764778e-03 6.455308723083858294e-03 6.455817316398877563e-03 6.454292751670878681e-03 6.454292618006912501e-03 6.454293713544961668e-03 6.454800630301805661e-03 6.454801186665890672e-03 6.452769480963156147e-03 6.453277302480778591e-03 6.455309194866571884e-03 6.453785157084970976e-03 6.453784651101872674e-03 6.456325752280181463e-03 6.455308402408500498e-03 6.453276999271233445e-03 6.453280365559771296e-03 6.455820060653475433e-03 6.452774189128298622e-03 6.452773431958640921e-03 6.455820514923645524e-03 6.455312530495196759e-03 6.457346020030320377e-03 6.452772926602274792e-03 6.453788858121210607e-03 6.454803878555798700e-03 6.459382275126782959e-03 6.454804686825676811e-03 6.455820667292834839e-03 6.452773027763782782e-03 6.453788352532650006e-03 6.454804838511854319e-03 6.454296083285023834e-03 6.452267000413460310e-03 6.454803761516054485e-03 6.453788555470579488e-03 6.455819958452782212e-03 6.452774341529525677e-03 6.452773634989538570e-03 6.453787947850117730e-03 6.453279558498854068e-03 6.453788656514492308e-03 6.454296539416361396e-03 6.451252254292645302e-03 6.451251850656356847e-03 6.452773279742436870e-03 6.453281795324089520e-03 6.454296084309971322e-03 6.453787395803711746e-03 6.453787495767362818e-03 6.453788253552488266e-03 6.453280485322079006e-03 6.455311787718108658e-03 6.453788086576478858e-03 6.456327993955080120e-03 6.452265185583482172e-03 6.454295681938112400e-03 6.454295327704847283e-03 6.454803981336326713e-03 6.453280433393712885e-03 6.455819707813969556e-03 6.453787748050947466e-03 6.455311281896636277e-03 6.454803576698605813e-03 6.453280535707892583e-03 6.454295731846793754e-03 6.455819808902045834e-03 6.451251651787250768e-03 6.454295884345420328e-03 6.453787546206592000e-03 6.453280029444156789e-03 6.454295834426270785e-03 6.453787750226350553e-03 6.453787899635410330e-03 6.455311180885365749e-03 6.456328145951113068e-03 6.453280434704502036e-03 6.453788052341139468e-03 6.455311939584485771e-03 6.453788000990671320e-03 6.455820414385053316e-03 6.454295629833088112e-03 6.455312176428611680e-03 6.453788404353451129e-03 6.452266192713143091e-03 6.456836797719241877e-03 6.454296236051999987e-03 6.455311569133970022e-03 6.453788555475765444e-03 6.453280381873385818e-03 6.453280583704676214e-03 6.455311382303349603e-03 6.454296034292438672e-03 6.450744801286933949e-03 6.453280786482345870e-03 6.453280584342928686e-03 6.455312393495878619e-03 6.453280417277372852e-03 6.455819909053828534e-03 6.454803661868923660e-03 6.453280417124705043e-03 6.453280282484575268e-03 6.452265839450603210e-03 6.454295630231259191e-03 6.456327993194303262e-03 6.453788001537207226e-03 6.453788403944963649e-03 6.455820616967267341e-03 6.451758864542837639e-03 6.455820010859963237e-03 6.454803828578262702e-03 6.453280634338851886e-03
6.456324304991440353e-03 6.454801688613570274e-03 6.456324269907302502e-03 6.453279721062354923e-03 6.455816826249784375e-03 0.000000000000000000e+00 6.454801200376317563e-03 6.455816557294756855e-03 6.453279518866678055e-03 6.456832671586837380e-03 6.457340679201900233e-03 6.454292733966243180e-03 6.454293051800103972e-03 6.453786670787744345e-03 6.460902715794978983e-03 6.455309411441637057e-03 6.457848918611825903e-03 6.455308740153357754e-03 6.455816407488942400e-03 6.454292868848736375e-03 6.456324776509866220e-03 6.455308875072016464e-03 6.454800696946166698e-03 6.454801471994504707e-03 6.454801923572794226e-03 6.454293876216835035e-03 6.456325113710536384e-03 6.455817045554331987e-03 6.454801334677014862e-03 6.458357457521432705e-03 6.455308418798695255e-03 6.454293792098342482e-03 6.454295968420992353e-03 6.456834679512874625e-03 6.453789463833582360e-03 6.453788925607596011e-03 6.456835133729047979e-03 6.456327477202639803e-03 6.458360529554668140e-03 6.453788420447681244e-03 6.454803914196482681e-03 6.455818935065858397e-03 6.460396346814573781e-03 6.455819524315771149e-03 6.456835286109414984e-03 6.453788302675435296e-03 6.454803408760574276e-03 6.455819676056781531e-03 6.455311249069209736e-03 6.453282384321118621e-03 6.456834879381223059e-03 6.454803611611048542e-03 6.456834796191289819e-03 6.453789616114353686e-03 6.453788909792861940e-03 6.454803004121346770e-03 6.454294724005239618e-03 6.454803712676872654e-03 6.455311486152115127e-03 6.452267856872349362e-03 6.452267672152858791e-03 6.453788554687220867e-03 6.454296960624473188e-03 6.455311031187438951e-03 6.454802451703905118e-03 6.454802770579260059e-03 6.454803528201433389e-03 6.454295650338406909e-03 6.456326734468886830e-03 6.454803360941918991e-03 6.457342722032076085e-03 6.453280788112445571e-03 6.455310847372663051e-03 6.455310493084447966e-03 6.455819037388585944e-03 6.454295817272380498e-03 6.456834545301573698e-03 6.454803022720985092e-03 6.456326228668588484e-03 6.455818632794122977e-03 6.454295919695579760e-03 6.455310897227152511e-03 6.456834646323997631e-03 6.452267472672629581e-03 6.455311049692858370e-03 6.454802820963946065e-03 6.454295413409658587e-03 6.455310780911441108e-03 6.454802805896827506e-03 6.454803174316722791e-03 6.456326127766547421e-03 6.457342874126883320e-03 6.454295818670028988e-03 6.454803326901777626e-03 6.456326886346468522e-03 6.454803275606336641e-03 6.456835251590064065e-03 6.455310795017323369e-03 6.456327122776804768e-03 6.454803678751706159e-03 6.453281794807680556e-03 6.457851416294051010e-03 6.455311401149583204e-03 6.456326515567766509e-03 6.454803829798016167e-03 6.454295765632627260e-03 6.454295967420594672e-03 6.456326328966858173e-03 6.455311199389587341e-03 6.451760731200837685e-03 6.454296170154348068e-03 6.454295968014877108e-03 6.456327339941977765e-03 6.454296019386442096e-03 6.456834746279937857e-03 6.455818936210879974e-03 6.454295800731902309e-03 6.454295666352237795e-03 6.453281441621112023e-03 6.455310795415384294e-03 6.457342721184548308e-03 6.454803276065386106e-03 6.454803678299770794e-03 6.456835454084964253e-03 6.452774575948892408e-03 6.456834848151519340e-03 6.455818884445227446e-03 6.454296018043864137e-03
6.455309528007051496e-03 6.451754597135758024e-03 6.453277571859234764e-03 6.451246978118874847e-03 6.453785172794265085e-03 6.454801200376317563e-03 0.000000000000000000e+00 6.453784903708179206e-03 6.451246557474059860e-03 6.454802749238403893e-03 6.455309242342899441e-03 6.453276663563795902e-03 6.452261181154287685e-03 6.451755438717791252e-03 6.457856980551212808e-03 6.453277321027804485e-03 6.455818355537935350e-03 6.454293207277047792e-03 6.454801909107118173e-03 6.453276798785535090e-03 6.454293121851958047e-03 6.454293780174045862e-03 6.452769683257530975e-03 6.453785342539436996e-03 6.452769396615168351e-03 6.452261350591635518e-03 6.454293897244714993e-03 6.453784953969692040e-03 6.452768807684835899e-03 6.456327332055589174e-03 6.454293542656383206e-03 6.452261265897920803e-03 6.452265604238132182e-03 6.454805627290250217e-03 6.451759100248267639e-03 6.451758342959589693e-03 6.454806081657985493e-03 6.454297988103375495e-03 6.456331914754017375e-03 6.451757837450706676e-03 6.452773987674130171e-03 6.453789226585611959e-03 6.458368607400138788e-03 6.453790034985408715e-03 6.454806234016246050e-03 6.451757938633969833e-03 6.452773481933124673e-03 6.453790186747915790e-03 6.453281322046378228e-03 6.451251802320253498e-03 6.453789109709521556e-03 6.452773685002237414e-03 6.454805524980131506e-03 6.451759252682638321e-03 6.451758327515122807e-03 6.452773077251015670e-03 6.452264797090932411e-03 6.452773786067874176e-03 6.453281778275839556e-03 6.450236837636907569e-03 6.450236434001140398e-03 6.451758190710521305e-03 6.452266815772236125e-03 6.453281322984096013e-03 6.452772306653842792e-03 6.452772625245368349e-03 6.452773383193491884e-03 6.452265287094246377e-03 6.454297245152403918e-03 6.452773216238675592e-03 6.455313669876338277e-03 6.451249987230034746e-03 6.453280920743845357e-03 6.453280566346798926e-03 6.453789329562572251e-03 6.452265453635638165e-03 6.454805274505673492e-03 6.452772877495647173e-03 6.454296739134672729e-03 6.453788924794067079e-03 6.452265556059567746e-03 6.453280970663159699e-03 6.454805375571656331e-03 6.450236235175863843e-03 6.453281123194723468e-03 6.452772675651704572e-03 6.452265049599190637e-03 6.453280854718578506e-03 6.452772660999701870e-03 6.452773029156530678e-03 6.454296638189215875e-03 6.455313822036346828e-03 6.452265455034504431e-03 6.452773181807872765e-03 6.454297397095199069e-03 6.452773130489915937e-03 6.454805981098034502e-03 6.453280868409601648e-03 6.454297633873262371e-03 6.452773533721567999e-03 6.451250994358613197e-03 6.455822582962888849e-03 6.453281474802654606e-03 6.454297245607486938e-03 6.452773684876235774e-03 6.452265401973923328e-03 6.452265603804760094e-03 6.454296839476266270e-03 6.453281272956066551e-03 6.449729275260903012e-03 6.452265806582428882e-03 6.452265604399464068e-03 6.454297850886253282e-03 6.452265655923117467e-03 6.454805475570719181e-03 6.453789228427922117e-03 6.452265437377560815e-03 6.452265302563971704e-03 6.451250641063915013e-03 6.453280868763987439e-03 6.455313668984646175e-03 6.452773130906246102e-03 6.452773533356746978e-03 6.454806183680090667e-03 6.450743556969879174e-03 6.454805577442474136e-03 6.453789176509830763e-03 6.452265654449814217e-03
6.456324776126393453e-03 6.453785392045278263e-03 6.455308081367724937e-03 6.451248256468169323e-03 6.454800747974671904e-03 6.455816557294756855e-03 6.453784903708179206e-03 0.000000000000000000e+00 6.452262240079207657e-03 6.455817349274704624e-03 6.456325146363701278e-03 6.454292128794298505e-03 6.452261922249198818e-03 6.453786233731808632e-03 6.458871143717934832e-03 6.454293223854011552e-03 6.455816775825995966e-03 6.455308673013739236e-03 6.455817047082603420e-03 6.453276782670610591e-03 6.455308587980697864e-03 6.455309245605271584e-03 6.454800142302747831e-03 6.453785275629907864e-03 6.453785189420941683e-03 6.453277252302378961e-03 6.454293342920711628e-03 6.454800528919367626e-03 6.453784600906456274e-03 6.457341924189745688e-03 6.455308790185490704e-03 6.453277167879719993e-03 6.453280315427223877e-03 6.455820010722760488e-03 6.452774139165298739e-03 6.452773381995616751e-03 6.455820464992914100e-03 6.455312480559177897e-03 6.457345970115838975e-03 6.452772876639271439e-03 6.453788808168985092e-03 6.454803828614301582e-03 6.459382225190081483e-03 6.454804636884232602e-03 6.455820617362165864e-03 6.452772977800789837e-03 6.453788302536674765e-03 6.454804788570377150e-03 6.454296033338172492e-03 6.452266950445104468e-03 6.454803711574673593e-03 6.453788505518347901e-03 6.455819908478367848e-03 6.452774291522815099e-03 6.452773366366034921e-03 6.453787897897874867e-03 6.453279508453721100e-03 6.453788606562230364e-03 6.454296489469497911e-03 6.451252204313531573e-03 6.451251800677169392e-03 6.452773229779403159e-03 6.453281745366444729e-03 6.454296034319373723e-03 6.453787127190753481e-03 6.453787445946152293e-03 6.453788203687622557e-03 6.453280216741968597e-03 6.455311737825637428e-03 6.453788255066194961e-03 6.456327944029609245e-03 6.452265135614752498e-03 6.454295632078527190e-03 6.454295277714036314e-03 6.454803931482277005e-03 6.453280383435942326e-03 6.455819657926948826e-03 6.453787698142163763e-03 6.455311231916632635e-03 6.454803526800776022e-03 6.453280485837633619e-03 6.454295681943555962e-03 6.455819759014875051e-03 6.451251601851574514e-03 6.454295834442200751e-03 6.453787496297962688e-03 6.453279979486332453e-03 6.454295565835199526e-03 6.453787481460285594e-03 6.453787849726787089e-03 6.455311131036594804e-03 6.456328096113263942e-03 6.453280384834273430e-03 6.453788002344991621e-03 6.455311889735829319e-03 6.453787951081986496e-03 6.455820364367326376e-03 6.454295579755535764e-03 6.455312345038494680e-03 6.453788354270385830e-03 6.452266142570346058e-03 6.456836747712237264e-03 6.454296185974438965e-03 6.455311738324075524e-03 6.453788505348998991e-03 6.453280331785091195e-03 6.453280533572533853e-03 6.455311332236459733e-03 6.454295984302423073e-03 6.450744751171735500e-03 6.453280736350202641e-03 6.453280534210780253e-03 6.455312343472820007e-03 6.453280367014047232e-03 6.455819859036120677e-03 6.454803611621580048e-03 6.453280585647912584e-03 6.453280232440006085e-03 6.452265789351643507e-03 6.454295580109798390e-03 6.456327943181758809e-03 6.453787951453942434e-03 6.453788353862084833e-03 6.455820566949549075e-03 6.451758814438384934e-03 6.455819960842045478e-03 6.454803778462172605e-03 6.453280584250445373e-03
6.453788010680082052e-03 6.451246826802569008e-03 6.452770333117850178e-03 6.449723496412142383e-03 6.452262508814659084e-03 6.453279518866678055e-03 6.451246557474059860e-03 6.452262240079207657e-03 0.000000000000000000e+00 6.454296919212671249e-03 6.453787943922631790e-03 6.451753398431025327e-03 6.449723663369162641e-03 6.451247449528398244e-03 6.457353310467654067e-03 6.451755149546984161e-03 6.453281302677634640e-03 6.452771362830652183e-03 6.453280009824739587e-03 6.451753971291223841e-03 6.451756057743483069e-03 6.452771498568048332e-03 6.452262559929835412e-03 6.452263116383357561e-03 6.451246405019369495e-03 6.450738195759040186e-03 6.452771397136512418e-03 6.452262727221315559e-03 6.451246253887312106e-03 6.454805485573760111e-03 6.452771042532106684e-03 6.450738329132567686e-03 6.450743690074323307e-03 6.453284751048104020e-03 6.450237240916737239e-03 6.450236483340267800e-03 6.453285205562210060e-03 6.452776948353404832e-03 6.454811530712168191e-03 6.450235977711799885e-03 6.451252455966852151e-03 6.452268022458842664e-03 6.456848879694957778e-03 6.452268831162765068e-03 6.453285358013341640e-03 6.450236078927720079e-03 6.451251950062719329e-03 6.452268982930539631e-03 6.451759954029664783e-03 6.449729779181373468e-03 6.452267905696929158e-03 6.451252153153807546e-03 6.453284648748658196e-03 6.450237393357063226e-03 6.450236468086087069e-03 6.451251545206339137e-03 6.450742882666967923e-03 6.451252254252036293e-03 6.451760410406391123e-03 6.448714486678906732e-03 6.448714082825528042e-03 6.450236331041878622e-03 6.450745120311170665e-03 6.451759955011441075e-03 6.451250774469004939e-03 6.451251092967836415e-03 6.451251851160396365e-03 6.450743591335712269e-03 6.452776204880055107e-03 6.451251684434450816e-03 6.453792957439568462e-03 6.449727963418534771e-03 6.451759552554512181e-03 6.451759198043081553e-03 6.452268125381634481e-03 6.450743757647895912e-03 6.453284398062588204e-03 6.451251345343256456e-03 6.452775698699228686e-03 6.452267720482593970e-03 6.450743860105193767e-03 6.451759602445920894e-03 6.453284499204976071e-03 6.448713883936482184e-03 6.451759755026876576e-03 6.451251143390411384e-03 6.450743353481183662e-03 6.451759486615764663e-03 6.451251347606395785e-03 6.451251497009238313e-03 6.452775597677476091e-03 6.453793109604729142e-03 6.450743759047509844e-03 6.451251649753985719e-03 6.452776356828019734e-03 6.451251598375415050e-03 6.453285104882572690e-03 6.451759500202944655e-03 6.452776812636868732e-03 6.451252001868334682e-03 6.449728970915368995e-03 6.454302034626698513e-03 6.451760106747832756e-03 6.452775986258490679e-03 6.451252153027831927e-03 6.450743705969316094e-03 6.450743907909082218e-03 6.452775799029189172e-03 6.451759904967491188e-03 6.448206760281832012e-03 6.450744110796123587e-03 6.450743908547865516e-03 6.452776810809071270e-03 6.450743741732494971e-03 6.453284599279805571e-03 6.452267805864673848e-03 6.450743960186014134e-03 6.450743606571488452e-03 6.449728617462817913e-03 6.451759500601351657e-03 6.453792956635035806e-03 6.451251598836072604e-03 6.451252001415607416e-03 6.453285307573656225e-03 6.449221369645825874e-03 6.453284701184770940e-03 6.452267972323214376e-03 6.450743958614308694e-03
6.458357272658823110e-03 6.455818542460163914e-03 6.457341015238017568e-03 6.454297340292969483e-03 6.455817399674068126e-03 6.456832671586837380e-03 6.454802749238403893e-03 6.455817349274704624e-03 6.454296919212671249e-03 0.000000000000000000e+00 6.457340444006341024e-03 6.456325717074505414e-03 6.455310234017843860e-03 6.455819165528705987e-03 6.460901032604682639e-03 6.455310472584539772e-03 6.458865554688711028e-03 6.457341605652030386e-03 6.457849324430464145e-03 6.455309731424788144e-03 6.456325298688541520e-03 6.457341959819603260e-03 6.455817231001904216e-03 6.455818005832417335e-03 6.455818777824315693e-03 6.455311276927529554e-03 6.457342296265729427e-03 6.456833461859059174e-03 6.455818407042541486e-03 6.459374203253204563e-03 6.456325500635818997e-03 6.455311193190773310e-03 6.455312394041422264e-03 6.457850995928929826e-03 6.454806436005677307e-03 6.454805679205457593e-03 6.457851450003842045e-03 6.457343683849695558e-03 6.459376298758532850e-03 6.454805174066914619e-03 6.455820667914642999e-03 6.456835251308205327e-03 6.461411678182620542e-03 6.456836059186867732e-03 6.457851602307508251e-03 6.454805275141036781e-03 6.455820162499942456e-03 6.456836210807715554e-03 6.456327674683787557e-03 6.454299465826099196e-03 6.456835352973478749e-03 6.455820365394028537e-03 6.457850893772394858e-03 6.454806588296882995e-03 6.454805663292961446e-03 6.455819758035304459e-03 6.455311587327678714e-03 6.455820466394439697e-03 6.456328130574864183e-03 6.453285157047819638e-03 6.453284753629066374e-03 6.454805527011195192e-03 6.455313823523435926e-03 6.456327675620673542e-03 6.455819206096092243e-03 6.455819306190771316e-03 6.455820063649793036e-03 6.455312295180067397e-03 6.457342941813392495e-03 6.455819896368742046e-03 6.458358710638434363e-03 6.454297651777411889e-03 6.456327273509270340e-03 6.456326919384861723e-03 6.456835354044700853e-03 6.455312462179520726e-03 6.457850643241257356e-03 6.455819558365793499e-03 6.457342436165751549e-03 6.456834949581125374e-03 6.455312564492983116e-03 6.456327323396790670e-03 6.457850744329527055e-03 6.453284554845583644e-03 6.456327475829541987e-03 6.455819356564617036e-03 6.455312058403764840e-03 6.456327425757926730e-03 6.455819560322122695e-03 6.455819709885068057e-03 6.457342335241635263e-03 6.458358862612939393e-03 6.455312463533028310e-03 6.455819862524562851e-03 6.457343093614509311e-03 6.455819811152817451e-03 6.457851349508631801e-03 6.456327221383469268e-03 6.457343330066917311e-03 6.455820214298252022e-03 6.454298658430273651e-03 6.458867295474287479e-03 6.456327827341455314e-03 6.457342942354852601e-03 6.455820365355807375e-03 6.455312410681581133e-03 6.455312612382184401e-03 6.457342536529454141e-03 6.456327625668638846e-03 6.452777922760397425e-03 6.455312815072292154e-03 6.455312613019980640e-03 6.457343547286942265e-03 6.455312445693132950e-03 6.457850844394767004e-03 6.456835034293756381e-03 6.455312445715653998e-03 6.455312311335013702e-03 6.454298305363676859e-03 6.456327221737545412e-03 6.458358709834339725e-03 6.455819811654744944e-03 6.455820213934075451e-03 6.457851552003702859e-03 6.453791548893054661e-03 6.457850946112878368e-03 6.456835201264954534e-03 6.455312662994509496e-03
6.457848296466831527e-03 6.454293929638461533e-03 6.455816742415920045e-03 6.453788583286571186e-03 6.455308856704779913e-03 6.457340679201900233e-03 6.455309242342899441e-03 6.456325146363701278e-03 6.453787943922631790e-03 6.457340444006341024e-03 0.000000000000000000e+00 6.455816960190909927e-03 6.454802023717523540e-03 6.454294989961570361e-03 6.460393255306254474e-03 6.454801656382537327e-03 6.458357289160703701e-03 6.455816895618291841e-03 6.457341387446118713e-03 6.455817313966101360e-03 6.455816591913645340e-03 6.456833093148968937e-03 6.456325246958534089e-03 6.456325584664180522e-03 6.455309747173976556e-03 6.453786770004570073e-03 6.456833648114302174e-03 6.456324977941141526e-03 6.455309376665547931e-03 6.458865335734008568e-03 6.455817231444315081e-03 6.454801889405721409e-03 6.454804233044503584e-03 6.457342889822763679e-03 6.454298001800118020e-03 6.454297244918394058e-03 6.457343343946496221e-03 6.456835523197828990e-03 6.458868356790433557e-03 6.454296739681637980e-03 6.455312343031718858e-03 6.456327035748120162e-03 6.460903955225714979e-03 6.456327843713750327e-03 6.457343496222800634e-03 6.454296840810497607e-03 6.455311837562598305e-03 6.456327995394649071e-03 6.455819404436255980e-03 6.453790976960960962e-03 6.456326918506811487e-03 6.455312040522321118e-03 6.457342787567653918e-03 6.454298154151681677e-03 6.454297229054737316e-03 6.455311433098178016e-03 6.454803426375122118e-03 6.455312141533613331e-03 6.455819860420292100e-03 6.452776558795509342e-03 6.452776155376887916e-03 6.454297092751495185e-03 6.454805444056964901e-03 6.455819405373350132e-03 6.455310881186622496e-03 6.455310981204692711e-03 6.455311738745287201e-03 6.454803915686804436e-03 6.456834780987056981e-03 6.455311571496862022e-03 6.457850659206000772e-03 6.453789162760286725e-03 6.455819003262155964e-03 6.455818649099601646e-03 6.456327138539185752e-03 6.454804082566113418e-03 6.457342537096894333e-03 6.455311233406885868e-03 6.456834275285010770e-03 6.456326734032064377e-03 6.454804184890685845e-03 6.455819053154978476e-03 6.457342638196059831e-03 6.452775956571761909e-03 6.455819205604210534e-03 6.455311031583971584e-03 6.454803678746882760e-03 6.455819155614537543e-03 6.455311235450850692e-03 6.455311384942469428e-03 6.456834174350012563e-03 6.457850811196815671e-03 6.454804083919873404e-03 6.455311537598570730e-03 6.456834932804488870e-03 6.455311486221164061e-03 6.457343243440541967e-03 6.455818951043501217e-03 6.456835169158281311e-03 6.455311889322906151e-03 6.453790169434439616e-03 6.458359298756394078e-03 6.455819557110512030e-03 6.456834781397591434e-03 6.455312040396661219e-03 6.454804031019211255e-03 6.454804232741586170e-03 6.456834375616048519e-03 6.455819355372195874e-03 6.452269269791863389e-03 6.454804435409827734e-03 6.454804233335719420e-03 6.456835386482346305e-03 6.454804284701935388e-03 6.457342738184787198e-03 6.456327037459808245e-03 6.454804065976376889e-03 6.454803931662029051e-03 6.453789816329774318e-03 6.455818951397622463e-03 6.457850658358252685e-03 6.455311486723598960e-03 6.455311888958609016e-03 6.457343445913671376e-03 6.453283005256871957e-03 6.457342840001440397e-03 6.456326985699614891e-03 6.454804283359335745e-03
6.455816807958633663e-03 6.453277151480646921e-03 6.454799785827444562e-03 6.451754474693184582e-03 6.454292397530233052e-03 6.454292733966243180e-03 6.453276663563795902e-03 6.454292128794298505e-03 6.451753398431025327e-03 6.456325717074505414e-03 6.455816960190909927e-03 0.000000000000000000e+00 6.451753567586288041e-03 6.452262394267326527e-03 6.459380580740861459e-03 6.453784819613700430e-03 6.455309679365175447e-03 6.454800596095760547e-03 6.454293442640345220e-03 6.453783859179811760e-03 6.453784870493775756e-03 6.454800731572653272e-03 6.454292011159525055e-03 6.454292567419232622e-03 6.453276729893857137e-03 6.452768519895871364e-03 6.454800630413993698e-03 6.454292616219026689e-03 6.453276578696702515e-03 6.456833628187695802e-03 6.454800275600412404e-03 6.451753870825280117e-03 6.452772506927857178e-03 6.455312257047422786e-03 6.452266057347528540e-03 6.452265300140174430e-03 6.455312711322646994e-03 6.454804890856847242e-03 6.456838380665312106e-03 6.452264794729383954e-03 6.453280835673748557e-03 6.454295965529309800e-03 6.458874854749003212e-03 6.454296773842366913e-03 6.455312863708317049e-03 6.452264895901736567e-03 6.453280329987012148e-03 6.454296925588615293e-03 6.453788115522131157e-03 6.451758813967694607e-03 6.454296067423332534e-03 6.453280532990596577e-03 6.455312154792065826e-03 6.452266209765349959e-03 6.452265284559480576e-03 6.453279925304654212e-03 6.452771481184869234e-03 6.453280634045349684e-03 6.453788571658736206e-03 6.450743958492447840e-03 6.450743554856410919e-03 6.452265147951222884e-03 6.452773718243959289e-03 6.453788116503384430e-03 6.453279154739792293e-03 6.453279473391394794e-03 6.453280231258118164e-03 6.452772189680063171e-03 6.454803929517741699e-03 6.453280064227279351e-03 6.455820245071435502e-03 6.451756999116527690e-03 6.453787714306440278e-03 6.453787359947478833e-03 6.454296068451583802e-03 6.452772356297547737e-03 6.455311904257042543e-03 6.453279725658339974e-03 6.454803423554302151e-03 6.454295663726544729e-03 6.452772458710421058e-03 6.453787764176678425e-03 6.455312005355920077e-03 6.450743356096320068e-03 6.453787916691799617e-03 6.453279523792335159e-03 6.452771952304498654e-03 6.453787648106465089e-03 6.453279727746278303e-03 6.453279877259181230e-03 6.454803322575917643e-03 6.455820397171368845e-03 6.452772357696165070e-03 6.453280029937741996e-03 6.454804081400483326e-03 6.453279978581622986e-03 6.455312610773649915e-03 6.453787661890392213e-03 6.454804536752419171e-03 6.453280381813862251e-03 6.451758006093251049e-03 6.456329103468230746e-03 6.453788268218334061e-03 6.454803710611516088e-03 6.453280532908617882e-03 6.452772304597644698e-03 6.452772506450750109e-03 6.454803523797612332e-03 6.453788066480827153e-03 6.450236450721596147e-03 6.452772709206557912e-03 6.452772507045321376e-03 6.454804535142798748e-03 6.452772558563841729e-03 6.455312105300521283e-03 6.454295967328276158e-03 6.452772558487720328e-03 6.452772205242041093e-03 6.451757652792620111e-03 6.453787662288586711e-03 6.455820244223748131e-03 6.453279979041661243e-03 6.453280381361489737e-03 6.455312813333910146e-03 6.451250623320890949e-03 6.455312207248923261e-03 6.454295915415425404e-03 6.452772557134136416e-03
