0.000000000000000000e+00 1.357575296488430436e-02 1.238028574547090505e-02 1.315468477833172008e-02 1.180439049446971485e-02 1.324942015594485212e-02 1.241160778588031553e-02 1.325748136387928239e-02 1.317572406434406977e-02 1.205753378206960227e-02 1.088703594773029158e-02 1.272185517894997356e-02 1.433166671188802754e-02 1.219537862383354015e-02 1.334955847589563982e-02 1.184390116508832365e-02 1.199759313207390127e-02 1.213225469229207640e-02 1.413866240254023701e-02 1.228566046151597681e-02 1.160700058295706730e-02 1.206952994926627915e-02 1.241864174424218287e-02 1.183727927472797217e-02 1.098510387272982544e-02 1.219648323969312227e-02 1.203708731127790636e-02 1.319641111395833920e-02 1.306680593361776721e-02 1.231895511247225149e-02 1.328145770788344282e-02 1.314014685523018713e-02 1.296464862838356616e-02 1.411129251157765968e-02 1.212722952368917168e-02 1.334644480008582816e-02 1.137184527862392970e-02 1.089633697417929231e-02 1.424005776168138504e-02 1.243620472727054692e-02 1.332783915773655056e-02 1.307251946991329870e-02 1.102245065683846864e-02 1.356199223888242440e-02 1.198929389907027812e-02 1.270915247268441031e-02 1.261867742723899420e-02 1.323044933402168361e-02 1.131290211026131712e-02 1.209302718556272589e-02 1.195383783474037939e-02 1.226018233400189526e-02 1.414202312780518840e-02 1.187507364284781826e-02 1.362860376081816843e-02 1.230827020720786334e-02 1.159986358635355444e-02 1.148091317664686091e-02 1.104823339211723730e-02 1.187330276656416682e-02 1.135993925227301443e-02 1.164458865843033368e-02 1.098386454880186797e-02 1.089992161400709855e-02 1.192007444308777232e-02 1.337756557661498764e-02 1.430694796893959043e-02 1.356460257114627116e-02 1.165027763881584626e-02 1.138611251356860810e-02 1.404204102012779690e-02 1.321000914970161741e-02 1.237119477108331381e-02 1.292931060543557262e-02 1.413359729117138336e-02 1.213150425411653639e-02 1.278527784033419226e-02 1.199272914008091620e-02 1.364091380105962245e-02 1.218188386916308624e-02 1.242607904472550068e-02 1.198956008706578494e-02 1.240773417378735616e-02 1.211897950867200750e-02 1.244386427587555917e-02 1.074990678185959968e-02 1.061025697988366226e-02 1.122989127846688202e-02 1.317660420193487135e-02 1.194029100520263044e-02 1.219643194446650390e-02 1.167515038470706874e-02 1.301209418810880987e-02 1.438171982387574134e-02 1.220988387096188545e-02 1.306117686937960723e-02 1.401596872697421191e-02 1.144493771619269941e-02 1.455423145238422290e-02 1.261729840512523446e-02 1.160602327316376595e-02 1.255401311917347766e-02 1.138400614364063965e-02 1.199075324574128479e-02 1.470180223101303328e-02 1.156215700053762549e-02 1.162583837105313038e-02 1.289674228809193843e-02 1.355576479802235272e-02 1.212455785698220156e-02 1.228599715619029843e-02 1.214908558924499005e-02 1.205472857180407524e-02 1.158474031345717650e-02 1.193093582274167702e-02 1.118978217123315147e-02 1.146964823431543060e-02 1.235737120446869439e-02 1.194992682915052042e-02 1.286205215472803476e-02 1.136619385139093531e-02 1.095289487107942508e-02 1.207546817221864452e-02 1.149830649659591524e-02 1.310068701178253477e-02 1.124865098603410399e-02 1.158981331933009624e-02 1.212533168684197353e-02
1.357575296488430436e-02 0.000000000000000000e+00 1.238026641040995690e-02 1.370664727371073699e-02 1.232483727002191276e-02 1.374451896045709304e-02 1.301987469889478825e-02 1.306401854978141500e-02 1.374040906529678391e-02 1.331360841012500101e-02 1.197171796485150055e-02 1.313333234017762322e-02 1.399415775356847337e-02 1.272310849990626949e-02 1.375107578292978326e-02 1.241458710190851411e-02 1.255282643619200222e-02 1.262146760836613604e-02 1.458018478231665020e-02 1.293015369654523621e-02 1.210856361200176104e-02 1.266613739902225019e-02 1.296338849196270772e-02 1.249727257396362513e-02 1.209453140058312608e-02 1.281433000469536961e-02 1.255130881845691396e-02 1.371298908738520506e-02 1.441991626606308613e-02 1.274924579501621712e-02 1.378817120988939243e-02 1.361042971633032173e-02 1.346775790622381334e-02 1.454601283098188452e-02 1.269120700765378335e-02 1.385592859411002159e-02 1.198429978553777753e-02 1.203430099295407611e-02 1.391880385262755926e-02 1.297755092147783243e-02 1.375351838023761673e-02 1.351118377019458472e-02 1.163694310533228485e-02 1.326391303527043805e-02 1.252396997404137645e-02 1.318738930322502570e-02 1.301595453698656084e-02 1.374442963016445085e-02 1.195447622278498351e-02 1.262235044826129013e-02 1.247041555694015230e-02 1.280693970536396151e-02 1.460200912890440364e-02 1.243624604601930271e-02 1.401178517718215839e-02 1.283712450802268479e-02 1.175405490253654019e-02 1.199254780713773089e-02 1.163811597160585402e-02 1.237377648219839879e-02 1.203215774078337033e-02 1.223338044113067569e-02 1.165624704031935528e-02 1.155540486315127270e-02 1.244565973549577841e-02 1.381168915895898339e-02 1.390780611823853354e-02 1.399998915486738542e-02 1.226582596469510955e-02 1.200936809077489571e-02 1.448014420914011356e-02 1.368708221357229672e-02 1.293574893796926861e-02 1.344116304499706586e-02 1.452173349652900215e-02 1.271247643790510660e-02 1.328543937228277710e-02 1.255105349871138767e-02 1.410576262707718791e-02 1.267756054036497243e-02 1.295985694493054403e-02 1.200053960205821162e-02 1.298047594767157316e-02 1.272498559529282314e-02 1.291642606679056782e-02 1.137183723112767525e-02 1.123073214165849244e-02 1.183529864941258204e-02 1.366651375632624635e-02 1.249060386856415752e-02 1.269949397756098622e-02 1.229388367535409581e-02 1.347213485698699718e-02 1.487895604284956812e-02 1.265675255554664022e-02 1.438056424966908942e-02 1.444145674974822713e-02 1.198413678557277810e-02 1.499296651362740096e-02 1.321194593572835516e-02 1.223933601371764157e-02 1.386952815235963608e-02 1.188130811736229017e-02 1.250158671100535905e-02 1.512880580055635943e-02 1.210410692360834768e-02 1.207159382846761421e-02 1.329416986674825107e-02 1.409448562846189572e-02 1.265733270506480372e-02 1.290459870506634014e-02 1.268913405719692723e-02 1.263772828360141577e-02 1.214263762589667429e-02 1.241553527600800996e-02 1.183815419445189906e-02 1.199005579764350973e-02 1.287700555826237769e-02 1.251124407155479283e-02 1.325225981639589941e-02 1.200419780062989342e-02 1.205841353911782897e-02 1.269887344536566216e-02 1.160015745468521292e-02 1.358617889897590150e-02 1.187448184748989173e-02 1.208525855933980514e-02 1.260719937874249866e-02
1.238028574547090505e-02 1.238026641040995690e-02 0.000000000000000000e+00 1.277951880789951998e-02 1.115841545373716034e-02 1.275673802703178317e-02 1.262809752564892328e-02 1.272994617429574517e-02 1.275299468018639172e-02 1.155725022829967412e-02 1.025723209058318659e-02 1.221899105840273947e-02 1.302309393401252652e-02 1.168083773176157442e-02 1.292114166104338900e-02 1.126740808284546272e-02 1.145339336581920400e-02 1.162582905832232165e-02 1.371226405253200831e-02 1.188415937468136584e-02 1.097105936374512779e-02 1.154522148360894590e-02 1.195257345331443045e-02 1.140784709018153806e-02 1.039191941126361984e-02 1.175675931680517615e-02 1.147079842622224580e-02 1.277966870286420357e-02 1.273977305084507752e-02 1.178229946986283569e-02 1.282094388858672808e-02 1.267973774603066081e-02 1.247683055351470408e-02 1.358829050998131525e-02 1.159239078780475822e-02 1.289428873097211818e-02 1.079706640418271260e-02 1.027487854512877143e-02 1.301302785951180194e-02 1.191450461721169779e-02 1.281037541498703317e-02 1.255227355734907409e-02 1.042363244435573315e-02 1.236441800467668641e-02 1.139978961970804748e-02 1.208705849149697628e-02 1.207611605962910159e-02 1.283521340732471025e-02 1.073271117943854630e-02 1.141264517146027557e-02 1.192452449329935681e-02 1.174908708483942722e-02 1.377784010707183530e-02 1.115521470160784484e-02 1.309369872572867764e-02 1.174881002997561416e-02 1.051100916667921728e-02 1.085404213678073035e-02 1.045797375808585686e-02 1.135226324742598554e-02 1.133219758581012655e-02 1.161376298759799267e-02 1.036193771361782444e-02 1.032959819937776143e-02 1.133317111498142148e-02 1.283629010209027914e-02 1.295887435839049827e-02 1.309420323723078580e-02 1.118968370858802568e-02 1.085507951148852353e-02 1.361676762963517050e-02 1.274710089327473449e-02 1.189740482191876600e-02 1.241874302100854158e-02 1.371231086059786393e-02 1.164240494995864850e-02 1.223880668580858665e-02 1.199097673592954515e-02 1.323349429565474564e-02 1.164672118647819103e-02 1.196635193264255353e-02 1.088537722412808925e-02 1.183722022996844779e-02 1.165286970865452368e-02 1.185493609770414160e-02 1.009076966103147552e-02 9.959521278223441507e-03 1.064426498546456462e-02 1.267315623793664574e-02 1.133535052460137027e-02 1.167093565821414498e-02 1.111708547425628232e-02 1.256929390617820066e-02 1.474284323313873081e-02 1.167715079423927403e-02 1.266473533079564423e-02 1.350807227348803201e-02 1.090129314273774290e-02 1.415569371751285860e-02 1.221347553196276865e-02 1.110069682211588075e-02 1.215383740070630561e-02 1.083102488945050963e-02 1.136609663713782255e-02 1.430187108146374793e-02 1.096977781814015632e-02 1.099043300165248281e-02 1.246084874833434594e-02 1.382233497547053283e-02 1.158048584832655804e-02 1.246610303901730075e-02 1.158880673258322683e-02 1.154026747045425183e-02 1.100952160193061427e-02 1.139006006984429401e-02 1.072393315069520257e-02 1.093833939035373896e-02 1.177847351168816517e-02 1.144275458704895228e-02 1.229889317673302750e-02 1.132942110330699415e-02 1.038350759245011343e-02 1.155713468681328349e-02 1.031840799744884220e-02 1.262121051719229843e-02 1.109720880681601407e-02 1.094376209866742590e-02 1.149972282159994127e-02
1.315468477833172008e-02 1.370664727371073699e-02 1.277951880789951998e-02 0.000000000000000000e+00 1.269768714396277837e-02 1.403435368315429643e-02 1.333510274925642052e-02 1.337360556903196412e-02 1.401862020129017450e-02 1.300300433491658261e-02 1.189640911154902017e-02 1.354073474603262155e-02 1.434975690657071083e-02 1.298393030465803434e-02 1.415388745320290097e-02 1.275769476022764644e-02 1.281894301329966623e-02 1.299113536816980455e-02 1.488373541361505924e-02 1.325585794281858472e-02 1.243905159164267887e-02 1.284297184025740002e-02 1.331545306680225089e-02 1.281733659181312837e-02 1.194813283098741102e-02 1.304820430762771051e-02 1.292026599009703063e-02 1.401500796899158782e-02 1.396716343706390188e-02 1.312468753467502594e-02 1.404633431827757156e-02 1.391640811499757213e-02 1.376185213950315359e-02 1.474573237453577143e-02 1.293047411308003748e-02 1.407429475102404959e-02 1.226879369163691967e-02 1.190378623922992533e-02 1.512337398705999002e-02 1.322538252435037642e-02 1.490082834498676102e-02 1.383897972107089348e-02 1.195273019024083345e-02 1.367205787700622767e-02 1.279136084424796656e-02 1.416674496113826814e-02 1.343591286335322869e-02 1.398499390702404553e-02 1.225603714932064527e-02 1.295970457292510911e-02 1.270111305648460691e-02 1.312716564458175222e-02 1.484195108998838560e-02 1.278756805278803178e-02 1.435005077274445831e-02 1.316477186459937693e-02 1.211268355959773703e-02 1.238384146489841797e-02 1.199579392878101503e-02 1.278676718171575452e-02 1.235117300329263007e-02 1.262503606496780464e-02 1.250483102003519496e-02 1.191662749848433102e-02 1.279273884319686271e-02 1.415424144609661941e-02 1.433659688822834510e-02 1.433208053608897407e-02 1.263997379349050473e-02 1.237844940191341371e-02 1.476172210380987185e-02 1.399109021307865831e-02 1.330240062921340255e-02 1.370806272809742786e-02 1.479006809573210797e-02 1.303428573706427902e-02 1.360859839736599901e-02 1.290531472377361849e-02 1.442964541891505331e-02 1.298855259768831073e-02 1.325988802773333912e-02 1.231943634017395456e-02 1.325740543486732433e-02 1.301691527311721330e-02 1.328584640639605963e-02 1.174332218991057560e-02 1.197315250093229644e-02 1.266709396947943503e-02 1.392678475311993382e-02 1.278664612071144478e-02 1.308344025615641726e-02 1.324473350859683290e-02 1.382789656676474896e-02 1.505701217681910432e-02 1.307626635144107374e-02 1.390627206236259503e-02 1.473099059111568701e-02 1.236149099609507897e-02 1.526161473062805085e-02 1.343622020867158220e-02 1.239103951153519220e-02 1.349141967074936332e-02 1.232733377922069426e-02 1.281652390273898233e-02 1.528736467790948496e-02 1.245668548118252297e-02 1.253998641965731187e-02 1.369914487976999461e-02 1.435544351797244690e-02 1.300677976130022728e-02 1.326346925987525321e-02 1.302921688766574444e-02 1.293430669864007766e-02 1.251463141958241050e-02 1.279554214093055198e-02 1.219408597202633303e-02 1.242266665854633960e-02 1.317616075929428296e-02 1.286988423531683877e-02 1.365445957347859694e-02 1.236334932105067133e-02 1.200021631082535956e-02 1.365546139274954537e-02 1.201729849086520530e-02 1.383048041016159309e-02 1.216753546784085996e-02 1.249178033330967073e-02 1.298685808500439978e-02
1.180439049446971485e-02 1.232483727002191276e-02 1.115841545373716034e-02 1.269768714396277837e-02 0.000000000000000000e+00 1.271567435752850132e-02 1.197726875082443139e-02 1.212628603749495333e-02 1.331003818437820861e-02 1.154112732932918890e-02 1.060015909626530264e-02 1.206434066721034926e-02 1.305531080861934215e-02 1.152508650753930781e-02 1.283267144221166695e-02 1.120857923022446079e-02 1.138725632972650316e-02 1.152627969608351760e-02 1.368243385843866990e-02 1.180318725964131336e-02 1.092919091397886490e-02 1.149360259371285872e-02 1.188388130038869200e-02 1.125337540164758100e-02 1.033568141678209776e-02 1.222245499408341693e-02 1.137760817326775864e-02 1.266708112802654787e-02 1.267395808533233401e-02 1.172487227278383275e-02 1.278147953859360558e-02 1.260106666990110612e-02 1.234095359772309324e-02 1.422135822809595870e-02 1.156511784990452846e-02 1.280527227827425382e-02 1.074894512964405698e-02 1.020564109525454698e-02 1.295098146752431643e-02 1.183035586145877831e-02 1.279609987787901949e-02 1.248554373771685461e-02 1.034785319601620214e-02 1.228888981401007365e-02 1.128784649387161269e-02 1.210024893610416735e-02 1.204204627631929453e-02 1.269469325365849000e-02 1.070994227318568248e-02 1.147910251056419306e-02 1.135566724123092050e-02 1.169452554114348494e-02 1.371789611192077499e-02 1.122684842492599477e-02 1.311268839726053778e-02 1.164160112192216129e-02 1.051098365629673896e-02 1.074117177655557927e-02 1.037356726352408470e-02 1.123180737506029696e-02 1.080958262459819942e-02 1.106459791027643302e-02 1.029622308194794514e-02 1.017842615446075752e-02 1.131964417929275969e-02 1.278274430499964399e-02 1.306699971755662625e-02 1.308230504979832932e-02 1.110412747900564948e-02 1.074652319679825392e-02 1.355510501052705798e-02 1.264158925213773425e-02 1.187918723316436220e-02 1.237273955068007164e-02 1.432692557581742923e-02 1.154053380563320637e-02 1.206830271959648780e-02 1.187970001618237140e-02 1.317609460771780247e-02 1.146327541620872047e-02 1.186278530983212766e-02 1.077621326899953769e-02 1.186337158018745987e-02 1.158558579414415736e-02 1.185876558323125177e-02 1.001033212881044694e-02 9.875420153305168244e-03 1.058289497148658630e-02 1.257089693163111407e-02 1.132205776918249369e-02 1.210445640102814080e-02 1.113490593623671365e-02 1.250640139284822996e-02 1.397338806377888820e-02 1.156688092867608729e-02 1.256282698177510829e-02 1.350695347986420776e-02 1.073163504813044906e-02 1.480118646878701705e-02 1.216906740559482898e-02 1.097680268772757359e-02 1.209244777874247771e-02 1.075320738239048113e-02 1.134388560099791957e-02 1.425547346336650603e-02 1.088890340599575450e-02 1.090009653531449040e-02 1.238516243746933497e-02 1.312228744634413510e-02 1.152568665120474144e-02 1.178483480365760325e-02 1.196067285310063212e-02 1.146136145971447806e-02 1.089828341474157955e-02 1.125213317635849648e-02 1.057721387669348888e-02 1.080091712532760088e-02 1.167395428417399711e-02 1.187471094423180225e-02 1.230505527588723717e-02 1.108243001943554594e-02 1.030672219051272445e-02 1.149611899749167915e-02 1.035047538901041550e-02 1.255189952950947450e-02 1.101674989151844863e-02 1.083473778114886661e-02 1.151548203979173984e-02
1.324942015594485212e-02 1.374451896045709304e-02 1.275673802703178317e-02 1.403435368315429643e-02 1.271567435752850132e-02 0.000000000000000000e+00 1.339553182400472081e-02 1.354358254313518112e-02 1.397923535248784578e-02 1.299007990037102239e-02 1.192147546708518559e-02 1.358361150651684647e-02 1.438328886001033480e-02 1.377309934728523227e-02 1.418522218271842626e-02 1.273609482069726004e-02 1.289920587603088191e-02 1.370119694218672850e-02 1.491681694952841017e-02 1.329397858845044779e-02 1.254704365179011571e-02 1.300208289311462900e-02 1.325743532464540922e-02 1.285368303770610329e-02 1.200756037457522372e-02 1.307996833816433419e-02 1.284032162898510361e-02 1.484212363129633165e-02 1.395922611160678277e-02 1.310933006208859011e-02 1.408095112832759808e-02 1.396927102139192828e-02 1.379583985864765022e-02 1.484993284127792725e-02 1.302117647952485448e-02 1.418381713268700856e-02 1.231616631868242412e-02 1.198038061545416214e-02 1.430952697896888635e-02 1.332057580948909324e-02 1.405933185073020113e-02 1.391614972232409903e-02 1.203380203157706878e-02 1.375637021949598429e-02 1.287356782099965957e-02 1.349854493529369960e-02 1.346552657083426550e-02 1.409782635700639747e-02 1.224110567308574725e-02 1.294068811648324199e-02 1.290655182614421255e-02 1.313545749409426346e-02 1.487466697693318012e-02 1.270236684902467834e-02 1.440501587191047629e-02 1.315057002980460008e-02 1.212314806944664834e-02 1.243087099118894354e-02 1.204299622214846828e-02 1.282506531456484820e-02 1.241977934824023584e-02 1.266026886353448060e-02 1.204937596444213832e-02 1.198329676331562690e-02 1.278802904199327455e-02 1.410375701781521260e-02 1.434830641599684452e-02 1.438083746947264700e-02 1.263876544477775428e-02 1.230636489018847868e-02 1.480595014089374287e-02 1.403754133452204261e-02 1.325618540638698155e-02 1.360076854497582061e-02 1.486348960970472650e-02 1.308120995584454750e-02 1.363007022944998092e-02 1.288749901470136010e-02 1.441218164030148678e-02 1.302292661592587171e-02 1.328153659269372573e-02 1.242525431098410668e-02 1.327468152468080052e-02 1.297448806046777245e-02 1.331655377054262977e-02 1.216176151406180191e-02 1.163334964726061953e-02 1.221417995629143875e-02 1.392667101121524559e-02 1.275540733190847972e-02 1.300365178604598847e-02 1.268071355295169803e-02 1.380583283694621598e-02 1.517112527049021067e-02 1.307170087319285690e-02 1.389839217939068013e-02 1.475886816742575519e-02 1.242584696590166675e-02 1.522178154826464569e-02 1.351810204767960738e-02 1.261678120427574788e-02 1.352779215675911986e-02 1.229085487017429063e-02 1.290597853410119060e-02 1.533426074739607792e-02 1.248914647197831018e-02 1.317376281542024206e-02 1.376833520941026998e-02 1.432755847672436030e-02 1.305507677000741600e-02 1.324611248921069885e-02 1.295098148191226387e-02 1.297858127225094520e-02 1.248868512035866511e-02 1.346093786803127280e-02 1.229162512958069386e-02 1.248254930222188197e-02 1.392893364227198658e-02 1.290387088813077683e-02 1.370979856447269822e-02 1.242456194716921522e-02 1.200059019345625123e-02 1.305773553200027283e-02 1.205114437970748222e-02 1.392116359817284835e-02 1.281025801310502372e-02 1.249627364323406022e-02 1.304149935117202008e-02
1.241160778588031553e-02 1.301987469889478825e-02 1.262809752564892328e-02 1.333510274925642052e-02 1.197726875082443139e-02 1.339553182400472081e-02 0.000000000000000000e+00 1.271785819592916207e-02 1.339976833680731928e-02 1.291534962697407640e-02 1.112991287757762911e-02 1.283674040937202512e-02 1.375419704431584886e-02 1.236509805977195099e-02 1.354062933041001206e-02 1.202427604429387627e-02 1.210928552976856497e-02 1.216669781218817151e-02 1.431718287296669667e-02 1.255652906922102852e-02 1.176397740881267653e-02 1.229745953631784273e-02 1.260432108990285766e-02 1.196105080053172509e-02 1.120831169944109217e-02 1.241461368849309556e-02 1.220727847107371325e-02 1.331813502868036889e-02 1.335361343160015694e-02 1.242518633886337959e-02 1.331580058361652406e-02 1.324367935805046206e-02 1.313400824636867630e-02 1.425687357018893923e-02 1.224387661074846298e-02 1.343757734927213988e-02 1.157991935113188153e-02 1.118455800354690999e-02 1.369325097468499994e-02 1.257244916464217606e-02 1.347916397707095600e-02 1.318000893810666874e-02 1.122621390364022739e-02 1.303806129255946113e-02 1.215630076069539739e-02 1.286621731418842798e-02 1.273318160870412843e-02 1.336546485662059615e-02 1.202814687408465533e-02 1.285813277019087243e-02 1.211468318184214313e-02 1.240783470027967232e-02 1.433923864593283047e-02 1.203467280412735298e-02 1.378195484147016169e-02 1.247508237660074903e-02 1.139543782409825450e-02 1.161660009879536201e-02 1.123154490540798252e-02 1.204342686006390842e-02 1.161631905675876951e-02 1.180374598332436555e-02 1.166357222571218037e-02 1.113192265924706388e-02 1.206689567286663156e-02 1.351397675295541723e-02 1.449266889730581667e-02 1.365395970314594795e-02 1.183344219188935814e-02 1.154329113363194298e-02 1.413203223050989166e-02 1.330616214092454272e-02 1.261656043579538998e-02 1.310690917762899824e-02 1.423790638775202302e-02 1.235721877250255986e-02 1.295183918252793692e-02 1.213448555954121065e-02 1.383913589134184476e-02 1.234409125777488798e-02 1.264251526148414337e-02 1.159068612783109228e-02 1.326397353357631689e-02 1.237291088024496805e-02 1.260755860603105308e-02 1.133241524696736342e-02 1.084715924588702286e-02 1.141956285403491513e-02 1.333502417323179784e-02 1.207644632824517866e-02 1.240804219429220666e-02 1.194964055908229010e-02 1.318206497486565376e-02 1.452133055809196223e-02 1.236581977982997675e-02 1.329354852858582146e-02 1.495216246866535627e-02 1.157392453674579297e-02 1.470041514495361475e-02 1.283923246929577315e-02 1.176267905437016273e-02 1.278750893916938587e-02 1.154279789664961094e-02 1.215657503588211605e-02 1.480451873644955674e-02 1.167434927178538293e-02 1.180392082593255398e-02 1.307386545437745975e-02 1.365483035654127195e-02 1.233403193416976636e-02 1.244754413706347651e-02 1.232484302918418310e-02 1.230653985371965749e-02 1.176016957615323884e-02 1.208414607940098626e-02 1.143253818032274362e-02 1.161437860908368612e-02 1.253469583023627230e-02 1.218227783911978238e-02 1.301974743453952234e-02 1.159197243996566533e-02 1.121898729861677338e-02 1.231048380122478324e-02 1.172000880878544885e-02 1.321495522925182631e-02 1.144790145504261808e-02 1.176205444395884633e-02 1.231511110077345046e-02
1.325748136387928239e-02 1.306401854978141500e-02 1.272994617429574517e-02 1.337360556903196412e-02 1.212628603749495333e-02 1.354358254313518112e-02 1.271785819592916207e-02 0.000000000000000000e+00 1.353073883234735125e-02 1.247308143716104566e-02 1.130302936754501789e-02 1.300879964707746771e-02 1.381220809892997822e-02 1.246066191175314482e-02 1.362414357064249334e-02 1.222479846598571729e-02 1.231708319118570566e-02 1.238072569756921808e-02 1.435755453868417172e-02 1.269941866535787348e-02 1.182858182881056652e-02 1.242922110391370127e-02 1.278707402490976593e-02 1.227320235347838240e-02 1.139423001213513489e-02 1.258411706140897222e-02 1.233517692152279882e-02 1.347910515079645336e-02 1.345558203887133389e-02 1.256345756196767909e-02 1.359429400667864878e-02 1.342498151714797798e-02 1.325942022874009030e-02 1.430393376107478437e-02 1.242560379986762040e-02 1.361774686441731552e-02 1.220976818904603856e-02 1.175089903621319952e-02 1.374987224022322478e-02 1.276370495189596901e-02 1.357977587519907173e-02 1.334175205725012490e-02 1.135639150045128845e-02 1.314327853517831962e-02 1.222452361051429987e-02 1.295699756730289871e-02 1.290767464373573752e-02 1.346145057166682306e-02 1.167407381856221636e-02 1.237876690508163402e-02 1.216704784373705966e-02 1.258487226078907652e-02 1.442779001330402218e-02 1.222907634964994633e-02 1.389392413199782433e-02 1.261119950076685856e-02 1.197558633618408044e-02 1.178426331881465838e-02 1.137387475898208634e-02 1.217321356818419631e-02 1.177545264123436991e-02 1.198420330927190032e-02 1.186094720407566278e-02 1.125148928122300836e-02 1.215062407933489852e-02 1.366015317135329046e-02 1.380038527726929268e-02 1.386472664466159403e-02 1.200918114009603445e-02 1.172365999436838016e-02 1.424498569927786472e-02 1.338839711475755048e-02 1.275850846655413040e-02 1.323582816921400028e-02 1.429996481641359479e-02 1.245633845949855982e-02 1.308317740961472200e-02 1.229690046550225603e-02 1.391287520536521084e-02 1.241357617504546158e-02 1.270589007762709319e-02 1.168867769198463080e-02 1.341356284199010825e-02 1.249851541470922874e-02 1.271106730631021454e-02 1.110866686893862039e-02 1.096669423402596780e-02 1.154105118324779723e-02 1.346124366225967886e-02 1.223631306606604366e-02 1.253998972733701839e-02 1.262769707338666156e-02 1.333398381774504940e-02 1.464060949993974646e-02 1.249486550929647215e-02 1.342865476407931885e-02 1.427098078581984925e-02 1.174261512892692608e-02 1.481684566809206641e-02 1.299146088927573967e-02 1.192771962790708032e-02 1.298953452073632955e-02 1.169103125636011993e-02 1.223768773724163636e-02 1.491148754872278701e-02 1.181959491916631695e-02 1.194543474940980288e-02 1.314825881317020079e-02 1.384284636445822989e-02 1.243533857280029915e-02 1.269006462253829785e-02 1.246779063000393040e-02 1.241834827143278690e-02 1.191223222455000709e-02 1.224664940698719055e-02 1.161733530284808982e-02 1.183422904588552968e-02 1.266610190172439386e-02 1.229883345698047983e-02 1.307468136195866389e-02 1.173412290590309347e-02 1.180673943865459367e-02 1.306383353452920948e-02 1.137079383107094353e-02 1.334730627644254743e-02 1.157117822016939454e-02 1.190096889347477122e-02 1.240118387673248487e-02
1.317572406434406977e-02 1.374040906529678391e-02 1.275299468018639172e-02 1.401862020129017450e-02 1.331003818437820861e-02 1.397923535248784578e-02 1.339976833680731928e-02 1.353073883234735125e-02 0.000000000000000000e+00 1.296798125334691805e-02 1.187187124500342292e-02 1.430837186601239749e-02 1.433611611727123904e-02 1.305285805175466531e-02 1.416251434847732964e-02 1.278773201885258747e-02 1.284192240655845918e-02 1.302301225851031433e-02 1.490714637341796801e-02 1.316498226240434520e-02 1.247268552567152092e-02 1.301308483692135455e-02 1.328430457596733484e-02 1.282408378533094438e-02 1.201651674884453465e-02 1.302290163674230811e-02 1.294359195861866964e-02 1.404474126779613891e-02 1.386718161960489616e-02 1.314032189149145179e-02 1.411015835369842236e-02 1.393318387980743180e-02 1.372659378019287606e-02 1.472557425618344941e-02 1.301165304445600288e-02 1.417120177423872827e-02 1.232252023413354242e-02 1.191967580273503753e-02 1.430911419541975801e-02 1.330448727579414646e-02 1.410931764593483309e-02 1.387415637972613282e-02 1.202412491662988719e-02 1.446172581908334101e-02 1.353256180952435231e-02 1.353133179763031831e-02 1.335665768579124939e-02 1.407318690465953100e-02 1.227687112034500823e-02 1.297491559294841612e-02 1.288652741839875493e-02 1.305194792114988157e-02 1.491565904267491520e-02 1.273632812368534484e-02 1.438327431643158551e-02 1.308929202608989303e-02 1.214251790154312859e-02 1.243695784386596691e-02 1.203255605835238523e-02 1.281064058517917582e-02 1.237162830829762784e-02 1.264533476946850740e-02 1.201599040817447929e-02 1.240536132237422297e-02 1.271311805518414266e-02 1.415857766695669331e-02 1.433929884036829958e-02 1.436946290938178813e-02 1.255936222848121585e-02 1.232938172031969662e-02 1.477471924615878472e-02 1.400027741348676413e-02 1.325470281546924783e-02 1.375227080849807104e-02 1.480443988141416645e-02 1.306517627790624268e-02 1.363419456725869713e-02 1.289537657478454641e-02 1.444850818423556831e-02 1.307013993406177556e-02 1.332638661205541239e-02 1.244674544831193483e-02 1.331762134491021148e-02 1.306983487889862988e-02 1.326760981142257809e-02 1.177087236391617490e-02 1.158355893408159754e-02 1.219052087315413216e-02 1.391967584932213807e-02 1.283343465390540498e-02 1.293210921900124488e-02 1.262540040654835070e-02 1.385782880462855388e-02 1.515458109213062114e-02 1.309350326469461805e-02 1.393229840283483414e-02 1.474313285537951108e-02 1.244060015495246363e-02 1.520379948001306103e-02 1.342554988001650081e-02 1.256269912336978843e-02 1.351746583850588213e-02 1.226591268980361735e-02 1.284292910190581657e-02 1.524193513432330928e-02 1.249931697337198881e-02 1.258617674977648322e-02 1.375339483687200264e-02 1.425114856595191201e-02 1.296005014813059360e-02 1.325490658337682461e-02 1.296043366186202389e-02 1.291771761172254111e-02 1.253613843395600010e-02 1.283952640011013814e-02 1.228419891095468112e-02 1.245672137964612923e-02 1.393644090819259711e-02 1.283550766208825349e-02 1.369775490622154347e-02 1.293901571973526954e-02 1.201748639261954188e-02 1.304569779953330608e-02 1.201919373519168971e-02 1.389898779753673611e-02 1.219317135931568055e-02 1.310929950698696937e-02 1.303333390495433133e-02
1.205753378206960227e-02 1.331360841012500101e-02 1.155725022829967412e-02 1.300300433491658261e-02 1.154112732932918890e-02 1.299007990037102239e-02 1.291534962697407640e-02 1.247308143716104566e-02 1.296798125334691805e-02 0.000000000000000000e+00 1.057706797622507029e-02 1.307142713840171548e-02 1.339461461685603066e-02 1.195075531002259654e-02 1.316944665399851985e-02 1.158072371808973461e-02 1.167135039867494596e-02 1.243879480923216520e-02 1.394620959024803729e-02 1.214245810639349651e-02 1.133925741649866384e-02 1.184790306777638337e-02 1.283376004052919767e-02 1.165580113458525476e-02 1.065766205693115254e-02 1.197951606280124939e-02 1.174726252032547158e-02 1.302539456084328071e-02 1.290193868921871677e-02 1.198660425225263164e-02 1.310884275938580673e-02 1.293611672075050019e-02 1.256836781755107588e-02 1.390409623258566374e-02 1.189843516988195807e-02 1.317145846143232511e-02 1.115633112819758646e-02 1.063533357914703444e-02 1.328054543488921442e-02 1.213841596757869734e-02 1.309290903662594339e-02 1.288376534854228893e-02 1.069518568141056974e-02 1.262402975848956471e-02 1.168880508230899992e-02 1.245944592331179289e-02 1.294886287350418587e-02 1.305655432462646780e-02 1.104654733721236078e-02 1.173588749210293519e-02 1.173557358333843399e-02 1.194565017603144673e-02 1.395644958407122813e-02 1.156703260624680589e-02 1.341666195139701659e-02 1.203243655489645222e-02 1.084012242164120871e-02 1.113683436271018304e-02 1.074794220654291636e-02 1.211437446541500061e-02 1.117107429074179481e-02 1.141613648067928664e-02 1.068745258502146536e-02 1.068736745039420427e-02 1.157285079692938617e-02 1.316404649677188274e-02 1.331000484966386385e-02 1.404343259411994400e-02 1.143782494150620554e-02 1.119050064806310918e-02 1.384362028782780765e-02 1.299736231348612610e-02 1.219131808258137536e-02 1.270335888562364526e-02 1.394255514542732353e-02 1.190622037225063864e-02 1.255354589230832721e-02 1.179002249764780214e-02 1.348814764945063978e-02 1.189800645822293446e-02 1.220188933571381834e-02 1.167470891587271860e-02 1.210721263110876682e-02 1.182457773622466388e-02 1.214958030581699162e-02 1.042501209123963476e-02 1.034056137978812615e-02 1.098598685071865491e-02 1.292069049554571761e-02 1.168091860724873414e-02 1.190580551258703552e-02 1.145301575223935109e-02 1.273381407738234314e-02 1.424972067578505683e-02 1.196899506079563899e-02 1.286678092924336582e-02 1.373491490174726624e-02 1.122182063579334026e-02 1.437120247083326259e-02 1.242276008541368972e-02 1.139773185229276883e-02 1.233912469329894943e-02 1.155791711299671530e-02 1.167439746748295641e-02 1.445452113292868337e-02 1.129282022376503457e-02 1.127711394974886296e-02 1.268738061889171029e-02 1.342598048584238250e-02 1.187485537761845920e-02 1.213617028697564458e-02 1.185806160241901532e-02 1.183219275904361101e-02 1.132377780745125011e-02 1.167575442289876635e-02 1.141485288451904445e-02 1.121183206588938566e-02 1.209368087636437245e-02 1.169471735879124008e-02 1.254884577451069287e-02 1.117808709554901636e-02 1.065770419138186396e-02 1.185783568700349982e-02 1.066548470277299022e-02 1.282115265395638096e-02 1.096066112978722439e-02 1.126872454977461552e-02 1.179347142007304214e-02
1.088703594773029158e-02 1.197171796485150055e-02 1.025723209058318659e-02 1.189640911154902017e-02 1.060015909626530264e-02 1.192147546708518559e-02 1.112991287757762911e-02 1.130302936754501789e-02 1.187187124500342292e-02 1.057706797622507029e-02 0.000000000000000000e+00 1.177617398457321378e-02 1.230709544716152015e-02 1.071838729506078593e-02 1.258657867965024685e-02 1.065444615452156539e-02 1.039671904960605409e-02 1.059280921382859883e-02 1.298488989690862148e-02 1.136691755763033322e-02 9.969205905497114870e-03 1.057084861572675505e-02 1.105607935190267357e-02 1.037207825936535890e-02 9.183950610984582125e-03 1.079232208560207580e-02 1.092899522513294738e-02 1.194918928312560351e-02 1.185003368614910915e-02 1.086628500852513529e-02 1.197463460994838830e-02 1.180381832380880507e-02 1.158308260671557337e-02 1.287380245668368582e-02 1.059604140220885178e-02 1.205962390711068193e-02 9.755431631386243807e-03 9.168665074421178743e-03 1.226151792444736197e-02 1.099546051658949197e-02 1.197866546096340058e-02 1.218684212895278056e-02 9.271579638490200226e-03 1.153037843598302831e-02 1.044460954229815136e-02 1.130412997027329530e-02 1.115000786776175652e-02 1.197866035824481958e-02 9.687400060799804952e-03 1.053757177264111507e-02 1.078356606203698109e-02 1.080925549526817395e-02 1.296659116346648988e-02 1.028891453877636523e-02 1.230951869917458821e-02 1.082095673875267672e-02 9.391532877703523755e-03 9.825278831880467079e-03 9.265146223645742696e-03 1.036870285736803121e-02 9.776188054284522949e-03 1.044519065070645750e-02 9.282699921012986521e-03 9.113294132588496688e-03 1.029864308275515658e-02 1.207008533457756307e-02 1.227571082130735243e-02 1.231955108951633855e-02 1.010228512059403554e-02 9.824161763496031680e-03 1.283184710695801402e-02 1.183781635272189957e-02 1.099395695723773270e-02 1.151078660629938251e-02 1.290632115538699332e-02 1.067057406969054364e-02 1.136007914651530198e-02 1.086254205060973969e-02 1.240557365996511514e-02 1.064081990215656574e-02 1.099838474094438044e-02 9.855888304474310496e-03 1.102712819331251766e-02 1.068366005925036957e-02 1.101110379660349102e-02 8.880356690293748217e-03 9.058017484303402742e-03 9.542398959510336315e-03 1.181796768093448108e-02 1.033818597990269345e-02 1.069551836127992546e-02 1.014465620405005652e-02 1.166303017324088129e-02 1.328045472059623949e-02 1.065327267915120758e-02 1.169362688859250377e-02 1.279456723889040720e-02 9.732927133225380972e-03 1.337456337614679677e-02 1.128010799707484732e-02 1.009475311697770501e-02 1.169219038474704486e-02 9.694569602537695188e-03 1.046823431943535304e-02 1.352205713522205456e-02 9.889108050734791988e-03 1.002911762470007698e-02 1.155047379473219012e-02 1.236290684913337115e-02 1.102883790504851497e-02 1.094645949153887077e-02 1.061499445999868931e-02 1.060225399727661617e-02 9.978342645124095925e-03 1.079720785306053678e-02 9.598432062815487678e-03 1.021038692695456183e-02 1.090956205997992839e-02 1.042325663771193067e-02 1.149401734322297655e-02 9.759462102735972505e-03 9.254634017723249381e-03 1.063887861498020483e-02 9.545229843086320068e-03 1.177013793755609522e-02 9.531123038426299321e-03 9.940374896470633923e-03 1.058960581871952640e-02
1.272185517894997356e-02 1.313333234017762322e-02 1.221899105840273947e-02 1.354073474603262155e-02 1.206434066721034926e-02 1.358361150651684647e-02 1.283674040937202512e-02 1.300879964707746771e-02 1.430837186601239749e-02 1.307142713840171548e-02 1.177617398457321378e-02 0.000000000000000000e+00 1.388979095305737863e-02 1.252511562504885281e-02 1.365347992616224027e-02 1.221330773514698285e-02 1.295316951219140089e-02 1.242397613961623154e-02 1.440725177221429884e-02 1.269328490533138364e-02 1.191531450320183587e-02 1.246813026884278572e-02 1.271009451444288403e-02 1.221458590877945796e-02 1.142193517305863971e-02 1.262814867691682170e-02 1.231418161650957820e-02 1.353320425855433252e-02 1.348225738919612247e-02 1.266673432956740702e-02 1.357101897149777525e-02 1.345698047949310527e-02 1.389865126265286965e-02 1.438832867989349104e-02 1.253840843110118862e-02 1.367956635023687660e-02 1.179199064278559951e-02 1.133093466267258084e-02 1.375064322524368644e-02 1.275051004919646423e-02 1.361524535300641034e-02 1.336486050452013671e-02 1.135619419934303168e-02 1.314391510822157140e-02 1.226782593342663763e-02 1.300969027176154119e-02 1.291144309959997571e-02 1.356628855154605982e-02 1.175961300585207092e-02 1.242690219944294489e-02 1.229979269355127060e-02 1.262711440866971443e-02 1.448294626511763446e-02 1.223402530336721236e-02 1.391826874518488355e-02 1.265258270336550028e-02 1.155338085548792033e-02 1.184925665712764122e-02 1.131756383068111514e-02 1.222113654643605662e-02 1.182356766715587405e-02 1.204995380670510416e-02 1.136261078777880094e-02 1.131276106630224251e-02 1.282832440643006354e-02 1.367177133781185758e-02 1.386988548324183043e-02 1.371744910300846249e-02 1.210620429862018996e-02 1.182968500305988692e-02 1.432575644583457611e-02 1.351785340422333691e-02 1.277104995926413473e-02 1.325617592765443095e-02 1.436222678631076527e-02 1.243481198718831941e-02 1.306131108375931972e-02 1.234736280545163482e-02 1.389987908154956264e-02 1.247969161957568004e-02 1.279236255601161505e-02 1.182275771781731398e-02 1.274036136471555503e-02 1.253345808899295442e-02 1.273417410872977953e-02 1.111526430861868933e-02 1.100850681898104567e-02 1.153015465890636256e-02 1.344466866448923263e-02 1.229771985789603929e-02 1.258918892964752505e-02 1.211534385122338756e-02 1.335727561545601606e-02 1.471150595836004035e-02 1.249886871936514189e-02 1.344644231977735159e-02 1.422964912141987115e-02 1.183524585226994330e-02 1.484023259526852552e-02 1.364707710175463128e-02 1.202949421962851671e-02 1.297933984365200882e-02 1.225575764791041362e-02 1.232719993962058322e-02 1.587751046190467169e-02 1.193314514162884671e-02 1.196507961348149129e-02 1.319404549405641183e-02 1.393558691872114064e-02 1.243226984983003026e-02 1.271884210722164059e-02 1.249682848407143720e-02 1.247417943105147073e-02 1.195292887921514842e-02 1.224829497662185095e-02 1.159881576547178855e-02 1.180068891805055413e-02 1.244782884924322194e-02 1.234167227249029740e-02 1.312178107255574169e-02 1.176333384817735556e-02 1.139168472986324190e-02 1.248990375865875052e-02 1.143024171380487355e-02 1.341365686764627377e-02 1.166725480361453966e-02 1.184100323965357228e-02 1.242536360225962935e-02
