0.000000000000000000e+00 6.455901231323606104e-03 6.455901986996645005e-03 6.456918246187883306e-03 6.455901938179795137e-03 6.453873472425314742e-03 6.457425653652833393e-03 6.457425754259868249e-03 6.455902374591877824e-03 6.456918247112105810e-03 6.455394887715230033e-03 6.455902273105884603e-03 6.455394970646182069e-03 6.453872079194581703e-03 6.454888504742076032e-03 6.456917623161632057e-03 6.456918314046838740e-03 6.457424979301244934e-03 6.457426428264563187e-03 6.454885915388583126e-03 6.455901736161996814e-03 6.454888386566286565e-03 6.452860759616562726e-03 6.456917522484247225e-03 6.458441446891415028e-03 6.454888016519162545e-03 6.455903435171737870e-03 6.455902544411236919e-03 6.457425602659022656e-03 6.456918027965568088e-03 6.457425602594552526e-03 6.458950779237799915e-03 6.456411663455259922e-03 6.454889704233498018e-03 6.456919867654274149e-03 6.457427222697225203e-03 6.456919564780448303e-03 6.457426904130169655e-03 6.455903759575413667e-03 6.455395799911615301e-03 6.456919613732774003e-03 6.456918855571707090e-03 6.454382444052162056e-03 6.454889738123308247e-03 6.455904229601707595e-03 6.456411764470724145e-03 6.456411410273507449e-03 6.456919699706291371e-03 6.455904618188049518e-03 6.455396202918770726e-03 6.454381889074108959e-03 6.455396859376165246e-03 6.454382054928110499e-03 6.459969602050148751e-03 6.454381600967075069e-03 6.456411966781128685e-03 6.458952198311005213e-03 6.455396239012088297e-03 6.455903624458890662e-03 6.457426617918081771e-03 6.455904213636716113e-03 6.453874823732562264e-03 6.456412016613749354e-03 6.454888763930624260e-03 6.454889385496667686e-03 6.455904382361845467e-03 6.455903979724235582e-03 6.457426955911225661e-03 6.458443641527832069e-03 6.455903674442516407e-03 6.452861153977601343e-03 6.456411663041926492e-03 6.455396859346309787e-03 6.454889148232205269e-03 6.454889183677662602e-03 6.458951945483853638e-03 6.455903660176775041e-03 6.457427476270145676e-03 6.455903725028504063e-03 6.456411512944762628e-03 6.456919007930408266e-03 6.456919159750636530e-03 6.455904281042031817e-03 6.456919613605122642e-03 6.454381753131025780e-03 6.455903624599168208e-03 6.456411749252911891e-03 6.456411916196344060e-03 6.457427021124627180e-03 6.455396204052327516e-03 6.456918957326192136e-03 6.455396288643507063e-03 6.455396204461267759e-03 6.457427475294668165e-03 6.454889148982409855e-03 6.456918856537264585e-03 6.455903473247343906e-03 6.455396240227328011e-03 6.456410552925984613e-03 6.457934643425168424e-03 6.456919043889453036e-03 6.456411058068653626e-03 6.454888529272360953e-03 6.455903018975280364e-03 6.458443237713420472e-03 6.456918604691776545e-03 6.456919008312531419e-03 6.458443323465922793e-03 6.454888479531822008e-03 6.455396103553548079e-03 6.454381906513166102e-03 6.457934981364978240e-03 6.455903221487264108e-03 6.455395517332630784e-03 6.456411158846601245e-03 6.457426516401055215e-03 6.457934779740035804e-03 6.455903373259065832e-03 6.457934946723611208e-03 6.457427476765807348e-03 6.457934795106882488e-03 6.457426905605170332e-03 6.454888428168006898e-03 6.455903574682022271e-03 6.454888428326330772e-03 6.453366899217640763e-03 6.456918841737135581e-03 6.454888392547466526e-03
6.455901231323606104e-03 0.000000000000000000e+00 6.454885123543918635e-03 6.454886050713390909e-03 6.454885393925214113e-03 6.452856609669800625e-03 6.456409117136326439e-03 6.456408999763198729e-03 6.454885292323579889e-03 6.456918229395579648e-03 6.455393843395355533e-03 6.454885191667947622e-03 6.454378434728753194e-03 6.452855316905407694e-03 6.453871203896741418e-03 6.454885427333285561e-03 6.455902105756200146e-03 6.456407787390679512e-03 6.455393962714614867e-03 6.454884602006853364e-03 6.455901398880664610e-03 6.453871304941008989e-03 6.450828751390320220e-03 6.455900759862673310e-03 6.458442455406104322e-03 6.453870935025468082e-03 6.454886571761638860e-03 6.455901550684801579e-03 6.456408847604845971e-03 6.455901382860400502e-03 6.456409066384282379e-03 6.457934132859903011e-03 6.455395664360977746e-03 6.453873377173756365e-03 6.455903759072616210e-03 6.456411442321032673e-03 6.455903675080979648e-03 6.456411123874185656e-03 6.454887869962368935e-03 6.454379581958154949e-03 6.455903723912309253e-03 6.455902965719362459e-03 6.453366226026090516e-03 6.453873411215736537e-03 6.454888121150589332e-03 6.455395765354439604e-03 6.455395411037056878e-03 6.455904028537921314e-03 6.454888509965706588e-03 6.454379985008221361e-03 6.453365452620531302e-03 6.454380641519360216e-03 6.453365618408614217e-03 6.458954368798854560e-03 6.453365164393531743e-03 6.455395967664673273e-03 6.457936746221899435e-03 6.454380021210603599e-03 6.454887515833826472e-03 6.456410837411495282e-03 6.454888105371381531e-03 6.452858277912340394e-03 6.455396017507894837e-03 6.453872655599528912e-03 6.453873058599920651e-03 6.454888274118239164e-03 6.454887871306608758e-03 6.456411175578678774e-03 6.457428080109715168e-03 6.454887565958874682e-03 6.451844171279055157e-03 6.455395664034373551e-03 6.454380641707758992e-03 6.453872821183214564e-03 6.453873075029268117e-03 6.457936493427614798e-03 6.454887770094048724e-03 6.456411695991781143e-03 6.454887616555637572e-03 6.455395513774027719e-03 6.455903118241595150e-03 6.455903051355017276e-03 6.454888172732801792e-03 6.455903724002884370e-03 6.453365316764630120e-03 6.454887516148632813e-03 6.455395750496640585e-03 6.455395917199690387e-03 6.456411240835748487e-03 6.454379986272799213e-03 6.455903067626589907e-03 6.454380071114526607e-03 6.454379768111437841e-03 6.456411695059679524e-03 6.453872821890017236e-03 6.455902966684898270e-03 6.454887364807604562e-03 6.454380022513010566e-03 6.455394553679336470e-03 6.456918972345510391e-03 6.455903154178561226e-03 6.455395058930717134e-03 6.453872421018609119e-03 6.454886910394056973e-03 6.457427676120844166e-03 6.455902714872435895e-03 6.455903118623759936e-03 6.457427762168161875e-03 6.453871933798636419e-03 6.454379885751983584e-03 6.453365470092472730e-03 6.456919310459603538e-03 6.454887112862277981e-03 6.454379299651410995e-03 6.455395159774121074e-03 6.456410735915934195e-03 6.456919108834727888e-03 6.454887264666799192e-03 6.456919275796761497e-03 6.456411696531089324e-03 6.456919124103606931e-03 6.456411125261255803e-03 6.453871882434921055e-03 6.454887466220384645e-03 6.453872101179877231e-03 6.452350243970994374e-03 6.455902952069945792e-03 6.453872065335541919e-03
6.455901986996645005e-03 6.454885123543918635e-03 0.000000000000000000e+00 6.453871037892933496e-03 6.453870162060112298e-03 6.451840185993420670e-03 6.455393893558692558e-03 6.455393557362611168e-03 6.453869522798791336e-03 6.455902677514630678e-03 6.453363112105540284e-03 6.453869422023882085e-03 6.452347586818904003e-03 6.452854677883213159e-03 6.452855435123088998e-03 6.454885426576647753e-03 6.454885898287484811e-03 6.455393219502840625e-03 6.455394668147578646e-03 6.453868832788255648e-03 6.453870617210490622e-03 6.452855099068458694e-03 6.450827037055922690e-03 6.455902171665546703e-03 6.457427449269907693e-03 6.452854729415927020e-03 6.453870802813995410e-03 6.454885999542767615e-03 6.454378014918732247e-03 6.454885612944491653e-03 6.455393623853025904e-03 6.456919236077107715e-03 6.454380976378924772e-03 6.452858361623112216e-03 6.454889180676405373e-03 6.455396972850531434e-03 6.454889096434331119e-03 6.455396654524053410e-03 6.453872854020335607e-03 6.453364675367425675e-03 6.454889145319557715e-03 6.454888386876379662e-03 6.452350883170013610e-03 6.452858395904295143e-03 6.453873324002430516e-03 6.454381077437864635e-03 6.454380723088037376e-03 6.454889231663671866e-03 6.453873713089578433e-03 6.453365078547560786e-03 6.452350328041525293e-03 6.453365735199862764e-03 6.452350493588753129e-03 6.457940446067081397e-03 6.452350039432417327e-03 6.454381279835404335e-03 6.456922604728436953e-03 6.453365114902312460e-03 6.453872718599326132e-03 6.455396367898211425e-03 6.453873308364926203e-03 6.451843043807326331e-03 6.454381329689229396e-03 6.452857640169077681e-03 6.452858043082270074e-03 6.453873476785225612e-03 6.453873073930908866e-03 6.455396924798794366e-03 6.456413829129160550e-03 6.453872768560867980e-03 6.450828937195073748e-03 6.454380975965568791e-03 6.453365735214144742e-03 6.452857805382491811e-03 6.452857841088696297e-03 6.456922351792784495e-03 6.453872754578670635e-03 6.455397226445194064e-03 6.453872819168650701e-03 6.454380825760258795e-03 6.454888539256999937e-03 6.454888691316788309e-03 6.453873375465337368e-03 6.454889145192224675e-03 6.452350191662403756e-03 6.453872718740001797e-03 6.454381062503638036e-03 6.454381229229003321e-03 6.455396771147661750e-03 6.453365079638362714e-03 6.454888488674850357e-03 6.453365164555456904e-03 6.453365080134061682e-03 6.455397225512833105e-03 6.452857806089532140e-03 6.454888387798815401e-03 6.453872567278779761e-03 6.453365334568316597e-03 6.454379865327972143e-03 6.455904611938438446e-03 6.454888794009438699e-03 6.454380370687898792e-03 6.452857186359192178e-03 6.453872112811335181e-03 6.456413425184865003e-03 6.454888135844908878e-03 6.454888539595506937e-03 6.456413511351633168e-03 6.452856918183838726e-03 6.453364979095856969e-03 6.452350345023223459e-03 6.455904950357795220e-03 6.453872315367053039e-03 6.453364393289923694e-03 6.454380471465489058e-03 6.455396266206733270e-03 6.455904748645274402e-03 6.453872467160350589e-03 6.455904915411004967e-03 6.455397226940914716e-03 6.455904763685298316e-03 6.455396655824119367e-03 6.452857085428815274e-03 6.453872668713400880e-03 6.452857303879083566e-03 6.451334900238641853e-03 6.454888373325550800e-03 6.452857049328458196e-03
6.456918246187883306e-03 6.454886050713390909e-03 6.453871037892933496e-03 0.000000000000000000e+00 6.455901214574008735e-03 6.452857099284849650e-03 6.456409824544433358e-03 6.455393996377472091e-03 6.453870987631204689e-03 6.456918718031727684e-03 6.455394332866332303e-03 6.454886117410798055e-03 6.454379361623290880e-03 6.453871154699061634e-03 6.453871911695576585e-03 6.455901904062606028e-03 6.455902376055880354e-03 6.456409588044522557e-03 6.455394670194842047e-03 6.453870735049354289e-03 6.455901669387909686e-03 6.453871793988865020e-03 6.451844168488192130e-03 6.456917993508156338e-03 6.457427250400154563e-03 6.453871861214947360e-03 6.454886842158120107e-03 6.455902039549440453e-03 6.456409773539140487e-03 6.454886758097497929e-03 6.456409336378289565e-03 6.456918868714858588e-03 6.455396153478399658e-03 6.453873866775536490e-03 6.455904248349322166e-03 6.456412150031422964e-03 6.455904382692313759e-03 6.456412050077946913e-03 6.454888359226790447e-03 6.454380289972513896e-03 6.455904213057600365e-03 6.455903673418380770e-03 6.453366497510239046e-03 6.453873900948581092e-03 6.454888610546057927e-03 6.455396254690602340e-03 6.455396118899240678e-03 6.455904299282473092e-03 6.454889218034636465e-03 6.454380693109690315e-03 6.453365942500838628e-03 6.454381131017847967e-03 6.453366108157312410e-03 6.458954857149891253e-03 6.453365654186272830e-03 6.455396456913268903e-03 6.457937234735873500e-03 6.454380510578222943e-03 6.454888005141974291e-03 6.456411107677020519e-03 6.454888813593575962e-03 6.452858767808209925e-03 6.455396725501014697e-03 6.454888374755855460e-03 6.453873766080669983e-03 6.454888981446747429e-03 6.454888578635294832e-03 6.456411882766383004e-03 6.457428787014097421e-03 6.454888273331287930e-03 6.451844879107731905e-03 6.455396371243145130e-03 6.454381349156132312e-03 6.453873528707738776e-03 6.453873564174305959e-03 6.457937200343257141e-03 6.454888259076229859e-03 6.456412184423928301e-03 6.454888323884355739e-03 6.455396221201295526e-03 6.455903825374430076e-03 6.455903758575182519e-03 6.454888880148709762e-03 6.455904431179305958e-03 6.453366024365140424e-03 6.454888223564734205e-03 6.455396457705372265e-03 6.455396624539455272e-03 6.456411947936203065e-03 6.454380693721229779e-03 6.455903774803007159e-03 6.454380778475483742e-03 6.454380475472412323e-03 6.456412402160024815e-03 6.453873529414344556e-03 6.455903673904986317e-03 6.454888072049372316e-03 6.454380729786878511e-03 6.455395260845119866e-03 6.456919679282800348e-03 6.455903861224127419e-03 6.455395766096353079e-03 6.453873128456098784e-03 6.454887617635917535e-03 6.457428382981932058e-03 6.455903421962012889e-03 6.455903825713270143e-03 6.457428468985462744e-03 6.453872641279959944e-03 6.454380593069831973e-03 6.453366177649657448e-03 6.456920017484318354e-03 6.454887820104013643e-03 6.454380006925528740e-03 6.455395866939768294e-03 6.456411442929394992e-03 6.456919815728249037e-03 6.454887971952291519e-03 6.456919982734007218e-03 6.456412403544354098e-03 6.456919831040867398e-03 6.456411832318260761e-03 6.453872589959919713e-03 6.454888173462161940e-03 6.453872808529921221e-03 6.452350951593332704e-03 6.455903659203184042e-03 6.453872772729540332e-03
6.455901938179795137e-03 6.454885393925214113e-03 6.453870162060112298e-03 6.455901214574008735e-03 0.000000000000000000e+00 6.451842069398034361e-03 6.456409386517682203e-03 6.456409487693283954e-03 6.453869893582489352e-03 6.456917842623735061e-03 6.455393457371684171e-03 6.454885679091480581e-03 6.454378485747953344e-03 6.453870497127754333e-03 6.453871473005675340e-03 6.455901028262093187e-03 6.454885949708838097e-03 6.456408931097544837e-03 6.456410161314713424e-03 6.454885089844727628e-03 6.455901449949248000e-03 6.453871355605669824e-03 6.451843510897774248e-03 6.456917555699696713e-03 6.458442944176210308e-03 6.453871641407319532e-03 6.454886622524448614e-03 6.455901163792840403e-03 6.455392969087663316e-03 6.454885882449173246e-03 6.456409117151734253e-03 6.456917993151390506e-03 6.455395715820736076e-03 6.453873209888387648e-03 6.455903810658294648e-03 6.456411274784876718e-03 6.455903507489788723e-03 6.456411394079036338e-03 6.454887483817769132e-03 6.454379633647931540e-03 6.455903556627353400e-03 6.455903017305435546e-03 6.453366059549450751e-03 6.453873462822811921e-03 6.454888172834554599e-03 6.455395597971123195e-03 6.455395243741370026e-03 6.455903642764749227e-03 6.454888561562214903e-03 6.454380036566304685e-03 6.453365504244711927e-03 6.454380474376325560e-03 6.453365451418563957e-03 6.458954201011427379e-03 6.453365216181404344e-03 6.455395800368647283e-03 6.457936578500032658e-03 6.454380291021925321e-03 6.454887567386256332e-03 6.457426698846239176e-03 6.454888157022655067e-03 6.452858110823865394e-03 6.455395850255878781e-03 6.453872269892554740e-03 6.453873109640234987e-03 6.454888325190954665e-03 6.454887922510844922e-03 6.456411007781132951e-03 6.457428131154937037e-03 6.454887617119209331e-03 6.451844222516273618e-03 6.455395715101678450e-03 6.454380692829761457e-03 6.453872872310783756e-03 6.453872907865172183e-03 6.457936544510998848e-03 6.454887602864403662e-03 6.456411747179330134e-03 6.454887667672344793e-03 6.455395564972595673e-03 6.455903169347285142e-03 6.455903102504314747e-03 6.454888223849239264e-03 6.455903775108477217e-03 6.453365367897726142e-03 6.454887567265111051e-03 6.455395801520397853e-03 6.455395968310593223e-03 6.456411291935855272e-03 6.454380037438627732e-03 6.455903118732207041e-03 6.454380122193136698e-03 6.454379819277484068e-03 6.456411746159827943e-03 6.453872873105125779e-03 6.455903017877977559e-03 6.454887415662693799e-03 6.454380073417308704e-03 6.455394604616369707e-03 6.456919023265752372e-03 6.455903205197485555e-03 6.455395109823966818e-03 6.453872253189074995e-03 6.454886961292905477e-03 6.457427727079424404e-03 6.455902765803820872e-03 6.455903169511445494e-03 6.457427812951784842e-03 6.453872203241034500e-03 6.454379936700145939e-03 6.453365521095251120e-03 6.456919580359717949e-03 6.454887163936052531e-03 6.454379350468569636e-03 6.455395210623612358e-03 6.456410786885625336e-03 6.456919159623887225e-03 6.454887315740545986e-03 6.456919326673339621e-03 6.456411747456862471e-03 6.456919175067711396e-03 6.456411394724467963e-03 6.453872152248378222e-03 6.454887517162947314e-03 6.453872152089731688e-03 6.452350294941341241e-03 6.455903003045122997e-03 6.453872116245467500e-03
6.453873472425314742e-03 6.452856609669800625e-03 6.451840185993420670e-03 6.452857099284849650e-03 6.451842069398034361e-03 0.000000000000000000e+00 6.453365379364624753e-03 6.453365261475456707e-03 6.450826082744144652e-03 6.453874599908826677e-03 6.451334581986076927e-03 6.451840471954450699e-03 6.451333169506971894e-03 6.450824855423527120e-03 6.450825830631863080e-03 6.452856913148678937e-03 6.452857384850167570e-03 6.453364923552653253e-03 6.453366372533344761e-03 6.450825611137586159e-03 6.452856896852113278e-03 6.450825494662048611e-03 6.448796561044508290e-03 6.453873875277914979e-03 6.454384637178909971e-03 6.450825343281342897e-03 6.451841634797524268e-03 6.452857048918749470e-03 6.453365109438343773e-03 6.452857099569643540e-03 6.453365109811445496e-03 6.454891595212707174e-03 6.452353099393765869e-03 6.450829829798093891e-03 6.452861522282448900e-03 6.453369532601968203e-03 6.452861656376627369e-03 6.453369432758020857e-03 6.451844977236210338e-03 6.451336361144780103e-03 6.452861705282189261e-03 6.452860727894822040e-03 6.450322133231646722e-03 6.450829864339746415e-03 6.451845228652828765e-03 6.452353200496042593e-03 6.452352845862619271e-03 6.452861791953697773e-03 6.451845618065856630e-03 6.451336764585052612e-03 6.450321577734441196e-03 6.451337421563048923e-03 6.450321961676009838e-03 6.455914098577293127e-03 6.450321288841829974e-03 6.452353621571987538e-03 6.454895820002846431e-03 6.452351449644379289e-03 6.451844841598123638e-03 6.453369145948161141e-03 6.451845213167715573e-03 6.449814293571039768e-03 6.452353452724278286e-03 6.450828889714975770e-03 6.450829729048639972e-03 6.451845599456579317e-03 6.451845196647614314e-03 6.453369484071908024e-03 6.454387043924653643e-03 6.451844890884112990e-03 6.448799749579404474e-03 6.452353316830966926e-03 6.451337639374416823e-03 6.450829491000492806e-03 6.450829527011648669e-03 6.454895785119414350e-03 6.451844877141805351e-03 6.453370004429134950e-03 6.451844941513673430e-03 6.452352948056983353e-03 6.452861098437158438e-03 6.452861250561915674e-03 6.451845498005688226e-03 6.452861704632834559e-03 6.450321658836436975e-03 6.451844841041868943e-03 6.452353403783598652e-03 6.452353570246914874e-03 6.453369548804744303e-03 6.451336983517021520e-03 6.452861047877176022e-03 6.451337068716690888e-03 6.451336984143687774e-03 6.453370003365037355e-03 6.450829491751796339e-03 6.452860946957805939e-03 6.451844253703736820e-03 6.451336584239190236e-03 6.452351988529716684e-03 6.453877390238682739e-03 6.452861136227910736e-03 6.452352275339895589e-03 6.450828436123676700e-03 6.451843798910013306e-03 6.454386203419054495e-03 6.452860477507669189e-03 6.452860662724942999e-03 6.454386289694293184e-03 6.451842875712526099e-03 6.451336666016887697e-03 6.450321376876699299e-03 6.453877947810284475e-03 6.451844438889785607e-03 6.451335861477770946e-03 6.452352376292008578e-03 6.453368607410791061e-03 6.453877308544491397e-03 6.451844590792078435e-03 6.453877475222714703e-03 6.453369787421751533e-03 6.453877542367661424e-03 6.454384503412706128e-03 6.450828335323781360e-03 6.451844573965001377e-03 6.450828335045888200e-03 6.449305713609776100e-03 6.452860933900522386e-03 6.450828298961786347e-03
6.457425653652833393e-03 6.456409117136326439e-03 6.455393893558692558e-03 6.456409824544433358e-03 6.456409386517682203e-03 6.453365379364624753e-03 0.000000000000000000e+00 6.456916950336235965e-03 6.455394062009368709e-03 6.456410094775914647e-03 6.454886572008636594e-03 6.455393742303407352e-03 6.454886385396553170e-03 6.454379325475483042e-03 6.453364356583469845e-03 6.456408764164272944e-03 6.456409891900427404e-03 6.456916393472753556e-03 6.455901971979805670e-03 6.455393590870452634e-03 6.456409622757000241e-03 6.453364457673009362e-03 6.452352119824331621e-03 6.456409370569530549e-03 6.458949969497060177e-03 6.453364087663246082e-03 6.454379294909671008e-03 6.456409774391444825e-03 6.456917016791452295e-03 6.455393676918333261e-03 6.456916579565262146e-03 6.457425569423994212e-03 6.455903456268645944e-03 6.454381332989693465e-03 6.456411715259005243e-03 6.456919125036015596e-03 6.456411412352361899e-03 6.456918806354110078e-03 6.455395716580006327e-03 6.454887483260174363e-03 6.456411461266179340e-03 6.456410703067294587e-03 6.453874018131536272e-03 6.454381585471048732e-03 6.455395967653407112e-03 6.455903557251171238e-03 6.455903203103208546e-03 6.456411547299954930e-03 6.455396575011826746e-03 6.454887886266922996e-03 6.453873463181729678e-03 6.454888542795089897e-03 6.453873628958675668e-03 6.459461778083128852e-03 6.453873174904992994e-03 6.455903759670818254e-03 6.458444264758602012e-03 6.454887922283755741e-03 6.455395362445463456e-03 6.456918301255684320e-03 6.455396170898338414e-03 6.453366343117157393e-03 6.455903809508799218e-03 6.454380611377420057e-03 6.454381232849974899e-03 6.455396120561170820e-03 6.455395718011108959e-03 6.456918858228226192e-03 6.457935653271473959e-03 6.455395412565605867e-03 6.452352564039377444e-03 6.455903455898802899e-03 6.454888542852602919e-03 6.454380776971995436e-03 6.454380812428287852e-03 6.458444011904123337e-03 6.455395398392835271e-03 6.456919378548551212e-03 6.455395463113297767e-03 6.455903305785612792e-03 6.456410855442192009e-03 6.456411007278678969e-03 6.455396019230510811e-03 6.456411461182197907e-03 6.453873327172810273e-03 6.455395362673224842e-03 6.455903760832716956e-03 6.455903709080502463e-03 6.456918923397701911e-03 6.454887887444349208e-03 6.456410804788877134e-03 6.454888190747437582e-03 6.454887887853155877e-03 6.456919377572921913e-03 6.454380777766109342e-03 6.456410704032833868e-03 6.455394993333940859e-03 6.454887705686482638e-03 6.455902127621655773e-03 6.457426382022439341e-03 6.456410892066061745e-03 6.455902632774769556e-03 6.454380158846840208e-03 6.455394539013078678e-03 6.457935250111594347e-03 6.456410234135318005e-03 6.456410856653161702e-03 6.457935335836733140e-03 6.454379671578094890e-03 6.454887568990658707e-03 6.453873262769585332e-03 6.457426938957996042e-03 6.455394741459470793e-03 6.455902968933812866e-03 6.455902733563455981e-03 6.456918200392696219e-03 6.457426737147538807e-03 6.455394893160119364e-03 6.457426685528583170e-03 6.456919379741661059e-03 6.457426533720419908e-03 6.456918589470601530e-03 6.454380057665415858e-03 6.455395094691973069e-03 6.454380057780081080e-03 6.452858364742816363e-03 6.456410689771919370e-03 6.454379803376669548e-03
6.457425754259868249e-03 6.456408999763198729e-03 6.455393557362611168e-03 6.455393996377472091e-03 6.456409487693283954e-03 6.453365261475456707e-03 6.456916950336235965e-03 0.000000000000000000e+00 6.455393507341908310e-03 6.457425788428312365e-03 6.455902222819532264e-03 6.455393405943588014e-03 6.454886923482561212e-03 6.454379208012985848e-03 6.453364457944500525e-03 6.456409521411195229e-03 6.455394720520481536e-03 6.456916495031212247e-03 6.455902072818180647e-03 6.455393254543165434e-03 6.455393575591334386e-03 6.453363902469710228e-03 6.452352221062056421e-03 6.457425282851322369e-03 6.457933559862786242e-03 6.454379259067684511e-03 6.454379177230359400e-03 6.456409438109412223e-03 6.456916899271572183e-03 6.456409488538546182e-03 6.455900591398949437e-03 6.458442020648107358e-03 6.455903556410094897e-03 6.454381433207139786e-03 6.456411596546561722e-03 6.456919225156061530e-03 6.456411512527035143e-03 6.456918906692744181e-03 6.455395816732116022e-03 6.454887583554379596e-03 6.456411561396974488e-03 6.456410803198037694e-03 6.453874118316026316e-03 6.454381685819593310e-03 6.455396067849465160e-03 6.455903657436517368e-03 6.455903303332233278e-03 6.456411647474239596e-03 6.455396675207616779e-03 6.454887986517474779e-03 6.453873781963051330e-03 6.454888643001747972e-03 6.453873729186894621e-03 6.459461878105627816e-03 6.453873275133239704e-03 6.455903859812397311e-03 6.458444364890119672e-03 6.454888022534122777e-03 6.455395462641486809e-03 6.456918401375611426e-03 6.455396052108675412e-03 6.453366443356079590e-03 6.455903909694099378e-03 6.454380930394120267e-03 6.454381114704212628e-03 6.455396220931594597e-03 6.455395818206946697e-03 6.456918958435121925e-03 6.457935753544559801e-03 6.455395512892139406e-03 6.452352445925694548e-03 6.455903556214569877e-03 6.454888643233575550e-03 6.454380877363660902e-03 6.454380912776039661e-03 6.458444112166513741e-03 6.455395498588130908e-03 6.456919478799248713e-03 6.455395563396026069e-03 6.455903406057751474e-03 6.456410955747464778e-03 6.456410888773522760e-03 6.455396119513364880e-03 6.456411561487294601e-03 6.453873427575127809e-03 6.455395463043549741e-03 6.455903861192254477e-03 6.455903809308862797e-03 6.456919023692204648e-03 6.454887987825355666e-03 6.456410905137854525e-03 6.454888291128171689e-03 6.454887769505672154e-03 6.456919477867342251e-03 6.454380878114032889e-03 6.456410804294362982e-03 6.455395311588105201e-03 6.454888023836403976e-03 6.455902445891925287e-03 6.457426700473240661e-03 6.456410991586382549e-03 6.455902951045177848e-03 6.454380477111365186e-03 6.455394857267106844e-03 6.457935349599423780e-03 6.456410552378168480e-03 6.456410956129999060e-03 6.457935435499403617e-03 6.454379989930180035e-03 6.454887887184637685e-03 6.453873580930536043e-03 6.457427257288444848e-03 6.455395059713467734e-03 6.454887301176996835e-03 6.455903051921558881e-03 6.456918518783325185e-03 6.457426836940907688e-03 6.455395211545421862e-03 6.457427003935637365e-03 6.456919479207689355e-03 6.457426852214992637e-03 6.456918907992481409e-03 6.454380157108685449e-03 6.455395412989960863e-03 6.454380157168823108e-03 6.452858464120981782e-03 6.456411008189759208e-03 6.454380121466605016e-03
6.455902374591877824e-03 6.454885292323579889e-03 6.453869522798791336e-03 6.453870987631204689e-03 6.453869893582489352e-03 6.450826082744144652e-03 6.455394062009368709e-03 6.455393507341908310e-03 0.000000000000000000e+00 6.455902627422417314e-03 6.454378351842068699e-03 6.453869808965245584e-03 6.453362506572233627e-03 6.452854846577581530e-03 6.452855166489261142e-03 6.454885813800757301e-03 6.453870836024116694e-03 6.455393388150713202e-03 6.455394181051266576e-03 6.453869220385001146e-03 6.454886016529374181e-03 6.452855267543789602e-03 6.450827205620133023e-03 6.455902559151241275e-03 6.457427618877290519e-03 6.452855553379688823e-03 6.453870752657784628e-03 6.453870718661566461e-03 6.455393136285019103e-03 6.454885344025659139e-03 6.454378402525852258e-03 6.455903097534688474e-03 6.454380708663369319e-03 6.452858094016866893e-03 6.454889131842238628e-03 6.455396924109034484e-03 6.454888828652851837e-03 6.456412314229807020e-03 6.453872586501698157e-03 6.453364407870883397e-03 6.454888877581739688e-03 6.454888119314232744e-03 6.452350834353001545e-03 6.452858347092378828e-03 6.453873275288564242e-03 6.454381028598117284e-03 6.454380455503568904e-03 6.454889182829368077e-03 6.453873664375809303e-03 6.453364811007204598e-03 6.452350497783644959e-03 6.453365467615274596e-03 6.452350226091865641e-03 6.457940177979028772e-03 6.452349771935944438e-03 6.454381012207013532e-03 6.456922336946925578e-03 6.453365065473251790e-03 6.453872450861696322e-03 6.455396319156910499e-03 6.453873259705953519e-03 6.451842776288818984e-03 6.454381280936854863e-03 6.452857591357654896e-03 6.452857993746648549e-03 6.453873427722254912e-03 6.453873024868028371e-03 6.455396657017993360e-03 6.456413780005027837e-03 6.453872719410442930e-03 6.450828669546726686e-03 6.454380926776612931e-03 6.453365686058505114e-03 6.452857756221558674e-03 6.452857791884232010e-03 6.456922302717703691e-03 6.453872705297298250e-03 6.455397177310575815e-03 6.453872769974416945e-03 6.454380776571453857e-03 6.454888490160887345e-03 6.454888423404816188e-03 6.453873326271123562e-03 6.454889096052312918e-03 6.452350142539833161e-03 6.453872669633331678e-03 6.454381013446177685e-03 6.454381179996265643e-03 6.455396722056747257e-03 6.453365030526473679e-03 6.454888439534896098e-03 6.453365115487414740e-03 6.453364812331877608e-03 6.455397176378259091e-03 6.452857756972326178e-03 6.454888338615238051e-03 6.453872517910517678e-03 6.453365066657537966e-03 6.454379816008624059e-03 6.455904562634643025e-03 6.454888526251258488e-03 6.454380321324807053e-03 6.452857137199212272e-03 6.453872063443054016e-03 6.456413375798905271e-03 6.454888086530771903e-03 6.454888490325117086e-03 6.456413461878403835e-03 6.452857305782102107e-03 6.453364929722364696e-03 6.452350295726620201e-03 6.455905119891645720e-03 6.453872266173589500e-03 6.453364343698184125e-03 6.454380422146165260e-03 6.455396216897858579e-03 6.455904699166801868e-03 6.453872418010715706e-03 6.455904866063680997e-03 6.455397177675597196e-03 6.455904714425396602e-03 6.455396824997998266e-03 6.452857036061103967e-03 6.453872619432573197e-03 6.452857035990301228e-03 6.451334850975315796e-03 6.454888324055236409e-03 6.452856999949707108e-03
6.456918247112105810e-03 6.456918229395579648e-03 6.455902677514630678e-03 6.456918718031727684e-03 6.456917842623735061e-03 6.453874599908826677e-03 6.456410094775914647e-03 6.457425788428312365e-03 6.455902627422417314e-03 0.000000000000000000e+00 6.456410414020061390e-03 6.454886757568146192e-03 6.454380052222835444e-03 6.454888000042995760e-03 6.454888538909622428e-03 6.456918313450258663e-03 6.455902696438818415e-03 6.456409421246000514e-03 6.457426462367245670e-03 6.455902374585569502e-03 6.455902207981540318e-03 6.454888421040054156e-03 6.452861231733079614e-03 6.457933747351310080e-03 6.458442356506733859e-03 6.454888269863926983e-03 6.455903469426963262e-03 6.456918230175925054e-03 6.457425855440871929e-03 6.455902191340804654e-03 6.456409606539033168e-03 6.457934521630848135e-03 6.456411698220325748e-03 6.454889739117867717e-03 6.457936091754970000e-03 6.457427476250989125e-03 6.456919599272189364e-03 6.457427157596516525e-03 6.455904013210584692e-03 6.455395834741885046e-03 6.456919867269800446e-03 6.456919109108851494e-03 6.454382478947343418e-03 6.454889773226550609e-03 6.455904264377150537e-03 6.456411799104312677e-03 6.456411663881493623e-03 6.456919734329283345e-03 6.455904871910588157e-03 6.455396237792625398e-03 6.454382142812696392e-03 6.455397113081844107e-03 6.454382089910664679e-03 6.459969855380755244e-03 6.454381635949768894e-03 6.456412001546040988e-03 6.458952232716313677e-03 6.455396273579857083e-03 6.455903659190735666e-03 6.457426652421236445e-03 6.455904686328218373e-03 6.453874858813405009e-03 6.456412270221601087e-03 6.454888798902892397e-03 6.454889638706452423e-03 6.455904635560924358e-03 6.455904232879837966e-03 6.457427427696906495e-03 6.458443894634678314e-03 6.455903927554119265e-03 6.452861188852152506e-03 6.456411916213817062e-03 6.455397112616472442e-03 6.454889401485736262e-03 6.454889436799939213e-03 6.458952198607199706e-03 6.455903913201069266e-03 6.457427729343734671e-03 6.455903978140095645e-03 6.456411766116749475e-03 6.456919261075166894e-03 6.456919194145184504e-03 6.455904534284861301e-03 6.456919866706054348e-03 6.454382006499151739e-03 6.455903877885813338e-03 6.456412002468724792e-03 6.456412169368186925e-03 6.457427274198306380e-03 6.455396457322445936e-03 6.456918991512998300e-03 6.455396541913645432e-03 6.455396239019363727e-03 6.457427728324565547e-03 6.454889402192113927e-03 6.456919109594528097e-03 6.455903726141402899e-03 6.455396711751263360e-03 6.456410805792772017e-03 6.457934896209978001e-03 6.456919515413447365e-03 6.456411310979212441e-03 6.454888782352252198e-03 6.455903271869341091e-03 6.458443490646118695e-03 6.456918857574970097e-03 6.456919261239706283e-03 6.458443795263359849e-03 6.454888513697644090e-03 6.455396356518559864e-03 6.454382159532646469e-03 6.457935453096909535e-03 6.455903474381214681e-03 6.455395989162777785e-03 6.456411411669588617e-03 6.457426769300886500e-03 6.457935032481062695e-03 6.455903626109356017e-03 6.457935199639876396e-03 6.457427729621835998e-03 6.457935047979348510e-03 6.457427158242432137e-03 6.454888681258759246e-03 6.455903827576095141e-03 6.454888899893990693e-03 6.453367152204377358e-03 6.456919094576495273e-03 6.454888645496050480e-03
6.455394887715230033e-03 6.455393843395355533e-03 6.453363112105540284e-03 6.455394332866332303e-03 6.455393457371684171e-03 6.451334581986076927e-03 6.454886572008636594e-03 6.455902222819532264e-03 6.454378351842068699e-03 6.456410414020061390e-03 0.000000000000000000e+00 6.454378250619241704e-03 6.452855873638788445e-03 6.453363178017285096e-03 6.453363935925646167e-03 6.454378756406634575e-03 6.454379228473173212e-03 6.455901447883514131e-03 6.455903115748471387e-03 6.453362590800310397e-03 6.455393693205441208e-03 6.453363817777365077e-03 6.451336191765338207e-03 6.456409908137755727e-03 6.456919489522026413e-03 6.452348478262902483e-03 6.454379412666094544e-03 6.455394282276543869e-03 6.455901852385853741e-03 6.454378942140567149e-03 6.455902289713406385e-03 6.457427520329960501e-03 6.454888393233558334e-03 6.453365942322216754e-03 6.455396542725835157e-03 6.455904280293018986e-03 6.455396458674068742e-03 6.455903961731889254e-03 6.454380325274663120e-03 6.453872201573769216e-03 6.455396507467184991e-03 6.455395748974118025e-03 6.452858518141029766e-03 6.453365976244294575e-03 6.454380795343907067e-03 6.454888494238038288e-03 6.454888139882904510e-03 6.455396593620902831e-03 6.454381184164386352e-03 6.453872604536234694e-03 6.452858181919665648e-03 6.453873261249300566e-03 6.452858128913785581e-03 6.458447480142217624e-03 6.452857674718739424e-03 6.454888696701445439e-03 6.457429748231811352e-03 6.453872859106932550e-03 6.454380190180774787e-03 6.455903456699756821e-03 6.454380779570317167e-03 6.452350733896398439e-03 6.454888746375069160e-03 6.453365001976909057e-03 6.453365407404480780e-03 6.454380294555165862e-03 6.454379891701218612e-03 6.455903796609102283e-03 6.456920372925013460e-03 6.454379805228520686e-03 6.452350513742380160e-03 6.454887958032899838e-03 6.453872607745087149e-03 6.453364732880239631e-03 6.453364986874215656e-03 6.457428840669220300e-03 6.454380227890966527e-03 6.455904098495006578e-03 6.454380074706824941e-03 6.454888025687515254e-03 6.455395247577921762e-03 6.456411327404496317e-03 6.454380193202359506e-03 6.455396072366757949e-03 6.452857173971282903e-03 6.454379536548315865e-03 6.454887825270046176e-03 6.454888210963072304e-03 6.455903424726088316e-03 6.453871952197207280e-03 6.455395415789689194e-03 6.453872037230122885e-03 6.454887400890740173e-03 6.455904097737081605e-03 6.453364952146598173e-03 6.455395533111975628e-03 6.454379820709192118e-03 6.453872642520773820e-03 6.454887282694113208e-03 6.456411646560997891e-03 6.455395938104562838e-03 6.454887569369782523e-03 6.453364548977670243e-03 6.454379584893164823e-03 6.456920623901992243e-03 6.455395498667302820e-03 6.455395683761399120e-03 6.456920490920773324e-03 6.453364498849919334e-03 6.453872287129756857e-03 6.452857762583864322e-03 6.456412203539596550e-03 6.454379787470645655e-03 6.453872356762098417e-03 6.454887670223973840e-03 6.455903574160758683e-03 6.456412220342726618e-03 6.454379720644767490e-03 6.456411949869660799e-03 6.455904316325788636e-03 6.456411798247735714e-03 6.455903963337206695e-03 6.454379735860276898e-03 6.454379922001500861e-03 6.453364666667267893e-03 6.451842427189119315e-03 6.455395517109769124e-03 6.453364412143547217e-03
6.455902273105884603e-03 6.454885191667947622e-03 6.453869422023882085e-03 6.454886117410798055e-03 6.454885679091480581e-03 6.451840471954450699e-03 6.455393742303407352e-03 6.455393405943588014e-03 6.453869808965245584e-03 6.454886757568146192e-03 6.454378250619241704e-03 0.000000000000000000e+00 6.452347654073875560e-03 6.452854745452976312e-03 6.452855502429979094e-03 6.454885712796656384e-03 6.454886184659921859e-03 6.455392631576404791e-03 6.454379126736358926e-03 6.453869556084762538e-03 6.454885477738737942e-03 6.452854729288771789e-03 6.449812933456698302e-03 6.455901583580509438e-03 6.456411706245571147e-03 6.452854796646310606e-03 6.453870432924370404e-03 6.454885630111493848e-03 6.454378301486314411e-03 6.454885899044347265e-03 6.454377863898548909e-03 6.456919304046606668e-03 6.454380826020986867e-03 6.452858211216928180e-03 6.454889249183403191e-03 6.455396822568727072e-03 6.454888946092513999e-03 6.455396504110844612e-03 6.453872922429640738e-03 6.453364524889627918e-03 6.454888994977887179e-03 6.454888236534428968e-03 6.452350950870504656e-03 6.452858245498277641e-03 6.453873173584560516e-03 6.454380927079931933e-03 6.454380572686473777e-03 6.454889299624726184e-03 6.453873562584594090e-03 6.453364928026201520e-03 6.452350177531748776e-03 6.453365584809874975e-03 6.452350343122740216e-03 6.457940295865898309e-03 6.452349888966191910e-03 6.454381129433704560e-03 6.456922454494738207e-03 6.453364964424880730e-03 6.453872568137779264e-03 6.455395998762292545e-03 6.453873157991044454e-03 6.451842893368957103e-03 6.454381179287667532e-03 6.452857271132941830e-03 6.452857892675809351e-03 6.453873326541937315e-03 6.453872923643690432e-03 6.455396774516796582e-03 6.456413678966556845e-03 6.453872618230154824e-03 6.450828568344949693e-03 6.454380825694663697e-03 6.453365584911121243e-03 6.452857655063287678e-03 6.452857908919655897e-03 6.456922201602664606e-03 6.453872822452570712e-03 6.455397076250338380e-03 6.453872668837820452e-03 6.454380675358367334e-03 6.454888389045886424e-03 6.454888322333760149e-03 6.453873225178417307e-03 6.454888994937451642e-03 6.452350041370692388e-03 6.453872568453066123e-03 6.454380912232862179e-03 6.454381078914475135e-03 6.455396620952732339e-03 6.453364929335306255e-03 6.454888338376234790e-03 6.453365014252472436e-03 6.453364711228070857e-03 6.455397075274206878e-03 6.452857655726607772e-03 6.454888237456734602e-03 6.453872198644802251e-03 6.453365184745218225e-03 6.454379496464011934e-03 6.455904242997510291e-03 6.454888644015876857e-03 6.454380220940744879e-03 6.452857255248523917e-03 6.453871744133705957e-03 6.456413056276825470e-03 6.454887986026378900e-03 6.454888389952123315e-03 6.457429389841715106e-03 6.452856549353485315e-03 6.453364610472948730e-03 6.452349976247380263e-03 6.455904800571963913e-03 6.453871946558046267e-03 6.453364243467190481e-03 6.454380102776626632e-03 6.455396116360851040e-03 6.455904379529610153e-03 6.453872098395394517e-03 6.455904765712582906e-03 6.455397077226174979e-03 6.455904613899398486e-03 6.455396286894738399e-03 6.452856497979051961e-03 6.453872518906064205e-03 6.452857154127402024e-03 6.451334531660024574e-03 6.454888004450624536e-03 6.452856680716678207e-03
