0.000000000000000000e+00 1.890976750615059460e-02 2.013362690789181897e-02 1.811045926559079478e-02 2.104968380209369314e-02 2.071697301865758900e-02 1.992882539471111519e-02 2.099848644742671050e-02 1.885133238243204973e-02 2.418901210262364501e-02 2.290032568710527461e-02 2.013300462583692690e-02 1.939514243417566827e-02 2.037863477587337907e-02 3.360880816315257175e-02 1.940877632557777913e-02 2.374155173272769759e-02 2.159614814795106363e-02 2.073762577788259079e-02 2.042945036687268331e-02 2.197520548065541243e-02 2.054753755732828882e-02 2.089743047637882337e-02 2.114934482901988100e-02 1.997575704105339703e-02 1.851590571906889041e-02 2.059950516984218605e-02 2.097762454333672658e-02 1.967537803153952478e-02 2.502445563332462986e-02 2.020302955764257183e-02 1.924454534924385785e-02 1.951603444537220941e-02 2.299140340124319892e-02 1.965866867929027401e-02 1.926316131863640285e-02 2.295084263221261467e-02 2.280093292541806455e-02 2.765200142843508499e-02 1.909897168091015743e-02 2.054086546637243910e-02 2.118569655602273519e-02 3.758982477501671832e-02 2.166196769180329940e-02 2.338851691826743934e-02 1.913424955156113258e-02 2.010570613339086876e-02 2.183010585936162595e-02 2.056158176948442648e-02 1.937293943883129296e-02 2.126937180777071709e-02 2.028890295594563270e-02 2.241248711633569632e-02 1.964805562704945857e-02 1.932835685229739031e-02 1.988630101129056429e-02 1.935143870957044265e-02 2.039429287712987357e-02 2.093642372721807310e-02 1.839618720334081081e-02 1.830985373883413717e-02 1.918906064287924720e-02 2.010550635345641560e-02 2.078302199265627537e-02 1.989391497886955698e-02 1.991313280400168473e-02 2.028621457947741777e-02 1.963702428097171410e-02 2.206859529139561585e-02 2.027140321842459472e-02 2.361160073761378944e-02 1.883344940494068379e-02 2.061894054426267539e-02 2.040211257393778968e-02 2.156200472454904149e-02 1.967585922459846523e-02 2.273457174474527095e-02 1.998857064398751326e-02 2.165309017570307693e-02 2.122602661871291971e-02 1.977040324359614909e-02 2.062098652511408850e-02 2.281504369246041553e-02 1.841432534405591792e-02 2.080140603151577061e-02 1.992541459204934945e-02 1.951259283093307803e-02 2.079134813717392963e-02 1.998946925659646212e-02 2.005129691739529832e-02 2.162965383903248801e-02 2.388691878520280906e-02 1.974817361668741028e-02 2.020189477811614592e-02 2.223656817072195910e-02 2.017962275664597627e-02 2.300262126406877120e-02 2.043182007551700222e-02 2.241646047831573688e-02 2.020012311266915564e-02 1.900524739963104989e-02 2.491834701856599638e-02 2.074263318537828901e-02 2.201721685916884289e-02 2.026857363017525379e-02 1.956907211855152956e-02 1.962498559451273522e-02 2.162948724833453629e-02 2.071552493280002724e-02 1.811596340299488975e-02 1.974638655383155819e-02 1.965431680292740665e-02 2.242521427243557644e-02 1.967421088415144750e-02 2.269575586340568177e-02 2.124727291510019461e-02 1.964555817018567158e-02 1.964399383257769277e-02 1.890662322419266878e-02 2.050452797981075145e-02 2.346942619392403812e-02 2.007314868174974939e-02 2.021908613646418093e-02 2.320518175185861884e-02 1.864958932831405763e-02 2.285439959187664585e-02 2.125270053581875679e-02 1.968429612314272908e-02
1.890976750615059460e-02 0.000000000000000000e+00 1.803297083617918378e-02 1.542839902288866034e-02 1.783191429486349899e-02 1.927390620750505865e-02 1.583848226479322302e-02 1.791511183748415240e-02 1.538446132344301227e-02 2.128805419966032716e-02 1.891872975646655478e-02 1.707806928075120828e-02 1.607879320711610646e-02 1.698655078986631428e-02 3.186306377724865829e-02 1.639493432308171059e-02 2.120279237555281610e-02 1.777654852198740434e-02 1.965210497655226624e-02 1.721128966768553648e-02 1.864344470720996627e-02 1.896653751587396367e-02 1.783220196607496200e-02 1.826633053676177468e-02 1.676647702573012821e-02 1.529105418489807439e-02 1.894936735293417315e-02 1.788740467126411285e-02 1.649158654713052050e-02 2.269386249731161764e-02 1.863283949747354673e-02 1.603520382310876999e-02 1.655344030218865864e-02 2.066466347162534273e-02 1.663243275574684960e-02 1.623034268831755056e-02 2.064030730236594141e-02 2.042041162879041499e-02 2.576354029819654529e-02 1.600336032154472260e-02 1.773776922577391738e-02 1.858076872103425065e-02 3.607993275430924907e-02 1.910311151549475700e-02 2.110728983522452973e-02 1.603364483105028729e-02 1.723498523784540437e-02 1.929620106081417555e-02 1.785879122634310631e-02 1.628309727645864402e-02 1.850337494858389845e-02 1.747986428971495809e-02 2.000654926635502678e-02 1.668637737362985499e-02 1.625544743055470920e-02 1.704849203626545087e-02 1.698097989122778276e-02 1.761728421851938703e-02 1.828894369455161262e-02 1.508836555619211782e-02 1.502280439723083748e-02 1.611156357748225534e-02 1.725207289402184291e-02 1.805776316514300095e-02 1.696492744375308059e-02 1.697606569352992298e-02 1.745531998471396701e-02 1.664874562171545294e-02 1.963350959604075879e-02 1.738766289023613645e-02 2.141533709701410812e-02 1.560824956225394244e-02 1.787094434529789763e-02 1.760491349503290337e-02 1.902348440406434124e-02 1.667430494816298653e-02 2.040763285269377517e-02 1.707549175554319565e-02 1.913916348230171316e-02 1.861375908915240476e-02 1.680731300978694290e-02 1.786613714352825247e-02 2.050165181600313580e-02 1.507821400597297336e-02 1.809181123477277345e-02 1.699623821239715574e-02 1.647927055789258355e-02 1.808162252629109262e-02 1.718192145759543654e-02 1.715338721587293669e-02 1.910166811615378671e-02 2.172310767174682675e-02 1.677509022483025108e-02 1.737181686617952567e-02 1.982206307030768069e-02 1.731839104495708562e-02 2.071851012821463583e-02 1.762691922565471150e-02 2.006014474149363583e-02 1.734818803679815530e-02 1.581947850096512495e-02 2.287161338504066152e-02 1.801895316063637648e-02 1.956055093456850885e-02 1.742162158641009581e-02 1.654703746463546954e-02 1.661580782125219799e-02 1.910504092861312758e-02 1.799116681963155301e-02 1.469989947451110293e-02 1.677364279291795185e-02 1.665245512090185454e-02 2.004973411368640018e-02 1.672567281111763879e-02 2.035898844405094332e-02 1.869185407485090059e-02 1.665670617806756446e-02 1.665274654060534473e-02 1.569998665178349781e-02 1.771984098754716616e-02 2.125146760660521356e-02 1.719799521979895399e-02 1.736743931754193560e-02 2.094688874464838493e-02 1.537225530661796152e-02 2.055302470451564334e-02 1.864662336345240118e-02 1.669160144644194627e-02
2.013362690789181897e-02 1.803297083617918378e-02 0.000000000000000000e+00 1.648353487054528971e-02 1.867047589779647146e-02 2.010962958341782833e-02 1.721814996009374266e-02 1.902678915686502326e-02 1.636497510314617945e-02 2.248577780403017076e-02 2.031813894038810367e-02 1.781422180141713912e-02 1.702821528522473205e-02 1.853064261316402297e-02 3.453116595708634329e-02 1.861428305996786284e-02 2.083202850912787077e-02 2.017067378380438605e-02 2.091488422903739833e-02 1.807593325287568456e-02 1.989602821688222362e-02 2.026109255561971828e-02 1.909882095802089771e-02 1.831589182655170636e-02 1.659785148139686015e-02 1.687517934716247989e-02 2.011699506616875313e-02 1.793946134678522583e-02 1.681364019391914932e-02 2.371049435730449712e-02 1.944996953873286485e-02 1.630861100094715965e-02 1.764162001832337082e-02 2.154051192972016374e-02 1.779643054653792106e-02 1.733501003583913513e-02 2.148762805182139260e-02 2.140733790374237458e-02 2.647595668534256236e-02 1.715271672430929151e-02 1.880181131089989771e-02 1.951828774051147727e-02 3.668446561828037078e-02 2.007439505428136942e-02 2.196789162304490367e-02 1.720485879902275764e-02 1.831921751704097823e-02 2.026265773523538982e-02 1.881325415075172161e-02 1.747063023794681938e-02 1.952763334508852283e-02 1.851734235039136089e-02 2.089318781109636425e-02 1.780298744972879862e-02 1.751418745250015938e-02 1.805651611219744740e-02 1.741826700219261531e-02 1.863585066258848649e-02 1.924714951352209449e-02 1.635711820134035793e-02 1.624980384978584602e-02 1.726871902039381693e-02 1.830482221863821007e-02 1.909821102275275490e-02 1.799422046268548195e-02 1.809295660960119623e-02 1.852479995568240972e-02 1.788780381794903909e-02 2.053161875677234419e-02 1.845310228319490403e-02 2.221189673961116579e-02 1.689226367531448600e-02 1.889875985986462503e-02 1.866108715028196377e-02 1.996701037404603751e-02 1.782151215093716670e-02 2.127021065904999286e-02 1.817219613927629346e-02 2.006485972409093391e-02 1.958267741719503172e-02 1.793365278279938566e-02 1.889537040496448023e-02 2.133386632821915666e-02 1.638000751976862943e-02 1.909910131303997616e-02 1.811912557025085330e-02 1.763957730813905944e-02 1.899757016787461186e-02 1.821837344586797747e-02 1.824670854523200575e-02 2.002405521221998705e-02 2.251207806643364812e-02 1.791153930542915482e-02 1.841347494752721900e-02 2.071420773382446831e-02 1.839984221260481875e-02 2.154408933875094981e-02 1.866814424085039975e-02 2.098055005193789554e-02 1.845340800649357058e-02 1.707181046691664400e-02 2.360166743788841628e-02 1.902263725735638469e-02 1.998113071008378663e-02 1.851722478197421681e-02 1.767532844954397206e-02 1.778681251563144980e-02 2.001010109495550415e-02 1.898506281429262338e-02 1.605155762200282527e-02 1.793080003913789799e-02 1.782285220142935597e-02 2.089597659750369943e-02 1.785580889506277122e-02 2.119543306470762778e-02 1.964954168782597280e-02 1.781045474516098487e-02 1.777738585438150623e-02 1.692667042566395677e-02 1.879089155940446426e-02 2.209371890915274445e-02 1.831528383929387563e-02 1.841075148544161350e-02 2.175729664634509092e-02 1.666486710674808594e-02 2.142925267125548108e-02 1.963244845484594589e-02 1.786927666395789205e-02
1.811045926559079478e-02 1.542839902288866034e-02 1.648353487054528971e-02 0.000000000000000000e+00 1.623107079604555955e-02 1.775149555507777449e-02 1.532888306513339842e-02 1.590919666301613550e-02 1.343589561903195569e-02 2.034671185725375406e-02 1.912685332683516579e-02 1.525693922305948295e-02 1.414197035889400503e-02 1.576030996354278735e-02 3.261724490970614732e-02 1.611267278113047083e-02 1.980865878754979950e-02 1.755203083043569909e-02 1.839557420011709438e-02 1.547592302215780764e-02 1.739773543771724190e-02 1.767671288090984574e-02 1.658640386869089309e-02 1.690519118215035380e-02 1.486012388779396794e-02 1.427058713483328987e-02 1.764021910200315110e-02 1.651545502785316949e-02 1.442100916565297770e-02 2.063945726648327289e-02 1.695908446681335460e-02 1.414680055813744182e-02 1.519554732607333869e-02 1.970056796290128517e-02 1.532372145423170108e-02 1.477721281647938548e-02 1.964969634578671645e-02 1.949598516842466697e-02 2.499455722183272638e-02 1.455853228962479366e-02 1.655828385048732296e-02 1.742398487354272774e-02 3.549456239222217868e-02 1.803917515178854805e-02 2.017324067195938944e-02 1.460388674894240284e-02 1.597296954282844197e-02 1.825918961848673264e-02 1.659066258994709372e-02 1.492843795927700432e-02 1.744148223978153958e-02 1.620665392588054379e-02 1.897502002181924649e-02 1.533080025741995721e-02 1.490215607413166582e-02 1.567964509668590481e-02 1.488981291338656136e-02 1.635610663125169548e-02 1.708509834515260437e-02 1.350283754328833637e-02 1.338746942272556542e-02 1.469049800647457410e-02 1.595104034901682205e-02 1.690465541617597670e-02 1.560828864663026290e-02 1.570279194858051341e-02 1.617780437812059088e-02 1.532813975179681508e-02 1.852003563932536415e-02 1.679543567558956785e-02 2.047122125881907853e-02 1.413339924435970049e-02 1.670083645130727643e-02 1.634449477263075212e-02 1.787365903142722201e-02 1.531952351887737145e-02 1.934411173798380318e-02 1.580824503060300826e-02 1.800996540149780306e-02 1.742925190497580240e-02 1.546404066071208061e-02 1.661621483589120069e-02 1.951179469889467374e-02 1.348927149964150585e-02 1.686769466058298667e-02 1.567327044601808661e-02 1.509328266085297604e-02 1.685758765206551296e-02 1.588697266944104000e-02 1.584922789252203590e-02 1.802900962345845362e-02 2.070257935431362231e-02 1.543075178078300025e-02 1.608977066716486479e-02 1.872586660281206836e-02 1.607424622710500878e-02 1.970910478554315989e-02 1.638139787762487448e-02 1.907732069620854051e-02 1.611370121521306376e-02 1.438254273847705197e-02 2.195081059564443771e-02 1.681237730161685637e-02 1.817595052524378224e-02 1.618565289340308591e-02 1.516627663749606919e-02 1.529187971192458653e-02 1.797877980947333587e-02 1.677706525996627840e-02 1.307576896889143733e-02 1.547408152262051001e-02 1.533702847604669767e-02 1.898947448597727850e-02 1.541637294741105522e-02 1.931979432921690845e-02 1.757576756069412216e-02 1.534625552930586959e-02 1.530648149403419749e-02 1.420917619224823687e-02 1.651725189176676822e-02 2.029603570102811103e-02 1.595964499124572292e-02 1.607957366935031801e-02 1.994421553991401058e-02 1.386524872779563468e-02 1.956597347924345434e-02 1.752042519280839344e-02 1.539244995470647089e-02
2.104968380209369314e-02 1.783191429486349899e-02 1.867047589779647146e-02 1.623107079604555955e-02 0.000000000000000000e+00 1.987105539121887879e-02 1.771276751660425322e-02 1.890296220697255253e-02 1.609787423750404234e-02 2.088797046252011472e-02 1.970769912679849398e-02 1.763929056297709047e-02 1.669331801142408603e-02 1.794991842317407785e-02 3.421384912437832465e-02 1.741201564766497664e-02 2.190825949209481913e-02 1.965376146811958005e-02 2.069112496500788781e-02 1.784572814109748953e-02 1.819360561323071779e-02 1.895430010265872905e-02 1.880328439885146224e-02 1.918969548418653082e-02 1.638243427003151925e-02 1.685532233671356225e-02 2.005060839227787092e-02 1.781900771637988032e-02 1.744717275820284463e-02 2.203011202592618234e-02 1.900288714920971012e-02 1.669753629196932612e-02 1.737555070128246268e-02 2.132305820074489530e-02 1.750534281443250420e-02 1.703911368016099506e-02 2.128026532405566384e-02 2.111179499008557225e-02 2.630675015805577013e-02 1.685544077201353921e-02 1.853856300743898095e-02 1.928044942348769442e-02 3.655422164320983741e-02 1.982717310301500280e-02 2.175509082547583128e-02 1.689897133021317499e-02 1.804496752957915687e-02 2.002062206956589652e-02 1.855703139499350132e-02 1.717352425469455268e-02 1.927184478563744724e-02 1.824303592244990238e-02 2.066631082886793633e-02 1.750715083868527311e-02 1.720671035891507133e-02 1.778361353604581557e-02 1.712027431495628110e-02 1.836721156456997545e-02 1.899331755033353136e-02 1.602743701129032139e-02 1.592527540736896063e-02 1.696706314381048533e-02 1.802679507481254328e-02 1.883503594683962057e-02 1.777726270246468565e-02 1.779353875758882958e-02 1.823248709880610774e-02 1.757934226646171855e-02 2.029274286817116940e-02 1.817549416580987662e-02 2.200782969083486112e-02 1.656815552956807797e-02 1.863138933031537048e-02 1.839134920354879715e-02 1.970454947126096257e-02 1.751962240241871152e-02 2.103112594213903466e-02 1.789296590800286413e-02 1.982905586266955206e-02 1.931969476670935756e-02 1.763342646171708189e-02 1.861720481466800151e-02 2.112187476430127733e-02 1.604915836935861054e-02 1.882850141661206872e-02 1.781875463974075258e-02 1.733733112247336575e-02 1.880728400845791889e-02 1.806502635015294622e-02 1.795560211291594155e-02 1.977912391235298051e-02 2.228848000026357329e-02 1.760475604532448640e-02 1.815028368198558228e-02 2.046651846072046824e-02 1.811004648702307929e-02 2.132894793142998263e-02 1.839202452951925124e-02 2.075179241193100821e-02 1.817081195854252165e-02 1.675378628018681440e-02 2.341149110011558551e-02 1.875764328793965569e-02 1.979809630155979910e-02 1.823519047722831424e-02 1.737696807620274508e-02 1.748915256870422000e-02 1.976876442739066222e-02 1.871923318947361220e-02 1.571094660237144433e-02 1.763573311505081329e-02 1.752345917394562344e-02 2.067168627179388415e-02 1.758120041734611075e-02 2.097301782080655819e-02 1.942068655913096673e-02 1.751525945291230665e-02 1.748315507741043939e-02 1.660728950769741613e-02 1.851539409931038729e-02 2.188082910153110738e-02 1.803426304734509836e-02 1.813042142194787321e-02 2.154368385535334121e-02 1.633868144606649003e-02 2.120813661351155996e-02 1.937890314984942741e-02 1.757296592464683074e-02
2.071697301865758900e-02 1.927390620750505865e-02 2.010962958341782833e-02 1.775149555507777449e-02 1.987105539121887879e-02 0.000000000000000000e+00 1.904695358150858622e-02 2.012449728355990286e-02 1.768980271356632855e-02 2.184438247644932690e-02 2.225328471827723448e-02 1.795775635112288257e-02 1.798093164877048733e-02 1.856128753519369068e-02 3.531796383073020767e-02 1.977273522310266443e-02 2.316160478064880138e-02 1.986722822395669760e-02 2.028647981014650159e-02 1.798844882295386888e-02 2.095620548263317159e-02 1.988592412790474856e-02 1.887060946074310686e-02 1.933995642734622281e-02 1.899864762362656403e-02 1.833166782360761901e-02 2.130309292651402439e-02 2.028242571214768086e-02 1.900431193195908225e-02 2.451138594111828758e-02 1.897859465934177009e-02 1.829731359139396760e-02 1.874155479644399810e-02 2.219462163845460287e-02 1.874288664230408172e-02 1.840575655142316636e-02 2.215692141411724700e-02 2.212629572097064151e-02 2.707973858699905603e-02 1.823898306532248034e-02 1.964385525150524545e-02 2.042929906389433573e-02 3.711103434737737794e-02 2.085646793708667221e-02 2.262749023665054302e-02 1.819235572098078582e-02 1.921483797311714786e-02 2.104147252087572653e-02 1.976948623820289422e-02 1.842981957242878846e-02 2.167042329739224393e-02 1.939975817301540714e-02 2.170873567780419802e-02 1.873008673089411949e-02 1.849269568506892170e-02 1.896244520368704778e-02 1.837019191745424551e-02 1.950512434813799975e-02 2.006128100903180680e-02 1.741471404648775589e-02 1.739345934175363581e-02 1.825379332122255283e-02 1.919902124703873683e-02 1.991075669046956861e-02 1.896205781268412577e-02 1.907215312559418924e-02 1.947215670547001662e-02 1.879257580019523186e-02 2.134820286225141972e-02 1.938960319694595438e-02 2.293155986428831519e-02 1.796057216030285189e-02 1.982321931529349227e-02 1.959236719863068771e-02 2.081707793235616083e-02 1.881642610077103803e-02 2.203964731631301299e-02 1.914583729151432892e-02 2.090001170346899098e-02 2.045777277333287250e-02 1.892953784344973689e-02 1.981904602253438397e-02 2.210052886337794675e-02 1.748730990363086407e-02 2.000825273745895916e-02 1.909264606909719802e-02 1.864488958857023204e-02 1.988729838203248668e-02 1.916958404731872526e-02 1.921569288538642339e-02 2.086502171665005970e-02 2.322707847656007782e-02 1.889653603812418980e-02 1.935981700943376418e-02 2.152235640947337825e-02 1.934864049512306783e-02 2.230455594267568079e-02 1.959441467030288361e-02 2.177080783107481279e-02 1.940162853349744129e-02 1.812110412786692784e-02 2.426030566990181048e-02 1.992924845888017354e-02 2.071251812853580621e-02 1.945717391553949266e-02 1.867857404225310713e-02 1.878642857895977680e-02 2.084252759169406138e-02 1.988432135835854070e-02 1.717815594166260257e-02 1.891341391780802794e-02 1.881235533192432766e-02 2.167650429549774702e-02 1.891120280071008353e-02 2.195344961612926207e-02 2.059451378449341993e-02 1.880819780422900850e-02 1.877817484314166230e-02 1.798303346750040194e-02 1.970922211838534513e-02 2.282300775136194421e-02 1.927214921481682983e-02 1.935168050407922585e-02 2.249888919814647947e-02 1.774811683642100665e-02 2.219934826390062774e-02 2.049953476594426963e-02 1.886474825507614833e-02
1.992882539471111519e-02 1.583848226479322302e-02 1.721814996009374266e-02 1.532888306513339842e-02 1.771276751660425322e-02 1.904695358150858622e-02 0.000000000000000000e+00 1.761647247040424788e-02 1.519587400733099503e-02 2.009654530870029834e-02 1.981583030556748060e-02 1.685287799845854029e-02 1.581944831373216162e-02 1.624979593864802480e-02 3.187185655408206197e-02 1.717199963663810017e-02 2.104320935197461287e-02 1.863844341132471841e-02 1.961549285264194142e-02 1.691310865155287030e-02 1.839950417547304290e-02 1.898427557493836959e-02 1.666627354697436739e-02 1.789015748153379229e-02 1.659781772821448953e-02 1.595422974135849575e-02 1.900529519741040244e-02 1.756781609029220426e-02 1.627257454343573884e-02 2.263786095363514231e-02 1.856882926768247885e-02 1.593141856597449571e-02 1.648574811525786374e-02 2.063215710582164131e-02 1.654702116386697064e-02 1.606015102806886835e-02 2.058868860683949614e-02 2.039950204577052270e-02 2.576067264648135638e-02 1.586903087930243220e-02 1.767483383861812377e-02 1.849030264379408067e-02 3.612039978972834964e-02 1.904530457407895699e-02 2.107739587110268528e-02 1.590647565771252311e-02 1.713733410633313040e-02 1.925657028262187445e-02 1.771526411686844341e-02 1.619547006775701875e-02 1.845502141999264337e-02 1.734689363049476615e-02 1.994139019504050439e-02 1.655168593372601665e-02 1.617166762453799839e-02 1.688251593492275104e-02 1.618473897929163102e-02 1.748973005301640224e-02 1.815794660962555263e-02 1.494013374637942135e-02 1.484308610053160400e-02 1.598821199455707429e-02 1.711623258815638676e-02 1.799255494045141207e-02 1.678305655291916984e-02 1.686388307735042780e-02 1.735337150852288290e-02 1.653515298197781938e-02 1.955481496277830175e-02 1.726743721111592342e-02 2.134067603491856743e-02 1.546793798426187964e-02 1.777298214811069699e-02 1.749739127050362400e-02 1.894063739641982033e-02 1.655245854571273448e-02 2.033322614350957860e-02 1.695811338821526237e-02 1.904715541589780542e-02 1.852094161127986957e-02 1.669757916535152473e-02 1.776261764500147722e-02 2.041825098426431825e-02 1.493772284909750635e-02 1.798972441396277239e-02 1.688592287712320852e-02 1.635501342835080432e-02 1.790763344976604651e-02 1.707552141339646959e-02 1.703923128874344078e-02 1.900697393875170824e-02 2.165805058891154961e-02 1.666858878775493921e-02 1.725653316486884525e-02 1.974503861593154830e-02 1.720792620424508798e-02 2.064179029425732698e-02 1.751362054628950726e-02 1.997846473877875825e-02 1.722818011959545079e-02 1.567959434442298822e-02 2.279965324028629045e-02 1.791539429128916408e-02 1.951011576446979798e-02 1.730317779613971957e-02 1.642466409591021234e-02 1.649203517815710229e-02 1.901257524921475678e-02 1.788571690304423950e-02 1.454907842915418095e-02 1.664817930296230014e-02 1.652482884036953620e-02 1.996622369884691953e-02 1.664904843379800409e-02 2.027180066147488482e-02 1.864661679589344617e-02 1.654160237885890158e-02 1.653634024265170782e-02 1.556132021582238081e-02 1.760402520041257080e-02 2.116893775501227370e-02 1.708778885059826155e-02 1.725292915820305500e-02 2.086728714819830258e-02 1.523050066572011717e-02 2.047307818586782333e-02 1.854783016666875298e-02 1.656849525290968878e-02
2.099848644742671050e-02 1.791511183748415240e-02 1.902678915686502326e-02 1.590919666301613550e-02 1.890296220697255253e-02 2.012449728355990286e-02 1.761647247040424788e-02 0.000000000000000000e+00 1.633249508103249911e-02 2.088169402470513303e-02 2.116935310201829498e-02 1.792740855060401955e-02 1.629782618783554016e-02 1.830154251703192125e-02 3.242959277945226676e-02 1.848087578476137471e-02 2.040147042010332853e-02 1.973917190836973687e-02 2.056827897231576149e-02 1.703609701125706824e-02 1.956223475041488774e-02 2.002606766071533817e-02 1.859681311176640192e-02 1.780969588052939284e-02 1.773058251747068950e-02 1.715659779866732584e-02 1.877215001943842096e-02 1.867656627137805406e-02 1.751984746321223751e-02 2.339095536194345931e-02 1.967066727145591609e-02 1.712463666055166756e-02 1.746843210825890780e-02 2.142166465518816412e-02 1.761148911644583662e-02 1.714922264541842573e-02 2.137748699860035628e-02 2.119723238837706303e-02 2.640230157128979974e-02 1.697261893927078796e-02 1.864575015771728975e-02 1.938819300872468912e-02 3.663246597877246880e-02 1.992174020311295382e-02 2.185421594827354971e-02 1.701313589853113706e-02 1.814199988611274808e-02 2.011594386612186938e-02 1.866652648430907821e-02 1.728715873553590340e-02 1.933671208027020263e-02 1.833887549149209456e-02 2.076359176302254930e-02 1.760315561389681760e-02 1.724787191545942150e-02 1.789705417969797777e-02 1.720086171267765432e-02 1.846796241336083610e-02 1.908837543299999814e-02 1.614346800112965996e-02 1.604280442625957703e-02 1.708158794348016082e-02 1.812684021068324339e-02 1.893288974055824803e-02 1.779513294658521469e-02 1.789777083169962965e-02 1.834150530399195761e-02 1.759083663664173444e-02 2.039250034604933592e-02 1.830125193203281653e-02 2.209629507517829952e-02 1.662788269742336220e-02 1.872850185719323463e-02 1.847027296737587324e-02 1.981618146214034898e-02 1.761191364003638835e-02 2.113256279395348686e-02 1.798071827522968943e-02 1.991111626192754516e-02 1.942165248609017264e-02 1.773999016484889904e-02 1.871820290851978000e-02 2.121349873908524863e-02 1.615063810906756936e-02 1.892817246114541704e-02 1.791462869900815880e-02 1.742787131124695285e-02 1.882831424556318661e-02 1.805709017195664470e-02 1.805393050614654410e-02 1.987822962470983668e-02 2.240255380954698020e-02 1.771507828888046684e-02 1.824219750041475643e-02 2.057521558751560994e-02 1.820881323178207348e-02 2.142220247003301381e-02 1.849050395791808354e-02 2.086359763833820283e-02 1.822724463644948695e-02 1.682322824503570957e-02 2.350788518935082588e-02 1.885365458720249937e-02 2.036230907762073133e-02 1.829630906714174721e-02 1.748804458887262547e-02 1.754845186511270333e-02 1.987450456338430566e-02 1.884279918391274997e-02 1.579955398628602597e-02 1.769599760704301805e-02 1.758424895110375849e-02 2.078336309357224285e-02 1.762152350640535173e-02 2.108194109971280386e-02 1.944630189732026587e-02 1.765540792272153603e-02 1.759268460557548985e-02 1.671414913883237374e-02 1.857157377823043590e-02 2.193740214896843302e-02 1.808355403020579788e-02 1.824909204722105840e-02 2.164262012283361264e-02 1.641544266073465333e-02 2.126289742621145784e-02 1.943874944157488252e-02 1.762472684484305691e-02
1.885133238243204973e-02 1.538446132344301227e-02 1.636497510314617945e-02 1.343589561903195569e-02 1.609787423750404234e-02 1.768980271356632855e-02 1.519587400733099503e-02 1.633249508103249911e-02 0.000000000000000000e+00 2.018230416528760812e-02 1.894259281037468517e-02 1.494535133351705333e-02 1.341272359642213009e-02 1.565503068876998929e-02 3.264095166081319027e-02 1.607808210977953317e-02 1.899596379995875661e-02 1.753580817228615404e-02 1.847265754780559599e-02 1.524324077080406806e-02 1.657532554726797586e-02 1.767881606052997337e-02 1.642036328168175810e-02 1.675160715748598081e-02 1.475928428898869160e-02 1.411968298629273470e-02 1.769094192459946813e-02 1.637097856508569829e-02 1.491240117199423357e-02 2.132268548383003601e-02 1.700726248259806436e-02 1.408886544720963641e-02 1.512101654634264228e-02 1.964189930011826443e-02 1.524916841497962403e-02 1.469609471564365354e-02 1.959171518136970311e-02 1.942855557047556969e-02 2.494419510731364295e-02 1.447653966298376171e-02 1.648992593391099271e-02 1.735546647513434154e-02 3.545322006473359405e-02 1.797602665000608627e-02 2.011511909282005447e-02 1.452209435849239130e-02 1.590288951437221834e-02 1.819655397089882040e-02 1.652055004534378965e-02 1.485094823283046594e-02 1.737699265788204828e-02 1.613736619260293728e-02 1.891406070192594088e-02 1.525599570061232993e-02 1.483247012898861877e-02 1.560469075961791810e-02 1.481072175692195632e-02 1.628938017913774197e-02 1.701754321163710670e-02 1.341298358015743930e-02 1.329722994723233666e-02 1.460918856298595338e-02 1.587928889957088835e-02 1.683739087312713378e-02 1.551340702018035901e-02 1.560483478690128517e-02 1.613895914778232590e-02 1.527978568696641316e-02 1.851088476559210189e-02 1.607021159191036538e-02 2.038946581945590836e-02 1.407658548128957153e-02 1.660524110940793385e-02 1.630951483089186291e-02 1.785217942052987061e-02 1.525741149170572672e-02 1.932963219132213806e-02 1.571342454938677233e-02 1.797473222955624228e-02 1.740479177099344549e-02 1.541746727149499382e-02 1.658550777906819818e-02 1.942199921141236560e-02 1.342018747497483039e-02 1.683337988900936860e-02 1.563173304969333113e-02 1.503908295693648194e-02 1.673844648256477344e-02 1.589699274411403643e-02 1.579585766153350501e-02 1.792582188829381501e-02 2.070613815134246527e-02 1.538438017569834261e-02 1.603288141300976063e-02 1.870842282367321183e-02 1.598290379657524990e-02 1.965244307108996932e-02 1.630755238681969727e-02 1.906903662677926492e-02 1.604330881050505461e-02 1.430035552205020238e-02 2.189644259099769383e-02 1.674082485461107425e-02 1.809028262989217581e-02 1.611244017815448293e-02 1.508538641988022531e-02 1.521461336857435863e-02 1.790844917329429895e-02 1.671293817124716238e-02 1.298468850025024345e-02 1.539768217526261279e-02 1.525789130551391364e-02 1.892855235695074800e-02 1.534303371589486840e-02 1.925943086812038213e-02 1.751025664463649184e-02 1.531595675986947153e-02 1.523254363482434356e-02 1.412284859007911786e-02 1.644423852091593183e-02 2.024356930384799483e-02 1.588235039609211044e-02 1.600312029833764887e-02 1.988657010342388329e-02 1.378273551445513209e-02 1.951122270405163117e-02 1.745184138756992673e-02 1.532161862625722182e-02
2.418901210262364501e-02 2.128805419966032716e-02 2.248577780403017076e-02 2.034671185725375406e-02 2.088797046252011472e-02 2.184438247644932690e-02 2.009654530870029834e-02 2.088169402470513303e-02 2.018230416528760812e-02 0.000000000000000000e+00 2.221245392113758640e-02 2.152362746132433294e-02 2.047401946670494507e-02 2.158338970082509731e-02 3.404946323393658741e-02 2.062541261299568121e-02 2.521770908937648326e-02 2.305913639163710560e-02 2.367843440366931493e-02 2.036305234502786693e-02 2.141017426981965677e-02 2.335868130845774118e-02 2.066358385342195736e-02 2.109331127793419650e-02 2.140148352538432525e-02 2.087309387241787287e-02 2.355801810686444786e-02 2.208550946527904416e-02 2.118066099152938683e-02 2.665821975906063762e-02 2.158612192509663102e-02 2.090296305122247428e-02 2.076873236221552649e-02 2.399772450436288285e-02 2.092017345348456264e-02 2.053608823886383938e-02 2.396440381251787113e-02 2.377293897028840211e-02 2.843155472289377733e-02 2.037885076396599854e-02 2.173259418535995052e-02 2.230569521742853042e-02 3.817198262029214417e-02 2.277148362244508367e-02 2.437319585845645203e-02 2.041549408393300569e-02 2.133159849171025260e-02 2.292516190844531149e-02 2.172750670248344007e-02 2.065012992327587560e-02 2.241331546753233539e-02 2.150138133407215185e-02 2.345270723968619422e-02 2.090162416290853448e-02 2.061912303779376426e-02 2.110204879083859772e-02 2.054767097849438326e-02 2.159342554615965859e-02 2.210060695861134836e-02 1.973555077984581740e-02 1.964910855527929670e-02 2.046306446162242040e-02 2.133000123878216886e-02 2.194919990017301509e-02 2.114231511127098381e-02 2.114959824282227133e-02 2.149334473641473925e-02 2.088783843931369885e-02 2.315326247646296715e-02 2.141582774811771200e-02 2.458254202270462874e-02 2.015098985462466727e-02 2.180940763462575413e-02 2.161538860439213630e-02 2.266870828421023443e-02 2.093424536140800138e-02 2.375424770633148899e-02 2.123197142824337358e-02 2.276827709039126388e-02 2.236328774776291661e-02 2.102173404753878219e-02 2.180614313693898451e-02 2.383857920673054104e-02 1.976812850018376186e-02 2.197380291175933878e-02 2.116441016069034800e-02 2.078288705720618759e-02 2.195735079226162831e-02 2.135618327790463067e-02 2.128095450801230706e-02 2.272641235568539919e-02 2.482745165361711567e-02 2.099644382059147329e-02 2.142291981143845669e-02 2.329891910592875315e-02 2.138997446922166409e-02 2.401473744358481252e-02 2.163511664733553178e-02 2.348286445694801675e-02 2.141621889634966538e-02 2.031292023153876553e-02 2.580876557774642449e-02 2.192049757666838031e-02 2.311811456348138519e-02 2.148214433721157279e-02 2.083678205962508773e-02 2.088670726460428728e-02 2.273223631153565433e-02 2.189629786815293702e-02 1.948152487174707737e-02 2.099560300783668079e-02 2.091163023018504166e-02 2.346927973917492527e-02 2.093020241437541437e-02 2.372199767710511664e-02 2.237884368372627247e-02 2.092407107206249728e-02 2.090354501959843306e-02 2.022166009642591133e-02 2.169693621820607474e-02 2.444368536188767232e-02 2.129593800816447988e-02 2.143662710702330665e-02 2.420488191209986192e-02 1.998238081805265437e-02 2.386867195054015456e-02 2.238627117646473444e-02 2.094282679944715897e-02
2.290032568710527461e-02 1.891872975646655478e-02 2.031813894038810367e-02 1.912685332683516579e-02 1.970769912679849398e-02 2.225328471827723448e-02 1.981583030556748060e-02 2.116935310201829498e-02 1.894259281037468517e-02 2.221245392113758640e-02 0.000000000000000000e+00 2.036923156221911307e-02 1.947288047531807106e-02 1.933021029173489017e-02 3.349673944618321297e-02 1.937856564858307304e-02 2.421804375755866323e-02 2.056432706459522530e-02 2.287710051960893318e-02 2.048143592314578820e-02 2.019979488749889737e-02 2.204527664404593024e-02 2.108635577084261650e-02 2.141568573790645150e-02 2.007950620488404420e-02 1.870643195194998318e-02 2.234304855227087910e-02 2.099653784117322744e-02 1.988295294968887503e-02 2.525481644803495226e-02 2.061355663497068530e-02 1.952386485886435999e-02 1.972420701298514475e-02 2.310447858182072822e-02 1.979555533647178733e-02 1.939574945187387545e-02 2.307067180566970549e-02 2.286655110676208760e-02 2.771515725762372859e-02 1.923176842656762128e-02 2.067092657714031737e-02 2.130477481125593597e-02 3.763395894555068844e-02 2.177855784617932500e-02 2.348786484056172505e-02 1.927448525518514130e-02 2.024352841513254661e-02 2.194964770739356308e-02 2.068153035147161922e-02 1.951278096547634858e-02 2.124885660949946825e-02 2.042278958777173081e-02 2.251324160792882167e-02 1.978799495517016838e-02 1.947375338973164269e-02 2.002298134781840128e-02 1.949680352901849573e-02 2.052570601574594047e-02 2.106764918983481533e-02 1.854487618313113359e-02 1.845542026474101052e-02 1.933243366388119264e-02 2.024090915178403810e-02 2.091067552988680120e-02 2.004252952933557180e-02 2.003944416138268153e-02 2.040961425239157592e-02 1.977428919224234055e-02 2.219009655546686638e-02 2.033473713108810421e-02 2.371446104857894213e-02 1.897452643397794236e-02 2.074996750943686880e-02 2.054165582783999341e-02 2.167204108480839594e-02 1.980881779676996191e-02 2.283290555888863385e-02 2.012856382116980439e-02 2.178067989309876926e-02 2.134284769590208755e-02 1.990404751798958635e-02 2.074325990253960902e-02 2.292504604721291167e-02 1.856748439431926342e-02 2.092343326268904236e-02 2.005569949368519317e-02 1.964978736064608780e-02 2.092011865541015814e-02 2.027753439024044396e-02 2.018029461591818938e-02 2.173709757157949243e-02 2.397340850064814607e-02 1.987752996930615412e-02 2.034221676328876530e-02 2.234293712545371360e-02 2.030035103860027348e-02 2.311488756211203116e-02 2.055431884257962610e-02 2.251888201394319430e-02 2.032330177949885630e-02 1.914170585529014618e-02 2.500220059592080449e-02 2.086991766608159438e-02 2.215127291514170857e-02 2.039066243924100852e-02 1.970678215893649846e-02 1.976175398706651182e-02 2.174510457862429899e-02 2.083483411439594410e-02 1.826454443700608471e-02 1.987195644682650947e-02 1.978142717632403944e-02 2.253391942458527614e-02 1.988759919866551346e-02 2.279139640919847568e-02 2.146919618158534687e-02 1.978151321603495091e-02 1.977859917223489389e-02 1.904531968571046216e-02 2.062155754572097752e-02 2.356177904039182675e-02 2.020910422294451211e-02 2.034365549761058337e-02 2.330789827902277761e-02 1.879556954505493330e-02 2.296361303611284266e-02 2.137262337531614306e-02 1.981972699054867018e-02
2.013300462583692690e-02 1.707806928075120828e-02 1.781422180141713912e-02 1.525693922305948295e-02 1.763929056297709047e-02 1.795775635112288257e-02 1.685287799845854029e-02 1.792740855060401955e-02 1.494535133351705333e-02 2.152362746132433294e-02 2.036923156221911307e-02 0.000000000000000000e+00 1.495416927760988279e-02 1.645175448950270819e-02 3.388422188230970356e-02 1.762903138399759748e-02 2.015394085566919388e-02 1.893934182196835639e-02 1.883410339605875658e-02 1.671420583128436707e-02 1.786082643086156149e-02 1.904155480201838793e-02 1.784509075316041693e-02 1.817839329188079139e-02 1.640601136957060835e-02 1.580247268583497011e-02 1.908924727966633886e-02 1.798464998788121966e-02 1.663967834080718258e-02 2.247411761261231336e-02 1.827112777056098813e-02 1.511011495758505900e-02 1.662356293723387876e-02 2.071994277620974392e-02 1.669846689899922784e-02 1.621306652264834988e-02 2.066681715503565497e-02 2.057212849856078149e-02 2.582545589318310797e-02 1.601876670904969421e-02 1.779585580756119084e-02 1.859408460061417329e-02 3.616305037501429259e-02 1.916499860242003306e-02 2.116513970793582750e-02 1.606101954702678428e-02 1.727013038352083821e-02 1.937221628584687508e-02 1.782972632543861763e-02 1.634518261868259451e-02 1.871034400689711857e-02 1.748519586908455284e-02 2.004061895230211179e-02 1.670435412953007528e-02 1.632431692959318212e-02 1.699948689978529257e-02 1.629357713143334344e-02 1.761675509935266629e-02 1.827603343533672556e-02 1.512009536405667549e-02 1.501788868886111232e-02 1.613722106097708817e-02 1.725287555898832870e-02 1.811365764022279320e-02 1.692608228728507275e-02 1.702518958433150986e-02 1.749758262134656558e-02 1.672968501778844541e-02 1.966496670829507437e-02 1.742415861856602688e-02 2.142946292814726719e-02 1.570680444713976748e-02 1.791553389520239223e-02 1.765015145892021020e-02 1.905433435135302223e-02 1.672092639780687826e-02 2.043089159254787845e-02 1.712045744949159537e-02 1.916422345339727912e-02 1.864274188319935827e-02 1.685736037314022190e-02 1.789932482606747602e-02 2.051436086709053364e-02 1.514539898346323361e-02 1.812237920882387582e-02 1.704965616141697685e-02 1.652589498223991024e-02 1.801524129469720542e-02 1.727206947358289266e-02 1.719376814643692672e-02 1.911832899154338253e-02 2.173551445567887402e-02 1.682797844270194840e-02 1.739276236541867013e-02 1.984981457221715595e-02 1.735609718857760581e-02 2.073427564641825219e-02 1.764037836444405996e-02 2.019985745468779945e-02 1.741527009570906920e-02 1.589371018058598900e-02 2.286712787383156018e-02 1.803395821273960989e-02 1.910648816492659108e-02 1.747532861403446741e-02 1.656098642872549237e-02 1.668693335794196875e-02 1.909440291288769936e-02 1.799972453987750548e-02 1.477863691811001461e-02 1.683973329718135153e-02 1.671850557897171588e-02 2.004561932091995444e-02 1.683970619703880484e-02 2.035209361815418228e-02 1.879726454927416884e-02 1.677360375309120896e-02 1.668678257396415121e-02 1.573234521589183740e-02 1.777120070875935071e-02 2.130056392469886414e-02 1.727488109535462238e-02 1.736145910563853187e-02 2.094941272151237127e-02 1.545580328744899923e-02 2.061421770790474242e-02 1.868989784908692969e-02 1.678412015560960466e-02
