0.000000000000000000e+00 1.951681750728151074e-02 1.972563189322565358e-02 2.122145696946813390e-02 1.993450749062207483e-02 1.842376480679448064e-02 2.173178403720621085e-02 2.163369885776018908e-02 2.004379756410956670e-02 2.135032881980692201e-02 1.941735259647428199e-02 1.985409331797281796e-02 1.945524058465965614e-02 1.809873004807133895e-02 1.947000461694061921e-02 2.093158030776236592e-02 2.136893456547821896e-02 2.123655791361998835e-02 2.208398417452665449e-02 1.854258895024712278e-02 1.959502316025777194e-02 1.933954659298937895e-02 1.810457422866042221e-02 2.086433904797795058e-02 2.294884439920374247e-02 1.918357344233354370e-02 2.039467803560714512e-02 2.012131631572674356e-02 2.164141646520615497e-02 2.126924355216865473e-02 2.155603945210832553e-02 2.475298466254186730e-02 2.062224340296595071e-02 1.949057421436262497e-02 2.157699202816555986e-02 2.175588706543930134e-02 2.155648522313876464e-02 2.174591049880537225e-02 2.003310976326751203e-02 1.938741098572410379e-02 2.137185989064991493e-02 2.088574102585600417e-02 1.903915540039391452e-02 1.943703410419535954e-02 2.016451717274364216e-02 2.069859007855241739e-02 2.049952453612249523e-02 2.143429869279086034e-02 2.040892329392180599e-02 1.946202695231449148e-02 1.886844573011676671e-02 1.982229193492298508e-02 1.889934824089935239e-02 2.855378318892401457e-02 1.875633503085850917e-02 2.091029888445109647e-02 2.522632377214781979e-02 1.956839425526901710e-02 2.000819766429234522e-02 2.157832719256204748e-02 2.016463116772289343e-02 1.853188717634791233e-02 2.084911595831961603e-02 1.912230718909513350e-02 1.939853375206315039e-02 2.029668905629812212e-02 2.022982881878180456e-02 2.197088065429551526e-02 2.374774761526488379e-02 1.993447973850230939e-02 1.805225218461628880e-02 2.065465269365338724e-02 1.975972409043952327e-02 1.921767281002702277e-02 1.928303032738259981e-02 2.477924316338206770e-02 2.006509494389094664e-02 2.201552170052334043e-02 1.997597163600933409e-02 2.067444625573055736e-02 2.099738521534143254e-02 2.109549485470829308e-02 2.026590322701582458e-02 2.129951076683242461e-02 1.881824220882189272e-02 1.995002298329312529e-02 2.074854201988422797e-02 2.079163868357085734e-02 2.174761669453320959e-02 1.957284279093055024e-02 2.096903291874019706e-02 1.956756925648404921e-02 1.958443790602050830e-02 2.193375432850553849e-02 1.925675234112773568e-02 2.099014696815156705e-02 1.991531544041629312e-02 1.973163491303083980e-02 2.025338391797948737e-02 2.242061412110119348e-02 2.127305860857797368e-02 2.046784820269387239e-02 1.914888039752798282e-02 1.978367093415200548e-02 2.360151737898242078e-02 2.096458642138288031e-02 2.112561219107084165e-02 2.386276294741861148e-02 1.920647381598685963e-02 1.959165042459942718e-02 1.900109053795133451e-02 2.267935308663351565e-02 1.989458079001888216e-02 1.950487017390478348e-02 2.047899220534581122e-02 2.151023074230526411e-02 2.259027680094341864e-02 1.996083925697755487e-02 2.256066037370949018e-02 2.216199883636730053e-02 2.247160506866116569e-02 2.186363412979931350e-02 1.912625486966072763e-02 2.002788432889414730e-02 1.917601094937743805e-02 1.812555408332604950e-02 2.121818792835080889e-02 1.906680974796526665e-02
1.951681750728151074e-02 0.000000000000000000e+00 1.785811704139441541e-02 1.842769137342126912e-02 1.817606779927313093e-02 1.662347612578675068e-02 1.992504066938185700e-02 1.990994910496513698e-02 1.806534419513016257e-02 2.129104095059223406e-02 1.879850309846579567e-02 1.804656815628124730e-02 1.770595094550364221e-02 1.624189987030765989e-02 1.740617082481834763e-02 1.804039625187761967e-02 1.972143878929304150e-02 1.923980581114055621e-02 1.904558218628074617e-02 1.769084195065414450e-02 1.940011127071311278e-02 1.747158024955179287e-02 1.543717516063234513e-02 1.921435721037441716e-02 2.356895252039973090e-02 1.733342364545052000e-02 1.856442259799337760e-02 1.946346992467364034e-02 1.975010711822857562e-02 1.948788619191501453e-02 1.983783459619494968e-02 2.286631260871883550e-02 1.905730677372991302e-02 1.776591311070407908e-02 1.997249677465144299e-02 2.033817003642800908e-02 2.011104254081937104e-02 2.034973297620506008e-02 1.851794660940566176e-02 1.767050358021813802e-02 1.986417090599936625e-02 1.936550907422566678e-02 1.730617404789322814e-02 1.771099495397921580e-02 1.854022279039118509e-02 1.914682583852005127e-02 1.889115705048951405e-02 2.005053521517940682e-02 1.881985393413260904e-02 1.773481233055135622e-02 1.707272486358417038e-02 1.812109742127717554e-02 1.707944178213829586e-02 2.753453482078602188e-02 1.693942021115161026e-02 1.937780195057880323e-02 2.407573550120632039e-02 1.786421263079842475e-02 1.835228232539259235e-02 2.013418663977377399e-02 1.860427449292161028e-02 1.667453286691146161e-02 1.928843127177345962e-02 1.746278987565328192e-02 1.766227622655985874e-02 1.869569715678986999e-02 1.861111982516024457e-02 2.057295691373617688e-02 2.251455709942987507e-02 1.827094935825790412e-02 1.607387713447434516e-02 1.909301640534251734e-02 1.807504319987330785e-02 1.745450330250898976e-02 1.757648284441915357e-02 2.361003593284759228e-02 1.847220949255631850e-02 2.060973857445249843e-02 1.831125299758630878e-02 1.910085046384412538e-02 1.948086716623864678e-02 1.948701483958921801e-02 1.865271497073965959e-02 1.981454676085805250e-02 1.699759544931699062e-02 1.829489927306688149e-02 1.923506469644507486e-02 1.923657841445293795e-02 2.032704567421900546e-02 1.786857995209725075e-02 1.946269261752860136e-02 1.788374126104159273e-02 1.779643094550350038e-02 2.052642248381549017e-02 1.749921633193642079e-02 1.946881270984075415e-02 1.824961423423476781e-02 1.804495140392989999e-02 1.863724816644692084e-02 2.105110537299464263e-02 1.978598717225576314e-02 1.887928921561291690e-02 1.751450031528079335e-02 1.810243409344486701e-02 2.234101145146766970e-02 1.944744551438518793e-02 1.963793546046668434e-02 2.265996311088232934e-02 1.736895338649651482e-02 1.787343082210340536e-02 1.721184761416664349e-02 2.137180615995453239e-02 1.821758164688155879e-02 1.781848483836976152e-02 1.889875041517618745e-02 2.005227885757045192e-02 2.124820982619951559e-02 1.829704038724634663e-02 2.122675588979252778e-02 2.077516792083599489e-02 2.111743590741780446e-02 2.043105695160052360e-02 1.728717179409449897e-02 1.837335754406131325e-02 1.741164711954932415e-02 1.620424662346000438e-02 1.973259214417019333e-02 1.727850371078690911e-02
1.972563189322565358e-02 1.785811704139441541e-02 0.000000000000000000e+00 1.749900927292825231e-02 1.711188190844650098e-02 1.521997094983358438e-02 1.892018671297307150e-02 1.876680373447672454e-02 1.678854379256308413e-02 2.010181183233619370e-02 1.679531998850456592e-02 1.678970197862988956e-02 1.571376098701399160e-02 1.588453045376729544e-02 1.619191606764943531e-02 1.795716457208719474e-02 1.829693572888630576e-02 1.847270993980913711e-02 1.927046953089336934e-02 1.647123669128115406e-02 1.739233689667326124e-02 1.610063212010453063e-02 1.480081547720257622e-02 1.975994387776514039e-02 2.261270235691232103e-02 1.603084658327947123e-02 1.737091243092037107e-02 1.832215252993189131e-02 1.767682330013582714e-02 1.820771736912608213e-02 1.866755035597575385e-02 2.188911440721649088e-02 1.807485145820669076e-02 1.666977824300770045e-02 1.911765348871269365e-02 1.945764416867449761e-02 1.921810314391696195e-02 1.949434707446933215e-02 1.738646946304944069e-02 1.658181440014667996e-02 1.896036380637575874e-02 1.842479314318106604e-02 1.613743902401515787e-02 1.662320489027962339e-02 1.752747292642293023e-02 1.818418729566829983e-02 1.791607691597682170e-02 1.909915652259452923e-02 1.784522033806373170e-02 1.664505383068089900e-02 1.594833435970037516e-02 1.707082716922169244e-02 1.590767722520109936e-02 2.691361834120613999e-02 1.576556711817002007e-02 1.844098932293171400e-02 2.336828567558152034e-02 1.678412837339114672e-02 1.732733013345889514e-02 1.924620089225183295e-02 1.762657935101842252e-02 1.545261091446505954e-02 1.834619422524553720e-02 1.636012332472973341e-02 1.656743452042775538e-02 1.767725442263689759e-02 1.759873101143962643e-02 1.978840932625489796e-02 2.174188083940883573e-02 1.722691805299957080e-02 1.483894559848370799e-02 1.812832199244138187e-02 1.700435196521144984e-02 1.632258747989133452e-02 1.641507040694737546e-02 2.288128585483271971e-02 1.741200177803661417e-02 1.973616709500230701e-02 1.727607753660460529e-02 1.813804292176174338e-02 1.852888999096399467e-02 1.864643421253793509e-02 1.764194481277824023e-02 1.889583779827140944e-02 1.581326549317037602e-02 1.725397160881358971e-02 1.827158207069081233e-02 1.828224062101627134e-02 1.943541307291377779e-02 1.678713287770989063e-02 1.851338848540474286e-02 1.679475876053002775e-02 1.678116281875979832e-02 1.964951262589655773e-02 1.637418877982254814e-02 1.852829575624337366e-02 1.718169701745680261e-02 1.703852695289648916e-02 1.762582466763129227e-02 2.021505477175463555e-02 1.894885878251693911e-02 1.788123748273976951e-02 1.628877297048149375e-02 1.703239923406216216e-02 2.158425924707558716e-02 1.849725147164392111e-02 1.869626028639424786e-02 2.191001894607244593e-02 1.626501319567748641e-02 1.678597013913155425e-02 1.606354674535680899e-02 2.059499444261712886e-02 1.717309061856794536e-02 1.676255715643066788e-02 1.789049113856896328e-02 1.915397868476061485e-02 2.042610372849069933e-02 1.725170355112320975e-02 2.038985115632007197e-02 1.990954340216458812e-02 2.027689651348050029e-02 1.956953738399384857e-02 1.625030333874126140e-02 1.732139981481012683e-02 1.633679894077222014e-02 1.492577225456111559e-02 1.882904299936328033e-02 1.611788847880945078e-02
2.122145696946813390e-02 1.842769137342126912e-02 1.749900927292825231e-02 0.000000000000000000e+00 1.936775475039290151e-02 1.696383526409845494e-02 2.023714189398876512e-02 1.899369085046012651e-02 1.750765662068042364e-02 2.147920324217893889e-02 1.915207575837413190e-02 1.841620406443509120e-02 1.823619505634496360e-02 1.756788701387179685e-02 1.775884379355949227e-02 1.955280454304447052e-02 1.986625980892754023e-02 2.005195921215638388e-02 1.934285609348416340e-02 1.744121000374442010e-02 1.960025231613354499e-02 1.772558120646871432e-02 1.659672681653119597e-02 2.106441414750686442e-02 2.267832621147434710e-02 1.776470027813226854e-02 1.870924045953376719e-02 1.968583073242207229e-02 2.011408648911689953e-02 1.874731969722475897e-02 1.994230607282635945e-02 2.185267734973373246e-02 1.930234452095925396e-02 1.805863639762987638e-02 2.024884725288084511e-02 2.067261369569700288e-02 2.040010037820020120e-02 2.074632895593959969e-02 1.878678219792064702e-02 1.804084590301039542e-02 2.010286515576615446e-02 1.970391911336775992e-02 1.759337769375042895e-02 1.802874657846732093e-02 1.882887863502775636e-02 1.942755763753249015e-02 1.922910568474211698e-02 2.025287051954276565e-02 1.917082934590415982e-02 1.810875634119622421e-02 1.742378392785975602e-02 1.840010832001957516e-02 1.739744394560827773e-02 2.766647026486609984e-02 1.728156919188184384e-02 1.963004582016730781e-02 2.423650301939608495e-02 1.814843580992660937e-02 1.861959264168801254e-02 2.031497636408444857e-02 1.901462877589451400e-02 1.701769997675545848e-02 1.963163309399156703e-02 1.864248024358544295e-02 1.800593397146407065e-02 1.901334043970135182e-02 1.893223034014961462e-02 2.085760495977950074e-02 2.276363524320230633e-02 1.860331791307374624e-02 1.645726416434788869e-02 1.939290489478165402e-02 1.841408966959103694e-02 1.780826270462014180e-02 1.786922778199078257e-02 2.386024057810881213e-02 1.874301999899393584e-02 2.080388348352585001e-02 1.863724608528079946e-02 1.942851074929055968e-02 1.977858202336688423e-02 1.978547185063550193e-02 1.898154836539434412e-02 2.011035806185174774e-02 1.736050734692664091e-02 1.863317994404419323e-02 1.953399629286975761e-02 1.955016817203705792e-02 2.061593046650509603e-02 1.821270049681442474e-02 1.975906218790282956e-02 1.821301117802875957e-02 1.812097404796045308e-02 2.081133299470504933e-02 1.784635905677652359e-02 1.976911768191195670e-02 1.857509913033198942e-02 1.835891098031823543e-02 1.895395885954974033e-02 2.132044340712253155e-02 2.006314856730750940e-02 1.918858876872581165e-02 1.786327815587446938e-02 1.843159685891650190e-02 2.259192766846692541e-02 1.974607595176086292e-02 1.993416866023204823e-02 2.290257444585469537e-02 1.772582287599960491e-02 1.820670819688956568e-02 1.756879883346310067e-02 2.165250834127957144e-02 1.854366178630406647e-02 1.814603926517598109e-02 1.921030236800614840e-02 2.034072551838748619e-02 2.151028679784419695e-02 1.862849740614586080e-02 2.149486974641507536e-02 2.104833244212298005e-02 2.138728272827477433e-02 2.071608982475706476e-02 1.764504251644856414e-02 1.869727974620042851e-02 1.774321183750910205e-02 1.658506682781840311e-02 2.003246615994332125e-02 1.762805461083997646e-02
1.993450749062207483e-02 1.817606779927313093e-02 1.711188190844650098e-02 1.936775475039290151e-02 0.000000000000000000e+00 1.609313076389366076e-02 2.005411509366110748e-02 2.017879937032208276e-02 1.705145437476156614e-02 2.111937333840529368e-02 1.879727120764096773e-02 1.826483311084746430e-02 1.784360088732207111e-02 1.722867413853573088e-02 1.751039014101469712e-02 1.911370480161917254e-02 1.833032157779997118e-02 1.973223813919114042e-02 2.044319979030688114e-02 1.795769478113926412e-02 1.957260429344900160e-02 1.758410765549510424e-02 1.629554411485338930e-02 2.096358354294369786e-02 2.395834713865999457e-02 1.768107388578840297e-02 1.866198781852438163e-02 1.929226938634363842e-02 1.848348709957273878e-02 1.832495763956712778e-02 1.991827540550674541e-02 2.140597365144220401e-02 1.917162150739705126e-02 1.775685268943558506e-02 2.012077476037435128e-02 2.033342816859337598e-02 2.003820431342807212e-02 2.058569027690150890e-02 1.841293229935569639e-02 1.785439284796876830e-02 1.985326534738144147e-02 1.954502679880958452e-02 1.744913291619371032e-02 1.783903035218282682e-02 1.870593086949575226e-02 1.915213055163543857e-02 1.891297686501187958e-02 2.000194416604394662e-02 1.896894413669458768e-02 1.788228099028149956e-02 1.724434285708297335e-02 1.813924681216706400e-02 1.713978690357020190e-02 2.742724745859351221e-02 1.712216468073989376e-02 1.935544347185669603e-02 2.398974333849869522e-02 1.801806512459503892e-02 1.845160521009372653e-02 2.129139944113607116e-02 1.878471624631681061e-02 1.673612277714347021e-02 1.931018943156102494e-02 1.748396665475545134e-02 1.775534063375759294e-02 1.877087038989279019e-02 1.872322709607639191e-02 2.051903968358765110e-02 2.256702850503740365e-02 1.837431106711283346e-02 1.620238286785426890e-02 1.917181061370066067e-02 1.816838445160609550e-02 1.755749030122805143e-02 1.764389734581299496e-02 2.366789622339010926e-02 1.852316085244323784e-02 2.070367559682698838e-02 1.841378605235390736e-02 1.920971363947863997e-02 1.957404452997891023e-02 1.957202371835875879e-02 1.873701458836948830e-02 1.989957243804136439e-02 1.710734226572684091e-02 1.838497110751052821e-02 1.931726963905596589e-02 1.931453863213272379e-02 2.040958716548357810e-02 1.797910079609386230e-02 1.955121146711592817e-02 1.799430014027215974e-02 1.791159448114042207e-02 2.061513103201992672e-02 1.762349012859878300e-02 1.957246437556060467e-02 1.832912049964285917e-02 1.812423272088331885e-02 1.872353482173617911e-02 2.110661004573679070e-02 1.987852700988619256e-02 1.895197143947810470e-02 1.751944632505047714e-02 1.818748372051974538e-02 2.240651727241581292e-02 1.951709146762763830e-02 1.970767083355237648e-02 2.269802343664334074e-02 1.754514455971932854e-02 1.796968463944863606e-02 1.731410913820950401e-02 2.158712442817675020e-02 1.833025140986128260e-02 1.790777199443677192e-02 1.896336919950155145e-02 2.013531284830848839e-02 2.128407440033854361e-02 1.840913956606430452e-02 2.128423219212829606e-02 2.083195461831139142e-02 2.119082877169295789e-02 2.057540217279439296e-02 1.749524974997410109e-02 1.846059082788237271e-02 1.749868682631294109e-02 1.631827533299893065e-02 1.980597195513826569e-02 1.737148215928075237e-02
1.842376480679448064e-02 1.662347612578675068e-02 1.521997094983358438e-02 1.696383526409845494e-02 1.609313076389366076e-02 0.000000000000000000e+00 1.766005944930798890e-02 1.752348004768608872e-02 1.487174345081286077e-02 1.889719277541501360e-02 1.555717966760845720e-02 1.542434321622445682e-02 1.501741719183010207e-02 1.436608416193169493e-02 1.473076445168805017e-02 1.676116390013681831e-02 1.713035772554270808e-02 1.725517683718299361e-02 1.807083818100602493e-02 1.456003710539189450e-02 1.684589236603253187e-02 1.458977523875298193e-02 1.317163265264753406e-02 1.847079026567263749e-02 2.066270159096297854e-02 1.457219957937483726e-02 1.597424894793596228e-02 1.696215816609049007e-02 1.741746917019651106e-02 1.702517342346428902e-02 1.742273423000825425e-02 2.087241024930716962e-02 1.690254806142848371e-02 1.535637497791673099e-02 1.803239419357900719e-02 1.838798621652045287e-02 1.816356146825617163e-02 1.846293370821629892e-02 1.621822685258586874e-02 1.525738561143615522e-02 1.789083077369734570e-02 1.727129267545616034e-02 1.476789670171311554e-02 1.531843440437483973e-02 1.629735246410371138e-02 1.702033409659016797e-02 1.671930114845617682e-02 1.805774960313533128e-02 1.664195016464673285e-02 1.532718345782823136e-02 1.455215358544722712e-02 1.579200150929813834e-02 1.453975365307577650e-02 2.607760784430114206e-02 1.434385613878636292e-02 1.734215778169748493e-02 2.244499507254815035e-02 1.612061380172257960e-02 1.613429362321111560e-02 1.818697920188518113e-02 1.641235097098193638e-02 1.403419448764325894e-02 1.717632642604544069e-02 1.497078075084019161e-02 1.527314000766243247e-02 1.649057783810226399e-02 1.642740391377865358e-02 1.870058827788322747e-02 2.080355051658209012e-02 1.600316448247648612e-02 1.328224602391136350e-02 1.698186212510485391e-02 1.574744636913621640e-02 1.498471085085598467e-02 1.510439832532480334e-02 2.198309590891436849e-02 1.620797975809187136e-02 1.871875505998420175e-02 1.605687605476091920e-02 1.694215830454395486e-02 1.741702612261733507e-02 1.753355832270532891e-02 1.644836157790628348e-02 1.781388748260178886e-02 1.440703577719793481e-02 1.602841534197637502e-02 1.716083540942500707e-02 1.714815173159200609e-02 1.838544041806447829e-02 1.550874853011584287e-02 1.740574755668198095e-02 1.553141777273594690e-02 1.550917003658744582e-02 1.861482856652801540e-02 1.505258202403246363e-02 1.742262149144960942e-02 1.588567274472076421e-02 1.563807823608296538e-02 1.644945992202494905e-02 1.917817285945599623e-02 1.789300281059541184e-02 1.663360231863596217e-02 1.489046767361766090e-02 1.570751144853893208e-02 2.054482110142832538e-02 1.738328759574963092e-02 1.751720852353999200e-02 2.087994144016032741e-02 1.558274004148768078e-02 1.553773388037593683e-02 1.465698011592622522e-02 1.966406093510503911e-02 1.601314557231645064e-02 1.543205497415413817e-02 1.665984452302086624e-02 1.799250194492314076e-02 1.934589788169555763e-02 1.610030048914684597e-02 1.929766301948394880e-02 1.887212023878296133e-02 1.928545138960837541e-02 1.933842325653724326e-02 1.484495470536910389e-02 1.612211230544538521e-02 1.485899597766494017e-02 1.339822975401221659e-02 1.779708639799146286e-02 1.469269701452080752e-02
2.173178403720621085e-02 1.992504066938185700e-02 1.892018671297307150e-02 2.023714189398876512e-02 2.005411509366110748e-02 1.766005944930798890e-02 0.000000000000000000e+00 2.065144472846004720e-02 1.900279350628313740e-02 2.057626834365448160e-02 1.870463170733775021e-02 1.890421226698202339e-02 1.848892739845017091e-02 1.819577944066282441e-02 1.736637843241280524e-02 1.972902964986421315e-02 2.025303215796833700e-02 2.016622815701303584e-02 1.970388375068149803e-02 1.887855171963773518e-02 2.028844990846279811e-02 1.748791899512178172e-02 1.710396446259648123e-02 2.024319597759141262e-02 2.422724960595216970e-02 1.735716373580770480e-02 1.827046129155330406e-02 2.028077347618884030e-02 2.050101961451591612e-02 1.891484225826271098e-02 2.034323964726629866e-02 2.190274912155438375e-02 1.975994541419068273e-02 1.853935650483498274e-02 2.079086298825168905e-02 2.099381475580042178e-02 2.075510045013872693e-02 2.096388376934366776e-02 1.926666944548689059e-02 1.843348950353033977e-02 2.054596647986433461e-02 2.004985840524820331e-02 1.804766296285869459e-02 1.854113475248133497e-02 1.924483051321551619e-02 1.982570279839708516e-02 1.962074794948306597e-02 2.064210565487394761e-02 1.960612782273754920e-02 1.849647609167908574e-02 1.790562996008690858e-02 1.889331663009112539e-02 1.789875732819209628e-02 2.803173381524014934e-02 1.774604764548541949e-02 2.007863617905098624e-02 2.460305577362147111e-02 1.859971636758170691e-02 1.908229310735605130e-02 2.067472914242771478e-02 1.951676615130822079e-02 1.751462497900377682e-02 1.999739330302552007e-02 1.824319331938973124e-02 1.850225090938779557e-02 1.941147802232503702e-02 1.934900676447925960e-02 2.121451788856259027e-02 2.307221187265422885e-02 1.902214965740972250e-02 1.699929464636618787e-02 1.979709575113540801e-02 1.883634351517154276e-02 1.824820282473075053e-02 1.831784129388188895e-02 2.413540617992985735e-02 1.917583621296135507e-02 2.124114004416742529e-02 1.905901934506772435e-02 1.981698096957407867e-02 2.015586864528542965e-02 2.024449415428110008e-02 1.937770514297831176e-02 2.048118012821287248e-02 1.782230183010255833e-02 1.903578583696638460e-02 1.999339272207637311e-02 1.993503127129183858e-02 2.096333448613439329e-02 1.863379775186058129e-02 2.012190153662931844e-02 1.871430708019947500e-02 1.862958871346263867e-02 2.115631481719803045e-02 1.829780463066448329e-02 2.015263268020994064e-02 1.894446884792275881e-02 1.875725556960225124e-02 1.932171036463072034e-02 2.159500997512838263e-02 2.049486207025781256e-02 1.953604073506089167e-02 1.827104311075965562e-02 1.880938730562818281e-02 2.298231071211405407e-02 2.009253778794685072e-02 2.037740713356992958e-02 2.325272899336426613e-02 1.811243730946840436e-02 1.859314938173821721e-02 1.800080984747028448e-02 2.202805523902039500e-02 1.891537974116049708e-02 1.965966341246720706e-02 1.954364909969167480e-02 2.065360680911089777e-02 2.187429055480089035e-02 1.897915898764847981e-02 2.178253155815530751e-02 2.144771565091710408e-02 2.164673141669517034e-02 2.098055072012748948e-02 1.820148143080655562e-02 1.904584221544142544e-02 1.824860421795319182e-02 1.711595189783409951e-02 2.041747186146465956e-02 1.805601755458848684e-02
2.163369885776018908e-02 1.990994910496513698e-02 1.876680373447672454e-02 1.899369085046012651e-02 2.017879937032208276e-02 1.752348004768608872e-02 2.065144472846004720e-02 0.000000000000000000e+00 1.885888089078587709e-02 2.171971528118189082e-02 1.967381557283038804e-02 1.870596842201779214e-02 1.865649797960881873e-02 1.813827340807162500e-02 1.748010088992525343e-02 2.013171115317591992e-02 1.952167087543775839e-02 2.033081413550898858e-02 1.978701893711537138e-02 1.868151728114706214e-02 1.882695109869240296e-02 1.717983536873699674e-02 1.712274029101079620e-02 2.140406729112932088e-02 2.252043988700294652e-02 1.812697535089118420e-02 1.818904351652612592e-02 2.015012714618732992e-02 2.054652227184831231e-02 2.020985326749144551e-02 1.902594601769429933e-02 2.357166748515705096e-02 1.973843860804594050e-02 1.853430476828084317e-02 2.064065463004920165e-02 2.097907051937911507e-02 2.075836972359833624e-02 2.098001354925832160e-02 1.924300735501762935e-02 1.843818694910438760e-02 2.053266055412905633e-02 2.003100674886420379e-02 1.804337666347009816e-02 1.855404809792309331e-02 1.924683350794801837e-02 1.983245881039634104e-02 1.962008058100727162e-02 2.063183997775578163e-02 1.959003487682076106e-02 1.850402398671328885e-02 1.794240216471154961e-02 1.887924025254369975e-02 1.789362349031083446e-02 2.800278547318184319e-02 1.774321743584438699e-02 2.006287699734198016e-02 2.459276897254836572e-02 1.860709216157847498e-02 1.907851096088703999e-02 2.065957631262532040e-02 1.930856652816865041e-02 1.751150969875122851e-02 1.999187315530577547e-02 1.833419730580820861e-02 1.843994693857130621e-02 1.941757204689556135e-02 1.933901441460728413e-02 2.119882835301689986e-02 2.307416899055596271e-02 1.901589395938201033e-02 1.693955426275733922e-02 1.978701714270950096e-02 1.883777442873540986e-02 1.824696472286456428e-02 1.830915013554722595e-02 2.413928473469502400e-02 1.915189520534794909e-02 2.123309773733923073e-02 1.904316175804614611e-02 1.980758548862626700e-02 2.015585560791085737e-02 2.014017887215955108e-02 1.937159249083801604e-02 2.047551201842839202e-02 1.781567040795171974e-02 1.903746328341968802e-02 1.999063595307894875e-02 1.992023816515171158e-02 2.096364115234312583e-02 1.863308897678226522e-02 2.013184570457108788e-02 1.870312202033937860e-02 1.854388402103881311e-02 2.115623271751537748e-02 1.829017719204513448e-02 2.014655699856026522e-02 1.898570735720258446e-02 1.877526495741101489e-02 1.935061917784894336e-02 2.165034357069480983e-02 2.043652670616288164e-02 1.957133199841571899e-02 1.829351231898726157e-02 1.884564664362219436e-02 2.290983012005097866e-02 2.011519304723526774e-02 2.031242135866273904e-02 2.321010754403767321e-02 1.816428980759216688e-02 1.862729786610811678e-02 1.802319817882796354e-02 2.205695417585320020e-02 1.895227607912458243e-02 1.858302776673132276e-02 1.960134055514398815e-02 2.070070740096837877e-02 2.184502944907892527e-02 1.903915978342023835e-02 2.183035878381998918e-02 2.138054160615731128e-02 2.171264950262019600e-02 2.105977976314518663e-02 1.813216171854310430e-02 1.910237682295875053e-02 1.817819784558260404e-02 1.707190118172790053e-02 2.047564958827438608e-02 1.807094427442285448e-02
2.004379756410956670e-02 1.806534419513016257e-02 1.678854379256308413e-02 1.750765662068042364e-02 1.705145437476156614e-02 1.487174345081286077e-02 1.900279350628313740e-02 1.885888089078587709e-02 0.000000000000000000e+00 2.013343026169554448e-02 1.786081969645548009e-02 1.702618060756854595e-02 1.661796756722698845e-02 1.612817064898965438e-02 1.618571821711079980e-02 1.816731201264611475e-02 1.743538512140388810e-02 1.862896547875446396e-02 1.916190978310934601e-02 1.681354168081997807e-02 1.848927632893968692e-02 1.629710564326197070e-02 1.501866483696933166e-02 2.004580430230190266e-02 2.288496415471038062e-02 1.642097610780358583e-02 1.743712494025885171e-02 1.742927671220868488e-02 1.847804078052463217e-02 1.810381780408695448e-02 1.792663604639246552e-02 2.063268063434221464e-02 1.809236354230218599e-02 1.668939101582525217e-02 1.924828624803399252e-02 1.960591767452632070e-02 1.918898528539884213e-02 2.059268401009694757e-02 1.743537874409598065e-02 1.667613410341610078e-02 1.894165505083639928e-02 1.850865786890703787e-02 1.630576737322828387e-02 1.676500817868073825e-02 1.769120140843732231e-02 1.831549189779466125e-02 1.794091279755022708e-02 1.922609959180481345e-02 1.799559212208300119e-02 1.672749425459117006e-02 1.617927677452272658e-02 1.707848631101947789e-02 1.595994686423123088e-02 2.681597200652797303e-02 1.586766010320050588e-02 1.843350265146273190e-02 2.333057311357102093e-02 1.685990626320572547e-02 1.732162061277643661e-02 1.940157666890034854e-02 1.780769746011883273e-02 1.553172588077766578e-02 1.847077449893281403e-02 1.653646185603083879e-02 1.666994853285000758e-02 1.779196396240516689e-02 1.771767684081495750e-02 1.979840071249203831e-02 2.181371357735741381e-02 1.733713833725859452e-02 1.493380462069847023e-02 1.821739198842317609e-02 1.712554376397346090e-02 1.644993122609084840e-02 1.653307795002009403e-02 2.296086203279707957e-02 1.750537973118472188e-02 1.982475193841142652e-02 1.737510490776570868e-02 1.823784589400212139e-02 1.863337302658679001e-02 1.864181091617123434e-02 1.774253367498296666e-02 1.898862779777205426e-02 1.594943789421957719e-02 1.737233653525463092e-02 1.838820490997231105e-02 1.836579586479574616e-02 1.952737894626058179e-02 1.691710217199431446e-02 1.860485298464814238e-02 1.692846507719738408e-02 1.681984148121367512e-02 1.974216727130105944e-02 1.650807121169194439e-02 1.862198683297672588e-02 1.728590831143715992e-02 1.707703277171758113e-02 1.772225154849060499e-02 2.027837017868459879e-02 1.898591465452727570e-02 1.796793055222171281e-02 1.643795969199898094e-02 1.713460124039959537e-02 2.163658571382651510e-02 1.858301513769917979e-02 1.878824787158068360e-02 2.195757035011934241e-02 1.650042306093751215e-02 1.689287890253551860e-02 1.618259773547905955e-02 2.077323195701845371e-02 1.729321807629793581e-02 1.685513113976154151e-02 1.798311306088208952e-02 1.923929418461886934e-02 2.047137663883721176e-02 1.738100730322568802e-02 2.046131211336232186e-02 1.998082149914482547e-02 2.035737795404804484e-02 1.970850454242690022e-02 1.636515041160664305e-02 1.743017384942172066e-02 1.638833777608513301e-02 1.507435714145247997e-02 1.891093897230262597e-02 1.623333579077006900e-02
2.135032881980692201e-02 2.129104095059223406e-02 2.010181183233619370e-02 2.147920324217893889e-02 2.111937333840529368e-02 1.889719277541501360e-02 2.057626834365448160e-02 2.171971528118189082e-02 2.013343026169554448e-02 0.000000000000000000e+00 2.062584695823999406e-02 1.898596563725368086e-02 1.880653962988593914e-02 1.934190253656874539e-02 1.951312349879179633e-02 2.127194950933557899e-02 2.019204980271666408e-02 2.030435825202870845e-02 2.211200460892975492e-02 1.999656968007688593e-02 1.993753596316188981e-02 1.946455279579209149e-02 1.841520905098420133e-02 2.248825370150523209e-02 2.363887044028264647e-02 1.943360778066386893e-02 2.045740884147349142e-02 2.128535786133226027e-02 2.173255611080959077e-02 1.993101956411694534e-02 2.029770191326921158e-02 2.313931844871605636e-02 2.071488185285653982e-02 1.957520117643986313e-02 2.307739147476994129e-02 2.196137924653035478e-02 2.156782546989550672e-02 2.193705180028641608e-02 2.024861594571364387e-02 1.948855886072585475e-02 2.157392703006017279e-02 2.108509757301768942e-02 1.913062766401967332e-02 1.957637272292493333e-02 2.022999417239183806e-02 2.073224483579735530e-02 2.071340881424226649e-02 2.147083211095182978e-02 2.063681433948529390e-02 1.956257424033519196e-02 1.907258850232997072e-02 2.002387188834021253e-02 1.900968021570548921e-02 2.873993189109980834e-02 1.887118856060380351e-02 2.097894641479034275e-02 2.523078066749083470e-02 1.961655275054775827e-02 2.007922299033177566e-02 2.164506087295392511e-02 2.056905457809807269e-02 1.865122263783746195e-02 2.105525102898295892e-02 1.924418109025769277e-02 1.956826985799372393e-02 2.046781359705346359e-02 2.040137734516002735e-02 2.222156040754536335e-02 2.390835168457610196e-02 2.008702120812917366e-02 1.818881372305896152e-02 2.081849941049085384e-02 1.994939102620360560e-02 1.939469287238844084e-02 1.943493361957993742e-02 2.494647524548298731e-02 2.020936446150110519e-02 2.215890351903780989e-02 2.012756422807341836e-02 2.085327857914599445e-02 2.116016067628320035e-02 2.114506694118693103e-02 2.044847608264918626e-02 2.145485477605193689e-02 1.900834099006904615e-02 2.013599539645083425e-02 2.092893501554014477e-02 2.095919145878230930e-02 2.189101740295257975e-02 1.975869699758177681e-02 2.097036137150727272e-02 1.974878339524912402e-02 1.966798887099193566e-02 2.207116356063168472e-02 1.942721678844403638e-02 2.114164047704270716e-02 2.006191482475305765e-02 1.995392784058389046e-02 2.039201344346931732e-02 2.252511846794055111e-02 2.149385336323088661e-02 2.061914209889095448e-02 1.933998191347578027e-02 1.993128066245268212e-02 2.374391066760138391e-02 2.110406890964558121e-02 2.129054210139590814e-02 2.413675365884635632e-02 1.928062500302993656e-02 1.974414015766302530e-02 1.916583598521912415e-02 2.297378722608646798e-02 2.003885908299570667e-02 1.979049379007481041e-02 2.060429784305095255e-02 2.166900274338287580e-02 2.268223799211442626e-02 2.010816157624689682e-02 2.271593300103405891e-02 2.230024400536589901e-02 2.261535573614562727e-02 2.196265173893152678e-02 1.930606202213619449e-02 2.017610252415053679e-02 1.940618553301328569e-02 1.829688576702876920e-02 2.133536408322511679e-02 1.922320156832068791e-02
1.941735259647428199e-02 1.879850309846579567e-02 1.679531998850456592e-02 1.915207575837413190e-02 1.879727120764096773e-02 1.555717966760845720e-02 1.870463170733775021e-02 1.967381557283038804e-02 1.786081969645548009e-02 2.062584695823999406e-02 0.000000000000000000e+00 1.775861110199063175e-02 1.653367887226824678e-02 1.679062534838944229e-02 1.713466685735599501e-02 1.801754187340380911e-02 1.835996924750005546e-02 1.925558428463714986e-02 2.019323502877960058e-02 1.663619311860463704e-02 1.884324154900724954e-02 1.703887837604465411e-02 1.584702237833271812e-02 2.027604582729991209e-02 2.206279677624408200e-02 1.611143876534046337e-02 1.826595531155673913e-02 1.912696323577874058e-02 1.950978073201642404e-02 1.820263674064282605e-02 1.963283122960680221e-02 2.275635446662751041e-02 1.876429003593482400e-02 1.745697567382970342e-02 1.974019816954137446e-02 2.006152084420078502e-02 1.985854960633691435e-02 2.006742757817724793e-02 1.809311102686495670e-02 1.735296624694722054e-02 1.960890359460976118e-02 1.906787876048421371e-02 1.692816538678722227e-02 1.738833069470251472e-02 1.823294053161007150e-02 1.886350875215261555e-02 1.861651344217214385e-02 1.972445405472888352e-02 1.852051560834216612e-02 1.741041840079902286e-02 1.683091812180547223e-02 1.783477387596694996e-02 1.675354140355117191e-02 2.735217021704811069e-02 1.659293860034193741e-02 1.912279261243912329e-02 2.387107636345217263e-02 1.758674526379714123e-02 1.808277976720397417e-02 1.978604213875363033e-02 1.830480754477362138e-02 1.633071859036594117e-02 1.901274371370095112e-02 1.707161284964864648e-02 1.737192220466412390e-02 1.826231660986256389e-02 1.818846825092757316e-02 2.031541169859035073e-02 2.210586612512709798e-02 1.796438812709127281e-02 1.630520184205363696e-02 1.882224357152557578e-02 1.761854546743157543e-02 1.703880738551323548e-02 1.718982537592298604e-02 2.319241927624059868e-02 1.824020873910170773e-02 2.026697229326603067e-02 1.810983990922679018e-02 1.880288318016511140e-02 1.907938009409243171e-02 2.031538319940605700e-02 1.821290053822130842e-02 1.952525732493838248e-02 1.659465128614977594e-02 1.788384289843339414e-02 1.880620287073755600e-02 1.891871599408781468e-02 1.993035159346318724e-02 1.744241012125457777e-02 1.916534383587667131e-02 1.748655501811071517e-02 1.839022730722940369e-02 2.019611888019806623e-02 1.714599048381769061e-02 1.918758892290491416e-02 1.788899639587843843e-02 1.774770470884679333e-02 1.836176838976771170e-02 2.075168009062192120e-02 1.956118745903720479e-02 1.852295358384770801e-02 1.703114441251981845e-02 1.780829163603771248e-02 2.216097558833180284e-02 1.918832541054150270e-02 1.931715468212691703e-02 2.234897229304058652e-02 1.705729783264963578e-02 1.751085748334322428e-02 1.687052914172036677e-02 2.117062461651197935e-02 1.794088451003424817e-02 1.767289397835783080e-02 1.854744538763477765e-02 1.978986356300785690e-02 2.109442153275469314e-02 1.794036932520787914e-02 2.088791184009936713e-02 2.046205567644358153e-02 2.078752622805944694e-02 2.016826888356620592e-02 1.785121922103579534e-02 1.798853121241307182e-02 1.711675356323370811e-02 1.582626699950781882e-02 1.942142139706528464e-02 1.691309379470719645e-02
1.985409331797281796e-02 1.804656815628124730e-02 1.678970197862988956e-02 1.841620406443509120e-02 1.826483311084746430e-02 1.542434321622445682e-02 1.890421226698202339e-02 1.870596842201779214e-02 1.702618060756854595e-02 1.898596563725368086e-02 1.775861110199063175e-02 0.000000000000000000e+00 1.578021970143807587e-02 1.604824656266602353e-02 1.631571651800694384e-02 1.818807047421707249e-02 1.851556344200994825e-02 1.837475659569436787e-02 1.834116906565016331e-02 1.682817897162183080e-02 1.811987690462718570e-02 1.606319688458792208e-02 1.436041942923020100e-02 1.961174642046711533e-02 2.156731611129679080e-02 1.611015780902011474e-02 1.729029767633263187e-02 1.831242008790191431e-02 1.794332764380743642e-02 1.840416642988824611e-02 1.765267061690317663e-02 2.203380603424428402e-02 1.811810729040491327e-02 1.672801590637874522e-02 1.927731811854626123e-02 1.950703858210603089e-02 1.925938298923487654e-02 1.950980334249297413e-02 1.754364228650256638e-02 1.661199966367702188e-02 1.901106546807457970e-02 1.845639355359638203e-02 1.621103559102317695e-02 1.668399177458990829e-02 1.755586519291162453e-02 1.822092992402117931e-02 1.796534656335764188e-02 1.917607220177623348e-02 1.787759754311880889e-02 1.667887536264114207e-02 1.598872109785448581e-02 1.713139925663188096e-02 1.596798773059358509e-02 2.694831063714924965e-02 1.580959640112356360e-02 1.847446715568728734e-02 2.339255068241356816e-02 1.682608015777825941e-02 1.736239261671727874e-02 1.918253747953319044e-02 1.767105371916252374e-02 1.552268489858279164e-02 1.838838672869323732e-02 1.634769304535426890e-02 1.662322507283116660e-02 1.773798576628566118e-02 1.764487908070660679e-02 1.983505675477912136e-02 2.178117093527920031e-02 1.727376300345926513e-02 1.486259076065915216e-02 1.817414084913588149e-02 1.706825705545840163e-02 1.638736938303072405e-02 1.650415763333184030e-02 2.291581126120860457e-02 1.748982676903356251e-02 1.977963635009115026e-02 1.731933291325955110e-02 1.817613330404194150e-02 1.857451434908041765e-02 1.860449442133608675e-02 1.769889877255343205e-02 1.893681892283443496e-02 1.588492011835503787e-02 1.731183645757151598e-02 1.831578024933356447e-02 1.832781559342376576e-02 1.947863413594786916e-02 1.684590274589891495e-02 1.854188660887777507e-02 1.685131271150756491e-02 1.676425621464500484e-02 1.968622640435351706e-02 1.643041653408575803e-02 1.856692254806298348e-02 1.715941148761676235e-02 1.715327883303794168e-02 1.752284080505973896e-02 2.008235403678385045e-02 1.897841798521876164e-02 1.800259292887323309e-02 1.650133465023527826e-02 1.701479138460762833e-02 2.147533622759161681e-02 1.858729535008228281e-02 1.883004676356937399e-02 2.313378521617174763e-02 1.620048836164139638e-02 1.677026423220609810e-02 1.598973518175019273e-02 2.069657598421545397e-02 1.710916031628674158e-02 1.689623134183920738e-02 1.783030777222508953e-02 1.926128906162497684e-02 2.028428016267899356e-02 1.723297455424223010e-02 2.050108176957528977e-02 2.002243385931413641e-02 2.038494063410780863e-02 1.949270254678405270e-02 1.611395076299242460e-02 1.742103991214762754e-02 1.647614665924434021e-02 1.493159408463842590e-02 1.871299714265261399e-02 1.611341894077876827e-02
