0.000000000000000000e+00 1.669672646107099243e-02 1.682643571793346685e-02 1.782979807888408416e-02 1.692081739406105928e-02 1.580500903189284087e-02 1.818231587778703848e-02 1.815114647269315887e-02 1.699226460199104380e-02 1.789415388390016431e-02 1.659591835676436575e-02 1.690615936721236515e-02 1.660966720035485927e-02 1.559178525431549785e-02 1.654263880851761931e-02 1.766279102077236707e-02 1.790128503243488753e-02 1.792163655890913893e-02 1.838685585965153108e-02 1.598413597138741496e-02 1.676739013614313850e-02 1.647865303661417632e-02 1.551102093896935923e-02 1.763770341322169408e-02 1.901543230202710696e-02 1.638712294628233770e-02 1.721500803631196078e-02 1.704549017709048805e-02 1.813540297003941523e-02 1.783642643603127950e-02 1.810526692375266991e-02 2.004811396554732200e-02 1.743432830893320781e-02 1.655957482954906884e-02 1.803227153906689431e-02 1.823184462626240010e-02 1.800005135568167811e-02 1.820742037315304859e-02 1.701747803709988474e-02 1.657143103183889715e-02 1.791583259803739350e-02 1.766128014182087244e-02 1.624654630489426668e-02 1.653978213014179952e-02 1.709639361954997175e-02 1.747241697965181209e-02 1.735804136156162900e-02 1.796326869486988484e-02 1.723393935956653994e-02 1.662097248436878588e-02 1.614312918513173198e-02 1.681219940460221968e-02 1.615266198105886133e-02 2.200287505041063213e-02 1.606767613133458505e-02 1.756863811451662635e-02 2.024459321218529534e-02 1.668627610094385386e-02 1.699584492695823193e-02 1.812836543598391609e-02 1.710155110704858483e-02 1.587733787274308098e-02 1.754679808099300978e-02 1.635489312860185368e-02 1.650920421200233884e-02 1.717333718809211859e-02 1.712732653666706670e-02 1.831677293375785082e-02 1.944452323849036462e-02 1.696728015242335991e-02 1.547270600989238132e-02 1.744543122594976320e-02 1.679172864805910520e-02 1.640752530797848219e-02 1.644700565384626598e-02 2.007092747872945421e-02 1.703798291937147491e-02 1.836605844261764847e-02 1.698916695202020224e-02 1.745451708626764506e-02 1.772820950751165595e-02 1.778179691291537079e-02 1.715001803950708115e-02 1.789283944349785369e-02 1.610703374048729278e-02 1.697561449989896248e-02 1.750415691063943180e-02 1.752445808331297428e-02 1.821905163460341148e-02 1.667897672501613207e-02 1.771167411967648764e-02 1.668245007609031605e-02 1.668725798147084952e-02 1.832228764298441878e-02 1.642916564437865712e-02 1.771358449972916527e-02 1.695184271977892565e-02 1.676676129354620973e-02 1.720825468748995307e-02 1.865072042341027123e-02 1.786080815396961369e-02 1.733527113053057525e-02 1.636447470904386567e-02 1.686816298745972068e-02 1.935774287527780926e-02 1.769312903142168658e-02 1.778339460870659305e-02 1.947288839911070699e-02 1.639205321266548263e-02 1.668578007734673047e-02 1.620906766624090334e-02 1.878767064325050432e-02 1.693308699906677373e-02 1.662709943678879199e-02 1.734544441083784444e-02 1.808756816017966992e-02 1.874125610830411348e-02 1.697393616620584619e-02 1.873434057590836477e-02 1.842662432393510005e-02 1.868491013671260900e-02 1.827766992516428185e-02 1.634736227048817422e-02 1.701014166375300687e-02 1.637059148971560518e-02 1.555596149471557763e-02 1.781801494263621222e-02 1.630854472856273912e-02
1.669672646107099243e-02 0.000000000000000000e+00 1.564087170741916555e-02 1.595346956805181529e-02 1.580116147686138478e-02 1.465083838999849120e-02 1.703724625757570971e-02 1.702601459283155025e-02 1.574365024955601960e-02 1.786824671005901241e-02 1.626185284477557613e-02 1.573495658855317975e-02 1.549191954981670762e-02 1.441562038032593446e-02 1.524241546496154717e-02 1.574370714773280777e-02 1.684816319659485084e-02 1.665597370134588862e-02 1.638114725415796072e-02 1.553547041859603024e-02 1.665907120316361192e-02 1.527935506524904195e-02 1.371482551772705387e-02 1.654042270031160292e-02 1.933605296744752428e-02 1.519720455374220028e-02 1.604303882540670731e-02 1.670089568429016305e-02 1.694106194600599261e-02 1.670064796677708449e-02 1.699775906904108305e-02 1.885765603168284427e-02 1.641843311692662774e-02 1.545160052199601695e-02 1.698813278498475729e-02 1.729171466040733962e-02 1.703880368388492605e-02 1.727647829438070867e-02 1.603121787118182845e-02 1.547343947925419391e-02 1.692918212230571859e-02 1.666959905519114007e-02 1.513889116341607041e-02 1.543436239610274964e-02 1.604518549867007052e-02 1.645955949740379037e-02 1.632298460420376560e-02 1.704170316244948621e-02 1.620136705903126376e-02 1.551956612684381002e-02 1.499802366933732437e-02 1.571964993828951079e-02 1.499692636244022784e-02 2.126843332702213485e-02 1.491134298183241849e-02 1.656152683569834735e-02 1.943748733365901690e-02 1.559645284837066041e-02 1.593117269083085819e-02 1.717638808351596574e-02 1.607680669209591087e-02 1.469894249451458856e-02 1.653094583013544824e-02 1.529185998446355547e-02 1.539911024226479734e-02 1.613597753649684621e-02 1.608053510668677050e-02 1.738422093972250004e-02 1.859743440248660257e-02 1.590247969437158862e-02 1.421737435765298672e-02 1.643038101941567131e-02 1.571058637623742177e-02 1.528530339168944659e-02 1.536010600935375919e-02 1.925844314086209291e-02 1.601418327783831613e-02 1.743174593951887091e-02 1.592368397323385559e-02 1.643382371793163793e-02 1.674216358660518544e-02 1.674070777224530987e-02 1.610638483634346807e-02 1.691882022312400299e-02 1.495358863274695756e-02 1.591530333480048812e-02 1.651239692169617287e-02 1.651292886369139928e-02 1.727942846385680659e-02 1.558871273843431479e-02 1.672877574637813419e-02 1.560395770734273116e-02 1.554777233902541328e-02 1.738739234241923684e-02 1.530855189314069345e-02 1.672236672085793477e-02 1.588713366139882233e-02 1.568446535070726691e-02 1.616938117876964842e-02 1.773750350117073160e-02 1.688417105786880340e-02 1.630855149261494982e-02 1.531327961772445401e-02 1.579491576868393213e-02 1.849733644102878258e-02 1.670410713402333339e-02 1.680667953726289882e-02 1.863886033462315919e-02 1.522282963417712423e-02 1.558961595051511911e-02 1.506658873644623614e-02 1.789891365854926961e-02 1.586071359840363071e-02 1.554457632974530316e-02 1.632331950301905629e-02 1.713026228648727514e-02 1.784127216716894712e-02 1.590729102075629647e-02 1.783698758726673037e-02 1.749918806531980398e-02 1.777850587203121807e-02 1.733223297257950948e-02 1.517775801335232572e-02 1.594870500340866970e-02 1.524694072504348581e-02 1.434066540273461025e-02 1.684142040235815999e-02 1.517429578088434067e-02
1.682643571793346685e-02 1.564087170741916555e-02 0.000000000000000000e+00 1.528012417799270474e-02 1.505078643622969996e-02 1.369300362971183870e-02 1.631461023784170142e-02 1.622598779086723703e-02 1.487081021126603932e-02 1.704208730465639823e-02 1.481101283590559835e-02 1.486829938380636144e-02 1.404682468753568232e-02 1.421998807062577024e-02 1.440290104879051597e-02 1.570139682192026737e-02 1.587856702958075419e-02 1.607632717864524233e-02 1.651750146016166959e-02 1.468993713932258138e-02 1.520173581115008728e-02 1.434333453148874289e-02 1.333823804013208915e-02 1.686013137236502812e-02 1.863831656589092292e-02 1.429333981451171888e-02 1.521027683388430189e-02 1.590016589488712703e-02 1.544999204770285475e-02 1.582357964941269804e-02 1.618622945546223033e-02 1.815995451880159442e-02 1.571967526360559808e-02 1.468322233492705235e-02 1.635224983272131477e-02 1.665038849094354137e-02 1.638533216201824502e-02 1.664719781145659536e-02 1.524589537612004199e-02 1.471429986934155026e-02 1.627114760759992493e-02 1.599460717621107447e-02 1.432421684299232598e-02 1.467241783325467543e-02 1.532610748530310180e-02 1.576930825474777420e-02 1.562742637251473068e-02 1.635291043711864858e-02 1.550060107920667174e-02 1.476103763957738353e-02 1.421460288879925621e-02 1.497686461333863281e-02 1.419036690128496099e-02 2.077639399062159234e-02 1.410169898254233153e-02 1.588182343680013750e-02 1.889228815469233894e-02 1.484429781334500702e-02 1.520693909571190286e-02 1.653239245526575904e-02 1.537235345747017638e-02 1.386421971816604454e-02 1.584917433968557540e-02 1.452275168573735967e-02 1.463301576403210069e-02 1.541388387574087020e-02 1.536073250435189379e-02 1.679877286805481554e-02 1.801588018142660785e-02 1.516969702509757441e-02 1.337573375457000273e-02 1.573806998353344949e-02 1.495978477303691948e-02 1.450146545034853435e-02 1.455380448643838615e-02 1.870363034025376153e-02 1.526498847736550320e-02 1.679288350133997798e-02 1.519478902655402135e-02 1.574328752315265825e-02 1.606167931210657901e-02 1.612582896409477107e-02 1.538780683847417244e-02 1.625337646233382741e-02 1.414079901300903039e-02 1.518404216204914149e-02 1.582119037011276916e-02 1.582621896666363756e-02 1.663156618970429781e-02 1.483241927320523915e-02 1.605011595134249805e-02 1.484514088061961515e-02 1.483491837065670921e-02 1.674680489432761252e-02 1.452740117007707450e-02 1.604749759723619537e-02 1.514354396551604101e-02 1.497523659717039414e-02 1.545503747818101348e-02 1.712086611930755883e-02 1.626792901865474136e-02 1.560111893188978645e-02 1.447250153759115088e-02 1.504985199949272941e-02 1.792355455427577238e-02 1.602419740687590494e-02 1.612905439187951526e-02 1.806896233798975515e-02 1.445227377597107545e-02 1.483115602834106893e-02 1.426728930696526641e-02 1.730945365538960612e-02 1.512719740720116189e-02 1.480176490520357900e-02 1.561066337244012767e-02 1.647981212748625413e-02 1.723278464376669372e-02 1.517280433414124052e-02 1.721951559200756571e-02 1.686277249910522053e-02 1.715945072946674019e-02 1.669981663142623696e-02 1.445113415359319461e-02 1.521115620958682704e-02 1.450076753184888906e-02 1.347160327144268123e-02 1.618274480977429167e-02 1.437701052109374884e-02
1.782979807888408416e-02 1.595346956805181529e-02 1.528012417799270474e-02 0.000000000000000000e+00 1.663669600682221930e-02 1.483530978558923567e-02 1.721740564651341038e-02 1.635794564389297240e-02 1.528123121566951972e-02 1.797965409865557793e-02 1.645034252100413541e-02 1.594956114833651073e-02 1.578683592560233342e-02 1.531341811760483611e-02 1.544292244518157692e-02 1.676035982262147339e-02 1.693001206057147615e-02 1.712154938430777637e-02 1.655661418454613953e-02 1.523603224197712415e-02 1.676390607377876985e-02 1.542073612204724296e-02 1.451357767638922387e-02 1.775093560870369749e-02 1.866860579403192139e-02 1.544189424621413356e-02 1.612521782208472393e-02 1.682978892689196773e-02 1.715769301059711163e-02 1.613525629721982921e-02 1.705810035501559296e-02 1.813391420552599650e-02 1.655767087808076438e-02 1.561685171967722510e-02 1.714300235975817210e-02 1.748290898045795974e-02 1.721188709862384730e-02 1.750742674063359219e-02 1.618195974912012627e-02 1.568186773279483040e-02 1.706768003113386112e-02 1.686143934960432356e-02 1.529065112472372152e-02 1.561051032221305243e-02 1.620478783509793699e-02 1.661630641248776699e-02 1.651810304076260782e-02 1.715080097138394627e-02 1.640378975578662274e-02 1.573044778570446833e-02 1.518953911446609302e-02 1.587824058733879745e-02 1.517333200961100761e-02 2.135489270689262808e-02 1.509734833108188588e-02 1.670696614900903099e-02 1.953746852960180913e-02 1.575344608080495729e-02 1.608233087551796600e-02 1.727015102717468359e-02 1.630486435924653754e-02 1.488688510956280402e-02 1.673037591730788809e-02 1.611334718713045358e-02 1.559370701046865551e-02 1.631817273899825727e-02 1.626406096832448689e-02 1.755223771646673842e-02 1.874708423757776368e-02 1.609105434880954075e-02 1.443230745938207070e-02 1.660407266433487627e-02 1.590285456332614367e-02 1.548435741473732676e-02 1.552158553421140695e-02 1.940847329395891524e-02 1.616490279678635053e-02 1.754471019307194540e-02 1.610922367408221950e-02 1.662151513527430902e-02 1.691372264387842883e-02 1.691422835487236057e-02 1.629418292256756481e-02 1.709044403447788907e-02 1.515716247181624933e-02 1.610680657994944739e-02 1.668553285588598306e-02 1.669367448540683141e-02 1.744738126526030123e-02 1.578272182002644214e-02 1.690039573045802254e-02 1.579088091227326754e-02 1.573300884464050309e-02 1.755363240445216577e-02 1.550458245564785391e-02 1.689609209697701467e-02 1.607173844959890185e-02 1.586490357043627772e-02 1.634977356132029727e-02 1.789610324415434259e-02 1.704705801274779275e-02 1.648587734940916427e-02 1.550944187198137827e-02 1.598108244483688323e-02 1.864775948878226453e-02 1.687622794710079421e-02 1.697787041233940128e-02 1.878525654292282840e-02 1.542323531143367267e-02 1.577857667953704371e-02 1.526799120574632088e-02 1.806343182380964682e-02 1.604539113215062290e-02 1.573072704777679978e-02 1.650146389091144625e-02 1.729721251837781915e-02 1.799631963578321447e-02 1.609487162577733638e-02 1.799506005821508575e-02 1.766046323674776847e-02 1.793715793538041767e-02 1.749841245732348255e-02 1.537923227101455417e-02 1.613289481567151476e-02 1.543527882894085886e-02 1.455295010454967473e-02 1.701506299025011548e-02 1.537064116324466344e-02
1.692081739406105928e-02 1.580116147686138478e-02 1.505078643622969996e-02 1.663669600682221930e-02 0.000000000000000000e+00 1.418691957892947650e-02 1.711310961601626018e-02 1.716917612462206741e-02 1.501662875244655013e-02 1.776775526141042769e-02 1.623740167534772072e-02 1.585255394789632233e-02 1.555562542061678447e-02 1.511584985591562201e-02 1.530367014027400954e-02 1.651263118714246803e-02 1.590710235619710936e-02 1.694021263526352197e-02 1.733379824968508953e-02 1.567692995220556010e-02 1.673536396848248481e-02 1.532756601803240450e-02 1.433387736978830769e-02 1.767950068201378649e-02 1.953763398801914089e-02 1.538750104496659256e-02 1.608752060402981326e-02 1.659963371424858294e-02 1.607210157056041672e-02 1.589818527638637083e-02 1.703490071867886160e-02 1.788639245624918869e-02 1.647621660408900984e-02 1.544265327542862845e-02 1.706100397502455235e-02 1.727673714024237014e-02 1.700053203031953383e-02 1.740049220852119341e-02 1.596231762930532330e-02 1.556211869276766246e-02 1.691986206665058168e-02 1.675474497776955479e-02 1.520123569581564513e-02 1.549897436460060882e-02 1.612607710277686249e-02 1.645213790720869221e-02 1.632521425408018159e-02 1.699918028193977623e-02 1.627486032376160990e-02 1.559009988412374606e-02 1.507939994601362882e-02 1.572444457271033810e-02 1.501889687507086506e-02 2.121391146547644060e-02 1.500068617575059556e-02 1.654807696708405010e-02 1.939240748379621876e-02 1.568080773617484824e-02 1.598553875541166083e-02 1.799508018754377922e-02 1.616193634741860258e-02 1.471814529630711445e-02 1.653464818690467825e-02 1.527899641430807871e-02 1.544385248314285482e-02 1.617390066151920547e-02 1.613513723883143111e-02 1.735089608198494074e-02 1.862663100243134445e-02 1.595240185752762330e-02 1.427896078938793896e-02 1.646983339787571124e-02 1.575602432072975567e-02 1.533441053698909526e-02 1.538381264537674355e-02 1.928973772758963562e-02 1.603032298913403472e-02 1.747909154560096587e-02 1.597290068685349937e-02 1.648696988111258976e-02 1.678731445007418735e-02 1.678400648093771735e-02 1.614853076634452031e-02 1.696121623885899279e-02 1.500547639123944732e-02 1.595905898864892133e-02 1.655225118328415221e-02 1.655258589521828305e-02 1.732078662286562140e-02 1.564128300524795026e-02 1.677244261649413898e-02 1.565547640523179060e-02 1.560306399956225450e-02 1.743104622676436982e-02 1.536754714012234478e-02 1.677333242566057467e-02 1.592403430633586650e-02 1.572261390405907747e-02 1.621076862113760009e-02 1.776696624966403459e-02 1.692919539821954172e-02 1.634409422641861648e-02 1.530285502306602888e-02 1.583507694140773650e-02 1.853141673336669223e-02 1.673913097704953640e-02 1.684075054220801962e-02 1.865921627888808901e-02 1.531517483417622894e-02 1.563515218609800791e-02 1.511557258792270084e-02 1.801300542052694520e-02 1.591454974301022632e-02 1.558519709859189882e-02 1.635506495472834748e-02 1.717076950946625977e-02 1.786141820494630342e-02 1.596049386511485049e-02 1.786604778586257242e-02 1.752933908925990644e-02 1.781537514191668115e-02 1.741192907696714406e-02 1.528825474107365322e-02 1.599049265043458318e-02 1.528813406357047364e-02 1.439388837390786526e-02 1.687919694167308929e-02 1.521785928481632008e-02
1.580500903189284087e-02 1.465083838999849120e-02 1.369300362971183870e-02 1.483530978558923567e-02 1.418691957892947650e-02 0.000000000000000000e+00 1.531120328399947737e-02 1.524205765631226651e-02 1.333417571240117123e-02 1.608553516188698448e-02 1.382421283289255939e-02 1.380162436801616287e-02 1.350607691753849537e-02 1.304518989516877982e-02 1.326151808499858448e-02 1.473067284482315609e-02 1.492280895042460975e-02 1.510194651850152101e-02 1.555296011451445456e-02 1.317032965005367380e-02 1.476433874545783100e-02 1.318228744751268056e-02 1.208990674442747722e-02 1.585214705128630899e-02 1.711568802610227008e-02 1.316650429909735874e-02 1.412095106202547294e-02 1.483228249279215823e-02 1.518013842527404268e-02 1.485868293969013973e-02 1.519206749093897184e-02 1.730854937576495334e-02 1.477903185550771131e-02 1.364635006448998954e-02 1.546325597458785180e-02 1.577724285493798187e-02 1.552072335504409845e-02 1.580290080696957963e-02 1.430743067495635762e-02 1.367867297505655569e-02 1.539835941620142090e-02 1.507012956272588480e-02 1.325296025045416201e-02 1.364132428740496943e-02 1.434728815241266553e-02 1.483254820007775220e-02 1.467266326763241001e-02 1.549720234164493962e-02 1.453674083119787727e-02 1.372945574511936877e-02 1.312966139587169040e-02 1.396438466628478585e-02 1.312684408794295536e-02 2.006449686232462948e-02 1.300131835982007086e-02 1.498694583961652019e-02 1.811889936196649231e-02 1.433210782122054661e-02 1.425632574450593458e-02 1.567479119566743753e-02 1.440280929316839660e-02 1.276791720981970690e-02 1.490843103869971854e-02 1.343989863122473961e-02 1.361168731120513883e-02 1.446444079146101680e-02 1.441857710005513792e-02 1.591476422406166297e-02 1.723286593232518232e-02 1.420053859094089037e-02 1.218968623989676384e-02 1.481577323203837025e-02 1.396496589023274795e-02 1.345787483217002027e-02 1.352505376071004052e-02 1.794927380505712683e-02 1.430693071441156358e-02 1.595383496905252579e-02 1.422783437909385003e-02 1.478712479615373020e-02 1.516565065616455599e-02 1.522981622843624233e-02 1.443328755281064399e-02 1.537295374543271032e-02 1.305513345486062141e-02 1.421423795801252457e-02 1.491906468560213507e-02 1.491076553124511504e-02 1.577481979897617584e-02 1.382640421565066273e-02 1.515671469093031638e-02 1.384849041906758421e-02 1.383313943650816419e-02 1.589832391383092305e-02 1.349163353335900220e-02 1.515422388151146417e-02 1.412503982752032899e-02 1.388862255485554496e-02 1.451274515218733963e-02 1.627364059210546082e-02 1.539723177818418630e-02 1.461447981213387197e-02 1.338730779963838956e-02 1.401582765919585395e-02 1.707496677562968593e-02 1.512261571151826689e-02 1.518570963346480007e-02 1.722543936084060603e-02 1.391733884932935816e-02 1.383689498803537983e-02 1.316976491285333679e-02 1.652710885437811208e-02 1.419411310480910016e-02 1.375864527201259464e-02 1.463366308448325707e-02 1.555271329048092330e-02 1.635615371174073754e-02 1.424488009445655512e-02 1.633656244700836674e-02 1.600922932942236768e-02 1.633604278531027715e-02 1.646090141249007682e-02 1.336350602330516751e-02 1.425053132100040365e-02 1.336726329425610982e-02 1.230487496589254687e-02 1.533253530095413618e-02 1.327682586834204141e-02
1.818231587778703848e-02 1.703724625757570971e-02 1.631461023784170142e-02 1.721740564651341038e-02 1.711310961601626018e-02 1.531120328399947737e-02 0.000000000000000000e+00 1.750845107068629836e-02 1.636395680551373799e-02 1.738449668543596421e-02 1.610704189037321862e-02 1.629772303630259295e-02 1.599605150706502610e-02 1.575353819948012088e-02 1.513823227833186250e-02 1.693089920145853314e-02 1.723298089170167274e-02 1.726014645229223890e-02 1.683721774315105266e-02 1.627821491964711112e-02 1.722283485699403066e-02 1.519646786088368028e-02 1.488036630397315471e-02 1.719002499920252447e-02 1.975767249151477722e-02 1.511547317334166127e-02 1.579399564909435977e-02 1.723648655233598823e-02 1.744911217591907024e-02 1.630773932388123598e-02 1.735161918302072920e-02 1.824493957396228910e-02 1.688482520374809046e-02 1.596034591683706538e-02 1.751786931198649061e-02 1.773327721862763551e-02 1.747885553834384320e-02 1.769816465129247021e-02 1.652165205331196374e-02 1.597499828259070151e-02 1.738509815158686966e-02 1.712636090677520373e-02 1.562675064052896495e-02 1.597918703090293185e-02 1.651780306637243984e-02 1.691830121773768916e-02 1.680286397309483162e-02 1.744644546224507348e-02 1.672078296955228222e-02 1.602031855050870673e-02 1.553616611575377865e-02 1.622514053720851626e-02 1.552909966729855255e-02 2.162237858232896395e-02 1.543842609487942365e-02 1.703000709394774867e-02 1.981184472506431968e-02 1.608392097245115240e-02 1.641408957361593229e-02 1.755025020533104371e-02 1.665201441199551380e-02 1.524416009463107347e-02 1.700222567682578914e-02 1.580340095691047317e-02 1.594842952043015738e-02 1.661096966753897175e-02 1.656774670393590040e-02 1.781936205911003115e-02 1.898750559068653962e-02 1.639396615096039636e-02 1.481632399261493052e-02 1.689803406090957874e-02 1.620950304219112570e-02 1.580139849057363155e-02 1.584275070964994911e-02 1.963069220846467428e-02 1.647509440495647376e-02 1.786115004672136214e-02 1.641340275928810863e-02 1.690771868641221393e-02 1.719233587728864754e-02 1.724290740280151960e-02 1.658641606178616265e-02 1.736630940590424416e-02 1.548594802504601846e-02 1.640100784468576448e-02 1.701534348993284304e-02 1.697838962848502095e-02 1.771062803074039543e-02 1.608912725326903589e-02 1.717280164205942442e-02 1.614474666913573789e-02 1.609167135786240127e-02 1.781591857588285532e-02 1.582800622833901300e-02 1.717843158196164302e-02 1.634427654132441718e-02 1.615346173886452255e-02 1.661972735930219297e-02 1.811457750365715741e-02 1.735601297353015632e-02 1.674630904152080504e-02 1.580404556294228574e-02 1.625851707150036823e-02 1.893074318393011407e-02 1.713417323747445237e-02 1.729241278974994953e-02 1.904846997236392739e-02 1.570862771312623793e-02 1.606242909655621054e-02 1.557794244905852735e-02 1.833981079687821078e-02 1.632058439523628376e-02 1.681775662350066397e-02 1.675534297754076307e-02 1.753617346137286911e-02 1.826868330463780193e-02 1.635869205743694862e-02 1.821932747566525068e-02 1.795189557087074894e-02 1.814873467707844162e-02 1.771426590266739903e-02 1.576655062413259700e-02 1.639642540511447935e-02 1.578814864107488600e-02 1.492716581421545466e-02 1.730213797462551439e-02 1.567690222820083273e-02
1.815114647269315887e-02 1.702601459283155025e-02 1.622598779086723703e-02 1.635794564389297240e-02 1.716917612462206741e-02 1.524205765631226651e-02 1.750845107068629836e-02 0.000000000000000000e+00 1.626180760453689936e-02 1.818887721421150877e-02 1.683244099760554391e-02 1.619081919316065973e-02 1.610112808127654380e-02 1.572217975527036987e-02 1.519277384713786823e-02 1.715218451443512732e-02 1.663801590888901519e-02 1.734037329810847808e-02 1.687238345193402614e-02 1.617233967204607936e-02 1.625896696756313695e-02 1.502492906548981086e-02 1.489522871904485658e-02 1.802320112786235523e-02 1.866335231468293360e-02 1.572277752249444729e-02 1.575044169060827587e-02 1.715634984065256621e-02 1.745472599962429039e-02 1.718072481172669419e-02 1.644776080129318682e-02 1.932213364404850031e-02 1.687597515221745184e-02 1.595818992185869117e-02 1.743810513315204730e-02 1.772669363590901812e-02 1.748008988644795744e-02 1.770731136858650148e-02 1.651194886954455987e-02 1.597802706077125143e-02 1.737929002182685839e-02 1.711814893571807217e-02 1.562408420388048357e-02 1.598602754594170838e-02 1.651810652267742680e-02 1.692028449927612810e-02 1.680332971414654972e-02 1.744186136551437172e-02 1.671460681936237647e-02 1.602358120037826461e-02 1.556595640756392590e-02 1.621969924343247965e-02 1.552696929555833286e-02 2.161021125484495486e-02 1.543706493387045700e-02 1.702348172061612236e-02 1.980806211206541032e-02 1.608662433345619744e-02 1.641251769915593947e-02 1.754333841014354273e-02 1.655034442191546593e-02 1.524244466148589466e-02 1.700025090376004397e-02 1.585822783571103067e-02 1.590961091843842712e-02 1.661553212977336449e-02 1.656365116464834919e-02 1.781306483750324035e-02 1.899003073465856117e-02 1.639255711935675222e-02 1.477899853139559051e-02 1.689519734831474232e-02 1.621184046614846525e-02 1.580252219098952915e-02 1.583988586250187347e-02 1.963401795655067561e-02 1.646457880297266113e-02 1.785874488512527447e-02 1.640725921181067359e-02 1.690458968777210427e-02 1.719389675779480278e-02 1.718247096358408929e-02 1.658438278483871653e-02 1.736534504134353354e-02 1.548477214159261171e-02 1.640360885429906906e-02 1.701659316616400269e-02 1.697213513860174397e-02 1.771216208096196634e-02 1.609070391237964887e-02 1.717856951361254603e-02 1.614201492651375081e-02 1.604050864925731998e-02 1.781719939750871923e-02 1.582585604042554411e-02 1.717693184535916059e-02 1.637182670651430791e-02 1.616970088176145764e-02 1.664226748758235175e-02 1.815061495020518431e-02 1.732573266122323236e-02 1.677153548109089343e-02 1.582411588834432489e-02 1.628389012871282043e-02 1.889468159947578149e-02 1.715347903319575096e-02 1.725945220965542301e-02 1.902663282644180207e-02 1.574137585091061123e-02 1.608609630436196036e-02 1.559657646215022175e-02 1.836482061705209043e-02 1.634603680076351581e-02 1.604709663071219108e-02 1.679111943036944513e-02 1.756813399181689911e-02 1.825331175146418031e-02 1.639581002926661368e-02 1.825199858473035633e-02 1.791793757694221459e-02 1.818973135552161974e-02 1.776049767546022951e-02 1.573079347995123140e-02 1.643067280904919603e-02 1.575094067716088092e-02 1.490175424077921050e-02 1.733834066110957403e-02 1.569107241791599383e-02
1.699226460199104380e-02 1.574365024955601960e-02 1.487081021126603932e-02 1.528123121566951972e-02 1.501662875244655013e-02 1.333417571240117123e-02 1.636395680551373799e-02 1.626180760453689936e-02 0.000000000000000000e+00 1.705367613091608725e-02 1.555579145622589844e-02 1.499325742795894201e-02 1.469862313122195611e-02 1.433723719164064180e-02 1.438660325815744462e-02 1.582149061184539435e-02 1.524122075612655003e-02 1.615682641163338623e-02 1.644407412802964888e-02 1.486605702342610850e-02 1.596765972429912278e-02 1.443770119988057807e-02 1.344471651479224941e-02 1.701077069077606974e-02 1.877568192972781796e-02 1.451064123946243546e-02 1.523614581379248781e-02 1.523192331490153505e-02 1.607302541410431454e-02 1.576538098626351081e-02 1.559304164561526110e-02 1.728443740091787501e-02 1.571849874577845377e-02 1.468613083574724781e-02 1.641763088193383749e-02 1.672209564671397683e-02 1.636623303372888860e-02 1.742985235280960360e-02 1.526054233095570402e-02 1.474511898652061323e-02 1.625641647230833056e-02 1.602053960744716579e-02 1.440301947223187641e-02 1.474186046391960658e-02 1.540447013282958237e-02 1.583317666402198412e-02 1.563170052618361242e-02 1.641493456753363722e-02 1.557519290273174858e-02 1.478619619695968439e-02 1.433323365651519368e-02 1.497563462375705104e-02 1.420588592752475288e-02 2.072509863185838935e-02 1.413551756369299181e-02 1.587398484456938735e-02 1.887004988244670584e-02 1.487562700779520609e-02 1.519691158072561214e-02 1.660680959591660788e-02 1.545952377360483229e-02 1.388791295964999367e-02 1.591409612309056809e-02 1.460511143022210148e-02 1.467977322388757180e-02 1.546977263902462284e-02 1.541801458530003312e-02 1.679579773769810172e-02 1.805349038702431033e-02 1.522166326363954235e-02 1.340754705946767093e-02 1.578172659345329631e-02 1.501620661849583163e-02 1.455986362047994621e-02 1.460862905328906211e-02 1.874455013397404932e-02 1.530897231783677828e-02 1.683698124930012308e-02 1.524163390767539761e-02 1.579132101299477245e-02 1.611228676593736905e-02 1.611400182786696181e-02 1.543573598699597357e-02 1.629894890649126113e-02 1.420285187934144933e-02 1.523991550062588247e-02 1.587797084337656470e-02 1.586670412204990374e-02 1.667757442024502337e-02 1.489278763564053608e-02 1.609496561291111696e-02 1.490790826591316051e-02 1.484175239992336498e-02 1.679244124914024833e-02 1.458922683357455861e-02 1.609275924880644928e-02 1.519046278347076923e-02 1.498191888223575872e-02 1.550039557262624171e-02 1.715326620978005132e-02 1.627645135932495254e-02 1.564194171064275246e-02 1.454108525873518652e-02 1.509629847082553065e-02 1.795015816276017070e-02 1.606543640305321818e-02 1.617342600393868735e-02 1.809248382804997876e-02 1.458155046071923054e-02 1.487973908581906833e-02 1.432300355751907686e-02 1.740685613003228882e-02 1.518349687377598851e-02 1.484168247817132559e-02 1.565482854437863156e-02 1.652047678860935759e-02 1.725583021524872834e-02 1.523348531471004422e-02 1.725446505500030300e-02 1.689909263877590120e-02 1.719921166855084907e-02 1.677666270786362310e-02 1.450307441969211388e-02 1.526183284203815049e-02 1.451263415241385753e-02 1.353821469443602585e-02 1.622399769174307990e-02 1.442854439957575070e-02
1.789415388390016431e-02 1.786824671005901241e-02 1.704208730465639823e-02 1.797965409865557793e-02 1.776775526141042769e-02 1.608553516188698448e-02 1.738449668543596421e-02 1.818887721421150877e-02 1.705367613091608725e-02 0.000000000000000000e+00 1.742341001821404167e-02 1.623951234395315524e-02 1.607796048949001327e-02 1.645913865363868994e-02 1.656797182778713823e-02 1.786114663642339104e-02 1.709186799703191206e-02 1.722229781324239456e-02 1.840449947771682221e-02 1.697746241929120117e-02 1.694573683554560437e-02 1.653921675408698277e-02 1.568565634977059711e-02 1.868653182686171726e-02 1.936869492709471924e-02 1.651810001086477867e-02 1.724766838610208158e-02 1.786420466115619388e-02 1.819799581933802257e-02 1.694074336785213880e-02 1.723093402976407298e-02 1.900748239834194886e-02 1.748314221516652361e-02 1.660847104514883571e-02 1.902705189002646194e-02 1.834582560972797607e-02 1.801510642522550013e-02 1.831419637127005770e-02 1.713562204388785482e-02 1.662537875451786801e-02 1.802677714021240843e-02 1.777201137745055073e-02 1.629796549933103592e-02 1.661257128870152061e-02 1.713594959449670635e-02 1.749870436412731198e-02 1.747487966640217175e-02 1.799040784173425514e-02 1.735795094543739550e-02 1.667541440002177910e-02 1.625980159898073388e-02 1.692593875285217792e-02 1.621208047603448291e-02 2.210429411962879995e-02 1.612927083059922245e-02 1.760939900681950110e-02 2.025527770445182882e-02 1.671597492486457184e-02 1.703603165602691691e-02 1.816224400452157856e-02 1.731553189548021288e-02 1.594277345871665183e-02 1.766086550356962132e-02 1.641997280156258510e-02 1.660557896654243568e-02 1.726984127220253587e-02 1.722344114635909751e-02 1.846058702975641314e-02 1.953467453902315090e-02 1.705549895535989763e-02 1.554497104356608941e-02 1.753885351369511084e-02 1.689691382832193486e-02 1.650757711911054332e-02 1.653515164902776349e-02 2.016329155322709940e-02 1.712181741535602486e-02 1.844930315745137855e-02 1.707695440137901172e-02 1.755315029883047773e-02 1.782077673083736977e-02 1.781102179675390570e-02 1.725141522604695457e-02 1.798146995554232921e-02 1.621399845587219099e-02 1.707979342223966968e-02 1.760479479314813744e-02 1.761883878362573499e-02 1.830263602407487464e-02 1.678249267402184830e-02 1.771913973272378970e-02 1.678457327795976686e-02 1.673268942256642480e-02 1.840255810748840648e-02 1.652559629677395961e-02 1.779998391553540629e-02 1.703597642375992774e-02 1.689731722244382922e-02 1.728890285435151150e-02 1.871629730009804343e-02 1.799043816603079771e-02 1.742104333643513386e-02 1.646885874222588780e-02 1.695263183593242323e-02 1.943999391538773006e-02 1.777366085187317632e-02 1.787435964155636645e-02 1.962628736216467246e-02 1.642989843045558618e-02 1.677355267025989333e-02 1.630273652732203496e-02 1.894717368089037651e-02 1.701599857780331654e-02 1.678728819457642879e-02 1.742026616934111774e-02 1.817499306157958905e-02 1.880132658976138224e-02 1.705682523955224378e-02 1.882050583693396090e-02 1.850606215757143527e-02 1.876578509479216034e-02 1.833815701848808336e-02 1.644816791315323323e-02 1.709474068632356805e-02 1.650493334132823939e-02 1.565230960897072421e-02 1.788982752922075800e-02 1.639777216205126967e-02
1.659591835676436575e-02 1.626185284477557613e-02 1.481101283590559835e-02 1.645034252100413541e-02 1.623740167534772072e-02 1.382421283289255939e-02 1.610704189037321862e-02 1.683244099760554391e-02 1.555579145622589844e-02 1.742341001821404167e-02 0.000000000000000000e+00 1.550758521513146033e-02 1.458983305879209789e-02 1.480814001055476281e-02 1.500883294440997356e-02 1.565437007480731391e-02 1.583523430460702722e-02 1.659841877199247362e-02 1.711950293926355060e-02 1.471330079969840506e-02 1.627390795018818920e-02 1.495914883035611397e-02 1.401886740263521766e-02 1.723870810385902050e-02 1.825771632850191339e-02 1.427281831498506716e-02 1.580238202233192474e-02 1.643558951928163897e-02 1.673149373996704603e-02 1.574244098582070969e-02 1.681935173952632534e-02 1.872885955571696251e-02 1.618134134496570717e-02 1.519899116646725688e-02 1.678102070249712363e-02 1.706655411782207268e-02 1.682267140663747454e-02 1.704795272026964070e-02 1.571771126395238305e-02 1.521978818863011992e-02 1.671138048344422353e-02 1.643119794518949073e-02 1.484319143144939741e-02 1.517564845240822365e-02 1.579834401194110671e-02 1.622680344744438855e-02 1.609300034655702233e-02 1.678228738294679223e-02 1.595775638365984350e-02 1.526174754911735487e-02 1.478816597297975474e-02 1.547948097534970931e-02 1.473436949215487478e-02 2.109976885788378623e-02 1.463840638714300653e-02 1.634212247013589955e-02 1.925313658020997090e-02 1.537055026386117962e-02 1.570132412261500757e-02 1.690546684078856818e-02 1.583395068529078881e-02 1.442680754636649527e-02 1.630035332060747119e-02 1.498976555476648660e-02 1.515807069533457556e-02 1.580790892884078799e-02 1.575829593463622461e-02 1.716616161597551982e-02 1.828899093186015304e-02 1.564405532840463381e-02 1.440134769794703014e-02 1.619262209388661403e-02 1.537084538390745374e-02 1.496240979454778290e-02 1.505218326822732600e-02 1.894873915142282483e-02 1.580236800435325453e-02 1.716297736896334539e-02 1.572807048839704527e-02 1.619204178588578430e-02 1.643032695558156037e-02 1.729714230293541086e-02 1.577618815899784269e-02 1.667348497858032325e-02 1.463488012230168903e-02 1.559572292748570913e-02 1.618717646152295978e-02 1.625321903981640295e-02 1.697292978219130596e-02 1.526157487476996651e-02 1.647896161524452577e-02 1.529106161130153185e-02 1.596355476173736548e-02 1.712476955573312767e-02 1.502693122900432797e-02 1.648965302389564930e-02 1.560593797575460587e-02 1.544273249724064517e-02 1.593966626124031227e-02 1.749213839726779240e-02 1.668281123170687469e-02 1.603181471565043661e-02 1.495887499938780042e-02 1.555631258995599994e-02 1.832418054770985558e-02 1.648753986140983480e-02 1.654881114934011327e-02 1.839231104175897968e-02 1.496837037151711389e-02 1.530529158729187697e-02 1.478819029747873055e-02 1.771370215268559811e-02 1.563066317989458484e-02 1.539526322441209585e-02 1.604802743745413138e-02 1.691330728285171670e-02 1.768816891085414275e-02 1.562865021806199989e-02 1.757384353229190718e-02 1.724803907797596222e-02 1.752039880018449458e-02 1.711320590826229809e-02 1.558022117791532310e-02 1.565582265554748068e-02 1.500461515901607527e-02 1.404107158985061499e-02 1.658597850978982269e-02 1.488635935119090280e-02
1.690615936721236515e-02 1.573495658855317975e-02 1.486829938380636144e-02 1.594956114833651073e-02 1.585255394789632233e-02 1.380162436801616287e-02 1.629772303630259295e-02 1.619081919316065973e-02 1.499325742795894201e-02 1.623951234395315524e-02 1.550758521513146033e-02 0.000000000000000000e+00 1.407914116845134997e-02 1.429841844436562613e-02 1.445946460611640533e-02 1.582115031526093452e-02 1.599606034581575395e-02 1.600143396597900405e-02 1.581782619429523279e-02 1.489364027250780591e-02 1.577520972754632711e-02 1.430484144819093445e-02 1.293830822409775157e-02 1.676431085050680489e-02 1.788378887275975104e-02 1.433189016528382993e-02 1.515287777032575146e-02 1.587631987872709094e-02 1.558949683648947968e-02 1.592845523900295393e-02 1.543791426859726472e-02 1.823210839167847125e-02 1.573657816016313729e-02 1.470622358590719346e-02 1.643631487528282586e-02 1.667162584399633357e-02 1.640211558386062835e-02 1.665249319381999910e-02 1.532754263913133595e-02 1.472457673761258523e-02 1.629130144608467376e-02 1.600738915965438727e-02 1.436313340060695574e-02 1.469626660174186070e-02 1.533708640582458725e-02 1.578463037267412161e-02 1.564583044311918317e-02 1.639692970996790497e-02 1.551169054050332077e-02 1.477213255866863251e-02 1.422940186106348183e-02 1.500095806515746102e-02 1.421266538701020619e-02 2.079141713595899013e-02 1.411808925536234792e-02 1.589488155728161975e-02 1.890307920260670890e-02 1.485967362465937316e-02 1.521906946595478517e-02 1.648775263890303253e-02 1.539107307491410608e-02 1.389138637041991906e-02 1.586533403546482035e-02 1.450174856817820768e-02 1.465408707156171282e-02 1.543869854653094273e-02 1.537927281245221947e-02 1.681816395752513613e-02 1.803340145264101940e-02 1.518801608215831003e-02 1.337046240824683700e-02 1.575694610850412319e-02 1.498531043859342368e-02 1.452703051614907641e-02 1.459943664789013947e-02 1.871867680226611472e-02 1.530675187490429523e-02 1.681194870772805688e-02 1.521135301531842919e-02 1.575714494257727041e-02 1.608114502963213510e-02 1.609163914522351510e-02 1.541084895521644196e-02 1.627044654116681019e-02 1.416889943122458251e-02 1.520721702545030016e-02 1.583988064834150264e-02 1.584418769217545500e-02 1.665032282070133193e-02 1.485617573491434563e-02 1.606149863703851266e-02 1.486809432821610891e-02 1.481197809392943016e-02 1.676254910404885792e-02 1.454917399133451306e-02 1.606247479328880290e-02 1.512038529857082959e-02 1.502564887613117191e-02 1.539945211688211434e-02 1.705202281446913104e-02 1.628413212590319736e-02 1.565447092309465299e-02 1.457936996427856499e-02 1.502750290040684444e-02 1.786414296137816063e-02 1.606460185254893550e-02 1.618937440289212534e-02 1.891848166319091973e-02 1.441175208711691948e-02 1.481092889237226561e-02 1.422506589668528186e-02 1.735508533708514378e-02 1.508598601794426328e-02 1.486019280885378380e-02 1.557401505509009403e-02 1.652566701507053246e-02 1.715724260213011970e-02 1.514835249970691508e-02 1.727046897269243764e-02 1.691377477033604443e-02 1.720682782991637960e-02 1.665114004872049469e-02 1.436552035911578366e-02 1.525490215693708039e-02 1.456197288602877407e-02 1.346086412864931116e-02 1.612220024043854727e-02 1.436131633541860679e-02
