0.000000000000000000e+00 1.862269845425294432e-02 1.981545581418682478e-02 1.783582879229076920e-02 2.069652798060987731e-02 2.037826735692194191e-02 1.961137628693920484e-02 2.064711617331217719e-02 1.856016857932940578e-02 2.370797241004029762e-02 2.247885646866230186e-02 1.981608712315601623e-02 1.909573495850231534e-02 2.003949422286323626e-02 3.243370574648954396e-02 1.910816327449993413e-02 2.328848907607490235e-02 2.122261026370508494e-02 2.040116625649990301e-02 2.009868389632276514e-02 2.158379623133621292e-02 2.020679375568648281e-02 2.055415588588770798e-02 2.079091831000326462e-02 1.965715091839177059e-02 1.823657637144754026e-02 2.025416398741242824e-02 2.063065121693862664e-02 1.937156310157497549e-02 2.450119809277924790e-02 1.987861928530484587e-02 1.895001923365037186e-02 1.921067951028434737e-02 2.254265230718339313e-02 1.933669706898877988e-02 1.896356836959654790e-02 2.251875139666487460e-02 2.234906285696856149e-02 2.689814736102288939e-02 1.880440555861436630e-02 2.018670559647549670e-02 2.082464701586715997e-02 3.603425683120416168e-02 2.127858413977360211e-02 2.291687895585994839e-02 1.883920033376460662e-02 1.978458034494576592e-02 2.143369732477730383e-02 2.022304422877609434e-02 1.905450723187662385e-02 2.091119608491532472e-02 1.995676789742147766e-02 2.201161244603219366e-02 1.933091826223723095e-02 1.902707657610365824e-02 1.957167548265771953e-02 1.905446051939037669e-02 2.005328338222104115e-02 2.058066385070536283e-02 1.811485733123882266e-02 1.803071706527581766e-02 1.889108903607165588e-02 1.977201749713118628e-02 2.043071901616566946e-02 1.958355757790036442e-02 1.960142954786664102e-02 1.995439999002042789e-02 1.932981110534788202e-02 2.167299595209222149e-02 1.994199710450802673e-02 2.315119489878044237e-02 1.854594919858251756e-02 2.028230139146885991e-02 2.007689087314942084e-02 2.118091987170894405e-02 1.936635297847243489e-02 2.231265068857455833e-02 1.967365800364767950e-02 2.128405629049674036e-02 2.086683254975944812e-02 1.945659506728781435e-02 2.028352419910823060e-02 2.238828687197346942e-02 1.813194389881190097e-02 2.045291455422737492e-02 1.961303804609103307e-02 1.921116682385883706e-02 2.044371244739254592e-02 1.967412177478368787e-02 1.973332286787788867e-02 2.126161006079143115e-02 2.340408025511018369e-02 1.943402102384473445e-02 1.987573105881905444e-02 2.182934012037456711e-02 1.985323626069212047e-02 2.256659746076092321e-02 2.010626331756154225e-02 2.199707762021855736e-02 1.987536192265932852e-02 1.871154506784035790e-02 2.438705500959409758e-02 2.040011470587243386e-02 2.162230774404020478e-02 1.994010451945487511e-02 1.926533750968494399e-02 1.931901559263073456e-02 2.126232081877366120e-02 2.037314146447919902e-02 1.784033208904170845e-02 1.943390587555834936e-02 1.934686911952755023e-02 2.200618994973770753e-02 1.936401332287557980e-02 2.227812794980765440e-02 2.088755801691495953e-02 1.933776285364063180e-02 1.933521465208251286e-02 1.861694869969567415e-02 2.017364110216376266e-02 2.301768348907143324e-02 1.975503867124292143e-02 1.989261559035015656e-02 2.275633952315663303e-02 1.836433533310579194e-02 2.242609810708088083e-02 2.089316020370990748e-02 1.937456148247256038e-02
1.862269845425294432e-02 0.000000000000000000e+00 1.779054738123302462e-02 1.525191578067120086e-02 1.758714069212272829e-02 1.897849011144250517e-02 1.565783580362496707e-02 1.766933208313520992e-02 1.520947457261889908e-02 2.090476776677207410e-02 1.862912874762677126e-02 1.686039787352272903e-02 1.589012793690560213e-02 1.676581843162319729e-02 3.072771117768807389e-02 1.619674905191313685e-02 2.082635796268805795e-02 1.752383452666377017e-02 1.933446084572475535e-02 1.698726898060423651e-02 1.837126362609260016e-02 1.867248905315110202e-02 1.759223147674293664e-02 1.800271749305590308e-02 1.655376721245837082e-02 1.511897813553268397e-02 1.865248940942433251e-02 1.764705681843168131e-02 1.629844159384775601e-02 2.223646348512673190e-02 1.835715548324742472e-02 1.584645602153799196e-02 1.634584925733823663e-02 2.028175011947720013e-02 1.641099825173799112e-02 1.603306720857643197e-02 2.027380502901725626e-02 2.003586118738929708e-02 2.505270543562232097e-02 1.581267036883343691e-02 1.747241902135492769e-02 1.830089817559224161e-02 3.455268391410776935e-02 1.879798361108208846e-02 2.069850483629362761e-02 1.584290636469679742e-02 1.700867504337147743e-02 1.897557988793142567e-02 1.760714201315287039e-02 1.606686706009681498e-02 1.823656414124074157e-02 1.724080725920767304e-02 1.967791950797140657e-02 1.646756059543805217e-02 1.605842232254818883e-02 1.682758902783268451e-02 1.677560859836845983e-02 1.736653073381227638e-02 1.801752278881537522e-02 1.491940974440265737e-02 1.485560145546594747e-02 1.591633220925356071e-02 1.701214678446511669e-02 1.779178575649242519e-02 1.675517423826454119e-02 1.676545538972242649e-02 1.721678027272941641e-02 1.644448415768050634e-02 1.931080590718396370e-02 1.715401782638269201e-02 2.101613388625167902e-02 1.543439438011257742e-02 1.762455711260123986e-02 1.737371927577693875e-02 1.871977850848834807e-02 1.646789345536660981e-02 2.005364591630934626e-02 1.685994737533914878e-02 1.884908873155608997e-02 1.833772717917935002e-02 1.659390664544841201e-02 1.761948929411951206e-02 2.014174519236030386e-02 1.491201688462986431e-02 1.783064075355967476e-02 1.678445498422865070e-02 1.628306345174069039e-02 1.782140401060589713e-02 1.695865895679047469e-02 1.693392852616775260e-02 1.881359207519435819e-02 2.129917867037536480e-02 1.656227723413187386e-02 1.713912591028209087e-02 1.948606435039926948e-02 1.708736315637277708e-02 2.034751891468856294e-02 1.739602414524659552e-02 1.970874737353104159e-02 1.711910895941209931e-02 1.563687997684505560e-02 2.239391641831794261e-02 1.776506527790793280e-02 1.923757019023411563e-02 1.718840192837560801e-02 1.634752757219821301e-02 1.641377789079674285e-02 1.881759461144855150e-02 1.773719906724539191e-02 1.454393591238224530e-02 1.656264419633635826e-02 1.644855424044689915e-02 1.969924640070513586e-02 1.651514141145553338e-02 2.001019418022942017e-02 1.841208855028873131e-02 1.645167900843055170e-02 1.644575019016371320e-02 1.552221514295029289e-02 1.748222119144116418e-02 2.086283822783209507e-02 1.697751149936276710e-02 1.713584562603349959e-02 2.056128259889665466e-02 1.520189234941634118e-02 2.019124541367370643e-02 1.837016069133736579e-02 1.648465458087183810e-02
1.981545581418682478e-02 1.779054738123302462e-02 0.000000000000000000e+00 1.630506482387232212e-02 1.843720070240836492e-02 1.982958958720008880e-02 1.699611037310640171e-02 1.875723727332691618e-02 1.619320798359042551e-02 2.207519975213892080e-02 1.998621357442087465e-02 1.761655753888712039e-02 1.684868965246717060e-02 1.826500713469341244e-02 3.329493346703656098e-02 1.835409624354834152e-02 2.048264914363841227e-02 1.984801088173051425e-02 2.056550922894458816e-02 1.786634891830076594e-02 1.959186117872238272e-02 1.993517087129423326e-02 1.882780727268798873e-02 1.805700588390424244e-02 1.642373780113391690e-02 1.669786400234530080e-02 1.978981623501625473e-02 1.770131149079154018e-02 1.661456952440186832e-02 2.323238088190304057e-02 1.918957704265412609e-02 1.613872996356937456e-02 1.741834713083321301e-02 2.114709724738841543e-02 1.755280961692958289e-02 1.711958214331337283e-02 2.111266509192703117e-02 2.100660512956368381e-02 2.576085652770360168e-02 1.694382263258634516e-02 1.851908000924144468e-02 1.922815967990184477e-02 3.515406026600159661e-02 1.975372280676861159e-02 2.154918844489384783e-02 1.699437033049477561e-02 1.807365468240858947e-02 1.992732855146546814e-02 1.854990604548629671e-02 1.723249056874274696e-02 1.923934648685673987e-02 1.825911885967203968e-02 2.055490830229770444e-02 1.756316002620943173e-02 1.729076651789619723e-02 1.782191155226041379e-02 1.720474971907767076e-02 1.836780438558393083e-02 1.896041502335652634e-02 1.616483449482663398e-02 1.606089402938746385e-02 1.705485810674503555e-02 1.804633067270346169e-02 1.881497822059281441e-02 1.776515048228965304e-02 1.785872901153387482e-02 1.826602714031627661e-02 1.765407886194090420e-02 2.019620556483808435e-02 1.819886885657131387e-02 2.180433507622960010e-02 1.668647734685331160e-02 1.863357795998048932e-02 1.840881745073851689e-02 1.964896612973270409e-02 1.759083042121543580e-02 2.090451136809588772e-02 1.793440714157322133e-02 1.976029854299539423e-02 1.929031012376600587e-02 1.769759194780440650e-02 1.862962056473510888e-02 2.096460426667661262e-02 1.618519547816651971e-02 1.882038032456611470e-02 1.788329314784519591e-02 1.741846814468637691e-02 1.872466938281555984e-02 1.797751186457504161e-02 1.800511837176673249e-02 1.972165073120533269e-02 2.208040408842016147e-02 1.767507518393080304e-02 1.816290531706863179e-02 2.036580532889104705e-02 1.814776877704430552e-02 2.116376649449909150e-02 1.841782064182585776e-02 2.061142066996344419e-02 1.819979682918091909e-02 1.685981086550406016e-02 2.311894780705193303e-02 1.875195362304542257e-02 1.969416715616602656e-02 1.826054945335919485e-02 1.745425515016658241e-02 1.755783644214197262e-02 1.971090653187904107e-02 1.871574712610029473e-02 1.586437131566836509e-02 1.769351919287366626e-02 1.759193387437031283e-02 2.053750639612319032e-02 1.762099745952005331e-02 2.083770193759162601e-02 1.935257122750357744e-02 1.757967107236155929e-02 1.754869309481412940e-02 1.672303086532361469e-02 1.853018805257328552e-02 2.169154382070547296e-02 1.806939567483628606e-02 1.816225522684730351e-02 2.136367808029169049e-02 1.646405687763157280e-02 2.105270321317632629e-02 1.933764100979970188e-02 1.763406608781184493e-02
1.783582879229076920e-02 1.525191578067120086e-02 1.630506482387232212e-02 0.000000000000000000e+00 1.605197538301301324e-02 1.751817437351171902e-02 1.515949385257849176e-02 1.571123372650934727e-02 1.334324362128216923e-02 1.998163008094957713e-02 1.881875532754206937e-02 1.511765878118126981e-02 1.403490571239873232e-02 1.556903885203028866e-02 3.143135452192272195e-02 1.591483111518383897e-02 1.947625957968572921e-02 1.729864626942017800e-02 1.811085630887645029e-02 1.532400853340824126e-02 1.715638249917716615e-02 1.741797891369800677e-02 1.637818796218942774e-02 1.667734900453428024e-02 1.472851900087960957e-02 1.415712696600507359e-02 1.737541439713330416e-02 1.631147693274020982e-02 1.428294937564189224e-02 2.023667608949057325e-02 1.675189065302139929e-02 1.404019289723659226e-02 1.503467536225846710e-02 1.934158660063643037e-02 1.514108664125112663e-02 1.462900876848341296e-02 1.931068473343148725e-02 1.913137108941053918e-02 2.429827777173248701e-02 1.441850225759218861e-02 1.632560085474200201e-02 1.718147065162167059e-02 3.397448583302459940e-02 1.776254868381729052e-02 1.978660912480737291e-02 1.446265367299102121e-02 1.578632878275857201e-02 1.796533586518762882e-02 1.638031202278684983e-02 1.475264173084552682e-02 1.720209074064841040e-02 1.600513248283265758e-02 1.867763638402530207e-02 1.515309757894156215e-02 1.474865800433200480e-02 1.550517322669441728e-02 1.474425058686407337e-02 1.614178429155979991e-02 1.684795533907255602e-02 1.338951806193568704e-02 1.327757753049573983e-02 1.454444533108601757e-02 1.574911111043217002e-02 1.667157982358905347e-02 1.544224512625373691e-02 1.553158151120836820e-02 1.597723652036143333e-02 1.516289135319941542e-02 1.822801186805184104e-02 1.658564945475146657e-02 2.009575397946845865e-02 1.400517979250841781e-02 1.648851069857214247e-02 1.615133369722093759e-02 1.760180556196409146e-02 1.515507619408064562e-02 1.901857888758963500e-02 1.563188711111842405e-02 1.775174283339599896e-02 1.718740986168658044e-02 1.529205035626477610e-02 1.640688469572756589e-02 1.917755438623978612e-02 1.337597534778978831e-02 1.664201734105572386e-02 1.550223862717648587e-02 1.494114218527565867e-02 1.663373701171979094e-02 1.570384790755611701e-02 1.566969914696592775e-02 1.777090921399260628e-02 2.030549135747865275e-02 1.525882939787603053e-02 1.589607385953023880e-02 1.841927001939684325e-02 1.588060285854428141e-02 1.936450050966884509e-02 1.618949435047717725e-02 1.874718523538754233e-02 1.591951612238871189e-02 1.424485185493298660e-02 2.149621012004874349e-02 1.659471913410301772e-02 1.791279054981713414e-02 1.598779567927998205e-02 1.501289086656192213e-02 1.512973274957725781e-02 1.772538946368096627e-02 1.656036560995827536e-02 1.297407405807568352e-02 1.530103819861860538e-02 1.517248896165969765e-02 1.866828538098669332e-02 1.524464651995592612e-02 1.899998710934763455e-02 1.732591220590854950e-02 1.518100193476972642e-02 1.514251915354282961e-02 1.408159891571629345e-02 1.631387406079933336e-02 1.992975640105379073e-02 1.577449867324018720e-02 1.588942877671753115e-02 1.958494594589184692e-02 1.374339136930123953e-02 1.922750799377605235e-02 1.727479847434565396e-02 1.522273006643563333e-02
2.069652798060987731e-02 1.758714069212272829e-02 1.843720070240836492e-02 1.605197538301301324e-02 0.000000000000000000e+00 1.958743730401378905e-02 1.747615487207374030e-02 1.862617279898356321e-02 1.592480574124110343e-02 2.052070762571277587e-02 1.939573592025353732e-02 1.743563636101161732e-02 1.651495976561222906e-02 1.770069111814080720e-02 3.298500133379426297e-02 1.717684509417912592e-02 2.151769829212885760e-02 1.934453082211380279e-02 2.033979913288747401e-02 1.763206385588551167e-02 1.793964862581517647e-02 1.865870960965427747e-02 1.853395571682991613e-02 1.889741454303185686e-02 1.620569411046945268e-02 1.666632341540150164e-02 1.971490736444314953e-02 1.757548023813213303e-02 1.722715509759422531e-02 2.160057658531422745e-02 1.875128640025934199e-02 1.651646797784890944e-02 1.715322993182922390e-02 2.092984399142017865e-02 1.726407813758935178e-02 1.682604453081526508e-02 2.090504094782455122e-02 2.071444608399231058e-02 2.559028365143767303e-02 1.664874852445514739e-02 1.825708850901447064e-02 1.899077869040712019e-02 3.502191493574174919e-02 1.950812279870266924e-02 2.133647748696118271e-02 1.669122300903714412e-02 1.780155153634817300e-02 1.968653246564339154e-02 1.829476008517301813e-02 1.693762192720123239e-02 1.898601100236238515e-02 1.798710802541388099e-02 2.032871092301031385e-02 1.727009094275737053e-02 1.698676203465322720e-02 1.755055038097909359e-02 1.690946297654084482e-02 1.810098226198816190e-02 1.870804765622693933e-02 1.583844243042389910e-02 1.573926951866458715e-02 1.675566400702420411e-02 1.777037506970008743e-02 1.855355353673350180e-02 1.754848399703554454e-02 1.756294393424544936e-02 1.797709871480265842e-02 1.734946228086754055e-02 1.995869034234609013e-02 1.792365218757031864e-02 2.160019351629479875e-02 1.636627315373881397e-02 1.836834913594672519e-02 1.814145653025154778e-02 1.938894005895562891e-02 1.729240929583851505e-02 2.066725425370767241e-02 1.765764531213546290e-02 1.952551607743507195e-02 1.902980590420712270e-02 1.740070632769503273e-02 1.835444063954809815e-02 2.075255699747421620e-02 1.585794012122862875e-02 1.855225936896844410e-02 1.758663508076607415e-02 1.711961068786080342e-02 1.853337632310113336e-02 1.782057265610473631e-02 1.771727451884175589e-02 1.947827546297521695e-02 2.185806822797663890e-02 1.737206817672280398e-02 1.790125013533299531e-02 2.012005202179547453e-02 1.786121164157118343e-02 2.094900056162650112e-02 1.814454431805673229e-02 2.038388690166133624e-02 1.792009723981154157e-02 1.654548865826115100e-02 2.292832422612170115e-02 1.848911692031212153e-02 1.950680848688177149e-02 1.798139368010162956e-02 1.715915361041510379e-02 1.726344158394594805e-02 1.947098478264316923e-02 1.845213513489150914e-02 1.552767250300167955e-02 1.740163144333562936e-02 1.729597596973187629e-02 2.031361106165183172e-02 1.734829953770265776e-02 2.061600657733012043e-02 1.912412837607280203e-02 1.728781236868156060e-02 1.725747682721312862e-02 1.640734766623052829e-02 1.825750943028332449e-02 2.147936335334003910e-02 1.779113858182653982e-02 1.788460030904995973e-02 2.115040383469046770e-02 1.614163449058994559e-02 2.083244371321381003e-02 1.908600647936328429e-02 1.734097191266343457e-02
2.037826735692194191e-02 1.897849011144250517e-02 1.982958958720008880e-02 1.751817437351171902e-02 1.958743730401378905e-02 0.000000000000000000e+00 1.876313179960167540e-02 1.980583387948696775e-02 1.745950109932861011e-02 2.144941306583420318e-02 2.185751531783803464e-02 1.773403855165336593e-02 1.775677031158579347e-02 1.827805367061189484e-02 3.404844405608591085e-02 1.946477511299148783e-02 2.272717776105860274e-02 1.954128512207310708e-02 1.995116043949036674e-02 1.776361813280785684e-02 2.060581524755917063e-02 1.956136652623240851e-02 1.859410633847738067e-02 1.903802161981475033e-02 1.873830322496817385e-02 1.809070367861801559e-02 2.092515891586833529e-02 1.996036489098911709e-02 1.872824029204643581e-02 2.400099176216199948e-02 1.872976723069339627e-02 1.805849606902397084e-02 1.847155938752256810e-02 2.177849045808431111e-02 1.845893054269621969e-02 1.814346744339429343e-02 2.175743908476179822e-02 2.169877593654484169e-02 2.634707411851459555e-02 1.798287215962194110e-02 1.932748355700520879e-02 2.010170976361329992e-02 3.557234545982355250e-02 2.050401239931060396e-02 2.218572947330949008e-02 1.793807237332069662e-02 1.893055996245984751e-02 2.067528011385490541e-02 1.946596436520722090e-02 1.815132566669692624e-02 2.130566961585245167e-02 1.910363875586325311e-02 2.133770944558183169e-02 1.845063754655289212e-02 1.822599894591986694e-02 1.868848894265438473e-02 1.811424145463854177e-02 1.920082429203877339e-02 1.974103149597280712e-02 1.717534734938756802e-02 1.715454207317343091e-02 1.799660725117207746e-02 1.890292488435950727e-02 1.959471930129777842e-02 1.869029733032130658e-02 1.879482259432610491e-02 1.917289828185691006e-02 1.851865324237396415e-02 2.098015746599853071e-02 1.909526475381245064e-02 2.249722793139242658e-02 1.770735763465842647e-02 1.951846785164706999e-02 1.929966056589954571e-02 2.046471203112267684e-02 1.854208433299368852e-02 2.164404608307060260e-02 1.886535619810159742e-02 2.056096698701602443e-02 2.012886935099709312e-02 1.864997633118666009e-02 1.951372475735691989e-02 2.170181640962944719e-02 1.724348181176682537e-02 1.969117633597963074e-02 1.881402798327722406e-02 1.837931138383071608e-02 1.957712500482037057e-02 1.888779870500395877e-02 1.893175302274896846e-02 2.052784711017755989e-02 2.276939483907451309e-02 1.861731698844812030e-02 1.906872034615684011e-02 2.114208036923571898e-02 1.905577309257355800e-02 2.189508398567187319e-02 1.930377858299665850e-02 2.137100938165392011e-02 1.910700865610136245e-02 1.786272604463415986e-02 2.375493517224231202e-02 1.962007299568151175e-02 2.040271998925783162e-02 1.916003940213576590e-02 1.841311890139707419e-02 1.851341517419178087e-02 2.050902505741690821e-02 1.957703757962626911e-02 1.694103296651580312e-02 1.863337895625275312e-02 1.853799462979349721e-02 2.128830705078857757e-02 1.863074503629552278e-02 2.156654719087599398e-02 2.025815639097231988e-02 1.853367424633509813e-02 1.850564989827391260e-02 1.773248161749506682e-02 1.940896267876683623e-02 2.239308586183360802e-02 1.898461404885918094e-02 1.906268116337882582e-02 2.207747592904390696e-02 1.749923079065967418e-02 2.179272497965926286e-02 2.016849900444576960e-02 1.858590961872146757e-02
1.961137628693920484e-02 1.565783580362496707e-02 1.699611037310640171e-02 1.515949385257849176e-02 1.747615487207374030e-02 1.876313179960167540e-02 0.000000000000000000e+00 1.738733896123228692e-02 1.503189859473530454e-02 1.975312498459699459e-02 1.950290250673939949e-02 1.664699249695783881e-02 1.564439452195135957e-02 1.604696136787736246e-02 3.073459856716906705e-02 1.695556261152149358e-02 2.067480534121135180e-02 1.836139200773284977e-02 1.929954978319434536e-02 1.670502520260739102e-02 1.814009305531166100e-02 1.868864206611741546e-02 1.646616384680148898e-02 1.764641431949938097e-02 1.639449484629815906e-02 1.577253648445182954e-02 1.870560235825846976e-02 1.734335909603779841e-02 1.609071848749248079e-02 2.218198743467819992e-02 1.829785866174633152e-02 1.574983903204350139e-02 1.628549152613382317e-02 2.025115523315329860e-02 1.633061783300162120e-02 1.587298089310253818e-02 2.022628714703602823e-02 2.001609493973349752e-02 2.504957416174788398e-02 1.568798225635601937e-02 1.741297696950981286e-02 1.821764769698664202e-02 3.459022164037880293e-02 1.874406245298811460e-02 2.067033504487381795e-02 1.572502324089564141e-02 1.691773922390743881e-02 1.893873421413637750e-02 1.747237049347464752e-02 1.598420141165176472e-02 1.819209234621209370e-02 1.711461496804276422e-02 1.961847286285356776e-02 1.634005658529163324e-02 1.598079817766565741e-02 1.667155196740121095e-02 1.600000614016399564e-02 1.724503995281412988e-02 1.789300530551134194e-02 1.478145982480984395e-02 1.468675497944742399e-02 1.580213778028305080e-02 1.688290905887200599e-02 1.773072068542974611e-02 1.658309481096550964e-02 1.666022799201691620e-02 1.712082154427839453e-02 1.633799455176741799e-02 1.923643298650955930e-02 1.704095186939316373e-02 2.094551385110846389e-02 1.530274630511445008e-02 1.753254843272199562e-02 1.727269997964426054e-02 1.864147807989362249e-02 1.635354664194596172e-02 1.998325994993736116e-02 1.674982066331302463e-02 1.876245764420699652e-02 1.825018528781956195e-02 1.649093586142556106e-02 1.752208320128519417e-02 2.006300016331542466e-02 1.478041543877521569e-02 1.773452887497371441e-02 1.668093035126972518e-02 1.616654714549658686e-02 1.765644778913064150e-02 1.685875850869328688e-02 1.682674469775303702e-02 1.872443969926066570e-02 2.123741913123581779e-02 1.646182404540552646e-02 1.703074531767671124e-02 1.941318777947610014e-02 1.698345590917429981e-02 2.027494395104964195e-02 1.728955382063034757e-02 1.963122748714773297e-02 1.700613131556668461e-02 1.550548654607794910e-02 2.232568648613289519e-02 1.766757532171095088e-02 1.919198415505880828e-02 1.707688233740110167e-02 1.623272657653887507e-02 1.629745832704881936e-02 1.873045535660490188e-02 1.763787960746221115e-02 1.440247739488655435e-02 1.644445551067977296e-02 1.632854792917425718e-02 1.962023487011047354e-02 1.644426686873926360e-02 1.992775211398985225e-02 1.837042467611449056e-02 1.634361005519786164e-02 1.633648070006151615e-02 1.539212406749805410e-02 1.737314978836422205e-02 2.078460167643255557e-02 1.687374259589415060e-02 1.702817555081030318e-02 2.048594609832840238e-02 1.506885780493072251e-02 2.011545391678580194e-02 1.827690352996893738e-02 1.636887310233208978e-02
2.064711617331217719e-02 1.766933208313520992e-02 1.875723727332691618e-02 1.571123372650934727e-02 1.862617279898356321e-02 1.980583387948696775e-02 1.738733896123228692e-02 0.000000000000000000e+00 1.613130089378746537e-02 2.051669241430074953e-02 2.080798666431686594e-02 1.768730142218778376e-02 1.609621015555330950e-02 1.803568061274406567e-02 3.128428355120613930e-02 1.821779111094818868e-02 2.006533503341819888e-02 1.942679530257886492e-02 2.022492284208081761e-02 1.681766232750636636e-02 1.926299365129416352e-02 1.969927657356901687e-02 1.833879065187937751e-02 1.757251956382253899e-02 1.749230831849214046e-02 1.693560338032162882e-02 1.848542704941198364e-02 1.841767053636461995e-02 1.729527690252085845e-02 2.291734487997951208e-02 1.936267067993620306e-02 1.690481894206611463e-02 1.723691485682227881e-02 2.102021072350699835e-02 1.736153241981636466e-02 1.692655271201096850e-02 2.099422519368488588e-02 2.079359567533117445e-02 2.567792110311645573e-02 1.675539597668209910e-02 1.835519216423499647e-02 1.908891550183112670e-02 3.509367901382656751e-02 1.959569785580113355e-02 2.142752658216014183e-02 1.679531088173703834e-02 1.789076088138129295e-02 1.977455704899448719e-02 1.839451049890296688e-02 1.704159181330079306e-02 1.904829270904355790e-02 1.807565825294503437e-02 2.041747341924303114e-02 1.735845136313472759e-02 1.702189882830102557e-02 1.765373456012163042e-02 1.698264707304909457e-02 1.819355778525456185e-02 1.879579875564212077e-02 1.594449548598529665e-02 1.584642079813075935e-02 1.685990143808893671e-02 1.786238499968954493e-02 1.864321589542745211e-02 1.756245627112330149e-02 1.766005093944552490e-02 1.807826379557666771e-02 1.735863519407859074e-02 2.005097066947040055e-02 1.804253887227875303e-02 2.168179687526590460e-02 1.642283371625683636e-02 1.845861108204470760e-02 1.821473333335937167e-02 1.949231598918540337e-02 1.737809453504562604e-02 2.076111741072391575e-02 1.773919868259007243e-02 1.960135312117520026e-02 1.912427792964772888e-02 1.749962837808964264e-02 1.844813346333549001e-02 2.083718355975747172e-02 1.595176874572351577e-02 1.864476996728000810e-02 1.767586599855007143e-02 1.720354774375607368e-02 1.855007600325020087e-02 1.780993181712368575e-02 1.780864627324773783e-02 1.957019846807009356e-02 2.196323396185610385e-02 1.747434691901721820e-02 1.798578972864364398e-02 2.022080673641678955e-02 1.795283400288984199e-02 2.103506903080886239e-02 1.823523483168532772e-02 2.049212661714346420e-02 1.797366314868120707e-02 1.661035147298633302e-02 2.301667258305953312e-02 1.857744213446915413e-02 2.001935138492582159e-02 1.803878297046275850e-02 1.726086455976209161e-02 1.731912719793248651e-02 1.956732101527071388e-02 1.856553460898781316e-02 1.560971085739207634e-02 1.745823292808967864e-02 1.735302936605238530e-02 2.041567032319904773e-02 1.738610717651605311e-02 2.071566392904836476e-02 1.914850732332252364e-02 1.742060829829772742e-02 1.735831478935218053e-02 1.650562439726056818e-02 1.831034428588992902e-02 2.153293003600360508e-02 1.783793595841446852e-02 1.799292037620369572e-02 2.124135964552351791e-02 1.621316927399466673e-02 2.088456501390117959e-02 1.914186140885337784e-02 1.739053808009152768e-02
1.856016857932940578e-02 1.520947457261889908e-02 1.619320798359042551e-02 1.334324362128216923e-02 1.592480574124110343e-02 1.745950109932861011e-02 1.503189859473530454e-02 1.613130089378746537e-02 0.000000000000000000e+00 1.982472931317977999e-02 1.864179277198483795e-02 1.481814931313673624e-02 1.332189396929006446e-02 1.546690061626339145e-02 3.145384014148101814e-02 1.588139649074052015e-02 1.868090463654869041e-02 1.728197589949241955e-02 1.818334324881132336e-02 1.510187303165282796e-02 1.635170971145800609e-02 1.741848290231606464e-02 1.621817940674910238e-02 1.653035829523188949e-02 1.463286525785808916e-02 1.401345194544766255e-02 1.742308471343190224e-02 1.617289736029027189e-02 1.476832417701323674e-02 2.090498639757116042e-02 1.679819368013790379e-02 1.398473117634422072e-02 1.496314399501794123e-02 1.928496027343088587e-02 1.506919072606942127e-02 1.455109292747405400e-02 1.925471636298533434e-02 1.906632521766314647e-02 2.424960193570213987e-02 1.433987540807559434e-02 1.625964725894895463e-02 1.711560923752837235e-02 3.393443899666161861e-02 1.770155712598443093e-02 1.973049192904818144e-02 1.438417590613978031e-02 1.571874287643270501e-02 1.790484669045414381e-02 1.631294482472648091e-02 1.467796933663593172e-02 1.713975503909311027e-02 1.593825111245433107e-02 1.861895886701943337e-02 1.508096492117697203e-02 1.468133529681705206e-02 1.543323436641407496e-02 1.466833147950556519e-02 1.607734740435572476e-02 1.678271157013325882e-02 1.330329935570367939e-02 1.319105275175343553e-02 1.446644366763688745e-02 1.567984930057551157e-02 1.660671290642885822e-02 1.535089167471226368e-02 1.543722912775769354e-02 1.593964061298819290e-02 1.511649417814255568e-02 1.821879583603441474e-02 1.587586092467138665e-02 2.001709944748739436e-02 1.395065723848090342e-02 1.639658721619176307e-02 1.611762949354970595e-02 1.758074617854721994e-02 1.509560150052386730e-02 1.900434019804491878e-02 1.554049556791444082e-02 1.771819176326742615e-02 1.716356119091004204e-02 1.524733311345497291e-02 1.637714388879924973e-02 1.909134025516280933e-02 1.330985145508801343e-02 1.660892285054698519e-02 1.546232944306349597e-02 1.488927237589805254e-02 1.651949755009349610e-02 1.571409937520645839e-02 1.561854665436283873e-02 1.767193813270045294e-02 2.030839424945241056e-02 1.521421078212501117e-02 1.584184386115825710e-02 1.840215512665017636e-02 1.579225920472233577e-02 1.930967193994830716e-02 1.611829294587224792e-02 1.873917900785724081e-02 1.585154141183211379e-02 1.416560083304251386e-02 2.144368806631452920e-02 1.652568812281390853e-02 1.783113645308945922e-02 1.591709672030190356e-02 1.493498730533129350e-02 1.505520286877820926e-02 1.765768981148156669e-02 1.649844698839087603e-02 1.288648203233894000e-02 1.522732143781270475e-02 1.509613728193724344e-02 1.860947114223958018e-02 1.517385310783455482e-02 1.894174057512707648e-02 1.726264126672015162e-02 1.515206036380459080e-02 1.507119924774367320e-02 1.399849441260579523e-02 1.624343322680696367e-02 1.987895146968632690e-02 1.569998443194201357e-02 1.581575955275227319e-02 1.952920138655578688e-02 1.366388454222800322e-02 1.917444515129657773e-02 1.720858955389510669e-02 1.515426843069676496e-02
2.370797241004029762e-02 2.090476776677207410e-02 2.207519975213892080e-02 1.998163008094957713e-02 2.052070762571277587e-02 2.144941306583420318e-02 1.975312498459699459e-02 2.051669241430074953e-02 1.982472931317977999e-02 0.000000000000000000e+00 2.181916922076369489e-02 2.113712558311265852e-02 2.011852394074252828e-02 2.118361716670901299e-02 3.286582439533058259e-02 2.026697544789148042e-02 2.468744924424748702e-02 2.261057084930758951e-02 2.320800506933641885e-02 2.001099956259135004e-02 2.103185284899597440e-02 2.289200974073582126e-02 2.031311553347810162e-02 2.072044878629538192e-02 2.101146184146034795e-02 2.050053394372340979e-02 2.307921609947841124e-02 2.168426366969445143e-02 2.080349682136047387e-02 2.604737832359329749e-02 2.119281565166536430e-02 2.052791413093443817e-02 2.040163435093635472e-02 2.350308923807090805e-02 2.053552362215051511e-02 2.017324871614879778e-02 2.348495870955884593e-02 2.327818218822139129e-02 2.764893225034058613e-02 2.002114935806621754e-02 2.132045961704022441e-02 2.189091993926513269e-02 3.659922727142220222e-02 2.233404716264037609e-02 2.385740536250098576e-02 2.005696616818980482e-02 2.094869026898514910e-02 2.247633887290511473e-02 2.133231044773579652e-02 2.026877563530130391e-02 2.199787225628293749e-02 2.110830535522075987e-02 2.300263217470784397e-02 2.052186456215465346e-02 2.025236589264160433e-02 2.072766428900830668e-02 2.019017599960126405e-02 2.119303476325953145e-02 2.168696671974281245e-02 1.938766088453455078e-02 1.930365306860053892e-02 2.010231157828807139e-02 2.093564522004635192e-02 2.153980036365648471e-02 2.076781167399939856e-02 2.077470945926736604e-02 2.110100705703131518e-02 2.051693840875142005e-02 2.270495320191777411e-02 2.102809234955902926e-02 2.407722542133271942e-02 1.979655627009263910e-02 2.141252824137749797e-02 2.122816798764916996e-02 2.223400340747985066e-02 2.056071506116386588e-02 2.328422546942433835e-02 2.085339911265316620e-02 2.234361347921840282e-02 2.194754174385339651e-02 2.064440692113504727e-02 2.140895920799590693e-02 2.336334334029702142e-02 1.941736485946194204e-02 2.156662542044016431e-02 2.078879495036736746e-02 2.041656182396293928e-02 2.155134061756240962e-02 2.097106027362051137e-02 2.090039766864563303e-02 2.230403697577652139e-02 2.430285683407986536e-02 2.061922777130949930e-02 2.103510122764489648e-02 2.284083366614152177e-02 2.100266465255596834e-02 2.353108799521725844e-02 2.124814982359445395e-02 2.301287314840515241e-02 2.102998082154105067e-02 1.995287916606291664e-02 2.523886512395612583e-02 2.151877867673208239e-02 2.266945878370482670e-02 2.109231004725369008e-02 2.046834207788765861e-02 2.051648155670417195e-02 2.231042491518236970e-02 2.149454624948728479e-02 1.913711821048339964e-02 2.061989518906744145e-02 2.054023558344363412e-02 2.300118355120443422e-02 2.055642579133257555e-02 2.325560445577953828e-02 2.196309235223651082e-02 2.055099541329152499e-02 2.053082654374235524e-02 1.986516756359821972e-02 2.130570290172079106e-02 2.394697659798691522e-02 2.091577105981947543e-02 2.104856177336879991e-02 2.370941957894458912e-02 1.962958774500014186e-02 2.339274643016728619e-02 2.197040158897315201e-02 2.056913249431707377e-02
2.247885646866230186e-02 1.862912874762677126e-02 1.998621357442087465e-02 1.881875532754206937e-02 1.939573592025353732e-02 2.185751531783803464e-02 1.950290250673939949e-02 2.080798666431686594e-02 1.864179277198483795e-02 2.181916922076369489e-02 0.000000000000000000e+00 2.003547788789403900e-02 1.916498967048399851e-02 1.902132467607249230e-02 3.232981284897793600e-02 1.907837219938146242e-02 2.373404734900365701e-02 2.021886976563552415e-02 2.244304912050497022e-02 2.014445020255255236e-02 1.987955954582977178e-02 2.164282347264580644e-02 2.073278208554669988e-02 2.104131283633639549e-02 1.974990748094766768e-02 1.841303056178201364e-02 2.192238026263237938e-02 2.064584495899537964e-02 1.956595142017440378e-02 2.471343839797042127e-02 2.026490749179083242e-02 1.921093585236823345e-02 1.940604957978090198e-02 2.264814661381816044e-02 1.946350797712054562e-02 1.908620570241865641e-02 2.263008539892827353e-02 2.241059084511371272e-02 2.695797352185484372e-02 1.892728640139482166e-02 2.030742943248260712e-02 2.093517435073364782e-02 3.607657969338943366e-02 2.138669609373359398e-02 2.300965723368398122e-02 1.896910609629614761e-02 1.991193052660505600e-02 2.154483242108256452e-02 2.033417310621361482e-02 1.918417322965791302e-02 2.088910599018104983e-02 2.008062866403648866e-02 2.210513892296734478e-02 1.946038530443158429e-02 1.916146290115338865e-02 1.969839372395560534e-02 1.918925050205513155e-02 2.017505718746989349e-02 2.070210601106445281e-02 1.825248095475070359e-02 1.816547847045901082e-02 1.902407822980653820e-02 1.989741431215881831e-02 2.054908167747367120e-02 1.972073536929155185e-02 1.971783068480568307e-02 2.006848037143052835e-02 1.945664245573502926e-02 2.178566650601169649e-02 1.999808617228602745e-02 2.324676802714161980e-02 1.867625477343707804e-02 2.040325655355905432e-02 2.020577049760770641e-02 2.128298981130683984e-02 1.948903458934457197e-02 2.240411058016343604e-02 1.980277864358732584e-02 2.140207605294500506e-02 2.097491886926037413e-02 1.957992156435310258e-02 2.039651106908147923e-02 2.249032493027528987e-02 1.827347326960908694e-02 2.056566177713000515e-02 1.973325976274178245e-02 1.933772915778530360e-02 2.056262246767239996e-02 1.994337686577557153e-02 1.985235987812512815e-02 2.136087916095393002e-02 2.348496246770992099e-02 1.955356396174091210e-02 2.000541930119718523e-02 2.192804803825558826e-02 1.996470358881734589e-02 2.267084616334957142e-02 2.021911628226840188e-02 2.209242301766138616e-02 1.998908061597540892e-02 1.883744918845012273e-02 2.446543859204819774e-02 2.051764256050472510e-02 2.174569715983731832e-02 2.005275307006132782e-02 1.939232587980829065e-02 1.944528988049926480e-02 2.136919447545947148e-02 2.048318956052726583e-02 1.797758521624159833e-02 1.954985137610437684e-02 1.946413427793613343e-02 2.210706941117003554e-02 1.956361366749050437e-02 2.236679512487014729e-02 2.109536197434756094e-02 1.946319944646189570e-02 1.945945198879366067e-02 1.874482979954545867e-02 2.028166179570248598e-02 2.310381139381731397e-02 1.988074473663115072e-02 2.000743781518383654e-02 2.285169019761559492e-02 1.849914524937358931e-02 2.252771205456422302e-02 2.100407917441340228e-02 1.949966438042258915e-02
1.981608712315601623e-02 1.686039787352272903e-02 1.761655753888712039e-02 1.511765878118126981e-02 1.743563636101161732e-02 1.773403855165336593e-02 1.664699249695783881e-02 1.768730142218778376e-02 1.481814931313673624e-02 2.113712558311265852e-02 2.003547788789403900e-02 0.000000000000000000e+00 1.483036727882802372e-02 1.624259432663429856e-02 3.266355858728258593e-02 1.739475360527763942e-02 1.981744580325975336e-02 1.865362887033723827e-02 1.854109489952921255e-02 1.654613321971205517e-02 1.760931580945036476e-02 1.875221140986966378e-02 1.761088500205005430e-02 1.792513648090319350e-02 1.624456572497916945e-02 1.565609337780940122e-02 1.879031010585665434e-02 1.774678482251758685e-02 1.645095338690439127e-02 2.203519361545034153e-02 1.804528385044260053e-02 1.497836944250276539e-02 1.642983737577306119e-02 2.034536636319605671e-02 1.648618769963872133e-02 1.603098714122624946e-02 2.031134482077469675e-02 2.019033192991792625e-02 2.512107020410164412e-02 1.584384352970464108e-02 1.753989403913826239e-02 1.832849349866817745e-02 3.463931529482447425e-02 1.886749567644911002e-02 2.076414134951464277e-02 1.588499181832874613e-02 1.705494314393599803e-02 1.905870347637454373e-02 1.759355594704490808e-02 1.613911032690272182e-02 1.844234325057673984e-02 1.725624141737804040e-02 1.972386607196510017e-02 1.649627656009692092e-02 1.613688910034014046e-02 1.679566296502183267e-02 1.611425514840158363e-02 1.737682842098679792e-02 1.801551591476016970e-02 1.496592500929530729e-02 1.486680354206606873e-02 1.595713173647491517e-02 1.702386392618552777e-02 1.785707355488274500e-02 1.672910749555973214e-02 1.682284049410492921e-02 1.726782827438494081e-02 1.653075426066611189e-02 1.935095240242298148e-02 1.719915860664630869e-02 2.103960344446991274e-02 1.553762233032274578e-02 1.767771021551683627e-02 1.742704038740961608e-02 1.875954789370630482e-02 1.652319516195991170e-02 2.008561563282953988e-02 1.691360713336521535e-02 1.888338122904710537e-02 1.837564552291605369e-02 1.665280464110049236e-02 1.766164199808339594e-02 2.016435093145898735e-02 1.498886530681385783e-02 1.787030103958486479e-02 1.684569942589097050e-02 1.633864664562004881e-02 1.776940510119399963e-02 1.705749869244066463e-02 1.698311831865936469e-02 1.883999770863365245e-02 2.132112509735815953e-02 1.662341260635669116e-02 1.717109561930351552e-02 1.952247772164884820e-02 1.713405365777727341e-02 2.037256038569145583e-02 1.742020626346116666e-02 1.984872101100010333e-02 1.719151082559828084e-02 1.571777620581926715e-02 2.239991910032259129e-02 1.779074704939754073e-02 1.883957959166620427e-02 1.724862684961978379e-02 1.637385309744394252e-02 1.649087574393359734e-02 1.881979894631921960e-02 1.775773008256089844e-02 1.463130051136599802e-02 1.663468905161033518e-02 1.652074225349298847e-02 1.970721932118564210e-02 1.663407688657985231e-02 2.001502532114628891e-02 1.852177052302277083e-02 1.657380233485138826e-02 1.649039526488533733e-02 1.556586931993391223e-02 1.753993687359158005e-02 2.091694689932455803e-02 1.705925230701183654e-02 1.714345756009133873e-02 2.057423608994341652e-02 1.529235957571300174e-02 2.025679662724052046e-02 1.842045818743418689e-02 1.658082663472265628e-02
