0.000000000000000000e+00 8.221642320263181786e-03 8.221159869291495143e-03 8.222954295496742727e-03 8.230454789397944476e-03 8.222329725935619352e-03 8.223007841755718139e-03 8.223624174510285254e-03 8.223824735261455257e-03 8.230524163619416106e-03 8.230579034663960958e-03 8.230548351023036016e-03 8.230542237672356168e-03 8.230531706996592478e-03 8.230509307612507083e-03 8.222638954442198014e-03 8.230575996432083069e-03 8.230474578817134623e-03 8.230565937202513963e-03 8.230509932722129135e-03 8.230527461894041746e-03 8.230514827654196452e-03 8.230514380967862698e-03 8.230542160046584038e-03 8.230472639072269891e-03 8.230515920943076019e-03 8.230519707706404273e-03 8.224850883484048636e-03 8.230512107407635461e-03 8.230512757268361457e-03 8.230461779230379554e-03 8.222797691470742215e-03 8.223697669969762258e-03 8.230514592207621022e-03 8.230508064047493966e-03 8.230484340111015457e-03 8.225574999379248881e-03 8.224563055246957022e-03 8.230521490453853936e-03 8.230518689412845423e-03 8.230489658655288851e-03 8.230458656706322526e-03 8.230500189634615271e-03 8.224598665474326317e-03 8.230486112839418764e-03 8.230487301862494942e-03 8.230523537238755225e-03 8.230524012825512700e-03 8.223303547584668097e-03 8.224149581964644920e-03 8.230527862838336872e-03 8.225205236132283187e-03 8.230525213604679771e-03 8.230516617999174625e-03 8.230522007761037137e-03 8.230496812344282459e-03 8.230528886043529321e-03 8.230494844921982731e-03 8.230534338277434997e-03 8.230554721380574368e-03 8.230548084147944546e-03 8.230555083054823945e-03 8.230543763287464371e-03 8.230535396737959086e-03 8.230547953575582595e-03 8.230524371450413310e-03 8.230536482976464480e-03 8.230561316697072166e-03 8.230542613538926675e-03 8.230517347939860645e-03 8.230521028747838502e-03 8.230525826779145834e-03 8.230525095499216862e-03 8.230563679047777845e-03 8.230550148930367710e-03 8.230514148519258930e-03 8.230534240949851504e-03 8.230510337763903561e-03 8.230517786173523545e-03 8.230515688558788859e-03 8.230547074439389932e-03 8.230537294903229883e-03 8.230525608726274936e-03 8.230536071156346542e-03 8.230524570819295824e-03 8.230523619641178651e-03 8.230500943456592333e-03 8.230507870859764263e-03 8.230510955828905517e-03 8.230564289194415920e-03 8.230533471077734059e-03 8.230551380276463977e-03 8.230560588287930135e-03 8.230531651830555809e-03 8.230525526625247570e-03 8.230510623186687927e-03 8.230511455163288387e-03 8.230520734439136094e-03 8.230488240076340098e-03 8.230521607672179260e-03
8.221642320263181786e-03 0.000000000000000000e+00 8.220462676050106082e-03 8.220188004615424163e-03 8.220846096667030686e-03 8.223093941913298122e-03 8.230448267937428772e-03 8.222763963054923256e-03 8.223847041073229294e-03 8.230519458455171772e-03 8.230571826046398712e-03 8.230539501552757917e-03 8.230542590029444119e-03 8.230532125909848992e-03 8.230530138152631486e-03 8.222209291013053353e-03 8.230583090413285882e-03 8.230485041127028056e-03 8.230564208806663909e-03 8.230535951188534816e-03 8.230531964660826177e-03 8.230519375004097596e-03 8.230521274627427761e-03 8.230533322466227278e-03 8.224198106820197057e-03 8.230508126629286145e-03 8.230530355243272089e-03 8.230492171018710321e-03 8.230552579298135857e-03 8.230535938835459656e-03 8.224072344372442694e-03 8.223064451174370848e-03 8.223296416157233404e-03 8.230513029098430328e-03 8.230507823109953214e-03 8.230503048721093257e-03 8.230507829265759981e-03 8.223044658982277266e-03 8.230525578617352636e-03 8.230534332227874839e-03 8.230494343894305051e-03 8.223688327723639724e-03 8.230494803332755877e-03 8.230506157756962288e-03 8.230487600887556598e-03 8.230505926289174642e-03 8.230530157284664250e-03 8.230536511247161027e-03 8.226697171116839277e-03 8.230506574685029011e-03 8.230543233326070157e-03 8.230551412119931076e-03 8.230539276353391817e-03 8.230514554696732529e-03 8.230527500297620674e-03 8.230504862716260875e-03 8.230548710558380221e-03 8.230508109558651308e-03 8.230545507599343336e-03 8.230564577686543676e-03 8.230558904339399171e-03 8.230562324557169629e-03 8.230551048300024583e-03 8.230542680225610627e-03 8.230555194376244776e-03 8.230542303779217472e-03 8.230545962572412971e-03 8.230568562842089514e-03 8.230549862653898166e-03 8.230531173433468239e-03 8.230538980924352946e-03 8.230536732535513253e-03 8.230536112539975704e-03 8.230570933673762857e-03 8.230559935108320777e-03 8.230525551573070892e-03 8.230547651306379872e-03 8.230525244774024654e-03 8.230521530650118656e-03 8.230523810343517987e-03 8.230554318031199634e-03 8.230545426040061438e-03 8.230532724596841335e-03 8.230543313679575257e-03 8.230536400496391361e-03 8.230535435469971475e-03 8.230522339240242333e-03 8.230520090211105796e-03 8.230524050461656901e-03 8.230571547896345375e-03 8.230545478387555833e-03 8.230558644186279638e-03 8.230567850202727062e-03 8.230538235146295581e-03 8.230535772811159445e-03 8.230520651648171038e-03 8.230523817041259307e-03 8.230532854671623877e-03 8.229352217793252725e-03 8.230539064220528458e-03
8.221159869291495143e-03 8.220462676050106082e-03 0.000000000000000000e+00 8.222483802058512536e-03 8.221058748126116450e-03 8.221437883896306684e-03 8.223840531596906742e-03 8.223546692070387090e-03 8.222819727846357105e-03 8.230515948715124569e-03 8.230570893855619283e-03 8.230538962191794039e-03 8.230540380616935270e-03 8.230525596461974250e-03 8.230523970502159545e-03 8.223125112047043050e-03 8.230570471721824349e-03 8.225381459506627552e-03 8.230552545862574246e-03 8.230525816524178820e-03 8.230524705840840116e-03 8.230525190752499554e-03 8.230514487766295642e-03 8.230541610380882195e-03 8.225228230414353622e-03 8.230515752779575533e-03 8.230527994640982059e-03 8.230487316453795332e-03 8.230549194326705967e-03 8.230528254503141627e-03 8.224875826433603390e-03 8.223233170886100341e-03 8.224138556484511878e-03 8.230511067746625400e-03 8.230510044920296558e-03 8.230489325462301761e-03 8.230499907802472578e-03 8.230449284177411562e-03 8.230530352897409002e-03 8.230535065888340551e-03 8.230490045402209798e-03 8.224760416051659501e-03 8.230502340611425133e-03 8.230500383421058760e-03 8.230486433189408355e-03 8.230502705018545931e-03 8.230522840555655126e-03 8.230523628156471289e-03 8.224127039461759728e-03 8.230503122098848517e-03 8.230541204167664618e-03 8.230546993296542282e-03 8.230534833431281741e-03 8.230513585588317485e-03 8.230518803215260831e-03 8.230498690906428577e-03 8.230538657700004618e-03 8.230501688226914137e-03 8.230538268334657362e-03 8.230561234897444331e-03 8.230555553915585784e-03 8.230558979315950180e-03 8.230547690081795043e-03 8.230539333712004468e-03 8.230551822199654727e-03 8.230538934240354265e-03 8.230540916786233466e-03 8.230565204081321737e-03 8.230546519048646120e-03 8.230524784222871884e-03 8.230530808091475470e-03 8.230533390208573732e-03 8.230532751274891728e-03 8.230567588288172781e-03 8.230556587189068185e-03 8.230523033060767671e-03 8.230544285572839042e-03 8.230522558011165585e-03 8.230521088569886859e-03 8.230522720939447562e-03 8.230550967906362370e-03 8.230542942147972899e-03 8.230530232443831334e-03 8.230539994128515877e-03 8.230533067105735845e-03 8.230532083698600607e-03 8.230516039272576731e-03 8.230518982713043788e-03 8.230519574340285777e-03 8.230568203304401698e-03 8.230542135130507891e-03 8.230555294235315442e-03 8.230564501353900345e-03 8.230535667267578626e-03 8.230532445519715343e-03 8.230520152099931458e-03 8.230521935790591909e-03 8.230529518938118488e-03 8.230493403525470167e-03 8.230537205201490791e-03
8.222954295496742727e-03 8.220188004615424163e-03 8.222483802058512536e-03 0.000000000000000000e+00 8.220652605617682906e-03 8.222838035949755001e-03 8.221153586337124827e-03 8.221942097906801902e-03 8.223891502388129895e-03 8.230517754928475330e-03 8.230573995362285358e-03 8.230548626630999551e-03 8.230545719584652850e-03 8.230540721820256075e-03 8.230533428731725415e-03 8.222087182718367665e-03 8.230587120069590701e-03 8.230484222215984913e-03 8.230567060919258618e-03 8.230539941381044555e-03 8.230539418773859597e-03 8.230530339557711600e-03 8.230525174797677021e-03 8.230541878991073576e-03 8.223464010648551259e-03 8.230516021029784038e-03 8.230533572525351727e-03 8.230505818806625740e-03 8.230548954150682800e-03 8.230539977551356093e-03 8.230479363360397940e-03 8.223382926219423641e-03 8.230472213993677774e-03 8.230516120900137345e-03 8.230512111129234878e-03 8.230510903083954749e-03 8.230522969495368199e-03 8.222540511673393296e-03 8.230537997666780362e-03 8.230532355154952795e-03 8.230497511166388544e-03 8.230473621118708852e-03 8.230512910658292422e-03 8.230524380068125756e-03 8.224731453306459092e-03 8.230512151294513967e-03 8.230527916740093194e-03 8.230527675519969458e-03 8.230477748181964232e-03 8.230531320375046936e-03 8.230538709817691520e-03 8.230541312238067939e-03 8.230543437183041391e-03 8.222031467136308239e-03 8.230520534566812541e-03 8.230502433252484887e-03 8.230542903579588301e-03 8.230505656051181201e-03 8.230549462482666945e-03 8.230568569789337846e-03 8.230562901463968004e-03 8.230566322563659734e-03 8.230555055265988476e-03 8.230546675782648633e-03 8.230559195710709930e-03 8.230546329794261387e-03 8.230552408268041256e-03 8.230572560471879212e-03 8.230553867089792155e-03 8.230538143204258264e-03 8.230543003112530953e-03 8.230540708810709510e-03 8.230540097633447932e-03 8.230574897165783554e-03 8.230563913443773513e-03 8.230525466585371722e-03 8.230551675403808415e-03 8.230528752113384569e-03 8.230532691962061040e-03 8.230522395562373320e-03 8.230558294539917427e-03 8.230550266042966842e-03 8.230528148423833096e-03 8.230541483272249548e-03 8.230534714838661642e-03 8.230539401755981171e-03 8.230529851728042579e-03 8.230524860784517796e-03 8.230531885769882053e-03 8.230575525629252320e-03 8.230540920983709166e-03 8.230550022918163566e-03 8.230571780637813833e-03 8.230538454258778946e-03 8.230535314945506067e-03 8.230531439016083167e-03 8.230527481537684362e-03 8.230536836093186107e-03 8.230510264073159082e-03 8.230544591624982739e-03
8.230454789397944476e-03 8.220846096667030686e-03 8.221058748126116450e-03 8.220652605617682906e-03 0.000000000000000000e+00 8.222160877618867394e-03 8.230484304755513944e-03 8.222828432400644538e-03 8.222643192984581406e-03 8.230527724623886571e-03 8.230571097178441403e-03 8.230545510327633152e-03 8.230541594586559748e-03 8.230536558657046073e-03 8.230529025404095811e-03 8.230474189187321835e-03 8.230581871101478111e-03 8.230494179690028139e-03 8.230563267058160076e-03 8.230533801133803340e-03 8.230535170099327613e-03 8.230535431364607857e-03 8.230527900065844407e-03 8.230539494210318760e-03 8.224327431036989114e-03 8.230523043612533729e-03 8.230535188435358224e-03 8.230501628000028158e-03 8.230551264647840981e-03 8.230534675514138837e-03 8.224276097780850239e-03 8.223927345773549349e-03 8.230501697757880430e-03 8.230518827485362385e-03 8.230524177160998892e-03 8.230478986710561620e-03 8.230499399095597343e-03 8.223554643718246349e-03 8.230550579328137217e-03 8.230560102669187000e-03 8.230517937415743682e-03 8.230470726520873123e-03 8.230510137699651937e-03 8.230518268151765585e-03 8.230502244023682121e-03 8.230509377189575149e-03 8.230538498084147628e-03 8.230535316351919248e-03 8.224768277059608251e-03 8.230517099422032801e-03 8.230502144090632438e-03 8.230496878438360586e-03 8.230530438481627534e-03 8.222281105048089705e-03 8.221679201080710209e-03 8.223908865106408644e-03 8.230515228106903905e-03 8.223289387563352884e-03 8.230536054413978633e-03 8.230563189689789685e-03 8.230557547037397476e-03 8.230560973718681686e-03 8.230549710138687636e-03 8.230541348745366859e-03 8.230553851444369698e-03 8.230540936827075715e-03 8.230543191387908880e-03 8.230567209554418354e-03 8.230544547949318959e-03 8.230519291777822766e-03 8.230538666131860526e-03 8.230535402352112326e-03 8.230534779179834656e-03 8.230569524438687001e-03 8.230558522156995391e-03 8.230507995095037374e-03 8.230546223249734714e-03 8.230524025844281055e-03 8.230517674733886513e-03 8.230489796357485718e-03 8.230552938667687335e-03 8.230541240701215108e-03 8.230523864831180633e-03 8.230541961724841329e-03 8.230535015112887265e-03 8.230534097704295463e-03 8.230509346748536570e-03 8.230510350168274494e-03 8.230499151611940511e-03 8.230570143728806187e-03 8.230535986957554506e-03 8.230524664261575779e-03 8.230566314954000304e-03 8.230527954472134644e-03 8.230534422612380274e-03 8.230515847117111580e-03 8.230518868455039688e-03 8.230531547836641634e-03 8.225652443392260371e-03 8.230518585374081708e-03
8.222329725935619352e-03 8.223093941913298122e-03 8.221437883896306684e-03 8.222838035949755001e-03 8.222160877618867394e-03 0.000000000000000000e+00 8.230493739393789435e-03 8.230439273160413544e-03 8.222979854263658128e-03 8.230541073202542190e-03 8.230575848809120604e-03 8.230542410555699226e-03 8.230539013059826048e-03 8.230533575898290807e-03 8.230517616836418443e-03 8.225103919169578226e-03 8.230572767179445207e-03 8.230487734201206648e-03 8.230562768603328846e-03 8.230512576398764379e-03 8.230532040167135716e-03 8.230527519661868727e-03 8.230514642881639822e-03 8.230542427177262726e-03 8.230472159363112078e-03 8.230514697460951379e-03 8.230513775663248974e-03 8.225743226701213995e-03 8.230522613401170667e-03 8.230520196739518624e-03 8.225521327388173390e-03 8.224321971374536078e-03 8.230494477379966811e-03 8.230521684517287662e-03 8.230520599293201719e-03 8.223522649872267581e-03 8.230477165315702032e-03 8.230485467477328607e-03 8.230549141228695603e-03 8.230554184664652662e-03 8.230521007395746533e-03 8.225980354734678188e-03 8.230502883469744194e-03 8.225513085885302611e-03 8.230490364252352267e-03 8.230494178667434671e-03 8.230523402000007940e-03 8.230526045769390175e-03 8.223346845521145587e-03 8.230477640885336052e-03 8.230488906798122048e-03 8.223904644854345899e-03 8.230514332289292842e-03 8.223389214272876571e-03 8.222298553265661863e-03 8.224066539062924869e-03 8.230501034231842497e-03 8.224037315007093341e-03 8.230527883517418583e-03 8.230551824375284195e-03 8.230545401845047390e-03 8.230551744492040078e-03 8.230540454878663981e-03 8.230532106274019571e-03 8.230544650890431191e-03 8.230527338614956889e-03 8.230533184809672720e-03 8.230557981101796483e-03 8.230535857118049040e-03 8.230504297047101792e-03 8.230524062395480622e-03 8.230523180697033730e-03 8.230522483304490711e-03 8.230560284973049978e-03 8.230549302787900853e-03 8.230495618154795578e-03 8.230536893017450020e-03 8.230511555196275489e-03 8.230498646312008407e-03 8.230484979211197955e-03 8.230543714690379681e-03 8.230531877645479860e-03 8.230512226394658820e-03 8.230532692665944172e-03 8.230522025234710687e-03 8.230521127808176560e-03 8.230493622187966263e-03 8.230497140074824816e-03 8.230491278544232320e-03 8.230560895441729058e-03 8.230522593223323427e-03 8.230519968241102255e-03 8.230557093111417338e-03 8.230517275156567364e-03 8.230522701114415321e-03 8.230495801725239147e-03 8.230499847803499774e-03 8.230518316622940575e-03 8.225296904223820815e-03 8.230504504844977920e-03
8.223007841755718139e-03 8.230448267937428772e-03 8.223840531596906742e-03 8.221153586337124827e-03 8.230484304755513944e-03 8.230493739393789435e-03 0.000000000000000000e+00 8.222533890568655898e-03 8.224493874298148891e-03 8.223540797448013542e-03 8.230537800847571861e-03 8.230521672341582773e-03 8.230530305786066397e-03 8.230515144559219509e-03 8.230518935908768055e-03 8.222063111218352177e-03 8.230567994135119109e-03 8.223956567183641347e-03 8.230534697613556619e-03 8.230521778507745440e-03 8.230515631588136705e-03 8.230483146528801489e-03 8.230501140748754108e-03 8.230491648089895487e-03 8.224403663331854644e-03 8.230494009049389367e-03 8.230527774839919292e-03 8.230510411729475076e-03 8.230549727292897980e-03 8.230523452375303889e-03 8.230509694471222285e-03 8.223868448411698895e-03 8.223277306103978293e-03 8.230491173685862069e-03 8.230470476545541023e-03 8.230508250195387940e-03 8.230508449639203569e-03 8.222930514432409688e-03 8.221987473790557180e-03 8.220456563005962280e-03 8.222478648106646554e-03 8.230466208374743325e-03 8.230480274734200755e-03 8.230531899928467815e-03 8.230490133467511377e-03 8.230507282040588554e-03 8.230505869020666998e-03 8.225846798911055566e-03 8.230493302241329370e-03 8.230523994845971233e-03 8.230541811203188896e-03 8.230560825540567810e-03 8.230537325493249984e-03 8.230535720687043658e-03 8.230558961924962225e-03 8.230525702587483672e-03 8.230542905288299599e-03 8.230529911796744327e-03 8.230537669162495823e-03 8.230561662961771371e-03 8.230555958944242231e-03 8.230559348554275859e-03 8.230548057132847789e-03 8.230539644614905115e-03 8.230545144630145235e-03 8.230539322129122246e-03 8.230545585650467927e-03 8.230565587381831125e-03 8.230546892208076559e-03 8.230531946437316670e-03 8.230522522824645221e-03 8.230529749145856777e-03 8.230529086535636613e-03 8.230568026186888334e-03 8.230556999738264379e-03 8.230525370706055083e-03 8.230544696181101710e-03 8.230518760802005632e-03 8.230532436845589689e-03 8.230525956137138902e-03 8.230551356715154823e-03 8.230543387896145646e-03 8.230536418924263437e-03 8.230540338345117279e-03 8.230528833373140438e-03 8.230527960901713735e-03 8.230517077211728025e-03 8.230519256097353770e-03 8.230526618301028594e-03 8.230568651801620228e-03 8.230542607031352681e-03 8.230555874798439059e-03 8.230564945267113824e-03 8.230541405828135926e-03 8.230529162276633420e-03 8.230531038059327523e-03 8.230521524397059821e-03 8.230525207208360533e-03 8.230517052054417762e-03 8.230537775089717678e-03
8.223624174510285254e-03 8.222763963054923256e-03 8.223546692070387090e-03 8.221942097906801902e-03 8.222828432400644538e-03 8.230439273160413544e-03 8.222533890568655898e-03 0.000000000000000000e+00 8.224260723553328961e-03 8.223918797358276828e-03 8.230543100231801912e-03 8.230518747614221434e-03 8.230515042900187622e-03 8.230503178679083806e-03 8.230508978267212991e-03 8.224188756284285529e-03 8.230546791061338005e-03 8.224897024390592087e-03 8.230521439951361123e-03 8.230500368595296615e-03 8.230500984707908932e-03 8.230498871372043251e-03 8.230497923444353783e-03 8.230502205058394527e-03 8.225495682307749565e-03 8.230491881106105981e-03 8.230505558087259504e-03 8.230484321915860005e-03 8.230518061829174628e-03 8.230512618247688011e-03 8.230470348033210037e-03 8.225289397067023570e-03 8.224961613231081617e-03 8.226001948622217383e-03 8.230479609080125492e-03 8.224730929954441119e-03 8.230482169019750355e-03 8.224485659950620323e-03 8.230492920640319898e-03 8.230495523143935288e-03 8.225237919937596412e-03 8.226094623147444870e-03 8.230477530835129257e-03 8.230502477843045298e-03 8.226261860550422925e-03 8.230492895934388153e-03 8.230495664186748134e-03 8.230503828717041295e-03 8.225203415652453803e-03 8.230488858258168741e-03 8.230502870049307557e-03 8.230513813195870082e-03 8.230511897256568773e-03 8.223841720780781378e-03 8.230493944572352810e-03 8.225166622866899452e-03 8.230510652439532865e-03 8.230472829178899982e-03 8.230522496116266656e-03 8.230545529176397715e-03 8.230539870608075473e-03 8.230543261701063484e-03 8.230531988856747486e-03 8.230523582509923983e-03 8.230530168392015400e-03 8.230519010999916632e-03 8.230521820837270741e-03 8.230549475447750812e-03 8.230530765964628320e-03 8.230499073599841994e-03 8.230502932932174873e-03 8.230517664148416512e-03 8.230517023026679216e-03 8.230551830835678914e-03 8.230540861289454418e-03 8.230497638746097494e-03 8.230521904130089564e-03 8.230503324219607883e-03 8.230493776031208228e-03 8.226126733603497665e-03 8.230531417344633810e-03 8.230519977977270724e-03 8.230510233890873592e-03 8.230516220542643396e-03 8.230509830348866490e-03 8.230516340533292757e-03 8.230480287573711459e-03 8.230492739370640076e-03 8.225250529079316739e-03 8.230552437948684616e-03 8.230516107012997643e-03 8.230524783807396938e-03 8.230543180314492391e-03 8.230513816276409378e-03 8.230513805910479042e-03 8.230492364511189304e-03 8.230497769487702536e-03 8.230513771186774227e-03 8.225764579316676220e-03 8.230495997607315331e-03
8.223824735261455257e-03 8.223847041073229294e-03 8.222819727846357105e-03 8.223891502388129895e-03 8.222643192984581406e-03 8.222979854263658128e-03 8.224493874298148891e-03 8.224260723553328961e-03 0.000000000000000000e+00 8.230504212243505355e-03 8.230556402032507962e-03 8.230527468755115955e-03 8.230519565797430118e-03 8.230510736178418482e-03 8.230498638232788822e-03 8.230462803986437342e-03 8.230545991926418309e-03 8.225327143042764425e-03 8.230529490780718466e-03 8.226735955790326002e-03 8.230499931862360341e-03 8.230518890106590033e-03 8.230503522513161335e-03 8.230522834611717076e-03 8.225857312102511851e-03 8.230511503757866401e-03 8.230505401403152843e-03 8.230472096541707749e-03 8.230505629148940350e-03 8.230509305508455775e-03 8.230471685883476371e-03 8.225182182785143944e-03 8.230477892290919903e-03 8.225803318362317693e-03 8.230509354413025405e-03 8.223698522906075850e-03 8.226973026494473554e-03 8.230471960754340288e-03 8.230534080842870012e-03 8.230543541070015068e-03 8.230490448501121686e-03 8.226573049007120456e-03 8.230500181420678796e-03 8.230496107386291171e-03 8.230486873607867002e-03 8.230493028804398287e-03 8.230510283352161088e-03 8.230505389775792310e-03 8.224211986808864158e-03 8.230477317678269039e-03 8.230487244655325385e-03 8.230489350061707607e-03 8.225761121081981084e-03 8.230481632610898990e-03 8.222797692280757464e-03 8.224674285685223268e-03 8.230493084559545314e-03 8.224139109705382034e-03 8.230500831595419231e-03 8.230544329916036558e-03 8.230538668039570627e-03 8.230542083537670250e-03 8.230520403714530406e-03 8.230522396962836398e-03 8.230528775691242985e-03 8.230506160189575426e-03 8.230513111408098090e-03 8.230548296981818335e-03 8.230520045839828311e-03 8.225298169034417350e-03 8.230486351863949834e-03 8.230516523228162407e-03 8.230507775778887064e-03 8.230545030887071248e-03 8.230538005668147292e-03 8.230492235134995518e-03 8.230502142445137934e-03 8.230493956308338258e-03 8.230493164856475877e-03 8.230479134047414408e-03 8.230530006590804082e-03 8.230510251945089700e-03 8.230514713592334067e-03 8.230518465640910414e-03 8.230516180309446414e-03 8.230507059015198731e-03 8.226376209659748417e-03 8.230487494198766851e-03 8.224938012665933620e-03 8.230537612240105411e-03 8.230517413348932901e-03 8.230515768524902451e-03 8.230547479766609636e-03 8.230519685674220903e-03 8.230515583745327129e-03 8.230493877315468720e-03 8.230496617607106422e-03 8.230504812532634523e-03 8.224989010254941252e-03 8.230478193718259589e-03
8.230524163619416106e-03 8.230519458455171772e-03 8.230515948715124569e-03 8.230517754928475330e-03 8.230527724623886571e-03 8.230541073202542190e-03 8.223540797448013542e-03 8.223918797358276828e-03 8.230504212243505355e-03 0.000000000000000000e+00 8.218890874724828557e-03 8.221989628461752117e-03 8.230486066333716696e-03 8.230482076151148657e-03 8.230501235891503689e-03 8.230481928667409894e-03 8.230514863203929748e-03 8.224170607874082065e-03 8.230502494384901724e-03 8.230517473421836150e-03 8.224585953619094683e-03 8.230476168598553979e-03 8.230486191491567793e-03 8.222425979897161896e-03 8.224150275825174716e-03 8.223537513880996297e-03 8.230505191866920728e-03 8.230502958091375984e-03 8.230534641792375608e-03 8.230512482213256029e-03 8.230502334370608242e-03 8.230472400186851500e-03 8.230456553179350127e-03 8.230482682786990911e-03 8.224607282642612538e-03 8.230512311849885049e-03 8.230508216381960188e-03 8.223265343905555511e-03 8.220868689747556912e-03 8.221194696204119773e-03 8.223789883172235443e-03 8.224199861475187806e-03 8.224190382178862488e-03 8.230523455620062517e-03 8.230490772713148703e-03 8.230502944398376125e-03 8.230513751427253819e-03 8.230500525261684810e-03 8.230518263103723739e-03 8.230526383032649163e-03 8.230536113245423557e-03 8.230565449979142939e-03 8.230540062532248208e-03 8.230547777384179114e-03 8.230566268941818392e-03 8.230527958555567888e-03 8.230540753482422020e-03 8.230542722939840350e-03 8.230532062037252544e-03 8.230549471141717852e-03 8.230553211825612434e-03 8.230548150744546043e-03 8.230538078687302250e-03 8.230519180463245418e-03 8.224745623175626005e-03 8.230519535080353666e-03 8.230542974167582085e-03 8.230545497510857733e-03 8.230524147869872076e-03 8.230529245895184740e-03 8.230505558249733705e-03 8.230531007067404953e-03 8.230530358317261069e-03 8.230565394126549555e-03 8.230540537660068975e-03 8.230518673669315680e-03 8.230529855980689424e-03 8.230502796371696669e-03 8.230511925798404335e-03 8.230528750843195754e-03 8.230548658208663645e-03 8.230540755982250489e-03 8.230527831688337626e-03 8.230525918485746481e-03 8.230519348087389150e-03 8.230524574608814870e-03 8.226742480888506528e-03 8.230506037250779131e-03 8.230527522273455021e-03 8.230566017214478031e-03 8.230540000511561011e-03 8.230553298869493217e-03 8.230562333660613322e-03 8.230538745678400020e-03 8.230520397096052071e-03 8.230510592560162306e-03 8.230508232244937786e-03 8.230517253369181233e-03 8.230518132837962020e-03 8.230530288710099021e-03
8.230579034663960958e-03 8.230571826046398712e-03 8.230570893855619283e-03 8.230573995362285358e-03 8.230571097178441403e-03 8.230575848809120604e-03 8.230537800847571861e-03 8.230543100231801912e-03 8.230556402032507962e-03 8.218890874724828557e-03 0.000000000000000000e+00 8.217754277866601981e-03 8.221058283111726608e-03 8.220989107568721019e-03 8.230515654436434611e-03 8.230544549216057409e-03 8.230496260829906624e-03 8.230511938457994725e-03 8.230504989243494010e-03 8.230547388014397905e-03 8.221365069290812247e-03 8.230500276272707805e-03 8.224752832125726068e-03 8.220124412364441732e-03 8.220932178051622297e-03 8.220399858987219657e-03 8.230532346606988375e-03 8.230537307911298464e-03 8.230563340577357750e-03 8.230523145319343370e-03 8.230547079091921764e-03 8.230541112947438800e-03 8.230543566076527554e-03 8.230508506998267249e-03 8.230524699383390957e-03 8.230556211184715532e-03 8.230545244322809081e-03 8.230509714600911866e-03 8.230517770516967632e-03 8.221443067287802220e-03 8.230492707021235671e-03 8.230503061247946076e-03 8.230515510024714182e-03 8.230565808931642607e-03 8.230540799311009473e-03 8.230530077960150279e-03 8.230533812341072827e-03 8.230541152504261895e-03 8.230562262574523183e-03 8.230565164128822095e-03 8.230568740592095200e-03 8.230594939227018139e-03 8.230569488272660231e-03 8.230585861570448997e-03 8.230595799588520667e-03 8.230567390898290564e-03 8.230575845040093846e-03 8.230572283686708041e-03 8.230569407157955000e-03 8.230588186370575710e-03 8.230575506528132329e-03 8.230561566743468949e-03 8.230554684899728246e-03 8.230523026607710832e-03 8.230530626246054804e-03 8.230527754131683818e-03 8.230572431946117998e-03 8.230578472310005889e-03 8.230552928613889263e-03 8.230564443482303941e-03 8.230544363790573414e-03 8.230545951246868303e-03 8.230533622174405692e-03 8.230594805396373656e-03 8.230559767057509662e-03 8.230552056847230402e-03 8.230559611644769694e-03 8.230512029698596604e-03 8.230559149730835508e-03 8.230565196394420274e-03 8.230578015959970004e-03 8.230570133131482821e-03 8.230563233559858721e-03 8.230567154202285754e-03 8.230560207098121250e-03 8.230553362684705013e-03 8.230538353232352139e-03 8.230531263591255725e-03 8.230567769473617901e-03 8.230595409012535918e-03 8.230569463638027355e-03 8.230582748842167271e-03 8.230591745825506164e-03 8.230568244338628062e-03 8.230559640166995941e-03 8.230557854427096240e-03 8.230547635909539819e-03 8.230542823510355807e-03 8.230561672542472187e-03 8.230564591778831776e-03
8.230548351023036016e-03 8.230539501552757917e-03 8.230538962191794039e-03 8.230548626630999551e-03 8.230545510327633152e-03 8.230542410555699226e-03 8.230521672341582773e-03 8.230518747614221434e-03 8.230527468755115955e-03 8.221989628461752117e-03 8.217754277866601981e-03 0.000000000000000000e+00 8.221777609810554041e-03 8.223534316447980025e-03 8.230492112690218978e-03 8.230512564758520055e-03 8.219178220178990218e-03 8.230492891871457606e-03 8.230487537488555272e-03 8.230532990846623972e-03 8.230461608212226790e-03 8.223254613403672628e-03 8.223961329351011859e-03 8.221708832225338437e-03 8.223450364571623095e-03 8.222331184388243647e-03 8.230506546607965768e-03 8.230503440292809281e-03 8.230550997996752619e-03 8.230496691390760955e-03 8.230514892075508487e-03 8.227158864012890788e-03 8.230513302158527431e-03 8.230484919315359665e-03 8.230498758409657278e-03 8.230534195059450650e-03 8.230519996039050226e-03 8.230486093185435462e-03 8.230489790479061235e-03 8.223151048181226094e-03 8.230472521913584361e-03 8.225811353566965176e-03 8.230487440522042328e-03 8.230528290514854337e-03 8.230511158603175115e-03 8.230495134607638402e-03 8.230499274137848334e-03 8.230502861987348470e-03 8.230533458101070912e-03 8.230535652611260800e-03 8.230543310585295216e-03 8.230569520363814617e-03 8.230544031311355646e-03 8.230560431382738171e-03 8.230570385639597933e-03 8.230539779299318043e-03 8.230550411560526650e-03 8.230546836682115994e-03 8.230537267343072602e-03 8.230545066712545779e-03 8.230534015679864812e-03 8.230527140777880307e-03 8.230526891550422192e-03 8.230503202640763669e-03 8.225961766618264046e-03 8.230504565762585684e-03 8.230546960198932560e-03 8.230534820965720172e-03 8.230527715877154066e-03 8.230529795322264960e-03 8.230519780971090257e-03 8.230508565435033091e-03 8.230507421505037224e-03 8.230559769003031531e-03 8.225006924680788520e-03 8.230514497838275351e-03 8.230535252730299123e-03 8.225294427748086265e-03 8.230523483728977019e-03 8.230536767483476179e-03 8.230544822864362814e-03 8.230544673935606334e-03 8.230528561480023042e-03 8.230541692723788993e-03 8.230534753243869475e-03 8.230526298016111950e-03 8.230517048470425284e-03 8.228302579742623538e-03 8.230533985400797364e-03 8.230561517445051170e-03 8.230544010352761411e-03 8.230550573894587774e-03 8.230557609069025574e-03 8.230536322762927598e-03 8.230534134438215188e-03 8.230521597364993600e-03 8.230508579300098437e-03 8.230507299557121917e-03 8.230533781098810578e-03 8.230530139424896766e-03
8.230542237672356168e-03 8.230542590029444119e-03 8.230540380616935270e-03 8.230545719584652850e-03 8.230541594586559748e-03 8.230539013059826048e-03 8.230530305786066397e-03 8.230515042900187622e-03 8.230519565797430118e-03 8.230486066333716696e-03 8.221058283111726608e-03 8.221777609810554041e-03 0.000000000000000000e+00 8.223395412104731947e-03 8.230470144653435211e-03 8.230504317006054685e-03 8.220294126290222589e-03 8.230465781265046757e-03 8.221471538176953683e-03 8.230510676298987208e-03 8.225281137344031199e-03 8.223701867638100182e-03 8.224636973914204938e-03 8.224935667393663830e-03 8.225461031827606406e-03 8.225704182758095465e-03 8.230498961471129429e-03 8.230494123497116704e-03 8.230520462324945538e-03 8.230467270654427681e-03 8.230518348876413037e-03 8.230508386836189044e-03 8.230504249997298502e-03 8.223672386438727819e-03 8.230494980745881733e-03 8.230517536177777219e-03 8.230499971563087422e-03 8.230501083751335170e-03 8.230522251176710172e-03 8.230507407078780160e-03 8.224411084779930520e-03 8.230498485706255751e-03 8.230492071460268969e-03 8.230524797332702813e-03 8.230502683589612650e-03 8.230482736634627330e-03 8.224200700341861847e-03 8.230482853685144179e-03 8.230525349489661857e-03 8.230528232594912924e-03 8.230531755672782293e-03 8.230557997248614741e-03 8.230527147575984054e-03 8.230548953658793285e-03 8.230558912108564690e-03 8.230530443111162137e-03 8.230538862033193875e-03 8.230535333905487222e-03 8.230532364814368423e-03 8.230529675666424169e-03 8.230503509032966944e-03 8.224832494459573609e-03 8.230486580392288448e-03 8.225348388122204896e-03 8.230475210973144454e-03 8.224803436186178471e-03 8.230535370873726456e-03 8.230510953468227892e-03 8.230508340315087837e-03 8.230512957544740271e-03 8.230495914545084626e-03 8.225479205185648804e-03 8.224891209577069040e-03 8.230557786460208913e-03 8.230526754353165164e-03 8.230494702886344272e-03 8.230510176058903477e-03 8.225590066451078652e-03 8.230518434297898894e-03 8.230528228626198678e-03 8.230522112743436647e-03 8.230516604295244273e-03 8.230517907406607880e-03 8.230514462218290958e-03 8.230507810554111431e-03 8.230491711998071114e-03 8.230504364067107656e-03 8.230491000912601093e-03 8.230520369659344651e-03 8.230558321682483400e-03 8.230532434778120229e-03 8.230545804041020097e-03 8.230554761139418155e-03 8.230529143747557577e-03 8.230512759959762378e-03 8.230512711902539247e-03 8.230490460437077382e-03 8.230480010324751558e-03 8.230524705722873716e-03 8.230522001999005660e-03
8.230531706996592478e-03 8.230532125909848992e-03 8.230525596461974250e-03 8.230540721820256075e-03 8.230536558657046073e-03 8.230533575898290807e-03 8.230515144559219509e-03 8.230503178679083806e-03 8.230510736178418482e-03 8.230482076151148657e-03 8.220989107568721019e-03 8.223534316447980025e-03 8.223395412104731947e-03 0.000000000000000000e+00 8.224789439693475784e-03 8.230497666318390901e-03 8.221221648790433614e-03 8.225581007694316577e-03 8.221076358658036334e-03 8.230490931333970042e-03 8.224786686542846434e-03 8.225105375824836446e-03 8.224857662182682300e-03 8.225012741700316043e-03 8.225472939514762161e-03 8.230463452762838000e-03 8.225442821305299287e-03 8.230485632696462120e-03 8.230506915103590407e-03 8.226201848164199290e-03 8.230515160480933110e-03 8.230497401543109340e-03 8.225902107658646101e-03 8.224303904338182980e-03 8.230481223563932552e-03 8.230503912018061891e-03 8.230485736905858440e-03 8.230499809100087771e-03 8.230522339571074916e-03 8.230503842031606024e-03 8.225022082225226863e-03 8.230493667698358592e-03 8.230487425939252491e-03 8.230515592151703419e-03 8.230494680095378976e-03 8.230478049705837809e-03 8.224736627631444932e-03 8.230474222589708594e-03 8.230515955547260121e-03 8.230506129438191348e-03 8.230526343576247475e-03 8.230552583250835136e-03 8.230517507953066456e-03 8.230543557033686425e-03 8.230553503718776587e-03 8.230525016305218280e-03 8.230529368057683606e-03 8.230529894560901366e-03 8.230523588059937556e-03 8.230520118569742416e-03 8.230495829695302912e-03 8.224286750263621118e-03 8.224506008150823250e-03 8.224929323117111807e-03 8.224784605333643195e-03 8.224711927416486490e-03 8.230529959465831755e-03 8.230498807676131859e-03 8.230496207885714191e-03 8.230499439345751247e-03 8.230477772264387787e-03 8.230475962683414873e-03 8.225229149363523853e-03 8.230552397714092916e-03 8.230516836571142442e-03 8.230488132543520644e-03 8.230496218539119432e-03 8.226017006675424501e-03 8.230513610815767822e-03 8.230522821604004113e-03 8.230523792257428070e-03 8.230517278987539362e-03 8.230517704954070507e-03 8.230511281683174432e-03 8.230498990660013378e-03 8.230481463890973806e-03 8.230492890575140386e-03 8.230483260883591015e-03 8.230515926904420285e-03 8.230546500236989027e-03 8.230527032504169130e-03 8.230540394108989966e-03 8.230549368887469380e-03 8.230525819905203447e-03 8.230509295409761325e-03 8.230504416089174866e-03 8.230485331568622442e-03 8.230475748018073814e-03 8.230516397774488915e-03 8.230513106697113015e-03
8.230509307612507083e-03 8.230530138152631486e-03 8.230523970502159545e-03 8.230533428731725415e-03 8.230529025404095811e-03 8.230517616836418443e-03 8.230518935908768055e-03 8.230508978267212991e-03 8.230498638232788822e-03 8.230501235891503689e-03 8.230515654436434611e-03 8.230492112690218978e-03 8.230470144653435211e-03 8.224789439693475784e-03 0.000000000000000000e+00 8.230507954776691490e-03 8.230511395092812016e-03 8.226660209607050689e-03 8.224143341931484594e-03 8.225165893811442822e-03 8.224929821010897035e-03 8.230485541711810016e-03 8.225270508218971918e-03 8.230499036597234419e-03 8.225972837809136101e-03 8.226529385682872578e-03 8.230473049681668804e-03 8.225605955862328941e-03 8.222963158237133266e-03 8.224666544990709080e-03 8.230480461698823358e-03 8.230496757990883941e-03 8.230507357135402602e-03 8.230487059592695234e-03 8.230489750006368330e-03 8.230473916821611988e-03 8.225086831033576532e-03 8.230514120801023237e-03 8.230542505162485173e-03 8.230541203931370994e-03 8.230493473086568368e-03 8.230490855469039385e-03 8.230488574501206370e-03 8.226314225642853556e-03 8.230472398418764088e-03 8.226800259719769387e-03 8.230481301235907307e-03 8.225872091872246314e-03 8.230483375374330821e-03 8.225728926859281892e-03 8.230507953255340736e-03 8.230544201536363347e-03 8.230509295634656081e-03 8.230535216316213834e-03 8.230545112998690835e-03 8.230502315704078115e-03 8.230519276048470917e-03 8.230512382844178826e-03 8.230490769115729466e-03 8.230508923244837446e-03 8.230484129576531513e-03 8.230485408009751910e-03 8.224454398344217820e-03 8.224880577945931082e-03 8.224325025114290200e-03 8.224005872512544363e-03 8.230521570562842823e-03 8.230495473064076625e-03 8.230487386952938314e-03 8.230477179680346922e-03 8.225363985054608487e-03 8.230474159540052820e-03 8.225121758826770685e-03 8.230535338053094827e-03 8.224698668622687503e-03 8.230470411440149459e-03 8.223940056831616566e-03 8.225466049763652254e-03 8.230486579439734440e-03 8.230509283414120733e-03 8.230510977664721659e-03 8.230507401344528545e-03 8.230497031672728489e-03 8.230512357573695204e-03 8.230485026060640683e-03 8.230473123342720021e-03 8.225181496871025039e-03 8.226019743213283664e-03 8.230463448253207484e-03 8.230530636784553697e-03 8.230512269873965780e-03 8.230525920368212886e-03 8.230533139038353693e-03 8.230507823744384957e-03 8.230500455883985045e-03 8.230467913981791284e-03 8.230458333619902062e-03 8.230464339295501253e-03 8.230487674895998335e-03 8.226457727246127422e-03
8.222638954442198014e-03 8.222209291013053353e-03 8.223125112047043050e-03 8.222087182718367665e-03 8.230474189187321835e-03 8.225103919169578226e-03 8.222063111218352177e-03 8.224188756284285529e-03 8.230462803986437342e-03 8.230481928667409894e-03 8.230544549216057409e-03 8.230512564758520055e-03 8.230504317006054685e-03 8.230497666318390901e-03 8.230507954776691490e-03 0.000000000000000000e+00 8.230550581096106669e-03 8.225037744753223648e-03 8.230538568806516561e-03 8.230512838073390791e-03 8.230514754929840401e-03 8.224503319768802778e-03 8.225322216351117766e-03 8.230512448568596054e-03 8.230457119908449540e-03 8.225706552829161952e-03 8.230489008338363541e-03 8.230490270579857159e-03 8.230527457929520327e-03 8.230498560109912598e-03 8.230484836391136622e-03 8.224222549170566443e-03 8.223077756416485515e-03 8.230481750340998964e-03 8.224247314854001012e-03 8.230503856534815421e-03 8.230496898561222296e-03 8.224665527622607858e-03 8.230474614289169655e-03 8.222239943424186973e-03 8.223836426387106172e-03 8.230467058214081116e-03 8.230474650777195797e-03 8.230506361979937624e-03 8.225238751118567684e-03 8.226612386368651816e-03 8.224036694717953844e-03 8.230472926315948387e-03 8.230474969623676265e-03 8.230500983877567928e-03 8.230525001869626670e-03 8.230535022010446178e-03 8.230531948035597206e-03 8.230516025784255160e-03 8.230539948897646479e-03 8.230511759015828738e-03 8.230526182601369950e-03 8.225016163646715894e-03 8.230522478775736603e-03 8.230551048196557001e-03 8.230539865919627926e-03 8.230548689865229903e-03 8.230531635867567933e-03 8.230524718806770529e-03 8.230541576593588052e-03 8.230524197414174764e-03 8.230534913368956276e-03 8.230554986972333023e-03 8.230533465503057922e-03 8.230521392210423184e-03 8.230515957011592248e-03 8.230505214675795309e-03 8.230508765204935101e-03 8.230557404185925505e-03 8.230546400291648829e-03 8.230509231318738905e-03 8.230534048721991139e-03 8.230500263911064845e-03 8.230512008159850124e-03 8.230512814896409624e-03 8.230540752540014410e-03 8.230532730392672164e-03 8.230516216004927707e-03 8.230513416590052450e-03 8.230502288969165220e-03 8.230502633659894304e-03 8.230517956456387743e-03 8.230498427022999580e-03 8.230518207393006450e-03 8.230558047488921447e-03 8.230531926578150276e-03 8.230538005809062349e-03 8.230554319275372802e-03 8.230530090997273743e-03 8.230505469464818522e-03 8.230506382840575494e-03 8.230490886755368815e-03 8.230492191722916032e-03 8.230503755599612517e-03 8.230521951878596101e-03
