0.000000000000000000e+00 6.583468913193157857e-02 4.911607822340453150e-02 2.747047410643266643e-02 1.783379044710165645e-02 1.574222218133752016e-01 1.503812553322068923e-01 1.574222218133752293e-01 1.574222218133752293e-01 1.043613605846968190e-01 1.027166906186859768e-01 1.027166906186859768e-01 1.192865579626700423e-01 9.611533899532784253e-02 1.564753009959498620e-01 1.531684603669229983e-01 1.531684603669229983e-01 1.564753009959498620e-01 1.430951449973555389e-01 1.390411818179821957e-01 1.420352796986776578e-01 1.384349828880557243e-01 1.457111213096289049e-01 1.430215480030537778e-01 1.555420114440926871e-01 1.343855262557512309e-01 1.441634860146982500e-01 1.441634860146982500e-01 1.393947647382121346e-01 1.193214632222080879e-01 1.139161704080890042e-01 1.213070688182060070e-01 7.337500999147425484e-02 7.169964581468700471e-02 7.169964581468697695e-02 8.360960574794770728e-02 8.911335128857432453e-02 8.888228347613394420e-02 8.888228347613394420e-02 9.127430896482614797e-02 1.100859841047771570e-01 1.155610002643246564e-01 1.063672070343156112e-01 1.112866278579031087e-01 1.163311005154821498e-01 1.160260014849070070e-01 9.744474541832771897e-02 1.155610002643246564e-01 1.432220394675788044e-01 1.388179315838342920e-01 1.432220394675788044e-01 1.598090215825382077e-01 1.390411320411409635e-01 1.669113602508540128e-01 1.669113602508540128e-01 1.669113602508540128e-01 1.210239941434396727e-01 1.133685437045004879e-01 1.253795590420547501e-01 1.324417340959040679e-01 1.327161015766342156e-01 1.283733896050555379e-01 1.327161015766342156e-01 9.452832403865650546e-02 9.452832403865650546e-02 9.324473533427411753e-02 2.350147198803912429e-01 2.417172845977812734e-01 2.417172845977812734e-01 2.417172845977812734e-01 2.143386207794600040e-01 1.411510051239685259e-01 1.411510051239685259e-01 1.411510051239685259e-01 1.348003625778911585e-01 1.198639481894083758e-01 1.198639481894083758e-01 1.132008076231314497e-01 1.219889027680930715e-01 8.872472337077194626e-02 8.603850557998529713e-02 1.744230343828777896e-01 1.744230343828777896e-01 1.685547276855032806e-01 9.346784810741314009e-02 1.017048089889537182e-01 1.363877471482876358e-01 1.397827806651121829e-01 1.379033199788417541e-01 1.336537840963109847e-01 1.379033199788417263e-01 1.383867894976416602e-01 1.196386406165986099e-01 1.248216672047130493e-01 1.166967669869541369e-01 1.211846319309498876e-01 1.286472361425524125e-01 1.278056224635107374e-01 1.331425119406819957e-01 1.067131879875864164e-01 1.067753374608607364e-01 1.067131879875864164e-01 1.340824180412880651e-01 1.606329549252575040e-01 1.340824180412880651e-01 6.106657991054983969e-02 6.106657991054983969e-02 6.106657991054983969e-02 1.234624302467236812e-01 1.299079265849887033e-01 1.267485858345171745e-01 1.267485858345171745e-01 1.419056639555884292e-01 1.419056639555884292e-01 1.332017810427528759e-01 1.420956743276156342e-01 1.420956743276156342e-01 1.124707656576313108e-01 1.119846815717418648e-01 1.088563973522099215e-01 1.609465887736694356e-01 1.609465887736694356e-01 1.717089933595097873e-01 1.547413844468101540e-01 1.661632697391166036e-01 1.661632697391165758e-01 2.016639364024134240e-01 1.304683406900201958e-01 1.301235241100572315e-01 1.345676735128764345e-01 1.678544485133637854e-01 1.678544485133637854e-01 1.678544485133638131e-01 1.183780284554978718e-01 1.513521963792955616e-01 1.118684283111163746e-01 2.109387490855402780e-01 2.109387490855402780e-01 6.632325371087900712e-02 5.706260483114020815e-02 6.632325371087899324e-02
6.583468913193157857e-02 0.000000000000000000e+00 1.028628338438484918e-01 8.390268012969179234e-02 7.755345394769398715e-02 1.297519347381664578e-01 1.217320521397019378e-01 1.297519347381664578e-01 1.297519347381664578e-01 6.320395930683829488e-02 6.044294073498012593e-02 6.044294073498013981e-02 8.479626046008065243e-02 5.087783296778813219e-02 1.293748238862214017e-01 1.256282777768748804e-01 1.256282777768748804e-01 1.293748238862213740e-01 1.128166039287098743e-01 1.082325847518224166e-01 1.116043898754744967e-01 1.074177555691757657e-01 1.157442274812472832e-01 1.138266304812891871e-01 1.286351523576523825e-01 1.027496791988127961e-01 1.150035308709436016e-01 1.150035308709436016e-01 1.093074381757425800e-01 8.396982280875105176e-02 7.579607936953941527e-02 8.708329635921696621e-02 1.529431852418706127e-02 1.363255215467569677e-02 1.363255215467569850e-02 3.198552747739436680e-02 3.986442036651113852e-02 4.004877083726234716e-02 4.004877083726235409e-02 4.103150722013559903e-02 6.931162610254938683e-02 7.634101533112506999e-02 6.479556675072123406e-02 7.018085377380657575e-02 7.780505120858399737e-02 7.815969786651945361e-02 5.026431296492549911e-02 7.634101533112506999e-02 1.132554042972235969e-01 1.081751316661297702e-01 1.132554042972235969e-01 1.335637441818796622e-01 1.089802781436754742e-01 1.415641222174833791e-01 1.415641222174833513e-01 1.415641222174833513e-01 8.505474847340553646e-02 7.459558386715318956e-02 9.136811114841292270e-02 1.000348058402331930e-01 1.000712759269733604e-01 9.488994421761288989e-02 1.000712759269733604e-01 4.397062293953853812e-02 4.397062293953853812e-02 4.112288945435765147e-02 2.196015284799668899e-01 2.267132965402997580e-01 2.267132965402997580e-01 2.267132965402997025e-01 1.973486922079035755e-01 1.104146742686235444e-01 1.104146742686235166e-01 1.104146742686235305e-01 1.030499676223103900e-01 8.284193246929515142e-02 8.284193246929515142e-02 7.383425734942503094e-02 8.638271104821187985e-02 3.829652066950369610e-02 3.392268530615233368e-02 1.526130570154710930e-01 1.526130570154710930e-01 1.460134561215943594e-01 4.426959081724054362e-02 5.568706105361031361e-02 1.055642081170118790e-01 1.095714457786984980e-01 1.070377177652522410e-01 1.017919479371497959e-01 1.070377177652522410e-01 1.082393876953265666e-01 8.272968694976877424e-02 8.940003655254362414e-02 7.833922335431849071e-02 8.508524795962262022e-02 9.517511006556346465e-02 9.419788665330110222e-02 1.008022231374303135e-01 6.250058364981629644e-02 6.338898367491450914e-02 6.250058364981629644e-02 1.023876819848704017e-01 1.346754955684530408e-01 1.023876819848704017e-01 1.129469314062000879e-01 1.129469314062000879e-01 1.129469314062000879e-01 8.805205162958089360e-02 9.702148137835411856e-02 9.172621800147065518e-02 9.172621800147064131e-02 1.123867699648045115e-01 1.123867699648045254e-01 1.015476674328049528e-01 1.121374317357487632e-01 1.121374317357487632e-01 7.146226206505515433e-02 7.119472741363291890e-02 6.668972048154797605e-02 1.347234456272458358e-01 1.347234456272458081e-01 1.498781373826245100e-01 1.300298948012143518e-01 1.433253664366252178e-01 1.433253664366252178e-01 1.834968707963223200e-01 9.755241600567925164e-02 9.736553038747559896e-02 1.052550948766122901e-01 1.428339906585392172e-01 1.428339906585392172e-01 1.428339906585392172e-01 8.185933211849091840e-02 1.260412510757942250e-01 7.110406085650743113e-02 1.935989203978351614e-01 1.935989203978351614e-01 1.132670475905754731e-01 1.057397789550502676e-01 1.132670475905754454e-01
4.911607822340453150e-02 1.028628338438484918e-01 0.000000000000000000e+00 5.379183535235636943e-02 5.177738611649189415e-02 1.801711751791703620e-01 1.740248837321070052e-01 1.801711751791703620e-01 1.801711751791703620e-01 1.343157012979770970e-01 1.328642295569375797e-01 1.328642295569375797e-01 1.470154868759107059e-01 1.274500516814598972e-01 1.794633593220188450e-01 1.765837122035630036e-01 1.765837122035630036e-01 1.794633593220188172e-01 1.679138750892736620e-01 1.644795171494361496e-01 1.670095213353565144e-01 1.639475459322063955e-01 1.701950782957920572e-01 1.675458876647500095e-01 1.783492082784092769e-01 1.604014536809559577e-01 1.685223156867250160e-01 1.685223156867250160e-01 1.644360447320862839e-01 1.470884033421694104e-01 1.427498029676622093e-01 1.486726675331858927e-01 1.089517958205339643e-01 1.075084041597894474e-01 1.075084041597894474e-01 1.172103836659117299e-01 1.216036880522094049e-01 1.213539411375446075e-01 1.213539411375446075e-01 1.236633999174518161e-01 1.401470171209783233e-01 1.446705642128828517e-01 1.371465019543115227e-01 1.409523057343154140e-01 1.453356679582439581e-01 1.452346756307643649e-01 1.297032345289895194e-01 1.446705642128828517e-01 1.677292216124963431e-01 1.639357240809102556e-01 1.677292216124963431e-01 1.823804559429243466e-01 1.646207113950521328e-01 1.886304853537498771e-01 1.886304853537498771e-01 1.886304853537498771e-01 1.490848918429274472e-01 1.427521610140596586e-01 1.526826284823772917e-01 1.590086700051951962e-01 1.592084959709278436e-01 1.555271049687684537e-01 1.592084959709278436e-01 1.265100806429320379e-01 1.265100806429320379e-01 1.257238848677893761e-01 2.516055311078411738e-01 2.578175659074106729e-01 2.578175659074106729e-01 2.578175659074106729e-01 2.323448874316114410e-01 1.660107573811364645e-01 1.660107573811364923e-01 1.660107573811364923e-01 1.606266337179123871e-01 1.481420233177155876e-01 1.481420233177155876e-01 1.425862055697891539e-01 1.499450220397617328e-01 1.224454445385825541e-01 1.201519796157639319e-01 1.942944391035510976e-01 1.942944391035510976e-01 1.890298033914490083e-01 1.262979232870738155e-01 1.328698906411984182e-01 1.619885220874495713e-01 1.647929590063829386e-01 1.632371214786422220e-01 1.596167612434990779e-01 1.632371214786422220e-01 1.638714384562569570e-01 1.481918983931677924e-01 1.524783711240471074e-01 1.457405518296442659e-01 1.494861318366972891e-01 1.556784659533107518e-01 1.550375159949723691e-01 1.594337929005763266e-01 1.369059132105008292e-01 1.369380648706278181e-01 1.369059132105008292e-01 1.603067577592567627e-01 1.829505744981296256e-01 1.603067577592567627e-01 1.440550963318963651e-02 1.440550963318962957e-02 1.440550963318963651e-02 1.513864702648495264e-01 1.567960037220090252e-01 1.541039978206306671e-01 1.541039978206306393e-01 1.669956328068188112e-01 1.669956328068188112e-01 1.596630523557570902e-01 1.667540123515858508e-01 1.667540123515858508e-01 1.419010345935979023e-01 1.415013592049925439e-01 1.389084410391691060e-01 1.831166250500460557e-01 1.831166250500460557e-01 1.929073730606113146e-01 1.776426916875102624e-01 1.877999702985536090e-01 1.877999702985536645e-01 2.205285974550471595e-01 1.572940281497463566e-01 1.569874375425206192e-01 1.595986986682682018e-01 1.893295698363343660e-01 1.893295698363343660e-01 1.893295698363343660e-01 1.469274115478699239e-01 1.738980703727789623e-01 1.415507170977179652e-01 2.290991737020812713e-01 2.290991737020813268e-01 7.391797881727352193e-02 6.688942597607247520e-02 7.391797881727352193e-02
2.747047410643266643e-02 8.390268012969179234e-02 5.379183535235636943e-02 0.000000000000000000e+00 1.378935728129947538e-02 1.678161153396823813e-01 1.611824280311299207e-01 1.678161153396824090e-01 1.678161153396823813e-01 1.182868676246776746e-01 1.167589539906950802e-01 1.167589539906950802e-01 1.320065916987091248e-01 1.108204597703638106e-01 1.669252226912371906e-01 1.638184062915605810e-01 1.638184062915605532e-01 1.669252226912371628e-01 1.544085092858244745e-01 1.506451632002614172e-01 1.534208579514859672e-01 1.500771974854639146e-01 1.568628976843161604e-01 1.542068415439586393e-01 1.659221040065491648e-01 1.462647430182785480e-01 1.552626257813475019e-01 1.552626257813475019e-01 1.508237390577760739e-01 1.320701200540640718e-01 1.272319869686196758e-01 1.338512070575519630e-01 9.051135630777662477e-02 8.894773632385642725e-02 8.894773632385642725e-02 9.962904307684689043e-02 1.044806882109672180e-01 1.042349133959200036e-01 1.042349133959200036e-01 1.065798243405194079e-01 1.240666319341248713e-01 1.290303960377015557e-01 1.207303958228742730e-01 1.250750946520341467e-01 1.297433024188461570e-01 1.295297643305456936e-01 1.126479120515468391e-01 1.290303960377015557e-01 1.544158053827075217e-01 1.503084833383366292e-01 1.544158053827075217e-01 1.700639991560883024e-01 1.506998827187959467e-01 1.767772985965261334e-01 1.767772985965261334e-01 1.767772985965261057e-01 1.339381827421939342e-01 1.269790242492192245e-01 1.379190310304158340e-01 1.445751351038823129e-01 1.448136808698306521e-01 1.408116243620065045e-01 1.448136808698306521e-01 1.095923287879935065e-01 1.095923287879935204e-01 1.085761219798401234e-01 2.422851521252101237e-01 2.487626768183353598e-01 2.487626768183353598e-01 2.487626768183353598e-01 2.222463885358684499e-01 1.525084763012529709e-01 1.525084763012529709e-01 1.525084763012529432e-01 1.466160700157578267e-01 1.329055855436143962e-01 1.329055855436143962e-01 1.268307798136752984e-01 1.348645726509764275e-01 1.047790050496323899e-01 1.023210882125595161e-01 1.833835075600865061e-01 1.833835075600865061e-01 1.777963113193345712e-01 1.089938414930731875e-01 1.163065402920788888e-01 1.480806088657455333e-01 1.512110612549462108e-01 1.494660135960207414e-01 1.455264181594087269e-01 1.494660135960207414e-01 1.500074428532352511e-01 1.327986117355658136e-01 1.375272106805447425e-01 1.301091372662428747e-01 1.342114167164421001e-01 1.410226952741711060e-01 1.402827270531214476e-01 1.451447036151560510e-01 1.207949976291225885e-01 1.208318845697028687e-01 1.207949976291225885e-01 1.460507853842445969e-01 1.707802684005826910e-01 1.460507853842445969e-01 6.456591656488705477e-02 6.456591656488706865e-02 6.456591656488705477e-02 1.363015453651354181e-01 1.422209676750507967e-01 1.392994236820719045e-01 1.392994236820719045e-01 1.533333911624015500e-01 1.533333911624015500e-01 1.452952397894851089e-01 1.533591250462782996e-01 1.533591250462782996e-01 1.261392868518614874e-01 1.256971744365677768e-01 1.228545693097268104e-01 1.710260476693695186e-01 1.710260476693695464e-01 1.811346452767002568e-01 1.650017666932620808e-01 1.758047148789197434e-01 1.758047148789197156e-01 2.099700366902023940e-01 1.427353678499349021e-01 1.424183419660647043e-01 1.459511870014681689e-01 1.776162054969410709e-01 1.776162054969410709e-01 1.776162054969410709e-01 1.315495195935794115e-01 1.615545706083377775e-01 1.256246503272217541e-01 2.189106622949555381e-01 2.189106622949555103e-01 4.363624546571900215e-02 3.337829495812008607e-02 4.363624546571899521e-02
1.783379044710165645e-02 7.755345394769398715e-02 5.177738611649189415e-02 1.378935728129947538e-02 0.000000000000000000e+00 1.642642475266804514e-01 1.575065370790504626e-01 1.642642475266804514e-01 1.642642475266804514e-01 1.134130090476551667e-01 1.118064618596068815e-01 1.118064618596068815e-01 1.276313512989859511e-01 1.056739743667724496e-01 1.633636369752757000e-01 1.602041149879444015e-01 1.602041149879444015e-01 1.633636369752757278e-01 1.505170806202431322e-01 1.466810483960449829e-01 1.495093063155237822e-01 1.460983418766176878e-01 1.530037955277692430e-01 1.504080096906889874e-01 1.623853327153163550e-01 1.421960640768148154e-01 1.514596375988884747e-01 1.514596375988884747e-01 1.469198603718966933e-01 1.276501458313016868e-01 1.226318156902363316e-01 1.295170524117766342e-01 8.441163963286238414e-02 8.275177403709939317e-02 8.275177403709937929e-02 9.402077194803909466e-02 9.905429651030808746e-02 9.878735630073857965e-02 9.878735630073856577e-02 1.012228212636308577e-01 1.192594861486651336e-01 1.243430056345503215e-01 1.157902559956088678e-01 1.202865388038576872e-01 1.251082614904108214e-01 1.249148896150454047e-01 1.074171826141405717e-01 1.243430056345503215e-01 1.505609530890051895e-01 1.463854831818933999e-01 1.505609530890051895e-01 1.665950716109752539e-01 1.467651427334588643e-01 1.734251247396303430e-01 1.734251247396303430e-01 1.734251247396303430e-01 1.294450005255179947e-01 1.222641195923186430e-01 1.336167664022394619e-01 1.404212003642233142e-01 1.406445164580837348e-01 1.365702050397823164e-01 1.406445164580837348e-01 1.042744716229706825e-01 1.042744716229706825e-01 1.032039127775628146e-01 2.399529471028140071e-01 2.464882655131551414e-01 2.464882655131551414e-01 2.464882655131551414e-01 2.196790930169172373e-01 1.485884293766203401e-01 1.485884293766203401e-01 1.485884293766203679e-01 1.425748242287791512e-01 1.283778664853176266e-01 1.283778664853176543e-01 1.221293268070587218e-01 1.304517564105970584e-01 9.920871523036027539e-02 9.664791618595056089e-02 1.803329559895979206e-01 1.803329559895979206e-01 1.746586150886099975e-01 1.035903627553695361e-01 1.112168613023621355e-01 1.440943774846770997e-01 1.473173708982936092e-01 1.454787432029991945e-01 1.414354065993637943e-01 1.454787432029992222e-01 1.460717337119743220e-01 1.282848130709346723e-01 1.331506088331747828e-01 1.254914863413648662e-01 1.297550080983169707e-01 1.367817346139980073e-01 1.360291194699258521e-01 1.410001028172504778e-01 1.158484624012834086e-01 1.159263741989136759e-01 1.158484624012834086e-01 1.419573033159072795e-01 1.673491353546197602e-01 1.419573033159072795e-01 6.306909583623471205e-02 6.306909583623471205e-02 6.306909583623471205e-02 1.319147696945892623e-01 1.380399180755084998e-01 1.349554486698348599e-01 1.349554486698348599e-01 1.494667277496371793e-01 1.494667277496371793e-01 1.412013917779976202e-01 1.495004068590503887e-01 1.495004068590503610e-01 1.213635471523197146e-01 1.209324189557517276e-01 1.179879804534121612e-01 1.675654680754829484e-01 1.675654680754829484e-01 1.779711182124295299e-01 1.615186603098561768e-01 1.725293313372283366e-01 1.725293313372283366e-01 2.072456659282110869e-01 1.385361075456013891e-01 1.382415649681877912e-01 1.420439038835250856e-01 1.743035080775258983e-01 1.743035080775258983e-01 1.743035080775258983e-01 1.270037477338172849e-01 1.580812044836479857e-01 1.208740660217066526e-01 2.162901365949704280e-01 2.162901365949704280e-01 5.497498240872183278e-02 4.529343555738639393e-02 5.497498240872181197e-02
1.574222218133752016e-01 1.297519347381664578e-01 1.801711751791703620e-01 1.678161153396823813e-01 1.642642475266804514e-01 0.000000000000000000e+00 1.427453205023687492e-02 3.590220383809523963e-03 3.590220383809527866e-03 1.382802454052056984e-01 1.397201436697785293e-01 1.397201436697785015e-01 1.401630379689082218e-01 1.366036489994535696e-01 1.219634390302621330e-01 1.187254289295261861e-01 1.187254289295261861e-01 1.219634390302621330e-01 9.176568582012621655e-02 9.104825766825043465e-02 9.090140304115437719e-02 8.560642282643020351e-02 9.395569127408071042e-02 1.032907680904440878e-01 1.168616555366352033e-01 8.941176993400890005e-02 1.051361584797992077e-01 1.051361584797992077e-01 1.013818406877191464e-01 1.370354792086422857e-01 1.285930043732013972e-01 1.390064077194667069e-01 1.338078319495326907e-01 1.340932296917932420e-01 1.340932296917932420e-01 1.346777108748884455e-01 1.371913636938022762e-01 1.384076154675659420e-01 1.384076154675659420e-01 1.329257704201713963e-01 9.833863570803703935e-02 9.817129760330474408e-02 1.000579321949423561e-01 1.064306246649532744e-01 9.459573221137011767e-02 9.039430446317202328e-02 1.080721081955601931e-01 9.817129760330474408e-02 1.285565218864704595e-01 1.244249067497408268e-01 1.285565218864704873e-01 1.277101018816865774e-01 1.058167701898249935e-01 1.349295154316189349e-01 1.349295154316189072e-01 1.349295154316189072e-01 9.572033300250115673e-02 9.691263793857331221e-02 9.257465735374566240e-02 1.025524893899853046e-01 1.039385432683908733e-01 1.018428184230741051e-01 1.039385432683908733e-01 1.317219798720679347e-01 1.317219798720679624e-01 1.259063005029587567e-01 2.479019847218814354e-01 2.541069167007674046e-01 2.541069167007674046e-01 2.541069167007674046e-01 2.284505736986655322e-01 9.123266434849619522e-02 9.123266434849619522e-02 9.123266434849619522e-02 8.616475314556697185e-02 1.097920856136909012e-01 1.097920856136909012e-01 1.075109009975111496e-01 1.086229614031530150e-01 1.127864533138343422e-01 1.160415217645445612e-01 1.884967342353130737e-01 1.884967342353131015e-01 1.830043581508607742e-01 1.136459863948285909e-01 1.171299942879537731e-01 1.206575324585420911e-01 1.251222444570333214e-01 1.223686617624922951e-01 1.188528103914883033e-01 1.223686617624922951e-01 1.187607717179246791e-01 8.750527720883814753e-02 8.647261182086909970e-02 9.176729786844688153e-02 8.341539694864356924e-02 8.135701269352377252e-02 7.203034476862729685e-02 8.635507719580139130e-02 1.217557893984655693e-01 1.220466358956018155e-01 1.217557893984655693e-01 1.110043602504958704e-01 1.418000524186749378e-01 1.110043602504958704e-01 1.871895170903178085e-01 1.871895170903178363e-01 1.871895170903178085e-01 8.420245130685972967e-02 6.048170202941101359e-02 8.696060747589584583e-02 8.696060747589584583e-02 1.074837232083761807e-01 1.074837232083761807e-01 9.743927110681660508e-02 1.274234680909639428e-01 1.274234680909639428e-01 1.091390641844678655e-01 1.082659357099656078e-01 1.083380144847772286e-01 1.224236044569432108e-01 1.224236044569432386e-01 1.882192936321569754e-01 1.724699326514624875e-01 1.828968959793291216e-01 1.828968959793290938e-01 2.164398543421330035e-01 6.825241527947902009e-02 7.139296738021731759e-02 1.514263376504952352e-01 1.490582847248058951e-01 1.490582847248058951e-01 1.490582847248058673e-01 1.071813501332261470e-01 1.669783655178721793e-01 1.086548532745616330e-01 2.250927128095253082e-01 2.250927128095252527e-01 1.867698795417217228e-01 1.815356677851305833e-01 1.867698795417216950e-01
1.503812553322068923e-01 1.217320521397019378e-01 1.740248837321070052e-01 1.611824280311299207e-01 1.575065370790504626e-01 1.427453205023687492e-02 0.000000000000000000e+00 1.427453205023687145e-02 1.427453205023687492e-02 1.306568909774188936e-01 1.322334838786411448e-01 1.322334838786411171e-01 1.324698122705673664e-01 1.289459434943577842e-01 1.149116968341155065e-01 1.114673281220881773e-01 1.114673281220882051e-01 1.149116968341155065e-01 8.318559439816271273e-02 8.221071182993856807e-02 8.221984202225571248e-02 7.642253043404355350e-02 8.559711017095679442e-02 9.575829527890769577e-02 1.103122423910922884e-01 8.057948560797770221e-02 9.771434224316985495e-02 9.771434224316988271e-02 9.358540995986507072e-02 1.293397093024173661e-01 1.205505649948869773e-01 1.313920071623383701e-01 1.260438358297549799e-01 1.263625112544795870e-01 1.263625112544795870e-01 1.269440680002190402e-01 1.296433906950885950e-01 1.309252419291232206e-01 1.309252419291232206e-01 1.251660449881800141e-01 8.892997851806991316e-02 8.887349153850308825e-02 9.066721206062954008e-02 9.759220248018507515e-02 8.505727609733731986e-02 8.048781941955378272e-02 9.910168938813941619e-02 8.887349153850311601e-02 1.212114103915372804e-01 1.168228649996930213e-01 1.212114103915372804e-01 1.208601676769496813e-01 9.751791006735416323e-02 1.284656766422446195e-01 1.284656766422446195e-01 1.284656766422446195e-01 8.669529210655402274e-02 8.770739248733651350e-02 8.357311975338001242e-02 9.378263013500438838e-02 9.524388797731049572e-02 9.290029663988697006e-02 9.524388797731049572e-02 1.239808157878700690e-01 1.239808157878700690e-01 1.178611591367342698e-01 2.425969136247838609e-01 2.489770294919749494e-01 2.489770294919749771e-01 2.489770294919749771e-01 2.227500475208588904e-01 8.284449730734638750e-02 8.284449730734638750e-02 8.284449730734641526e-02 7.712785417132346499e-02 1.011937800467259813e-01 1.011937800467259674e-01 9.868695698302064334e-02 9.995847548013252204e-02 1.040265844632205922e-01 1.074490430098363897e-01 1.829439355417062374e-01 1.829439355417062096e-01 1.772616734744763001e-01 1.049688834535566495e-01 1.086997617511921699e-01 1.128046702288132697e-01 1.175385130630368508e-01 1.146641873186677874e-01 1.109250048498322538e-01 1.146641873186677874e-01 1.108119194970571542e-01 7.747533866407478598e-02 7.653018383780173239e-02 8.197063863651921078e-02 7.314312229336375482e-02 7.140357656842627465e-02 6.106397142280471646e-02 7.711801038059161451e-02 1.136204003408674279e-01 1.138575280767304548e-01 1.136204003408674279e-01 1.026459706796064991e-01 1.351375580833194534e-01 1.026459706796064991e-01 1.813075599188939124e-01 1.813075599188939124e-01 1.813075599188938847e-01 7.403286689788138308e-02 4.872792898561337238e-02 7.712339562736765519e-02 7.712339562736765519e-02 9.940761381322635315e-02 9.940761381322635315e-02 8.857626336480385609e-02 1.199973529044231352e-01 1.199973529044231352e-01 1.004869129413687862e-01 9.953604627518866654e-02 9.957953218638156134e-02 1.162062429845370226e-01 1.162062429845370226e-01 1.818433875238650299e-01 1.657466029378494021e-01 1.764903650058549656e-01 1.764903650058549656e-01 2.105421304223767942e-01 5.707851196110391712e-02 6.052612714393253157e-02 1.443995903381131152e-01 1.427359320878970050e-01 1.427359320878970050e-01 1.427359320878970050e-01 9.839435853043113078e-02 1.606289356815656932e-01 9.973313517318271870e-02 2.193939291020296223e-01 2.193939291020296500e-01 1.808999617484678690e-01 1.754580264257580569e-01 1.808999617484678690e-01
1.574222218133752293e-01 1.297519347381664578e-01 1.801711751791703620e-01 1.678161153396824090e-01 1.642642475266804514e-01 3.590220383809523963e-03 1.427453205023687145e-02 0.000000000000000000e+00 3.590220383809523963e-03 1.382802454052056984e-01 1.397201436697785293e-01 1.397201436697785015e-01 1.401630379689082218e-01 1.366036489994535696e-01 1.219634390302621330e-01 1.187254289295261861e-01 1.187254289295261861e-01 1.219634390302621330e-01 9.176568582012621655e-02 9.104825766825043465e-02 9.090140304115439107e-02 8.560642282643017575e-02 9.395569127408071042e-02 1.032907680904440878e-01 1.168616555366352033e-01 8.941176993400890005e-02 1.051361584797991938e-01 1.051361584797991938e-01 1.013818406877191464e-01 1.370354792086422857e-01 1.285930043732013972e-01 1.390064077194666792e-01 1.338078319495326907e-01 1.340932296917932420e-01 1.340932296917932143e-01 1.346777108748884455e-01 1.371913636938022762e-01 1.384076154675659420e-01 1.384076154675659420e-01 1.329257704201713963e-01 9.833863570803705323e-02 9.817129760330475796e-02 1.000579321949423561e-01 1.064306246649532744e-01 9.459573221137011767e-02 9.039430446317205103e-02 1.080721081955602070e-01 9.817129760330474408e-02 1.285565218864704595e-01 1.244249067497408268e-01 1.285565218864704873e-01 1.277101018816865219e-01 1.058167701898249935e-01 1.349295154316189072e-01 1.349295154316189072e-01 1.349295154316189072e-01 9.572033300250115673e-02 9.691263793857331221e-02 9.257465735374566240e-02 1.025524893899852907e-01 1.039385432683908733e-01 1.018428184230741190e-01 1.039385432683908733e-01 1.317219798720679624e-01 1.317219798720679624e-01 1.259063005029587567e-01 2.479019847218813799e-01 2.541069167007674046e-01 2.541069167007674046e-01 2.541069167007674046e-01 2.284505736986655322e-01 9.123266434849619522e-02 9.123266434849620909e-02 9.123266434849619522e-02 8.616475314556695797e-02 1.097920856136908874e-01 1.097920856136908874e-01 1.075109009975111635e-01 1.086229614031530288e-01 1.127864533138343422e-01 1.160415217645445335e-01 1.884967342353131015e-01 1.884967342353131015e-01 1.830043581508607742e-01 1.136459863948286186e-01 1.171299942879537731e-01 1.206575324585420911e-01 1.251222444570333492e-01 1.223686617624922951e-01 1.188528103914883033e-01 1.223686617624922951e-01 1.187607717179246791e-01 8.750527720883816141e-02 8.647261182086911357e-02 9.176729786844688153e-02 8.341539694864356924e-02 8.135701269352377252e-02 7.203034476862731073e-02 8.635507719580139130e-02 1.217557893984655693e-01 1.220466358956018432e-01 1.217557893984655693e-01 1.110043602504958565e-01 1.418000524186749378e-01 1.110043602504958427e-01 1.871895170903178085e-01 1.871895170903178363e-01 1.871895170903178085e-01 8.420245130685974355e-02 6.048170202941101359e-02 8.696060747589584583e-02 8.696060747589584583e-02 1.074837232083761807e-01 1.074837232083761807e-01 9.743927110681659121e-02 1.274234680909639428e-01 1.274234680909639428e-01 1.091390641844678655e-01 1.082659357099655939e-01 1.083380144847772286e-01 1.224236044569432108e-01 1.224236044569432386e-01 1.882192936321570031e-01 1.724699326514624875e-01 1.828968959793290661e-01 1.828968959793290661e-01 2.164398543421329757e-01 6.825241527947902009e-02 7.139296738021731759e-02 1.514263376504952352e-01 1.490582847248058951e-01 1.490582847248058951e-01 1.490582847248058951e-01 1.071813501332261331e-01 1.669783655178721793e-01 1.086548532745616330e-01 2.250927128095253360e-01 2.250927128095252805e-01 1.867698795417217505e-01 1.815356677851306111e-01 1.867698795417216950e-01
1.574222218133752293e-01 1.297519347381664578e-01 1.801711751791703620e-01 1.678161153396823813e-01 1.642642475266804514e-01 3.590220383809527866e-03 1.427453205023687492e-02 3.590220383809523963e-03 0.000000000000000000e+00 1.382802454052056984e-01 1.397201436697785293e-01 1.397201436697785293e-01 1.401630379689082218e-01 1.366036489994536252e-01 1.219634390302621330e-01 1.187254289295262139e-01 1.187254289295262416e-01 1.219634390302621330e-01 9.176568582012623043e-02 9.104825766825043465e-02 9.090140304115439107e-02 8.560642282643020351e-02 9.395569127408072430e-02 1.032907680904440878e-01 1.168616555366352033e-01 8.941176993400888617e-02 1.051361584797992077e-01 1.051361584797992077e-01 1.013818406877191325e-01 1.370354792086422580e-01 1.285930043732013695e-01 1.390064077194667069e-01 1.338078319495326907e-01 1.340932296917932143e-01 1.340932296917932143e-01 1.346777108748884733e-01 1.371913636938022762e-01 1.384076154675659420e-01 1.384076154675659420e-01 1.329257704201713686e-01 9.833863570803705323e-02 9.817129760330474408e-02 1.000579321949423700e-01 1.064306246649532606e-01 9.459573221137011767e-02 9.039430446317203716e-02 1.080721081955602070e-01 9.817129760330474408e-02 1.285565218864704873e-01 1.244249067497407990e-01 1.285565218864704873e-01 1.277101018816865219e-01 1.058167701898249935e-01 1.349295154316189349e-01 1.349295154316189072e-01 1.349295154316189349e-01 9.572033300250114285e-02 9.691263793857332609e-02 9.257465735374566240e-02 1.025524893899852907e-01 1.039385432683908594e-01 1.018428184230741051e-01 1.039385432683908594e-01 1.317219798720679347e-01 1.317219798720679624e-01 1.259063005029587567e-01 2.479019847218813799e-01 2.541069167007674046e-01 2.541069167007674046e-01 2.541069167007674046e-01 2.284505736986655322e-01 9.123266434849619522e-02 9.123266434849619522e-02 9.123266434849619522e-02 8.616475314556695797e-02 1.097920856136909012e-01 1.097920856136909151e-01 1.075109009975111496e-01 1.086229614031530288e-01 1.127864533138343561e-01 1.160415217645445335e-01 1.884967342353131015e-01 1.884967342353131015e-01 1.830043581508607464e-01 1.136459863948286464e-01 1.171299942879537731e-01 1.206575324585420911e-01 1.251222444570333492e-01 1.223686617624922951e-01 1.188528103914883033e-01 1.223686617624922951e-01 1.187607717179246791e-01 8.750527720883816141e-02 8.647261182086909970e-02 9.176729786844685377e-02 8.341539694864355536e-02 8.135701269352377252e-02 7.203034476862729685e-02 8.635507719580140518e-02 1.217557893984655693e-01 1.220466358956018155e-01 1.217557893984655693e-01 1.110043602504958565e-01 1.418000524186749378e-01 1.110043602504958427e-01 1.871895170903178363e-01 1.871895170903178085e-01 1.871895170903178085e-01 8.420245130685974355e-02 6.048170202941101359e-02 8.696060747589584583e-02 8.696060747589584583e-02 1.074837232083761807e-01 1.074837232083761807e-01 9.743927110681659121e-02 1.274234680909639428e-01 1.274234680909639428e-01 1.091390641844678516e-01 1.082659357099656217e-01 1.083380144847772286e-01 1.224236044569432108e-01 1.224236044569432386e-01 1.882192936321570309e-01 1.724699326514624875e-01 1.828968959793291216e-01 1.828968959793290938e-01 2.164398543421330035e-01 6.825241527947903397e-02 7.139296738021731759e-02 1.514263376504952352e-01 1.490582847248059228e-01 1.490582847248059228e-01 1.490582847248058951e-01 1.071813501332261331e-01 1.669783655178721515e-01 1.086548532745616330e-01 2.250927128095253082e-01 2.250927128095252805e-01 1.867698795417217505e-01 1.815356677851306111e-01 1.867698795417216950e-01
1.043613605846968190e-01 6.320395930683829488e-02 1.343157012979770970e-01 1.182868676246776746e-01 1.134130090476551667e-01 1.382802454052056984e-01 1.306568909774188936e-01 1.382802454052056984e-01 1.382802454052056984e-01 0.000000000000000000e+00 1.408751602615685057e-02 1.408751602615685057e-02 4.647558705032227289e-02 2.283428661298213952e-02 1.382787463092731983e-01 1.347374068657654356e-01 1.347374068657654356e-01 1.382787463092732261e-01 1.223969387211764487e-01 1.181523493211366627e-01 1.212623703938485176e-01 1.173364410109385275e-01 1.251524446959506598e-01 1.232660985397841524e-01 1.372240263284265072e-01 1.124786660484358158e-01 1.244662797840826590e-01 1.244662797840826590e-01 1.192639156134620709e-01 4.962884087036532887e-02 4.758062384940243972e-02 5.361283388030576441e-02 6.105020818649887354e-02 6.482690526459912450e-02 6.482690526459912450e-02 4.887320744513388993e-02 5.150473426445579400e-02 5.328400131415089030e-02 5.328400131415089030e-02 4.584093187940283670e-02 8.489658262566253388e-02 9.089201877936263496e-02 8.242003449974211193e-02 8.634965019106509432e-02 9.195497589413326178e-02 9.007224867514369848e-02 6.947800631380267322e-02 9.089201877936264884e-02 1.253709034121519017e-01 1.206340868437623531e-01 1.253709034121519017e-01 1.423922644296859719e-01 1.193654531511222500e-01 1.500088350809079263e-01 1.500088350809079263e-01 1.500088350809079263e-01 9.794275020385261044e-02 8.901262881581320507e-02 1.033090696738054176e-01 1.118366780495896745e-01 1.120571745042084483e-01 1.075047540109591165e-01 1.120571745042084483e-01 5.136788689306540784e-02 5.136788689306540784e-02 5.204136945572417072e-02 2.000501619024118161e-01 2.074830182055593109e-01 2.074830182055593109e-01 2.074830182055593664e-01 1.758990486346902749e-01 1.204164343847814317e-01 1.204164343847814594e-01 1.204164343847814594e-01 1.135735489553343219e-01 9.768033399702268083e-02 9.768033399702268083e-02 8.977057669113755467e-02 1.007042163579430216e-01 6.675953482509419668e-02 6.472379397297771397e-02 1.319334651190816610e-01 1.319334651190816610e-01 1.247077149517819700e-01 6.565276419631656257e-02 6.245633412768828580e-02 1.181892051270753558e-01 1.219363534357113671e-01 1.196032851858156582e-01 1.148305400330248555e-01 1.196032851858156304e-01 1.202544020642905415e-01 9.277366603303813242e-02 1.005680782747025437e-01 8.524344920478825471e-02 9.503274980463644050e-02 1.051458321718079514e-01 1.045499631242650662e-01 1.105042249322405468e-01 6.208407712758746283e-02 5.673401016951356429e-02 6.208407712758746283e-02 1.146450475635652083e-01 1.449381989085298528e-01 1.146450475635652083e-01 1.429682976772590763e-01 1.429682976772590763e-01 1.429682976772590486e-01 1.001672782950569496e-01 1.076464791942386284e-01 1.030973524529736340e-01 1.030973524529736202e-01 1.223407518017346346e-01 1.223407518017346346e-01 1.121419805435061312e-01 1.243222496823944145e-01 1.243222496823944284e-01 8.761585590473533469e-02 8.742470043174942196e-02 8.344991815843866290e-02 1.430112426313810137e-01 1.430112426313810137e-01 1.222707069395686241e-01 9.947061421671175852e-02 1.144412679407058181e-01 1.144412679407058459e-01 1.605020426029204472e-01 1.079645187363414416e-01 1.079626380898210669e-01 7.705160152905032866e-02 1.526900057548919165e-01 1.526900057548919165e-01 1.526900057548919443e-01 9.712059588114202446e-02 1.020958536143995177e-01 6.262924285871919461e-02 1.715228692703099078e-01 1.715228692703099078e-01 1.423635895226318671e-01 1.359428747099678536e-01 1.423635895226318671e-01
1.027166906186859768e-01 6.044294073498012593e-02 1.328642295569375797e-01 1.167589539906950802e-01 1.118064618596068815e-01 1.397201436697785293e-01 1.322334838786411448e-01 1.397201436697785293e-01 1.397201436697785293e-01 1.408751602615685057e-02 0.000000000000000000e+00 3.590220383809523963e-03 5.801003292255167698e-02 1.557854150652135741e-02 1.398765697583724266e-01 1.364075695469351979e-01 1.364075695469351979e-01 1.398765697583724266e-01 1.241442344321070784e-01 1.200314983215249320e-01 1.230389591009938832e-01 1.192094444109276369e-01 1.268277211868685805e-01 1.248334388198181349e-01 1.385859893546545485e-01 1.143520474732317993e-01 1.259314490943183318e-01 1.259314490943183318e-01 1.207784805085958119e-01 6.033080173465866364e-02 5.708559985974903661e-02 6.396219456957592808e-02 5.722847624607593081e-02 6.132152460580809344e-02 6.132152460580809344e-02 4.354965293610135041e-02 4.561333637085643322e-02 4.737322860099702632e-02 4.737322860099702632e-02 4.038412307018911934e-02 8.636372911369533112e-02 9.228830289749823113e-02 8.386621354871046097e-02 8.728629103065055350e-02 9.351502452531466891e-02 9.231191932799628908e-02 7.017343690472928330e-02 9.228830289749821725e-02 1.263958253788970976e-01 1.217700438941494989e-01 1.263958253788970976e-01 1.439716055653518512e-01 1.213371459441791866e-01 1.514639692577603447e-01 1.514639692577603447e-01 1.514639692577603447e-01 9.928708556861064183e-02 9.030035961138956069e-02 1.048428490690860165e-01 1.136444574208226449e-01 1.137486973434474469e-01 1.092618729678330181e-01 1.137486973434474469e-01 4.654584073665907901e-02 4.654584073665907901e-02 4.863606072818215525e-02 2.064923866927445839e-01 2.137437079166076281e-01 2.137437079166076281e-01 2.137437079166076281e-01 1.829410273776939377e-01 1.218450925791442624e-01 1.218450925791442624e-01 1.218450925791442624e-01 1.151845180913859124e-01 9.879689247342314518e-02 9.879689247342313130e-02 9.086056206421333492e-02 1.020434437457108795e-01 6.667715621035109896e-02 6.419966391283629670e-02 1.375663367524956049e-01 1.375663367524956049e-01 1.305802134204923637e-01 6.610750540817553200e-02 6.445762529273636743e-02 1.195390371856501349e-01 1.231304445004731130e-01 1.208192451669620193e-01 1.160842493445482237e-01 1.208192451669620054e-01 1.218064758956751426e-01 9.515399284542366831e-02 1.025426481726462447e-01 8.817609380291539789e-02 9.741487674557448850e-02 1.072443348836672750e-01 1.067016043478803133e-01 1.124255140498677114e-01 6.482530974219866127e-02 6.074022123737384676e-02 6.482530974219866127e-02 1.162659036774960214e-01 1.461407762641520336e-01 1.162659036774960214e-01 1.415147356804201673e-01 1.415147356804201673e-01 1.415147356804201673e-01 1.021150291609954214e-01 1.097039027129714517e-01 1.049483575082955505e-01 1.049483575082955644e-01 1.242526450635615676e-01 1.242526450635615676e-01 1.142278695698740187e-01 1.254191482916913181e-01 1.254191482916913458e-01 8.838518493268088250e-02 8.828533358471388204e-02 8.422644362568293408e-02 1.442710212699924444e-01 1.442710212699924444e-01 1.308012382624738068e-01 1.087507724567353951e-01 1.231503986912809989e-01 1.231503986912809989e-01 1.679373079005491709e-01 1.100093593204603121e-01 1.100193772965494948e-01 8.535574232657086591e-02 1.537859086625236460e-01 1.537859086625236460e-01 1.537859086625236460e-01 9.850410553679024572e-02 1.089036617316007094e-01 6.810398515715357370e-02 1.786514121578579861e-01 1.786514121578579861e-01 1.408715142332550019e-01 1.344675025093577114e-01 1.408715142332549741e-01
