0.000000000000000000e+00 6.583468913193150918e-02 4.911607822340444823e-02 2.747047410643265603e-02 1.783379044710164604e-02 1.574222218133750351e-01 1.503812553322066980e-01 1.574222218133750628e-01 1.574222218133750628e-01 1.043613605846966247e-01 1.027166906186858658e-01 1.027166906186858797e-01 1.192865579626698619e-01 9.611533899532762049e-02 1.564753009959496677e-01 1.531684603669227207e-01 1.531684603669227207e-01 1.564753009959496677e-01 1.430951449973554557e-01 1.390411818179820291e-01 1.420352796986774357e-01 1.384349828880555577e-01 1.457111213096289326e-01 1.430215480030536668e-01 1.555420114440923818e-01 1.343855262557510644e-01 1.441634860146981667e-01 1.441634860146981667e-01 1.393947647382119404e-01 1.193214632222078936e-01 1.139161704080888932e-01 1.213070688182057572e-01 7.337500999147411607e-02 7.169964581468694920e-02 7.169964581468694920e-02 8.360960574794754074e-02 8.911335128857422738e-02 8.888228347613383318e-02 8.888228347613383318e-02 9.127430896482607858e-02 1.100859841047770044e-01 1.155610002643245038e-01 1.063672070343155002e-01 1.112866278579029145e-01 1.163311005154819694e-01 1.160260014849068544e-01 9.744474541832760794e-02 1.155610002643245038e-01 1.432220394675786102e-01 1.388179315838341810e-01 1.432220394675786102e-01 1.598090215825380689e-01 1.390411320411408802e-01 1.669113602508539018e-01 1.669113602508539018e-01 1.669113602508539018e-01 1.210239941434395200e-01 1.133685437045002520e-01 1.253795590420547224e-01 1.324417340959039846e-01 1.327161015766340213e-01 1.283733896050553991e-01 1.327161015766340213e-01 9.452832403865644995e-02 9.452832403865644995e-02 9.324473533427393712e-02 2.350147198803910487e-01 2.417172845977810236e-01 2.417172845977810236e-01 2.417172845977810236e-01 2.143386207794598375e-01 1.411510051239683872e-01 1.411510051239683872e-01 1.411510051239684149e-01 1.348003625778909642e-01 1.198639481894082232e-01 1.198639481894082232e-01 1.132008076231312554e-01 1.219889027680929189e-01 8.872472337077177973e-02 8.603850557998519999e-02 1.744230343828775953e-01 1.744230343828775953e-01 1.685547276855030308e-01 9.346784810741298744e-02 1.017048089889535240e-01 1.363877471482875525e-01 1.397827806651119886e-01 1.379033199788416708e-01 1.336537840963107626e-01 1.379033199788416708e-01 1.383867894976415769e-01 1.196386406165984712e-01 1.248216672047129244e-01 1.166967669869539842e-01 1.211846319309497072e-01 1.286472361425522459e-01 1.278056224635107097e-01 1.331425119406818292e-01 1.067131879875862360e-01 1.067753374608606948e-01 1.067131879875862360e-01 1.340824180412879263e-01 1.606329549252573652e-01 1.340824180412879263e-01 6.106657991054973561e-02 6.106657991054973561e-02 6.106657991054973561e-02 1.234624302467235840e-01 1.299079265849885645e-01 1.267485858345168692e-01 1.267485858345168970e-01 1.419056639555882904e-01 1.419056639555882904e-01 1.332017810427527649e-01 1.420956743276155232e-01 1.420956743276155232e-01 1.124707656576311582e-01 1.119846815717416982e-01 1.088563973522097966e-01 1.609465887736693523e-01 1.609465887736693246e-01 1.717089933595095652e-01 1.547413844468097655e-01 1.661632697391163260e-01 1.661632697391163538e-01 2.016639364024132852e-01 1.304683406900200571e-01 1.301235241100570927e-01 1.345676735128762680e-01 1.678544485133635633e-01 1.678544485133635356e-01 1.678544485133635356e-01 1.183780284554977053e-01 1.513521963792952840e-01 1.118684283111161110e-01 2.109387490855401670e-01 2.109387490855402225e-01 6.632325371087903487e-02 5.706260483114020815e-02 6.632325371087903487e-02
6.583468913193150918e-02 0.000000000000000000e+00 1.028628338438482837e-01 8.390268012969162581e-02 7.755345394769394551e-02 1.297519347381664578e-01 1.217320521397018823e-01 1.297519347381664578e-01 1.297519347381664578e-01 6.320395930683821162e-02 6.044294073498009123e-02 6.044294073498009123e-02 8.479626046008049978e-02 5.087783296778813219e-02 1.293748238862213185e-01 1.256282777768747694e-01 1.256282777768747694e-01 1.293748238862212907e-01 1.128166039287097494e-01 1.082325847518223333e-01 1.116043898754744412e-01 1.074177555691756408e-01 1.157442274812472138e-01 1.138266304812890761e-01 1.286351523576522993e-01 1.027496791988126712e-01 1.150035308709434906e-01 1.150035308709434906e-01 1.093074381757425245e-01 8.396982280875099625e-02 7.579607936953938752e-02 8.708329635921688294e-02 1.529431852418705780e-02 1.363255215467568983e-02 1.363255215467568983e-02 3.198552747739433211e-02 3.986442036651111076e-02 4.004877083726234022e-02 4.004877083726234022e-02 4.103150722013559210e-02 6.931162610254926193e-02 7.634101533112502835e-02 6.479556675072117855e-02 7.018085377380652023e-02 7.780505120858392798e-02 7.815969786651934259e-02 5.026431296492545747e-02 7.634101533112502835e-02 1.132554042972234998e-01 1.081751316661297563e-01 1.132554042972234859e-01 1.335637441818796622e-01 1.089802781436753631e-01 1.415641222174831848e-01 1.415641222174832126e-01 1.415641222174832403e-01 8.505474847340536992e-02 7.459558386715307854e-02 9.136811114841281167e-02 1.000348058402330681e-01 1.000712759269732632e-01 9.488994421761286213e-02 1.000712759269732632e-01 4.397062293953850343e-02 4.397062293953849649e-02 4.112288945435757515e-02 2.196015284799665290e-01 2.267132965402995914e-01 2.267132965402996192e-01 2.267132965402996192e-01 1.973486922079032424e-01 1.104146742686234056e-01 1.104146742686234056e-01 1.104146742686234056e-01 1.030499676223102928e-01 8.284193246929508203e-02 8.284193246929508203e-02 7.383425734942496155e-02 8.638271104821183821e-02 3.829652066950366834e-02 3.392268530615229205e-02 1.526130570154709543e-01 1.526130570154709543e-01 1.460134561215941928e-01 4.426959081724052281e-02 5.568706105361028585e-02 1.055642081170118374e-01 1.095714457786983453e-01 1.070377177652522271e-01 1.017919479371497543e-01 1.070377177652522271e-01 1.082393876953264972e-01 8.272968694976877424e-02 8.940003655254354087e-02 7.833922335431840744e-02 8.508524795962257858e-02 9.517511006556335362e-02 9.419788665330106059e-02 1.008022231374302580e-01 6.250058364981626868e-02 6.338898367491442587e-02 6.250058364981626868e-02 1.023876819848703601e-01 1.346754955684528743e-01 1.023876819848703462e-01 1.129469314061998797e-01 1.129469314061998797e-01 1.129469314061998658e-01 8.805205162958079645e-02 9.702148137835404917e-02 9.172621800147061355e-02 9.172621800147059967e-02 1.123867699648044421e-01 1.123867699648044421e-01 1.015476674328048695e-01 1.121374317357487077e-01 1.121374317357487077e-01 7.146226206505508494e-02 7.119472741363290502e-02 6.668972048154793442e-02 1.347234456272457526e-01 1.347234456272457248e-01 1.498781373826243435e-01 1.300298948012142408e-01 1.433253664366250235e-01 1.433253664366250235e-01 1.834968707963221257e-01 9.755241600567919613e-02 9.736553038747551569e-02 1.052550948766121930e-01 1.428339906585390229e-01 1.428339906585389951e-01 1.428339906585389951e-01 8.185933211849083513e-02 1.260412510757941140e-01 7.110406085650737562e-02 1.935989203978349393e-01 1.935989203978349671e-01 1.132670475905754037e-01 1.057397789550501566e-01 1.132670475905754037e-01
4.911607822340444823e-02 1.028628338438482837e-01 0.000000000000000000e+00 5.379183535235624453e-02 5.177738611649179701e-02 1.801711751791701677e-01 1.740248837321066999e-01 1.801711751791701677e-01 1.801711751791701677e-01 1.343157012979768750e-01 1.328642295569373299e-01 1.328642295569373299e-01 1.470154868759105116e-01 1.274500516814597029e-01 1.794633593220184287e-01 1.765837122035628093e-01 1.765837122035628093e-01 1.794633593220184287e-01 1.679138750892733845e-01 1.644795171494357888e-01 1.670095213353562924e-01 1.639475459322060902e-01 1.701950782957918351e-01 1.675458876647497597e-01 1.783492082784090271e-01 1.604014536809556524e-01 1.685223156867249328e-01 1.685223156867249050e-01 1.644360447320860896e-01 1.470884033421691606e-01 1.427498029676618485e-01 1.486726675331855874e-01 1.089517958205338116e-01 1.075084041597892115e-01 1.075084041597891976e-01 1.172103836659115356e-01 1.216036880522090163e-01 1.213539411375443022e-01 1.213539411375443022e-01 1.236633999174516219e-01 1.401470171209780180e-01 1.446705642128825464e-01 1.371465019543112174e-01 1.409523057343151919e-01 1.453356679582436528e-01 1.452346756307640596e-01 1.297032345289892141e-01 1.446705642128825464e-01 1.677292216124959823e-01 1.639357240809098948e-01 1.677292216124959823e-01 1.823804559429241801e-01 1.646207113950517720e-01 1.886304853537497106e-01 1.886304853537497106e-01 1.886304853537497106e-01 1.490848918429271142e-01 1.427521610140593533e-01 1.526826284823770696e-01 1.590086700051947799e-01 1.592084959709276770e-01 1.555271049687682039e-01 1.592084959709276770e-01 1.265100806429317604e-01 1.265100806429317604e-01 1.257238848677890430e-01 2.516055311078406742e-01 2.578175659074105064e-01 2.578175659074105064e-01 2.578175659074105064e-01 2.323448874316110524e-01 1.660107573811362147e-01 1.660107573811362425e-01 1.660107573811362147e-01 1.606266337179122206e-01 1.481420233177153378e-01 1.481420233177153656e-01 1.425862055697888764e-01 1.499450220397614553e-01 1.224454445385823043e-01 1.201519796157638348e-01 1.942944391035506535e-01 1.942944391035506535e-01 1.890298033914486753e-01 1.262979232870734547e-01 1.328698906411981406e-01 1.619885220874493770e-01 1.647929590063826610e-01 1.632371214786420555e-01 1.596167612434989669e-01 1.632371214786420555e-01 1.638714384562566240e-01 1.481918983931676259e-01 1.524783711240469131e-01 1.457405518296440439e-01 1.494861318366970393e-01 1.556784659533104465e-01 1.550375159949720916e-01 1.594337929005759658e-01 1.369059132105006349e-01 1.369380648706274295e-01 1.369059132105006349e-01 1.603067577592565685e-01 1.829505744981292370e-01 1.603067577592565685e-01 1.440550963318959141e-02 1.440550963318959141e-02 1.440550963318958967e-02 1.513864702648492766e-01 1.567960037220088587e-01 1.541039978206305006e-01 1.541039978206305006e-01 1.669956328068186169e-01 1.669956328068186169e-01 1.596630523557568127e-01 1.667540123515856287e-01 1.667540123515856565e-01 1.419010345935977357e-01 1.415013592049923219e-01 1.389084410391688840e-01 1.831166250500456949e-01 1.831166250500456949e-01 1.929073730606108428e-01 1.776426916875098738e-01 1.877999702985532482e-01 1.877999702985532759e-01 2.205285974550468264e-01 1.572940281497462456e-01 1.569874375425202861e-01 1.595986986682679243e-01 1.893295698363339774e-01 1.893295698363340052e-01 1.893295698363340052e-01 1.469274115478695908e-01 1.738980703727787125e-01 1.415507170977176599e-01 2.290991737020810215e-01 2.290991737020809660e-01 7.391797881727346642e-02 6.688942597607243357e-02 7.391797881727346642e-02
2.747047410643265603e-02 8.390268012969162581e-02 5.379183535235624453e-02 0.000000000000000000e+00 1.378935728129946497e-02 1.678161153396821315e-01 1.611824280311297541e-01 1.678161153396821315e-01 1.678161153396821315e-01 1.182868676246774664e-01 1.167589539906950385e-01 1.167589539906950385e-01 1.320065916987089305e-01 1.108204597703637551e-01 1.669252226912369685e-01 1.638184062915604700e-01 1.638184062915604700e-01 1.669252226912369130e-01 1.544085092858243080e-01 1.506451632002613339e-01 1.534208579514858006e-01 1.500771974854636925e-01 1.568628976843159106e-01 1.542068415439585560e-01 1.659221040065489428e-01 1.462647430182783537e-01 1.552626257813473354e-01 1.552626257813473354e-01 1.508237390577757964e-01 1.320701200540639608e-01 1.272319869686195093e-01 1.338512070575517965e-01 9.051135630777651375e-02 8.894773632385635787e-02 8.894773632385634399e-02 9.962904307684662675e-02 1.044806882109671348e-01 1.042349133959198648e-01 1.042349133959198648e-01 1.065798243405193663e-01 1.240666319341247187e-01 1.290303960377013892e-01 1.207303958228740648e-01 1.250750946520339246e-01 1.297433024188459350e-01 1.295297643305454716e-01 1.126479120515467003e-01 1.290303960377013892e-01 1.544158053827073274e-01 1.503084833383364072e-01 1.544158053827073274e-01 1.700639991560881359e-01 1.506998827187958356e-01 1.767772985965258559e-01 1.767772985965258559e-01 1.767772985965258559e-01 1.339381827421937676e-01 1.269790242492191412e-01 1.379190310304155842e-01 1.445751351038821464e-01 1.448136808698304301e-01 1.408116243620062547e-01 1.448136808698304301e-01 1.095923287879932845e-01 1.095923287879932845e-01 1.085761219798399568e-01 2.422851521252098184e-01 2.487626768183351655e-01 2.487626768183351655e-01 2.487626768183351655e-01 2.222463885358681723e-01 1.525084763012527211e-01 1.525084763012527211e-01 1.525084763012527211e-01 1.466160700157575492e-01 1.329055855436142575e-01 1.329055855436142575e-01 1.268307798136751319e-01 1.348645726509762610e-01 1.047790050496322789e-01 1.023210882125593774e-01 1.833835075600862008e-01 1.833835075600862008e-01 1.777963113193344047e-01 1.089938414930730209e-01 1.163065402920787639e-01 1.480806088657453667e-01 1.512110612549460165e-01 1.494660135960206304e-01 1.455264181594086992e-01 1.494660135960206304e-01 1.500074428532351678e-01 1.327986117355656748e-01 1.375272106805446315e-01 1.301091372662426804e-01 1.342114167164420169e-01 1.410226952741709117e-01 1.402827270531212811e-01 1.451447036151560510e-01 1.207949976291223942e-01 1.208318845697027577e-01 1.207949976291223942e-01 1.460507853842445136e-01 1.707802684005825522e-01 1.460507853842445136e-01 6.456591656488691600e-02 6.456591656488690212e-02 6.456591656488690212e-02 1.363015453651351683e-01 1.422209676750506580e-01 1.392994236820717935e-01 1.392994236820717935e-01 1.533333911624013279e-01 1.533333911624013279e-01 1.452952397894848868e-01 1.533591250462780498e-01 1.533591250462780498e-01 1.261392868518613208e-01 1.256971744365675547e-01 1.228545693097266162e-01 1.710260476693693799e-01 1.710260476693693799e-01 1.811346452767000070e-01 1.650017666932618587e-01 1.758047148789194658e-01 1.758047148789194380e-01 2.099700366902023663e-01 1.427353678499347633e-01 1.424183419660645100e-01 1.459511870014680024e-01 1.776162054969409321e-01 1.776162054969409876e-01 1.776162054969409321e-01 1.315495195935792172e-01 1.615545706083375832e-01 1.256246503272216153e-01 2.189106622949553438e-01 2.189106622949553438e-01 4.363624546571897439e-02 3.337829495812005831e-02 4.363624546571896051e-02
1.783379044710164604e-02 7.755345394769394551e-02 5.177738611649179701e-02 1.378935728129946497e-02 0.000000000000000000e+00 1.642642475266803681e-01 1.575065370790502683e-01 1.642642475266803681e-01 1.642642475266803681e-01 1.134130090476549724e-01 1.118064618596067844e-01 1.118064618596067705e-01 1.276313512989857291e-01 1.056739743667722276e-01 1.633636369752754502e-01 1.602041149879442072e-01 1.602041149879442350e-01 1.633636369752754225e-01 1.505170806202431044e-01 1.466810483960448719e-01 1.495093063155236157e-01 1.460983418766174380e-01 1.530037955277692430e-01 1.504080096906887376e-01 1.623853327153160775e-01 1.421960640768147321e-01 1.514596375988883081e-01 1.514596375988883081e-01 1.469198603718965546e-01 1.276501458313015480e-01 1.226318156902360818e-01 1.295170524117764954e-01 8.441163963286224536e-02 8.275177403709932378e-02 8.275177403709932378e-02 9.402077194803887261e-02 9.905429651030796256e-02 9.878735630073845475e-02 9.878735630073844087e-02 1.012228212636307328e-01 1.192594861486649532e-01 1.243430056345501272e-01 1.157902559956086042e-01 1.202865388038575900e-01 1.251082614904106549e-01 1.249148896150452104e-01 1.074171826141402802e-01 1.243430056345501272e-01 1.505609530890050229e-01 1.463854831818933444e-01 1.505609530890050229e-01 1.665950716109751983e-01 1.467651427334586978e-01 1.734251247396300655e-01 1.734251247396300377e-01 1.734251247396300377e-01 1.294450005255178004e-01 1.222641195923185181e-01 1.336167664022392954e-01 1.404212003642231199e-01 1.406445164580835128e-01 1.365702050397819556e-01 1.406445164580835128e-01 1.042744716229705576e-01 1.042744716229705576e-01 1.032039127775626897e-01 2.399529471028138683e-01 2.464882655131548361e-01 2.464882655131548916e-01 2.464882655131548361e-01 2.196790930169170430e-01 1.485884293766201736e-01 1.485884293766201736e-01 1.485884293766201736e-01 1.425748242287789846e-01 1.283778664853175155e-01 1.283778664853175155e-01 1.221293268070585969e-01 1.304517564105969751e-01 9.920871523036016437e-02 9.664791618595044986e-02 1.803329559895975320e-01 1.803329559895975320e-01 1.746586150886096644e-01 1.035903627553694389e-01 1.112168613023619274e-01 1.440943774846768499e-01 1.473173708982934427e-01 1.454787432029989447e-01 1.414354065993637388e-01 1.454787432029989447e-01 1.460717337119741277e-01 1.282848130709345891e-01 1.331506088331746440e-01 1.254914863413646442e-01 1.297550080983167486e-01 1.367817346139978685e-01 1.360291194699256856e-01 1.410001028172502557e-01 1.158484624012832975e-01 1.159263741989135788e-01 1.158484624012832975e-01 1.419573033159071962e-01 1.673491353546194826e-01 1.419573033159071962e-01 6.306909583623458715e-02 6.306909583623457327e-02 6.306909583623457327e-02 1.319147696945891790e-01 1.380399180755084443e-01 1.349554486698347489e-01 1.349554486698347489e-01 1.494667277496370683e-01 1.494667277496370683e-01 1.412013917779973426e-01 1.495004068590501112e-01 1.495004068590501112e-01 1.213635471523195619e-01 1.209324189557515472e-01 1.179879804534119669e-01 1.675654680754826709e-01 1.675654680754826709e-01 1.779711182124293634e-01 1.615186603098559548e-01 1.725293313372280313e-01 1.725293313372280590e-01 2.072456659282106706e-01 1.385361075456012225e-01 1.382415649681875691e-01 1.420439038835248913e-01 1.743035080775254819e-01 1.743035080775255097e-01 1.743035080775254819e-01 1.270037477338170906e-01 1.580812044836477914e-01 1.208740660217064861e-01 2.162901365949702615e-01 2.162901365949702892e-01 5.497498240872179115e-02 4.529343555738636617e-02 5.497498240872178421e-02
1.574222218133750351e-01 1.297519347381664578e-01 1.801711751791701677e-01 1.678161153396821315e-01 1.642642475266803681e-01 0.000000000000000000e+00 1.427453205023687839e-02 3.590220383809525698e-03 3.590220383809525698e-03 1.382802454052056707e-01 1.397201436697784738e-01 1.397201436697784738e-01 1.401630379689081940e-01 1.366036489994534864e-01 1.219634390302620774e-01 1.187254289295262694e-01 1.187254289295262694e-01 1.219634390302620774e-01 9.176568582012617492e-02 9.104825766825044853e-02 9.090140304115439107e-02 8.560642282643017575e-02 9.395569127408068266e-02 1.032907680904440878e-01 1.168616555366352311e-01 8.941176993400890005e-02 1.051361584797991522e-01 1.051361584797991661e-01 1.013818406877191325e-01 1.370354792086421747e-01 1.285930043732012307e-01 1.390064077194665682e-01 1.338078319495326352e-01 1.340932296917931310e-01 1.340932296917931310e-01 1.346777108748884455e-01 1.371913636938022207e-01 1.384076154675658588e-01 1.384076154675658588e-01 1.329257704201712575e-01 9.833863570803702547e-02 9.817129760330481347e-02 1.000579321949423978e-01 1.064306246649532606e-01 9.459573221137007604e-02 9.039430446317205103e-02 1.080721081955601931e-01 9.817129760330481347e-02 1.285565218864704595e-01 1.244249067497407713e-01 1.285565218864704595e-01 1.277101018816866607e-01 1.058167701898249657e-01 1.349295154316189072e-01 1.349295154316189349e-01 1.349295154316189349e-01 9.572033300250114285e-02 9.691263793857329834e-02 9.257465735374573179e-02 1.025524893899853046e-01 1.039385432683908594e-01 1.018428184230741329e-01 1.039385432683908594e-01 1.317219798720678792e-01 1.317219798720679069e-01 1.259063005029587290e-01 2.479019847218813521e-01 2.541069167007671270e-01 2.541069167007671825e-01 2.541069167007671270e-01 2.284505736986655322e-01 9.123266434849623685e-02 9.123266434849623685e-02 9.123266434849623685e-02 8.616475314556697185e-02 1.097920856136909012e-01 1.097920856136909012e-01 1.075109009975111218e-01 1.086229614031529872e-01 1.127864533138342451e-01 1.160415217645444919e-01 1.884967342353128794e-01 1.884967342353128794e-01 1.830043581508605244e-01 1.136459863948285909e-01 1.171299942879537176e-01 1.206575324585420356e-01 1.251222444570332937e-01 1.223686617624923229e-01 1.188528103914883310e-01 1.223686617624923229e-01 1.187607717179245820e-01 8.750527720883814753e-02 8.647261182086909970e-02 9.176729786844693704e-02 8.341539694864356924e-02 8.135701269352371701e-02 7.203034476862725521e-02 8.635507719580134967e-02 1.217557893984655415e-01 1.220466358956017877e-01 1.217557893984655415e-01 1.110043602504958288e-01 1.418000524186747990e-01 1.110043602504958149e-01 1.871895170903176975e-01 1.871895170903176697e-01 1.871895170903176697e-01 8.420245130685970192e-02 6.048170202941100665e-02 8.696060747589579032e-02 8.696060747589579032e-02 1.074837232083761251e-01 1.074837232083761251e-01 9.743927110681659121e-02 1.274234680909639705e-01 1.274234680909639705e-01 1.091390641844678794e-01 1.082659357099655523e-01 1.083380144847772564e-01 1.224236044569431553e-01 1.224236044569431553e-01 1.882192936321569199e-01 1.724699326514624043e-01 1.828968959793288718e-01 1.828968959793288995e-01 2.164398543421330035e-01 6.825241527947903397e-02 7.139296738021731759e-02 1.514263376504950687e-01 1.490582847248058396e-01 1.490582847248058396e-01 1.490582847248058396e-01 1.071813501332261470e-01 1.669783655178719850e-01 1.086548532745616052e-01 2.250927128095251695e-01 2.250927128095251695e-01 1.867698795417216673e-01 1.815356677851305556e-01 1.867698795417216395e-01
1.503812553322066980e-01 1.217320521397018823e-01 1.740248837321066999e-01 1.611824280311297541e-01 1.575065370790502683e-01 1.427453205023687839e-02 0.000000000000000000e+00 1.427453205023687839e-02 1.427453205023687145e-02 1.306568909774187548e-01 1.322334838786409228e-01 1.322334838786409228e-01 1.324698122705673109e-01 1.289459434943576455e-01 1.149116968341154510e-01 1.114673281220881773e-01 1.114673281220881912e-01 1.149116968341154510e-01 8.318559439816268497e-02 8.221071182993858195e-02 8.221984202225569860e-02 7.642253043404355350e-02 8.559711017095679442e-02 9.575829527890765414e-02 1.103122423910922606e-01 8.057948560797770221e-02 9.771434224316977168e-02 9.771434224316979944e-02 9.358540995986498745e-02 1.293397093024172828e-01 1.205505649948869218e-01 1.313920071623383978e-01 1.260438358297548411e-01 1.263625112544795870e-01 1.263625112544795870e-01 1.269440680002190125e-01 1.296433906950885950e-01 1.309252419291231651e-01 1.309252419291231373e-01 1.251660449881799864e-01 8.892997851806991316e-02 8.887349153850306049e-02 9.066721206062947069e-02 9.759220248018511679e-02 8.505727609733733374e-02 8.048781941955376884e-02 9.910168938813934680e-02 8.887349153850307437e-02 1.212114103915373081e-01 1.168228649996930213e-01 1.212114103915373081e-01 1.208601676769496258e-01 9.751791006735414935e-02 1.284656766422447305e-01 1.284656766422447305e-01 1.284656766422447305e-01 8.669529210655403662e-02 8.770739248733649962e-02 8.357311975338001242e-02 9.378263013500431899e-02 9.524388797731049572e-02 9.290029663988697006e-02 9.524388797731049572e-02 1.239808157878698885e-01 1.239808157878698885e-01 1.178611591367341865e-01 2.425969136247835001e-01 2.489770294919750881e-01 2.489770294919751437e-01 2.489770294919751437e-01 2.227500475208590014e-01 8.284449730734634587e-02 8.284449730734634587e-02 8.284449730734635975e-02 7.712785417132345112e-02 1.011937800467259257e-01 1.011937800467259257e-01 9.868695698302065722e-02 9.995847548013253592e-02 1.040265844632206199e-01 1.074490430098363619e-01 1.829439355417060986e-01 1.829439355417060986e-01 1.772616734744762723e-01 1.049688834535566218e-01 1.086997617511921421e-01 1.128046702288132558e-01 1.175385130630368230e-01 1.146641873186678567e-01 1.109250048498322400e-01 1.146641873186678567e-01 1.108119194970570570e-01 7.747533866407477210e-02 7.653018383780174627e-02 8.197063863651925242e-02 7.314312229336375482e-02 7.140357656842627465e-02 6.106397142280471646e-02 7.711801038059160063e-02 1.136204003408674279e-01 1.138575280767304548e-01 1.136204003408674279e-01 1.026459706796064436e-01 1.351375580833194812e-01 1.026459706796064436e-01 1.813075599188936071e-01 1.813075599188936071e-01 1.813075599188936071e-01 7.403286689788143859e-02 4.872792898561335850e-02 7.712339562736765519e-02 7.712339562736765519e-02 9.940761381322632539e-02 9.940761381322633927e-02 8.857626336480382834e-02 1.199973529044232462e-01 1.199973529044232462e-01 1.004869129413687723e-01 9.953604627518870818e-02 9.957953218638156134e-02 1.162062429845369671e-01 1.162062429845369671e-01 1.818433875238648079e-01 1.657466029378492078e-01 1.764903650058547158e-01 1.764903650058547158e-01 2.105421304223765999e-01 5.707851196110392406e-02 6.052612714393258014e-02 1.443995903381130597e-01 1.427359320878969773e-01 1.427359320878969773e-01 1.427359320878969773e-01 9.839435853043108915e-02 1.606289356815655822e-01 9.973313517318270482e-02 2.193939291020295390e-01 2.193939291020295390e-01 1.808999617484677302e-01 1.754580264257578626e-01 1.808999617484677302e-01
1.574222218133750628e-01 1.297519347381664578e-01 1.801711751791701677e-01 1.678161153396821315e-01 1.642642475266803681e-01 3.590220383809525698e-03 1.427453205023687839e-02 0.000000000000000000e+00 3.590220383809527432e-03 1.382802454052056707e-01 1.397201436697784738e-01 1.397201436697784738e-01 1.401630379689081662e-01 1.366036489994534864e-01 1.219634390302620497e-01 1.187254289295262694e-01 1.187254289295262416e-01 1.219634390302620497e-01 9.176568582012614717e-02 9.104825766825044853e-02 9.090140304115439107e-02 8.560642282643018963e-02 9.395569127408068266e-02 1.032907680904440878e-01 1.168616555366352311e-01 8.941176993400890005e-02 1.051361584797991522e-01 1.051361584797991661e-01 1.013818406877191325e-01 1.370354792086421469e-01 1.285930043732012307e-01 1.390064077194665682e-01 1.338078319495326352e-01 1.340932296917931310e-01 1.340932296917931310e-01 1.346777108748884455e-01 1.371913636938022207e-01 1.384076154675658588e-01 1.384076154675658588e-01 1.329257704201712853e-01 9.833863570803701160e-02 9.817129760330481347e-02 1.000579321949423700e-01 1.064306246649532467e-01 9.459573221137007604e-02 9.039430446317205103e-02 1.080721081955601653e-01 9.817129760330479959e-02 1.285565218864704873e-01 1.244249067497407713e-01 1.285565218864704595e-01 1.277101018816866607e-01 1.058167701898249657e-01 1.349295154316189349e-01 1.349295154316189349e-01 1.349295154316189349e-01 9.572033300250114285e-02 9.691263793857329834e-02 9.257465735374573179e-02 1.025524893899853046e-01 1.039385432683908594e-01 1.018428184230741329e-01 1.039385432683908594e-01 1.317219798720679069e-01 1.317219798720679069e-01 1.259063005029587567e-01 2.479019847218813521e-01 2.541069167007671825e-01 2.541069167007671825e-01 2.541069167007671825e-01 2.284505736986655322e-01 9.123266434849623685e-02 9.123266434849623685e-02 9.123266434849623685e-02 8.616475314556697185e-02 1.097920856136909012e-01 1.097920856136909012e-01 1.075109009975111218e-01 1.086229614031530011e-01 1.127864533138342451e-01 1.160415217645444919e-01 1.884967342353128794e-01 1.884967342353128794e-01 1.830043581508605244e-01 1.136459863948285909e-01 1.171299942879537176e-01 1.206575324585420078e-01 1.251222444570332937e-01 1.223686617624923229e-01 1.188528103914883310e-01 1.223686617624923229e-01 1.187607717179245820e-01 8.750527720883814753e-02 8.647261182086909970e-02 9.176729786844693704e-02 8.341539694864356924e-02 8.135701269352371701e-02 7.203034476862725521e-02 8.635507719580136354e-02 1.217557893984655415e-01 1.220466358956017877e-01 1.217557893984655415e-01 1.110043602504958288e-01 1.418000524186747990e-01 1.110043602504958149e-01 1.871895170903176697e-01 1.871895170903176697e-01 1.871895170903176697e-01 8.420245130685970192e-02 6.048170202941101359e-02 8.696060747589580420e-02 8.696060747589579032e-02 1.074837232083761251e-01 1.074837232083761251e-01 9.743927110681660508e-02 1.274234680909639705e-01 1.274234680909639705e-01 1.091390641844678794e-01 1.082659357099655523e-01 1.083380144847772703e-01 1.224236044569431553e-01 1.224236044569431553e-01 1.882192936321569199e-01 1.724699326514624043e-01 1.828968959793288718e-01 1.828968959793288995e-01 2.164398543421330035e-01 6.825241527947902009e-02 7.139296738021730371e-02 1.514263376504950687e-01 1.490582847248058396e-01 1.490582847248058118e-01 1.490582847248058118e-01 1.071813501332261331e-01 1.669783655178719850e-01 1.086548532745616052e-01 2.250927128095251417e-01 2.250927128095251695e-01 1.867698795417216673e-01 1.815356677851305556e-01 1.867698795417216673e-01
1.574222218133750628e-01 1.297519347381664578e-01 1.801711751791701677e-01 1.678161153396821315e-01 1.642642475266803681e-01 3.590220383809525698e-03 1.427453205023687145e-02 3.590220383809527432e-03 0.000000000000000000e+00 1.382802454052056429e-01 1.397201436697784738e-01 1.397201436697784738e-01 1.401630379689081940e-01 1.366036489994534586e-01 1.219634390302620497e-01 1.187254289295262416e-01 1.187254289295262694e-01 1.219634390302620497e-01 9.176568582012614717e-02 9.104825766825044853e-02 9.090140304115437719e-02 8.560642282643017575e-02 9.395569127408068266e-02 1.032907680904440878e-01 1.168616555366352311e-01 8.941176993400890005e-02 1.051361584797991661e-01 1.051361584797991661e-01 1.013818406877191464e-01 1.370354792086421747e-01 1.285930043732012307e-01 1.390064077194665682e-01 1.338078319495326352e-01 1.340932296917931310e-01 1.340932296917931310e-01 1.346777108748884455e-01 1.371913636938022207e-01 1.384076154675658865e-01 1.384076154675658588e-01 1.329257704201712575e-01 9.833863570803701160e-02 9.817129760330481347e-02 1.000579321949423839e-01 1.064306246649532606e-01 9.459573221137007604e-02 9.039430446317205103e-02 1.080721081955601653e-01 9.817129760330479959e-02 1.285565218864704595e-01 1.244249067497407713e-01 1.285565218864704595e-01 1.277101018816866607e-01 1.058167701898249657e-01 1.349295154316189349e-01 1.349295154316189349e-01 1.349295154316189349e-01 9.572033300250112897e-02 9.691263793857329834e-02 9.257465735374573179e-02 1.025524893899853046e-01 1.039385432683908733e-01 1.018428184230741329e-01 1.039385432683908733e-01 1.317219798720678792e-01 1.317219798720678792e-01 1.259063005029587567e-01 2.479019847218812966e-01 2.541069167007671825e-01 2.541069167007671825e-01 2.541069167007671825e-01 2.284505736986655322e-01 9.123266434849625073e-02 9.123266434849625073e-02 9.123266434849623685e-02 8.616475314556697185e-02 1.097920856136909012e-01 1.097920856136909012e-01 1.075109009975111218e-01 1.086229614031529872e-01 1.127864533138342590e-01 1.160415217645445196e-01 1.884967342353128794e-01 1.884967342353128794e-01 1.830043581508605244e-01 1.136459863948285909e-01 1.171299942879537453e-01 1.206575324585420356e-01 1.251222444570332937e-01 1.223686617624923229e-01 1.188528103914883310e-01 1.223686617624923229e-01 1.187607717179246097e-01 8.750527720883814753e-02 8.647261182086909970e-02 9.176729786844692316e-02 8.341539694864356924e-02 8.135701269352371701e-02 7.203034476862724134e-02 8.635507719580134967e-02 1.217557893984655137e-01 1.220466358956017877e-01 1.217557893984655137e-01 1.110043602504958288e-01 1.418000524186747990e-01 1.110043602504958149e-01 1.871895170903176697e-01 1.871895170903176697e-01 1.871895170903176975e-01 8.420245130685970192e-02 6.048170202941101359e-02 8.696060747589579032e-02 8.696060747589579032e-02 1.074837232083761113e-01 1.074837232083761113e-01 9.743927110681660508e-02 1.274234680909639428e-01 1.274234680909639428e-01 1.091390641844678933e-01 1.082659357099655523e-01 1.083380144847772564e-01 1.224236044569431553e-01 1.224236044569431553e-01 1.882192936321569199e-01 1.724699326514624043e-01 1.828968959793288718e-01 1.828968959793288995e-01 2.164398543421330035e-01 6.825241527947902009e-02 7.139296738021730371e-02 1.514263376504950687e-01 1.490582847248058396e-01 1.490582847248058396e-01 1.490582847248058396e-01 1.071813501332261609e-01 1.669783655178720128e-01 1.086548532745616052e-01 2.250927128095251417e-01 2.250927128095251417e-01 1.867698795417216673e-01 1.815356677851305556e-01 1.867698795417216673e-01
1.043613605846966247e-01 6.320395930683821162e-02 1.343157012979768750e-01 1.182868676246774664e-01 1.134130090476549724e-01 1.382802454052056707e-01 1.306568909774187548e-01 1.382802454052056707e-01 1.382802454052056429e-01 0.000000000000000000e+00 1.408751602615684190e-02 1.408751602615684537e-02 4.647558705032224513e-02 2.283428661298212911e-02 1.382787463092731983e-01 1.347374068657652968e-01 1.347374068657653245e-01 1.382787463092731983e-01 1.223969387211763793e-01 1.181523493211365794e-01 1.212623703938484482e-01 1.173364410109385275e-01 1.251524446959506320e-01 1.232660985397839998e-01 1.372240263284263684e-01 1.124786660484358158e-01 1.244662797840824092e-01 1.244662797840824092e-01 1.192639156134619460e-01 4.962884087036529418e-02 4.758062384940241890e-02 5.361283388030572278e-02 6.105020818649885272e-02 6.482690526459899960e-02 6.482690526459901348e-02 4.887320744513384829e-02 5.150473426445579400e-02 5.328400131415088337e-02 5.328400131415086949e-02 4.584093187940277425e-02 8.489658262566249225e-02 9.089201877936257945e-02 8.242003449974195928e-02 8.634965019106503881e-02 9.195497589413323403e-02 9.007224867514362909e-02 6.947800631380268710e-02 9.089201877936257945e-02 1.253709034121518739e-01 1.206340868437622837e-01 1.253709034121518739e-01 1.423922644296857498e-01 1.193654531511221251e-01 1.500088350809078430e-01 1.500088350809078153e-01 1.500088350809078153e-01 9.794275020385256880e-02 8.901262881581314956e-02 1.033090696738053621e-01 1.118366780495895774e-01 1.120571745042083511e-01 1.075047540109590194e-01 1.120571745042083789e-01 5.136788689306535927e-02 5.136788689306535927e-02 5.204136945572417072e-02 2.000501619024117883e-01 2.074830182055593386e-01 2.074830182055593386e-01 2.074830182055593109e-01 1.758990486346901361e-01 1.204164343847814039e-01 1.204164343847814039e-01 1.204164343847814039e-01 1.135735489553341970e-01 9.768033399702261144e-02 9.768033399702261144e-02 8.977057669113740201e-02 1.007042163579429939e-01 6.675953482509409953e-02 6.472379397297764458e-02 1.319334651190815499e-01 1.319334651190815777e-01 1.247077149517819006e-01 6.565276419631646543e-02 6.245633412768822335e-02 1.181892051270752309e-01 1.219363534357113255e-01 1.196032851858155888e-01 1.148305400330248138e-01 1.196032851858155888e-01 1.202544020642904166e-01 9.277366603303809078e-02 1.005680782747025021e-01 8.524344920478817145e-02 9.503274980463632948e-02 1.051458321718079653e-01 1.045499631242650107e-01 1.105042249322403802e-01 6.208407712758746283e-02 5.673401016951358511e-02 6.208407712758746283e-02 1.146450475635651389e-01 1.449381989085296307e-01 1.146450475635651389e-01 1.429682976772587710e-01 1.429682976772587155e-01 1.429682976772587710e-01 1.001672782950568386e-01 1.076464791942385174e-01 1.030973524529735369e-01 1.030973524529735369e-01 1.223407518017346346e-01 1.223407518017346207e-01 1.121419805435060757e-01 1.243222496823942758e-01 1.243222496823942758e-01 8.761585590473532081e-02 8.742470043174935257e-02 8.344991815843860739e-02 1.430112426313809026e-01 1.430112426313809304e-01 1.222707069395685825e-01 9.947061421671164749e-02 1.144412679407057903e-01 1.144412679407057903e-01 1.605020426029203640e-01 1.079645187363413306e-01 1.079626380898209698e-01 7.705160152905024540e-02 1.526900057548916667e-01 1.526900057548916667e-01 1.526900057548916667e-01 9.712059588114198283e-02 1.020958536143992818e-01 6.262924285871919461e-02 1.715228692703098246e-01 1.715228692703097968e-01 1.423635895226317005e-01 1.359428747099677981e-01 1.423635895226317005e-01
1.027166906186858658e-01 6.044294073498009123e-02 1.328642295569373299e-01 1.167589539906950385e-01 1.118064618596067844e-01 1.397201436697784738e-01 1.322334838786409228e-01 1.397201436697784738e-01 1.397201436697784738e-01 1.408751602615684190e-02 0.000000000000000000e+00 3.590220383809523529e-03 5.801003292255164923e-02 1.557854150652134527e-02 1.398765697583723988e-01 1.364075695469351424e-01 1.364075695469351424e-01 1.398765697583723988e-01 1.241442344321069535e-01 1.200314983215248626e-01 1.230389591009937583e-01 1.192094444109276369e-01 1.268277211868685250e-01 1.248334388198180378e-01 1.385859893546543542e-01 1.143520474732317577e-01 1.259314490943183318e-01 1.259314490943183595e-01 1.207784805085956314e-01 6.033080173465861507e-02 5.708559985974903661e-02 6.396219456957590033e-02 5.722847624607586836e-02 6.132152460580805181e-02 6.132152460580805181e-02 4.354965293610133653e-02 4.561333637085639853e-02 4.737322860099698468e-02 4.737322860099698468e-02 4.038412307018909159e-02 8.636372911369528949e-02 9.228830289749817561e-02 8.386621354871039158e-02 8.728629103065053962e-02 9.351502452531462728e-02 9.231191932799620581e-02 7.017343690472918616e-02 9.228830289749817561e-02 1.263958253788970698e-01 1.217700438941494573e-01 1.263958253788970698e-01 1.439716055653517124e-01 1.213371459441791173e-01 1.514639692577602337e-01 1.514639692577602059e-01 1.514639692577602059e-01 9.928708556861053081e-02 9.030035961138940803e-02 1.048428490690859333e-01 1.136444574208226171e-01 1.137486973434473914e-01 1.092618729678329209e-01 1.137486973434473914e-01 4.654584073665907207e-02 4.654584073665907207e-02 4.863606072818214138e-02 2.064923866927444729e-01 2.137437079166074894e-01 2.137437079166074894e-01 2.137437079166074894e-01 1.829410273776937712e-01 1.218450925791441652e-01 1.218450925791441652e-01 1.218450925791441652e-01 1.151845180913858152e-01 9.879689247342306191e-02 9.879689247342304803e-02 9.086056206421326553e-02 1.020434437457108379e-01 6.667715621035102957e-02 6.419966391283626894e-02 1.375663367524954661e-01 1.375663367524954939e-01 1.305802134204922527e-01 6.610750540817551812e-02 6.445762529273633967e-02 1.195390371856500794e-01 1.231304445004730297e-01 1.208192451669618944e-01 1.160842493445481266e-01 1.208192451669618944e-01 1.218064758956751148e-01 9.515399284542365443e-02 1.025426481726461475e-01 8.817609380291527299e-02 9.741487674557443299e-02 1.072443348836672333e-01 1.067016043478802301e-01 1.124255140498676697e-01 6.482530974219867514e-02 6.074022123737383982e-02 6.482530974219867514e-02 1.162659036774959520e-01 1.461407762641520613e-01 1.162659036774959798e-01 1.415147356804198342e-01 1.415147356804198342e-01 1.415147356804198342e-01 1.021150291609953520e-01 1.097039027129714100e-01 1.049483575082955228e-01 1.049483575082955228e-01 1.242526450635615121e-01 1.242526450635615121e-01 1.142278695698738661e-01 1.254191482916912903e-01 1.254191482916912903e-01 8.838518493268085474e-02 8.828533358471378489e-02 8.422644362568280918e-02 1.442710212699923888e-01 1.442710212699923888e-01 1.308012382624735848e-01 1.087507724567352424e-01 1.231503986912808879e-01 1.231503986912809434e-01 1.679373079005490876e-01 1.100093593204602843e-01 1.100193772965494393e-01 8.535574232657074101e-02 1.537859086625235350e-01 1.537859086625235350e-01 1.537859086625235350e-01 9.850410553679019021e-02 1.089036617316005706e-01 6.810398515715354595e-02 1.786514121578579029e-01 1.786514121578578751e-01 1.408715142332548353e-01 1.344675025093575726e-01 1.408715142332548353e-01
