0.000000000000000000e+00 2.252847752259614506e-02 2.209452846033919601e-02 1.933120257930777061e-02 2.582100099565929827e-02 2.519562181650814026e-02 2.078074020389416438e-02 1.750225699906871740e-02 2.189658680190008019e-02 1.707819320114939768e-02 2.308136021559288598e-02 2.272793579966576882e-02 2.048550591945352134e-02 1.675523335506082581e-02 2.146548855815723009e-02 2.458969001659903550e-02 1.793616218948259483e-02 2.462232661891463475e-02 2.113214737083825984e-02 1.969669873516016051e-02 2.287524809803727355e-02 2.362496869765173119e-02 2.294467607605720633e-02 2.433601846700105334e-02 2.306551714684934931e-02 2.017667424870562068e-02 2.515509420074717867e-02 2.488186451419972800e-02 2.320086742371543775e-02 2.072640747862396909e-02 1.963269987245565631e-02 1.942764571599035761e-02 2.182488328642191375e-02 2.175763005382722395e-02 2.104062617980911529e-02 2.221014177166110576e-02 1.697633998270546909e-02 2.687948723683637742e-02 2.245825920250889979e-02 2.435290059741688704e-02 2.135285685355263474e-02 2.338143401921147224e-02 2.215500748563923109e-02 2.202240240207984853e-02 2.378996521065066677e-02 2.450983564368045681e-02 2.222980801759610187e-02 2.276021966651053594e-02 2.544223861841913431e-02 1.816886821368850213e-02 2.222832272814323842e-02 1.674559590456461619e-02 1.743435565057097417e-02 2.025479123267542869e-02 2.249681075414655673e-02 1.840538861472351684e-02 2.477143167805631596e-02 1.951775370728995110e-02 1.530951216600906495e-02 2.058997498637525625e-02 1.839365853924411140e-02 1.954536106014184704e-02 2.167981369275732290e-02 2.325291165015482692e-02 2.143288352588932841e-02 1.759458140956255204e-02 2.876798824480860869e-02 2.533830760719057301e-02 2.107197874006572214e-02 2.877206495141274023e-02 2.233818518341206330e-02 2.251714315351823620e-02 1.550881609672638550e-02 2.299374093102209138e-02 2.173979630767397184e-02 2.083688648548535222e-02 9.938024199671187733e-03 2.231366193051512875e-02 2.141433421707513579e-02 2.062716170202133839e-02 2.585926535465661244e-02 2.277529962802364930e-02 2.424164744413878289e-02 1.773930923480308147e-02 1.701005047994224792e-02 2.280467720247622565e-02 2.168027172708987191e-02 2.160650088622924347e-02 2.475847334970511515e-02 1.573360216652456081e-02 2.213657601781463327e-02 2.399062611683725615e-02 1.999614214349750702e-02 2.205104330915796246e-02 2.041185789494130015e-02 1.858013586512816465e-02 2.368429096152887409e-02 2.168087006149568841e-02 2.199003018036837717e-02 1.962701024115708764e-02 2.088882367458845188e-02 1.678471161785723489e-02 2.385848111339953712e-02 1.799194764152932044e-02 2.305573732183527694e-02 2.431861093628278486e-02 2.850967571538597436e-02 1.132187180349680279e-02 2.354314792779791179e-02 1.910279561457799841e-02 2.582788451259721008e-02 2.006509963965351362e-02 2.033332043594192687e-02 2.117553904376436383e-02 1.318926871530236994e-02 2.308762944422892288e-02 2.250537497513955057e-02 1.898784310029713943e-02 2.141976817049303858e-02 1.985790782937297758e-02 2.427388334361603797e-02 2.489782593004364122e-02 1.994329884082428339e-02 2.227486362373317860e-02 2.179336971239890369e-02 1.069374427528620858e-02 1.994423555482688348e-02 2.237572088385846383e-02 2.411474139506877140e-02 2.537057367201382349e-02 2.296375472675533935e-02 2.142019470842493334e-02 2.273512293942205054e-02 3.118644725994131409e-02 2.158594044693012276e-02 2.967297939200929172e-02 2.188376703137683704e-02 2.162240613846310583e-02 2.163307389511279558e-02 1.058980304886656884e-02 3.285786916244885086e-02
2.252847752259614506e-02 0.000000000000000000e+00 2.149334658250276822e-02 1.830450999517585151e-02 2.227476787510241502e-02 1.870697483734227659e-02 1.996762520627195364e-02 2.308938023704308271e-02 1.964559549977947656e-02 2.054647587615902535e-02 2.149814726118565167e-02 2.200489350250783849e-02 1.922117963931415513e-02 1.827305605285440768e-02 2.177003699047989210e-02 2.176546249531441032e-02 2.137792576904385539e-02 2.188110277438667928e-02 1.942805273761493215e-02 1.945905141132120778e-02 2.146731974403444029e-02 1.874416435435197203e-02 2.620787246941990237e-02 2.069940730647132701e-02 2.144405114382485003e-02 1.646287527609739329e-02 2.008714056077314306e-02 2.263865050413366858e-02 2.093762352203048030e-02 2.003448163625672768e-02 1.991447924162551009e-02 2.161522772630270969e-02 2.034385415109063108e-02 1.888741331452750694e-02 1.904683503268666742e-02 1.903062256541770275e-02 2.411257728064003861e-02 2.015027232549134947e-02 2.076283164544786425e-02 1.603266047797040003e-02 1.843291638184372389e-02 2.175760731827631328e-02 2.098632902840529002e-02 1.919724421633416112e-02 2.019666933190317551e-02 1.919133875973065215e-02 1.938647825245084014e-02 2.228434300457396086e-02 1.546771668791829812e-02 1.861488926504713606e-02 1.816489993323016847e-02 2.023589943644799050e-02 2.127485721475039573e-02 2.046501935392208357e-02 2.132609396354285744e-02 2.329016960882131573e-02 2.297568485921267986e-02 2.076784009194497863e-02 2.273228822211952049e-02 1.786384452634042636e-02 2.483192385150384540e-02 1.917432100557498256e-02 1.175356968076231474e-02 1.981075830033898755e-02 2.193688735009991647e-02 2.118445678399252796e-02 2.246669631825479532e-02 2.289431971532119095e-02 1.837546355694896077e-02 2.210932273708251378e-02 2.090635339826074982e-02 2.110432674228408453e-02 2.340762008832483407e-02 2.139614181456313963e-02 2.123459339618886249e-02 2.295888349759131475e-02 2.173300612563911979e-02 1.592201911090556851e-02 1.638860792304426550e-02 2.119648170896373113e-02 2.352120261495146275e-02 2.114593762395527293e-02 1.102068741961190548e-02 2.175600352078059865e-02 2.176652411272030421e-02 2.031795264865251388e-02 1.969194438541687145e-02 1.691675550252143279e-02 2.174481051575064341e-02 2.086495753246822918e-02 1.601906909461633943e-02 1.825523520847792749e-02 1.655964255959053999e-02 1.923423851221684605e-02 2.001991608970229986e-02 1.988158359946377851e-02 1.943831846884626693e-02 1.906222316706241218e-02 1.035286515376561238e-02 2.062559597015243412e-02 1.930328383319026772e-02 2.206455826878225487e-02 2.020592363570442376e-02 2.451124120564123626e-02 1.907657097779086666e-02 1.706294007876731078e-02 2.256631892515426410e-02 2.263070230334177091e-02 1.842697053030325355e-02 1.986910590071827923e-02 1.955512934447014781e-02 2.067105762161212945e-02 2.036321136937745829e-02 2.150205386864413593e-02 2.068912866847666052e-02 2.009360288182338722e-02 2.071119282329703798e-02 1.644700781849841448e-02 2.032822931738580141e-02 2.307109660124139969e-02 2.126682743729212816e-02 2.226643932983981417e-02 1.823387540832195619e-02 2.100176583560416435e-02 1.262988172060084714e-02 2.351423399766596964e-02 1.712600617557883537e-02 1.557266843717248356e-02 1.922307331046562914e-02 1.120146842276827613e-02 2.134113245844394130e-02 1.141544062713339448e-02 1.974109510476003415e-02 2.870423457369262674e-02 2.255786189406930320e-02 2.608036388321122168e-02 1.943431693034862115e-02 1.709253231589993871e-02 2.027474763638990526e-02 2.015764787632063834e-02 3.003524301812917491e-02
2.209452846033919601e-02 2.149334658250276822e-02 0.000000000000000000e+00 2.053652842757526520e-02 2.369586152427773443e-02 2.284510229996487840e-02 1.085322902266223043e-02 2.100376603702289527e-02 1.956274341800759084e-02 2.033503566321152520e-02 1.444946501190429514e-02 2.098279839590286300e-02 1.352451582285895543e-02 1.885692668184707488e-02 1.941852510140290242e-02 2.253501096044017646e-02 1.643750118083505893e-02 2.101925879659097274e-02 2.014328959799797578e-02 1.905470418645558578e-02 2.199658436160729924e-02 2.098014846257354946e-02 2.527803453654726279e-02 2.191627669919211582e-02 1.889564513992883152e-02 1.885980152389435047e-02 2.248341439747491774e-02 2.353292794262061907e-02 2.193491962527936365e-02 1.654752209150323755e-02 1.873542507564233961e-02 1.861175536608239076e-02 2.110807263154933569e-02 1.905799667472570999e-02 1.612538071076959761e-02 1.845585313771614527e-02 2.232070426978771324e-02 2.495571920367426963e-02 1.555179429954149650e-02 2.250249970310417777e-02 1.383072238225518599e-02 1.906624520411805482e-02 1.744436595015437519e-02 1.652051630848896599e-02 2.112146923243863120e-02 2.231660971118240230e-02 1.914518817796990319e-02 1.081717349407196847e-02 2.478172565342271969e-02 1.774941124350281479e-02 1.646443016335655957e-02 1.915112080997867852e-02 1.873272310451931308e-02 1.031516481416933431e-02 1.981328752321762782e-02 2.134794266283430997e-02 2.289645768952251401e-02 2.043000207315428737e-02 2.066875174389399758e-02 1.536928188316354950e-02 2.313783222986534605e-02 1.618629369943451815e-02 1.940286717843354991e-02 1.960869145230419858e-02 1.590364635986289688e-02 1.880098911593890837e-02 2.682225551796230817e-02 2.409888352441178633e-02 1.955647291950678504e-02 2.684376310620262274e-02 1.863507067574101533e-02 1.917840155908829072e-02 2.042975617471443420e-02 1.948769020761980178e-02 1.853787993701162817e-02 2.078437820396658586e-02 2.121348389472103163e-02 2.143527922699026492e-02 1.792120802947939212e-02 1.932322580494492612e-02 2.312337199147789304e-02 8.169413195260865138e-03 2.308013242739603496e-02 2.033862945102399983e-02 2.012945454387354838e-02 1.946633665740146041e-02 1.619047877968492546e-02 1.689355744981779761e-02 2.340760152886359885e-02 1.918328084553083332e-02 1.838648776276483043e-02 2.131245065713931880e-02 2.083719020519773923e-02 1.834671055226207159e-02 1.969703956754209964e-02 1.934288066376617723e-02 2.088982655454413306e-02 1.938933848194726237e-02 2.193905506545513681e-02 1.847724658049439486e-02 1.610254793597473352e-02 2.062470828761892375e-02 2.100728414850165301e-02 2.277122620986640755e-02 1.982762814340007299e-02 2.290533512356410228e-02 2.626773367864707401e-02 2.174995219891153256e-02 2.193235348000079424e-02 1.756222153021098908e-02 2.380938971324243411e-02 1.854489615667183344e-02 1.748974042249460195e-02 1.905574120196473070e-02 2.054297682703747074e-02 1.954846967261223561e-02 1.970323592646170546e-02 2.223546402517359577e-02 1.883606830092846018e-02 2.210071873268959139e-02 2.049275214207898349e-02 2.271830945706765706e-02 1.863230843822793331e-02 2.150927486894750607e-02 2.209620157640650867e-02 2.166738248029128830e-02 1.787204416168530763e-02 1.994086521384879143e-02 2.083234518470979471e-02 2.465074246832268251e-02 2.092771080941030828e-02 1.949508053071810978e-02 2.038167301148414295e-02 2.923931386256542128e-02 1.957042986107418100e-02 2.818850003276536162e-02 2.154514750006678719e-02 1.788963772670921007e-02 1.949139636835845596e-02 2.180252851631115860e-02 3.127149955222295608e-02
1.933120257930777061e-02 1.830450999517585151e-02 2.053652842757526520e-02 0.000000000000000000e+00 2.534182116573929083e-02 2.203104169938467985e-02 1.864465373097565215e-02 2.000879378578118359e-02 2.021941841812261581e-02 1.059577737233015349e-02 2.078479872140286816e-02 2.148446338534150402e-02 1.846658543722796281e-02 1.569298402215031640e-02 2.111414122921115299e-02 2.154194451792928663e-02 1.821768704474432607e-02 2.166938135292437173e-02 2.009342993117824161e-02 1.739601404913275473e-02 1.943811003114285021e-02 2.052710462834680255e-02 2.509694533873184363e-02 2.108219100406127228e-02 2.087971902080178188e-02 9.450302889450413329e-03 2.212819431429326189e-02 2.118246045577022729e-02 1.775297484397719144e-02 1.858928941057593973e-02 1.825725384017272065e-02 1.826523523119573389e-02 1.782967472185698760e-02 1.954144279674319140e-02 1.839219336578625311e-02 1.942948694541788562e-02 1.969128521218983449e-02 2.373449286675812300e-02 2.049204022644548345e-02 2.100550948469231613e-02 1.944460980355217430e-02 2.045901967712332112e-02 2.101189991659402692e-02 1.863119299120010938e-02 2.074397285861681595e-02 2.089305794959939525e-02 1.864172758044032804e-02 2.103807818497437435e-02 2.379226319023063779e-02 1.793695137106367243e-02 1.936406441386463034e-02 1.917238980629087930e-02 1.838168119389332889e-02 1.922446879001958250e-02 2.093496029366855721e-02 2.046801856184094284e-02 2.264287312257625903e-02 1.980049932055307632e-02 1.937895724070265099e-02 1.896065347239643886e-02 2.090182063771412260e-02 1.570347667101225017e-02 1.853568763488063625e-02 2.059535434503818874e-02 1.990383573651028151e-02 1.538447521103655270e-02 2.601257236237003792e-02 2.079233942668432325e-02 2.034533697199738395e-02 2.599674080389661329e-02 2.047737753616641135e-02 2.039944945268630863e-02 2.013298236459132654e-02 2.081645246676593064e-02 2.007637295504599226e-02 2.100599354427039323e-02 1.953968907588058204e-02 2.160207360351292655e-02 1.755438181257621202e-02 2.027945696394353389e-02 2.524668827874352109e-02 2.114470478439793230e-02 2.081531732941108853e-02 1.885217212913001261e-02 1.794854420087355421e-02 1.875936791549184454e-02 1.929847918600507972e-02 2.004423809796206449e-02 2.009522131100535333e-02 1.807702521617457828e-02 1.960752250802492991e-02 2.079259575852404271e-02 1.002667203033232729e-02 1.852816952161624731e-02 1.976545928024298071e-02 1.762560282228322131e-02 2.036509446867665329e-02 1.906080681645820965e-02 1.463039967528036341e-02 2.004742997628272336e-02 1.958821274746792504e-02 1.886531054834204857e-02 2.003798965884045699e-02 2.083769936684250201e-02 1.948874526930774106e-02 2.175605713707571068e-02 2.584797895561721792e-02 1.647004834451534089e-02 2.299651299969259974e-02 1.774189772592361589e-02 2.294007773273709638e-02 1.649562408783111778e-02 1.929734057566082420e-02 1.969019009598950778e-02 1.879184753740855557e-02 2.004543794801200499e-02 2.135120309901113178e-02 2.126585190759093177e-02 1.979632070841895117e-02 2.190242458015809190e-02 2.135899090847025519e-02 2.172755376274889891e-02 1.780979784842919023e-02 1.665103101744058733e-02 2.108324811830389334e-02 2.017615078718065086e-02 1.800076368812566011e-02 1.968584233164508493e-02 2.138590140080081844e-02 2.263033344460878282e-02 1.978569783670167115e-02 1.469173212153033169e-02 1.918456970152739721e-02 3.088697333775762555e-02 2.025144543120244861e-02 2.943595425306781352e-02 1.490242275548004855e-02 2.004381938399973570e-02 1.900106500220477557e-02 1.979842206442299427e-02 3.265886432057726885e-02
2.582100099565929827e-02 2.227476787510241502e-02 2.369586152427773443e-02 2.534182116573929083e-02 0.000000000000000000e+00 2.601367084732081683e-02 2.112014362805631970e-02 2.684935473282187499e-02 2.122769456962503992e-02 2.600640274622391390e-02 2.524545239730357007e-02 2.640661903772251184e-02 2.243120011760743257e-02 2.269744869751212646e-02 2.197320572993987850e-02 2.693370610669865856e-02 2.516424287764807560e-02 2.630449515529457993e-02 2.491422130785770142e-02 2.447215613868402445e-02 2.656548772421832641e-02 2.468195923844678646e-02 2.791418331935417371e-02 2.581039572125577025e-02 2.378266124689530289e-02 2.386937403828490525e-02 2.596086735296529099e-02 2.789365961095690086e-02 2.664079034018125916e-02 2.268922654264866196e-02 2.462358883505272669e-02 2.443322828270715757e-02 2.535115111057663004e-02 2.384977052726487690e-02 2.417800883408143323e-02 2.137310997695554202e-02 2.746474432164172294e-02 2.818036073922056822e-02 2.389758929462566794e-02 2.581501018110196263e-02 2.121928846046418696e-02 2.631002700578279757e-02 1.751714091302523230e-02 2.452597647506446141e-02 2.574982718959805891e-02 2.634835035803195780e-02 2.425193516319112952e-02 2.545932623410702630e-02 2.241066458605595405e-02 2.060556773485418269e-02 2.288958163327347098e-02 2.289830365451389627e-02 2.511627813558281463e-02 2.334394113423326339e-02 2.305794108968857795e-02 2.587661991165241329e-02 2.770575853695494278e-02 2.454755587312633380e-02 2.623195316506686525e-02 2.078452393406752391e-02 2.838011808542402828e-02 2.254021980883523166e-02 2.116121833688309334e-02 2.310458070445306836e-02 2.581574660418919573e-02 2.565809241126664614e-02 2.968877378034724679e-02 2.847137921818702552e-02 1.668385814749689944e-02 2.966848321493505483e-02 2.177425376552086581e-02 2.350727936172912480e-02 2.692777302118959382e-02 2.357159293174935014e-02 2.324454837333710111e-02 2.414077479187377515e-02 2.463983652741628602e-02 1.851084632461707721e-02 2.316343383742649337e-02 2.126483354656502622e-02 9.240169390414568196e-03 2.335323632416255388e-02 2.492884074896076566e-02 2.519645274104694369e-02 2.621555264102003874e-02 2.568185955604857310e-02 2.271989175244781139e-02 1.718167422261619379e-02 2.789021953677505924e-02 2.429304066419340352e-02 1.980945292015864889e-02 2.443376400349916988e-02 2.462548131626646208e-02 2.267117030008356654e-02 2.436777842272074349e-02 2.385752562328390114e-02 2.486258889535046535e-02 2.353168063087274914e-02 2.407301866181292896e-02 2.226538545331486693e-02 2.223134304529238159e-02 2.559983602996730029e-02 2.604698256706129353e-02 2.792287389145284640e-02 2.396908781959791387e-02 2.606347865537057135e-02 2.918263736896670180e-02 2.661446817475101104e-02 1.056488447345322289e-02 2.305900276632602899e-02 2.702077703068705636e-02 2.480460512213912561e-02 2.465320486717360177e-02 2.294950383008782790e-02 2.379654364480656564e-02 2.335088107227813181e-02 1.610429937977021428e-02 1.973159717869824026e-02 2.271202718691279002e-02 2.508237102673677513e-02 2.463927319369726282e-02 2.689289956067792212e-02 2.472797971393436711e-02 2.680147178058972512e-02 1.725881477814605880e-02 2.685775251074719663e-02 2.184337957362730495e-02 2.170122627330535806e-02 2.452689416851901172e-02 2.346992870044053991e-02 2.572245367681706002e-02 2.304497652999825189e-02 2.408838812698676710e-02 1.538377277105622623e-02 2.477577824213211127e-02 1.428302937665965403e-02 2.579187496273259092e-02 2.081099468792660043e-02 2.508235729242250592e-02 2.334351787052166283e-02 1.816134006178415916e-02
2.519562181650814026e-02 1.870697483734227659e-02 2.284510229996487840e-02 2.203104169938467985e-02 2.601367084732081683e-02 0.000000000000000000e+00 2.150201654718250296e-02 2.397799081315828487e-02 2.079969464975755730e-02 2.198497727547387912e-02 2.256066534433575146e-02 2.183213553048734407e-02 2.051101984766769137e-02 2.210544093226394016e-02 2.321068131832785403e-02 1.845361940843874213e-02 2.240564610272537116e-02 2.012674187849157470e-02 2.103623851077160781e-02 2.111876353699143963e-02 2.141260239809256172e-02 1.121049522914853609e-02 2.833285376336453984e-02 1.534600527916897897e-02 2.144253736893126164e-02 2.092244799621206797e-02 8.844441866976250968e-03 2.067414788004297635e-02 1.972388241909267190e-02 2.096191929736144349e-02 2.001135689624995717e-02 2.282838439380430878e-02 2.071966737027713598e-02 1.885881230053737187e-02 1.938851344563894200e-02 1.920624837822742723e-02 2.542085179314620622e-02 1.399165657421720665e-02 2.228119833006659417e-02 1.039999549515313419e-02 2.080512846819794828e-02 2.087995582048066817e-02 2.285867075073554772e-02 1.980726372614820957e-02 1.708000389213611830e-02 1.337658638281402461e-02 1.718946476337596119e-02 2.332141185644989734e-02 2.368164337353106247e-02 2.108692231679903592e-02 2.089616063893632442e-02 2.242163513812635983e-02 2.308092390360902760e-02 2.147443271038861415e-02 2.280680357563345806e-02 2.524018119213317438e-02 2.115396368756168252e-02 2.277116599265867000e-02 2.434154179542138280e-02 1.846551042579921975e-02 2.588279769409590134e-02 2.051064268284287159e-02 2.022691396135382208e-02 1.767827403083162968e-02 2.267722628829672848e-02 2.199051685155350294e-02 1.717391505151638978e-02 2.073209807647006381e-02 2.167427186304429418e-02 1.637369283084186625e-02 2.206373879961064446e-02 2.096645374148864774e-02 2.466234245674521486e-02 2.117075930771569053e-02 2.242356609403509116e-02 2.469484764456879311e-02 2.445615870660760444e-02 2.141227350090146864e-02 1.927232836899929469e-02 2.316270260315438437e-02 2.620393463290589600e-02 2.296403702136748728e-02 1.960956565026816811e-02 2.425416758502307174e-02 2.250904723016088418e-02 1.871068124260615029e-02 2.033683267241577497e-02 2.043988153534568100e-02 1.874571148931715794e-02 2.298875005448779846e-02 2.017477768991913362e-02 9.648034123216417748e-03 2.159934949093556683e-02 1.822685116614651199e-02 2.054294370341997605e-02 2.164806998643868316e-02 1.585707602465010260e-02 1.699221394830327525e-02 2.082028488388396048e-02 2.300084109618889469e-02 2.208937104010562022e-02 2.375948661357219632e-02 1.672316703058424753e-02 2.570621458559641664e-02 1.472358193271316659e-02 1.928059128562670949e-02 1.637974170378606389e-02 2.449787128850240692e-02 2.347770074344412983e-02 2.134311826841660611e-02 1.646141306275883051e-02 2.067367206158813794e-02 2.133214849910415947e-02 2.275225700391184103e-02 2.381243093631237734e-02 1.909970167767023955e-02 2.261711045095318728e-02 2.310403426048595471e-02 2.246386322945981978e-02 2.527996264415580119e-02 2.030895372823543835e-02 1.829206320900250010e-02 1.738642011505064228e-02 1.982597871403731643e-02 2.201502032567573958e-02 2.535318128388628148e-02 2.161002158197933287e-02 1.649931021752454666e-02 1.246718383608406283e-02 2.269061195575119635e-02 1.916792220527094304e-02 1.950024484975596689e-02 1.795956818104025784e-02 3.148665146615727689e-02 2.373981858479000048e-02 2.982748544145488040e-02 2.080745644490951743e-02 2.015867059838686789e-02 1.910991621940874227e-02 2.437045193428709344e-02 3.310432518691178855e-02
2.078074020389416438e-02 1.996762520627195364e-02 1.085322902266223043e-02 1.864465373097565215e-02 2.112014362805631970e-02 2.150201654718250296e-02 0.000000000000000000e+00 1.975296739168356727e-02 1.710515625909408630e-02 1.883896009936036550e-02 1.655881904961664999e-02 1.955962592734187752e-02 9.815191853145228962e-03 1.725312087387706125e-02 1.558920226856838794e-02 2.126049595409322882e-02 1.640352860314164829e-02 2.032320349578252763e-02 1.841311730135984995e-02 1.817039844769080884e-02 2.092825738223393073e-02 1.955365830411778111e-02 2.320585135434798107e-02 2.018770481326308264e-02 1.652311004248527629e-02 1.603554320299357960e-02 2.112908770314136583e-02 2.243802200803187569e-02 2.064920190813026440e-02 1.255106381859884268e-02 1.693115654160755323e-02 1.488543430224448412e-02 1.967000753667511037e-02 1.788925779233295141e-02 1.453549309653038094e-02 1.561014400037173851e-02 2.038423900555523874e-02 2.379863054489679552e-02 1.577928868912163718e-02 2.117448569310167311e-02 1.349471145869478479e-02 1.928404528990866965e-02 1.159328682719342439e-02 1.646310324417944032e-02 2.005144954623947623e-02 2.111861945019280137e-02 1.733757918862850397e-02 1.556779470939068447e-02 2.363976679089478672e-02 1.611570533131767569e-02 1.623021208148010819e-02 1.755690633139076265e-02 1.824018170607994566e-02 1.355078245281002465e-02 1.679022838051395447e-02 2.010075342225615264e-02 2.163887826335720091e-02 1.851442934214895739e-02 1.973869510196000696e-02 1.527716481345024052e-02 2.163556962547720161e-02 1.108084000712943225e-02 1.765515071674178885e-02 1.744565686963240464e-02 1.763008645491390830e-02 1.739615595669301643e-02 2.569355234574682498e-02 2.302215510526133338e-02 1.755019610162346713e-02 2.577345327933522334e-02 1.429872833755898437e-02 1.642592289177308845e-02 1.980305295448244948e-02 1.689675704742975987e-02 1.514709865639197670e-02 1.867319349497437511e-02 1.972189422747399126e-02 2.017236945588613689e-02 1.717164877785279722e-02 1.689676848019184066e-02 1.965834136749163019e-02 1.289468392533661689e-02 2.158797731261177452e-02 1.933431061256256356e-02 1.878854622867939111e-02 1.873668023291718068e-02 1.445177157206460963e-02 1.587487035922591910e-02 2.233909929530994778e-02 1.741593817564887972e-02 1.649838545175681334e-02 1.980664441545890164e-02 1.926718178588057717e-02 1.465571531143618038e-02 1.800426051613703352e-02 1.785441571408182340e-02 1.871433079550555156e-02 1.739188503385353732e-02 2.044496617957494711e-02 1.683040897318096446e-02 1.520342721247808920e-02 1.905910829568315326e-02 1.985468557724808653e-02 2.127145220483902047e-02 1.753530698669390417e-02 2.134097565825672851e-02 2.524565411551601968e-02 2.015986394584203326e-02 2.018005132243286606e-02 1.419197200812787746e-02 2.223954654499745928e-02 1.566179668750854528e-02 1.582893321358019509e-02 1.594306163067451404e-02 1.876974072032685029e-02 1.608718784049321948e-02 1.640564779304976017e-02 2.082849676659983412e-02 1.552183908729911146e-02 1.977062922859676788e-02 1.894395320954164394e-02 2.088028622157361847e-02 1.704801347834655756e-02 2.040869327300630018e-02 2.053566950670635341e-02 2.077906299507390267e-02 1.586126165846304600e-02 1.875913976274407383e-02 1.968499959851100975e-02 2.342186490894697035e-02 1.876278712077370653e-02 1.778549301108330039e-02 1.838585889106023052e-02 2.673286543915706984e-02 1.604280350593751542e-02 2.636100289736569013e-02 2.013848478500335909e-02 1.701531692688273978e-02 1.772070945438533954e-02 2.032671430135469387e-02 2.925084109862228360e-02
1.750225699906871740e-02 2.308938023704308271e-02 2.100376603702289527e-02 2.000879378578118359e-02 2.684935473282187499e-02 2.397799081315828487e-02 1.975296739168356727e-02 0.000000000000000000e+00 2.170199000311134885e-02 1.755902223845984614e-02 2.209419511788476148e-02 2.209906567641337430e-02 1.896794395155552634e-02 1.936335259362169728e-02 2.218159684840814022e-02 2.318849238866851903e-02 1.494295451722901964e-02 2.302358426177127104e-02 2.116381507948010207e-02 1.954869635320609020e-02 2.229082650790316714e-02 2.252180442651577005e-02 2.556200359968163749e-02 2.309099423902254145e-02 2.231612172122714524e-02 2.007075837151183276e-02 2.401078861749096280e-02 2.386971018753226634e-02 2.230548980853567717e-02 1.919743345869043966e-02 1.224781516395599332e-02 1.723767278320718216e-02 2.140103814226859691e-02 1.809461306569518091e-02 1.854874327551370508e-02 2.146567742906718354e-02 1.356660055966578925e-02 2.547417344195369512e-02 2.185247093437894111e-02 2.282957168076810497e-02 2.073905144044414436e-02 2.204811590249045050e-02 2.211402148252202340e-02 2.065279376023765670e-02 2.162663345845690366e-02 2.295722546029901889e-02 2.054916575575349569e-02 2.179014620996833421e-02 2.662737503087216767e-02 1.978845745222200872e-02 2.176156289382686834e-02 2.021815646380217824e-02 1.789752397055918362e-02 1.884372717175719636e-02 2.160871753765773035e-02 1.985024845856209891e-02 2.372768400536702862e-02 2.062236112880184991e-02 1.609436204963314576e-02 2.042868704188489579e-02 1.306711643058768198e-02 1.819649541648129046e-02 2.218234264904732356e-02 2.249721738639346574e-02 2.063956798748367572e-02 1.535796648322480633e-02 2.760993315188024419e-02 2.435150087532949800e-02 2.215347841968569320e-02 2.754868008326907466e-02 2.135195510708614436e-02 2.190120337681084051e-02 9.621720977081924323e-03 2.250641130868676759e-02 2.021279356336897620e-02 2.179351592059457568e-02 1.931109067490795542e-02 2.366295901020526796e-02 2.106941315038269452e-02 2.171781922121242617e-02 2.653342805320725584e-02 2.192521413599184121e-02 2.441651519546915450e-02 1.953581681770064082e-02 1.313164158581386042e-02 2.138985581933539049e-02 2.054320048213734845e-02 2.188933278387578465e-02 2.366850679067923277e-02 1.625695822777559196e-02 2.219286047259157527e-02 2.305835787673965465e-02 2.112088232389748577e-02 2.080271030604324833e-02 2.090620109224151230e-02 1.863161394198010329e-02 2.231879444883426780e-02 2.086181432306391526e-02 2.292869766903310458e-02 2.140724149891044120e-02 2.123510737669771428e-02 1.430740670437802807e-02 2.225133754767907868e-02 1.039197913117346529e-02 2.171046744050511915e-02 2.403872075878038875e-02 2.740885267421838342e-02 1.537841793617582969e-02 2.486665159873521075e-02 1.656923635718894616e-02 2.485509050315032678e-02 1.838699680113807175e-02 1.905565781015203589e-02 2.130359516418130900e-02 1.923321377166165372e-02 2.180829630497867558e-02 2.295555270423570854e-02 2.319193825019062044e-02 2.048145835160742820e-02 2.250888860718447057e-02 2.304994657421009785e-02 2.365947604088277506e-02 1.572689595588783185e-02 2.153068428590139763e-02 2.398354258171107867e-02 1.441802401150019987e-02 2.060623441859971150e-02 2.245612589517160043e-02 2.317956635377317262e-02 2.631641570565654287e-02 2.171940536748655573e-02 2.154798841958876013e-02 2.186240608384111550e-02 3.202006847543220625e-02 1.972334301958331496e-02 3.080499589090603466e-02 2.178777058553008072e-02 2.072719524252732148e-02 1.692110617183142582e-02 2.013954999288072520e-02 3.381875654831840300e-02
2.189658680190008019e-02 1.964559549977947656e-02 1.956274341800759084e-02 2.021941841812261581e-02 2.122769456962503992e-02 2.079969464975755730e-02 1.710515625909408630e-02 2.170199000311134885e-02 0.000000000000000000e+00 2.047918500522482449e-02 2.022834327496323206e-02 1.976494751097050348e-02 1.732175239584443638e-02 1.740560500875621211e-02 1.841657268558877930e-02 2.113260315405880718e-02 1.979804006845982053e-02 2.141284351935886232e-02 1.860779086507059407e-02 1.922597214185858480e-02 2.126733357061996732e-02 1.732219337484107100e-02 2.444454775110243075e-02 1.961314492395079337e-02 1.780788225919386833e-02 1.874083384858328538e-02 2.042066588808892635e-02 2.243718178455628501e-02 2.052688858973114247e-02 1.764123621366662023e-02 1.822786901591568962e-02 1.872865845630754950e-02 1.990318990955589756e-02 1.863541391424147070e-02 1.873469485792776668e-02 1.735076198967465747e-02 2.272037423137675261e-02 2.331578108023853527e-02 1.827073825842245869e-02 2.092331499833542663e-02 1.699544910649627982e-02 2.095691658916007741e-02 1.720218708475814914e-02 1.916831889039313785e-02 2.026800918411680169e-02 2.049444477306925846e-02 1.665298611669598430e-02 2.087875217914935896e-02 2.308639814991239950e-02 1.483857256497132793e-02 1.872362507348870192e-02 1.684738222150317100e-02 2.010720340389026903e-02 1.850431811857748687e-02 1.033975181476182170e-02 2.177588507297513118e-02 2.159354204270987065e-02 1.919677606450517077e-02 2.168694139049642811e-02 1.585893767563048562e-02 2.373591862931467844e-02 1.639406257234702485e-02 1.745457313684262504e-02 1.820747385467401044e-02 2.076765702112612008e-02 1.985477983265989191e-02 2.522227381015372874e-02 2.290102068348681685e-02 1.051409960704525852e-02 2.534719824983227426e-02 1.519736101518038250e-02 1.750173595404662039e-02 2.216454068031332644e-02 1.842070155890370223e-02 1.458102905630950102e-02 2.049514539494546109e-02 2.009662394886146258e-02 1.959613251363967121e-02 1.867677148601354364e-02 1.808087900182930169e-02 2.163594012770772915e-02 1.949562693803364236e-02 2.116422207777487671e-02 2.059183828017317058e-02 2.103947155402141264e-02 1.947318882276702010e-02 1.571034385754917218e-02 1.641687184804944272e-02 2.218506260225112589e-02 1.870308245915713180e-02 1.711601504575322591e-02 1.879897843046256234e-02 1.962899486279919350e-02 1.658059051118784127e-02 1.623773494992502078e-02 1.824423947659769771e-02 1.822941794907494140e-02 1.169668262459131088e-02 2.034204734748514334e-02 1.748887505790767613e-02 1.699554416619350819e-02 2.033026317617599513e-02 1.951911088377319969e-02 2.317724154212879098e-02 1.737643355953227484e-02 2.097167336881909996e-02 2.473451676850259989e-02 2.192866950224410527e-02 1.849209360687048206e-02 1.538365219951139638e-02 2.175501895908516642e-02 1.753332051097661326e-02 1.861435891776931986e-02 1.853767554897906011e-02 1.948471854085722862e-02 1.662596184924751072e-02 1.820606166652398439e-02 2.032300578407481365e-02 1.395478284933570137e-02 2.114799980139083282e-02 2.036079840177018596e-02 1.945435275699213332e-02 1.892725731851117171e-02 2.085381525837809100e-02 1.951834884895684713e-02 2.259179736264331148e-02 1.571323090520473573e-02 1.850337986763020762e-02 1.906351467655424334e-02 2.294495092618866958e-02 1.671883062804317352e-02 1.900846138439711563e-02 1.873423077837822748e-02 2.760588516953054600e-02 1.771083886985088882e-02 2.561501307024520793e-02 2.023130364974270665e-02 1.797728767717043236e-02 1.787205800842919454e-02 2.075286808160141730e-02 2.930991861242777247e-02
1.707819320114939768e-02 2.054647587615902535e-02 2.033503566321152520e-02 1.059577737233015349e-02 2.600640274622391390e-02 2.198497727547387912e-02 1.883896009936036550e-02 1.755902223845984614e-02 2.047918500522482449e-02 0.000000000000000000e+00 2.064008777778634368e-02 2.080228713057873102e-02 1.823897147588841514e-02 1.746673015189998193e-02 2.121844979051429672e-02 2.090036021398544719e-02 1.575008702405438984e-02 2.104902669225794734e-02 1.994157802752644440e-02 1.783032895958212155e-02 1.953337949002120072e-02 2.015618098662524602e-02 2.515380447210081860e-02 2.077274825434214170e-02 2.091624005360899138e-02 1.471422879806087887e-02 2.198001393962553673e-02 2.053422430650694158e-02 1.663931073795216209e-02 1.839035446496471368e-02 1.704981936577108781e-02 1.738751706588658602e-02 1.847396212908860441e-02 1.909637917424445927e-02 1.776712126192709490e-02 1.980799213804104730e-02 1.658331774307441817e-02 2.339308570185249722e-02 2.066078259882194595e-02 2.094994111370804615e-02 1.984187098952055681e-02 1.949470422171115450e-02 2.135194379053095143e-02 1.835040257397914723e-02 2.002104135016733247e-02 2.005369747974223432e-02 1.788463994488988587e-02 2.071008383991431584e-02 2.516560932348088642e-02 1.863304550284546057e-02 2.023264608995159128e-02 1.918377729528859474e-02 1.788359479100715480e-02 1.847284014231099364e-02 2.122642684729990348e-02 2.012812833509732696e-02 2.195783444836182929e-02 1.985187647822693469e-02 1.768222530102908294e-02 1.919312083122976659e-02 1.788869868867976748e-02 1.639520214948127566e-02 2.032739683472750691e-02 2.081439152110082028e-02 1.927944034043680213e-02 1.075388740047183468e-02 2.586163167160519805e-02 1.951900775948846659e-02 2.103927544858404455e-02 2.588454018304114576e-02 2.078457691232383012e-02 2.022587560401931800e-02 1.749334642703592041e-02 2.111014899116163065e-02 2.013824099785580662e-02 2.128181730287516046e-02 1.872570831371948852e-02 2.250877650752478379e-02 1.877509552674342524e-02 2.081431489633788628e-02 2.576857021562617769e-02 2.124536816390132365e-02 2.223934232979994305e-02 1.914929317286671179e-02 1.474872106929454516e-02 1.726411277250093634e-02 1.929187988865089382e-02 2.074881811131829012e-02 1.817296168750718449e-02 1.762701752605545444e-02 2.065481486497833252e-02 2.088007466744801546e-02 1.548173599586072022e-02 1.888428038396930408e-02 1.941614423430877701e-02 1.785305188222443412e-02 2.012873815271020578e-02 1.858467076208963550e-02 1.882676525788844202e-02 2.047638061611208732e-02 2.021097586389133255e-02 1.768796599817406764e-02 1.890197026664537303e-02 1.826900875791283296e-02 1.939111106162001719e-02 2.222444000025010011e-02 2.572609190931505335e-02 1.151337474701720660e-02 2.382687249837447604e-02 1.774471280593058892e-02 2.294682987020851134e-02 1.489511430067415321e-02 1.839271872833119631e-02 2.021318917257720546e-02 1.878650054069844894e-02 2.022469226148275456e-02 2.189514689281942331e-02 2.197911860469025855e-02 2.032296281958704404e-02 2.195939991380616713e-02 2.123311247656677753e-02 2.114088407081679555e-02 1.647417538483645846e-02 1.330744321119900833e-02 2.240940621956650017e-02 1.778924621534151707e-02 1.936520089502783565e-02 2.053952146450509567e-02 2.131510946056661138e-02 2.443124645729995506e-02 1.891141021225455424e-02 1.803345285779801160e-02 1.945428910454329377e-02 3.138956813326839596e-02 1.988508470167995798e-02 3.006491625596437525e-02 1.661922431416776313e-02 2.045283308630699640e-02 1.796817732738441309e-02 1.936363829991427643e-02 3.319486539932812313e-02
2.308136021559288598e-02 2.149814726118565167e-02 1.444946501190429514e-02 2.078479872140286816e-02 2.524545239730357007e-02 2.256066534433575146e-02 1.655881904961664999e-02 2.209419511788476148e-02 2.022834327496323206e-02 2.064008777778634368e-02 0.000000000000000000e+00 2.200326995450753789e-02 1.601448894918319765e-02 1.942722177997969688e-02 2.066434450621035951e-02 2.225466631628542774e-02 1.983735020301048702e-02 1.994625425122212650e-02 2.117743647957651826e-02 1.832761006198598691e-02 2.134041382852929630e-02 2.077224531720107958e-02 2.620744008666175962e-02 2.190359033044861348e-02 1.839536045537028264e-02 1.939109770486251855e-02 2.261106692560092488e-02 2.281080143436704441e-02 2.070028790428591822e-02 1.837895114735582300e-02 1.886252347202066817e-02 2.018979179998409840e-02 2.085226918098756835e-02 1.892017868689224031e-02 1.447596179373206692e-02 1.935844134905192332e-02 2.336493011723775673e-02 2.447408070171916764e-02 9.806888287446453509e-03 2.206175033201877855e-02 1.530891730381219590e-02 1.681073767106931044e-02 2.008007917039570864e-02 1.034318321824612315e-02 2.044987275320248390e-02 2.143115453169152501e-02 1.777833293407715329e-02 9.239680786955370775e-03 2.503596191666230750e-02 1.914146603412534078e-02 1.586795529292878495e-02 2.012669012370217961e-02 1.865247306324035320e-02 1.733294591139454555e-02 2.041261067279867558e-02 2.205357467042493372e-02 2.322847812940875833e-02 2.132320592485745583e-02 2.136256612293295845e-02 1.836558725657065627e-02 2.403772847334017387e-02 1.820356347705381558e-02 1.977649470638989659e-02 2.029707430700160298e-02 1.421831866599860411e-02 2.038854957190457812e-02 2.667358469331047865e-02 2.302135781123950189e-02 2.077547966489655742e-02 2.668813890532467301e-02 1.976865612929188526e-02 1.886615182840328461e-02 2.235022528245827686e-02 1.999562731879122104e-02 1.902246388957475054e-02 2.186347140724969121e-02 2.214448911528276581e-02 2.190308845221885028e-02 1.587944378221761016e-02 2.053650669098877959e-02 2.492701610899274167e-02 1.540215942658445213e-02 2.323374229586597228e-02 2.072308003692284462e-02 2.091366422996089949e-02 1.644494629318811463e-02 1.463090618371951264e-02 1.889701858603031609e-02 2.221026130158207379e-02 1.978282975902001181e-02 1.954902293699425572e-02 2.081695784483726663e-02 2.081058733690993243e-02 1.905715584563273668e-02 2.051410396279048157e-02 1.976474319761506102e-02 2.062120214016838204e-02 1.944052212768900695e-02 2.189321624669114327e-02 1.892622073480391964e-02 1.508724082804045567e-02 2.131972193580762565e-02 1.908262935175862249e-02 2.369755020194569059e-02 1.934153793071725913e-02 2.323847979637285593e-02 2.635531976530691711e-02 2.259173154567268443e-02 2.319105307158536231e-02 1.843277898379595478e-02 2.376406897430383830e-02 2.000494137154254851e-02 1.960761083668038224e-02 2.036492191937623597e-02 2.137406207411768344e-02 2.000417207719669410e-02 2.123152597879312750e-02 2.294179278242810746e-02 1.954539674760171972e-02 2.309749101277943154e-02 2.029546108028712839e-02 2.295421482836669524e-02 1.825017860158588759e-02 2.008657136162564361e-02 2.279121414797053921e-02 2.289260678893784498e-02 1.802732582904524941e-02 1.920358243786257635e-02 2.150790301465199325e-02 2.476760978306284666e-02 2.147090998840550310e-02 1.895586229112769527e-02 2.052803260396834917e-02 3.068600306144183415e-02 2.061732841442472444e-02 2.943454264108604987e-02 2.094238967309196287e-02 1.850135580713004740e-02 1.869694850938020264e-02 2.269405614429608961e-02 3.254804375452149262e-02
