0.000000000000000000e+00 8.347643378977613257e-03 7.540420216049755278e-03 8.483671285552931915e-03 7.458835861747907872e-03 9.136710342172822338e-03 8.661642455432338322e-03 8.809608371966842766e-03 7.237883539614152484e-03 7.993850052345074716e-03 8.779802218592046986e-03 8.043455788410215287e-03 8.617721551856395712e-03 8.647499463920953200e-03 8.220189520643989001e-03 7.545886481856131298e-03 8.805811047960744944e-03 7.757522626361083862e-03 8.714494459264665940e-03 7.597770032057199127e-03 9.073017277906058470e-03 7.621933739680345626e-03 8.124889495183111252e-03 9.654526371956646119e-03 8.675769470978537262e-03 8.332274630756340145e-03 8.553221762805847742e-03 8.693088472626493354e-03 8.275978256301757402e-03 8.561652614378327183e-03 8.583621818828294711e-03 7.315571116752288272e-03 8.743055768089817020e-03 8.641105359570170133e-03 8.587445472838588570e-03 8.726775024778785778e-03 8.249007788943519062e-03 8.523125821259899815e-03 8.774049175709066131e-03 9.602197111704896884e-03 8.292281097957153110e-03 8.549891788156044337e-03 8.948624213575073066e-03 8.555412957540602450e-03 8.842605425783574974e-03 8.561276770643447970e-03 8.751184634079372734e-03 8.357190615448472151e-03 8.114668589412742800e-03 9.167985933808213070e-03 8.292726563670499429e-03 9.099842817366551526e-03 8.269980177032180274e-03 8.630602993539552084e-03 8.999304992769243186e-03 9.049281029157247094e-03 7.757528005701501417e-03 8.766252734694821025e-03 8.316102215069202594e-03 7.520446674418762231e-03 8.266196507386400216e-03 7.540099310710266303e-03 9.089815679348611441e-03 9.135220404309656386e-03 9.486750008137926488e-03 8.594947762471610506e-03 7.635162575536053736e-03 7.950928608683913504e-03 9.055211962890837019e-03 9.131934223383776292e-03 9.654650658232517835e-03 8.834254339317436713e-03 8.842097974493425341e-03 7.707859600168541665e-03 8.127537804687549883e-03 8.528461363835986714e-03 8.680537571565817567e-03 8.331003851845205505e-03 8.792579119937119284e-03 1.001576497781114621e-02 8.206676605588717616e-03 9.219372023194538288e-03 8.544535527395596616e-03 7.456382001882192433e-03 7.193517358434876365e-03 8.527516929123271985e-03 8.605582248183193256e-03 8.683772575080531131e-03 8.255897551396048500e-03 8.832971673683765249e-03 8.902083842465987468e-03 8.680267701855270274e-03 8.846139228175576782e-03 9.061346276992282914e-03 9.298589145281961274e-03 8.905309585901013611e-03 8.660527703216899104e-03 8.693488621398270597e-03 8.961103543261090404e-03 8.699077948679492106e-03 9.077552182990750174e-03 7.865930250390062994e-03 9.201596880193859893e-03 8.717394770756056038e-03 8.242053183315374218e-03 8.857966196963372799e-03 9.170106916208498743e-03 8.856184041810656951e-03 9.044178152738628976e-03 7.334822310210434987e-03 8.960103730070433439e-03 8.960395089544158018e-03 9.173790080076304337e-03 8.636686793052010536e-03 8.666090194363346155e-03 8.416440449910932153e-03 8.227567221806189601e-03 8.878909356229801667e-03 8.764623082904552179e-03 8.944644914549390938e-03 8.168174415830958476e-03 8.964451627601614792e-03 8.749230449950148522e-03 9.027518835763326602e-03 8.670388061775296043e-03 8.524104282919752959e-03 8.556340563652049466e-03 9.378285008336061102e-03
8.347643378977613257e-03 0.000000000000000000e+00 8.874835821022575635e-03 9.010380646735864640e-03 7.790113874368031523e-03 9.613942643572090038e-03 9.345239615695544871e-03 9.163241648094717570e-03 7.345852608601071386e-03 9.237792518205816678e-03 9.681285707382938227e-03 8.659858174547615389e-03 9.479213949401571471e-03 9.154679717341126371e-03 6.914813426662784653e-03 9.044558691440628129e-03 9.311210055759024454e-03 6.743146365474173703e-03 9.281101773722381237e-03 9.168639977220085363e-03 9.539505875917833264e-03 9.310213536015228206e-03 8.355812276370441077e-03 1.013403159738845635e-02 9.331168585334170817e-03 8.930804943366553797e-03 9.361738373792205178e-03 9.508599232953014041e-03 8.894252824350733569e-03 9.141810052551624724e-03 8.736037540755596867e-03 8.825100044536422078e-03 9.299031496183572665e-03 9.132728894537091649e-03 9.067355433301929959e-03 9.441695561578020146e-03 8.606992348419686273e-03 9.082296456595643358e-03 9.342470091511375155e-03 9.985547690752305180e-03 9.269456035332190869e-03 8.808076228588848991e-03 9.442125533848761201e-03 9.299993303232957295e-03 9.546057349839560252e-03 9.629246966662773424e-03 9.543105021871120877e-03 8.739403469364111568e-03 8.508366514149443352e-03 9.435994020931898207e-03 8.154297404578226410e-03 9.281713464588683959e-03 8.938879135028332534e-03 9.384005799927352606e-03 9.720806375266921942e-03 9.864860117957981525e-03 8.646130189187611892e-03 9.296917014410535293e-03 9.220754819942725972e-03 8.964502059216363644e-03 9.171700457454899993e-03 8.645042187340915701e-03 9.740870123419832077e-03 9.669280495096225017e-03 1.001010371416520030e-02 8.626259683779616966e-03 8.900465120367084121e-03 8.722826077386090088e-03 9.824384417533324129e-03 9.392254898590312456e-03 1.011104230616075884e-02 7.441351321472903547e-03 9.357701100591198085e-03 9.403583679720599331e-03 7.423958153070375418e-03 9.472853145057703525e-03 9.007851214420999064e-03 7.289416246624234007e-03 9.426006250072458195e-03 1.052771641853959134e-02 8.918904921433341154e-03 9.542451127053475785e-03 9.250155218857854938e-03 9.349042397708923202e-03 8.612490092241107537e-03 8.617486483572193295e-03 9.449886463450329552e-03 9.236147841908645337e-03 9.136758717043523548e-03 9.019003922035154219e-03 9.636001627458369925e-03 9.465036044123327844e-03 8.971752309502195946e-03 9.195346438123147212e-03 9.971007717558670949e-03 9.393349748627020240e-03 9.058482981710247461e-03 9.346742599019996697e-03 9.184142312657857243e-03 9.286785924359688277e-03 9.496116084633424159e-03 9.123719433715968274e-03 9.683232569327734213e-03 9.128801953442898173e-03 9.217955853798125848e-03 9.432526691798844010e-03 9.995491211141979346e-03 9.284267826811538199e-03 9.519860395569863104e-03 9.047946088464133008e-03 9.508414983464519646e-03 9.233614703524860995e-03 9.718587414411535355e-03 9.423377629742234196e-03 9.036108432774728541e-03 7.470135231505699303e-03 9.106368136302219612e-03 9.386606477078283592e-03 9.172895872066056874e-03 9.579087367525447594e-03 8.978978429457247848e-03 9.147472266959494683e-03 9.591540368944500780e-03 9.420357331759068864e-03 9.441387247390147300e-03 9.381728524745181971e-03 9.454390030261317773e-03 9.723181184556421372e-03
7.540420216049755278e-03 8.874835821022575635e-03 0.000000000000000000e+00 8.414073006253693088e-03 8.662676755951767560e-03 9.020398619953970756e-03 7.592580743000950511e-03 8.629374478377119587e-03 8.156173095738761605e-03 7.461306384116078369e-03 8.998426341296897335e-03 8.580533394620287399e-03 7.353944409430323258e-03 8.502383553729019744e-03 8.786339870035228539e-03 8.640553078236962517e-03 8.239076000949944675e-03 9.242498949227226368e-03 8.136440064267254704e-03 8.113723546340403242e-03 9.050489279609301094e-03 8.097449150445048399e-03 8.596242459502771369e-03 9.998912236304755702e-03 8.897030346648685667e-03 8.658681593837636720e-03 8.490590087340616626e-03 9.027590680684262694e-03 8.262401913735636580e-03 8.376179828263340815e-03 8.658243149672086719e-03 7.386695930565402059e-03 8.728139713650067202e-03 8.531638381555625011e-03 8.387134966723348156e-03 8.626438192643370168e-03 8.775756567209368891e-03 8.769122353242304185e-03 8.622766329278126057e-03 9.476387310402911018e-03 8.368188577171597337e-03 8.423506294895490715e-03 9.197278547096577814e-03 8.511902683214240400e-03 8.605490415015031383e-03 8.685213410444894006e-03 8.938127091282362449e-03 8.487326879679509689e-03 7.072370447866174401e-03 9.387499031526609986e-03 7.386471915668118941e-03 8.881089973752847450e-03 7.979960449868716416e-03 8.261609989894697081e-03 8.890474755378501709e-03 8.839638698515457638e-03 8.498468142531436648e-03 8.525741581328608390e-03 8.732354743057658270e-03 8.435799352681620789e-03 8.316195626621093739e-03 8.728635582748415708e-03 9.246281944425388880e-03 9.044093411498411311e-03 9.085377866843609429e-03 8.512905566987444272e-03 8.375189776374527065e-03 8.243240165271944336e-03 9.422162642227898885e-03 8.824669584312066009e-03 9.644491258035573639e-03 9.527249439301740605e-03 8.838312144880415902e-03 8.549391107275591123e-03 7.463747343222837047e-03 8.297945101058735312e-03 8.536592254440728000e-03 8.456082095212641772e-03 8.491858573536988433e-03 9.879141737206552018e-03 8.343330382043063348e-03 9.040068729672005171e-03 8.505259974690961011e-03 8.044121982225592091e-03 8.253818208540526433e-03 8.425555856389013026e-03 7.811103449465983325e-03 8.386441505048355255e-03 8.509646506618636849e-03 8.962631741985601849e-03 8.505921264995419326e-03 8.593382334011233706e-03 8.761135134021739643e-03 8.570793476289089927e-03 9.274167388380652119e-03 8.705434288868746373e-03 8.785866042988036556e-03 8.837220004574982551e-03 9.046628253089184293e-03 8.973132643951515358e-03 8.470078460467997741e-03 8.913274292833674520e-03 9.329627230383790229e-03 8.691292747553968148e-03 8.464769839932851161e-03 8.811804837055237094e-03 8.846656146396828305e-03 8.418635928541005203e-03 8.935544092859695753e-03 8.441476520508190209e-03 8.801052683931352705e-03 8.784953190918041652e-03 9.103806889813355688e-03 8.554260066282612374e-03 8.631084369197789333e-03 8.465338577933058384e-03 7.957784282223026931e-03 8.713285921882236648e-03 8.827633559755748358e-03 7.694048009213169496e-03 7.356720016094146601e-03 9.114868367502164045e-03 6.970427873925449762e-03 9.082418792760725210e-03 8.423353277661237495e-03 8.761968928724562719e-03 8.637801347624539036e-03 9.455783066336690204e-03
8.483671285552931915e-03 9.010380646735864640e-03 8.414073006253693088e-03 0.000000000000000000e+00 7.647149624219993190e-03 9.217578055184177249e-03 8.798631886184992909e-03 7.791993305997203800e-03 8.590343621588910836e-03 8.632691772106999492e-03 8.889148624409787258e-03 8.356567425705277094e-03 8.583035610036576085e-03 8.330211736329943759e-03 8.659969087202464000e-03 8.772995596790967784e-03 8.759750091109198486e-03 9.302360690493045522e-03 8.559460177192642141e-03 8.480545251582887259e-03 9.109853122820815371e-03 8.641827849003849357e-03 8.343248756143834335e-03 9.790367685591747776e-03 8.545072949002297663e-03 8.203299437431546548e-03 8.514970641167367640e-03 8.623318553661652591e-03 7.511675735185349874e-03 8.308461776337127888e-03 7.449569054104990089e-03 8.059112594170421418e-03 8.269282745291326245e-03 7.541159701758104288e-03 8.271542611605030293e-03 8.629179509150838520e-03 8.707617621907420488e-03 8.136887040205700514e-03 7.730309517935282648e-03 9.496788020305750935e-03 8.353188390753009049e-03 8.371151789253844858e-03 8.266886916292556786e-03 8.504109581710975543e-03 8.602522573435234660e-03 8.581389344129259841e-03 8.900561311170299139e-03 8.459274731757593022e-03 7.606734460270695233e-03 8.921134738106952997e-03 7.971266958424115534e-03 8.382373124859046967e-03 8.424960747581247342e-03 8.733618187302132421e-03 8.587099125292296450e-03 9.207114691742797341e-03 8.486257174435631392e-03 7.614824748929108905e-03 8.235970702746885433e-03 8.207385713051995255e-03 8.567990441099257101e-03 8.991138812560025423e-03 9.205447504639686224e-03 8.859485808157575859e-03 9.313396191318075792e-03 8.575398466791384761e-03 8.487378404550416020e-03 8.044835501553902757e-03 9.039892906912596129e-03 8.762331191921523751e-03 9.473789896415238734e-03 9.578188472188789437e-03 7.491623196813472843e-03 8.380538693791713192e-03 8.266496824511256059e-03 8.576489467263678779e-03 8.056991126760462696e-03 8.648032650746215536e-03 8.843600712891216617e-03 9.461900305469594583e-03 8.516416667931833717e-03 9.021908476516054404e-03 8.430893887506497181e-03 8.746885433666789361e-03 8.634783930373554281e-03 8.518078526058304664e-03 8.289992973940988122e-03 7.211606553655236854e-03 8.323630527821623479e-03 9.133446393116535778e-03 8.959739507302996037e-03 8.707546214746496663e-03 8.234087896254483133e-03 8.648884063842298547e-03 9.103063718865631732e-03 8.564572579531748442e-03 8.371295680211202420e-03 8.086423690931963254e-03 8.651896554363760691e-03 8.911223169798162744e-03 8.805030885887793826e-03 8.746571544770662468e-03 8.696984752665068777e-03 8.357734550241368437e-03 7.631317873692275953e-03 7.071584537810672415e-03 9.184520372011626202e-03 8.546825667534447071e-03 8.719006485552028771e-03 8.634144176846842572e-03 8.359193661860778862e-03 8.421782024448968076e-03 9.274268973588411721e-03 8.903875470384453941e-03 8.150035885414122147e-03 8.309896738446374137e-03 8.563257626406041087e-03 7.391658727323053082e-03 8.472805712155306868e-03 8.662062543603592582e-03 8.402899693167891274e-03 8.833946346593735122e-03 8.941407213760833861e-03 8.645921990042527983e-03 8.514061630962098393e-03 8.581133809463986628e-03 7.353501888662559473e-03 8.995919790224665008e-03
7.458835861747907872e-03 7.790113874368031523e-03 8.662676755951767560e-03 7.647149624219993190e-03 0.000000000000000000e+00 9.595585193784565009e-03 9.095873048387680126e-03 8.717870835094650508e-03 8.426028985798528215e-03 8.796395364836074801e-03 9.167222749722573130e-03 8.201725264617716615e-03 9.026968791590461380e-03 8.751073462458864444e-03 7.489544199759990556e-03 8.405240585758678995e-03 9.069656674357559970e-03 8.510330636409069519e-03 8.985498644253457623e-03 8.683362960092901039e-03 9.314301709990977993e-03 8.711409837968076691e-03 7.595423428839664752e-03 9.930959693246673228e-03 8.593325133544719302e-03 8.740513319431207281e-03 8.741779610919627255e-03 9.052414345511168234e-03 8.177823784760840375e-03 8.818255826080792850e-03 8.362143412479192128e-03 8.517431942083666940e-03 7.377171592592716293e-03 8.626663034478293177e-03 8.711559733159544155e-03 8.863004615645589043e-03 8.895199196912706094e-03 7.458137343345280258e-03 8.898596317288844440e-03 9.808757820693722596e-03 8.414892928003511047e-03 8.738602507387206730e-03 7.454426620178665475e-03 8.855895549687804735e-03 9.163535407211481978e-03 8.994634185026632520e-03 8.894164603719448975e-03 8.708688755564755746e-03 8.235687660800529095e-03 9.297769409113974468e-03 8.336575981578078082e-03 9.227755893830858966e-03 8.634387000142990098e-03 9.006564600362757661e-03 8.846966428806312885e-03 9.384526299391402968e-03 8.763814189346689348e-03 8.591031181890067953e-03 7.445440096137116714e-03 7.410782449174120948e-03 8.773810113227222679e-03 8.580461556826639649e-03 9.415693255628595701e-03 9.113599566333813184e-03 9.671678442580364243e-03 8.698071109184841651e-03 8.275226174749759911e-03 7.399368839320407364e-03 9.507245265834090089e-03 8.837871294815575346e-03 9.779128534470181433e-03 9.232437262629313718e-03 8.459638165273838245e-03 8.671363312099606216e-03 8.311428164544196889e-03 9.057627738649782351e-03 8.593037814909294109e-03 8.692814075334847831e-03 9.132937861907112348e-03 9.943054486491270660e-03 8.817380483226311058e-03 9.452367379701622288e-03 8.605916184547030348e-03 8.876967380871104984e-03 8.188614705395816720e-03 8.865261716980689377e-03 9.013523660099036910e-03 8.637548272072555558e-03 7.414210912902647645e-03 9.319763847956097705e-03 9.270050735632997391e-03 8.774749142867797544e-03 8.499714250174691954e-03 9.086375459806367294e-03 9.271425876086076753e-03 8.969997184080475208e-03 8.441505177223279643e-03 8.777936177522685859e-03 9.100194913949210401e-03 8.982515485375867914e-03 9.237967788179432885e-03 8.746145157183115790e-03 9.114989714298665779e-03 8.838646096632152283e-03 8.740086391526109486e-03 8.615871913385872785e-03 9.268527089225439899e-03 9.125972004754494965e-03 9.028817957654325377e-03 7.266685617083301282e-03 9.108880834806020940e-03 8.922556846235583233e-03 9.643241056311206011e-03 8.619258396651481927e-03 8.374937238470289355e-03 8.553390989802041669e-03 8.243660109620786283e-03 8.757562976619505737e-03 8.763988017261505059e-03 9.002593091490391358e-03 8.507620357851261236e-03 9.008572182473469775e-03 9.191265362609118625e-03 9.225522580708711909e-03 8.700228883368726213e-03 8.662415471154909924e-03 8.636798951891995133e-03 9.213317618311433685e-03
9.136710342172822338e-03 9.613942643572090038e-03 9.020398619953970756e-03 9.217578055184177249e-03 9.595585193784565009e-03 0.000000000000000000e+00 7.599685077632954006e-03 9.337171567564772970e-03 9.003414404752736050e-03 9.406918183590117291e-03 9.699826004982483110e-03 9.033848870629683503e-03 9.573512433709373270e-03 7.475019937364577732e-03 9.430682037905977963e-03 9.668314338215256917e-03 8.801262621850805892e-03 9.256992050513484366e-03 9.091130399054056510e-03 8.996564974243016419e-03 8.959103262387088998e-03 9.309642708996992977e-03 9.307648516691625212e-03 1.037543446079177388e-02 8.947186529905438307e-03 7.582794750820866757e-03 9.035985218384424977e-03 9.016614341926326714e-03 8.971659524488322449e-03 9.156270514369990385e-03 9.028211104227787387e-03 8.937830132132916494e-03 9.789496511037724252e-03 9.233210513693985294e-03 9.232443428388659515e-03 9.349355132621476466e-03 7.465493231114164394e-03 9.309359825258066434e-03 8.919758496345549584e-03 9.858377183446466116e-03 9.275908747956420133e-03 9.013613432905654213e-03 9.847483898433028252e-03 8.246196902310303639e-03 9.367513304433215671e-03 9.720376585793260443e-03 9.742324316167078752e-03 9.170932906083119687e-03 9.023241905051805622e-03 9.553391484549434917e-03 9.010446964080055451e-03 8.924392858703658268e-03 9.174774438120899059e-03 8.850651721544316661e-03 9.725088209738858014e-03 9.168692913587874610e-03 8.516292676063122111e-03 9.331735090889277731e-03 9.496150843343088149e-03 9.034750230804140803e-03 9.245513118156453714e-03 9.292030310204708876e-03 9.205863179455927442e-03 9.239798114070279719e-03 1.005104761269108408e-02 8.845243831707609930e-03 8.952612036383958763e-03 9.337595273575314062e-03 9.326405577889511703e-03 9.546025822792476162e-03 1.020722805492515865e-02 9.994397653624077088e-03 9.520400588257860869e-03 9.199622799297349843e-03 8.842688259701922751e-03 9.287134308054622450e-03 9.308311719160846862e-03 8.789065660929811299e-03 8.761837731366718673e-03 1.038755680502856382e-02 9.121304135838382426e-03 9.085629193390842850e-03 9.249661341351496716e-03 9.660812307915924921e-03 9.558681290255671356e-03 8.571232732675257079e-03 9.216537949922038939e-03 9.421348413453312781e-03 9.350146094898644650e-03 9.064745035126331452e-03 9.155272848182821610e-03 8.911337932799212949e-03 9.604648160018656664e-03 8.971570661442751157e-03 9.766448978732210351e-03 9.284021791748087171e-03 9.339100951500573997e-03 8.968729664854331249e-03 9.628736696743666820e-03 9.265252208431743949e-03 9.611600662276719234e-03 8.977029275398767244e-03 9.650603578802706070e-03 9.011862134320256998e-03 9.204666819538501535e-03 9.383960619753101487e-03 9.571337362346136676e-03 9.138524078560224598e-03 9.354860790385829267e-03 9.633596090645389978e-03 8.929261535829569052e-03 9.495898850435231797e-03 7.179621916137899663e-03 9.792149500344507138e-03 9.294805667161223570e-03 9.158104743336715342e-03 9.554706374475962008e-03 9.341617679004514049e-03 9.540150923672168978e-03 9.448940257891910374e-03 9.295487310738136458e-03 9.247017139221340790e-03 9.275843758094190483e-03 8.972338115127107341e-03 9.191809811883151424e-03 8.781853875287751188e-03 9.061769940160601181e-03 9.716451205230286839e-03
8.661642455432338322e-03 9.345239615695544871e-03 7.592580743000950511e-03 8.798631886184992909e-03 9.095873048387680126e-03 7.599685077632954006e-03 0.000000000000000000e+00 8.648440707030868174e-03 8.590470514748737782e-03 8.601782607218649152e-03 9.436411422647837319e-03 8.439712229154310366e-03 8.736888776121573205e-03 8.585833775332176246e-03 8.904953890995161506e-03 8.660521834791781726e-03 8.375646989368375900e-03 9.556933161208912633e-03 8.420055550474243519e-03 7.535027188848553679e-03 7.795473694745510065e-03 8.669382745510561053e-03 8.984952623598491464e-03 1.001556695370276785e-02 8.882475707686089336e-03 8.576468643186055049e-03 7.835221109643075721e-03 8.847303148859066504e-03 8.517227026839827714e-03 8.458042866388251757e-03 8.555376046440729687e-03 8.685943417154468743e-03 9.204167571060429057e-03 8.552004362026240786e-03 7.791853870662094131e-03 8.987104267220774254e-03 8.563864753960507767e-03 8.965869569879320392e-03 8.569093308121644367e-03 9.156763222563178012e-03 8.735643937017062433e-03 8.448895777652077818e-03 9.377234485391575808e-03 8.864846180610274143e-03 8.832238169595418506e-03 9.105189175352345135e-03 8.684045493464296814e-03 8.610218056504742937e-03 8.209437238147179045e-03 9.383168552669742327e-03 8.422131200918643937e-03 8.792970037332278541e-03 8.636307145301275537e-03 8.365838259571481070e-03 9.256122647406246975e-03 7.504308748257294132e-03 8.721957389328958629e-03 8.903081053403460662e-03 8.849775558823710225e-03 8.795399730939944608e-03 8.468886116306599890e-03 9.054708538246636351e-03 8.924744733215098091e-03 9.048770771168963140e-03 9.256985178422917626e-03 7.523886262478001602e-03 8.572934534325430192e-03 8.585919546506443414e-03 9.171760334950547489e-03 8.525479194611110950e-03 9.649392743109698467e-03 9.866777757338986848e-03 8.930467457626451583e-03 8.984061007934893844e-03 8.337793602751851496e-03 8.970458861433584785e-03 8.626712364894069743e-03 8.484339602020397539e-03 7.197684098783787773e-03 9.900015960342862381e-03 8.877272987180039390e-03 8.836067889346346099e-03 8.359880801380992904e-03 9.184971605429867805e-03 8.920653013632923525e-03 7.772029376837847128e-03 8.747339487055015919e-03 9.045704784073122298e-03 8.713315770949562125e-03 9.333668805192582574e-03 8.706007491070406543e-03 8.640122522692408533e-03 9.086036121793858444e-03 7.431570334734392304e-03 9.046435410303841490e-03 7.801540037032934916e-03 8.564553486947453637e-03 8.940340841346091499e-03 9.311611946402729642e-03 8.858716302858895067e-03 8.879692853453980891e-03 9.039410248884474988e-03 9.109270569560665165e-03 8.802742152065909029e-03 8.992475981484053527e-03 9.174768176321719190e-03 7.856668897105002075e-03 8.793209168560717215e-03 8.941310566269115856e-03 8.806467729325377983e-03 8.837707207329716097e-03 8.777096916105699836e-03 9.003340466041823489e-03 9.090504956377377585e-03 8.552858933412997924e-03 8.598662977919979342e-03 8.804652797759139615e-03 8.911754945469486586e-03 8.757579807446003867e-03 8.673054325848687796e-03 8.609172602600950047e-03 8.825074028535578874e-03 7.606908597738199114e-03 8.824522745845227167e-03 8.257078313878070397e-03 8.436928497436338437e-03 8.799520564161640926e-03 9.118748160119313079e-03
8.809608371966842766e-03 9.163241648094717570e-03 8.629374478377119587e-03 7.791993305997203800e-03 8.717870835094650508e-03 9.337171567564772970e-03 8.648440707030868174e-03 0.000000000000000000e+00 8.522792387867753061e-03 8.898351512321579782e-03 9.537845623697001687e-03 8.556073851646852843e-03 8.824308718871024665e-03 8.769077738698621491e-03 8.870707984887185940e-03 8.761285736821848927e-03 8.561649551007988537e-03 9.553664648428607589e-03 8.541537457214448681e-03 8.475576212601270212e-03 9.180074172653577072e-03 8.649158130913896583e-03 8.819243796178880684e-03 9.615080221495873533e-03 8.438556169305000410e-03 8.417826357555988070e-03 8.727020506422459786e-03 8.559287660154237323e-03 7.443407401135437342e-03 7.450826272347495921e-03 8.361847773595800642e-03 8.481217101265302663e-03 8.581543115342208511e-03 7.447305206080642552e-03 7.613495072059851647e-03 8.593517124241761146e-03 8.728791915322432066e-03 8.514592345044572422e-03 8.542118546390085540e-03 9.583319873209872330e-03 8.215567577225886889e-03 8.180651391658569013e-03 8.707828039668552220e-03 8.857960500605990481e-03 8.610468791928395718e-03 9.114436888461682762e-03 8.729295195029665791e-03 8.599595993413155365e-03 7.677016347370562918e-03 8.776193391014174006e-03 8.098810396559453367e-03 9.060845093417525115e-03 8.301790975479644841e-03 8.524646416824502304e-03 8.576661437375775535e-03 8.637917940274426193e-03 8.579527612851634011e-03 7.510697751428966999e-03 7.931902637028696509e-03 8.821147501960849291e-03 8.752190346697746870e-03 9.189477936202195343e-03 8.582104933739839042e-03 9.038496798091101916e-03 9.157284631445990891e-03 8.185301953944734699e-03 8.720159992287843803e-03 8.340659346271995719e-03 9.249186599782978010e-03 8.912752147989101356e-03 9.452637238466433944e-03 9.843118610470854082e-03 7.758612345115533174e-03 8.899771151900891936e-03 8.399721306532468429e-03 8.579690884985752275e-03 8.269793453977039230e-03 8.720371710937835710e-03 8.669972965240652779e-03 9.503116985750110698e-03 8.840511387160654780e-03 9.055644038461149042e-03 7.308171637524183209e-03 9.029106181336763598e-03 8.589024889938276508e-03 8.476366627356648337e-03 8.968680258653572226e-03 8.645909110293814245e-03 8.644666707630000238e-03 9.183985479954253836e-03 8.956164603936618562e-03 8.840426300658418488e-03 8.769222219998155238e-03 8.842434798139097926e-03 7.602073283015378484e-03 8.297869262467316362e-03 8.063942571074738871e-03 8.842878720769607390e-03 9.135746229520022924e-03 9.083212743396566757e-03 8.841119140570195822e-03 8.966713499984700630e-03 7.056540405308736261e-03 8.236250909082077493e-03 8.874775418183719969e-03 7.240459762541267413e-03 9.424919176517783381e-03 9.066003930474134803e-03 8.529298321487308390e-03 8.823778119523664407e-03 8.999743873819899403e-03 8.044677397193481308e-03 9.391825241500457999e-03 9.042579921443579666e-03 8.176647495007511104e-03 7.535082473118450905e-03 8.729124413358092111e-03 8.697105927398786351e-03 8.825384225403735960e-03 8.813014361506001440e-03 8.221903785635106474e-03 8.968403074064958819e-03 8.978271493154416083e-03 7.588956696098044657e-03 8.428939197912788464e-03 8.491816963132874790e-03 8.670922388414329524e-03 9.143365718058921870e-03
7.237883539614152484e-03 7.345852608601071386e-03 8.156173095738761605e-03 8.590343621588910836e-03 8.426028985798528215e-03 9.003414404752736050e-03 8.590470514748737782e-03 8.522792387867753061e-03 0.000000000000000000e+00 8.478898655712538424e-03 9.277522892928689174e-03 8.419539505933189630e-03 8.723008881622078270e-03 8.752619633489801959e-03 8.160142215165764115e-03 8.365347411588133775e-03 8.519208233351449611e-03 8.495060824800625826e-03 8.641679723864408719e-03 7.727424771013893454e-03 9.093174703419757213e-03 8.522450728346640803e-03 8.546365615561258428e-03 1.001235431163553270e-02 8.796843734518463784e-03 8.576840932274485546e-03 8.893654683248751816e-03 8.911513800669412094e-03 8.338620035442254746e-03 8.383484648327549707e-03 8.366863760512020104e-03 7.466223157035585187e-03 8.956880094668931078e-03 8.641666693598179863e-03 7.800001494776754273e-03 8.903161353178781073e-03 7.915154696196398040e-03 8.554478002543891221e-03 8.871494212127560910e-03 9.714079875144802576e-03 8.576536442335115640e-03 8.182990953964856123e-03 9.163330559543823514e-03 8.485876456333037166e-03 9.006600702465812971e-03 9.091938356773595839e-03 8.741551804734126740e-03 8.582025371189804658e-03 8.054650568945418559e-03 9.071972685760581329e-03 8.252372342439391953e-03 9.074571353731304690e-03 7.565750974594527903e-03 8.655491756448181404e-03 9.189318844339053674e-03 9.016117379413126492e-03 8.169871972818815511e-03 8.489506983510006904e-03 8.800646189803073074e-03 8.569713749573470637e-03 8.464347648320300760e-03 8.576493445177342176e-03 9.110828847853351398e-03 9.164771775769475076e-03 9.231484813347247062e-03 8.454747074959578779e-03 8.226015453541884320e-03 8.250967821833935650e-03 9.442486308144131674e-03 8.889133399141985539e-03 9.824214901222868418e-03 9.115494283009114435e-03 8.914670155583254152e-03 8.692320006832968127e-03 7.150416875765635075e-03 8.875240979531223012e-03 8.710307325008347090e-03 8.030330243458942696e-03 8.738801883830225187e-03 1.003507926886501589e-02 8.498578990627322916e-03 9.004491727903343387e-03 8.515303509368788576e-03 8.644152186507159108e-03 7.254601395118943918e-03 8.422950878532710350e-03 9.020928306704527333e-03 8.821085460516501012e-03 8.707857119838654028e-03 7.227940472835646911e-03 9.086103931459628066e-03 8.951398493690190458e-03 8.640238725885641263e-03 8.637125772479953972e-03 9.368936088704630030e-03 8.773607208285863490e-03 8.554127294981396859e-03 8.967702362543111122e-03 9.196022245897274641e-03 8.923256971826113576e-03 8.844670712157456927e-03 8.721283590040181458e-03 9.275993394280751883e-03 8.652022640234843104e-03 8.547270065315809226e-03 8.926354718664901086e-03 9.472578328765326322e-03 8.714273087235968260e-03 9.096966737348688783e-03 8.611626647249084887e-03 9.099203119566688300e-03 8.582444409490219348e-03 8.876372686809654716e-03 8.815362508819143267e-03 8.642385431748557736e-03 7.272862101508780278e-03 8.478916880447481819e-03 8.712071474077192484e-03 7.735987807892033379e-03 9.069594228906319514e-03 8.162892556212547959e-03 8.985236073066355661e-03 8.949657624930622626e-03 8.953279087701488184e-03 8.829671105033956233e-03 8.793164588120497629e-03 8.890839297482720088e-03 9.421422180236149399e-03
7.993850052345074716e-03 9.237792518205816678e-03 7.461306384116078369e-03 8.632691772106999492e-03 8.796395364836074801e-03 9.406918183590117291e-03 8.601782607218649152e-03 8.898351512321579782e-03 8.478898655712538424e-03 0.000000000000000000e+00 7.286619104979154965e-03 8.421258297656769934e-03 8.508888823705852700e-03 8.839820990231117559e-03 9.074635178527421311e-03 9.018337808100782005e-03 8.840574113697615907e-03 9.284494669340956699e-03 8.556034468670219509e-03 7.521905777531407052e-03 9.030697049397478152e-03 6.982226459585997962e-03 8.474534801998473421e-03 9.521874710670790928e-03 8.920740231383072344e-03 8.772810088176822424e-03 8.750283193657275305e-03 8.541051383435596667e-03 8.414376776290534779e-03 8.336356065196245599e-03 8.704976011978513353e-03 7.984540509847318918e-03 8.892817799368010062e-03 8.947121359304715041e-03 8.658056297064184795e-03 8.923719304797343710e-03 8.666770209986770016e-03 8.720106224785917348e-03 9.009035090236958837e-03 9.183351230618230429e-03 7.498714044947340195e-03 8.660032600532701491e-03 9.137257527080153152e-03 8.548036812213560473e-03 8.924141951036555082e-03 8.363616590801519618e-03 8.772339307926894578e-03 7.513700200836163565e-03 7.941286807590009281e-03 9.455579929125157435e-03 8.317183722501349241e-03 9.255368274795026939e-03 7.727558015743984064e-03 8.580574503886599647e-03 9.113503684770984936e-03 9.046173827537822357e-03 8.695339735082928401e-03 8.702126977687116294e-03 8.750958069814497586e-03 8.537967401486226682e-03 7.211870842815410777e-03 7.741935707580221981e-03 9.369621301985259568e-03 8.738231166752652435e-03 7.906118207423660019e-03 8.750632493449627888e-03 8.662585116901943411e-03 7.775636750043691051e-03 9.372741986872856410e-03 9.174169037755634803e-03 9.602408242779228789e-03 8.934943719645828050e-03 8.986906370886652354e-03 7.965843326530165983e-03 8.492973996638697801e-03 8.436112074544466904e-03 8.612963240470714044e-03 8.958908794240560275e-03 8.721008043026124909e-03 9.994998115864388993e-03 7.150730276781383510e-03 9.172993827401132796e-03 8.689192477375765750e-03 7.474743727633946858e-03 8.662845829271606860e-03 8.613746586681946329e-03 8.735147312085954699e-03 8.777194308078313176e-03 8.707109636958273655e-03 9.453795522658431372e-03 8.531597986572053358e-03 9.078077091268935486e-03 8.705358056586546059e-03 9.218134152325439812e-03 9.303837947064189789e-03 8.850549311680295378e-03 8.707838095531373473e-03 8.941281702332163489e-03 8.853142079710503431e-03 8.073289562396326544e-03 8.664799486144573321e-03 8.658020553213217202e-03 9.323016508148594325e-03 8.896558765293336238e-03 7.430043717318788460e-03 9.082915487681272534e-03 9.640550901885874477e-03 8.734846424695814210e-03 9.068095703583365155e-03 8.929830570628191980e-03 8.818731888040130806e-03 8.728875911370590629e-03 9.428153857771924551e-03 8.451780077641331615e-03 8.724313201177566826e-03 8.699999989707314293e-03 8.707619490043682492e-03 9.011153059727999501e-03 8.763897838895284495e-03 9.065383790401813219e-03 8.595659193360839778e-03 9.317626916362883871e-03 7.561334910536936932e-03 9.270283755426452985e-03 8.759440617951428157e-03 8.821201750427809171e-03 8.610390190421219475e-03 9.384196477202899622e-03
8.779802218592046986e-03 9.681285707382938227e-03 8.998426341296897335e-03 8.889148624409787258e-03 9.167222749722573130e-03 9.699826004982483110e-03 9.436411422647837319e-03 9.537845623697001687e-03 9.277522892928689174e-03 7.286619104979154965e-03 0.000000000000000000e+00 8.663848480224365517e-03 9.453908309460279033e-03 9.310072547875582541e-03 9.432787168077261947e-03 9.740817673801268825e-03 9.447700633761007064e-03 9.340289741381421415e-03 9.445306467804349612e-03 8.979484842929701116e-03 9.451035809837051577e-03 8.556543983224598748e-03 7.554103924789338370e-03 9.420709323986392603e-03 9.440129860595641853e-03 9.042031250429889352e-03 9.058531790840177941e-03 8.982590458298234798e-03 9.154210140882839547e-03 9.239261427772942417e-03 8.882547102331593905e-03 8.805041696080590299e-03 9.631732300201374664e-03 9.509037469548843949e-03 9.483207768897220641e-03 9.320612180550752121e-03 8.929825978003498241e-03 9.302970664658929273e-03 9.105222823601424528e-03 9.807356789282265994e-03 8.664639443486690101e-03 9.228986676890158294e-03 9.700019975199257113e-03 8.911851681414144008e-03 9.115831067834053933e-03 8.536146926988816969e-03 9.630832339803028358e-03 8.278922559473187587e-03 8.854521982633169891e-03 9.872808590788467037e-03 9.231047090610462746e-03 9.288914654665584442e-03 8.857009881179142563e-03 9.315055773020814930e-03 9.766699253765519229e-03 9.834311675278236201e-03 8.908179265052334692e-03 9.320245562500216116e-03 9.346239176720541955e-03 9.093879404457699128e-03 8.620366235715562486e-03 8.545346840370976471e-03 9.819594939142405401e-03 9.578131394266924808e-03 9.734656798960513585e-03 9.267278225924362872e-03 9.109539446500832666e-03 8.767724261796417187e-03 9.164416452768834459e-03 9.723857678395658038e-03 9.750569441416643418e-03 9.324110537530771667e-03 9.540333053760063908e-03 7.201224926958715508e-03 9.096526119998371226e-03 9.268579282795721616e-03 9.210634783415340074e-03 9.369022416836974079e-03 9.304946000473717990e-03 1.065115764134723017e-02 8.270095877799032991e-03 9.727885311990909153e-03 9.427252853960423756e-03 8.991433862087833476e-03 9.516024447246623080e-03 9.085617081912175652e-03 8.713960729403757641e-03 8.993210259954722424e-03 8.958874402585585012e-03 9.890065482607672542e-03 9.445998046155489741e-03 9.473583188006685571e-03 9.295912832383127627e-03 9.666563985973960008e-03 9.817399388831886051e-03 9.367825575426267162e-03 9.369910743809248960e-03 8.923000134276614509e-03 8.653692305047864727e-03 7.445150218950016309e-03 9.675980308176223080e-03 8.826780462747032749e-03 9.705222048634502136e-03 9.311779331407886440e-03 6.958177855420279168e-03 9.524126169334736283e-03 1.008653275510104468e-02 9.216708800172100993e-03 8.942489771531383566e-03 9.538204254458443679e-03 7.686032225704336057e-03 9.616980192730502364e-03 9.491500829407152270e-03 9.532894712121722791e-03 8.943360000823319736e-03 9.299680531190316832e-03 9.552747487159212597e-03 9.171711146226129222e-03 9.246838258326992022e-03 9.706854686502652471e-03 9.475731644551701333e-03 9.687754986075242103e-03 9.354549698093834673e-03 9.521265850826412039e-03 9.539189638799763088e-03 9.397323680620378594e-03 8.884410968605578260e-03 9.567827389355984188e-03
8.043455788410215287e-03 8.659858174547615389e-03 8.580533394620287399e-03 8.356567425705277094e-03 8.201725264617716615e-03 9.033848870629683503e-03 8.439712229154310366e-03 8.556073851646852843e-03 8.419539505933189630e-03 8.421258297656769934e-03 8.663848480224365517e-03 0.000000000000000000e+00 8.840012027830164779e-03 8.443469432229748842e-03 7.455950792362226430e-03 8.643806034783719713e-03 8.735484522099500743e-03 8.849777085759673312e-03 8.634390899253852406e-03 8.510213308972534169e-03 7.710979101416061930e-03 8.452770951890717366e-03 8.544646510258971719e-03 9.408925853672906944e-03 8.560613988987383211e-03 8.538549121469783329e-03 7.990854669359755483e-03 8.465876455073937518e-03 7.457600950889627447e-03 8.390333108811678237e-03 8.452070813437320002e-03 8.396304415339794075e-03 8.917148023430337272e-03 8.400410810270625417e-03 8.436655803256724526e-03 8.594239712753474342e-03 8.129280809940618927e-03 8.308210813194553263e-03 8.647928756905651909e-03 8.706730319764160661e-03 8.427486244416004454e-03 7.533144556739134259e-03 8.904250627727232012e-03 8.503302428573399768e-03 8.596956765892647262e-03 8.712618123591068034e-03 8.839390082532545823e-03 7.368758488552198255e-03 8.199118710816527197e-03 9.044010234028801443e-03 8.431919802133034866e-03 8.951872009857137283e-03 8.533410502980415951e-03 8.594223677987187018e-03 9.269358485142464507e-03 9.048481096161319071e-03 7.104800261124548724e-03 8.787816293077663210e-03 8.302052901950740527e-03 7.464179773483568467e-03 8.157157429351006087e-03 8.517985163278635891e-03 8.898111615266084823e-03 8.695729560751834855e-03 9.295411334097902073e-03 7.348378204197816670e-03 7.609791279286572466e-03 8.020934477215992814e-03 8.937169684825550450e-03 8.819641738225705851e-03 9.507060451616776431e-03 9.057111724898599114e-03 8.915059580270707704e-03 8.552130174583526256e-03 8.106353683917665726e-03 8.900331588150997564e-03 8.178525868463784251e-03 8.203796748875221562e-03 8.300578967849950654e-03 9.910400337865063816e-03 8.110177873073528068e-03 8.819669179376715337e-03 8.512556620480385070e-03 8.999374982800652581e-03 8.408296617558378566e-03 8.298999151238441521e-03 8.486622569246404443e-03 8.437378876100836561e-03 8.605528769967637701e-03 9.071886730731922380e-03 8.763754869554959623e-03 8.572397955379281592e-03 8.473028045666351413e-03 8.877650371936725293e-03 9.215562102040579170e-03 8.476193510000467127e-03 7.483094513184404724e-03 8.547518476235511573e-03 8.700430961252536219e-03 7.365376742267166002e-03 8.870173230944305640e-03 8.455902886686151101e-03 8.835950828916545180e-03 8.362570094798162101e-03 7.612893672390208533e-03 8.865008333140335373e-03 9.501945775041258091e-03 8.733633687506150295e-03 8.999423583269473836e-03 7.548605835484540824e-03 8.654635393772395699e-03 8.462003352406091347e-03 9.027957834788514005e-03 8.908543295301671675e-03 8.517991924850584068e-03 7.870778408609568205e-03 8.492186520372408884e-03 8.745439152155424362e-03 8.649088632417183814e-03 9.232597276631225244e-03 8.399102830408513090e-03 8.404319998405558254e-03 8.944795723426190656e-03 8.648741929551128499e-03 8.399613426039396688e-03 8.310435884241790597e-03 8.711233916558893536e-03 8.504445563944047076e-03
