0.000000000000000000e+00 7.207608170595834231e-03 7.342460955202703698e-03 6.681516670940023349e-03 7.254485121103573970e-03 6.919683174327700102e-03 6.737187730615531132e-03 6.950983533876215793e-03 7.010871377705992467e-03 7.170775574170693521e-03 7.594916939452578397e-03 6.571692239502378505e-03 6.959074031649365409e-03 7.135645063458968471e-03 6.710970277991951637e-03 7.212063096781498941e-03 6.811199191640501631e-03 7.226833084204066678e-03 7.161382549189209724e-03 6.688450070341547121e-03 6.637942189356668340e-03 6.630162244213246188e-03 7.290996719525227703e-03 7.174029290404860051e-03 6.609709235721043449e-03 7.147463273172202473e-03 7.141923111783109353e-03 7.139127094954824705e-03 8.193765803312956508e-03 6.708001781130312237e-03 7.305771003559977800e-03 6.713773143332212555e-03 9.958918986912675478e-03 1.015121401954190844e-02 1.039077733944273295e-02 1.011733690307547485e-02 1.022576348083663149e-02 1.003549350762491035e-02 1.043534188412258493e-02 1.006885585755221135e-02 9.880292683854789357e-03 9.804746171949266925e-03 1.012122631046076006e-02 1.073833516295935250e-02 1.098971537070101735e-02 9.950432884281094903e-03 1.022190402379587019e-02 9.625999117321041437e-03 1.078249890531583072e-02 9.964686395607524547e-03 9.687718168488882245e-03 1.093693685344959872e-02 1.015061001186269400e-02 9.749235068600307919e-03 9.889119234903771816e-03 1.034858168707226619e-02 9.584789573709513733e-03 1.089765190557664444e-02 9.368274564944715360e-03 1.045735782055367755e-02 1.031970173913372528e-02 9.320848794497498674e-03 1.040588303832775709e-02 9.937985557142280102e-03 2.166292217091686859e-02 2.175788231253154847e-02 2.241412895486949788e-02 2.128232676883799745e-02 2.088547603913903927e-02 2.139324856293501470e-02 2.057073149861147338e-02 2.133179861436637972e-02 2.232590061780859517e-02 2.184986230285341363e-02 2.225875184260199188e-02 2.162157636808768532e-02 2.207160909285830683e-02 2.149093503984890463e-02 2.167776857288055553e-02 2.083037445386546824e-02 2.182657869177626747e-02 2.125248702287530281e-02 2.153633129655541101e-02 2.158442959451705931e-02 2.167857912165177189e-02 2.057301413951477878e-02 1.938218282400301640e-02 2.059228147250488639e-02 2.224958348630960703e-02 2.237824419446335714e-02 2.237691989189211778e-02 2.250197334421176476e-02 2.160760723342834005e-02 2.220651931143323085e-02 2.230532552596584464e-02 2.226848764748740050e-02 2.273861710610475262e-02 2.193808263951485191e-02 2.169124582544399577e-02 2.183333135088106822e-02 2.096934225288810127e-02 2.174509721209435045e-02 2.249716659002258881e-02 2.184350402453374279e-02 2.154784423840151383e-02 2.248247947140508476e-02 2.203153289536465692e-02 2.235432182781863994e-02 2.237041805537868383e-02 2.184392141332203857e-02 2.162589127720327895e-02 2.041772950500032532e-02 2.032028886542334989e-02 2.255825285962601359e-02 2.160481796357559270e-02 2.259548798140462167e-02 2.244892484103436919e-02 2.138617113760871505e-02 2.141142172491981854e-02 2.176150552010910205e-02 2.179205413638395442e-02 2.201793198341014599e-02 2.126069739961298707e-02 2.189560771242242063e-02 2.185502903693809298e-02 2.239365186896181623e-02 2.270957423353062513e-02 2.234283668223528696e-02
7.207608170595834231e-03 0.000000000000000000e+00 6.911346632527319220e-03 6.786629806475567503e-03 6.766671764504277736e-03 6.693315577091608903e-03 6.740164617289505847e-03 6.834647500210696766e-03 6.967513738950562030e-03 8.106691616977525564e-03 6.670169701397171344e-03 6.872337484345554179e-03 7.023328846892163725e-03 7.059022414719333394e-03 6.507052239111566633e-03 6.810173881610506914e-03 6.661824262568417747e-03 6.748609269690434079e-03 6.514715572787537802e-03 6.512947581531522423e-03 6.993960178929692698e-03 6.686113978129576071e-03 6.821012251090274869e-03 6.650300698622018357e-03 6.679283642967116449e-03 8.003156969836708323e-03 6.681486676945118386e-03 7.088229343809136253e-03 9.071402158661390561e-03 7.166376209603930909e-03 6.899635493397225303e-03 6.751515326585352979e-03 1.011330569791250508e-02 1.003051188411129349e-02 1.084618633581459213e-02 1.015606122413563808e-02 1.029394383064991154e-02 1.043338097817464276e-02 1.017594875067616769e-02 1.031147794130820097e-02 9.848990577702464166e-03 1.007792410928515757e-02 1.030098337060879853e-02 1.020987011512672349e-02 1.078875287709099746e-02 1.030453815061832708e-02 1.031508356028531040e-02 9.090066573812671802e-03 1.051605575660483072e-02 9.780490632080094185e-03 9.764851055575621969e-03 1.074107248567807670e-02 9.981320573387041095e-03 9.446563490003355434e-03 9.679193870205557784e-03 1.066907334083102774e-02 1.016988043059263887e-02 1.072633232856273072e-02 9.434717969247798791e-03 1.023080740055771869e-02 1.064435121347119192e-02 9.651977722489253272e-03 1.067184683159005422e-02 1.010808929798987128e-02 2.221991854211342876e-02 2.232027560251385531e-02 2.295138632209397025e-02 2.187465707591934594e-02 2.143797606694944347e-02 2.194043448289192608e-02 2.142315325400038703e-02 2.157527214690898101e-02 2.289187644411313019e-02 2.244272867530228491e-02 2.285548947415005222e-02 2.217668386629590913e-02 2.266273724166524214e-02 2.205786827073429393e-02 2.225516949135889974e-02 2.141656500625791978e-02 2.237195266755728426e-02 2.181775285863300773e-02 2.209790536611291184e-02 2.216046807750103945e-02 2.222745941254907973e-02 2.110926218341050223e-02 1.995128410636256774e-02 2.117049739178730391e-02 2.281085952222790605e-02 2.294497945355585336e-02 2.294602759163033925e-02 2.307783986177019617e-02 2.219039270673894837e-02 2.277247084825089612e-02 2.287268892000529977e-02 2.286063948797021142e-02 2.335109188368631253e-02 2.256061220930634728e-02 2.229443374024560331e-02 2.247838053534969086e-02 2.161615085886578469e-02 2.237655110179010559e-02 2.312502505592835961e-02 2.244128153580322860e-02 2.215460701718216172e-02 2.309839345198555494e-02 2.265780771759725448e-02 2.298464076609034804e-02 2.299787266117339982e-02 2.247136872525172177e-02 2.225399189086614549e-02 2.104059706433744972e-02 2.120655607874198656e-02 2.318357930452631666e-02 2.221941530422926608e-02 2.320741540390917554e-02 2.308361746550103080e-02 2.201204100361858068e-02 2.201970149970903026e-02 2.237337325529349316e-02 2.240185520662702975e-02 2.264284606653894222e-02 2.186711896981446968e-02 2.252284948685506424e-02 2.247797141814068117e-02 2.302002477412223511e-02 2.334169534357704787e-02 2.298316971861286834e-02
7.342460955202703698e-03 6.911346632527319220e-03 0.000000000000000000e+00 7.065910618189298262e-03 6.569989875740985842e-03 7.151101207397952964e-03 7.709659835953067836e-03 7.698655682714412342e-03 6.956863554645853313e-03 8.220668829015103513e-03 6.924606346569554989e-03 7.453012346391904054e-03 7.573544779316166917e-03 6.588715150930466238e-03 6.980138826495105309e-03 6.621831554835468266e-03 7.260651861088531986e-03 6.544012692826692811e-03 7.128126618607162276e-03 6.953094554319568486e-03 7.218498571258761924e-03 7.009172925522968306e-03 6.372134011998482721e-03 6.960081346261829012e-03 6.955985093064377851e-03 8.459242176041017330e-03 6.977561349422180606e-03 6.684646428921370460e-03 9.629230484421833283e-03 6.869831773877691818e-03 6.759036978028959419e-03 7.684071970390758850e-03 1.090056750868752256e-02 1.125728307892358455e-02 1.168011356698499779e-02 1.099632340251863356e-02 1.108901277608416447e-02 1.133163611220269935e-02 1.083568512854811254e-02 1.115564776064603518e-02 1.068801025609009830e-02 1.093240984434246457e-02 1.106019422254515827e-02 1.118296937595154167e-02 1.149446526171564974e-02 1.110589521448704896e-02 1.116441601215297473e-02 9.615187129571437646e-03 1.126386295728258082e-02 1.034338842166564534e-02 1.042508852026690497e-02 1.146413049752270825e-02 1.066019640797142773e-02 1.048495378714021757e-02 1.031095477146221073e-02 1.154865525552027476e-02 1.105587315757337701e-02 1.143062036506810666e-02 1.007981162062886182e-02 1.083354904528504616e-02 1.152370000038329886e-02 1.044324612931459180e-02 1.155783304270600886e-02 1.094298065514195777e-02 2.292158764538275786e-02 2.302202670417836591e-02 2.365169032464222235e-02 2.255755060968764325e-02 2.214631268392982036e-02 2.261171957930318416e-02 2.207178925160169919e-02 2.255753663299114517e-02 2.356783576311059086e-02 2.311201363933675437e-02 2.353074485857594572e-02 2.288381953416864997e-02 2.333650864821643425e-02 2.274810245398497383e-02 2.294416317994924653e-02 2.210190528762170925e-02 2.307605360794094326e-02 2.252310746672285882e-02 2.277437170816270715e-02 2.286543252695200090e-02 2.291676163374653172e-02 2.181601101163602868e-02 2.063023560678244051e-02 2.184207387227480798e-02 2.350239431978355664e-02 2.362079159343797793e-02 2.362599927648685247e-02 2.374999826580250287e-02 2.287288696458039325e-02 2.346650758117742319e-02 2.356466821223306488e-02 2.353710679085893945e-02 2.398157336685697097e-02 2.321901066999757998e-02 2.296178329966228754e-02 2.312183244009138883e-02 2.225730644673582989e-02 2.302316633638827256e-02 2.376266469868082779e-02 2.307988915915545197e-02 2.282066330763378101e-02 2.373778532760410787e-02 2.329338980774870588e-02 2.363097275448430845e-02 2.363504940775203872e-02 2.311810726709942476e-02 2.287164645374685501e-02 2.169959103145593579e-02 2.182422367251226486e-02 2.382798535553549632e-02 2.287316635984441154e-02 2.384954411898985299e-02 2.372017747086734712e-02 2.266516438334792438e-02 2.263013666545472466e-02 2.301256857912651124e-02 2.303078874617716862e-02 2.328977283291435579e-02 2.253127569684550136e-02 2.315925880061995429e-02 2.312930145766178489e-02 2.366543498508642124e-02 2.397121709104525419e-02 2.362291849811349459e-02
6.681516670940023349e-03 6.786629806475567503e-03 7.065910618189298262e-03 0.000000000000000000e+00 7.507031233369390599e-03 6.590287441782933381e-03 6.884906661223282390e-03 6.712122928406522721e-03 6.904587745026292619e-03 7.943398227441769363e-03 6.922383373339803352e-03 7.187114773612102853e-03 7.294742822145877312e-03 6.928241545584965140e-03 7.064386752841563151e-03 7.573436725174335742e-03 7.004858320645167627e-03 7.114308599402666133e-03 7.116602285602028656e-03 6.541875831583683805e-03 6.739391936818295639e-03 7.092234311941837156e-03 6.932135969696013450e-03 7.003014912953054415e-03 6.946623749031890192e-03 7.759330512491360160e-03 7.435370631825849626e-03 7.121025933167468222e-03 8.531818517479448222e-03 6.938346830409745924e-03 6.977876705212330416e-03 7.301111283146904246e-03 1.039921880024942749e-02 1.058953892970476186e-02 1.102955860756279181e-02 1.050848572837145313e-02 1.066135864146061825e-02 1.066382405675616457e-02 1.075908012094025160e-02 1.066856256010123745e-02 1.029121485355460712e-02 1.028836008891577912e-02 1.061096764584439946e-02 1.109228031467524890e-02 1.133555707777878993e-02 1.065081900204531938e-02 1.067906321043636010e-02 9.904262530259624886e-03 1.111323463198125513e-02 1.037578912576281841e-02 1.028489035617057533e-02 1.131015129922115399e-02 1.054761305179672919e-02 1.009181293160023134e-02 1.023785320124409592e-02 1.089636647821972879e-02 1.043879156495741006e-02 1.128427606739757123e-02 9.942420747078113338e-03 1.081174773152375826e-02 1.089391989373920087e-02 9.549376752623727274e-03 1.093163661215587612e-02 1.046236302495597015e-02 2.210480859636465567e-02 2.219225240749214678e-02 2.283082090851752677e-02 2.169706503562602098e-02 2.131223359857520316e-02 2.180427917887386643e-02 2.126737451199886553e-02 2.174585603582235988e-02 2.273902109229767460e-02 2.227468800101041480e-02 2.267125163182793710e-02 2.206355241716003238e-02 2.249762297114298731e-02 2.190866662922686878e-02 2.211806748343237566e-02 2.126673333555891346e-02 2.224699620709901654e-02 2.169077543540973846e-02 2.196479813202016282e-02 2.203725302231997196e-02 2.208297644906202090e-02 2.101352453069774140e-02 1.984273101411985346e-02 2.105147137358383616e-02 2.268477194864811433e-02 2.279048382305995032e-02 2.279402937323060305e-02 2.291376656559727942e-02 2.204962619104649038e-02 2.263739158114640854e-02 2.272968494156588082e-02 2.268877019482154131e-02 2.305944563470903666e-02 2.228168502616867386e-02 2.201777681512316967e-02 2.218303636256504716e-02 2.131314754015577878e-02 2.208497095681447031e-02 2.281921774582187923e-02 2.216343056591349447e-02 2.189241605083471973e-02 2.282266765866174801e-02 2.235736098853422296e-02 2.269244931079571551e-02 2.269467283090538176e-02 2.217069274463407194e-02 2.198592296887785791e-02 2.074528647305243917e-02 2.055441236448666067e-02 2.289442125767131991e-02 2.193305662236631065e-02 2.293481540087316875e-02 2.276792980145654968e-02 2.171383426698309319e-02 2.174235342393338391e-02 2.211594224109995899e-02 2.211065572347942904e-02 2.236663119852003861e-02 2.156464387713684025e-02 2.224347174318366122e-02 2.218946228232296369e-02 2.273069960636507278e-02 2.302523731388965086e-02 2.269173160768609906e-02
7.254485121103573970e-03 6.766671764504277736e-03 6.569989875740985842e-03 7.507031233369390599e-03 0.000000000000000000e+00 7.103158545399092250e-03 7.511458218689834841e-03 7.200913681227561099e-03 7.292328085704029642e-03 8.108165562899579890e-03 6.478547682038637671e-03 7.620553381179963857e-03 7.821161443329257071e-03 6.398877080832373644e-03 6.789557588205818138e-03 6.913509171366192044e-03 6.847870706270391822e-03 6.427171742842121768e-03 7.024336578406182273e-03 6.858541718276914625e-03 7.420371192933156688e-03 6.940765895785370142e-03 6.956414654091004623e-03 6.901907621493992215e-03 6.960282992902210031e-03 8.030889788049905970e-03 6.482495095201985628e-03 6.452208088746226589e-03 9.544444101086816887e-03 7.442775192837499873e-03 6.542093390485646115e-03 7.093831849113878263e-03 1.044336331502429376e-02 1.077829507444788559e-02 1.124326040743575672e-02 1.053179726068099661e-02 1.059318914470369806e-02 1.083581715438602586e-02 1.036917879358081017e-02 1.060904850161269002e-02 1.021842868805269804e-02 1.047222859633510639e-02 1.024241134411706979e-02 1.072443379976301472e-02 1.096286999859100338e-02 1.061993687152648635e-02 1.064496387625806818e-02 9.453492354977329620e-03 1.074508184965916428e-02 9.591190889471253034e-03 9.931967112183297253e-03 1.093069326505404122e-02 1.023069424871993205e-02 1.006742341267357135e-02 9.797502267711236459e-03 1.108187225571349160e-02 1.059156800345970040e-02 1.095433548731930724e-02 9.598059057071856720e-03 1.037175302629983822e-02 1.105396340800712113e-02 1.003194705748708913e-02 1.109017101153343503e-02 1.016932902723180487e-02 2.277799661705760467e-02 2.287975877303925765e-02 2.351569255036058820e-02 2.242538901122527809e-02 2.199768461854431298e-02 2.250966265325158797e-02 2.194188855861490053e-02 2.242767108716428592e-02 2.343256045434680482e-02 2.298268730416555550e-02 2.338900449078426536e-02 2.274218388932799928e-02 2.319847403816207437e-02 2.259808217405862366e-02 2.279692278232830702e-02 2.196290091808967421e-02 2.292951860746710382e-02 2.235828232763513446e-02 2.265594360768256876e-02 2.272459096023551200e-02 2.278445728302033735e-02 2.165873559397994697e-02 2.046990115702451360e-02 2.173928950708740523e-02 2.336927819363215919e-02 2.348606328277987043e-02 2.348793816134470830e-02 2.361752020175405739e-02 2.272865492055737777e-02 2.332966279924446329e-02 2.342990670918081511e-02 2.339691925891628638e-02 2.383494066982991613e-02 2.306325688588185471e-02 2.280161061592296187e-02 2.296511600401080974e-02 2.208218593104548100e-02 2.286213656653468193e-02 2.361628038789352277e-02 2.293487464852869001e-02 2.266443061643684531e-02 2.359030361962680816e-02 2.314640299140664423e-02 2.348516559695750308e-02 2.349011819433871606e-02 2.296114570867031218e-02 2.272740780114736528e-02 2.150892068492947160e-02 2.169108796411883811e-02 2.368454846013442680e-02 2.271600496200186503e-02 2.370048434689609601e-02 2.357170772511365739e-02 2.250056991622054886e-02 2.250369756830764359e-02 2.286511328106895918e-02 2.290445557051106265e-02 2.313222926886010847e-02 2.236544948347982467e-02 2.299738281169451046e-02 2.297174418100591045e-02 2.351402870710041226e-02 2.382430544337512529e-02 2.347727308755040779e-02
6.919683174327700102e-03 6.693315577091608903e-03 7.151101207397952964e-03 6.590287441782933381e-03 7.103158545399092250e-03 0.000000000000000000e+00 6.592424533212975016e-03 6.914463164294061027e-03 6.467182817891910587e-03 7.391969696032550143e-03 7.011810459002515081e-03 7.233228625083606804e-03 6.684061548160603536e-03 6.870189334591094051e-03 6.593572562564498259e-03 7.398759069651960826e-03 6.698861693296770219e-03 7.438342781802923312e-03 6.502071001736878762e-03 6.929263298346049864e-03 6.545124337461421908e-03 6.473651780161608464e-03 7.031286603156887589e-03 7.069599048483575857e-03 6.914687989826371999e-03 7.261851522039741887e-03 7.360279139483043992e-03 7.006448229553131901e-03 8.410340902716880937e-03 6.709179170160285179e-03 7.532484286370823637e-03 7.032437823242994497e-03 9.938241692978615899e-03 9.821866416052876456e-03 1.056100931946409548e-02 1.003012649333613615e-02 1.014232524239626516e-02 1.019651573865714561e-02 1.029686761331442303e-02 1.012505535042849437e-02 9.817260875259997688e-03 9.852300601399119340e-03 1.012097851325282662e-02 1.058300424409982197e-02 1.085829157229517387e-02 1.018063854691626108e-02 1.019808813677828933e-02 9.470199877692693155e-03 1.059625695306551374e-02 9.864901867696859381e-03 9.914128964317871565e-03 1.078938379913142037e-02 1.001335951756514124e-02 9.305821503813985901e-03 9.784636468487730582e-03 1.043910200728126979e-02 9.675804694720104016e-03 1.076604053733386766e-02 9.227100121720859319e-03 1.035516261040127922e-02 1.037698749832218631e-02 9.403870214979495948e-03 1.049502377046419160e-02 9.974460533639527629e-03 2.192730493037273881e-02 2.202519475660377063e-02 2.267171134484057687e-02 2.153286170438554331e-02 2.113875355435975573e-02 2.165612832171195587e-02 2.111103883308678569e-02 2.158886869703887171e-02 2.257830087458567031e-02 2.212141131024911861e-02 2.251841015942127738e-02 2.189353172952577045e-02 2.233774221811878069e-02 2.171920890396629791e-02 2.195011257847031064e-02 2.110746792505681715e-02 2.207609784909672287e-02 2.152069847869926209e-02 2.180889659906561431e-02 2.183521500352835279e-02 2.193374203437496381e-02 2.080161052816992609e-02 1.959936926653425837e-02 2.084615816055612053e-02 2.252020256545438429e-02 2.263374341050666816e-02 2.263357903126607049e-02 2.275609510173040584e-02 2.187919493892913347e-02 2.247637546699414804e-02 2.257295661099956857e-02 2.254146000805271402e-02 2.292269083974774260e-02 2.216109701601994345e-02 2.187706216419706140e-02 2.206130915788791225e-02 2.117502622081990013e-02 2.198865957698652174e-02 2.271021660369394041e-02 2.179501797125781015e-02 2.175732337419064924e-02 2.268390958922142028e-02 2.222601559716302216e-02 2.259186595085239946e-02 2.257781829767716367e-02 2.205681935073389513e-02 2.182191561857320730e-02 2.062250866050203968e-02 2.080225266356059560e-02 2.277691961667806936e-02 2.179583670294529124e-02 2.281007068260588674e-02 2.268120992649045459e-02 2.160634169550668809e-02 2.157629631338445902e-02 2.196149449187686370e-02 2.198110500581947763e-02 2.222617332620502664e-02 2.147803721243387101e-02 2.209081161773627719e-02 2.206622932066510875e-02 2.261028565840599719e-02 2.291767588241044873e-02 2.257466452358855569e-02
6.737187730615531132e-03 6.740164617289505847e-03 7.709659835953067836e-03 6.884906661223282390e-03 7.511458218689834841e-03 6.592424533212975016e-03 0.000000000000000000e+00 7.203278236145234034e-03 6.772243563345625196e-03 7.832817366913966822e-03 7.459824540123620625e-03 7.300714121793361669e-03 6.843948577244289566e-03 7.062194971889704936e-03 6.684126243558235515e-03 7.058088312628981419e-03 6.863411629389081468e-03 7.505594827753521957e-03 6.525535659125547387e-03 6.731190730582836158e-03 6.460512534614928568e-03 6.654235656651507139e-03 7.556838942536303096e-03 7.020963452556401065e-03 6.724936398524321117e-03 7.441634248473603594e-03 7.048213192405093815e-03 7.335239926269256951e-03 8.334079644902358391e-03 7.282278623092215512e-03 7.328948103696762174e-03 6.560068155432320289e-03 9.279978615564432251e-03 9.876580840258461155e-03 1.023242129657355587e-02 9.656687851877803278e-03 9.753134175875879941e-03 9.927863774647603320e-03 9.626361354796778708e-03 9.772439165325627272e-03 9.447365351616818230e-03 9.247247672744098382e-03 9.777553317780495953e-03 1.017494666182211342e-02 1.047271784814390871e-02 9.809008162474149722e-03 9.837633052810546008e-03 8.796075879925299712e-03 1.021105553416639874e-02 9.469619410174238625e-03 9.408869456710801382e-03 1.043735475238440763e-02 9.634508632715652401e-03 9.235768724926200768e-03 9.384136359810711994e-03 9.789443390729452368e-03 9.316626025231247374e-03 1.032673856350437881e-02 9.153602310352573768e-03 9.954253536416719783e-03 1.007729438656145178e-02 9.078614859745776783e-03 1.013877783959381447e-02 9.654981117447081554e-03 2.185853484840330485e-02 2.195986198055082175e-02 2.259968987003241683e-02 2.125608405483021129e-02 2.107493821762277189e-02 2.159285628924080547e-02 2.105564006025280321e-02 2.153677008222912651e-02 2.251442640872634501e-02 2.205302159961657765e-02 2.247336077469744287e-02 2.182295309698926641e-02 2.228081902495838637e-02 2.166895438601762827e-02 2.187325466745463146e-02 2.104938382559713370e-02 2.200728813441283488e-02 2.145119409379361852e-02 2.174527874801177735e-02 2.179593190420251250e-02 2.187385003640252013e-02 2.076104541746056839e-02 1.957182080224292159e-02 2.079898662456730954e-02 2.245378224386556515e-02 2.256563080157715159e-02 2.256758669002752876e-02 2.268990677225128996e-02 2.180837561803294217e-02 2.242815670153560856e-02 2.251279392754357983e-02 2.249613679997618937e-02 2.297164846711022626e-02 2.217637383865696254e-02 2.192660962349682330e-02 2.209473068606416721e-02 2.119079613870999967e-02 2.200123047006139268e-02 2.273376592950829278e-02 2.205318980970972717e-02 2.178118255924410204e-02 2.272037556473944717e-02 2.226152070138041547e-02 2.258871692252171354e-02 2.260551964331755301e-02 2.206767562791229695e-02 2.187898461518410567e-02 2.063982287983333330e-02 2.081292702118421600e-02 2.280556753075747151e-02 2.184069194922516610e-02 2.282841786729898972e-02 2.270273006158793350e-02 2.158407251925365672e-02 2.163207251524354099e-02 2.199482598121276639e-02 2.202621469705907248e-02 2.225893338314427483e-02 2.150196931102489606e-02 2.212676033046812388e-02 2.207655396923568353e-02 2.263907042005962669e-02 2.296274347676246011e-02 2.260368620413387430e-02
6.950983533876215793e-03 6.834647500210696766e-03 7.698655682714412342e-03 6.712122928406522721e-03 7.200913681227561099e-03 6.914463164294061027e-03 7.203278236145234034e-03 0.000000000000000000e+00 6.686274379841848810e-03 7.304693687572847739e-03 7.118974914368266134e-03 6.631755029995876037e-03 7.099999822687643770e-03 7.582213766167515689e-03 6.730554381036749599e-03 7.706278064556288700e-03 7.250704237743208977e-03 7.138993092392938514e-03 7.196336465411222807e-03 6.698955180004102263e-03 6.635631171232172013e-03 7.077097870753979413e-03 7.267379975862991136e-03 7.589897648865706788e-03 7.065110081536090693e-03 7.336048569935289462e-03 7.520200292714087666e-03 7.116115631020266535e-03 8.716015877000583834e-03 6.729645297909857618e-03 7.715627337197897284e-03 6.640104695613316052e-03 9.875582893575058502e-03 9.659426857395837090e-03 1.045800632704829529e-02 1.006615809746568002e-02 1.015087120372266255e-02 1.008100520059932413e-02 1.030515124987529084e-02 1.007740264007746592e-02 9.747810897896119417e-03 9.740060575997012277e-03 1.005516534269950552e-02 1.061279024570883737e-02 1.084515782495713149e-02 1.014871708416873256e-02 1.011830948083447014e-02 9.552962146255207510e-03 1.063439868802751494e-02 9.895006507573082116e-03 9.918309279407133000e-03 1.083023202550902238e-02 1.010166672647830506e-02 9.658256402011955455e-03 9.460849732324614486e-03 1.041475246824366367e-02 9.936473614757796238e-03 1.079360447723793325e-02 9.535788715620973841e-03 1.033676970658387213e-02 1.037396076535739703e-02 9.347700110762781345e-03 1.003508288751586187e-02 9.859190218765464392e-03 2.183845993076413694e-02 2.192224936621929229e-02 2.255797471799275353e-02 2.147925472356163740e-02 2.105915215290012077e-02 2.155626020883888438e-02 2.101539036160909174e-02 2.149400476863012888e-02 2.248166727035390278e-02 2.203732092320965022e-02 2.241718698963071285e-02 2.180004625088798748e-02 2.222336615268655224e-02 2.161653201176927039e-02 2.185021239958824177e-02 2.100563987011477493e-02 2.198226095410163103e-02 2.141610017572328009e-02 2.168888801325675325e-02 2.177207238036794196e-02 2.183301860856723398e-02 2.074699690587798739e-02 1.951677909505506944e-02 2.077460353900209208e-02 2.242744711237851241e-02 2.254002612589388332e-02 2.253742514746432182e-02 2.265914757910145530e-02 2.178142506049340205e-02 2.237890282206992168e-02 2.245715474747692064e-02 2.241866960161475325e-02 2.282784866276574287e-02 2.203596911086888599e-02 2.175226499786455520e-02 2.196242973672003426e-02 2.107729955368425195e-02 2.183080392745067461e-02 2.258692425799255568e-02 2.193014094478120887e-02 2.164380536938571506e-02 2.258762905907248097e-02 2.212828136060112499e-02 2.245995375591185866e-02 2.246293096707169604e-02 2.193387830661975429e-02 2.172570812734938087e-02 2.052587185988050122e-02 2.064016302038426676e-02 2.267802677394101935e-02 2.168956591433199646e-02 2.267178102317691721e-02 2.256109288134048804e-02 2.146906608380858353e-02 2.145891841782397724e-02 2.186366639340416029e-02 2.189896882149111254e-02 2.210130147321169580e-02 2.105278582176061189e-02 2.197631351599995189e-02 2.194692214589378382e-02 2.251030610553719086e-02 2.279917403295628198e-02 2.245437342821632667e-02
7.010871377705992467e-03 6.967513738950562030e-03 6.956863554645853313e-03 6.904587745026292619e-03 7.292328085704029642e-03 6.467182817891910587e-03 6.772243563345625196e-03 6.686274379841848810e-03 0.000000000000000000e+00 7.497687914104360189e-03 6.832127451054858733e-03 6.779043763000828539e-03 6.865941633936052495e-03 6.853205753704438505e-03 6.522669469534784353e-03 7.299214054460388505e-03 6.456961617302614184e-03 7.011919040827470015e-03 6.633419251224420381e-03 6.790143531377183794e-03 6.600355046667782943e-03 6.456440387463853459e-03 6.793161426497133434e-03 6.932771773809405340e-03 6.400727181294650452e-03 7.392469622324532655e-03 6.840416886447249142e-03 6.901287049208364686e-03 8.571945513805653491e-03 6.452601819523675133e-03 7.377916019380924804e-03 6.743423247918799331e-03 9.993079568913510249e-03 1.051932863035933037e-02 1.089728017546701642e-02 1.037735309329525235e-02 1.048576543541140764e-02 1.054775233936733336e-02 1.057468652708715845e-02 1.047185906511222120e-02 1.010408580066027989e-02 1.022370538677183638e-02 1.047780596986584538e-02 1.090624934872418822e-02 1.119390433232258196e-02 1.053399396987677629e-02 1.052088850887069986e-02 9.749526923805908185e-03 1.090471680950933116e-02 1.016127934117350140e-02 1.013194149233923903e-02 1.113383737517073882e-02 1.033641795143571893e-02 9.692677223088213070e-03 1.003362391442117092e-02 1.080497926748199590e-02 1.030390168290573963e-02 1.109905536375752760e-02 9.799013150039939321e-03 1.062881843326531593e-02 1.079607271828500643e-02 9.732324950571299288e-03 1.085299514002823970e-02 1.030419095098383982e-02 2.211785257655873860e-02 2.221513129016332647e-02 2.285356868270303071e-02 2.172679209465013667e-02 2.132778400395155330e-02 2.183145747336599080e-02 2.129129640298960124e-02 2.178784364648534214e-02 2.276011142300702825e-02 2.229984624217245040e-02 2.270386846289473501e-02 2.208439138947166855e-02 2.252128986523138296e-02 2.192658353659765469e-02 2.213855475325409924e-02 2.127916031361487548e-02 2.226840840259749696e-02 2.169414234409971706e-02 2.197136671945716310e-02 2.205902463584867232e-02 2.212496332893924486e-02 2.099577860845801280e-02 1.979296287981647737e-02 2.104173313666541159e-02 2.270268207011326769e-02 2.281772307079466683e-02 2.281852638816661907e-02 2.294136843532816952e-02 2.206458032750130069e-02 2.266167461656583976e-02 2.275749974171877715e-02 2.272382749673583155e-02 2.310276442926447946e-02 2.236595272620203051e-02 2.209893777903625470e-02 2.226392966247338692e-02 2.138830557967514798e-02 2.213367545119202320e-02 2.288800454555154143e-02 2.220750470054733139e-02 2.194743773698478936e-02 2.288208712925046684e-02 2.242430065544501888e-02 2.277759196212220463e-02 2.275699607428773030e-02 2.224362230862982071e-02 2.199688946763115119e-02 2.081787754547927485e-02 2.100637790494707183e-02 2.297737223805903714e-02 2.198466670884486468e-02 2.299133767334942194e-02 2.284615649688725644e-02 2.180138335254890730e-02 2.145196295891399138e-02 2.216278199270190971e-02 2.215966347502652811e-02 2.241079825553402016e-02 2.164418139384982273e-02 2.227189914141455493e-02 2.226815509246039826e-02 2.280931333477191972e-02 2.311536358003146371e-02 2.274941268034193567e-02
7.170775574170693521e-03 8.106691616977525564e-03 8.220668829015103513e-03 7.943398227441769363e-03 8.108165562899579890e-03 7.391969696032550143e-03 7.832817366913966822e-03 7.304693687572847739e-03 7.497687914104360189e-03 0.000000000000000000e+00 8.485068537075098061e-03 7.703627221368443759e-03 7.115450082452858503e-03 8.384342813999592914e-03 7.588142830148280824e-03 8.442622657166051064e-03 7.680119122366907414e-03 8.110829155274779101e-03 7.863280479156067523e-03 7.574556657272141745e-03 7.378555646152765157e-03 7.490227084030032408e-03 8.489383398197264743e-03 8.107605987914000972e-03 7.445190219207846287e-03 6.603668812098154386e-03 8.390365363203011392e-03 8.009511173747031060e-03 7.398013168440461390e-03 7.404786966135032227e-03 8.646015461466600993e-03 7.785535902820573187e-03 1.012741446239129837e-02 9.606207638093328463e-03 9.722435344209636246e-03 1.030649810094287633e-02 1.044084220119359356e-02 9.181235122522935638e-03 1.071729668086453084e-02 9.869281385798485753e-03 1.014050163271021550e-02 9.618523317705770029e-03 1.026832774352340501e-02 1.101912356788056248e-02 1.122488614731386759e-02 1.039069216973974828e-02 1.037278931887024649e-02 1.005124900532700788e-02 1.107955364604093669e-02 1.033139661167878712e-02 1.029329091698893278e-02 1.117734399126587772e-02 1.046547655088638992e-02 9.966638942085437325e-03 9.939739217400142546e-03 1.006952675710751782e-02 9.544573360658302474e-03 1.120446535680731832e-02 9.942475138163127737e-03 1.078397464007413084e-02 9.688611798365965103e-03 8.986291101551111687e-03 1.014753916355085224e-02 9.994218700951859949e-03 2.062809886277261820e-02 2.074561449658380088e-02 2.141488556107447316e-02 2.028498885688255829e-02 1.985058907056130861e-02 2.040245152971748369e-02 1.953037990977668850e-02 2.033664394840301384e-02 2.131095877984968967e-02 2.083721431346115607e-02 2.126463101650878651e-02 2.061346341909619725e-02 2.105837447435040741e-02 2.047462636367616481e-02 2.065597689146914107e-02 1.980353879273131709e-02 2.081466899853448224e-02 2.023481336203176648e-02 2.054220796409824898e-02 2.060442419652671470e-02 2.066913961713536668e-02 1.956200281242927511e-02 1.808333228775810958e-02 1.957769113295438138e-02 2.121130071274280465e-02 2.138308139665525895e-02 2.138028971008687495e-02 2.150701177405779305e-02 2.057306756701764508e-02 2.119111475016343532e-02 2.129095799137751405e-02 2.126981399220059452e-02 2.180491283491968815e-02 2.100864308666311117e-02 2.074812542740111371e-02 2.087802967091394180e-02 2.005403403769613624e-02 2.082013357661903832e-02 2.155610879519051157e-02 2.086881534144811867e-02 2.059747418702450455e-02 2.151785501399407219e-02 2.107150691116703445e-02 2.142471653033899831e-02 2.142575323833148526e-02 2.092669767339369255e-02 2.035116130962155018e-02 1.945370988793980113e-02 1.968394381470912197e-02 2.163057522868744656e-02 2.067495283100743639e-02 2.163032438984439226e-02 2.153507984820388077e-02 2.047997865121949784e-02 2.040624632016961246e-02 2.082038250964253490e-02 2.083800534482683695e-02 2.109841622934352859e-02 2.029332717484016654e-02 2.094781668780598682e-02 2.091162495336826646e-02 2.144260168316503012e-02 2.178114232475875794e-02 2.138882291919207840e-02
7.594916939452578397e-03 6.670169701397171344e-03 6.924606346569554989e-03 6.922383373339803352e-03 6.478547682038637671e-03 7.011810459002515081e-03 7.459824540123620625e-03 7.118974914368266134e-03 6.832127451054858733e-03 8.485068537075098061e-03 0.000000000000000000e+00 7.218304193128555722e-03 7.434788580800183455e-03 6.405788280833699978e-03 6.807666147993904869e-03 7.097461036900211406e-03 6.756710244899480008e-03 6.603646798861292563e-03 6.919899161297988176e-03 6.752560644529548989e-03 7.382008753061339648e-03 7.397073533345225292e-03 6.420829097387913131e-03 6.869716040374992082e-03 6.923549533936592185e-03 7.863338296958023374e-03 6.466051604733108644e-03 6.988015087180955362e-03 9.148109693544717938e-03 7.435290695263788163e-03 6.442128308352477323e-03 7.508173441468064292e-03 1.062596996707598253e-02 1.086347561392532989e-02 1.140637571524685638e-02 1.071172310665267566e-02 1.075997402744890280e-02 1.101140161951676306e-02 1.057623090447183667e-02 1.087382762041898265e-02 1.039982276702056292e-02 1.030214342328534746e-02 1.079784924236247209e-02 1.090366747797488767e-02 1.118237463519475110e-02 1.083418631344100665e-02 1.085264210645747567e-02 9.680792915456343239e-03 1.056777050356897188e-02 1.015770041832347002e-02 1.015724014311237405e-02 1.116678183718568598e-02 1.040083994541635311e-02 1.019626048497395548e-02 1.006437728141080547e-02 1.121009752871318134e-02 1.076518586076106836e-02 1.111850680213024266e-02 9.821666417785677311e-03 1.057552109055751380e-02 1.125475999474111546e-02 1.017011883933202632e-02 1.123992328163498158e-02 1.061784461664964756e-02 2.271984773266817748e-02 2.281917526302322183e-02 2.344741757315973660e-02 2.234266627076315209e-02 2.192328038721426745e-02 2.244074243394764481e-02 2.191507540452002772e-02 2.236104472894365897e-02 2.336528936774135909e-02 2.289950302957739423e-02 2.332477278904471901e-02 2.268208883434152251e-02 2.313094966127720448e-02 2.253569786350063595e-02 2.273956567027175454e-02 2.188906376134617734e-02 2.286909319408865493e-02 2.231484112821050317e-02 2.257108861892425170e-02 2.266527342175625459e-02 2.271434482365546070e-02 2.159167086259415960e-02 2.042137045843701523e-02 2.166608300418269503e-02 2.330650683874056425e-02 2.341506184264855600e-02 2.342049127110513301e-02 2.354710252141853019e-02 2.266911632242561703e-02 2.326598476778666061e-02 2.336343556555007042e-02 2.333470547569141754e-02 2.377020341924765065e-02 2.300573154296330428e-02 2.273981808301519386e-02 2.290931382653261378e-02 2.199379912228377476e-02 2.281754531234764932e-02 2.355382502164890535e-02 2.286877258059525145e-02 2.260981433529564780e-02 2.352611281121035069e-02 2.306602000897733235e-02 2.341931099498604021e-02 2.342206107942404469e-02 2.290541273509226483e-02 2.268586410719361512e-02 2.148474596941871498e-02 2.162690001444676768e-02 2.361946949531372464e-02 2.265902455481516933e-02 2.364010567819685785e-02 2.350705244894715426e-02 2.242289011090274620e-02 2.242259115742528328e-02 2.282052283269822915e-02 2.282535076294853887e-02 2.307594706986520680e-02 2.230106305841671535e-02 2.292702389424057519e-02 2.291644609717476827e-02 2.345354672751510938e-02 2.376108337294325495e-02 2.341309215226275095e-02
6.571692239502378505e-03 6.872337484345554179e-03 7.453012346391904054e-03 7.187114773612102853e-03 7.620553381179963857e-03 7.233228625083606804e-03 7.300714121793361669e-03 6.631755029995876037e-03 6.779043763000828539e-03 7.703627221368443759e-03 7.218304193128555722e-03 0.000000000000000000e+00 7.167388855585539280e-03 7.649558254934928948e-03 7.246586875779264386e-03 7.898750884840639516e-03 6.736913879980445906e-03 7.712750833537867189e-03 7.311128915140757516e-03 6.687551352214748598e-03 7.168322972432974831e-03 7.247303967873351856e-03 7.786229152509233087e-03 7.188098490656548781e-03 6.653260317692524448e-03 7.704528983615404822e-03 7.687780841497638025e-03 7.221825438860188934e-03 8.747665534802245846e-03 7.202248666093603521e-03 7.319475497107252697e-03 6.833647177617968929e-03 1.008844384351744242e-02 1.021636759083855220e-02 1.022968170225971307e-02 1.027438487338431204e-02 1.044039200193211739e-02 1.025790188244803287e-02 1.057766580204352359e-02 1.026445000590314911e-02 1.007229840554773465e-02 1.000500770125757263e-02 1.027782052287632211e-02 1.092262986156678460e-02 1.115444349591078813e-02 1.045023657175892830e-02 1.039356680162433107e-02 9.826293157271249676e-03 1.090856378543854713e-02 1.020152776324740468e-02 1.006364239077018122e-02 1.109625893294101905e-02 1.040093961856315002e-02 9.956144927169100281e-03 1.007032321170799917e-02 1.059016479855158337e-02 1.005431006322007360e-02 1.107801131454428170e-02 9.854477049355096774e-03 1.067639838516061014e-02 1.050179487686741901e-02 9.559632330376197085e-03 1.059227611050896425e-02 9.671718310967932983e-03 2.169064053819658514e-02 2.179202527238200543e-02 2.241492644817455124e-02 2.134329569491321896e-02 2.090624197833424944e-02 2.140375343468644068e-02 2.089309606690387816e-02 2.134794395718897161e-02 2.235941656133094008e-02 2.189244236908749475e-02 2.233133606118792649e-02 2.164907731735937757e-02 2.211097202603889977e-02 2.150955772060712465e-02 2.173357007017814174e-02 2.085812116443230835e-02 2.184150136560546185e-02 2.126461684799277677e-02 2.120230304294352941e-02 2.162874484141434628e-02 2.168841959972500621e-02 2.061879335534169341e-02 1.942368936815930605e-02 2.065331752691355882e-02 2.230147443824512937e-02 2.238857719190063753e-02 2.241880634171342090e-02 2.251709201349146733e-02 2.163728032217835176e-02 2.226593813208983808e-02 2.233649946443508338e-02 2.232907626515458210e-02 2.286450288424022800e-02 2.207030424546502917e-02 2.182508935532800898e-02 2.198681701464478069e-02 2.113340406221395767e-02 2.187548809473461101e-02 2.263078585288833683e-02 2.196128607120465676e-02 2.166053092075467465e-02 2.257269655550035031e-02 2.216473912648297614e-02 2.248244409069121916e-02 2.250548160480079704e-02 2.198368602158752919e-02 2.175185142181901288e-02 2.053481435592503443e-02 2.072528792524387653e-02 2.266538012239947483e-02 2.173413237178156363e-02 2.271113359793829403e-02 2.259137761546801612e-02 2.153873684966310306e-02 2.150046838277327663e-02 2.189679715754608638e-02 2.192573031452093105e-02 2.215867284584139424e-02 2.136209132112778034e-02 2.202934994948233319e-02 2.199028184941821326e-02 2.251937109667985840e-02 2.285302896742672646e-02 2.248152909265211177e-02
