0.000000000000000000e+00 6.778279290987874323e-03 6.439747591892515041e-03 7.526648600358252193e-03 7.981953429168546152e-03 8.254364332544153818e-03 7.412596513891367422e-03 6.524860090340128989e-03 7.331135395723657744e-03 8.291252189391416436e-03 1.107639518342532804e-02 7.256525210428179870e-03 9.783146315371492319e-03 6.681324474336037232e-03 9.483237322774703063e-03 6.421030755191284821e-03 8.936046592952117534e-03 6.606125246502737511e-03 8.202496887481265653e-03 6.769140433276194316e-03 6.745297367103656426e-03 7.691766665713481790e-03 9.825188916281061766e-03 6.896946584159878608e-03 6.923673538931591175e-03 8.533619913932534787e-03 7.448044680481520977e-03 7.722760978613950680e-03 6.500879449469169555e-03 6.475428310459769091e-03 6.426391611783877945e-03 7.654801371542240690e-03 4.188121072155560898e-02 4.194550641732789492e-02 4.012299535003303885e-02 4.285901921453959262e-02 4.035412353586657203e-02 4.112015609811568717e-02 4.108951557235777929e-02 4.215496638160703968e-02 4.237468034731104588e-02 4.282878935183240948e-02 3.989444880741487010e-02 4.105088246722387452e-02 4.250829914136082521e-02 4.181565352792220719e-02 4.264268898315761586e-02 4.041921499701090631e-02 4.111266259996870787e-02 4.251329812407119574e-02 4.019181195509510113e-02 4.259510844678211089e-02 4.249725185598707961e-02 4.238294509323159431e-02 4.253147274811427958e-02 4.111992713735118654e-02 4.261077622125943737e-02 4.062321869095260329e-02 4.196133252455454266e-02 4.011006519615061688e-02 4.100492507253806346e-02 4.210289834165175521e-02 4.259049868385695464e-02 3.904842793004833362e-02 4.191472905590030995e-02 4.162282077419618420e-02 3.972749982397109914e-02 4.067475916836300887e-02 4.334704185834836743e-02 4.332019392012142339e-02 4.228026615759161028e-02 4.340423068549452423e-02 4.340596492916017068e-02 4.335132167784751245e-02 4.183711871524938702e-02 4.250476327441646968e-02 4.066770261377787576e-02 4.273387356107262447e-02 4.322763796303669831e-02 4.205465381278614134e-02 4.182031353709754484e-02 4.181317938752799473e-02 4.280564723460832804e-02 4.333831446484516514e-02 4.293749388750205814e-02 4.267666562334920116e-02 4.056306301632162797e-02 4.281559920799703212e-02 4.314402619176764542e-02 4.276118443254294660e-02 4.245376004433325939e-02 4.195142289355757725e-02 4.196200825851047894e-02 4.363055149249570747e-02 4.289926471615514159e-02 4.257503885026408391e-02 4.226604400062804190e-02 3.958313189540577787e-02 4.234095147192901143e-02 4.222989969575857705e-02 3.938153017665554229e-02 4.200831404221361254e-02 3.830022235780371209e-02 4.238633357169668131e-02 4.255671791307399227e-02 4.117247495043834665e-02 4.239271539171158426e-02 4.040981204506857716e-02 3.950494997849417211e-02 4.219359529561324262e-02 3.989435931258249191e-02 4.073228972577485479e-02 4.095813268665413065e-02 3.937384805884935890e-02 4.220408039090106644e-02 4.207421453268249401e-02 4.013879057142869661e-02 4.087619591738208408e-02 4.229405464376404661e-02 4.205837057088614162e-02 4.197680124227390341e-02 4.048558518062413125e-02 3.942166293304610880e-02 4.213011531018383271e-02 3.977517180403163100e-02 4.233499585379683905e-02 4.048177831132241528e-02 4.211228048155425674e-02
6.778279290987874323e-03 0.000000000000000000e+00 6.396460604177570466e-03 8.092969535776374859e-03 8.083204513354480536e-03 8.420916892718666863e-03 7.425012459673378286e-03 6.348387048035640176e-03 7.454063371574196246e-03 8.041070508740786466e-03 1.074321665770687668e-02 7.238862629757243303e-03 9.907491930458258225e-03 6.760730232771255781e-03 9.581951244640927318e-03 6.841225477420845302e-03 9.112596990320458168e-03 6.381597044923716794e-03 8.747592773201241095e-03 6.312545622507594219e-03 6.495744978063811709e-03 7.848324344336073816e-03 1.030364272039126575e-02 6.765268573775773051e-03 6.506490237624079458e-03 8.582017350175210821e-03 7.630379038229251863e-03 7.275461670520580459e-03 6.429416514851211441e-03 6.375320610073273442e-03 6.376877166123886762e-03 7.727872969506594143e-03 4.206768987483315569e-02 4.213351981132761742e-02 4.029135280996996166e-02 4.304779294967760184e-02 4.054184187315536952e-02 4.130907186206124460e-02 4.129769195890835992e-02 4.234200254574303074e-02 4.256641600438437062e-02 4.301778096187987982e-02 4.009981203404246186e-02 4.124108210556595017e-02 4.269812752711150960e-02 4.200345431819989955e-02 4.283305904039509671e-02 4.062376971112305335e-02 4.130339488224940570e-02 4.270258599453480297e-02 4.038037481266821410e-02 4.278652596339090758e-02 4.268746987602090731e-02 4.257408803496857269e-02 4.272107033200417403e-02 4.131121073020128237e-02 4.279931457938158934e-02 4.081298878471287944e-02 4.214965412421778357e-02 4.029778098325021568e-02 4.119428119461225613e-02 4.229047653773935350e-02 4.278083067990523514e-02 3.925553357739119259e-02 4.198755793377067363e-02 4.169993967806357588e-02 3.980225169935970586e-02 4.075687856761079503e-02 4.341596512184615897e-02 4.339242453747199635e-02 4.233526096991186566e-02 4.347520194299533958e-02 4.347694743703445913e-02 4.342189818282835706e-02 4.192400150166489259e-02 4.258149233264078848e-02 4.075980273153322064e-02 4.281253158897306565e-02 4.330002770294878733e-02 4.214107385158827324e-02 4.189099479213476140e-02 4.186482654144267623e-02 4.288143543811384628e-02 4.340994201952524945e-02 4.301224938011256188e-02 4.275291753796013616e-02 4.063510670372374317e-02 4.289347927716516407e-02 4.321402999376098425e-02 4.283705128868391804e-02 4.252988050945136905e-02 4.202124526622946082e-02 4.201538212560366331e-02 4.370074380183583407e-02 4.297579489381397888e-02 4.265413946215934615e-02 4.230367890394211988e-02 3.962682704870326700e-02 4.237902382103092558e-02 4.226945150666697182e-02 3.942646696213706475e-02 4.204717206017982017e-02 3.836530960138538615e-02 4.242461003094695482e-02 4.259554669876221278e-02 4.121233260245174557e-02 4.243029671274894249e-02 4.044699628240045614e-02 3.952840513184538440e-02 4.223212970660981946e-02 3.994147245798991552e-02 4.077397970999585564e-02 4.100497218718920922e-02 3.941518541414416182e-02 4.224160897112065605e-02 4.211434833823374246e-02 4.017957468609868049e-02 4.091880384704865703e-02 4.233150964747244699e-02 4.209770319247945619e-02 4.201564183117512813e-02 4.052824416414729097e-02 3.944692904891389934e-02 4.216896001668989785e-02 3.981855158611097983e-02 4.237449344227284254e-02 4.052272853627347099e-02 4.215131966857561113e-02
6.439747591892515041e-03 6.396460604177570466e-03 0.000000000000000000e+00 8.108069662350102583e-03 8.060328659384420613e-03 8.561181742054755489e-03 7.611579796861497188e-03 6.341689268358339203e-03 7.423914571305249843e-03 7.976237326642845321e-03 1.126218483023905433e-02 7.412309009742761023e-03 1.043890321722218753e-02 6.484230851336196533e-03 9.684671222798120829e-03 6.307731047387312405e-03 9.182409147867841986e-03 6.377098735250314940e-03 8.478005542061984104e-03 6.201891961512373368e-03 6.952502413800730821e-03 7.921949944029282875e-03 1.006407383615189922e-02 6.436970423465148555e-03 6.355745541177957800e-03 8.769508790329906198e-03 7.614860412364927132e-03 7.454106408626705663e-03 6.857437303322170413e-03 6.253897494982610036e-03 6.494220786978379366e-03 7.743865733516123659e-03 4.207061263997335238e-02 4.213374758774297846e-02 4.029421062193828951e-02 4.304206725621703700e-02 4.055242076099364879e-02 4.130342517768027799e-02 4.127587755734816316e-02 4.234224058228082399e-02 4.256002310137552841e-02 4.301211157470155588e-02 4.008954857328913407e-02 4.123587127512955142e-02 4.269209023228026645e-02 4.200508031333694686e-02 4.282615834607559485e-02 4.061064355596473441e-02 4.129830415183841086e-02 4.269637678319981172e-02 4.038615601881520578e-02 4.277904308230433272e-02 4.268069510027535512e-02 4.256842185087106323e-02 4.271517472190066583e-02 4.131225485180633344e-02 4.279336024330487875e-02 4.081390917151682396e-02 4.214963460138823614e-02 4.029973131386867247e-02 4.118907732105635960e-02 4.229044239962150009e-02 4.277463479923834105e-02 3.925636409047732894e-02 4.213980243967355849e-02 4.185646794118798308e-02 3.997664689388629594e-02 4.092290010551039720e-02 4.357051582570071330e-02 4.354478284237138508e-02 4.250322069600266650e-02 4.362757067266977845e-02 4.362915941037582429e-02 4.357473146671696218e-02 4.206425868691211073e-02 4.273039105139317395e-02 4.090298714311938616e-02 4.296070779357781533e-02 4.345282157224789749e-02 4.228317655730928076e-02 4.205366069371967858e-02 4.203571961585124417e-02 4.303052124433923153e-02 4.356272620826965453e-02 4.316200904618724965e-02 4.290212778490324480e-02 4.079602068181209518e-02 4.304052092123716866e-02 4.336952715669400299e-02 4.298650547493767377e-02 4.267993606875795931e-02 4.217653868586811877e-02 4.218543698457689201e-02 4.385331398338712661e-02 4.312490690463977733e-02 4.280250971912948066e-02 4.252723676843862821e-02 3.986896330488180068e-02 4.260217284949513461e-02 4.249186455057587380e-02 3.967225257106306302e-02 4.227081672224244913e-02 3.857708512850321209e-02 4.264754923717485602e-02 4.281600752511505181e-02 4.144039025880927318e-02 4.265534062889096700e-02 4.066908784242283248e-02 3.975158275864683344e-02 4.245434392237667359e-02 4.016792445137389728e-02 4.099509039079942546e-02 4.122619887206315642e-02 3.963760636814171040e-02 4.246654955513649160e-02 4.233693035538248217e-02 4.040309625722241643e-02 4.114655665350371722e-02 4.255482104090326650e-02 4.232224251613209837e-02 4.223966572935489161e-02 4.075102029303969559e-02 3.968485483334615455e-02 4.239286439724666844e-02 4.005989653576425003e-02 4.259820448389652764e-02 4.074531438177394355e-02 4.237439629127779522e-02
7.526648600358252193e-03 8.092969535776374859e-03 8.108069662350102583e-03 0.000000000000000000e+00 6.340400344783845947e-03 8.178714570919039598e-03 8.239003731918289816e-03 8.144334984422895232e-03 7.004677515089326179e-03 6.667545005675780574e-03 9.846617745765265731e-03 8.002497607749023759e-03 9.820811593068667564e-03 7.410878884255706935e-03 8.408981500159619718e-03 7.680042030021836351e-03 8.727236089268095715e-03 7.900873280284640213e-03 7.807338128674336415e-03 8.049305712958915518e-03 7.351038952820213197e-03 7.250839532114610429e-03 8.651260733762912436e-03 7.552673532118630607e-03 8.196871905807862416e-03 8.557192399179503611e-03 6.292701667750129867e-03 7.977378778913874618e-03 7.616228554025624049e-03 8.183752091138909654e-03 7.558249983200402561e-03 6.952344304999084207e-03 4.039715853506240656e-02 4.046325709317696168e-02 3.861335760368336117e-02 4.139577286674481910e-02 3.888953862615874418e-02 3.968388840123279748e-02 3.963333628683628207e-02 4.068856597995593183e-02 4.089670351529722803e-02 4.136853938544685083e-02 3.841775923327957198e-02 3.957213728451425272e-02 4.102927953632286295e-02 4.032774919389624929e-02 4.118376188798769655e-02 3.893326941264315527e-02 3.965156316801542874e-02 4.105152182478215284e-02 3.870472972362688086e-02 4.112020617965507496e-02 4.102141637256858514e-02 4.089763978334865629e-02 4.105344436633662220e-02 3.964065871003526198e-02 4.112929019183775292e-02 3.914463556258462179e-02 4.047881933223937412e-02 3.860150440168320929e-02 3.954990564109175238e-02 4.061995922323799468e-02 4.112746925630146599e-02 3.730657382478757417e-02 4.089962931378683664e-02 4.057411665993404526e-02 3.873320639594605291e-02 3.962476228698950248e-02 4.233072414093315416e-02 4.230085718551557933e-02 4.124953900230470677e-02 4.238508448443471799e-02 4.238660855232043168e-02 4.233387718941385852e-02 4.082115567770795012e-02 4.144605255103338964e-02 3.965101954418494973e-02 4.165915695487305836e-02 4.220801525878298266e-02 4.096500184264451755e-02 4.080924933582176506e-02 4.077753158522710863e-02 4.175602462969767170e-02 4.231607798624497513e-02 4.188896836776691973e-02 4.162442212326428886e-02 3.954627545558398599e-02 4.176138470420941162e-02 4.212434434516648674e-02 4.171347396953115766e-02 4.139953911868849562e-02 4.093617086121333765e-02 4.092750625066548381e-02 4.261343353701500108e-02 4.185309342244009773e-02 4.152318023269480768e-02 4.222320824051807586e-02 3.951000284967877418e-02 4.229998573086340280e-02 4.218563425247418702e-02 3.929821472120461484e-02 4.196302488674707315e-02 3.818859515123570331e-02 4.234403876386240440e-02 4.251319744334972756e-02 4.109425576723811646e-02 4.234654694355453192e-02 4.037184550645739334e-02 3.944906426954557233e-02 4.214889257485015389e-02 3.977385705690118789e-02 4.069307627199839072e-02 4.086540728213015200e-02 3.933657773828562465e-02 4.216117659736452750e-02 4.202725757424646824e-02 4.010014431352866560e-02 4.079658050994518920e-02 4.224952836914004639e-02 4.200893587369430165e-02 4.192874464197151457e-02 4.044643720227173583e-02 3.935865274084109772e-02 4.208621906095968979e-02 3.970308915661844434e-02 4.228975044848067716e-02 4.043813991790778939e-02 4.206628190883012625e-02
7.981953429168546152e-03 8.083204513354480536e-03 8.060328659384420613e-03 6.340400344783845947e-03 0.000000000000000000e+00 8.730498439005213857e-03 8.345857511698863765e-03 7.778085584643938850e-03 6.844569480819023485e-03 6.529701461507453515e-03 9.874719078358072319e-03 8.124184543597890232e-03 9.937022487848617622e-03 7.399344145484791288e-03 8.438896689437258569e-03 7.632564583406072252e-03 9.260684430540240542e-03 7.878660203823283775e-03 7.594391422634662325e-03 7.609902569959481507e-03 7.411882351790280779e-03 7.425574096333190446e-03 8.649647043873429086e-03 7.569659087854996131e-03 7.714360253686133699e-03 8.754008188513216077e-03 6.368665216989236391e-03 8.037881561630743840e-03 7.937482687300882050e-03 8.135988561130708119e-03 7.610470852425453396e-03 6.848093454498692563e-03 4.041589270804091250e-02 4.046252873066286809e-02 3.863614504161307778e-02 4.137682596677760838e-02 3.887717076640508085e-02 3.967817363760299532e-02 3.961075462552793996e-02 4.068592606160579411e-02 4.089141260418083929e-02 4.136476403360569293e-02 3.843610519721417373e-02 3.959053698531507515e-02 4.104380333923038360e-02 4.032906795434565428e-02 4.116130391500509578e-02 3.893166100819615144e-02 3.965201393653156048e-02 4.105241623071734930e-02 3.872186575708266160e-02 4.111456343494783450e-02 4.101532961729945082e-02 4.089734085512453793e-02 4.106616354791442491e-02 3.964312415326078087e-02 4.112699211821342626e-02 3.917836282441124890e-02 4.049574781398638385e-02 3.831448895166196522e-02 3.954422859825433567e-02 4.061851454613397278e-02 4.110701671690327602e-02 3.756221929256941400e-02 4.091880735118256368e-02 4.059842406621981536e-02 3.876930535829084534e-02 3.962171084841130397e-02 4.234896313531494316e-02 4.231854331687364551e-02 4.126683318422249419e-02 4.240328479987420102e-02 4.240534696961283795e-02 4.235291382180811359e-02 4.083826479569165752e-02 4.146471338807834056e-02 3.967502508006341688e-02 4.169348729362391121e-02 4.222649978119966813e-02 4.098361625583244600e-02 4.083335173551069786e-02 4.079617350517360241e-02 4.177515176215197690e-02 4.233364410836566033e-02 4.190728641721194747e-02 4.164408815717001583e-02 3.957109442038391628e-02 4.178038308512541099e-02 4.214281858028919026e-02 4.173111323440801407e-02 4.141797207976708611e-02 4.095371428500600014e-02 4.094427346553375369e-02 4.263048070995731353e-02 4.186965487934362490e-02 4.154028031133948778e-02 4.239974515734413335e-02 3.968375519511502941e-02 4.247476652965561511e-02 4.236073344282748759e-02 3.946921284361535470e-02 4.213868137526386587e-02 3.834641008172171017e-02 4.251967539625885195e-02 4.268711575788277507e-02 4.126850828437358260e-02 4.252188186966285310e-02 4.054890285230158126e-02 3.963754398827277342e-02 4.232373082590009522e-02 3.994829976796339388e-02 4.088687348658724685e-02 4.103748068089647233e-02 3.951218544882519751e-02 4.233767694906227785e-02 4.220074059075181599e-02 4.027667587440478952e-02 4.096902086036974949e-02 4.242521442253939512e-02 4.218343107005980558e-02 4.210230952731558451e-02 4.063883542812864180e-02 3.954867479123662377e-02 4.226071479970858191e-02 3.987682008459006444e-02 4.246425466458742665e-02 4.061264406678082722e-02 4.224153315633051575e-02
8.254364332544153818e-03 8.420916892718666863e-03 8.561181742054755489e-03 8.178714570919039598e-03 8.730498439005213857e-03 0.000000000000000000e+00 7.693443170731178657e-03 8.577121018219408671e-03 8.786117018334701351e-03 8.597677029425120077e-03 1.031693614726758752e-02 7.581948294908831543e-03 7.987412714810293579e-03 8.350972229190045323e-03 9.350376219372595263e-03 8.498429131139351167e-03 6.817641372465273186e-03 8.726900304269150782e-03 7.445920474195140588e-03 8.844770534991905006e-03 8.309322014947500765e-03 7.178875443207032199e-03 9.550656466941604555e-03 8.522196850201224638e-03 9.047837120732695956e-03 7.154791651550944029e-03 8.265680620498648198e-03 7.576952592826827204e-03 8.552096207928697180e-03 8.575999297472512717e-03 8.435953955442892713e-03 8.389818952260739288e-03 4.081717973061559784e-02 4.089144984867862376e-02 3.904551190550799994e-02 4.181429692751695293e-02 3.922314306573064513e-02 4.010438236926743699e-02 4.007087071179628313e-02 4.109795538376275620e-02 4.134660087740618661e-02 4.178570799156849924e-02 3.878826755417357636e-02 4.001004039730220174e-02 4.146662940048506663e-02 4.075884720705644226e-02 4.160013244504844054e-02 3.938563541748710262e-02 4.007645716200093633e-02 4.146906602386355584e-02 3.912568905050869961e-02 4.155848381689024318e-02 4.146910227603161497e-02 4.133727447621708684e-02 4.149168528691082880e-02 4.001722665414950142e-02 4.157206326693251019e-02 3.934280565318185735e-02 4.092174868098310409e-02 3.907219251806903770e-02 3.997526457925228843e-02 4.106246791195589801e-02 4.154792049178999969e-02 3.801013982337943936e-02 4.102852063728965049e-02 4.063782451783281430e-02 3.859962751367217865e-02 3.975577920381549030e-02 4.244917271267974190e-02 4.242577085335962755e-02 4.138960536245771954e-02 4.250790755460217424e-02 4.251336780438871171e-02 4.245762429799695287e-02 4.094653950118145452e-02 4.158744582368678611e-02 3.970180732877880841e-02 4.182495366834701467e-02 4.232655293050011786e-02 4.110707117593623977e-02 4.084066891606521338e-02 4.091593431353317961e-02 4.189614486329784615e-02 4.244450824618863083e-02 4.202946410343457589e-02 4.176108643584593855e-02 3.960234879481180914e-02 4.190576177598382551e-02 4.223965452579057228e-02 4.184834367228025542e-02 4.153001915419148038e-02 4.106688216464030039e-02 4.106491662474712895e-02 4.275156746555925508e-02 4.199071533193456107e-02 4.165168528805868187e-02 3.997950094811822397e-02 3.729069846556425788e-02 4.007182485667146188e-02 3.995380054318507790e-02 3.710869413514377574e-02 3.972022441543646837e-02 3.597284651806383765e-02 4.010096709018872579e-02 4.026156882605948228e-02 3.888474376130400534e-02 4.010201198487258617e-02 3.812662784848411257e-02 3.699533224809197635e-02 3.991990405981809403e-02 3.756234599417793141e-02 3.848531610769571204e-02 3.866518600684716589e-02 3.709904336356791010e-02 3.991658490519415375e-02 3.978305524936323612e-02 3.785718780873030542e-02 3.860094425278830232e-02 4.000184795589846465e-02 3.978522284429301253e-02 3.970013322328973943e-02 3.795817357626369432e-02 3.714061129745807599e-02 3.985893906812576493e-02 3.748371857951060537e-02 4.006024058788763137e-02 3.823068045632354445e-02 3.982603764612427377e-02
7.412596513891367422e-03 7.425012459673378286e-03 7.611579796861497188e-03 8.239003731918289816e-03 8.345857511698863765e-03 7.693443170731178657e-03 0.000000000000000000e+00 7.522454741371096057e-03 8.272170718417608953e-03 9.091689374195943349e-03 1.118577733288148197e-02 6.517043660363676209e-03 8.876263663532169002e-03 7.516450664846815663e-03 1.029623494945903529e-02 7.422318866135569314e-03 8.227687572982325670e-03 7.590859130276113829e-03 8.696542922980330867e-03 7.562973718045502142e-03 7.510675260351946242e-03 8.124053024797047232e-03 1.032943912627781909e-02 8.044453250063039740e-03 7.595841461227205611e-03 8.233678671831629742e-03 8.598780821745196506e-03 6.520526845972166897e-03 7.603672090680831455e-03 7.922470585911049745e-03 7.394469745245325389e-03 8.775132665615048913e-03 4.225991947160322865e-02 4.232861738828125331e-02 4.050228156635003740e-02 4.324249630048962456e-02 4.068372615033157697e-02 4.151017611869635415e-02 4.149470748906649437e-02 4.253528125470538296e-02 4.275965754639820399e-02 4.321386963188118130e-02 4.024349731934477592e-02 4.145288271715502626e-02 4.289653213668127157e-02 4.219902506432925138e-02 4.302700521321108779e-02 4.080238972834110411e-02 4.151578510358776286e-02 4.289931673581130755e-02 4.056689628427379013e-02 4.298372417984888672e-02 4.288351603634814324e-02 4.276765793672147875e-02 4.291995069326628998e-02 4.146328065417285297e-02 4.300029658762213186e-02 4.101008384251191713e-02 4.234662064399112580e-02 4.047069017481420145e-02 4.141233939564469696e-02 4.248541105287334529e-02 4.297562900052338819e-02 3.945107894777846042e-02 4.209260042208316094e-02 4.175104804175999024e-02 3.973792755627656575e-02 4.083925943915416024e-02 4.350223498818749784e-02 4.348067404487349075e-02 4.244059151037466587e-02 4.356439281647905143e-02 4.356720269029631248e-02 4.351117473458526036e-02 4.199878328488845097e-02 4.267753118850532712e-02 4.078515978992815899e-02 4.291106672393161375e-02 4.338570949540900695e-02 4.224009973316337346e-02 4.192605311816050007e-02 4.197012458263330026e-02 4.297673353659894196e-02 4.350113163806380856e-02 4.310936797097405376e-02 4.284723629114858823e-02 4.069935060198886373e-02 4.299062672647074868e-02 4.329706257880218401e-02 4.293041897433228643e-02 4.262174088145532364e-02 4.212776222486505628e-02 4.212126980671548893e-02 4.379788583600568996e-02 4.306971232864018062e-02 4.274171719493265187e-02 4.095635082680255251e-02 3.829241906664181821e-02 4.102954433159229641e-02 4.092026278621103963e-02 3.811238787036255043e-02 4.069979948202159109e-02 3.704433175906546999e-02 4.107616754676510218e-02 4.126061965118702629e-02 3.987482128135950293e-02 4.109752266710583329e-02 3.911710758343652644e-02 3.818207247664403420e-02 4.088528849086611738e-02 3.861464866412844810e-02 3.944180257569687015e-02 3.966646959059948879e-02 3.781855508138817767e-02 4.089466017704640466e-02 4.076494173164414703e-02 3.884884760073244875e-02 3.958650364921331710e-02 4.097957679882416326e-02 4.076775174023686277e-02 4.066830955891830718e-02 3.918075095547330494e-02 3.813478303128372410e-02 4.082288721556676797e-02 3.850030984113497756e-02 4.104240348626059937e-02 3.919210194268006597e-02 4.080412886657142080e-02
6.524860090340128989e-03 6.348387048035640176e-03 6.341689268358339203e-03 8.144334984422895232e-03 7.778085584643938850e-03 8.577121018219408671e-03 7.522454741371096057e-03 0.000000000000000000e+00 7.479554667320309491e-03 7.996866763098964270e-03 1.083844376454493226e-02 7.357243515770498649e-03 1.007546790639183600e-02 6.495551073949772103e-03 1.001228884834822960e-02 6.476070273502301973e-03 9.679349571156074111e-03 6.345805369041196409e-03 8.897804695903437783e-03 6.314898682225089134e-03 6.935638928322567301e-03 8.261058699417312204e-03 1.008027792705391140e-02 6.392818486284133385e-03 6.876062974502987479e-03 8.707245855293466869e-03 8.039363724548947640e-03 7.350398074775795973e-03 6.404802880157983193e-03 6.275619243561599350e-03 6.765753510750269553e-03 7.777407474650004267e-03 4.213959683087253882e-02 4.220355252792396678e-02 4.035899467139324182e-02 4.311540474565752484e-02 4.061787564306520992e-02 4.137525457192179484e-02 4.136671320574059063e-02 4.241050698671958163e-02 4.263426451121992561e-02 4.308693331114208519e-02 4.016115454614919977e-02 4.132282987306854644e-02 4.276777086575990483e-02 4.207394367522072215e-02 4.289901887764071414e-02 4.067730157030176319e-02 4.138784659049008635e-02 4.277118841271410760e-02 4.046886779081097785e-02 4.285350635687149023e-02 4.275536336738497423e-02 4.264059988167285403e-02 4.279045229469737727e-02 4.138360120033614947e-02 4.286685597776872941e-02 4.088358580122741781e-02 4.222009753797661274e-02 4.034825681570671646e-02 4.126147398555940482e-02 4.235951281506415700e-02 4.284778614455857920e-02 3.933807635324192836e-02 4.205773055511522612e-02 4.177713888025402084e-02 3.988910432663787115e-02 4.082806776240390650e-02 4.348771779319451913e-02 4.346285159650789542e-02 4.240710031932904550e-02 4.354675442288437337e-02 4.354743559366398842e-02 4.349331074027069921e-02 4.198271305222901068e-02 4.265458809728035067e-02 4.082116195852435181e-02 4.288412233939047774e-02 4.337246949497283038e-02 4.221261877657341011e-02 4.196946651536703765e-02 4.193738665322938736e-02 4.295472902136217991e-02 4.348109199827015353e-02 4.308493274786737159e-02 4.282558750278975257e-02 4.072806213999043135e-02 4.296645877400407515e-02 4.328605786817735224e-02 4.290944845681068931e-02 4.260352180850662807e-02 4.210761171277808967e-02 4.208829276430647165e-02 4.377110453903745174e-02 4.304718357608398882e-02 4.272612787132687440e-02 4.246864901427941513e-02 3.979286290180393537e-02 4.254298945697890244e-02 4.243411009791753924e-02 3.959139706861865976e-02 4.221201955502717346e-02 3.853258310043598117e-02 4.258855548534620089e-02 4.275768814983962884e-02 4.137770221582955793e-02 4.259356338536795378e-02 4.060938296360527139e-02 3.968888764001818337e-02 4.239688919862338867e-02 4.010656695077275541e-02 4.096025375766207399e-02 4.117113592344343043e-02 3.957540601701853289e-02 4.240570203896780466e-02 4.227729471848066384e-02 4.034140531131952950e-02 4.108325484133551475e-02 4.249429446993537723e-02 4.226357860738117617e-02 4.217943634168858785e-02 4.069078987371122641e-02 3.962873736126418939e-02 4.233404704689574388e-02 3.998542560956595826e-02 4.253866997261851468e-02 4.070224999877450345e-02 4.231608434152810128e-02
7.331135395723657744e-03 7.454063371574196246e-03 7.423914571305249843e-03 7.004677515089326179e-03 6.844569480819023485e-03 8.786117018334701351e-03 8.272170718417608953e-03 7.479554667320309491e-03 0.000000000000000000e+00 6.716686979904900635e-03 1.016203698311405994e-02 8.034446448194261861e-03 1.002732648510247342e-02 7.262766296087634806e-03 8.609767573965691756e-03 7.463998624117707502e-03 9.372649406775844169e-03 7.624890043763101269e-03 7.650076651841487482e-03 7.363585060781880146e-03 7.251349249457763289e-03 7.509651566414816092e-03 8.902507035087724868e-03 7.421062867651056008e-03 7.401343655513562166e-03 8.829925089168607147e-03 6.470829219826997741e-03 8.413651716201790004e-03 7.294652982175122910e-03 7.412563321055869875e-03 7.836186253913373159e-03 6.942332429173461369e-03 4.062465337337587551e-02 4.069003824629700838e-02 3.886602360512854404e-02 4.161622235070932402e-02 3.910889136889678097e-02 3.959089055127928969e-02 3.983240712456841137e-02 4.089513896149001015e-02 4.111843986955755759e-02 4.156634781669908685e-02 3.866833828135289586e-02 3.981331429939790473e-02 4.126690896711818907e-02 4.057722503552086551e-02 4.138276710415890458e-02 3.918322412887591255e-02 3.987370325550022854e-02 4.125438610031870873e-02 3.897292400660615913e-02 4.133900149310434924e-02 4.124071919186743373e-02 4.112402371285235614e-02 4.127490145631100560e-02 3.987131778634814272e-02 4.134510937824224103e-02 3.938627479334982223e-02 4.070556713239800728e-02 3.886983394924949792e-02 3.976568916873299969e-02 4.084740715580909703e-02 4.134963316378478110e-02 3.783026096558837759e-02 4.116359412348347124e-02 4.084787664885394104e-02 3.902390233259153685e-02 3.989325481861005773e-02 4.259267740458377166e-02 4.256359715939751764e-02 4.151341764300878895e-02 4.264701264812546799e-02 4.264924137289036882e-02 4.259660049591578596e-02 4.108418693172860570e-02 4.171081651637865290e-02 3.992500160412583432e-02 4.194391219023937273e-02 4.247155492176755281e-02 4.123499131932504419e-02 4.108226431147422864e-02 4.104271723751715811e-02 4.202266303454540303e-02 4.257902847985669398e-02 4.215350661631778184e-02 4.188993735901311299e-02 3.981766377775171339e-02 4.202810460914267049e-02 4.238840110932417388e-02 4.197780381313151454e-02 4.166641283281465741e-02 4.119747111132488621e-02 4.119160007628209358e-02 4.287449044716319657e-02 4.211685662563501714e-02 4.178999559255786034e-02 4.253920748357601506e-02 3.983112165778360941e-02 4.261417838315308820e-02 4.249978540809944139e-02 3.961798762486919839e-02 4.227899371417245117e-02 3.849924557456201046e-02 4.265900552623694969e-02 4.282673134581991420e-02 4.141642655574418602e-02 4.266196497716603225e-02 4.068780584769782910e-02 3.979346514924828743e-02 4.246367807985192144e-02 4.010190351301632511e-02 4.102509039326036194e-02 4.118362277984306125e-02 3.965247053781502384e-02 4.247742413245045312e-02 4.234125787742003960e-02 4.041657053390488447e-02 4.111644422865674831e-02 4.256509686292873212e-02 4.232427790135431106e-02 4.224332375322802785e-02 4.077664459327798308e-02 3.969180810955662969e-02 4.240069240584380672e-02 4.002361255231040582e-02 4.260357823862877258e-02 4.075222444592740967e-02 4.238165517990143821e-02
8.291252189391416436e-03 8.041070508740786466e-03 7.976237326642845321e-03 6.667545005675780574e-03 6.529701461507453515e-03 8.597677029425120077e-03 9.091689374195943349e-03 7.996866763098964270e-03 6.716686979904900635e-03 0.000000000000000000e+00 9.833683798009029697e-03 8.760773690774700806e-03 1.048398862141502672e-02 7.710512692629287353e-03 8.274553894138657675e-03 7.988367755033958656e-03 9.465642152100892451e-03 8.552306516356604146e-03 7.635964001157466777e-03 7.911913775733601939e-03 8.096030760016163438e-03 7.570190725241171883e-03 8.462479090868519488e-03 7.774920285580470131e-03 8.440548918482481885e-03 8.867188616179320915e-03 6.588577817129217563e-03 8.355535162345949923e-03 7.874164514878196838e-03 8.385605643381021171e-03 8.316909511178586373e-03 7.061316951982406741e-03 4.010066784786724126e-02 4.017014681784444874e-02 3.803056853833792356e-02 4.110386756437189870e-02 3.859183527773162731e-02 3.936906503463196566e-02 3.933770772673502586e-02 4.037870067431186677e-02 4.062203054026267829e-02 4.107513588628576573e-02 3.813334338403762819e-02 3.927395370269497893e-02 4.073400141577190187e-02 4.003833492144442258e-02 4.088982053774067177e-02 3.863980830546274309e-02 3.935791064509049086e-02 4.073903503895103667e-02 3.843198718180772938e-02 4.084201173847821359e-02 4.072550084423205013e-02 4.062598912484749469e-02 4.075857098899672570e-02 3.935387894691012856e-02 4.082825530803137898e-02 3.885205165162255309e-02 4.018307137092206466e-02 3.833578384410041978e-02 3.927297514602610257e-02 4.032635976046961696e-02 4.083662002891186305e-02 3.726984081357644085e-02 4.076584349759024978e-02 4.044542660661312738e-02 3.864149249702642647e-02 3.950465044717334923e-02 4.219766826241763691e-02 4.216938650844640618e-02 4.111633207809584079e-02 4.225066421400241329e-02 4.225324668837512204e-02 4.220216654277415130e-02 4.068832012577066476e-02 4.130113289501468471e-02 3.952905591452239575e-02 4.153518314257761967e-02 4.207610221264245637e-02 4.081432393280610971e-02 4.069083876163774594e-02 4.064506947581033452e-02 4.161589948659903671e-02 4.218291516656631074e-02 4.174791428642782992e-02 4.148275882460471936e-02 3.942254409977104940e-02 4.161952441268920722e-02 4.199494393718202628e-02 4.157330086274370340e-02 4.123871095388326191e-02 4.080226800704402773e-02 4.079307951604006777e-02 4.248109387400568482e-02 4.171360820306101863e-02 4.138390486578132771e-02 4.255028131841355477e-02 3.984333900630784159e-02 4.262642395814482399e-02 4.251087641263433942e-02 3.962981987626379432e-02 4.228777337012120524e-02 3.847766846819990205e-02 4.267032316995571228e-02 4.283477019395308394e-02 4.141302362692340228e-02 4.267133605570552768e-02 4.071572015195158017e-02 3.977442165688634124e-02 4.247356319056152379e-02 4.008377354066057496e-02 4.103971730895929898e-02 4.117883222334960125e-02 3.967607368101676302e-02 4.248929909976197766e-02 4.234908372354336675e-02 4.042446911129967541e-02 4.111495018760023823e-02 4.257379817036093667e-02 4.233321778954976522e-02 4.225172939039685549e-02 4.077313030043060865e-02 3.969880067953569097e-02 4.241146169571706481e-02 4.003518967577118087e-02 4.261446206767145750e-02 4.076265091629507897e-02 4.239133203310965770e-02
1.107639518342532804e-02 1.074321665770687668e-02 1.126218483023905433e-02 9.846617745765265731e-03 9.874719078358072319e-03 1.031693614726758752e-02 1.118577733288148197e-02 1.083844376454493226e-02 1.016203698311405994e-02 9.833683798009029697e-03 0.000000000000000000e+00 1.058304975614182165e-02 1.007991768731800880e-02 1.055285253285358216e-02 8.091792810297175273e-03 1.128551978351104330e-02 1.037028044461794918e-02 1.098510682377166862e-02 9.623783784847480746e-03 1.114448048594325613e-02 1.046749374747441182e-02 9.835995554185914327e-03 8.458004107363553681e-03 1.062903506503702980e-02 1.128286214810245852e-02 9.691310858495590444e-03 9.962640677995938943e-03 1.054652844684366396e-02 1.064246020015704661e-02 1.125711423646838516e-02 1.068950382758816070e-02 1.001529975383357897e-02 3.922623357064657090e-02 3.932626405778699707e-02 3.742998714891612733e-02 4.037120873315327985e-02 3.763461050398091146e-02 3.866103828966409306e-02 3.861841001186950423e-02 3.953547956843131428e-02 3.987565823879414550e-02 4.033833036191895871e-02 3.733775661718419236e-02 3.855592449751994721e-02 4.001312923353648326e-02 3.916219669417011356e-02 4.015985139020903510e-02 3.779078687523757668e-02 3.862383799077120233e-02 4.001744950880234408e-02 3.745103721212198616e-02 4.012102636515930965e-02 4.001127500685717348e-02 3.987415956902345265e-02 4.003706997008455587e-02 3.856600311670042164e-02 4.011935156359856813e-02 3.803558037657348012e-02 3.932836017283687646e-02 3.744925475720922714e-02 3.853680467287925321e-02 3.948926986080954216e-02 4.008479273400071541e-02 3.643489376642679300e-02 3.711255369871326731e-02 3.675738744517680762e-02 3.480832470775263587e-02 3.588396086063883050e-02 3.848552109582628611e-02 3.849437120040082039e-02 3.718705009730961103e-02 3.857109378719419251e-02 3.856526877147091470e-02 3.850640309834232194e-02 3.701653147999585391e-02 3.765633372629961090e-02 3.585439673012818379e-02 3.792165692166391683e-02 3.841145763636811400e-02 3.728168112066960332e-02 3.693269065203293178e-02 3.668076418081014922e-02 3.796970687824750140e-02 3.851093075820642003e-02 3.810137572842797749e-02 3.783858050826630764e-02 3.569246464257307822e-02 3.800308628429215768e-02 3.828481380907460679e-02 3.792511979356726071e-02 3.763038234302047008e-02 3.710792214860637178e-02 3.685703482805400416e-02 3.880393263934250880e-02 3.808050212253760725e-02 3.777075651944734186e-02 4.077013814831631500e-02 3.793702599097787537e-02 4.086164136426341520e-02 4.072192804544796235e-02 3.768096530593135346e-02 4.049654095964585337e-02 3.656454312901906423e-02 4.090494150393012007e-02 4.106835985114824089e-02 3.950143699564478972e-02 4.087821596190775036e-02 3.894356866865519851e-02 3.803597711101076861e-02 4.069115735996133021e-02 3.816115613346315882e-02 3.927324337849429775e-02 3.938520052999013726e-02 3.794933968691835413e-02 4.070085864924682939e-02 4.057652687147378368e-02 3.868227782020613320e-02 3.919339511659634262e-02 4.079402361856120096e-02 4.053216439637176427e-02 4.045246519058243867e-02 3.902243919511699105e-02 3.766455282952337752e-02 4.062744753932143182e-02 3.813473102260463848e-02 4.082231967577604204e-02 3.898841318167580589e-02 4.060251301613017338e-02
7.256525210428179870e-03 7.238862629757243303e-03 7.412309009742761023e-03 8.002497607749023759e-03 8.124184543597890232e-03 7.581948294908831543e-03 6.517043660363676209e-03 7.357243515770498649e-03 8.034446448194261861e-03 8.760773690774700806e-03 1.058304975614182165e-02 0.000000000000000000e+00 9.293421008075125264e-03 7.320477871828249931e-03 9.753137799043132272e-03 7.388077297745453131e-03 8.175866769644704254e-03 7.425224933349586220e-03 8.531150408880994532e-03 7.425962752505507053e-03 7.250918270325179202e-03 7.475995188558658307e-03 1.043649340595836396e-02 7.352186391398811069e-03 8.020245411915422409e-03 7.747776302912569649e-03 7.942219726566350849e-03 6.224445471570205085e-03 7.870345477716710753e-03 7.404891235979222525e-03 7.683396722037902013e-03 8.161178994805895481e-03 4.207256417746013666e-02 4.214126137244390835e-02 4.031257659127784193e-02 4.306056613410583211e-02 4.050109758302668228e-02 4.132750772784613003e-02 4.131157281902024525e-02 4.234947331613054394e-02 4.257654742007843662e-02 4.303080934008762098e-02 4.007691910787119366e-02 4.125231290126157857e-02 4.271168547585253716e-02 4.201055379681814528e-02 4.284505525555250965e-02 4.063254504307971249e-02 4.131866005342629822e-02 4.271603723036133254e-02 4.037887524880514473e-02 4.280019858535719784e-02 4.270002114561843864e-02 4.258619595686731485e-02 4.273521223747023950e-02 4.128526525631732308e-02 4.281552615380004173e-02 4.082301277797271977e-02 4.215915200036823157e-02 4.028693600736685254e-02 4.121091278307070088e-02 4.229901322339773423e-02 4.279274798411970837e-02 3.924911577561678716e-02 4.188864039066444306e-02 4.156344925403411550e-02 3.957085090636458524e-02 4.066951486841846597e-02 4.331134057312851365e-02 4.329195153472012447e-02 4.223551004225201827e-02 4.337340010445022570e-02 4.337654034359267330e-02 4.332007766742038829e-02 4.182359976688942299e-02 4.248270435704094850e-02 4.061893252083715461e-02 4.271784863143762712e-02 4.319641747542257021e-02 4.204755513113232757e-02 4.174228265088711365e-02 4.176136475915964708e-02 4.278337245195700661e-02 4.331107238260040182e-02 4.291477235886465014e-02 4.265323974996756973e-02 4.049890767518974505e-02 4.279775463357014809e-02 4.310774434309412595e-02 4.273697347856700995e-02 4.242899688291273258e-02 4.192390323129746577e-02 4.191394026221958308e-02 4.360695620420564078e-02 4.287827523796722273e-02 4.255178974539969988e-02 4.108657330319712142e-02 3.845209137809470212e-02 4.116539310104859462e-02 4.105269316166460652e-02 3.826025188454908188e-02 4.085038976101434266e-02 3.718038060898187086e-02 4.120760287934326083e-02 4.137397616091009755e-02 4.002174367464857163e-02 4.123224428500963518e-02 3.893997672089142409e-02 3.831672286452609405e-02 4.101469822143909844e-02 3.873729482482120290e-02 3.957582403930640785e-02 3.979203703469222364e-02 3.821966411589138718e-02 4.102583116888841586e-02 4.091908922351268629e-02 3.896910558680074382e-02 3.970927707882403873e-02 4.113351030982465018e-02 4.090131712348080151e-02 4.082028973411697126e-02 3.931249971605016436e-02 3.823622123221220859e-02 4.097394227201105188e-02 3.864116371958779134e-02 4.116194920866574070e-02 3.930811567670439849e-02 4.093584067450335706e-02
