0.000000000000000000e+00 9.968011928775420000e-03 9.385939089015402081e-03 9.209221735421721858e-03 9.956534407948551199e-03 9.999182328681008314e-03 1.000907682932151467e-02 1.010896706442630626e-02 9.820893622345906390e-03 1.002426039383878288e-02 9.299850074459426602e-03 1.003353863420277867e-02 1.007386473707437731e-02 1.010163382898402427e-02 1.010872907432522338e-02 9.948461247437886609e-03 9.856229500077315700e-03 9.844179488484275375e-03 9.863605087967733040e-03 1.006143577864553572e-02 1.003945877775065665e-02 9.993227775033820467e-03 1.002367704671402668e-02 9.987787258459520853e-03 1.015787100385409474e-02 9.983589002089962930e-03 9.280752139139848700e-03 9.567976864008870264e-03 1.004291616145213187e-02 9.945689688933594813e-03 1.001695719456331159e-02 9.248093172113098712e-03 1.003910405800154983e-02 1.004986995203176713e-02 9.143773086261868313e-03 9.372773815330527961e-03 9.888882959547982618e-03 1.008544557955902074e-02 1.004870827771291338e-02 9.828423434410732407e-03 9.919166110198118086e-03 1.005815127240511191e-02 1.004395781254108395e-02 9.905633623873607782e-03 1.064043193302884917e-02 9.278307444088971720e-03 9.776204605727896804e-03 1.046272832967492378e-02 1.044495928872408649e-02 1.059311191581660191e-02 1.053917153541193696e-02 1.059614132239193596e-02 1.037834645687769723e-02 1.170974260026792259e-02 1.038216083418046567e-02 1.061454438550024637e-02 1.089627657293491814e-02 1.031247339556033878e-02 1.039856944464329601e-02 1.029433253909381105e-02 1.091200237743744986e-02 1.055358884384707124e-02 1.030102546234103709e-02 1.023356760033715222e-02 1.043374665845558762e-02 1.031404369594165170e-02 1.029340269601563586e-02 1.038802893574265578e-02 1.034847497498340811e-02 1.082947165068868720e-02 1.047285111857535270e-02 1.046024715575223640e-02 1.017963732061875209e-02 1.039333422895992801e-02 1.028212322103195728e-02 1.044560768258096309e-02 1.031467347356797813e-02 1.037357869097774860e-02 1.030145421701620517e-02 1.033273454385365449e-02 1.046159376772915622e-02 1.039226015770640214e-02 1.033306644797256715e-02 1.034745849065871193e-02 1.032719387853923282e-02 1.063443637092781335e-02 1.029110046300370576e-02 1.023099046840124718e-02 1.020868504121428752e-02 1.029902034095173807e-02 1.021976228128555070e-02 1.044443967502707918e-02 1.024741376363359248e-02 1.048026537723407113e-02 1.046600321486184509e-02 1.031831025036297582e-02 1.048283247100866358e-02 1.044864140723052517e-02 1.061222548925215038e-02 1.050195580978894976e-02 1.033893780682920184e-02 1.065199630138067254e-02 1.039277436113632096e-02 1.054893081195056904e-02 1.038309235934128071e-02 1.035420060919950772e-02 1.074152767689672862e-02 1.033905201844981768e-02 1.043897710897046145e-02 1.034051679717316700e-02 1.041122327960810647e-02 1.032749534833948650e-02 1.036302905444274995e-02 1.033918374198346604e-02 1.023702707180753312e-02 1.035941011523773547e-02 1.051223817374588240e-02 1.027206750140345279e-02 1.031456255053723493e-02 1.025828366729336985e-02 1.030578896983842807e-02 1.026477463051034093e-02 9.596417954314984122e-03 1.024587423204336052e-02 1.030312244894119114e-02 1.035446679016589766e-02 1.034149392448499571e-02 1.026393907020255701e-02
9.968011928775420000e-03 0.000000000000000000e+00 9.910017957588565865e-03 9.946787511685269145e-03 1.002930807930104730e-02 9.842768200798724873e-03 9.930317031859358171e-03 9.222750435883088349e-03 9.888368960917061010e-03 9.722162295234100526e-03 9.910956347061447569e-03 9.070226235599037484e-03 1.001175789203326109e-02 9.153133772699410461e-03 9.951121476902398053e-03 1.002650756906501607e-02 9.812711518681856149e-03 9.831764968599117360e-03 9.949655949806440053e-03 1.007423611672151123e-02 1.006197668371634248e-02 9.887954843506470415e-03 9.980711526030404748e-03 9.086020059315851050e-03 9.547167118361735844e-03 9.892884100626005150e-03 9.862590553211187869e-03 9.328841143976709938e-03 9.754948718875245187e-03 9.884110378415940715e-03 9.896948675571752216e-03 9.846969595913116283e-03 9.860957487902090313e-03 9.094917328704450049e-03 9.828326106639919194e-03 1.003291320561047056e-02 9.864026541813092352e-03 9.852840631701879903e-03 9.944977087956073658e-03 9.800070972378296941e-03 9.797988218264592694e-03 9.982467441332840141e-03 9.833673216840844999e-03 9.901074036535379916e-03 1.072886425247165584e-02 9.957655191725140256e-03 9.900979364120819290e-03 1.038235618324325968e-02 1.036138498591305385e-02 1.050516903834881020e-02 1.045666736079954064e-02 1.051648839226179168e-02 1.029300304537249244e-02 1.163902470408273264e-02 1.029890555905588895e-02 1.046767156175678302e-02 1.086272318009270238e-02 1.022597691787841857e-02 1.032370306165047297e-02 1.020866259942210426e-02 1.085240628074617304e-02 1.047742382620153734e-02 1.020770277294116152e-02 1.014562762387391341e-02 1.037220519939209377e-02 1.024662371650716421e-02 1.020749804518028894e-02 1.035506054308971656e-02 1.026416386355437360e-02 1.075604848539967427e-02 1.039435395532126508e-02 1.037773692658076896e-02 1.009197523517601190e-02 1.031556639116263177e-02 1.019708824755229462e-02 1.036434603732852740e-02 1.015250986877742727e-02 1.028957193824846586e-02 1.021652426230147681e-02 1.025342588644370841e-02 1.038994523064813193e-02 1.030760369533401111e-02 1.025367353425868724e-02 1.026152980444117700e-02 1.024509084993392542e-02 1.055193625308588172e-02 1.020793754262951450e-02 1.014827464772055654e-02 1.011909261296787231e-02 1.021302811107384009e-02 1.013151471918606432e-02 1.036507848985154627e-02 1.011060318309215181e-02 1.040184921699458497e-02 1.038863277232988241e-02 1.030225291018491314e-02 1.040863515474262611e-02 1.037400773567181966e-02 1.055012244116361290e-02 1.042984347487863062e-02 1.025142429167759210e-02 1.057760692593374269e-02 1.030811454545566865e-02 1.047783812623695465e-02 1.029771405706104287e-02 1.026981306368451863e-02 1.066772862414269198e-02 1.025616334308777217e-02 1.036343218730258371e-02 1.027484555767681912e-02 1.033112511807522324e-02 1.033152366453972230e-02 1.031008741980813347e-02 1.035871785858194678e-02 1.022211676261170106e-02 1.030671495689385736e-02 1.047922097901348229e-02 1.021314053843379484e-02 1.027069020505536057e-02 1.026018717717569820e-02 1.030898956852633989e-02 1.020482442411230900e-02 1.022833972119732183e-02 1.031404831623282566e-02 1.025119002212523597e-02 1.036917445573284392e-02 1.027873744084454970e-02 1.019185501319092024e-02
9.385939089015402081e-03 9.910017957588565865e-03 0.000000000000000000e+00 9.848321645107238620e-03 9.853358286735287852e-03 9.128311248498246350e-03 9.586173529123557385e-03 1.009873984501545238e-02 9.986076874200717005e-03 9.921367453859721020e-03 9.954312888225264055e-03 9.749350205320642809e-03 1.002878733469035437e-02 9.790681972750400058e-03 1.002641239937107458e-02 9.926728249029620824e-03 9.888121127014032688e-03 9.824346830415109366e-03 9.960291914881914607e-03 1.024232299108538032e-02 1.025565352812843507e-02 9.812498015292540898e-03 1.007554457854450969e-02 9.872972094239032201e-03 9.789609894071420529e-03 9.774268344136683578e-03 9.747871958532498132e-03 1.019815504562931845e-02 9.699420542276522561e-03 9.797445359546252258e-03 9.953814803306898495e-03 9.842071165873185826e-03 9.027554714096429692e-03 9.950452464829813784e-03 9.716367698747107109e-03 9.775575507944493647e-03 9.935827875690148372e-03 9.746984491066871398e-03 9.751849142311710961e-03 9.769338277092495457e-03 9.157719392071713566e-03 1.012916295872278404e-02 1.000287731281593318e-02 9.809889764277655508e-03 1.172521151421116077e-02 9.827986463356599978e-03 9.702697127412833467e-03 1.015031091363025745e-02 1.011157898024125402e-02 1.030634489841159712e-02 1.024114735557899239e-02 1.033896167062089977e-02 1.000224833802256658e-02 1.161042301168199210e-02 1.004860025891464621e-02 1.037627927942119839e-02 1.073815846488373332e-02 9.936231277982644078e-03 1.009327442795829657e-02 9.914097085827114700e-03 1.063833819878729284e-02 1.024607158415768993e-02 9.904675338819576499e-03 9.889559527788315679e-03 1.027559776372780238e-02 1.017798241312139161e-02 9.985772433450472094e-03 1.012828600167452187e-02 1.001362951459045317e-02 1.057756151820989955e-02 1.016428010117253165e-02 1.010891478404609203e-02 9.821298314586099365e-03 1.005723424858207503e-02 9.887373376652547341e-03 1.013826600513566961e-02 1.000081228085784001e-02 1.002546886927996143e-02 9.918182455334273104e-03 9.999257641505226654e-03 1.016266022373590004e-02 1.004924638493641734e-02 1.000189362832978358e-02 9.999583769087437221e-03 9.973362197544157620e-03 1.035418487591232076e-02 9.931365884243400013e-03 9.823914869568663166e-03 9.781409852406528632e-03 9.904835972350754456e-03 9.820852461362375094e-03 1.008851364196200993e-02 9.827663478836226249e-03 1.013214652435351706e-02 1.015134472216604015e-02 1.002998442720636797e-02 1.013073613118382552e-02 1.009736309320163720e-02 1.042365053011852331e-02 1.016034279116082018e-02 9.961216779207148625e-03 1.033890077715009237e-02 1.002374394107439712e-02 1.022575228571648287e-02 1.001456779441498197e-02 9.965850305613695864e-03 1.042867129338045408e-02 9.968854252812660646e-03 1.011651686913593584e-02 9.983064772695577488e-03 1.003415416931420501e-02 1.003518368289169245e-02 1.000313277943982657e-02 1.005614484931161012e-02 9.896764011672696398e-03 1.001877993484739764e-02 1.019723714277306903e-02 9.994916625025480547e-03 9.965412511025586312e-03 9.942613167235341345e-03 9.998200275154203731e-03 9.888005744818064921e-03 9.896995272056008375e-03 1.002499960235852909e-02 9.933907060202635045e-03 1.010264799511481106e-02 9.964883008875928538e-03 9.871096324934797162e-03
9.209221735421721858e-03 9.946787511685269145e-03 9.848321645107238620e-03 0.000000000000000000e+00 9.198863575307301629e-03 9.864318711489267200e-03 9.212890126886953690e-03 1.001773887940438437e-02 9.205549820436720668e-03 9.867973928142471235e-03 9.807404884516979227e-03 9.943306604394935855e-03 9.970289773690320378e-03 9.889294830637595027e-03 9.375543028635215798e-03 9.158382602091754560e-03 9.839883992632957391e-03 9.860016347637392056e-03 9.878574671359805631e-03 9.946693787913830909e-03 9.990311194356593302e-03 9.940649677746134574e-03 9.948301910137243020e-03 9.963664114364015334e-03 1.024282834019247905e-02 9.849336750429869489e-03 9.808256800363372371e-03 1.014937539054756865e-02 9.884108989680851984e-03 9.747104774467479221e-03 9.850911866818473292e-03 9.786523732463964578e-03 9.919092539900510597e-03 9.940600461190073067e-03 9.034722825387149492e-03 9.742939061392339936e-03 9.791044435422835424e-03 9.906856926281343637e-03 9.819452077044031960e-03 9.800458439276519412e-03 9.894514120348953112e-03 9.884245990523456496e-03 9.912207683036532851e-03 9.816886638925168343e-03 1.090242994660746770e-02 9.742368937259184708e-03 9.805487452753900227e-03 1.031053830077725310e-02 1.028763108342646559e-02 1.045479550794764859e-02 1.039418119837774018e-02 1.046429457435023649e-02 1.020560629632283681e-02 1.167438890154597411e-02 1.022225609513756003e-02 1.048907549537397323e-02 1.083787443555338063e-02 1.013954816661892348e-02 1.025804099574071163e-02 1.011714077965979695e-02 1.075401349423392265e-02 1.041225743422189397e-02 1.012083786174483926e-02 1.005997657011357266e-02 1.033006406828414214e-02 1.020094728342204465e-02 1.013289931124537573e-02 1.029216717810309441e-02 1.019185798861597936e-02 1.070339047969791867e-02 1.032324569655875685e-02 1.032249705833224000e-02 1.000854846953543563e-02 1.023238049033396539e-02 1.010293138696570156e-02 1.030485196081486546e-02 1.010448557431138823e-02 1.021060856569020424e-02 1.012487914227282355e-02 1.017624133886266095e-02 1.031812041221483525e-02 1.023458023924166821e-02 1.017790180661120106e-02 1.018623592115497703e-02 1.016734991762710712e-02 1.050213356693562722e-02 1.012618898583410310e-02 1.004730341683820506e-02 1.001840330155729167e-02 1.012234629692917130e-02 1.003622543092953269e-02 1.027551487954465534e-02 1.007970822035014584e-02 1.030946782633017887e-02 1.030563353616273034e-02 1.019648876940316626e-02 1.031816576511157373e-02 1.027878897798360606e-02 1.048923424512812272e-02 1.034078340896471548e-02 1.016339708479026965e-02 1.050161172994034352e-02 1.021648392906305408e-02 1.038822015926763390e-02 1.021128155261697909e-02 1.017529980410011685e-02 1.058859792604530288e-02 1.016329661386652580e-02 1.027219815499835938e-02 1.011507922770129436e-02 1.023788577781111972e-02 1.022596879138096618e-02 1.021200973691137673e-02 1.025143988711094481e-02 1.011852635135119388e-02 1.021032362036627256e-02 1.038671696701344051e-02 1.018354985830224532e-02 1.017188209182170663e-02 1.015467641638529046e-02 1.020559919950684777e-02 1.010946681415266640e-02 1.006045493449998426e-02 1.015852778681410745e-02 1.014643808188559794e-02 1.026931903278001032e-02 1.017961131807702639e-02 1.009646288830973529e-02
9.956534407948551199e-03 1.002930807930104730e-02 9.853358286735287852e-03 9.198863575307301629e-03 0.000000000000000000e+00 9.973059736989788038e-03 9.774463906813659481e-03 1.010076715751507051e-02 9.863713330502954513e-03 9.927219892572031190e-03 9.847605241010037175e-03 9.906680185793754687e-03 1.002927794681143792e-02 9.855882898413754686e-03 9.934546319195410383e-03 9.667172462058308199e-03 9.804721012370410868e-03 9.936330540811310827e-03 9.859577173605183625e-03 9.447875013898467123e-03 9.546643233460752956e-03 9.817614260075860702e-03 1.002056765331941351e-02 1.002571841854341984e-02 1.045466861099109135e-02 9.858065109607648535e-03 9.925587528610693017e-03 1.033762366363478145e-02 9.772305780938597003e-03 9.734046883298666519e-03 9.832024557835302228e-03 9.840048097184510983e-03 9.838187405805305999e-03 9.922438116542990974e-03 9.744033684097454934e-03 9.095981903462373869e-03 9.370083493718905573e-03 9.766818107612491862e-03 9.857274186869600593e-03 9.830788340627208757e-03 9.912954839778047311e-03 9.335202755878929670e-03 9.990041252593681934e-03 9.753066597141269931e-03 1.156749205813410557e-02 9.868514191292001442e-03 9.756235015121518875e-03 1.022795253153262196e-02 1.019997462274128269e-02 1.038315148461810451e-02 1.032560732218688361e-02 1.039614070460383351e-02 1.010171410988885965e-02 1.164824600662226796e-02 1.013631870078388585e-02 1.042877419584579100e-02 1.080733674984472696e-02 1.004110936266462868e-02 1.017743079581519272e-02 1.001954156609711349e-02 1.076096209489026470e-02 1.032912791781274986e-02 1.000900574726769875e-02 9.906853582291990853e-03 1.032170989130648184e-02 1.015479200492337870e-02 9.993993041825920826e-03 1.022554703842894555e-02 1.010115114639949588e-02 1.063526784455204495e-02 1.023825482314441593e-02 1.025892437333638524e-02 9.908901494181009822e-03 1.014664928420574812e-02 1.000157986337582051e-02 1.022108933463136173e-02 1.007811536608335494e-02 1.012122335417871624e-02 1.001858686762452724e-02 1.009464169730614480e-02 1.023515155104028594e-02 1.014460869711979185e-02 1.009662770553175493e-02 1.008891740663259498e-02 1.006782029009515439e-02 1.042876705316389194e-02 1.003349807858800076e-02 9.937614287835697113e-03 9.896869950346108211e-03 1.001126899936898192e-02 9.919885505113402308e-03 1.014945353624636254e-02 9.967532520420456163e-03 1.013337091728977457e-02 1.014400460939884549e-02 1.003048856919140641e-02 1.018595621828782133e-02 1.009876890118755789e-02 1.042926394523606068e-02 1.021848327702034459e-02 1.003626459541474836e-02 1.037683754276183361e-02 1.003717366020800798e-02 1.020795668173122249e-02 1.008108908582715062e-02 1.004234598291259446e-02 1.046660871440857621e-02 1.003261541263309603e-02 1.010332421424933562e-02 9.357717746782517540e-03 1.010919122019103729e-02 1.006719394739387027e-02 1.009717248152349964e-02 1.015263892957407599e-02 1.000312500379228232e-02 1.009667060733594399e-02 1.028532419010397617e-02 1.009707141082405099e-02 1.006841297793217502e-02 1.003914980985072189e-02 1.009182558176363598e-02 9.995310819543839348e-03 9.988511739249366847e-03 1.012091770754141792e-02 1.003815593903601040e-02 1.019294050543894867e-02 1.005686587259235244e-02 9.978643254825184106e-03
9.999182328681008314e-03 9.842768200798724873e-03 9.128311248498246350e-03 9.864318711489267200e-03 9.973059736989788038e-03 0.000000000000000000e+00 9.117693865577708098e-03 1.015303471067296147e-02 9.199894742620168611e-03 9.908723239183656745e-03 9.978906398511707201e-03 9.714485020293326181e-03 1.009645932861146130e-02 9.176277471825110277e-03 1.008644218732292035e-02 9.946384689435271848e-03 9.904627208331887381e-03 9.216349424617112721e-03 1.000110358632741968e-02 1.021485740678857064e-02 1.029859290133794576e-02 9.859967120469066010e-03 1.009230860085636068e-02 9.990890106013408656e-03 9.715832171629804753e-03 9.950663237917638931e-03 9.817702531814622921e-03 9.496932910961212310e-03 9.844268494128307484e-03 9.915220070230377700e-03 1.002721998104974012e-02 9.989593333430286590e-03 9.843519870361010921e-03 1.003114096884765924e-02 9.868063332325156811e-03 9.904185256232017620e-03 9.982102369025401892e-03 9.928748220789755663e-03 9.862358802710918457e-03 9.828153986772416445e-03 9.871903604732445991e-03 1.011522845596688966e-02 1.003980484590743030e-02 9.922324760939675581e-03 1.162131106179582589e-02 9.988096195410941028e-03 9.913921539761279961e-03 1.016216647681301294e-02 1.013186605340659664e-02 1.037150121122018195e-02 1.024429110862010509e-02 1.039773070458126225e-02 1.012226504320188486e-02 1.153383056284820046e-02 1.009417108571122532e-02 1.043855436946489190e-02 1.075690758811895416e-02 9.996536436173774492e-03 1.018611486427875752e-02 9.981612674788890513e-03 9.982852881776622597e-03 1.032155719881217189e-02 1.005583636801106982e-02 1.000603270145797308e-02 1.032704513931222146e-02 1.021512081119469069e-02 1.007683849300331121e-02 1.021913778144982465e-02 1.011489351921160927e-02 1.056489373345582093e-02 1.018999660690169187e-02 1.017102390298136282e-02 9.961312754751738482e-03 1.009610735840455603e-02 9.959943646353122682e-03 1.022563017771322205e-02 1.010700000443593045e-02 1.006527640879338256e-02 1.007011633785026214e-02 1.003719382115417398e-02 1.025167932417602942e-02 1.007483467770308241e-02 1.004239754219167155e-02 1.009413673331410743e-02 1.008749205471771992e-02 1.041461167142058997e-02 9.980248281249675182e-03 9.915090261518251166e-03 9.957053000064114076e-03 1.004296807426657313e-02 9.984598978910835115e-03 1.025528651918655026e-02 9.994809964953598261e-03 1.029357145874546832e-02 1.028900383232830840e-02 1.019475347495651767e-02 1.029501673061915951e-02 1.026471269047669367e-02 1.054350335105702814e-02 1.032372650723142882e-02 1.013494038693166927e-02 1.047420858787076296e-02 1.019450852262038069e-02 1.036979985372626575e-02 1.017931677672364796e-02 1.014500082672935462e-02 1.057219253633901249e-02 1.013208932902814191e-02 1.026904162757392991e-02 1.015663348512382130e-02 1.020869680842209637e-02 1.020225027324141685e-02 1.017411566076606086e-02 1.022702711207870187e-02 1.008286681242720126e-02 1.019245594433363343e-02 1.034882875824916400e-02 1.008877272427519470e-02 1.013266633572946357e-02 1.012764858450316760e-02 1.017861094944102172e-02 1.006230801958458987e-02 1.011088958318413084e-02 1.018935985053620250e-02 1.011107180715811911e-02 1.018257428618654127e-02 1.014682698445955149e-02 1.005474561319368541e-02
1.000907682932151467e-02 9.930317031859358171e-03 9.586173529123557385e-03 9.212890126886953690e-03 9.774463906813659481e-03 9.117693865577708098e-03 0.000000000000000000e+00 1.009274932402240595e-02 9.935003168083888364e-03 9.911737493082516115e-03 1.001158897497965265e-02 9.736136513939560450e-03 1.008348256661952339e-02 9.759435612910247193e-03 9.909666688214439564e-03 9.855138107516547147e-03 9.901534797331353749e-03 9.832190614453803143e-03 9.975708353391180699e-03 1.023917347595432875e-02 1.026815521978922084e-02 9.791837146759544905e-03 1.008954614999574284e-02 1.000660851452264515e-02 9.876011149516918455e-03 9.834804016244249811e-03 9.739850839710854219e-03 1.027716269048851820e-02 9.695036930173834416e-03 9.770890493591059475e-03 9.957424008229052298e-03 9.895390791151545754e-03 9.686175785724612103e-03 9.954841102169502756e-03 9.714441905216149309e-03 9.805802277917009466e-03 9.999193127483450849e-03 9.711498414983725166e-03 9.005454221898632691e-03 9.705868476042576326e-03 9.866790696279456249e-03 1.011908469322882025e-02 9.997606558298703303e-03 9.796491172261515001e-03 1.183010396261469435e-02 9.879941521309543867e-03 9.768768041921879752e-03 1.011090958151158840e-02 1.006998958521491093e-02 1.026940516096237072e-02 1.020340931153385609e-02 1.030628236235315957e-02 9.951608053281551722e-03 1.159972869629952510e-02 1.000537616429447371e-02 1.034549166809055516e-02 1.071631351592055095e-02 9.887528222384292867e-03 1.005358054416472489e-02 9.870296711344954052e-03 1.061113350014821974e-02 1.020680468421274016e-02 9.849641197144935051e-03 9.843244324354478297e-03 1.025371714975223218e-02 1.015921321851903820e-02 9.944338472698077344e-03 1.009444511946301290e-02 9.969835279135561695e-03 1.054520696563382952e-02 1.012487940238428891e-02 1.013448043208257411e-02 9.780038547750046288e-03 1.001411959486299581e-02 9.841285262737276343e-03 1.009925382936146220e-02 9.957208916959899014e-03 9.981325587017392253e-03 9.865100696279504450e-03 9.957026940237621165e-03 1.012367426529278865e-02 1.001122755059189601e-02 9.959413123991511796e-03 9.954664113338819453e-03 9.926739735211832782e-03 1.031786083590294917e-02 9.884893563220076979e-03 9.767564831067861511e-03 9.720065674124788932e-03 9.857771819660568133e-03 9.764500951112186147e-03 1.003939705441953857e-02 9.784257161404115097e-03 1.008400146919438169e-02 1.010997255985619445e-02 9.987724429842682189e-03 1.008210951182659208e-02 1.004832466691458516e-02 1.039726651741227151e-02 1.011312689193041153e-02 9.909911637911003948e-03 1.029747288203761678e-02 9.973287517821841780e-03 1.018141489246522646e-02 9.964835186147930415e-03 9.911554013671655325e-03 1.038666981839097940e-02 9.917747204334586772e-03 1.007306694104347783e-02 9.927090154159958629e-03 9.981579411442701930e-03 9.990401126246325342e-03 9.951355697826911109e-03 1.001272093216191983e-02 9.845723077420874200e-03 9.970790564472756939e-03 1.015143303572211414e-02 9.955539532107244780e-03 9.914277844273039486e-03 9.894821019131035122e-03 9.951831324888129812e-03 9.833261959053695225e-03 9.918262620381913114e-03 9.984203446487101286e-03 9.879860341006603888e-03 1.006676688425387628e-02 9.910557818867246974e-03 9.814039044445291293e-03
1.010896706442630626e-02 9.222750435883088349e-03 1.009873984501545238e-02 1.001773887940438437e-02 1.010076715751507051e-02 1.015303471067296147e-02 1.009274932402240595e-02 0.000000000000000000e+00 1.010643453655781648e-02 9.858528496009337852e-03 1.004242553154991759e-02 1.002078953069478889e-02 9.934678926361703230e-03 9.404460162938867163e-03 9.212222090636060234e-03 1.016456382387416479e-02 9.959899923566864835e-03 1.003528047349822559e-02 9.945661011770622409e-03 1.015310167273678933e-02 9.417510669805836260e-03 1.018828830741779108e-02 1.003426095891173271e-02 9.899247768676839102e-03 1.022022394643431510e-02 9.966291677177068278e-03 9.993950906491334829e-03 1.027282523167809790e-02 1.001361798882477276e-02 9.944257381322733555e-03 1.001951873402120302e-02 9.347614955442366466e-03 9.454507385770074754e-03 9.231436093958671554e-03 9.962962870599919099e-03 1.012035963581355523e-02 1.004436056358378598e-02 9.312600482830840284e-03 9.405956679319578059e-03 9.893243442660482403e-03 1.005373832493685997e-02 1.003918491108859307e-02 9.289921044920365634e-03 1.005798067526230549e-02 1.074477460946946135e-02 1.008423620937569376e-02 1.000074620411784895e-02 1.051696313119927610e-02 1.049696404988437540e-02 1.056466211134558797e-02 1.052508967656566770e-02 1.057395815250137747e-02 1.043939302980395438e-02 1.175129715792046746e-02 1.043104189385590276e-02 1.052069130195788446e-02 1.089816373478422890e-02 1.037805241233808774e-02 1.044755466813194512e-02 1.034993841267433344e-02 1.097523835063993029e-02 1.060355536366468406e-02 1.035620586121140975e-02 1.028701155146708769e-02 1.048363658529696991e-02 1.036600836160069677e-02 1.033912807729705542e-02 1.042699500276459725e-02 1.040638484275503359e-02 1.086212502057159850e-02 1.053082035374812084e-02 1.045346303473908452e-02 1.023139018334166817e-02 1.045142101905578540e-02 1.034387773618620360e-02 1.048614983488570587e-02 9.587423401089402442e-03 1.043015510561865269e-02 1.036716126412244067e-02 1.039327346394574095e-02 1.051399781966117289e-02 1.044754874565253545e-02 1.039327154868047165e-02 1.040253451054425071e-02 1.037929598184881771e-02 1.065562334030619417e-02 1.035287027022387812e-02 1.030623189844386695e-02 1.027919802075484904e-02 1.035907826664881314e-02 1.028696997507918057e-02 1.051341393564151315e-02 1.031406630272415845e-02 1.054767956132721639e-02 1.047241658820482341e-02 1.044864454944275343e-02 1.055447149113685444e-02 1.052242432211208077e-02 1.067991007898086778e-02 1.057505124355873245e-02 1.040261728230252279e-02 1.071424504530392972e-02 1.046206553086993785e-02 1.061496815492326759e-02 1.045124573516127697e-02 1.041873460082509695e-02 1.080019466734423103e-02 1.040265668665452808e-02 1.049864636596753442e-02 1.042063931464699139e-02 1.048209153590454711e-02 1.048659496123884559e-02 1.046641554987686254e-02 1.051345567466219211e-02 1.038110031391588882e-02 1.046058651151240450e-02 1.063564928560823200e-02 1.044041651457230241e-02 1.043405623106925806e-02 1.041854407421632066e-02 1.046558402756809364e-02 1.037046195543969707e-02 1.038876836385784971e-02 1.047390408440238181e-02 1.040973085655285540e-02 1.052173517677534170e-02 1.043542409558026809e-02 1.035753143352998937e-02
9.820893622345906390e-03 9.888368960917061010e-03 9.986076874200717005e-03 9.205549820436720668e-03 9.863713330502954513e-03 9.199894742620168611e-03 9.935003168083888364e-03 1.010643453655781648e-02 0.000000000000000000e+00 9.940598172747927216e-03 9.209881412700186148e-03 9.926774751632509025e-03 1.010901890275981395e-02 9.305264749528086021e-03 1.011841925194057433e-02 9.221981491032470515e-03 9.854844005618963385e-03 9.853197660406995753e-03 1.000748967119651466e-02 9.304348728383376663e-03 1.012085004418984691e-02 9.866545985545279937e-03 1.002695294395732420e-02 9.974057543249400040e-03 1.025451501762416479e-02 9.989324680682197186e-03 9.969225169051954688e-03 9.482106255357669600e-03 9.964705805633987390e-03 9.934038005842183577e-03 9.923491413607004111e-03 9.896796445822494612e-03 1.007907217689282299e-02 9.964322906143590133e-03 9.872695709756060256e-03 9.374126411398274808e-03 9.918554998291957345e-03 1.006969690151778354e-02 1.009550943653894292e-02 9.892723132403528213e-03 9.994146032554185669e-03 9.822426620859227298e-03 1.002900849371925716e-02 9.818883313306570396e-03 1.078907460143341442e-02 9.924086574333515140e-03 9.907643938126009867e-03 1.030395498000543503e-02 1.029700648225802956e-02 1.051181916072931218e-02 1.039086158608284668e-02 1.051640400510399191e-02 1.030826021954742676e-02 1.157591498856563525e-02 1.025281209555554962e-02 1.053203488114734174e-02 1.085027507047657200e-02 1.018533739386192141e-02 1.033989664167984587e-02 1.016229342838111289e-02 1.009359846889590177e-02 1.047668124283759536e-02 1.024929566869494518e-02 1.015981846943475597e-02 1.037512991409728948e-02 1.017724221444934324e-02 1.016016734323035679e-02 1.037782454598880008e-02 1.027985955895657603e-02 1.067648457165370698e-02 1.033967034175981362e-02 1.032609364438729846e-02 1.013288621867072456e-02 1.025727259440844044e-02 1.015559305893297751e-02 1.038027024711977477e-02 1.026058409126908225e-02 1.023926423607948374e-02 1.025548864727381798e-02 1.020430368243148943e-02 1.039278830283883737e-02 1.023774809277848939e-02 1.020889554828790721e-02 1.026659984818006216e-02 1.026765802993897907e-02 1.055094289876477159e-02 1.016381184274289806e-02 1.011804455757516451e-02 1.016469494031454687e-02 1.023690297009364689e-02 1.017143836343829474e-02 1.042536024168684052e-02 1.023449664802309096e-02 1.045908582292376897e-02 1.044039716670097998e-02 1.035016853067302275e-02 1.046648692411333847e-02 1.043318588212285673e-02 1.060640889462300882e-02 1.048826985750754212e-02 1.031873077750512964e-02 1.062711402984678130e-02 1.037326378441673531e-02 1.052480784285478310e-02 1.035922145829575036e-02 1.033310256724307916e-02 1.072069557562350083e-02 1.030927704635625775e-02 1.042056966193409713e-02 1.031858959405568439e-02 1.039181169315629878e-02 1.032724217877342698e-02 1.035682211144065001e-02 1.040720081729113768e-02 1.027868012127598762e-02 1.035734124274297757e-02 1.052039909483198053e-02 1.026743899643016433e-02 1.032261878021271950e-02 1.031233644843114819e-02 1.035936023536539359e-02 1.025927333778661743e-02 1.026459972685480303e-02 1.036175017843882218e-02 1.030436880567366272e-02 1.034761586884814545e-02 1.033309849248117973e-02 1.025304883796606011e-02
1.002426039383878288e-02 9.722162295234100526e-03 9.921367453859721020e-03 9.867973928142471235e-03 9.927219892572031190e-03 9.908723239183656745e-03 9.911737493082516115e-03 9.858528496009337852e-03 9.940598172747927216e-03 0.000000000000000000e+00 9.848221015208028298e-03 9.136767904050848571e-03 9.912918191132399567e-03 9.145449550112663695e-03 9.208082540917495937e-03 9.940223969692687025e-03 9.086340200967496158e-03 9.893041248384890768e-03 9.928290853833562218e-03 1.009188520344786108e-02 1.003527864836244871e-02 9.944540848470713804e-03 9.980180440360723534e-03 9.955637491583740548e-03 9.492707793332886765e-03 9.897539753101973481e-03 9.859654522039476565e-03 1.004873565871399095e-02 9.888247252510055582e-03 9.732346093922799452e-03 9.898750238398108109e-03 9.914525820362641087e-03 9.975829318321903852e-03 9.953443176045869908e-03 9.814589445271172663e-03 9.958579276520796233e-03 9.780854667223979476e-03 9.973101221888183016e-03 9.929068564164183347e-03 9.859283905056291999e-03 9.867019333908448944e-03 9.192908337645144118e-03 8.965452559573660468e-03 9.884424968346017248e-03 1.078586184385384866e-02 9.950251067314499695e-03 9.901203123467547731e-03 1.038335878327036922e-02 1.035546029882034730e-02 1.050648375125788278e-02 1.045340285448521402e-02 1.050907188558051694e-02 1.028396181788505774e-02 1.169053680314645870e-02 1.029918312230365673e-02 1.053332329581258345e-02 1.080968928147391962e-02 1.022265843408611159e-02 1.031727853702110211e-02 1.020159349969563742e-02 1.086116287621772571e-02 1.047595900664400302e-02 1.020254173000211158e-02 1.007253735373380907e-02 1.037295170057870447e-02 1.025879264639195133e-02 1.021236739977642374e-02 1.035370304141616966e-02 1.026265255386904496e-02 1.075995772235708095e-02 1.039360187128848811e-02 1.037809717562488548e-02 1.008008364835703483e-02 1.030444644030019744e-02 1.018723322557103447e-02 1.036390722428517583e-02 1.014382893135759058e-02 1.028731432767695381e-02 1.020477277609846585e-02 1.024570773780150365e-02 1.037538835655247259e-02 1.030597312329134714e-02 1.024683204195336352e-02 1.025916634697222884e-02 1.024121742443602316e-02 1.055305457632760811e-02 1.019982659982207086e-02 1.013859596422409838e-02 1.010632103263995642e-02 1.020256373343373692e-02 1.012133944540098522e-02 1.035294273614365164e-02 1.009268700056020936e-02 1.038955700951739274e-02 1.037601401727772377e-02 1.029009442025516363e-02 1.039640211839735172e-02 1.036130195040465586e-02 1.054460587619115639e-02 1.041801329630936274e-02 1.023816333109904900e-02 1.056729951183128617e-02 1.029470693990269456e-02 1.046663758511217311e-02 1.028559291484544384e-02 1.025639805725083592e-02 1.065709142864297229e-02 1.024415919526049448e-02 1.035141596651481879e-02 1.025486346139564860e-02 1.031829272808224007e-02 1.032027883323155537e-02 1.029919503483705395e-02 1.034821861870144355e-02 1.021087493436430467e-02 1.029558687330870033e-02 1.047447364495583677e-02 1.026517105476286267e-02 1.026492652858696994e-02 1.024844603556797351e-02 1.029759097158403081e-02 1.019824019378585793e-02 1.021653183155196536e-02 1.030865876261261374e-02 1.023985567774662528e-02 1.036623557002222355e-02 1.026651516774682027e-02 1.018410985621896747e-02
9.299850074459426602e-03 9.910956347061447569e-03 9.954312888225264055e-03 9.807404884516979227e-03 9.847605241010037175e-03 9.978906398511707201e-03 1.001158897497965265e-02 1.004242553154991759e-02 9.209881412700186148e-03 9.848221015208028298e-03 0.000000000000000000e+00 9.924261528795429513e-03 1.000966415948615837e-02 9.939761501543457889e-03 1.001017560439452191e-02 9.837512812543610166e-03 9.910431228180282756e-03 9.930424436782115880e-03 9.899199712188194722e-03 9.122313782357603998e-03 9.413513654716900575e-03 9.231706147343261837e-03 1.000270130899987529e-02 9.983949107923103389e-03 9.630007287827410667e-03 9.948036714475781001e-03 9.868592574712247226e-03 1.000533175521823616e-02 9.893862945148181737e-03 9.780463216822372213e-03 9.865768990145790465e-03 9.805794176846047844e-03 1.007632853090306702e-02 9.927122680112804645e-03 9.736917102544984104e-03 9.895158324781536119e-03 9.917138147061674291e-03 1.000730880599908119e-02 1.009206274200378367e-02 9.914292917109192305e-03 9.927615600542626789e-03 9.234381029013161504e-03 9.886052196270140105e-03 9.076634270920407727e-03 1.055557958601840811e-02 9.908717878424386227e-03 9.929181841455067548e-03 1.042948264463029913e-02 1.041910487191724174e-02 1.058118692090963958e-02 1.051853887879743328e-02 1.057111479641927032e-02 1.036485220314258687e-02 1.170913390250547838e-02 1.036187405835040966e-02 1.058619108214486557e-02 1.091780433691166147e-02 1.029808731756641678e-02 1.039396086485363559e-02 1.027224655121657289e-02 1.084687930173327576e-02 1.054650836253073071e-02 1.028835323682822205e-02 1.015554003143345763e-02 1.042103840282199677e-02 1.021667141226091126e-02 1.020494496425869424e-02 1.042749809436130728e-02 1.033736357077832957e-02 1.080089396329557763e-02 1.045568436299154635e-02 1.044675153511480381e-02 1.016095978073430772e-02 1.037282380217493041e-02 1.026593581805258261e-02 1.043935044702334371e-02 1.029597635616256827e-02 1.035780308410989836e-02 1.028932387778635701e-02 1.032120760066871333e-02 1.044501163985361337e-02 1.031043657964826610e-02 1.032243936349461905e-02 1.032872089258594570e-02 1.032168328883169978e-02 1.062123797338653149e-02 1.027925056026145374e-02 1.021915423011885565e-02 1.019717269011962205e-02 1.028769217009719433e-02 1.020124434949979189e-02 1.043179821032656773e-02 1.018395489699649992e-02 1.046557353394214455e-02 1.039509316282452578e-02 1.036110598540093165e-02 1.047415200281589034e-02 1.043945757495582868e-02 1.059076188840607849e-02 1.049443929554645660e-02 1.031658933089018779e-02 1.063222712117663053e-02 1.037514712060350237e-02 1.053411552427961813e-02 1.036697869524400364e-02 1.033689997891256221e-02 1.072275597880489179e-02 1.032097662381266552e-02 1.042064281551768889e-02 1.032607241797181552e-02 1.040087470515493710e-02 1.039207981780418746e-02 1.038200881680555014e-02 1.042383658105331887e-02 1.029479724551330896e-02 1.037154024603571985e-02 1.055089432294843872e-02 1.034079115528022813e-02 1.034772470148159415e-02 1.032875512582499822e-02 1.037644649957987497e-02 1.028496787860249014e-02 1.024013525378206398e-02 1.037461358571407054e-02 1.032488438580519800e-02 1.043156499776006461e-02 1.035159153790196108e-02 1.027262477158572343e-02
1.003353863420277867e-02 9.070226235599037484e-03 9.749350205320642809e-03 9.943306604394935855e-03 9.906680185793754687e-03 9.714485020293326181e-03 9.736136513939560450e-03 1.002078953069478889e-02 9.926774751632509025e-03 9.136767904050848571e-03 9.924261528795429513e-03 0.000000000000000000e+00 1.010105854052110660e-02 9.008420268176515339e-03 9.972377952485934893e-03 9.960673467165434558e-03 9.778537949226204923e-03 9.856264502298045169e-03 1.000665618346445115e-02 1.016483948779891254e-02 1.025991491386526143e-02 9.097804754787816583e-03 1.010666872835539777e-02 9.875489090061849787e-03 9.679594744141714960e-03 9.893975154239568331e-03 9.846028707538765148e-03 9.477133878893409871e-03 9.750867462840701397e-03 9.823827184245662383e-03 9.977233229290770680e-03 9.928982214607955797e-03 9.811315333402063910e-03 9.891821974798084560e-03 9.819662626384792828e-03 9.898693405523817726e-03 9.934732290621533721e-03 9.828185364012347741e-03 9.833951477991259918e-03 9.762215033610032594e-03 9.880312310815453705e-03 9.990305355434771564e-03 9.908825737148225718e-03 9.778112325419658496e-03 1.161174075297334053e-02 9.945516199289407624e-03 9.848145434966662504e-03 1.021766040606631246e-02 1.018326806682326967e-02 1.036834540666845862e-02 1.030436007180034717e-02 1.039040843919663247e-02 1.009376062674014612e-02 1.159479264045232619e-02 1.013194557095321857e-02 1.042307081165092138e-02 1.078284788569668952e-02 1.002715349843973092e-02 1.016358674718941153e-02 1.001454290976789077e-02 1.073398748121347744e-02 1.031658689900089541e-02 1.000259449250191605e-02 9.956220554397149716e-03 1.032658946733389094e-02 1.021472574119181888e-02 1.004890611775581533e-02 1.020606739335844920e-02 1.009036169351180262e-02 1.063486832063777199e-02 1.023748985827445217e-02 1.023515145105909074e-02 9.910286956089770644e-03 1.014268438286163726e-02 9.991368286488494857e-03 1.020882803723066785e-02 1.006490380616310680e-02 1.010762907330430699e-02 1.001535607070509933e-02 1.008081355509174090e-02 1.023708146250571459e-02 1.007132708069418368e-02 1.008181035997758775e-02 1.007324846664496738e-02 1.005439391758230876e-02 1.041391347890231224e-02 1.001728120482210833e-02 9.929299573547194918e-03 9.890777656572728380e-03 1.000712533200964760e-02 9.921549414550054000e-03 1.017887152416157258e-02 9.914021772818899444e-03 1.022031087526102146e-02 1.023149076889317416e-02 1.012525833714273370e-02 1.022102528032141876e-02 1.018804875639328991e-02 1.048283939893810378e-02 1.024897530490092787e-02 1.005608131607057566e-02 1.041733395956899455e-02 1.011613459232588337e-02 1.030910388471333733e-02 1.010636486223901766e-02 1.006394937052521379e-02 1.050749191396730710e-02 1.006320639927626992e-02 1.020178228808178711e-02 1.007809171695760869e-02 1.012965787003994138e-02 1.012987560030329318e-02 1.010154693264846137e-02 1.015772327373027327e-02 1.000378076335121588e-02 1.011416653716657420e-02 1.028375484712216320e-02 1.002067980539925011e-02 1.006045935139958554e-02 1.004813103359238242e-02 1.010117226791890262e-02 9.986430574310960900e-03 1.004787900334310619e-02 1.012279999107524447e-02 1.003661202208709982e-02 1.019405176597024121e-02 1.006580532879094297e-02 9.970687793577135208e-03
