0.000000000000000000e+00 1.384131610500036365e-02 1.664185124575887770e-02 1.913289204912316591e-02 2.233130430208313949e-02 2.096738629010627686e-02 1.804131793239437814e-02 2.096738629010627686e-02 2.096738629010628033e-02 1.741529935649186595e-02 1.982657361781379676e-02 1.982657361781379676e-02 1.595090818533453567e-02 1.583612637529761488e-02 2.028771764015755222e-02 1.778198336135326449e-02 1.778198336135326102e-02 2.028771764015755569e-02 1.916904541969788670e-02 1.745127548879043047e-02 1.992972730935586509e-02 1.745811589561030441e-02 3.430106879417389038e-02 1.657023858555404031e-02 2.392366247065417367e-02 2.078284516755039835e-02 1.999479318895581656e-02 1.999479318895581309e-02 1.767228486231065682e-02 1.932726531149529456e-02 1.622401325803795105e-02 1.796075182566629971e-02 1.697618734640905097e-02 1.933764304774616277e-02 1.933764304774615930e-02 1.437512280074464653e-02 1.711200427276332592e-02 1.943385639763261022e-02 1.943385639763261022e-02 1.500496257996672238e-02 1.440214602375953709e-02 1.943758100635572389e-02 1.706665942248804940e-02 1.715708555444011782e-02 1.711321738171019818e-02 1.483028006104150642e-02 1.371806454226956115e-02 1.943758100635572736e-02 2.610874789719373062e-02 1.568240582230829086e-02 2.610874789719373409e-02 1.805025008670414072e-02 1.578743370503358709e-02 2.096941195656512949e-02 2.096941195656512949e-02 2.096941195656512949e-02 2.524420521603264883e-02 2.017129236123872682e-02 1.804729866481174366e-02 1.721172523289486028e-02 1.948654317417732387e-02 1.455599608425467602e-02 1.948654317417732387e-02 1.957457660182945064e-02 1.957457660182944717e-02 1.705151947443252908e-02 1.826874825278618567e-02 2.101762795953590265e-02 2.101762795953589918e-02 2.101762795953589918e-02 1.786994170189605893e-02 2.048411761872067152e-02 2.048411761872067152e-02 2.048411761872066805e-02 1.627843174018131847e-02 1.949694752637729650e-02 1.949694752637729303e-02 1.579643753942369319e-02 1.576787257051961988e-02 1.543764680469724565e-02 1.645189870666447646e-02 3.210022662897134976e-02 3.210022662897134976e-02 2.781847088404085580e-02 1.660416064631453983e-02 1.588101091710836243e-02 1.618767584690525632e-02 1.738242695195622162e-02 2.001183634850404319e-02 1.821419755574161387e-02 2.001183634850403972e-02 1.754558221040227947e-02 1.689882474828671363e-02 1.739205603116862273e-02 1.732004364500604535e-02 1.568198747810908150e-02 1.787206201604574912e-02 1.574565975539380866e-02 2.535403216117297978e-02 1.983899595000336927e-02 1.744106130276670483e-02 1.983899595000336580e-02 1.952243471817731099e-02 1.824788829874319715e-02 1.952243471817730752e-02 2.065463876465709059e-02 2.065463876465708712e-02 2.065463876465708712e-02 1.501800829744514947e-02 1.570893996164685752e-02 1.963230620413938463e-02 1.963230620413938463e-02 1.698932698446758635e-02 1.698932698446758635e-02 1.566352278034889925e-02 1.974294402536999615e-02 1.974294402536999268e-02 1.962421908657205338e-02 1.729041149209795819e-02 1.707956179888346984e-02 3.044944956106344566e-02 3.044944956106344566e-02 1.782640267058523825e-02 1.766898625798387842e-02 2.027530129619224339e-02 2.027530129619223992e-02 1.784705752330799713e-02 1.892960652145657743e-02 1.575038690835673522e-02 2.796480045344658730e-02 2.101342189771226651e-02 2.101342189771226651e-02 2.101342189771226651e-02 2.424359446232211834e-02 3.022078998523198765e-02 2.373540339521511278e-02 2.031220651139578962e-02 2.031220651139578962e-02 3.095053782721525482e-02 2.492165539898717058e-02 3.095053782721524788e-02
1.384131610500036365e-02 0.000000000000000000e+00 1.467668268840677769e-02 1.929909724535565363e-02 2.319875899637325461e-02 1.804206334666129397e-02 1.444056771860738331e-02 1.804206334666129397e-02 1.804206334666129743e-02 1.354420580809000650e-02 1.666794218924173149e-02 1.666794218924173149e-02 1.138017395567612541e-02 1.119250520113608538e-02 1.723570374384151421e-02 1.407231819051837744e-02 1.407231819051837744e-02 1.723570374384151768e-02 1.587861518956001569e-02 1.360867067157098438e-02 1.680401546839628557e-02 1.361832212286049476e-02 3.233167713320300035e-02 1.240507889414791884e-02 2.130352796268740120e-02 1.782762784120908370e-02 1.687982903867678991e-02 1.687982903867679338e-02 1.391584988975687678e-02 1.604287570320628992e-02 1.184015569605076888e-02 1.433151460171498172e-02 1.217884680032904447e-02 1.528089878316198774e-02 1.528089878316198774e-02 8.467805453423113415e-03 1.306686614315172128e-02 1.614359708025224494e-02 1.614359708025223800e-02 9.841726740389607556e-03 8.847937363318856066e-03 1.618254072011393596e-02 1.300897787528917764e-02 1.316332568663172546e-02 1.310174000625606919e-02 9.518739853933956552e-03 7.669848071005835703e-03 1.618254072011393596e-02 2.374419422710227073e-02 1.110458769174959073e-02 2.374419422710227073e-02 1.445245393157129458e-02 1.109006434845949754e-02 1.804442038355535266e-02 1.804442038355535613e-02 1.804442038355535613e-02 2.282758058461754544e-02 1.709951664669740259e-02 1.444324245721884288e-02 1.324608829407647459e-02 1.624503942953242283e-02 9.141971717877943326e-03 1.624503942953242283e-02 1.635300965760235273e-02 1.635300965760235273e-02 1.301314223464188936e-02 1.474131618188778345e-02 1.810045934515261065e-02 1.810045934515260718e-02 1.810045934515260718e-02 1.419465119250518277e-02 1.747273898719279780e-02 1.747273898719280127e-02 1.747273898719279780e-02 1.195158934212471082e-02 1.625623982898769318e-02 1.625623982898769665e-02 1.113318603500873527e-02 1.108697333528564817e-02 1.006581404961250266e-02 1.157874583773373968e-02 2.996582859047195943e-02 2.996582859047195943e-02 2.544077971900000901e-02 1.220788333936360590e-02 1.127845632056181241e-02 1.178697650951483593e-02 1.350094608651783955e-02 1.690064879640946691e-02 1.465956704720854445e-02 1.690064879640946691e-02 1.372398171054561508e-02 1.275453548591776350e-02 1.350831993947143594e-02 1.340935630141651576e-02 1.091566698117591404e-02 1.421068785164314452e-02 1.102681734008592249e-02 2.294557651067732906e-02 1.668484516161901354e-02 1.358282355707877802e-02 1.668484516161901354e-02 1.629047579320373404e-02 1.471377531882360652e-02 1.629047579320373057e-02 1.808830783637864134e-02 1.808830783637864134e-02 1.808830783637864134e-02 9.888853825716768797e-03 1.096479179397080207e-02 1.642841824669763473e-02 1.642841824669763820e-02 1.289359029863907866e-02 1.289359029863907866e-02 1.087918472496932597e-02 1.656862243881404920e-02 1.656862243881404920e-02 1.641343738943662478e-02 1.335456427051538546e-02 1.305030570415250703e-02 2.827402464250066902e-02 2.827402464250066555e-02 1.413315604411958734e-02 1.391659151793203653e-02 1.722064906534610459e-02 1.722064906534610459e-02 1.416256661190438797e-02 1.551959089564625312e-02 1.103035615144744817e-02 2.569732203715896501e-02 1.809557386558106884e-02 1.809557386558106884e-02 1.809557386558107578e-02 2.174114958576040674e-02 2.804535561460308815e-02 2.118775866541138322e-02 1.726540366749200472e-02 1.726540366749200472e-02 2.898023875415915024e-02 2.298420911856795604e-02 2.898023875415914330e-02
1.664185124575887770e-02 1.467668268840677769e-02 0.000000000000000000e+00 2.201456134678935611e-02 2.547659015302465232e-02 2.115679581749114330e-02 1.827625379717750381e-02 2.115679581749114677e-02 2.115679581749115024e-02 1.766397608839617717e-02 2.002975329722922124e-02 2.002975329722922124e-02 1.623262713416219125e-02 1.612156122365188474e-02 2.048414733694415776e-02 1.802178042522256662e-02 1.802178042522256662e-02 2.048414733694415776e-02 1.938966806911877894e-02 1.770002983610954525e-02 2.013313477622317299e-02 1.770671047514450758e-02 3.441898781773146399e-02 1.683820492529276153e-02 2.409364122659517216e-02 2.097558936554514211e-02 2.019556241405438129e-02 2.019556241405438129e-02 1.791486498100101216e-02 1.953943216067393837e-02 1.649853636567526552e-02 1.820190348220750848e-02 1.730382908256970428e-02 1.963475632901250101e-02 1.963475632901250448e-02 1.471130494525084605e-02 1.737094141444266507e-02 1.964699321574436830e-02 1.964699321574436830e-02 1.530742767075374267e-02 1.471426949618573864e-02 1.964707045276084182e-02 1.732779759035248807e-02 1.741199431111021406e-02 1.736922348030060445e-02 1.513582605748717454e-02 1.404224349008395892e-02 1.964707045276083835e-02 2.625798372949474796e-02 1.596768675268063487e-02 2.625798372949474796e-02 1.828500547459513056e-02 1.607350161134505837e-02 2.115880326894551897e-02 2.115880326894551897e-02 2.115880326894551550e-02 2.539632831145322359e-02 2.037228135031603909e-02 1.828309211920860905e-02 1.746529934928655464e-02 1.969514251220828155e-02 1.486468022347016762e-02 1.969514251220828155e-02 1.978187669621966557e-02 1.978187669621966557e-02 1.730913858365261404e-02 1.849920686557922703e-02 2.120660316580899596e-02 2.120660316580899596e-02 2.120660316580899596e-02 1.810788394323560938e-02 2.067858131108079103e-02 2.067858131108079797e-02 2.067858131108079103e-02 1.655075595762905624e-02 1.970538638362411693e-02 1.970538638362411693e-02 1.608161112465047310e-02 1.605371642942077237e-02 1.576891573003212990e-02 1.677293516443920801e-02 3.223026887589449524e-02 3.223026887589449524e-02 2.796755313720633573e-02 1.688138065460107612e-02 1.616429709444042184e-02 1.646264463541682876e-02 1.763186130807545271e-02 2.021226644628268398e-02 1.844531049056981342e-02 2.021226644628268745e-02 1.779139259056669933e-02 1.716102988166516921e-02 1.764119122363972877e-02 1.757147215866570675e-02 1.597057102685947583e-02 1.811165152939758771e-02 1.603257113467392372e-02 2.550565056627816449e-02 2.004183047709190771e-02 1.768899124252557714e-02 2.004183047709190424e-02 1.973047350696916294e-02 1.847873377026905059e-02 1.973047350696916294e-02 1.783299393659336374e-02 1.783299393659336721e-02 1.783299393659336374e-02 1.531875946838884110e-02 1.599677378813239847e-02 1.983840317847860441e-02 1.983840317847860441e-02 1.724918865292597928e-02 1.724918865292597928e-02 1.595259781049000042e-02 1.994755839171077558e-02 1.994755839171077558e-02 1.983031825209759236e-02 1.754215714095014658e-02 1.733640981674053339e-02 3.058307408333033744e-02 3.058307408333033744e-02 1.806522724024289470e-02 1.791134556257585955e-02 2.047188288336894077e-02 2.047188288336894077e-02 1.808544331739627559e-02 1.914902951299359349e-02 1.603726858188250781e-02 2.810667220648666378e-02 2.120242887647345864e-02 2.120242887647345864e-02 2.120242887647346211e-02 2.440144693880548499e-02 3.035474011516959766e-02 2.389584799420719358e-02 2.050836354289346103e-02 2.050836354289346450e-02 3.125596313820547950e-02 2.560423219123050820e-02 3.125596313820547950e-02
1.913289204912316591e-02 1.929909724535565363e-02 2.201456134678935611e-02 0.000000000000000000e+00 2.292878612139524069e-02 2.445959105602041675e-02 2.217859117695530208e-02 2.445959105602042022e-02 2.445959105602041675e-02 2.174371832019058107e-02 2.360745780795256432e-02 2.360745780795256085e-02 2.061866485829379550e-02 2.052682542274671118e-02 2.395083839455713903e-02 2.200657771831315487e-02 2.200657771831315487e-02 2.395083839455713903e-02 2.298490235387237041e-02 2.176620630921325544e-02 2.367968244269099895e-02 2.177130124091509328e-02 3.635088943197004735e-02 2.105924372607785242e-02 2.686294719168111703e-02 2.431684188961621626e-02 2.373135564515810661e-02 2.373135564515811008e-02 2.192994737567583591e-02 2.323598415818895965e-02 2.081845950052476843e-02 2.211927480493067893e-02 2.146511758695352282e-02 2.329630400032564955e-02 2.329630400032564955e-02 1.937369789776143686e-02 2.152305023055943803e-02 2.331529960622473474e-02 2.331529960622473127e-02 1.986896425939410279e-02 1.937787585936891904e-02 2.331581021896528966e-02 2.148734234718612315e-02 2.155557775560664607e-02 2.152225481131815610e-02 1.973463098877858285e-02 1.880592498503869461e-02 2.331581021896527925e-02 2.878805950062768293e-02 2.035469046194732234e-02 2.878805950062767599e-02 2.218519797621207323e-02 2.049824501213491981e-02 2.446112217255604418e-02 2.446112217255605112e-02 2.446112217255605112e-02 2.804580240812172900e-02 2.384083025455286178e-02 2.219177210656041871e-02 2.159577312928168125e-02 2.335227434125947132e-02 1.949958251510438764e-02 2.335227434125947132e-02 2.341920881601357307e-02 2.341920881601357654e-02 2.147357989939506148e-02 2.234589176814441233e-02 2.449753253863121497e-02 2.449753253863121497e-02 2.449753253863121497e-02 2.207003160621176865e-02 2.409425116092100971e-02 2.409425116092100971e-02 2.409425116092100971e-02 2.084803364441245241e-02 2.336226341538531412e-02 2.336226341538531412e-02 2.049862696704632045e-02 2.047717908951583385e-02 2.025487114126429608e-02 2.106613681457686002e-02 3.432560686421164131e-02 3.432560686421164131e-02 3.036257132524840946e-02 2.115486359012208259e-02 2.055987536912302557e-02 2.078908052810225435e-02 2.171918413471626841e-02 2.374328868446950666e-02 2.232055932887926086e-02 2.374328868446951013e-02 2.184542415102670374e-02 2.137140782785214993e-02 2.172896794170873710e-02 2.167529058660985775e-02 2.041682166822091082e-02 2.205891181825983885e-02 2.046487447596852943e-02 2.813930192310848399e-02 2.361655531078417358e-02 2.176246347033134951e-02 2.361655531078417011e-02 2.337939332353702881e-02 2.233089406913043445e-02 2.337939332353702881e-02 2.442373462578819807e-02 2.442373462578819807e-02 2.442373462578819807e-02 1.987809811885378822e-02 2.043692500031812909e-02 2.346155424328586966e-02 2.346155424328586619e-02 2.143869027902026506e-02 2.143869027902026506e-02 2.040333637263704383e-02 2.354307485087070786e-02 2.354307485087070440e-02 2.346066698263619271e-02 2.165633768884378876e-02 2.149652652124117713e-02 3.275622736988495487e-02 3.275622736988495487e-02 2.203948492151983768e-02 2.192296788714118497e-02 2.394168777612698876e-02 2.394168777612698876e-02 2.205376173996078173e-02 2.294258406673116077e-02 2.046932651735106426e-02 3.045282955088911628e-02 2.449437122201939335e-02 2.449437122201938988e-02 2.449437122201939335e-02 2.720260559449168974e-02 3.253958582368376290e-02 2.678040931761074828e-02 2.396893994464696642e-02 2.396893994464696642e-02 3.181860122685367664e-02 2.397691822058742664e-02 3.181860122685367664e-02
2.233130430208313949e-02 2.319875899637325461e-02 2.547659015302465232e-02 2.292878612139524069e-02 0.000000000000000000e+00 2.764367716107691761e-02 2.570978562253459221e-02 2.764367716107691761e-02 2.764367716107691761e-02 2.535359442725457907e-02 2.694061466549566713e-02 2.694061466549566367e-02 2.438513917282077864e-02 2.430423138755328019e-02 2.722438333408293623e-02 2.557181642407825237e-02 2.557181642407825237e-02 2.722438333408293623e-02 2.637753532143437968e-02 2.537190850110072546e-02 2.700031697412820161e-02 2.537620808489924468e-02 3.839913301929390871e-02 2.475585774872930342e-02 2.970289353232634377e-02 2.752690824084306001e-02 2.704288736222372133e-02 2.704288736222372827e-02 2.550909672932533470e-02 2.663284502384135818e-02 2.455461059594028078e-02 2.566476701419261389e-02 2.511564335819152158e-02 2.667611454760315456e-02 2.667611454760315456e-02 2.328517224784265940e-02 2.516800391872153070e-02 2.669730150090559098e-02 2.669730150090559098e-02 2.372680194152891955e-02 2.328967067868535981e-02 2.669796793600222318e-02 2.513790026323177093e-02 2.519585769070889492e-02 2.516757992385111956e-02 2.361022611320670941e-02 2.277260434068269224e-02 2.669796793600222318e-02 3.140834132148085517e-02 2.413973470013782568e-02 3.140834132148085517e-02 2.571530789190086541e-02 2.428265466907011255e-02 2.764494069067510024e-02 2.764494069067510371e-02 2.764494069067510024e-02 3.075430432298179723e-02 2.712661530259466089e-02 2.572484551084143131e-02 2.522983827240339594e-02 2.672829084263058513e-02 2.339707322565275083e-02 2.672829084263059207e-02 2.678432540875725840e-02 2.678432540875725840e-02 2.512535330842509407e-02 2.584914541318718631e-02 2.767498268782643545e-02 2.767498268782642851e-02 2.767498268782643545e-02 2.562455366220514966e-02 2.734160970184245157e-02 2.734160970184245504e-02 2.734160970184245157e-02 2.457639682292254296e-02 2.673743449649544981e-02 2.673743449649545328e-02 2.428090160136716497e-02 2.426259354270620186e-02 2.407036244771113345e-02 2.477969614158137546e-02 3.653831820862847579e-02 3.653831820862846885e-02 3.286747447711117764e-02 2.485773484099088049e-02 2.433257047922019606e-02 2.452865191546715201e-02 2.533303511092379820e-02 2.705244954556600134e-02 2.583299745003379486e-02 2.705244954556600134e-02 2.544121507653014647e-02 2.504263928838825273e-02 2.534200828877009731e-02 2.529722651819612741e-02 2.421209843621179719e-02 2.561265441890438199e-02 2.425338012388442849e-02 3.083595672117709838e-02 2.694813875228910943e-02 2.536930960674569496e-02 2.694813875228910943e-02 2.675108730401847684e-02 2.583678048103907332e-02 2.675108730401847337e-02 2.758836978693961911e-02 2.758836978693961564e-02 2.758836978693961217e-02 2.373486264163838719e-02 2.422932659189788035e-02 2.681930209426344400e-02 2.681930209426344400e-02 2.509963147131557756e-02 2.509963147131557756e-02 2.420063403962656803e-02 2.688681483807466716e-02 2.688681483807466716e-02 2.682031061112311043e-02 2.528154500489384823e-02 2.514537330999525727e-02 3.504897435969783759e-02 3.504897435969783759e-02 2.559943283915046622e-02 2.550167896863714950e-02 2.721687647488200620e-02 2.721687647488201661e-02 2.561109029656849154e-02 2.638883218993006222e-02 2.425750234759433896e-02 3.291787612309308303e-02 2.767237602636744842e-02 2.767237602636744842e-02 2.767237602636744842e-02 3.002415747247993635e-02 3.484693713439638435e-02 2.966127666438569954e-02 2.723927595003324334e-02 2.723927595003324334e-02 3.522716982963886717e-02 2.977042696747525530e-02 3.522716982963887411e-02
2.096738629010627686e-02 1.804206334666129397e-02 2.115679581749114330e-02 2.445959105602041675e-02 2.764367716107691761e-02 0.000000000000000000e+00 1.772556429078639764e-02 1.890834461219747034e-02 1.890834461219747034e-02 2.048744926721502574e-02 2.246978438553060356e-02 2.246978438553060356e-02 1.930067105670962846e-02 1.920569965914757302e-02 2.284681009512834829e-02 2.077290367684572411e-02 2.077290367684572411e-02 2.284681009512835176e-02 2.188147799918080394e-02 2.051415289814901080e-02 2.255324453121437464e-02 2.051820014983722282e-02 3.581014682857871362e-02 1.978036540248251027e-02 2.604926152255979815e-02 2.325864877002162615e-02 2.260639291060341505e-02 2.260639291060341158e-02 2.068879819247486027e-02 2.206593446722659307e-02 1.951411658109714758e-02 2.091212929154396064e-02 2.020391635009594761e-02 2.215302120585555326e-02 2.215302120585555326e-02 1.800986260918037776e-02 2.025134100467458620e-02 2.215331937373937396e-02 2.215331937373937396e-02 1.851905920372277220e-02 1.800978223047739260e-02 2.215286491436907132e-02 2.021505278511353046e-02 2.028501837247479594e-02 2.024889844210868428e-02 1.837756679348443237e-02 1.742106369346506714e-02 2.215286491436907132e-02 2.802211988669043100e-02 1.904377268486379116e-02 2.802211988669043100e-02 2.097588970256308166e-02 1.917252279580974189e-02 2.341443687964497172e-02 2.341443687964497519e-02 2.341443687964497172e-02 2.721970685935130863e-02 2.274360152047840561e-02 2.097977353860410593e-02 2.032807498972582713e-02 2.219255377728503523e-02 1.813628164733113723e-02 2.219255377728503523e-02 2.226483040742078048e-02 2.226483040742077701e-02 2.019902830086715145e-02 2.115046906540916927e-02 2.345516778410037390e-02 2.345516778410037390e-02 2.345516778410037390e-02 2.084200684358187769e-02 2.300766324493593723e-02 2.300766324493594070e-02 2.300766324493593723e-02 1.954813958499589804e-02 2.220237363759150484e-02 2.220237363759150137e-02 1.917475061229685640e-02 1.915205546743955697e-02 1.892436794358916610e-02 1.977364593687429284e-02 3.374640008932040802e-02 3.374640008932040108e-02 2.968899359715412856e-02 1.985855356502656474e-02 1.924045172174772625e-02 1.948337713866369128e-02 2.046134470849906434e-02 2.261984157260408385e-02 2.111474568871640409e-02 2.261984157260408732e-02 2.059441741921869129e-02 2.008617321486725130e-02 2.046926323953691257e-02 2.041380165555188586e-02 1.908597906436045738e-02 2.083648983617478537e-02 1.912137563498463727e-02 2.732021147986894716e-02 2.247972359043321280e-02 2.050758979354426123e-02 2.247972359043321280e-02 2.222192403926494600e-02 2.113394755388360580e-02 2.222192403926494600e-02 2.345643670773468747e-02 2.345643670773468747e-02 2.345643670773468747e-02 1.851838287122987980e-02 1.889952749766536655e-02 2.230929582142252010e-02 2.230929582142252010e-02 2.015798811584352743e-02 2.015798811584352743e-02 1.907270881546016539e-02 2.240078110582002097e-02 2.240078110582002097e-02 2.230740819177750439e-02 2.039192735457406522e-02 2.022259790132796206e-02 3.214424663209451694e-02 3.214424663209451694e-02 2.080828604403048634e-02 2.068309157714588384e-02 2.283664315979696408e-02 2.283664315979696408e-02 2.082412891537803457e-02 2.171527782679999116e-02 1.912578597352366030e-02 2.976951031064289932e-02 2.345161073791651382e-02 2.345161073791651035e-02 2.345161073791651382e-02 2.631155454863090548e-02 3.192123059844784866e-02 2.585600120934812909e-02 2.286692607016274290e-02 2.286692607016274290e-02 3.281508432287711524e-02 2.750706292868621700e-02 3.281508432287711524e-02
1.804131793239437814e-02 1.444056771860738331e-02 1.827625379717750381e-02 2.217859117695530208e-02 2.570978562253459221e-02 1.772556429078639764e-02 0.000000000000000000e+00 1.772556429078639764e-02 1.772556429078640111e-02 1.740962897890815236e-02 1.982046584697870484e-02 1.982046584697870484e-02 1.594765232560694385e-02 1.583507807284705027e-02 2.028399153598056323e-02 1.777714746123778417e-02 1.777714746123777723e-02 2.028399153598056323e-02 1.917689185506451371e-02 1.744609148750834310e-02 1.992516069446676266e-02 1.744536453473009840e-02 3.430884632714011756e-02 1.657131172221528934e-02 2.393529947810319608e-02 2.078306478956064990e-02 1.998980672521453658e-02 1.998980672521453658e-02 1.766703178677097794e-02 1.931972893436370922e-02 1.622084261025439830e-02 1.796387454543336634e-02 1.705033557820789802e-02 1.942974619124324814e-02 1.942974619124324814e-02 1.440228535728587007e-02 1.710947719706178843e-02 1.943026876072796380e-02 1.943026876072796380e-02 1.500530369438152732e-02 1.440184299863424278e-02 1.942902179389878123e-02 1.706586892921964360e-02 1.715092276626606349e-02 1.710207311828558160e-02 1.482907853867874298e-02 1.372116885446519712e-02 1.942902179389877429e-02 2.611645589782349980e-02 1.568539245143836525e-02 2.611645589782350327e-02 1.804899819796086657e-02 1.578420622333601836e-02 2.097078382244737388e-02 2.097078382244738776e-02 2.097078382244737388e-02 2.524926759193481945e-02 2.017196390263746933e-02 1.804546559460462954e-02 1.720534935321707537e-02 1.947858828244176249e-02 1.455318988733101532e-02 1.947858828244176249e-02 1.956742259737447032e-02 1.956742259737447032e-02 1.704619201704390269e-02 1.826807907411252124e-02 2.101935399343086985e-02 2.101935399343086638e-02 2.101935399343086291e-02 1.786550987133335780e-02 2.048124373447035573e-02 2.048124373447035573e-02 2.048124373447035573e-02 1.626913787030519198e-02 1.948912431605970969e-02 1.948912431605970969e-02 1.579351124161491524e-02 1.576478325520568394e-02 1.547817007829871069e-02 1.650255577159091130e-02 3.211001028109611993e-02 3.211001028109611993e-02 2.782990863310349713e-02 1.660757067240026946e-02 1.587871482978416016e-02 1.618432785465259358e-02 1.737675631591361139e-02 2.000693768975179282e-02 1.821129187841607350e-02 2.000693768975179629e-02 1.753932753602317415e-02 1.689128507870282098e-02 1.737843969924240256e-02 1.731388715786393723e-02 1.567227666296552857e-02 1.786161773228733124e-02 1.565215810620251141e-02 2.535776246499256772e-02 1.983277830050488716e-02 1.743526870936136508e-02 1.983277830050488716e-02 1.951468066603989984e-02 1.824710007461799802e-02 1.951468066603989984e-02 2.102086892725660294e-02 2.102086892725660294e-02 2.102086892725659947e-02 1.496070463405656074e-02 1.469629732199100210e-02 1.961616115402970220e-02 1.961616115402970220e-02 1.698303003668180655e-02 1.698303003668180655e-02 1.566050960147661111e-02 1.973680277769704686e-02 1.973680277769704339e-02 1.961630298046920101e-02 1.728402392329763532e-02 1.707374942347385585e-02 3.045903518199089000e-02 3.045903518199088653e-02 1.782161569542353372e-02 1.766410501156380486e-02 2.027147919981066651e-02 2.027147919981067345e-02 1.784244445266655252e-02 1.876947804889316992e-02 1.565664737241520554e-02 2.797400586679931953e-02 2.101511074193601267e-02 2.101511074193601614e-02 2.101511074193601614e-02 2.424647641853032096e-02 3.023026167192347652e-02 2.373588907217202490e-02 2.030869603247949587e-02 2.030869603247949934e-02 3.115231601216037968e-02 2.551600303175943427e-02 3.115231601216037274e-02
2.096738629010627686e-02 1.804206334666129397e-02 2.115679581749114677e-02 2.445959105602042022e-02 2.764367716107691761e-02 1.890834461219747034e-02 1.772556429078639764e-02 0.000000000000000000e+00 1.890834461219747381e-02 2.048744926721502574e-02 2.246978438553061050e-02 2.246978438553060356e-02 1.930067105670962846e-02 1.920569965914756608e-02 2.284681009512834829e-02 2.077290367684572411e-02 2.077290367684572411e-02 2.284681009512835176e-02 2.188147799918080741e-02 2.051415289814900733e-02 2.255324453121437811e-02 2.051820014983722629e-02 3.581014682857871362e-02 1.978036540248251374e-02 2.604926152255979468e-02 2.325864877002162961e-02 2.260639291060341158e-02 2.260639291060341158e-02 2.068879819247486027e-02 2.206593446722659307e-02 1.951411658109715105e-02 2.091212929154396410e-02 2.020391635009595108e-02 2.215302120585554979e-02 2.215302120585555326e-02 1.800986260918038123e-02 2.025134100467458620e-02 2.215331937373937396e-02 2.215331937373937396e-02 1.851905920372277220e-02 1.800978223047739260e-02 2.215286491436907132e-02 2.021505278511352699e-02 2.028501837247479594e-02 2.024889844210868081e-02 1.837756679348443931e-02 1.742106369346506714e-02 2.215286491436906785e-02 2.802211988669043100e-02 1.904377268486379463e-02 2.802211988669043100e-02 2.097588970256307819e-02 1.917252279580974536e-02 2.341443687964497866e-02 2.341443687964498213e-02 2.341443687964497866e-02 2.721970685935131209e-02 2.274360152047840561e-02 2.097977353860410940e-02 2.032807498972583060e-02 2.219255377728504217e-02 1.813628164733114070e-02 2.219255377728504217e-02 2.226483040742077701e-02 2.226483040742077354e-02 2.019902830086715839e-02 2.115046906540917621e-02 2.345516778410038083e-02 2.345516778410037390e-02 2.345516778410037390e-02 2.084200684358187769e-02 2.300766324493594070e-02 2.300766324493594417e-02 2.300766324493594070e-02 1.954813958499590151e-02 2.220237363759150137e-02 2.220237363759150484e-02 1.917475061229685640e-02 1.915205546743955697e-02 1.892436794358916610e-02 1.977364593687429631e-02 3.374640008932040108e-02 3.374640008932040108e-02 2.968899359715413203e-02 1.985855356502656474e-02 1.924045172174772625e-02 1.948337713866369822e-02 2.046134470849906434e-02 2.261984157260408038e-02 2.111474568871640409e-02 2.261984157260408385e-02 2.059441741921868782e-02 2.008617321486725477e-02 2.046926323953691257e-02 2.041380165555188933e-02 1.908597906436046085e-02 2.083648983617479231e-02 1.912137563498464074e-02 2.732021147986895757e-02 2.247972359043321627e-02 2.050758979354426470e-02 2.247972359043321280e-02 2.222192403926494600e-02 2.113394755388360233e-02 2.222192403926494600e-02 2.345643670773468747e-02 2.345643670773468747e-02 2.345643670773468401e-02 1.851838287122988327e-02 1.889952749766536308e-02 2.230929582142252010e-02 2.230929582142251663e-02 2.015798811584352396e-02 2.015798811584352743e-02 1.907270881546017233e-02 2.240078110582002444e-02 2.240078110582002444e-02 2.230740819177750439e-02 2.039192735457406869e-02 2.022259790132795859e-02 3.214424663209451000e-02 3.214424663209451694e-02 2.080828604403049328e-02 2.068309157714588731e-02 2.283664315979696408e-02 2.283664315979696408e-02 2.082412891537803457e-02 2.171527782679999463e-02 1.912578597352365684e-02 2.976951031064289932e-02 2.345161073791651729e-02 2.345161073791651382e-02 2.345161073791651729e-02 2.631155454863090201e-02 3.192123059844785560e-02 2.585600120934813256e-02 2.286692607016274290e-02 2.286692607016274290e-02 3.281508432287712218e-02 2.750706292868621700e-02 3.281508432287712218e-02
2.096738629010628033e-02 1.804206334666129743e-02 2.115679581749115024e-02 2.445959105602041675e-02 2.764367716107691761e-02 1.890834461219747034e-02 1.772556429078640111e-02 1.890834461219747381e-02 0.000000000000000000e+00 2.048744926721502921e-02 2.246978438553061397e-02 2.246978438553061050e-02 1.930067105670963540e-02 1.920569965914757649e-02 2.284681009512835176e-02 2.077290367684572411e-02 2.077290367684572411e-02 2.284681009512835176e-02 2.188147799918081088e-02 2.051415289814901427e-02 2.255324453121438505e-02 2.051820014983722629e-02 3.581014682857871362e-02 1.978036540248251374e-02 2.604926152255979815e-02 2.325864877002162961e-02 2.260639291060341505e-02 2.260639291060341505e-02 2.068879819247486374e-02 2.206593446722659307e-02 1.951411658109715799e-02 2.091212929154396757e-02 2.020391635009595455e-02 2.215302120585554979e-02 2.215302120585555326e-02 1.800986260918038123e-02 2.025134100467458967e-02 2.215331937373937743e-02 2.215331937373937396e-02 1.851905920372278261e-02 1.800978223047739607e-02 2.215286491436907132e-02 2.021505278511352699e-02 2.028501837247479594e-02 2.024889844210868428e-02 1.837756679348443931e-02 1.742106369346507061e-02 2.215286491436906785e-02 2.802211988669043446e-02 1.904377268486379809e-02 2.802211988669043446e-02 2.097588970256308166e-02 1.917252279580974189e-02 2.341443687964498213e-02 2.341443687964498213e-02 2.341443687964498213e-02 2.721970685935131209e-02 2.274360152047840561e-02 2.097977353860411287e-02 2.032807498972583407e-02 2.219255377728504217e-02 1.813628164733114417e-02 2.219255377728504217e-02 2.226483040742078395e-02 2.226483040742078048e-02 2.019902830086715145e-02 2.115046906540917621e-02 2.345516778410038083e-02 2.345516778410038083e-02 2.345516778410038083e-02 2.084200684358188116e-02 2.300766324493594764e-02 2.300766324493594070e-02 2.300766324493594070e-02 1.954813958499590845e-02 2.220237363759150831e-02 2.220237363759150831e-02 1.917475061229685640e-02 1.915205546743956044e-02 1.892436794358917304e-02 1.977364593687429978e-02 3.374640008932040802e-02 3.374640008932040802e-02 2.968899359715413203e-02 1.985855356502656474e-02 1.924045172174772972e-02 1.948337713866370169e-02 2.046134470849906781e-02 2.261984157260408385e-02 2.111474568871640409e-02 2.261984157260408385e-02 2.059441741921869476e-02 2.008617321486726170e-02 2.046926323953691604e-02 2.041380165555188933e-02 1.908597906436046432e-02 2.083648983617479231e-02 1.912137563498464074e-02 2.732021147986895757e-02 2.247972359043321974e-02 2.050758979354427164e-02 2.247972359043321627e-02 2.222192403926494947e-02 2.113394755388359886e-02 2.222192403926495294e-02 2.345643670773469094e-02 2.345643670773469094e-02 2.345643670773468401e-02 1.851838287122988327e-02 1.889952749766536655e-02 2.230929582142251663e-02 2.230929582142251663e-02 2.015798811584352743e-02 2.015798811584352743e-02 1.907270881546017580e-02 2.240078110582002791e-02 2.240078110582002791e-02 2.230740819177751133e-02 2.039192735457407216e-02 2.022259790132796553e-02 3.214424663209451694e-02 3.214424663209451694e-02 2.080828604403049675e-02 2.068309157714588384e-02 2.283664315979696754e-02 2.283664315979696754e-02 2.082412891537803457e-02 2.171527782679999463e-02 1.912578597352365684e-02 2.976951031064289932e-02 2.345161073791652076e-02 2.345161073791651729e-02 2.345161073791652076e-02 2.631155454863090201e-02 3.192123059844785560e-02 2.585600120934813603e-02 2.286692607016274290e-02 2.286692607016274290e-02 3.281508432287712218e-02 2.750706292868622393e-02 3.281508432287712218e-02
1.741529935649186595e-02 1.354420580809000650e-02 1.766397608839617717e-02 2.174371832019058107e-02 2.535359442725457907e-02 2.048744926721502574e-02 1.740962897890815236e-02 2.048744926721502574e-02 2.048744926721502921e-02 0.000000000000000000e+00 1.683445368314739204e-02 1.683445368314739204e-02 1.410889298413786977e-02 1.349195093037746165e-02 1.976251117451763642e-02 1.711125736748361770e-02 1.711125736748361770e-02 1.976251117451763642e-02 1.863172754309512513e-02 1.675201218679349402e-02 1.938415610602641989e-02 1.675941202590035262e-02 3.404346090206247788e-02 1.583905436968679331e-02 2.354344024932093424e-02 2.029486800557989135e-02 1.944929536346309135e-02 1.944929536346308788e-02 1.698875636946137191e-02 1.856181759601672338e-02 1.532394420431286777e-02 1.718625363396802594e-02 1.630520302198421728e-02 1.884599185455345174e-02 1.884599185455345174e-02 1.344233938631222459e-02 1.635908490721888278e-02 1.883719446300259961e-02 1.883719446300259961e-02 1.405383190369534005e-02 1.350641632543400812e-02 1.884739888186340653e-02 1.633436009656576149e-02 1.641882640247537689e-02 1.637254634157556815e-02 1.394823199864891894e-02 1.279917946287162205e-02 1.884739888186340653e-02 2.576723853518960231e-02 1.490810065615146007e-02 2.576723853518959884e-02 1.741924864275880627e-02 1.495555077470066621e-02 2.048959272895657310e-02 2.048959272895658004e-02 2.048959272895657657e-02 2.488433966850435788e-02 1.965343709915744197e-02 1.741224136361401928e-02 1.647938110876846426e-02 1.890035444787519989e-02 1.366992829327471314e-02 1.890035444787519989e-02 1.898205326942818336e-02 1.898205326942818336e-02 1.629771465949601122e-02 1.765494425446823348e-02 2.054061356263261681e-02 2.054061356263261681e-02 2.054061356263261681e-02 1.720809068743478498e-02 1.997485130462074709e-02 1.997485130462074709e-02 1.997485130462074363e-02 1.551045794419606862e-02 1.890987745967308981e-02 1.890987745967308981e-02 1.497163951788821681e-02 1.494081760595899512e-02 1.462706403588571492e-02 1.570855297334391651e-02 3.181865340203701709e-02 3.181865340203701015e-02 2.749290954559572425e-02 1.582126027340317875e-02 1.506585929990771240e-02 1.540103335454903917e-02 1.666964794100295189e-02 1.946788952911202367e-02 1.758515755061407226e-02 1.946788952911202367e-02 1.684195506913325341e-02 1.612987405144646752e-02 1.667614193291017469e-02 1.659791485434498198e-02 1.484283012713568176e-02 1.722590379787362208e-02 1.491195508188047913e-02 2.499668567738415684e-02 1.927799043059851697e-02 1.672095671812069695e-02 1.927799043059851697e-02 1.893918639245916608e-02 1.763224677453631775e-02 1.893918639245916261e-02 2.054220851755591409e-02 2.054220851755590715e-02 2.054220851755590715e-02 1.415158839379848828e-02 1.487260126460610010e-02 1.905738478326870350e-02 1.905738478326870350e-02 1.622890063395174276e-02 1.622890063395174276e-02 1.482238880932286451e-02 1.917856680239571343e-02 1.917856680239570996e-02 1.904411149557647467e-02 1.656216752960837021e-02 1.633600321731716251e-02 3.015796212944364327e-02 3.015796212944364327e-02 1.714092678076114748e-02 1.687823709742558922e-02 1.972888791901026076e-02 1.972888791901026423e-02 1.718067805119908795e-02 1.829216653998898615e-02 1.491619601470744842e-02 2.762686064805616390e-02 2.053616002720790382e-02 2.053616002720790035e-02 2.053616002720790382e-02 2.385797844668695322e-02 2.992158969914923347e-02 2.331676830002108597e-02 1.978857798716105940e-02 1.978857798716105940e-02 3.085596040986061245e-02 2.515183244524462833e-02 3.085596040986060551e-02
1.982657361781379676e-02 1.666794218924173149e-02 2.002975329722922124e-02 2.360745780795256432e-02 2.694061466549566713e-02 2.246978438553060356e-02 1.982046584697870484e-02 2.246978438553061050e-02 2.246978438553061397e-02 1.683445368314739204e-02 0.000000000000000000e+00 1.809731923874088877e-02 1.781219724205497512e-02 1.620828116951733219e-02 2.183657205281747116e-02 1.958724029311275511e-02 1.958724029311275511e-02 2.183657205281747116e-02 2.085166484111354232e-02 1.930168650843197900e-02 2.151330456083651657e-02 1.930764458678793649e-02 3.530688527733340243e-02 1.853314720662817619e-02 2.529177573076922189e-02 2.230192184537657663e-02 2.156842191975847506e-02 2.156842191975847506e-02 1.949153067811906434e-02 2.093316314444189710e-02 1.820907796227346290e-02 1.973696776846991033e-02 1.894825732032988722e-02 2.105992454078912599e-02 2.105992454078912599e-02 1.656988324747201216e-02 1.898869220141972958e-02 2.104842415014644350e-02 2.104842415014644350e-02 1.707876665387417225e-02 1.663696294837588643e-02 2.106156066059035672e-02 1.897081334593435364e-02 1.904221117527524210e-02 1.900455782706462690e-02 1.701760517281705395e-02 1.602733390049834034e-02 2.106156066059035326e-02 2.733649982231734984e-02 1.775668808604287385e-02 2.733649982231734291e-02 1.982836907328583420e-02 1.785301062104436773e-02 2.247168297760280750e-02 2.247168297760280750e-02 2.247168297760280750e-02 2.649552240480288270e-02 2.174055563952183648e-02 1.982797420920327791e-02 1.908985489501891994e-02 2.110570623577804478e-02 1.677076512379846798e-02 2.110570623577804478e-02 2.116894024602556865e-02 2.116894024602556171e-02 1.893906096082644680e-02 2.002233900817514123e-02 2.251693436375373433e-02 2.251693436375373086e-02 2.251693436375372739e-02 1.966495964396313204e-02 2.201987879291289821e-02 2.201987879291289474e-02 2.201987879291289127e-02 1.827299561043123702e-02 2.111481609927415987e-02 2.111481609927416334e-02 1.785879273693047678e-02 1.783447475197857957e-02 1.758853055796565784e-02 1.848393875766868658e-02 3.319725433473455500e-02 3.319725433473454806e-02 2.905067952727082708e-02 1.857499774999316761e-02 1.793113452529393123e-02 1.819473822791534481e-02 1.923853087260284436e-02 2.158397264575494245e-02 1.997069021850668077e-02 2.158397264575494245e-02 1.938082564130049618e-02 1.882108516251842709e-02 1.924620882676298175e-02 1.918539654576974923e-02 1.776213854967627348e-02 1.967423256030768897e-02 1.781660284791986362e-02 2.660168322777278077e-02 2.142473252006517684e-02 1.928703960064845346e-02 2.142473252006517684e-02 2.113834085986324857e-02 2.000369643581521514e-02 2.113834085986324857e-02 2.251834931827124270e-02 2.251834931827124617e-02 2.251834931827124270e-02 1.717883621563971730e-02 1.778516250919350700e-02 2.123739509671485753e-02 2.123739509671485753e-02 1.889904862450004705e-02 1.889904862450004705e-02 1.774637432534767120e-02 2.133894684152412916e-02 2.133894684152412916e-02 2.122876882310549204e-02 1.915790283064619168e-02 1.897497508725854570e-02 3.157075773821459153e-02 3.157075773821459153e-02 1.962316895932540370e-02 1.946912235884472667e-02 2.182131882199338929e-02 2.182131882199338929e-02 1.964426149459862908e-02 2.060699105286763547e-02 1.782090856371552207e-02 2.913662824009917093e-02 2.251297420757331080e-02 2.251297420757330733e-02 2.251297420757330733e-02 2.553460421072753159e-02 3.134203223419210205e-02 2.504578931458356986e-02 2.185923794494672168e-02 2.185923794494672168e-02 3.225283333654838103e-02 2.680688799252916449e-02 3.225283333654838797e-02
