0.000000000000000000e+00 9.051646244521507206e-03 8.546605116233325569e-03 8.795364318318106209e-03 9.082862171702708182e-03 8.154874669946998375e-03 8.968714728786153847e-03 8.960822599145785300e-03 8.568775817124453867e-03 9.360776033531883339e-03 8.956152977721067512e-03 8.570364116743823396e-03 8.478717601807997731e-03 8.528992177122851973e-03 8.364312843646850779e-03 8.799769548632327756e-03 8.822872453457921219e-03 8.978697099728434605e-03 8.958246811908971916e-03 8.778725394288472775e-03 9.024972773241737162e-03 8.347297926078611416e-03 8.009720990660175108e-03 9.373052214902977131e-03 9.980739254946332031e-03 8.351975533301136956e-03 8.525878517403539039e-03 9.047298504333781827e-03 8.970823732978768991e-03 8.783380326794076529e-03 8.971919371091747683e-03 9.490539593442454125e-03 9.740014626019042124e-03 9.270225031571091220e-03 9.846539412277050679e-03 1.013356800055231766e-02 9.882213725379588795e-03 1.010652423428354436e-02 9.568537224536610014e-03 9.492549988815704096e-03 9.899064431992635194e-03 9.978925201636033859e-03 9.123281851405228016e-03 9.242032512655887211e-03 9.579879535831000575e-03 9.731770811013652767e-03 9.773397113739019579e-03 9.851190411134221406e-03 9.506050011666910757e-03 9.476439581392312461e-03 9.143337518043751638e-03 9.427860304358192875e-03 9.189265780548145496e-03 1.124851138308404115e-02 9.215205139353754848e-03 9.715838140494283820e-03 1.074494658883303443e-02 9.426424018929895066e-03 9.612893664017936948e-03 1.013452700966642472e-02 9.530537416702115905e-03 9.082325257042193553e-03 9.723414330646985154e-03 9.251651633752962928e-03 9.277951086356617597e-03 9.560287843126534513e-03 9.583562730522217701e-03 1.008895268570192232e-02 1.054721619149594919e-02 9.636547437379409248e-03 8.875823995241553799e-03 9.767357119486451064e-03 9.440545513201193187e-03 9.331158719174325114e-03 9.294034433330076311e-03 1.077528255700619005e-02 9.588576888099699380e-03 1.009249119072257173e-02 9.631457437384419867e-03 9.743837214936499139e-03 9.966617814104137066e-03 9.939758307290488121e-03 9.577677551302777453e-03 9.916626243846028005e-03 9.216455767522741677e-03 9.629000467873186780e-03 9.708587422686926552e-03 9.730078056642893145e-03 1.015084956373745774e-02 9.471952363858547955e-03 9.960329262447097445e-03 9.444609433619117686e-03 9.467304490551739157e-03 1.010862459325713447e-02 9.323247015628892062e-03 9.962668272422104884e-03 9.692949624957595406e-03 9.461436180605664256e-03 9.898802658669924107e-03 1.044475411330334468e-02 9.944592048724300998e-03 9.850051767918312565e-03 9.338845942575838693e-03 9.730084312732397225e-03 1.063017088062245818e-02 1.004088272117137880e-02 1.001858284511973098e-02 1.055657171141078342e-02 9.353208188158258080e-03 9.537075532292105251e-03 9.224133604373995973e-03 1.034815190608453367e-02 9.699660804782923168e-03 9.483498018099001392e-03 9.846209638462522298e-03 1.024541624984249069e-02 1.036623907895205775e-02 9.682946740799351984e-03 1.041790390676459836e-02 1.014867651511441871e-02 1.042872719300077210e-02 1.015788181900465978e-02 9.349434588285101405e-03 9.681868312122501180e-03 9.363694798765019936e-03 9.087030439916264288e-03 9.972125437281851440e-03 9.422080566857430131e-03
9.051646244521507206e-03 0.000000000000000000e+00 8.236788076386131890e-03 8.730141312019754074e-03 8.764687991118090549e-03 7.836904610206344227e-03 8.686017294422965912e-03 8.667614050668764891e-03 8.251529814637836857e-03 8.830836570441976535e-03 8.418186803328640833e-03 8.258850319511745058e-03 8.181372692374587474e-03 8.193584166252015910e-03 8.034871794717879032e-03 8.737747155591066642e-03 8.548165170782754188e-03 8.672367495918147096e-03 8.901147461706287664e-03 8.240030524363908815e-03 8.505565496171676315e-03 8.026325291328864631e-03 7.830304529916449000e-03 9.056721320524145635e-03 9.459280405239448367e-03 8.029839058915992298e-03 8.218181803318000411e-03 8.501807680619432456e-03 8.677708840510325525e-03 8.488949268223286437e-03 8.687689379394568021e-03 9.213469073526535727e-03 9.464562895819237515e-03 8.977114872952088667e-03 9.566447599876177002e-03 9.871824626760304644e-03 9.611725792018578976e-03 9.844612651417481569e-03 9.295707355042663947e-03 9.208094878946589124e-03 9.630193889586071906e-03 9.712233638093087720e-03 8.829052954631448971e-03 8.948251937073785703e-03 9.299032631433898702e-03 9.456354289147326023e-03 9.499833734580701017e-03 9.585667225493116339e-03 9.222809653681053946e-03 9.191631597782988494e-03 8.845845301984154446e-03 9.141635826531140790e-03 8.893315717764893255e-03 1.101847739010158173e-02 8.920251370193985410e-03 9.439934681616919676e-03 1.050155317048401780e-02 9.140190239224842486e-03 9.333298910064149329e-03 9.873082730076724808e-03 9.248235601971096717e-03 8.781609030365027449e-03 9.447987281078299229e-03 8.966020700659781822e-03 8.983888323956079613e-03 9.276097269814426519e-03 9.300593955008875161e-03 9.825384840988960269e-03 1.029596622318954512e-02 9.355865478036986399e-03 8.558431589155666985e-03 9.491121821731429362e-03 9.152120898693225440e-03 9.038500886114863436e-03 9.005071892596278049e-03 1.053071875654179070e-02 9.311826116293936764e-03 9.827784763939596477e-03 9.350606912983921992e-03 9.467396411649382434e-03 9.697099521803521222e-03 9.661899154832818276e-03 9.294370129577064071e-03 9.645695368239518008e-03 8.919025181051466050e-03 9.347668342344066239e-03 9.430344316087264228e-03 9.452691391727222753e-03 9.887486076838055901e-03 9.184710467660017058e-03 9.690643833529763093e-03 9.156515256224970548e-03 9.172886518098758227e-03 9.844113784223170599e-03 9.030422933074145481e-03 9.693713364393608672e-03 9.414946278578643218e-03 9.175845205501563864e-03 9.628262929749852039e-03 1.019193282726212936e-02 9.676798496442432646e-03 9.577866169365423579e-03 9.055188673802512522e-03 9.453619413694967083e-03 1.038254672741573993e-02 9.774985460703274065e-03 9.751761975144834088e-03 1.030735266626256127e-02 9.056120703878444214e-03 9.253498401023815476e-03 8.928237638469628187e-03 1.009362788057609379e-02 9.422439505646314217e-03 9.199356723041026904e-03 9.573626881965219618e-03 9.986542533829323789e-03 1.011202810327893956e-02 9.405087585273985001e-03 1.016376693586701178e-02 9.886433669031424037e-03 1.017521028174812187e-02 9.897321968678091456e-03 9.052888724658817582e-03 9.403704018498791617e-03 9.074317004025073824e-03 8.786121895365449352e-03 9.705039639066553522e-03 9.134244792768005453e-03
8.546605116233325569e-03 8.236788076386131890e-03 0.000000000000000000e+00 8.433231550301605733e-03 8.464297526564384944e-03 7.496770606400032441e-03 8.420373923903797311e-03 8.393837345509889275e-03 7.949050841949812859e-03 8.553294875278257339e-03 8.330972044042076266e-03 7.954510045548611463e-03 8.055647180543920940e-03 7.690284697377727970e-03 7.719913084599010211e-03 8.221798382982540426e-03 8.235593191747932890e-03 8.433171640937982966e-03 8.400606347462855061e-03 7.938383576697535457e-03 8.431649144018669648e-03 7.696595162715461416e-03 7.327237040774968804e-03 8.577558656983475319e-03 9.225270644641733048e-03 7.703995407652488962e-03 7.908842102387167450e-03 8.216520190001493432e-03 8.624972993358593146e-03 8.194826230674545978e-03 8.414435175057572228e-03 8.975586411904294334e-03 9.188131774928826392e-03 8.681232886019707787e-03 9.294237696575276958e-03 9.609516626035003589e-03 9.340328859239188652e-03 9.582388776068578168e-03 9.005981717597812478e-03 8.921685471168875128e-03 9.359313012843078344e-03 9.444498463147561057e-03 8.522707406837819535e-03 8.651631197239113835e-03 9.016101488489216415e-03 9.179378675295737922e-03 9.224356970900461986e-03 9.308822593439422186e-03 8.937485231141604342e-03 8.904517961117746835e-03 8.544342837143913127e-03 8.852440904496539781e-03 8.593959408005683032e-03 1.078813878323542884e-02 8.622197297324257076e-03 9.162173027222008520e-03 1.025817735897296100e-02 8.851785993667201508e-03 9.051625638069315041e-03 9.611083168155778664e-03 8.964641624300972653e-03 8.477629899219654014e-03 9.170488314183640119e-03 8.670315026336722353e-03 8.691111120329237522e-03 8.994710341417752955e-03 9.020104732028961028e-03 9.570688051848326786e-03 1.004889920468824555e-02 9.077436101405088678e-03 8.253190047951259808e-03 9.217566836516023071e-03 8.865711835365922347e-03 8.747621250744210680e-03 8.708669889028302843e-03 1.029007941773433729e-02 9.026822125088778195e-03 9.566076235378926165e-03 9.071917995126908482e-03 9.192443433291778987e-03 9.431484356293070095e-03 9.402427359162841489e-03 9.013427851232052798e-03 9.377888528289891890e-03 8.623234704107841930e-03 9.068863767644142621e-03 9.155816095249741035e-03 9.177405443840061516e-03 9.628165528232873402e-03 8.899564981915851145e-03 9.424389472887833089e-03 8.871555436257711966e-03 8.894797221704230789e-03 9.583096565556463789e-03 8.739045160645093555e-03 9.427197477305441706e-03 9.139511433329852372e-03 8.897209916871021487e-03 9.360328535456669680e-03 9.941822476920072343e-03 9.417502559059881193e-03 9.308173692815339267e-03 8.758992872211761316e-03 9.179458768224398740e-03 1.013739233950428781e-02 9.511948293055277198e-03 9.488337632936523838e-03 1.006165736065530412e-02 8.767758792683193886e-03 8.971570976023328023e-03 8.633156120918078838e-03 9.841269988656385637e-03 9.146649428102766530e-03 8.916708408063992938e-03 9.304158691403170700e-03 9.730197538833983834e-03 9.860643345082454464e-03 9.129027334972858107e-03 9.913093968522307051e-03 9.627254459671573394e-03 9.924886925750690467e-03 9.638977054673387307e-03 8.770385274156912783e-03 9.127839818558060314e-03 8.791489286875116965e-03 8.485613351422047201e-03 9.440221396440181406e-03 8.847906310296849847e-03
8.795364318318106209e-03 8.730141312019754074e-03 8.433231550301605733e-03 0.000000000000000000e+00 8.483877223341384360e-03 7.782711140005242959e-03 8.658219278976362829e-03 8.876215138187870668e-03 8.436557583379090605e-03 8.785420108189197566e-03 8.370256334599215919e-03 8.225970619868004999e-03 8.150884650933368572e-03 7.963663372591828216e-03 7.988935598672902011e-03 8.483631258403413408e-03 8.493449330536856703e-03 8.688890201349875470e-03 8.863625514117642532e-03 8.445148291591170892e-03 8.455068794736904370e-03 7.973149697543377781e-03 7.623114408110375634e-03 8.803777877114723344e-03 9.732902600375129692e-03 7.993242875631835498e-03 8.157427622962136818e-03 8.456010499632776040e-03 8.660761953777747213e-03 8.694231438402116874e-03 8.646149083984486575e-03 9.464434277290713696e-03 9.395742909703335560e-03 8.904150064135994691e-03 9.497245350975826172e-03 9.812454581868218506e-03 9.551834581319303824e-03 9.794607877653521352e-03 9.225952062498326764e-03 9.143706268320651864e-03 9.561828050373415155e-03 9.652218515645894642e-03 8.750740004187622378e-03 8.874872477784144509e-03 9.228095294810181870e-03 9.386140758112917343e-03 9.438021415056634458e-03 9.511746581159531699e-03 9.158609506879999626e-03 9.126868705659280795e-03 8.771313901817760425e-03 9.069862188632716801e-03 8.819675715915733724e-03 1.095917473635613440e-02 8.846453186766908144e-03 9.370209141620284080e-03 1.043961073806914247e-02 9.069338050817192173e-03 9.263191293475095400e-03 9.798025379476766120e-03 9.187784922099333576e-03 8.706881527893915729e-03 9.385034254367272469e-03 8.688929743238444497e-03 8.928021762976485337e-03 9.221721925116518545e-03 9.246950256605998911e-03 9.775374675113371326e-03 1.024993988973288417e-02 9.302563934344382918e-03 8.498859632023356495e-03 9.439238680426056613e-03 9.097100039355493148e-03 8.982641522249283292e-03 8.945009654303984550e-03 1.048545555638866894e-02 9.253563067961578445e-03 9.769868813536659174e-03 9.297361352756492933e-03 9.413379382757181349e-03 9.646916960258227272e-03 9.611410247102275192e-03 9.239963055004981815e-03 9.594657061651187119e-03 8.861804334766795049e-03 9.293715569964978995e-03 9.378324812698566812e-03 9.399427946254956465e-03 9.838338720530925147e-03 9.129694481300314537e-03 9.639658066583695756e-03 9.102408677144758001e-03 9.118867983072006730e-03 9.794633456173899508e-03 8.974181423301022184e-03 9.642592666953823943e-03 9.364423540833615930e-03 9.123808974137823102e-03 9.579441424569285282e-03 1.014688895297484982e-02 9.628696095479090736e-03 9.528555473972471698e-03 9.001197043755364627e-03 9.403457327060240484e-03 1.033861669298793626e-02 9.726988031378471650e-03 9.703671754950252137e-03 1.026371296832426575e-02 9.003084419857337872e-03 9.201689992447227573e-03 8.872862098411664691e-03 1.004792000832911182e-02 9.371538981074963026e-03 9.148204535132806181e-03 9.524301306346738549e-03 9.940180105044028880e-03 1.006723538584046278e-02 9.354168640729939102e-03 1.011854079701970770e-02 9.839194804012546536e-03 1.013007340586553374e-02 9.850583964713752888e-03 8.999551562303765781e-03 9.353092632335371914e-03 9.021513312731823178e-03 8.730629080340002179e-03 9.656842896159537754e-03 9.081532552819819235e-03
9.082862171702708182e-03 8.764687991118090549e-03 8.464297526564384944e-03 8.483877223341384360e-03 0.000000000000000000e+00 8.020015546812883298e-03 8.698987942851437588e-03 8.692643010623541874e-03 8.462220904156788834e-03 8.810136338141105056e-03 8.403752570500850130e-03 8.275386348614624174e-03 8.182989454409797872e-03 8.002471056267331656e-03 8.038461877487239338e-03 8.508541484577554839e-03 8.751954913670810174e-03 8.721267298594913980e-03 8.679581859613426029e-03 8.261890721402894919e-03 8.507788274026687261e-03 8.024667241678207913e-03 7.669025020752381037e-03 8.845856224839823007e-03 9.489333559668321205e-03 8.053059816779324295e-03 8.214229920359646109e-03 8.485832414724151299e-03 8.913552552536637905e-03 8.722818762725357070e-03 8.695258137019603109e-03 9.487131578854016145e-03 9.444217421295454662e-03 8.946615159401235043e-03 9.546011865226593576e-03 9.841601023353928335e-03 9.582594919081614468e-03 9.832266202430177751e-03 9.257333234245514880e-03 9.185453638013126379e-03 9.598817675886479536e-03 9.690865679763538756e-03 8.801514456004419854e-03 8.926430278537275664e-03 9.276644578117157133e-03 9.425716199709988780e-03 9.468603876407896691e-03 9.549697765155866838e-03 9.201294869970438189e-03 9.169985010145707480e-03 8.821188438198996826e-03 9.109984999599493247e-03 8.861301965519402524e-03 1.099037986380349032e-02 8.896615101522280245e-03 9.409103159869756580e-03 1.047288403483308955e-02 9.124882275551880750e-03 9.312188588467116071e-03 9.593326746192549700e-03 9.227002629954537960e-03 8.750430280291533053e-03 9.416469583885629310e-03 8.927271267004512761e-03 8.973378521180179479e-03 9.265465177949194081e-03 9.289809327982777656e-03 9.804713368098350035e-03 1.028761163470891943e-02 9.345293644475125353e-03 8.546604489100089602e-03 9.481335869336611835e-03 9.141525766533915506e-03 9.027785242785470524e-03 8.989650317864394599e-03 1.052228707551540465e-02 9.296531759346325641e-03 9.817221377379628522e-03 9.340193449660551955e-03 9.455866996257890691e-03 9.687410071434523692e-03 9.652310338767311829e-03 9.283655599145426013e-03 9.635715544763100507e-03 8.907690776481872949e-03 9.337149391472428575e-03 9.420824716203028693e-03 9.442194125080866779e-03 9.877993153687441089e-03 9.173572111416264732e-03 9.680486913779871513e-03 9.146150278156055941e-03 9.162196867078696225e-03 9.834622962322205758e-03 9.018781248626475330e-03 9.683023552840062595e-03 9.408753157387888047e-03 9.168945891173525126e-03 9.622061189355024177e-03 1.018654151420247088e-02 9.670093907339699299e-03 9.571688383603135439e-03 9.040053648030177413e-03 9.447316794067498261e-03 1.037697727168805997e-02 9.768789294825342903e-03 9.745731334590492997e-03 1.030286504072213533e-02 9.053738845868998519e-03 9.246586163093690677e-03 8.919923341876032433e-03 1.009592596536757446e-02 9.414676450457737378e-03 9.193204655059038222e-03 9.567686470328436513e-03 9.980444061839030198e-03 1.010733831244449259e-02 9.397655276546594202e-03 1.015841629032984868e-02 9.880369508411840362e-03 1.016937986015960076e-02 9.897565723610456806e-03 9.052040453125227357e-03 9.397008739311407330e-03 9.067274198465907070e-03 8.778492049892464011e-03 9.698807151641850380e-03 9.127295145103521759e-03
8.154874669946998375e-03 7.836904610206344227e-03 7.496770606400032441e-03 7.782711140005242959e-03 8.020015546812883298e-03 0.000000000000000000e+00 8.020397599119434909e-03 8.004093875515799067e-03 7.677220533473055886e-03 8.163436441692019374e-03 7.848705231293495732e-03 7.510622652765917492e-03 7.394790292889378593e-03 7.207323863461212107e-03 7.229536360621335693e-03 7.817830767356356847e-03 7.814216122092714975e-03 8.048185728227050945e-03 7.995559360485373496e-03 7.684439204276332334e-03 7.794887944914206251e-03 7.204433140050005117e-03 6.779407977572469469e-03 8.189336637736417679e-03 9.108869060087962724e-03 7.216493524420926862e-03 7.446859060639066802e-03 7.786307641592627241e-03 8.018262117999601368e-03 7.789661616473933341e-03 8.020573960400758512e-03 8.627624662473300579e-03 8.713603146780582800e-03 8.171752463929229243e-03 8.830033276737002390e-03 9.160197802739994399e-03 8.881530018923665046e-03 9.141325695953909578e-03 8.528596818625510528e-03 8.430027813203412254e-03 8.902528047046996337e-03 8.986183993224022143e-03 8.001952626800102816e-03 8.141790131972732533e-03 8.530749102040786208e-03 8.704499519909685706e-03 8.752829055297849797e-03 8.850620889448341383e-03 8.449130369065019006e-03 8.411591731462237514e-03 8.026820798034737733e-03 8.355818247091133244e-03 8.083701936333852894e-03 1.039497704616602902e-02 8.108696227953569521e-03 8.691322520619080422e-03 9.842680149517561011e-03 8.193354778287890647e-03 8.574267079415987675e-03 9.170783910658333524e-03 8.479501627380855999e-03 7.957649353771129377e-03 8.695492311886642359e-03 8.157774612500964459e-03 8.198242549563672030e-03 8.519673261891930194e-03 8.544922373397198512e-03 9.128697456910443361e-03 9.636728393835215095e-03 8.609604887456365208e-03 7.724745577956203604e-03 8.758818540729216423e-03 8.383467372130954873e-03 8.257075584707682450e-03 8.216766996493289274e-03 9.889238626938660556e-03 8.556586407274587025e-03 9.127530640494570593e-03 8.603642421174171814e-03 8.725288146831586267e-03 8.985086623834726699e-03 8.956377214204632939e-03 8.541128412532825870e-03 8.928834509606109124e-03 8.123150508245188112e-03 8.600128209299498158e-03 8.694267153513289201e-03 8.715671028328122322e-03 9.193811349412432665e-03 8.419485549296550075e-03 8.977844536212436014e-03 8.392009499308518763e-03 8.415330535537566062e-03 9.146423308491236775e-03 8.247317023365893091e-03 8.980676128689784460e-03 8.641635578615894722e-03 8.380769260507923979e-03 8.884119140989500674e-03 9.496674540923583790e-03 8.946436102018683750e-03 8.821318376310935405e-03 8.238408790844474125e-03 8.684414943841409218e-03 9.695647314577282572e-03 9.045223429572981158e-03 9.011564660037996166e-03 9.620847755376631116e-03 8.095441550815249410e-03 8.469444655375317835e-03 8.099185325323787071e-03 9.403277401441353933e-03 8.661974712066981136e-03 8.409559301027307726e-03 8.816448713405353188e-03 9.268052584216413675e-03 9.409061649698284568e-03 8.643380471161530784e-03 9.460243006653603140e-03 9.167742039544606730e-03 9.480572362026819591e-03 8.992494296217280053e-03 8.251280537200696846e-03 8.636580823306963875e-03 8.267573271794385892e-03 7.945319499347711784e-03 8.978243938251443887e-03 8.330588741830444177e-03
8.968714728786153847e-03 8.686017294422965912e-03 8.420373923903797311e-03 8.658219278976362829e-03 8.698987942851437588e-03 8.020397599119434909e-03 0.000000000000000000e+00 8.819602483979571000e-03 8.433363055217626622e-03 9.226261081908892353e-03 8.811838659601077539e-03 8.430147391575441157e-03 8.331417741812714370e-03 8.191481403504115993e-03 8.403654207952674163e-03 8.648438909868874300e-03 8.684182343599963078e-03 8.838948778205079487e-03 9.061928959564835920e-03 8.429389374483696462e-03 8.666428319238871775e-03 8.397113257082602922e-03 7.856035361281181115e-03 9.241916571873754274e-03 9.576044496861791863e-03 8.399058895676813144e-03 8.593176318730383345e-03 8.660935340029294466e-03 8.832234330178784926e-03 8.874804297200552389e-03 8.815159393291326084e-03 9.621704715190712229e-03 9.609114861104561117e-03 9.131029382793651519e-03 9.717334810747447690e-03 1.000842704211278751e-02 9.753024112275621854e-03 9.982403789841878469e-03 9.442975965832160062e-03 9.357455764352992991e-03 9.771019664186683662e-03 9.851940402043620620e-03 8.981208332591776242e-03 9.108309221599332831e-03 9.446762987120780122e-03 9.601018626681022405e-03 9.643015962583878498e-03 9.722316848319581192e-03 9.377497513259291234e-03 9.341300930521703391e-03 9.001582374278428722e-03 9.291725752966878762e-03 9.048580178797656012e-03 1.113832746449134985e-02 9.075346135065734399e-03 9.583822995945203566e-03 1.062913050877241361e-02 9.291070346813225939e-03 9.480410646417908663e-03 1.000136688298789399e-02 9.405508163941391636e-03 8.939280718130616574e-03 9.592118943045818691e-03 9.118776959115689959e-03 9.143965640583109553e-03 9.424886711366656927e-03 9.447148771258304448e-03 9.963075469696188249e-03 1.042781189436683444e-02 9.503006110969240347e-03 8.728085125526027083e-03 9.636082933646906989e-03 9.303446244904962567e-03 9.192234557756105706e-03 9.154767656209553128e-03 1.065932929076412843e-02 9.453765118132095510e-03 9.966606729335230480e-03 9.497998744195436729e-03 9.612229043440711010e-03 9.838099766608519176e-03 9.811488637280929570e-03 9.443082258549267277e-03 9.787834702062285508e-03 9.075379716595270707e-03 9.495535241853666694e-03 9.582365104001995190e-03 9.598178489572742333e-03 1.002560703763051564e-02 9.335626228441187488e-03 9.832479652114747490e-03 9.313602725784984881e-03 9.330982000945980959e-03 9.982987272560982922e-03 9.183999221906206933e-03 9.834647231247654886e-03 9.539270722566030314e-03 9.304836155520888191e-03 9.748022371504827185e-03 1.030291065009182779e-02 9.804141117739473277e-03 9.698951877519519649e-03 9.187679703316993865e-03 9.576824545856180843e-03 1.049866327080514923e-02 9.892125165404934417e-03 9.877242479510587106e-03 1.042555740670262493e-02 9.187231751780542896e-03 9.380821783977073489e-03 9.062593728873734669e-03 1.021405242072843250e-02 9.546604032903921108e-03 9.118130410880359582e-03 9.695215030547772728e-03 1.010023102905290536e-02 1.023089286191651050e-02 9.530139490051150672e-03 1.027454538694281064e-02 1.001049062067606472e-02 1.028662185486684498e-02 1.001316733197681746e-02 9.197823407830946901e-03 9.528433899563561876e-03 9.212423958331652715e-03 8.929090941784754987e-03 9.830264588588091476e-03 9.263565644635315260e-03
8.960822599145785300e-03 8.667614050668764891e-03 8.393837345509889275e-03 8.876215138187870668e-03 8.692643010623541874e-03 8.004093875515799067e-03 8.819602483979571000e-03 0.000000000000000000e+00 8.400586183421749828e-03 8.942064798814784721e-03 8.568856779109200461e-03 8.401887428487178275e-03 8.343460501637969470e-03 8.174685815751699808e-03 8.396398923860230734e-03 8.668311513612884586e-03 8.934674790570860600e-03 8.829502668986665900e-03 9.057016449834308022e-03 8.403649132184672077e-03 8.872525901928050504e-03 8.363175516947814886e-03 7.849120981307316017e-03 8.961586777893671904e-03 9.856717002068275321e-03 8.183671282872910860e-03 8.575938800477750021e-03 8.632457554282916071e-03 8.816204705905706512e-03 8.630907370215356797e-03 9.048710791494990816e-03 9.338610371251374054e-03 9.604979164089737925e-03 9.126491260685496223e-03 9.703541619325772513e-03 1.000458551657458159e-02 9.749151173011151583e-03 9.977188196448060625e-03 9.438849629118933188e-03 9.352513178644368194e-03 9.767012428561195475e-03 9.848011795585406847e-03 8.977275467932701106e-03 9.103136266373663965e-03 9.442342180066110729e-03 9.596627296505044410e-03 9.638507767726942066e-03 9.718009353674622250e-03 9.373179028346582606e-03 9.336637232629362015e-03 9.004686616892765630e-03 9.287325479326291253e-03 9.044041783515636979e-03 1.113487666850553233e-02 9.070803977070119803e-03 9.580133614387411831e-03 1.062488068667441499e-02 9.286294752687371257e-03 9.475903317859555447e-03 9.997438257038466017e-03 9.391591460783327641e-03 8.934674035142871340e-03 9.587857201603709398e-03 9.120809122195580598e-03 9.132237648429899698e-03 9.419382072892397428e-03 9.443336722635328404e-03 9.958033673690563220e-03 1.042212096836603666e-02 9.497271990668519279e-03 8.715844019213384725e-03 9.630340392247279183e-03 9.297438097321510109e-03 9.186185385102216966e-03 9.148959690915128840e-03 1.065366319524573002e-02 9.449150195580704320e-03 9.961175080070553550e-03 9.492478959862453783e-03 9.606773810506038028e-03 9.832952499616081851e-03 9.797919746615578809e-03 9.437504028265939274e-03 9.782157653751922047e-03 9.069256938966863829e-03 9.489545765803237068e-03 9.576785487478006731e-03 9.592900311971014685e-03 1.001989179667737637e-02 9.329630985423378528e-03 9.826528744822310771e-03 9.307520727240883515e-03 9.317947374948166300e-03 9.977239993965261386e-03 9.178171209321706395e-03 9.829214721759705134e-03 9.556793325495107488e-03 9.321994359034368322e-03 9.766105706488940885e-03 1.032082542866148873e-02 9.813362777218894231e-03 9.716787755784443009e-03 9.203736418940297939e-03 9.594514602729760366e-03 1.050806798744784339e-02 9.910417674801047863e-03 9.887272831136186685e-03 1.043351316333027481e-02 9.203180971360721066e-03 9.398275393275654435e-03 9.078854873825018337e-03 1.023265629837859930e-02 9.564007948848950169e-03 9.343553786367676806e-03 9.712437359192546346e-03 1.011813655729614653e-02 1.024108534632288924e-02 9.546677395313821549e-03 1.029264334622547253e-02 1.002035880825340869e-02 1.030411779648302342e-02 1.002995706833495655e-02 9.208220834999206530e-03 9.545773824477838884e-03 9.222609554830486778e-03 8.939800603143708072e-03 9.847454480912292904e-03 9.281243461891044294e-03
8.568775817124453867e-03 8.251529814637836857e-03 7.949050841949812859e-03 8.436557583379090605e-03 8.462220904156788834e-03 7.677220533473055886e-03 8.433363055217626622e-03 8.400586183421749828e-03 0.000000000000000000e+00 8.552344624489779251e-03 8.135474175759341287e-03 7.975188059925622866e-03 7.871450100557814133e-03 7.700886207537370638e-03 7.711922540675501293e-03 8.241797845486556126e-03 8.458322097071143547e-03 8.447749964407074222e-03 8.382577520311256317e-03 7.961383207833884479e-03 8.231581489209995398e-03 7.706522923236180586e-03 7.332271048049085124e-03 8.599137547029768458e-03 9.241156407938058703e-03 7.734278059805703605e-03 7.909432196932958750e-03 8.432376856906927468e-03 8.400466469373077394e-03 8.189939405786141047e-03 8.650698656375608447e-03 9.217614427271819330e-03 9.164060390232067060e-03 8.657049948890977939e-03 9.279551485314958825e-03 9.594089162765159079e-03 9.316762330497066480e-03 9.339578842897849897e-03 8.980936683138722801e-03 8.896509096817099838e-03 9.335461989808665345e-03 9.419110849320613474e-03 8.506474521884988330e-03 8.635513408452564349e-03 8.999759112620972848e-03 9.164198171606973559e-03 9.199445360885939726e-03 9.294191973964197745e-03 8.921474996615556124e-03 8.879517475026762682e-03 8.534707839544143290e-03 8.828025944693198429e-03 8.569314156204136182e-03 1.076660067556144823e-02 8.597422876418922208e-03 9.137861614574312175e-03 1.023430169992500458e-02 8.833119854746504865e-03 9.027864098560451495e-03 9.596437413646040360e-03 8.948805737833001941e-03 8.453285438292702098e-03 9.154714405472929098e-03 8.654507080120386539e-03 8.684600886349496188e-03 8.986958454098211910e-03 9.012867965745983978e-03 9.558033590007663019e-03 1.004329458873685910e-02 9.070661097169960274e-03 8.240129711300421891e-03 9.211162773389685796e-03 8.858687046046326979e-03 8.740453435498759041e-03 8.701629405749835428e-03 1.028414884370826635e-02 9.020573658538146369e-03 9.559596657433989259e-03 9.065275300436794609e-03 9.185241731311884553e-03 9.424947828637841862e-03 9.389654634357933252e-03 9.006477621500103697e-03 9.371453551586323566e-03 8.615398227981763482e-03 9.061469480311607275e-03 9.148902283761235418e-03 9.170867103487080965e-03 9.621780481196088100e-03 8.891989721094600146e-03 9.417747875320002862e-03 8.864235527594977945e-03 8.881775767675225211e-03 9.576957390382070945e-03 8.731326556215598944e-03 9.420716073153923009e-03 9.136300541699383243e-03 8.887874063763933838e-03 9.357168096357717721e-03 9.939200974760326740e-03 9.407150312630183434e-03 9.305036949927646128e-03 8.753501539462043082e-03 9.176236602661584640e-03 1.013516657442573021e-02 9.508732379427117104e-03 9.484867988948446696e-03 1.006011446881273537e-02 8.775317476316589829e-03 8.968114345351106340e-03 8.628276675172566121e-03 9.846226724111164716e-03 9.142138803510169165e-03 8.914165549853530698e-03 9.300883803929103216e-03 9.727179779492382827e-03 9.858818499795477669e-03 9.124567277390206385e-03 9.910507166075407590e-03 9.623907350252714973e-03 9.921862652517919948e-03 9.641583375900703370e-03 8.767294844841087842e-03 9.124140292130390392e-03 8.782183749448490076e-03 8.481081663090063449e-03 9.437033756037894669e-03 8.844235079783687239e-03
9.360776033531883339e-03 8.830836570441976535e-03 8.553294875278257339e-03 8.785420108189197566e-03 8.810136338141105056e-03 8.163436441692019374e-03 9.226261081908892353e-03 8.942064798814784721e-03 8.552344624489779251e-03 0.000000000000000000e+00 8.682860973048645709e-03 8.777013631220605475e-03 8.693219247599840230e-03 8.315770741020338946e-03 8.335502487934992599e-03 8.805724989978724881e-03 9.054283252758612427e-03 9.237839039755290499e-03 8.934126873474496425e-03 8.559980481948373590e-03 9.018929748945230668e-03 8.320521354739549361e-03 7.994990328848141856e-03 9.085777065510336481e-03 1.000979745450572382e-02 8.334663612232421845e-03 8.498648129355489134e-03 8.770746476421602961e-03 8.961776348945391102e-03 9.005697527939107369e-03 9.213287943036094219e-03 9.769155532112074741e-03 9.691696802584089110e-03 9.221719821479953255e-03 9.544532307176169586e-03 1.009682228263318257e-02 9.836125768699648456e-03 1.007086815532052225e-02 9.530112283145594082e-03 9.444180000384626295e-03 9.861941061812118728e-03 9.941796820175912569e-03 9.075008839584213644e-03 9.192176983584600738e-03 9.531728979439723498e-03 9.684647878807333549e-03 9.735334176229007083e-03 9.804085848337352332e-03 9.466857695200588466e-03 9.427702970971146845e-03 9.101578129722776717e-03 9.388409504228150890e-03 9.140264558605492098e-03 1.121721135731998907e-02 9.166131934592992511e-03 9.667791783132297090e-03 1.069962435824620486e-02 9.379449315302830492e-03 9.564890502970779113e-03 1.009072243362004948e-02 9.501944517091520659e-03 9.032897329072486076e-03 9.685302094827118180e-03 9.202750711176802337e-03 9.248549832692744624e-03 9.531184330952778908e-03 9.555296238106145493e-03 1.007025892012665229e-02 1.052184398929839095e-02 9.608705910587315990e-03 8.837996576903255075e-03 9.739311108314604309e-03 9.411040497111474237e-03 9.301535643503784645e-03 9.265077729149208061e-03 1.074992479407948370e-02 9.561054512609301614e-03 1.006570733326256004e-02 9.603394367199574039e-03 9.714841944565765983e-03 9.939490087504479834e-03 9.904384420762985669e-03 9.548285380189406105e-03 9.889494698778030640e-03 9.185456454040051913e-03 9.599469792165698720e-03 9.680289821501306124e-03 9.701521280376448897e-03 1.012471115829330359e-02 9.442242366264178705e-03 9.922787501944285368e-03 9.415337639436971440e-03 9.430762525008828598e-03 1.008259201029438647e-02 9.293486631119425925e-03 9.935605246074310365e-03 9.670858983386439178e-03 9.445067432434986823e-03 9.877553811078142870e-03 1.042538285385906198e-02 9.930618782789571442e-03 9.828304665608744717e-03 9.313858945172897794e-03 9.708209370992430115e-03 1.061015647315418677e-02 1.001959886452393964e-02 9.997019479194709304e-03 1.054505830930818795e-02 9.322555728936464739e-03 9.514084513158736767e-03 9.199076516464827977e-03 1.033751902290643357e-02 9.676933985335320690e-03 9.468753225883249497e-03 9.824950396331513444e-03 1.022471493032711329e-02 1.034719745340383253e-02 9.660727509055798412e-03 1.039756760498345561e-02 1.012787039343558682e-02 1.040859539644528250e-02 1.013840170208260040e-02 9.326160901665834016e-03 9.659631075783181933e-03 9.346498247889212588e-03 9.062657069794359532e-03 9.951291355773023151e-03 9.398929836826297804e-03
8.956152977721067512e-03 8.418186803328640833e-03 8.330972044042076266e-03 8.370256334599215919e-03 8.403752570500850130e-03 7.848705231293495732e-03 8.811838659601077539e-03 8.568856779109200461e-03 8.135474175759341287e-03 8.682860973048645709e-03 0.000000000000000000e+00 8.134118733993585607e-03 8.224438534240314028e-03 7.863508800661998463e-03 7.879331271480312024e-03 8.626241718643807427e-03 8.628774828376095662e-03 8.596136679187885501e-03 8.565845596917278509e-03 8.335187599101385666e-03 8.364977814181620563e-03 7.867957184656992897e-03 7.507536590482007458e-03 8.709872438404032274e-03 9.645832157106275923e-03 8.056433998968907592e-03 8.078871521456976179e-03 8.372040731646247791e-03 8.574257623213139140e-03 8.596117735533747098e-03 8.593036988795465722e-03 9.132301629395428791e-03 9.289677260594842237e-03 8.789338840585012025e-03 9.394417218071130990e-03 9.708720967777199201e-03 9.439627948700478333e-03 9.683206742252542173e-03 9.112359269403054116e-03 9.026797164793976674e-03 9.460545981185359415e-03 9.545686489550628609e-03 8.634752881630262597e-03 8.762334710337009794e-03 9.121679061106169328e-03 9.281055350402658138e-03 9.327481905268039664e-03 9.409750563083126712e-03 9.044613860416375259e-03 9.011812468060558315e-03 8.659920611432605705e-03 8.959834759215690170e-03 8.704771555442306769e-03 1.087740997824742858e-02 8.732958313840058842e-03 9.264846837411718286e-03 1.035114887061364813e-02 8.964114024970704780e-03 9.154397621421955442e-03 9.701020154222887368e-03 9.071501138895732633e-03 8.588447415904662194e-03 9.274082558103973958e-03 8.772918132616037284e-03 8.756691008169914872e-03 9.042057559565575345e-03 9.066631740207380108e-03 9.624028918553855991e-03 1.008415670230357677e-02 9.130933751416782027e-03 8.138468419259563963e-03 9.268620677028271970e-03 8.914593902983681054e-03 8.796912266538035180e-03 8.766556658814650405e-03 1.032483264531029038e-02 9.095739717476195030e-03 9.615268122924536601e-03 9.131500954353792901e-03 9.254286078221355197e-03 9.471924787509829538e-03 9.222224320584136714e-03 9.060357962908303225e-03 9.428537992984417637e-03 8.674351121511996929e-03 9.114417299090456920e-03 9.201283307946969345e-03 9.231585289680542192e-03 9.666273929774489571e-03 8.947786773423777387e-03 9.475087691032890724e-03 8.918935578226606584e-03 8.744714278481507605e-03 9.630422844957048367e-03 8.795745995521847896e-03 9.482968164905031944e-03 9.228082448360064652e-03 8.988576131387924703e-03 9.453840853743010128e-03 1.002216287983341385e-02 9.501463780694564473e-03 9.395131671252212810e-03 8.852002892862637431e-03 9.274342947036405549e-03 1.022337950680740799e-02 9.601856017205478988e-03 9.572074404150353669e-03 1.014242062773290654e-02 8.867833990512725972e-03 9.062682132645143857e-03 8.726470834008183755e-03 9.931889794600483670e-03 9.241725546651931300e-03 9.029809478680886348e-03 9.390585728445652661e-03 9.820430048905683107e-03 9.957231411835753415e-03 9.216301725100963307e-03 9.994495796298420373e-03 9.709784985656820869e-03 1.000560692191631088e-02 9.729110085852716444e-03 8.672228445202951469e-03 9.217349652909302693e-03 8.883737700027597578e-03 8.582705466529984284e-03 9.526399899272765259e-03 8.940182266884737911e-03
8.570364116743823396e-03 8.258850319511745058e-03 7.954510045548611463e-03 8.225970619868004999e-03 8.275386348614624174e-03 7.510622652765917492e-03 8.430147391575441157e-03 8.401887428487178275e-03 7.975188059925622866e-03 8.777013631220605475e-03 8.134118733993585607e-03 0.000000000000000000e+00 8.070024086422386903e-03 7.707195188321353321e-03 7.736749301482004522e-03 8.249733632696723551e-03 8.256795965749200161e-03 8.429659557027867345e-03 8.630172030880000136e-03 7.981641672693308431e-03 8.217153589646841380e-03 7.692356303154544890e-03 7.495207932882733994e-03 8.569975781490185573e-03 9.505821343286023975e-03 7.712764723900663796e-03 7.906842437748758112e-03 8.210453776490319461e-03 8.653257163684409045e-03 8.221351203705169058e-03 8.638550761723647747e-03 8.992666688179834153e-03 9.188170781048532118e-03 8.680954143833229456e-03 9.302329936149588210e-03 9.609580741789781888e-03 9.339799916811891353e-03 9.583413326061699170e-03 9.013115276018252020e-03 8.922037298479816234e-03 9.359401491287191316e-03 9.444824324097949100e-03 8.526425931723322429e-03 8.651425263288176765e-03 9.016371253017940388e-03 9.179374308539078528e-03 9.224587678557197648e-03 9.313968602780055631e-03 8.938056380376431520e-03 8.905080292314931922e-03 8.544327460896122481e-03 8.852248099234748951e-03 8.593864016496277972e-03 1.078871148079817849e-02 8.622242863669277169e-03 9.161956723496724950e-03 1.025877435002893467e-02 8.852001978496679482e-03 9.052031820123363631e-03 9.604090829235934282e-03 8.964732988048383991e-03 8.477217077209222088e-03 9.170615302854906101e-03 8.663613012828495774e-03 8.689734103382057429e-03 8.992506590001820774e-03 9.017159839650821379e-03 9.569823515713980072e-03 1.004775717103962088e-02 9.076107662252546129e-03 8.245807674992623390e-03 9.216149356013069588e-03 8.864011918929007305e-03 8.745831263698850000e-03 8.711569460665894923e-03 1.028928876042614279e-02 9.029900202743365925e-03 9.564679198618595071e-03 9.070603828965370305e-03 9.191559470017707234e-03 9.429490131345898141e-03 9.394337557858727095e-03 9.011790723070619430e-03 9.376584030961676239e-03 8.621261255472417381e-03 9.067283477934433983e-03 9.154080174560258812e-03 9.176152952832503790e-03 9.626725287228224751e-03 8.897865492134603496e-03 9.423414901389837520e-03 8.870031641580485363e-03 8.886916695841625552e-03 9.581913560213895301e-03 8.737439587067843613e-03 9.426216785515228666e-03 9.114673952551029593e-03 8.883339059457545303e-03 9.336923010316763513e-03 9.918654874954947742e-03 9.405957856435285050e-03 9.293895957132768809e-03 8.751762747114318064e-03 9.154758764848964364e-03 1.011368502502048294e-02 9.498690305515138099e-03 9.473619670282394656e-03 9.802293546874988120e-03 8.744563082131270870e-03 8.946859029442390948e-03 8.610240476380858279e-03 9.828482868759490926e-03 9.122932941644961921e-03 8.902429808079351595e-03 9.279604124692909101e-03 9.717297575174749583e-03 9.838918861420088355e-03 9.105020304462571601e-03 9.899788477938322243e-03 9.613564684357658874e-03 9.912094272204258899e-03 9.615441239768681217e-03 8.741387709993879429e-03 9.113733882627643446e-03 8.776772099126212839e-03 8.461678913288315021e-03 9.417085461430371729e-03 8.823388369786685365e-03
