0.000000000000000000e+00 1.083882730568223700e-02 1.041190735235422889e-02 1.023103702381633270e-02 1.016056285044037062e-02 1.030207889940000336e-02 1.044995852181819680e-02 1.023022469412579114e-02 1.028375957953474307e-02 1.014276473475788157e-02 1.028139465581882385e-02 1.027875911148428897e-02 1.058080641385556429e-02 1.047391474021278426e-02 1.026730038404399456e-02 1.042071314855888553e-02 1.036098990080352479e-02 1.027722456949399683e-02 1.041452113520252229e-02 1.043247366728093824e-02 1.029151695378882625e-02 1.045787476534877809e-02 1.000463145332411950e-02 1.055798726731436814e-02 1.029799941426661793e-02 1.028492932487368693e-02 1.029739878620290761e-02 1.028111378544705259e-02 1.046234795988173864e-02 1.030424878057440916e-02 1.054858857838303181e-02 1.038778741468329714e-02 1.042558070377572026e-02 1.028688932886854396e-02 1.029302033677029216e-02 1.084653402961409559e-02 1.019077028325508609e-02 1.037929239065220159e-02 1.030049342577006762e-02 1.079824624157973804e-02 1.087395485406323845e-02 1.028551635225267123e-02 1.042291560790245715e-02 1.043119009503101248e-02 1.043226063794695617e-02 1.078448808864726320e-02 1.126598982701651659e-02 1.027813202529047343e-02 1.014220771186317462e-02 1.067765144693452739e-02 1.017378218002710534e-02 1.015645719602107505e-02 1.050412259352286742e-02 1.027729545922402565e-02 1.030742434758428680e-02 1.023419885612821337e-02 1.014881796822497163e-02 1.027140406051342200e-02 1.015070009403220945e-02 1.042764008014247443e-02 1.026748093937248675e-02 1.086608695526828337e-02 1.029524813203534089e-02 1.030480368673597838e-02 1.027202879510657856e-02 1.035609578086165924e-02 1.047437900717335113e-02 1.028943765499484506e-02 1.029034585091879658e-02 1.035778369870635901e-02 1.044842951479842130e-02 1.031757712248556821e-02 1.000133899262979978e-02 1.028316788988717541e-02 1.059702001937428903e-02 1.032774321112924464e-02 8.702291874580122752e-03 1.052181048445439797e-02 1.055308464673399178e-02 1.060778498848008802e-02 1.040663393350647371e-02 1.017085015057278205e-02 1.016242633335362640e-02 1.026334211345160743e-02 1.035622018430529603e-02 1.065688476580193417e-02 1.063202484649094018e-02 1.044883620515408250e-02 1.030129128529901766e-02 1.032961907597121018e-02 1.030012178524164317e-02 1.042253907186221559e-02 1.038751938397302656e-02 1.045361468848340740e-02 1.038719157476881809e-02 1.056352073817366441e-02 1.045687002892848640e-02 1.058971747857699770e-02 1.016231239263572575e-02 1.025255024609253614e-02 1.043420275383127177e-02 1.026300509222233953e-02 1.039847612902424986e-02 1.039335601732649210e-02 1.032347499329434350e-02 1.027457503228639511e-02 1.034105563784842516e-02 8.756236275554768814e-03 1.069443654211570810e-02 1.059668791846788381e-02 1.028766585173043931e-02 1.028604839021971668e-02 1.042406525767674251e-02 1.048293035731323770e-02 1.001176291104765095e-02 1.029519061758528246e-02 1.030675561258135794e-02 1.001211636145052028e-02 1.045146941097241551e-02 1.030777097142535417e-02 1.016437003436551981e-02 1.015482551055017953e-02 1.042826708017825094e-02 1.040804418039696991e-02 1.026775080356842791e-02 8.749526958820337888e-03 1.041005155052269343e-02 1.028965258907008594e-02 1.056402312889549895e-02 1.015788830152733642e-02 1.027922718559801281e-02 1.030028777023759244e-02 1.030850204542118828e-02 1.014564714748764085e-02 1.015306027199492853e-02 1.015221162959029262e-02 1.028441514422841728e-02 1.029762961893438029e-02 1.018644876612181081e-02 8.694896093231700707e-03 1.013760460488112580e-02
1.083882730568223700e-02 0.000000000000000000e+00 1.083984262910316597e-02 1.063147900010362988e-02 1.056089299318783113e-02 1.043061040973154545e-02 1.086378638064582243e-02 1.072117005431659324e-02 1.071423483137884033e-02 1.082966728621967238e-02 1.071155300756400537e-02 1.072657543873983127e-02 1.097650704638256959e-02 1.090243449911399570e-02 1.072464036767871789e-02 1.083503168514826989e-02 1.084450029882635426e-02 1.070624003707665133e-02 1.080968096693953745e-02 1.082131393338080921e-02 1.072326218093057511e-02 1.080096469562942182e-02 1.049092469142415968e-02 1.095864951839551835e-02 1.073379533045186636e-02 1.045405252383648995e-02 1.067851947586320911e-02 1.071761038685657003e-02 1.087550030180551609e-02 1.073569003895866528e-02 1.092058996173126025e-02 1.085230833125169422e-02 1.084384487868835303e-02 1.070454868350955574e-02 1.067168844391046430e-02 1.118939576618591981e-02 1.088760977915022646e-02 1.043860941218990347e-02 1.072782709041178797e-02 9.525644506290113778e-03 1.122722121703446756e-02 1.072236675155101987e-02 1.084851307313615398e-02 1.079789482694596021e-02 1.079068649397606390e-02 1.082218186258574952e-02 1.160761881789203892e-02 1.071987545134266660e-02 1.032282866027092391e-02 1.111480803756551700e-02 1.056906190636991080e-02 1.085884529892424885e-02 1.097630049260049472e-02 1.072492516083123522e-02 1.073497717795109802e-02 1.072685195233602506e-02 1.060247270724223520e-02 1.072391363733414538e-02 1.084861707486774705e-02 1.083928680329188446e-02 1.076360033872596038e-02 1.121742278995054021e-02 9.147406710182806946e-03 1.072713346262630513e-02 1.072338723841568912e-02 1.083948385406717681e-02 1.076710416294632267e-02 1.071813374713712075e-02 1.068512575799366281e-02 1.047114262012156446e-02 1.086320325143048937e-02 1.075050767739269865e-02 1.072046170873524468e-02 1.072105725339495344e-02 1.100276274133259007e-02 1.077166836798041337e-02 1.073600431494788413e-02 1.083090887593024174e-02 1.068874460696855010e-02 1.102819095395832227e-02 1.082739072702865873e-02 1.061460692331382336e-02 9.054415996551351542e-03 1.072452615449930209e-02 1.080127117650230353e-02 1.104205346549262320e-02 1.102611056462409790e-02 1.077210948141227309e-02 1.067952758450382844e-02 1.085867068043032749e-02 1.045637666815496872e-02 1.077450688203204082e-02 1.056237821643713631e-02 1.085765871943415034e-02 1.085260577047650853e-02 1.098208170351176911e-02 1.086204428498882199e-02 1.098886813617013652e-02 9.054839513682641852e-03 1.073297326536662606e-02 1.081597323911026240e-02 1.073306619467402287e-02 1.075639719790789060e-02 1.088440835350379041e-02 1.073866853990788559e-02 1.045145115162341050e-02 1.069707819522773377e-02 1.072621358517629464e-02 1.081045624545480879e-02 1.099989221857542408e-02 1.066128239160455196e-02 1.072728475365996963e-02 1.085223323719177596e-02 1.089937033386653535e-02 1.096863449909201392e-02 1.072690158630170212e-02 1.073564569829728831e-02 1.044143927257493339e-02 1.082952855578095570e-02 1.083664678970606629e-02 1.060514501809062433e-02 1.060568681227416071e-02 1.055935968313690722e-02 1.085960851906522459e-02 9.159047809447991295e-03 1.072328017788187760e-02 1.057479602106086401e-02 1.065155083078209337e-02 1.094241575925799029e-02 9.048453842756468482e-03 1.071891921403696560e-02 9.150695886275555038e-03 1.073286572936245180e-02 1.059828595229527631e-02 1.061184599321595388e-02 1.055412852980668580e-02 1.068062321662481204e-02 1.070798555771845795e-02 1.062224397757771319e-02 1.068537440924376310e-02 1.058584484447534953e-02
1.041190735235422889e-02 1.083984262910316597e-02 0.000000000000000000e+00 1.026762535517961560e-02 1.014405018020278493e-02 1.029416314272852372e-02 8.878637183869136917e-03 1.027349652315417278e-02 1.027704662717814077e-02 1.040278414891531930e-02 9.993527694221118404e-03 1.026279835205817434e-02 1.022366308725816339e-02 1.056968149943633521e-02 1.022630630104454270e-02 1.041374462326046663e-02 1.012536130083930772e-02 1.026173842336793561e-02 1.040209032599136336e-02 1.042914376378013298e-02 1.028653628055492542e-02 1.044368600949566357e-02 1.001616962068636700e-02 1.054885748738637954e-02 1.027374867037048750e-02 1.023190251016242724e-02 1.028181490429383275e-02 1.027557942218591466e-02 1.046170989071327703e-02 1.022829442796092253e-02 1.054145165805539346e-02 1.036371369160266932e-02 1.042194761907528668e-02 1.027054486172956915e-02 1.021344794732961629e-02 1.081555644296352744e-02 1.045077261286002021e-02 1.037320289869737323e-02 1.022255499120725691e-02 1.079326077336813065e-02 1.053968097920388210e-02 1.023210232425338963e-02 1.013118286820634782e-02 1.036391817918967499e-02 1.042325964127217668e-02 1.077814310057820246e-02 1.124734908486480812e-02 8.740132291888186647e-03 1.014311541589956941e-02 1.068973814457761448e-02 1.009802194221171880e-02 1.042406939243308538e-02 1.052111474711811198e-02 8.744932270482945469e-03 1.029325433363278280e-02 1.027981127340855776e-02 1.014076161163465946e-02 1.028236546956809612e-02 1.041493682748270179e-02 1.015044282001128020e-02 1.032815959925684028e-02 1.058738186596585619e-02 1.028735749978173554e-02 1.028267546922003416e-02 1.000433526115706261e-02 1.035765364396191816e-02 1.046700192142234129e-02 1.028579461672212043e-02 1.028676923207653450e-02 1.035043864062248561e-02 1.038567233338402555e-02 1.029993976816520780e-02 1.022210497012893300e-02 1.026236920519845407e-02 1.056209511296786821e-02 1.032111134961894404e-02 1.029588744294863273e-02 1.055103633606849049e-02 1.052739842513009984e-02 1.060066298663994884e-02 1.034827728816634096e-02 8.634392002223541945e-03 1.015746860349992821e-02 1.028836347523541181e-02 1.040689665822093837e-02 1.063916790607858688e-02 1.055182421182103078e-02 1.033406539483228311e-02 1.030291911406962940e-02 1.041897621739475144e-02 1.026993119220450182e-02 1.041334924338598207e-02 1.040795819918762487e-02 1.038870527705534202e-02 1.042393951761487990e-02 1.056835287174233938e-02 1.044424702394826723e-02 1.058535534019011334e-02 1.016219330961256814e-02 1.028196311344406477e-02 1.036372503546506042e-02 1.028710318302012046e-02 1.038750663084895588e-02 1.045438822059978345e-02 1.030382235829251959e-02 1.026745233973975872e-02 1.032625211536894808e-02 1.028087632641653572e-02 1.068416463226598036e-02 1.055153978029818584e-02 1.028003835635548507e-02 1.022731522077425029e-02 1.031783585010153000e-02 1.042626227078000990e-02 1.056940477357186554e-02 1.026777014152159724e-02 1.028663841656078139e-02 1.028676183930355391e-02 1.042931465658959202e-02 1.039684486012161166e-02 1.015107067601929598e-02 1.014651272766603496e-02 1.042026142430950257e-02 1.044497908178781791e-02 1.030798719650665406e-02 1.026880661798429059e-02 1.040805839811972250e-02 1.028581585240378148e-02 1.050933801358971270e-02 1.015428143017248382e-02 1.026443740400062241e-02 1.028445999929120461e-02 1.029726416267439347e-02 1.012973744373571287e-02 1.013763291037544229e-02 1.014480300533344634e-02 1.028422252244909352e-02 1.023360897940024661e-02 1.017649430016557589e-02 1.029113815436806176e-02 1.012967270727068228e-02
1.023103702381633270e-02 1.063147900010362988e-02 1.026762535517961560e-02 0.000000000000000000e+00 1.001972142762650939e-02 1.015970887493367232e-02 1.026409920675253051e-02 1.014579374781157499e-02 1.014496499003251194e-02 8.748882504986392472e-03 1.013844087417597843e-02 1.014876365860948974e-02 1.044204382620633753e-02 1.017820749752441217e-02 1.014190441736175299e-02 1.028439750330065877e-02 1.023191922738594592e-02 1.013525465883765089e-02 1.029126358649777584e-02 1.029949469599367867e-02 1.014338134823659227e-02 1.032248274281998002e-02 9.872877198906547871e-03 1.042405023172130775e-02 1.015609808099570896e-02 8.639401532343911685e-03 1.015751371457668945e-02 1.013548541190639404e-02 1.023645252754161634e-02 1.015992453748751703e-02 1.041997696484967158e-02 1.023874030559798927e-02 1.024261275847758446e-02 1.014911822962849194e-02 1.014919351454969532e-02 1.071268060831280337e-02 1.027498739170309289e-02 1.023912355050034771e-02 1.016069412559735853e-02 1.065859735715627386e-02 1.075064759007607167e-02 1.013838929304522636e-02 1.028066222213481345e-02 1.027934526861334734e-02 1.029556228632757392e-02 1.064878299471044842e-02 1.113101747361741611e-02 1.013783949476699045e-02 1.000405926201210216e-02 1.056949840968369678e-02 1.002163183117582394e-02 1.029586926600832911e-02 1.043054417024737862e-02 1.013804996336167656e-02 1.016580160797687926e-02 1.013879815709328898e-02 1.000576001086191970e-02 1.015077627841089875e-02 1.028380128228200373e-02 1.029716766136761982e-02 1.017986565775537422e-02 1.047865505458980828e-02 1.013286921174122446e-02 1.016270785856142160e-02 1.014143761537037239e-02 9.995569145343505615e-03 1.034036619957452371e-02 1.012448262329911954e-02 1.015801778973694780e-02 1.021855686540556162e-02 1.030877617974054750e-02 1.017679081502270363e-02 1.012909971057586456e-02 1.013368264141146016e-02 1.045996468698797560e-02 1.018982972369278199e-02 1.014551351103390453e-02 1.043862651827156575e-02 1.037512856406119788e-02 1.048176009739877276e-02 1.027009934498043439e-02 1.002586730997908834e-02 1.000080883375263109e-02 1.011247514749026924e-02 1.023652229232878408e-02 1.048390524588864448e-02 1.049834569453609971e-02 1.031766701056813229e-02 1.011460660653470608e-02 1.028849288393354593e-02 1.015594739955678893e-02 1.028460210005760316e-02 8.745423852487372793e-03 1.026609385669079513e-02 1.030137697733462393e-02 1.043602284077850377e-02 1.031667926623267874e-02 1.046137687849770306e-02 9.728534389212043290e-03 1.016159069471455310e-02 1.030203714059999172e-02 1.015050277979529306e-02 1.024976867033331601e-02 1.031670300368154811e-02 1.017136020741047850e-02 1.013360481670806147e-02 1.020361027102328899e-02 9.863274399979422846e-03 1.058230517494320073e-02 1.043390296171253610e-02 1.014675883027460999e-02 1.005246301149204449e-02 1.029267075456095915e-02 1.030207943790229820e-02 1.039580531340803665e-02 1.014444580678613116e-02 1.016674930662845623e-02 1.015063124019079457e-02 1.030555174741390467e-02 1.026654481806462370e-02 1.001804525858146847e-02 1.000721621149875014e-02 1.029323759177060670e-02 1.003220177588735537e-02 1.016174460540275777e-02 1.013248797183727810e-02 1.024120311546021338e-02 1.015038977989456831e-02 1.043334957928734007e-02 9.997211668095659295e-03 1.012338077949994503e-02 9.879475409028268262e-03 1.015933591424546083e-02 1.000086401585928257e-02 1.000469054728517042e-02 1.001114181596412731e-02 9.855618329084514864e-03 1.016778322670857694e-02 1.003922829606694080e-02 1.013978232135594008e-02 9.992907665352128085e-03
1.016056285044037062e-02 1.056089299318783113e-02 1.014405018020278493e-02 1.001972142762650939e-02 0.000000000000000000e+00 1.003555233352981281e-02 1.014681500950466095e-02 1.002715071732294440e-02 9.967234897344719527e-03 1.016585661601359172e-02 1.001530654847157704e-02 1.002437455039999897e-02 1.031715310301783116e-02 1.032981695711927828e-02 9.967687222808293765e-03 1.016420511682415359e-02 1.016208349045711994e-02 1.000945733477820627e-02 1.017171504230037979e-02 1.019154346016742235e-02 1.003001195893306677e-02 1.020201567935572970e-02 9.737325387804123683e-03 1.030752529115203098e-02 1.003030908350490899e-02 1.002862965446674019e-02 1.003053202170883958e-02 1.001647547328120801e-02 1.022009379070423600e-02 1.003559648406635897e-02 1.031409886422983251e-02 1.017962406108222952e-02 1.017161410117996614e-02 1.001410813185131185e-02 1.002773168784009718e-02 1.055812746252425376e-02 1.021638295873289123e-02 1.012178039598328819e-02 1.003421066077588714e-02 1.055829326553451263e-02 1.058428179471258661e-02 1.002433813058940283e-02 9.887729305784086903e-03 1.017592299836170971e-02 1.017569456683755161e-02 1.054942473204820846e-02 1.105146047284371637e-02 1.001256383919950539e-02 9.811602746276553572e-03 1.044320012821448908e-02 9.886896788535642216e-03 1.017396271151266469e-02 1.032956104597000137e-02 1.001104671516807668e-02 1.003437816439488317e-02 1.002527346288356949e-02 9.875405456499565873e-03 1.002741758328345133e-02 1.017868637762297905e-02 1.012096918765117808e-02 1.007909904131739330e-02 1.063750462282997411e-02 1.001333017697460248e-02 1.002780166415226902e-02 1.002062454509417867e-02 1.016957830959968993e-02 1.022162980036683648e-02 1.002842959566300519e-02 9.733676105136293902e-03 1.009778304690414630e-02 1.014560339379862695e-02 1.005019887975222050e-02 1.001543570379548678e-02 1.001358415644447962e-02 1.034542204348226635e-02 1.006845266092693154e-02 1.003829181909959151e-02 1.001154493414404927e-02 1.029600169144164606e-02 1.032774841839261860e-02 8.635372274761306255e-03 9.883283399306747041e-03 9.879154603633226103e-03 1.004079758572742377e-02 1.017238789021051096e-02 1.042449860618349135e-02 1.037808113065997323e-02 9.893355676246233868e-03 1.004787493493654142e-02 1.018965832075117463e-02 9.968643562145673015e-03 1.015707746578896863e-02 1.015721757691652981e-02 1.018870576768868448e-02 1.018071368023088646e-02 1.032787062546948291e-02 1.020210773658545601e-02 1.034486107955339372e-02 9.884289628711087627e-03 1.002828336811723703e-02 1.017684160488009637e-02 1.003345106457989057e-02 1.014552748110162869e-02 1.021233505871543303e-02 1.005908026743210747e-02 1.000897679568382714e-02 1.007859954415736559e-02 1.002661070382496883e-02 8.926932395940617368e-03 1.037089585945860301e-02 1.002236335858008517e-02 1.003505239943872779e-02 1.017912655461277252e-02 1.022598944507671116e-02 1.032905163003247813e-02 1.001989480665041281e-02 9.761111395216884659e-03 9.916248826674542091e-03 1.019428318068599064e-02 1.014599065102668625e-02 9.878459057373068994e-03 9.880134752912553969e-03 1.018634427539319258e-02 1.020431408691525182e-02 9.740458897272491132e-03 1.002037688786090903e-02 1.016806673979101829e-02 9.974538328191196249e-03 1.030533856145477052e-02 9.864694910416483761e-03 1.001574456813106306e-02 1.002755345514740742e-02 1.003456511834417003e-02 9.568810172166545419e-03 9.886489684055249985e-03 9.555284070125416584e-03 1.002631530781103453e-02 9.973297173098437385e-03 9.918824385492684345e-03 1.001476302607702887e-02 9.751428513803974546e-03
1.030207889940000336e-02 1.043061040973154545e-02 1.029416314272852372e-02 1.015970887493367232e-02 1.003555233352981281e-02 0.000000000000000000e+00 1.033266453646007957e-02 1.015926565548417801e-02 1.014927103954225800e-02 1.029776454149142206e-02 1.015572972577123874e-02 1.016403787229676510e-02 1.045950651562831124e-02 1.047090605105200148e-02 1.016158747275446375e-02 1.023498419538742231e-02 1.029895906225427107e-02 1.013699529392621604e-02 1.030589388677396849e-02 1.032029091746676508e-02 1.016816578437513760e-02 9.922231945079879045e-03 9.895837157962673533e-03 1.015963267413585655e-02 1.016937325809921626e-02 1.016156447885578108e-02 8.641090216247803227e-03 1.014483795113690044e-02 1.033153068182784441e-02 1.018534732534021568e-02 1.038917111003315880e-02 1.031795391859536941e-02 1.030206819676835264e-02 1.014050536822345278e-02 1.011521442378354382e-02 1.071070129005064105e-02 1.035051102968003074e-02 9.865334235398242474e-03 1.017746249241325771e-02 9.099796582529601219e-03 1.076008003797909382e-02 1.015764574454375464e-02 1.030731636764845027e-02 1.028926507022194341e-02 1.022087112905921066e-02 1.025395219458846707e-02 1.108851803333771660e-02 1.015816494582069338e-02 1.000571935655032892e-02 1.062571787489951201e-02 1.003760980946675346e-02 1.032207381356425001e-02 1.045927994512511720e-02 1.015718739248844781e-02 1.018554922117728863e-02 1.016953996801085031e-02 1.001263005461737812e-02 1.017322211339382471e-02 1.030681008823313045e-02 1.026017915494010189e-02 1.020976551585711656e-02 1.076006111621339613e-02 1.011663114283003345e-02 1.011455819163603956e-02 1.016269755282860413e-02 1.029654381194389928e-02 1.021168460305587992e-02 1.015072584522063760e-02 1.017834180526775746e-02 9.898211695915344957e-03 1.032906463258293113e-02 1.018127145185579625e-02 1.015748330572727696e-02 1.014991410784976331e-02 1.048324178597812018e-02 1.022160612436161416e-02 1.018432576574659215e-02 1.040217940209341510e-02 1.038054293981857321e-02 1.051473153108098239e-02 1.028861117034798184e-02 1.004543806076717109e-02 9.974969302421464803e-03 1.018458407293900726e-02 1.025450240010741636e-02 1.051668720425644361e-02 1.050240746349567419e-02 1.031987047808948649e-02 1.010334351896595428e-02 1.032594082298345269e-02 1.016242165497472857e-02 8.740579291052217106e-03 1.028838271179898477e-02 1.028251278315249310e-02 1.030529723788706740e-02 1.046758784079098760e-02 1.026663314797295577e-02 1.039787839206765367e-02 9.981260591451244363e-03 1.018554820862947741e-02 1.032591478311493602e-02 1.017714845735317661e-02 1.018547576178037775e-02 1.034531976284131655e-02 9.909325352734770290e-03 1.013797248279402208e-02 1.007619162931799005e-02 1.016924692878334868e-02 1.058013703038510230e-02 1.049432669219169632e-02 1.012511897742188020e-02 1.017205536062599364e-02 1.031699264114759561e-02 1.037115212182633528e-02 1.046694060300125753e-02 1.015148256904852865e-02 1.018471772566215475e-02 1.015430725961709302e-02 1.033800312387701814e-02 1.029476379713008607e-02 1.003095997976528875e-02 9.972818627365103925e-03 1.001223959935157969e-02 1.031625944630475480e-02 1.013357659192201318e-02 1.016289793723805165e-02 1.030464236170188994e-02 9.887344574395029104e-03 1.009387333631249148e-02 9.970805024353084772e-03 1.013525690131989419e-02 1.011155420608029522e-02 1.013164175643060591e-02 1.002064061679410964e-02 1.003718153853398222e-02 1.002684530870022982e-02 1.016292749078123031e-02 1.017093512742673657e-02 1.003576457389813471e-02 1.017497188636587099e-02 1.001217626576847430e-02
1.044995852181819680e-02 1.086378638064582243e-02 8.878637183869136917e-03 1.026409920675253051e-02 1.014681500950466095e-02 1.033266453646007957e-02 0.000000000000000000e+00 1.030805328081398596e-02 1.031130381591870843e-02 1.043108116084603271e-02 1.025345203924126099e-02 1.026891966895355883e-02 9.009529713608632751e-03 1.060528895840387974e-02 1.003616819169793860e-02 1.045096055050737452e-02 1.034100514711176928e-02 1.030709167656778009e-02 1.040494096563129682e-02 1.047192970899784963e-02 1.032815852485634983e-02 1.048346908264762879e-02 1.005489688190542262e-02 1.057944434874766478e-02 1.029589826289256486e-02 1.001345731342042147e-02 1.032761591896392932e-02 1.031704555125509577e-02 1.049429875201322686e-02 9.975862599001192668e-03 1.052164380683145127e-02 1.009410046880686654e-02 1.045804656517249076e-02 1.030147942359266496e-02 1.002948055116110494e-02 1.074802331030535497e-02 1.043544537676036055e-02 1.040965161379760716e-02 1.029684411319327711e-02 1.081720178480744324e-02 1.055568007398066319e-02 1.031168336634166217e-02 8.896390957831510835e-03 1.040127573825529173e-02 1.046047893929762281e-02 1.080922208037764232e-02 1.125569208610672362e-02 1.003028884781627210e-02 1.018685474948773616e-02 1.074947170149722318e-02 1.013844428752627529e-02 1.046351930700433440e-02 1.058709092192067387e-02 1.002778160043311939e-02 1.029848026417988678e-02 1.031376185646095366e-02 1.017862700409910386e-02 1.031088728393829076e-02 1.045708577953613147e-02 1.040899135286487212e-02 1.035560440987172773e-02 9.273103602206515111e-03 1.032176690244067906e-02 1.030280798294274866e-02 1.026943152561584499e-02 1.038272089103713623e-02 1.050499371519200698e-02 1.032616754911167348e-02 1.033134736810296939e-02 1.038909344536373923e-02 1.016364545492136340e-02 1.029513185333391992e-02 1.029467147226089882e-02 1.025331720012985504e-02 1.049387573144733299e-02 1.030713541602749743e-02 1.033435005177019139e-02 1.058705351787454785e-02 1.055796795100826663e-02 1.058153281435391356e-02 1.015208900269057649e-02 9.861554869649820712e-03 1.019786947793761313e-02 1.033326142224728732e-02 1.043476459900952516e-02 1.067416322398703071e-02 1.056656269497493160e-02 1.040497553032586689e-02 1.034252808310481830e-02 1.041288713337461085e-02 1.029682694679576009e-02 1.044420191507291519e-02 1.043969805616926788e-02 1.014776200085058984e-02 1.044945119729354284e-02 1.060637414642330058e-02 1.046211164215874768e-02 1.060825433847895419e-02 1.020221368482808651e-02 1.031339789956617521e-02 1.040157365912823366e-02 1.031893837062859351e-02 1.042082392524456246e-02 1.048006017814316279e-02 1.029204046142330117e-02 1.030231375028842385e-02 1.037222935300461876e-02 1.031121987925861204e-02 1.071854692927311746e-02 1.031118828292546669e-02 1.031710614456086278e-02 1.001397726606530897e-02 1.016394261556976576e-02 1.020483888698345970e-02 1.059209568262185937e-02 1.021355705568683693e-02 1.025876076255054226e-02 1.032725616385724021e-02 1.037081593128210896e-02 1.039446823767582739e-02 1.017559431044590644e-02 1.018169371070160555e-02 1.041057604763564841e-02 1.048061334263361913e-02 1.034640769471475291e-02 1.031608293883247950e-02 1.043044326605795970e-02 1.032445332510394109e-02 1.058042241251244686e-02 1.019595170734920349e-02 1.026120883831338308e-02 1.028069032503775918e-02 1.031776834194827672e-02 1.013190987153648678e-02 1.010820414957658980e-02 1.018771210992057245e-02 1.032306410177034200e-02 1.027083991771165702e-02 1.020393893291350607e-02 1.032959184171076614e-02 1.016741739089600804e-02
1.023022469412579114e-02 1.072117005431659324e-02 1.027349652315417278e-02 1.014579374781157499e-02 1.002715071732294440e-02 1.015926565548417801e-02 1.030805328081398596e-02 0.000000000000000000e+00 1.014944348217093617e-02 1.026670029590695359e-02 1.014581022412566064e-02 1.014697011772036639e-02 1.043777665086655267e-02 1.045799554137459217e-02 1.014911259483192857e-02 1.028205447478183765e-02 1.001248706852917759e-02 1.013377629899642023e-02 1.028923510163662174e-02 1.030667679713249962e-02 1.015817921000105283e-02 1.032645526035040097e-02 9.881000917848959189e-03 1.042917153171220995e-02 1.016020866227369465e-02 1.014987058287312657e-02 1.016245519534566578e-02 1.014605116154898568e-02 1.033386556031997555e-02 1.016458634572046937e-02 8.883298182270899304e-03 1.023618620807715054e-02 1.029246752479194907e-02 9.861608263634675728e-03 1.010419404833055174e-02 1.072629614316640383e-02 1.000032794745215128e-02 1.023715120144277034e-02 1.016553004846703842e-02 1.063091838562174769e-02 1.074688876081775213e-02 1.015102135330948896e-02 1.029111114450027842e-02 1.029285408281786600e-02 1.025121791832579905e-02 1.064735898900884964e-02 1.111444094285658594e-02 1.014396767466109982e-02 1.001265317861505313e-02 1.061751014691177976e-02 1.003506130984210820e-02 1.031109399066282815e-02 1.042072151184711762e-02 1.010558486785240011e-02 1.015610068683285225e-02 1.014458142633069097e-02 1.000941062104731757e-02 1.015100751542965217e-02 1.023122975943252869e-02 1.030466545849316115e-02 9.854062256769383771e-03 1.069917720543610284e-02 1.016490595576965798e-02 1.017184964017582745e-02 1.014585070355060632e-02 1.022030821738117816e-02 1.034325690500767156e-02 1.015666877051246697e-02 1.017264913442549046e-02 1.021751268372913385e-02 1.030135256428139391e-02 1.017825433430959332e-02 8.631017482817502501e-03 1.014815448578412597e-02 1.041795821393425199e-02 1.020659354505179875e-02 1.015851632008699448e-02 1.043863032491112140e-02 1.042760247484470632e-02 1.050396519062828278e-02 1.027778918548815854e-02 1.003038642185444772e-02 1.002550200424146866e-02 1.016522473182658939e-02 1.016468535925837274e-02 1.053030487704946852e-02 1.049033671501722886e-02 1.032326450395600059e-02 1.017266678000912361e-02 1.020901352788599649e-02 1.016801565378480481e-02 1.029071274199739282e-02 1.028616514432212359e-02 1.031363226052392501e-02 1.030568461960691164e-02 1.041146340827932802e-02 1.031862543097062171e-02 1.046390251887535996e-02 1.003054807548599617e-02 1.017362404722645455e-02 1.031417892962674561e-02 9.867307572625584611e-03 1.025727741214882936e-02 8.794926663640274464e-03 1.018022672224767194e-02 1.014118778412443495e-02 1.020789744927916125e-02 1.008356664022507128e-02 1.059023259283589820e-02 1.019709087887725116e-02 1.015198779543211201e-02 1.014162254340849993e-02 1.025714552931491184e-02 1.035199165078011692e-02 1.043578399474872319e-02 1.015501558323967171e-02 1.017801318302308244e-02 1.015961510524663637e-02 1.027272687306492703e-02 1.027787276788112887e-02 1.002517105905716653e-02 1.001614200217888079e-02 1.000671065544979192e-02 1.032089024850884988e-02 1.018510957912249597e-02 9.869903499049337628e-03 1.029316188242962796e-02 1.016403109834587877e-02 1.043880130298146039e-02 1.002207806458938789e-02 1.014332795714904985e-02 1.016767540713669170e-02 1.017463539332648555e-02 1.000787811345517364e-02 1.000019047557253009e-02 1.001834836244989632e-02 1.015517610602131859e-02 1.012282907635043798e-02 9.759663938476400777e-03 1.015165030879562266e-02 9.999788801859635021e-03
1.028375957953474307e-02 1.071423483137884033e-02 1.027704662717814077e-02 1.014496499003251194e-02 9.967234897344719527e-03 1.014927103954225800e-02 1.031130381591870843e-02 1.014944348217093617e-02 0.000000000000000000e+00 1.028277822367648642e-02 1.013820141854918262e-02 1.009551539606598665e-02 1.044641983430853911e-02 1.039800984482017882e-02 1.013181632571072237e-02 1.028032654761046327e-02 1.028149077177127960e-02 1.013542995127466456e-02 1.023835325711313325e-02 1.030607636290358994e-02 1.015445786066383402e-02 1.002913422515026506e-02 9.876838198326506890e-03 1.040598355085275289e-02 1.012688577586906211e-02 1.015352590599276350e-02 1.014292220474851541e-02 1.014086933362389267e-02 1.027412840052074720e-02 1.017229175672484075e-02 1.040490565019778525e-02 1.029175513031939035e-02 1.028556838436245000e-02 1.014380191838950770e-02 1.015424953252517387e-02 1.071787448749323551e-02 1.033605587358016158e-02 1.023195214415072683e-02 1.013955771761555595e-02 1.066325443969938676e-02 1.072382535394774371e-02 1.013704062681845992e-02 1.026996352698274564e-02 1.028561335733734969e-02 1.028611558862146773e-02 1.060088067678261609e-02 1.086167958414941716e-02 1.014171241232654334e-02 9.999391222012841973e-03 1.033986426751945867e-02 1.002631406174849318e-02 1.020217856910682515e-02 1.044192066038388336e-02 1.013918422070588660e-02 8.657435586466062996e-03 1.015158487352365094e-02 9.997753196670034273e-03 1.013785766853560373e-02 1.030023640895793430e-02 1.023616891683870427e-02 1.020392392928668249e-02 1.072928878587609165e-02 1.014887249072140771e-02 1.015476423043380066e-02 1.014559178059308737e-02 1.028253417596885697e-02 1.033708262341779920e-02 1.014055885312443311e-02 8.655518999460645388e-03 1.021872645164176481e-02 1.020945904672452414e-02 1.011462773754878176e-02 1.014264448230010017e-02 1.013649481515648855e-02 1.017259878498931285e-02 1.019410856112083243e-02 1.014730809390428784e-02 1.038768171967268533e-02 1.042066944320534788e-02 1.044684794988422379e-02 1.026028088232732415e-02 1.002359902915768257e-02 1.001928642952877070e-02 1.015765303449670497e-02 1.029286393573237458e-02 1.046645413489465971e-02 1.039032008317436993e-02 1.025528497444429601e-02 1.015543640909305143e-02 1.028976270910726513e-02 1.015012475801673961e-02 1.022316627579357602e-02 1.027090455077094532e-02 1.030133377661264331e-02 1.000100269072221222e-02 1.040299268280672589e-02 1.025546484229391056e-02 8.917901843056104741e-03 1.002402603813683929e-02 1.013823101715833133e-02 1.028993838994861007e-02 1.014886648151700974e-02 1.018468324107159144e-02 1.033157445102824042e-02 1.011108695887412770e-02 1.012686924007326870e-02 1.019385960518554186e-02 1.015323763180453996e-02 1.031334501417270448e-02 1.038597290254146370e-02 1.013560628263873373e-02 1.010763044814295963e-02 1.028554304932679034e-02 1.034314257266100330e-02 1.043596156364763258e-02 1.012366003932573845e-02 1.016118065368111327e-02 1.013974542265663574e-02 1.003238553936634109e-02 1.027156045752788439e-02 1.002134451436945475e-02 9.957160430077558258e-03 1.030237159458421113e-02 1.029856344338384022e-02 1.012804263804505285e-02 1.014842053942622245e-02 1.023479850724934651e-02 1.014018539941606567e-02 1.037269710926968895e-02 1.001613054181452363e-02 9.844997438492491745e-03 1.016399503581789064e-02 1.016599783707379523e-02 1.000011978058597435e-02 9.961633191567799070e-03 9.959019329675820875e-03 1.013889418661776537e-02 1.015353760948417214e-02 9.977871844839109397e-03 1.015604204142641145e-02 9.986115380554570764e-03
1.014276473475788157e-02 1.082966728621967238e-02 1.040278414891531930e-02 8.748882504986392472e-03 1.016585661601359172e-02 1.029776454149142206e-02 1.043108116084603271e-02 1.026670029590695359e-02 1.028277822367648642e-02 0.000000000000000000e+00 1.027169312396322524e-02 1.028068388967262603e-02 1.056874889006674187e-02 1.053734530790049334e-02 1.028168018682346953e-02 1.041549428879832463e-02 1.013520866112348380e-02 1.026672925131938072e-02 1.041948178619377628e-02 1.044278154482822241e-02 1.028918668524827704e-02 1.044243918248598767e-02 1.002525814734829372e-02 1.055198731179544588e-02 1.029085420206039651e-02 1.001070261422835027e-02 1.029617579914737270e-02 1.026368422943550220e-02 1.016010686164690868e-02 1.029907882048157822e-02 1.054405312088831786e-02 1.036913814253013176e-02 1.041290148347370423e-02 1.028610026030755097e-02 1.027443070638646080e-02 1.084289533987033843e-02 1.018182742926097319e-02 1.036485029139921389e-02 1.029737119760741962e-02 1.077854096407099803e-02 1.087177100734581722e-02 1.023245452495048086e-02 1.042276614007047950e-02 1.037521824591429789e-02 1.041901974358320875e-02 1.072364921608063779e-02 1.116278188573474432e-02 1.027619868313776885e-02 1.015295364619605949e-02 1.073614147046023440e-02 1.017191697266680780e-02 1.043270623861024954e-02 1.056184669162069621e-02 1.023908744116729108e-02 1.030786471932040177e-02 1.027960726126266044e-02 1.014939625980071196e-02 1.029313087961791252e-02 1.037125254820502225e-02 1.043316610268389157e-02 1.022870609508595013e-02 1.077873333495140036e-02 1.029672924746967595e-02 1.030422760826768709e-02 1.027429148408706520e-02 8.866901664861960575e-03 1.047149716978039435e-02 1.018582473369521527e-02 1.030560882235044377e-02 1.035423602475725978e-02 1.044770952540370265e-02 1.029675351545848022e-02 1.021764378027146918e-02 1.028076640520140042e-02 1.059341012252093192e-02 1.033708061847309241e-02 1.025313849367810032e-02 1.057076862143201991e-02 1.053961122171052575e-02 1.062545040632157170e-02 1.040881567271119412e-02 1.016988210548120698e-02 1.016182830306988291e-02 1.029351487532174231e-02 1.013082988034539993e-02 1.037189746541605610e-02 1.061054723940107677e-02 1.045312924905628278e-02 1.001365781979155108e-02 1.043367429361577274e-02 1.030118810348226548e-02 1.041666340368322535e-02 1.013323854868574195e-02 1.043257414823193716e-02 1.042993168206383069e-02 1.057954450485350945e-02 1.043344763899541755e-02 1.056631752831752730e-02 1.011662996808868065e-02 1.030548266848010409e-02 1.044412924799657284e-02 1.028530727481630214e-02 1.031744193924784107e-02 1.039571007017114565e-02 1.029711181475389571e-02 1.027560999146709744e-02 1.034051756106992188e-02 8.755397608422792882e-03 1.071275051127625576e-02 1.059666381216490573e-02 1.028396288433487682e-02 1.000498052059522157e-02 1.038684333036630179e-02 1.047184410114929999e-02 1.055652960294435616e-02 1.028808184158038971e-02 1.031043142760374766e-02 1.028799841639530324e-02 1.045403725479146333e-02 1.040871909812312625e-02 1.016296243094708465e-02 1.014589157241362234e-02 1.038474213321245558e-02 8.902828493095855597e-03 1.031516943552883425e-02 1.021757007158764601e-02 1.042359158165980133e-02 1.029587027777907095e-02 1.056243257668992158e-02 1.015885732028047779e-02 1.022727515949259369e-02 1.025176156567289207e-02 1.030538871299714609e-02 1.014765152690885741e-02 1.015013813976944727e-02 1.015755997203443908e-02 1.018579621346116411e-02 1.030654724229174840e-02 1.016257463975546449e-02 1.024690466043039899e-02 1.014005262685596306e-02
1.028139465581882385e-02 1.071155300756400537e-02 9.993527694221118404e-03 1.013844087417597843e-02 1.001530654847157704e-02 1.015572972577123874e-02 1.025345203924126099e-02 1.014581022412566064e-02 1.013820141854918262e-02 1.027169312396322524e-02 0.000000000000000000e+00 1.014354209138378614e-02 1.037202739826989344e-02 1.044566560265061672e-02 1.013427449775942263e-02 1.028037200260236740e-02 1.027068202561178499e-02 1.011411634318062393e-02 1.028729520063406330e-02 1.025035381009867068e-02 1.014070599162674932e-02 1.031422129944622665e-02 9.870400493356412674e-03 1.041959576834694881e-02 1.009352264881670583e-02 1.014216836750941875e-02 1.015330168295500331e-02 1.013505933367041777e-02 1.030224392314200814e-02 1.015618774752724898e-02 1.041464565393852154e-02 1.029496622568899615e-02 1.028846424252160933e-02 1.013966287894079409e-02 9.859664492707420624e-03 1.071850604634613270e-02 1.033166463007763845e-02 1.023652197845754779e-02 8.640743598617084062e-03 1.066333178248044834e-02 1.062856426254699289e-02 1.003658034292038460e-02 1.027423969257785889e-02 8.755722748487166848e-03 1.028800298234902426e-02 1.064332969056181258e-02 1.104740202678740346e-02 8.617787705173430082e-03 1.000079365503074233e-02 1.061275577125477335e-02 9.946138387694043737e-03 1.029622028283244325e-02 1.038539741633756619e-02 1.009442144150830140e-02 1.015467807787607396e-02 1.014496902032996188e-02 1.000128500142877588e-02 1.015036011001469764e-02 1.028371797020318987e-02 1.029202913178291559e-02 1.019672681871692729e-02 1.074184929741520307e-02 1.014644340915967988e-02 1.016054664173537091e-02 9.853180726387104557e-03 1.028174303915880237e-02 1.033682709399682577e-02 1.014076481755976297e-02 1.016244661764994367e-02 1.021639267798114467e-02 1.029903545022200356e-02 1.014457691319065394e-02 1.013525853235222075e-02 1.012968670762038649e-02 1.041413114220848986e-02 1.019882630977433577e-02 1.016138395417165094e-02 1.042500425415276814e-02 1.013334584629842910e-02 1.048987495192616609e-02 1.026650543061788032e-02 9.946167749715307746e-03 1.001470414564064812e-02 1.015156512237010318e-02 1.027847501391199354e-02 1.023639609706777746e-02 1.020537463168915727e-02 1.029152263044663847e-02 1.015346842913687937e-02 1.029498200491305374e-02 1.015276177145267578e-02 1.027101475439161880e-02 1.027584001261255126e-02 1.031180472125674957e-02 1.029541741325080799e-02 1.044243674895468064e-02 1.029615210662872260e-02 1.044261891884929426e-02 1.001949461797580279e-02 1.011235272832560102e-02 1.001905429022173846e-02 1.015285441945477929e-02 1.018587435741141398e-02 1.032761577115013166e-02 1.015623829629546705e-02 1.013200166682637869e-02 1.019996780862847570e-02 1.014662178232329272e-02 1.057757908596428445e-02 1.047161892079491972e-02 1.014013469782340700e-02 1.015441147024469248e-02 1.028420309689780966e-02 1.035034855450421738e-02 1.044535528316448657e-02 1.014515225298361946e-02 1.016694097521467048e-02 1.015088752027052364e-02 1.030762585155872019e-02 1.027245871885922729e-02 1.001298594349145019e-02 1.000550625658916913e-02 1.025316731525480023e-02 1.025893823659157142e-02 1.017442619595772084e-02 1.014036210859476511e-02 1.024169934263294626e-02 1.010032689463501165e-02 1.042912461185997557e-02 1.001089516338511155e-02 1.013446316536171024e-02 1.010702368976956582e-02 1.016566278563002523e-02 9.996684893937752420e-03 1.000329404224937352e-02 1.000664730328165372e-02 1.014177455889598949e-02 1.013711655362370748e-02 1.001533393859774419e-02 1.015576084687216767e-02 9.988617884030893609e-03
