0.000000000000000000e+00 1.634992900493078410e-02 1.945203436160156465e-02 2.043415957542850381e-02 1.749607476478394139e-02 2.545780860178795471e-02 2.313256809726424099e-02 2.545780860178797206e-02 2.545780860178792002e-02 2.075420242457215111e-02 2.199703712180211407e-02 2.199703712180210713e-02 1.993098198973119323e-02 1.938387836979243994e-02 2.344773865090543294e-02 2.195608079179408451e-02 2.195608079179431002e-02 2.344773865090548498e-02 2.306885475666982724e-02 2.117882203906395686e-02 2.275387969105570340e-02 2.121195376661091231e-02 2.642647155947168425e-02 2.229533064893953961e-02 3.127645436090470410e-02 2.339736791062569515e-02 2.327110852079645326e-02 2.327110852079647754e-02 2.205192032988288406e-02 2.172772727650051569e-02 2.027507675600892165e-02 2.210579341438448711e-02 1.940937280453788535e-02 2.060403476019144128e-02 2.060403476019143434e-02 1.785469126990153754e-02 1.994548967016524996e-02 2.110566382695528223e-02 2.110566382695528223e-02 1.863365816042796691e-02 1.799392597275549163e-02 2.114078344726254971e-02 1.962726697246574767e-02 2.017161234556586608e-02 1.996415326253386455e-02 1.827350598102844143e-02 1.725224578235827130e-02 2.114078344726255318e-02 2.510221621785881096e-02 2.046809049958119367e-02 2.510221621785870341e-02 2.321860920366931522e-02 1.937171569924989178e-02 2.550983493740532557e-02 2.550983493740542271e-02 2.550983493740528740e-02 2.451741272422656298e-02 2.196807283685295320e-02 2.177427264353224909e-02 2.024318643031601181e-02 2.137305594319403867e-02 1.846315481492839111e-02 2.137305594319403867e-02 2.138363340102148596e-02 2.138363340102148596e-02 1.987033971240581912e-02 2.449181548121958513e-02 2.624943149327102834e-02 2.624943149327094855e-02 2.624943149327094161e-02 2.279452989859039047e-02 2.375250054913228062e-02 2.375250054913228062e-02 2.375250054913232572e-02 2.090332993085010013e-02 2.135443580144301065e-02 2.135443580144301065e-02 1.919069960058527799e-02 1.925599164928996215e-02 1.829151558912101017e-02 1.875927725547456640e-02 5.802434536445964797e-02 5.802434536445971042e-02 6.113289043746589907e-02 1.911093346363756246e-02 1.941063477159709477e-02 2.063684925093329375e-02 2.101600957215928739e-02 2.294166875498896210e-02 2.239673081957167106e-02 2.294166875498896557e-02 2.114363608448213694e-02 1.973905392596110239e-02 2.052899713969326412e-02 2.014105156066109056e-02 1.906495997749739837e-02 2.130060837180016223e-02 1.919617900273835540e-02 2.484667787538532430e-02 2.202638244002263698e-02 2.082424525878888780e-02 2.202638244002263698e-02 2.151633657364923971e-02 2.414425689661847327e-02 2.151633657364923971e-02 2.374350918212105380e-02 2.374350918212105727e-02 2.374350918212078318e-02 1.873420871796611931e-02 1.916881836298433076e-02 2.162172464547229556e-02 2.162172464547229556e-02 2.007323169147157138e-02 2.007323169147157138e-02 1.905919973487048974e-02 2.226015113173683904e-02 2.226015113173682169e-02 2.162094588210738619e-02 2.039960890308980743e-02 2.002784683464649967e-02 3.472139174503692527e-02 3.472139174503718895e-02 2.229588057977395510e-02 2.185791037339206155e-02 2.351585619344992092e-02 2.351585619344987235e-02 2.257100813623112018e-02 2.072185052338951922e-02 1.925384453564463194e-02 3.124242493245387928e-02 2.607046491691302273e-02 2.607046491691315110e-02 2.607046491691301926e-02 2.331141408504057780e-02 4.315974854845104625e-02 2.279165888435785020e-02 2.390231222817180978e-02 2.390231222817186876e-02 3.905477375605602430e-02 3.643657166426872429e-02 3.905477375605605206e-02
1.634992900493078410e-02 0.000000000000000000e+00 1.986390810168880972e-02 2.488965971576098668e-02 2.250197076630854748e-02 2.149896666881277035e-02 1.861998054225475277e-02 2.149896666881278770e-02 2.149896666881273566e-02 1.502381883876051025e-02 1.674165720749580533e-02 1.674165720749580186e-02 1.393681245396360957e-02 1.285101793418330814e-02 1.888621523854170509e-02 1.693429953317551057e-02 1.693429953317579853e-02 1.888621523854177447e-02 1.841876222044333891e-02 1.579471930226923962e-02 1.793792089923842287e-02 1.584320920265007773e-02 2.248442648699834276e-02 1.758041757853075204e-02 2.814733981155951789e-02 1.882013868203132392e-02 1.871080750742470933e-02 1.871080750742474749e-02 1.711563872453979868e-02 1.648579093623893030e-02 1.446132135665794197e-02 1.723425784920790821e-02 1.092303457333437464e-02 1.277179438698468512e-02 1.277179438698467472e-02 9.551961877151656302e-03 1.348352970249388529e-02 1.516453012791698675e-02 1.516453012791698675e-02 1.158755378902587806e-02 1.065614338165659335e-02 1.544251623212280350e-02 1.299787403882093385e-02 1.410179308595851423e-02 1.374042798756008876e-02 1.104844908605884420e-02 9.262239475732979288e-03 1.544251623212280870e-02 2.092486323944010504e-02 1.489483617069503607e-02 2.092486323943997320e-02 1.873328309181068393e-02 1.294865778779254184e-02 2.156357978265067282e-02 2.156357978265077344e-02 2.156357978265062425e-02 2.012118964008074648e-02 1.676743495625167626e-02 1.661340639044308481e-02 1.421813990769337128e-02 1.582875103994573276e-02 1.155717002112963132e-02 1.582875103994573276e-02 1.578261019335841508e-02 1.578261019335841162e-02 1.356012699038171981e-02 2.036297295312179331e-02 2.246855457464108988e-02 2.246855457464099620e-02 2.246855457464099620e-02 1.814963803476126597e-02 1.930077757087374571e-02 1.930077757087374224e-02 1.930077757087380469e-02 1.551138325177664652e-02 1.578063488320746721e-02 1.578063488320746721e-02 1.258823116685134011e-02 1.273108848516005254e-02 1.002304692203896848e-02 1.062570085714968984e-02 5.568157517204773421e-02 5.568157517204781748e-02 5.883668454173088258e-02 1.191492270950709684e-02 1.296396330150068922e-02 1.506588306644487257e-02 1.552638961122168246e-02 1.819104068115564091e-02 1.749989314647988278e-02 1.819104068115565132e-02 1.571267478794208597e-02 1.334359784706276239e-02 1.467131284701378435e-02 1.399223218244735611e-02 1.236610367050818872e-02 1.593393397291557184e-02 1.260062695709740152e-02 2.058219418458723943e-02 1.680721261766371377e-02 1.515406030821444747e-02 1.680721261766371377e-02 1.607227579747583235e-02 1.992451770051384408e-02 1.607227579747582888e-02 2.223506291611074270e-02 2.223506291611074964e-02 2.223506291611030208e-02 1.194069277466268224e-02 1.259954809986751217e-02 1.620922737563783300e-02 1.620922737563783647e-02 1.397885263097467697e-02 1.397885263097473768e-02 1.237016893791461312e-02 1.722566928186956142e-02 1.722566928186955795e-02 1.618238040889333554e-02 1.445259635247650096e-02 1.386811124683546073e-02 3.189227040521046275e-02 3.189227040521073336e-02 1.742396123682924541e-02 1.680919775068321839e-02 1.898457677891329104e-02 1.898457677891323553e-02 1.782808012450399354e-02 1.479221466354118872e-02 1.271032053350223782e-02 2.803425621464128784e-02 2.225070784375212871e-02 2.225070784375228830e-02 2.225070784375213218e-02 1.846218550398615391e-02 4.050039032234586250e-02 1.772194899500001419e-02 1.952318563604880930e-02 1.952318563604889257e-02 3.851242534755524444e-02 3.687963899183092226e-02 3.851242534755528607e-02
1.945203436160156465e-02 1.986390810168880972e-02 0.000000000000000000e+00 2.823713182325393589e-02 2.604221436579124555e-02 2.691460858639669815e-02 2.478436885548229024e-02 2.691460858639671549e-02 2.691460858639667386e-02 2.272986332481431032e-02 2.386054988976918714e-02 2.386054988976918020e-02 2.197988447317497998e-02 2.150573380421208838e-02 2.511659057250732394e-02 2.376106357317641846e-02 2.376106357317663703e-02 2.511659057250735863e-02 2.476100990361893364e-02 2.308218645687336312e-02 2.450594190374342021e-02 2.311151785860730487e-02 2.789655629778831081e-02 2.404588346015727393e-02 3.243301331162801865e-02 2.509045294897228537e-02 2.496272274473517946e-02 2.496272274473520028e-02 2.384970213233549713e-02 2.362599815647358978e-02 2.228834970266944937e-02 2.396997396393843113e-02 2.184625116054775273e-02 2.298434382461302453e-02 2.298434382461301759e-02 2.022721040528781961e-02 2.205047950756099800e-02 2.311464593026319944e-02 2.311464593026319944e-02 2.082673097861686279e-02 2.022259555570541517e-02 2.310849441490664749e-02 2.176601681094752355e-02 2.221443281732854436e-02 2.203455366573765437e-02 2.048886952530896283e-02 1.955120894576543172e-02 2.310849441490665443e-02 2.664968722449773814e-02 2.240735966790020212e-02 2.664968722449761671e-02 2.486139242345198480e-02 2.148356952739531936e-02 2.696206637141188717e-02 2.696206637141196349e-02 2.696206637141183166e-02 2.613790748941186362e-02 2.382602360841460168e-02 2.362324043153391298e-02 2.227918765923557823e-02 2.330916460404965779e-02 2.063949610837432017e-02 2.330916460404965779e-02 2.332725334063899536e-02 2.332725334063898842e-02 2.195356592372129517e-02 2.601264549811388091e-02 2.764347545183722110e-02 2.764347545183714477e-02 2.764347545183714477e-02 2.449622672480107968e-02 2.538529676662566736e-02 2.538529676662567083e-02 2.538529676662570900e-02 2.280410384455310718e-02 2.329587460344298075e-02 2.329587460344298075e-02 2.132330171579780234e-02 2.137844457541653725e-02 2.067899997463141723e-02 2.114564056840187792e-02 5.880550839049910467e-02 5.880550839049916712e-02 6.188416876392247024e-02 2.132780422346654270e-02 2.151876199770052719e-02 2.258044234836813560e-02 2.294507208146503649e-02 2.467155951202254158e-02 2.416384579415207720e-02 2.467155951202254852e-02 2.306901089656273468e-02 2.183868158808563095e-02 2.253156523290381769e-02 2.219827323818725218e-02 2.121284543350950014e-02 2.320173947479934815e-02 2.132931832725399462e-02 2.642712135147719590e-02 2.388253371416228926e-02 2.278826944823459516e-02 2.388253371416228926e-02 2.343468498105168163e-02 2.569638693240648350e-02 2.343468498105168163e-02 1.531136706978453686e-02 1.531136706978454380e-02 1.531136706978463748e-02 2.089552239453663224e-02 2.130249625137795727e-02 2.352699909908361961e-02 2.352699909908361961e-02 2.212755229171712093e-02 2.212755229171710011e-02 2.120693103153858602e-02 2.407595338305480379e-02 2.407595338305479685e-02 2.353034528514493309e-02 2.241865483820808247e-02 2.208698858030978471e-02 3.574913517069017860e-02 3.574913517069044921e-02 2.406015566014165982e-02 2.367350794038123457e-02 2.517675695242573009e-02 2.517675695242568151e-02 2.429908020884875841e-02 2.273888713052584637e-02 2.138082240549035729e-02 3.252009942287850675e-02 2.747694753255724986e-02 2.747694753255736436e-02 2.747694753255724293e-02 2.507754219569291454e-02 4.412838643456497983e-02 2.461756551229040205e-02 2.551704985817027788e-02 2.551704985817032298e-02 4.166659523407260229e-02 3.997425194697935835e-02 4.166659523407263005e-02
2.043415957542850381e-02 2.488965971576098668e-02 2.823713182325393589e-02 0.000000000000000000e+00 1.977027191192522529e-02 3.113310935224299081e-02 2.930541145289442331e-02 3.113310935224300469e-02 3.113310935224297346e-02 2.765837188596911508e-02 2.865017671946408842e-02 2.865017671946409536e-02 2.698570534935715304e-02 2.658983691189582485e-02 2.968522436465126715e-02 2.850745551544151685e-02 2.850745551544171114e-02 2.968522436465129491e-02 2.936514646765554792e-02 2.794177150773142007e-02 2.917682599968347140e-02 2.796673815576906572e-02 3.217629375776919626e-02 2.863130889437269511e-02 3.563662973488564145e-02 2.967026435625233494e-02 2.953139791597211156e-02 2.953139791597212543e-02 2.856574773650714244e-02 2.842294972060306277e-02 2.725095312485587354e-02 2.855386206203096647e-02 2.684508045088085382e-02 2.783075100384479333e-02 2.783075100384478640e-02 2.544906218824120533e-02 2.707782396442626194e-02 2.801367819434480433e-02 2.801367819434480433e-02 2.599868309724315263e-02 2.547063422547933900e-02 2.801638257949873659e-02 2.683987430918123585e-02 2.722231510256540796e-02 2.707140343403513158e-02 2.571223438417519561e-02 2.487046448909537369e-02 2.801638257949873659e-02 3.104505990327227974e-02 2.732751716520818649e-02 3.104505990327216178e-02 2.936783386266036619e-02 2.657876362171286005e-02 3.117048872257879855e-02 3.117048872257886794e-02 3.117048872257878120e-02 3.063052073552091636e-02 2.861138965789648478e-02 2.841098577228174174e-02 2.728001924358519278e-02 2.818572261039226090e-02 2.583115397860626800e-02 2.818572261039226090e-02 2.820172953729413456e-02 2.820172953729413456e-02 2.699721405188799245e-02 3.029059148102888552e-02 3.170238906088407999e-02 3.170238906088403835e-02 3.170238906088403141e-02 2.909071055143947621e-02 2.990384464414598195e-02 2.990384464414598195e-02 2.990384464414601318e-02 2.767128792729128123e-02 2.817602556703409020e-02 2.817602556703409714e-02 2.644147273631713285e-02 2.648866498897101476e-02 2.585702067809363472e-02 2.626774042322188932e-02 6.066165602246377520e-02 6.066165602246380989e-02 6.367687749014251664e-02 2.645487276155630840e-02 2.660311017748528614e-02 2.749545124271157021e-02 2.783170330439875551e-02 2.931595962676413966e-02 2.886066004896130702e-02 2.931595962676413966e-02 2.794013725839178050e-02 2.690594712996360882e-02 2.749581404560488135e-02 2.721681298528092624e-02 2.634934002791824298e-02 2.805356611955594354e-02 2.644941815274015270e-02 3.086711399271769088e-02 2.866904781418153428e-02 2.770816927245238481e-02 2.866904781418154122e-02 2.829053705100625232e-02 3.004250171060047006e-02 2.829053705100624538e-02 3.075022294119433841e-02 3.075022294119434535e-02 3.075022294119413024e-02 2.606142506713095969e-02 2.642342045857933377e-02 2.837063489499022997e-02 2.837063489499022997e-02 2.714767715247137086e-02 2.714767715247135352e-02 2.634366282275956914e-02 2.882084110910636959e-02 2.882084110910635572e-02 2.837558385994403895e-02 2.739906492310746969e-02 2.711101338430242647e-02 3.863381510080960562e-02 3.863381510080983461e-02 2.875261296108199555e-02 2.842955759125721446e-02 2.973250411465949358e-02 2.973250411465946583e-02 2.893900208798775436e-02 2.770035081808026184e-02 2.649352192965812383e-02 3.565169163691458976e-02 3.157499006490307319e-02 3.157499006490317728e-02 3.157499006490307319e-02 2.973249271172587194e-02 4.642423337902560482e-02 2.934707125421065488e-02 2.999991158894359938e-02 2.999991158894364796e-02 3.524187032714833773e-02 2.955382029504792160e-02 3.524187032714836548e-02
1.749607476478394139e-02 2.250197076630854748e-02 2.604221436579124555e-02 1.977027191192522529e-02 0.000000000000000000e+00 2.918624864881477765e-02 2.723108240510041522e-02 2.918624864881477765e-02 2.918624864881474643e-02 2.537591161511409260e-02 2.639460658590136316e-02 2.639460658590135622e-02 2.469815799848530322e-02 2.428105503382085514e-02 2.753911360458639532e-02 2.630587653747877216e-02 2.630587653747895951e-02 2.753911360458643348e-02 2.721342863684879723e-02 2.569391669683328966e-02 2.698181345293352781e-02 2.572024392205405838e-02 3.010386215121406764e-02 2.653537758796591789e-02 3.431873215263916282e-02 2.750959452949970629e-02 2.738900668660865581e-02 2.738900668660868357e-02 2.637927514066342252e-02 2.616932870364631694e-02 2.497149979261721608e-02 2.642294092747539402e-02 2.450400877270493896e-02 2.550090440960334215e-02 2.550090440960334215e-02 2.311979860211817173e-02 2.476316506047195748e-02 2.571411167346068088e-02 2.571411167346068088e-02 2.367913335310067521e-02 2.314955853720493742e-02 2.571940951995265248e-02 2.451549540706375249e-02 2.491770376537773279e-02 2.475843920040879734e-02 2.338735533461714158e-02 2.255052787084800905e-02 2.571940951995265595e-02 2.894788368885613944e-02 2.508581323245061626e-02 2.894788368885601801e-02 2.730095806343526069e-02 2.426760280563613689e-02 2.922972097517401169e-02 2.922972097517408108e-02 2.922972097517398046e-02 2.847558159965667829e-02 2.636487848947238408e-02 2.618017191833632920e-02 2.497592366598874389e-02 2.589972337991386375e-02 2.351687663202386980e-02 2.589972337991386375e-02 2.591400897198365208e-02 2.591400897198365208e-02 2.468449356076594936e-02 2.834752017198014992e-02 2.985275953385201075e-02 2.985275953385194830e-02 2.985275953385194830e-02 2.696768895052505458e-02 2.778462279931597986e-02 2.778462279931597986e-02 2.778462279931601803e-02 2.544292545790333149e-02 2.588744843771223145e-02 2.588744843771222798e-02 2.412478087934143839e-02 2.417421909457875828e-02 2.351698874496038413e-02 2.392316606661620479e-02 6.024504882938247485e-02 6.024504882938251649e-02 6.329733453977226532e-02 2.412104205650642333e-02 2.429536477018100563e-02 2.524233554104230240e-02 2.557068520640926046e-02 2.713267842277913150e-02 2.666974541035038379e-02 2.713267842277913497e-02 2.568082895416713349e-02 2.458548200077303320e-02 2.520061910418197951e-02 2.490430907796865878e-02 2.402840791925200253e-02 2.580111156890137897e-02 2.413104750440463533e-02 2.874152456795088170e-02 2.641548222072069227e-02 2.542892304234987619e-02 2.641548222072069227e-02 2.601263407980717798e-02 2.806014549467301597e-02 2.601263407980717451e-02 2.872851487678403787e-02 2.872851487678403787e-02 2.872851487678379154e-02 2.374528372719253086e-02 2.410773175533515930e-02 2.609554709376869439e-02 2.609554709376869439e-02 2.484165197534329850e-02 2.484165197534328809e-02 2.402342888570859619e-02 2.659135747454615881e-02 2.659135747454614840e-02 2.609798585543733965e-02 2.509946711654005222e-02 2.480380269584950628e-02 3.748566190471621512e-02 3.748566190471647186e-02 2.657577156642438806e-02 2.622586504525174778e-02 2.759340539238292964e-02 2.759340539238289494e-02 2.679111034029738742e-02 2.538949041055560754e-02 2.417696184244869789e-02 3.437548579884288497e-02 2.970138984531750861e-02 2.970138984531761270e-02 2.970138984531750861e-02 2.750200042900424746e-02 4.573073044667535364e-02 2.708432558064666554e-02 2.790238802863291220e-02 2.790238802863296078e-02 4.032115106713077962e-02 3.724895354340931886e-02 4.032115106713082126e-02
2.545780860178795471e-02 2.149896666881277035e-02 2.691460858639669815e-02 3.113310935224299081e-02 2.918624864881477765e-02 0.000000000000000000e+00 1.502772845852847275e-02 1.470636616710197138e-02 1.470636616710203209e-02 2.374703906641721998e-02 2.481815860082664527e-02 2.481815860082663486e-02 2.304683094291521198e-02 2.259662516590385181e-02 2.602017446323960995e-02 2.472555704760562301e-02 2.472555704760583117e-02 2.602017446323964811e-02 2.566495918044014654e-02 2.406731424863077853e-02 2.541925774889206707e-02 2.406590655021251246e-02 2.868618932778316255e-02 2.503262107974030953e-02 3.324336496660101892e-02 2.598363012689011362e-02 2.588326705758502502e-02 2.588326705758503890e-02 2.481722001416581183e-02 2.460949034345820755e-02 2.333712297489903484e-02 2.497682880440468128e-02 2.302331435811796195e-02 2.412143806244763933e-02 2.412143806244763586e-02 2.143311844609913433e-02 2.311586908871567786e-02 2.412336609035672236e-02 2.412336609035672236e-02 2.195757970636185233e-02 2.138174444660769988e-02 2.409815241326418445e-02 2.284637219030067473e-02 2.325820148494476408e-02 2.306810112462672965e-02 2.163135841891510383e-02 2.075849707236098601e-02 2.409815241326419138e-02 2.749212397241947159e-02 2.343954482165454961e-02 2.749212397241936057e-02 2.579792155275028101e-02 2.257040268599547206e-02 2.782518328272136007e-02 2.782518328272145028e-02 2.782518328272133232e-02 2.699123990370475359e-02 2.478468739687923403e-02 2.458591653636755039e-02 2.331618555353656003e-02 2.428941007440859820e-02 2.176093637440666348e-02 2.428941007440860167e-02 2.431259659926561165e-02 2.431259659926560471e-02 2.301567020304687988e-02 2.692436006627110454e-02 2.850255476203777602e-02 2.850255476203770663e-02 2.850255476203770663e-02 2.544056309023014911e-02 2.626519723373664170e-02 2.626519723373664170e-02 2.626519723373667292e-02 2.378113554570508714e-02 2.428053867771195334e-02 2.428053867771194640e-02 2.241952443916065893e-02 2.246940869983228908e-02 2.187180089407575120e-02 2.232288539456025317e-02 5.947744688792541701e-02 5.947744688792546558e-02 6.254309510285002704e-02 2.244445707808843948e-02 2.260513907139977477e-02 2.360394946612493286e-02 2.394931640648276239e-02 2.559260323685482938e-02 2.510806594359824007e-02 2.559260323685483632e-02 2.406894133529785193e-02 2.289460873353961132e-02 2.352001973540838661e-02 2.323651268550492102e-02 2.228360733914297800e-02 2.414545045502397916e-02 2.221097522893837606e-02 2.725575777983785253e-02 2.483785351708170733e-02 2.380124729828494989e-02 2.483785351708170386e-02 2.440974668428789671e-02 2.661221349315418677e-02 2.440974668428789671e-02 2.849438376045886068e-02 2.849438376045886762e-02 2.849438376045852761e-02 2.188325814631573996e-02 2.116105698893395309e-02 2.445590146514871333e-02 2.445590146514870986e-02 2.317764470674143346e-02 2.317764470674142305e-02 2.230867595672849854e-02 2.502304374576549278e-02 2.502304374576548932e-02 2.450256251846145983e-02 2.345069708653789789e-02 2.313934293009474799e-02 3.649926043168065515e-02 3.649926043168093964e-02 2.501368605308158799e-02 2.464481424564054016e-02 2.607956928580456094e-02 2.607956928580453318e-02 2.524649889997042373e-02 2.344456374801343404e-02 2.225672436819522981e-02 3.335815901002769923e-02 2.833586394539270442e-02 2.833586394539282585e-02 2.833586394539270442e-02 2.598021697799300991e-02 4.487498069021654545e-02 2.553816893137978924e-02 2.641294732512156768e-02 2.641294732512161625e-02 4.288765364118334034e-02 4.149361788755479008e-02 4.288765364118338197e-02
2.313256809726424099e-02 1.861998054225475277e-02 2.478436885548229024e-02 2.930541145289442331e-02 2.723108240510041522e-02 1.502772845852847275e-02 0.000000000000000000e+00 1.502772845852847275e-02 1.502772845852848316e-02 2.115630322366126095e-02 2.235615910747085211e-02 2.235615910747083823e-02 2.037255377158133859e-02 1.985671041135168499e-02 2.374007516316331556e-02 2.229375858706294719e-02 2.229375858706316577e-02 2.374007516316335720e-02 2.333617071490879519e-02 2.152052119132968899e-02 2.303740219048740212e-02 2.148470735115312613e-02 2.663890205531245850e-02 2.267024363591728722e-02 3.156515987179565191e-02 2.367090992408974609e-02 2.358886717942839176e-02 2.358886717942841951e-02 2.239876092552594775e-02 2.212116610031870934e-02 2.070271809658988382e-02 2.255767592475969169e-02 2.032231489598163021e-02 2.155383726099156447e-02 2.155383726099156447e-02 1.854534820509581156e-02 2.042804994567455276e-02 2.155634510330633677e-02 2.155634510330634024e-02 1.913337718962857675e-02 1.848133314521927667e-02 2.151919296247400276e-02 2.011139989333719097e-02 2.059247464771583533e-02 2.034470874105654900e-02 1.875065935484262342e-02 1.779203102599201045e-02 2.151919296247400276e-02 2.535550837757433174e-02 2.085228234138665829e-02 2.535550837757421377e-02 2.353309997535414991e-02 1.981912218678082843e-02 2.577528865019674750e-02 2.577528865019684118e-02 2.577528865019670240e-02 2.478080762523824851e-02 2.232013858515677004e-02 2.210894056819180317e-02 2.065306698403294658e-02 2.174276470948683510e-02 1.890188552102876549e-02 2.174276470948683510e-02 2.177299841565338151e-02 2.177299841565338151e-02 2.031539827129333342e-02 2.479630772512610506e-02 2.652216630358213839e-02 2.652216630358206553e-02 2.652216630358206206e-02 2.311923109128173615e-02 2.400288478860324037e-02 2.400288478860324384e-02 2.400288478860328895e-02 2.119026941681189172e-02 2.173544502815307616e-02 2.173544502815307616e-02 1.964805260332474698e-02 1.970373663475745787e-02 1.901904647795954126e-02 1.951871590245035995e-02 5.824971173269330449e-02 5.824971173269336694e-02 6.134863916687479518e-02 1.965623603858146148e-02 1.986630334974657380e-02 2.102254799847162042e-02 2.139559159957105453e-02 2.325221159540163604e-02 2.272121992552347119e-02 2.325221159540164298e-02 2.152470071692736894e-02 2.015409886042809906e-02 2.084626956638332626e-02 2.054931290621255999e-02 1.944699984930600006e-02 2.156008868762511466e-02 1.914976392046300116e-02 2.506494030588862776e-02 2.237894630073690092e-02 2.121871125877630715e-02 2.237894630073690438e-02 2.188191801884729198e-02 2.444783180085964916e-02 2.188191801884728852e-02 2.651296753591479011e-02 2.651296753591479358e-02 2.651296753591442928e-02 1.888849367506624174e-02 1.698256435104331455e-02 2.188881857759113550e-02 2.188881857759113550e-02 2.049875846268640195e-02 2.049875846268639501e-02 1.951588976323421695e-02 2.259820703135070538e-02 2.259820703135068456e-02 2.199062359766595573e-02 2.081178006123678148e-02 2.045835881640098441e-02 3.497883040551930112e-02 3.497883040551957867e-02 2.262487821970242050e-02 2.220330181912415907e-02 2.380852575207229038e-02 2.380852575207225569e-02 2.289537837792295777e-02 2.043515722199695794e-02 1.919888809534742863e-02 3.159850602538952918e-02 2.633929514776904915e-02 2.633929514776917058e-02 2.633929514776904221e-02 2.363699688676324656e-02 4.344057156621047855e-02 2.312803486454848012e-02 2.419109631748928707e-02 2.419109631748933564e-02 4.150845777212226750e-02 4.006891986632554747e-02 4.150845777212228832e-02
2.545780860178797206e-02 2.149896666881278770e-02 2.691460858639671549e-02 3.113310935224300469e-02 2.918624864881477765e-02 1.470636616710197138e-02 1.502772845852847275e-02 0.000000000000000000e+00 1.470636616710201648e-02 2.374703906641723386e-02 2.481815860082666261e-02 2.481815860082665567e-02 2.304683094291523279e-02 2.259662516590387610e-02 2.602017446323962035e-02 2.472555704760564382e-02 2.472555704760584158e-02 2.602017446323965852e-02 2.566495918044017083e-02 2.406731424863079241e-02 2.541925774889208789e-02 2.406590655021254369e-02 2.868618932778318684e-02 2.503262107974031994e-02 3.324336496660103279e-02 2.598363012689013096e-02 2.588326705758503543e-02 2.588326705758505278e-02 2.481722001416583265e-02 2.460949034345822489e-02 2.333712297489905219e-02 2.497682880440470210e-02 2.302331435811797236e-02 2.412143806244767055e-02 2.412143806244766708e-02 2.143311844609915168e-02 2.311586908871569174e-02 2.412336609035674317e-02 2.412336609035674317e-02 2.195757970636187315e-02 2.138174444660772069e-02 2.409815241326420179e-02 2.284637219030070249e-02 2.325820148494478837e-02 2.306810112462674700e-02 2.163135841891511771e-02 2.075849707236100683e-02 2.409815241326420179e-02 2.749212397241948200e-02 2.343954482165456696e-02 2.749212397241937098e-02 2.579792155275029489e-02 2.257040268599548941e-02 2.782518328272137742e-02 2.782518328272146763e-02 2.782518328272134966e-02 2.699123990370476400e-02 2.478468739687925138e-02 2.458591653636757468e-02 2.331618555353657737e-02 2.428941007440860861e-02 2.176093637440668083e-02 2.428941007440860514e-02 2.431259659926562552e-02 2.431259659926562552e-02 2.301567020304689723e-02 2.692436006627110801e-02 2.850255476203778643e-02 2.850255476203771357e-02 2.850255476203771357e-02 2.544056309023016299e-02 2.626519723373665210e-02 2.626519723373665210e-02 2.626519723373669027e-02 2.378113554570509408e-02 2.428053867771195681e-02 2.428053867771195681e-02 2.241952443916067975e-02 2.246940869983231337e-02 2.187180089407577549e-02 2.232288539456028093e-02 5.947744688792541701e-02 5.947744688792547946e-02 6.254309510285002704e-02 2.244445707808845683e-02 2.260513907139979906e-02 2.360394946612495715e-02 2.394931640648277973e-02 2.559260323685485367e-02 2.510806594359825047e-02 2.559260323685485713e-02 2.406894133529786581e-02 2.289460873353963213e-02 2.352001973540840743e-02 2.323651268550493837e-02 2.228360733914299882e-02 2.414545045502398957e-02 2.221097522893838994e-02 2.725575777983786641e-02 2.483785351708171774e-02 2.380124729828497071e-02 2.483785351708172121e-02 2.440974668428791752e-02 2.661221349315419371e-02 2.440974668428791405e-02 2.849438376045887455e-02 2.849438376045887455e-02 2.849438376045854496e-02 2.188325814631575730e-02 2.116105698893397738e-02 2.445590146514872373e-02 2.445590146514872373e-02 2.317764470674145080e-02 2.317764470674144733e-02 2.230867595672851589e-02 2.502304374576551360e-02 2.502304374576550666e-02 2.450256251846147371e-02 2.345069708653791524e-02 2.313934293009475840e-02 3.649926043168066903e-02 3.649926043168094658e-02 2.501368605308160187e-02 2.464481424564055057e-02 2.607956928580458175e-02 2.607956928580454359e-02 2.524649889997044108e-02 2.344456374801344445e-02 2.225672436819525410e-02 3.335815901002772005e-02 2.833586394539271483e-02 2.833586394539283279e-02 2.833586394539271483e-02 2.598021697799302726e-02 4.487498069021655239e-02 2.553816893137979965e-02 2.641294732512158155e-02 2.641294732512164400e-02 4.288765364118334728e-02 4.149361788755478314e-02 4.288765364118339585e-02
2.545780860178792002e-02 2.149896666881273566e-02 2.691460858639667386e-02 3.113310935224297346e-02 2.918624864881474643e-02 1.470636616710203209e-02 1.502772845852848316e-02 1.470636616710201648e-02 0.000000000000000000e+00 2.374703906641717488e-02 2.481815860082660363e-02 2.481815860082660016e-02 2.304683094291517381e-02 2.259662516590382059e-02 2.602017446323958219e-02 2.472555704760558831e-02 2.472555704760579648e-02 2.602017446323961342e-02 2.566495918044012226e-02 2.406731424863074037e-02 2.541925774889203238e-02 2.406590655021248124e-02 2.868618932778314867e-02 2.503262107974027831e-02 3.324336496660101198e-02 2.598363012689008933e-02 2.588326705758499380e-02 2.588326705758501461e-02 2.481722001416579101e-02 2.460949034345817285e-02 2.333712297489901055e-02 2.497682880440465353e-02 2.302331435811791338e-02 2.412143806244760810e-02 2.412143806244760463e-02 2.143311844609909617e-02 2.311586908871563276e-02 2.412336609035668072e-02 2.412336609035668072e-02 2.195757970636181416e-02 2.138174444660765477e-02 2.409815241326413587e-02 2.284637219030063657e-02 2.325820148494473633e-02 2.306810112462669843e-02 2.163135841891506914e-02 2.075849707236093744e-02 2.409815241326414281e-02 2.749212397241943343e-02 2.343954482165450798e-02 2.749212397241932587e-02 2.579792155275024979e-02 2.257040268599543043e-02 2.782518328272134273e-02 2.782518328272141211e-02 2.782518328272129762e-02 2.699123990370471543e-02 2.478468739687919239e-02 2.458591653636752264e-02 2.331618555353652880e-02 2.428941007440855657e-02 2.176093637440662532e-02 2.428941007440855657e-02 2.431259659926557348e-02 2.431259659926557001e-02 2.301567020304684519e-02 2.692436006627107331e-02 2.850255476203774480e-02 2.850255476203768581e-02 2.850255476203767541e-02 2.544056309023011442e-02 2.626519723373660006e-02 2.626519723373660353e-02 2.626519723373664864e-02 2.378113554570504204e-02 2.428053867771190477e-02 2.428053867771190130e-02 2.241952443916062424e-02 2.246940869983225092e-02 2.187180089407571304e-02 2.232288539456021501e-02 5.947744688792540313e-02 5.947744688792545170e-02 6.254309510285001317e-02 2.244445707808839785e-02 2.260513907139974007e-02 2.360394946612490510e-02 2.394931640648273810e-02 2.559260323685480856e-02 2.510806594359820884e-02 2.559260323685481203e-02 2.406894133529781724e-02 2.289460873353956968e-02 2.352001973540833110e-02 2.323651268550488633e-02 2.228360733914293290e-02 2.414545045502394099e-02 2.221097522893833789e-02 2.725575777983781436e-02 2.483785351708165876e-02 2.380124729828492561e-02 2.483785351708167263e-02 2.440974668428786895e-02 2.661221349315415902e-02 2.440974668428786201e-02 2.849438376045883639e-02 2.849438376045884333e-02 2.849438376045850679e-02 2.188325814631569485e-02 2.116105698893392534e-02 2.445590146514867863e-02 2.445590146514867516e-02 2.317764470674138835e-02 2.317764470674138141e-02 2.230867595672844997e-02 2.502304374576546156e-02 2.502304374576545809e-02 2.450256251846142513e-02 2.345069708653785279e-02 2.313934293009471330e-02 3.649926043168063433e-02 3.649926043168091883e-02 2.501368605308155676e-02 2.464481424564049505e-02 2.607956928580452971e-02 2.607956928580450542e-02 2.524649889997038904e-02 2.344456374801338200e-02 2.225672436819520206e-02 3.335815901002767841e-02 2.833586394539267667e-02 2.833586394539279810e-02 2.833586394539267320e-02 2.598021697799297522e-02 4.487498069021654545e-02 2.553816893137975108e-02 2.641294732512154339e-02 2.641294732512157808e-02 4.288765364118333340e-02 4.149361788755476926e-02 4.288765364118337503e-02
2.075420242457215111e-02 1.502381883876051025e-02 2.272986332481431032e-02 2.765837188596911508e-02 2.537591161511409260e-02 2.374703906641721998e-02 2.115630322366126095e-02 2.374703906641723386e-02 2.374703906641717488e-02 0.000000000000000000e+00 1.348420256096433470e-02 1.348420256096436766e-02 1.456095218146859563e-02 1.215898253767172185e-02 2.134129364350319941e-02 1.964739392187585601e-02 1.964739392187609540e-02 2.134129364350326533e-02 2.093187520544225605e-02 1.868983301156993196e-02 2.050453141798554146e-02 1.872948702952176303e-02 2.457192317660489289e-02 2.026709144647013960e-02 3.010956647144696907e-02 2.128492667121260548e-02 2.120094989885150383e-02 2.120094989885154893e-02 1.981886660557205526e-02 1.833967599118875233e-02 1.683635613786571561e-02 1.912112534306199818e-02 1.693900520230897516e-02 1.843936881534795347e-02 1.843936881534795347e-02 1.452409272235481025e-02 1.694561504664725618e-02 1.831494776783428383e-02 1.831494776783428383e-02 1.510695821656490509e-02 1.489761794822398733e-02 1.844495132502708620e-02 1.674179689371242674e-02 1.737406789938748461e-02 1.710961619713863638e-02 1.518202847143924374e-02 1.409526762771998870e-02 1.844495132502708967e-02 2.315947075752276818e-02 1.794931007876876192e-02 2.315947075752266063e-02 2.125822315202857346e-02 1.649027088959920465e-02 2.380789779643936385e-02 2.380789779643947141e-02 2.380789779643931181e-02 2.243345979530054005e-02 1.953475775158542913e-02 1.938275814197117086e-02 1.745286508180800625e-02 1.873703808451407729e-02 1.545254325140851814e-02 1.873703808451407382e-02 1.857867577398374104e-02 1.857867577398374104e-02 1.687782275350760419e-02 2.274386483426805647e-02 2.466351629035870574e-02 2.466351629035861553e-02 2.466351629035861553e-02 2.070624423950580620e-02 2.171626389122259526e-02 2.171626389122260220e-02 2.171626389122266118e-02 1.846145114019126510e-02 1.870725697700097168e-02 1.870725697700096821e-02 1.625003975246040386e-02 1.633221628221755498e-02 1.544944723230582198e-02 1.600571947271449760e-02 5.725263294224185173e-02 5.725263294224190724e-02 6.037502479036514769e-02 1.616981995870190800e-02 1.650671091643839822e-02 1.809419630908721058e-02 1.847117307369829792e-02 2.072909946201483000e-02 2.013824999305635632e-02 2.072909946201484388e-02 1.863498219951964519e-02 1.681745424284710605e-02 1.779593428323210727e-02 1.724550331995503005e-02 1.607887899384384880e-02 1.880527810634499350e-02 1.624524454276730229e-02 2.284329068311867147e-02 1.949647049041967548e-02 1.801769897734782286e-02 1.949647049041967201e-02 1.893423553035371992e-02 2.234093280040972546e-02 1.893423553035371992e-02 2.465310181578265689e-02 2.465310181578266036e-02 2.465310181578223708e-02 1.574378301955901144e-02 1.624183928545531660e-02 1.904175983888930015e-02 1.904175983888930015e-02 1.727331292088141873e-02 1.727331292088146036e-02 1.608755062168444605e-02 1.988991098347873271e-02 1.988991098347872230e-02 1.903221080498538470e-02 1.764148558679035084e-02 1.721030847697380128e-02 3.369076844029800927e-02 3.369076844029829376e-02 1.985423969681968451e-02 1.895663528812080445e-02 2.119444764808334561e-02 2.119444764808329010e-02 2.038245223215511687e-02 1.793957039251797142e-02 1.632285955599987320e-02 2.977083877743508245e-02 2.445748084176913029e-02 2.445748084176928988e-02 2.445748084176912682e-02 2.100124019549596752e-02 4.216131783210694955e-02 2.007710047050658211e-02 2.190288857396376077e-02 2.190288857396383362e-02 4.037980376919959868e-02 3.889730120962879567e-02 4.037980376919961950e-02
2.199703712180211407e-02 1.674165720749580533e-02 2.386054988976918714e-02 2.865017671946408842e-02 2.639460658590136316e-02 2.481815860082664527e-02 2.235615910747085211e-02 2.481815860082666261e-02 2.481815860082660363e-02 1.348420256096433470e-02 0.000000000000000000e+00 1.366955439869817039e-02 1.777274453280005065e-02 1.347430781891931044e-02 2.251507383646917174e-02 2.093003876547383860e-02 2.093003876547407105e-02 2.251507383646924113e-02 2.212878185348698956e-02 2.004825476283398147e-02 2.173025344393913344e-02 2.008451759200423348e-02 2.558387688154355882e-02 2.153121227366706567e-02 3.103663972906495205e-02 2.246707544396257805e-02 2.239080236293636977e-02 2.239080236293640794e-02 2.109677113109089189e-02 2.028752403888145830e-02 1.882387206819628386e-02 2.098791081845415712e-02 1.846157764894447786e-02 1.983264899987356028e-02 1.983264899987356028e-02 1.623254331077206986e-02 1.844342473059460211e-02 1.969309414445634399e-02 1.969309414445634746e-02 1.673278117846176832e-02 1.663671747474290696e-02 1.984436219910811969e-02 1.830845138261751742e-02 1.886317710117147231e-02 1.863033049248943862e-02 1.690387742774582258e-02 1.591439419707043473e-02 1.984436219910811969e-02 2.423674518841542613e-02 1.936061712997387205e-02 2.423674518841532205e-02 2.245284889707714962e-02 1.806656392496556324e-02 2.487707675705907312e-02 2.487707675705916333e-02 2.487707675705902108e-02 2.354475068770808116e-02 2.083269245364137087e-02 2.068844152714746296e-02 1.893538509246059376e-02 2.010652398424129031e-02 1.712459102439914740e-02 2.010652398424129031e-02 1.992715754433930023e-02 1.992715754433930023e-02 1.839368957062839996e-02 2.387535778517935192e-02 2.570926227309563994e-02 2.570926227309556014e-02 2.570926227309554973e-02 2.193908747696052958e-02 2.287057266473829786e-02 2.287057266473830133e-02 2.287057266473835337e-02 1.983445258560271457e-02 2.008053792029254256e-02 2.008053792029253909e-02 1.785070227466390574e-02 1.792320506283799977e-02 1.714749151115164960e-02 1.765308962244534208e-02 5.801756260028078510e-02 5.801756260028081980e-02 6.113432200419633561e-02 1.780331204925162530e-02 1.809804476605889750e-02 1.949848974658070777e-02 1.984954024337617570e-02 2.193967706105032223e-02 2.138540641655159447e-02 2.193967706105033263e-02 2.000599653149783691e-02 1.838044822480168483e-02 1.924345298491797127e-02 1.878740557467714969e-02 1.770819336558713750e-02 2.015818488898402441e-02 1.785043640586423883e-02 2.393577768116823476e-02 2.082933985133857135e-02 1.953968423490086426e-02 2.082933985133857829e-02 2.028636885775249657e-02 2.348521124371398885e-02 2.028636885775249657e-02 2.569825012400375058e-02 2.569825012400375405e-02 2.569825012400333772e-02 1.739150896470095797e-02 1.784612113117395663e-02 2.038276260781256635e-02 2.038276260781255941e-02 1.877516735410600379e-02 1.877516735410602461e-02 1.771043999847461345e-02 2.115934266479004705e-02 2.115934266479002970e-02 2.037461328182559733e-02 1.910369082175046931e-02 1.871565510783020081e-02 3.453898938780981115e-02 3.453898938781008870e-02 2.125525395499848133e-02 2.063760431456447206e-02 2.252047059771907986e-02 2.252047059771902435e-02 2.165207905972910130e-02 1.939212232695948154e-02 1.791854733220939536e-02 3.089649977207690329e-02 2.550733737040716820e-02 2.550733737040730698e-02 2.550733737040717167e-02 2.220238702501078909e-02 4.305423439004602004e-02 2.149674461919168569e-02 2.306367326530458367e-02 2.306367326530465306e-02 4.117893822746099275e-02 3.972238387503164436e-02 4.117893822746103438e-02
