0.000000000000000000e+00 1.512416915928786049e-02 2.035947256777222505e-02 1.478982364171343641e-02 1.896102801129057047e-02 1.768129061683835004e-02 2.308365817443186127e-02 1.575349191102577012e-02 1.484881112126874673e-02 1.555029452314913088e-02 1.323011404784479178e-02 1.967895080207816144e-02 1.487516319540037844e-02 1.935567598709834330e-02 1.514342428540507365e-02 1.691659176930236305e-02 1.573341603082076268e-02 1.587457318367478318e-02 1.543922083408829152e-02 1.671202305067551533e-02 1.821363825653323290e-02 2.036715565400729760e-02 1.545940781354875580e-02 1.526588500076829155e-02 2.158076404268904555e-02 1.856743202673549753e-02 1.538483403058176283e-02 1.897458953089833922e-02 2.041021061753803961e-02 1.926242093418053386e-02 1.594623498934769068e-02 1.540132827147838897e-02 2.331745262431209401e-02 1.663447764974365292e-02 1.543532012574614157e-02 1.862603378386464351e-02 1.425841648715654719e-02 2.281330693423204090e-02 2.266818476909599617e-02 1.884037654238437942e-02 1.594309934789637367e-02 1.530879307428977855e-02 1.585919299993869547e-02 1.942320917770473318e-02 3.669080976938378369e-02 1.635370523826657971e-02 1.953592093798794602e-02 2.301944011136260876e-02 2.336780736741538717e-02 2.455905385258184970e-02 2.399393881793012925e-02 2.422474286928072429e-02 2.476839389117460252e-02 4.075827872244802003e-02 2.302420238128450106e-02 2.488026620141879988e-02 3.010762473836926106e-02 2.425198163109392249e-02 2.285243670764081775e-02 2.401483844034066686e-02 2.847762369743747635e-02 2.366447197196538607e-02 2.561681552035288342e-02 2.275214856695588483e-02 2.320916489687896780e-02 2.125829568648692977e-02 2.197077414320833255e-02 2.243206583939173770e-02 2.318092267459740882e-02 2.797574931451574792e-02 2.298461572213978538e-02 2.249286773554758784e-02 2.300545733519458735e-02 2.313126544216225280e-02 2.438575866107676668e-02 2.298808042090209197e-02 2.116894231911447752e-02 2.333880167634872979e-02 2.519860826837972204e-02 2.286278252751889825e-02 2.289544437761861090e-02 2.301629387644068755e-02 2.287310319022145891e-02 2.332949161879865896e-02 2.375775815136208641e-02 2.522367997759283192e-02 2.345698250480720767e-02 2.539847147913158742e-02 2.740432628746197058e-02 2.461530949191931966e-02 2.553078612844183679e-02 2.754282120107161627e-02 2.467739700442879783e-02 2.721931743649164473e-02 2.435534394909175462e-02 2.505480259904063756e-02 2.752853841323917375e-02 2.733763530313347567e-02 2.557911407223803849e-02 2.751204235990244162e-02 2.650924492066288399e-02 2.660514767320440802e-02 2.701932211918479931e-02 2.627835304252634438e-02 2.617172512313886007e-02 2.746176164240748258e-02 2.820360425942573454e-02 2.597889962969246805e-02 2.558150111196437135e-02 2.629391719179961784e-02 2.774421292155088495e-02 2.740465465168171605e-02 2.821976892502182227e-02 2.768600475833987370e-02 2.734664436521517736e-02 2.724668716923196732e-02 2.821692515839373944e-02 2.568054360958171162e-02 2.779852065505592634e-02 2.785361038825811750e-02 2.800171666971264933e-02 2.784180338522813589e-02 2.331598201770629028e-02 2.625649233839251820e-02 2.800535969695080313e-02 2.477602310165806510e-02 2.782136796418903033e-02 2.819999109290535419e-02
1.512416915928786049e-02 0.000000000000000000e+00 2.043685226852879830e-02 1.585567022953307537e-02 1.852386162032168548e-02 1.635141329772762941e-02 2.199293666653198351e-02 1.408387094269290297e-02 1.572190676684647251e-02 1.359857751408026678e-02 1.527252524356033196e-02 1.629196298862023787e-02 1.493007609905099703e-02 1.600796698196892826e-02 1.515554098518305873e-02 1.653848784711839034e-02 1.477718238704763508e-02 1.507850105489293852e-02 1.515081558611286114e-02 1.749429361845631845e-02 1.923225855324267597e-02 1.914027895324588516e-02 1.603105851311958929e-02 1.219119023814041643e-02 2.124879538356417782e-02 1.743704572522609964e-02 1.582183087103853844e-02 1.912828991583428312e-02 1.856297516965495914e-02 1.826094973357786713e-02 1.527953121155115751e-02 1.589324646800470420e-02 2.182638907698632863e-02 1.333196145881296486e-02 1.635711213945304984e-02 1.940558996922878837e-02 1.519770238392611876e-02 2.115663390349198369e-02 2.143986879435904810e-02 1.789530791239922133e-02 1.480277412050136354e-02 1.568655652297171188e-02 1.570195757965643299e-02 1.859294841902305734e-02 3.787034681201924269e-02 1.720800484227705263e-02 1.920011279005517935e-02 2.235620785698543000e-02 2.255876348856235974e-02 2.436790929660564292e-02 2.378637804895300870e-02 2.414979755215820173e-02 2.372953462919578232e-02 4.107499890833666428e-02 2.214367685943787606e-02 2.466037115370544805e-02 3.037949683832971703e-02 2.320801192092392107e-02 2.213540494685228149e-02 2.296509992313353066e-02 2.871098516971306788e-02 2.319063975879458173e-02 2.448447090480467339e-02 2.169935073020076363e-02 2.329279083128313679e-02 2.127659087646024613e-02 2.106694366560991905e-02 2.189817059116371673e-02 2.227872895855692939e-02 2.807849620733736395e-02 2.258121207221692323e-02 2.218353521966701103e-02 2.190849586387499243e-02 2.227278375460152796e-02 2.333887680493795802e-02 2.232829906517136767e-02 2.002853172987415289e-02 2.244051312024239811e-02 2.411836672573685128e-02 2.198669729050995239e-02 2.223140317030130805e-02 2.210816120285406805e-02 2.201914549908643923e-02 2.238644804913971290e-02 2.278016469811545638e-02 2.509544229933374435e-02 2.246963531024067859e-02 2.436684390896135324e-02 2.626410279235015521e-02 2.355737642014238756e-02 2.441080450670227858e-02 2.664390791402898237e-02 2.351412914616618846e-02 2.634007458744732494e-02 2.354136933957707428e-02 2.434331299976585927e-02 2.666715506062759117e-02 2.645422556471765246e-02 2.504190457518779001e-02 2.667886789555617977e-02 2.550598473516616643e-02 2.587533581028849880e-02 2.606596126804452962e-02 2.549579352335881385e-02 2.521001077260006176e-02 2.646479897386600985e-02 2.746522334012845012e-02 2.500715315911626949e-02 2.473726987687971043e-02 2.540320311671384612e-02 2.681371212258295764e-02 2.689279027002652520e-02 2.750985277603379062e-02 2.726763655908763864e-02 2.663695454085704753e-02 2.654308279790560179e-02 2.767997402791405256e-02 2.498978835867990064e-02 2.712716472061629455e-02 2.730008235870032621e-02 2.747730569435916440e-02 2.703341113959721598e-02 2.410239344895253460e-02 2.598113255312133399e-02 2.725930606626471991e-02 2.438454360917553451e-02 2.701663301325643585e-02 2.730347222205471713e-02
2.035947256777222505e-02 2.043685226852879830e-02 0.000000000000000000e+00 1.852635896858173883e-02 1.647817350985055981e-02 1.633350799654511437e-02 1.446912742074109824e-02 2.289779611973093154e-02 2.232476570823173356e-02 2.024059039882492028e-02 2.207298403099854783e-02 1.566034854834293111e-02 2.149462716492309827e-02 1.629676569724260518e-02 2.208190240074400443e-02 1.849255176914042093e-02 1.907631557141114056e-02 1.868429690197539322e-02 1.974582472192663515e-02 2.460565019228349790e-02 2.665903388323315540e-02 1.546041101802974813e-02 2.242679366296390295e-02 2.013677889763702822e-02 2.899415747094443926e-02 1.654486368013013964e-02 1.871810624234949635e-02 2.790204616393276299e-02 1.477371599986251026e-02 1.586308757138133255e-02 2.048342053641832167e-02 1.809786737512193364e-02 1.346139359024419412e-02 1.951127800412146701e-02 1.722915048679286160e-02 1.538118660262403903e-02 2.203258049699164181e-02 1.467909275553383810e-02 1.460675891541278124e-02 1.570603468502041258e-02 1.746105406166972851e-02 2.275057765375011753e-02 2.281920357338783345e-02 1.575676744741190405e-02 4.700623185549763355e-02 1.745525441185441159e-02 1.474937937834120555e-02 2.357070889128392091e-02 2.279077203806880586e-02 2.676511081720906599e-02 2.598048383451957363e-02 2.704341694569669177e-02 1.922432218216010152e-02 4.579273626600481595e-02 2.163285799739124091e-02 2.809605418722210465e-02 3.437647276397747670e-02 1.873913643165766446e-02 2.302555975215257733e-02 1.839196852167145763e-02 3.220671691884475357e-02 2.466485565569263155e-02 1.797058678313010957e-02 1.849225890764685798e-02 2.682431598269975626e-02 2.504457138753063070e-02 2.100001474405777807e-02 2.332805443003066123e-02 2.141916225958581319e-02 3.135866861037053810e-02 2.423776437555389893e-02 2.412122291587146666e-02 1.701412345922469899e-02 2.161685973737521166e-02 1.830377341754270762e-02 2.363733175686588348e-02 2.103261008766291532e-02 2.144268524791491035e-02 1.787783801490055655e-02 2.124457670418556168e-02 2.339063750683899323e-02 2.132634201755717607e-02 2.158753736077735283e-02 2.090020738586242932e-02 1.970412912682916254e-02 2.761684617532559130e-02 1.975389514406179770e-02 1.755696182552271903e-02 1.877408292125413297e-02 1.804562308419831521e-02 1.752512558557802261e-02 2.115554382729520691e-02 1.744232289791690371e-02 2.124507968648087566e-02 2.168227466822794311e-02 1.944806065387065866e-02 2.134532011466848053e-02 2.092047745108917278e-02 2.608222419115841656e-02 2.141203053547401439e-02 1.936748801823203955e-02 2.431213531217367441e-02 2.025180467793541786e-02 2.253414812622255708e-02 1.965854143078828858e-02 2.004108794064358295e-02 2.490742931512911554e-02 1.919551327787655248e-02 2.066234534793622013e-02 1.929461117098749123e-02 2.066458304701243934e-02 2.008036218736729273e-02 2.054420582627264694e-02 2.045195792533352833e-02 1.935344521909366025e-02 1.971537378465416240e-02 2.117560354290531216e-02 1.858270956203083440e-02 2.013285927373138426e-02 2.020233347680003289e-02 2.050994794974857205e-02 1.981129478032046809e-02 1.737325216220927254e-02 1.931495275846067255e-02 2.009597585500389957e-02 1.846417669208846174e-02 1.995617772356956046e-02 1.998128102720075211e-02
1.478982364171343641e-02 1.585567022953307537e-02 1.852635896858173883e-02 0.000000000000000000e+00 1.463648159289568720e-02 1.512017255927642669e-02 1.862194833586434950e-02 1.777393846592182150e-02 1.574138845785151217e-02 1.525978158052957584e-02 1.650141112568303745e-02 1.686688413031452519e-02 1.648383037057746942e-02 1.615760272510874049e-02 1.577514136411511253e-02 1.268792469610794359e-02 1.422170125883930915e-02 1.435831148943677617e-02 1.467236295736302869e-02 1.874360948482274580e-02 2.071734062572029925e-02 1.764519321854004716e-02 1.731139820520244746e-02 1.578196725464380348e-02 2.455341244336279108e-02 1.566533409639726121e-02 1.534158208190923058e-02 2.279618720944068949e-02 1.734350279028201020e-02 1.604878259477826932e-02 1.592723822015010976e-02 1.403912233503044893e-02 2.032893415933275175e-02 1.531127465254954363e-02 1.267674942873196417e-02 1.658822484004388378e-02 1.654538071137614044e-02 1.962794744816329096e-02 1.932148782520159633e-02 1.618882992706357007e-02 1.474539422345458838e-02 1.695203053778910132e-02 1.767726064906867400e-02 1.655452950821690097e-02 4.017236783535970551e-02 1.472863531106415741e-02 1.706324188541063699e-02 2.224626426332130744e-02 2.191989521947604672e-02 2.488566049935853758e-02 2.419181986070420218e-02 2.478786697293013791e-02 2.205601515231849288e-02 4.248731932764767544e-02 2.108491587506472129e-02 2.563536219019614884e-02 3.148101671936238966e-02 2.152247546133943812e-02 2.185296754791952664e-02 2.124252621884732684e-02 2.950256428515444368e-02 2.328385702497180743e-02 2.262256760737762704e-02 2.006670704627510834e-02 2.407449164970406480e-02 2.203978911033740301e-02 2.006366966793783277e-02 2.190710194000589431e-02 2.115001786604464931e-02 2.888372173504942866e-02 2.269176528485343861e-02 2.252186510794211560e-02 2.013331979629455482e-02 2.114857596128398229e-02 2.158271779576866056e-02 2.232334514955508151e-02 1.949737341887455844e-02 2.126780680446269459e-02 2.225914823065637191e-02 2.085439894645716580e-02 2.205411715897720795e-02 2.098330820969627683e-02 2.100354505672383243e-02 2.111291060870998382e-02 2.126560006250830318e-02 2.566953318825103067e-02 2.098803712863825735e-02 2.239437677656941003e-02 2.420514360631237372e-02 2.175534740644909787e-02 2.245158877871180139e-02 2.485789386020431646e-02 2.177197787429530421e-02 2.458546512349437871e-02 2.204373553547777850e-02 2.247564670373984955e-02 2.489714372966582434e-02 2.462834558092901263e-02 2.428022267992585234e-02 2.491317538829402461e-02 2.362277669989854695e-02 2.452685551842268344e-02 2.421551092550959863e-02 2.391505460471657352e-02 2.341197966978182318e-02 2.452860807949465427e-02 2.602382188012716813e-02 2.314554730521816914e-02 2.301445615427178543e-02 2.326158138429895716e-02 2.491930439294760824e-02 2.481629637482194589e-02 2.546097774362877583e-02 2.518674008977784054e-02 2.454136125549168101e-02 2.450067124867573790e-02 2.571058176740203399e-02 2.317664753999697236e-02 2.506599873663450592e-02 2.519760084852398080e-02 2.540169390723257675e-02 2.497140318224382385e-02 2.181706181595783473e-02 2.377425756330371967e-02 2.515650403702495916e-02 2.242518247512342161e-02 2.494675045028996521e-02 2.523254047207411366e-02
1.896102801129057047e-02 1.852386162032168548e-02 1.647817350985055981e-02 1.463648159289568720e-02 0.000000000000000000e+00 1.648578908883847546e-02 1.754978161997226838e-02 2.048211603944553524e-02 1.948034278252017137e-02 1.783941491923145967e-02 1.912631737990493769e-02 1.501541599567057968e-02 1.906810616300576994e-02 1.467615570320586482e-02 1.936058832439585542e-02 1.511434192675410217e-02 1.644662319385325339e-02 1.678966002029217905e-02 1.698316514655437773e-02 2.025318381486208505e-02 2.253867014709608554e-02 1.528171083061142556e-02 1.973935167486793804e-02 1.829327161236424248e-02 2.778220471962411509e-02 1.467872971801463533e-02 1.729330556279943393e-02 2.588447550783460130e-02 1.496839915704086324e-02 1.402357978299806178e-02 1.776083598387221893e-02 1.569740403552763799e-02 1.787271962577775472e-02 1.717968200408628507e-02 1.499569835034709163e-02 1.313514601838737875e-02 1.845185980024896186e-02 1.696559347667324358e-02 1.729886787948764493e-02 1.444459017984946712e-02 1.695687349941079128e-02 1.835156719290481978e-02 2.030599501275564059e-02 1.430279919190463427e-02 4.395253419269441048e-02 1.506765400489261560e-02 1.477899496367973860e-02 2.267492340002331616e-02 2.208887584347060326e-02 2.567864246183395108e-02 2.495440967895738021e-02 2.575021019136263314e-02 2.005637005101506068e-02 4.409998468328436838e-02 2.099230650902090059e-02 2.671763362418600254e-02 3.291607470142562941e-02 1.954247369591225261e-02 2.219560363686583562e-02 1.923640477928353562e-02 3.095100188459574617e-02 2.373992197716982833e-02 2.019742073142574701e-02 1.816665775505713759e-02 2.528632762363361777e-02 2.326522427404322316e-02 1.995030847650276426e-02 2.246045201648765727e-02 2.083193051587965000e-02 2.991165237049894093e-02 2.312454071052509261e-02 2.329281579428301233e-02 1.795560078072363369e-02 2.098781719945705740e-02 1.949127046031780622e-02 2.272961495507415733e-02 2.004597842994495019e-02 2.092900229093467082e-02 1.989802117728211098e-02 2.066299454038236783e-02 2.244459932236284733e-02 2.075366241785805629e-02 2.097265730114547186e-02 2.041918902399522326e-02 1.967019200394646769e-02 2.649810556685363444e-02 1.963530223432860197e-02 1.992678988488921082e-02 2.152533332398672353e-02 1.943485247451559247e-02 1.989154572070862131e-02 2.230023598899028708e-02 1.913383346516236289e-02 2.195700078537961286e-02 2.032425020522347914e-02 1.984917771658105401e-02 2.235838197464080565e-02 2.189336737965476634e-02 2.426902846887569673e-02 2.242140765936372765e-02 2.092184840085909228e-02 2.308666694792253088e-02 2.142131395912411779e-02 2.164181477244864552e-02 2.081376277598624008e-02 2.176685814367444391e-02 2.406784246802154068e-02 2.049352567498826869e-02 2.052065825605197541e-02 1.925494836092604342e-02 2.222815637838965880e-02 2.220077479255927813e-02 2.294327213919672426e-02 2.280253217627139367e-02 2.193176693182047332e-02 2.198458992735240897e-02 2.336648565633238014e-02 2.088036894248133588e-02 2.260782800182368699e-02 2.265675657318272015e-02 2.289879553705905652e-02 2.239610980229150144e-02 1.958603083693722172e-02 2.161171759768242343e-02 2.261817242665270164e-02 2.031665275698895171e-02 2.225211496045348750e-02 2.260391224441780922e-02
1.768129061683835004e-02 1.635141329772762941e-02 1.633350799654511437e-02 1.512017255927642669e-02 1.648578908883847546e-02 0.000000000000000000e+00 1.768099719361706026e-02 1.905630151253087656e-02 1.630596244362466501e-02 1.638149702862383428e-02 1.814732711679498123e-02 1.563696717728035174e-02 1.788141590633296127e-02 1.418597557907203682e-02 1.830424599486226919e-02 1.512447004369195727e-02 1.551126926247273219e-02 1.375038225937641467e-02 1.638128348767241629e-02 2.031730473127305037e-02 2.275198871825623650e-02 1.662880636648669461e-02 1.845206288146960041e-02 1.664040589526557049e-02 2.459463783433751827e-02 1.579331613572611606e-02 1.489287371579515844e-02 2.212401489931573040e-02 1.683328334235250495e-02 1.644376833659635245e-02 1.663566372462899068e-02 1.543643947602422323e-02 1.949714769688623561e-02 1.586116791786208735e-02 1.514562170980751112e-02 1.695542760122251136e-02 1.825063619304895593e-02 1.922167882712080139e-02 1.886932429168376377e-02 1.597536988476364744e-02 1.519713758317213850e-02 1.863648613597550241e-02 1.875004562683741174e-02 1.659709353876997334e-02 4.244240610293210231e-02 1.570274573702159365e-02 1.713279045488381655e-02 2.063167725413925929e-02 2.018779966444440854e-02 2.363657446326345932e-02 2.270978646454695563e-02 2.369041695350721996e-02 2.039069808846746129e-02 4.152990466389303720e-02 1.937935933241448708e-02 2.465814525168597698e-02 3.053513168842530295e-02 1.967407247058164735e-02 2.046903671515497639e-02 1.942915978631828272e-02 2.710597353875992058e-02 2.189325298114233598e-02 2.120239829545047736e-02 1.853945161409976256e-02 2.326997963423830390e-02 2.131502013482658442e-02 1.866366691867363953e-02 2.057541893898471794e-02 1.953169262605190457e-02 2.769504798993384018e-02 2.127396148522395572e-02 2.100050652885527072e-02 1.873568911591507249e-02 1.938699639131140698e-02 1.974916914144593527e-02 2.096388108741103692e-02 1.836723171894489443e-02 1.940571211892367157e-02 2.085939016363923260e-02 1.905611443097025501e-02 2.072387654406843832e-02 1.906373961164900543e-02 1.928521649403461963e-02 1.938445714256937721e-02 1.958722980168920921e-02 2.442810944724604569e-02 1.907591687597239016e-02 2.078793714634888379e-02 2.303550359158859639e-02 2.022094011199109670e-02 2.117746872757604246e-02 2.427878678530005080e-02 2.091970105750235939e-02 2.401657204666274997e-02 2.143006013149995753e-02 2.186572172852623008e-02 2.430536941027604605e-02 2.407435832166296072e-02 2.437652073018919952e-02 2.437351829433499414e-02 2.293748711844975641e-02 2.393893875121275161e-02 2.360638238724530394e-02 2.331729301551915129e-02 2.263825772647647117e-02 2.383092631859478477e-02 2.554246568721157962e-02 2.236358372839468422e-02 2.254829455486330111e-02 2.285474930752290010e-02 2.425159233514745730e-02 2.415303751563090823e-02 2.468696613514474725e-02 2.450552383073683130e-02 2.366602652368748200e-02 2.383756204549889943e-02 2.494471192844419788e-02 2.224818345119193921e-02 2.427737572135384159e-02 2.448609613217117217e-02 2.469869574401243120e-02 2.410605781875488005e-02 2.143197022024203452e-02 2.326145609770124620e-02 2.437300688749136426e-02 2.140720476201500924e-02 2.419123389362624540e-02 2.440314847657674632e-02
2.308365817443186127e-02 2.199293666653198351e-02 1.446912742074109824e-02 1.862194833586434950e-02 1.754978161997226838e-02 1.768099719361706026e-02 0.000000000000000000e+00 2.432496628499475691e-02 2.361882853161662368e-02 2.163817115747436112e-02 2.369815042805013122e-02 1.699400699720348892e-02 2.313592361439080133e-02 1.754321165874639724e-02 2.316777841089927639e-02 1.967471047318041649e-02 2.058970846647071098e-02 2.018084041070875023e-02 2.126870026529333740e-02 2.603550954127361108e-02 2.818114188389076250e-02 1.662484519684995915e-02 2.393642125713019500e-02 2.206530265982651132e-02 3.074348448790563751e-02 1.817292599518313678e-02 2.003667987558909250e-02 2.963455117808112133e-02 1.614270370217029543e-02 1.710868566360349008e-02 2.190611423956398060e-02 1.970152240025249690e-02 1.386236899710440763e-02 2.096037508356586587e-02 1.865440531607673313e-02 1.680491640760548716e-02 2.370932397206151204e-02 1.437206331000409620e-02 1.256045037265177654e-02 1.688054977772225282e-02 2.052325665158004006e-02 2.414294273546474870e-02 2.424011744615202357e-02 1.704750470455898212e-02 4.880891743189615106e-02 1.902532339782864526e-02 1.636725322817805806e-02 2.429331092535238004e-02 2.344593348479444631e-02 2.755036247399609076e-02 2.675622259276952755e-02 2.791375657353941872e-02 1.949092840608905239e-02 4.686138690651221739e-02 2.226825006740311419e-02 2.900011199973437717e-02 3.536504060196062060e-02 1.904832605751780386e-02 2.372942470363807385e-02 1.874156001197078286e-02 3.316129303028182013e-02 2.538136317879180828e-02 1.730729776677062196e-02 1.901088392790467596e-02 2.780687316598089501e-02 2.609622320963480777e-02 2.170667675350762896e-02 2.410336053746832061e-02 2.201430145141805225e-02 3.223704802838420203e-02 2.498250980872687710e-02 2.512805668615839677e-02 1.743650004951657201e-02 2.224391804572356870e-02 1.855430614386996413e-02 2.435939554518110409e-02 2.182846917209645132e-02 2.203213539613937955e-02 1.762019500553839782e-02 2.187442941074643418e-02 2.412050749307880285e-02 2.198602573515021433e-02 2.222300070428465460e-02 2.146073879747600541e-02 2.015642957617599235e-02 2.840850165391616694e-02 2.023738841068948788e-02 1.667913087601062549e-02 1.729014946388500104e-02 1.820997018952124138e-02 1.646285878356372467e-02 2.075954736575895063e-02 1.726190255144620031e-02 2.130542044924360959e-02 2.230897013052603184e-02 1.976552376487364371e-02 2.117408258899730611e-02 2.053286323555139278e-02 2.686406787004049293e-02 2.127265153186441715e-02 1.855144268953053469e-02 2.487291323558915926e-02 1.962251047259616979e-02 2.299934607146441462e-02 1.961556861442700569e-02 1.899701630648964815e-02 2.536772693468234210e-02 1.894744573084773329e-02 2.107552235912168656e-02 1.851077749733612970e-02 1.973697758498879282e-02 1.891299913009716893e-02 1.928555527353948557e-02 1.929937192807022750e-02 1.801016423815991405e-02 1.852588380274571705e-02 2.009719594252291214e-02 1.759749894009168120e-02 1.887463256982624057e-02 1.893374432271622068e-02 1.928518805448054679e-02 1.845780866111170967e-02 1.671142058818335038e-02 1.825812986159935924e-02 1.876897708546744481e-02 1.871406160841200539e-02 1.866417253141466545e-02 1.857158750301647274e-02
1.575349191102577012e-02 1.408387094269290297e-02 2.289779611973093154e-02 1.777393846592182150e-02 2.048211603944553524e-02 1.905630151253087656e-02 2.432496628499475691e-02 0.000000000000000000e+00 1.532073902023458820e-02 1.569814706212068270e-02 1.494996549253971817e-02 2.050688951133917623e-02 1.503024483938793406e-02 1.872680646895307638e-02 1.283357207503498312e-02 1.866915542336231026e-02 1.696279104456587319e-02 1.740167193548749699e-02 1.670320795605367836e-02 1.615424017593913505e-02 1.605372986185864617e-02 2.190767569366388473e-02 1.526254117092353847e-02 1.566911446402210681e-02 2.074144557852349025e-02 1.938280784599957784e-02 1.757399838031458231e-02 1.951068452254572233e-02 2.116981630581682775e-02 2.019093111865431431e-02 1.656961240184298342e-02 1.674981124866928642e-02 2.307067123804707257e-02 1.531035986298647476e-02 1.852371441797120641e-02 2.147095798481916951e-02 1.490613520761112538e-02 2.196259591744216533e-02 2.222912503329009873e-02 1.996278825735379667e-02 1.724053297548111194e-02 1.472861205749524324e-02 1.310985990454697700e-02 2.089893076471973157e-02 3.591880414296044766e-02 1.928455414454693234e-02 2.131700817091486400e-02 2.345483916226833929e-02 2.388683568595920820e-02 2.400507398462167069e-02 2.361075052695991300e-02 2.358925777281261141e-02 2.563040417235557325e-02 3.984116808048239478e-02 2.362289192756845610e-02 2.391321179074637829e-02 2.920476855770312227e-02 2.514754344999372768e-02 2.329019929348117093e-02 2.488492470845746554e-02 2.794099193889690996e-02 2.397796841113726193e-02 2.656485705629538230e-02 2.356342564210348045e-02 2.271759413907496403e-02 2.082614740968487255e-02 2.255780472436260883e-02 2.276053129613947110e-02 2.382354644636784646e-02 2.733298654041251344e-02 2.332916645615456391e-02 2.247454201621490455e-02 2.389109863625458324e-02 2.378606209279841843e-02 2.529429383651777760e-02 2.332005293141556704e-02 2.000094377702308843e-02 2.399358781531000379e-02 2.618001443548445203e-02 2.353143027042365124e-02 2.333267090688554909e-02 2.367847755273385507e-02 2.350771091446010597e-02 2.401010984504587872e-02 2.453507905318037807e-02 2.473166441955486003e-02 2.424294365892285669e-02 2.653238706962390836e-02 2.852834338599825881e-02 2.554636371289523492e-02 2.657261026031416951e-02 2.861113334751243936e-02 2.577367072088097497e-02 2.825356523584771767e-02 2.511217348380846703e-02 2.630244343900377951e-02 2.859819542140673923e-02 2.843338296984434035e-02 2.637543879364785335e-02 2.861116763162857568e-02 2.758673543538489592e-02 2.747131509265780813e-02 2.810776839068494098e-02 2.723057087923960382e-02 2.722069362934614531e-02 2.856261195733793973e-02 2.909928919661671637e-02 2.702294077558539329e-02 2.658849118332432329e-02 2.746315581797888553e-02 2.887930330365657064e-02 2.912338056021340077e-02 2.975390215021765303e-02 2.948949249765845174e-02 2.891241095790917509e-02 2.876903931546909501e-02 2.986863097653318783e-02 2.743332123968817565e-02 2.941192380745927606e-02 2.956918936407114049e-02 2.972323425035725691e-02 2.934996643643108735e-02 2.635530661582677348e-02 2.822321129425294298e-02 2.953488950109253025e-02 2.651841397974780135e-02 2.926216449984031867e-02 2.963012117628381972e-02
1.484881112126874673e-02 1.572190676684647251e-02 2.232476570823173356e-02 1.574138845785151217e-02 1.948034278252017137e-02 1.630596244362466501e-02 2.361882853161662368e-02 1.532073902023458820e-02 0.000000000000000000e+00 1.616871346778027407e-02 1.314938357466608095e-02 2.004371353255387025e-02 1.605669568732969593e-02 1.824196730363163849e-02 1.566210530831224287e-02 1.609819534091275206e-02 1.667430749431037668e-02 1.674350411552036691e-02 1.703272861189634654e-02 1.384224245277296608e-02 1.797315967221145908e-02 2.049483140943184761e-02 1.497590418361920313e-02 1.601805301546516472e-02 2.119440869501544242e-02 1.941540701042568026e-02 1.707764429118341365e-02 1.774426209719658087e-02 2.093862326375464308e-02 2.003876621084142717e-02 1.575626544637919596e-02 1.770606615883776186e-02 2.422669167530310322e-02 1.684427366309272991e-02 1.808972569027137919e-02 1.955531188181082111e-02 1.489471146249109548e-02 2.354192883789428190e-02 2.358572415718309875e-02 1.988815685069584768e-02 1.692835802324850480e-02 1.407691529100264273e-02 1.474990285467176268e-02 1.987712432434578236e-02 3.629964291685511268e-02 1.858504910912461838e-02 2.082607564649483628e-02 2.197423392139540368e-02 2.249868795158560184e-02 2.301439573267701280e-02 2.235173287114201532e-02 2.257772019564050978e-02 2.459799995557517688e-02 3.872173651163274971e-02 2.236165950810380457e-02 2.314573733763802821e-02 2.833261442310824191e-02 2.393664989831884721e-02 2.221670217624499219e-02 2.370232819015248224e-02 2.519910038881328571e-02 2.279430843093523118e-02 2.574501503930114871e-02 2.255463499073907113e-02 2.159261502989595280e-02 1.940066651756101879e-02 2.130220268832379651e-02 2.186062951852282485e-02 2.272688245499887225e-02 2.601207879834643855e-02 2.196971292667049616e-02 2.126696194923418520e-02 2.310829549808696495e-02 2.245421789160640183e-02 2.411487441620473529e-02 2.225106078945644078e-02 2.074168259433601530e-02 2.268157271519019233e-02 2.532474496311395290e-02 2.223267605061280197e-02 2.219143176767033113e-02 2.226761279588399672e-02 2.221642288341785926e-02 2.287860660220124992e-02 2.355907164945068161e-02 2.359757913020886153e-02 2.299649257460464197e-02 2.542681043926790091e-02 2.779168626284810734e-02 2.462589902057669630e-02 2.576191897388160901e-02 2.813009245434569885e-02 2.531191487183264907e-02 2.775757518124562229e-02 2.471705205289384186e-02 2.570377393881145486e-02 2.810777556208660100e-02 2.794146234022181277e-02 2.599479025565706175e-02 2.813402282458816323e-02 2.710986777749425924e-02 2.694430510733229756e-02 2.761883677274639542e-02 2.668640401247205848e-02 2.665706760386576946e-02 2.807681625559925453e-02 2.865302613476217522e-02 2.645186341861309118e-02 2.614246582261956636e-02 2.689939038855423264e-02 2.836815792999843738e-02 2.831041388997850017e-02 2.907322042919743832e-02 2.882061606576668406e-02 2.824485439860940569e-02 2.812316738897874258e-02 2.913651716247008319e-02 2.655114980911996159e-02 2.872029002144997969e-02 2.891151783498977640e-02 2.906129679956467177e-02 2.866334427738275598e-02 2.561998694126518469e-02 2.752560029502919281e-02 2.887884163820357217e-02 2.554368545254707273e-02 2.862936204418773875e-02 2.899311334410118249e-02
1.555029452314913088e-02 1.359857751408026678e-02 2.024059039882492028e-02 1.525978158052957584e-02 1.783941491923145967e-02 1.638149702862383428e-02 2.163817115747436112e-02 1.569814706212068270e-02 1.616871346778027407e-02 0.000000000000000000e+00 1.533657908990372284e-02 1.624171888282074233e-02 1.492666397299806207e-02 1.570269637092139292e-02 1.367866842319711077e-02 1.595752646223884061e-02 1.282172041468957954e-02 1.505082657455203594e-02 1.476112458023261069e-02 1.789797873600500883e-02 1.939097872102207507e-02 1.906731566406029074e-02 1.632388368025852743e-02 1.455461685118356920e-02 2.139857798908938527e-02 1.721965463127488397e-02 1.570084183135192490e-02 2.096013060628922411e-02 1.878045838401745660e-02 1.743230234150848143e-02 1.546281430266147928e-02 1.585779404150421124e-02 2.193166277650140938e-02 1.530718986972091737e-02 1.601127620771143276e-02 1.886278843072159220e-02 1.512634192930798968e-02 2.127773547443123636e-02 2.109530291605837132e-02 1.781167447833352166e-02 1.487308701619626319e-02 1.412316155255564400e-02 1.390403838990190120e-02 1.824373017688826412e-02 3.831156580749515983e-02 1.690414112791448556e-02 1.893117734741639815e-02 2.243824818722050737e-02 2.250683251823771061e-02 2.459619410252155206e-02 2.398567381380348890e-02 2.436656281046191072e-02 2.353380976244424938e-02 4.152366167050880463e-02 2.208282493061632101e-02 2.511948982831795768e-02 3.055393450065651412e-02 2.303261885440160625e-02 2.212071898917763665e-02 2.277425992193442619e-02 2.904333156895198137e-02 2.332315389844060588e-02 2.426161332263862547e-02 2.130351090707399003e-02 2.355731087833328949e-02 2.158657295462206374e-02 2.102182598031464983e-02 2.199124896674472390e-02 2.219363047864236077e-02 2.837120347979780327e-02 2.272754417167282062e-02 2.237297841499908888e-02 2.167161581389737135e-02 2.215936439358894700e-02 2.312696916778064077e-02 2.242513063954425581e-02 1.994659296998921305e-02 2.235113579289431038e-02 2.387048990605595764e-02 2.187749354897142520e-02 2.221741097721089894e-02 2.202619430730198488e-02 2.192804699018467696e-02 2.227857961989721663e-02 2.262633585674883249e-02 2.533387544197931648e-02 2.230811832378395282e-02 2.412128463147188151e-02 2.596783583861328112e-02 2.332818189447296436e-02 2.415181338496169214e-02 2.636950854636586211e-02 2.319577314480679095e-02 2.607228653797070972e-02 2.331268032150934574e-02 2.407548845778290786e-02 2.639748710073827609e-02 2.617384966300823762e-02 2.489984695420455196e-02 2.641038280280687267e-02 2.521028105509145675e-02 2.567582054420229284e-02 2.577524837911038952e-02 2.526452526975114798e-02 2.493989104699443835e-02 2.616468316394491428e-02 2.724555160934873446e-02 2.473264241127893712e-02 2.447440897003537452e-02 2.507214917793252132e-02 2.652480250037598380e-02 2.660822274128094717e-02 2.722973917682595946e-02 2.699275189809080197e-02 2.635092691769178042e-02 2.625927498867127591e-02 2.744176503677695292e-02 2.490220354351485588e-02 2.686964340115698818e-02 2.700975522988178362e-02 2.719242933116667454e-02 2.676628148095287416e-02 2.381314245296581311e-02 2.572969496518337160e-02 2.697199919072560195e-02 2.417449882019990365e-02 2.672262883587795540e-02 2.702380116149561209e-02
1.323011404784479178e-02 1.527252524356033196e-02 2.207298403099854783e-02 1.650141112568303745e-02 1.912631737990493769e-02 1.814732711679498123e-02 2.369815042805013122e-02 1.494996549253971817e-02 1.314938357466608095e-02 1.533657908990372284e-02 0.000000000000000000e+00 1.979279177954447466e-02 1.508821848358242110e-02 1.929371855992434437e-02 1.466064904159129420e-02 1.702727985065825497e-02 1.638279216286053774e-02 1.669032538563386403e-02 1.609706435716430975e-02 1.367022238778400900e-02 1.644261056276515379e-02 1.910445981899482060e-02 1.523799654008948894e-02 1.564426750707701222e-02 2.006381887236580522e-02 1.900094076780432101e-02 1.703735996358082816e-02 1.908368383758855119e-02 2.046145402080144435e-02 1.922173522894003728e-02 1.586691482882424120e-02 1.699450425194471911e-02 2.399707276506589382e-02 1.659679409819724699e-02 1.733536604498893408e-02 2.025699487256509002e-02 1.405473963958291453e-02 2.312488448493573226e-02 2.337402048142839944e-02 1.965219599714467316e-02 1.656247123052470918e-02 1.266249134093032878e-02 1.486849164311556358e-02 1.795443833501229533e-02 3.582741977018771840e-02 1.823430292660656662e-02 2.060512350396095579e-02 2.317208657795573681e-02 2.360830008717391612e-02 2.441009018459410970e-02 2.385723538273986158e-02 2.396354409810716110e-02 2.520584225688785041e-02 4.028374291864513651e-02 2.333588072476654174e-02 2.454452834157378610e-02 2.979210054689122519e-02 2.469374193678654933e-02 2.314670090090886062e-02 2.443113554250119987e-02 2.802080687626460134e-02 2.387609700001499385e-02 2.610104733716513484e-02 2.297074742199801956e-02 2.295275490531113044e-02 2.073926590511342496e-02 2.205852905045993170e-02 2.280954076449570947e-02 2.353680102563992030e-02 2.760419900416287084e-02 2.313707791854911419e-02 2.256152328072414184e-02 2.344870292506584866e-02 2.344834885212827499e-02 2.483402371813166892e-02 2.323483317528168487e-02 2.146719055918921634e-02 2.368176535705007052e-02 2.568192057534589984e-02 2.322140663377816536e-02 2.313036523933132554e-02 2.314551859728158911e-02 2.322180165561675905e-02 2.366717370257665973e-02 2.421980743984303297e-02 2.502913025427716889e-02 2.386614365710051575e-02 2.594908257705345195e-02 2.793027298176623680e-02 2.509231080928290072e-02 2.600160110632911137e-02 2.801188044424844995e-02 2.503666827709347814e-02 2.766261191602970362e-02 2.460380589533333467e-02 2.568943317768349402e-02 2.801124424360958848e-02 2.782270402403975301e-02 2.585651652115469532e-02 2.801568459734062044e-02 2.695863662511788911e-02 2.695725377682883783e-02 2.747665314752022886e-02 2.668613051893367269e-02 2.663036948735020282e-02 2.794366198146658667e-02 2.857718847640138352e-02 2.643396938527046991e-02 2.601324800585123193e-02 2.677789930523950812e-02 2.826525607288900288e-02 2.839604958715395699e-02 2.907855644751029464e-02 2.878638050387732905e-02 2.825061388178361221e-02 2.807445967388060362e-02 2.919535856971744447e-02 2.669548184582629102e-02 2.872448288659084498e-02 2.886436542980920852e-02 2.902276431423599437e-02 2.867307234737163577e-02 2.546015834278091486e-02 2.747893123957326905e-02 2.885778567044692058e-02 2.584671236930975724e-02 2.859289584721948912e-02 2.895691970861533071e-02
1.967895080207816144e-02 1.629196298862023787e-02 1.566034854834293111e-02 1.686688413031452519e-02 1.501541599567057968e-02 1.563696717728035174e-02 1.699400699720348892e-02 2.050688951133917623e-02 2.004371353255387025e-02 1.624171888282074233e-02 1.979279177954447466e-02 0.000000000000000000e+00 1.968744657992592753e-02 1.227998739836956739e-02 1.979672393540104700e-02 1.665643929669764767e-02 1.667056124655169613e-02 1.684135954012512537e-02 1.794709779437411723e-02 2.222120816636578844e-02 2.456155396741013103e-02 1.322244280484047643e-02 2.056752544775126285e-02 1.808982526362079915e-02 2.646396076157532876e-02 1.521585885882498386e-02 1.728214644712006490e-02 2.423758286835249465e-02 1.448238574041100374e-02 1.421986600577703451e-02 1.867248024911965718e-02 1.643352281688274449e-02 1.736915280590453636e-02 1.730632702834909373e-02 1.570284861674597909e-02 1.506032714073617627e-02 1.993845308475194339e-02 1.685817972264482337e-02 1.680444336649261627e-02 1.402192398012769986e-02 1.712645311344242541e-02 2.014264029478462364e-02 2.036845784895109646e-02 1.416379703491850092e-02 4.449651830109909584e-02 1.611817010557747842e-02 1.497755898775188048e-02 2.278054211073027302e-02 2.213733580990119576e-02 2.581339419581172787e-02 2.505031914956535460e-02 2.593657972457859631e-02 1.981593184040656222e-02 4.423487977859626163e-02 2.108832021813595789e-02 2.691379512256069501e-02 3.306759093638887009e-02 1.927317533542129147e-02 2.229441639004423048e-02 1.899172939747640829e-02 3.107944723778369167e-02 2.389375039590818997e-02 1.987231926854056072e-02 1.827042682667878726e-02 2.561527321094231660e-02 2.369742375015038496e-02 2.026385909282986397e-02 2.254379353442035119e-02 2.092284421592160992e-02 3.023371399642909435e-02 2.343307021902386184e-02 2.336556603806194676e-02 1.773871163089743228e-02 2.110463287710850205e-02 1.921118279149942876e-02 2.287334380912432394e-02 2.012306460564468324e-02 2.098061739128942449e-02 1.962419027213036654e-02 2.073143126958415169e-02 2.263260480579107684e-02 2.059704330593208413e-02 2.103562862370540743e-02 2.046651129267820085e-02 1.959915777902761919e-02 2.663771084346717305e-02 1.957518322414948664e-02 1.959608651789156164e-02 2.116197437256795225e-02 1.928317462032654722e-02 1.961749895644061131e-02 2.270239780016927028e-02 1.913448583928157448e-02 2.257641202171951217e-02 2.125301682380512786e-02 2.049937225558319878e-02 2.280645676215415155e-02 2.248246755930540658e-02 2.526004788574012436e-02 2.285433977180642562e-02 2.118016126385728962e-02 2.391775949034365134e-02 2.192896774427998893e-02 2.247413153249964296e-02 2.115939152066092718e-02 2.198997081874428175e-02 2.476707364452937141e-02 2.083134244134659738e-02 2.125685818180881453e-02 2.109093035469468413e-02 2.249975523136198488e-02 2.219241842221856761e-02 2.272260509072374091e-02 2.259130031930347421e-02 2.166873919966475978e-02 2.185041464292602348e-02 2.315066384474252781e-02 2.038514023864567218e-02 2.231079545750631193e-02 2.245000937992986875e-02 2.270299727486725996e-02 2.207787515746541251e-02 1.955236270708313531e-02 2.138299193464155215e-02 2.236087203509623186e-02 2.012123322875555842e-02 2.217816053004835822e-02 2.228894731644913418e-02
