0.000000000000000000e+00 8.322885288494317330e-03 8.775593430833372385e-03 8.049870415789615180e-03 8.350355701276315074e-03 8.904649215048850847e-03 8.090706019199346566e-03 8.326209711109691311e-03 7.846820648997467756e-03 8.915704764491201237e-03 8.732351443190044735e-03 8.240848136068169155e-03 8.064674329509408449e-03 8.115481407038436720e-03 1.069070292067289714e-02 8.453835207922515832e-03 8.923249425505529533e-03 8.425534208780159975e-03 8.816733547887735389e-03 8.238830209283563508e-03 8.487619943331605604e-03 8.673079068392666735e-03 8.320106637919988390e-03 8.290576300641248897e-03 8.128194171017982805e-03 8.237816298578753971e-03 8.689707138047895671e-03 8.334910381941382229e-03 8.090321396473669144e-03 9.094199016928110682e-03 8.710797107534832759e-03 8.020642245197797532e-03 8.941245513970432629e-03 9.696271181917636567e-03 8.782132219550663893e-03 8.823938770399416057e-03 9.658193749000825584e-03 9.408122891655728084e-03 1.026876912659046605e-02 8.862613655571668220e-03 9.040671344268953746e-03 9.369067633389413854e-03 1.134543432841450018e-02 9.302156355400579418e-03 9.647979674745095838e-03 8.862033174089662887e-03 9.073639749095229953e-03 9.290983778768217502e-03 9.222981310137410432e-03 8.663474611246849144e-03 9.326116888625208753e-03 9.046530928239397348e-03 9.736578289475513945e-03 8.765243003997452362e-03 8.788262580188114376e-03 9.110951225787278576e-03 8.989333056421612567e-03 9.040847286058546067e-03 9.164569408173482007e-03 8.516338020081266544e-03 8.532023970389721393e-03 8.842225648524985882e-03 8.878447963167713369e-03 9.210603217499991474e-03 9.152517550570418020e-03 9.168888565894869197e-03 9.111733198007057263e-03 8.967466937640182836e-03 9.568493033090718497e-03 9.089739742636406689e-03 9.972174456912574064e-03 8.791261751832674110e-03 9.263693482061484408e-03 9.297404783146355489e-03 9.387762237951458033e-03 9.002831947744970378e-03 9.766130931786753261e-03 9.155901210879183183e-03 9.617321432911735829e-03 9.422433830827194393e-03 8.973711558671503691e-03 9.271451370308865167e-03 9.755368253879646845e-03 8.563837745502659096e-03 9.245030267604944715e-03 9.164701816530548828e-03 9.029168297704757290e-03 9.236921055242987635e-03 9.097232687918344052e-03 9.135271805185821159e-03 9.623218279690398669e-03 9.947970407451075039e-03 8.980042626712829781e-03 9.105257398674375044e-03 9.549344125499712593e-03 9.135730953346537023e-03 9.693680186539193472e-03 9.261317612762305987e-03 9.468240739021799648e-03 9.079049747441695836e-03 8.731960031743365297e-03 1.012361776290720064e-02 9.221643352122065734e-03 9.513867925373328815e-03 9.079372710778426184e-03 8.995147368924823195e-03 8.979791071656433379e-03 9.588398108769257203e-03 9.238222769690032990e-03 8.463855214032730070e-03 8.953647529318094905e-03 8.967450540058867492e-03 9.509311224068181870e-03 8.942341096223981392e-03 9.736852548659483131e-03 9.352291401947059393e-03 8.952088741304663894e-03 8.975228053488430724e-03 8.755117171280982213e-03 9.261440377301317917e-03 9.946220339706943539e-03 9.088592697013017987e-03 9.089792915763136513e-03 9.673079166556207420e-03 8.645383908284639748e-03 9.718017374035842898e-03 9.391022238261872643e-03 8.979233950539757675e-03
8.322885288494317330e-03 0.000000000000000000e+00 7.776885800309770586e-03 6.993964227142076932e-03 7.600498409528119552e-03 7.953133678047894992e-03 7.500197531270956161e-03 7.593983989420914453e-03 6.998566616307640674e-03 8.267813997558494735e-03 8.303715637316126663e-03 7.494349204307656706e-03 7.262600934211161686e-03 7.300002719359505003e-03 1.008814572480128124e-02 7.635386784828750682e-03 8.308710475992632863e-03 7.928568684241021902e-03 7.874640394232978319e-03 7.467138047454749232e-03 7.745287803793205611e-03 7.693930000695408007e-03 7.583057961220765128e-03 7.562605455876534460e-03 7.340092663515406131e-03 7.381915226598194379e-03 7.698897402404526052e-03 7.602075291072943330e-03 7.326490903788454405e-03 8.512145063696668207e-03 7.743155768594452669e-03 7.227621763426381185e-03 8.153939914268867883e-03 8.985573359298341251e-03 7.973760311568281467e-03 8.026763805331750198e-03 8.943738467106486859e-03 8.673462438216856737e-03 9.608264332289371407e-03 8.064045989617529137e-03 8.262322190630649182e-03 8.625890378666662903e-03 1.075925308665034302e-02 8.551788213175846171e-03 8.932679517540641212e-03 8.063305501277852338e-03 8.298523390844692038e-03 8.539785227194486572e-03 8.472095324683060619e-03 7.840579847630934490e-03 8.571569612708353908e-03 8.275364299102373408e-03 9.030005549761686498e-03 7.960669640855694978e-03 7.983710131264825163e-03 8.347013445953439456e-03 8.018612009607765587e-03 8.268800837210151661e-03 8.406285197008929455e-03 7.675458669285726253e-03 7.699377378992505218e-03 8.041001091430785563e-03 8.087318121956085445e-03 8.450700440562033261e-03 8.406483901748395757e-03 8.424297623161618523e-03 8.360215159185658412e-03 8.202257512293852429e-03 8.864364932872320635e-03 8.330860937055288226e-03 9.305381668828448943e-03 8.002984715786103445e-03 8.528216842585530783e-03 8.566010842006425291e-03 8.665490862112091436e-03 8.239374904915842610e-03 9.080798955548126036e-03 8.409786436020468686e-03 8.918070675323346019e-03 8.703995094424371928e-03 8.205599691762427775e-03 8.537383179091228777e-03 9.069175949589470057e-03 7.747837317206380560e-03 8.507566909852836562e-03 8.419402027702771810e-03 8.268833669622503019e-03 8.499594603129679085e-03 8.345608591288926695e-03 8.386507681756987312e-03 8.924893166505630179e-03 9.279047181061492525e-03 8.212124790798970911e-03 8.352058289079672404e-03 8.843359261211717476e-03 8.387136917738978459e-03 9.001551550051483525e-03 8.526399994191354720e-03 8.756688227496613880e-03 8.322635277584302868e-03 7.936555387679225179e-03 9.469818556727968920e-03 8.482114855317380089e-03 8.795076391963306192e-03 8.323885421476754157e-03 8.230913344701811657e-03 8.213395484516907569e-03 8.886591485248339015e-03 8.500373791195971890e-03 7.635015621909295100e-03 8.183202767620863238e-03 8.199189355397987905e-03 8.799177793069243997e-03 8.173475915038563508e-03 9.049046245141165873e-03 8.628648364101362822e-03 8.185200230564793067e-03 8.207098921124814789e-03 7.963122520138287905e-03 8.526133792060346106e-03 9.276815614771258961e-03 8.332500442545333341e-03 8.335880942871581531e-03 8.978889938459392109e-03 7.839538695734185603e-03 9.027445462057116787e-03 8.669001818074095408e-03 8.212763348918067710e-03
8.775593430833372385e-03 7.776885800309770586e-03 0.000000000000000000e+00 7.490268498343667126e-03 8.022511733870623524e-03 8.354732124900430407e-03 8.001837049435783084e-03 8.027682380142986060e-03 7.489729081387257702e-03 8.658526116396565719e-03 8.764693818393455918e-03 7.918084269202665948e-03 7.740386523801798084e-03 7.798457634707723837e-03 1.008441307829798829e-02 7.900295110830677855e-03 8.950406021611975391e-03 8.163847915247081366e-03 8.300837835041024321e-03 7.911406114872447659e-03 8.177266019105698669e-03 8.133492248035369132e-03 8.026723985810361658e-03 8.221168211846737253e-03 7.994936938689051198e-03 7.657077150067035168e-03 8.119784365912978419e-03 8.258870568945872806e-03 7.999254844749597443e-03 8.869781354196092787e-03 8.149782979133187236e-03 7.919839677916420614e-03 8.638714177667582497e-03 9.422059303039445957e-03 8.471775493139436369e-03 8.515837170998609429e-03 9.382860810575552671e-03 9.132215741446774587e-03 1.001388306512428390e-02 8.556254880823831524e-03 8.741362112879092275e-03 9.083156934518107212e-03 1.111873058612189956e-02 9.013016597823135176e-03 9.371922451468929494e-03 8.555141641156024587e-03 8.775496604094695091e-03 9.001365898892875819e-03 8.931765512169278706e-03 8.347678263420003561e-03 9.028927195291943167e-03 8.747558600223675346e-03 9.463976155115492311e-03 8.453478848595173678e-03 8.485997111529372874e-03 8.814933003652361890e-03 8.680792036875275078e-03 8.741565554372308228e-03 8.870339919388023700e-03 8.193978015925622999e-03 8.211101753176158757e-03 8.534373669568417684e-03 8.572211123054151657e-03 8.917756067622045757e-03 8.849983085403951774e-03 8.874241450958643418e-03 8.814417897523988896e-03 8.670777573168118174e-03 9.288845984541960546e-03 8.785666351050191655e-03 9.706906806064065710e-03 8.480226593028968377e-03 8.972571810778998125e-03 9.007594448918266120e-03 9.101341001617063026e-03 8.701156256062929362e-03 9.493365780356725556e-03 8.860942558530867513e-03 9.339547170372662285e-03 9.137675772702568214e-03 8.670409484237940126e-03 8.980845109267207582e-03 9.482907682398520124e-03 8.243118271986461798e-03 8.953182187082740426e-03 8.869475811557113107e-03 8.728630100078019899e-03 8.937403654053148461e-03 8.800178197188496948e-03 8.839198776730774684e-03 9.346131462433201684e-03 9.681668674670729918e-03 8.677090487548944076e-03 8.807769235509688155e-03 9.269009310172944549e-03 8.839700477162447390e-03 9.419241073298799394e-03 8.970766759647219937e-03 9.185624737544790738e-03 8.780200636629749075e-03 8.418661294192223560e-03 9.863774591458440016e-03 8.929388368204258658e-03 9.214393646662353415e-03 8.780643600645753055e-03 8.693694891645807610e-03 8.677063284794018713e-03 9.310236152274393995e-03 8.946550204982525040e-03 8.138599752840406168e-03 8.649633183921489471e-03 8.664042642272841085e-03 9.228038320436397074e-03 8.638789337506634636e-03 9.464025140972281633e-03 9.065474290299064750e-03 8.649543128045304383e-03 8.672647073425734585e-03 8.443525779099325321e-03 8.970170659661141216e-03 9.679770590942321853e-03 8.789823845529683155e-03 8.792143209012755548e-03 9.397867785460757920e-03 8.328312612862914105e-03 9.443532273171848998e-03 9.104686978199369451e-03 8.676524375215816445e-03
8.049870415789615180e-03 6.993964227142076932e-03 7.490268498343667126e-03 0.000000000000000000e+00 7.295889964953295066e-03 7.671930978006120082e-03 7.000718674577585156e-03 7.477347884212713104e-03 6.643371622152425410e-03 8.029162300921851084e-03 7.844648045064274433e-03 7.178938722735135787e-03 6.919577505978799330e-03 6.991600668914174643e-03 9.599358028834839573e-03 7.142543233921715660e-03 8.044500964066478993e-03 7.438285790493311643e-03 7.596143564842082474e-03 7.149185592352213896e-03 7.456094790744409971e-03 7.405243855102995078e-03 7.296219446887844927e-03 7.257664529590102283e-03 6.999213526239672287e-03 6.873214434404836641e-03 7.402710731885858188e-03 7.302475092887296057e-03 7.183011420920443896e-03 8.479658471325991417e-03 7.432940041448100887e-03 6.894834434753787517e-03 7.855147717265807336e-03 8.720443147523281383e-03 7.664394162126287810e-03 7.713365354447910931e-03 8.677167697556291762e-03 8.395474301916850887e-03 9.363709599500303141e-03 7.760061829682626811e-03 7.967040767233575169e-03 8.346338867873181327e-03 1.054238732673591812e-02 8.269529717035147692e-03 8.665498897213561036e-03 7.759123542261200067e-03 8.005537360440651354e-03 8.256422171569934715e-03 8.179264530411780795e-03 7.523823533830270582e-03 8.291374450398472651e-03 7.973596401646795145e-03 8.766616015925191366e-03 7.643174388670138583e-03 7.675880546929300836e-03 8.049586614869886844e-03 7.903163938749856871e-03 7.966523975923180470e-03 8.109974591658590873e-03 7.350557861848404893e-03 7.369612744878699731e-03 7.735474176925850702e-03 7.776329551788675742e-03 8.164189237886131448e-03 8.082919841152036086e-03 8.106149875978770417e-03 8.032844342082812519e-03 7.868673207681855727e-03 8.558380119231503991e-03 7.837691081837913978e-03 9.022092404099468083e-03 7.659094545724736205e-03 8.215087341931878034e-03 8.247598634231292566e-03 8.351410177238361224e-03 7.906255464268017313e-03 8.782746337274877427e-03 8.090967033640509773e-03 8.613696813745071873e-03 8.391549060264496401e-03 7.871921294746087386e-03 8.218156782528044865e-03 8.777477456053256466e-03 7.390974040834515264e-03 8.187204449704133316e-03 8.094854421471725861e-03 7.937456861841361150e-03 8.179336604309771219e-03 8.019774027830160398e-03 8.060169524669721572e-03 8.627472582756926661e-03 8.988603592450659235e-03 7.879375375189921760e-03 8.024615143184553323e-03 8.536427247553615705e-03 8.067393474534599943e-03 8.718133136344119460e-03 8.224383615034913664e-03 8.464843165166361164e-03 8.011888822632092649e-03 7.606758211561923284e-03 9.202345672211106886e-03 8.178098237815607449e-03 8.499396369612003538e-03 8.012702794307489593e-03 7.915611184535615436e-03 7.897122628317524221e-03 8.598979241474732221e-03 8.197113282923005131e-03 7.289336111806375348e-03 7.865951068331636722e-03 7.881700108979830532e-03 8.508157251471949734e-03 7.856882647153730706e-03 8.767485430202290667e-03 8.332496441067364923e-03 7.868569568133991846e-03 7.891166093131708748e-03 7.634889764904504925e-03 8.223868696450944288e-03 9.002840469670344084e-03 8.020704725676794725e-03 8.025415313701631664e-03 8.694726604759834068e-03 7.504671142217203376e-03 8.744149394517777493e-03 8.372669264387053167e-03 7.896429842418352038e-03
8.350355701276315074e-03 7.600498409528119552e-03 8.022511733870623524e-03 7.295889964953295066e-03 0.000000000000000000e+00 8.191890489957259075e-03 7.600272323910487772e-03 7.860248967058201114e-03 7.293514727156366444e-03 8.751213084914888363e-03 8.567292687303362450e-03 7.750797954573240139e-03 7.542143841047142805e-03 7.591057301927941862e-03 9.964611058922380818e-03 7.931097406954331144e-03 8.526189178420786816e-03 7.971804038165938161e-03 8.133895476661575155e-03 7.731864564073220175e-03 8.205183595362932139e-03 8.191658227563781286e-03 7.847728549333793727e-03 7.823840055134406030e-03 7.799425025055256935e-03 7.495460345684298691e-03 7.967849543102324336e-03 8.080007739402032818e-03 7.607158342473290327e-03 8.979143689129524472e-03 7.967508438325237100e-03 7.509468867853878217e-03 8.457219980340918014e-03 9.259421624862321926e-03 8.285722826148013420e-03 8.330983158738298686e-03 9.219078913144784088e-03 8.955885756197198844e-03 9.862994019483576139e-03 8.372638136463952940e-03 8.562401482980805389e-03 8.912599328104448340e-03 1.098516282042077269e-02 8.840974680952564876e-03 9.208162383604605317e-03 8.371740671055656266e-03 8.597470406737119097e-03 8.829006915007556189e-03 8.757584972998271045e-03 8.158114292555572813e-03 8.858085710825610096e-03 8.568639701539855144e-03 9.302271400078502422e-03 8.266893863315593477e-03 8.300612765940401996e-03 8.637958439546193981e-03 8.501258793203743391e-03 8.562538670984691166e-03 8.694543997106285449e-03 8.000544798402236743e-03 8.017939094209593220e-03 8.350356063064534248e-03 8.388703725869937899e-03 8.743497319677228513e-03 8.683652350298026734e-03 8.701319493441666761e-03 8.639876951163983840e-03 8.492734547730864184e-03 9.125274676613693084e-03 8.610585392588606182e-03 9.551796035151719627e-03 8.296859322328044642e-03 8.801618456134394780e-03 8.837383555417898176e-03 8.933697388896082864e-03 8.523566118070436889e-03 9.334498687748261220e-03 8.687207823949043284e-03 9.176890722790698868e-03 8.970698707424867857e-03 8.491984542201218983e-03 8.810192009481250530e-03 9.323267258850463299e-03 8.053185119967477823e-03 8.781690172091408814e-03 8.696430161376181300e-03 8.551830362610694791e-03 8.773568487311081063e-03 8.632104992306693231e-03 8.665086267024831729e-03 9.183896765263238615e-03 9.526629743032510519e-03 8.498774875992778921e-03 8.632100436476950259e-03 9.105227442308927790e-03 8.665555286616780789e-03 9.256794757956401248e-03 8.798199763122930769e-03 9.018433094016300999e-03 8.602764890639278197e-03 8.231928971891337710e-03 9.710360040262272160e-03 8.755744310819338350e-03 9.048485839711227843e-03 8.603329599541702580e-03 8.514243977920291084e-03 8.497183916489823435e-03 9.145503784923403323e-03 8.773320380665852389e-03 7.944071817630416962e-03 8.468882988611908108e-03 8.483735406213289629e-03 9.061344143928269299e-03 8.457922360633550463e-03 9.302583195137903785e-03 8.895243545799099219e-03 8.469217991855676822e-03 8.492389993984657964e-03 8.257513001398960120e-03 8.797617074937981799e-03 9.522820113621894428e-03 8.612547248008067119e-03 8.615111595754728485e-03 9.234929279528184681e-03 8.139149306605511849e-03 9.281624216277810369e-03 8.935285619766718257e-03 8.496625874412912574e-03
8.904649215048850847e-03 7.953133678047894992e-03 8.354732124900430407e-03 7.671930978006120082e-03 8.191890489957259075e-03 0.000000000000000000e+00 7.938193965055174300e-03 8.181841917320450963e-03 7.675256917304197103e-03 9.065075351080564489e-03 8.625837951653555352e-03 8.309976868721374518e-03 7.877129048671629302e-03 8.169534369556544218e-03 1.019634167319151755e-02 8.069784773754333160e-03 8.817382234667651975e-03 8.546906810887657316e-03 8.675442823995642774e-03 8.283583790582024070e-03 8.328171744426845352e-03 8.516179313686995239e-03 8.408359865418393864e-03 8.391249152278301010e-03 7.980570929817959805e-03 7.856473861096230013e-03 8.290914428196016761e-03 8.201330648879852359e-03 7.965374503189820432e-03 8.990325829069535646e-03 8.540280243187399825e-03 7.879556158590855092e-03 8.767822549784393127e-03 9.521820551283179113e-03 8.588799696774838607e-03 8.640580729973668453e-03 9.482906703982045549e-03 9.240687362006705027e-03 1.011764596562321483e-02 8.679278431493207824e-03 8.853424879139124709e-03 9.198529985499376976e-03 1.121378595873494775e-02 9.119199288982594506e-03 9.471883313403966359e-03 8.670880187928275973e-03 8.886478208001412707e-03 9.107352987627737387e-03 9.049398225514610622e-03 8.468141940920496241e-03 8.900663940661890025e-03 8.859441412450810502e-03 9.574575970811688083e-03 8.572168422282549008e-03 8.604302101734290567e-03 8.925559396011447169e-03 8.794536783865315038e-03 8.853337812900513581e-03 8.980217510592974559e-03 8.317968376736080069e-03 8.341314545402520736e-03 8.650035235656010693e-03 8.687744507778373884e-03 9.026424476175113135e-03 8.982187398880578724e-03 9.005730597345024124e-03 8.946927678145307622e-03 8.800382087820588298e-03 9.413593085395133286e-03 8.919006687654077933e-03 9.825800651508641292e-03 8.618778037602739181e-03 9.101736542403305458e-03 9.137026015390122685e-03 9.229032896966053376e-03 8.835851295482238105e-03 9.615215809008072212e-03 8.992674264213981403e-03 9.463755297583210588e-03 9.264824590219036468e-03 8.804872881292519909e-03 9.110528291756838856e-03 9.604713137831245515e-03 8.385720330507169529e-03 9.083329439890906049e-03 9.001247198556118143e-03 8.862813368727223001e-03 9.068079150171281383e-03 8.932329504264605036e-03 8.971276049875373179e-03 9.470004458307233058e-03 9.800636340580249489e-03 8.811336304516978815e-03 8.940473463847064053e-03 9.394050348834557737e-03 8.971946865280846714e-03 9.542945342775215056e-03 9.102041813621784480e-03 9.312621211721555312e-03 8.914116834096564093e-03 8.559753955120336794e-03 9.981559404267446867e-03 9.061093859399986170e-03 9.340625591484789936e-03 8.915117012162694643e-03 8.829533208148087828e-03 8.813147954987056790e-03 9.435779761994833592e-03 9.078247577509211685e-03 8.284449425358971289e-03 8.785912571834598658e-03 8.800598954160319953e-03 9.354863839548746215e-03 8.782346843165424535e-03 9.587564059661954005e-03 9.202366047653424627e-03 8.785815976634024291e-03 8.807646733293181956e-03 8.584160145920819232e-03 9.101421760280916512e-03 9.799942733480783777e-03 8.923236222133531376e-03 8.926441581668689146e-03 9.522063619913784249e-03 8.470883879797339380e-03 9.566764661679629661e-03 9.233456934999878865e-03 8.812652895896845237e-03
8.090706019199346566e-03 7.500197531270956161e-03 8.001837049435783084e-03 7.000718674577585156e-03 7.600272323910487772e-03 7.938193965055174300e-03 0.000000000000000000e+00 7.575040575481415024e-03 6.995350763942060658e-03 8.501320219949266843e-03 8.062200899520028177e-03 7.479482215183658189e-03 7.252526901390165225e-03 7.506107320215929003e-03 1.009176000818157171e-02 7.440408601015655564e-03 8.296296859067539206e-03 7.711411486971529554e-03 7.875991895281330563e-03 7.451215328846380430e-03 7.729564045240903437e-03 7.696354596463327383e-03 7.769474769792395798e-03 7.535603322020552677e-03 7.333761396876550993e-03 7.208832265569186520e-03 7.710185094107044682e-03 7.579001300038713633e-03 7.309779217449366429e-03 8.500759369501290769e-03 7.744765842903122109e-03 7.227721395083118450e-03 8.191308210348751881e-03 9.015109033244501219e-03 8.005542769519329374e-03 8.052425300395299121e-03 8.973449589296033507e-03 8.702294367382644447e-03 9.636640715629869736e-03 8.096289319765708273e-03 8.293487216877452189e-03 8.656464419367402782e-03 1.078452055826776418e-02 8.582522580732819886e-03 8.962405094631351044e-03 8.095373932862252181e-03 8.330204336793531339e-03 8.569837233215709185e-03 8.495958371391176128e-03 7.872414547819102035e-03 8.601184946684627824e-03 8.299684183591572381e-03 9.059856127772865017e-03 7.985698972271752100e-03 8.014483675431833057e-03 8.371930263652311438e-03 8.237293861692602387e-03 8.293232592640137693e-03 8.430320255980347857e-03 7.708146870957941106e-03 7.725923049709234984e-03 8.072817019102545427e-03 8.112353701423770727e-03 8.481755020168476808e-03 8.411006705300729663e-03 8.435265828654281428e-03 8.371467950544332973e-03 8.213496139500878548e-03 8.874418772572376102e-03 8.342482025582513561e-03 9.314723557605162144e-03 8.015609062815339664e-03 8.539384066548109595e-03 8.576931522456183662e-03 8.676042871989784327e-03 8.251091919710408853e-03 9.090357046379468273e-03 8.421036057934015023e-03 8.928184215606484522e-03 8.714596189055252157e-03 8.217720211832330729e-03 8.548379956379420150e-03 9.078991483220772221e-03 7.760917738166841877e-03 8.518796066387189503e-03 8.430401202560076912e-03 8.280442626026843916e-03 8.503806578638316988e-03 8.357066042450071036e-03 8.397885272246552457e-03 8.934934622403335747e-03 9.288179735988548458e-03 8.224805551749281643e-03 8.364016843560015402e-03 8.853467715546474784e-03 8.398523796401857408e-03 9.013334077727860189e-03 8.539733493044548637e-03 8.769329855392849621e-03 8.337403644300828143e-03 7.951656383538865253e-03 9.480779997113572208e-03 8.495360089223245523e-03 8.816060324925082195e-03 8.338103903739341530e-03 8.244815095661630483e-03 8.227597867102056511e-03 8.898831092008912050e-03 8.513868741807529422e-03 7.650938446008215960e-03 8.198234729297803128e-03 8.213666404983973116e-03 8.811727452993222895e-03 8.193835786113882330e-03 9.061192905276245491e-03 8.648520380605427202e-03 8.198866111399647286e-03 8.221757988039521403e-03 7.977828993940606211e-03 8.539766785395717930e-03 9.288593755491099738e-03 8.346615515234322158e-03 8.349765839274922441e-03 8.991001024774868122e-03 7.854665972763606036e-03 9.039555349156361275e-03 8.682129827421284501e-03 8.226924937124216811e-03
8.326209711109691311e-03 7.593983989420914453e-03 8.027682380142986060e-03 7.477347884212713104e-03 7.860248967058201114e-03 8.181841917320450963e-03 7.575040575481415024e-03 0.000000000000000000e+00 7.278719948563824177e-03 8.739233005510854690e-03 8.321392000580402418e-03 7.735856136616980037e-03 7.730294338922321165e-03 7.605461071405254098e-03 1.029761914366138925e-02 7.718206365476472895e-03 8.751818732079101951e-03 7.962301958822541950e-03 8.113883624796819002e-03 7.916939732948071601e-03 7.983218192664185212e-03 7.949433093432128894e-03 7.817899121696217021e-03 8.009707067987991563e-03 7.611592461314388089e-03 7.489296699030301846e-03 8.174161220301227881e-03 7.841589930451529564e-03 7.589177104655757920e-03 8.699167160150161199e-03 7.990297832651031829e-03 7.513626964675909278e-03 8.449114309279814189e-03 9.251387251255478034e-03 8.276564130110250841e-03 8.321838733498281016e-03 9.210986608811417078e-03 8.947571931499094522e-03 9.855614231125874036e-03 8.363614778669863081e-03 8.553595476196223721e-03 8.904148655920251024e-03 1.097897583385120356e-02 8.832498674249306819e-03 9.200107160326898362e-03 8.362724221105692982e-03 8.588922746686503129e-03 8.820488634250611693e-03 8.749009736867693898e-03 8.148858206412017829e-03 8.849757184247719274e-03 8.559856311791923245e-03 9.294585804182516758e-03 8.257981329377377111e-03 8.284636892405375028e-03 8.629249205239743897e-03 8.493125821685319418e-03 8.553652674126346889e-03 8.685830848802105278e-03 7.991103668805175572e-03 8.008461216317319664e-03 8.341276926969986780e-03 8.379608121423982176e-03 8.735122499073561669e-03 8.667249258737871540e-03 8.691263482734060478e-03 8.629973425871578438e-03 8.477010998748540568e-03 9.116149205401708269e-03 8.606862019088210025e-03 9.543416181147850938e-03 8.287301114410989752e-03 8.791898589525386221e-03 8.828331876229148292e-03 8.924129336214607633e-03 8.513942630021789984e-03 9.325538519205291144e-03 8.677588705162749341e-03 9.168283249465704332e-03 8.961399982729901029e-03 8.481941298165955254e-03 8.800701965166857210e-03 9.314370501942897604e-03 8.042769957336028119e-03 8.772236172366870005e-03 8.686757843852074834e-03 8.542178167721257986e-03 8.756856804134816388e-03 8.615266130769667560e-03 8.655443330792579604e-03 9.174591382968309144e-03 9.517672104574093767e-03 8.488730100339243745e-03 8.623021075180438075e-03 9.095835183668882218e-03 8.655914263403187078e-03 9.250777068577697299e-03 8.792040007687594583e-03 9.019779721311928927e-03 8.596727865544663907e-03 8.225599058815284345e-03 9.704784201887998660e-03 8.749491789655254245e-03 9.058957303610047987e-03 8.597535766583905628e-03 8.507739275202708118e-03 8.491223582287503804e-03 9.139705112609902010e-03 8.766733466252511070e-03 7.937079794762927007e-03 8.462846073129200175e-03 8.477694021022901330e-03 9.055189472320774452e-03 8.452526150050355958e-03 9.296676966276645748e-03 8.890458889965799361e-03 8.468371774798788207e-03 8.485500152153071379e-03 8.250680113669247445e-03 8.792061581633188114e-03 9.517556161809555271e-03 8.606213360301720461e-03 8.608771032703204165e-03 9.228895116367189302e-03 8.132423756379496965e-03 9.276035477590401437e-03 8.929924476896283422e-03 8.490378167950013086e-03
7.846820648997467756e-03 6.998566616307640674e-03 7.489729081387257702e-03 6.643371622152425410e-03 7.293514727156366444e-03 7.675256917304197103e-03 6.995350763942060658e-03 7.278719948563824177e-03 0.000000000000000000e+00 8.021710941416664714e-03 7.827557942010725245e-03 7.148175715125815004e-03 7.082247873068783783e-03 6.994980601093638006e-03 9.610442732613503139e-03 7.149133196129193839e-03 8.255346030421377435e-03 7.442156494624229714e-03 7.609087601898639058e-03 7.135448063533798846e-03 7.639945846538665104e-03 7.407439348304721040e-03 7.283402536566624050e-03 7.248837672966680808e-03 7.004016384622501444e-03 6.867877657091480716e-03 7.413012409882837814e-03 7.295301604824547780e-03 7.010036771831314011e-03 8.246277090481132777e-03 7.446913311162337533e-03 6.902476559404568945e-03 7.873194107102920308e-03 8.736091472023163260e-03 7.683530667508257916e-03 7.732814808811974173e-03 8.692992353169741795e-03 8.412871068662534577e-03 9.377656847481539645e-03 7.778709973182579632e-03 7.985100724815905396e-03 8.363724007724655449e-03 1.055395009068859150e-02 8.286601500862397773e-03 8.681310001031863205e-03 7.777768080119405042e-03 8.023438532586184280e-03 8.273563645043351469e-03 8.196574713454638991e-03 7.543559011214861533e-03 8.308060593124017706e-03 7.991713225177558139e-03 8.782098598221122279e-03 7.662550144004750576e-03 7.694470538256056175e-03 8.067242296911152424e-03 7.921118085687621491e-03 7.984982620292983488e-03 8.128153566253999360e-03 7.370779658523929877e-03 7.389824966499357675e-03 7.754255322778392384e-03 7.795610185491150777e-03 8.181554191765381956e-03 8.110830051404253546e-03 8.134692415056815964e-03 8.068097257647396242e-03 7.903897516045409535e-03 8.591264058494531633e-03 8.038622155837367791e-03 9.046800717822206864e-03 7.695259512884292628e-03 8.242917148539403646e-03 8.282023744240489885e-03 8.385467892612494950e-03 7.942279456312413208e-03 8.815288269816699482e-03 8.119550005233285711e-03 8.646932970118544060e-03 8.425519189601247266e-03 7.907301663789180132e-03 8.252552059580982313e-03 8.803175930496580717e-03 7.427848103009888729e-03 8.221679530044779735e-03 8.129625694844719655e-03 7.972995987276387461e-03 8.207901007065327575e-03 8.060914459938587837e-03 8.095648413821432410e-03 8.654225016356596398e-03 9.019828905817775522e-03 7.914681209684394647e-03 8.059812818225105258e-03 8.569822937129410040e-03 8.096227888044475740e-03 8.734417187421138901e-03 8.242244116512987759e-03 8.487016297757509625e-03 8.030407017131946726e-03 7.626763339171689811e-03 9.217247883878620929e-03 8.196182023825271390e-03 8.517073493135893236e-03 8.031362044840676534e-03 7.934497702109846382e-03 7.916107907848435668e-03 8.615699776035377552e-03 8.214796239589003055e-03 7.310365030809463580e-03 7.885122873127949766e-03 7.901306473972056349e-03 8.525051532544467361e-03 7.875666596726524013e-03 8.783539454755831880e-03 8.349678411488084193e-03 7.891957093759326483e-03 7.910080001110021686e-03 7.654702855360094593e-03 8.241766521696797937e-03 9.018148318285059903e-03 8.040398903727615995e-03 8.043989991787270019e-03 8.711072175166817075e-03 7.524853639788504911e-03 8.760844508497444075e-03 8.390120003510638871e-03 7.915229634779788817e-03
8.915704764491201237e-03 8.267813997558494735e-03 8.658526116396565719e-03 8.029162300921851084e-03 8.751213084914888363e-03 9.065075351080564489e-03 8.501320219949266843e-03 8.739233005510854690e-03 8.021710941416664714e-03 0.000000000000000000e+00 9.175675586735744516e-03 8.412729538806182697e-03 8.207920616936819833e-03 8.271691877310648894e-03 1.080156455555902548e-02 8.630779276023743674e-03 9.086100384962301352e-03 8.599022420160794614e-03 8.710578702261594433e-03 8.627692390789013302e-03 8.887226473660178594e-03 8.584075483851058216e-03 8.728894463521007230e-03 8.714348118455289213e-03 8.302426006851264251e-03 8.200245904608695346e-03 8.610891052404813853e-03 8.486207144001507718e-03 8.282469638959854413e-03 9.261319085527165706e-03 8.891116662898228620e-03 8.221354743903961163e-03 9.097701152955030290e-03 9.838765914939978999e-03 8.942564393430309233e-03 8.983697669763635735e-03 9.801423124562676226e-03 9.556885200329838861e-03 1.040171023235475847e-02 9.021211508926636410e-03 9.195737020995178521e-03 9.517677966609825596e-03 1.146389220925661534e-02 9.452025719342276033e-03 9.791354933730895063e-03 9.020617581457420278e-03 9.227995761570058006e-03 9.441125241783702299e-03 9.374586991006027964e-03 8.826517169572859964e-03 9.475563652704112327e-03 9.201762435892137104e-03 9.878307450688711411e-03 8.926399254125649135e-03 8.948007407942546940e-03 9.264714398499220016e-03 9.138229027660500076e-03 9.196209267534907750e-03 9.317462202709679217e-03 8.682379398749660512e-03 8.697942712318067551e-03 9.001285406406989154e-03 9.037183448234458946e-03 9.362213988823470459e-03 9.306029053475660048e-03 9.322137688189818805e-03 9.265963003660131550e-03 9.124484635851243600e-03 9.713752466019954374e-03 9.238121549791001100e-03 1.011060353147525716e-02 8.951993584944134899e-03 9.414931192674565186e-03 9.447709623452016023e-03 9.536668661546385262e-03 9.159196490363620893e-03 9.908130635339322187e-03 9.309161481215582831e-03 9.761641826823482665e-03 9.570649768511000147e-03 9.130860259950808466e-03 9.422520413795739194e-03 9.897504904941836421e-03 8.729210064480649386e-03 9.396695871162522376e-03 9.317830896586607944e-03 9.185008321871657513e-03 9.389101300364537453e-03 9.259575282431804430e-03 9.288997962555405399e-03 9.767948774801978040e-03 1.008687491765499974e-02 9.137006065970494292e-03 9.259478275176232301e-03 9.695253295117760989e-03 9.289654833430858669e-03 9.836641731674118996e-03 9.412176943338948151e-03 9.614078551890590379e-03 9.233617256589122732e-03 8.893572610406451709e-03 1.025927334770590331e-02 9.373348562513464724e-03 9.659226074290322081e-03 9.233863270107228391e-03 9.151317774985838482e-03 9.136265780395318864e-03 9.733141033925366697e-03 9.389641478054648605e-03 8.631255903446984762e-03 9.110725686358589828e-03 9.124238088696176932e-03 9.655616758297912855e-03 9.098994034009905141e-03 9.878978197505801709e-03 9.500703742509948591e-03 9.108216193160496854e-03 9.131977975711674106e-03 8.916218981723577491e-03 9.412281747970171683e-03 1.008477406275291692e-02 9.243161404465417494e-03 9.244085493783719618e-03 9.816408381526696078e-03 8.808858744975002833e-03 9.860586880111991276e-03 9.539417531243377102e-03 9.135756012914969526e-03
8.732351443190044735e-03 8.303715637316126663e-03 8.764693818393455918e-03 7.844648045064274433e-03 8.567292687303362450e-03 8.625837951653555352e-03 8.062200899520028177e-03 8.321392000580402418e-03 7.827557942010725245e-03 9.175675586735744516e-03 0.000000000000000000e+00 8.232574180775137362e-03 8.045233795117260819e-03 8.322577390693867289e-03 1.067073347477947090e-02 8.433756332517755236e-03 8.938702490536451495e-03 8.684276706696027540e-03 8.573577386094211050e-03 8.216529015838301350e-03 8.695209828311886713e-03 8.401606411295343968e-03 8.320904265130732100e-03 8.288788320173467658e-03 8.108607572475575939e-03 8.225502312140958033e-03 8.435083539256808816e-03 8.316684311012526032e-03 8.086554027049433144e-03 9.084884944970308268e-03 8.719041778365825210e-03 8.018333843195987742e-03 8.936610535625404486e-03 9.685400697050183458e-03 8.770114027825563763e-03 8.812320673360513404e-03 9.647271887647884681e-03 9.398042375930511227e-03 1.025934820980538981e-02 8.851066755390914198e-03 9.029090942810539741e-03 9.358132089662777112e-03 1.133729951084274865e-02 9.290909664267620049e-03 9.637237902682003685e-03 8.850189170343839354e-03 9.062109770115914231e-03 9.279477068924126340e-03 9.212069624420272246e-03 8.651303909351043195e-03 9.305131895814427317e-03 9.034957796260501689e-03 9.726462552294033378e-03 8.753237670894585196e-03 8.776215558957937632e-03 9.099529280148069971e-03 8.977522121091522159e-03 9.029236251640832683e-03 9.153172497687656062e-03 8.503945257831050514e-03 8.519753270473011744e-03 8.830123126713794457e-03 8.866577279400622916e-03 9.199282833285660557e-03 9.141175504511179009e-03 9.158027474324335893e-03 9.100552191644224395e-03 8.955914933682886797e-03 9.557756813576777713e-03 9.072529124069032141e-03 9.962227968811816076e-03 8.779618352800054246e-03 9.252701957142745598e-03 9.286298567495618328e-03 9.377017472561824385e-03 8.991493206316484438e-03 9.755944866958181361e-03 9.144790504171718126e-03 9.606666099727621810e-03 9.411768734267720454e-03 8.962324873119075982e-03 9.260541355728972926e-03 9.745118958184147140e-03 8.551577365004031650e-03 9.234079527761245368e-03 9.153637749625116379e-03 9.017906155730089426e-03 9.225927768784300195e-03 9.093494135433623227e-03 9.124140941128658713e-03 9.613065322228806636e-03 9.938037236255645515e-03 8.968624902072820648e-03 9.093868544232953585e-03 9.538855862686951986e-03 9.124803093113404914e-03 9.683940109549165134e-03 9.251478975330924143e-03 9.458515717925799343e-03 9.068870321845215118e-03 8.721206404319777755e-03 1.011476283917427631e-02 9.211454566530191679e-03 9.503795235903129274e-03 9.069201120869787094e-03 8.984653010892296177e-03 8.969221448410176489e-03 9.578762689656293225e-03 9.228334148875418433e-03 8.452426358502780276e-03 8.943232895577551966e-03 8.957063718146630188e-03 9.499549958266963537e-03 8.938681670874176061e-03 9.727733635371825158e-03 9.350121762820731361e-03 8.941571910715989321e-03 8.964626125771382736e-03 8.744422159237184161e-03 9.251569016984574623e-03 9.937114826297159531e-03 9.077864903731178159e-03 9.079651051660749678e-03 9.663550617726304054e-03 8.634253792221383700e-03 9.708260451573096431e-03 9.381094815673909904e-03 8.968660231241059114e-03
8.240848136068169155e-03 7.494349204307656706e-03 7.918084269202665948e-03 7.178938722735135787e-03 7.750797954573240139e-03 8.309976868721374518e-03 7.479482215183658189e-03 7.735856136616980037e-03 7.148175715125815004e-03 8.412729538806182697e-03 8.232574180775137362e-03 0.000000000000000000e+00 7.608903947794875763e-03 7.679317248303906690e-03 9.917410881295682032e-03 7.615521928269593233e-03 8.692641703819694449e-03 7.873450673722226165e-03 8.254501349637108354e-03 7.596519632723249156e-03 8.110783781444932949e-03 7.841006940349970825e-03 7.723863789943351266e-03 7.694015028908623988e-03 7.494560617321872377e-03 7.362855000442731536e-03 7.845058760232257594e-03 7.757276616737221638e-03 7.497978013610677450e-03 8.602068416301877560e-03 7.872940096003542068e-03 7.593227328965198968e-03 8.357825674171443647e-03 9.164077099888617850e-03 8.177312308952919620e-03 8.222947808901766298e-03 9.123501654372699263e-03 8.863964229968520139e-03 9.774149977512159096e-03 8.265363125778624892e-03 8.458215390010263499e-03 8.812757745632893158e-03 1.090600929027911101e-02 8.740528716902250250e-03 9.112454167024637910e-03 8.264493676184115137e-03 8.494010230133177894e-03 8.728182251749011522e-03 8.655909371145848255e-03 8.047672261671601560e-03 8.766158706286771712e-03 8.464566859715869432e-03 9.207570909133487233e-03 8.158157216797030931e-03 8.185687094790240412e-03 8.534878699805185237e-03 8.396775197092289089e-03 8.458278012690863615e-03 8.592194923989729394e-03 7.887314198376996557e-03 7.904755301559818204e-03 8.242574290180213967e-03 8.281799384849989829e-03 8.641890130559154795e-03 8.571980097960195388e-03 8.596268121852683117e-03 8.533999199836852373e-03 8.379024144303841987e-03 9.025872309360057424e-03 8.505114579336833097e-03 9.457861936863288035e-03 8.186181021163359967e-03 8.697993331205527631e-03 8.734632752854123647e-03 8.831878546599551683e-03 8.416404375756591366e-03 9.237863550059470866e-03 8.582160399609201767e-03 9.078552560874052213e-03 8.869583604647080996e-03 8.384054467418251833e-03 8.706910718715425712e-03 9.226466278203242569e-03 7.938326856588793709e-03 8.678104204771903279e-03 8.591535031162582034e-03 8.445045710030777211e-03 8.663010126123891347e-03 8.527110182145261619e-03 8.559792110837502466e-03 9.085421677832647425e-03 9.431990120440252728e-03 8.390938685503591954e-03 8.526671668334708312e-03 9.005626552023826906e-03 8.560436857667745245e-03 9.162113278028278726e-03 8.698382357654733249e-03 8.928106086178871220e-03 8.500062003228510410e-03 8.123735389345215774e-03 9.621008745369549406e-03 8.655072309966503619e-03 8.953626246463194591e-03 8.500795309768939892e-03 8.410120900999278754e-03 8.392869253561087775e-03 9.049925271490826678e-03 8.672706767679238399e-03 7.830753047522799257e-03 8.364351429646851854e-03 8.379362318520626116e-03 8.964473516570186512e-03 8.359651121683221719e-03 9.208938296008087679e-03 8.803906834911568932e-03 8.370252128800425087e-03 8.387700124126339085e-03 8.149661563099395989e-03 8.697816662687374301e-03 9.431291152929397945e-03 8.509273007938781067e-03 8.512677150468278206e-03 9.140200803063963653e-03 8.028999380411372747e-03 9.187019629490330783e-03 8.837134945030454894e-03 8.392054669469885264e-03
