0.000000000000000000e+00 8.752093134293380955e-03 8.747076111430598586e-03 8.630972023195236306e-03 9.001494512752722735e-03 9.298879521832172437e-03 9.809385364513608860e-03 1.292689424821057489e-02 1.000632385528075347e-02 9.625851302474366239e-03 1.217968790451163380e-02 9.461550946922726857e-03 9.625833472830585755e-03 8.428582080980667052e-03 1.045110064138981068e-02 9.291983660896162636e-03 8.637799504762563169e-03 1.000790000785811186e-02 8.875015067696521986e-03 1.001014847129068699e-02 1.216862425122907342e-02 1.021303289531125084e-02 8.876000515218486139e-03 9.003882001260404486e-03 9.291577659284434854e-03 8.748855184573980925e-03 8.753809023070701148e-03 1.001094357188763058e-02 1.068185590747327759e-02 1.000422773556242095e-02 9.289874386104060230e-03 8.427324556787617674e-03 9.007264959434302040e-03 9.818529538757930081e-03 8.326626038617990916e-03 9.819208545793600695e-03 1.068904410149070297e-02 9.637684969760277817e-03 1.183223297818438227e-02 8.427467060992838502e-03 1.001429394787630572e-02 8.524277020139388664e-03 9.149579388076064038e-03 9.461648485657989105e-03 1.122848046822460567e-02 9.821270489731746475e-03 1.022431123078667084e-02 1.001327647867774132e-02 8.332916361675542921e-03 9.293832756425209063e-03 9.293486559224387392e-03 1.001259093068651573e-02 1.022597221117169629e-02 9.466105238231346808e-03 9.149847702822974313e-03 8.753007793750587975e-03 9.462311016065752187e-03 8.526267128550896190e-03 9.304341972497975205e-03 8.876801561375288405e-03 9.303083262338574660e-03 1.045048396171799170e-02 1.068829643401394969e-02 9.635232494103895470e-03 1.001763474270007254e-02 8.638335251116740707e-03 9.625348570822821886e-03 1.253901209557411328e-02 9.302148046289997543e-03 9.630161878589149280e-03 8.745786724118870953e-03 1.044764997889258661e-02 8.875668367135148423e-03 8.636715643134219161e-03 9.807138428573442326e-03 9.815854552983159856e-03 9.006324493399057302e-03 1.094521515771268265e-02 9.822189765107038756e-03 1.001989307614303652e-02 9.294015720999740035e-03 9.817608475886224761e-03 9.816629646600735087e-03 9.294094097954846631e-03 8.527154399426905076e-03 8.747890516621670276e-03 1.068972408868001586e-02 9.147386262794772460e-03 9.290677976341154415e-03 9.012445200453227806e-03 9.009674534645979033e-03 1.069467901385399641e-02 8.877236616422532964e-03 9.148081734097991344e-03 1.000680212047383270e-02 9.626941970798377421e-03 9.302813065926117050e-03 8.751924131199564569e-03 1.151264362701700204e-02 1.068445535776186769e-02 1.022479776665654108e-02 8.528192709331037027e-03 1.152112043709314741e-02 9.459289498545932900e-03 8.746065064264759228e-03 9.457307708488953135e-03 8.754645811991902671e-03 1.068791840692653872e-02 9.807634160922441141e-03 9.143787790884148545e-03 9.300885588794154113e-03 1.044831608212860342e-02 8.331489397638823860e-03 9.292526789098358442e-03 9.626392766003038018e-03 9.820996265098061798e-03 7.857851891321824406e-03 9.809655893960963005e-03 9.145493627071414958e-03 8.330522339163072554e-03 1.021488237035943561e-02 1.021494967913326099e-02 9.624546664256241474e-03 9.149515788836076746e-03 1.022713604901951193e-02 9.142401241544769949e-03 1.183647520539030801e-02 8.528047540084066416e-03
8.752093134293380955e-03 0.000000000000000000e+00 8.481477638039884234e-03 8.360030542610166066e-03 8.747098994629659910e-03 9.049898600394725920e-03 9.584784148183790597e-03 1.276066706375152474e-02 9.794302881941992917e-03 9.395231639170198087e-03 1.200406448481557489e-02 9.224497520640369264e-03 9.395235056042934227e-03 8.147599619011857558e-03 1.023650208008545885e-02 9.055223915356758538e-03 8.361526903930350044e-03 9.795898376847951214e-03 8.615146366012666965e-03 9.784190535539501535e-03 1.198442097172935754e-02 1.000014671666198292e-02 8.610187467550605919e-03 8.749539079182329718e-03 9.048879670805655070e-03 8.488562464095419924e-03 8.482697739858253635e-03 9.785006877914809165e-03 1.048045370225731028e-02 9.785476253781229955e-03 9.047136968347380473e-03 8.141497608179082759e-03 8.752490700562319884e-03 9.593490001102027848e-03 8.045886041828398741e-03 9.594161287278484343e-03 1.048707793321383350e-02 9.406803824192436561e-03 1.165153786205132269e-02 8.141648837128569183e-03 9.795082580019343413e-03 8.253245305310703134e-03 8.900699404252873995e-03 9.224629652621081990e-03 1.103755765346950413e-02 9.596318207412331616e-03 1.001096464124835543e-02 9.787443588479539242e-03 8.047327213340003602e-03 9.051233251075261818e-03 9.056832537724126414e-03 9.786731013845638080e-03 1.001267395451367961e-02 9.229249113182149550e-03 8.900947403013115267e-03 8.481914672066879698e-03 9.225325672586742742e-03 8.249903200013748023e-03 9.061484854900582475e-03 8.616415016941516430e-03 9.060205772783259254e-03 1.024291522475075621e-02 1.049432748071939606e-02 9.404222724840385905e-03 9.798501212244046382e-03 8.367168828742195877e-03 9.394721991979758727e-03 1.236818012379844664e-02 9.053353613810393233e-03 9.405947446428551684e-03 8.480142250680122035e-03 1.023298991510284556e-02 8.615219925816609489e-03 8.366051237864085416e-03 9.582442477713504214e-03 9.590741449867998605e-03 8.745930115248429573e-03 1.074872744741687744e-02 9.590763323090129716e-03 9.800852170659610230e-03 9.057350690097182994e-03 9.592519110558745191e-03 9.591434504485640139e-03 9.057446435989120054e-03 8.251357142149138776e-03 8.487580526109683374e-03 1.048778017030626598e-02 8.898395737360485086e-03 9.053887254972109444e-03 8.757870892132653406e-03 8.749438523773080470e-03 1.049283802762625978e-02 8.616898159999126366e-03 8.899157295510745636e-03 9.794786159467860562e-03 9.396364243869722091e-03 9.059948746424521110e-03 8.480693811171929192e-03 1.131884399180674294e-02 1.048238565221082559e-02 1.000467456168719661e-02 8.251904945063408617e-03 1.133535756963970423e-02 9.228954588506818948e-03 8.480457040530024054e-03 9.226896209445403785e-03 8.488799829041536807e-03 1.048589944392760986e-02 9.582935115387946484e-03 8.895335163764303207e-03 9.057869313581771303e-03 1.024070753284163360e-02 8.041219415746328480e-03 9.055839129072054683e-03 9.402101720030140927e-03 9.595990118837471536e-03 7.549899702597369713e-03 9.585046751653161431e-03 8.896442984565836043e-03 8.044828275805833429e-03 1.000887836258549171e-02 1.000208088960598436e-02 9.400174202051574113e-03 8.894896503008380834e-03 1.001386790568998576e-02 8.899568998213827631e-03 1.165582572271216949e-02 8.251741621703632956e-03
8.747076111430598586e-03 8.481477638039884234e-03 0.000000000000000000e+00 8.360612921846696105e-03 8.747612551832492991e-03 9.056322757151420016e-03 9.585241994332093646e-03 1.276103986422038455e-02 9.788116680583738155e-03 9.395717510576644810e-03 1.199601286684142537e-02 9.218881930741999048e-03 9.395717313469309148e-03 8.148174461615895897e-03 1.023691264882978409e-02 9.049832323087437722e-03 8.367196292801137858e-03 9.796345482753427217e-03 8.621098637851746030e-03 9.784635620074330284e-03 1.198474451891021024e-02 1.000744846575145688e-02 8.610709363057324900e-03 8.750090276032624140e-03 9.055309721271302334e-03 8.483877318023682820e-03 8.483242675730244542e-03 9.785465281640141899e-03 1.048810967636698392e-02 9.785921320182867575e-03 9.047630201314160736e-03 8.142095551585532692e-03 8.753052308052750724e-03 9.593936609272272348e-03 8.046471786496641604e-03 9.594651488706041828e-03 1.048752222269589730e-02 9.407251223869378051e-03 1.165192097981082066e-02 8.146988794173760581e-03 9.795541848857404130e-03 8.248929766688067530e-03 8.901252666409646339e-03 9.225122467495211476e-03 1.103793899875943341e-02 9.596791250290576808e-03 1.000456121212134862e-02 9.794517607812174703e-03 8.047938440803426019e-03 9.051735050959724277e-03 9.051421814790230544e-03 9.793839883367363996e-03 1.001312687566892866e-02 9.223667361939823228e-03 8.901485722594538672e-03 8.487685725662700090e-03 9.225793991388588772e-03 8.250487029131191308e-03 9.062014165001191709e-03 8.611545979006414095e-03 9.060694570295780431e-03 1.024332248904754987e-02 1.049474006676453380e-02 9.398430212203422521e-03 9.798994225367649996e-03 8.367737615108908344e-03 9.395201126557631288e-03 1.236853898956288139e-02 9.053826473136034753e-03 9.400150894366307922e-03 8.485915439989942174e-03 1.023345631179030206e-02 8.615734549363983016e-03 8.371724037482826397e-03 9.589343174902224820e-03 9.591194083635880274e-03 8.751987783447736508e-03 1.074915346910300731e-02 9.591236648610076618e-03 9.801336746263886526e-03 9.051949357497387702e-03 9.592998334625351883e-03 9.585480880238807580e-03 9.057945983332781059e-03 8.256849365305726773e-03 8.482922139139084314e-03 1.048819608573861757e-02 8.898905591874586157e-03 9.054388491689848578e-03 8.758407232263830736e-03 8.755528096850153166e-03 1.049325579180027807e-02 8.612034751905200611e-03 8.899663139474534718e-03 9.795225589129659405e-03 9.403093592088226926e-03 9.060463663589934241e-03 8.486507688285115439e-03 1.132712161173422827e-02 1.048280644698451787e-02 1.001193910847679794e-02 8.252499085457437947e-03 1.133577015937319715e-02 9.223364011575680907e-03 8.481009243675509748e-03 9.227387978552003406e-03 8.484137301346509480e-03 1.048629782544358013e-02 9.583426501497184849e-03 8.901556249423285549e-03 9.052497009748984233e-03 1.024111799787179138e-02 8.041798157257482385e-03 9.056333975488391197e-03 9.402566455612489799e-03 9.596494516293668092e-03 7.554360550814889774e-03 9.591931453940711130e-03 8.891243925795525374e-03 8.045436066327965249e-03 1.000932455961743399e-02 1.000252980424875572e-02 9.394382131079972997e-03 8.895411791346858471e-03 1.001431026601426640e-02 8.900078098414726524e-03 1.165617138688062118e-02 8.247443404665752431e-03
8.630972023195236306e-03 8.360030542610166066e-03 8.360612921846696105e-03 0.000000000000000000e+00 8.631509445523157312e-03 8.939797983065832926e-03 9.489084474175020489e-03 1.268478660794977904e-02 9.688415455541051630e-03 9.290635856864775527e-03 1.192397181862688525e-02 9.111083733128612361e-03 9.296634581087969210e-03 8.014526578487501940e-03 1.014924038631336012e-02 8.939228190856695483e-03 8.238102205706565248e-03 9.690005956528842043e-03 8.496994821006353948e-03 9.684938697433191634e-03 1.190460300509931998e-02 9.903519906355165783e-03 8.491885059940812094e-03 8.634021854633818979e-03 8.938777858150571617e-03 8.362474819241867002e-03 8.361812905316337238e-03 9.685722476668844061e-03 1.038895267218155512e-02 9.692614176322169109e-03 8.936938713149274183e-03 8.017815514904890611e-03 8.636744143152219264e-03 9.491366947653115047e-03 7.915167880544068946e-03 9.492065895717176696e-03 1.039527929726470450e-02 9.301998605989241983e-03 1.156923323427093246e-02 8.013322676979987499e-03 9.695643567938597510e-03 8.127195862423476636e-03 8.787712162619887649e-03 9.117077329710291528e-03 1.095062538641160266e-02 9.494249392290479359e-03 9.907514073616542627e-03 9.694610785002982095e-03 7.916651355766433917e-03 8.946887013126472721e-03 8.946552056255266047e-03 9.687518176111846457e-03 9.915879137140636360e-03 9.121793467275339518e-03 8.787957757980847245e-03 8.366033936933629789e-03 9.117771783760504622e-03 8.123761661292857456e-03 8.951307345929531908e-03 8.497973507896675049e-03 8.949956720962028156e-03 1.014866145425999920e-02 1.040259139147621699e-02 9.299449423197098455e-03 9.699104070908791050e-03 8.238666396116416102e-03 9.290076964027785961e-03 1.229019922334777942e-02 8.948948624269544017e-03 9.295123250985573224e-03 8.359211526313524085e-03 1.014570910189896251e-02 8.496743139299076791e-03 8.247648958367374827e-03 9.486703276188800105e-03 9.482378385581706828e-03 8.630345156922328634e-03 1.065220107735652920e-02 9.495155367592761700e-03 9.701454027772770175e-03 8.941336025585234701e-03 9.484149147803646804e-03 9.489312777983009359e-03 8.941433373967020912e-03 8.130270692062407586e-03 8.366514473472403887e-03 1.039598536767107062e-02 8.779788312991556459e-03 8.937828534183629714e-03 8.642203858106718706e-03 8.633878087491109188e-03 1.040113903172490244e-02 8.498470145404855847e-03 8.786081938524264653e-03 9.695303682545623053e-03 9.291733116289965441e-03 8.943988797716089303e-03 8.359845041900081791e-03 1.124213388308378109e-02 1.039054577014412138e-02 9.914626917487318059e-03 8.121066026605588961e-03 1.125083918281419293e-02 9.121471222483168093e-03 8.359543071938329087e-03 9.119424935017234751e-03 8.362735886971065652e-03 1.038713242796864000e-02 9.487250702431844485e-03 8.788055749514033649e-03 8.947625300455029629e-03 1.013965180938294734e-02 7.915117887873765121e-03 8.945517603012233948e-03 9.297266022225086565e-03 9.493971517945017091e-03 7.411586576531996144e-03 9.489345740386635406e-03 8.777833510546522236e-03 7.914085656712884984e-03 9.912017344815966108e-03 9.912065029949004499e-03 9.295354686730851468e-03 8.787607357797802901e-03 9.910476127331131410e-03 8.786562800511854218e-03 1.157350188365933140e-02 8.125660576830909254e-03
9.001494512752722735e-03 8.747098994629659910e-03 8.747612551832492991e-03 8.631509445523157312e-03 0.000000000000000000e+00 9.292987368788105038e-03 9.809853252193223225e-03 1.292719487581733308e-02 1.001394212085268860e-02 9.633065942523911032e-03 1.217088733294510727e-02 9.455465049522415386e-03 9.626295950693338280e-03 8.424100271237557058e-03 1.044391374820187804e-02 9.298772263663010115e-03 8.632952332057419048e-03 1.000829709405486392e-02 8.881276691969671247e-03 1.001058986850709119e-02 1.216893617477030759e-02 1.022090653132665117e-02 8.870782003923341485e-03 9.004364434206890005e-03 9.292053518464118630e-03 8.749362082540896104e-03 8.748778295323746818e-03 1.000421072575825333e-02 1.068223695813914041e-02 1.000466642210170835e-02 9.290363557909230366e-03 8.422859226720381606e-03 9.007795769479659542e-03 9.819010382185081737e-03 8.332103036171970359e-03 9.812760578072930034e-03 1.068945032309750846e-02 9.638161361651832737e-03 1.183266659002256242e-02 8.422960883991876396e-03 1.001474577964914410e-02 8.530030775064430248e-03 9.150135609147149601e-03 9.455593012845779979e-03 1.122887936533722292e-02 9.821738930368223430e-03 1.022475573982813135e-02 1.001371057181448497e-02 8.333495844304199263e-03 9.300619656510127065e-03 9.300363933763263619e-03 1.001304818134026581e-02 1.022640391974261910e-02 9.466629131580438228e-03 9.150374416535192804e-03 8.753532558672351069e-03 9.456269275337544217e-03 8.526848416820132295e-03 9.304847574328463031e-03 8.877323666637751409e-03 9.303562207221135680e-03 1.044331059273869745e-02 1.069657412173359752e-02 9.635697290681935478e-03 1.001808393750976134e-02 8.638847928357585096e-03 9.632545337817509379e-03 1.253935824078821273e-02 9.296323231947241361e-03 9.630598593507472965e-03 8.746324608520129884e-03 1.044808948728893384e-02 8.876190946569981199e-03 8.642686700204372033e-03 9.814564524218791219e-03 9.816349489632024417e-03 9.006807688783924348e-03 1.093752299985730099e-02 9.822624753155229441e-03 1.002030485027983510e-02 9.294466413693589293e-03 9.818018954577284810e-03 9.817051523579005054e-03 9.294593888645830831e-03 8.532926207043345715e-03 8.748385374385355198e-03 1.069012411246248948e-02 9.147912475987680925e-03 9.297496799381006413e-03 9.012996793626939021e-03 9.004255750419087184e-03 1.068727696606512102e-02 8.877795819172690575e-03 9.142499482694842541e-03 1.001439980797782202e-02 9.634140347625871903e-03 9.303325053312392137e-03 8.752453069819856810e-03 1.151302673169537008e-02 1.067703893555041125e-02 1.022526318978105031e-02 8.523571329892837625e-03 1.152147033010821574e-02 9.466355817541138168e-03 8.752188681557341102e-03 9.457804293861549888e-03 8.755164535185593067e-03 1.068832853376675343e-02 9.815036893837359236e-03 9.150466533915808595e-03 9.295049651025439827e-03 1.044872977277454436e-02 8.327197314436993528e-03 9.299348972228218754e-03 9.633642937260341807e-03 9.821472686846079506e-03 7.862473811944454410e-03 9.810134988142562434e-03 9.139908311472719551e-03 8.331093743221018935e-03 1.021532578877371727e-02 1.022276673978000060e-02 9.631805853473295737e-03 9.150050568776040005e-03 1.022755164775784702e-02 9.149045597112673289e-03 1.183680186202409890e-02 8.523401844252242662e-03
9.298879521832172437e-03 9.049898600394725920e-03 9.056322757151420016e-03 8.939797983065832926e-03 9.292987368788105038e-03 0.000000000000000000e+00 1.006787302668033304e-02 1.310601089430515204e-02 1.026566738851333004e-02 9.898384609918179852e-03 1.238059768629972204e-02 9.727046580730315875e-03 9.891105038614072739e-03 8.742314179613923722e-03 1.068149480236302816e-02 9.570746567071894417e-03 8.941171190776609282e-03 1.025942656585147883e-02 9.172346925759529424e-03 1.026246180431400479e-02 1.235977609463730260e-02 1.046598359963217192e-02 9.167800190807278218e-03 9.295256307377439478e-03 9.570323013488400005e-03 9.052089413113318869e-03 9.057399956793785525e-03 1.025548340654472944e-02 1.091326434199654805e-02 1.026364928859744424e-02 9.568704397538192394e-03 8.741122940052121690e-03 9.299229155327506935e-03 1.007749459452505873e-02 8.655226473710432231e-03 1.007070171431623251e-02 1.092114082814615687e-02 9.903320443703169870e-03 1.203925209408462232e-02 8.746549056084152243e-03 1.026647694360650377e-02 8.843730012424633538e-03 9.435269254233619868e-03 9.727138769079508168e-03 1.144754646294299065e-02 1.008016833539365081e-02 1.046972572083767344e-02 1.026549578656983305e-02 8.656533750276845102e-03 9.579306101224510650e-03 9.579028060992155619e-03 1.026485994235766877e-02 1.047137315437426767e-02 9.738463810350784025e-03 9.428906969844158895e-03 9.056675444752032220e-03 9.734796101448565248e-03 8.835167366937533850e-03 9.583341462287561091e-03 9.174690189503878837e-03 9.582122067219504477e-03 1.068095729815797534e-02 1.092809779601355141e-02 9.900965464013596062e-03 1.026967460176618843e-02 8.947312470338839724e-03 9.890673053111450133e-03 1.273426963347277716e-02 9.574418830970068267e-03 9.902533906969530550e-03 9.055087736323864586e-03 1.068640861527698181e-02 9.173594536772503374e-03 8.945274369124907310e-03 1.006571325852828602e-02 1.007494766717690303e-02 9.298261034763404334e-03 1.116206864693323857e-02 1.008101096269410982e-02 1.027185072204712252e-02 9.579459340760437466e-03 1.006909607712431001e-02 1.007559623269223964e-02 9.579572881293949016e-03 8.846442245893551548e-03 9.051164676122712069e-03 1.092181669346688547e-02 9.426568065143326250e-03 9.576292635735866865e-03 9.297828617278423857e-03 9.301488656847657979e-03 1.091817905629653002e-02 9.175120967720046608e-03 9.433800073697803934e-03 1.026616669855277657e-02 9.899479036650104050e-03 9.581894260820148987e-03 9.055626948488876629e-03 1.172574688097858218e-02 1.091669226945191432e-02 1.047024193955377325e-02 8.842514345493514977e-03 1.173401403040371001e-02 9.738193053881079309e-03 9.055373356916661398e-03 9.736263840983432408e-03 9.052289337849333400e-03 1.092005583778832625e-02 1.007370238524084131e-02 9.429031434977783871e-03 9.580019699070935202e-03 1.068705101328215439e-02 8.650039636622086636e-03 9.571328939846295014e-03 9.898992724738200563e-03 1.007987463655955068e-02 8.207634903687338612e-03 1.007563040223383687e-02 9.431333451718813474e-03 8.649125703400938753e-03 1.046776520379122909e-02 1.046785503754608937e-02 9.897192279680755087e-03 9.428651817285738784e-03 1.047247822521653500e-02 9.427644384147450610e-03 1.204333728616562536e-02 8.836845826798169282e-03
9.809385364513608860e-03 9.584784148183790597e-03 9.585241994332093646e-03 9.489084474175020489e-03 9.809853252193223225e-03 1.006787302668033304e-02 0.000000000000000000e+00 1.344179702500380644e-02 1.070881007841476343e-02 1.036553134337404695e-02 1.272743001127378711e-02 1.022040455283394073e-02 1.036550844534350410e-02 9.300006676626238963e-03 1.111740680242434554e-02 1.006735209691842804e-02 9.490357868753072565e-03 1.071885744280585799e-02 9.698059438676394015e-03 1.071444074261485198e-02 1.272818460476929890e-02 1.090600466774037554e-02 9.700575472237807362e-03 9.811932191545523138e-03 1.006703494212784350e-02 9.586762360771067942e-03 9.586245444223808962e-03 1.070644974170287082e-02 1.132792388263154960e-02 1.070688901400966390e-02 1.007299262292315686e-02 9.298888950109569090e-03 9.816691538566221786e-03 1.054098002602312477e-02 9.220133602014563348e-03 1.054162067332254163e-02 1.133699440016496494e-02 1.037821524498312546e-02 1.240869996271595603e-02 9.304795283760474572e-03 1.071826546302847953e-02 9.394817617903275173e-03 9.942790793576175221e-03 1.022056855116829956e-02 1.183957581908117243e-02 1.054350589806296416e-02 1.090949879864052362e-02 1.071731103019347812e-02 9.215794512558292059e-03 1.007654707210029962e-02 1.007628227303849176e-02 1.071666849954177117e-02 1.091108351923192679e-02 1.022452298238397603e-02 9.942982723961841379e-03 9.592036407459189618e-03 1.022112910127741595e-02 9.391998516807911063e-03 1.007282447781440715e-02 9.701313707186994331e-03 1.007916200095118966e-02 1.111688844304818680e-02 1.134358842906626509e-02 1.037599135169148257e-02 1.072123771901153412e-02 9.484592694452958703e-03 1.037313214497772793e-02 1.308189837930170962e-02 1.007830125818425133e-02 1.037746230321468302e-02 9.590532878442283027e-03 1.111428399331583494e-02 9.693612280392603989e-03 9.494146249927795655e-03 1.052858422203909947e-02 1.053858021823542504e-02 9.815822589774318013e-03 1.157486972412869082e-02 1.054426210959674703e-02 1.072328762461159483e-02 1.007670489107702003e-02 1.054014066636194472e-02 1.053926104867051843e-02 1.007680129015994623e-02 9.391334394636180818e-03 9.592389666330584236e-03 1.132800425887643160e-02 9.933608842237406575e-03 1.007374196648795107e-02 9.814314817077819664e-03 9.818786052601100045e-03 1.133261384987259077e-02 9.695038781477536768e-03 9.941448961126787831e-03 1.071789136855640610e-02 1.037459762437639363e-02 1.007891614712309869e-02 9.591056019951374467e-03 1.210656132240475746e-02 1.133269180672577536e-02 1.091000307586782042e-02 9.393702763721355556e-03 1.211457239798787583e-02 1.021650642054828390e-02 9.584369225399531206e-03 1.021471139523766510e-02 9.593413538152135989e-03 1.132633148159026618e-02 1.053743988098016469e-02 9.935872980143804767e-03 1.007715993152853186e-02 1.111487794913755371e-02 9.220059605059290064e-03 1.006788897246463366e-02 1.037411839066848876e-02 1.053489828566487284e-02 8.804226115536526592e-03 1.053089524735364817e-02 9.939166696838919179e-03 9.219223707789546071e-03 1.090758993218828889e-02 1.090770981997387680e-02 1.036441010487430120e-02 9.942698523660331925e-03 1.091210898128628336e-02 9.941799454335917274e-03 1.241261451633324069e-02 9.387553450337418268e-03
1.292689424821057489e-02 1.276066706375152474e-02 1.276103986422038455e-02 1.268478660794977904e-02 1.292719487581733308e-02 1.310601089430515204e-02 1.344179702500380644e-02 0.000000000000000000e+00 1.358361692854815825e-02 1.332225066609226023e-02 1.507694692740311170e-02 1.322238052018877806e-02 1.332219409652583321e-02 1.254768354960944868e-02 1.387474742939037720e-02 1.311626111608069599e-02 1.268573594581361326e-02 1.357178169195356367e-02 1.283532709158512371e-02 1.358133630386322045e-02 1.508747374429528915e-02 1.372061131455112014e-02 1.283228384245080692e-02 1.291902250556008734e-02 1.310539188062324369e-02 1.275318691837928550e-02 1.275283133173424170e-02 1.356918655970910242e-02 1.403606295744278497e-02 1.358214622573046364e-02 1.310432840082041521e-02 1.253892316768808954e-02 1.292718077297387233e-02 1.345545123260442379e-02 1.248326411303914488e-02 1.345587204322523135e-02 1.403568460582079076e-02 1.333720128417289347e-02 1.483992994975262547e-02 1.254697732527780725e-02 1.358414515071430101e-02 1.261445419251333404e-02 1.301974892594798955e-02 1.322248919849793557e-02 1.440838247616295538e-02 1.345722510593412580e-02 1.372326527109509441e-02 1.358349722580237846e-02 1.248415076655357003e-02 1.311753739882467150e-02 1.311731121392194742e-02 1.358302927340715102e-02 1.372433921823180275e-02 1.322540817723059231e-02 1.301986984118250201e-02 1.276128896180003455e-02 1.322292391810656227e-02 1.261233131573447075e-02 1.312023142874248378e-02 1.284214233343749546e-02 1.311937666731253019e-02 1.387446516302675431e-02 1.404056142391167487e-02 1.333554753944238280e-02 1.358623952709793990e-02 1.267746075098411494e-02 1.333350956750589504e-02 1.534654210647586926e-02 1.310816873215239764e-02 1.333662092895783469e-02 1.276014009844221239e-02 1.387254270384072688e-02 1.284141074298263130e-02 1.267994985784121412e-02 1.345248640370803016e-02 1.345365526632718960e-02 1.291677204539932837e-02 1.421115375366495230e-02 1.345777234717653210e-02 1.357506863732822408e-02 1.311759212554281483e-02 1.344261590624699736e-02 1.345411860308851071e-02 1.311768049314686151e-02 1.260809512543720375e-02 1.276154216536053848e-02 1.403610009630368825e-02 1.301827048819528126e-02 1.311545429351284806e-02 1.293048542279981103e-02 1.291893695740271852e-02 1.403953074008277950e-02 1.284240712184635605e-02 1.301871367313568728e-02 1.358387915653270876e-02 1.333456029149305763e-02 1.311925662859870535e-02 1.276054900974671856e-02 1.460941541644980232e-02 1.403260961368599929e-02 1.372355061926535530e-02 1.261360453376641523e-02 1.459848205906814217e-02 1.322522820127420944e-02 1.276039183748748154e-02 1.321281480286358619e-02 1.275335680382290622e-02 1.403496750529027726e-02 1.345286321117317337e-02 1.301991218097155352e-02 1.311795544370263772e-02 1.387298648313722155e-02 1.247557136442115945e-02 1.311664386730719903e-02 1.333424822826175665e-02 1.345700315962360463e-02 1.215977245178732034e-02 1.345411520596992948e-02 1.301704534804515485e-02 1.248256387686271819e-02 1.370858300772855552e-02 1.372190791451113542e-02 1.333302363014676056e-02 1.301963912110903898e-02 1.372508783240347294e-02 1.300884815733764979e-02 1.484291019461935444e-02 1.261350017723955087e-02
1.000632385528075347e-02 9.794302881941992917e-03 9.788116680583738155e-03 9.688415455541051630e-03 1.001394212085268860e-02 1.026566738851333004e-02 1.070881007841476343e-02 1.358361692854815825e-02 0.000000000000000000e+00 1.055620393405185160e-02 1.287669835926419197e-02 1.039893081055376367e-02 1.055620373773491841e-02 9.510284147791252252e-03 1.127290075521428063e-02 1.025748596965771718e-02 9.696083218408053234e-03 1.089304392922831564e-02 9.897968354045150879e-03 1.088862368451446599e-02 1.285439435328589869e-02 1.106644174201053960e-02 9.893896563091152813e-03 1.001599104467225908e-02 1.026486634843167683e-02 9.789598014936099282e-03 9.789115212410749722e-03 1.088935893193926363e-02 1.148811322186312281e-02 1.088078888881921329e-02 1.025564173180481750e-02 9.509240802754774513e-03 1.001382023205578745e-02 1.071076221432154876e-02 9.432736741064942643e-03 1.072003580308639875e-02 1.149756657742824484e-02 1.056068172622588730e-02 1.255110903162027017e-02 9.515306693357495835e-03 1.089237539195839037e-02 9.602979161010093481e-03 1.013657627730002973e-02 1.040708497155004401e-02 1.199076630761079440e-02 1.072187254040796352e-02 1.106991430831079024e-02 1.089146227806283250e-02 9.433946135432164093e-03 1.026682695028484534e-02 1.026654257293064393e-02 1.089085045091012054e-02 1.108072603689536258e-02 1.041094169756538387e-02 1.012935021203435412e-02 9.795055365922055238e-03 1.040761215218603646e-02 9.594088198386726066e-03 1.027045138968823643e-02 9.901481881018921183e-03 1.026936122768479058e-02 1.127238352894339123e-02 1.150399930092521270e-02 1.055852643128799527e-02 1.089528440434820930e-02 9.696499691199192417e-03 1.055576082954009544e-02 1.321566937548753796e-02 1.026856654678125723e-02 1.055998857261104817e-02 9.787008214229626912e-03 1.127946156383304033e-02 9.893563118056846600e-03 9.699770606443164703e-03 1.070686801456891685e-02 1.070845819468906404e-02 1.001299846288689066e-02 1.173085461583663926e-02 1.071396205156817383e-02 1.089729787657782618e-02 1.026694892040325678e-02 1.071858069648858741e-02 1.071771373175441772e-02 1.025934840401390193e-02 9.605446196261427372e-03 9.795424467873063701e-03 1.149816718884392672e-02 1.012723413078548025e-02 1.026408638304575523e-02 1.001107440084265769e-02 1.001587006842930179e-02 1.150263684889238705e-02 9.894981742281930975e-03 1.012787528055212986e-02 1.089204409306252820e-02 1.055715542439853404e-02 1.026915378582560039e-02 9.794134096794976027e-03 1.225348404583638182e-02 1.149336493137666226e-02 1.107963006610117492e-02 9.601903436231086150e-03 1.226137424143403619e-02 1.040262946300482029e-02 9.793848481853599519e-03 1.040899414227606200e-02 9.796439825974272153e-03 1.148649832795652255e-02 1.071593404095242189e-02 1.012948375847802680e-02 1.026745608267179248e-02 1.128005129995909676e-02 9.432750370655716352e-03 1.025798608898886681e-02 1.054838240787338462e-02 1.071295014186673077e-02 9.027025998150774860e-03 1.071774031799970286e-02 1.013308752271013455e-02 9.431898384171214997e-03 1.106809035259495762e-02 1.107743754023476912e-02 1.055508585751951424e-02 1.013653240194346307e-02 1.108174126731525239e-02 1.012826042968917838e-02 1.255499454154080166e-02 9.601752156258466092e-03
9.625851302474366239e-03 9.395231639170198087e-03 9.395717510576644810e-03 9.290635856864775527e-03 9.633065942523911032e-03 9.898384609918179852e-03 1.036553134337404695e-02 1.332225066609226023e-02 1.055620393405185160e-02 0.000000000000000000e+00 1.261106863577507974e-02 1.003968722152795597e-02 1.019635382733070743e-02 9.108555058053972170e-03 1.095577782908842453e-02 9.897905177177167280e-03 9.291908447184438549e-03 1.054932444758593761e-02 9.518064608611804742e-03 1.054480412292811177e-02 1.260038808034472102e-02 1.074025566410095889e-02 9.513780344676859430e-03 9.628487107870061651e-03 9.890264476685129910e-03 9.397300182529591192e-03 9.396768978245664816e-03 1.055381694755281631e-02 1.118903918880813364e-02 1.055427274128613660e-02 9.895922573832316438e-03 9.101801321381939799e-03 9.626185830845160676e-03 1.036757180255161448e-02 9.020652614434809119e-03 1.037624244778585780e-02 1.117927301696935473e-02 1.020885988444112172e-02 1.226638741664630959e-02 9.107558223543083323e-03 1.055696512653666458e-02 9.194067678229866578e-03 9.762330680483490356e-03 1.004727001120565497e-02 1.169959428820110774e-02 1.037812076938785487e-02 1.075244659630180191e-02 1.055599758896974723e-02 9.021978998201096375e-03 9.899550021418524956e-03 9.899296685254610137e-03 1.055538947905387825e-02 1.075403906236612264e-02 1.005132952454036027e-02 9.755556326668326367e-03 9.402264516011189094e-03 1.004786256388124147e-02 9.197033238146266887e-03 9.903412342537139604e-03 9.508007779367871198e-03 9.902245390701888000e-03 1.096413229850393828e-02 1.119514481506608122e-02 1.020660639451355725e-02 1.056007601080572074e-02 9.298400768793077878e-03 1.020367734714343333e-02 1.295800967803126605e-02 9.901373891316629650e-03 1.020813572560143150e-02 9.394540161591862990e-03 1.096147433290741921e-02 9.513495294855409470e-03 9.295821874496231624e-03 1.036345943919130333e-02 1.036515957800055419e-02 9.632011419349028811e-03 1.143056678178760652e-02 1.037899396331081955e-02 1.056212333746151498e-02 9.899743620192061680e-03 1.037472665871703309e-02 1.036581672832170148e-02 9.899847165506157204e-03 9.202503535480218225e-03 9.402694283592699306e-03 1.117991294161534491e-02 9.753338284851562762e-03 9.896729698832739883e-03 9.637593949656995257e-03 9.635054740081323149e-03 1.119378921258996039e-02 9.508420782865442678e-03 9.760970875440021580e-03 1.055668345340534699e-02 1.019738117306338669e-02 9.902038394765852111e-03 9.401314041637697655e-03 1.197064872108714005e-02 1.118412558080103536e-02 1.075294739765006620e-02 9.192939786222155754e-03 1.197872590822206609e-02 1.005111477226008736e-02 9.394802995330561735e-03 1.004921447115997291e-02 9.403753708168196765e-03 1.118740023147435717e-02 1.037194024137836311e-02 9.762641056290334227e-03 9.892993764325111114e-03 1.096207614306897622e-02 9.020654202210581091e-03 9.891192163460592324e-03 1.020470167774109940e-02 1.036985655985388222e-02 8.594460547699807329e-03 1.036578492617268830e-02 9.758635225852744371e-03 9.014372838496754331e-03 1.075059738169928218e-02 1.074199995290466697e-02 1.020298233142858009e-02 9.755290575630444147e-03 1.075510691505144473e-02 9.761300032359192247e-03 1.228091972241170463e-02 9.198644656305359629e-03
1.217968790451163380e-02 1.200406448481557489e-02 1.199601286684142537e-02 1.192397181862688525e-02 1.217088733294510727e-02 1.238059768629972204e-02 1.272743001127378711e-02 1.507694692740311170e-02 1.287669835926419197e-02 1.261106863577507974e-02 0.000000000000000000e+00 1.248238129064396275e-02 1.261110479662872451e-02 1.177209223051960477e-02 1.317409412365830833e-02 1.237029907344391888e-02 1.192500621346567931e-02 1.286588497431518339e-02 1.208399704539160277e-02 1.286246478224123413e-02 1.448209818719212172e-02 1.302272794687067518e-02 1.208072048422931602e-02 1.218166497125079857e-02 1.237988771929024456e-02 1.199720963443623792e-02 1.199675613227698875e-02 1.287487748328738218e-02 1.334562065299490889e-02 1.286339448628107118e-02 1.237872565078921086e-02 1.177867772996257952e-02 1.217998016125853948e-02 1.274036572422863542e-02 1.171174496774921199e-02 1.274083385977478437e-02 1.335888597467652095e-02 1.261462631377894238e-02 1.421808097355433884e-02 1.177883461991643260e-02 1.287731155495149514e-02 1.184986411404920573e-02 1.227791565065125892e-02 1.249285543204835605e-02 1.375697003792173724e-02 1.274223640681159363e-02 1.302547577901942352e-02 1.287660106619644904e-02 1.171274512782289300e-02 1.238152999143668845e-02 1.238132252970496061e-02 1.286425123922331319e-02 1.302663840684359017e-02 1.248556646805360631e-02 1.227809859655955294e-02 1.200469119938656071e-02 1.249330030401397777e-02 1.184763740426641315e-02 1.238439152120542064e-02 1.209008179966903837e-02 1.237356234232636978e-02 1.318674289899578710e-02 1.336402822263808680e-02 1.261291350188041040e-02 1.287957706590535205e-02 1.192531305042012456e-02 1.261074791931650861e-02 1.477874338347724172e-02 1.238282900985981927e-02 1.260316115720733383e-02 1.199513112620236542e-02 1.318470161807221326e-02 1.208926625054120192e-02 1.192794640714055394e-02 1.273719881896501899e-02 1.272710115532597192e-02 1.217925529661401107e-02 1.354631674684542327e-02 1.273147245194361510e-02 1.288110821278355342e-02 1.237165705989724633e-02 1.272826285154131723e-02 1.273898201523806020e-02 1.238168180506579903e-02 1.184403237709548071e-02 1.199651737420414331e-02 1.334570421780533964e-02 1.227631388204937675e-02 1.237930053648100652e-02 1.218344583241968461e-02 1.217241845332988660e-02 1.336295475953757327e-02 1.209040894290601582e-02 1.227680110636583666e-02 1.286516952758023913e-02 1.261180189647607107e-02 1.238338843595172302e-02 1.200394958721462055e-02 1.397192267631616226e-02 1.335555017743952043e-02 1.302583684608743693e-02 1.184898583269487424e-02 1.396263051146151221e-02 1.249573131823237052e-02 1.200378989708794641e-02 1.249435238228849623e-02 1.200581363187821354e-02 1.335812385520108482e-02 1.273759582645809206e-02 1.227814731689457622e-02 1.238202415099246174e-02 1.318521883597623470e-02 1.170451279490755496e-02 1.238063335112342747e-02 1.261151784604130389e-02 1.274205874101890651e-02 1.137872231837633308e-02 1.273900189535653350e-02 1.227509944663114812e-02 1.171105771835378312e-02 1.302405236018853128e-02 1.302409975984709402e-02 1.261024659846898127e-02 1.227785338943433550e-02 1.302750711011381804e-02 1.227718002870192664e-02 1.420490754196935580e-02 1.184884922593586014e-02
9.461550946922726857e-03 9.224497520640369264e-03 9.218881930741999048e-03 9.111083733128612361e-03 9.455465049522415386e-03 9.727046580730315875e-03 1.022040455283394073e-02 1.322238052018877806e-02 1.039893081055376367e-02 1.003968722152795597e-02 1.248238129064396275e-02 0.000000000000000000e+00 1.004712659501506844e-02 8.918570120640088861e-03 1.081482089241476638e-02 9.733539798711268384e-03 9.112422367994654077e-03 1.040838365225839682e-02 9.337795342359784048e-03 1.040374435037182133e-02 1.247152362179307188e-02 1.059526598307461431e-02 9.333380674394478257e-03 9.457699981832568339e-03 9.726153326124437754e-03 9.220526572685815159e-03 9.219978530057548402e-03 1.039652067020047609e-02 1.105163892757650944e-02 1.040494390072980307e-02 9.724507226833361412e-03 8.917432126885402668e-03 9.461937727736175266e-03 1.022249917223318552e-02 8.833937973987305778e-03 1.022314682459196482e-02 1.105113380363990927e-02 1.004447859007990412e-02 1.215483407009393738e-02 8.923025664044039601e-03 1.040770223357233119e-02 9.017743613401574265e-03 9.594609917220926418e-03 9.886547907259159162e-03 1.156069775867551996e-02 1.022509139729636980e-02 1.060716701770618095e-02 1.040680086899193821e-02 8.835242040120974347e-03 9.728254542665586493e-03 9.734970602355371219e-03 1.040609380354999731e-02 1.060880583674820091e-02 9.890743897381539321e-03 9.594821557959428565e-03 9.219261265174820766e-03 9.887152726380426040e-03 9.014764799254499153e-03 9.739221561024663520e-03 9.340442722800499156e-03 9.738003711931600762e-03 1.082282945361388686e-02 1.105792173344940371e-02 1.004965831632360571e-02 1.040282567562849508e-02 9.118774182797568378e-03 1.004668922296618819e-02 1.284321275551186282e-02 9.730088766782839932e-03 1.005118267988242171e-02 9.223760421235233445e-03 1.081155014751745101e-02 9.333043079142672518e-03 9.122294016282603279e-03 1.021829309866491460e-02 1.021995731642360954e-02 9.460950256650935836e-03 1.128798242625141633e-02 1.021814611949233877e-02 1.041296528316716478e-02 9.728390573750290288e-03 1.022155399560522107e-02 1.021286798574094767e-02 9.728457885303949323e-03 9.020377933732596012e-03 9.219654134948592969e-03 1.104293091010705857e-02 9.592483453211283345e-03 9.725269583257204614e-03 9.466679487702073584e-03 9.457541221552194857e-03 1.105651027579076726e-02 9.334540988399971789e-03 9.586420043652042061e-03 1.040735033408319611e-02 1.004814921102477679e-02 9.737785322854276837e-03 9.224321871501846987e-03 1.184491573500843185e-02 1.104674106652977529e-02 1.060770835305318606e-02 9.016556052486073003e-03 1.185308689573613336e-02 9.883261895892385407e-03 9.224105307788974667e-03 9.881402782498523510e-03 9.226846082859349943e-03 1.105001541425452982e-02 1.021877837872676650e-02 9.594944751578014450e-03 9.735939296595859729e-03 1.082079087940737878e-02 8.833915363520598515e-03 9.734062357786907663e-03 1.004771160949948297e-02 1.022483527452507437e-02 8.397234872177613066e-03 1.022072538462843495e-02 9.590814563531179643e-03 8.827746834689929184e-03 1.060529123295383784e-02 1.060534980388773418e-02 1.003850221802647484e-02 9.594526324697474559e-03 1.060989689315551196e-02 9.593586534802120425e-03 1.215890087723130002e-02 9.016427053931064944e-03
