0.000000000000000000e+00 1.634992901911619043e-02 1.945203437036557848e-02 2.043415961907382034e-02 1.749607477344657103e-02 2.545780861228064823e-02 2.313256810894916485e-02 2.545780861228064823e-02 2.545780861228064823e-02 2.075420244083621760e-02 2.199703713593084697e-02 2.199703713593084697e-02 1.993098203383683598e-02 1.938387838467453897e-02 2.344773866323653783e-02 2.195608080482376601e-02 2.195608080482376948e-02 2.344773866323653783e-02 2.306885476917847067e-02 2.117882205268705256e-02 2.275387970393616746e-02 2.121195378021703201e-02 2.642647157087888929e-02 2.229533066140573783e-02 3.127645437178393911e-02 2.339736792315230338e-02 2.327110853330831980e-02 2.327110853330831980e-02 2.205192034293045750e-02 2.172772734350701326e-02 2.027507680366077286e-02 2.210579380804104238e-02 1.940937281899156319e-02 2.060403477408098358e-02 2.060403477408098011e-02 1.785469128498811189e-02 1.994548968466026626e-02 2.110566384103489471e-02 2.110566384103489471e-02 1.863365817536716609e-02 1.799392598789156458e-02 2.114078346135441627e-02 1.962726698717844401e-02 2.017161235995416219e-02 1.996415327705549497e-02 1.827350599617958565e-02 1.725224579770946731e-02 2.114078346135441627e-02 2.510221622958843171e-02 2.046809051327933351e-02 2.510221622958843171e-02 2.321860921523224291e-02 1.937171571388341534e-02 2.550983494778133118e-02 2.550983494778133118e-02 2.550983494778132771e-02 2.451741273654280129e-02 2.196807285014409222e-02 2.177427265691589398e-02 2.024318644466105432e-02 2.137305595710450173e-02 1.846315482986823561e-02 2.137305595710450173e-02 2.138363341493807607e-02 2.138363341493807607e-02 1.987033972683568961e-02 2.449181549148528314e-02 2.624943150274623369e-02 2.624943150274623022e-02 2.624943150274622675e-02 2.279452991053241076e-02 2.375250056128715495e-02 2.375250056128715842e-02 2.375250056128715842e-02 2.090332994437293229e-02 2.135443581539602301e-02 2.135443581539602301e-02 1.919069961527720275e-02 1.925599166401013168e-02 1.829151560408086644e-02 1.875927727027575792e-02 5.802436374247672835e-02 5.802436374247671447e-02 6.113291080160718205e-02 1.911093347851056806e-02 1.941063478646203391e-02 2.063684926466636399e-02 2.101600958590587112e-02 2.294166876766316754e-02 2.239673083240706700e-02 2.294166876766316407e-02 2.114363609810142319e-02 1.973905394066216221e-02 2.052899715388840224e-02 2.014105157552914527e-02 1.906495999237804717e-02 2.130060838543215360e-02 1.919617901751883085e-02 2.484667788740227076e-02 2.202638245425960969e-02 2.082424527533922876e-02 2.202638245425960969e-02 2.151633658743642638e-02 2.414425690725272369e-02 2.151633658743642291e-02 2.374350919190653178e-02 2.374350919190652831e-02 2.374350919190652831e-02 1.873420873284713586e-02 1.916881837773004582e-02 2.162172465923027295e-02 2.162172465923026948e-02 2.007323170587642716e-02 2.007323170587642716e-02 1.905919974970797862e-02 2.226015114495541805e-02 2.226015114495541805e-02 2.162094589588849439e-02 2.039960891736530488e-02 2.002784684898173406e-02 3.472139175582582976e-02 3.472139175582582976e-02 2.229588059356594695e-02 2.185791038972410144e-02 2.351585620706331953e-02 2.351585620706331953e-02 2.257100814860775115e-02 2.072185053769483309e-02 1.925384455039219969e-02 3.124242796954437504e-02 2.607046492657306286e-02 2.607046492657306286e-02 2.607046492657306286e-02 2.331141409804032491e-02 4.315975785520182600e-02 2.279165890274638742e-02 2.390231223979831857e-02 2.390231223979831857e-02 3.905477391150694033e-02 3.643657181772043396e-02 3.905477391150694727e-02
1.634992901911619043e-02 0.000000000000000000e+00 1.986390810464199255e-02 2.488965977365002746e-02 2.250197078860529873e-02 2.149896666878680848e-02 1.861998054229882169e-02 2.149896666878681195e-02 2.149896666878681195e-02 1.502381884581076472e-02 1.674165720907202365e-02 1.674165720907202365e-02 1.393681252665147051e-02 1.285101793533409593e-02 1.888621523864571564e-02 1.693429953334810861e-02 1.693429953334810861e-02 1.888621523864571564e-02 1.841876222065637336e-02 1.579471930255342896e-02 1.793792089944922993e-02 1.584320920293496443e-02 2.248442648701586000e-02 1.758041757971128688e-02 2.814733981664480772e-02 1.882013868231737289e-02 1.871080750795130546e-02 1.871080750795129505e-02 1.711563872505328723e-02 1.648579104484038105e-02 1.446132143540362902e-02 1.723425835851952539e-02 1.092303457376797744e-02 1.277179438719667874e-02 1.277179438719668221e-02 9.551961877795814640e-03 1.348352970296328411e-02 1.516453012831713021e-02 1.516453012831713368e-02 1.158755378961880828e-02 1.065614338228836402e-02 1.544251623252303543e-02 1.299787403936219360e-02 1.410179308639598374e-02 1.374042798803959756e-02 1.104844908678202960e-02 9.262239476478213024e-03 1.544251623252303716e-02 2.092486323948450008e-02 1.489483617095730718e-02 2.092486323948450008e-02 1.873328309178629025e-02 1.294865778817665299e-02 2.156357978254280078e-02 2.156357978254280078e-02 2.156357978254280078e-02 2.012118964022310483e-02 1.676743495629311187e-02 1.661340639073511857e-02 1.421813990808835221e-02 1.582875104026004731e-02 1.155717002167229272e-02 1.582875104026004731e-02 1.578261019367845422e-02 1.578261019367845422e-02 1.356012699070581473e-02 2.036297295286357625e-02 2.246855457434819570e-02 2.246855457434819570e-02 2.246855457434819223e-02 1.814963803457450911e-02 1.930077757107723571e-02 1.930077757107723571e-02 1.930077757107723571e-02 1.551138325208836245e-02 1.578063488355245514e-02 1.578063488355245167e-02 1.258823116727463345e-02 1.273108848564806321e-02 1.002304692257792798e-02 1.062570085761765232e-02 5.568159371757085141e-02 5.568159371757083059e-02 5.883670508411541211e-02 1.191492271009346980e-02 1.296396330268227530e-02 1.506588306665974583e-02 1.552638961147145488e-02 1.819104068123874457e-02 1.749989314658749115e-02 1.819104068123873763e-02 1.571267478805642506e-02 1.334359784767598367e-02 1.467131284738905535e-02 1.399223218397474371e-02 1.236610367112724734e-02 1.593393397317765386e-02 1.260062695761225877e-02 2.058219418467958917e-02 1.680721261948150275e-02 1.515406031609657124e-02 1.680721261948150275e-02 1.607227579770739365e-02 1.992451770028606101e-02 1.607227579770739365e-02 2.223506291795963527e-02 2.223506291795963180e-02 2.223506291795963874e-02 1.194069277519596399e-02 1.259954810029918250e-02 1.620922737592335114e-02 1.620922737592334767e-02 1.397885263134613157e-02 1.397885263134612983e-02 1.237016893843546385e-02 1.722566928205338660e-02 1.722566928205338313e-02 1.618238040918755505e-02 1.445259635287951018e-02 1.386811124712708509e-02 3.189227041095639426e-02 3.189227041095639426e-02 1.742396123888614867e-02 1.680919775862586840e-02 1.898457678141847460e-02 1.898457678141847460e-02 1.782808012456632563e-02 1.479221466395170236e-02 1.271032053399308651e-02 2.803425937513081417e-02 2.225070784343853234e-02 2.225070784343852887e-02 2.225070784343852887e-02 1.846218550408710787e-02 4.050039977370386429e-02 1.772194900961876138e-02 1.952318563584086453e-02 1.952318563584086453e-02 3.851242551630385674e-02 3.687963915950885629e-02 3.851242551630386368e-02
1.945203437036557848e-02 1.986390810464199255e-02 0.000000000000000000e+00 2.823713187389519791e-02 2.604221438308049891e-02 2.691460858882617491e-02 2.478436885820709326e-02 2.691460858882618185e-02 2.691460858882618185e-02 2.272986333070410592e-02 2.386054989341562446e-02 2.386054989341562446e-02 2.197988451338267826e-02 2.150573380778855390e-02 2.511659057532976413e-02 2.376106357616672438e-02 2.376106357616672438e-02 2.511659057532977107e-02 2.476100990653505585e-02 2.308218646000358490e-02 2.450594190670924225e-02 2.311151786173549702e-02 2.789655630035463643e-02 2.404588346358473017e-02 3.243301331771428209e-02 2.509045295192913541e-02 2.496272274781667286e-02 2.496272274781666939e-02 2.384970213550739390e-02 2.362599822232139615e-02 2.228834974687875919e-02 2.396997435034526128e-02 2.184625116372845496e-02 2.298434382761332245e-02 2.298434382761332592e-02 2.022721040868489736e-02 2.205047951082149404e-02 2.311464593342648158e-02 2.311464593342648158e-02 2.082673098200758105e-02 2.022259555912077345e-02 2.310849441807735424e-02 2.176601681427622198e-02 2.221443282058259416e-02 2.203455366901517845e-02 2.048886952876293605e-02 1.955120894924596009e-02 2.310849441807735424e-02 2.664968722716169053e-02 2.240735967105440471e-02 2.664968722716168359e-02 2.486139242611784192e-02 2.148356953070724995e-02 2.696206637377053517e-02 2.696206637377053864e-02 2.696206637377053864e-02 2.613790749221554799e-02 2.382602361133439109e-02 2.362324043463633061e-02 2.227918766246494292e-02 2.330916460716575891e-02 2.063949611176278329e-02 2.330916460716575891e-02 2.332725334375069723e-02 2.332725334375069723e-02 2.195356592690549460e-02 2.601264550038174389e-02 2.764347545389312516e-02 2.764347545389312516e-02 2.764347545389312516e-02 2.449622672745055407e-02 2.538529676947703581e-02 2.538529676947703581e-02 2.538529676947703581e-02 2.280410384770579016e-02 2.329587460657596074e-02 2.329587460657596074e-02 2.132330171907329680e-02 2.137844457874971821e-02 2.067899997793529870e-02 2.114564057164313587e-02 5.880552667223675617e-02 5.880552667223673535e-02 6.188418902954041095e-02 2.132780422679067880e-02 2.151876200126434657e-02 2.258044235149606407e-02 2.294507208459313150e-02 2.467155951488871415e-02 2.416384579706678387e-02 2.467155951488870722e-02 2.306901089963598814e-02 2.183868159143144763e-02 2.253156523610383433e-02 2.219827324185819073e-02 2.121284543690092964e-02 2.320173947791873484e-02 2.132931833059930476e-02 2.642712135421560610e-02 2.388253371792813801e-02 2.278826945449991329e-02 2.388253371792813801e-02 2.343468498414241763e-02 2.569638693477217101e-02 2.343468498414241763e-02 1.531136707087569875e-02 1.531136707087569875e-02 1.531136707087570221e-02 2.089552239790680790e-02 2.130249625471674485e-02 2.352699910216717386e-02 2.352699910216717386e-02 2.212755229497052542e-02 2.212755229497052542e-02 2.120693103489701761e-02 2.407595338605460211e-02 2.407595338605460211e-02 2.353034528823018390e-02 2.241865484143049786e-02 2.208698858347372951e-02 3.574913517733645935e-02 3.574913517733645935e-02 2.406015566408999107e-02 2.367350794720078297e-02 2.517675695656522092e-02 2.517675695656522092e-02 2.429908021169166141e-02 2.273888713373481071e-02 2.138082240883297513e-02 3.252010239695180688e-02 2.747694753464294953e-02 2.747694753464294606e-02 2.747694753464294953e-02 2.507754219858053177e-02 4.412839565392713548e-02 2.461756552150775115e-02 2.551704986072182713e-02 2.551704986072182366e-02 4.166659539517786337e-02 3.997425210628455933e-02 4.166659539517787031e-02
2.043415961907382034e-02 2.488965977365002746e-02 2.823713187389519791e-02 0.000000000000000000e+00 1.977027194600906174e-02 3.113310940371937646e-02 2.930541150675974524e-02 3.113310940371937646e-02 3.113310940371937646e-02 2.765837194442481370e-02 2.865017677610843042e-02 2.865017677610843042e-02 2.698570542211333606e-02 2.658983697004433863e-02 2.968522441913762702e-02 2.850745557115652584e-02 2.850745557115653278e-02 2.968522441913762702e-02 2.936514652240584597e-02 2.794177156429708889e-02 2.917682605501323995e-02 2.796673821230730855e-02 3.217629381029712965e-02 2.863130894932301718e-02 3.563662977909074631e-02 2.967026441102462234e-02 2.953139797072640987e-02 2.953139797072640987e-02 2.856574779221070226e-02 2.842294980468016222e-02 2.725095319938549213e-02 2.855386234245392216e-02 2.684508050861486583e-02 2.783075106075224084e-02 2.783075106075224084e-02 2.544906224692352129e-02 2.707782402215555551e-02 2.801367825138696352e-02 2.801367825138696699e-02 2.599868315567114771e-02 2.547063428421997289e-02 2.801638263656108102e-02 2.683987436721042494e-02 2.722231516014927619e-02 2.707140349180173558e-02 2.571223444288056950e-02 2.487046454815408300e-02 2.801638263656108449e-02 3.104505995656664519e-02 2.732751722200802216e-02 3.104505995656664519e-02 2.936783391637390675e-02 2.657876367973615456e-02 3.117048877391690245e-02 3.117048877391690939e-02 3.117048877391690939e-02 3.063052078968454481e-02 2.861138971395923297e-02 2.841098582843413003e-02 2.728001930111634624e-02 2.818572266721617800e-02 2.583115403707329436e-02 2.818572266721617800e-02 2.820172959411642796e-02 2.820172959411642796e-02 2.699721410959922754e-02 3.029059153269972673e-02 3.170238911074610422e-02 3.170238911074610422e-02 3.170238911074610422e-02 2.909071060584191015e-02 2.990384469828860289e-02 2.990384469828860289e-02 2.990384469828860983e-02 2.767128798380531773e-02 2.817602562390198254e-02 2.817602562390197560e-02 2.644147279441970769e-02 2.648866504708237424e-02 2.585702073659790212e-02 2.626774048148953003e-02 6.066167405473447266e-02 6.066167405473444491e-02 6.367689750574383190e-02 2.645487281984331210e-02 2.660311023560813296e-02 2.749545129953375952e-02 2.783170336114712887e-02 2.931595968182783285e-02 2.886066010433428058e-02 2.931595968182783285e-02 2.794013731504436937e-02 2.690594718795028678e-02 2.749581410291167607e-02 2.721681304323067541e-02 2.634934008621661952e-02 2.805356617610680128e-02 2.644941821092270523e-02 3.086711404643461415e-02 2.866904787088768794e-02 2.770816933104602517e-02 2.866904787088769488e-02 2.829053710768406060e-02 3.004250176288405030e-02 2.829053710768406060e-02 3.075022299179933777e-02 3.075022299179933777e-02 3.075022299179933777e-02 2.606142512549596002e-02 2.642342051674954548e-02 2.837063495158669013e-02 2.837063495158669013e-02 2.714767721011751914e-02 2.714767721011751567e-02 2.634366288102927764e-02 2.882084116497361098e-02 2.882084116497360404e-02 2.837558391656249540e-02 2.739906498052485304e-02 2.711101344188577428e-02 3.863381514197538474e-02 3.863381514197539862e-02 2.875261301709732334e-02 2.842955764909123328e-02 2.973250416996733175e-02 2.973250416996733869e-02 2.893900214285090311e-02 2.770035087547570787e-02 2.649352198780094425e-02 3.565169432888646434e-02 3.157499011511238213e-02 3.157499011511238213e-02 3.157499011511238213e-02 2.973249276711348310e-02 4.642424233026329339e-02 2.934707131308181630e-02 2.999991164258966961e-02 2.999991164258966961e-02 3.524187044212062636e-02 2.955382040439106378e-02 3.524187044212061942e-02
1.749607477344657103e-02 2.250197078860529873e-02 2.604221438308049891e-02 1.977027194600906174e-02 0.000000000000000000e+00 2.918624866765518952e-02 2.723108242532488316e-02 2.918624866765518952e-02 2.918624866765518952e-02 2.537591163918441819e-02 2.639460660832943992e-02 2.639460660832943992e-02 2.469815804278774340e-02 2.428105505689703153e-02 2.753911362543647393e-02 2.630587655902199423e-02 2.630587655902200117e-02 2.753911362543647393e-02 2.721342865786622461e-02 2.569391671890728854e-02 2.698181347431859167e-02 2.572024394411310394e-02 3.010386217103808507e-02 2.653537760889607133e-02 3.431873216946991489e-02 2.750959455054346331e-02 2.738900670762591319e-02 2.738900670762591319e-02 2.637927516221155039e-02 2.616932876539563788e-02 2.497149983960161509e-02 2.642294126217674399e-02 2.450400879538833232e-02 2.550090443182988914e-02 2.550090443182988914e-02 2.311979862531764532e-02 2.476316508324161170e-02 2.571411169588839682e-02 2.571411169588839682e-02 2.367913337621884232e-02 2.314955856046458857e-02 2.571940954239809729e-02 2.451549543000248327e-02 2.491770378807518782e-02 2.475843922320764001e-02 2.338735535789092032e-02 2.255052789426113813e-02 2.571940954239809729e-02 2.894788370905856945e-02 2.508581325459935396e-02 2.894788370905856251e-02 2.730095808354201722e-02 2.426760282852889750e-02 2.922972099389851280e-02 2.922972099389851974e-02 2.922972099389851974e-02 2.847558162045097513e-02 2.636487851124995688e-02 2.618017194019347030e-02 2.497592368865100831e-02 2.589972340221192992e-02 2.351687665514946152e-02 2.589972340221192992e-02 2.591400899428339052e-02 2.591400899428339052e-02 2.468449358348823869e-02 2.834752019066129336e-02 2.985275955152552618e-02 2.985275955152552618e-02 2.985275955152552618e-02 2.696768897106896837e-02 2.778462281996912919e-02 2.778462281996913266e-02 2.778462281996913613e-02 2.544292547989516692e-02 2.588744846004384370e-02 2.588744846004384023e-02 2.412478090227076349e-02 2.417421911753651551e-02 2.351698876804955360e-02 2.392316608957901353e-02 6.024506702080825032e-02 6.024506702080825032e-02 6.329735470791214569e-02 2.412104207955246757e-02 2.429536479324031009e-02 2.524233556322028754e-02 2.557068522859035423e-02 2.713267844397685216e-02 2.666974543170761228e-02 2.713267844397684869e-02 2.568082897625011476e-02 2.458548202370719124e-02 2.520061912672431556e-02 2.490430910102629444e-02 2.402840794232737401e-02 2.580111159098095672e-02 2.413104752740537554e-02 2.874152458844704203e-02 2.641548224323200800e-02 2.542892306663031843e-02 2.641548224323201147e-02 2.601263410200625389e-02 2.806014551378098118e-02 2.601263410200625043e-02 2.872851489484802914e-02 2.872851489484802914e-02 2.872851489484802914e-02 2.374528375027248547e-02 2.410773177831154052e-02 2.609554711593776652e-02 2.609554711593776652e-02 2.484165199805492621e-02 2.484165199805492275e-02 2.402342890875157344e-02 2.659135749625108139e-02 2.659135749625108139e-02 2.609798587762401575e-02 2.509946713914704489e-02 2.480380271850079338e-02 3.748566192081980580e-02 3.748566192081980580e-02 2.657577158851485988e-02 2.622586506930763353e-02 2.759340541423284734e-02 2.759340541423284734e-02 2.679111036123409464e-02 2.538949043317402510e-02 2.417696186542557524e-02 3.437548870917134930e-02 2.970138986322711991e-02 2.970138986322711644e-02 2.970138986322711991e-02 2.750200045048699707e-02 4.573073959324179538e-02 2.708432560619856641e-02 2.790238804882043053e-02 2.790238804882042706e-02 4.032115121331333180e-02 3.724895368669539630e-02 4.032115121331333873e-02
2.545780861228064823e-02 2.149896666878680848e-02 2.691460858882617491e-02 3.113310940371937646e-02 2.918624866765518952e-02 0.000000000000000000e+00 1.502772845825414184e-02 1.470636616681158561e-02 1.470636616681158561e-02 2.374703907022897992e-02 2.481815860140903357e-02 2.481815860140903357e-02 2.304683098549873202e-02 2.259662516604896837e-02 2.602017446291023106e-02 2.472555704729376136e-02 2.472555704729376136e-02 2.602017446291023453e-02 2.566495918017671143e-02 2.406731424834894842e-02 2.541925774860359991e-02 2.406590654993223666e-02 2.868618932741929042e-02 2.503262108019643079e-02 3.324336497089584730e-02 2.598363012671218997e-02 2.588326705757598017e-02 2.588326705757597671e-02 2.481722001410902045e-02 2.460949041288960915e-02 2.333712302168295880e-02 2.497682919778838190e-02 2.302331435786094879e-02 2.412143806215368003e-02 2.412143806215368003e-02 2.143311844584617695e-02 2.311586908841658031e-02 2.412336609005496374e-02 2.412336609005496721e-02 2.195757970609723414e-02 2.138174444630602106e-02 2.409815241294992888e-02 2.284637219002619637e-02 2.325820148464552775e-02 2.306810112432538390e-02 2.163135841867461912e-02 2.075849707208951220e-02 2.409815241294992888e-02 2.749212397207032726e-02 2.343954482136711634e-02 2.749212397207033073e-02 2.579792155239647722e-02 2.257040268569529898e-02 2.782518328233210894e-02 2.782518328233210894e-02 2.782518328233210894e-02 2.699123990338981108e-02 2.478468739644185473e-02 2.458591653611941902e-02 2.331618555321805439e-02 2.428941007406936609e-02 2.176093637411788753e-02 2.428941007406937302e-02 2.431259659892570993e-02 2.431259659892570993e-02 2.301567020265715691e-02 2.692436006578439664e-02 2.850255476153031736e-02 2.850255476153031042e-02 2.850255476153031736e-02 2.544056308977168598e-02 2.626519723348700458e-02 2.626519723348700805e-02 2.626519723348700805e-02 2.378113554545903049e-02 2.428053867738477756e-02 2.428053867738477756e-02 2.241952443880717086e-02 2.246940869953919021e-02 2.187180089375852232e-02 2.232288539422664503e-02 5.947746512931163798e-02 5.947746512931162410e-02 6.254311532411696573e-02 2.244445707778990398e-02 2.260513907154756627e-02 2.360394946580550782e-02 2.394931640617230933e-02 2.559260323649494018e-02 2.510806594325009494e-02 2.559260323649493324e-02 2.406894133495230195e-02 2.289460873330517732e-02 2.352001973509288552e-02 2.323651268589847080e-02 2.228360733890364515e-02 2.414545045473694140e-02 2.221097522864852458e-02 2.725575777952234796e-02 2.483785351781234163e-02 2.380124730257842519e-02 2.483785351781234857e-02 2.440974668394462269e-02 2.661221349268195341e-02 2.440974668394462269e-02 2.849438376192033051e-02 2.849438376192033051e-02 2.849438376192033051e-02 2.188325814602382416e-02 2.116105698864352569e-02 2.445590146480679239e-02 2.445590146480679239e-02 2.317764470643332228e-02 2.317764470643332228e-02 2.230867595643884135e-02 2.502304374543933008e-02 2.502304374543933702e-02 2.450256251811817540e-02 2.345069708622895058e-02 2.313934292969958492e-02 3.649926043674793508e-02 3.649926043674795589e-02 2.501368605415218646e-02 2.464481425071544246e-02 2.607956928726451115e-02 2.607956928726451115e-02 2.524649889968091226e-02 2.344456374769321796e-02 2.225672436790761960e-02 3.335816197655342569e-02 2.833586394486454357e-02 2.833586394486454704e-02 2.833586394486454704e-02 2.598021697761087462e-02 4.487498988326834443e-02 2.553816893961550344e-02 2.641294732464220113e-02 2.641294732464220113e-02 4.288765380286730516e-02 4.149361804724529396e-02 4.288765380286730516e-02
2.313256810894916485e-02 1.861998054229882169e-02 2.478436885820709326e-02 2.930541150675974524e-02 2.723108242532488316e-02 1.502772845825414184e-02 0.000000000000000000e+00 1.502772845825414184e-02 1.502772845825414184e-02 2.115630322799424284e-02 2.235615910819684429e-02 2.235615910819684429e-02 2.037255381867232248e-02 1.985671041158352038e-02 2.374007516285366048e-02 2.229375858677269326e-02 2.229375858677269326e-02 2.374007516285366048e-02 2.333617071467361526e-02 2.152052119107425790e-02 2.303740219022456723e-02 2.148470735089975936e-02 2.663890205496579830e-02 2.267024363649924185e-02 3.156515987631192816e-02 2.367090992395525298e-02 2.358886717948698725e-02 2.358886717948699072e-02 2.239876092553256745e-02 2.212116617659851472e-02 2.070271814829581156e-02 2.255767634524060219e-02 2.032231489575505451e-02 2.155383726072448644e-02 2.155383726072448644e-02 1.854534820487349980e-02 2.042804994539896418e-02 2.155634510302775406e-02 2.155634510302775753e-02 1.913337718939089535e-02 1.848133314494162030e-02 2.151919296218122654e-02 2.011139989308878551e-02 2.059247464743894918e-02 2.034470874077853875e-02 1.875065935463298902e-02 1.779203102574448275e-02 2.151919296218122654e-02 2.535550837724308976e-02 2.085228234112389625e-02 2.535550837724308976e-02 2.353309997501613210e-02 1.981912218650364391e-02 2.577528864982069762e-02 2.577528864982069762e-02 2.577528864982069068e-02 2.478080762494470901e-02 2.232013858472696802e-02 2.210894056797474416e-02 2.065306698373503211e-02 2.174276470916569962e-02 1.890188552076445955e-02 2.174276470916570309e-02 2.177299841533096580e-02 2.177299841533096927e-02 2.031539827091596168e-02 2.479630772464110761e-02 2.652216630307749692e-02 2.652216630307749692e-02 2.652216630307749692e-02 2.311923109082320363e-02 2.400288478838412398e-02 2.400288478838412398e-02 2.400288478838412745e-02 2.119026941659789276e-02 2.173544502784534316e-02 2.173544502784534316e-02 1.964805260298840145e-02 1.970373663448801715e-02 1.901904647766461051e-02 1.951871590213707930e-02 5.824973008300277783e-02 5.824973008300276395e-02 6.134865950224444725e-02 1.965623603830689986e-02 1.986630334998404010e-02 2.102254799817190184e-02 2.139559159928243123e-02 2.325221159505688751e-02 2.272121992519152839e-02 2.325221159505687710e-02 2.152470071659795883e-02 2.015409886022635419e-02 2.084626956608933573e-02 2.054931290672097968e-02 1.944699984909846815e-02 2.156008868736453490e-02 1.914976392020073526e-02 2.506494030559660441e-02 2.237894630163123066e-02 2.121871126365008908e-02 2.237894630163123760e-02 2.188191801852139989e-02 2.444783180038969869e-02 2.188191801852139989e-02 2.651296753755707017e-02 2.651296753755707017e-02 2.651296753755707364e-02 1.888849367480060701e-02 1.698256435079739668e-02 2.188881857726761651e-02 2.188881857726761651e-02 2.049875846240045013e-02 2.049875846240045013e-02 1.951588976296907835e-02 2.259820703104459955e-02 2.259820703104459955e-02 2.199062359733977567e-02 2.081178006094889718e-02 2.045835881601740583e-02 3.497883041078091865e-02 3.497883041078093252e-02 2.262487822098016577e-02 2.220330182484947859e-02 2.380852575377899114e-02 2.380852575377899114e-02 2.289537837765484932e-02 2.043515722170211740e-02 1.919888809508752542e-02 3.159850905835533130e-02 2.633929514724104443e-02 2.633929514724104096e-02 2.633929514724104790e-02 2.363699688639445823e-02 4.344058085173343325e-02 2.312803487378487302e-02 2.419109631700905663e-02 2.419109631700905663e-02 4.150845793659303784e-02 4.006892002908592904e-02 4.150845793659303784e-02
2.545780861228064823e-02 2.149896666878681195e-02 2.691460858882618185e-02 3.113310940371937646e-02 2.918624866765518952e-02 1.470636616681158561e-02 1.502772845825414184e-02 0.000000000000000000e+00 1.470636616681158214e-02 2.374703907022899033e-02 2.481815860140903357e-02 2.481815860140903357e-02 2.304683098549873549e-02 2.259662516604896837e-02 2.602017446291023453e-02 2.472555704729376483e-02 2.472555704729376136e-02 2.602017446291023800e-02 2.566495918017671490e-02 2.406731424834894842e-02 2.541925774860359991e-02 2.406590654993224013e-02 2.868618932741929736e-02 2.503262108019643425e-02 3.324336497089585424e-02 2.598363012671219344e-02 2.588326705757598017e-02 2.588326705757597671e-02 2.481722001410902045e-02 2.460949041288961608e-02 2.333712302168296227e-02 2.497682919778838884e-02 2.302331435786094879e-02 2.412143806215368350e-02 2.412143806215368697e-02 2.143311844584618042e-02 2.311586908841658378e-02 2.412336609005496721e-02 2.412336609005496721e-02 2.195757970609723414e-02 2.138174444630602800e-02 2.409815241294992888e-02 2.284637219002620331e-02 2.325820148464553122e-02 2.306810112432538737e-02 2.163135841867462258e-02 2.075849707208951567e-02 2.409815241294993235e-02 2.749212397207034114e-02 2.343954482136711981e-02 2.749212397207033420e-02 2.579792155239647722e-02 2.257040268569529898e-02 2.782518328233211241e-02 2.782518328233210894e-02 2.782518328233210894e-02 2.699123990338981108e-02 2.478468739644185820e-02 2.458591653611941902e-02 2.331618555321805439e-02 2.428941007406936956e-02 2.176093637411788753e-02 2.428941007406937649e-02 2.431259659892570993e-02 2.431259659892570993e-02 2.301567020265715691e-02 2.692436006578439664e-02 2.850255476153031736e-02 2.850255476153031736e-02 2.850255476153031736e-02 2.544056308977168945e-02 2.626519723348700458e-02 2.626519723348700805e-02 2.626519723348700805e-02 2.378113554545903396e-02 2.428053867738477756e-02 2.428053867738477756e-02 2.241952443880717433e-02 2.246940869953919367e-02 2.187180089375853620e-02 2.232288539422664503e-02 5.947746512931165186e-02 5.947746512931162410e-02 6.254311532411696573e-02 2.244445707778990398e-02 2.260513907154756627e-02 2.360394946580551129e-02 2.394931640617230933e-02 2.559260323649494365e-02 2.510806594325009841e-02 2.559260323649494365e-02 2.406894133495230542e-02 2.289460873330518426e-02 2.352001973509288899e-02 2.323651268589847427e-02 2.228360733890364861e-02 2.414545045473694487e-02 2.221097522864852458e-02 2.725575777952235837e-02 2.483785351781234163e-02 2.380124730257842866e-02 2.483785351781234857e-02 2.440974668394462269e-02 2.661221349268196382e-02 2.440974668394461922e-02 2.849438376192033745e-02 2.849438376192033051e-02 2.849438376192033745e-02 2.188325814602382069e-02 2.116105698864352569e-02 2.445590146480679586e-02 2.445590146480679239e-02 2.317764470643332228e-02 2.317764470643332228e-02 2.230867595643885176e-02 2.502304374543933355e-02 2.502304374543934049e-02 2.450256251811817540e-02 2.345069708622895058e-02 2.313934292969958492e-02 3.649926043674793508e-02 3.649926043674795589e-02 2.501368605415218993e-02 2.464481425071544246e-02 2.607956928726451809e-02 2.607956928726451809e-02 2.524649889968091573e-02 2.344456374769322143e-02 2.225672436790762307e-02 3.335816197655343263e-02 2.833586394486454704e-02 2.833586394486454704e-02 2.833586394486454704e-02 2.598021697761087809e-02 4.487498988326835830e-02 2.553816893961551732e-02 2.641294732464220460e-02 2.641294732464220460e-02 4.288765380286730516e-02 4.149361804724529396e-02 4.288765380286730516e-02
2.545780861228064823e-02 2.149896666878681195e-02 2.691460858882618185e-02 3.113310940371937646e-02 2.918624866765518952e-02 1.470636616681158561e-02 1.502772845825414184e-02 1.470636616681158214e-02 0.000000000000000000e+00 2.374703907022899380e-02 2.481815860140903704e-02 2.481815860140903357e-02 2.304683098549873549e-02 2.259662516604897184e-02 2.602017446291023453e-02 2.472555704729376483e-02 2.472555704729376830e-02 2.602017446291023800e-02 2.566495918017671490e-02 2.406731424834894842e-02 2.541925774860359991e-02 2.406590654993224360e-02 2.868618932741930430e-02 2.503262108019643425e-02 3.324336497089584730e-02 2.598363012671218997e-02 2.588326705757598017e-02 2.588326705757597671e-02 2.481722001410902392e-02 2.460949041288960915e-02 2.333712302168296227e-02 2.497682919778838884e-02 2.302331435786094879e-02 2.412143806215368350e-02 2.412143806215369043e-02 2.143311844584618042e-02 2.311586908841658378e-02 2.412336609005496721e-02 2.412336609005497068e-02 2.195757970609723414e-02 2.138174444630602800e-02 2.409815241294993235e-02 2.284637219002619984e-02 2.325820148464553122e-02 2.306810112432538737e-02 2.163135841867462258e-02 2.075849707208952261e-02 2.409815241294993235e-02 2.749212397207034114e-02 2.343954482136711981e-02 2.749212397207033767e-02 2.579792155239647722e-02 2.257040268569530245e-02 2.782518328233211241e-02 2.782518328233210894e-02 2.782518328233210894e-02 2.699123990338981108e-02 2.478468739644185820e-02 2.458591653611941902e-02 2.331618555321805786e-02 2.428941007406936956e-02 2.176093637411789100e-02 2.428941007406937649e-02 2.431259659892570993e-02 2.431259659892570993e-02 2.301567020265715344e-02 2.692436006578440011e-02 2.850255476153031736e-02 2.850255476153031736e-02 2.850255476153031736e-02 2.544056308977168945e-02 2.626519723348700805e-02 2.626519723348700805e-02 2.626519723348700805e-02 2.378113554545903396e-02 2.428053867738477756e-02 2.428053867738477756e-02 2.241952443880717433e-02 2.246940869953919714e-02 2.187180089375853620e-02 2.232288539422664503e-02 5.947746512931163798e-02 5.947746512931163798e-02 6.254311532411696573e-02 2.244445707778990398e-02 2.260513907154756627e-02 2.360394946580551129e-02 2.394931640617230933e-02 2.559260323649494365e-02 2.510806594325010188e-02 2.559260323649494018e-02 2.406894133495230542e-02 2.289460873330519119e-02 2.352001973509288899e-02 2.323651268589847427e-02 2.228360733890364861e-02 2.414545045473694140e-02 2.221097522864852458e-02 2.725575777952235490e-02 2.483785351781234163e-02 2.380124730257842519e-02 2.483785351781234857e-02 2.440974668394462616e-02 2.661221349268196729e-02 2.440974668394462269e-02 2.849438376192033051e-02 2.849438376192033051e-02 2.849438376192033745e-02 2.188325814602382416e-02 2.116105698864352569e-02 2.445590146480679586e-02 2.445590146480679239e-02 2.317764470643332228e-02 2.317764470643332228e-02 2.230867595643885176e-02 2.502304374543933702e-02 2.502304374543934049e-02 2.450256251811817887e-02 2.345069708622895058e-02 2.313934292969958492e-02 3.649926043674793508e-02 3.649926043674795589e-02 2.501368605415218993e-02 2.464481425071544246e-02 2.607956928726451809e-02 2.607956928726451809e-02 2.524649889968091573e-02 2.344456374769322490e-02 2.225672436790762307e-02 3.335816197655343263e-02 2.833586394486454357e-02 2.833586394486454704e-02 2.833586394486454704e-02 2.598021697761087462e-02 4.487498988326835830e-02 2.553816893961551385e-02 2.641294732464220460e-02 2.641294732464220460e-02 4.288765380286730516e-02 4.149361804724529396e-02 4.288765380286730516e-02
2.075420244083621760e-02 1.502381884581076472e-02 2.272986333070410592e-02 2.765837194442481370e-02 2.537591163918441819e-02 2.374703907022897992e-02 2.115630322799424284e-02 2.374703907022899033e-02 2.374703907022899380e-02 0.000000000000000000e+00 1.348420256715686209e-02 1.348420256715686036e-02 1.456095223965317258e-02 1.215898254582229755e-02 2.134129364911897114e-02 1.964739392793203934e-02 1.964739392793203934e-02 2.134129364911897114e-02 2.093187521118979391e-02 1.868983301817654652e-02 2.050453142404410484e-02 1.872948703611430205e-02 2.457192318172909604e-02 2.026709145042865715e-02 3.010956647787400159e-02 2.128492667539157515e-02 2.120094990287664169e-02 2.120094990287663475e-02 1.981886660992568383e-02 1.833967608486556516e-02 1.683635620182432485e-02 1.912112582607757016e-02 1.693900521035829332e-02 1.843936882292475377e-02 1.843936882292475377e-02 1.452409273099158037e-02 1.694561505494393550e-02 1.831494777587286057e-02 1.831494777587286057e-02 1.510695822511269951e-02 1.489761795681762008e-02 1.844495133296272099e-02 1.674179690194728398e-02 1.737406790745560370e-02 1.710961620533995448e-02 1.518202847988949292e-02 1.409526763641260824e-02 1.844495133296272446e-02 2.315947076275770219e-02 1.794931008526341396e-02 2.315947076275769873e-02 2.125822315624430192e-02 1.649027089689475770e-02 2.380789780013315565e-02 2.380789780013315565e-02 2.380789780013315565e-02 2.243345980099919340e-02 1.953475775794621602e-02 1.938275814777521561e-02 1.745286508973336453e-02 1.873703809221103148e-02 1.545254325975842745e-02 1.873703809221103148e-02 1.857867578186984600e-02 1.857867578186984600e-02 1.687782276168358492e-02 2.274386483745142323e-02 2.466351629327416181e-02 2.466351629327416181e-02 2.466351629327415834e-02 2.070624424358136900e-02 2.171626389660352360e-02 2.171626389660351666e-02 2.171626389660352360e-02 1.846145114639645424e-02 1.870725698476058407e-02 1.870725698476058407e-02 1.625003976070347675e-02 1.633221629037317005e-02 1.544944724079642256e-02 1.600571948108508308e-02 5.725265139563600475e-02 5.725265139563600475e-02 6.037504523223272135e-02 1.616981996700655316e-02 1.650671092352902838e-02 1.809419631563145142e-02 1.847117308042832418e-02 2.072909946791071795e-02 2.013824999904802182e-02 2.072909946791071448e-02 1.863498220519173645e-02 1.681745425088633158e-02 1.779593429107840380e-02 1.724550332656772308e-02 1.607887900190535513e-02 1.880527811231777133e-02 1.624524455086791969e-02 2.284329068778200716e-02 1.949647049645451477e-02 1.801769898069632489e-02 1.949647049645451824e-02 1.893423553719667321e-02 2.234093280388875155e-02 1.893423553719667321e-02 2.465310182059818334e-02 2.465310182059818681e-02 2.465310182059818334e-02 1.574378302792387579e-02 1.624183929296285633e-02 1.904175984646318959e-02 1.904175984646318959e-02 1.727331292844349817e-02 1.727331292844349817e-02 1.608755062983712250e-02 1.988991098984151801e-02 1.988991098984152148e-02 1.903221081263235109e-02 1.764148559476970760e-02 1.721030848495453194e-02 3.369076844724126080e-02 3.369076844724127467e-02 1.985423970144124806e-02 1.895663529148366652e-02 2.119444765257329569e-02 2.119444765257329569e-02 2.038245223656450639e-02 1.793957040037387138e-02 1.632285956399159507e-02 2.977084189745790935e-02 2.445748084485016918e-02 2.445748084485016571e-02 2.445748084485016918e-02 2.100124020190088578e-02 4.216132721707374631e-02 2.007710047887080115e-02 2.190288857813231169e-02 2.190288857813231169e-02 4.037980393765708970e-02 3.889730137672567367e-02 4.037980393765708970e-02
2.199703713593084697e-02 1.674165720907202365e-02 2.386054989341562446e-02 2.865017677610843042e-02 2.639460660832943992e-02 2.481815860140903357e-02 2.235615910819684429e-02 2.481815860140903357e-02 2.481815860140903704e-02 1.348420256715686209e-02 0.000000000000000000e+00 1.366955439864642879e-02 1.777274459636584911e-02 1.347430781959267632e-02 2.251507383749106264e-02 2.093003876662338780e-02 2.093003876662338780e-02 2.251507383749106264e-02 2.212878185460543518e-02 2.004825476415191335e-02 2.173025344511309714e-02 2.008451759332067696e-02 2.558387688240925523e-02 2.153121227513078023e-02 3.103663973415751384e-02 2.246707544474770002e-02 2.239080236389240364e-02 2.239080236389240364e-02 2.109677113207154842e-02 2.028752413701113977e-02 1.882387213695578890e-02 2.098791129774614170e-02 1.846157765047536439e-02 1.983264900123649782e-02 1.983264900123649782e-02 1.623254331246740817e-02 1.844342473228947205e-02 1.969309414609402009e-02 1.969309414609402356e-02 1.673278118016065241e-02 1.663671747652776048e-02 1.984436220073870424e-02 1.830845138433294383e-02 1.886317710284769744e-02 1.863033049419486609e-02 1.690387742944956390e-02 1.591439419886419432e-02 1.984436220073870771e-02 2.423674518932066729e-02 1.936061713125370939e-02 2.423674518932067076e-02 2.245284889773380838e-02 1.806656392638324865e-02 2.487707675755988432e-02 2.487707675755988432e-02 2.487707675755988432e-02 2.354475068868170165e-02 2.083269245468654177e-02 2.068844152818752335e-02 1.893538509406689913e-02 2.010652398578701566e-02 1.712459102613096001e-02 2.010652398578701219e-02 1.992715754590883639e-02 1.992715754590883639e-02 1.839368957222676376e-02 2.387535778547358184e-02 2.570926227331519001e-02 2.570926227331519001e-02 2.570926227331519001e-02 2.193908747742320114e-02 2.287057266577536066e-02 2.287057266577536066e-02 2.287057266577536066e-02 1.983445258684102611e-02 2.008053792186599226e-02 2.008053792186598879e-02 1.785070227633131501e-02 1.792320506452943149e-02 1.714749151283562548e-02 1.765308962406512971e-02 5.801758101585995087e-02 5.801758101585993699e-02 6.113434240370269751e-02 1.780331205088615462e-02 1.809804476713457178e-02 1.949848974782234998e-02 1.984954024468970832e-02 2.193967706210446511e-02 2.138540641764095571e-02 2.193967706210445817e-02 2.000599653247915263e-02 1.838044822635615666e-02 1.924345298650599265e-02 1.878740557550997656e-02 1.770819336713700537e-02 2.015818488999905275e-02 1.785043640748833552e-02 2.393577768186073984e-02 2.082933985242458458e-02 1.953968424169775023e-02 2.082933985242458805e-02 2.028636885900586551e-02 2.348521124409028507e-02 2.028636885900586204e-02 2.569825012642222573e-02 2.569825012642222919e-02 2.569825012642222919e-02 1.739150896644369934e-02 1.784612113264761463e-02 2.038276260932793058e-02 2.038276260932792711e-02 1.877516735562188149e-02 1.877516735562188149e-02 1.771044000014555808e-02 2.115934266599770255e-02 2.115934266599770602e-02 2.037461328336140354e-02 1.910369082339748517e-02 1.871565510939996249e-02 3.453898939357272213e-02 3.453898939357272213e-02 2.125525395633621681e-02 2.063760432099624384e-02 2.252047059944214946e-02 2.252047059944214599e-02 2.165207906029863530e-02 1.939212232852745646e-02 1.791854733384494816e-02 3.089650287701356177e-02 2.550733737064440898e-02 2.550733737064440898e-02 2.550733737064440898e-02 2.220238702617466017e-02 4.305424374705174584e-02 2.149674463219447204e-02 2.306367326574669877e-02 2.306367326574669877e-02 4.117893839418126922e-02 3.972238404021886937e-02 4.117893839418125534e-02
