0.000000000000000000e+00 1.500295550845666750e-02 1.784003938298860462e-02 1.943468688576536693e-02 1.873129984121855648e-02 2.307962834932614921e-02 2.057685908028079533e-02 2.307962834932614921e-02 2.307962834932614921e-02 1.897989905194884253e-02 2.057648950265624291e-02 2.057648950265623944e-02 1.788012146786860726e-02 1.755778922032221259e-02 2.161793015002158938e-02 1.981789720758551573e-02 1.981789720758551573e-02 2.161793015002158591e-02 2.112485650653039490e-02 1.922577649096218061e-02 2.105938785105916297e-02 1.924672597042853539e-02 2.751369436027861423e-02 1.944800427307677090e-02 2.848094913881401083e-02 2.185698234773195830e-02 2.128112525733029045e-02 2.128112525733029045e-02 1.974545492812126296e-02 2.013227803782629763e-02 1.822539725245375664e-02 1.996123566791095649e-02 1.801496139863776116e-02 1.954329412501317961e-02 1.954329412501319002e-02 1.609304907765247636e-02 1.837174227407096030e-02 1.986168663568117776e-02 1.986168663568117776e-02 1.679706161257959671e-02 1.617685232047709129e-02 1.987926175744311047e-02 1.815127070608617971e-02 1.852403924538733454e-02 1.837945856880278048e-02 1.649750852449808139e-02 1.546625115634495291e-02 1.987926175744311047e-02 2.468787271094686347e-02 1.816138208576915242e-02 2.468787271094686347e-02 2.061888424508140708e-02 1.750217973301762889e-02 2.309973726632133517e-02 2.309973726632133170e-02 2.309973726632133864e-02 2.397686727905695009e-02 2.073018546086157626e-02 1.989123680882068021e-02 1.857921685612695314e-02 2.003014784870168694e-02 1.650564928563257039e-02 2.003014784870168694e-02 2.009377096908982960e-02 2.009377096908982960e-02 1.829775387995576444e-02 2.129718798406749283e-02 2.341254061274947521e-02 2.341254061274947521e-02 2.341254061274947521e-02 2.022369610237468099e-02 2.189537671562505686e-02 2.189537671562505686e-02 2.189537671562505339e-02 1.859639740402800265e-02 2.002896336494893598e-02 2.002896336494893251e-02 1.742949791313520500e-02 1.744337486652701441e-02 1.674565262545120795e-02 1.736269889527590482e-02 4.433401014295959564e-02 4.433401014295959564e-02 4.406816413881154554e-02 1.763310409762753120e-02 1.760011648213056362e-02 1.838888233390637353e-02 1.907305981862543465e-02 2.117498803467336710e-02 2.029293758745781898e-02 2.117498803467337057e-02 1.923340376227323026e-02 1.813675228430795122e-02 1.884503829393894409e-02 1.856764922053629613e-02 1.729280744120409441e-02 1.954704047261681538e-02 1.739238413767515284e-02 2.424123887503275288e-02 2.060401866741029542e-02 1.903813162667643971e-02 2.060401866741029542e-02 2.012711587690372075e-02 2.115928373912301375e-02 2.012711587690372075e-02 2.201333707840846116e-02 2.201333707840846116e-02 2.201333707840846116e-02 1.685152683083162434e-02 1.735103357664325233e-02 2.025723654377269492e-02 2.025723654377269492e-02 1.835188810736514131e-02 1.835188810736514131e-02 1.726954629719709700e-02 2.064992762279109148e-02 2.064992762279109495e-02 2.026180957996536955e-02 1.872393034886208479e-02 1.840182428483987109e-02 3.324474172065802063e-02 3.324474172065802063e-02 1.999271829515382459e-02 1.967789375275894384e-02 2.162196184812614427e-02 2.162196184812614774e-02 2.011538532365235790e-02 1.937175802190390511e-02 1.742008362765310944e-02 2.892798872811800509e-02 2.335640868481997715e-02 2.335640868481997368e-02 2.335640868481997715e-02 2.273491585232208234e-02 3.599154140119619621e-02 2.217350731112270254e-02 2.180828651946884258e-02 2.180828651946884258e-02 3.590839268932162487e-02 3.182299776389826279e-02 3.590839268932162487e-02
1.500295550845666750e-02 0.000000000000000000e+00 1.723960163997074677e-02 2.221956628091407634e-02 2.212199520527251273e-02 1.965611884252363092e-02 1.656489330685367509e-02 1.965611884252363439e-02 1.965611884252363092e-02 1.419806779165968570e-02 1.637367001537193972e-02 1.637367001537193625e-02 1.261252354055306807e-02 1.200478914170551893e-02 1.781747020661145556e-02 1.548595138040311653e-02 1.548595138040311653e-02 1.781747020661145556e-02 1.723919144643723186e-02 1.463443596582678259e-02 1.708949446620042570e-02 1.466470399840305930e-02 2.471948014979823832e-02 1.509214872678371275e-02 2.568794606991726265e-02 1.812868964478672046e-02 1.739793544292063399e-02 1.739793544292063399e-02 1.539380550144934558e-02 1.580279985145934679e-02 1.316015626762004863e-02 1.573374928692136687e-02 1.121700891060947551e-02 1.344747151046098155e-02 1.344747151046098328e-02 8.991311678227122128e-03 1.310666716032817675e-02 1.522185876779734437e-02 1.522185876779734437e-02 1.075155961145069818e-02 9.794103273908788196e-03 1.537924131978232398e-02 1.276539055543607012e-02 1.349202699191538041e-02 1.325121291824110127e-02 1.025459468308069673e-02 8.501227924658939783e-03 1.537924131978232745e-02 2.152150349895219639e-02 1.322091963053154996e-02 2.152150349895220680e-02 1.662012613709294359e-02 1.194112662519662173e-02 1.968044633305079602e-02 1.968044633305079602e-02 1.968044633305079949e-02 2.065614714806465746e-02 1.663443677437605531e-02 1.556380533552044303e-02 1.357509906078434997e-02 1.560899850781059459e-02 1.042474943109982649e-02 1.560899850781059459e-02 1.567486340467080796e-02 1.567486340467080450e-02 1.311627111366092148e-02 1.749563511818781267e-02 2.005625915437745516e-02 2.005625915437745516e-02 2.005625915437745863e-02 1.606577625312046592e-02 1.818067542835298533e-02 1.818067542835298533e-02 1.818067542835298533e-02 1.380990872991215077e-02 1.559660916346561170e-02 1.559660916346560823e-02 1.182088386807867222e-02 1.185882003278642544e-02 9.823108751576813472e-03 1.068517199727893850e-02 4.211841315317051831e-02 4.211841315317052525e-02 4.181101781614539326e-02 1.173356278894368068e-02 1.211590558632470900e-02 1.345466178044742341e-02 1.438322198855893942e-02 1.723313152614027594e-02 1.611503881502936164e-02 1.723313152614027940e-02 1.459936369665770436e-02 1.282525562126377201e-02 1.398893443512773567e-02 1.352431012952051009e-02 1.156642473773646616e-02 1.509350896463674922e-02 1.174077865559421986e-02 2.098381124033484035e-02 1.642258135812201675e-02 1.429689612178441059e-02 1.642258135812202022e-02 1.575602302021746060e-02 1.731928405530971590e-02 1.575602302021746060e-02 1.996281317991646653e-02 1.996281317991646653e-02 1.996281317991646653e-02 1.094725863375997643e-02 1.168709521376746011e-02 1.593730494866974282e-02 1.593730494866974282e-02 1.321019211018350376e-02 1.321019211018350376e-02 1.152405128995122145e-02 1.651932122635872344e-02 1.651932122635872344e-02 1.592701523262129992e-02 1.379295299506019118e-02 1.330064139821731349e-02 3.080014646387013375e-02 3.080014646387013375e-02 1.573156445009585985e-02 1.529304413675907671e-02 1.782340785047151557e-02 1.782340785047150863e-02 1.591029729436790191e-02 1.460982960459596657e-02 1.178592280724007069e-02 2.621386731061949374e-02 1.998894986167728746e-02 1.998894986167728399e-02 1.998894986167728746e-02 1.910058374302518736e-02 3.359013947243475601e-02 1.838328587743067594e-02 1.807132779637900255e-02 1.807132779637900255e-02 3.465017338803481894e-02 3.121387638381474192e-02 3.465017338803481894e-02
1.784003938298860462e-02 1.723960163997074677e-02 0.000000000000000000e+00 2.519829558259743460e-02 2.492713228558727720e-02 2.386925359910508151e-02 2.150595405375259686e-02 2.386925359910508151e-02 2.386925359910507805e-02 2.005725608340488963e-02 2.155142558325306990e-02 2.155142558325306296e-02 1.903017174042743315e-02 1.873781823719690084e-02 2.250351194340174943e-02 2.081506482888470858e-02 2.081506482888470511e-02 2.250351194340175290e-02 2.202656085817398038e-02 2.027413829094229861e-02 2.198836670802932491e-02 2.029344643641314144e-02 2.814179452485983390e-02 2.046648776516317783e-02 2.910741164723456426e-02 2.273284839564869778e-02 2.219550739422262650e-02 2.219550739422262650e-02 2.075276463251166797e-02 2.114471093224606218e-02 1.934847229304677632e-02 2.097635108324665335e-02 1.937731789732466403e-02 2.084746506751071482e-02 2.084746506751072176e-02 1.743320940742371442e-02 1.951722903760656075e-02 2.091552202690183035e-02 2.091552202690183035e-02 1.802482858743381655e-02 1.743027628683336064e-02 2.091161084165511080e-02 1.931505690983751841e-02 1.963865662326088821e-02 1.950739066903416433e-02 1.773998200435362646e-02 1.676185302166787253e-02 2.091161084165511427e-02 2.541654024319031646e-02 1.925775213327414470e-02 2.541654024319032340e-02 2.154500575944819432e-02 1.868358662699334816e-02 2.388828014637539576e-02 2.388828014637539923e-02 2.388828014637540270e-02 2.474628278633308337e-02 2.168554291271476350e-02 2.089057929542289388e-02 1.969040901367239554e-02 2.104872477601611377e-02 1.773474734459889318e-02 2.104872477601611377e-02 2.111061846055841199e-02 2.111061846055841199e-02 1.943235857503119307e-02 2.217753695736536523e-02 2.418535229422988028e-02 2.418535229422988028e-02 2.418535229422988028e-02 2.118702355379279909e-02 2.276000444092009245e-02 2.276000444092009245e-02 2.276000444092009245e-02 1.967190051923442193e-02 2.104926258262806646e-02 2.104926258262806299e-02 1.861418866752670778e-02 1.862594281779437339e-02 1.808947366632530224e-02 1.869953210077406058e-02 4.478203893605720021e-02 4.478203893605719327e-02 4.452205938564363086e-02 1.885273101679849420e-02 1.877130744175535201e-02 1.948818742126307360e-02 2.013779315828475788e-02 2.209496139296197176e-02 2.125817019458641627e-02 2.209496139296197523e-02 2.029152694592086664e-02 1.928787017037475113e-02 1.993424224289361973e-02 1.968447208692911815e-02 1.848993741401675633e-02 2.057099541233499765e-02 1.858189928107062405e-02 2.499470440932192311e-02 2.157503756021656588e-02 2.010919861835974362e-02 2.157503756021656588e-02 2.113782308356658771e-02 2.204872586663319742e-02 2.113782308356659118e-02 1.594044993953787001e-02 1.594044993953787001e-02 1.594044993953787001e-02 1.806538087801198497e-02 1.854308340478697664e-02 2.125659711927813805e-02 2.125659711927813805e-02 1.948354040860243372e-02 1.948354040860243372e-02 1.846859643193282316e-02 2.161360137380832769e-02 2.161360137380832769e-02 2.126330634716623591e-02 1.982392856852638330e-02 1.952595933956583277e-02 3.377175838567150062e-02 3.377175838567150062e-02 2.097607108474083132e-02 2.068601225618109385e-02 2.250742172684486869e-02 2.250742172684486522e-02 2.108752458568726590e-02 2.044784189840675309e-02 1.860811507365594739e-02 2.956026510469288854e-02 2.413176418122514252e-02 2.413176418122513905e-02 2.413176418122513905e-02 2.358963905454605076e-02 3.651114571640724088e-02 2.306630152295007993e-02 2.267957718524492294e-02 2.267957718524492294e-02 3.733960836112866499e-02 3.402016834363653930e-02 3.733960836112867193e-02
1.943468688576536693e-02 2.221956628091407634e-02 2.519829558259743460e-02 0.000000000000000000e+00 1.988238819551392186e-02 2.780490454186022517e-02 2.585200561079488077e-02 2.780490454186022517e-02 2.780490454186022517e-02 2.475809955633103202e-02 2.600905202640411973e-02 2.600905202640411973e-02 2.389641187255998889e-02 2.365556401628618466e-02 2.675225983705460664e-02 2.534708298608543547e-02 2.534708298608543547e-02 2.675225983705460664e-02 2.631343616236129015e-02 2.491852869128812972e-02 2.634183061268910095e-02 2.493417607652961832e-02 3.155445766656377049e-02 2.497543007949728361e-02 3.205767734556481258e-02 2.693889263597524023e-02 2.649875370350672846e-02 2.649875370350672846e-02 2.529536782884731286e-02 2.567255285095407930e-02 2.415570059764932803e-02 2.541660046758723729e-02 2.417557174388838478e-02 2.539977971582882757e-02 2.539977971582882757e-02 2.254074948042905299e-02 2.432254139339484755e-02 2.549806299641890761e-02 2.549806299641890761e-02 2.305659422700890790e-02 2.255092506644293046e-02 2.549867372736657617e-02 2.416271259400647534e-02 2.442211803361210923e-02 2.431803079799870621e-02 2.282439577007813053e-02 2.196951242901784909e-02 2.549867372736657617e-02 2.918326009062018056e-02 2.403352861908611762e-02 2.918326009062018056e-02 2.588253718175756446e-02 2.362161678927119160e-02 2.781941460170307343e-02 2.781941460170307343e-02 2.781941460170307343e-02 2.866559814955948679e-02 2.609809603520936439e-02 2.542018316364635239e-02 2.446658028294786125e-02 2.560797748852730246e-02 2.280454473102715499e-02 2.560797748852730246e-02 2.565885016020466244e-02 2.565885016020465897e-02 2.425224848004188180e-02 2.637340378749519765e-02 2.804499952354967685e-02 2.804499952354967685e-02 2.804499952354967685e-02 2.563085149494971626e-02 2.694912318251846406e-02 2.694912318251846059e-02 2.694912318251846406e-02 2.439227343318032398e-02 2.561053470572062507e-02 2.561053470572062507e-02 2.356078192345012479e-02 2.357046451334454326e-02 2.311446164153187904e-02 2.363579849099782526e-02 4.679973252918609439e-02 4.679973252918609439e-02 4.656221278631664934e-02 2.378056270078607315e-02 2.368364459103907901e-02 2.425837587044963814e-02 2.481716386503367636e-02 2.642992044996662557e-02 2.571199056600612792e-02 2.642992044996662557e-02 2.494972734457771152e-02 2.414409284288158639e-02 2.466395359138597726e-02 2.446800164762792315e-02 2.346276950061467956e-02 2.515899922126468499e-02 2.353844888236931651e-02 2.886025741096048466e-02 2.602773246883424013e-02 2.479970578459893271e-02 2.602773246883424013e-02 2.567919216710291830e-02 2.627576988476994571e-02 2.567919216710292177e-02 2.759727371797012288e-02 2.759727371797012288e-02 2.759727371797012635e-02 2.309143756072960796e-02 2.350530988035061386e-02 2.577461374107483869e-02 2.577461374107483522e-02 2.430035299089963047e-02 2.430035299089963047e-02 2.344555127445691056e-02 2.605081812918393427e-02 2.605081812918393774e-02 2.578358537420850569e-02 2.457502569984298599e-02 2.432822525956111412e-02 3.628909259121766706e-02 3.628909259121766706e-02 2.547426172650076384e-02 2.524256564982015061e-02 2.675510249066895274e-02 2.675510249066895274e-02 2.555692667743408517e-02 2.512592570289557889e-02 2.356080663420218393e-02 3.248541793328266203e-02 2.800494873911401478e-02 2.800494873911401131e-02 2.800494873911401131e-02 2.773473788317569813e-02 3.886014155643069401e-02 2.731619247525280195e-02 2.688511419995484597e-02 2.688511419995484597e-02 3.403647951504744362e-02 2.720244804759238549e-02 3.403647951504743668e-02
1.873129984121855648e-02 2.212199520527251273e-02 2.492713228558727720e-02 1.988238819551392186e-02 0.000000000000000000e+00 2.768611910721175198e-02 2.573617661521447261e-02 2.768611910721175198e-02 2.768611910721175198e-02 2.462007749206486865e-02 2.583782403380446152e-02 2.583782403380446499e-02 2.378793549785788997e-02 2.355383297091638919e-02 2.659079632018487502e-02 2.520838354901413711e-02 2.520838354901413711e-02 2.659079632018487849e-02 2.617509237725606022e-02 2.478379350734976477e-02 2.617825963949171192e-02 2.479911633388018691e-02 3.140341996723906848e-02 2.488114290753389718e-02 3.222339840797032451e-02 2.677843977422647223e-02 2.633883359566237259e-02 2.633883359566236912e-02 2.515801862364533056e-02 2.550905110475108761e-02 2.403929219006114767e-02 2.530743572746399495e-02 2.403738069439120828e-02 2.521684153435241674e-02 2.521684153435242368e-02 2.247780992086286650e-02 2.419322612988590582e-02 2.533064229608501458e-02 2.533064229608501111e-02 2.297697976086332528e-02 2.249237943268697290e-02 2.533275173013624718e-02 2.403874910607061918e-02 2.429163372817199490e-02 2.419007400511105632e-02 2.275409001141482507e-02 2.193425808355045636e-02 2.533275173013624718e-02 2.902859043921455010e-02 2.393532316244068731e-02 2.902859043921455703e-02 2.576715278031120951e-02 2.352029509984971539e-02 2.770151791291364934e-02 2.770151791291365281e-02 2.770151791291365281e-02 2.848081482832913805e-02 2.593615205220142078e-02 2.527664649058147112e-02 2.433445198557586744e-02 2.544074948861707250e-02 2.273624662383553693e-02 2.544074948861707250e-02 2.549000926991959112e-02 2.549000926991959112e-02 2.412707263094904242e-02 2.627001286255351703e-02 2.794236234555463536e-02 2.794236234555463536e-02 2.794236234555463536e-02 2.549728331210969826e-02 2.679410767533291562e-02 2.679410767533291562e-02 2.679410767533291562e-02 2.427998969549484756e-02 2.544239882279937873e-02 2.544239882279937873e-02 2.346158039714168336e-02 2.347121388502976594e-02 2.302522301940600202e-02 2.352297362554550339e-02 4.717824703045608165e-02 4.717824703045608858e-02 4.695119516773900437e-02 2.366825743620979902e-02 2.358131047188772797e-02 2.414321440927351403e-02 2.468088758252932544e-02 2.626480365636468459e-02 2.556582885394776891e-02 2.626480365636469153e-02 2.480880669207959077e-02 2.402064285915500932e-02 2.452664611861590793e-02 2.433443363408633112e-02 2.336661017275267968e-02 2.502061797948003374e-02 2.343942766388020307e-02 2.868403742612003413e-02 2.585671119463649886e-02 2.466105702869582708e-02 2.585671119463649886e-02 2.551158683602952962e-02 2.616812416363583846e-02 2.551158683602952962e-02 2.739917929497479032e-02 2.739917929497479032e-02 2.739917929497479379e-02 2.301137379995012167e-02 2.340826879669037630e-02 2.560524435563553067e-02 2.560524435563553067e-02 2.417314856448098820e-02 2.417314856448098820e-02 2.335003782667457312e-02 2.588371213622347317e-02 2.588371213622347664e-02 2.561246690103253718e-02 2.443962794786415024e-02 2.420089436157916996e-02 3.650074820895083533e-02 3.650074820895083533e-02 2.533541955371100551e-02 2.510554522101272196e-02 2.659379404484875364e-02 2.659379404484874670e-02 2.542075777782456386e-02 2.496744992845067318e-02 2.346105573275413317e-02 3.263224436804400275e-02 2.789907101857307462e-02 2.789907101857307462e-02 2.789907101857308155e-02 2.753319772513198802e-02 3.917149354290815066e-02 2.711082399978075042e-02 2.672911070203005945e-02 2.672911070203005598e-02 3.810227553601671507e-02 3.372891944176358014e-02 3.810227553601671507e-02
2.307962834932614921e-02 1.965611884252363092e-02 2.386925359910508151e-02 2.780490454186022517e-02 2.768611910721175198e-02 0.000000000000000000e+00 1.574440211792654115e-02 1.587690613271871762e-02 1.587690613271871762e-02 2.195246295694074437e-02 2.330846151643907113e-02 2.330846151643907113e-02 2.102675799180018373e-02 2.076486943690208226e-02 2.416575684019739434e-02 2.262582619223420244e-02 2.262582619223419897e-02 2.416575684019739434e-02 2.371720378310464977e-02 2.213885506405488535e-02 2.369468444683650241e-02 2.214358459824860084e-02 2.943633886874957514e-02 2.230797838850388098e-02 3.041219975955759131e-02 2.437306127408441284e-02 2.388813481754931828e-02 2.388813481754931828e-02 2.257179275405672703e-02 2.294494204199545515e-02 2.131074030839125860e-02 2.278602511264183478e-02 2.139781230204265347e-02 2.274171335124828067e-02 2.274171335124829108e-02 1.960296655005839758e-02 2.147546546448586557e-02 2.274312903021422430e-02 2.274312903021422430e-02 2.012187833078641491e-02 1.958073738049294008e-02 2.273252990174078753e-02 2.129703092221901101e-02 2.157893320580226218e-02 2.145404326377387330e-02 1.986533901092428847e-02 1.897334562096869223e-02 2.273252990174078753e-02 2.686547374715068590e-02 2.121187108048721431e-02 2.686547374715068937e-02 2.328049932680851739e-02 2.071833403457680120e-02 2.543578746426150908e-02 2.543578746426151255e-02 2.543578746426151255e-02 2.624216131826441131e-02 2.342595927597494396e-02 2.269561712194817504e-02 2.162512138640961326e-02 2.285587154518744710e-02 1.984925990636791926e-02 2.285587154518744363e-02 2.291364021154562031e-02 2.291364021154562031e-02 2.139515687065871377e-02 2.385652689330521048e-02 2.571230275131484305e-02 2.571230275131484305e-02 2.571230275131484305e-02 2.295989696615583289e-02 2.439403958641310488e-02 2.439403958641310835e-02 2.439403958641310835e-02 2.157676907736810409e-02 2.285819538556621219e-02 2.285819538556621219e-02 2.065449506727732101e-02 2.066446531528815661e-02 2.021341154447373056e-02 2.077509847351597175e-02 4.580078212230145190e-02 4.580078212230145190e-02 4.555597523192742720e-02 2.088787091160521428e-02 2.079338911816193750e-02 2.142967672025238371e-02 2.202270737091263642e-02 2.379588723477803897e-02 2.302676638043998913e-02 2.379588723477803550e-02 2.216366455037984892e-02 2.126555476369433595e-02 2.182882303689306566e-02 2.162094926717111551e-02 2.053278937035970392e-02 2.239101755763826113e-02 2.052403216439211212e-02 2.646605602898969428e-02 2.332923831607649698e-02 2.199844427696664648e-02 2.332923831607649698e-02 2.293623811417283553e-02 2.373876121520567331e-02 2.293623811417283900e-02 2.571674728505153606e-02 2.571674728505153606e-02 2.571674728505153953e-02 2.009264700085071353e-02 1.985085622839908095e-02 2.302518851790159166e-02 2.302518851790159166e-02 2.144290340135315137e-02 2.144290340135315137e-02 2.052601058867012385e-02 2.336267771024613457e-02 2.336267771024613457e-02 2.305034789146983079e-02 2.174520658407968696e-02 2.147794087689150477e-02 3.491363383604948606e-02 3.491363383604948606e-02 2.277064763657882240e-02 2.251004481698527446e-02 2.416941947280613900e-02 2.416941947280613900e-02 2.287029131119222916e-02 2.215630395581213996e-02 2.054702904944752037e-02 3.084684469691655051e-02 2.566220011548492677e-02 2.566220011548492677e-02 2.566220011548492677e-02 2.518187067330993414e-02 3.763657327227740851e-02 2.470388612946497128e-02 2.432579635082203831e-02 2.432579635082203831e-02 3.862458794561408199e-02 3.555106428664622092e-02 3.862458794561408199e-02
2.057685908028079533e-02 1.656489330685367509e-02 2.150595405375259686e-02 2.585200561079488077e-02 2.573617661521447261e-02 1.574440211792654115e-02 0.000000000000000000e+00 1.574440211792653768e-02 1.574440211792653421e-02 1.922110183691791430e-02 2.078215601295705511e-02 2.078215601295705511e-02 1.814884575551822463e-02 1.784264273256900082e-02 2.179609427086600174e-02 2.003136514446928265e-02 2.003136514446928265e-02 2.179609427086600174e-02 2.130025811337722674e-02 1.944484470448197902e-02 2.123725799166481173e-02 1.942901431293466569e-02 2.762601769564079768e-02 1.969304762865237146e-02 2.864509465011703948e-02 2.202205721841769132e-02 2.147361168347722629e-02 2.147361168347722629e-02 1.996534503511524991e-02 2.035637513177390376e-02 1.848436983975145637e-02 2.021522797559631782e-02 1.856125613166557595e-02 2.011080399056787080e-02 2.011080399056786733e-02 1.650355880595525543e-02 1.865253989970601031e-02 2.011277147293610151e-02 2.011277147293610498e-02 1.709779022715399166e-02 1.647493289229049959e-02 2.009589885301039935e-02 1.843563615086043356e-02 1.877629787918974266e-02 1.860995068379411518e-02 1.679063272547219599e-02 1.579017431992412596e-02 2.009589885301039935e-02 2.482930291428060710e-02 1.840924364103385669e-02 2.482930291428060710e-02 2.082099771050194281e-02 1.777804925031449892e-02 2.326518917300494232e-02 2.326518917300494232e-02 2.326518917300494232e-02 2.411806306547513434e-02 2.092996555772158943e-02 2.009909468161685114e-02 1.882706124072935569e-02 2.024427992360876977e-02 1.678185343300120369e-02 2.024427992360876630e-02 2.031370827925189568e-02 2.031370827925189568e-02 1.856048131395209022e-02 2.149136133362783418e-02 2.357867038585043443e-02 2.357867038585043443e-02 2.357867038585043790e-02 2.043078985999834812e-02 2.205663215869366547e-02 2.205663215869366547e-02 2.205663215869366547e-02 1.879612093220882005e-02 2.024735022929818537e-02 2.024735022929818537e-02 1.770722943219217582e-02 1.771809853779521618e-02 1.718462316204965798e-02 1.782308547363158427e-02 4.445360198784786138e-02 4.445360198784786138e-02 4.418927125581183224e-02 1.795426766114403827e-02 1.787646053849481151e-02 1.863606377934531530e-02 1.930850278456049465e-02 2.136277277727237009e-02 2.049619622589291326e-02 2.136277277727237009e-02 1.946657738700303605e-02 1.839041379164307877e-02 1.904459812814924755e-02 1.881329428535086570e-02 1.753543235442872258e-02 1.971538765245472308e-02 1.736929257609644631e-02 2.436484478303612908e-02 2.080692991547529111e-02 1.927591028949258642e-02 2.080692991547529111e-02 2.033939172883150737e-02 2.135425131698378068e-02 2.033939172883151084e-02 2.358364557449203411e-02 2.358364557449203411e-02 2.358364557449203411e-02 1.695133468776267860e-02 1.568468070543992815e-02 2.041721822832111635e-02 2.041721822832111635e-02 1.861060863153940134e-02 1.861060863153940134e-02 1.755022745345881374e-02 2.085098323854142274e-02 2.085098323854142274e-02 2.047386695264796774e-02 1.897111480313701248e-02 1.865887676662671482e-02 3.338110910427814770e-02 3.338110910427814770e-02 2.020260758265623319e-02 1.989550987454664216e-02 2.180042699793564853e-02 2.180042699793564506e-02 2.032321678094282241e-02 1.916178328897381183e-02 1.739418982933837662e-02 2.909728644166088146e-02 2.352201866495263333e-02 2.352201866495263333e-02 2.352201866495263333e-02 2.290313211418933126e-02 3.613226386835114573e-02 2.234687436666047203e-02 2.198499833304452117e-02 2.198499833304452464e-02 3.717987248535051248e-02 3.398983744001263241e-02 3.717987248535051248e-02
2.307962834932614921e-02 1.965611884252363439e-02 2.386925359910508151e-02 2.780490454186022517e-02 2.768611910721175198e-02 1.587690613271871762e-02 1.574440211792653768e-02 0.000000000000000000e+00 1.587690613271871415e-02 2.195246295694074090e-02 2.330846151643907460e-02 2.330846151643906766e-02 2.102675799180018720e-02 2.076486943690208226e-02 2.416575684019739434e-02 2.262582619223419897e-02 2.262582619223419550e-02 2.416575684019739434e-02 2.371720378310464630e-02 2.213885506405488882e-02 2.369468444683650241e-02 2.214358459824859737e-02 2.943633886874956820e-02 2.230797838850388098e-02 3.041219975955759131e-02 2.437306127408441284e-02 2.388813481754931481e-02 2.388813481754931134e-02 2.257179275405672703e-02 2.294494204199545861e-02 2.131074030839125513e-02 2.278602511264183825e-02 2.139781230204265000e-02 2.274171335124828067e-02 2.274171335124828414e-02 1.960296655005840105e-02 2.147546546448586210e-02 2.274312903021422083e-02 2.274312903021422083e-02 2.012187833078641144e-02 1.958073738049293314e-02 2.273252990174078753e-02 2.129703092221901101e-02 2.157893320580226218e-02 2.145404326377386983e-02 1.986533901092428847e-02 1.897334562096869223e-02 2.273252990174078406e-02 2.686547374715068590e-02 2.121187108048721778e-02 2.686547374715069283e-02 2.328049932680851392e-02 2.071833403457680120e-02 2.543578746426150561e-02 2.543578746426151255e-02 2.543578746426151602e-02 2.624216131826441131e-02 2.342595927597494396e-02 2.269561712194817504e-02 2.162512138640961326e-02 2.285587154518744710e-02 1.984925990636791926e-02 2.285587154518744363e-02 2.291364021154562031e-02 2.291364021154561684e-02 2.139515687065871030e-02 2.385652689330520701e-02 2.571230275131483958e-02 2.571230275131483958e-02 2.571230275131483958e-02 2.295989696615582942e-02 2.439403958641311182e-02 2.439403958641310835e-02 2.439403958641310835e-02 2.157676907736809715e-02 2.285819538556621219e-02 2.285819538556620872e-02 2.065449506727732101e-02 2.066446531528815314e-02 2.021341154447373056e-02 2.077509847351596828e-02 4.580078212230145190e-02 4.580078212230145190e-02 4.555597523192742720e-02 2.088787091160521428e-02 2.079338911816194096e-02 2.142967672025238371e-02 2.202270737091263295e-02 2.379588723477803203e-02 2.302676638043998913e-02 2.379588723477803550e-02 2.216366455037984545e-02 2.126555476369433248e-02 2.182882303689306219e-02 2.162094926717111204e-02 2.053278937035970392e-02 2.239101755763825766e-02 2.052403216439211212e-02 2.646605602898968734e-02 2.332923831607649351e-02 2.199844427696664648e-02 2.332923831607649351e-02 2.293623811417283553e-02 2.373876121520567331e-02 2.293623811417283553e-02 2.571674728505153606e-02 2.571674728505153606e-02 2.571674728505153953e-02 2.009264700085071353e-02 1.985085622839907749e-02 2.302518851790159166e-02 2.302518851790158819e-02 2.144290340135315137e-02 2.144290340135315137e-02 2.052601058867012732e-02 2.336267771024613457e-02 2.336267771024613457e-02 2.305034789146983426e-02 2.174520658407968349e-02 2.147794087689149783e-02 3.491363383604948606e-02 3.491363383604948606e-02 2.277064763657882240e-02 2.251004481698527446e-02 2.416941947280614247e-02 2.416941947280613900e-02 2.287029131119222916e-02 2.215630395581213996e-02 2.054702904944751690e-02 3.084684469691653663e-02 2.566220011548492330e-02 2.566220011548492330e-02 2.566220011548492677e-02 2.518187067330993761e-02 3.763657327227740851e-02 2.470388612946497475e-02 2.432579635082203831e-02 2.432579635082203831e-02 3.862458794561408199e-02 3.555106428664622092e-02 3.862458794561408199e-02
2.307962834932614921e-02 1.965611884252363092e-02 2.386925359910507805e-02 2.780490454186022517e-02 2.768611910721175198e-02 1.587690613271871762e-02 1.574440211792653421e-02 1.587690613271871415e-02 0.000000000000000000e+00 2.195246295694073396e-02 2.330846151643907113e-02 2.330846151643907113e-02 2.102675799180018026e-02 2.076486943690207879e-02 2.416575684019739434e-02 2.262582619223419203e-02 2.262582619223419897e-02 2.416575684019739434e-02 2.371720378310464630e-02 2.213885506405488882e-02 2.369468444683649547e-02 2.214358459824860084e-02 2.943633886874956820e-02 2.230797838850387751e-02 3.041219975955759131e-02 2.437306127408440590e-02 2.388813481754930787e-02 2.388813481754930787e-02 2.257179275405672356e-02 2.294494204199545515e-02 2.131074030839125166e-02 2.278602511264183478e-02 2.139781230204265000e-02 2.274171335124828067e-02 2.274171335124828414e-02 1.960296655005839758e-02 2.147546546448586557e-02 2.274312903021421736e-02 2.274312903021421736e-02 2.012187833078641144e-02 1.958073738049293661e-02 2.273252990174078406e-02 2.129703092221900754e-02 2.157893320580226218e-02 2.145404326377386983e-02 1.986533901092428847e-02 1.897334562096868876e-02 2.273252990174078059e-02 2.686547374715068590e-02 2.121187108048721778e-02 2.686547374715068590e-02 2.328049932680851392e-02 2.071833403457679773e-02 2.543578746426150908e-02 2.543578746426150908e-02 2.543578746426150908e-02 2.624216131826440784e-02 2.342595927597494049e-02 2.269561712194817157e-02 2.162512138640961326e-02 2.285587154518744363e-02 1.984925990636791926e-02 2.285587154518744363e-02 2.291364021154561337e-02 2.291364021154561337e-02 2.139515687065871030e-02 2.385652689330520354e-02 2.571230275131483958e-02 2.571230275131483958e-02 2.571230275131483958e-02 2.295989696615582942e-02 2.439403958641311182e-02 2.439403958641311182e-02 2.439403958641310835e-02 2.157676907736810062e-02 2.285819538556620872e-02 2.285819538556620525e-02 2.065449506727732101e-02 2.066446531528815314e-02 2.021341154447372362e-02 2.077509847351596481e-02 4.580078212230145190e-02 4.580078212230145190e-02 4.555597523192742027e-02 2.088787091160521428e-02 2.079338911816193750e-02 2.142967672025237677e-02 2.202270737091263642e-02 2.379588723477803897e-02 2.302676638043998913e-02 2.379588723477803550e-02 2.216366455037984198e-02 2.126555476369433248e-02 2.182882303689305872e-02 2.162094926717110857e-02 2.053278937035970045e-02 2.239101755763825766e-02 2.052403216439211212e-02 2.646605602898969081e-02 2.332923831607649351e-02 2.199844427696664648e-02 2.332923831607649351e-02 2.293623811417283206e-02 2.373876121520566984e-02 2.293623811417283206e-02 2.571674728505153606e-02 2.571674728505153606e-02 2.571674728505153606e-02 2.009264700085071353e-02 1.985085622839907402e-02 2.302518851790158819e-02 2.302518851790158819e-02 2.144290340135314790e-02 2.144290340135314790e-02 2.052601058867012038e-02 2.336267771024613110e-02 2.336267771024613110e-02 2.305034789146983426e-02 2.174520658407968349e-02 2.147794087689149783e-02 3.491363383604948606e-02 3.491363383604948606e-02 2.277064763657882240e-02 2.251004481698527099e-02 2.416941947280613900e-02 2.416941947280613900e-02 2.287029131119222569e-02 2.215630395581213996e-02 2.054702904944751343e-02 3.084684469691654357e-02 2.566220011548492677e-02 2.566220011548492330e-02 2.566220011548492677e-02 2.518187067330993067e-02 3.763657327227740851e-02 2.470388612946497128e-02 2.432579635082203484e-02 2.432579635082203484e-02 3.862458794561408199e-02 3.555106428664622092e-02 3.862458794561408199e-02
1.897989905194884253e-02 1.419806779165968570e-02 2.005725608340488963e-02 2.475809955633103202e-02 2.462007749206486865e-02 2.195246295694074437e-02 1.922110183691791430e-02 2.195246295694074090e-02 2.195246295694073396e-02 0.000000000000000000e+00 1.438194985897877330e-02 1.438194985897876289e-02 1.406252012931604074e-02 1.242577588043471126e-02 2.027802736096325290e-02 1.828414888589657492e-02 1.828414888589657492e-02 2.027802736096325636e-02 1.978681464929606809e-02 1.758978635617263961e-02 1.964112990570193729e-02 1.761393887517339815e-02 2.660319334539706232e-02 1.799418274673804732e-02 2.769780802637082998e-02 2.055491682604248041e-02 1.991333689226181328e-02 1.991333689226181328e-02 1.821246409178711723e-02 1.798790356862854309e-02 1.599195421914514914e-02 1.802164467571375564e-02 1.641548386693016115e-02 1.821062043179658141e-02 1.821062043179658488e-02 1.389096182559352959e-02 1.646080510150822740e-02 1.815027599983771653e-02 1.815027599983771653e-02 1.448933966345628682e-02 1.411547105754798817e-02 1.821402321548344985e-02 1.629776708499019316e-02 1.671727569836914742e-02 1.654238005708548453e-02 1.444738761950340594e-02 1.335773525755389393e-02 1.821402321548344638e-02 2.362707396930456213e-02 1.646655405780888051e-02 2.362707396930457254e-02 1.926911744496970225e-02 1.557569508237146086e-02 2.197508180341974787e-02 2.197508180341974787e-02 2.197508180341975134e-02 2.281991600204600137e-02 1.926614031409017852e-02 1.835347984248628800e-02 1.677670013931555418e-02 1.839433474698298071e-02 1.448911672610905983e-02 1.839433474698298071e-02 1.838388589885840696e-02 1.838388589885840696e-02 1.639033894768476482e-02 2.003994341406720517e-02 2.232553130466965671e-02 2.232553130466965671e-02 2.232553130466965671e-02 1.877221602313179291e-02 2.060403459194205811e-02 2.060403459194205811e-02 2.060403459194205811e-02 1.692975520636036749e-02 1.838796460749407904e-02 1.838796460749407904e-02 1.549428465927663728e-02 1.551131663043613280e-02 1.486504450132086763e-02 1.556547584096589637e-02 4.377350470828362400e-02 4.377350470828362400e-02 4.349400599315858540e-02 1.571652652801903971e-02 1.569623644338397420e-02 1.665416782030663609e-02 1.739033415986569395e-02 1.976592044768549217e-02 1.881557871362325371e-02 1.976592044768549564e-02 1.756682235800858388e-02 1.624328101815805322e-02 1.708770520521025321e-02 1.672268480699949308e-02 1.532322142377073350e-02 1.796240341776982052e-02 1.544088049475883864e-02 2.312041784031176189e-02 1.905378573192377523e-02 1.725355050603119209e-02 1.905378573192377870e-02 1.851427757020020215e-02 1.988294911863111233e-02 1.851427757020020562e-02 2.233114183586998661e-02 2.233114183586998661e-02 2.233114183586998661e-02 1.486146412442673585e-02 1.540203229077726811e-02 1.866211387613654973e-02 1.866211387613654973e-02 1.651220008364425590e-02 1.651220008364425590e-02 1.529944690898342105e-02 1.914998475726511704e-02 1.914998475726511704e-02 1.865888404116017307e-02 1.694476729189347067e-02 1.658077784045316333e-02 3.258643482201846464e-02 3.258643482201846464e-02 1.838270784467145591e-02 1.776959522731230354e-02 2.016673390618248587e-02 2.016673390618248241e-02 1.862275412523910212e-02 1.761341771781357868e-02 1.547308739875609060e-02 2.802011662006695034e-02 2.226268926088215139e-02 2.226268926088215139e-02 2.226268926088214792e-02 2.142204614171962923e-02 3.531411696275757461e-02 2.064590762214461514e-02 2.049982213806085876e-02 2.049982213806086223e-02 3.644526714171738430e-02 3.318447868957050129e-02 3.644526714171737736e-02
2.057648950265624291e-02 1.637367001537193972e-02 2.155142558325306990e-02 2.600905202640411973e-02 2.583782403380446152e-02 2.330846151643907113e-02 2.078215601295705511e-02 2.330846151643907460e-02 2.330846151643907113e-02 1.438194985897877330e-02 0.000000000000000000e+00 1.487588289925151526e-02 1.737795791608116869e-02 1.420988329209871975e-02 2.174665535497973673e-02 1.993508248495162380e-02 1.993508248495162380e-02 2.174665535497974020e-02 2.129475599821122056e-02 1.932390286429737369e-02 2.116734649256398967e-02 1.934511360884317785e-02 2.771537748701476470e-02 1.968191264259544493e-02 2.885619268623428046e-02 2.200457846641108717e-02 2.141614215032397808e-02 2.141614215032397808e-02 1.987452501636685631e-02 2.003292078359241585e-02 1.819330031402839956e-02 2.002698789428445855e-02 1.830919090236067179e-02 1.989630934415335256e-02 1.989630934415335256e-02 1.606689218218463472e-02 1.833417628012627004e-02 1.982646090099570921e-02 1.982646090099570921e-02 1.657261899327051174e-02 1.630715770675385257e-02 1.990289519516695929e-02 1.822293583952330764e-02 1.857568050854011693e-02 1.842829608914905992e-02 1.660877176394003757e-02 1.563875714153668828e-02 1.990289519516695929e-02 2.487819853529274136e-02 1.831379929038944032e-02 2.487819853529274483e-02 2.082597063712881766e-02 1.758337928191155974e-02 2.332986356266932015e-02 2.332986356266932015e-02 2.332986356266932015e-02 2.411154682749574660e-02 2.082890325353322844e-02 2.000126577512589821e-02 1.862858210558037894e-02 2.005966693896540226e-02 1.662447528183788603e-02 2.005966693896539879e-02 2.002785584893020804e-02 2.002785584893020457e-02 1.827840770099878331e-02 2.153541578923006197e-02 2.366269140109417482e-02 2.366269140109417482e-02 2.366269140109417482e-02 2.037712690991241166e-02 2.204723475814569442e-02 2.204723475814569789e-02 2.204723475814569095e-02 1.872866528575063694e-02 2.005532048909751397e-02 2.005532048909751397e-02 1.751009578915335360e-02 1.752442545038927074e-02 1.698003559192559284e-02 1.759811602996559990e-02 4.471195479573680104e-02 4.471195479573680104e-02 4.445328775549933775e-02 1.772977530801590762e-02 1.768603119096773257e-02 1.849338558793689816e-02 1.915223808826293020e-02 2.127966489098072692e-02 2.041170135416349105e-02 2.127966489098073039e-02 1.931193783418602358e-02 1.818119175724294476e-02 1.889617432122347312e-02 1.860340757258523853e-02 1.737168610991579945e-02 1.965382578378680953e-02 1.746953104957916364e-02 2.439584856584330746e-02 2.065392512986761325e-02 1.908136493971587799e-02 2.065392512986761325e-02 2.016490430447677104e-02 2.138931094765700661e-02 2.016490430447677104e-02 2.366785335801582790e-02 2.366785335801583137e-02 2.366785335801583137e-02 1.695477025862063281e-02 1.743496040618205262e-02 2.029475945796831160e-02 2.029475945796831160e-02 1.840402437844453412e-02 1.840402437844453412e-02 1.734974393773633383e-02 2.072569492213512457e-02 2.072569492213512457e-02 2.029349544916178583e-02 1.877305783357977390e-02 1.845689209496327240e-02 3.360513240697869664e-02 3.360513240697869664e-02 2.008845599209016161e-02 1.969035691766328824e-02 2.171733195690031190e-02 2.171733195690031190e-02 2.025102731697113814e-02 1.938439991640827573e-02 1.749736149642376268e-02 2.923940496284975488e-02 2.360260182056739611e-02 2.360260182056739264e-02 2.360260182056739611e-02 2.280993850121892236e-02 3.635432328261457152e-02 2.217039742351002360e-02 2.195555014186626255e-02 2.195555014186626255e-02 3.742316136646556962e-02 3.423483483728235327e-02 3.742316136646556962e-02
