0.000000000000000000e+00 1.384131610501309305e-02 1.664185124573405727e-02 1.913289204923909401e-02 2.233130430211514514e-02 2.096738629004485377e-02 1.804131793236286169e-02 2.096738629004485724e-02 2.096738629004485724e-02 1.741529935650296471e-02 1.982657361782326141e-02 1.982657361782325794e-02 1.595090818534763630e-02 1.583612637530980999e-02 2.028771764016611134e-02 1.778198336136379773e-02 1.778198336136378038e-02 2.028771764016610440e-02 1.916904541976117982e-02 1.745127548880872834e-02 1.992972730937791689e-02 1.745811589562850513e-02 3.430106879425552646e-02 1.657023858559480631e-02 2.392366247129315213e-02 2.078284516752712183e-02 1.999479318897006211e-02 1.999479318897010027e-02 1.767228486232243906e-02 1.932726531150938398e-02 1.622401325804530975e-02 1.796075182571440013e-02 1.697618734642120444e-02 1.933764304775714010e-02 1.933764304775714357e-02 1.437512280075752512e-02 1.711200427277506306e-02 1.943385639764299080e-02 1.943385639764299427e-02 1.500496257997968597e-02 1.440214602377220231e-02 1.943758100636466118e-02 1.706665942249597362e-02 1.715708555445190353e-02 1.711321738172095347e-02 1.483028006105370500e-02 1.371806454228235474e-02 1.943758100636462302e-02 2.610874789722573280e-02 1.568240582232363969e-02 2.610874789722577444e-02 1.805025008671484743e-02 1.578743370504642751e-02 2.096941195657401821e-02 2.096941195657402515e-02 2.096941195657401821e-02 2.524420521600835923e-02 2.017129236122628191e-02 1.804729866480592540e-02 1.721172523290641354e-02 1.948654317418741302e-02 1.455599608426697868e-02 1.948654317418743384e-02 1.957457660184102818e-02 1.957457660184103859e-02 1.705151947444579971e-02 1.826874825278530443e-02 2.101762795952640678e-02 2.101762795952641372e-02 2.101762795952641025e-02 1.786994170190799730e-02 2.048411761872514364e-02 2.048411761872515058e-02 2.048411761872515405e-02 1.627843174019023842e-02 1.949694752638781239e-02 1.949694752638775688e-02 1.579643753943652321e-02 1.576787257053220703e-02 1.543764680471034802e-02 1.645189870667783383e-02 3.210022663065040249e-02 3.210022663064994453e-02 2.781847088558546399e-02 1.660416064632775843e-02 1.588101091712051938e-02 1.618767584691217440e-02 1.738242695196638363e-02 2.001183634850187479e-02 1.821419755573774890e-02 2.001183634850190948e-02 1.754558221041133126e-02 1.689882474829742381e-02 1.739205603117945781e-02 1.732004364500790844e-02 1.568198747811959393e-02 1.787206201603496955e-02 1.574565975540484844e-02 2.535403216113516628e-02 1.983899595001151553e-02 1.744106130277618336e-02 1.983899595001152594e-02 1.952243471818522827e-02 1.824788829875449020e-02 1.952243471818524562e-02 2.065463876460080575e-02 2.065463876460081269e-02 2.065463876460079881e-02 1.501800829745742957e-02 1.570893996165702994e-02 1.963230620414885622e-02 1.963230620414890479e-02 1.698932698448011105e-02 1.698932698448010065e-02 1.566352278036203111e-02 1.974294402537915896e-02 1.974294402537917978e-02 1.962421908658265254e-02 1.729041149210971268e-02 1.707956179889617149e-02 3.044944956202468717e-02 3.044944956202596045e-02 1.782640267059263511e-02 1.766898625799137590e-02 2.027530129619583080e-02 2.027530129619586549e-02 1.784705752332060857e-02 1.892960652146728762e-02 1.575038690836914890e-02 2.796480045382335189e-02 2.101342189772345895e-02 2.101342189772346242e-02 2.101342189772346589e-02 2.424359446231795501e-02 3.022078998605356309e-02 2.373540339520933615e-02 2.031220651140874800e-02 2.031220651140874453e-02 3.095053782804717615e-02 2.492165539960472520e-02 3.095053782804741555e-02
1.384131610501309305e-02 0.000000000000000000e+00 1.467668268834988396e-02 1.929909724549284944e-02 2.319875899641593575e-02 1.804206334658182975e-02 1.444056771855249492e-02 1.804206334658182975e-02 1.804206334658182628e-02 1.354420580809127285e-02 1.666794218924311233e-02 1.666794218924310886e-02 1.138017395567962262e-02 1.119250520113753040e-02 1.723570374384246137e-02 1.407231819051946164e-02 1.407231819051943562e-02 1.723570374384245443e-02 1.587861518962904034e-02 1.360867067158326275e-02 1.680401546841370219e-02 1.361832212287263956e-02 3.233167713328381071e-02 1.240507889419644252e-02 2.130352796336896018e-02 1.782762784117372309e-02 1.687982903868452678e-02 1.687982903868457188e-02 1.391584988975983449e-02 1.604287570321341269e-02 1.184015569604541900e-02 1.433151460176828110e-02 1.217884680033136206e-02 1.528089878316478585e-02 1.528089878316479105e-02 8.467805453424731912e-03 1.306686614315352366e-02 1.614359708025426762e-02 1.614359708025426762e-02 9.841726740391781164e-03 8.847937363320058229e-03 1.618254072011411290e-02 1.300897787528536992e-02 1.316332568663362845e-02 1.310174000625634154e-02 9.518739853934520337e-03 7.669848071007069959e-03 1.618254072011406086e-02 2.374419422713184430e-02 1.110458769175729464e-02 2.374419422713188246e-02 1.445245393157346472e-02 1.109006434846184982e-02 1.804442038355775699e-02 1.804442038355776393e-02 1.804442038355776046e-02 2.282758058458640021e-02 1.709951664667349464e-02 1.444324245719865417e-02 1.324608829407808962e-02 1.624503942953414368e-02 9.141971717878635481e-03 1.624503942953416449e-02 1.635300965760604422e-02 1.635300965760605810e-02 1.301314223464589311e-02 1.474131618187487884e-02 1.810045934513371257e-02 1.810045934513372298e-02 1.810045934513371951e-02 1.419465119250837466e-02 1.747273898718926938e-02 1.747273898718927285e-02 1.747273898718927632e-02 1.195158934212167678e-02 1.625623982898992403e-02 1.625623982898985465e-02 1.113318603501112398e-02 1.108697333528761708e-02 1.006581404961498158e-02 1.157874583773719698e-02 2.996582859219141734e-02 2.996582859219090733e-02 2.544077972060665785e-02 1.220788333936695565e-02 1.127845632056313947e-02 1.178697650950808959e-02 1.350094608651774761e-02 1.690064879639686934e-02 1.465956704719122497e-02 1.690064879639689710e-02 1.372398171054408332e-02 1.275453548591755012e-02 1.350831993947224606e-02 1.340935630140435535e-02 1.091566698117410125e-02 1.421068785161573242e-02 1.102681734008506727e-02 2.294557651063180992e-02 1.668484516161876374e-02 1.358282355707775627e-02 1.668484516161878456e-02 1.629047579320275219e-02 1.471377531882683137e-02 1.629047579320276259e-02 1.808830783629838609e-02 1.808830783629838956e-02 1.808830783629837916e-02 9.888853825717698609e-03 1.096479179396838734e-02 1.642841824669875189e-02 1.642841824669881087e-02 1.289359029864175360e-02 1.289359029864173625e-02 1.087918472497208765e-02 1.656862243881502064e-02 1.656862243881505187e-02 1.641343738943909156e-02 1.335456427051736478e-02 1.305030570415560177e-02 2.827402464348953426e-02 2.827402464349094979e-02 1.413315604411638504e-02 1.391659151792870412e-02 1.722064906534101492e-02 1.722064906534105308e-02 1.416256661190852355e-02 1.551959089564796702e-02 1.103035615144906494e-02 2.569732203754777206e-02 1.809557386558620709e-02 1.809557386558620709e-02 1.809557386558623138e-02 2.174114958574999493e-02 2.804535561544748562e-02 2.118775866539865382e-02 1.726540366749829830e-02 1.726540366749829483e-02 2.898023875502446153e-02 2.298420911923015203e-02 2.898023875502470786e-02
1.664185124573405727e-02 1.467668268834988396e-02 0.000000000000000000e+00 2.201456134688362445e-02 2.547659015304185037e-02 2.115679581738896115e-02 1.827625379709351891e-02 2.115679581738896115e-02 2.115679581738896461e-02 1.766397608834905861e-02 2.002975329719096365e-02 2.002975329719096018e-02 1.623262713411055547e-02 1.612156122359902771e-02 2.048414733690760367e-02 1.802178042517734238e-02 1.802178042517732157e-02 2.048414733690759673e-02 1.938966806913545310e-02 1.770002983607008376e-02 2.013313477619842543e-02 1.770671047510498017e-02 3.441898781779123562e-02 1.683820492527354079e-02 2.409364122719783938e-02 2.097558936548012815e-02 2.019556241402199054e-02 2.019556241402202523e-02 1.791486498095625976e-02 1.953943216063760285e-02 1.649853636561969886e-02 1.820190348220223492e-02 1.730382908252154836e-02 1.963475632897363973e-02 1.963475632897364667e-02 1.471130494519367823e-02 1.737094141439444323e-02 1.964699321570489987e-02 1.964699321570489987e-02 1.530742767069851774e-02 1.471426949612838521e-02 1.964707045271993704e-02 1.732779759030056432e-02 1.741199431106219345e-02 1.736922348025135218e-02 1.513582605743038489e-02 1.404224349002504250e-02 1.964707045271989541e-02 2.625798372949737086e-02 1.596768675263281895e-02 2.625798372949741596e-02 1.828500547455265066e-02 1.607350161129217705e-02 2.115880326891294433e-02 2.115880326891294780e-02 2.115880326891294780e-02 2.539632831139803162e-02 2.037228135025926506e-02 1.828309211914962151e-02 1.746529934923861729e-02 1.969514251216880965e-02 1.486468022341302236e-02 1.969514251216883394e-02 1.978187669618208799e-02 1.978187669618210187e-02 1.730913858360566202e-02 1.849920686552656429e-02 2.120660316575846346e-02 2.120660316575847387e-02 2.120660316575848428e-02 1.810788394319232802e-02 2.067858131104146485e-02 2.067858131104147526e-02 2.067858131104147873e-02 1.655075595757578635e-02 1.970538638358501626e-02 1.970538638358495728e-02 1.608161112459791098e-02 1.605371642936780086e-02 1.576891572997817653e-02 1.677293516438914389e-02 3.223026887754605607e-02 3.223026887754563280e-02 2.796755313871782458e-02 1.688138065455132425e-02 1.616429709438772094e-02 1.646264463536065148e-02 1.763186130802727597e-02 2.021226644623409091e-02 1.844531049051324062e-02 2.021226644623412907e-02 1.779139259051808891e-02 1.716102988161435569e-02 1.764119122359208980e-02 1.757147215860905415e-02 1.597057102680388835e-02 1.811165152933296232e-02 1.603257113461910299e-02 2.550565056620976781e-02 2.004183047705240805e-02 1.768899124247704999e-02 2.004183047705242193e-02 1.973047350692774468e-02 1.847873377022824642e-02 1.973047350692775856e-02 1.783299393655092546e-02 1.783299393655092546e-02 1.783299393655086995e-02 1.531875946833302811e-02 1.599677378807660977e-02 1.983840317843928863e-02 1.983840317843934067e-02 1.724918865287741396e-02 1.724918865287740702e-02 1.595259781043684155e-02 1.994755839167186920e-02 1.994755839167188655e-02 1.983031825205911966e-02 1.754215714090271230e-02 1.733640981669303666e-02 3.058307408426427787e-02 3.058307408426555116e-02 1.806522724019487061e-02 1.791134556252705484e-02 2.047188288332736639e-02 2.047188288332740802e-02 1.808544331735352506e-02 1.914902951295139460e-02 1.603726858182906098e-02 2.810667220683538137e-02 2.120242887644339935e-02 2.120242887644339935e-02 2.120242887644339935e-02 2.440144693876789700e-02 3.035474011596424673e-02 2.389584799416657329e-02 2.050836354286137905e-02 2.050836354286137905e-02 3.125596313902232609e-02 2.560423219182750287e-02 3.125596313902254814e-02
1.913289204923909401e-02 1.929909724549284944e-02 2.201456134688362445e-02 0.000000000000000000e+00 2.292878612144951325e-02 2.445959105607810671e-02 2.217859117705073962e-02 2.445959105607811018e-02 2.445959105607810671e-02 2.174371832031915530e-02 2.360745780807134778e-02 2.360745780807134778e-02 2.061866485842800759e-02 2.052682542288055551e-02 2.395083839467281039e-02 2.200657771843975499e-02 2.200657771843975152e-02 2.395083839467280692e-02 2.298490235402916859e-02 2.176620630934666609e-02 2.367968244281838663e-02 2.177130124104841372e-02 3.635088943209906220e-02 2.105924372622755211e-02 2.686294719231593214e-02 2.431684188970413205e-02 2.373135564527946093e-02 2.373135564527949562e-02 2.192994737580375442e-02 2.323598415831336361e-02 2.081845950065377635e-02 2.211927480508072558e-02 2.146511758708408157e-02 2.329630400044734734e-02 2.329630400044735428e-02 1.937369789789893451e-02 2.152305023068955617e-02 2.331529960634598844e-02 2.331529960634599191e-02 1.986896425953045553e-02 1.937787585950627098e-02 2.331581021908545048e-02 2.148734234731349349e-02 2.155557775573663584e-02 2.152225481144751790e-02 1.973463098891478293e-02 1.880592498517727126e-02 2.331581021908541926e-02 2.878805950073334494e-02 2.035469046208301241e-02 2.878805950073337616e-02 2.218519797633735843e-02 2.049824501226948231e-02 2.446112217266763547e-02 2.446112217266763894e-02 2.446112217266763547e-02 2.804580240818551132e-02 2.384083025465249736e-02 2.219177210667396677e-02 2.159577312941131019e-02 2.335227434138028094e-02 1.949958251524111508e-02 2.335227434138029481e-02 2.341920881613512515e-02 2.341920881613512861e-02 2.147357989952648066e-02 2.234589176826045492e-02 2.449753253872833519e-02 2.449753253872836295e-02 2.449753253872834560e-02 2.207003160633902103e-02 2.409425116103229569e-02 2.409425116103230263e-02 2.409425116103230263e-02 2.084803364454250116e-02 2.336226341550645333e-02 2.336226341550640476e-02 2.049862696718081703e-02 2.047717908965019165e-02 2.025487114139988207e-02 2.106613681471012842e-02 3.432560686586495075e-02 3.432560686586461074e-02 3.036257132674314782e-02 2.115486359025498669e-02 2.055987536925673459e-02 2.078908052823124492e-02 2.171918413484422508e-02 2.374328868457856873e-02 2.232055932899356179e-02 2.374328868457859648e-02 2.184542415115335937e-02 2.137140782798228542e-02 2.172896794183722807e-02 2.167529058673190248e-02 2.041682166835397105e-02 2.205891181837052462e-02 2.046487447610181171e-02 2.813930192315978671e-02 2.361655531090187457e-02 2.176246347045861229e-02 2.361655531090188151e-02 2.337939332365607248e-02 2.233089406925523393e-02 2.337939332365608289e-02 2.442373462584629049e-02 2.442373462584629396e-02 2.442373462584629049e-02 1.987809811898961013e-02 2.043692500045090135e-02 2.346155424340555865e-02 2.346155424340560028e-02 2.143869027915147954e-02 2.143869027915147607e-02 2.040333637277214063e-02 2.354307485098961969e-02 2.354307485098964745e-02 2.346066698275692253e-02 2.165633768897331710e-02 2.149652652137210712e-02 3.275622737084608882e-02 3.275622737084724762e-02 2.203948492164406817e-02 2.192296788726608853e-02 2.394168777623895822e-02 2.394168777623899291e-02 2.205376174008865861e-02 2.294258406685491594e-02 2.046932651748539431e-02 3.045282955130034636e-02 2.449437122213243834e-02 2.449437122213243834e-02 2.449437122213245568e-02 2.720260559457916838e-02 3.253958582451411258e-02 2.678040931769991653e-02 2.396893994476578457e-02 2.396893994476578110e-02 3.181860122758515402e-02 2.397691822106182841e-02 3.181860122758550791e-02
2.233130430211514514e-02 2.319875899641593575e-02 2.547659015304185037e-02 2.292878612144951325e-02 0.000000000000000000e+00 2.764367716107054770e-02 2.570978562255103739e-02 2.764367716107054770e-02 2.764367716107054770e-02 2.535359442729585508e-02 2.694061466553508352e-02 2.694061466553508005e-02 2.438513917286351182e-02 2.430423138759555887e-02 2.722438333412157199e-02 2.557181642411913286e-02 2.557181642411912939e-02 2.722438333412156505e-02 2.637753532150740460e-02 2.537190850114619603e-02 2.700031697417527854e-02 2.537620808494467362e-02 3.839913301938534251e-02 2.475585774878694481e-02 2.970289353284438078e-02 2.752690824086107338e-02 2.704288736226594103e-02 2.704288736226596879e-02 2.550909672936686051e-02 2.663284502388367503e-02 2.455461059597931553e-02 2.566476701425418963e-02 2.511564335823345331e-02 2.667611454764360485e-02 2.667611454764360832e-02 2.328517224788557993e-02 2.516800391876327508e-02 2.669730150094574636e-02 2.669730150094574636e-02 2.372680194157185049e-02 2.328967067872817626e-02 2.669796793604147650e-02 2.513790026327112834e-02 2.519585769075059073e-02 2.516757992389219781e-02 2.361022611324909218e-02 2.277260434072565787e-02 2.669796793604144874e-02 3.140834132153191155e-02 2.413973470018216869e-02 3.140834132153193237e-02 2.571530789194188121e-02 2.428265466911278328e-02 2.764494069071348620e-02 2.764494069071348620e-02 2.764494069071348620e-02 3.075430432299161923e-02 2.712661530262035561e-02 2.572484551087255919e-02 2.522983827244495991e-02 2.672829084267054622e-02 2.339707322569528972e-02 2.672829084267056704e-02 2.678432540879808685e-02 2.678432540879810073e-02 2.512535330846781684e-02 2.584914541322133261e-02 2.767498268785304610e-02 2.767498268785304957e-02 2.767498268785304957e-02 2.562455366224684200e-02 2.734160970187845055e-02 2.734160970187845749e-02 2.734160970187845749e-02 2.457639682296282324e-02 2.673743449653567458e-02 2.673743449653563295e-02 2.428090160140987039e-02 2.426259354274870952e-02 2.407036244775402969e-02 2.477969614162419884e-02 3.653831821016709919e-02 3.653831821016680775e-02 3.286747447846053577e-02 2.485773484103359285e-02 2.433257047926245739e-02 2.452865191550614166e-02 2.533303511096448787e-02 2.705244954559811801e-02 2.583299745006591500e-02 2.705244954559814230e-02 2.544121507657013184e-02 2.504263928842930323e-02 2.534200828881118597e-02 2.529722651823159210e-02 2.421209843625296565e-02 2.561265441893266839e-02 2.425338012392589879e-02 3.083595672117644959e-02 2.694813875232770356e-02 2.536930960678594402e-02 2.694813875232771397e-02 2.675108730405703628e-02 2.583678048108033198e-02 2.675108730405704321e-02 2.758836978693441147e-02 2.758836978693441494e-02 2.758836978693439759e-02 2.373486264168083587e-02 2.422932659193883023e-02 2.681930209430292630e-02 2.681930209430296447e-02 2.509963147135776604e-02 2.509963147135776257e-02 2.420063403966943999e-02 2.688681483811396905e-02 2.688681483811398640e-02 2.682031061116330398e-02 2.528154500493554058e-02 2.514537331003758799e-02 3.504897436056508137e-02 3.504897436056612220e-02 2.559943283918947668e-02 2.550167896867627099e-02 2.721687647491753681e-02 2.721687647491756804e-02 2.561109029661061062e-02 2.638883218997053678e-02 2.425750234763673560e-02 3.291787612343303332e-02 2.767237602640724645e-02 2.767237602640724645e-02 2.767237602640726032e-02 3.002415747250649844e-02 3.484693713514099705e-02 2.966127666441184876e-02 2.723927595007461649e-02 2.723927595007461303e-02 3.522716983037944838e-02 2.977042696796740676e-02 3.522716983037969124e-02
2.096738629004485377e-02 1.804206334658182975e-02 2.115679581738896115e-02 2.445959105607810671e-02 2.764367716107054770e-02 0.000000000000000000e+00 1.772556429074300874e-02 1.890834461217123785e-02 1.890834461217121357e-02 2.048744926714313880e-02 2.246978438546721329e-02 2.246978438546721329e-02 1.930067105663412635e-02 1.920569965907112375e-02 2.284681009506701194e-02 2.077290367677540536e-02 2.077290367677539842e-02 2.284681009506700153e-02 2.188147799916433101e-02 2.051415289808315723e-02 2.255324453116231559e-02 2.051820014977134149e-02 3.581014682862415643e-02 1.978036540243202634e-02 2.604926152309690324e-02 2.325864876993705838e-02 2.260639291054506936e-02 2.260639291054509364e-02 2.068879819240485030e-02 2.206593446716420895e-02 1.951411658101829052e-02 2.091212929150577937e-02 2.020391635002322453e-02 2.215302120579125053e-02 2.215302120579125747e-02 1.800986260910074008e-02 2.025134100460180761e-02 2.215331937367461673e-02 2.215331937367461673e-02 1.851905920364462291e-02 1.800978223039760573e-02 2.215286491430313448e-02 2.021505278503769876e-02 2.028501837240219777e-02 2.024889844203510425e-02 1.837756679340504448e-02 1.742106369338409372e-02 2.215286491430309632e-02 2.802211988667356254e-02 1.904377268479108543e-02 2.802211988667360418e-02 2.097588970249512907e-02 1.917252279573338630e-02 2.341443687958835729e-02 2.341443687958836076e-02 2.341443687958835035e-02 2.721970685927941822e-02 2.274360152040025285e-02 2.097977353852285148e-02 2.032807498965327406e-02 2.219255377722030576e-02 1.813628164725146832e-02 2.219255377722033698e-02 2.226483040735769553e-02 2.226483040735770594e-02 2.019902830079539982e-02 2.115046906533324736e-02 2.345516778402847308e-02 2.345516778402848695e-02 2.345516778402848695e-02 2.084200684351315142e-02 2.300766324487262329e-02 2.300766324487263023e-02 2.300766324487263023e-02 1.954813958491898040e-02 2.220237363752709803e-02 2.220237363752704252e-02 1.917475061222071592e-02 1.915205546736307995e-02 1.892436794351205417e-02 1.977364593680019239e-02 3.374640009091287030e-02 3.374640009091253723e-02 2.968899359858415826e-02 1.985855356495270368e-02 1.924045172167142617e-02 1.948337713858450809e-02 2.046134470842630657e-02 2.261984157253233915e-02 2.111474568863709253e-02 2.261984157253236691e-02 2.059441741914561086e-02 2.008617321479248471e-02 2.046926323946464746e-02 2.041380165547222389e-02 1.908597906428192645e-02 2.083648983608899635e-02 1.912137563490695288e-02 2.732021147978499348e-02 2.247972359036881640e-02 2.050758979347122937e-02 2.247972359036883375e-02 2.222192403919865181e-02 2.113394755381715548e-02 2.222192403919865528e-02 2.345643670761788854e-02 2.345643670761788854e-02 2.345643670761787120e-02 1.851838287115136275e-02 1.889952749759006914e-02 2.230929582135808900e-02 2.230929582135813757e-02 2.015798811577056149e-02 2.015798811577055455e-02 1.907270881538362245e-02 2.240078110575603396e-02 2.240078110575605130e-02 2.230740819171372208e-02 2.039192735450194929e-02 2.022259790125580103e-02 3.214424663298171003e-02 3.214424663298288271e-02 2.080828604395792633e-02 2.068309157707266810e-02 2.283664315973141234e-02 2.283664315973143663e-02 2.082412891530971422e-02 2.171527782673317308e-02 1.912578597344708614e-02 2.976951031095901451e-02 2.345161073786215106e-02 2.345161073786215453e-02 2.345161073786216493e-02 2.631155454857361103e-02 3.192123059920069089e-02 2.585600120928729928e-02 2.286692607010519518e-02 2.286692607010519171e-02 3.281508432365499300e-02 2.750706292922976831e-02 3.281508432365518035e-02
1.804131793236286169e-02 1.444056771855249492e-02 1.827625379709351891e-02 2.217859117705073962e-02 2.570978562255103739e-02 1.772556429074300874e-02 0.000000000000000000e+00 1.772556429074302609e-02 1.772556429074301221e-02 1.740962897886342425e-02 1.982046584694280994e-02 1.982046584694280300e-02 1.594765232555756668e-02 1.583507807279641716e-02 2.028399153594629550e-02 1.777714746119497119e-02 1.777714746119496078e-02 2.028399153594629203e-02 1.917689185508441793e-02 1.744609148747153921e-02 1.992516069444463453e-02 1.744536453469328757e-02 3.430884632720096472e-02 1.657131172219959009e-02 2.393529947871169197e-02 2.078306478949739147e-02 1.998980672518459525e-02 1.998980672518462995e-02 1.766703178672872007e-02 1.931972893432990640e-02 1.622084261020103821e-02 1.796387454543164550e-02 1.705033557816208398e-02 1.942974619120675997e-02 1.942974619120675997e-02 1.440228535723075097e-02 1.710947719701590153e-02 1.943026876069089276e-02 1.943026876069089623e-02 1.500530369432844478e-02 1.440184299857892938e-02 1.942902179386026690e-02 1.706586892916999929e-02 1.715092276622038822e-02 1.710207311823868509e-02 1.482907853862399337e-02 1.372116885440827216e-02 1.942902179386022180e-02 2.611645589782774987e-02 1.568539245139302651e-02 2.611645589782778457e-02 1.804899819792086385e-02 1.578420622328531933e-02 2.097078382241699193e-02 2.097078382241699193e-02 2.097078382241699193e-02 2.524926759188100486e-02 2.017196390258262778e-02 1.804546559454770979e-02 1.720534935317151112e-02 1.947858828240469145e-02 1.455318988727594999e-02 1.947858828240470880e-02 1.956742259733932135e-02 1.956742259733933176e-02 1.704619201699934458e-02 1.826807907406205120e-02 2.101935399338221086e-02 2.101935399338223168e-02 2.101935399338223168e-02 1.786550987129255710e-02 2.048124373443320836e-02 2.048124373443320836e-02 2.048124373443321183e-02 1.626913787025422581e-02 1.948912431602300641e-02 1.948912431602295089e-02 1.579351124156455968e-02 1.576478325515490858e-02 1.547817007824689624e-02 1.650255577154309539e-02 3.211001028275255881e-02 3.211001028275214941e-02 2.782990863462191447e-02 1.660757067235277967e-02 1.587871482973368317e-02 1.618432785459857776e-02 1.737675631586779387e-02 2.000693768970532305e-02 1.821129187836162747e-02 2.000693768970536121e-02 1.753932753597690908e-02 1.689128507865429035e-02 1.737843969919717832e-02 1.731388715780945303e-02 1.567227666291207480e-02 1.786161773222473201e-02 1.565215810615025807e-02 2.535776246492547903e-02 1.983277830046773285e-02 1.743526870931518674e-02 1.983277830046775020e-02 1.951468066600084081e-02 1.824710007457968144e-02 1.951468066600085122e-02 2.102086892715468794e-02 2.102086892715469141e-02 2.102086892715468447e-02 1.496070463400310524e-02 1.469629732194294332e-02 1.961616115399283239e-02 1.961616115399287749e-02 1.698303003663557964e-02 1.698303003663556923e-02 1.566050960142562759e-02 1.973680277766053093e-02 1.973680277766055521e-02 1.961630298043314305e-02 1.728402392325257761e-02 1.707374942342870794e-02 3.045903518292871273e-02 3.045903518292997214e-02 1.782161569537784804e-02 1.766410501151736631e-02 2.027147919977130563e-02 2.027147919977134727e-02 1.784244445262631734e-02 1.876947804885444396e-02 1.565664737236429835e-02 2.797400586715073634e-02 2.101511074190812872e-02 2.101511074190813913e-02 2.101511074190813913e-02 2.424647641849436708e-02 3.023026167272160197e-02 2.373588907213312546e-02 2.030869603244978006e-02 2.030869603244977312e-02 3.115231601298133410e-02 2.551600303236134862e-02 3.115231601298154226e-02
2.096738629004485724e-02 1.804206334658182975e-02 2.115679581738896115e-02 2.445959105607811018e-02 2.764367716107054770e-02 1.890834461217123785e-02 1.772556429074302609e-02 0.000000000000000000e+00 1.890834461217123438e-02 2.048744926714313880e-02 2.246978438546720983e-02 2.246978438546720983e-02 1.930067105663413329e-02 1.920569965907112028e-02 2.284681009506701194e-02 2.077290367677540189e-02 2.077290367677539148e-02 2.284681009506700153e-02 2.188147799916433101e-02 2.051415289808315723e-02 2.255324453116231906e-02 2.051820014977134149e-02 3.581014682862415643e-02 1.978036540243202634e-02 2.604926152309690324e-02 2.325864876993705838e-02 2.260639291054506242e-02 2.260639291054509711e-02 2.068879819240484683e-02 2.206593446716420548e-02 1.951411658101828706e-02 2.091212929150578284e-02 2.020391635002322453e-02 2.215302120579125400e-02 2.215302120579125747e-02 1.800986260910074008e-02 2.025134100460181108e-02 2.215331937367462020e-02 2.215331937367462020e-02 1.851905920364461944e-02 1.800978223039759532e-02 2.215286491430312754e-02 2.021505278503769876e-02 2.028501837240219777e-02 2.024889844203510078e-02 1.837756679340505142e-02 1.742106369338409025e-02 2.215286491430309632e-02 2.802211988667356601e-02 1.904377268479108196e-02 2.802211988667360071e-02 2.097588970249512560e-02 1.917252279573338283e-02 2.341443687958835729e-02 2.341443687958836770e-02 2.341443687958835382e-02 2.721970685927941822e-02 2.274360152040024938e-02 2.097977353852284454e-02 2.032807498965328100e-02 2.219255377722030922e-02 1.813628164725146139e-02 2.219255377722033351e-02 2.226483040735769553e-02 2.226483040735770941e-02 2.019902830079540676e-02 2.115046906533325083e-02 2.345516778402847308e-02 2.345516778402848695e-02 2.345516778402848695e-02 2.084200684351315142e-02 2.300766324487261982e-02 2.300766324487263023e-02 2.300766324487263023e-02 1.954813958491898387e-02 2.220237363752709803e-02 2.220237363752704252e-02 1.917475061222070898e-02 1.915205546736307995e-02 1.892436794351205417e-02 1.977364593680019239e-02 3.374640009091288417e-02 3.374640009091253723e-02 2.968899359858416520e-02 1.985855356495270715e-02 1.924045172167142270e-02 1.948337713858450809e-02 2.046134470842630310e-02 2.261984157253233568e-02 2.111474568863709600e-02 2.261984157253236691e-02 2.059441741914560739e-02 2.008617321479248818e-02 2.046926323946464746e-02 2.041380165547222389e-02 1.908597906428192298e-02 2.083648983608899288e-02 1.912137563490695288e-02 2.732021147978499348e-02 2.247972359036881293e-02 2.050758979347122590e-02 2.247972359036882681e-02 2.222192403919864834e-02 2.113394755381715895e-02 2.222192403919865875e-02 2.345643670761789201e-02 2.345643670761789201e-02 2.345643670761787467e-02 1.851838287115135928e-02 1.889952749759005873e-02 2.230929582135808900e-02 2.230929582135813410e-02 2.015798811577055802e-02 2.015798811577055455e-02 1.907270881538362245e-02 2.240078110575603049e-02 2.240078110575605130e-02 2.230740819171372208e-02 2.039192735450194929e-02 2.022259790125579756e-02 3.214424663298171003e-02 3.214424663298288271e-02 2.080828604395793674e-02 2.068309157707267157e-02 2.283664315973140888e-02 2.283664315973144010e-02 2.082412891530971422e-02 2.171527782673316961e-02 1.912578597344709308e-02 2.976951031095901451e-02 2.345161073786214759e-02 2.345161073786215453e-02 2.345161073786216147e-02 2.631155454857361103e-02 3.192123059920069089e-02 2.585600120928730275e-02 2.286692607010520212e-02 2.286692607010519171e-02 3.281508432365499994e-02 2.750706292922976831e-02 3.281508432365518729e-02
2.096738629004485724e-02 1.804206334658182628e-02 2.115679581738896461e-02 2.445959105607810671e-02 2.764367716107054770e-02 1.890834461217121357e-02 1.772556429074301221e-02 1.890834461217123438e-02 0.000000000000000000e+00 2.048744926714313880e-02 2.246978438546721329e-02 2.246978438546721329e-02 1.930067105663413676e-02 1.920569965907112375e-02 2.284681009506700847e-02 2.077290367677540536e-02 2.077290367677539495e-02 2.284681009506700847e-02 2.188147799916432754e-02 2.051415289808315723e-02 2.255324453116231212e-02 2.051820014977134149e-02 3.581014682862414950e-02 1.978036540243202981e-02 2.604926152309690324e-02 2.325864876993705838e-02 2.260639291054506242e-02 2.260639291054509711e-02 2.068879819240485030e-02 2.206593446716421242e-02 1.951411658101828706e-02 2.091212929150577937e-02 2.020391635002322453e-02 2.215302120579125747e-02 2.215302120579125747e-02 1.800986260910073661e-02 2.025134100460180414e-02 2.215331937367461673e-02 2.215331937367461673e-02 1.851905920364462291e-02 1.800978223039760573e-02 2.215286491430312754e-02 2.021505278503769529e-02 2.028501837240219430e-02 2.024889844203509731e-02 1.837756679340504795e-02 1.742106369338409372e-02 2.215286491430309285e-02 2.802211988667356254e-02 1.904377268479107849e-02 2.802211988667359377e-02 2.097588970249512560e-02 1.917252279573338283e-02 2.341443687958835729e-02 2.341443687958836076e-02 2.341443687958835382e-02 2.721970685927941822e-02 2.274360152040024938e-02 2.097977353852285495e-02 2.032807498965328100e-02 2.219255377722030576e-02 1.813628164725146832e-02 2.219255377722033351e-02 2.226483040735769553e-02 2.226483040735770594e-02 2.019902830079539982e-02 2.115046906533325777e-02 2.345516778402847308e-02 2.345516778402848695e-02 2.345516778402848002e-02 2.084200684351314795e-02 2.300766324487261982e-02 2.300766324487263023e-02 2.300766324487263023e-02 1.954813958491898040e-02 2.220237363752710150e-02 2.220237363752704252e-02 1.917475061222070898e-02 1.915205546736307649e-02 1.892436794351205070e-02 1.977364593680019933e-02 3.374640009091287723e-02 3.374640009091253029e-02 2.968899359858415826e-02 1.985855356495270022e-02 1.924045172167142270e-02 1.948337713858450462e-02 2.046134470842630310e-02 2.261984157253233568e-02 2.111474568863709600e-02 2.261984157253235997e-02 2.059441741914561086e-02 2.008617321479248471e-02 2.046926323946465440e-02 2.041380165547222389e-02 1.908597906428192298e-02 2.083648983608898941e-02 1.912137563490695288e-02 2.732021147978499348e-02 2.247972359036882334e-02 2.050758979347122590e-02 2.247972359036883375e-02 2.222192403919864834e-02 2.113394755381715895e-02 2.222192403919865528e-02 2.345643670761788507e-02 2.345643670761788854e-02 2.345643670761787467e-02 1.851838287115136275e-02 1.889952749759006567e-02 2.230929582135808206e-02 2.230929582135813410e-02 2.015798811577056496e-02 2.015798811577055455e-02 1.907270881538361898e-02 2.240078110575603396e-02 2.240078110575605130e-02 2.230740819171372208e-02 2.039192735450195276e-02 2.022259790125580103e-02 3.214424663298171003e-02 3.214424663298288271e-02 2.080828604395792633e-02 2.068309157707267157e-02 2.283664315973140541e-02 2.283664315973143663e-02 2.082412891530971422e-02 2.171527782673317308e-02 1.912578597344708961e-02 2.976951031095901451e-02 2.345161073786215453e-02 2.345161073786215453e-02 2.345161073786215800e-02 2.631155454857360756e-02 3.192123059920068395e-02 2.585600120928729928e-02 2.286692607010520212e-02 2.286692607010519865e-02 3.281508432365499300e-02 2.750706292922976831e-02 3.281508432365518035e-02
1.741529935650296471e-02 1.354420580809127285e-02 1.766397608834905861e-02 2.174371832031915530e-02 2.535359442729585508e-02 2.048744926714313880e-02 1.740962897886342425e-02 2.048744926714313880e-02 2.048744926714313880e-02 0.000000000000000000e+00 1.683445368314997678e-02 1.683445368314996637e-02 1.410889298414037644e-02 1.349195093037927791e-02 1.976251117451853848e-02 1.711125736748459608e-02 1.711125736748457526e-02 1.976251117451852807e-02 1.863172754315464696e-02 1.675201218680306622e-02 1.938415610604174444e-02 1.675941202590981380e-02 3.404346090214178250e-02 1.583905436972365965e-02 2.354344024996784038e-02 2.029486800554815631e-02 1.944929536347000248e-02 1.944929536347004065e-02 1.698875636946386644e-02 1.856181759602281572e-02 1.532394420430943129e-02 1.718625363401234118e-02 1.630520302198606303e-02 1.884599185455584566e-02 1.884599185455585607e-02 1.344233938631339727e-02 1.635908490722037117e-02 1.883719446300438985e-02 1.883719446300439332e-02 1.405383190369689957e-02 1.350641632543492753e-02 1.884739888186361817e-02 1.633436009656309348e-02 1.641882640247693467e-02 1.637254634157593938e-02 1.394823199864948272e-02 1.279917946287247379e-02 1.884739888186358001e-02 2.576723853521793381e-02 1.490810065615696782e-02 2.576723853521796503e-02 1.741924864276067283e-02 1.495555077470239573e-02 2.048959272895877967e-02 2.048959272895879008e-02 2.048959272895878661e-02 2.488433966847472187e-02 1.965343709913632345e-02 1.741224136359773023e-02 1.647938110876981041e-02 1.890035444787674726e-02 1.366992829327533417e-02 1.890035444787676808e-02 1.898205326943142382e-02 1.898205326943143423e-02 1.629771465949912332e-02 1.765494425445764126e-02 2.054061356261552632e-02 2.054061356261553672e-02 2.054061356261553672e-02 1.720809068743744258e-02 1.997485130461763500e-02 1.997485130461764541e-02 1.997485130461764541e-02 1.551045794419414654e-02 1.890987745967506045e-02 1.890987745967499453e-02 1.497163951789000878e-02 1.494081760596048178e-02 1.462706403588750169e-02 1.570855297334650125e-02 3.181865340372318218e-02 3.181865340372273809e-02 2.749290954715202448e-02 1.582126027340567676e-02 1.506585929990884344e-02 1.540103335454466073e-02 1.666964794100301780e-02 1.946788952910105328e-02 1.758515755060001060e-02 1.946788952910109144e-02 1.684195506913221604e-02 1.612987405144649528e-02 1.667614193291093450e-02 1.659791485433596489e-02 1.484283012713480919e-02 1.722590379785169171e-02 1.491195508188019464e-02 2.499668567734078528e-02 1.927799043059836431e-02 1.672095671812006204e-02 1.927799043059838166e-02 1.893918639245840280e-02 1.763224677453906902e-02 1.893918639245841321e-02 2.054220851748305571e-02 2.054220851748305918e-02 2.054220851748305571e-02 1.415158839379928278e-02 1.487260126460486151e-02 1.905738478326973045e-02 1.905738478326977556e-02 1.622890063395383137e-02 1.622890063395382096e-02 1.482238880932479873e-02 1.917856680239660161e-02 1.917856680239662243e-02 1.904411149557865696e-02 1.656216752960999739e-02 1.633600321731961541e-02 3.015796213040915566e-02 3.015796213041044629e-02 1.714092678075875703e-02 1.687823709742319531e-02 1.972888791900585109e-02 1.972888791900588232e-02 1.718067805120250882e-02 1.829216653999047801e-02 1.491619601470868355e-02 2.762686064843330319e-02 2.053616002721258410e-02 2.053616002721258410e-02 2.053616002721259104e-02 2.385797844667713816e-02 2.992158969997394877e-02 2.331676830000931067e-02 1.978857798716669031e-02 1.978857798716667990e-02 3.085596041070741424e-02 2.515183244588002284e-02 3.085596041070761547e-02
1.982657361782326141e-02 1.666794218924311233e-02 2.002975329719096365e-02 2.360745780807134778e-02 2.694061466553508352e-02 2.246978438546721329e-02 1.982046584694280994e-02 2.246978438546720983e-02 2.246978438546721329e-02 1.683445368314997678e-02 0.000000000000000000e+00 1.809731923874433046e-02 1.781219724205731700e-02 1.620828116951939304e-02 2.183657205281851546e-02 1.958724029311390696e-02 1.958724029311389309e-02 2.183657205281850852e-02 2.085166484116498381e-02 1.930168650843983383e-02 2.151330456084982190e-02 1.930764458679568030e-02 3.530688527741111110e-02 1.853314720665730567e-02 2.529177573137899454e-02 2.230192184534888350e-02 2.156842191976464720e-02 2.156842191976468537e-02 1.949153067812133683e-02 2.093316314444725046e-02 1.820907796227100653e-02 1.973696776850686341e-02 1.894825732033171561e-02 2.105992454079144358e-02 2.105992454079145051e-02 1.656988324747333749e-02 1.898869220142128736e-02 2.104842415014826842e-02 2.104842415014826842e-02 1.707876665387579596e-02 1.663696294837698278e-02 2.106156066059086326e-02 1.897081334593260851e-02 1.904221117527683804e-02 1.900455782706529304e-02 1.701760517281784846e-02 1.602733390049935688e-02 2.106156066059082163e-02 2.733649982234442194e-02 1.775668808604751597e-02 2.733649982234445663e-02 1.982836907328769729e-02 1.785301062104611633e-02 2.247168297760501754e-02 2.247168297760502448e-02 2.247168297760501754e-02 2.649552240477515835e-02 2.174055563950382311e-02 1.982797420919037851e-02 1.908985489502035976e-02 2.110570623577964419e-02 1.677076512379932147e-02 2.110570623577966501e-02 2.116894024602858360e-02 2.116894024602859400e-02 1.893906096082930562e-02 2.002233900816681803e-02 2.251693436373882265e-02 2.251693436373882612e-02 2.251693436373882612e-02 1.966495964396561616e-02 2.201987879291044878e-02 2.201987879291045572e-02 2.201987879291045572e-02 1.827299561043014761e-02 2.111481609927612357e-02 2.111481609927607153e-02 1.785879273693229130e-02 1.783447475198013041e-02 1.758853055796747236e-02 1.848393875767113947e-02 3.319725433638463785e-02 3.319725433638427009e-02 2.905067952877420437e-02 1.857499774999554765e-02 1.793113452529521493e-02 1.819473822791237844e-02 1.923853087260326070e-02 2.158397264574587679e-02 1.997069021849555079e-02 2.158397264574590455e-02 1.938082564130002780e-02 1.882108516251883301e-02 1.924620882676394973e-02 1.918539654576288320e-02 1.776213854967595776e-02 1.967423256029028622e-02 1.781660284792002322e-02 2.660168322773207375e-02 2.142473252006535378e-02 1.928703960064831122e-02 2.142473252006537460e-02 2.113834085986292591e-02 2.000369643581781376e-02 2.113834085986293979e-02 2.251834931820687058e-02 2.251834931820687058e-02 2.251834931820687058e-02 1.717883621564070262e-02 1.778516250919291025e-02 2.123739509671602674e-02 2.123739509671607531e-02 1.889904862450207668e-02 1.889904862450206627e-02 1.774637432534958981e-02 2.133894684152516652e-02 2.133894684152518734e-02 2.122876882310763616e-02 1.915790283064784313e-02 1.897497508726087717e-02 3.157075773915456879e-02 3.157075773915578309e-02 1.962316895932384939e-02 1.946912235884316542e-02 2.182131882198984005e-02 2.182131882198987474e-02 1.964426149460170301e-02 2.060699105286920019e-02 1.782090856371687168e-02 2.913662824046380634e-02 2.251297420757772394e-02 2.251297420757772394e-02 2.251297420757773435e-02 2.553460421071860123e-02 3.134203223499545943e-02 2.504578931457285274e-02 2.185923794495183564e-02 2.185923794495182870e-02 3.225283333737468533e-02 2.680688799313565851e-02 3.225283333737487962e-02
