0.000000000000000000e+00 1.438928143874332495e-02 1.714941767191527008e-02 1.903300935622180209e-02 1.982330790174014964e-02 2.197612045929673782e-02 1.934144616656163773e-02 2.197612045929674129e-02 2.197612045929673782e-02 1.816689211961545342e-02 2.003300640595785317e-02 2.003300640595785317e-02 1.691951225295075523e-02 1.669625602668615288e-02 2.083546368490294190e-02 1.880435549128281134e-02 1.880435549128281134e-02 2.083546368490294190e-02 2.019115492608175577e-02 1.831716371728361534e-02 2.035467652949481121e-02 1.833183023887514917e-02 2.924420002551627457e-02 1.806637662436330963e-02 2.660018933267629601e-02 2.122036169422033408e-02 2.047761738908374443e-02 2.047761738908374096e-02 1.869128199697655743e-02 1.952955785953900542e-02 1.724905381663529788e-02 1.896749442442265121e-02 1.741899713619460624e-02 1.921697101429429774e-02 1.921697101429429427e-02 1.524930107084029006e-02 1.767979362064842075e-02 1.943721484704055355e-02 1.943721484704055702e-02 1.591739661160348346e-02 1.530681859992232691e-02 1.944770841423029348e-02 1.752686319177062385e-02 1.778718441299420930e-02 1.768382555019706523e-02 1.566270767746014841e-02 1.461022718151169623e-02 1.944770841423029348e-02 2.492174682067533481e-02 1.700771578837585035e-02 2.492174682067533828e-02 1.936638722823880512e-02 1.663452221814460882e-02 2.198571481867188024e-02 2.198571481867187330e-02 2.198571481867188024e-02 2.411762961451081877e-02 2.028838784663395192e-02 1.899290042001894330e-02 1.784105635109442187e-02 1.955433131978086617e-02 1.556128707130534534e-02 1.955433131978086617e-02 1.963718233335176241e-02 1.963718233335176241e-02 1.760879209369838744e-02 1.981496449143716962e-02 2.215256658926065617e-02 2.215256658926065617e-02 2.215256658926065617e-02 1.904593109648309787e-02 2.108943487802901820e-02 2.108943487802901820e-02 2.108943487802902167e-02 1.747792017082351254e-02 1.955955102643704493e-02 1.955955102643704840e-02 1.660585472221533590e-02 1.659705084422267996e-02 1.605017413475796559e-02 1.679193650368077800e-02 3.801193282139992552e-02 3.801193282139993246e-02 3.604553106729324607e-02 1.701563504926487808e-02 1.674317566069529958e-02 1.731542685159409567e-02 1.819070694570412011e-02 2.044873754240364092e-02 1.928406733635541076e-02 2.044873754240364092e-02 1.836313073413032779e-02 1.744110698337368592e-02 1.808167569481857265e-02 1.788226274636866078e-02 1.647113180454884765e-02 1.871799748303791533e-02 1.655570074312506107e-02 2.432717987366165430e-02 2.005585321030486923e-02 1.821365051470174440e-02 2.005585321030486923e-02 1.962565309459814514e-02 1.974298905500870838e-02 1.962565309459814514e-02 2.124875298639273061e-02 2.124875298639273061e-02 2.124875298639273755e-02 1.595158163079222688e-02 1.651251672351493685e-02 1.975684346036619965e-02 1.975684346036619965e-02 1.759922116667959890e-02 1.759922116667959890e-02 1.644587935054518321e-02 2.002183767456038391e-02 2.002183767456038044e-02 1.975799943886275001e-02 1.796503882124534518e-02 1.768055108280569207e-02 3.208538205858581238e-02 3.208538205858580544e-02 1.891397161633225077e-02 1.866449341086506841e-02 2.082457907460158811e-02 2.082457907460158811e-02 1.898171367184282171e-02 1.891150982068399988e-02 1.657131650519689733e-02 2.812486913899850741e-02 2.212879225164323879e-02 2.212879225164323879e-02 2.212879225164323879e-02 2.290698768456293083e-02 3.284639800432708617e-02 2.233874932152591156e-02 2.093359527872198922e-02 2.093359527872198922e-02 3.367985200699318699e-02 2.880151548604294176e-02 3.367985200699317311e-02
1.438928143874332495e-02 0.000000000000000000e+00 1.600503155783663048e-02 2.079194801965920242e-02 2.221859676641101122e-02 1.880038011013287005e-02 1.555055383512086824e-02 1.880038011013287352e-02 1.880038011013287352e-02 1.383369793344235189e-02 1.633459214395096420e-02 1.633459214395096074e-02 1.200171699732901186e-02 1.160033964619706578e-02 1.739758624552557517e-02 1.478953837777125316e-02 1.478953837777125663e-02 1.739758624552557864e-02 1.663776766337415197e-02 1.409670798885768496e-02 1.678991087771449300e-02 1.411771576358968223e-02 2.690036230355174682e-02 1.384544843311829969e-02 2.392122551530745031e-02 1.788326114003641401e-02 1.694813607469103020e-02 1.694813607469103020e-02 1.463004351135069499e-02 1.567614089939899091e-02 1.253620304384102900e-02 1.504335389727245488e-02 1.151255970126234193e-02 1.403191730858733416e-02 1.403191730858732895e-02 8.729863339046954607e-03 1.299912450036559003e-02 1.543933226631818978e-02 1.543933226631819498e-02 1.032961318246924422e-02 9.359748802993441905e-03 1.554009185196065027e-02 1.276791715916168919e-02 1.325526941321340108e-02 1.309110704093533438e-02 9.885744775413488755e-03 8.119740607450059294e-03 1.554009185196065200e-02 2.218019050614741111e-02 1.231582250422851715e-02 2.218019050614741458e-02 1.558341323396295053e-02 1.149468695797315788e-02 1.881179893275705672e-02 1.881179893275705325e-02 1.881179893275705672e-02 2.126693691869327441e-02 1.670494545838549852e-02 1.504479546825228387e-02 1.333629185079793743e-02 1.569198180483883168e-02 9.847111991232232117e-03 1.569198180483883168e-02 1.579290359447398095e-02 1.579290359447398442e-02 1.297563632908211445e-02 1.616668598805732007e-02 1.900960432429894820e-02 1.900960432429895167e-02 1.900960432429894820e-02 1.513088811010792831e-02 1.772031446992082537e-02 1.772031446992082190e-02 1.772031446992082190e-02 1.295183698163815920e-02 1.569256564096346493e-02 1.569256564096346493e-02 1.146777089606533691e-02 1.146043725763527636e-02 9.827756646302547930e-03 1.090132173087376456e-02 3.584322442345914267e-02 3.584322442345914267e-02 3.376776487015236555e-02 1.179379449399755100e-02 1.170535554957391824e-02 1.266861518976087654e-02 1.389114589835706466e-02 1.690273605111329916e-02 1.543298434348280498e-02 1.690273605111330263e-02 1.412358851790470986e-02 1.267370044869215243e-02 1.370252135089886428e-02 1.338400955982159239e-02 1.121305456939708338e-02 1.467588298606177163e-02 1.136027837300292338e-02 2.150913005838667874e-02 1.637078888594707335e-02 1.390908294945360224e-02 1.637078888594706988e-02 1.579243638226920238e-02 1.607370065317267893e-02 1.579243638226920585e-02 1.896152109629527585e-02 1.896152109629527585e-02 1.896152109629527932e-02 1.045341394474617533e-02 1.129318487957457068e-02 1.597048847279321920e-02 1.597048847279322267e-02 1.294200572376452522e-02 1.294200572376452869e-02 1.116359666982769117e-02 1.634147059149160600e-02 1.634147059149160600e-02 1.595994987099782700e-02 1.351846806785857169e-02 1.309264709631349950e-02 2.978715065139480450e-02 2.978715065139480450e-02 1.494156057204794157e-02 1.459586631195401371e-02 1.738373475675875773e-02 1.738373475675876467e-02 1.503944230797215308e-02 1.476348530366356458e-02 1.138142909936486202e-02 2.563420810242158371e-02 1.898145465961458001e-02 1.898145465961458001e-02 1.898145465961458347e-02 1.984411529080770328e-02 3.056000586681357351e-02 1.916896453661663322e-02 1.752377971464330608e-02 1.752377971464330608e-02 3.206878935089788052e-02 2.761246955074812132e-02 3.206878935089787358e-02
1.714941767191527008e-02 1.600503155783663048e-02 0.000000000000000000e+00 2.362612620239813027e-02 2.473881952053381614e-02 2.247892939262080558e-02 1.994814540388667456e-02 2.247892939262080558e-02 2.247892939262080558e-02 1.885089667585844106e-02 2.063004054944283031e-02 2.063004054944283031e-02 1.766500936920689310e-02 1.745670357799745942e-02 2.138728820961382712e-02 1.944557589850617885e-02 1.944557589850618579e-02 2.138728820961382712e-02 2.076136468108610855e-02 1.898879253119361774e-02 2.093213915966891936e-02 1.900263401570412986e-02 2.959100414483346875e-02 1.874317073298414904e-02 2.700635974299478090e-02 2.175741457226179273e-02 2.104950717004541033e-02 2.104950717004541033e-02 1.934165331991934134e-02 2.015597021529368787e-02 1.797497273922067651e-02 1.961207916444841076e-02 1.829520606069514471e-02 2.003935882359445669e-02 2.003935882359445669e-02 1.612165720319212042e-02 1.840331356913205499e-02 2.007963128857216326e-02 2.007963128857216673e-02 1.671263839897145498e-02 1.612126018467517630e-02 2.007760074687094803e-02 1.826024550622419931e-02 1.849391568037411782e-02 1.839723833329559924e-02 1.646761723017952511e-02 1.545289487426004978e-02 2.007760074687095150e-02 2.534568292844413886e-02 1.772714425777563094e-02 2.534568292844414233e-02 1.997182167196466518e-02 1.739757211413046206e-02 2.248818181782070644e-02 2.248818181782069603e-02 2.248818181782070297e-02 2.456141196251311262e-02 2.086752796720973968e-02 1.962615801656187806e-02 1.854507427793189098e-02 2.017759414329994491e-02 1.636247678834376607e-02 2.017759414329994144e-02 2.025735674710050019e-02 2.025735674710050019e-02 1.832640406285778942e-02 2.039825491527020793e-02 2.264934853063402254e-02 2.264934853063402254e-02 2.264934853063401560e-02 1.967294142971370841e-02 2.162874651640740026e-02 2.162874651640739332e-02 2.162874651640739332e-02 1.818172843924205362e-02 2.018344541818287846e-02 2.018344541818287846e-02 1.736826927478440571e-02 1.735950634180626756e-02 1.692124030368098372e-02 1.765325977281754014e-02 3.831113238811715421e-02 3.831113238811715421e-02 3.636214399650451734e-02 1.779014354958103478e-02 1.749772224949657645e-02 1.803287315571673946e-02 1.887155001716542962e-02 2.102052966485177046e-02 1.990056301508237938e-02 2.102052966485177046e-02 1.903731714877474404e-02 1.817180414251886797e-02 1.877124759241709587e-02 1.858608229170267620e-02 1.724274755294336742e-02 1.936512884518509087e-02 1.732258212696733551e-02 2.476493402464272076e-02 2.065080414928251867e-02 1.889414027498030266e-02 2.065080414928251867e-02 2.024500070998655823e-02 2.032982275300370192e-02 2.024500070998655823e-02 1.652287738057864677e-02 1.652287738057863983e-02 1.652287738057864677e-02 1.673962099967671313e-02 1.728162206883574609e-02 2.036835671241882598e-02 2.036835671241882251e-02 1.831988538287748769e-02 1.831988538287748769e-02 1.721910765377826155e-02 2.061758193380129611e-02 2.061758193380129958e-02 2.037104614503688904e-02 1.866224448688848583e-02 1.839329633440109704e-02 3.241577131217779351e-02 3.241577131217778657e-02 1.954911356218294594e-02 1.931359200475292817e-02 2.137703311071691148e-02 2.137703311071691148e-02 1.961243758848608271e-02 1.957457589466288228e-02 1.733780542032763508e-02 2.850493658508240422e-02 2.262631691333159834e-02 2.262631691333159834e-02 2.262631691333159834e-02 2.339481925951981262e-02 3.317703545877373483e-02 2.284786599951341840e-02 2.148062223772981630e-02 2.148062223772981630e-02 3.455751999898674931e-02 3.031095496353838903e-02 3.455751999898672849e-02
1.903300935622180209e-02 2.079194801965920242e-02 2.362612620239813027e-02 0.000000000000000000e+00 2.050712774098707031e-02 2.611451299533303419e-02 2.405938176857526020e-02 2.611451299533303419e-02 2.611451299533303419e-02 2.325322516332471723e-02 2.470546086225037380e-02 2.470546086225037380e-02 2.228677890126753644e-02 2.211539605141396581e-02 2.528435194622807164e-02 2.370344692979887286e-02 2.370344692979887286e-02 2.528435194622807511e-02 2.470736090986408104e-02 2.335037480970216309e-02 2.492782405923710601e-02 2.336131152697265567e-02 3.226047596935260192e-02 2.308140948569093603e-02 2.981539816662646253e-02 2.557082738428968771e-02 2.501946474670307258e-02 2.501946474670307258e-02 2.362527195962166662e-02 2.433143665984998164e-02 2.253144019324763991e-02 2.379773134708708035e-02 2.279685407198992625e-02 2.421590996162099538e-02 2.421590996162099538e-02 2.099771398286033597e-02 2.290296821978813485e-02 2.427537743610412579e-02 2.427537743610412926e-02 2.150097880703421421e-02 2.100435369100619315e-02 2.427577910097366426e-02 2.279267325683804329e-02 2.297495976757304645e-02 2.290008334008547183e-02 2.130508170979733551e-02 2.042957978091818755e-02 2.427577910097366426e-02 2.854005391473061690e-02 2.227959542680467073e-02 2.854005391473061690e-02 2.407763069600823286e-02 2.207887935877666727e-02 2.612153524178900676e-02 2.612153524178900676e-02 2.612153524178901023e-02 2.792648096830804838e-02 2.486644082260794364e-02 2.384785199327602023e-02 2.301708713764471712e-02 2.435338361941657634e-02 2.120210428561577695e-02 2.435338361941657634e-02 2.441686945878340440e-02 2.441686945878340440e-02 2.283972979112799256e-02 2.440427158772577598e-02 2.624354884729469470e-02 2.624354884729469817e-02 2.624354884729469817e-02 2.387428771544413547e-02 2.546536964334564224e-02 2.546536964334564571e-02 2.546536964334564571e-02 2.267294625549417381e-02 2.436028672330175365e-02 2.436028672330175365e-02 2.204982231513442914e-02 2.204297210565231077e-02 2.168332030668293151e-02 2.229651183249837035e-02 4.036792312528077187e-02 4.036792312528078575e-02 3.852550708691852843e-02 2.241878379142876743e-02 2.214836149365417839e-02 2.256848981121923475e-02 2.326629507069097325e-02 2.500059416655549260e-02 2.406364593105587979e-02 2.500059416655548913e-02 2.340512407987185156e-02 2.272786639459080729e-02 2.319498282173089107e-02 2.305420200369525871e-02 2.195371757778880398e-02 2.363862516578930928e-02 2.201786430103514977e-02 2.808735537996767326e-02 2.472139479435632448e-02 2.328683716891818273e-02 2.472139479435632795e-02 2.440616531891921098e-02 2.435310313097781981e-02 2.440616531891921098e-02 2.599107769733573561e-02 2.599107769733573561e-02 2.599107769733573908e-02 2.152346482119434426e-02 2.198447285262912151e-02 2.450223872800896471e-02 2.450223872800896124e-02 2.284368903440111079e-02 2.284368903440111079e-02 2.193533184628941590e-02 2.469056742164322735e-02 2.469056742164323082e-02 2.450885427642217340e-02 2.311030433486872468e-02 2.289328234245131474e-02 3.473953636028861286e-02 3.473953636028861286e-02 2.378390992181232330e-02 2.359986471811906933e-02 2.527665710732960452e-02 2.527665710732960452e-02 2.382984370304785590e-02 2.388458597204758116e-02 2.203113995820874665e-02 3.117459107313064193e-02 2.622631999240986403e-02 2.622631999240986403e-02 2.622631999240986403e-02 2.699315329919534448e-02 3.546461831038619922e-02 2.655890568440732666e-02 2.535400893330142652e-02 2.535400893330142652e-02 3.300004827180270245e-02 2.565528133416530854e-02 3.300004827180270245e-02
1.982330790174014964e-02 2.221859676641101122e-02 2.473881952053381614e-02 2.050712774098707031e-02 0.000000000000000000e+00 2.723895191661739393e-02 2.530169458609514074e-02 2.723895191661739393e-02 2.723895191661740087e-02 2.454381200695550380e-02 2.589497026660298601e-02 2.589497026660298254e-02 2.364848733871883005e-02 2.348922837188707757e-02 2.644080296398760438e-02 2.496270062764485015e-02 2.496270062764485015e-02 2.644080296398760438e-02 2.591043633206924213e-02 2.463535968236749835e-02 2.610636525182928949e-02 2.464548989310594643e-02 3.317222840557976227e-02 2.439477801373039767e-02 3.094155083008632082e-02 2.671529105911659915e-02 2.619205714715057073e-02 2.619205714715056726e-02 2.489037618889657077e-02 2.554775329583377011e-02 2.387431637981060964e-02 2.506574571029556581e-02 2.411249236692087489e-02 2.542526823553374615e-02 2.542526823553374615e-02 2.244780463028995393e-02 2.421952041500379654e-02 2.549332568568015225e-02 2.549332568568015225e-02 2.291888098899898252e-02 2.245682520326393317e-02 2.549459944180422141e-02 2.411905735227844530e-02 2.428650332090068892e-02 2.421762618462233729e-02 2.273835026857404240e-02 2.191842558659708520e-02 2.549459944180422141e-02 2.955739713160611404e-02 2.364125079134673721e-02 2.955739713160611404e-02 2.531885116943250261e-02 2.345679268491360561e-02 2.724580044285478814e-02 2.724580044285478467e-02 2.724580044285478814e-02 2.894803891396758450e-02 2.605096348927312191e-02 2.509864964233316995e-02 2.432565003693452910e-02 2.556680810440842624e-02 2.264015939711182951e-02 2.556680810440842277e-02 2.562566081558293948e-02 2.562566081558293601e-02 2.416162325773670710e-02 2.562737697462671299e-02 2.736525640375709473e-02 2.736525640375709473e-02 2.736525640375709473e-02 2.512315517791575969e-02 2.661397337376290861e-02 2.661397337376290168e-02 2.661397337376289821e-02 2.400588979938466858e-02 2.557307184637273509e-02 2.557307184637273509e-02 2.342916723458719416e-02 2.342302593421369261e-02 2.308716283851971335e-02 2.365570913042544174e-02 4.136267489084947957e-02 4.136267489084947957e-02 3.956397512020847634e-02 2.377304995456418560e-02 2.351977500914751926e-02 2.390835256404094666e-02 2.455655399931974681e-02 2.617328223693944633e-02 2.529783648219968359e-02 2.617328223693944633e-02 2.468551318520702254e-02 2.405925762565137502e-02 2.448993893769658287e-02 2.436045718506880606e-02 2.334105321600088087e-02 2.490456280357189467e-02 2.340016065991431388e-02 2.910574017878871794e-02 2.590996786464190918e-02 2.457497622101212018e-02 2.590996786464190918e-02 2.561627805208790618e-02 2.557858193442488423e-02 2.561627805208790618e-02 2.705867444195821092e-02 2.705867444195820745e-02 2.705867444195820745e-02 2.294007839032332491e-02 2.336957054593406108e-02 2.570537848536942616e-02 2.570537848536942616e-02 2.416613051458970166e-02 2.416613051458970166e-02 2.332413443515615054e-02 2.588230094090886169e-02 2.588230094090886169e-02 2.571101920980208705e-02 2.441153022225716826e-02 2.421096063323212658e-02 3.574865838131243562e-02 3.574865838131243562e-02 2.503774531061351422e-02 2.486652535588669208e-02 2.643349216596399542e-02 2.643349216596399542e-02 2.508108251804763364e-02 2.513205549580162582e-02 2.341259055035325651e-02 3.223156985880269720e-02 2.734825102924957549e-02 2.734825102924957549e-02 2.734825102924957549e-02 2.804942999232384535e-02 3.649259662185105196e-02 2.763550897489577482e-02 2.650744869501990564e-02 2.650744869501990564e-02 3.658946276716609075e-02 3.163677621872609813e-02 3.658946276716608381e-02
2.197612045929673782e-02 1.880038011013287005e-02 2.247892939262080558e-02 2.611451299533303419e-02 2.723895191661739393e-02 0.000000000000000000e+00 1.636497677313956262e-02 1.685100590822249944e-02 1.685100590822249944e-02 2.114192384647548342e-02 2.270947455991241537e-02 2.270947455991241537e-02 2.010528021792365450e-02 1.992322376853107244e-02 2.336746147312665500e-02 2.164860760982527735e-02 2.164860760982527735e-02 2.336746147312665847e-02 2.279064820172843620e-02 2.125510790442138379e-02 2.296715918965854669e-02 2.126069330407897445e-02 3.096370434959803616e-02 2.102180453545634403e-02 2.855758294247992893e-02 2.369336066784806169e-02 2.307209498026587327e-02 2.307209498026586980e-02 2.156088728548049421e-02 2.229834267335960296e-02 2.037156594694652934e-02 2.179601393202298606e-02 2.069290814232028000e-02 2.223379133819280637e-02 2.223379133819280637e-02 1.875498999917634899e-02 2.075988851532948459e-02 2.223477469046153052e-02 2.223477469046153399e-02 1.926963734578199597e-02 1.874455244157470502e-02 2.222986004536854285e-02 2.063883172162283772e-02 2.083553686710901479e-02 2.074877597130308712e-02 1.905714713496910531e-02 1.814602696608035373e-02 2.222986004536854285e-02 2.696590799994559931e-02 2.013142306610849613e-02 2.696590799994560278e-02 2.209538752109148352e-02 1.987693425545825412e-02 2.434095385585605814e-02 2.434095385585606161e-02 2.434095385585606161e-02 2.624561818635465227e-02 2.290935335918318008e-02 2.180680358456115256e-02 2.088018373143040937e-02 2.231660433451652242e-02 1.895315593091567372e-02 2.231660433451652242e-02 2.238696694484884619e-02 2.238696694484884619e-02 2.069034222502317416e-02 2.246729771061752035e-02 2.448551213847041663e-02 2.448551213847041663e-02 2.448551213847041663e-02 2.184375806582594670e-02 2.357666037041235632e-02 2.357666037041235285e-02 2.357666037041235285e-02 2.053295234184741858e-02 2.232316434882668926e-02 2.232316434882668926e-02 1.984837625414402271e-02 1.984072958115560420e-02 1.947814269759654687e-02 2.013148577603910902e-02 3.952470876098691105e-02 3.952470876098691105e-02 3.763736333894682901e-02 2.023619437291195727e-02 1.995792057382445375e-02 2.041647646267224017e-02 2.115846308552067276e-02 2.304675226051087003e-02 2.204493962466115564e-02 2.304675226051087003e-02 2.130565204483635122e-02 2.056103941005300861e-02 2.106808210353758315e-02 2.091758550063936226e-02 1.973666276829560626e-02 2.157081295194643658e-02 1.975344994356752898e-02 2.642874902297445705e-02 2.272726114683163920e-02 2.117888078107638128e-02 2.272726114683163920e-02 2.237532748953450709e-02 2.240767431651508046e-02 2.237532748953451403e-02 2.448916263826584130e-02 2.448916263826583783e-02 2.448916263826584130e-02 1.925674142668416453e-02 1.927950734096964963e-02 2.247335270078489738e-02 2.247335270078489738e-02 2.068939717477900897e-02 2.068939717477900897e-02 1.972232431503522648e-02 2.269694702900432876e-02 2.269694702900432529e-02 2.248644754840777374e-02 2.098174811187529520e-02 2.074795330212986927e-02 3.372809751938059958e-02 3.372809751938059958e-02 2.173819712740587135e-02 2.153441390961400442e-02 2.335856275937416016e-02 2.335856275937416016e-02 2.179194635442155414e-02 2.169896071328437578e-02 1.976691113048296283e-02 2.996288783819231819e-02 2.446480369716277567e-02 2.446480369716277567e-02 2.446480369716277567e-02 2.519188228631566787e-02 3.448537819918309766e-02 2.470266351206834923e-02 2.344893143057912716e-02 2.344893143057912716e-02 3.591904291890302137e-02 3.192588378697194806e-02 3.591904291890300749e-02
1.934144616656163773e-02 1.555055383512086824e-02 1.994814540388667456e-02 2.405938176857526020e-02 2.530169458609514074e-02 1.636497677313956262e-02 0.000000000000000000e+00 1.636497677313955568e-02 1.636497677313955568e-02 1.830693210299697005e-02 2.014707077164985469e-02 2.014707077164985469e-02 1.707860303399754906e-02 1.686402719733076996e-02 2.093850114833073831e-02 1.893187255147759512e-02 1.893187255147759512e-02 2.093850114833073831e-02 2.030109834169265687e-02 1.844840391915202743e-02 2.045854015627087893e-02 1.844062289210146588e-02 2.931112655887700355e-02 1.821620444430216076e-02 2.669515037146435316e-02 2.131594181587426542e-02 2.058745753834421294e-02 2.058745753834421294e-02 1.882221213253075162e-02 1.965387882748786605e-02 1.740202170324705797e-02 1.911205673724996473e-02 1.776041853189124636e-02 1.957346236566020331e-02 1.957346236566020678e-02 1.549754906726356560e-02 1.784080429318129699e-02 1.957491036883194507e-02 1.957491036883194160e-02 1.609486922384970042e-02 1.548370614273715702e-02 1.956646119894526331e-02 1.769040944092673678e-02 1.793316096599823981e-02 1.781598231320687120e-02 1.583656512540529415e-02 1.480158567911067473e-02 1.956646119894526331e-02 2.500416998077268152e-02 1.716018230150122975e-02 2.500416998077267805e-02 1.948956468803229869e-02 1.679783033190758793e-02 2.208437595714617119e-02 2.208437595714617466e-02 2.208437595714617466e-02 2.419611821479843161e-02 2.040023582271319191e-02 1.911612743145068780e-02 1.798469038217670457e-02 1.967264299305300154e-02 1.572672553303283358e-02 1.967264299305299807e-02 1.975759788480614676e-02 1.975759788480614676e-02 1.775978164584630578e-02 1.993414026730381053e-02 2.225142676592735055e-02 2.225142676592734708e-02 2.225142676592734708e-02 1.917093621807377038e-02 2.118498733720042965e-02 2.118498733720042271e-02 2.118498733720042271e-02 1.760124627479280057e-02 1.967974298398702387e-02 1.967974298398702734e-02 1.676928812257878071e-02 1.675940634357097128e-02 1.632072922073359716e-02 1.707830375886685431e-02 3.808042019143129814e-02 3.808042019143130508e-02 3.611859530658414336e-02 1.720268020279532017e-02 1.690609636564854856e-02 1.746492054178977807e-02 1.832932636501879292e-02 2.055633592651219532e-02 1.940505307289088627e-02 2.055633592651220226e-02 1.849938137754654488e-02 1.758860807970704515e-02 1.819728836396071470e-02 1.802373451854324959e-02 1.661473505898142591e-02 1.881721516639863964e-02 1.651512561143663599e-02 2.439788743003714483e-02 2.016865573528008396e-02 1.835205280880070761e-02 2.016865573528008743e-02 1.974322780762786597e-02 1.986254260053928883e-02 1.974322780762786944e-02 2.225563137144171560e-02 2.225563137144171560e-02 2.225563137144171560e-02 1.599522497282484038e-02 1.511566973829212533e-02 1.984366407016189063e-02 1.984366407016189063e-02 1.774976344903012732e-02 1.774976344903012732e-02 1.661171874339961024e-02 2.013540051693435071e-02 2.013540051693435071e-02 1.987504720506555467e-02 1.810810046722145794e-02 1.782911806781975472e-02 3.216051872580256987e-02 3.216051872580256987e-02 1.904002391664153318e-02 1.879436545881663784e-02 2.092778573913404300e-02 2.092778573913404300e-02 1.910704889300262124e-02 1.872492372319630935e-02 1.652957662882743178e-02 2.821275626087935487e-02 2.222752474616087465e-02 2.222752474616087812e-02 2.222752474616087812e-02 2.299390865070697135e-02 3.292304654561774291e-02 2.242611630364927180e-02 2.103632105154492477e-02 2.103632105154492823e-02 3.440924189851098797e-02 3.023688131314134636e-02 3.440924189851098103e-02
2.197612045929674129e-02 1.880038011013287352e-02 2.247892939262080558e-02 2.611451299533303419e-02 2.723895191661739393e-02 1.685100590822249944e-02 1.636497677313955568e-02 0.000000000000000000e+00 1.685100590822250291e-02 2.114192384647548342e-02 2.270947455991241190e-02 2.270947455991240843e-02 2.010528021792364756e-02 1.992322376853107244e-02 2.336746147312665500e-02 2.164860760982527735e-02 2.164860760982527735e-02 2.336746147312665500e-02 2.279064820172843620e-02 2.125510790442138725e-02 2.296715918965854669e-02 2.126069330407897445e-02 3.096370434959803963e-02 2.102180453545634056e-02 2.855758294247992893e-02 2.369336066784805822e-02 2.307209498026587674e-02 2.307209498026587674e-02 2.156088728548049768e-02 2.229834267335960296e-02 2.037156594694653280e-02 2.179601393202298953e-02 2.069290814232027653e-02 2.223379133819280637e-02 2.223379133819280637e-02 1.875498999917634899e-02 2.075988851532948112e-02 2.223477469046153399e-02 2.223477469046153399e-02 1.926963734578199597e-02 1.874455244157470502e-02 2.222986004536854285e-02 2.063883172162283772e-02 2.083553686710901479e-02 2.074877597130309059e-02 1.905714713496910184e-02 1.814602696608035373e-02 2.222986004536854979e-02 2.696590799994559931e-02 2.013142306610849613e-02 2.696590799994560278e-02 2.209538752109148352e-02 1.987693425545825066e-02 2.434095385585606855e-02 2.434095385585606855e-02 2.434095385585606855e-02 2.624561818635465574e-02 2.290935335918317661e-02 2.180680358456115603e-02 2.088018373143040937e-02 2.231660433451652936e-02 1.895315593091567025e-02 2.231660433451652242e-02 2.238696694484884619e-02 2.238696694484884619e-02 2.069034222502317763e-02 2.246729771061751688e-02 2.448551213847041663e-02 2.448551213847042010e-02 2.448551213847041663e-02 2.184375806582594670e-02 2.357666037041235632e-02 2.357666037041235285e-02 2.357666037041235285e-02 2.053295234184741858e-02 2.232316434882668926e-02 2.232316434882669273e-02 1.984837625414402618e-02 1.984072958115560420e-02 1.947814269759654687e-02 2.013148577603910555e-02 3.952470876098691105e-02 3.952470876098691105e-02 3.763736333894682901e-02 2.023619437291195727e-02 1.995792057382445722e-02 2.041647646267224364e-02 2.115846308552067623e-02 2.304675226051087350e-02 2.204493962466115911e-02 2.304675226051087350e-02 2.130565204483635469e-02 2.056103941005300861e-02 2.106808210353758315e-02 2.091758550063936226e-02 1.973666276829560973e-02 2.157081295194643311e-02 1.975344994356753245e-02 2.642874902297446052e-02 2.272726114683163920e-02 2.117888078107638475e-02 2.272726114683164267e-02 2.237532748953451056e-02 2.240767431651508046e-02 2.237532748953451403e-02 2.448916263826584130e-02 2.448916263826584130e-02 2.448916263826584130e-02 1.925674142668416453e-02 1.927950734096964963e-02 2.247335270078489738e-02 2.247335270078489738e-02 2.068939717477901244e-02 2.068939717477900897e-02 1.972232431503522648e-02 2.269694702900433222e-02 2.269694702900433222e-02 2.248644754840777374e-02 2.098174811187529173e-02 2.074795330212986927e-02 3.372809751938060652e-02 3.372809751938059958e-02 2.173819712740587481e-02 2.153441390961400442e-02 2.335856275937416016e-02 2.335856275937416016e-02 2.179194635442155414e-02 2.169896071328437925e-02 1.976691113048295589e-02 2.996288783819232512e-02 2.446480369716277567e-02 2.446480369716277914e-02 2.446480369716277567e-02 2.519188228631566787e-02 3.448537819918310460e-02 2.470266351206834923e-02 2.344893143057912716e-02 2.344893143057912716e-02 3.591904291890302137e-02 3.192588378697196194e-02 3.591904291890300749e-02
2.197612045929673782e-02 1.880038011013287352e-02 2.247892939262080558e-02 2.611451299533303419e-02 2.723895191661740087e-02 1.685100590822249944e-02 1.636497677313955568e-02 1.685100590822250291e-02 0.000000000000000000e+00 2.114192384647548342e-02 2.270947455991241537e-02 2.270947455991241537e-02 2.010528021792365103e-02 1.992322376853107244e-02 2.336746147312665500e-02 2.164860760982527735e-02 2.164860760982527735e-02 2.336746147312665500e-02 2.279064820172843966e-02 2.125510790442138725e-02 2.296715918965854669e-02 2.126069330407897445e-02 3.096370434959803963e-02 2.102180453545634056e-02 2.855758294247992893e-02 2.369336066784806169e-02 2.307209498026587327e-02 2.307209498026587327e-02 2.156088728548049768e-02 2.229834267335960643e-02 2.037156594694652934e-02 2.179601393202298953e-02 2.069290814232027653e-02 2.223379133819281331e-02 2.223379133819280637e-02 1.875498999917634899e-02 2.075988851532948112e-02 2.223477469046153399e-02 2.223477469046153399e-02 1.926963734578199597e-02 1.874455244157470502e-02 2.222986004536854285e-02 2.063883172162283425e-02 2.083553686710901826e-02 2.074877597130308712e-02 1.905714713496910531e-02 1.814602696608035373e-02 2.222986004536854979e-02 2.696590799994559931e-02 2.013142306610849613e-02 2.696590799994560278e-02 2.209538752109149046e-02 1.987693425545825412e-02 2.434095385585606855e-02 2.434095385585606855e-02 2.434095385585607549e-02 2.624561818635465574e-02 2.290935335918318008e-02 2.180680358456115603e-02 2.088018373143041284e-02 2.231660433451652936e-02 1.895315593091567719e-02 2.231660433451652589e-02 2.238696694484884966e-02 2.238696694484884966e-02 2.069034222502317763e-02 2.246729771061751688e-02 2.448551213847042010e-02 2.448551213847042010e-02 2.448551213847041663e-02 2.184375806582594670e-02 2.357666037041235285e-02 2.357666037041234938e-02 2.357666037041234938e-02 2.053295234184741858e-02 2.232316434882668926e-02 2.232316434882669273e-02 1.984837625414402618e-02 1.984072958115560420e-02 1.947814269759654340e-02 2.013148577603910208e-02 3.952470876098691105e-02 3.952470876098691105e-02 3.763736333894682901e-02 2.023619437291195727e-02 1.995792057382446069e-02 2.041647646267224364e-02 2.115846308552067623e-02 2.304675226051087350e-02 2.204493962466116258e-02 2.304675226051087350e-02 2.130565204483635469e-02 2.056103941005300861e-02 2.106808210353757968e-02 2.091758550063936226e-02 1.973666276829560973e-02 2.157081295194643658e-02 1.975344994356753245e-02 2.642874902297446052e-02 2.272726114683163920e-02 2.117888078107638475e-02 2.272726114683164267e-02 2.237532748953451056e-02 2.240767431651508046e-02 2.237532748953451403e-02 2.448916263826584130e-02 2.448916263826584130e-02 2.448916263826584130e-02 1.925674142668416453e-02 1.927950734096964963e-02 2.247335270078489738e-02 2.247335270078489391e-02 2.068939717477900897e-02 2.068939717477900897e-02 1.972232431503522648e-02 2.269694702900432529e-02 2.269694702900432876e-02 2.248644754840777374e-02 2.098174811187529520e-02 2.074795330212987274e-02 3.372809751938059958e-02 3.372809751938059958e-02 2.173819712740587135e-02 2.153441390961400442e-02 2.335856275937416709e-02 2.335856275937416363e-02 2.179194635442155414e-02 2.169896071328437925e-02 1.976691113048295589e-02 2.996288783819232512e-02 2.446480369716277567e-02 2.446480369716277567e-02 2.446480369716278261e-02 2.519188228631566093e-02 3.448537819918310460e-02 2.470266351206834923e-02 2.344893143057912716e-02 2.344893143057912716e-02 3.591904291890302137e-02 3.192588378697196194e-02 3.591904291890301443e-02
1.816689211961545342e-02 1.383369793344235189e-02 1.885089667585844106e-02 2.325322516332471723e-02 2.454381200695550380e-02 2.114192384647548342e-02 1.830693210299697005e-02 2.114192384647548342e-02 2.114192384647548342e-02 0.000000000000000000e+00 1.516109035697296367e-02 1.516109035697296020e-02 1.394441634279322204e-02 1.273660317427427816e-02 1.987233043508801478e-02 1.766156900778513561e-02 1.766156900778514255e-02 1.987233043508801825e-02 1.923475020404808236e-02 1.710773575975901503e-02 1.934183782469410876e-02 1.712423376580968215e-02 2.869265498708328116e-02 1.692103314820541868e-02 2.599513473986995657e-02 2.030535379454240577e-02 1.947923113510525994e-02 1.947923113510525647e-02 1.753362271669687070e-02 1.801386273548023081e-02 1.562261597617399869e-02 1.755509957639460675e-02 1.624906933211203025e-02 1.828443429591064887e-02 1.828443429591064193e-02 1.362076914775739098e-02 1.630531252017072483e-02 1.825120021543002666e-02 1.825120021543002319e-02 1.422520907219069000e-02 1.377119897007107047e-02 1.828702401324204876e-02 1.618916954194781974e-02 1.647151263547575600e-02 1.635177247609076109e-02 1.414062671959871904e-02 1.303686864995000361e-02 1.828702401324204876e-02 2.423141922553885552e-02 1.572910011929504540e-02 2.423141922553885205e-02 1.833477030100597385e-02 1.520050086476760001e-02 2.115244781098131466e-02 2.115244781098131119e-02 2.115244781098131466e-02 2.336631580130587096e-02 1.928057234104317216e-02 1.787522025485569280e-02 1.653059599544151950e-02 1.840975153865610781e-02 1.405290457893506803e-02 1.840975153865609740e-02 1.845613655886808521e-02 1.845613655886808174e-02 1.623562343571498257e-02 1.883462560086741899e-02 2.133516507685603858e-02 2.133516507685603858e-02 2.133516507685603511e-02 1.794216322447657330e-02 2.016124360165162666e-02 2.016124360165162666e-02 2.016124360165162666e-02 1.621143808771924669e-02 1.841195765208320650e-02 1.841195765208320650e-02 1.517586902854829375e-02 1.516626281933112011e-02 1.465538761546587507e-02 1.547585717915709452e-02 3.756593759313309189e-02 3.756593759313309189e-02 3.557114389619702582e-02 1.561535023360165718e-02 1.533610258815261765e-02 1.600258414929534370e-02 1.694743736269866893e-02 1.943904177299148744e-02 1.819593494457018290e-02 1.943904177299149091e-02 1.713220342544545527e-02 1.606209256172413946e-02 1.680523755271491268e-02 1.655682825250636564e-02 1.501441703036573462e-02 1.757262270315912422e-02 1.511070913299851319e-02 2.359220801384067159e-02 1.897306906049252284e-02 1.692338711589772351e-02 1.897306906049252631e-02 1.849294646519603069e-02 1.875397831778869567e-02 1.849294646519602722e-02 2.133979397436102862e-02 2.133979397436102515e-02 2.133979397436102515e-02 1.446886993428887075e-02 1.506521888350153410e-02 1.864082230705620818e-02 1.864082230705620125e-02 1.624903219920408037e-02 1.624903219920408037e-02 1.498626080950312030e-02 1.895458700087563481e-02 1.895458700087563481e-02 1.863445913856038444e-02 1.666963861786872891e-02 1.635428893515800119e-02 3.159310521190745319e-02 3.159310521190745319e-02 1.772454781260352288e-02 1.726066491477828979e-02 1.979277342997312963e-02 1.979277342997312963e-02 1.785767411326508181e-02 1.766845789346770459e-02 1.512705044149934182e-02 2.748301459094680543e-02 2.130912504842593855e-02 2.130912504842593855e-02 2.130912504842593855e-02 2.205835549874149773e-02 3.233390436749920133e-02 2.136638946261922023e-02 1.998240417234588631e-02 1.998240417234588978e-02 3.386881356410371274e-02 2.961975540802136084e-02 3.386881356410370580e-02
2.003300640595785317e-02 1.633459214395096420e-02 2.063004054944283031e-02 2.470546086225037380e-02 2.589497026660298601e-02 2.270947455991241537e-02 2.014707077164985469e-02 2.270947455991241190e-02 2.270947455991241537e-02 1.516109035697296367e-02 0.000000000000000000e+00 1.589743112285289806e-02 1.737585190219226999e-02 1.484201724008203487e-02 2.155062848947467830e-02 1.958797317521223172e-02 1.958797317521223172e-02 2.155062848947468176e-02 2.097421070048975308e-02 1.911744714198594999e-02 2.107885206885960414e-02 1.913149709703088411e-02 2.985891265249800142e-02 1.894133621347293683e-02 2.733956831515945568e-02 2.194418749208744412e-02 2.120081271102734408e-02 2.120081271102734061e-02 1.948070649014280523e-02 2.015828755080245269e-02 1.802945536262815646e-02 1.971427281596598025e-02 1.840019556792518371e-02 2.015958215927682665e-02 2.015958215927682665e-02 1.612453595081559179e-02 1.843860563817546760e-02 2.011972159537326471e-02 2.011972159537326471e-02 1.663161083227482004e-02 1.628422233256275609e-02 2.016380949083962371e-02 1.835934857074506682e-02 1.859102087842356629e-02 1.849270754354806826e-02 1.661304183496962669e-02 1.564334751047192357e-02 2.016380949083962371e-02 2.559376788132338570e-02 1.790768391152516500e-02 2.559376788132338224e-02 2.017161366469000586e-02 1.751419245546802228e-02 2.271922985784727289e-02 2.271922985784727289e-02 2.271922985784727289e-02 2.477176193318842909e-02 2.102323234283547809e-02 1.977578345309784907e-02 1.864170874935288519e-02 2.026858503211957305e-02 1.651908840502515699e-02 2.026858503211957305e-02 2.029361569637364721e-02 2.029361569637365414e-02 1.838221920071901952e-02 2.061540092922391210e-02 2.288909133401274831e-02 2.288909133401274831e-02 2.288909133401274831e-02 1.983155915346744222e-02 2.181116816485509022e-02 2.181116816485509022e-02 2.181116816485509022e-02 1.833281723554651757e-02 2.027179417598114208e-02 2.027179417598114555e-02 1.748783707164135864e-02 1.747991932141668842e-02 1.706148309321223883e-02 1.776973565540344510e-02 3.864923801117275959e-02 3.864923801117276653e-02 3.671193497467976907e-02 1.788781674396067167e-02 1.761982259376826399e-02 1.816503868544726286e-02 1.898535876072068515e-02 2.116430647844308455e-02 2.005268096105375722e-02 2.116430647844308455e-02 1.914728164675878058e-02 1.826054676416182312e-02 1.887114062314860022e-02 1.867655173391093854e-02 1.736074671238933484e-02 1.951339416413130912e-02 1.743935715281900306e-02 2.498509919660632864e-02 2.076203391640976323e-02 1.899225084809178649e-02 2.076203391640976323e-02 2.034021204015304049e-02 2.054317172770787556e-02 2.034021204015304396e-02 2.289335586912104314e-02 2.289335586912104314e-02 2.289335586912104661e-02 1.688100355608372974e-02 1.740085160028281841e-02 2.046756844819870580e-02 2.046756844819869886e-02 1.841193851949441546e-02 1.841193851949441893e-02 1.733718176948416054e-02 2.073859749899160249e-02 2.073859749899160249e-02 2.046421421555306985e-02 1.875854067480201004e-02 1.849150079702282026e-02 3.274174229863964503e-02 3.274174229863964503e-02 1.968033400392015311e-02 1.939148178976407913e-02 2.152222331790152807e-02 2.152222331790152807e-02 1.976313687679165376e-02 1.964186215858230306e-02 1.745387695425888730e-02 2.879070857195028046e-02 2.286474719154440657e-02 2.286474719154440657e-02 2.286474719154441004e-02 2.355350182462896680e-02 3.349757951169460984e-02 2.295953186319329986e-02 2.165138930535767670e-02 2.165138930535767670e-02 3.498565726813378934e-02 3.085824727148556157e-02 3.498565726813376853e-02
