0.000000000000000000e+00 9.838945962249632388e-03 9.975993264589854206e-03 9.488563239450058945e-03 9.992561028838949089e-03 1.019030182308173701e-02 1.012332753158468220e-02 1.013199741673290882e-02 1.012323097086254876e-02 1.019151137530773139e-02 1.012119896670396826e-02 1.011454909729403440e-02 1.002599617725134437e-02 1.005945803217884668e-02 1.021558653528272485e-02 1.035563404897041004e-02 1.033353475103375961e-02 1.027776879527156871e-02 1.022071494296649709e-02 1.034394845770379885e-02 1.013923928894452063e-02 1.008691243677597819e-02 1.004520565883970824e-02 1.025942457054150776e-02 1.017308437002870450e-02 1.018382278059934247e-02 9.477766867008293600e-03 1.006256458589605170e-02 1.010253070300944772e-02 1.013885187837141807e-02 1.009982484752027995e-02 1.002428731480859737e-02 9.521887332745457636e-03 1.021898504010509273e-02 1.016498538469617387e-02 1.021539967276173869e-02 1.019475691580398052e-02 1.012610712575456352e-02 1.013655236070240724e-02 1.023110860151994414e-02 1.010517992386640931e-02 1.012748180759536279e-02 1.015217825257880985e-02 1.006333018844440819e-02 1.015144101654823217e-02 1.020037050914486369e-02 1.027817016630638326e-02 1.023770622840876679e-02 1.022242413583550162e-02 1.012151959348047726e-02 1.026339178176776355e-02 1.021541020829293961e-02 1.024656952245101005e-02 1.017258341665437139e-02 1.020308650540849640e-02 1.017669329888670066e-02 1.018354814382440958e-02 1.024489921892869637e-02 1.017002153998041759e-02 1.016224853584396688e-02 1.025903292836949712e-02 1.024034072055591930e-02 1.020341057236432564e-02 1.003929870436382626e-02 1.008762637120851936e-02 1.014757309329993896e-02 1.033017206764967263e-02 1.022760463562908881e-02 1.020379371428255071e-02 1.018273351447663774e-02 1.040639597919385678e-02 1.027460868121353108e-02 1.016662613185465719e-02 1.030414746952722400e-02 1.035106948216079834e-02 1.024740988794822782e-02 1.017813011850834774e-02 1.040537334070784810e-02 1.028789547899823520e-02 1.016691927739734463e-02 1.028840151066924731e-02 1.014391956232483030e-02 1.034252161077870227e-02 1.029681966626068423e-02 1.016169085121050759e-02 1.035236135505959894e-02 1.010603572961287812e-02 1.016953263052697287e-02 1.019434024826205466e-02 1.025711585810584747e-02 1.009499385747690027e-02 1.028006944824447558e-02 1.020614684235210921e-02 1.008556697239524486e-02 1.028335334499465986e-02 1.024278422973278271e-02 1.021663952556172393e-02 1.016735726700961594e-02 1.024079764185412307e-02 1.001620263562547075e-02 1.012455943147908509e-02 1.007842311581801618e-02 1.014117640381573954e-02 1.008392661458547800e-02 9.987302163792798754e-03 9.672996513668303750e-03 1.009118059014874405e-02 1.009497633794892088e-02 9.461493085707040063e-03 1.020988202089804023e-02 9.995644518975874138e-03 1.015499583760669060e-02 1.011983011291849033e-02 1.017721824776267846e-02 1.023879828489571327e-02 1.023634503845944135e-02 1.009313091544005760e-02 1.014973244401098408e-02 1.004277558591753008e-02 1.011984924579197205e-02 1.002038477731224779e-02 9.376906704788861777e-03 9.819166658058349831e-03 9.253296667282511628e-03 9.246127908908607917e-03 9.313219967572733057e-03 9.148618490938498909e-03 9.157388009327365949e-03
9.838945962249632388e-03 0.000000000000000000e+00 9.211633560834701917e-03 9.254875501885933067e-03 9.184441906944588660e-03 9.981573718492387642e-03 9.868347812466515476e-03 9.951402304046489192e-03 9.987896737294027494e-03 1.013350692576090242e-02 1.006142075006352145e-02 9.937328242654546243e-03 9.950793759662800858e-03 1.006149509245634135e-02 1.006418515909476320e-02 1.014624240466290017e-02 1.019110469739534751e-02 1.006679878594499492e-02 1.013517346460676184e-02 1.016539623301512645e-02 1.010050381959988822e-02 9.994325268736139328e-03 9.928611515029273082e-03 1.013730240251071134e-02 1.011475640552786728e-02 1.015053917344903300e-02 1.008000519585984869e-02 9.997932592837717458e-03 1.007138908915680697e-02 1.009424020180058924e-02 1.007258362328261256e-02 1.007222166748072793e-02 1.011028915757785848e-02 1.018141474430097823e-02 1.004914744323420935e-02 1.018443187980636391e-02 1.013639100319559117e-02 1.003759801862463136e-02 1.009565728842657523e-02 1.012835431610739981e-02 9.929025801871417534e-03 9.955713861985892102e-03 1.001700164588612517e-02 9.978845860321355898e-03 9.974386058643588265e-03 9.999430502781073843e-03 1.008884888114587250e-02 9.991079297764243750e-03 1.005110417939446103e-02 9.946798067841650451e-03 9.407317216251357209e-03 1.008214445121066727e-02 9.999859215691806261e-03 9.994906929496892231e-03 1.003885569224067381e-02 9.989118468365613610e-03 9.926723471966610035e-03 1.007360980276871334e-02 9.970634595498531483e-03 1.004067587258985865e-02 1.004621085716701084e-02 1.011289440082115999e-02 1.004339208429784296e-02 1.000399689154924006e-02 1.001585244394001366e-02 9.980453201167249766e-03 1.019466127634211482e-02 1.010155118490815851e-02 9.994395446881803799e-03 1.011936473047907181e-02 1.028780895254072236e-02 1.014632620077710913e-02 1.008721429362770608e-02 1.008192818783786894e-02 1.020241693140679431e-02 1.002538967624196781e-02 9.979560439388249909e-03 1.022657917902388552e-02 1.017337749003677239e-02 9.990822676194877766e-03 1.013233119303352456e-02 9.979502079247984381e-03 1.013104717380307676e-02 1.010795367466441226e-02 1.005498502820045652e-02 1.019628621131598092e-02 9.975538776389078835e-03 1.002246908372000055e-02 1.003827431393399666e-02 1.011550701600422326e-02 9.943381560915835748e-03 1.012417042913694477e-02 1.008417736615024526e-02 9.982410497682676909e-03 1.013623004318255950e-02 1.010731184607414380e-02 1.008060191919672374e-02 1.005966592481221875e-02 1.019250327731540014e-02 9.916729203639040521e-03 1.016698310383942067e-02 1.003423357894097680e-02 9.952632833127679143e-03 9.924402206841140273e-03 9.955814740841208155e-03 1.032323771805350975e-02 9.986541980721030248e-03 9.962803870443952270e-03 9.360648436104778217e-03 9.353243438675247837e-03 1.003567379569141396e-02 9.981458799624649825e-03 9.959253440303345375e-03 9.976479866683317030e-03 1.007065325972781970e-02 1.013417780358909052e-02 1.003997277744064602e-02 1.011129058390881040e-02 1.009776770883202314e-02 1.018224318311859722e-02 9.926684238041503031e-03 1.002976871354559034e-02 1.006307548186220584e-02 9.924026065526753149e-03 1.009110630116632698e-02 9.234626069107309404e-03 9.317458476563207984e-03 9.823801353461756453e-03
9.975993264589854206e-03 9.211633560834701917e-03 0.000000000000000000e+00 9.414119493086701984e-03 9.971835960828085571e-03 1.016535637753376332e-02 1.000638208079201660e-02 1.007966219179596244e-02 1.017423880594195938e-02 1.024128007143540464e-02 1.016783401828037954e-02 1.006603749193242178e-02 1.004538966633032430e-02 1.009947650658558384e-02 1.009741054069984365e-02 1.027280383874719025e-02 1.020125802914036151e-02 1.015826659824466474e-02 1.017129935524671396e-02 1.029896470397486698e-02 1.016921786337556498e-02 1.009151779052872185e-02 1.008033486317917206e-02 1.016870426278713123e-02 1.015384388518017489e-02 1.025684741175229842e-02 1.017487088159993794e-02 1.013944661312948456e-02 1.015230729397662707e-02 1.019661392643702626e-02 1.019093074182685424e-02 1.023393628068104862e-02 1.024242687593879091e-02 1.027633527316693107e-02 1.021927867657438857e-02 1.028508383906405130e-02 1.017653418541060971e-02 1.016169260226307963e-02 1.019317593922645926e-02 1.023485042642084848e-02 1.005774822642945335e-02 1.001909615538786220e-02 1.010627014797506676e-02 1.010927157396184287e-02 1.014579976907004945e-02 9.991555715185868047e-03 1.017411040633211042e-02 1.009187630462166432e-02 1.017144060589749571e-02 1.012774791357615341e-02 1.013140138983519359e-02 1.011534477592566754e-02 1.008411260853319530e-02 1.016580515705824486e-02 1.012132160503673856e-02 9.974432726412799793e-03 9.985694353226179029e-03 1.010411257992206192e-02 9.393487585739006621e-03 1.000576189818424416e-02 9.474368749230644912e-03 1.006179463453898797e-02 1.005612514791060300e-02 1.004330422845928390e-02 1.002042816497579480e-02 1.001364249086086726e-02 1.025158181099724772e-02 1.018334561218552786e-02 1.015297158378770763e-02 1.013609493813282837e-02 1.029246039446768228e-02 1.023680020052122018e-02 1.013513520540955393e-02 1.021894386900745744e-02 1.016565721414499669e-02 1.004543586543180100e-02 1.009736893871728339e-02 1.029503882607414426e-02 9.557638042960933666e-03 1.006187101176891051e-02 1.023065576353395824e-02 1.009600659633712837e-02 1.028132225294530952e-02 1.022217646363565019e-02 1.015724304993758167e-02 1.028279420955213221e-02 1.007567847585966875e-02 1.006669750002121486e-02 1.008066835876764850e-02 1.015894926306053561e-02 9.415121135163810953e-03 1.008413676361239776e-02 1.016680533476995579e-02 1.008742168771212776e-02 1.016143299921309570e-02 1.017472674172699779e-02 1.018499170361384688e-02 9.481243041995953899e-03 1.021126548422601754e-02 9.960461842840325625e-03 1.014134037154145254e-02 1.011509061633573091e-02 9.415985877059347003e-03 1.010920123938670312e-02 1.000266490887854326e-02 1.036613850788136934e-02 1.004280023990240280e-02 1.015007107007690444e-02 1.004105217220506614e-02 1.009209553632431193e-02 1.019127570686043267e-02 1.013271057352143484e-02 1.002265000623346267e-02 1.014848516032707502e-02 1.022435974691753534e-02 1.017562326077729902e-02 1.007283000648648286e-02 1.020319323734513069e-02 1.015457788904630676e-02 1.017986226370653884e-02 9.426122294655557218e-03 1.006621804207123543e-02 1.016153000119980263e-02 1.002922522952471793e-02 1.010931993843906113e-02 9.195681023357717490e-03 9.985210730123207992e-03 9.296111601437036590e-03
9.488563239450058945e-03 9.254875501885933067e-03 9.414119493086701984e-03 0.000000000000000000e+00 9.321682584448149136e-03 1.004352074544709143e-02 1.008293711902777390e-02 9.374701023062254404e-03 9.977575848082445228e-03 1.015774712499192302e-02 1.009177866393236832e-02 1.003719503289197262e-02 9.343103647649035268e-03 1.016121795030025012e-02 1.005640722565465973e-02 1.031359665473208405e-02 1.025780640802778469e-02 1.026722128621082239e-02 1.025885954128726886e-02 1.019283175543037046e-02 1.025192536643010875e-02 1.014623662436781905e-02 1.009302981464211754e-02 1.025188403856816532e-02 1.022415152751423272e-02 1.014069882286702633e-02 1.016313137643952078e-02 1.006906126782133350e-02 9.521661598438970961e-03 1.007245240389425915e-02 1.014081663421124296e-02 1.014845863715836682e-02 1.015881696516544690e-02 1.021847949467725655e-02 1.013906403026977772e-02 1.016073956247061545e-02 1.016200820177639089e-02 1.003623896100782134e-02 9.536180277231421851e-03 1.011125540252380203e-02 9.346422296152699649e-03 9.975551730573569559e-03 9.440302570950699287e-03 1.006805277683173704e-02 1.005564000855956909e-02 1.017730457691018789e-02 1.020843102282337732e-02 1.020154729709303598e-02 1.018431073185152233e-02 1.011310029838010695e-02 1.017641127335752217e-02 1.016158985988002000e-02 1.012622389213406297e-02 1.019699101032484068e-02 1.016376057012400615e-02 1.007856171566128695e-02 1.007598580094502816e-02 1.021079131131370256e-02 1.008380422767074167e-02 1.011939794597186380e-02 1.016284624182693316e-02 1.010535684768797300e-02 9.529341734891422222e-03 1.006320644389837281e-02 1.014537586556882656e-02 1.007982280075183507e-02 1.023280355554861965e-02 1.009471774068556975e-02 1.013056273897897444e-02 1.022622623750695306e-02 1.031443925168596884e-02 1.022849094678662286e-02 1.014323589544099957e-02 1.026210420048160286e-02 1.019692680424747443e-02 1.021965189273899358e-02 1.013589808191607024e-02 1.032367703206960551e-02 1.026830371613932959e-02 1.008856768735241424e-02 1.020719342771823739e-02 1.013262644150958285e-02 1.029878276001768532e-02 1.029060923409322835e-02 1.020317418467313851e-02 1.035755308157316340e-02 1.011767430380962514e-02 1.010850208830632591e-02 1.018588873574415195e-02 1.024585677348390650e-02 1.010486235992733364e-02 1.021753115490143041e-02 1.016826338684178807e-02 1.017298580878948575e-02 1.028220812830477927e-02 1.023436352247064987e-02 1.014885390073198140e-02 1.017268449893635011e-02 1.032296148277226343e-02 1.012590777409308647e-02 1.018036416111499712e-02 1.022283924706652962e-02 1.012411725365425404e-02 1.008542186306602556e-02 1.015821650707051695e-02 1.038548988309871690e-02 1.013740311798218274e-02 1.017072933615259696e-02 1.010194566922530818e-02 1.013206886238145199e-02 1.022189173911434643e-02 1.024822143824244934e-02 1.012763393252853923e-02 1.013339881358204034e-02 1.020606491122246808e-02 1.022142257760088983e-02 1.011712038433220003e-02 9.586167434897954059e-03 1.017339351936432865e-02 1.027539198686825035e-02 1.016731858099385703e-02 1.010106639533987077e-02 1.025416917230401875e-02 9.945716162002220945e-03 1.012817959476765804e-02 9.911137164216508866e-03 1.003281983556853288e-02 9.983739527930420021e-03
9.992561028838949089e-03 9.184441906944588660e-03 9.971835960828085571e-03 9.321682584448149136e-03 0.000000000000000000e+00 9.222531998261963501e-03 9.834245512363854608e-03 9.814290655889254186e-03 9.218400788279313210e-03 9.931229334976029305e-03 9.899454790147787717e-03 9.849484187027761697e-03 9.873267357906076111e-03 9.998486135693202340e-03 1.005456018512535660e-02 1.021009813824406108e-02 1.021507936133058021e-02 1.014633068903667869e-02 1.013754742357694284e-02 1.021167375384232461e-02 1.018092728917368260e-02 1.000676372782318552e-02 9.913611031467409532e-03 1.014345063352175592e-02 1.011878207648173045e-02 1.011991677609491887e-02 1.002724466301784315e-02 9.996130507116630579e-03 1.007895486815416422e-02 1.003695562206156217e-02 1.008760763526248688e-02 1.013101603252065420e-02 1.013537372300986859e-02 1.017520726386506903e-02 1.009837734511368108e-02 1.018832220533261688e-02 1.011939628563247179e-02 1.004464967279300111e-02 1.002609559324113553e-02 1.013587579942212304e-02 9.933394931861350141e-03 9.963220735639644748e-03 1.008131180685100346e-02 1.001398517740938188e-02 1.004990179549345754e-02 1.002706691552668512e-02 1.018893681922584254e-02 1.006673080308993599e-02 1.007125882164263547e-02 1.001831993226906352e-02 9.982911750404678194e-03 1.008943825293912716e-02 1.006204162686052082e-02 9.924075270088787357e-03 1.004047670387124384e-02 1.000598549442528219e-02 9.961552322054053818e-03 1.003304415279285267e-02 1.010174804370320145e-02 1.005438332264110834e-02 1.010899533940673618e-02 1.010574382742750014e-02 1.005297051224916284e-02 9.985647075684049578e-03 9.906852630901564344e-03 9.925832702262929116e-03 1.012209917123126773e-02 1.007171541678944689e-02 9.328489287875369948e-03 1.008736190154669796e-02 1.022226591952268837e-02 1.008023212531405921e-02 1.009959341082500468e-02 1.006955776503249030e-02 1.018515449446905433e-02 1.008734858298532787e-02 9.957427034171099575e-03 1.027852257340500924e-02 1.020573263806212952e-02 9.907954640901413604e-03 1.005103698039673359e-02 9.327493605211428784e-03 1.011845346544985522e-02 1.017257268565577126e-02 9.955932241185891374e-03 1.014992012499035812e-02 1.003865556636876662e-02 1.002253949646592784e-02 9.971832976826395731e-03 1.011070129201667618e-02 1.001835799250656509e-02 1.014621077324249707e-02 1.008659112077111078e-02 1.005358756480613167e-02 1.013957845434307684e-02 1.010427511882792083e-02 1.005936577980027190e-02 1.013155280236780094e-02 1.019662490880870673e-02 9.914078969973949898e-03 1.016372762001918791e-02 1.008781327366323720e-02 1.002651206082063803e-02 9.922653553219737410e-03 1.001182602227770196e-02 1.023833208484641391e-02 9.972822310955484562e-03 1.000395980779105257e-02 1.004379639195332116e-02 1.000003383752379356e-02 1.011328170016679781e-02 1.012574624053458675e-02 9.916242576522356356e-03 9.402984592878201042e-03 1.005275613088302440e-02 1.013920956982454664e-02 9.977660193222341947e-03 1.006002630800561029e-02 1.001244749601492429e-02 1.017990070402905595e-02 1.007004692030923597e-02 1.011706588371440174e-02 1.019570985150842005e-02 9.285775982457970465e-03 1.018688015179123815e-02 9.984541264841689800e-03 9.994608177158161716e-03 9.927386009178959525e-03
1.019030182308173701e-02 9.981573718492387642e-03 1.016535637753376332e-02 1.004352074544709143e-02 9.222531998261963501e-03 0.000000000000000000e+00 9.157207260377511759e-03 9.249252922023614917e-03 9.025631942319948739e-03 9.196446518537921416e-03 9.196159388174338783e-03 9.930983937524629976e-03 9.921744832873322095e-03 9.972345285159622125e-03 1.005395072405828281e-02 1.025611553590673533e-02 1.024788110460136611e-02 1.015256391171804121e-02 1.019872065165860521e-02 1.013584120738252568e-02 1.016296690117519594e-02 1.005358914001724772e-02 9.966280708833106031e-03 1.017778174970317313e-02 1.005494335822457348e-02 9.951235019765729967e-03 1.000019150505174897e-02 9.965930183398141740e-03 1.009821092668644789e-02 9.419894578719053418e-03 1.014572100504196502e-02 1.019171062970141567e-02 1.019772390353620474e-02 1.016446729210728275e-02 1.016519074976439570e-02 1.023963384890743192e-02 1.013001164849449721e-02 1.010839078558622983e-02 1.013818322825120119e-02 1.018678559411516187e-02 1.005063189758557789e-02 1.002132338056653874e-02 1.006684308861581674e-02 1.005307489346151696e-02 1.013966725392026480e-02 1.004336572134063507e-02 1.024880722167176468e-02 1.014148366114627810e-02 1.013827728544709761e-02 1.009883809658372426e-02 1.018618128458594237e-02 1.016118544908458168e-02 1.005786388280792247e-02 1.012030654891071975e-02 1.010075213489389397e-02 1.006869283067707288e-02 9.911782816120541864e-03 1.014805396183965022e-02 1.016924490743792951e-02 1.010090466281216882e-02 1.010765422248034902e-02 1.015809910528328586e-02 1.017439497070637966e-02 1.008030855586283109e-02 1.010101182754518864e-02 9.994956746824776653e-03 1.019878368538149754e-02 1.015361771518933157e-02 1.005966271445424276e-02 1.017696300545622295e-02 1.034239120265263712e-02 1.019422954670568850e-02 1.010366300798959220e-02 1.020674975183941818e-02 1.026002531662592934e-02 1.014272681668531087e-02 1.003972040799512577e-02 1.034145407466157546e-02 1.026978335775501419e-02 9.992594877650185642e-03 1.018907349234602668e-02 1.003871069458517687e-02 1.024534618432952106e-02 1.009644611328296138e-02 1.004067338740841260e-02 1.032234564138684654e-02 1.010068763926388023e-02 1.006608145406476772e-02 9.375003422877838458e-03 1.010832068846091551e-02 1.006902172549407719e-02 1.012733966110638921e-02 1.012850634639988860e-02 1.005247790475651166e-02 1.004667624740004754e-02 1.012924579028027898e-02 1.003680901650155083e-02 1.019568239759952380e-02 1.018038269370398659e-02 9.320690934698208988e-03 1.015559248160691382e-02 1.009166466837763294e-02 1.001487119252193227e-02 1.007022899679450856e-02 1.006740686612137350e-02 1.038610237010502077e-02 9.910583818405843681e-03 1.002481587345845776e-02 1.018843297009568681e-02 1.003396816762409938e-02 1.018655483998773086e-02 1.017841689773582060e-02 1.005961430861523551e-02 1.015888822271819418e-02 1.022248201986597493e-02 1.024693252843836971e-02 1.010701138968066529e-02 1.024841750224293226e-02 1.022361100931483933e-02 1.027268251178427641e-02 1.023309204185516436e-02 1.020671883429692499e-02 1.026704524209465404e-02 9.947625605459099393e-03 1.020814403998509569e-02 1.008863962228259345e-02 1.013567505527329660e-02 1.006776969479633056e-02
1.012332753158468220e-02 9.868347812466515476e-03 1.000638208079201660e-02 1.008293711902777390e-02 9.834245512363854608e-03 9.157207260377511759e-03 0.000000000000000000e+00 9.863553579485980632e-03 9.807899753891114597e-03 9.215860773251920157e-03 9.862265176404618611e-03 9.862195742219886929e-03 9.956869000802491890e-03 9.934857820108531495e-03 9.943564280108318706e-03 1.014709880626386493e-02 1.014712122257634130e-02 1.000783940867540182e-02 1.009272158842188828e-02 1.010553542001461046e-02 1.004630284362589311e-02 9.922439888950924936e-03 9.770159774224724744e-03 1.006228929079395172e-02 9.941465876992770095e-03 9.292011481873066817e-03 9.968509559749266433e-03 9.830948809039440420e-03 9.999878843948699358e-03 9.876116635412974729e-03 1.002509001227166671e-02 1.009237725492383685e-02 1.008679742191029467e-02 1.012271784839257130e-02 1.005935929025775048e-02 1.014423708723701141e-02 1.008423690921340758e-02 9.986313574758870840e-03 1.012221443654841464e-02 1.009882583581633853e-02 9.942336986057075804e-03 9.895137591466847751e-03 1.002585784293425798e-02 9.937077084545671568e-03 9.996825950392066243e-03 9.268869875208049156e-03 1.005836716484669047e-02 9.951278057988425726e-03 9.997029184031721444e-03 9.958513256166196329e-03 1.005042631141478751e-02 1.003652855907873412e-02 9.856431970386738545e-03 1.000154095529421153e-02 9.952158512723133926e-03 9.860955704013312298e-03 9.771715476493076161e-03 9.944280668359140388e-03 1.003624146612036409e-02 9.900390105318426087e-03 9.342534349564838442e-03 9.988659270298690107e-03 1.005845113990932148e-02 9.950035723817932110e-03 9.968116083634306901e-03 9.860393158632539679e-03 1.007581298415368733e-02 1.004529141299788202e-02 9.988827861136863676e-03 1.005921680723061498e-02 1.023479323345788915e-02 1.006971712068778849e-02 9.958334985721031818e-03 1.006244815299794232e-02 1.008961633301089580e-02 9.970059408355116948e-03 9.890132589877613165e-03 1.017050972577427694e-02 1.021431143385882236e-02 9.930604123972097338e-03 1.007672719455513823e-02 9.992800606775941591e-03 1.014239136825785884e-02 1.002201497676569013e-02 9.990804010982920133e-03 1.018783173262074841e-02 9.996176885265668777e-03 9.956445878142193909e-03 9.910529919519359479e-03 1.006617909282944701e-02 9.962025269556645454e-03 1.007496983356876048e-02 1.002920042835265917e-02 9.996121459741911380e-03 1.006909253445765866e-02 1.003630625638624561e-02 9.947577849273674805e-03 1.002001367619693994e-02 1.013898435339610424e-02 9.841638065455205267e-03 1.012097924404299458e-02 9.973960395217232669e-03 9.945686733754037154e-03 9.918561265452810125e-03 9.902305840063909195e-03 1.032860314253345770e-02 9.911941569691140250e-03 9.838086066322275156e-03 1.005260434331922345e-02 9.281271591299019089e-03 1.006307189733484340e-02 1.000311971402136589e-02 9.922732408986103744e-03 1.007911425471366522e-02 1.003885866572219385e-02 1.011184617079171830e-02 9.985223158327555595e-03 1.009957295590449729e-02 1.010127911699204573e-02 1.017434807675913697e-02 1.007191317924536686e-02 1.009425568620497121e-02 1.019045762056888099e-02 9.920639227010096678e-03 1.024501187925863643e-02 1.003861013482066147e-02 1.003951291870833901e-02 9.957829675047961612e-03
1.013199741673290882e-02 9.951402304046489192e-03 1.007966219179596244e-02 9.374701023062254404e-03 9.814290655889254186e-03 9.249252922023614917e-03 9.863553579485980632e-03 0.000000000000000000e+00 9.170620896497427496e-03 9.926071702267780239e-03 9.875761986346142177e-03 9.912662593560333732e-03 9.209082180908396281e-03 9.998571605719389077e-03 1.003756275332679318e-02 1.021784670668178172e-02 1.018883077100837808e-02 1.009591947820948077e-02 1.008676913222780053e-02 9.536142090648997913e-03 1.021827897338056790e-02 1.005810669713732598e-02 9.967280003825672655e-03 1.011223601861673850e-02 1.013030149398830813e-02 1.007884340067272989e-02 9.994703989716614834e-03 1.003572058239202841e-02 1.010688380606954151e-02 1.006354898870150116e-02 1.013070105200068911e-02 1.011604394532190747e-02 1.018202054193493612e-02 1.014426683856821040e-02 1.014287506604620408e-02 1.022545877667358979e-02 1.015464678635147507e-02 1.009552967971232701e-02 1.012207211460026263e-02 1.011494301930145230e-02 9.978883873863614307e-03 9.948634176909892587e-03 1.003746513680633771e-02 9.972856236250221204e-03 1.009043332719042861e-02 1.000725394138873327e-02 1.013092128986707759e-02 1.011475148418629171e-02 1.010874098568895207e-02 1.005676548504696316e-02 1.009025924433722479e-02 1.011580144766409568e-02 9.321461609028072401e-03 1.002943391648283486e-02 1.001514711283180668e-02 1.001483431530840809e-02 9.241720581303566190e-03 1.004907718233483474e-02 1.000596425204704383e-02 1.001400043489340461e-02 1.006453738786469536e-02 1.005682686353438077e-02 1.007974624476606386e-02 1.004269704507639027e-02 1.009987330746101031e-02 1.002402052324658649e-02 1.020644273144601794e-02 1.012383663167732220e-02 1.008838517621675306e-02 1.015934262723634796e-02 1.025294017727424248e-02 1.010902523857153644e-02 1.007416998637146281e-02 1.017596857644430773e-02 1.015640570370015573e-02 1.011875854629872007e-02 1.001773166847576453e-02 1.031362518119407351e-02 1.030676814491238331e-02 1.003814870709011063e-02 1.009759576179802484e-02 1.007635226052304260e-02 1.017561633557848184e-02 1.019469183354854321e-02 1.009182772027820280e-02 1.024594610981600061e-02 1.010944850206480297e-02 1.007917507519190577e-02 1.001667109541124964e-02 1.016312219969296368e-02 1.006499034127028916e-02 1.015656981527271636e-02 1.004478076988491939e-02 1.000505856306597822e-02 1.013135213612005592e-02 9.971837054345159337e-03 9.311851384902210260e-03 1.007801763199929479e-02 1.006601964397042630e-02 9.946140371771329883e-03 9.417834944566780622e-03 1.004505454542597466e-02 1.000517836326141573e-02 1.004035626803861242e-02 1.006313944310729958e-02 1.031016670534631863e-02 1.000507338893444342e-02 1.007086343440523855e-02 1.017136717291518624e-02 9.975105298672206494e-03 1.017007529104211119e-02 1.018219040878391365e-02 1.004207926154636506e-02 1.015461901573218306e-02 1.019681103419892501e-02 1.021783354872631000e-02 1.010220238363021550e-02 1.010643378622627479e-02 1.019762754119171548e-02 1.025242198850825556e-02 1.022272877309490270e-02 1.015495385194897793e-02 1.017254302899334509e-02 1.006295166525460888e-02 1.025656202923385524e-02 1.010237751682982986e-02 1.011170373676555101e-02 1.007037318916086457e-02
1.012323097086254876e-02 9.987896737294027494e-03 1.017423880594195938e-02 9.977575848082445228e-03 9.218400788279313210e-03 9.025631942319948739e-03 9.807899753891114597e-03 9.170620896497427496e-03 0.000000000000000000e+00 9.203231970551756236e-03 9.216025896945541362e-03 9.293913424866528245e-03 9.274561168857000173e-03 9.329448281631555484e-03 1.000814496460414836e-02 1.026360853325712641e-02 1.026619180719383177e-02 1.018612136490044603e-02 1.018667930764504022e-02 1.013314972526726566e-02 1.023377395652168807e-02 1.007579039092003879e-02 9.920172396184612565e-03 1.012594985891192810e-02 1.008640648128140624e-02 1.003542466401770132e-02 9.426992003233687981e-03 1.004180872415412484e-02 1.017269500088068511e-02 1.006180348038530903e-02 1.015072139700428852e-02 1.013113810008279929e-02 1.019485052589884887e-02 1.015806033576755960e-02 1.016698507308875371e-02 1.025064860881003299e-02 1.014288383393333569e-02 1.011351571092847235e-02 1.013253236564785886e-02 1.019444943222308844e-02 1.005239385000847134e-02 1.003800245902022013e-02 1.011500373016716720e-02 9.998641891001490423e-03 1.012868958774029715e-02 1.010376244332295524e-02 1.024189362519211006e-02 1.014564459012701203e-02 1.013681391080551580e-02 1.009300518480354611e-02 1.017797486633005219e-02 1.010540614003938714e-02 1.006430105917983063e-02 1.000539773770880644e-02 1.010385921043855696e-02 1.007011142542527798e-02 9.897363194255900595e-03 1.014657826208170514e-02 1.009900019889390342e-02 1.009928587302734958e-02 1.015180323305005239e-02 1.004036804791944709e-02 1.010866101534561336e-02 1.006354279796961224e-02 1.008988394510752437e-02 1.005211249776585478e-02 1.022917626414627038e-02 1.009450326589082965e-02 1.005043636227783907e-02 1.011101453731096111e-02 1.027461301994294848e-02 1.018877977655065215e-02 1.016362079223502232e-02 1.019671984985732853e-02 1.020997812362585584e-02 1.015851107517556223e-02 1.003999268689565079e-02 1.036996275363625056e-02 1.033344528974645266e-02 1.000197530885011191e-02 1.019340075912709628e-02 1.004726852052815859e-02 1.026299082438863683e-02 1.022489730319467785e-02 1.010516844193589010e-02 1.028733860683243330e-02 1.012328306591657630e-02 1.010157478953053328e-02 1.002079485770071034e-02 1.018554937139751898e-02 1.008149253127718810e-02 1.019917356049891352e-02 1.014838954164711503e-02 1.010121306242983512e-02 1.012715370286183802e-02 1.013833239961732871e-02 1.004960541930772881e-02 1.018941990921009774e-02 1.022778352080417480e-02 9.904465798953513908e-03 1.009599117298680404e-02 1.008562633732067865e-02 1.006916819959756057e-02 1.005993287403510010e-02 9.973006922671398891e-03 1.031645471942011644e-02 9.968444642498276720e-03 1.002274681036758631e-02 1.017571968145745791e-02 1.010777299657535794e-02 1.018146159513598145e-02 1.013832096673055079e-02 1.006098546277594923e-02 1.013768305417653628e-02 1.022433765592445191e-02 1.023576841378539930e-02 1.009045975237146502e-02 1.023231198435208510e-02 1.021010109498649877e-02 1.026061181166638622e-02 1.022983193447397562e-02 1.013268506530744760e-02 1.020508857281298733e-02 9.941219712430901870e-03 1.020715968519768715e-02 1.012737477959545045e-02 1.012292128038932461e-02 1.007736519142985072e-02
1.019151137530773139e-02 1.013350692576090242e-02 1.024128007143540464e-02 1.015774712499192302e-02 9.931229334976029305e-03 9.196446518537921416e-03 9.215860773251920157e-03 9.926071702267780239e-03 9.203231970551756236e-03 0.000000000000000000e+00 9.304328178388502485e-03 1.004845895488756628e-02 1.001979602522810701e-02 9.388901952431662895e-03 9.489095407553714209e-03 1.026471754422202468e-02 1.032221585369846699e-02 1.025314164554867041e-02 1.025225090622961660e-02 1.019030446595342067e-02 1.023439608145073482e-02 1.016304252221364446e-02 1.003080302716459829e-02 1.020429492268276617e-02 1.015775147114579384e-02 9.481637835430803754e-03 1.008879695801688861e-02 1.007699126072714516e-02 1.018443747847082304e-02 1.002334143626675521e-02 1.022361195542121487e-02 1.027868741506040434e-02 1.025671286373658689e-02 1.023791516434367950e-02 1.023272191724494164e-02 1.031690362631839178e-02 1.018583906340665875e-02 1.001240120828646163e-02 1.016598757799543756e-02 1.024670936324655404e-02 1.002988185973633685e-02 1.006516973102573355e-02 9.539921298561742855e-03 1.002030226329779158e-02 1.019402270921081037e-02 1.011857444059407508e-02 1.023458649033437071e-02 1.015654689915194107e-02 1.015943144945189239e-02 1.011779092622339636e-02 1.020511225847372389e-02 1.024677908036058203e-02 1.012477426054168676e-02 1.014819316577052211e-02 1.017798431747700058e-02 1.009359792016573457e-02 9.430775843146997281e-03 1.015701024905640154e-02 1.013110791268143768e-02 1.007970789678890554e-02 1.012577520478599204e-02 1.016429682665515900e-02 1.024997642224597001e-02 1.014430254073937256e-02 1.006427549265989131e-02 1.015782113763231617e-02 1.031561891211090973e-02 1.017700934003612848e-02 1.020585278467874522e-02 1.026001174926003193e-02 1.041685470438348353e-02 1.028004047226331770e-02 1.021589180736361645e-02 1.029994182866855040e-02 1.033778294629646329e-02 1.018789826389427354e-02 1.016158688800081721e-02 1.040860043663304098e-02 1.032682613688187118e-02 1.011137483727694679e-02 1.029673588110457255e-02 1.019763038383384238e-02 1.034230676489857753e-02 1.028188276025652353e-02 1.021084165842441917e-02 1.040894432933179604e-02 1.020028553971099802e-02 1.013496629685211106e-02 1.012395195416974751e-02 1.028270802803566038e-02 1.020107991555705557e-02 1.028256119372280078e-02 1.024097958241447850e-02 1.021196518362371686e-02 1.022012866527369224e-02 1.024811623574213744e-02 1.015570652222904692e-02 1.020372802731884035e-02 1.024400641316642983e-02 1.006177330881184717e-02 1.021799817396996761e-02 9.522575038983963763e-03 1.017920245882246270e-02 1.009506433550957233e-02 1.015768321343512963e-02 1.028019536394274985e-02 1.006275523259573569e-02 9.432831033087887493e-03 1.017592675921498782e-02 1.006523247058701762e-02 1.011872323950235332e-02 1.011834444358675027e-02 1.014901667825316052e-02 1.025311893141838890e-02 1.028608963639555084e-02 1.024464774089591315e-02 1.015297052130403541e-02 1.025960765123917935e-02 1.022621586680845518e-02 1.032628846536439750e-02 1.026774579141505328e-02 1.020759234845644396e-02 1.031623135281867915e-02 9.459732131070819339e-03 1.025051959906077802e-02 1.016578242556081917e-02 1.022743498359767259e-02 1.010352307332088376e-02
1.012119896670396826e-02 1.006142075006352145e-02 1.016783401828037954e-02 1.009177866393236832e-02 9.899454790147787717e-03 9.196159388174338783e-03 9.862265176404618611e-03 9.875761986346142177e-03 9.216025896945541362e-03 9.304328178388502485e-03 0.000000000000000000e+00 9.962715025301714308e-03 9.944234556223556509e-03 9.966110038856702824e-03 1.005082079171887299e-02 1.015755648305444875e-02 1.009277834849345648e-02 9.963916720009201311e-03 1.009978614354938888e-02 9.497796437634436692e-03 1.018410662067287427e-02 1.000007552975400345e-02 1.000327360958683590e-02 1.009133010331381662e-02 1.015291695759366897e-02 1.011562013377437404e-02 1.009495831788379157e-02 1.006396467447586221e-02 1.005956399146606950e-02 1.002356691254407267e-02 1.011839449497625026e-02 1.016406493746507995e-02 1.016600617486766375e-02 1.007400592731043897e-02 1.001285448931028485e-02 1.009793688836655573e-02 9.432981962480539717e-03 1.007237781964659927e-02 9.440389150141999947e-03 9.917153303601556821e-03 9.993818698466119810e-03 9.965699405446322087e-03 1.005355919352531914e-02 1.000554230881647855e-02 1.010539617874939115e-02 1.010961534262677826e-02 1.024080110348499217e-02 1.011716815119697438e-02 1.003920512089726165e-02 1.010225248430920118e-02 1.017906954556761952e-02 1.013735254878935475e-02 1.013760442092124896e-02 1.014718735657084946e-02 1.005776833436084275e-02 1.008100667659704401e-02 1.002154453000786601e-02 1.011187207925526819e-02 1.018815073656165193e-02 1.013519740966793356e-02 1.019157274646387973e-02 1.018543835517484938e-02 1.019889010979426261e-02 1.008239454721619223e-02 1.009980296205145213e-02 1.004990866984495010e-02 1.023978734937016494e-02 1.009438179066616398e-02 1.013858155402962841e-02 1.017083515944180831e-02 1.029057072969881415e-02 1.018752635080719289e-02 1.016353076529441860e-02 1.021223118370326137e-02 1.019338810737988738e-02 1.014470845289374389e-02 9.986941984349056306e-03 1.029119546042689057e-02 1.021005286947260747e-02 9.362009479829855665e-03 1.009703111754040039e-02 1.001238999699125692e-02 1.012060951417945338e-02 1.019027127862960971e-02 1.001941402806983024e-02 1.023137757514583183e-02 1.003458561444935289e-02 1.006523935428740857e-02 9.933243011311059315e-03 1.006805712475613949e-02 1.003119046154847191e-02 1.011297562930913232e-02 1.008138175332025203e-02 1.007770509467723237e-02 9.469731334807846707e-03 1.009284428559997088e-02 1.010167718193451941e-02 1.019806007154649974e-02 1.016689021634428584e-02 9.915670153870053544e-03 1.020691494292735521e-02 1.009187845197850528e-02 1.002388099800109907e-02 1.009665172409650487e-02 1.008510683715920300e-02 1.024046431308245179e-02 9.300747897154905755e-03 1.001392788949310997e-02 1.017726602462038638e-02 1.004021527486054916e-02 1.012767290242959015e-02 1.010730068232846765e-02 1.007321307609027397e-02 1.019311662941383562e-02 1.021876361518382799e-02 1.022857616135923117e-02 1.004516751591624443e-02 1.024574400694130104e-02 1.020230651391163847e-02 1.017221483060742719e-02 1.011591448952440554e-02 1.018994818189737639e-02 1.019644086835003530e-02 9.890957329516421662e-03 9.612634934510578405e-03 1.007330578818533065e-02 1.007876597286158291e-02 1.001610939274689624e-02
1.011454909729403440e-02 9.937328242654546243e-03 1.006603749193242178e-02 1.003719503289197262e-02 9.849484187027761697e-03 9.930983937524629976e-03 9.862195742219886929e-03 9.912662593560333732e-03 9.293913424866528245e-03 1.004845895488756628e-02 9.962715025301714308e-03 0.000000000000000000e+00 9.924639529187352649e-03 9.963472845035478351e-03 1.001222549216844622e-02 1.004936708378998539e-02 1.008071799059304455e-02 1.006847100594468990e-02 1.001380591928178153e-02 1.011069726324745170e-02 1.013988789815785906e-02 9.951175781838355813e-03 9.861600422293963567e-03 1.008172408137255130e-02 1.005090948255050499e-02 1.010304310935299620e-02 9.876840505245190749e-03 9.949801033404419293e-03 1.011793533039630384e-02 1.006161797175710547e-02 1.005700562917591183e-02 1.010529905351061943e-02 1.009863098298517843e-02 1.013605739284171615e-02 1.005466807311249794e-02 1.015133999876633754e-02 1.007955794974474233e-02 1.000196074482443374e-02 1.004482744875563778e-02 1.006079797438094899e-02 9.949486493204188001e-03 9.911257183267629944e-03 1.005040266413685657e-02 9.935100299262115617e-03 9.850176360377327356e-03 9.911297457008388934e-03 1.003251734163561511e-02 9.933847191211792049e-03 9.863626237403905900e-03 9.818576445016033438e-03 9.976335477138572813e-03 9.304157375285740383e-03 9.996593424046957069e-03 9.280897731718742646e-03 9.896990855450548547e-03 9.919583735054075813e-03 9.862308989110508961e-03 9.958503811180690821e-03 9.980881600315051616e-03 9.916539052563741810e-03 9.986108808568722878e-03 9.975682688673636819e-03 9.332116829200121436e-03 9.801738397610377726e-03 9.904417594189453278e-03 9.845739817214016129e-03 1.002630266738050238e-02 9.323887163613214443e-03 9.910654293226744613e-03 9.885625276474021075e-03 1.016515419376163611e-02 1.001921966334977376e-02 1.000119857874181943e-02 1.006430439147947518e-02 1.014844719948986528e-02 1.003483793786968080e-02 9.915538129315330795e-03 1.023406159707626085e-02 1.021750378136981191e-02 9.941739500237425919e-03 1.000457674492956361e-02 9.912451513532882091e-03 1.005668214427447513e-02 1.004788310984007851e-02 9.916948820837483136e-03 9.514336937993852703e-03 9.930475669176446266e-03 9.973987699485965808e-03 9.968771999787268134e-03 9.996121625217587944e-03 9.876738878459133050e-03 1.001200046685637828e-02 1.002005111449887943e-02 9.929561382868982988e-03 1.006191619762967886e-02 9.973304151096002573e-03 1.000702927731793486e-02 1.007921032332818358e-02 1.013793394677672127e-02 9.916575268380016517e-03 1.011900521016548780e-02 1.004418951678569434e-02 9.922982019139131582e-03 9.936390471188032841e-03 9.255737315745155708e-03 1.023897503095789162e-02 9.928425117363366692e-03 9.977710469718866979e-03 1.000940137150338992e-02 1.002121947356945063e-02 1.009018146734773184e-02 1.008398733972461735e-02 9.908050766256150388e-03 9.951246113418774769e-03 1.008468046945075122e-02 1.007219507727973896e-02 9.912749968884465926e-03 1.009284924425475106e-02 1.010795667919520656e-02 1.008075004782890693e-02 1.012225636793764004e-02 1.010076115167109385e-02 1.016287142390317338e-02 9.992423827174332779e-03 1.027597533259474658e-02 1.000070958267155162e-02 1.004701409279749706e-02 9.993665924653297172e-03
