0.000000000000000000e+00 1.593561147682506091e-02 1.201547281183104089e-02 1.132998473256500646e-02 1.131384353377897119e-02 2.697159503190033752e-02 1.089595094235819815e-02 1.134120714696380122e-02 1.211128202930636041e-02 1.017829036886852036e-02 2.286586078940637881e-02 1.129302904700841582e-02 1.776889085437051083e-02 1.146466987997612173e-02 1.437118931727024949e-02 1.594459802011152783e-02 1.318489483248717897e-02 1.994902781998128885e-02 1.315311719163945146e-02 1.125369494545764258e-02 1.484873367951946958e-02 1.058624007577918177e-02 1.226074403721418189e-02 2.781791759548512405e-02 1.148890382004586451e-02 1.157154333166661615e-02 1.586720945469402566e-02 1.979403930577123411e-02 8.366566478994653597e-03 1.301562873818824448e-02 1.219435021502423590e-02 1.008040835823097170e-02 1.466438756232367815e-02 1.316751047668750924e-02 1.077605373429438469e-02 1.450361743451090112e-02 9.376359499420899510e-03 1.228476509757134641e-02 1.331816797035675903e-02 3.259300839088367929e-02 1.212775062315888178e-02 1.074609025553772620e-02 2.000463450385661299e-02 1.440479199201593480e-02 1.775362904432673666e-02 1.992230305600282622e-02 1.987516341556168700e-02 8.686163651526300142e-03 8.587195620064384111e-03 2.310289392253532872e-02 1.010613866149385857e-02 1.465271943498454993e-02 1.304555902907268521e-02 1.146945866274347997e-02 1.791759227683168212e-02 1.580235851816105472e-02 1.309019284990299396e-02 1.152680356930546254e-02 1.432404833502631640e-02 1.298122176756651321e-02 1.215221611496757927e-02 1.581642930120941842e-02 2.297056572788439693e-02 2.021512560090454880e-02 2.713648940454612551e-02 1.144868477569129482e-02 1.134257378108306097e-02 8.185634270400967902e-03 2.317302911226688800e-02 2.021987823882231278e-02 2.352155747805154823e-02 2.313660433622311691e-02 1.256182394154325109e-02 1.225931479292353271e-02 8.037192940479328390e-03 1.603600635209332173e-02 9.346995513998344191e-03 1.572457666660545539e-02 1.146457948495999829e-02 4.103484791536140402e-02 1.014018181947936095e-02 1.785648623367370319e-02 8.422401459469092480e-03 1.989463665671596312e-02 1.416426110554877549e-02 1.315082764349389567e-02 1.456750885568132425e-02 1.323304920203753100e-02 1.224475116269038710e-02 2.694297812675269105e-02 1.795439142114583012e-02 1.591627353820354238e-02 1.962732168617238593e-02 1.999411531286826929e-02 1.795950112453158914e-02 1.438128902634158018e-02 1.207614787701861460e-02 1.227634898682686097e-02 1.345096138360420829e-02 1.450581542221066576e-02 1.362081610537604209e-02 1.426810408392112893e-02 1.802619981098220123e-02 1.446620561588663617e-02 1.076934746910661843e-02 1.758563554812587332e-02 2.716625867313645151e-02 1.997732408640279927e-02 2.005295606769244218e-02 1.577729902242129556e-02 1.340970712871826509e-02 1.319765769840113880e-02 2.058885281412642376e-02 2.300671371259762135e-02 1.075469229223864967e-02 1.130162822054776688e-02 1.579916463971452883e-02 1.777170541087959993e-02 1.784911078807370141e-02 1.599205770804775981e-02 1.213805091481724545e-02 2.012442179525153127e-02 1.774974542251872914e-02 1.599300098218175287e-02 1.436070447212686556e-02 1.087878956074882740e-02 1.433313986670967100e-02 2.315805991144027909e-02
1.593561147682506091e-02 0.000000000000000000e+00 1.754674079521552355e-02 1.709978523376999918e-02 1.696709953344671673e-02 2.978393574632212659e-02 1.684331147617481456e-02 1.710492632237721466e-02 1.741426693591222388e-02 1.644553923456010258e-02 2.598330688582999731e-02 1.708037720053454805e-02 2.156624263816370179e-02 1.717203011966436654e-02 1.874393421722059944e-02 2.020895027840884789e-02 1.822447189402809711e-02 2.307052453823523266e-02 1.820625830093726416e-02 1.709520134940284430e-02 1.933906333555242968e-02 1.671307246493534612e-02 1.764151170063606167e-02 3.058577264156578032e-02 1.718978808406616474e-02 1.722988206272544134e-02 2.008425443144029598e-02 2.326070652362349084e-02 1.541803115248152958e-02 1.811963061046510670e-02 1.760768745722392226e-02 1.642644521023637824e-02 1.920957482091093654e-02 1.821338277916983647e-02 1.677747179923334137e-02 1.910116292459735840e-02 1.598938633219443989e-02 1.766141095999420110e-02 1.830818888291974381e-02 3.514573137283528298e-02 1.757227536233472998e-02 1.676364287797936503e-02 2.343846248114412126e-02 1.903414158431400438e-02 2.155305361404081382e-02 2.337531684026323067e-02 2.333183960243947336e-02 1.559329576518579501e-02 1.554597375126352127e-02 2.619498535925258997e-02 1.628563677961522224e-02 1.919584335250820728e-02 1.813600536895127249e-02 1.717998771518458936e-02 2.168873418276120318e-02 2.003460058989833467e-02 1.820805372699500421e-02 1.720925869037633754e-02 1.897899060898934620e-02 1.814701002952186226e-02 1.758690520537437713e-02 2.009746516919591955e-02 2.607884214698875935e-02 2.362536658337429513e-02 2.993942497081979875e-02 1.715930194025786296e-02 1.714379247613561849e-02 1.530957314519382738e-02 2.626476279526633942e-02 2.362534094343549454e-02 2.658110979698668358e-02 2.575598792743720097e-02 1.782266457746616364e-02 1.769254344867516454e-02 1.515424463062439199e-02 2.021130417266601975e-02 1.596994415826086602e-02 1.968286745250658054e-02 1.717604349025041860e-02 4.335823825632843104e-02 1.641530753127174933e-02 2.163546077083941879e-02 1.544909946716456137e-02 2.344965966571859600e-02 1.892386253686911476e-02 1.819911315303499033e-02 1.914749605332127791e-02 1.825591498375650837e-02 1.763726777156434528e-02 2.975217901443669155e-02 2.171865096722337685e-02 2.012032789136388583e-02 2.311476548928413643e-02 2.343091254028527651e-02 2.172006107249153245e-02 1.901666112676897100e-02 1.753848867296612865e-02 1.766002516554391819e-02 1.837589889467962714e-02 1.910038720266976978e-02 1.849907152041375610e-02 1.899910120968696658e-02 2.177511729495228490e-02 1.907435438643220391e-02 1.677772821627288025e-02 2.141676653592691770e-02 2.997008961958504483e-02 2.341660684171205029e-02 2.348326395608073269e-02 2.008689253437544175e-02 1.836727610086541854e-02 1.822840480410610128e-02 2.395365255226634266e-02 2.611182056528238773e-02 1.676499510606231647e-02 1.692198172885943722e-02 2.003366037470889760e-02 2.156714774101462645e-02 2.162629585228471180e-02 2.017358402920587865e-02 1.758000867667699682e-02 2.353915302151119576e-02 2.155030160701291997e-02 2.017559573634319925e-02 1.900521912247082543e-02 1.683033524510823761e-02 1.898714567428619326e-02 2.624777349769315954e-02
1.201547281183104089e-02 1.754674079521552355e-02 0.000000000000000000e+00 1.360156798163628632e-02 1.364437541673534440e-02 2.812031523878919664e-02 1.315656632654214203e-02 1.360943669780359695e-02 1.427841730203097993e-02 1.264486861383915667e-02 2.411776420593641362e-02 1.357809349669456336e-02 1.903869642211893781e-02 1.370392511464348616e-02 1.613968803255893744e-02 1.764352317810491746e-02 1.509969165153451399e-02 2.142450247118444714e-02 1.507222735703366533e-02 1.359361828368461922e-02 1.656014362699223530e-02 1.308114890087153960e-02 1.434468584791457994e-02 2.895635337960436942e-02 1.372498436241123033e-02 1.379151141257551651e-02 1.747728252290775552e-02 2.116182138773180579e-02 1.143473638552536947e-02 1.496340748999365998e-02 1.428507988988775464e-02 1.262148144231232429e-02 1.639434193047320520e-02 1.509051638877330521e-02 1.317484453132058975e-02 1.624698825515528272e-02 1.216326068800418700e-02 1.435967969249295380e-02 1.521650487092510162e-02 3.365541289262850150e-02 1.423105507752464756e-02 1.315727413608890929e-02 2.136308557663562160e-02 1.616290507409356633e-02 1.922559225578650624e-02 2.128432667526709843e-02 2.124067225859201449e-02 1.166233700036390687e-02 1.153464215888768719e-02 2.435030281390655749e-02 1.259520745162386914e-02 1.638286322660438901e-02 1.498591461545308902e-02 1.370548354375562480e-02 1.938162130309173392e-02 1.741954698261975049e-02 1.509115144253731812e-02 1.374989797988181335e-02 1.609595358821197530e-02 1.500183755849845459e-02 1.425168803139086754e-02 1.752262545493842374e-02 2.422158127142371581e-02 2.156388802989970405e-02 2.828209301957754912e-02 1.369175670174126863e-02 1.366414059254636090e-02 1.130344870731402919e-02 2.441990491173488820e-02 2.156619554534711450e-02 2.475553778999145180e-02 2.438786048398637607e-02 1.458942709356757066e-02 1.439853190754164167e-02 1.114549451343545966e-02 1.763542904639131548e-02 1.213384419461864885e-02 1.735125093561163886e-02 1.370324897196934476e-02 4.201704618661102064e-02 1.270830438412537747e-02 1.932517946318304189e-02 1.147355143294463350e-02 2.136704500297410131e-02 1.602823009753387082e-02 1.507727778174557456e-02 1.614369762175200257e-02 1.513909108016266852e-02 1.432421089552337982e-02 2.809682800247473647e-02 1.941350062461514453e-02 1.752303740925049286e-02 2.100048655505563910e-02 2.134883790190456737e-02 1.942229012641486993e-02 1.614189401741168706e-02 1.419002710713139666e-02 1.435340860568290293e-02 1.533208649196242217e-02 1.625511783617732131e-02 1.547780095284368232e-02 1.612106196066487654e-02 1.948577954815028726e-02 1.621637676861283767e-02 1.317396117060331585e-02 1.906982618800215704e-02 2.830797209133225148e-02 2.132883657828747379e-02 2.140801814303877268e-02 1.748612612972062080e-02 1.529496001499107763e-02 1.511761807424874191e-02 2.192415444510599498e-02 2.425020817945467214e-02 1.316253948287658855e-02 1.358048478456106226e-02 1.741196317182457098e-02 1.924433800542487555e-02 1.931929786734848387e-02 1.740972644947778869e-02 1.411220535186830799e-02 2.147604425581631227e-02 1.901593915897168557e-02 1.759525437324330893e-02 1.612087630641383107e-02 1.325957913344327777e-02 1.609899239487057668e-02 2.440183960042168615e-02
1.132998473256500646e-02 1.709978523376999918e-02 1.360156798163628632e-02 0.000000000000000000e+00 1.290013296644867101e-02 2.781389326295601386e-02 1.260301979687672609e-02 1.295781815949383770e-02 1.368792560666121094e-02 1.203337668293021946e-02 2.377839882678391137e-02 1.293234205984407879e-02 1.883525602811262148e-02 1.306967439707723382e-02 1.564337138429504684e-02 1.719795279793857185e-02 1.456289494256719948e-02 2.105545714215339981e-02 1.453429529353003277e-02 1.295050710548529063e-02 1.608186220497402966e-02 1.240510223196358494e-02 1.375366166288640758e-02 2.865192608961380019e-02 1.309263175747072544e-02 1.315842138705850158e-02 1.703086843607425419e-02 2.078589031715023100e-02 1.058151185993880597e-02 1.440962323279597508e-02 1.357448086526971166e-02 1.199490910506818483e-02 1.590295486458584429e-02 1.441932039198117084e-02 1.250103551728618499e-02 1.576107988901090037e-02 1.140954246435755583e-02 1.376807514367370776e-02 1.455201389710223357e-02 3.337285413454960797e-02 1.363485054666393678e-02 1.247729223302198459e-02 2.098201083084546420e-02 1.566867016888771197e-02 1.881981794857771548e-02 2.091446266148040689e-02 2.086771426234778834e-02 1.087432255053773916e-02 1.074738031040489358e-02 2.401034901078787087e-02 1.197311204781165324e-02 1.588838092940167770e-02 1.443897068964902775e-02 1.307636005883712309e-02 1.897809456058928423e-02 1.697048507834778008e-02 1.454911386275155837e-02 1.301635793365043745e-02 1.559366328992722178e-02 1.444989596810582894e-02 1.365576429825311917e-02 1.707691875554274638e-02 2.388327130656128783e-02 2.119462276189683705e-02 2.797641190380828133e-02 1.305816170899464120e-02 1.302736446825745499e-02 1.049013562325143770e-02 2.408303723600496715e-02 2.119947435940216021e-02 2.442184265938938947e-02 2.405108395121582920e-02 1.389290474499542231e-02 1.381092876163366075e-02 1.037065667052614916e-02 1.719167119619487843e-02 1.137444781222567321e-02 1.689891077200559102e-02 1.307150702667047443e-02 4.175370530718533479e-02 1.199838266985016680e-02 1.891989936895005844e-02 1.067187926607905332e-02 2.100288050287963532e-02 1.553278974322748300e-02 1.453250845582536831e-02 1.581645153031537368e-02 1.446992342394308115e-02 1.373549779480093269e-02 2.778631213976595279e-02 1.901585945362909910e-02 1.707858713120558383e-02 2.061991228130852921e-02 2.097818611238740777e-02 1.901882499497230261e-02 1.564762021559880714e-02 1.358790913266762906e-02 1.375880642765303120e-02 1.479822580334891682e-02 1.576389189425040152e-02 1.495822737185250467e-02 1.562565460108788010e-02 1.907823563776906220e-02 1.572410079485953016e-02 1.240420494867597832e-02 1.848111714972038716e-02 2.800524899784348140e-02 2.095899458244905589e-02 2.103557086758174946e-02 1.703904420376581991e-02 1.475738384605629686e-02 1.457252819761287697e-02 2.156040222234743495e-02 2.391887863156898220e-02 1.248470905663166645e-02 1.293587367952872894e-02 1.696978228987958137e-02 1.866019050882145383e-02 1.891039870168927800e-02 1.714534246351185828e-02 1.364544871595552503e-02 2.110545075398046616e-02 1.881836817693810504e-02 1.714642907310644573e-02 1.562801468326176571e-02 1.259235810661750443e-02 1.545933581325342927e-02 2.406197311096914745e-02
1.131384353377897119e-02 1.696709953344671673e-02 1.364437541673534440e-02 1.290013296644867101e-02 0.000000000000000000e+00 2.783562632271309109e-02 1.265107339069802654e-02 1.301447987947884979e-02 1.372601322292389160e-02 1.208508781579343758e-02 2.380155635229756414e-02 1.297252195797696239e-02 1.886637716270752815e-02 1.311602972323744863e-02 1.553006139815954131e-02 1.722579441368415551e-02 1.460142671509375399e-02 2.106977718440111030e-02 1.457353927725402870e-02 1.299979064899111844e-02 1.611529178945645888e-02 1.245188593556403184e-02 1.367760702550649583e-02 2.867319507810558998e-02 1.312989259126438879e-02 1.321045767442690332e-02 1.706089748878173579e-02 2.081383109802124876e-02 1.068774858532536322e-02 1.445162459411209604e-02 1.373072545679098269e-02 1.205476635989375170e-02 1.578676830690102159e-02 1.458611186206198139e-02 1.255490608020668093e-02 1.579593532111015289e-02 1.146539017415858924e-02 1.369052806123751027e-02 1.472006314805768962e-02 3.339267587464724019e-02 1.366868689828701702e-02 1.252837432057683775e-02 2.081148993423555249e-02 1.570307562451328867e-02 1.885096555182859401e-02 2.094154811627835927e-02 2.089292566634500664e-02 1.093229222596517163e-02 1.085722532877679211e-02 2.403642338212958959e-02 1.202541800423063793e-02 1.593237460587269491e-02 1.447758153419286160e-02 1.312223329116036889e-02 1.900695321366310114e-02 1.700195107851902934e-02 1.458848519854132574e-02 1.316602189095388356e-02 1.548300614169894132e-02 1.436078916394169930e-02 1.369882265382366647e-02 1.710422935780545051e-02 2.390685386532953940e-02 2.121876945201576353e-02 2.799801057360993412e-02 1.310111997046464576e-02 1.307077735621824457e-02 1.050386735940933396e-02 2.410681810728093968e-02 2.122166466040414923e-02 2.444527281932908080e-02 2.406956302205741360e-02 1.404806164847439108e-02 1.385368107229179371e-02 1.042951498112465632e-02 1.722538998410364994e-02 1.143344532296872509e-02 1.692758196151954511e-02 1.311768145824632713e-02 4.177592491035348604e-02 1.205135654784115183e-02 1.894851045540669673e-02 1.073053095461301044e-02 2.102772177091990352e-02 1.556363334404485370e-02 1.457275102448252375e-02 1.585609741766050990e-02 1.464153444731094815e-02 1.365688080908273455e-02 2.781029852837558006e-02 1.904410196510329320e-02 1.710566657507395921e-02 2.064810260051607241e-02 2.100641388014888589e-02 1.904387484588999577e-02 1.568311891719910076e-02 1.362483935031445249e-02 1.380538856686218743e-02 1.483898046375341576e-02 1.579766368575712815e-02 1.499659960954319998e-02 1.565768843057385382e-02 1.910823784271709069e-02 1.576090991904978769e-02 1.254936192561915791e-02 1.868459456859923595e-02 2.802719696101546934e-02 2.099016314595282193e-02 2.106114091113236650e-02 1.690622813116513662e-02 1.480201359118416861e-02 1.461304208385435545e-02 2.158606480981627163e-02 2.393768472626620764e-02 1.253206366602291170e-02 1.298098209889366091e-02 1.699271115945749644e-02 1.885921882437597077e-02 1.894006733395714806e-02 1.717872214611501636e-02 1.368672602393582877e-02 2.113035191413125541e-02 1.884740508293158284e-02 1.718032169509622897e-02 1.566184787956395943e-02 1.263779495206526597e-02 1.563569861021843477e-02 2.408584693897162718e-02
2.697159503190033752e-02 2.978393574632212659e-02 2.812031523878919664e-02 2.781389326295601386e-02 2.783562632271309109e-02 0.000000000000000000e+00 2.738871145217783645e-02 2.781730059424340762e-02 2.815654983293247246e-02 2.734446562301114797e-02 3.347781314285126070e-02 2.780154279539701415e-02 3.066108602165495620e-02 2.759195987918740961e-02 2.908457645872994379e-02 2.982964751977492529e-02 2.856253885193988859e-02 3.184317368073343729e-02 2.856243455022999811e-02 2.780856704002526367e-02 2.926974594719787548e-02 2.753880711512459931e-02 2.819261310598304704e-02 3.683160764633889445e-02 2.787021616367789043e-02 2.763002576534288532e-02 2.974867936397277562e-02 3.170091398725777970e-02 2.656779969030976726e-02 2.850680952635131771e-02 2.816092895884044628e-02 2.733032666025999452e-02 2.920705446002203401e-02 2.856449449094182816e-02 2.758299594918892095e-02 2.913749853158039207e-02 2.684737166832257618e-02 2.819896485575605627e-02 2.862458021463800545e-02 4.058311399153379656e-02 2.813852841096983401e-02 2.757609128121148168e-02 3.182285205799598865e-02 2.907530209614501288e-02 3.065311699149143171e-02 3.178003786857150348e-02 3.175323902963667760e-02 2.670832027747094967e-02 2.667045101808772009e-02 3.362376203014111331e-02 2.731666455021162371e-02 2.919724655912489183e-02 2.851995645649049033e-02 2.785921683608668861e-02 3.073345503066981024e-02 2.971802863636223077e-02 2.855379040096296325e-02 2.788699521091331235e-02 2.906435807531605048e-02 2.852232587919886764e-02 2.814902465524330225e-02 2.976529603034313784e-02 3.353520842908103844e-02 3.192415884991643693e-02 3.633151869167081799e-02 2.785747099192158183e-02 2.784241182462643058e-02 2.648396536908301582e-02 3.366784084677636874e-02 3.193801221806129298e-02 3.388123633484475122e-02 3.364698205265802267e-02 2.829262303477312820e-02 2.821536626833939104e-02 2.640850769811824150e-02 2.982353596163457576e-02 2.699289450799359849e-02 2.968621950579577312e-02 2.786241681418757596e-02 4.795435665157894711e-02 2.732726675642442246e-02 3.069711029645062761e-02 2.659291082022393130e-02 3.182797770816329225e-02 2.903237611308518221e-02 2.855526458093065809e-02 2.916786356582780348e-02 2.859514587277247125e-02 2.818237741166966862e-02 3.614785251400037119e-02 3.073545983562273737e-02 2.977020669583220133e-02 3.161979931585832265e-02 3.180814687337949614e-02 3.075187959112279240e-02 2.908115621730291214e-02 2.811719174782347647e-02 2.819398254512915994e-02 2.867805898926166497e-02 2.913122967856944523e-02 2.873351434036440152e-02 2.907107837825359531e-02 3.078189506722502772e-02 2.911842214738351656e-02 2.758426646964778212e-02 3.056457387949138363e-02 3.634356560660345625e-02 3.180627107607079257e-02 3.184764924671756176e-02 2.975796316005340295e-02 2.865340061751552037e-02 2.857659294886057133e-02 3.126625353863375645e-02 3.356453468671151408e-02 2.757718787052038795e-02 2.780186818597864956e-02 2.972374135996366448e-02 3.066077762279627306e-02 3.069946402432169666e-02 2.980514759316217968e-02 2.814445112333694224e-02 3.187754041294613844e-02 3.064405476433118905e-02 2.980477884078134090e-02 2.907866303189661147e-02 2.760875610381279335e-02 2.906407768276095954e-02 3.365588229800757503e-02
1.089595094235819815e-02 1.684331147617481456e-02 1.315656632654214203e-02 1.260301979687672609e-02 1.265107339069802654e-02 2.738871145217783645e-02 0.000000000000000000e+00 1.261055483805805302e-02 1.335270566122616701e-02 1.162773277125662801e-02 2.357937705947676585e-02 1.257225163398785484e-02 1.859767196187523189e-02 1.269860249554641621e-02 1.536141319149315031e-02 1.692675608600460041e-02 1.425082177352666839e-02 2.083757169479428031e-02 1.422214527005659715e-02 1.249535068338780350e-02 1.566826373523858354e-02 1.202290041551767191e-02 1.342744327284446475e-02 2.846999214326092001e-02 1.273973734819431811e-02 1.279460008421946446e-02 1.662840033649284205e-02 2.056612097641569506e-02 1.016454528695133822e-02 1.410056290572554369e-02 1.335296126924199848e-02 1.160250999866145778e-02 1.563252387827052808e-02 1.423764596929062189e-02 1.203260687191779615e-02 1.548142076791460611e-02 1.096493990503594890e-02 1.344233774963152044e-02 1.436065712234583895e-02 3.319829141739540079e-02 1.330293932099989827e-02 1.210137475923713825e-02 2.077376031214223789e-02 1.538768845372870744e-02 1.858359430610092081e-02 2.069452206616997914e-02 2.064448970306958023e-02 1.041487529339193280e-02 1.034036578065303420e-02 2.381314759152823590e-02 1.157298953251306717e-02 1.561422384339023264e-02 1.413183165681895954e-02 1.271730065074616958e-02 1.874650596827603238e-02 1.656174908362042716e-02 1.424299928041895119e-02 1.277045883861474898e-02 1.531596874462879884e-02 1.414533591266005016e-02 1.332248808033010927e-02 1.681577901719086277e-02 2.368044415636543984e-02 2.097467470630958244e-02 2.779031775625066467e-02 1.260196108596389579e-02 1.266901800199456314e-02 1.001935677274772007e-02 2.388008781501361685e-02 2.097323157734756055e-02 2.422052999833618561e-02 2.385137082235323780e-02 1.368975264044131404e-02 1.348604412682032246e-02 9.891162449751963320e-03 1.693698516301321566e-02 1.094443939244488934e-02 1.663483800547591387e-02 1.261085834046875125e-02 4.160126543332744176e-02 1.159834490789210179e-02 1.868176022941845857e-02 1.020558275516130105e-02 2.078486056794137324e-02 1.524842365288507466e-02 1.410819374311660795e-02 1.553818458001601441e-02 1.430241538684102684e-02 1.338810329212152851e-02 2.760376265862460321e-02 1.877501763321602971e-02 1.681398679082175829e-02 2.040412319243434594e-02 2.057802089257041583e-02 1.878003218832878518e-02 1.523265820816780032e-02 1.325221467191982708e-02 1.343589033096579191e-02 1.450109632976607013e-02 1.548130828871784742e-02 1.465899423687175296e-02 1.534276432690304462e-02 1.884687203053849944e-02 1.544392151362397603e-02 1.212416792068324312e-02 1.842245873047242827e-02 2.758264253396501206e-02 2.074399032505054585e-02 2.081721471937181961e-02 1.677840616657460746e-02 1.445864657226304806e-02 1.426635065514815330e-02 2.133302087679346190e-02 2.371348034300083465e-02 1.210531627336670392e-02 1.257797752163905894e-02 1.670949551224011620e-02 1.860090321317559720e-02 1.867456038506487906e-02 1.687467275144537496e-02 1.331446191298145225e-02 2.088531292204536330e-02 1.841675535188254734e-02 1.688896436074883295e-02 1.534204059715016562e-02 1.220968813738837477e-02 1.532135172487875119e-02 2.386164562629057573e-02
1.134120714696380122e-02 1.710492632237721466e-02 1.360943669780359695e-02 1.295781815949383770e-02 1.301447987947884979e-02 2.781730059424340762e-02 1.261055483805805302e-02 0.000000000000000000e+00 1.369283325595073431e-02 1.204341564170350459e-02 2.378434665396552197e-02 1.294190138850660581e-02 1.884104170870333841e-02 1.308033328897235947e-02 1.565071474443686592e-02 1.720176299025447109e-02 1.456858791682978833e-02 2.105966132980213387e-02 1.454070728649682967e-02 1.296032356318566579e-02 1.608717078077146270e-02 1.241243068225348148e-02 1.376392458011590006e-02 2.864864399845409859e-02 1.310008223381236604e-02 1.316753562649971600e-02 1.703618628051602885e-02 2.078619210918605451e-02 1.059140766057195884e-02 1.428995653645999397e-02 1.369758264163427504e-02 1.200924861542028259e-02 1.591037416972632471e-02 1.442435849478652943e-02 1.241805920076471774e-02 1.576593351520797631e-02 1.141799378389092567e-02 1.377714915261393260e-02 1.468449733628935348e-02 3.337592831997546194e-02 1.363713827210670179e-02 1.248495106571719145e-02 2.099339489123765515e-02 1.567613976125720870e-02 1.882180502659683979e-02 2.092051556180736169e-02 2.087089419396699272e-02 1.088407048639361378e-02 1.075756499156618751e-02 2.401181959746085184e-02 1.198253995142109334e-02 1.590392754670671288e-02 1.444356998800398230e-02 1.308199951022368662e-02 1.898238407842442466e-02 1.696962856055606386e-02 1.455512359310570485e-02 1.302367235711348117e-02 1.559279338876257311e-02 1.446042340627045480e-02 1.366390125070619799e-02 1.708149574308489779e-02 2.388006816135906235e-02 2.119864827561832726e-02 2.797751246815718268e-02 1.305959563875010686e-02 1.303720427055433256e-02 1.050197672766940704e-02 2.408242572919161092e-02 2.120371213699436680e-02 2.442509473613443949e-02 2.405487727001261872e-02 1.390238677196313846e-02 1.382166920639687178e-02 1.038147392914849469e-02 1.719657787776696090e-02 1.138554798995991546e-02 1.690412620735193619e-02 1.307906476461912285e-02 4.175652739035935757e-02 1.200893188608199817e-02 1.892449269702251025e-02 1.062754538638089295e-02 2.100711117389169810e-02 1.553794981391977241e-02 1.453679975197382304e-02 1.582744943050249167e-02 1.460856399841701028e-02 1.374444965892498635e-02 2.778965663405345496e-02 1.902031357340654150e-02 1.708001950667631039e-02 2.062914975503823967e-02 2.098298929424798412e-02 1.884141711854402101e-02 1.565048236479061466e-02 1.359266407649806739e-02 1.377259590636059107e-02 1.480911041652801206e-02 1.576905568838192148e-02 1.496439328519988919e-02 1.563118607742921759e-02 1.889623982617589029e-02 1.572598693298496095e-02 1.251056647056920761e-02 1.848271890197455622e-02 2.801204416341278661e-02 2.096857316067057136e-02 2.103425555956820250e-02 1.704581147428590321e-02 1.477094442003434871e-02 1.457413457148696960e-02 2.156452117987755698e-02 2.392256280221859502e-02 1.249218320472847768e-02 1.284092966869332213e-02 1.697509073466141674e-02 1.884230413749938063e-02 1.891867134300557682e-02 1.715303457644738391e-02 1.365223996356518602e-02 2.110960043912185266e-02 1.882294508286674883e-02 1.698731017538989904e-02 1.563538201068229161e-02 1.259878590460780830e-02 1.560900158034157249e-02 2.406567591089647448e-02
1.211128202930636041e-02 1.741426693591222388e-02 1.427841730203097993e-02 1.368792560666121094e-02 1.372601322292389160e-02 2.815654983293247246e-02 1.335270566122616701e-02 1.369283325595073431e-02 0.000000000000000000e+00 1.283140839980590267e-02 2.415966792896567794e-02 1.366390417372108368e-02 1.929209604778086076e-02 1.378800706873282121e-02 1.619489217064109046e-02 1.769346469566298458e-02 1.517319618448114034e-02 2.146168143886702240e-02 1.515032028442524215e-02 1.356491574710163607e-02 1.662003955955068668e-02 1.317621799337604684e-02 1.442246373776048113e-02 2.899180919735695403e-02 1.380773945190310464e-02 1.387289888263076171e-02 1.753836276351328910e-02 2.120408723023833875e-02 1.153871655445052984e-02 1.503383680502640152e-02 1.435702055173821920e-02 1.271312732998210182e-02 1.645661672099567319e-02 1.516311174454015864e-02 1.316225478775528285e-02 1.631463181629849712e-02 1.218389340034777175e-02 1.443117269700948391e-02 1.528927938694025351e-02 3.368833464628602503e-02 1.431138017640354483e-02 1.324328114567955086e-02 2.140719384277931306e-02 1.622388602172381011e-02 1.927890329193792870e-02 2.133272141540351607e-02 2.127863606476834354e-02 1.176291497130916089e-02 1.169759559800510017e-02 2.438726648790315310e-02 1.277959731404887909e-02 1.644552019887260408e-02 1.491569809925885615e-02 1.379089614437731259e-02 1.943504803173673121e-02 1.747529604450891519e-02 1.516075327889777544e-02 1.381173256304334650e-02 1.615969531616778809e-02 1.507468428758003236e-02 1.433031376476156908e-02 1.757762667001327994e-02 2.425990368606602277e-02 2.160776159925148834e-02 2.831768475103462260e-02 1.377604744314637163e-02 1.372543772765884296e-02 1.140762735707628005e-02 2.445944382582287968e-02 2.160550553125247311e-02 2.479490773496143344e-02 2.442190713471395838e-02 1.466133817766560217e-02 1.447333088131085889e-02 1.124165680501737312e-02 1.769386406307845924e-02 1.223092853853228849e-02 1.740278763041012630e-02 1.378801242036184309e-02 4.204687771798842899e-02 1.280227061531629199e-02 1.937286377183704972e-02 1.157630940154969965e-02 2.141504064766273918e-02 1.592933677858696800e-02 1.515004260392359935e-02 1.637279160342463430e-02 1.521861366083284740e-02 1.440330030115523005e-02 2.782330903318805046e-02 1.946827416316176604e-02 1.758217030669164196e-02 2.104525345505363701e-02 2.139295494180234319e-02 1.947106531274677560e-02 1.620080789473125546e-02 1.426717346924129444e-02 1.443130896658955872e-02 1.540258742152688341e-02 1.631564980957485311e-02 1.554536537005685518e-02 1.618266641299487274e-02 1.953416229834817330e-02 1.627954691099512893e-02 1.325994325087665252e-02 1.911975300933113978e-02 2.835240597220869962e-02 2.137915910562923280e-02 2.145221759136095238e-02 1.754441397518724521e-02 1.536609064364579530e-02 1.518406479633492567e-02 2.195038888726236204e-02 2.429257018404896648e-02 1.325035985801091207e-02 1.354604611525544837e-02 1.747517426755746534e-02 1.929197023027684477e-02 1.915851335497785468e-02 1.765082777327341146e-02 1.431780053941132148e-02 2.151985016425972744e-02 1.927539219046244326e-02 1.764929602287969648e-02 1.618989478336650689e-02 1.334390454670254626e-02 1.616432921025490188e-02 2.444139061442051133e-02
1.017829036886852036e-02 1.644553923456010258e-02 1.264486861383915667e-02 1.203337668293021946e-02 1.208508781579343758e-02 2.734446562301114797e-02 1.162773277125662801e-02 1.204341564170350459e-02 1.283140839980590267e-02 0.000000000000000000e+00 2.309173501828476471e-02 1.200324488977407185e-02 1.823343454125901653e-02 1.215666869501472180e-02 1.492628928458651118e-02 1.654760088910393195e-02 1.377787429819724019e-02 2.050236113953336076e-02 1.374541162062553612e-02 1.193994480402121687e-02 1.538094233280935634e-02 1.132839831097730808e-02 1.289894458825896310e-02 2.818496304848376252e-02 1.218100003301312434e-02 1.226113247541122178e-02 1.637411586242975073e-02 2.022652331138785620e-02 9.389983287333234646e-03 1.361460927189175191e-02 1.283938817082466710e-02 1.094744862944647783e-02 1.520252541273814546e-02 1.376478952110617507e-02 1.150647221180492105e-02 1.504845815926250489e-02 1.027596281921348310e-02 1.292478317724544967e-02 1.390745726872500039e-02 3.293843605331978064e-02 1.268442387310996303e-02 1.149627398256903785e-02 2.043632629717608007e-02 1.495013128788058761e-02 1.822047946214107317e-02 2.035361212568687420e-02 2.030918616312259173e-02 9.615535789457126115e-03 9.579905080968129441e-03 2.350508140629878340e-02 1.091691925058190307e-02 1.519199193861092527e-02 1.354675159168739276e-02 1.216069058181449593e-02 1.837945850404926543e-02 1.630869696272671185e-02 1.376523698565710989e-02 1.221138845966105238e-02 1.487681068525764302e-02 1.366125848229289563e-02 1.270580695759982066e-02 1.629404390617834875e-02 2.337349408098666342e-02 2.063264659073425766e-02 2.730210561777009562e-02 1.214200520324355305e-02 1.210700419173912044e-02 9.192851558026592096e-03 2.357602851653288825e-02 2.064943697179502657e-02 2.391822029731380250e-02 2.353783198696258322e-02 1.318676343798347306e-02 1.295876578283900772e-02 9.098657502751140644e-03 1.653549587224228262e-02 1.024201813600612333e-02 1.623707412601118824e-02 1.215643768183765488e-02 4.135759173506435571e-02 1.087532334566557873e-02 1.831992946401683406e-02 9.437479286197722125e-03 2.029348503244253824e-02 1.480776318652220376e-02 1.374578178167365494e-02 1.511020940923022381e-02 1.382565736895887028e-02 1.288754567804663818e-02 2.731907643831351859e-02 1.841284853963698342e-02 1.642258089975305244e-02 2.006286781112377390e-02 2.042646738980461937e-02 1.842039500515798775e-02 1.492898833453925114e-02 1.272769614542715137e-02 1.291938386100265936e-02 1.403217335950316010e-02 1.503876886104383616e-02 1.418455618647631970e-02 1.490390160775670672e-02 1.848752105521649786e-02 1.501123175666224142e-02 1.143082782188537157e-02 1.805523440702986454e-02 2.754092173310436487e-02 2.040873618646913551e-02 2.048439152015089221e-02 1.638327519361755524e-02 1.398582212247796545e-02 1.377514633157146673e-02 2.101607294458835568e-02 2.340342386932383126e-02 1.150321044287050051e-02 1.200823382364435421e-02 1.630923383757703141e-02 1.823779303985670341e-02 1.831308352940107589e-02 1.649397633991508613e-02 1.278905523523298296e-02 2.055628648147684104e-02 1.807621155620073305e-02 1.649538801800717880e-02 1.490754966925262465e-02 1.161899284808005570e-02 1.488206397904402734e-02 2.355753318960784881e-02
2.286586078940637881e-02 2.598330688582999731e-02 2.411776420593641362e-02 2.377839882678391137e-02 2.380155635229756414e-02 3.347781314285126070e-02 2.357937705947676585e-02 2.378434665396552197e-02 2.415966792896567794e-02 2.309173501828476471e-02 0.000000000000000000e+00 2.376142413426498776e-02 2.699044672281925364e-02 2.383428647498538749e-02 2.519071921024097424e-02 2.603620327887693625e-02 2.461996619339912665e-02 2.837764905194686479e-02 2.460684723758235770e-02 2.377534988248675499e-02 2.540894086720911493e-02 2.347657160557693051e-02 2.392692835616038599e-02 3.416336426056937325e-02 2.384701236489253709e-02 2.387945448143203100e-02 2.594151045005414075e-02 2.820563383315038974e-02 2.243694816040130505e-02 2.454443691068679267e-02 2.416201004908814093e-02 2.325485341307960072e-02 2.532913371799888624e-02 2.461261675277622019e-02 2.353070478837899354e-02 2.525047941995598941e-02 2.290906346320164058e-02 2.420398473383501142e-02 2.467428589425816471e-02 3.831423085684507179e-02 2.413204514190849664e-02 2.352104661228911209e-02 2.834502875696531810e-02 2.520094012765505820e-02 2.697473447646767455e-02 2.828053543410277704e-02 2.826347760121231470e-02 2.258154924636501457e-02 2.254394094390555631e-02 3.046917149319111270e-02 2.324138092921943996e-02 2.531761088637742019e-02 2.455327944692208345e-02 2.383954339826319102e-02 2.707518439384948641e-02 2.591322740961301066e-02 2.460972806113662092e-02 2.386111391074958316e-02 2.516755938590302388e-02 2.456547437513557572e-02 2.414221330560506126e-02 2.595659271981293550e-02 3.037242486664464697e-02 2.847656693731359309e-02 3.360581857221867780e-02 2.383089356933416544e-02 2.381237802659951983e-02 2.234452189204481215e-02 3.051074631802743950e-02 2.848176249553154016e-02 3.077470116628595528e-02 3.049627177869609213e-02 2.431033290996072529e-02 2.395013843161416731e-02 2.226690706208274764e-02 2.603441441542072785e-02 2.289038754263852948e-02 2.587498283773682906e-02 2.383290299788740768e-02 4.608618580437039147e-02 2.324652126733340457e-02 2.703776979145497764e-02 2.246262228050732029e-02 2.834626586227960432e-02 2.513188262699322939e-02 2.460572991409109428e-02 2.527899059286536909e-02 2.464011019686250872e-02 2.417951888842689509e-02 3.345709973671629617e-02 2.708846016504615900e-02 2.597327506840726302e-02 2.810626696133607799e-02 2.833732403200704339e-02 2.709625671004654152e-02 2.519086461597989240e-02 2.411346255387495849e-02 2.419788444106159286e-02 2.472892968713330530e-02 2.486690550668283969e-02 2.480155711400519603e-02 2.517393737787893340e-02 2.713223792512403643e-02 2.523197263845759764e-02 2.332425963076803152e-02 2.688595262502604250e-02 3.364027532698560946e-02 2.832634592672151133e-02 2.835715563713121432e-02 2.595268537097085090e-02 2.439735079674216350e-02 2.462248118114004208e-02 2.870945130278861404e-02 3.039887445698248938e-02 2.351731173250761614e-02 2.376741894291961588e-02 2.591393580484118234e-02 2.698258057262465856e-02 2.703033980108667661e-02 2.600829720421059255e-02 2.414374135397340596e-02 2.842034169996744686e-02 2.697377441702585033e-02 2.601046985627344585e-02 2.518406356202679622e-02 2.356303343306945935e-02 2.516745470043638480e-02 3.049328154805450511e-02
1.129302904700841582e-02 1.708037720053454805e-02 1.357809349669456336e-02 1.293234205984407879e-02 1.297252195797696239e-02 2.780154279539701415e-02 1.257225163398785484e-02 1.294190138850660581e-02 1.366390417372108368e-02 1.200324488977407185e-02 2.376142413426498776e-02 0.000000000000000000e+00 1.882189217641095161e-02 1.304454124116728557e-02 1.548005236653227784e-02 1.717906965868412628e-02 1.454095093938864713e-02 2.103738319812131774e-02 1.451305360804622420e-02 1.292791866832775603e-02 1.591445085731950371e-02 1.237609138796881385e-02 1.373318076412386769e-02 2.863572216524099684e-02 1.306598402274432823e-02 1.314047318319029080e-02 1.700728805032872964e-02 2.077025250675854778e-02 1.054649659475107894e-02 1.438961578094218388e-02 1.366818606437624969e-02 1.197323461855262679e-02 1.589091085090037561e-02 1.452523342208375881e-02 1.247704059181056757e-02 1.573994576211036611e-02 1.137403678041721058e-02 1.374568408801146030e-02 1.466088460461841859e-02 3.335517926830793012e-02 1.361064089740527880e-02 1.235678962463360002e-02 2.097491628826136587e-02 1.564911393772321774e-02 1.880297440998438332e-02 2.089980532342206737e-02 2.085290370492489179e-02 1.078286925504816536e-02 1.076755352684572765e-02 2.399962622883198074e-02 1.194647425479729123e-02 1.587902821257124522e-02 1.441716401019594446e-02 1.304823808609870996e-02 1.896648284211657071e-02 1.695241296593726077e-02 1.439648728029322908e-02 1.309844767832556156e-02 1.557337220059460889e-02 1.430311611928653144e-02 1.362673128899692838e-02 1.705696488134204186e-02 2.386678079960885546e-02 2.117984148666792604e-02 2.796419760699002041e-02 1.292307261200073380e-02 1.289769481318514023e-02 1.045459709032686181e-02 2.406609482232464903e-02 2.118156111794090510e-02 2.440843418258680647e-02 2.403643289871187569e-02 1.399403490371949228e-02 1.378952322785415366e-02 1.033509736292243311e-02 1.717654880096364245e-02 1.134545228411903452e-02 1.687753116418100677e-02 1.303954735403076680e-02 4.174760396035311766e-02 1.196680427841597359e-02 1.890242823326934371e-02 1.063782692942125477e-02 2.098840686523960677e-02 1.550995919081610622e-02 1.451043434499344267e-02 1.579985235477573621e-02 1.458192229306308312e-02 1.371385287068141619e-02 2.777402360038906670e-02 1.899771854727644663e-02 1.705691508307079912e-02 2.060917431990440946e-02 2.096579231478787331e-02 1.900285657823651622e-02 1.562624876647775510e-02 1.344986752765563003e-02 1.373970373004285497e-02 1.477990175780667138e-02 1.559885343990011913e-02 1.493738981333205852e-02 1.560497120237823096e-02 1.906524401010411401e-02 1.570468520448623298e-02 1.237670790474730553e-02 1.864503593722622102e-02 2.799656654043853124e-02 2.094959007346655980e-02 2.102305116039241903e-02 1.686362772965438461e-02 1.474226624113999205e-02 1.455076055119985078e-02 2.154320134679460833e-02 2.390554027150773586e-02 1.245745176291494262e-02 1.290536269667594445e-02 1.694680462221797093e-02 1.882180423461310426e-02 1.889640686662334701e-02 1.713229194560597982e-02 1.361963480914833886e-02 2.108427899080897450e-02 1.880295600601029557e-02 1.712961485805524278e-02 1.560674694096911459e-02 1.256173688455353155e-02 1.558549187596931958e-02 2.404383968996443369e-02
