0.000000000000000000e+00 8.358823783276129321e-03 8.661882994918605055e-03 8.372688848482230314e-03 8.679542264485166567e-03 9.347251353135780164e-03 7.831973656291041364e-03 8.094549398420049918e-03 7.253300428843286254e-03 8.071599307544086166e-03 9.779285219281289715e-03 8.667970684242345611e-03 9.777038707053493927e-03 8.987456130970881280e-03 8.088539312498364484e-03 7.838477979830813652e-03 8.369951384524681667e-03 8.659455231723086829e-03 1.135739970457836159e-02 7.837374579465291105e-03 8.674440483131906285e-03 9.366617497525882297e-03 9.396821916635319377e-03 9.789547437601357066e-03 8.377887302804571876e-03 9.021298256510166050e-03 9.787815621579112890e-03 8.349114061363757319e-03 7.861950551725001984e-03 1.076456810888699010e-02 8.355583008185748714e-03 9.790358297180206532e-03 6.966487161592887882e-03 8.691375990422656531e-03 9.388188813222309373e-03 9.796322943652176901e-03 9.383564667051369490e-03 1.278825862090275829e-02 7.864150192737111300e-03 8.376848533639314268e-03 9.017468472629335680e-03 8.109334758209688770e-03 8.674135120468542612e-03 9.020156522331190113e-03 9.016838126715050888e-03 9.014770679831271213e-03 8.375269685443265805e-03 1.205673632986037531e-02 7.431340532476938231e-03 7.868663943141370257e-03 8.103560416683110862e-03 9.375711683313423320e-03 8.680355039518432639e-03 1.028026808186332727e-02 8.375765925317637042e-03 9.811500355955998093e-03 7.091540582015215012e-03 9.390961662422986009e-03 8.661905254149988506e-03 8.351054923918129619e-03 8.682215605379932019e-03 8.685451947027630210e-03 9.375015180536752646e-03 7.648368432577898855e-03 8.110100237029828352e-03 9.383298733974377789e-03 7.863248192979984189e-03 9.004739552242770062e-03 7.452546790154676928e-03 8.112527712211775252e-03 9.801247350674632472e-03 9.017486741183312546e-03 9.024170299977370829e-03 9.370299306163613895e-03 1.364026738052348531e-02 8.103023580455972347e-03 8.684910497879080524e-03 7.448950943202255204e-03 9.393229560035486203e-03 7.646440478964980532e-03 8.378840701775629174e-03 8.115126518167094585e-03 8.376920998671863461e-03 8.657943760182437373e-03 8.697661365391346280e-03 7.445602003201055689e-03 9.373026080373485225e-03 9.818195226327944281e-03 9.021457197224309887e-03 1.027199959109083641e-02 7.864214374384295714e-03 8.698256099929174007e-03 8.103620393417712217e-03 1.137509468219053549e-02 9.795645393942235130e-03 8.374827784482802989e-03 9.400302236050988788e-03 8.996127991047585606e-03 7.439226722967946098e-03 8.372806688778974826e-03 9.814607906037393914e-03 8.354359680707865513e-03 9.390112677693502816e-03 8.667121453037433809e-03 7.108780404884633072e-03 8.368538072748966591e-03 1.027318788275809539e-02 9.388745555934623413e-03 7.862258151654321486e-03 1.203378142310042136e-02 9.384366164814913341e-03 9.381992522025600287e-03 9.401059694160093794e-03 7.112630994691860990e-03 7.866002527318968415e-03 8.391736845052790231e-03 1.078115027577108108e-02 8.105549294081320147e-03 8.373866997008583973e-03 8.389254352700336453e-03 7.452823710632958641e-03 8.686889064077624872e-03 9.811731583093128220e-03 8.674545781217580728e-03 9.012416955685777567e-03 8.686624530850735326e-03 9.024047238822515901e-03 8.380079696575433099e-03
8.358823783276129321e-03 0.000000000000000000e+00 9.428181398595903567e-03 9.153670412282089580e-03 9.424092849179598400e-03 1.007686127727233996e-02 8.726128635277091011e-03 8.929441735684603282e-03 8.210011064757764820e-03 8.934125789826073694e-03 1.044281455956717376e-02 9.441959872255852385e-03 1.047438807123983115e-02 9.719721120489525218e-03 8.949269253776606647e-03 8.708378368055665064e-03 9.151092215424211015e-03 9.453331439881969972e-03 1.196656907217252819e-02 8.730757819032240047e-03 9.419412565484001909e-03 1.006338330781914731e-02 1.006904203177912474e-02 1.045265084051960093e-02 9.184926710195112295e-03 9.758610275811499535e-03 1.045124236356317904e-02 9.177659206160629704e-03 8.712344986024859322e-03 1.140186934596311603e-02 9.157163023898290746e-03 1.048597531683382982e-02 7.971697692288951670e-03 9.462804247931526011e-03 1.009293938009236946e-02 1.046858573533606014e-02 1.008859245695291167e-02 1.331471812070105995e-02 8.714003429487577126e-03 9.184132449318795077e-03 9.755322543213849201e-03 8.924970042225246689e-03 9.447410227619214979e-03 9.757426157806503575e-03 9.755163725253241866e-03 9.753103048954200882e-03 9.182729235466554826e-03 1.260920238615769601e-02 8.381628886281598800e-03 8.741286354221871474e-03 8.944838913968813920e-03 1.010331135570637258e-02 9.452943588749970760e-03 1.091949748772983765e-02 9.182942622557869333e-03 1.048308167080708869e-02 8.091342090443194232e-03 1.009498748604232589e-02 9.455892470827280405e-03 9.179488263786615351e-03 9.426336779897792617e-03 9.457330325196688925e-03 1.008092598951023863e-02 8.552200297042948651e-03 8.949874117891483058e-03 1.005680390734918668e-02 8.736276422759949728e-03 9.743611813680507633e-03 8.384901050116395568e-03 8.952367291296687429e-03 1.047318074789412891e-02 9.755428760517919490e-03 9.761327858151364403e-03 1.007600391865176581e-02 1.414199132804881166e-02 8.944041909515669173e-03 9.456475899921990003e-03 8.381626409122254831e-03 1.009679656236337451e-02 8.550219650018750159e-03 9.185584519011268101e-03 8.954648562749229976e-03 9.183862582197827376e-03 9.452238952953172929e-03 9.467997908290531894e-03 8.378657653308098016e-03 1.004728014869379384e-02 1.045542121537471059e-02 9.758623611793464103e-03 1.091175947930417799e-02 8.737176551880722689e-03 9.468460218338109469e-03 8.944571122276308989e-03 1.195566651416505970e-02 1.046773608456837493e-02 9.181943939202264274e-03 1.010348757344025662e-02 9.736026815460614020e-03 8.373274252419694516e-03 9.180162775330865874e-03 1.048527278131910524e-02 9.182391112540766454e-03 1.009426529758582561e-02 9.441011098806699822e-03 8.092771438931828723e-03 9.176528093102048408e-03 1.087749687223433202e-02 1.009310650847448747e-02 8.735789472582690743e-03 1.258690619353968268e-02 1.008915269593635942e-02 1.008713515056900573e-02 1.010430125057641335e-02 8.095992776691245812e-03 8.738809057361608679e-03 9.197082936292925656e-03 1.139104403118460992e-02 8.946453656587241218e-03 9.181161781871172156e-03 9.194625267387781728e-03 8.385071561269467552e-03 9.458336770807315025e-03 1.048277449324147223e-02 9.447739048325973568e-03 9.720660407147297538e-03 9.458298094729760894e-03 9.761173683778830157e-03 9.186889465432751534e-03
8.661882994918605055e-03 9.428181398595903567e-03 0.000000000000000000e+00 9.422152917601912467e-03 9.711208736821349413e-03 1.028061429877053824e-02 9.015697643806880671e-03 9.206847003677052360e-03 8.520080181450524065e-03 9.188284263300471391e-03 1.066498927765334274e-02 9.671255955279943820e-03 1.069961325998775373e-02 9.997316797366718674e-03 9.228760505110842824e-03 9.020855382776011774e-03 9.419753712103124191e-03 9.682398754117095205e-03 1.211740836755374404e-02 8.995443927084260591e-03 9.706632671710032842e-03 1.029795586291517781e-02 1.033639439240770924e-02 1.071039016034765375e-02 9.426236243543236956e-03 1.000657378186051681e-02 1.067273438737619679e-02 9.419922471831617891e-03 9.024941873357764446e-03 1.156554512123109113e-02 9.425242124016146653e-03 1.067541770909302343e-02 8.293958291272886599e-03 9.721784045994812801e-03 1.029595184192401078e-02 1.069416286003004209e-02 1.029168461143646282e-02 1.348893932789940742e-02 9.026881812663742344e-03 9.454244451158949278e-03 1.000391893058618503e-02 9.230158218317813940e-03 9.707000055693576837e-03 1.000565015004870051e-02 1.000327560867856659e-02 1.000133565075850273e-02 9.452689846302961968e-03 1.279177874758010043e-02 8.686005579039741617e-03 9.030603334763033160e-03 9.225041932491179555e-03 1.033978309114607676e-02 9.712020894455457645e-03 1.113396077447958293e-02 9.452981248082348992e-03 1.070800455338193936e-02 8.408475228084400649e-03 1.033202436134125768e-02 9.684981467634867086e-03 9.449747969203196526e-03 9.713770734592170122e-03 9.716558380292552796e-03 1.031824353309010109e-02 8.825805011088943067e-03 9.230707672844029946e-03 1.032542468368234309e-02 9.026124006055517152e-03 9.992546830667546620e-03 8.689934868033401955e-03 9.232764238740375634e-03 1.069909730490316985e-02 1.000395703148317800e-02 1.000965579429863653e-02 1.031391066778813981e-02 1.430727240297600608e-02 9.224779922022899661e-03 9.716404837156411567e-03 8.686786602068541016e-03 1.033422549035856869e-02 8.848040462994609390e-03 9.456171626320827861e-03 9.234923421421225090e-03 9.454532582750705197e-03 9.712001234604342517e-03 9.727354726989156930e-03 8.684174059571433957e-03 1.031627370889280984e-02 1.071413981675512633e-02 1.000741889020610384e-02 1.112640291578170966e-02 9.026985452518799732e-03 9.727774483199162769e-03 9.225445105872368684e-03 1.214918155120234960e-02 1.069397295840735125e-02 9.452716437121528106e-03 1.034058017729254549e-02 9.985347777101308969e-03 8.678942282115801460e-03 9.451012332056796944e-03 1.071104789500634986e-02 9.453086980365109707e-03 1.033146354463561345e-02 9.701212398594762087e-03 8.410212812618781536e-03 9.447340600573566824e-03 1.112742363767977791e-02 1.033025590340855109e-02 9.025420886943380863e-03 1.277031991390345685e-02 1.032645666649614942e-02 1.032424696674018663e-02 1.034124793098176176e-02 8.413297305325426537e-03 9.028499970641043829e-03 9.467043767043707703e-03 1.159524868600361920e-02 9.226997130480345949e-03 9.451968125870527371e-03 9.464853676677445482e-03 8.690056780871304939e-03 9.718171048858106204e-03 1.070830623569643363e-02 9.707534580542308972e-03 9.999403401572007008e-03 9.717820732658874819e-03 1.000954123933803230e-02 9.457132611152531398e-03
8.372688848482230314e-03 9.153670412282089580e-03 9.422152917601912467e-03 0.000000000000000000e+00 9.417661343422889866e-03 1.004046628905223316e-02 8.696119619885428129e-03 8.922965472851939611e-03 8.202627233716810323e-03 8.902119580422928474e-03 1.043758354994906053e-02 9.407517367303545874e-03 1.043599520222325376e-02 9.743098548306537710e-03 8.917553127832855350e-03 8.701283734757292096e-03 9.144756418299685233e-03 9.419589693671877664e-03 1.196205837469803412e-02 8.700544133565657826e-03 9.412912345354226828e-03 1.008887897413065886e-02 1.006331763832359755e-02 1.044757054229939787e-02 9.152208455180266961e-03 9.723243322935738384e-03 1.047874821854457433e-02 9.145126962065052573e-03 8.705798167772504925e-03 1.139703781344023406e-02 9.177162092576048383e-03 1.044773387850446260e-02 7.964877331186283674e-03 9.457385117607446795e-03 1.008788656334618991e-02 1.046389012539434421e-02 1.008345644529708325e-02 1.331146716565298656e-02 8.731432328447572000e-03 9.178402798368472462e-03 9.750238217958442574e-03 8.944051317358493389e-03 9.441845032725914785e-03 9.722942837532982246e-03 9.749959559305396151e-03 9.748141962095229970e-03 9.176935648332369341e-03 1.260504899012436161e-02 8.375090768868501817e-03 8.735152383639076604e-03 8.939027527028279088e-03 1.009836621554812373e-02 9.447356646546471379e-03 1.091567428607757503e-02 9.177014848804551650e-03 1.047793445506607982e-02 8.084385437170271693e-03 1.009006221940329795e-02 9.450389857208800481e-03 9.174006449497744756e-03 9.449118407847109657e-03 9.452012174587446150e-03 1.007576298859776641e-02 8.545474964698649908e-03 8.944567022901568284e-03 1.008324574306541585e-02 8.730549699458809224e-03 9.738697124017979198e-03 8.378509323605063883e-03 8.946734823999276387e-03 1.046846651127492089e-02 9.750347071635641349e-03 9.756275571610005873e-03 1.007132136579022910e-02 1.413872373569032871e-02 8.938515305823449206e-03 9.451475329443063955e-03 8.375480709949199506e-03 1.009232001910679265e-02 8.544149930510733584e-03 9.180155584566635288e-03 8.948993989343310973e-03 9.178456001034033737e-03 9.446981933660834538e-03 9.462881638471329002e-03 8.372516732379002916e-03 1.007377570803653574e-02 1.048408171505642132e-02 9.753937703715367946e-03 1.090743210502487757e-02 8.731365640638082126e-03 9.463319782402359465e-03 8.938978153220025410e-03 1.195178657421335465e-02 1.046330992419380705e-02 9.176535732168457360e-03 1.009888719122277630e-02 9.730777263446194897e-03 8.367133547998607118e-03 9.174752301908556743e-03 1.048088285220913699e-02 9.176748502448454567e-03 1.008946231311653487e-02 9.435638971760298629e-03 8.085930898194195957e-03 9.170920921970552794e-03 1.090837550794505201e-02 1.008842917151794687e-02 8.729798726509611570e-03 1.258301374032839634e-02 1.008428822478524625e-02 1.008211261197462967e-02 1.009943952133318147e-02 8.089280444537870832e-03 8.732941261674920588e-03 9.191400515742362623e-03 1.138707923619053201e-02 8.940681413342189271e-03 9.175753931390947041e-03 9.189222397612963750e-03 8.378784973533979358e-03 9.453177902525285517e-03 1.047822308464758413e-02 9.442230831600386884e-03 9.745460769225368358e-03 9.452942742791400205e-03 9.756004337328746945e-03 9.181153590714218049e-03
8.679542264485166567e-03 9.424092849179598400e-03 9.711208736821349413e-03 9.417661343422889866e-03 0.000000000000000000e+00 1.031065223083744466e-02 9.010744897352800792e-03 9.229616933489101505e-03 8.535846133678167205e-03 9.183855410534350755e-03 1.069788243579225182e-02 9.697318511572855168e-03 1.065987869755989290e-02 9.961667066873196655e-03 9.197744716404296014e-03 8.991310574161489808e-03 9.415716079142643150e-03 9.678678603398896407e-03 1.211442760393243410e-02 8.990859476815165827e-03 9.672859140742368078e-03 1.029408795176196129e-02 1.033308888034880670e-02 1.070717913994551074e-02 9.422333901889746663e-03 9.970682574467001555e-03 1.070522014675853034e-02 9.416250184718859273e-03 8.995451076301922907e-03 1.160239958659206420e-02 9.420891824619715207e-03 1.067218033181959423e-02 8.288972862583759982e-03 9.717786035426216606e-03 1.032639900076166677e-02 1.069072921878488729e-02 1.032167124805203826e-02 1.348616539249716806e-02 9.022203946244141542e-03 9.450202906037487652e-03 9.968084546696526910e-03 9.225467534915772483e-03 9.702720727431359687e-03 9.970132316294844088e-03 9.999620454460376312e-03 9.997443131797047189e-03 9.448202969894004682e-03 1.278891266513562316e-02 8.681715259804564586e-03 9.025938566867185847e-03 9.220810309879133929e-03 1.033640045989663546e-02 9.678673413340752735e-03 1.113050767081648178e-02 9.448812939987999773e-03 1.070438399930474273e-02 8.403578440308864111e-03 1.032841592848181278e-02 9.711459375904524932e-03 9.445802203232125244e-03 9.709705184515488724e-03 9.712612736615836712e-03 1.031436184034146414e-02 8.845118737207486800e-03 9.226187377586052979e-03 1.032156591982941185e-02 9.021463621888943518e-03 9.988804457199596323e-03 8.685057863999135624e-03 9.228242056432538545e-03 1.069528713054096122e-02 9.999916174159849055e-03 1.000585935990354683e-02 1.031004344088282641e-02 1.430444947399690629e-02 9.220331803073829671e-03 9.712275618887628026e-03 8.682031736018256535e-03 1.033046578335346591e-02 8.843263495617538841e-03 9.451652882418497270e-03 9.230402350612402357e-03 9.450234676081454774e-03 9.707872949563203444e-03 9.723238781150979337e-03 8.657365295382564094e-03 1.031240935917466031e-02 1.071046613750743608e-02 1.000338210198698473e-02 1.112300861855986672e-02 9.022326060464399763e-03 9.723567316936182828e-03 9.220918220794814546e-03 1.214601386582577804e-02 1.069038988950231188e-02 9.448339346179753309e-03 1.033681959691818558e-02 9.981128355597529422e-03 8.673927854877066385e-03 9.446708124196470657e-03 1.070728050200440463e-02 9.448439439150855754e-03 1.032751473732712935e-02 9.696905704475509633e-03 8.404974365138831449e-03 9.442880729116151853e-03 1.112390209886028603e-02 1.032650855158437180e-02 9.020830433476966642e-03 1.276709189785783967e-02 1.032250064400181723e-02 1.032057941869847333e-02 1.030348633382033134e-02 8.408183553064236398e-03 9.023823454653263215e-03 9.462487704564299593e-03 1.159202005171138666e-02 9.222465514736656947e-03 9.447510973347256202e-03 9.460401177596049205e-03 8.685108440359461113e-03 9.713908689360006843e-03 1.070488215618215118e-02 9.703314770793856903e-03 9.995276141873898901e-03 9.713521676747764733e-03 1.000526363667119875e-02 9.452675049336599702e-03
9.347251353135780164e-03 1.007686127727233996e-02 1.028061429877053824e-02 1.004046628905223316e-02 1.031065223083744466e-02 0.000000000000000000e+00 9.674106291798890631e-03 9.844922800720993725e-03 9.217208750729188188e-03 9.826991268519387479e-03 1.122622229816497633e-02 1.030158307576513159e-02 1.118345911548649339e-02 1.053787421437812725e-02 9.869666329564865878e-03 9.651902643436125959e-03 1.003858358506452310e-02 1.031213237659450895e-02 1.260714582498540133e-02 9.678796356802759140e-03 1.027311614962056648e-02 1.084384101033992673e-02 1.084873437218762844e-02 1.123550114591797405e-02 1.007596702965036714e-02 1.058186296864337302e-02 1.119260235549116890e-02 1.003828579477130355e-02 9.655638222042739471e-03 1.207731209379799171e-02 1.007511815840453524e-02 1.123552303757169996e-02 9.012811268844980045e-03 1.032018755681088709e-02 1.088020487361306306e-02 1.121923760208396771e-02 1.087637319214794854e-02 1.388942261685677422e-02 9.684605458220672120e-03 1.004393452948220550e-02 1.057933873492579099e-02 9.870329005223717894e-03 1.030658471239944557e-02 1.058103143229872402e-02 1.057898253234436370e-02 1.057722203601067432e-02 1.007389418296737379e-02 1.321521043219586224e-02 9.349042227299368679e-03 9.687673392790427732e-03 9.865745811266495371e-03 1.089000260741171920e-02 1.027786860231277681e-02 1.163154040713085258e-02 1.007425708966564609e-02 1.123219228215456035e-02 9.096990800897545443e-03 1.088248999850323709e-02 1.028036844744286901e-02 1.007152002061875891e-02 1.031290259707885737e-02 1.031546864161820079e-02 1.086912934891625000e-02 9.496591597721978223e-03 9.871065117183346407e-03 1.087671873859035084e-02 9.684085604774107792e-03 1.056922384274384952e-02 9.376507182445995014e-03 9.872917392773851789e-03 1.122410157741656270e-02 1.057955888351528109e-02 1.058493920547923586e-02 1.086567856155598762e-02 1.468649847479145190e-02 9.865635432300491614e-03 1.031539139823586110e-02 9.373737321710155085e-03 1.088464403855350648e-02 9.521232186301567188e-03 1.007698351085052624e-02 9.874885045803230912e-03 1.007562260673026955e-02 1.031133560582531139e-02 1.032541699576025249e-02 9.371229552144460379e-03 1.086814093540179431e-02 1.123827099788258024e-02 1.058275061015396916e-02 1.162496667522067498e-02 9.684875427235872455e-03 1.032579351231814775e-02 9.866249242680652162e-03 1.259710093094281759e-02 1.121932070513970668e-02 1.007399945793975571e-02 1.089052023073569173e-02 1.056230235285129763e-02 9.366442411770465812e-03 1.007243542482968643e-02 1.123525563396417584e-02 1.007402604366304001e-02 1.088207805883810789e-02 1.030148982507609473e-02 9.119677239182321163e-03 1.006908141877531533e-02 1.162591604770866691e-02 1.088092284795831415e-02 9.683456501553826257e-03 1.319425987572371735e-02 1.087743874954415560e-02 1.087537092862282152e-02 1.089112992277364335e-02 9.122633531825420292e-03 9.686063720985817888e-03 1.008708389508905165e-02 1.206859754497294733e-02 9.867669997135768839e-03 1.007322138485892624e-02 1.008506725397897638e-02 9.376595375326835305e-03 1.031677925191007081e-02 1.123250408759666683e-02 1.030717618453779426e-02 1.057531043825768804e-02 1.031668960744507729e-02 1.058482799409518789e-02 1.007802255249686842e-02
7.831973656291041364e-03 8.726128635277091011e-03 9.015697643806880671e-03 8.696119619885428129e-03 9.010744897352800792e-03 9.674106291798890631e-03 0.000000000000000000e+00 8.476219219424636561e-03 7.669465293306467098e-03 8.431614119612492256e-03 1.009371094956579631e-02 8.975116658517624108e-03 1.006235738856482535e-02 9.301959357679859958e-03 8.447512689028772309e-03 8.212792922585570449e-03 8.693593947152470497e-03 9.012966228825775028e-03 1.163783159493995793e-02 8.212153714501034540e-03 8.981424894591343716e-03 9.666247194780907756e-03 9.699667132989678656e-03 1.010388531198691715e-02 8.724711109000249376e-03 9.311735919619933827e-03 1.007280341088196036e-02 8.693771308308281126e-03 8.217664854944075128e-03 1.105536065884869454e-02 8.699883288848362164e-03 1.007538348722183778e-02 7.406039422659766239e-03 9.022462930427096670e-03 9.691113554017350556e-03 1.008546465632725007e-02 9.686366891421488781e-03 1.301618157107780303e-02 8.219253104237886701e-03 8.723473534194290183e-03 9.334173868406571775e-03 8.470902942454878667e-03 9.006025318241435776e-03 9.336703109649683446e-03 9.333837626865877993e-03 9.331454356174143441e-03 8.721670790156189554e-03 1.229543540332895396e-02 7.852844203845523244e-03 8.244532230475823051e-03 8.464988015407610630e-03 9.702201918750852014e-03 8.986959389567512890e-03 1.055544911242330651e-02 8.722163935053059078e-03 1.010027207533807821e-02 7.519363044148578284e-03 9.665592278240129481e-03 8.990424644654564437e-03 8.718776781063431944e-03 9.013577700325259637e-03 9.016424348606347228e-03 9.650325488445687938e-03 8.039133877713674700e-03 8.471399443012467972e-03 9.686096146770621640e-03 8.239586000876734581e-03 9.322082554694967674e-03 7.856819348589680688e-03 8.473770781146616402e-03 1.009016911601565147e-02 9.334225664506281411e-03 9.340538735939653628e-03 9.673482174706801717e-03 1.385824764453364409e-02 8.464722456585664287e-03 9.016371748573137959e-03 7.853439165201120398e-03 9.695687068727205926e-03 8.037027212832725809e-03 8.725398748441030167e-03 8.476160555326598886e-03 8.723613924169414460e-03 9.011395287260042311e-03 9.028454551240319009e-03 7.850246017863134543e-03 9.676103001011709948e-03 1.010651283199859134e-02 9.338122986459250138e-03 1.054753607470330576e-02 8.219412412592587425e-03 9.028835684525530689e-03 8.443149147596251680e-03 1.162606255400090195e-02 1.008466276295922129e-02 8.721515028596832364e-03 9.702608237830740931e-03 9.313617522734695536e-03 7.844335846914983479e-03 8.719702771592507951e-03 1.010324043218143591e-02 8.721908520102667969e-03 9.692689831636640621e-03 8.999435129463028912e-03 7.538097754233167788e-03 8.715568866715791077e-03 1.054878884013309669e-02 9.691434275583075963e-03 8.238919104293919785e-03 1.227316079454589086e-02 9.687242679829146524e-03 9.684851687437545653e-03 9.703339707371272729e-03 7.541739894773151834e-03 8.242349510927225384e-03 8.737712003014945841e-03 1.104439111438014140e-02 8.467374347602533297e-03 8.720858502906178242e-03 8.735361938314704228e-03 7.857158450170591280e-03 9.018152458550192374e-03 1.010033547983141961e-02 9.006484003524869997e-03 9.329551873768578488e-03 9.017938043418913946e-03 9.340708685640332354e-03 8.726673907010760664e-03
8.094549398420049918e-03 8.929441735684603282e-03 9.206847003677052360e-03 8.922965472851939611e-03 9.229616933489101505e-03 9.844922800720993725e-03 8.476219219424636561e-03 0.000000000000000000e+00 7.958033699372616884e-03 8.668921868445401968e-03 1.025173142881341710e-02 9.219236446737503338e-03 1.028112101255632821e-02 9.508731609452415051e-03 8.684168893258330940e-03 8.481769892611162182e-03 8.920583641915216452e-03 9.231123453875056395e-03 1.176472452055663323e-02 8.458716868965366481e-03 9.224962238577395432e-03 9.862786571543729133e-03 9.868147160948434124e-03 1.026137544141374029e-02 8.927669991588661064e-03 9.518525727995717431e-03 1.029118082396111855e-02 8.920751630729691767e-03 8.486055919748172749e-03 1.119297403082008223e-02 8.926498230023225885e-03 1.026246321449615292e-02 7.689708054929290243e-03 9.241132547155110274e-03 9.860608759920496194e-03 1.024441257369784579e-02 9.885775463101664079e-03 1.316539584020578503e-02 8.488263017159899601e-03 8.952156901177983975e-03 9.543440103989381598e-03 8.709431028275415113e-03 9.225260891597511850e-03 9.545337184496760843e-03 9.542853776034926003e-03 9.540963014708518652e-03 8.950712350472062387e-03 1.245155532737973920e-02 8.116780751510076913e-03 8.491833076612175651e-03 8.704020165446911192e-03 9.900852343633378613e-03 9.230921682307949294e-03 1.073645894955771625e-02 8.925701677836697656e-03 1.029023332379915175e-02 7.814235899372329319e-03 9.892934918361644472e-03 9.233965962362453844e-03 8.947621133837267010e-03 9.232424431746948448e-03 9.235406407598961351e-03 9.878100106166137415e-03 8.273386271517508758e-03 8.709525081130655225e-03 9.885793679747132204e-03 8.487294732331876826e-03 9.503361606147451776e-03 8.120738153485832292e-03 8.711952027601273935e-03 1.028045618467490069e-02 9.543363170243802582e-03 9.549605361594730793e-03 9.873527167812460106e-03 1.399996507854827515e-02 8.703258544477031344e-03 9.235092832197153503e-03 8.117467122897036036e-03 9.894938372056688233e-03 8.293057524276713569e-03 8.954082921572893011e-03 8.714301179878180745e-03 8.952628509720719427e-03 9.230430350864045688e-03 9.246808650611362118e-03 8.114486477753687921e-03 9.875918039581974006e-03 1.029628201153827242e-02 9.547197356924592634e-03 1.072866059826600021e-02 8.488109411088682818e-03 9.247260471118927058e-03 8.704097807399958572e-03 1.179017140464500707e-02 1.027517382653103835e-02 8.950426577144674975e-03 9.901830101553014615e-03 9.523494216880756813e-03 8.108882285470143600e-03 8.948718618608792266e-03 1.029315300991163855e-02 8.950981419013468235e-03 9.892159967268261342e-03 9.218782462446574108e-03 7.816162728600591081e-03 8.944741221088653438e-03 1.072975909547073912e-02 9.891094661654012410e-03 8.486390400341960877e-03 1.242939632664722717e-02 9.886704199667598059e-03 9.884524576614940258e-03 9.902543096166468647e-03 7.819526887939066279e-03 8.489867782219124442e-03 8.965985408259590297e-03 1.121692015031844521e-02 8.705782086368352157e-03 8.949750756366201682e-03 8.963725336355888099e-03 8.121042757669014525e-03 9.237052491147160205e-03 1.029028341484979764e-02 9.225595895695590243e-03 9.538501548685520207e-03 9.236674528580108776e-03 9.549494103750413160e-03 8.955354659962938904e-03
7.253300428843286254e-03 8.210011064757764820e-03 8.520080181450524065e-03 8.202627233716810323e-03 8.535846133678167205e-03 9.217208750729188188e-03 7.669465293306467098e-03 7.958033699372616884e-03 0.000000000000000000e+00 7.915396937666487748e-03 9.655361716600925626e-03 8.503345508403991476e-03 9.653121503025233197e-03 8.851536519537560668e-03 7.951847669997461759e-03 7.675814083460181896e-03 8.200364179963670619e-03 8.537869958368067211e-03 1.124989328190658007e-02 7.675326915899107968e-03 8.509871726640673428e-03 9.259565718553890851e-03 9.242911372051954705e-03 9.666023602062777387e-03 8.208254531292109163e-03 8.862216158441215894e-03 9.687560085605400814e-03 8.200355984086891287e-03 7.680874423213577759e-03 1.065147239190342501e-02 8.226687396141652356e-03 9.690476319652441620e-03 6.772460283825432019e-03 8.547807995239084869e-03 9.256931370827186159e-03 9.670645931726520872e-03 9.252240070403120950e-03 1.268782204796659561e-02 7.700849881391091251e-03 8.226706845281135314e-03 8.858381017649723937e-03 7.952808723294907053e-03 8.530393827487518441e-03 8.882894454349539448e-03 8.879510215165326709e-03 8.877454926434479379e-03 8.225065521476830621e-03 1.195207535374059361e-02 7.272025342688735565e-03 7.705254207466093706e-03 7.946618606190442372e-03 9.245812716622872976e-03 8.537049212029565459e-03 1.016052574444402390e-02 8.225358103151132055e-03 9.685888027913425180e-03 6.918294929703229512e-03 9.236808425289542296e-03 8.540223876086860608e-03 8.201949848570708537e-03 8.538588633601134834e-03 8.541798692109333138e-03 9.243473969814649041e-03 7.461466421746476216e-03 7.953291165953007766e-03 9.251827239043735121e-03 7.699730977089670574e-03 8.867099083782040148e-03 7.276430627985867698e-03 7.955883522782449674e-03 9.675675068388567279e-03 8.880182792003562045e-03 8.886699808158687180e-03 9.238506059205444862e-03 1.354434624758874169e-02 7.946250542501785002e-03 8.520689576799833284e-03 7.272537043761509966e-03 9.261882967992421389e-03 7.476420447847373016e-03 8.228743333061682569e-03 7.958517799499655737e-03 8.207093647225790697e-03 8.536102303167677000e-03 8.554334204690337840e-03 7.269074485322341711e-03 9.241192648989298569e-03 9.692553937609970152e-03 8.884220696608267562e-03 1.015195348912171017e-02 7.700819670977329494e-03 8.554740918216096821e-03 7.946837327834688214e-03 1.126527138415542133e-02 9.669912323716080976e-03 8.224618432891779227e-03 9.269164016999561356e-03 8.858345347137990336e-03 7.262554921985846235e-03 8.222557526776530512e-03 9.689021516105423074e-03 8.224915166775769587e-03 9.258726981724644395e-03 8.523270290890574974e-03 6.920359054597211360e-03 8.218092377315274269e-03 1.015318077950500344e-02 9.257581654972533644e-03 7.698896183146156438e-03 1.192886194864511799e-02 9.252989783882129005e-03 9.250410586144829431e-03 9.269931773727225002e-03 6.924435612377061004e-03 7.702763616022062845e-03 8.242098618480703937e-03 1.066639083355090667e-02 7.948895738314939660e-03 8.223802068810192462e-03 8.239470590918566290e-03 7.276808050778431868e-03 8.543393273049652153e-03 9.686309582506737875e-03 8.530814049984755329e-03 8.874817112970228780e-03 8.543067125581530960e-03 8.886775343997770776e-03 8.229991188681977030e-03
8.071599307544086166e-03 8.934125789826073694e-03 9.188284263300471391e-03 8.902119580422928474e-03 9.183855410534350755e-03 9.826991268519387479e-03 8.431614119612492256e-03 8.668921868445401968e-03 7.915396937666487748e-03 0.000000000000000000e+00 1.023552168602132398e-02 9.172853072418220635e-03 1.023316035379669316e-02 9.518004662554613651e-03 8.663156649444890209e-03 8.437264338225787530e-03 8.900195698798527358e-03 9.185699296006004724e-03 1.178620937078731466e-02 8.436456538760371549e-03 9.178583962018925166e-03 9.874255650739053106e-03 9.851234734233098311e-03 1.027656546835048132e-02 8.907693414672165910e-03 9.500041548379538695e-03 1.027433999371380087e-02 8.900281889182881309e-03 8.441759668996543994e-03 1.121190729823355950e-02 8.906280416769284808e-03 1.027662818460724735e-02 7.648067994617020401e-03 9.221715453833517762e-03 9.872574729903799140e-03 1.025880506774045839e-02 9.868198744416314949e-03 1.315203689811548712e-02 8.466048247294329435e-03 8.931885529256068310e-03 9.524421944815382110e-03 8.688106769190746814e-03 9.205616423173752783e-03 9.527134481390303958e-03 9.524257074554854860e-03 9.522117057827652470e-03 8.930419389248614448e-03 1.243813133761295132e-02 8.073545762460556177e-03 8.469853962334534386e-03 8.682466186737434338e-03 9.883386498588709462e-03 9.211472020826434390e-03 1.072078427493780052e-02 8.930708152506544595e-03 1.024222414136027708e-02 7.789617063971941008e-03 9.875002066429336769e-03 9.214503673388481017e-03 8.927405741046376408e-03 9.213263577455580930e-03 9.216051070193954226e-03 9.860127194555054139e-03 8.271767391102909789e-03 8.688515112211454491e-03 9.868089912300204158e-03 8.465182906203043076e-03 9.512729556395383909e-03 8.097355620872019252e-03 8.690790543659140596e-03 1.026349910471753210e-02 9.524821646336530459e-03 9.530956866612559641e-03 9.855680069680985284e-03 1.398742643646713399e-02 8.682201872909460494e-03 9.215597351926108766e-03 8.094039292332634583e-03 9.877285697376269116e-03 8.270410996859916403e-03 8.933871246874294791e-03 8.693148603633241850e-03 8.932107843468619496e-03 9.210856516370784577e-03 9.227250868487626642e-03 8.090950632020858790e-03 9.858334769649420432e-03 1.027962307172523501e-02 9.528527101955872741e-03 1.071253621457043427e-02 8.466040174934226156e-03 9.227875279548221343e-03 8.682694973862110227e-03 1.177558526479335378e-02 1.025820077155522106e-02 8.930092791845825606e-03 9.884041096449061939e-03 9.504627351325444298e-03 8.085256302216145205e-03 8.928239330847910840e-03 1.027621045408286943e-02 8.930262176032854535e-03 9.874344539157668341e-03 9.199161347614536952e-03 7.791323649240407268e-03 8.924251156870928806e-03 1.071365025705797204e-02 9.873281632597978585e-03 8.464383004381426448e-03 1.241552358379984997e-02 9.869020769620236513e-03 9.866782768013917376e-03 9.884624629569214310e-03 7.794821862689308399e-03 8.467674961955259927e-03 8.945404767547982319e-03 1.120156210655906016e-02 8.684461503553689288e-03 8.929202728501402231e-03 8.943302001503712281e-03 8.097513557640592316e-03 9.217367472607349704e-03 1.027348448055114515e-02 9.205923040198616542e-03 9.519918793308372595e-03 9.217111468101342464e-03 9.530827862136768622e-03 8.934898352532178942e-03
9.779285219281289715e-03 1.044281455956717376e-02 1.066498927765334274e-02 1.043758354994906053e-02 1.069788243579225182e-02 1.122622229816497633e-02 1.009371094956579631e-02 1.025173142881341710e-02 9.655361716600925626e-03 1.023552168602132398e-02 0.000000000000000000e+00 1.065403681748990951e-02 1.156834289741395100e-02 1.094788248948061482e-02 1.027862763644077360e-02 1.009799102268602033e-02 1.043582839073067987e-02 1.066302570937814956e-02 1.284595822327230970e-02 1.006844338973877061e-02 1.065875585823677744e-02 1.120011737094817397e-02 1.120435118915460125e-02 1.153318500941405249e-02 1.047469320584549536e-02 1.095557936369812198e-02 1.157632905758341872e-02 1.043591733703943050e-02 1.010193960229873074e-02 1.238776916578943413e-02 1.044038148408261112e-02 1.153430715291644919e-02 9.462713276861371703e-03 1.070764323206341122e-02 1.124015485493468428e-02 1.156396455281251574e-02 1.123635590606523321e-02 1.415096610392203857e-02 1.010364016924818371e-02 1.047533299824219589e-02 1.095386841459319686e-02 1.028013683679233209e-02 1.069478972616453444e-02 1.095557161730505852e-02 1.095326834946889344e-02 1.095188271512767195e-02 1.047377606104247724e-02 1.349177574218182220e-02 9.806943031149810419e-03 1.010661753703563127e-02 1.027600456254073279e-02 1.124922344486153393e-02 1.069938586858290054e-02 1.195894815256472003e-02 1.047410551103877645e-02 1.157613304326616382e-02 9.563415341489082261e-03 1.124235447650301020e-02 1.070202950655354743e-02 1.043808469714107602e-02 1.070081978027192897e-02 1.070326132734218325e-02 1.123007587977426294e-02 9.922006168820557068e-03 1.028069328621297393e-02 1.123637840600396655e-02 1.010286139522384614e-02 1.094406964276730364e-02 9.809774943053926888e-03 1.028243914773966684e-02 1.156809275299509714e-02 1.095389064834432526e-02 1.095884067934069228e-02 1.122631038751840948e-02 1.493279061268808910e-02 1.027551837751982701e-02 1.070284801003461815e-02 9.807286598187617624e-03 1.124422008956450780e-02 9.947833466579791839e-03 1.047651062453865134e-02 1.028431138582650874e-02 1.047506296893330885e-02 1.069898501983365495e-02 1.071236663352835745e-02 9.804893989173677285e-03 1.122834858372254857e-02 1.158145700796202847e-02 1.095693241699585013e-02 1.195207139451412437e-02 1.010361565129845596e-02 1.071272033044215650e-02 1.027611256334086225e-02 1.289047748334101913e-02 1.156352955305019886e-02 1.047354273879637018e-02 1.124982323950993353e-02 1.093749353886324868e-02 9.800336696936832667e-03 1.047205943966481555e-02 1.157875921357113570e-02 1.047384247681294907e-02 1.124178510373778812e-02 1.068966812947959658e-02 9.564893004359089138e-03 1.046887447229942134e-02 1.195294308997552069e-02 1.124089946048727195e-02 1.010227564138908504e-02 1.347129919832094555e-02 1.123736465398378001e-02 1.123538348210172469e-02 1.125038957289898646e-02 9.567595570348046488e-03 1.010495057473833648e-02 1.048596850836163406e-02 1.237908876213223222e-02 1.027746981780256093e-02 1.047289626868075363e-02 1.048405059604536754e-02 9.810007302811033988e-03 1.070424076787164502e-02 1.157645330703486672e-02 1.069515166349818171e-02 1.094969587844337768e-02 1.070408962851209130e-02 1.095891022393005038e-02 1.047736538645532324e-02
8.667970684242345611e-03 9.441959872255852385e-03 9.671255955279943820e-03 9.407517367303545874e-03 9.697318511572855168e-03 1.030158307576513159e-02 8.975116658517624108e-03 9.219236446737503338e-03 8.503345508403991476e-03 9.172853072418220635e-03 1.065403681748990951e-02 0.000000000000000000e+00 1.068756148599863710e-02 9.984168924987811902e-03 9.187626864948381100e-03 8.980637002783488365e-03 9.405320670095225835e-03 9.669221357582429358e-03 1.214946858699200022e-02 8.979856808818209926e-03 9.662445595402666815e-03 1.031908159049260351e-02 1.032432022548612598e-02 1.069906451962743602e-02 9.412043032889163760e-03 9.961581685928323424e-03 1.066097725628301247e-02 9.405485406148585137e-03 9.009401591246078353e-03 1.155430744531116272e-02 9.439150314464970007e-03 1.069911370106098845e-02 8.258561130801542541e-03 9.707456351574659734e-03 1.031659535188164320e-02 1.068197065065376074e-02 1.031240552965075226e-02 1.347913497468322154e-02 9.010805859914381225e-03 9.439231036231513633e-03 9.989775013385462227e-03 9.214489570195537674e-03 9.692539483167537245e-03 9.992650237570609509e-03 9.989555033826095359e-03 9.987780511663938571e-03 9.437841469362199046e-03 1.278197636444444035e-02 8.647680442343321297e-03 9.014604539349539702e-03 9.183355776387383887e-03 1.032692741309507167e-02 9.668367520870616363e-03 1.112239935992787032e-02 9.438020506359251494e-03 1.069572313583114741e-02 8.391080129425618206e-03 1.028504367851020007e-02 9.700995387382537957e-03 9.435028957862525226e-03 9.699483098134235176e-03 9.672648111918294780e-03 1.030452967473840555e-02 8.833473186210071340e-03 9.215304749790993732e-03 1.031244563728265888e-02 9.010243083264585576e-03 9.979026779863594057e-03 8.673283916769124538e-03 9.217363337872888640e-03 1.068665238099142031e-02 9.990389640382353609e-03 9.964274085068718090e-03 1.030077250311686732e-02 1.429812505941081835e-02 9.209644183044009974e-03 9.702238981273586874e-03 8.670251437153607063e-03 1.032112452654057426e-02 8.831866868410401597e-03 9.441278333282067739e-03 9.219510507125758259e-03 9.439638446772187150e-03 9.697911614712789383e-03 9.713059919475488385e-03 8.667621087396932059e-03 1.030327578914397822e-02 1.070198406968535937e-02 9.993856647919489508e-03 1.111453764663071324e-02 9.011018895555864688e-03 9.713479163640582545e-03 9.209932132388444492e-03 1.213867097438786104e-02 1.068147598653023354e-02 9.437815033369814297e-03 1.032766149495119475e-02 9.971490766554453114e-03 8.662329934266388073e-03 9.436255652181901529e-03 1.069875657756012843e-02 9.438425595979642660e-03 1.031852743824338524e-02 9.687013777940220449e-03 8.393038625460813584e-03 9.432575741885912413e-03 1.111588933420204831e-02 1.031732328037480301e-02 9.009545106745699833e-03 1.276036452814785505e-02 1.031351138977741611e-02 1.031140397099447777e-02 1.032832986866995262e-02 8.396126995015303074e-03 9.012761586423343255e-03 9.452220132564454966e-03 1.158415308020884979e-02 9.211722892374155786e-03 9.437132413823738283e-03 9.450134955852739632e-03 8.673520002314241348e-03 9.703876975557272286e-03 1.069616100616845901e-02 9.693263045457816904e-03 9.985969304734592517e-03 9.703661304195219939e-03 9.995998429239639355e-03 9.442391977781032855e-03
