0.000000000000000000e+00 1.920761612488158798e-02 2.356885026395608151e-02 2.098262563931718727e-02 1.614222113331204370e-02 3.086160530075823805e-02 2.887746434717329558e-02 3.086160530075823805e-02 3.086160530075823805e-02 2.472794210566568035e-02 2.544750125372308505e-02 2.544750125372308505e-02 2.460052672270229140e-02 2.337693535422097693e-02 2.777315931804411053e-02 2.677664336925093119e-02 2.677664336925093466e-02 2.777315931804411053e-02 2.736795742213748994e-02 2.555999839213857552e-02 2.676023549148017627e-02 2.562403189606056800e-02 2.729506875751923356e-02 2.892830070976004642e-02 3.481151585135195542e-02 2.712632619644366611e-02 2.843466839967667345e-02 2.843466839967667345e-02 2.770200816639339925e-02 2.566111811847717611e-02 2.484264200728735980e-02 2.645959573705577994e-02 2.254226466653467403e-02 2.331840808646338387e-02 2.331840808646339080e-02 2.162025204772649936e-02 2.349646039869345351e-02 2.423452515785342112e-02 2.423452515785341765e-02 2.259550926873813911e-02 2.191455240788275569e-02 2.433086032557663786e-02 2.302743450858008370e-02 2.386413913377361667e-02 2.356166052231586580e-02 2.216313450056639489e-02 2.108437647112770472e-02 2.433086032557663786e-02 2.735920094220384291e-02 2.552290378115564320e-02 2.735920094220384291e-02 2.913688524605650282e-02 2.360848229119586958e-02 3.105699728440781959e-02 3.105699728440781265e-02 3.105699728440781959e-02 2.684209707936611317e-02 2.509235733816422842e-02 2.598838482646670389e-02 2.404609855781563582e-02 2.475995123965291783e-02 2.275275404275880348e-02 2.475995123965291783e-02 2.459712677459698418e-02 2.459712677459698765e-02 2.342719451244817605e-02 3.315893220590093032e-02 3.397195048571982623e-02 3.397195048571982623e-02 3.397195048571982623e-02 2.960838995969605064e-02 2.812786172943403107e-02 2.812786172943402760e-02 2.812786172943403107e-02 2.608070220058126415e-02 2.467561156237981640e-02 2.467561156237981987e-02 2.305722612063305227e-02 2.327530479831894580e-02 2.169269447073826629e-02 2.197767711624264847e-02 5.922854412654462303e-02 5.922854412654460915e-02 6.530651911960583256e-02 2.251163130227477188e-02 2.334895890457527531e-02 2.581101130972332514e-02 2.554106019081494802e-02 2.726580550590625845e-02 2.715434003084623085e-02 2.726580550590625845e-02 2.562978850766788400e-02 2.340356656732179436e-02 2.430573122670733402e-02 2.374672433851490738e-02 2.299316956681225765e-02 2.515994816161675265e-02 2.322905293817281377e-02 2.723840958355584416e-02 2.545751624854079159e-02 2.478820786625014067e-02 2.545751624854079159e-02 2.502079293143733701e-02 3.149043090927454436e-02 2.502079293143733701e-02 2.782366114062596874e-02 2.782366114062596874e-02 2.782366114062597220e-02 2.284540519400861738e-02 2.327145079939161448e-02 2.499940552834471058e-02 2.499940552834471058e-02 2.408915118444606915e-02 2.408915118444606915e-02 2.308852842019325918e-02 2.625357844621009282e-02 2.625357844621009282e-02 2.494154628792808262e-02 2.413167701503993179e-02 2.368553773928137179e-02 3.563143050756380908e-02 3.563143050756380908e-02 2.782977865530143410e-02 2.701604936902608778e-02 2.822017589057963793e-02 2.822017589057963446e-02 2.885704847706680246e-02 2.416991683411760794e-02 2.339048816558352353e-02 3.243841100849188114e-02 3.286426377241153524e-02 3.286426377241153524e-02 3.286426377241153524e-02 2.577268282007388195e-02 4.429422942245468675e-02 2.534056264570937189e-02 2.951705555381500118e-02 2.951705555381500118e-02 3.847595589513574249e-02 3.823966988944391132e-02 3.847595589513574943e-02
1.920761612488158798e-02 0.000000000000000000e+00 2.689775806594757457e-02 2.794426667530133107e-02 2.325584773170986247e-02 2.594671382873048673e-02 2.350491637130483827e-02 2.594671382873049367e-02 2.594671382873048673e-02 1.718218135445327352e-02 1.813000541941819227e-02 1.813000541941819574e-02 1.735916343853366461e-02 1.493288243500645249e-02 2.182243684575990716e-02 2.052609967335482233e-02 2.052609967335482233e-02 2.182243684575990716e-02 2.121900828936701400e-02 1.871142263458401914e-02 2.035431674376440500e-02 1.880592657171540130e-02 2.077851941424652127e-02 2.362942178345106559e-02 3.065574705752981827e-02 2.094677303144068872e-02 2.288284553884086664e-02 2.288284553884087011e-02 2.194872760357103117e-02 1.878479364379690569e-02 1.766690596570635527e-02 2.017768893278160114e-02 1.082482362678990548e-02 1.211879174374427479e-02 1.211879174374427479e-02 1.096986531410159595e-02 1.469926158181438999e-02 1.575195000716999097e-02 1.575195000716999097e-02 1.356328366329431941e-02 1.273572903775030928e-02 1.636353309779061196e-02 1.409380029987348203e-02 1.579885064741552714e-02 1.527257461356791753e-02 1.310669213917450664e-02 1.110605755227683962e-02 1.636353309779061196e-02 2.103203601598663264e-02 1.877975766472756922e-02 2.103203601598663611e-02 2.384381331344342242e-02 1.573146668898891057e-02 2.619387673448754505e-02 2.619387673448754159e-02 2.619387673448754505e-02 2.019102978215056576e-02 1.769602219237139881e-02 1.931197279430435162e-02 1.615233577501661716e-02 1.714334980729136440e-02 1.432648646339745174e-02 1.714334980729136440e-02 1.668461466872257076e-02 1.668461466872257423e-02 1.492870141294404436e-02 2.876352401696963268e-02 2.970161119412339026e-02 2.970161119412338332e-02 2.970161119412339373e-02 2.449670150737002366e-02 2.231744553087986957e-02 2.231744553087987651e-02 2.231744553087987651e-02 1.963056128720850821e-02 1.695890431274365423e-02 1.695890431274365423e-02 1.456666538792632595e-02 1.502351365588591725e-02 1.091798765777450726e-02 1.120265343938510808e-02 5.629300584510854577e-02 5.629300584510854577e-02 6.255899412923421332e-02 1.293925417348716460e-02 1.502640955610053987e-02 1.921506896041192194e-02 1.870491178858514625e-02 2.111092792714593103e-02 2.098010260773293389e-02 2.111092792714593103e-02 1.894244721963795827e-02 1.502295061804177767e-02 1.653780117497328714e-02 1.554743142660703313e-02 1.450017248126099847e-02 1.800106958443585883e-02 1.493936923383038656e-02 2.084753905127835483e-02 1.820279145818811881e-02 1.732569432782402746e-02 1.820279145818812228e-02 1.766566856695545376e-02 2.678659817331901713e-02 1.766566856695545029e-02 2.853814663659068676e-02 2.853814663659069023e-02 2.853814663659069023e-02 1.438250341040998338e-02 1.513961815336121487e-02 1.751121673546244747e-02 1.751121673546245094e-02 1.637494917006122527e-02 1.637494917006122527e-02 1.474741656582359214e-02 1.963262302838581636e-02 1.963262302838581636e-02 1.736219689768051314e-02 1.621603185653896009e-02 1.549491139509370265e-02 3.158556968352239230e-02 3.158556968352239230e-02 2.207491717533378167e-02 2.093382669101427271e-02 2.249654982296098171e-02 2.249654982296097824e-02 2.350836997706286235e-02 1.621276456478715211e-02 1.526980573669914354e-02 2.777674149718583826e-02 2.840118031248445654e-02 2.840118031248445654e-02 2.840118031248444960e-02 1.856434316544597340e-02 4.074815302510556569e-02 1.785834636429493513e-02 2.431341114581487411e-02 2.431341114581487411e-02 3.885615072727247737e-02 4.020790412534989977e-02 3.885615072727247737e-02
2.356885026395608151e-02 2.689775806594757457e-02 0.000000000000000000e+00 3.303578636352640790e-02 2.982362042244941433e-02 3.501254972406834393e-02 3.332568606538113126e-02 3.501254972406834393e-02 3.501254972406834393e-02 3.013124891235730018e-02 3.076305110645081997e-02 3.076305110645081997e-02 2.995272945755105345e-02 2.902510084216605030e-02 3.254986445689916214e-02 3.169873792483220848e-02 3.169873792483220848e-02 3.254986445689916214e-02 3.223135907012971563e-02 3.074226740144463815e-02 3.175414937217358596e-02 3.079412161989965313e-02 3.235483310786352318e-02 3.335067507090236361e-02 3.837990747790721857e-02 3.206545531709240060e-02 3.303498600527966789e-02 3.303498600527966789e-02 3.240518419221975061e-02 3.088747547068804514e-02 3.016695226090963453e-02 3.149259226058547662e-02 2.882549461872523089e-02 2.955335500564936629e-02 2.955335500564936629e-02 2.773282598780187763e-02 2.920463583053010959e-02 2.985962061767051881e-02 2.985962061767051881e-02 2.837413893605571572e-02 2.774538352495266660e-02 2.985933543061209186e-02 2.879928233732637413e-02 2.942595206664260291e-02 2.918480391979407645e-02 2.797111590302554796e-02 2.705891655253243183e-02 2.985933543061209186e-02 3.232886000329723147e-02 3.065366950308309052e-02 3.232886000329722453e-02 3.353454046318716381e-02 2.915962046767525684e-02 3.517109279274988759e-02 3.517109279274988759e-02 3.517109279274989453e-02 3.194229446525764099e-02 3.046586863230128089e-02 3.112263022337709295e-02 2.957088463589096355e-02 3.019457736359208375e-02 2.842528391067586369e-02 3.019457736359208375e-02 3.009170391426448446e-02 3.009170391426448446e-02 2.908666431981156777e-02 3.688577876733335759e-02 3.761605469432299786e-02 3.761605469432299093e-02 3.761605469432299093e-02 3.391877136145596272e-02 3.283149031397888939e-02 3.283149031397888939e-02 3.283149031397888939e-02 3.109625719813961797e-02 3.013490082716338211e-02 3.013490082716338211e-02 2.873461061414796583e-02 2.890232854447171568e-02 2.785337928065103816e-02 2.814830730380346938e-02 6.149992818775750630e-02 6.149992818775750630e-02 6.737898462634518693e-02 2.840558470941430963e-02 2.897765544886935288e-02 3.089429425071632193e-02 3.072630226852370722e-02 3.214699718468091993e-02 3.203590000153017786e-02 3.214699718468091300e-02 3.080037317179843553e-02 2.905456973817686916e-02 2.978684952635210839e-02 2.934726143971452469e-02 2.867829305577541260e-02 3.046590319287958981e-02 2.886833648632883970e-02 3.224510709744386749e-02 3.076137006322857831e-02 3.017188211307312087e-02 3.076137006322857831e-02 3.039699655239005982e-02 3.547046224437693657e-02 3.039699655239005982e-02 1.471988348003484999e-02 1.471988348003484999e-02 1.471988348003484999e-02 2.852456057888291471e-02 2.888824620836014101e-02 3.038965628883092199e-02 3.038965628883092199e-02 2.958314277588027993e-02 2.958314277588027993e-02 2.874696686582650304e-02 3.134912279646653172e-02 3.134912279646653172e-02 3.035245507199691925e-02 2.964971012833265279e-02 2.928029325925886675e-02 3.912900597199996805e-02 3.912900597199996805e-02 3.252113726030423507e-02 3.187354327961614692e-02 3.289363272318023695e-02 3.289363272318023695e-02 3.332016800297155079e-02 2.971398523684574619e-02 2.899449768896134039e-02 3.653841940701225283e-02 3.666891190487982233e-02 3.666891190487982233e-02 3.666891190487982927e-02 3.108716807711614516e-02 4.726984124872509602e-02 3.073846494611971042e-02 3.390342218193977825e-02 3.390342218193977825e-02 4.407017167936220364e-02 4.479114443423045516e-02 4.407017167936220364e-02
2.098262563931718727e-02 2.794426667530133107e-02 3.303578636352640790e-02 0.000000000000000000e+00 1.952910562012366222e-02 3.624395598134110691e-02 3.459285144644731746e-02 3.624395598134111385e-02 3.624395598134110691e-02 3.146470524135152463e-02 3.207947286608384130e-02 3.207947286608384824e-02 3.128926628559117878e-02 3.038182964431171765e-02 3.384497957057595874e-02 3.301181249822005004e-02 3.301181249822005004e-02 3.384497957057595874e-02 3.353409367790251977e-02 3.207169850376806464e-02 3.306189301457244240e-02 3.212256520234751250e-02 3.363438925850112393e-02 3.459488466777901200e-02 3.947315084208021657e-02 3.335363824550171413e-02 3.430005257445141453e-02 3.430005257445141453e-02 3.368627969737509470e-02 3.219426187767928521e-02 3.149761574080878895e-02 3.273592653363525257e-02 3.007429482119849257e-02 3.076249617448031590e-02 3.076249617448031590e-02 2.908614086779086685e-02 3.054411660079761268e-02 3.117657258343271495e-02 3.117657258343271495e-02 2.974986891407821465e-02 2.915276999651997616e-02 3.119464687652236112e-02 3.015504384497486381e-02 3.077742869331870010e-02 3.054153783299375785e-02 2.936944585693111037e-02 2.848519885419118977e-02 3.119464687652236112e-02 3.361747721786637055e-02 3.199084848293158589e-02 3.361747721786637055e-02 3.479470924303053325e-02 3.052091373713885364e-02 3.639604989925832729e-02 3.639604989925832729e-02 3.639604989925832729e-02 3.323296665218092999e-02 3.178752112993584594e-02 3.243519801745069209e-02 3.091937558953317469e-02 3.152480329739332926e-02 2.981355552367758593e-02 3.152480329739332926e-02 3.141872790299736484e-02 3.141872790299736484e-02 3.044272882538780201e-02 3.798928682116419625e-02 3.870611022305617960e-02 3.870611022305617960e-02 3.870611022305617960e-02 3.513553120175532535e-02 3.412121948113249620e-02 3.412121948113249620e-02 3.412121948113249620e-02 3.242201480074961839e-02 3.146500201432460980e-02 3.146500201432460980e-02 3.010700137794835793e-02 3.027176591432279018e-02 2.919418976142250030e-02 2.946839393693159379e-02 6.209274650773997928e-02 6.209274650773998622e-02 6.794569831400525117e-02 2.976433281718207646e-02 3.034142609776750363e-02 3.222250529825574500e-02 3.205441658042148395e-02 3.344739920933811200e-02 3.334030040457890837e-02 3.344739920933811200e-02 3.211310196616272428e-02 3.041478638871378953e-02 3.113029041843816749e-02 3.069842156944993170e-02 3.005307118229140831e-02 3.179426498205810414e-02 3.023800477191781327e-02 3.353205360473213853e-02 3.208011507821790370e-02 3.150654311903311466e-02 3.208011507821790370e-02 3.172143686359614467e-02 3.665320823307237352e-02 3.172143686359615161e-02 3.566778844625770328e-02 3.566778844625771022e-02 3.566778844625770328e-02 2.990771406349038500e-02 3.025730832455188549e-02 3.171621328441904392e-02 3.171621328441904392e-02 3.093216349054779893e-02 3.093216349054779893e-02 3.012043883069736791e-02 3.266183686624657412e-02 3.266183686624657412e-02 3.167819901144053318e-02 3.099528158082834328e-02 3.063476975746123182e-02 4.021040969647360352e-02 4.021040969647359659e-02 3.380866742835954286e-02 3.317766641283301926e-02 3.417689117793904635e-02 3.417689117793904635e-02 3.457175357469894489e-02 3.105381697136387273e-02 3.036092110799492802e-02 3.746277694280545495e-02 3.782270141446657935e-02 3.782270141446657935e-02 3.782270141446657935e-02 3.238829249406081912e-02 4.795697877383101743e-02 3.204794078231239240e-02 3.514096520994738904e-02 3.514096520994738904e-02 3.297673695716396569e-02 2.937445049360490681e-02 3.297673695716396569e-02
1.614222113331204370e-02 2.325584773170986247e-02 2.982362042244941433e-02 1.952910562012366222e-02 0.000000000000000000e+00 3.277931080606674014e-02 3.092059437999455582e-02 3.277931080606674707e-02 3.277931080606674707e-02 2.711878482831721338e-02 2.777504303428696489e-02 2.777504303428696489e-02 2.698897729349762631e-02 2.593013982081149651e-02 2.988625215396122428e-02 2.896707619598427527e-02 2.896707619598427527e-02 2.988625215396122428e-02 2.950924087696515236e-02 2.785604200103108594e-02 2.895360390590445698e-02 2.791407167094764677e-02 2.945910229412739695e-02 3.096877119948746038e-02 3.654391120850458002e-02 2.929267107457756911e-02 3.050332734546964616e-02 3.050332734546964616e-02 2.982450513550244722e-02 2.795359797945637728e-02 2.720610794736989455e-02 2.867870640223080941e-02 2.553025477213173577e-02 2.626037734545335484e-02 2.626037734545335484e-02 2.451522170388665406e-02 2.606743704904651224e-02 2.673834727900679248e-02 2.673834727900679248e-02 2.523471540950482025e-02 2.459524621685126033e-02 2.676080902505755671e-02 2.563067269982327590e-02 2.633573526600752057e-02 2.606599019823860677e-02 2.481696455633858323e-02 2.388899676225445315e-02 2.676080902505755671e-02 2.950951131241805886e-02 2.781643426915480360e-02 2.950951131241805886e-02 3.116370537485553538e-02 2.609996395341528802e-02 3.296455285313096978e-02 3.296455285313097672e-02 3.296455285313097672e-02 2.904030490626791777e-02 2.745198225360807182e-02 2.825238874363367528e-02 2.649457208129499600e-02 2.714099760791558250e-02 2.532668197477346006e-02 2.714099760791558250e-02 2.701221364186441251e-02 2.701221364186441251e-02 2.596170278044485080e-02 3.498264750831546477e-02 3.575136516688481175e-02 3.575136516688481175e-02 3.575136516688481175e-02 3.160650132534861129e-02 3.021510655867449754e-02 3.021510655867449754e-02 3.021510655867449754e-02 2.832950135875895656e-02 2.706821316950499060e-02 2.706821316950499060e-02 2.561440163159375491e-02 2.580273652974656579e-02 2.459991612786649462e-02 2.488041201634356991e-02 6.059168308818382170e-02 6.059168308818382170e-02 6.659527883600588338e-02 2.520785882334091940e-02 2.588421811543688625e-02 2.808337304586065036e-02 2.783989900584007623e-02 2.941949663406315599e-02 2.931634683969406088e-02 2.941949663406315599e-02 2.792578573722744040e-02 2.592512005349164109e-02 2.672703257514797218e-02 2.623182447494727329e-02 2.555260704641889105e-02 2.749649165760131506e-02 2.576070073675439803e-02 2.939846092722997462e-02 2.777589379525564547e-02 2.716571194566642228e-02 2.777589379525564547e-02 2.737687024617877982e-02 3.338682518639431857e-02 2.737687024617877982e-02 3.250095925270378439e-02 3.250095925270378439e-02 3.250095925270378439e-02 2.541399130141827264e-02 2.579935297501076072e-02 2.735605851250936735e-02 2.735605851250936735e-02 2.653384459267765783e-02 2.653384459267765783e-02 2.563698693782180335e-02 2.849131929882008779e-02 2.849131929882008779e-02 2.730801100802007081e-02 2.657510059885676013e-02 2.618026047779128604e-02 3.732195919026205788e-02 3.732195919026205788e-02 2.994084667279159687e-02 2.918919544182510192e-02 3.030141392010391593e-02 3.030141392010391593e-02 3.089961389864975469e-02 2.661377824920982751e-02 2.590515204977239527e-02 3.431671952362747718e-02 3.468724076453181399e-02 3.468724076453181399e-02 3.468724076453180705e-02 2.807826759660571325e-02 4.586841225324478355e-02 2.767801139929143214e-02 3.151369438651176191e-02 3.151369438651176191e-02 3.873220694513841017e-02 3.805635402738205553e-02 3.873220694513841017e-02
3.086160530075823805e-02 2.594671382873048673e-02 3.501254972406834393e-02 3.624395598134110691e-02 3.277931080606674014e-02 0.000000000000000000e+00 1.419774193144398081e-02 1.333035408011151030e-02 1.333035408011151030e-02 2.816043457972602568e-02 2.879666128848853285e-02 2.879666128848853285e-02 2.802088645799558075e-02 2.705069360430269534e-02 3.071477802622706033e-02 2.983531563845976189e-02 2.983531563845976189e-02 3.071477802622706033e-02 3.029493076843445612e-02 2.875054907522905934e-02 2.978615895127008709e-02 2.871335371364267669e-02 3.038027920678215699e-02 3.173867434127180392e-02 3.715932199695366062e-02 3.013678793094190164e-02 3.130969930131505957e-02 3.130969930131505957e-02 3.064823791119962448e-02 2.896682418048540306e-02 2.823068377429435727e-02 2.971128579225727415e-02 2.711600766830863166e-02 2.789139087766700012e-02 2.789139087766699665e-02 2.586466410309088554e-02 2.723366563831056825e-02 2.789590847683280639e-02 2.789590847683280292e-02 2.638743297134206814e-02 2.571448302238076022e-02 2.782107189890164339e-02 2.679147671881684789e-02 2.741405172699977119e-02 2.709398576038169609e-02 2.592347036580040093e-02 2.506565539800066286e-02 2.782107189890164686e-02 3.041565451638148995e-02 2.874198074614479903e-02 3.041565451638148995e-02 3.191146946370986698e-02 2.716393177748710475e-02 3.364187670790627638e-02 3.364187670790627638e-02 3.364187670790628332e-02 2.997990700582254392e-02 2.847520589172709837e-02 2.916507537953487092e-02 2.754682295167626069e-02 2.817276423431326615e-02 2.636492836711641988e-02 2.817276423431326615e-02 2.809357043799166551e-02 2.809357043799166898e-02 2.707999847877147481e-02 3.566355769349853488e-02 3.641147526133913653e-02 3.641147526133913653e-02 3.641147526133913653e-02 3.239315451652782091e-02 3.094745831905751365e-02 3.094745831905751365e-02 3.094745831905751365e-02 2.907865342183000787e-02 2.812601772805569528e-02 2.812601772805569528e-02 2.671912496978269200e-02 2.688333893732510610e-02 2.598218938266166900e-02 2.629707284766807929e-02 6.103531334892765836e-02 6.103531334892765836e-02 6.697883413095337413e-02 2.642866262902430693e-02 2.698381400023476540e-02 2.900223252999363857e-02 2.879602269211948076e-02 3.028409546563036112e-02 3.017792096153908837e-02 3.028409546563036112e-02 2.889996666011303977e-02 2.698077162163673229e-02 2.765611642471473008e-02 2.729198027896291567e-02 2.653880004768859047e-02 2.833483934339058388e-02 2.626376172749763510e-02 3.025080109559456429e-02 2.878782329446227112e-02 2.819585415883312310e-02 2.878782329446227806e-02 2.839600116800985660e-02 3.407806077202282791e-02 2.839600116800985660e-02 3.598250202851541873e-02 3.598250202851541873e-02 3.598250202851542567e-02 2.614272709448273169e-02 2.434020060179030442e-02 2.825258562536039561e-02 2.825258562536039561e-02 2.758667364695694540e-02 2.758667364695694540e-02 2.672066389356209104e-02 2.942576162541967258e-02 2.942576162541967258e-02 2.835305058680261461e-02 2.764358540149874227e-02 2.727144411376150254e-02 3.792293371069402341e-02 3.792293371069401647e-02 3.076446461867727786e-02 3.005387321754236438e-02 3.111354133260923333e-02 3.111354133260923333e-02 3.169559743736703739e-02 2.694365256034722891e-02 2.638221073839274594e-02 3.526497755305192661e-02 3.534036339533141308e-02 3.534036339533141308e-02 3.534036339533141308e-02 2.911040779378004650e-02 4.652802448598608587e-02 2.872612879082183518e-02 3.229366346428801798e-02 3.229366346428801798e-02 4.478863286676020711e-02 4.618019592415915225e-02 4.478863286676020711e-02
2.887746434717329558e-02 2.350491637130483827e-02 3.332568606538113126e-02 3.459285144644731746e-02 3.092059437999455582e-02 1.419774193144398081e-02 0.000000000000000000e+00 1.419774193144398601e-02 1.419774193144398254e-02 2.590828747703323096e-02 2.659092589352445371e-02 2.659092589352445718e-02 2.577257452686320532e-02 2.470371429851601908e-02 2.870126647337772202e-02 2.775597803726738422e-02 2.775597803726738422e-02 2.870126647337771508e-02 2.819748063163370067e-02 2.652330021089954401e-02 2.763819442464529944e-02 2.641793582088047126e-02 2.826381172732202185e-02 2.982523283497807293e-02 3.557619197372233893e-02 2.801689433736927887e-02 2.935038201396087190e-02 2.935038201396087190e-02 2.863843582133228718e-02 2.678519404002030480e-02 2.599624806271642885e-02 2.760562335148921895e-02 2.476031815640745634e-02 2.559532100642668978e-02 2.559532100642668978e-02 2.341513250343721722e-02 2.488911972913161741e-02 2.560056521518911180e-02 2.560056521518911180e-02 2.398056240534206934e-02 2.323637630712785049e-02 2.549968446045068268e-02 2.439350488084534446e-02 2.508513123945910889e-02 2.467949279812478580e-02 2.344833921804736696e-02 2.254657556789398457e-02 2.549968446045068268e-02 2.834486673852818633e-02 2.657225165222912647e-02 2.834486673852818633e-02 3.002453041210538173e-02 2.482321288218398980e-02 3.187113131073936179e-02 3.187113131073936872e-02 3.187113131073936872e-02 2.785033523205369607e-02 2.622790653012877296e-02 2.697905026581513127e-02 2.521916242313376050e-02 2.589087140318086996e-02 2.392220242897966781e-02 2.589087140318087343e-02 2.581651792559448710e-02 2.581651792559448710e-02 2.472129986756785303e-02 3.400958618379039400e-02 3.479566653772772633e-02 3.479566653772773327e-02 3.479566653772773327e-02 3.054066290583394225e-02 2.890475945665405347e-02 2.890475945665405347e-02 2.890475945665405347e-02 2.683762123268369076e-02 2.585020038370774292e-02 2.585020038370774292e-02 2.433360552106500485e-02 2.450970637016399931e-02 2.352610421967061063e-02 2.386298420897126765e-02 5.987554529633039302e-02 5.987554529633037914e-02 6.589703278020546395e-02 2.400589537455464009e-02 2.462918401802417431e-02 2.685407728301361999e-02 2.661498116359684724e-02 2.823141551055756079e-02 2.812237039178478240e-02 2.823141551055756079e-02 2.672372211332231171e-02 2.456852078489326491e-02 2.525633287190969314e-02 2.491882799304706575e-02 2.404248042689636350e-02 2.597815180014701256e-02 2.340836183089477218e-02 2.811163758344953703e-02 2.658082599991676981e-02 2.594637984541152756e-02 2.658082599991676981e-02 2.613957135326995876e-02 3.233961828840209440e-02 2.613957135326995876e-02 3.434742538624708380e-02 3.434742538624709074e-02 3.434742538624709074e-02 2.344730886300790476e-02 2.021783081996787398e-02 2.589146501852778587e-02 2.589146501852778587e-02 2.527840588244736897e-02 2.527840588244737244e-02 2.432717818095690016e-02 2.728992309088802345e-02 2.728992309088802345e-02 2.610047170959781462e-02 2.533655574529452767e-02 2.493168126249754174e-02 3.637728336266433243e-02 3.637728336266433243e-02 2.877598164684906298e-02 2.800077109392550348e-02 2.914051789497680914e-02 2.914051789497680914e-02 2.979006902751907965e-02 2.404020025086914605e-02 2.353008040234910378e-02 3.349749148509079816e-02 3.367331910521021571e-02 3.367331910521021571e-02 3.367331910521020183e-02 2.691131693174392270e-02 4.512256973351824740e-02 2.648078095175688748e-02 3.042535929299557823e-02 3.042535929299557823e-02 4.344597957614328154e-02 4.487337893098950620e-02 4.344597957614328154e-02
3.086160530075823805e-02 2.594671382873049367e-02 3.501254972406834393e-02 3.624395598134111385e-02 3.277931080606674707e-02 1.333035408011151030e-02 1.419774193144398601e-02 0.000000000000000000e+00 1.333035408011151203e-02 2.816043457972602568e-02 2.879666128848853979e-02 2.879666128848854673e-02 2.802088645799558769e-02 2.705069360430269881e-02 3.071477802622706726e-02 2.983531563845976536e-02 2.983531563845976536e-02 3.071477802622706033e-02 3.029493076843447000e-02 2.875054907522905934e-02 2.978615895127009403e-02 2.871335371364268363e-02 3.038027920678216739e-02 3.173867434127180392e-02 3.715932199695366756e-02 3.013678793094190164e-02 3.130969930131505957e-02 3.130969930131505957e-02 3.064823791119963142e-02 2.896682418048540306e-02 2.823068377429435727e-02 2.971128579225728109e-02 2.711600766830862819e-02 2.789139087766700359e-02 2.789139087766700359e-02 2.586466410309088901e-02 2.723366563831057519e-02 2.789590847683280986e-02 2.789590847683280986e-02 2.638743297134208202e-02 2.571448302238076369e-02 2.782107189890165033e-02 2.679147671881685136e-02 2.741405172699978160e-02 2.709398576038170303e-02 2.592347036580040787e-02 2.506565539800066633e-02 2.782107189890164686e-02 3.041565451638148995e-02 2.874198074614479903e-02 3.041565451638149689e-02 3.191146946370987392e-02 2.716393177748711169e-02 3.364187670790629026e-02 3.364187670790627638e-02 3.364187670790627638e-02 2.997990700582255086e-02 2.847520589172710531e-02 2.916507537953487092e-02 2.754682295167626416e-02 2.817276423431326615e-02 2.636492836711643029e-02 2.817276423431326615e-02 2.809357043799167244e-02 2.809357043799167244e-02 2.707999847877148522e-02 3.566355769349853488e-02 3.641147526133913653e-02 3.641147526133913653e-02 3.641147526133912959e-02 3.239315451652782785e-02 3.094745831905751365e-02 3.094745831905752059e-02 3.094745831905751365e-02 2.907865342183000787e-02 2.812601772805569528e-02 2.812601772805569528e-02 2.671912496978269894e-02 2.688333893732511304e-02 2.598218938266167941e-02 2.629707284766808276e-02 6.103531334892764448e-02 6.103531334892765836e-02 6.697883413095338800e-02 2.642866262902431040e-02 2.698381400023476540e-02 2.900223252999364551e-02 2.879602269211947382e-02 3.028409546563036805e-02 3.017792096153908837e-02 3.028409546563036805e-02 2.889996666011303977e-02 2.698077162163673576e-02 2.765611642471473702e-02 2.729198027896292261e-02 2.653880004768860087e-02 2.833483934339059082e-02 2.626376172749763857e-02 3.025080109559456776e-02 2.878782329446227806e-02 2.819585415883313351e-02 2.878782329446227806e-02 2.839600116800986354e-02 3.407806077202282791e-02 2.839600116800986354e-02 3.598250202851541873e-02 3.598250202851543261e-02 3.598250202851542567e-02 2.614272709448273169e-02 2.434020060179030095e-02 2.825258562536040255e-02 2.825258562536040255e-02 2.758667364695694887e-02 2.758667364695694887e-02 2.672066389356209104e-02 2.942576162541967258e-02 2.942576162541967258e-02 2.835305058680261808e-02 2.764358540149874574e-02 2.727144411376150254e-02 3.792293371069402341e-02 3.792293371069402341e-02 3.076446461867728480e-02 3.005387321754236438e-02 3.111354133260923333e-02 3.111354133260923333e-02 3.169559743736704432e-02 2.694365256034723585e-02 2.638221073839275635e-02 3.526497755305192661e-02 3.534036339533141308e-02 3.534036339533141308e-02 3.534036339533141308e-02 2.911040779378004650e-02 4.652802448598608587e-02 2.872612879082184212e-02 3.229366346428801798e-02 3.229366346428801798e-02 4.478863286676020711e-02 4.618019592415915919e-02 4.478863286676020711e-02
3.086160530075823805e-02 2.594671382873048673e-02 3.501254972406834393e-02 3.624395598134110691e-02 3.277931080606674707e-02 1.333035408011151030e-02 1.419774193144398254e-02 1.333035408011151203e-02 0.000000000000000000e+00 2.816043457972602568e-02 2.879666128848853979e-02 2.879666128848853979e-02 2.802088645799558075e-02 2.705069360430269534e-02 3.071477802622706033e-02 2.983531563845976189e-02 2.983531563845976189e-02 3.071477802622706033e-02 3.029493076843445612e-02 2.875054907522905934e-02 2.978615895127010096e-02 2.871335371364267669e-02 3.038027920678216046e-02 3.173867434127180392e-02 3.715932199695366062e-02 3.013678793094190164e-02 3.130969930131505957e-02 3.130969930131505957e-02 3.064823791119962448e-02 2.896682418048539612e-02 2.823068377429435727e-02 2.971128579225728109e-02 2.711600766830862819e-02 2.789139087766699665e-02 2.789139087766700359e-02 2.586466410309088554e-02 2.723366563831056825e-02 2.789590847683280639e-02 2.789590847683280639e-02 2.638743297134207508e-02 2.571448302238076022e-02 2.782107189890164686e-02 2.679147671881684789e-02 2.741405172699977466e-02 2.709398576038169956e-02 2.592347036580040440e-02 2.506565539800066286e-02 2.782107189890164686e-02 3.041565451638148995e-02 2.874198074614479903e-02 3.041565451638148995e-02 3.191146946370986698e-02 2.716393177748710475e-02 3.364187670790628332e-02 3.364187670790627638e-02 3.364187670790627638e-02 2.997990700582254392e-02 2.847520589172709837e-02 2.916507537953487092e-02 2.754682295167626069e-02 2.817276423431326268e-02 2.636492836711641988e-02 2.817276423431326615e-02 2.809357043799166898e-02 2.809357043799166898e-02 2.707999847877147481e-02 3.566355769349853488e-02 3.641147526133913653e-02 3.641147526133913653e-02 3.641147526133915041e-02 3.239315451652782091e-02 3.094745831905751365e-02 3.094745831905752059e-02 3.094745831905751365e-02 2.907865342183000787e-02 2.812601772805569181e-02 2.812601772805569528e-02 2.671912496978269200e-02 2.688333893732511304e-02 2.598218938266167247e-02 2.629707284766807929e-02 6.103531334892764448e-02 6.103531334892765836e-02 6.697883413095337413e-02 2.642866262902431040e-02 2.698381400023476540e-02 2.900223252999363857e-02 2.879602269211948076e-02 3.028409546563036112e-02 3.017792096153908837e-02 3.028409546563036112e-02 2.889996666011303630e-02 2.698077162163673229e-02 2.765611642471473008e-02 2.729198027896291567e-02 2.653880004768859394e-02 2.833483934339059082e-02 2.626376172749763510e-02 3.025080109559456429e-02 2.878782329446227806e-02 2.819585415883313004e-02 2.878782329446227806e-02 2.839600116800986354e-02 3.407806077202282791e-02 2.839600116800986354e-02 3.598250202851542567e-02 3.598250202851542567e-02 3.598250202851542567e-02 2.614272709448273169e-02 2.434020060179030095e-02 2.825258562536039561e-02 2.825258562536039561e-02 2.758667364695694540e-02 2.758667364695694540e-02 2.672066389356208757e-02 2.942576162541967258e-02 2.942576162541967258e-02 2.835305058680261808e-02 2.764358540149874227e-02 2.727144411376150254e-02 3.792293371069402341e-02 3.792293371069402341e-02 3.076446461867727786e-02 3.005387321754236438e-02 3.111354133260923333e-02 3.111354133260923333e-02 3.169559743736703739e-02 2.694365256034723238e-02 2.638221073839274941e-02 3.526497755305191967e-02 3.534036339533141308e-02 3.534036339533141308e-02 3.534036339533141308e-02 2.911040779378004650e-02 4.652802448598608587e-02 2.872612879082183518e-02 3.229366346428802492e-02 3.229366346428801798e-02 4.478863286676020711e-02 4.618019592415915225e-02 4.478863286676020711e-02
2.472794210566568035e-02 1.718218135445327352e-02 3.013124891235730018e-02 3.146470524135152463e-02 2.711878482831721338e-02 2.816043457972602568e-02 2.590828747703323096e-02 2.816043457972602568e-02 2.816043457972602568e-02 0.000000000000000000e+00 1.264143882025448549e-02 1.264143882025448723e-02 1.622189551446450578e-02 1.223966008011961176e-02 2.429659621932219599e-02 2.314459139174045166e-02 2.314459139174045513e-02 2.429659621932219946e-02 2.373903211324113888e-02 2.154925896691272519e-02 2.297353784948561253e-02 2.162961040679537567e-02 2.335551955346042846e-02 2.604787652383318622e-02 3.266670293162923788e-02 2.352987069248304794e-02 2.531527999379867139e-02 2.531527999379867139e-02 2.447816586724854693e-02 1.968978808229553470e-02 1.893569072905402009e-02 2.108725660171193242e-02 1.854019013621981127e-02 1.967418988620014270e-02 1.967418988620014270e-02 1.619875359408340723e-02 1.840678388982946306e-02 1.936534271897441539e-02 1.936534271897441539e-02 1.672183403502401286e-02 1.695194110378930169e-02 1.969734201060405199e-02 1.825478303788240914e-02 1.922409238666660317e-02 1.882227652303596066e-02 1.718816522420412579e-02 1.605002837906431210e-02 1.969734201060405199e-02 2.357233312889733465e-02 2.161139860693830905e-02 2.357233312889733465e-02 2.622595226664971996e-02 1.912602659081280576e-02 2.839733378524756519e-02 2.839733378524756172e-02 2.839733378524756519e-02 2.286998517191593527e-02 2.079801274684497242e-02 2.211433295755887291e-02 1.945937150777064459e-02 2.026684343968176288e-02 1.800094876810038116e-02 2.026684343968176288e-02 1.964246384804042150e-02 1.964246384804042497e-02 1.835152658781986912e-02 3.089407867926332110e-02 3.177411672793682695e-02 3.177411672793682695e-02 3.177411672793682695e-02 2.677065820619963649e-02 2.475314030492216724e-02 2.475314030492217418e-02 2.475314030492217418e-02 2.237433050028809003e-02 2.014686843087650295e-02 2.014686843087650295e-02 1.828673799971155395e-02 1.858028815453426422e-02 1.716133802333262917e-02 1.753780561613132657e-02 5.786761663254479798e-02 5.786761663254478411e-02 6.402428168489518456e-02 1.771365778053589357e-02 1.855708166633941031e-02 2.201204581545787575e-02 2.155509690325538991e-02 2.366838838129261061e-02 2.356519917842222339e-02 2.366838838129260714e-02 2.180539724683481367e-02 1.858831123757570189e-02 1.975433387205023303e-02 1.887388528716672093e-02 1.816312595967990023e-02 2.095466949636527049e-02 1.850412933525415887e-02 2.341389369415273342e-02 2.097703269292064410e-02 1.993889503681256503e-02 2.097703269292064410e-02 2.070375004501924868e-02 2.901323581990952749e-02 2.070375004501924868e-02 3.128004828078886218e-02 3.128004828078886218e-02 3.128004828078886218e-02 1.806311729237223412e-02 1.866550606641077456e-02 2.055813429559456146e-02 2.055813429559456493e-02 1.963461790088895376e-02 1.963461790088895723e-02 1.836656931445209903e-02 2.234880159218845946e-02 2.234880159218846293e-02 2.047764819001482439e-02 1.954746935659994189e-02 1.901908612350892980e-02 3.353344087754276531e-02 3.353344087754275837e-02 2.397996707790256768e-02 2.230678179162959990e-02 2.429285686926972720e-02 2.429285686926972720e-02 2.573474877555254406e-02 1.954495431434003644e-02 1.875795614406530407e-02 2.936933339326776998e-02 3.052397838490258225e-02 3.052397838490258225e-02 3.052397838490258225e-02 2.155484571908663355e-02 4.239809428279866371e-02 2.021451620777582614e-02 2.654629884840583459e-02 2.654629884840583112e-02 4.110244936105166697e-02 4.261422849760133913e-02 4.110244936105166697e-02
2.544750125372308505e-02 1.813000541941819227e-02 3.076305110645081997e-02 3.207947286608384130e-02 2.777504303428696489e-02 2.879666128848853285e-02 2.659092589352445371e-02 2.879666128848853979e-02 2.879666128848853979e-02 1.264143882025448549e-02 0.000000000000000000e+00 1.230415476539220912e-02 1.949207382972368077e-02 1.269111129617547275e-02 2.498666839556499403e-02 2.386809519869122209e-02 2.386809519869122209e-02 2.498666839556499403e-02 2.443638431872955166e-02 2.231443001568638937e-02 2.369144851368331500e-02 2.239197816424357348e-02 2.405344928554992504e-02 2.673523825221655117e-02 3.325437764616380465e-02 2.424655061822223942e-02 2.600206381491885349e-02 2.600206381491885349e-02 2.518711178111537538e-02 2.162954708439649570e-02 2.080024366955183363e-02 2.294481064339413956e-02 1.939299768478553940e-02 2.048700726188817933e-02 2.048700726188818280e-02 1.709341970532157057e-02 1.922096838684197659e-02 2.014499216960204814e-02 2.014499216960204814e-02 1.755840932894539227e-02 1.792105361743624031e-02 2.052200738495892768e-02 1.915949053747681777e-02 2.006964738409041868e-02 1.968956381485990892e-02 1.815917451683854780e-02 1.707482751936426763e-02 2.052200738495893115e-02 2.426792842225604027e-02 2.237823991703228113e-02 2.426792842225604027e-02 2.690380082984455620e-02 1.999719590590687268e-02 2.903130993438266666e-02 2.903130993438265972e-02 2.903130993438266666e-02 2.358459040852120547e-02 2.158738533912885407e-02 2.286847242180175405e-02 2.029742658554909221e-02 2.106643644436559729e-02 1.891048288654411866e-02 2.106643644436559729e-02 2.040647536398840917e-02 2.040647536398840917e-02 1.919286069835520261e-02 3.153719944180151391e-02 3.239299716279423619e-02 3.239299716279424313e-02 3.239299716279424313e-02 2.749918228002523959e-02 2.543500692664764709e-02 2.543500692664765056e-02 2.543500692664765056e-02 2.312614018409578712e-02 2.095081754491479736e-02 2.095081754491479736e-02 1.918070471917213138e-02 1.946164842994218755e-02 1.812281081807505523e-02 1.847966799844855471e-02 5.843169317140483460e-02 5.843169317140483460e-02 6.458175926019373014e-02 1.865936498554379708e-02 1.952039324259444847e-02 2.277298835395940788e-02 2.232326024996289862e-02 2.437359173259650430e-02 2.427402646791341351e-02 2.437359173259650777e-02 2.258220543873722813e-02 1.948946514853940742e-02 2.057905906630106557e-02 1.981924763601729950e-02 1.908460111684576188e-02 2.174522981072742750e-02 1.939577985080967459e-02 2.411888846177417944e-02 2.185757805103718393e-02 2.103727089662055585e-02 2.185757805103718046e-02 2.149967971126107852e-02 2.965572255255272474e-02 2.149967971126107852e-02 3.189097151684964354e-02 3.189097151684965048e-02 3.189097151684964354e-02 1.896946190254825484e-02 1.955719736844386408e-02 2.134520631299047580e-02 2.134520631299047580e-02 2.047595853976728539e-02 2.047595853976728539e-02 1.926660444648277404e-02 2.308626783032606197e-02 2.308626783032606197e-02 2.126559641566768549e-02 2.037693656825254399e-02 1.987514069782279208e-02 3.410414833376866628e-02 3.410414833376866628e-02 2.504628226151657880e-02 2.377473305510859405e-02 2.536665972825067825e-02 2.536665972825067825e-02 2.653397336379662713e-02 2.038481766149814051e-02 1.963793541473168175e-02 3.042081373226252286e-02 3.114018174592503296e-02 3.114018174592503296e-02 3.114018174592503296e-02 2.231496961051609995e-02 4.312212251748554631e-02 2.139992950966753543e-02 2.727255773433215347e-02 2.727255773433215694e-02 4.163825038695891795e-02 4.314228492597324549e-02 4.163825038695891795e-02
