0.000000000000000000e+00 7.867357381082431406e-03 7.996693697165789538e-03 7.986336757996641278e-03 8.182811463783832423e-03 8.274061478676486558e-03 7.495437438583980524e-03 7.716401056302327720e-03 7.177983738552488890e-03 7.621281662843045791e-03 8.534558948976147044e-03 8.132422715216422807e-03 8.519692027628306477e-03 8.139088487035371286e-03 7.696923495724311039e-03 7.519322003297706017e-03 7.964153329523571481e-03 8.004303107835420220e-03 9.257676304292986047e-03 7.494019258694402906e-03 8.154951428934131830e-03 8.349971977724265568e-03 8.567678315406977024e-03 8.566328790538658630e-03 8.008557130062446405e-03 8.381434160978668002e-03 8.571983455909986879e-03 7.779503698905615786e-03 7.700893587830267423e-03 8.979362011911967353e-03 7.819352294666364125e-03 8.587846936042527884e-03 7.254590863113892854e-03 8.404735363954798574e-03 8.652132409093156798e-03 8.847875922974474464e-03 8.653300102610905070e-03 1.012613562569371004e-02 7.877385472964064383e-03 8.148081850552900407e-03 8.501520615458639171e-03 8.015578472711436600e-03 8.310284102201562564e-03 8.501661912581965491e-03 8.504367022283677163e-03 8.484942344705028935e-03 8.104107536217295543e-03 9.898721583042233499e-03 7.447150059975368892e-03 7.900591092898064452e-03 7.999989691880062675e-03 8.516292914816038853e-03 8.270469710866201751e-03 9.100630893045497105e-03 8.146287956723084756e-03 8.878607552687056009e-03 7.181135128553914858e-03 8.674794685232864802e-03 8.148523759617783135e-03 7.910170449852005695e-03 8.350125843339613330e-03 8.362652513294677528e-03 8.598415370459515372e-03 7.692977012657217437e-03 8.115169621298885805e-03 8.708981350047292555e-03 7.958782163847499119e-03 8.508199294686888750e-03 7.711264177553547178e-03 8.124766451657378444e-03 8.933011822213565711e-03 8.578409401265148226e-03 8.604100478474902003e-03 8.684265432938317181e-03 1.050082479441130819e-02 8.069075668171266785e-03 8.407451143205103838e-03 7.703340988162454134e-03 8.785813817415338497e-03 7.813580774581789859e-03 8.220829889292697451e-03 8.124195841050374164e-03 8.213062372388307830e-03 8.215419435799651421e-03 8.478096093119322219e-03 7.679447584876712869e-03 8.686171007263227689e-03 8.998428522593006351e-03 8.601499374231071776e-03 9.172268845493731365e-03 7.954042443600518875e-03 8.493170457401010703e-03 8.058957310473522165e-03 9.615551043863253267e-03 8.910051530877923648e-03 8.243424682468044815e-03 8.797769926569418836e-03 8.467194677483677601e-03 7.642383896843130998e-03 8.221288482007680504e-03 8.986342947864362982e-03 8.026157162650794652e-03 8.784331611025006023e-03 8.340141709820707988e-03 7.446918763659201267e-03 8.190317174971914471e-03 9.147098834190578800e-03 8.730321043637429695e-03 7.939861819744426299e-03 9.881974101117477205e-03 8.734272973053137587e-03 8.717087453545295170e-03 8.787361569435271982e-03 7.476239980547976123e-03 7.968293581996389874e-03 8.284396122824607550e-03 9.343212643986095398e-03 8.087383356892990927e-03 8.212389792521233162e-03 8.305524880310648922e-03 7.716628346726673963e-03 8.421519524458635081e-03 8.958603159550743156e-03 8.370768242705486570e-03 8.546866227233197721e-03 8.444627830118751205e-03 8.594015194957086920e-03 8.249281626773786319e-03
7.867357381082431406e-03 0.000000000000000000e+00 8.520478483814829945e-03 8.328657993023525982e-03 8.505475026195662147e-03 8.950132455436380849e-03 8.223509963142115048e-03 8.250232518420176284e-03 7.770063883184383062e-03 8.336222722291461787e-03 8.980677122606334217e-03 8.671086206602595867e-03 9.209749032885400713e-03 8.643514833818600682e-03 8.418914732393194267e-03 8.073039930872197636e-03 8.299834691732427272e-03 8.687832606928066331e-03 9.894593016439920743e-03 8.229900311807326549e-03 8.477602913246333471e-03 8.813628022597322018e-03 8.838586466367488736e-03 9.025750937597120521e-03 8.549075989442392332e-03 8.873578804319163377e-03 9.038591044455372009e-03 8.489197210323222789e-03 8.095008238174272730e-03 9.639550978888173846e-03 8.342415386924166912e-03 9.241986866949707113e-03 7.838299703264323473e-03 8.910288335552605382e-03 9.150303820390176188e-03 9.316635813785020467e-03 9.142718708675872524e-03 1.051826384821536592e-02 8.244438540713735705e-03 8.671043848416009128e-03 8.987923144693890642e-03 8.369902284291939193e-03 8.822861793519806706e-03 8.970655156805552172e-03 9.010726569314064793e-03 8.985371826361018485e-03 8.634530592703368659e-03 1.032484663014203094e-02 8.160926210316483617e-03 8.433685838891856815e-03 8.532608615496791241e-03 9.176631684023892413e-03 8.790263679085160917e-03 9.553295262575733568e-03 8.659911056612467489e-03 9.367392405560474519e-03 7.918264350239172245e-03 9.144268681048796019e-03 8.824814178770514286e-03 8.598182516841929718e-03 8.655820540473925864e-03 8.865629957556690061e-03 9.103033809468197290e-03 8.253411454207802006e-03 8.578513260484380010e-03 8.956482106872587154e-03 8.443003412250816089e-03 8.959673823405497894e-03 8.233765753282148991e-03 8.606946718743931427e-03 9.376759203816389249e-03 9.037772438038584044e-03 9.056556270752198767e-03 9.124895561649606218e-03 1.087119134371420173e-02 8.551184163918725684e-03 8.863586271587392887e-03 8.214792937212415588e-03 9.212078390103557377e-03 8.316540302608877930e-03 8.705877118615245117e-03 8.609006685768041955e-03 8.695424222596892516e-03 8.855550115112655746e-03 8.936006280354385350e-03 8.187419284316287127e-03 8.925904273939303663e-03 9.208052177744062081e-03 9.042870105946987022e-03 9.597122650108343492e-03 8.442814788050204827e-03 8.944915520812639007e-03 8.545935995203398153e-03 1.002064875941967477e-02 9.343465945588854196e-03 8.717258914369346162e-03 9.238862978270543161e-03 8.935659583932331618e-03 8.157977734876290313e-03 8.701594216422966349e-03 9.417734239044038558e-03 8.680463520091781515e-03 9.231459575386536179e-03 8.823330206127195929e-03 8.002793621532042212e-03 8.676140206144324421e-03 9.335977124561993176e-03 9.186537616293715541e-03 8.447765690136149058e-03 1.028326224147743315e-02 9.189653085923534664e-03 9.181970501811327970e-03 9.235407965956142495e-03 8.029166377698477436e-03 8.465477672595448852e-03 8.776733403087247712e-03 9.757551888160518813e-03 8.583863874778224420e-03 8.697779414629878275e-03 8.783193164940679074e-03 8.242153453838609381e-03 8.887966038670418178e-03 9.400243521217824944e-03 8.856576137822532585e-03 8.791069735410278127e-03 8.913580434537833608e-03 9.050084842491437631e-03 8.743777735692254832e-03
7.996693697165789538e-03 8.520478483814829945e-03 0.000000000000000000e+00 8.457764156837790578e-03 8.845955180142923979e-03 8.868816485836473335e-03 8.389986739376825708e-03 8.347761477440249211e-03 7.929717894623987059e-03 8.290354074319579783e-03 9.059845725885910805e-03 8.582814595535963667e-03 9.344577068786904736e-03 8.978432161259743138e-03 8.559283571177802100e-03 8.394648836012546730e-03 8.436082980772417403e-03 8.604956795588264082e-03 9.764027828395532502e-03 8.200102335473736376e-03 8.808003058178828087e-03 8.947205685651391308e-03 9.165913121871741356e-03 9.354671504447666097e-03 8.466367276457931884e-03 9.018011158216506992e-03 9.105240483180329636e-03 8.434621735561075376e-03 8.441426243050973582e-03 9.521566549412517622e-03 8.460501930970048060e-03 9.132237893940981649e-03 8.030217876575517985e-03 9.068583686623393411e-03 9.073462223387850772e-03 9.462363071027690350e-03 9.066167124701030727e-03 1.067074390899612653e-02 8.603090420850867046e-03 8.844192523386421728e-03 9.166747421637921889e-03 8.731619214118909594e-03 8.982947245151093676e-03 9.134130052614267831e-03 9.165633823210728170e-03 9.143648282336462249e-03 8.794443108884350199e-03 1.043989480438850016e-02 8.326671515962648373e-03 8.621224539186679928e-03 8.701522133740409101e-03 9.327319776513919719e-03 8.934240537844490709e-03 9.717964643411083903e-03 8.817654123546935993e-03 9.501184600656728541e-03 8.102221034088906773e-03 9.313624828122668911e-03 8.768638581170136795e-03 8.760088944240908629e-03 9.014160262615998620e-03 9.026184271542059268e-03 9.259661980669220069e-03 8.228296939616200345e-03 8.824279316576755239e-03 9.364699456102921690e-03 8.685514813579778282e-03 9.168134595916480750e-03 8.473938756785381193e-03 8.839070729657175912e-03 9.577819990367339789e-03 9.250295654521810407e-03 9.264837403763616017e-03 9.340692847056282153e-03 1.103866584374517922e-02 8.782585502585038562e-03 9.092417276612934154e-03 8.455261977657797107e-03 9.434088045937814512e-03 8.553942094938015925e-03 8.930947822313567777e-03 8.838636608598574723e-03 8.922347785026809794e-03 9.069493259124828885e-03 9.157860514370008698e-03 8.439938138964835426e-03 9.339767275362604801e-03 9.625734620375745940e-03 9.270856120617594967e-03 9.794769272741258442e-03 8.684083723852181746e-03 9.166911516639619784e-03 8.783611474388096710e-03 1.020664619921275371e-02 9.553535788305693444e-03 8.945707433935318892e-03 9.450820569293253565e-03 9.147648804599461253e-03 8.404348217600414103e-03 8.927427311299956231e-03 9.623944781954737668e-03 8.899096193801830923e-03 9.433063580292175634e-03 9.034518368064377650e-03 8.238893483752063318e-03 8.895631471912166660e-03 9.767875244883263489e-03 9.384956462151537379e-03 8.673826023780278893e-03 1.044910987551588011e-02 9.392861344448017596e-03 9.370454260101477098e-03 9.439460151805616900e-03 8.264804520088268186e-03 8.697934354826275180e-03 8.988209012196646946e-03 9.953719418850771536e-03 8.806807296686708017e-03 8.922453849482836832e-03 9.001806178362530692e-03 8.478756263505598037e-03 9.110174764633945099e-03 9.589418472601947754e-03 9.060998802387714227e-03 9.212852417675396546e-03 9.124157163549195815e-03 9.255314212106451055e-03 8.951738292964316751e-03
7.986336757996641278e-03 8.328657993023525982e-03 8.457764156837790578e-03 0.000000000000000000e+00 8.426057836593545125e-03 8.707353324906869779e-03 8.003843037546554476e-03 8.191100216678530790e-03 7.705737301793465048e-03 8.055134237759643823e-03 8.919238980135975325e-03 8.396408555233872070e-03 8.931991455964566687e-03 8.777119567811233689e-03 8.160575028404240538e-03 7.986996672760903956e-03 8.228387194346873865e-03 8.443674250062560907e-03 9.839011087211304088e-03 7.981916609654155642e-03 8.387190260970161376e-03 8.953255312058353357e-03 8.766851160040407126e-03 8.975337066420327470e-03 8.293176046464576304e-03 8.606412594669368352e-03 9.179684896136545633e-03 8.234785024392034941e-03 8.050978912722434391e-03 9.581304575931315348e-03 8.456792523454829263e-03 8.968571347539122315e-03 7.853586975021940864e-03 8.926854090193126964e-03 9.154328229706376954e-03 9.330385809108120848e-03 9.145909289919916876e-03 1.054625849769197550e-02 8.435497197571965866e-03 8.685741958054368772e-03 9.003494285225661573e-03 8.566508507243067450e-03 8.829800052595723411e-03 8.797013078063934885e-03 9.022667565225260533e-03 9.009164503366137028e-03 8.635278155973188929e-03 1.031589959823653313e-02 8.170230566222401111e-03 8.445385194792712907e-03 8.548559089865580968e-03 9.187467913141181969e-03 8.787260109169752961e-03 9.593614956213516662e-03 8.658772325155579888e-03 9.357112152926092691e-03 7.918949808988202596e-03 9.152249802420828889e-03 8.834131086220267312e-03 8.612189311790682811e-03 8.872501316782827052e-03 8.883046556756788587e-03 9.099203946581761043e-03 8.236017265112792821e-03 8.641613336500370349e-03 9.194205695808114684e-03 8.497464425747669470e-03 9.004344000533615749e-03 8.273776026813086520e-03 8.655978680156134475e-03 9.405790384677202229e-03 9.077120068418990245e-03 9.093545487864363244e-03 9.170229900778443383e-03 1.089928874953271024e-02 8.603616138549124992e-03 8.915355302388695488e-03 8.268164509864707468e-03 9.265617186130541832e-03 8.362468952452880092e-03 8.749328688691781347e-03 8.655455284862580839e-03 8.741735838572180922e-03 8.896868053145061753e-03 8.983503435566274342e-03 8.239126825140392907e-03 9.168797955632886423e-03 9.461787216266523068e-03 9.098826719970117341e-03 9.634070226798255310e-03 8.491229202496746245e-03 8.991787185390601525e-03 8.593884958061664275e-03 1.005320964901480069e-02 9.387057960231310130e-03 8.764889556651689687e-03 9.281888216783258302e-03 8.956702540079330629e-03 8.207852769344853305e-03 8.743713596567758914e-03 9.458242014436112413e-03 8.708811069036603153e-03 9.262886509424203899e-03 8.855605563141416212e-03 8.030833561520813596e-03 8.712133657117098959e-03 9.598842997849323794e-03 9.223692377134414325e-03 8.484397337184822890e-03 1.029953524583075708e-02 9.221935854454622189e-03 9.205219541679035555e-03 9.262566340864988867e-03 8.064005952292318744e-03 8.504962019075123017e-03 8.802564067508355378e-03 9.794472684494386766e-03 8.620822076111599869e-03 8.740719725855024616e-03 8.822119371406618796e-03 8.283407612729890707e-03 8.925066913362554588e-03 9.432390376668625676e-03 8.882962010853130350e-03 9.029507332888941223e-03 8.946315028870792732e-03 9.075678006815159765e-03 8.771107894276354566e-03
8.182811463783832423e-03 8.505475026195662147e-03 8.845955180142923979e-03 8.426057836593545125e-03 0.000000000000000000e+00 9.090441567591464600e-03 8.344098303639553918e-03 8.568590718079830901e-03 8.079692918675003555e-03 8.269865266134194051e-03 9.328342148160057024e-03 8.785040475560017617e-03 9.058294295605720178e-03 8.745266946835644414e-03 8.326279228603969754e-03 8.171667758960016875e-03 8.427068120122638631e-03 8.608861384996394778e-03 9.752859390131303138e-03 8.177873291150428853e-03 8.582589193139160758e-03 8.923821722480891269e-03 9.171471077150279705e-03 9.358792081806469043e-03 8.465499191910591179e-03 8.767398394471187517e-03 9.338519183725474057e-03 8.445102707864615352e-03 8.216775332077751529e-03 9.765324261516597146e-03 8.436753339632171306e-03 9.134499339885342878e-03 8.012033048606818225e-03 9.059275115075792958e-03 9.306736516825134253e-03 9.457205221385470498e-03 9.276289730742081491e-03 1.065522809579131161e-02 8.577920291451001517e-03 8.833100436240954798e-03 8.932214198627844159e-03 8.701304304775708126e-03 8.958410283841290733e-03 8.913727218291596366e-03 9.161308738557753101e-03 9.128254854501071172e-03 8.762694595785505691e-03 1.042729596579822574e-02 8.330149668675198779e-03 8.598171414918916872e-03 8.692414533213219108e-03 9.331650632963036512e-03 8.745404006253737136e-03 9.701200951000854555e-03 8.806628456738034919e-03 9.483444162712205416e-03 8.085587397800877291e-03 9.301208331995779871e-03 8.990765083039515757e-03 8.758824636546090267e-03 9.000237025573135097e-03 9.017795344949976893e-03 9.236646187709121950e-03 8.427053093716796797e-03 8.783690532984519614e-03 9.326567672334419926e-03 8.642613196423318961e-03 9.146095009703262418e-03 8.430988156173513728e-03 8.797391815079713684e-03 9.532523756032459938e-03 9.209458047195554983e-03 9.239742872266882429e-03 9.301439167608989075e-03 1.100243700609167957e-02 8.745377121516403202e-03 9.056360429306992144e-03 8.418843806709340460e-03 9.400655753165414533e-03 8.511005894802888341e-03 8.882913803371731212e-03 8.796773794341737271e-03 8.886919713485640429e-03 9.032966263656115949e-03 9.123280603103325198e-03 8.225610838300312366e-03 9.301175867012111478e-03 9.588183397914944173e-03 9.230893177379658268e-03 9.763278391028201372e-03 8.641585973928691405e-03 9.125760332895289581e-03 8.741671282134004864e-03 1.016945735792553276e-02 9.519868370390181106e-03 8.904563042785159852e-03 9.414840510482649916e-03 9.096890644068125059e-03 8.351935387866511046e-03 8.886682641910149949e-03 9.579958601481725067e-03 8.845741482811352377e-03 9.388372131142273119e-03 8.987860024791041041e-03 8.182732649097313946e-03 8.849123039676160332e-03 9.727765892770317072e-03 9.348779471593047369e-03 8.633022641544849107e-03 1.040189761523959908e-02 9.346731741848263858e-03 9.339697460568952003e-03 9.170269836967238561e-03 8.215040227141773982e-03 8.652091120711118827e-03 8.936100376008860105e-03 9.919508604966847942e-03 8.761219185101238802e-03 8.876443342538424194e-03 8.955267757925476982e-03 8.429003740981383039e-03 9.065382034761164734e-03 9.563027521266096245e-03 9.017847473709910550e-03 9.167709909877986771e-03 9.076513338157919664e-03 9.203772224334183863e-03 8.905003585717686035e-03
8.274061478676486558e-03 8.950132455436380849e-03 8.868816485836473335e-03 8.707353324906869779e-03 9.090441567591464600e-03 0.000000000000000000e+00 8.618339168573817266e-03 8.640822061781771798e-03 8.190404218856873683e-03 8.530193264770306524e-03 9.570231724195778222e-03 9.042246408671447688e-03 9.310519612525710448e-03 9.002559272708487992e-03 8.829011768622115064e-03 8.452537489414284691e-03 8.704904811317156973e-03 9.091268881488262163e-03 1.024078970421144277e-02 8.658090747083095270e-03 8.845793837266911416e-03 9.174484318440959477e-03 9.184709653310836955e-03 9.632555054070632630e-03 8.945855205937880417e-03 9.251662121899120045e-03 9.357914128714653682e-03 8.674804585233317905e-03 8.490103254782190717e-03 9.945586629257513467e-03 8.948225048740810622e-03 9.617981911894193242e-03 8.279422392350944959e-03 9.274244463310899259e-03 9.495787826491949857e-03 9.654093828604933675e-03 9.493696633398234289e-03 1.082931789096264370e-02 8.816830700810376203e-03 8.845130932986101230e-03 9.367168061797602127e-03 8.943972646285278452e-03 9.188669887934390948e-03 9.346631563094157449e-03 9.378671169125140858e-03 9.358317975862229243e-03 9.010696893072617925e-03 1.063116385040378288e-02 8.388242765493072323e-03 8.818998255132166897e-03 8.916508754399962711e-03 9.550207820358487532e-03 8.939999145744271375e-03 9.890132675864754183e-03 9.042392023253671349e-03 9.695399724005369924e-03 8.174196016821438232e-03 9.513489208714396433e-03 8.970907069538779435e-03 8.995988997275437479e-03 9.222781760076270360e-03 9.235531306258771764e-03 9.433474620168033967e-03 8.458450192360257233e-03 9.052553565167303223e-03 9.590203683173073937e-03 8.918664153001350930e-03 9.394762120946777845e-03 8.714587912851432666e-03 9.067472814545651447e-03 9.785850785163495436e-03 9.466527073315479310e-03 9.488373242248621803e-03 9.546813779796216662e-03 1.121531416263365187e-02 9.012628119474935112e-03 9.312747347110253426e-03 8.701182446979788265e-03 9.645636805107814585e-03 8.790660729042405058e-03 9.149668568254332168e-03 9.065852698257428552e-03 9.148223280400678836e-03 9.290849505531101685e-03 9.376854552276251212e-03 8.681014383620799107e-03 9.559857249021067385e-03 9.838297258557554895e-03 9.485559846421817362e-03 9.996367557894401609e-03 8.916955796292218642e-03 9.385086469780892088e-03 9.012751646015343052e-03 1.039863808303796364e-02 9.761860122892993333e-03 9.170600777253068436e-03 9.657478745835583120e-03 9.357919188628764651e-03 8.643946238913152724e-03 9.149303098265164358e-03 9.826581784238109379e-03 9.108529859628726466e-03 9.640295168809466519e-03 9.252094085499051185e-03 8.476497289240129615e-03 9.119010789276325163e-03 9.966749842270229698e-03 9.593474120460809135e-03 8.904011951480501896e-03 1.063332050704501527e-02 9.601782269759134847e-03 9.579156845278328364e-03 9.647485738827286592e-03 8.507539805979520697e-03 8.914669914792517844e-03 9.209306422299537789e-03 1.014916524374657320e-02 9.032242508803385930e-03 9.138975842776016212e-03 9.220660658091241538e-03 8.714933227932267906e-03 9.314672089102611977e-03 9.784839104340678495e-03 9.273663204107888275e-03 9.425852257322314687e-03 9.340351505350362460e-03 9.475466801893765029e-03 9.172983167856753675e-03
7.495437438583980524e-03 8.223509963142115048e-03 8.389986739376825708e-03 8.003843037546554476e-03 8.344098303639553918e-03 8.618339168573817266e-03 0.000000000000000000e+00 8.110517238106006513e-03 7.395819517310157909e-03 7.801766918355611084e-03 8.924625015013546228e-03 8.111322573543359310e-03 8.675827867954519559e-03 8.338015625857186225e-03 7.867328470531717577e-03 7.682796023286176355e-03 7.986796062402294269e-03 8.373637879182516466e-03 9.649613624680851778e-03 7.692814533826789272e-03 8.145719510675671071e-03 8.543501166329632579e-03 8.774246346064638186e-03 8.966829578804428810e-03 8.210792729242239255e-03 8.358622447825272972e-03 8.728167626049285546e-03 7.981121840479400362e-03 7.739631708371424307e-03 9.350829189280106951e-03 8.019311318645111486e-03 8.756892620905362343e-03 7.436338607398847167e-03 8.570026913713973959e-03 8.832449178865789396e-03 9.009377028857025113e-03 8.817462831409739535e-03 1.023904061590461857e-02 7.881131087821634934e-03 8.315747205769651387e-03 8.659641484612545445e-03 8.193785421817100650e-03 8.478954844140355190e-03 8.660608724818831886e-03 8.677452841248455007e-03 8.639640912143869630e-03 8.257269343222939026e-03 1.002447632510210240e-02 7.769052703420833116e-03 8.064242048205877769e-03 8.153299709666871412e-03 8.870059526165166575e-03 8.245288022323099889e-03 9.249241621763647572e-03 8.303059500917024660e-03 9.044741548536223627e-03 7.362818839790948727e-03 8.611398280309033940e-03 8.303554133639241483e-03 8.248885625298102431e-03 8.509764764344599289e-03 8.512416833091319968e-03 8.542260425524738146e-03 7.891749648528012528e-03 8.279008767835570326e-03 8.869487971708559654e-03 8.127274811955098946e-03 8.673704522557598717e-03 7.898934584963251265e-03 8.294747697540768086e-03 9.087952241429905417e-03 8.737116570394866388e-03 8.755876735662658505e-03 8.838852868948508107e-03 1.063371551316520322e-02 8.235054977001594542e-03 8.580495409853755584e-03 7.889787391441227191e-03 8.945417156042021964e-03 7.986201617844582851e-03 8.393521958132001831e-03 8.291529948809977374e-03 8.386384923432301311e-03 8.550335833930050936e-03 8.644765914595323522e-03 7.861049891185143204e-03 8.840841925068322615e-03 9.147910390716515114e-03 8.763128083141936281e-03 9.324865443450364860e-03 7.963024097055005496e-03 8.647902434412125042e-03 8.063635374259234267e-03 9.767394378383278258e-03 9.062285568026424293e-03 8.408683141987741139e-03 8.968376895765847040e-03 8.627620245010137953e-03 7.831705662558911818e-03 8.400395530125984514e-03 9.154519906409561841e-03 8.366741967516544767e-03 8.951021977134912891e-03 8.520924681569091996e-03 7.650266157267480473e-03 8.364317492035229853e-03 9.311671208345227019e-03 8.901340459403821181e-03 8.130114922421643325e-03 1.002851532039873358e-02 8.907580148088300315e-03 8.884304491456605432e-03 8.958424917320630468e-03 7.683724200218804493e-03 8.155054177067595084e-03 8.466403952482833006e-03 9.504824123513026454e-03 8.273857383102897409e-03 8.399939016138318476e-03 8.488315162887125412e-03 7.918010534458761601e-03 8.595140046664093841e-03 9.119569220787229757e-03 8.549073662709067226e-03 8.725375805625141742e-03 8.618840124054769070e-03 8.769301363896158177e-03 8.432475267905250108e-03
7.716401056302327720e-03 8.250232518420176284e-03 8.347761477440249211e-03 8.191100216678530790e-03 8.568590718079830901e-03 8.640822061781771798e-03 8.110517238106006513e-03 0.000000000000000000e+00 7.779182233964903811e-03 8.021885211392330156e-03 8.844364300559244552e-03 8.539838277869133201e-03 9.084890437441000069e-03 8.516536710051477582e-03 8.092678047267824054e-03 8.111059362893387539e-03 8.177809086792981949e-03 8.554877715640653302e-03 9.555903192841809501e-03 7.926405364796286143e-03 8.544811102785125276e-03 8.689985373211845873e-03 8.698382832734066761e-03 8.872959987536370094e-03 8.210823304402188258e-03 8.552569169747751762e-03 9.120609231897433555e-03 8.176654714359601200e-03 8.149039987089672435e-03 9.294831066111735804e-03 8.200155392572234039e-03 8.907650304156083595e-03 7.718656497620357201e-03 8.815481739918310661e-03 8.823214948253010198e-03 9.002148280429793717e-03 9.033820897938986752e-03 1.045856117718116894e-02 8.330094951789100352e-03 8.567355411054177264e-03 8.908138410524273770e-03 8.464621201811097645e-03 8.726893178517098129e-03 8.870908714165950601e-03 8.909715581094096795e-03 8.895586885165467431e-03 8.525538822527416877e-03 1.022557532421807663e-02 8.041447446179265587e-03 8.322618615833644873e-03 8.440824555634459866e-03 9.066529124999812839e-03 8.689353145607451798e-03 9.472458318178339151e-03 8.351880515248722922e-03 9.264142648759573356e-03 7.794865676358436052e-03 9.067898835870171273e-03 8.725077294686587118e-03 8.496346672794462609e-03 8.754052185145319229e-03 8.766353283156934698e-03 9.002067455634992291e-03 7.950490127061008577e-03 8.527721113088346239e-03 9.104441480039974360e-03 8.396168340159727503e-03 8.701208029438379024e-03 8.168844722993937046e-03 8.550498119588119048e-03 9.316523395864837603e-03 8.977183780965496823e-03 8.999817070850445536e-03 9.077108696632640861e-03 1.082517512889631835e-02 8.491865290891072865e-03 8.818914688458282317e-03 8.156740853874027905e-03 9.166719638261145581e-03 8.248632124784204336e-03 8.639643346918456437e-03 8.549996474399568919e-03 8.647391500299287173e-03 8.797636522782774707e-03 8.882671717340560186e-03 8.134179131786335379e-03 9.070210459680358439e-03 9.366260091462821208e-03 9.004842669174960984e-03 9.547246277638980066e-03 8.389055285602586148e-03 8.890715006435009199e-03 8.498754260366806965e-03 9.972401488174145734e-03 9.298215442634616759e-03 8.660799007192509016e-03 9.195248415747564463e-03 8.875194991537115746e-03 8.105911926284761065e-03 8.651981941893184536e-03 9.374485832815292533e-03 8.623943059660460833e-03 9.177716415720564569e-03 8.764507665984256832e-03 7.933057552119334929e-03 8.618051002255610465e-03 9.523807338209441808e-03 9.136551154419707624e-03 8.381639217467753630e-03 1.022428135089137845e-02 9.128015526423061132e-03 9.113442352081642731e-03 9.184549097251333907e-03 7.960459799098928979e-03 8.414156699602612713e-03 8.709907673193368477e-03 9.714838754266777454e-03 8.526156149213148794e-03 8.646671301947831192e-03 8.730670872081918235e-03 8.183974699564543556e-03 8.842934334642746017e-03 9.339277215816886926e-03 8.790873178377171804e-03 8.943016995777994596e-03 8.856869496985535911e-03 8.993552815077235016e-03 8.678044752823429672e-03
7.177983738552488890e-03 7.770063883184383062e-03 7.929717894623987059e-03 7.705737301793465048e-03 8.079692918675003555e-03 8.190404218856873683e-03 7.395819517310157909e-03 7.779182233964903811e-03 0.000000000000000000e+00 7.503718616306755997e-03 8.454301546330719383e-03 7.849529938574904483e-03 8.439163225323080900e-03 8.058319604649744755e-03 7.757107612521129368e-03 7.396870174758649226e-03 7.714280028721980965e-03 8.088544142328915609e-03 9.194294099825238778e-03 7.414915084757003720e-03 7.868065970408424231e-03 8.458192080764100063e-03 8.285526343192663179e-03 8.503714829665592195e-03 7.745220650570631797e-03 8.093541088399556008e-03 8.667993850115332868e-03 7.699908129156765244e-03 7.444566310651849414e-03 8.889903740328605058e-03 7.908088724142347398e-03 8.707546752635693388e-03 7.126742438556143804e-03 8.300380038133357147e-03 8.567002935143936890e-03 8.759451128081156487e-03 8.567650685899028118e-03 1.003846560230011592e-02 7.773654488395190243e-03 8.047160660513174787e-03 8.229089271364158770e-03 7.919548253669646265e-03 8.215474509988170138e-03 8.408648123143883449e-03 8.412183173290616392e-03 8.398474346297051321e-03 8.001515821723358471e-03 9.823985368535936499e-03 7.476297254926713223e-03 7.782137705991581771e-03 7.887767358219777147e-03 8.417711823179139033e-03 8.190362850749028159e-03 9.024524108113850251e-03 8.031587011923715241e-03 8.780657349901230257e-03 7.196845096520719694e-03 8.393677128026695577e-03 8.222687130445579043e-03 7.809125192326796944e-03 8.254389377231408434e-03 8.261994418451743677e-03 8.508345843114627216e-03 7.436111296014229211e-03 7.997969215042581570e-03 8.613240249233756335e-03 7.839258353008424565e-03 8.406923198108482917e-03 7.603890619249872168e-03 8.014079226031969524e-03 8.843437142697198675e-03 8.485222933355233976e-03 8.493023951948152836e-03 8.579581802447885236e-03 1.042153673523395392e-02 7.963944194087479306e-03 8.139193571234465407e-03 7.585339070875236206e-03 8.690108216663171986e-03 7.693312802555853265e-03 8.117424200502274326e-03 8.012777730315237545e-03 7.947752771180410097e-03 8.280866195258074908e-03 8.377803131718436144e-03 7.560535302221754739e-03 8.576550339136077353e-03 8.892413709373514843e-03 8.508016017000357908e-03 9.081131208542028363e-03 7.839479149848426962e-03 8.381253396816557011e-03 7.950940524030052081e-03 9.523102499494215389e-03 8.816474224827969969e-03 8.138677636987452779e-03 8.712458774474692025e-03 8.371653335020596068e-03 7.532596015778970922e-03 8.122125366500962396e-03 8.892190820426514389e-03 8.083420021930588437e-03 8.694701157869666117e-03 8.249535540892211777e-03 7.339039813495491782e-03 8.085312451246742110e-03 9.060713081054725185e-03 8.651775179603405502e-03 7.836463520975459063e-03 9.802195709217587094e-03 8.648684792194020685e-03 8.620360965677186307e-03 8.702539440040405611e-03 7.373502553913810313e-03 7.866869781248701440e-03 8.197013712024256785e-03 9.264547533177668395e-03 7.991549793300873478e-03 8.122967191698833925e-03 8.215070493317093436e-03 7.619430601585749918e-03 8.329616654080237645e-03 8.875599836904933884e-03 8.278139291986596690e-03 8.447331327761094938e-03 8.348955522165727242e-03 8.500768490649299527e-03 8.151339759575574814e-03
7.621281662843045791e-03 8.336222722291461787e-03 8.290354074319579783e-03 8.055134237759643823e-03 8.269865266134194051e-03 8.530193264770306524e-03 7.801766918355611084e-03 8.021885211392330156e-03 7.503718616306755997e-03 0.000000000000000000e+00 8.783813274421799211e-03 8.206905169677465237e-03 8.754998244409520347e-03 8.617202165814451600e-03 7.979596969841584037e-03 7.803246021445732136e-03 8.066015415188428073e-03 8.280336920065823128e-03 9.690918135675144485e-03 7.797624326941221887e-03 8.211151028234451102e-03 8.797411117734365432e-03 8.637164475417626400e-03 9.049449351540136618e-03 8.118228812074926304e-03 8.444486529857285831e-03 9.019776137124254842e-03 8.057633071402888619e-03 7.854843172658547423e-03 9.423383181142509432e-03 8.096362553959750644e-03 9.036309224304761578e-03 7.467774633181488951e-03 8.723394295776343288e-03 8.953621370218160097e-03 9.140915417093289919e-03 8.952531692014221651e-03 1.037238730590377481e-02 8.215695998047802678e-03 8.469350447788345088e-03 8.791796467999393738e-03 8.359439813845940051e-03 8.625305156606290213e-03 8.799567612384802048e-03 8.819243490896133686e-03 8.789585445490416191e-03 8.421560283953308593e-03 1.016458561807950800e-02 7.773805924905490689e-03 8.222774350011180164e-03 8.322051954664604762e-03 8.988655381001516703e-03 8.590771442278381104e-03 9.403286285757312193e-03 8.457144189313333879e-03 8.955895081502711005e-03 7.679191631249479046e-03 8.962709274396947132e-03 8.632307787541846494e-03 8.402879373238454283e-03 8.674357364463725420e-03 8.677278347528752378e-03 8.897490126808616645e-03 8.016042041209033714e-03 8.439672569026243285e-03 9.016070766002902762e-03 8.291217327760681474e-03 8.808888953882735781e-03 8.066643524354391581e-03 8.454349898543461750e-03 9.226896293908264102e-03 8.888026418383487837e-03 8.905249664017084871e-03 8.983644786795251178e-03 1.074951992873923214e-02 8.400879642498635877e-03 8.722554578696880764e-03 8.053543908073236210e-03 9.081899530776932003e-03 8.151830844044850172e-03 8.551162013090899197e-03 8.453878557104971270e-03 8.542927749532015086e-03 8.697956315062939023e-03 8.784399305059730975e-03 8.024841645177530763e-03 8.988983348446180632e-03 9.290334471488581602e-03 8.910049066044728461e-03 9.459449510960732041e-03 8.285466887807397054e-03 8.800545623168764750e-03 8.390065892752443522e-03 9.887713930065617635e-03 9.206159578882983432e-03 8.566759844492413678e-03 9.097779298225337069e-03 8.765182615043415337e-03 7.987281542195466197e-03 8.544721575456963245e-03 9.278821481559826334e-03 8.504523361868677328e-03 9.078366259685383480e-03 8.657878154508455437e-03 7.807607499643926321e-03 8.511379920233274471e-03 9.431507529368195544e-03 9.037847008279474223e-03 8.276322542449155925e-03 1.013902451190211960e-02 9.035913596326656042e-03 9.018792061899236906e-03 9.079094578636542553e-03 7.841227343626260352e-03 8.298406473229723995e-03 8.598006167138814992e-03 9.623246217776243450e-03 8.417430115820164274e-03 8.535819930144825790e-03 8.625431356412853467e-03 8.069017431819439090e-03 8.731561129430558815e-03 9.251683690471248014e-03 8.681942923243151852e-03 8.847697508755952150e-03 8.753016181596694895e-03 8.894137860695485245e-03 8.571582310883733152e-03
8.534558948976147044e-03 8.980677122606334217e-03 9.059845725885910805e-03 8.919238980135975325e-03 9.328342148160057024e-03 9.570231724195778222e-03 8.924625015013546228e-03 8.844364300559244552e-03 8.454301546330719383e-03 8.783813274421799211e-03 0.000000000000000000e+00 9.074503303106948651e-03 9.802625384576039991e-03 9.465794353413936602e-03 9.064089907490132519e-03 8.914758773006689965e-03 8.917162496370858657e-03 9.060724342357979674e-03 1.012802774262904285e-02 8.692063772320740220e-03 9.080825646983326990e-03 9.365062446842912017e-03 9.362979510613000239e-03 9.515451502964599947e-03 9.173267770105585778e-03 9.479186370000306991e-03 9.807975941104860734e-03 8.909571006222730474e-03 8.977515210390000708e-03 1.018362013433703368e-02 8.930139562460623348e-03 9.553789298964382795e-03 8.612027246122779672e-03 9.576870981974870689e-03 9.780757855468075884e-03 9.951095169229550591e-03 9.772628646589624074e-03 1.107645330540886139e-02 9.141541001763836896e-03 9.381087765879786433e-03 9.659100648527478572e-03 9.253893397010798383e-03 9.495548762512627181e-03 9.639605898722378510e-03 9.658094123628816266e-03 9.650920003242391063e-03 9.328264540531677751e-03 1.087358782253496775e-02 8.902166328221905803e-03 9.145897496060241549e-03 9.240861756834185120e-03 9.816304140757497326e-03 9.461657413341678646e-03 1.018005071468554464e-02 9.352640690072114640e-03 9.977848773260016013e-03 8.672803377101809610e-03 9.800992717928473305e-03 9.503915406530238225e-03 9.075846372184125793e-03 9.532083527071683396e-03 9.543130301323225415e-03 9.747528507827139810e-03 8.770283484481292136e-03 9.330022594812152972e-03 9.830340592945862460e-03 9.199031828367537633e-03 9.658048989853802030e-03 8.994648909136959344e-03 9.342294596004536641e-03 1.003326597334328746e-02 9.726862657966824435e-03 9.739975626205776144e-03 9.812703270634891978e-03 1.142243003676684208e-02 9.288729989358313066e-03 9.578249941154319894e-03 8.991296406960329335e-03 9.899068007680391496e-03 9.077296439544951107e-03 9.429350853935546811e-03 9.342654103793639198e-03 9.419862711047570850e-03 9.557165069878966607e-03 9.640864152687644503e-03 8.970915367488436695e-03 9.809088491796257026e-03 1.007729610467667306e-02 9.746061787801688775e-03 1.023850811690943038e-02 9.197706862077976650e-03 9.648254595000994860e-03 9.291114111574905188e-03 1.062809456219650402e-02 1.001175346577132773e-02 9.441868783537329599e-03 9.915417972162011637e-03 9.623704836346200914e-03 8.939297583947373657e-03 9.424653129273829338e-03 1.007770832719711782e-02 9.398777132984479851e-03 9.898549961034369682e-03 9.526211976637057391e-03 8.784929818927882453e-03 9.395684285852551332e-03 1.021126882445192244e-02 9.861676881039095621e-03 9.189468186914705183e-03 1.085956568673462040e-02 9.861370524668856483e-03 9.839654495049197577e-03 9.904679473084649147e-03 8.808560189909189070e-03 9.212071187723793603e-03 9.482277164547777207e-03 1.038806244055493627e-02 9.313031554749396854e-03 9.421714279974485740e-03 9.494977710326077402e-03 9.006974156193286660e-03 9.588097145532154322e-03 1.005519933687871320e-02 9.550997190185147451e-03 9.680912515684439446e-03 9.608471296384321972e-03 9.738161088264064846e-03 9.448962356051315153e-03
8.132422715216422807e-03 8.671086206602595867e-03 8.582814595535963667e-03 8.396408555233872070e-03 8.785040475560017617e-03 9.042246408671447688e-03 8.111322573543359310e-03 8.539838277869133201e-03 7.849529938574904483e-03 8.206905169677465237e-03 9.074503303106948651e-03 0.000000000000000000e+00 9.288059133041133217e-03 8.932419882280554640e-03 8.312830424589386438e-03 8.140011403883965282e-03 8.383383747282490556e-03 8.588412713218591954e-03 9.988866482047633472e-03 8.135494511141904903e-03 8.518673256908545696e-03 9.136084360013341232e-03 9.147819722338104004e-03 9.348882123237686748e-03 8.420336449171082760e-03 8.745665407749538683e-03 9.066884923960124437e-03 8.385038325063829193e-03 8.366582470555395876e-03 9.456079745365376238e-03 8.622971779670049117e-03 9.327519238641675259e-03 7.784695501518308983e-03 8.968565971660453010e-03 9.206184065012581325e-03 9.385955017217938526e-03 9.199225443750055908e-03 1.058344314147200566e-02 8.484948685544139654e-03 8.732811972965232733e-03 9.047714337956980213e-03 8.615417879911073037e-03 8.876428628083195271e-03 9.076058332408636770e-03 9.070328301144818181e-03 9.053560580256206358e-03 8.690739497321048335e-03 1.037094451704537179e-02 8.056271760959791972e-03 8.509869266334794263e-03 8.410696708940132785e-03 9.247398204251581350e-03 8.656816356576153490e-03 9.642823838337526154e-03 8.715609241271429081e-03 9.416929038038134372e-03 7.984607414943277123e-03 8.981842675452898772e-03 8.896822325086232650e-03 8.672877053861020522e-03 8.914954286581667359e-03 8.737153302748002989e-03 9.135443720782707860e-03 8.343331316291066960e-03 8.725098901310093108e-03 9.279582731080260327e-03 8.583355680031448665e-03 9.084649410012017590e-03 8.370510842512522698e-03 8.739497450360747544e-03 9.489384602758756115e-03 9.162994137604883044e-03 8.964283637036222357e-03 9.246146696990883637e-03 1.096235338149317493e-02 8.695765020701559656e-03 9.004334870860527043e-03 8.356948960799004053e-03 9.341506026411183425e-03 8.456217522275493934e-03 8.832015661310369664e-03 8.737925431061003417e-03 8.824010320163448023e-03 8.985716249376241374e-03 9.062202015534669142e-03 8.341495619546593701e-03 9.253072177435464965e-03 9.550783024144807870e-03 9.183269669867670862e-03 9.706610031732553281e-03 8.576580456313036283e-03 9.070900488903514691e-03 8.677088268158536510e-03 1.013180996169492712e-02 9.462156319190648951e-03 8.846792851836956031e-03 9.369876769979964409e-03 9.049758401441791028e-03 8.304999631398000265e-03 8.838951651881981827e-03 9.546289391904442395e-03 8.818057310921672762e-03 9.352089890805888317e-03 8.946608921550677773e-03 8.140930534450736486e-03 8.806008341382096788e-03 9.700122953301302739e-03 9.304889241262508451e-03 8.575158139781649189e-03 1.037980144286515874e-02 9.311097682969901937e-03 9.294795687331365228e-03 9.359033745534234283e-03 8.165927671277089378e-03 8.607822121410802635e-03 8.895237751494611614e-03 9.878803728248610957e-03 8.716834668166740380e-03 8.829006890635730451e-03 8.916131179994696981e-03 8.383690477894436763e-03 9.018234590895905095e-03 9.516903781622782291e-03 8.968387261657471271e-03 9.138472775042963750e-03 9.038806163678700725e-03 9.174117198891633060e-03 8.863913636578605107e-03
