0.000000000000000000e+00 8.291134369794353476e-03 8.580579449921891047e-03 8.313359106504198889e-03 8.609743408253872979e-03 9.218452851403099307e-03 7.777967669044072961e-03 8.041097793032667834e-03 7.226243286884167713e-03 8.006149022497894771e-03 9.635345658492826260e-03 8.592030677003033995e-03 9.631765242285468195e-03 8.885043498103236195e-03 8.032001274349017880e-03 7.787785495231878269e-03 8.308975901099640779e-03 8.577247154758813052e-03 1.111898680761455767e-02 7.785809196438174193e-03 8.601717794336896650e-03 9.247849528699381844e-03 9.295470843334914177e-03 9.650739727425305947e-03 8.321316180722257080e-03 8.938443775832622881e-03 9.648337214303491505e-03 8.275332276666300807e-03 7.825159355197352368e-03 1.056073347977055932e-02 8.285403757922990206e-03 9.652426855385478136e-03 6.958960330933323425e-03 8.629275283317583423e-03 9.283558636693443541e-03 9.664813525893127186e-03 9.276817993143159427e-03 1.246537581651438985e-02 7.830165049041151390e-03 8.321035260103947992e-03 8.933967482511106714e-03 8.066673075448619473e-03 8.602814095235923608e-03 8.938100029725360232e-03 8.933032967232166360e-03 8.929796579299221701e-03 8.318320106069818434e-03 1.179626856374016951e-02 7.400962541946958309e-03 7.837238185963926393e-03 8.057973545643968769e-03 9.262989987213631274e-03 8.611571213632053176e-03 1.013049376676154571e-02 8.319670519283704074e-03 9.687454222151588648e-03 7.068823490471466513e-03 9.287975095090215613e-03 8.582341242123288708e-03 8.279695383798288399e-03 8.615122375107012523e-03 8.620172399099085975e-03 9.263520357427319427e-03 7.623427696363846255e-03 8.068658623181084247e-03 9.276646937133765924e-03 7.829239420931811966e-03 8.915045589922961089e-03 7.435407169711139019e-03 8.072209812887393143e-03 9.672457750936955603e-03 8.934183127784038614e-03 8.944544069312079099e-03 9.257190534881640925e-03 1.325319127192636261e-02 8.057571958271423501e-03 8.619484087182714346e-03 7.429992867348675367e-03 9.292185833128466937e-03 7.621304620669008996e-03 8.324441347590126952e-03 8.076095541080375098e-03 8.321488398411394302e-03 8.576685317806255829e-03 8.639148445288596934e-03 7.424698913628118013e-03 9.261189693318423038e-03 9.698132195457651733e-03 8.940460882545946814e-03 1.011901607896947483e-02 7.830668017925737981e-03 8.640071675650003863e-03 8.058304396998727803e-03 1.114978926640187648e-02 9.664132067903086556e-03 8.318693906921229356e-03 9.302629962030573019e-03 8.901755810866265536e-03 7.414826305272331948e-03 8.315380386978588750e-03 9.692824886385153701e-03 8.285502496611066650e-03 9.287544673740388140e-03 8.592394375297398787e-03 7.097256681100031980e-03 8.308758040463484415e-03 1.012069470261649055e-02 9.284948078660176796e-03 7.827621155762295307e-03 1.176223831120644901e-02 9.278411876159416150e-03 9.274802657447440632e-03 9.303625318295380767e-03 7.103359067296496562e-03 7.833572335608126810e-03 8.344432585151616982e-03 1.058959430939225566e-02 8.061506313199245585e-03 8.317003968817128848e-03 8.340753652932320419e-03 7.435829377478274035e-03 8.622489581199113684e-03 9.688417591739717505e-03 8.603622620185092523e-03 8.926619941077256273e-03 8.622307787403213006e-03 8.944398230829726099e-03 8.326605846573718189e-03
8.291134369794353476e-03 0.000000000000000000e+00 9.321163295619555242e-03 9.053892522740908735e-03 9.315127484312969372e-03 9.943904856143407842e-03 8.655143301644985590e-03 8.845778116058480856e-03 8.147144905814696081e-03 8.854160340123888931e-03 1.027776813805506007e-02 9.344039490506286794e-03 1.032786805099995299e-02 9.593828281503756494e-03 8.877725924282590941e-03 8.626571635695384765e-03 9.049606263802812897e-03 9.360714587178384921e-03 1.173268400599790720e-02 8.661895336029828280e-03 9.307646117923118467e-03 9.921799820441059084e-03 9.930355425273889106e-03 1.029285464200792310e-02 9.103394769938551179e-03 9.654255315460737868e-03 1.029111055517916568e-02 9.091562446173361359e-03 8.632751188691150518e-03 1.120088779955137614e-02 9.059173362960460524e-03 1.034514760875582251e-02 7.926863488048718764e-03 9.377234373594969113e-03 9.969981778106941014e-03 1.032057720000732412e-02 9.963507725897154804e-03 1.298208545409381028e-02 8.636494563127363952e-03 9.103427716298967062e-03 9.650641858155267067e-03 8.840195878096404961e-03 9.353542871158217892e-03 9.653561874978211152e-03 9.650835470608356073e-03 9.647426217708223589e-03 9.101012475745379193e-03 1.233813073998884721e-02 8.328597132022002789e-03 8.679755491825561983e-03 8.872070594949064970e-03 9.985653317487366842e-03 9.361346589858996273e-03 1.075428778639811803e-02 9.101638421675259383e-03 1.034264773685985954e-02 8.042716626719991976e-03 9.972781684814314637e-03 9.366187083502125130e-03 9.095674716702167872e-03 9.319602919705981259e-03 9.368632341502272642e-03 9.951740646867704085e-03 8.495571236770723192e-03 8.879688519356160673e-03 9.913445671742730780e-03 8.671914354592509186e-03 9.632949674080300284e-03 8.333901511306156598e-03 8.883762414217498751e-03 1.032770517737887500e-02 9.651008949264567108e-03 9.660036546283666190e-03 9.944363197612490074e-03 1.374634390063973234e-02 8.870821500436030377e-03 9.367034993236574361e-03 8.328723997928928410e-03 9.975928655657563190e-03 8.492842717192293847e-03 9.105659895000334583e-03 8.887215395080043726e-03 9.102964093059507864e-03 9.360782777085184178e-03 9.384987886609508917e-03 8.323911755801971166e-03 9.898972609894831493e-03 1.029856461364327819e-02 9.655714501517987866e-03 1.074351421794126314e-02 8.673321694351355388e-03 9.385634726100820432e-03 8.871509569697361847e-03 1.171834040885831769e-02 1.031935626797390870e-02 9.100288291080570885e-03 9.986053675954323708e-03 9.621430289799507568e-03 8.315573673025940249e-03 9.097371848574866554e-03 1.034586911939172280e-02 9.100742548167648632e-03 9.972497843127451841e-03 9.343824685933166743e-03 8.045354179629378433e-03 9.091826473646853410e-03 1.068919844132043898e-02 9.970356302026079157e-03 8.671433227724460041e-03 1.230486356234981524e-02 9.964495282638067761e-03 9.961582094712768953e-03 9.987262712978582646e-03 8.050443883282909496e-03 8.676058957012788841e-03 9.123689799991683072e-03 1.118602061830884301e-02 8.874809646393918422e-03 9.098975403786907154e-03 9.119753621368409391e-03 8.334147526412764156e-03 9.369976807388980672e-03 1.034220426354953183e-02 9.354132328698135795e-03 9.596060344847548093e-03 9.370291419384276649e-03 9.659812345882166917e-03 9.108101417350186052e-03
8.580579449921891047e-03 9.321163295619555242e-03 0.000000000000000000e+00 9.311351681723598409e-03 9.608899959727201096e-03 1.012109179712091141e-02 8.933687482735569452e-03 9.110241846349738382e-03 8.443966422977858266e-03 9.082362914005071355e-03 1.049057787478013294e-02 9.546058900395356858e-03 1.054590371219360674e-02 9.879606134298290349e-03 9.145857724041736581e-03 8.941299037802375588e-03 9.307421447226781400e-03 9.562633954246323523e-03 1.185510896367136108e-02 8.900946751747055088e-03 9.601475388838565453e-03 1.014762502935204896e-02 1.020716554159396133e-02 1.056174243810270412e-02 9.317351942835790102e-03 9.893646695304675678e-03 1.050246718482903546e-02 9.307608070528255312e-03 8.947974850858384649e-03 1.133676475888569478e-02 9.315783322744648071e-03 1.050710496233820367e-02 8.236382486437829678e-03 9.626785569501548900e-03 1.014582845012521051e-02 1.053928161057575245e-02 1.013942298306094898e-02 1.315315243046215332e-02 8.952445820886969358e-03 9.363625868355561488e-03 9.891468445080570104e-03 9.149812672114617657e-03 9.604012007367136727e-03 9.893532131891227127e-03 9.890417616062900652e-03 9.887257270827471550e-03 9.360773934673206204e-03 1.251573672735436030e-02 8.620448886463662197e-03 8.958308251970508590e-03 9.141745821872101357e-03 1.021430550624428772e-02 9.610775344333927911e-03 1.096314172247590812e-02 9.361556310424528141e-03 1.056011608582983242e-02 8.347234984714400549e-03 1.020260790977909823e-02 9.568256268660027195e-03 9.356042582387520332e-03 9.614220291069262153e-03 9.618595891902169057e-03 1.018178584836969616e-02 8.743069791015183057e-03 9.151257748746163476e-03 1.019306721628777251e-02 8.951679949184726190e-03 9.874263707647568458e-03 8.627617698044770175e-03 9.154353742230864066e-03 1.054745860319534698e-02 9.891752022086124779e-03 9.900473596990227998e-03 1.017581513652889187e-02 1.390884503185290527e-02 9.141897374010981431e-03 9.618813401919511924e-03 8.622620896002656729e-03 1.020685054683377266e-02 8.779821493930691639e-03 9.367162112772373095e-03 9.157597388514439329e-03 9.364608826032030930e-03 9.611974162132701921e-03 9.635783724333338296e-03 8.618584272368355614e-03 1.017922857452664351e-02 1.057002373649055561e-02 9.897237679926822879e-03 1.095268213413963347e-02 8.953025194761855821e-03 9.636350450293828390e-03 9.142953646230399592e-03 1.190766529055369005e-02 1.053976079280986682e-02 9.362096156338123309e-03 1.021633915372640103e-02 9.863430204609110324e-03 8.610382959482675361e-03 9.359298251508729044e-03 1.056560124778640336e-02 9.362361781830797619e-03 1.020273410021395322e-02 9.595655451609737263e-03 8.350759638281151157e-03 9.353511744617843196e-03 1.095404753115668088e-02 1.020044209335665454e-02 8.950601644227069997e-03 1.248429259717073747e-02 1.019485165834941795e-02 1.019137614604374506e-02 1.021720607672344482e-02 8.355641445558913138e-03 8.955506667973010468e-03 9.384069885650268492e-03 1.138573515680242447e-02 9.145482855939595160e-03 9.360827432695917674e-03 9.380706891254086965e-03 8.627755707632496843e-03 9.621579527945199606e-03 1.056124284114418575e-02 9.605209636422204836e-03 9.884792490834270681e-03 9.621108836723566912e-03 9.900324259669064306e-03 9.368769198331187292e-03
8.313359106504198889e-03 9.053892522740908735e-03 9.311351681723598409e-03 0.000000000000000000e+00 9.304307797265943744e-03 9.886680695752591078e-03 8.607417345797901617e-03 8.835324030365382386e-03 8.135141967282837408e-03 8.802598870227353739e-03 1.026920364915685432e-02 9.288938704156826653e-03 1.026712053829290788e-02 9.629984823856126835e-03 8.826907804039055977e-03 8.614758789974296185e-03 9.039251635700389781e-03 9.307372233111501844e-03 1.172524118564909068e-02 8.613617424580411255e-03 9.296633440286704991e-03 9.961329485142434575e-03 9.920805421911876518e-03 1.028467334303229640e-02 9.051302880522240843e-03 9.598177408188978549e-03 1.033366635405261885e-02 9.039922732585735712e-03 8.622337521103197802e-03 1.119286081533283489e-02 9.090446722486003606e-03 1.028477635183432971e-02 7.916630202136495931e-03 9.369082902777693678e-03 9.962210747749812578e-03 1.031346812976813819e-02 9.955540547637762097e-03 1.297748562560508724e-02 8.664796048051487051e-03 9.094735959439896947e-03 9.643053821763348729e-03 8.871008497951148736e-03 9.345005191285338242e-03 9.599815880788417286e-03 9.642945415406037682e-03 9.640155611184532750e-03 9.092125661083869451e-03 1.233146185988013774e-02 8.318667541223991047e-03 8.670486187622271704e-03 8.863387457412264664e-03 9.978162958455882858e-03 9.352734094102537962e-03 1.074911223960943983e-02 9.092427818627254674e-03 1.033439884487964873e-02 8.032023719574166859e-03 9.965325388543649215e-03 9.357813524202436214e-03 9.087568601342625729e-03 9.356189179654470986e-03 9.360714957567298905e-03 9.943687412606263057e-03 8.484977712894962998e-03 8.872326494740468902e-03 9.955454602003191086e-03 8.663718583837898973e-03 9.625826162174666578e-03 8.324396253484593958e-03 8.875594038555797982e-03 1.032057510955373611e-02 9.643480579361391608e-03 9.652568888511780035e-03 9.937569294744052345e-03 1.374152575389564479e-02 8.862905282704064067e-03 9.359949132479184961e-03 8.319841982910454112e-03 9.969649041693815633e-03 8.483973287738514127e-03 9.097747615627229528e-03 8.878984545952506649e-03 9.095118174752702886e-03 9.353062748393708645e-03 9.377620181078641370e-03 8.315032219503292257e-03 9.941123931629953364e-03 1.034413944705953915e-02 9.649169242227169721e-03 1.073711405433847715e-02 8.664907891945823962e-03 9.378209385078602883e-03 8.863422988067783115e-03 1.171259063171560186e-02 1.031294684933737119e-02 9.092442187004255022e-03 9.979451642473940662e-03 9.613441329089669057e-03 8.306691072147291341e-03 9.089503139261143061e-03 1.033954161994148253e-02 9.092286228352557120e-03 9.965382141251415138e-03 9.335805888784435777e-03 8.034990917194183985e-03 9.083474262224710064e-03 1.073824725497283909e-02 9.963555126204901372e-03 8.662555752922020472e-03 1.229886037489825133e-02 9.957237911884624093e-03 9.953921807731375831e-03 9.979997182229607272e-03 8.040408086685496211e-03 8.667485727843720136e-03 9.115127268289509310e-03 1.118027609779371524e-02 8.866270364195703857e-03 9.091115734384957667e-03 9.111893269316740165e-03 8.324899142885377329e-03 9.362476171186885632e-03 1.033546780962745458e-02 9.345771512129624412e-03 9.635854086029412013e-03 9.362315528816634105e-03 9.652030887349068167e-03 9.099420804662779541e-03
8.609743408253872979e-03 9.315127484312969372e-03 9.608899959727201096e-03 9.304307797265943744e-03 0.000000000000000000e+00 1.016870467318268210e-02 8.925771028362984583e-03 9.147439905686638797e-03 8.469726176267343074e-03 9.075635862137452006e-03 1.054320388200526842e-02 9.587744601464531433e-03 1.048312539047258594e-02 9.823622688033687919e-03 9.096730439241564048e-03 8.894438242534266278e-03 9.301516675229650963e-03 9.557368539107987532e-03 1.185060197073442220e-02 8.893969477776970597e-03 9.548523275673029276e-03 1.014161208088486081e-02 1.020256307183737589e-02 1.055719951166452127e-02 9.311788248870701487e-03 9.837034886468047981e-03 1.055401471498437771e-02 9.302617683757260017e-03 8.901232948251252067e-03 1.139467006140912515e-02 9.309096617405870563e-03 1.050249218449803706e-02 8.228886034153700194e-03 9.620823449739966324e-03 1.019444149244384985e-02 1.053418940106503818e-02 1.018687933931629319e-02 1.314885063225806547e-02 8.945227526149544112e-03 9.357697555371410209e-03 9.835035912396509691e-03 9.142430677045622692e-03 9.597339264453559615e-03 9.837891304127210912e-03 9.885124307438172483e-03 9.881367319053828771e-03 9.353737109914243494e-03 1.251135733442653927e-02 8.614437443432440902e-03 8.951129748352758611e-03 9.135513482097528185e-03 1.020952413178108711e-02 9.558940224073341624e-03 1.095780462361388950e-02 9.355337731437915472e-03 1.055454305256539951e-02 8.339887839014252860e-03 1.019723563348916111e-02 9.610987893360319403e-03 9.350368276428622574e-03 9.608083346562648272e-03 9.612758360963657295e-03 1.017573960112595419e-02 8.774906131416388907e-03 9.144265217517825312e-03 1.018704735739306422e-02 8.944468533304602426e-03 9.868732421857704870e-03 8.620099911948852361e-03 9.147351758638446947e-03 1.054136593321392847e-02 9.885451083184650101e-03 9.894801640330323431e-03 1.016977115859235732e-02 1.390425726361180919e-02 9.135087062141054523e-03 9.612477038995139930e-03 8.615411668764953040e-03 1.020107909737505078e-02 8.772442221947857749e-03 9.360012796921293732e-03 9.150597300977185780e-03 9.358022828524499570e-03 9.605637017112544224e-03 9.629481051465799135e-03 8.575962111805191315e-03 1.017319416249120451e-02 1.056427729678201775e-02 9.890949533760132889e-03 1.094745881056597911e-02 8.945816980819601416e-03 9.629809146889991081e-03 9.135940304416542701e-03 1.190265618992143726e-02 1.053424365575210235e-02 9.355305024362802965e-03 1.021055771845581425e-02 9.856680454222331231e-03 8.602509902381127657e-03 9.352679517351560057e-03 1.055961602030118691e-02 9.354896631006760430e-03 1.019648020987044996e-02 9.588864777082943894e-03 8.342501294742111356e-03 9.346511550810853580e-03 1.094849514934130401e-02 1.019468800881955656e-02 8.943563933065291557e-03 1.247897185306819264e-02 1.018857352883801790e-02 1.018582888934638567e-02 1.015760570869700223e-02 8.347697337348521790e-03 8.948246536390822362e-03 9.376819927960133860e-03 1.138073972350224158e-02 9.138447409068830088e-03 9.353833577659138171e-03 9.373718384857725183e-03 8.620043338248971343e-03 9.614898915819795194e-03 1.055612237427176574e-02 9.598636432069951666e-03 9.878277018969573720e-03 9.614331680847564357e-03 9.893432489271807712e-03 9.361768742003147639e-03
9.218452851403099307e-03 9.943904856143407842e-03 1.012109179712091141e-02 9.886680695752591078e-03 1.016870467318268210e-02 0.000000000000000000e+00 9.546901418438859949e-03 9.704555640526017768e-03 9.092295921212713988e-03 9.676507377109977784e-03 1.104110758012780483e-02 1.015471592374411237e-02 1.097440397137550670e-02 1.036307910344532422e-02 9.743884115241992563e-03 9.511698876057623001e-03 9.883861802401880045e-03 1.017085709152016487e-02 1.234357294800639791e-02 9.554460073151133451e-03 1.010968816126477793e-02 1.065633634991239309e-02 1.066357331833928980e-02 1.105572069791176289e-02 9.942614546390128247e-03 1.043123432625284695e-02 1.098857546293344548e-02 9.882873289795948007e-03 9.517807623773341663e-03 1.184240819021408105e-02 9.941341132181515106e-03 1.105550278533982272e-02 8.905850905368635842e-03 1.018472899410502799e-02 1.071419074668205317e-02 1.103184236718857646e-02 1.070853399820477156e-02 1.353216572563606737e-02 9.564757405946712129e-03 9.893271490145303174e-03 1.042896339461308122e-02 9.745935290047901337e-03 1.016362245896375999e-02 1.043114587331949589e-02 1.042859247131361529e-02 1.042572636687309935e-02 9.940127374539316218e-03 1.291642788503372628e-02 9.222229855579872765e-03 9.569309990405304445e-03 9.738746034503656390e-03 1.072956344041968782e-02 1.011775247945178625e-02 1.142989274435231642e-02 9.941107110923597806e-03 1.105144006905341321e-02 8.974297310886414705e-03 1.071784240137983908e-02 1.012179612489947679e-02 9.936576018159721038e-03 1.017329607427747487e-02 1.017735373629258255e-02 1.069699731729679450e-02 9.366344665293173388e-03 9.747853719809105449e-03 1.070985618017909584e-02 9.564524375106443765e-03 1.041396469887157644e-02 9.266693642359897370e-03 9.750642307099216186e-03 1.104015689869133551e-02 1.042971790907325572e-02 1.043812448602015469e-02 1.069286916777653293e-02 1.426895271597654509e-02 9.739228942673414102e-03 1.017773882182196159e-02 9.262379530965342278e-03 1.072210209514533330e-02 9.406607874296989830e-03 9.945795109986050112e-03 9.753606468961029466e-03 9.943795627940964915e-03 1.017140332153275775e-02 1.019335619348528225e-02 9.258379075232173530e-03 1.069672986122337591e-02 1.106160316923215405e-02 1.043479327785466239e-02 1.142139444549064228e-02 9.565763554482471787e-03 1.019385662256105246e-02 9.740213703905641410e-03 1.233065041456745010e-02 1.103295786589720238e-02 9.941559128136077256e-03 1.073088787034084078e-02 1.040319741133675056e-02 9.250841608352565471e-03 9.938967292269550516e-03 1.105712838126688552e-02 9.941023216389096098e-03 1.071824192239701282e-02 1.015644876611831830e-02 9.011219869134945437e-03 9.933662608515303472e-03 1.142264346694042351e-02 1.071602956928006944e-02 9.563554070973864091e-03 1.288546924103724581e-02 1.071091296911412354e-02 1.070763009563779899e-02 1.073168216842456182e-02 9.016029249957854819e-03 9.567525082818158916e-03 9.961714662078794552e-03 1.183199409102952265e-02 9.742529298163486728e-03 9.940147970014500886e-03 9.958585900684848585e-03 9.266757084195326524e-03 1.017969409298581478e-02 1.105257448200077167e-02 1.016498293859238039e-02 1.042313145771067012e-02 1.017984526384434554e-02 1.043795812568813763e-02 9.947652347270317941e-03
7.777967669044072961e-03 8.655143301644985590e-03 8.933687482735569452e-03 8.607417345797901617e-03 8.925771028362984583e-03 9.546901418438859949e-03 0.000000000000000000e+00 8.418604992285779257e-03 7.620890992757935710e-03 8.348273019963676350e-03 9.953904971846717215e-03 8.869887472742022522e-03 9.903927369213201548e-03 9.185407596537464858e-03 8.372522165920364551e-03 8.142484082546669333e-03 8.603432652042755993e-03 8.929455617444039678e-03 1.140824057069000398e-02 8.141674595170799583e-03 8.879500634814350632e-03 9.534053860411131898e-03 9.586636443842814007e-03 9.969401722291397830e-03 8.652795394232356413e-03 9.199795591830506672e-03 9.920001170687541697e-03 8.603590697667529152e-03 8.150606601730879877e-03 1.085829556804584692e-02 8.613112379356531456e-03 9.924288363607886715e-03 7.375158298250817854e-03 8.945486505519567935e-03 9.574546226559510487e-03 9.942761408450941085e-03 9.567312780162701494e-03 1.268513175364967792e-02 8.154109139352496219e-03 8.651843988690581869e-03 9.236965497481781223e-03 8.411296302902609642e-03 8.920223340357228206e-03 9.240824215661420926e-03 9.236751421550408805e-03 9.232642158199277568e-03 8.648489054167554646e-03 1.202620477970367009e-02 7.812294097686729374e-03 8.194326103835851416e-03 8.401878630293589667e-03 9.591470165735572345e-03 8.888633642042103461e-03 1.039488725168000866e-02 8.649848016888847871e-03 9.964958543563265034e-03 7.473638212020182123e-03 9.533376837574939616e-03 8.894609263628916809e-03 8.644255052019498078e-03 8.931592003745313438e-03 8.935826375974006280e-03 9.510053394068289367e-03 7.995022669807477778e-03 8.412607519164576678e-03 9.567105136855477698e-03 8.187132867256839003e-03 9.219100975785647634e-03 7.819184890664828205e-03 8.416188034666370263e-03 9.949998071358791968e-03 9.237265680015902675e-03 9.246964744600717767e-03 9.548123212658608111e-03 1.346424328588313388e-02 8.402113768056362550e-03 8.936342046104450015e-03 7.814036253242862343e-03 9.582137747843891967e-03 7.992233171536300418e-03 8.655197654348238678e-03 8.419712794203079373e-03 8.652475765741376307e-03 8.928539714723814080e-03 8.954933416046237382e-03 7.808891998545185002e-03 9.551962067970702630e-03 9.974684709586892004e-03 9.243512681203668729e-03 1.038405163346445802e-02 8.154844014300895172e-03 8.955335951342506540e-03 8.367648424627838200e-03 1.139209506710993185e-02 9.941732220190156039e-03 8.649521642956632672e-03 9.592486916077485465e-03 9.205825976865804339e-03 7.799728528890130172e-03 8.646656497144463577e-03 9.970075276857025270e-03 8.649790810386196599e-03 9.577695092675052313e-03 8.910539779374115898e-03 7.504538632190620867e-03 8.640140467116792442e-03 1.038594329582665302e-02 9.575348340616830767e-03 8.186286769835154908e-03 1.199352108285112357e-02 9.569123798426872052e-03 9.565378120426931696e-03 9.593447452176146958e-03 7.510409964585752426e-03 8.191685218262429596e-03 8.674432300622406458e-03 1.084349892250062106e-02 8.406536445317601414e-03 8.648583542369822283e-03 8.670943022846887976e-03 7.819831797066634227e-03 8.938959069321145839e-03 9.965500166791752684e-03 8.921188705299573987e-03 9.230504661193707910e-03 8.938879474433862257e-03 9.247573811136805544e-03 8.657521205706081996e-03
8.041097793032667834e-03 8.845778116058480856e-03 9.110241846349738382e-03 8.835324030365382386e-03 9.147439905686638797e-03 9.704555640526017768e-03 8.418604992285779257e-03 0.000000000000000000e+00 7.921268112396391212e-03 8.587244099432306960e-03 1.009567102654972473e-02 9.131835340720819219e-03 1.014261049709952976e-02 9.393317395005283676e-03 8.610491175795200944e-03 8.426695389913951492e-03 8.831618353856932752e-03 9.149353459710619224e-03 1.151695675437166590e-02 8.389941013421348820e-03 9.140156500982611273e-03 9.731309784238317134e-03 9.738991353153461997e-03 1.011005219049136185e-02 8.842498628766664454e-03 9.408040149168640440e-03 1.015789828200309303e-02 8.831783336178357022e-03 8.433518788977354894e-03 1.097932043296449139e-02 8.840568453905923302e-03 1.011244258845849821e-02 7.660614215550865837e-03 9.167006286471050119e-03 9.729284056577516479e-03 1.008675078039250952e-02 9.769756883726839203e-03 1.283893464335235032e-02 8.438635399817161903e-03 8.883148256416393759e-03 9.449609302054856261e-03 8.652711703207277560e-03 9.142650725939047152e-03 9.451905705436485297e-03 9.448735734406564848e-03 9.445819462505201936e-03 8.880656913893239524e-03 1.218618075221204397e-02 8.078061165741046851e-03 8.443767899072583336e-03 8.644355262138836080e-03 9.792380445022714694e-03 9.150559026083603109e-03 1.057959055500170414e-02 8.840946578594419472e-03 1.015826862036524510e-02 7.780793580864385495e-03 9.780772530140445509e-03 9.155538673776018876e-03 8.875793619866368181e-03 9.153301545875021372e-03 9.157958304570319383e-03 9.758174598742883066e-03 8.217653455133793611e-03 8.653000831485062327e-03 9.770287548904712377e-03 8.437402014125339883e-03 9.386926842682791899e-03 8.085010196212761430e-03 8.656817511275937196e-03 1.014393232921627884e-02 9.449580062133316680e-03 9.459265627279198757e-03 9.751878617835902513e-03 1.360991919851618076e-02 8.643297253319649417e-03 9.157795581306542657e-03 8.079986479944616107e-03 9.784406325474727731e-03 8.250275409410562366e-03 8.886526618121339330e-03 8.660335615572964038e-03 8.884580119748066926e-03 9.150638598597621992e-03 9.175833879393488143e-03 8.075262445837658176e-03 9.755202174181524383e-03 1.016764762732165137e-02 9.455768964284631123e-03 1.056889114987304666e-02 8.438553723168727705e-03 9.176435333148130757e-03 8.644727018866187745e-03 1.155996517204595925e-02 1.013612204291998789e-02 8.881289759282857618e-03 9.794850517660489905e-03 9.419431866652108395e-03 8.066615879779494985e-03 8.878621852033962217e-03 1.016332205796724626e-02 8.881972070738807304e-03 9.780441602167837256e-03 9.133047526260977544e-03 7.784704376736260173e-03 8.872364538155038532e-03 1.057040452040510121e-02 9.778549334418329061e-03 8.435906154991510905e-03 1.215355698554501478e-02 9.771723052748459634e-03 9.768458227610087724e-03 9.795783417425327558e-03 7.790021450446270833e-03 8.441550573993192308e-03 8.905134866666563481e-03 1.101979710775555753e-02 8.647480700677084853e-03 8.880266058649841435e-03 8.901787284659607932e-03 8.085584176664904754e-03 9.160918952085475228e-03 1.015877910782543754e-02 9.143320466735561577e-03 9.442183775735874668e-03 9.160410063406204673e-03 9.459143114785730985e-03 8.888872032904825485e-03
7.226243286884167713e-03 8.147144905814696081e-03 8.443966422977858266e-03 8.135141967282837408e-03 8.469726176267343074e-03 9.092295921212713988e-03 7.620890992757935710e-03 7.921268112396391212e-03 0.000000000000000000e+00 7.854435067020368311e-03 9.515156260972509536e-03 8.418365267789912343e-03 9.511609804789149247e-03 8.753486963475505533e-03 7.911883578307713979e-03 7.630101184569503155e-03 8.132023818246998312e-03 8.472757779199297998e-03 1.101485599859858278e-02 7.629738614160164190e-03 8.428058150338691573e-03 9.158535253747688426e-03 9.131059944947424525e-03 9.531434496506095005e-03 8.144059647796617063e-03 8.769502137020122878e-03 9.565773341320887857e-03 8.131700079018136171e-03 7.638267289263053414e-03 1.045059154050556778e-02 8.173702979846798888e-03 9.570795776589827164e-03 6.771426627604912145e-03 8.489365368958416355e-03 9.155576239991922508e-03 9.541897262525043943e-03 9.148738098499425639e-03 1.236632796926243928e-02 7.671759690992388525e-03 8.174972213885254094e-03 8.765124703490922639e-03 7.914817436097515077e-03 8.462822683014107131e-03 8.804380290792715100e-03 8.799206949364301103e-03 8.796049900274814995e-03 8.172135141692179333e-03 1.169362217788347952e-02 7.257643440829920564e-03 7.678417032312629016e-03 7.905215104367292744e-03 9.136770869048996616e-03 8.472536947866751364e-03 1.001359946775428646e-02 8.172966591052221313e-03 9.564488905580707107e-03 6.911258570365791040e-03 9.123075278304592500e-03 8.477573820179513248e-03 8.135156567508928030e-03 8.475257656268565462e-03 8.480176501719413271e-03 9.135020368744539015e-03 7.431375585796823856e-03 7.916065220858787763e-03 9.148196256261205764e-03 7.670302127161581981e-03 8.780642071518872382e-03 7.265201872504552759e-03 7.919970444154971617e-03 9.549735686480865376e-03 8.800406908923290999e-03 8.810217916057860171e-03 9.128117913497556940e-03 1.315872894210687143e-02 7.905258526130410149e-03 8.446537438514091847e-03 7.259159199099054355e-03 9.163906639915715344e-03 7.456347125873514191e-03 8.178447599645862626e-03 7.923877463135952509e-03 8.143800929078296585e-03 8.471587568526508030e-03 8.499722000704935596e-03 7.253688205427126154e-03 9.131969776232935765e-03 9.575007241736096381e-03 8.806786343212072085e-03 1.000144607823743280e-02 7.672012595980610972e-03 8.500150819179649181e-03 7.905937550765776770e-03 1.104179071571680278e-02 9.541079353156971601e-03 8.172516529133646082e-03 9.174778556681943351e-03 8.767155687282032067e-03 7.243694633528858021e-03 8.169156506835669254e-03 9.569902848720609340e-03 8.172462430127151040e-03 9.159228285167075878e-03 8.452278587147213362e-03 6.915363951394247130e-03 8.162134758593314610e-03 1.000321604081850363e-02 9.157204328710527932e-03 7.669124325005499329e-03 1.165909314752476729e-02 9.150200119652885516e-03 9.146098360800438212e-03 9.175787405923722939e-03 6.921892861062795520e-03 7.675283254031086723e-03 8.199322924868844911e-03 1.047716270796973138e-02 7.909446650690096087e-03 8.171229229649299916e-03 8.195340432736768904e-03 7.265876302070022746e-03 8.482866648464012019e-03 9.565952072929624975e-03 8.463653088367847563e-03 8.792195772370779358e-03 8.482534559261874565e-03 8.810597798756522603e-03 8.180626334827325458e-03
8.006149022497894771e-03 8.854160340123888931e-03 9.082362914005071355e-03 8.802598870227353739e-03 9.075635862137452006e-03 9.676507377109977784e-03 8.348273019963676350e-03 8.587244099432306960e-03 7.854435067020368311e-03 0.000000000000000000e+00 1.007110114109514669e-02 9.058464886162210031e-03 1.006711169656944287e-02 9.408650188604957346e-03 8.578146922360139690e-03 8.356597172610204238e-03 8.800041927969261962e-03 9.078424730867559050e-03 1.155050441572066759e-02 8.355320047072550133e-03 9.066802519969153346e-03 9.749835008071668432e-03 9.713487290214499817e-03 1.013547373267971452e-02 8.811934189461599620e-03 9.379434351015566301e-03 1.013171255145450464e-02 8.799988508269185328e-03 8.363949823688571206e-03 1.100911752399360254e-02 8.809410691342037594e-03 1.013531737989752275e-02 7.595376131391165346e-03 9.137009440387583795e-03 9.749038773716793560e-03 1.011018480549217419e-02 9.742625336339410733e-03 1.281781930888411213e-02 8.404141342447758040e-03 8.851860763543308031e-03 9.419719229963903831e-03 8.619664501675849272e-03 9.112090398085829698e-03 9.424083082946501863e-03 9.419921890741639672e-03 9.416366810053318492e-03 8.849299566015050508e-03 1.216555554722201227e-02 8.010243626904646475e-03 8.409885717381378883e-03 8.610719368192768994e-03 9.765522452855009139e-03 9.120461873708794395e-03 1.055554443663567384e-02 8.850141684063886002e-03 1.008271498333754637e-02 7.742819056430319362e-03 9.752723018529130955e-03 9.125442251667892357e-03 8.844660986442183861e-03 9.123946401601653808e-03 9.128115821841763927e-03 9.730038438326010786e-03 8.216431466695588159e-03 8.620738175540694145e-03 9.742827397684603041e-03 8.403175720927616790e-03 9.402501747156961909e-03 8.049011894840044090e-03 8.624171373433296359e-03 1.011749988961822139e-02 9.420889410373450498e-03 9.430306272408163146e-03 9.724063715124834154e-03 1.359022980315223797e-02 8.610912767326717870e-03 9.127592530189198444e-03 8.043875784079305633e-03 9.757079117791465916e-03 8.215453478076749361e-03 8.855416526392292237e-03 8.627711102680931179e-03 8.852689365881618797e-03 9.120239380344789121e-03 9.145476865022946975e-03 8.038876300842072095e-03 9.728048822540578608e-03 1.014196160049256334e-02 9.426755039691109977e-03 1.054372489075774792e-02 8.404432308717285985e-03 9.146511799540004914e-03 8.611467920266487400e-03 1.153712812601287788e-02 1.010964263208602616e-02 8.849868844853699471e-03 9.767162153909046338e-03 9.389911665210587052e-03 8.029988453641528912e-03 8.846817171294643276e-03 1.013690625921005901e-02 8.849568691548244381e-03 9.752683788038840618e-03 9.102513940559449346e-03 7.746172165842214914e-03 8.840536826633811282e-03 1.054526586341202575e-02 9.750803799283728340e-03 8.401926258900450223e-03 1.213180120573605948e-02 9.744300616216569969e-03 9.740889691442501316e-03 9.767764475305520597e-03 7.751825562015647944e-03 8.407101744160549311e-03 8.873080650360937183e-03 1.099575835274098357e-02 8.614418652269778542e-03 8.848288983675752992e-03 8.870126746558943884e-03 8.049198253978777709e-03 9.130220742284249347e-03 1.013272925206718661e-02 9.112659184406856488e-03 9.413384721704991243e-03 9.130023542802685743e-03 9.430132167644286398e-03 8.857124814741077629e-03
9.635345658492826260e-03 1.027776813805506007e-02 1.049057787478013294e-02 1.026920364915685432e-02 1.054320388200526842e-02 1.104110758012780483e-02 9.953904971846717215e-03 1.009567102654972473e-02 9.515156260972509536e-03 1.007110114109514669e-02 0.000000000000000000e+00 1.047495886409985366e-02 1.137286138349012654e-02 1.078145320003929056e-02 1.013864731066752185e-02 9.960031065018654789e-03 1.026659891546506491e-02 1.048769421277081018e-02 1.254590542665502857e-02 9.913189941278613415e-03 1.048196016837137090e-02 1.099959658765920292e-02 1.100547133460026174e-02 1.131660084194007453e-02 1.032764351889847547e-02 1.079278549190377384e-02 1.138452423172515993e-02 1.026660357202053425e-02 9.966849814872237243e-03 1.214611231965285858e-02 1.027337037622967283e-02 1.131912110472125740e-02 9.341769549958783142e-03 1.056029079903482264e-02 1.106403601204066292e-02 1.136819237734347163e-02 1.105827537989776017e-02 1.378989881051475956e-02 9.970829254869768149e-03 1.033101891007208797e-02 1.079243483122682180e-02 1.014288437101628672e-02 1.054038519501936284e-02 1.079473155377807039e-02 1.079142520499410535e-02 1.078941707515788939e-02 1.032803232899498838e-02 1.318771196926854343e-02 9.680957653916411054e-03 9.975305412641598257e-03 1.013661837997877242e-02 1.107801858627989640e-02 1.054688025747908819e-02 1.174977881225281254e-02 1.032889779883982076e-02 1.138639362653938968e-02 9.439539823761807294e-03 1.106758693807754872e-02 1.055139669247951058e-02 1.027176013374611445e-02 1.054966763281583661e-02 1.055352875175098910e-02 1.104884256127814865e-02 9.777601688615402895e-03 1.014430463620710939e-02 1.105872033408870914e-02 9.969829713566549095e-03 1.077766296727337633e-02 9.685698383204001047e-03 1.014691539655283338e-02 1.137479729383160040e-02 1.079264596499774492e-02 1.080022897187816674e-02 1.104365823244199407e-02 1.451160844349611359e-02 1.013606040257398686e-02 1.055298692492056753e-02 9.681975727001725096e-03 1.107112898477510127e-02 9.819441064926310789e-03 1.033285738432124755e-02 1.014974551234481583e-02 1.033056522638771228e-02 1.054694223295343965e-02 1.056782639834299813e-02 9.678155122746402370e-03 1.104656479510530108e-02 1.139487006183873864e-02 1.079749439419878422e-02 1.174016357137728714e-02 9.971018187534522528e-03 1.056829161854720527e-02 1.013703111230319573e-02 1.261790174359017462e-02 1.136793141629456605e-02 1.032849245540329308e-02 1.107953482899127692e-02 1.076743319471626381e-02 9.670991444529547162e-03 1.032604171868623313e-02 1.139105680325958568e-02 1.032867915896674114e-02 1.106748524299041268e-02 1.053282556636583878e-02 9.442496340860277379e-03 1.032100396275322657e-02 1.174127349849035488e-02 1.106590447037660886e-02 9.968947996268601175e-03 1.315737991875342260e-02 1.106049690852771092e-02 1.105733976653014254e-02 1.108025516648924666e-02 9.446781228986166415e-03 9.973226346568001693e-03 1.034764922884081999e-02 1.213545826283978293e-02 1.013925588854653823e-02 1.032739960051500504e-02 1.034467442361155717e-02 9.686146790182294242e-03 1.055504443214156859e-02 1.138751947833294836e-02 1.054114505134831799e-02 1.078598240960295870e-02 1.055501819814885084e-02 1.080051259805574725e-02 1.033429832833655630e-02
8.592030677003033995e-03 9.344039490506286794e-03 9.546058900395356858e-03 9.288938704156826653e-03 9.587744601464531433e-03 1.015471592374411237e-02 8.869887472742022522e-03 9.131835340720819219e-03 8.418365267789912343e-03 9.058464886162210031e-03 1.047495886409985366e-02 0.000000000000000000e+00 1.052747519629032742e-02 9.859736729750835302e-03 9.081784973218518658e-03 8.878413997176069078e-03 9.285513633853883023e-03 9.543296116627427925e-03 1.190554655691690618e-02 8.877142559605633726e-03 9.532069181420473047e-03 1.018166420652007360e-02 1.018935056151953553e-02 1.054518589223891502e-02 9.296022403013625215e-03 9.823428984224077606e-03 1.048478504971525962e-02 9.285697993788137594e-03 8.924247776279444974e-03 1.131918508743660727e-02 9.338980120661068141e-03 1.054497749138741218e-02 8.180868293875877620e-03 9.604497265736816267e-03 1.017857370328186482e-02 1.052049023532257085e-02 1.017234913425967523e-02 1.313748876737694075e-02 8.927329719853823592e-03 9.340176652888948147e-03 9.869028500435420709e-03 9.125261210743562321e-03 9.581392571052178841e-03 9.873981343774977659e-03 9.869053664850807248e-03 9.866294042879624610e-03 9.337731961825575938e-03 1.250056821403421579e-02 8.560231884721160658e-03 8.933398758691438180e-03 9.076246167161900261e-03 1.019448140660080167e-02 9.542674331931545739e-03 1.094529631350311775e-02 9.338269647356657599e-03 1.054108328981624362e-02 8.320218332489501961e-03 1.012861681879480280e-02 9.594336501988449256e-03 9.333368440078872522e-03 9.592026515736252340e-03 9.549850844833236707e-03 1.015980530143280151e-02 8.756709961936849293e-03 9.127379105878906038e-03 1.017293127776724461e-02 8.927067227730995855e-03 9.853405218470386723e-03 8.601866717059866024e-03 9.130475511605309208e-03 1.052802557338632962e-02 9.870762557602535264e-03 9.829258029896486767e-03 1.015527456271674879e-02 1.389434204796846130e-02 9.118686280315832157e-03 9.596938224019484556e-03 8.597160290617428952e-03 1.018640137173819002e-02 8.754895663864906141e-03 9.344030022736921418e-03 9.133687420924739217e-03 9.341478759280992528e-03 9.590292345311515754e-03 9.613578390774641172e-03 8.593082245453059070e-03 1.015904328379828303e-02 1.055131304253285711e-02 9.876258507010696186e-03 1.093408116204770686e-02 8.928191888456808376e-03 9.614141257133871146e-03 9.118787478243474062e-03 1.189128619014389460e-02 1.052019641055101581e-02 9.338944487365748517e-03 1.019635748106121308e-02 9.841726042931688012e-03 8.584737167012324380e-03 9.336521254438744782e-03 1.054656464222972212e-02 9.339838633389867945e-03 1.018270989435325277e-02 9.573702901001228394e-03 8.324319533228081644e-03 9.330714204201629933e-03 1.093629135322513914e-02 1.018043376374783496e-02 8.926013284133607270e-03 1.246876678535524530e-02 1.017480437969121160e-02 1.017159170739572252e-02 1.019722556111573447e-02 8.329206136317520229e-03 8.931270850296131950e-03 9.361122250500576378e-03 1.136847067337337300e-02 9.121935052919288162e-03 9.337850322949682591e-03 9.358031334960320927e-03 8.602298760050777066e-03 9.599386888676798499e-03 1.054256802475898522e-02 9.583069593401867189e-03 9.864162128746025229e-03 9.599255705086441604e-03 9.879416370609786155e-03 9.346034259020009893e-03
