0.000000000000000000e+00 8.320742402985581432e-03 8.616281593953875606e-03 8.339246303968692042e-03 8.640251746263675689e-03 9.274910945795715109e-03 7.801508642998710233e-03 8.064503142692139998e-03 7.237924523362172791e-03 8.034729197194797820e-03 9.698537028575527491e-03 8.625196143369415203e-03 9.695547056912707726e-03 8.929971734360055494e-03 8.056731102565274985e-03 7.809905791380564177e-03 8.335594469321336991e-03 8.613302014352614347e-03 1.122355075143975991e-02 7.808339188071112581e-03 8.633511246848309117e-03 9.299991239326316217e-03 9.339930504474344003e-03 9.711741340879346748e-03 8.346009128678534561e-03 8.974743122640391202e-03 9.709603582503259847e-03 8.307670381497265708e-03 7.841117060892516602e-03 1.065014250857138252e-02 8.316164654854612398e-03 9.713006601045365979e-03 6.961797686760188252e-03 8.656285359083949749e-03 9.329294417858917735e-03 9.722270551983004314e-03 9.323434280846283964e-03 1.260651342821061949e-02 7.844723442920031875e-03 8.345250105721931447e-03 8.970391869922838060e-03 8.085092730378148906e-03 8.633825351567233145e-03 8.973900835486457728e-03 8.969585192771363513e-03 8.966863804618073822e-03 8.343062125798651057e-03 1.191026882459764701e-02 7.413974745371062873e-03 7.850674230823107350e-03 8.077642937039912138e-03 9.312376476977250045e-03 8.641569803850213810e-03 1.019609973909513766e-02 8.343979999842864384e-03 9.741742320386626366e-03 7.078443253013841016e-03 9.332980103487027376e-03 8.617101832250144075e-03 8.310832915804243839e-03 8.644308324221784690e-03 8.648565302999714280e-03 9.312214315318530916e-03 7.634047152824827154e-03 8.086457774643337343e-03 9.323192701123068568e-03 7.843751998747997001e-03 8.954090333051887771e-03 7.442477583000096410e-03 8.089539263777640113e-03 9.728717128831413860e-03 8.970492394302075415e-03 8.979250033497400418e-03 9.306483786660119800e-03 1.342219547325131448e-02 8.077132842195291693e-03 8.647921810009819021e-03 7.437839270083548317e-03 9.336266357321361051e-03 7.631907053223872632e-03 8.348002451393355186e-03 8.092879150545859504e-03 8.345497806989309042e-03 8.612127209926967106e-03 8.664579112884407061e-03 7.433404847742174429e-03 9.309949906993761001e-03 9.750640277316275500e-03 8.975752656257007106e-03 1.018588717295960955e-02 7.844986972499400427e-03 8.665355520430854247e-03 8.077827377927837560e-03 1.124829429796626520e-02 9.721549797844016017e-03 8.342959170479440079e-03 9.345289619845677936e-03 8.942835013971276933e-03 7.425056550228086374e-03 8.340227644420133979e-03 9.746060896481367405e-03 8.315469559555957804e-03 9.332269612363776681e-03 8.624841293563568698e-03 7.101808283558285612e-03 8.334635478127121189e-03 1.018737211437399474e-02 9.330261897001111693e-03 7.842417301387306569e-03 1.188092066591562614e-02 9.324639143877828940e-03 9.321563693451153862e-03 9.346199587218162463e-03 7.106914664425318350e-03 7.847389376799147193e-03 8.364898915182690867e-03 1.067331906414143751e-02 8.080449391973866524e-03 8.341611032851707977e-03 8.361718087620021236e-03 7.442837945910167792e-03 8.650482325076353993e-03 9.742319397764728425e-03 8.634435766590106698e-03 8.963991532360503917e-03 8.650239465432772723e-03 8.979112281138406856e-03 8.349735383698738203e-03
8.320742402985581432e-03 0.000000000000000000e+00 9.368167842683515142e-03 9.097683241776731086e-03 9.362954120654288365e-03 1.000223688632719508e-02 8.686162039939555879e-03 8.882495213804951842e-03 8.174616315192530930e-03 8.889153172244144627e-03 1.035028136416718363e-02 9.386926391441946863e-03 1.039218522884199393e-02 9.649084869405287826e-03 8.909036569018374471e-03 8.662415841526795862e-03 9.094169650038987085e-03 9.401380195963563932e-03 1.183530559099666389e-02 8.692029243539621183e-03 9.356713626989461227e-03 9.984014234885877498e-03 9.991325218252385468e-03 1.036309236977584966e-02 9.139122708636497963e-03 9.700097955422549642e-03 1.036145249939413732e-02 9.129334967636420009e-03 8.667626218029467200e-03 1.128906599634633273e-02 9.102196051775382490e-03 1.040704744648631754e-02 7.946227332215918121e-03 9.414627406460152059e-03 1.002382553795146819e-02 1.038536751310385926e-02 1.001825354727090521e-02 1.312758305385705072e-02 8.670327307763426097e-03 9.138657023967789242e-03 9.696468590134527804e-03 8.877247987380387090e-03 9.394542459007206026e-03 9.699068572806186089e-03 9.696464705292416608e-03 9.693666099791312454e-03 9.136710292052962687e-03 1.245682940093033493e-02 8.351589705120650645e-03 8.706524573497277653e-03 8.903778816176431340e-03 1.003722662674641497e-02 9.401437663684234641e-03 1.082675211559967071e-02 9.137124626206008862e-03 1.040417299989659407e-02 8.063747185840387799e-03 1.002633268285808323e-02 9.405425229030683551e-03 9.132319151258845580e-03 9.366337430303767198e-03 9.407403589772810396e-03 1.000826492919112964e-02 8.520202280890429997e-03 8.910285877867758081e-03 9.976238313777710531e-03 8.699920747268831758e-03 9.681342477401270324e-03 8.355978793093042645e-03 8.913649473764266584e-03 1.039138389522142360e-02 9.696697024790172301e-03 9.704371595476671275e-03 1.000193024790327519e-02 1.391918052678549345e-02 8.902727113108700394e-03 9.406156906118236585e-03 8.351640262677914595e-03 1.002885752378760049e-02 8.517757338628565225e-03 9.140547183468832743e-03 8.916600331576568506e-03 9.138279210338391689e-03 9.400753769144990293e-03 9.421294845298282955e-03 8.347653204736415339e-03 9.963895372297155301e-03 1.036736270654151776e-02 9.700767336998941670e-03 1.081718392563061661e-02 8.701106750486981706e-03 9.421865506261159484e-03 8.903359524981340964e-03 1.182220908966582357e-02 1.038429730442975811e-02 9.135900109938822553e-03 1.003750684641560066e-02 9.671514757683666655e-03 8.340603013843116142e-03 9.133493449122544183e-03 1.040695386429551540e-02 9.136380080396321046e-03 1.002576845752229349e-02 9.386250470821106556e-03 8.065807349258860906e-03 9.128776087508448309e-03 1.077173746043206225e-02 1.002409455908405238e-02 8.699410977439784795e-03 1.242822605665107501e-02 1.001903783804297156e-02 1.001649583468411549e-02 1.003854975578225180e-02 8.070071469729827793e-03 8.703339521685901983e-03 9.155707112969970959e-03 1.127576290515351458e-02 8.906000885747287002e-03 9.134830702529036714e-03 9.152421811349399985e-03 8.356192267203004648e-03 9.408617801347224016e-03 1.040378048341795286e-02 9.395006853817106443e-03 9.650655666148659842e-03 9.408740885201046650e-03 9.704177481361511010e-03 9.142448883068440488e-03
8.616281593953875606e-03 9.368167842683515142e-03 0.000000000000000000e+00 9.360053544398493422e-03 9.653838323193789095e-03 1.019116276560542642e-02 8.969608340733648336e-03 9.152773985427561931e-03 8.477331634534271756e-03 9.128873455197864667e-03 1.056731763087566042e-02 9.601071836310148822e-03 1.061344577407467675e-02 9.931324177255730981e-03 9.182248569793560050e-03 8.976187461613280641e-03 9.356811026542555948e-03 9.615345390678682949e-03 1.197022229678401141e-02 8.942450598307361345e-03 9.647688001845670935e-03 1.021371867987556394e-02 1.026405217738266332e-02 1.062716231348932380e-02 9.365247543549554479e-03 9.943305168955361359e-03 1.057740670807471271e-02 9.356996448424973606e-03 8.981697959640818490e-03 1.143718195865338176e-02 9.363932384689056809e-03 1.058115037331198299e-02 8.261393604234877966e-03 9.668367828373214401e-03 1.021168720375481218e-02 1.060714743318669218e-02 1.020619299328662591e-02 1.330003468623126676e-02 8.984904592961463071e-03 9.403254846992295524e-03 9.940715854308643934e-03 9.184896870768451821e-03 9.649069711063844659e-03 9.942698123331010149e-03 9.939847195955963180e-03 9.937234848799774908e-03 9.401016139879066549e-03 1.263668920207391619e-02 8.649022399266560052e-03 8.989825651014570276e-03 9.178129122697139056e-03 1.026936214747897237e-02 9.655178461940885221e-03 1.103807780274175705e-02 9.401551873697922349e-03 1.062499177656291670e-02 8.373865081119960876e-03 1.025934666194106178e-02 9.619468582079243255e-03 9.397085299715000548e-03 9.657803450461889538e-03 9.661482273085124708e-03 1.024154737621728491e-02 8.779312247648699344e-03 9.185883015330714718e-03 1.025101536831392671e-02 8.984091296781406347e-03 9.926009881725032791e-03 8.654660399543094573e-03 9.188532664423456481e-03 1.061384643993724779e-02 9.940857725266188244e-03 9.948273172169412940e-03 1.023620745139591608e-02 1.408289841483667190e-02 9.178037336965372273e-03 9.661487212758099186e-03 8.650480269392827812e-03 1.026260726318271692e-02 8.809490068534457305e-03 9.406028226390727651e-03 9.191314552767964122e-03 9.403875026743434631e-03 9.655711684211757545e-03 9.675830269037347803e-03 8.647064180771357397e-03 1.023918685395324227e-02 1.063320102778039442e-02 9.945449829755164187e-03 1.102875573740847749e-02 8.985225891330437739e-03 9.676338183563728060e-03 9.178921708318370579e-03 1.201337399776674329e-02 1.060725183710765386e-02 9.401632230934597878e-03 1.027076303315892572e-02 9.916729398134682336e-03 8.640167534879946570e-03 9.399326841006024752e-03 1.062932435827948843e-02 9.401981082906128370e-03 1.025906385371080053e-02 9.641765103702988962e-03 8.376514121047699477e-03 9.394474513786034431e-03 1.102999606816379083e-02 1.025729110914945161e-02 8.983177320018227371e-03 1.260942488149475668e-02 1.025245026762979655e-02 1.024953375760046838e-02 1.027156091711530113e-02 8.380600701342107856e-03 8.987271686946379790e-03 9.420298159989798012e-03 1.147743886486895550e-02 9.181009731636059421e-03 9.400604308223026867e-03 9.417437847164013276e-03 8.654794845666486866e-03 9.663811511766193241e-03 1.062568507782700802e-02 9.649931763899085094e-03 9.934941957989676387e-03 9.663384019137374534e-03 9.948138671564918725e-03 9.407339078364194279e-03
8.339246303968692042e-03 9.097683241776731086e-03 9.360053544398493422e-03 0.000000000000000000e+00 9.354132427927161833e-03 9.954180641685329844e-03 8.646282770109732854e-03 8.873817238724029249e-03 8.164681547861658839e-03 8.846314922819953352e-03 1.034321782594944950e-02 9.341006332899772641e-03 1.034131320445321085e-02 9.679671090489812627e-03 8.866714234141315210e-03 8.652742028863015869e-03 9.085622628436339221e-03 9.356692338986631954e-03 1.182918805190127758e-02 8.651775525436680714e-03 9.347763246575361076e-03 1.001741954931801432e-02 9.983511654782050229e-03 1.035629567806793661e-02 9.095619632402126425e-03 9.653181028966336535e-03 1.039745148038855212e-02 9.086153374984067693e-03 8.658924818399750881e-03 1.128248725635186932e-02 9.128525308290259821e-03 1.035644024937445139e-02 7.937440147446062771e-03 9.407634556651008062e-03 1.001722829365171361e-02 1.037928790836114765e-02 1.001151492787598699e-02 1.312352453297106238e-02 8.693750537413889520e-03 9.131229821793509366e-03 9.689937392333380223e-03 8.902813218098545173e-03 9.387285023194606379e-03 9.653748752086037735e-03 9.689722176480857277e-03 9.687354775746895991e-03 9.129157429994641179e-03 1.245127553150163387e-02 8.343110402174711004e-03 8.698590544429120677e-03 8.896308727831587007e-03 1.003082289178343703e-02 9.394134461784256832e-03 1.082208840122116100e-02 9.129340683262127110e-03 1.039729687996441242e-02 8.054665650256748535e-03 1.001995771450549244e-02 9.398280753026304682e-03 9.125313832264692407e-03 9.396769063084410220e-03 9.400580757055888859e-03 1.000147178903999269e-02 8.511305505408277988e-03 8.903723653232494678e-03 1.001134688324135935e-02 8.692722294919097772e-03 9.675124167885882503e-03 8.347778455328381045e-03 8.906519197669762397e-03 1.038528114113790486e-02 9.690190639522942850e-03 9.697911879189330744e-03 9.996002138066317419e-03 1.391500954099472720e-02 8.895777590831949883e-03 9.399905468056806920e-03 8.343874768684103604e-03 1.002329065747946217e-02 8.510043270418692768e-03 9.133658053414935030e-03 8.909428489690129210e-03 9.131433397066781796e-03 9.394055120836901362e-03 9.414843352278316757e-03 8.339892427935546165e-03 9.999101288084120617e-03 1.040543798530842515e-02 9.694952926411398719e-03 1.081164905518216396e-02 8.693757669543790076e-03 9.415372683366203879e-03 8.896291911048575737e-03 1.181724231473918474e-02 1.037870015184425010e-02 9.129052777342976793e-03 1.003171783266018635e-02 9.664698012079277895e-03 8.332841288697417220e-03 9.126635684687607955e-03 1.040141705118306954e-02 9.129112330049071397e-03 1.001962116431093404e-02 9.379345561406167084e-03 8.056944123991775092e-03 9.121576374043125629e-03 1.081273644998619922e-02 1.001816796949557900e-02 8.691740858367168893e-03 1.242313492266687927e-02 1.001278732406305633e-02 1.000996496937734716e-02 1.003229836151204972e-02 8.061435912156944203e-03 8.695884011365047003e-03 9.148366855671330455e-03 1.127074887646782944e-02 8.898616999729380694e-03 9.127978518354694371e-03 9.145573307989240605e-03 8.348174271510147570e-03 9.402081380778486500e-03 1.039795830488293542e-02 9.387862428710487539e-03 9.683768746013473802e-03 9.401865826583014410e-03 9.697504208955610647e-03 9.135020813234161208e-03
8.640251746263675689e-03 9.362954120654288365e-03 9.653838323193789095e-03 9.354132427927161833e-03 0.000000000000000000e+00 1.023100389167601321e-02 8.963010457388995156e-03 9.183492061645627536e-03 8.498603489978658748e-03 9.123136874274800565e-03 1.061117260842435114e-02 9.635818047408114748e-03 1.056084006156886822e-02 9.884283163565375438e-03 9.141128877701746452e-03 8.936987978284134659e-03 9.351688011416683932e-03 9.610705946430923852e-03 1.196637041253065768e-02 8.936506005322497961e-03 9.603165167319705278e-03 1.020864393512974609e-02 1.025996588584518129e-02 1.062315830850766099e-02 9.360362954906682048e-03 9.895830896490402304e-03 1.062052357841008349e-02 9.352514774964298602e-03 8.942586926417007975e-03 1.148582638475897748e-02 9.358260689477402444e-03 1.057709860875271149e-02 8.254971816789039019e-03 9.663239991199754769e-03 1.025223752842663490e-02 1.060275568474141651e-02 1.024593323064161218e-02 1.329639963367978094e-02 8.978793032546681166e-03 9.398119552154663922e-03 9.893355508214619204e-03 9.178700604470154192e-03 9.643445447507061410e-03 9.895893377123678863e-03 9.935233501392805658e-03 9.932203381704316283e-03 9.395101389994209989e-03 1.263296391566117935e-02 8.643701826380793818e-03 8.983739806213151061e-03 9.172739176875735478e-03 1.026514599275476017e-02 9.611423219278951782e-03 1.103356103662215051e-02 9.396204534945187120e-03 1.062026684030368401e-02 8.367564825119570837e-03 1.025472407761971599e-02 9.654946599597168111e-03 9.392123628572319680e-03 9.652554797637786371e-03 9.656443881161720644e-03 1.023644891318616079e-02 8.805500410648673879e-03 9.179971960620134097e-03 1.024594546346652667e-02 8.977996520442604184e-03 9.921235781601140183e-03 8.648295453413081674e-03 9.182616433649488930e-03 1.060877141379316414e-02 9.935550742656173995e-03 9.943402003916298332e-03 1.023112156381115675e-02 1.407910275055185116e-02 9.172253635704846406e-03 9.656111626599028080e-03 8.644330869324539854e-03 1.025771146399519912e-02 8.803248577775981201e-03 9.400045076601909813e-03 9.185399932769519951e-03 9.398283744592032460e-03 9.650336490632084249e-03 9.670478095277310060e-03 8.611449830436417735e-03 1.023410692592049628e-02 1.062836738775408199e-02 9.940151022707429188e-03 1.102432962017807147e-02 8.979133125786553302e-03 9.670821831896896439e-03 9.172997407894154659e-03 1.200918093841908327e-02 1.060257834011728989e-02 9.395899280197728826e-03 1.026586272069363558e-02 9.911108272846752207e-03 8.633556948143907700e-03 9.393718022099938753e-03 1.062432463110246812e-02 9.395774421492048695e-03 1.025383253920640787e-02 9.636074011572209885e-03 8.369592680750364416e-03 9.388595557529822236e-03 1.102534244002365341e-02 1.025241175470797787e-02 8.977204885302994888e-03 1.260505068078790654e-02 1.024720384200320834e-02 1.024479726493545198e-02 1.022159495048986094e-02 8.373899027760712752e-03 8.981145408284818554e-03 9.414246752479388941e-03 1.147321693830900650e-02 9.175073227285458419e-03 9.394729923193010854e-03 9.411569137229321494e-03 8.648298406179883574e-03 9.658197893611809859e-03 1.062129022023970346e-02 9.644393240789523106e-03 9.929484019564300407e-03 9.657704150083601391e-03 9.942416702693428546e-03 9.401461760659295813e-03
9.274910945795715109e-03 1.000223688632719508e-02 1.019116276560542642e-02 9.954180641685329844e-03 1.023100389167601321e-02 0.000000000000000000e+00 9.602666823757441752e-03 9.766148276517377241e-03 9.147024187902906903e-03 9.742538552335880397e-03 1.112244519532532352e-02 1.021915512829644872e-02 1.106622899449254474e-02 1.043980481496026985e-02 9.799017840412716993e-03 9.573213934757993787e-03 9.951759160737047930e-03 1.023287645912700564e-02 1.245926957970964338e-02 9.608946513664701206e-03 1.018143980341078281e-02 1.073868637867783984e-02 1.074493435673735953e-02 1.113470881857400729e-02 1.000111104017591818e-02 1.049741631969663275e-02 1.107820778012815616e-02 9.951124369200318315e-03 9.578255776512485317e-03 1.194560752064400058e-02 1.000001757213920574e-02 1.113462034358255089e-02 8.952517369646575615e-03 1.024406005128476391e-02 1.078700848893253406e-02 1.111401445804248954e-02 1.078211948139786054e-02 1.368854387043473217e-02 9.617146306216092441e-03 9.959277917472166702e-03 1.049486468222947909e-02 9.800349688906391868e-03 1.022623196936089246e-02 1.049687810382390549e-02 1.049448135822213420e-02 1.049211212009692681e-02 9.998724701039676463e-03 1.304737198865004409e-02 9.277712594597881807e-03 9.621071885140788926e-03 9.794305347554458849e-03 1.079993251879107774e-02 1.018798386953183831e-02 1.151841842480948175e-02 9.999392789364888734e-03 1.113076106188151497e-02 9.027955565565582915e-03 1.079005246416216840e-02 1.019133576764126581e-02 9.995677109539512564e-03 1.023445201987757680e-02 1.023785230061980897e-02 1.077248705993477836e-02 9.423395783077572613e-03 9.801666173211726757e-03 1.078293041755462242e-02 9.616719077266418225e-03 1.048192379524889341e-02 9.314561530488959032e-03 9.804051968548310389e-03 1.112073584604952696e-02 1.049533192681724111e-02 1.050241329865231679e-02 1.076852395817648293e-02 1.445143645490671626e-02 9.794455653602662099e-03 1.023797822967330816e-02 9.310922486110173937e-03 1.079329151879226435e-02 9.456624144023394185e-03 1.000316787429680367e-02 9.806591225580470889e-03 1.000143627782465114e-02 1.023264103656913379e-02 1.025114720515270250e-02 9.307584546347355201e-03 1.077177062777880980e-02 1.113905672292195975e-02 1.049957455986656046e-02 1.151058831718294352e-02 9.617762224391493420e-03 1.025159923556092853e-02 9.795276541836438894e-03 1.244733564944808767e-02 1.111457500655798139e-02 9.999437064096393032e-03 1.080083993355736988e-02 1.047283739516477463e-02 9.301259062597672794e-03 9.997310676794544590e-03 1.113520105197654368e-02 9.999209381930652257e-03 1.078998375636933300e-02 1.021988612447721247e-02 9.058480694414085960e-03 9.992869112637898718e-03 1.151173310634538011e-02 1.078827802005978206e-02 9.615899751823852107e-03 1.302063079750592593e-02 1.078384363612192899e-02 1.078110001883699799e-02 1.080156918124460831e-02 9.062458339617050426e-03 9.619282430523373728e-03 1.001652516547909579e-02 1.193561912473845368e-02 9.797189019051339917e-03 9.998325833471870261e-03 1.001387667572575108e-02 9.314642114886438617e-03 1.023970334995125825e-02 1.113146382366128097e-02 1.022720370169459200e-02 1.048976931422312964e-02 1.023971892907757884e-02 1.050227353106666754e-02 1.000464301140907390e-02
7.801508642998710233e-03 8.686162039939555879e-03 8.969608340733648336e-03 8.646282770109732854e-03 8.963010457388995156e-03 9.602666823757441752e-03 0.000000000000000000e+00 8.443734870253932767e-03 7.642016442664888859e-03 8.384745325285342804e-03 1.001521505492426918e-02 8.916029493882501530e-03 9.973499859692896985e-03 9.236512124128428564e-03 8.405390232301019129e-03 8.173278284361389437e-03 8.642940759676752058e-03 8.966030905523735689e-03 1.150887635859063063e-02 8.172524202580935121e-03 8.924214601423008375e-03 9.592059769390768112e-03 9.636202412702077336e-03 1.002841603168435312e-02 8.684233795168846970e-03 9.248960978354519441e-03 9.987129512205556586e-03 8.643119310478392450e-03 8.179926081451429493e-03 1.094470630263527297e-02 8.651147478506352254e-03 9.990644176797854048e-03 7.388325738252837609e-03 8.979065430506631695e-03 9.625531990277162026e-03 1.000516731108084569e-02 9.619370422900072951e-03 1.282992591214646323e-02 8.182473892102342522e-03 8.683049664124673633e-03 9.279457899222005521e-03 8.437191024775192449e-03 8.957634976014330896e-03 9.282744705618767300e-03 9.279159376435437007e-03 9.275844840323481041e-03 8.680431806364219058e-03 1.214411097806725008e-02 7.829759180698326465e-03 8.216074580711007352e-03 8.429323878628014813e-03 9.639937624667060598e-03 8.931715507743923088e-03 1.046527387496921403e-02 8.681350428218914325e-03 1.002421502435165389e-02 7.493416312094602037e-03 9.591346678210118867e-03 8.936534231741486561e-03 8.676758717776291222e-03 8.967370067628826699e-03 8.971016771445679966e-03 9.571507682910037479e-03 8.014079331424301539e-03 8.438083718336744990e-03 9.619109608712560211e-03 8.209804129433744338e-03 9.264022964771271781e-03 7.835293063884304215e-03 8.441145224821106768e-03 1.001129522571069137e-02 9.279617422422798551e-03 9.287849231531031258e-03 9.602848977170758138e-03 1.363631934398219087e-02 8.429269467743886676e-03 8.971221576229787553e-03 7.830905179431345634e-03 9.631747646002416022e-03 8.011526333835759101e-03 8.685736534150589536e-03 8.444193944207310440e-03 8.683419182268016165e-03 8.964661076102638584e-03 8.986986438384410997e-03 7.826632457321918215e-03 9.606178038055569052e-03 1.003240304326221376e-02 9.284820774818366637e-03 1.045556991963511768e-02 8.182901039629800546e-03 8.987395558882766908e-03 8.400531165413531107e-03 1.149442771260567910e-02 1.000421167772456814e-02 8.680803594032397014e-03 9.640636377167966301e-03 9.252860065206359313e-03 7.818886690113154708e-03 8.678401933976693378e-03 1.002833213913396394e-02 8.681165976183716562e-03 9.627912462940502528e-03 8.949241032612367808e-03 7.518808681595991542e-03 8.672938541442581570e-03 1.045719061696898620e-02 9.626086584863434437e-03 8.209017331572397019e-03 1.211578973091750021e-02 9.620719220327211135e-03 9.617570317835912735e-03 9.641515002555471267e-03 7.523684423145234230e-03 8.213547228330028357e-03 8.701936578650357190e-03 1.093134763740147460e-02 8.432886279010393463e-03 8.679982366858329454e-03 8.698922247827978182e-03 7.835792055235995743e-03 8.973483720894402313e-03 1.002449600616251227e-02 8.958345028192640433e-03 9.273720760221704218e-03 8.973318120269590387e-03 9.288233487901106575e-03 8.687563789824648969e-03
8.064503142692139998e-03 8.882495213804951842e-03 9.152773985427561931e-03 8.873817238724029249e-03 9.183492061645627536e-03 9.766148276517377241e-03 8.443734870253932767e-03 0.000000000000000000e+00 7.937250723252251353e-03 8.623051389229301200e-03 1.016428955869371625e-02 9.170118410781876936e-03 1.020343382943375739e-02 9.444011647596985137e-03 8.642843205559219699e-03 8.450768089351773371e-03 8.870689923842305785e-03 9.185269237727710159e-03 1.162567043155483121e-02 8.420094029395705851e-03 9.177360683953510873e-03 9.789114973218777938e-03 9.795840409159730505e-03 1.017665755859944315e-02 8.879924678590205706e-03 9.456626094825521661e-03 1.021647168477286816e-02 8.870864601309362552e-03 8.456465270379964760e-03 1.107308806512056001e-02 8.878336332397346320e-03 1.017841417552011775e-02 7.673058136118321437e-03 9.199354532071428447e-03 9.786873202167301750e-03 1.015581643709909630e-02 9.820525513176437196e-03 1.298167076531939711e-02 8.460127181199017174e-03 8.913239242102638168e-03 9.490625556916923097e-03 8.677348341862305484e-03 9.178680868764504605e-03 9.492815518534869490e-03 9.489873594791045641e-03 9.487404291677633064e-03 8.911234277896298503e-03 1.230239064104695496e-02 8.094776514570941120e-03 8.464620000895086913e-03 8.670272118216252460e-03 9.839931707650450068e-03 9.185699293658238646e-03 1.064835831562298274e-02 8.878027263075729744e-03 1.021607679324980714e-02 7.795157708592119483e-03 9.829864938478432776e-03 9.189808014576869924e-03 8.907153815987441797e-03 9.187851042696537629e-03 9.191774875319769569e-03 9.810618397394567022e-03 8.241987610143478374e-03 8.677528647731663769e-03 9.820777060496894972e-03 8.458974602794960829e-03 9.437855940556381246e-03 8.100329888394142835e-03 8.680732722723931080e-03 1.020363841649777996e-02 9.490556127136444420e-03 9.498740293485248565e-03 9.804987772984228092e-03 1.378024892386044836e-02 8.669324329889500219e-03 9.191510232710793302e-03 8.096065003380170655e-03 9.832727311482214461e-03 8.268734857877216987e-03 8.915940596303051011e-03 8.683754342826198111e-03 8.914178535707049933e-03 9.185435005860631899e-03 9.206801363551696260e-03 8.092112416566479491e-03 9.807941595185356437e-03 1.022398902685645213e-02 9.495695045061834649e-03 1.063878503662723206e-02 8.459991399695625594e-03 9.207344556296799543e-03 8.670485532285028898e-03 1.166065602661970659e-02 1.019689844057670991e-02 8.911345481268354365e-03 9.841642977569240239e-03 9.464836084116846210e-03 8.084788276516190891e-03 8.909097680948085615e-03 1.022013507628966901e-02 8.911996557147139342e-03 9.829243694914122434e-03 9.170389261360356245e-03 7.798097720067009853e-03 8.903846748686087068e-03 1.064013962371734671e-02 9.827741783938283293e-03 8.457746530951052583e-03 1.227416525369830376e-02 9.821976977362022534e-03 9.819176255155482452e-03 9.842498024743398174e-03 7.802551359634150169e-03 8.462419051406242648e-03 8.931607319477181950e-03 1.110600385708504327e-02 8.672754486903031315e-03 8.910473919044729560e-03 8.928712289987811648e-03 8.100774823811968117e-03 9.194113999593047509e-03 1.021633476681480142e-02 9.179179916069590828e-03 9.484254933011309827e-03 9.193652437186139795e-03 9.498619700162492033e-03 8.917776278607302681e-03
7.237924523362172791e-03 8.174616315192530930e-03 8.477331634534271756e-03 8.164681547861658839e-03 8.498603489978658748e-03 9.147024187902906903e-03 7.642016442664888859e-03 7.937250723252251353e-03 0.000000000000000000e+00 7.881049036972339467e-03 9.576688317520783839e-03 8.455568303745051792e-03 9.573718528152549631e-03 8.796468164584861360e-03 7.929241459931891250e-03 7.650040403654678571e-03 8.161897350209241370e-03 8.501204492126081258e-03 1.111791061171575265e-02 7.649585354600250617e-03 8.463919369623139691e-03 9.202784190133633108e-03 9.180190360632115715e-03 9.590538786858037942e-03 8.172144119242467572e-03 8.810206279902204826e-03 9.619199731974739653e-03 8.161741543456980941e-03 7.656818667071015744e-03 1.053870947997839584e-02 8.196789269561370952e-03 9.623255475679187709e-03 6.771401216096249211e-03 8.514762399274766400e-03 9.199842424386662706e-03 9.598120286046975952e-03 9.193897506556625993e-03 1.250685763669778447e-02 7.684145299964171422e-03 8.197376003431572009e-03 8.805895839217038959e-03 7.931154974976765276e-03 8.492161886548114241e-03 8.838600829901543596e-03 8.834196706263258703e-03 8.831518352712262182e-03 8.195094169352793931e-03 1.180671567372990061e-02 7.263546059387872289e-03 7.689838895617867251e-03 7.923040774695690527e-03 9.184546202951957353e-03 8.500608581898279337e-03 1.007792026338327762e-02 8.195650994634382305e-03 9.617608221637940352e-03 6.913903377714494120e-03 9.172868024769154430e-03 8.504819149589044544e-03 8.164278816708735870e-03 8.502770841231282323e-03 8.506951403403491610e-03 9.182354263259537644e-03 7.444310718195130093e-03 7.932011605635284207e-03 9.193397378497942043e-03 7.682800241893950229e-03 8.818249702262428991e-03 7.269645267844449671e-03 7.935354543504417185e-03 9.604719598101952791e-03 8.835141306345500531e-03 8.843546043265980081e-03 9.176210261789555928e-03 1.332708192099641385e-02 7.922837681310147470e-03 8.478865230629581765e-03 7.264539651776290470e-03 9.206624375753114445e-03 7.464719947944746005e-03 8.200187091340863099e-03 7.938725003177708739e-03 8.171317094449211463e-03 8.499597512418339759e-03 8.523423356355901842e-03 7.259956136592994429e-03 9.179584337914012057e-03 9.626415273973797787e-03 8.840488834064587007e-03 1.006721514054994757e-02 7.684238437165587070e-03 8.523859396194882407e-03 7.923502057164610521e-03 1.113949114969577103e-02 9.597303625549466130e-03 8.194992501401585083e-03 9.215968374072153191e-03 8.806817913581926893e-03 7.251465061554316673e-03 8.192214805283185367e-03 9.621961315192122458e-03 8.195149258743525400e-03 9.202586126191202032e-03 8.483054702533528169e-03 6.917011754868813110e-03 8.186321092749450357e-03 1.006876496994264444e-02 9.200975740823045396e-03 7.681760255584611785e-03 1.177698299295903452e-02 9.195009893061980785e-03 9.191584857141140222e-03 9.216890588637298778e-03 6.922449728484976993e-03 7.686901268979624488e-03 8.217763863223150403e-03 1.055983991522582537e-02 7.926341220860702932e-03 8.193915209553087955e-03 8.214355581893378541e-03 7.270181115814853059e-03 8.509134438644878895e-03 9.618528802013212239e-03 8.492787740683504019e-03 8.828163893634706147e-03 8.508785642004891570e-03 8.843768224563616082e-03 8.201930485018483347e-03
8.034729197194797820e-03 8.889153172244144627e-03 9.128873455197864667e-03 8.846314922819953352e-03 9.123136874274800565e-03 9.742538552335880397e-03 8.384745325285342804e-03 8.623051389229301200e-03 7.881049036972339467e-03 0.000000000000000000e+00 1.014331289245234274e-02 9.108667725665165957e-03 1.014006587728153580e-02 9.456607035159934546e-03 8.615425025198793912e-03 8.391947229790789123e-03 8.843992527741728962e-03 9.125518386460342024e-03 1.165392912220678152e-02 8.390877103732990658e-03 9.115920468709100624e-03 9.804485942045233424e-03 9.774017228058047568e-03 1.019743296098681549e-02 8.853942396680089880e-03 9.432435453857773711e-03 1.019437295897828756e-02 8.844018253938906726e-03 8.398013875312275098e-03 1.109810052274306374e-02 8.851934716081441210e-03 1.019739743936179735e-02 7.618181624258635147e-03 9.173961967341055790e-03 9.803110946571064882e-03 1.017519513118058695e-02 9.797549624763342638e-03 1.296397759621812501e-02 8.430994660258378168e-03 8.886744937305315201e-03 9.465517584632271095e-03 8.649412563852534527e-03 9.152891308014646579e-03 9.469149512428670298e-03 9.465513829175199040e-03 9.462601094916018793e-03 8.884695971031331477e-03 1.228488905573216390e-02 8.037761386205075770e-03 8.435909995410684550e-03 8.641927637450277228e-03 9.817148992480919864e-03 9.160242289978016289e-03 1.062793983940792282e-02 8.885253486827822053e-03 1.015264927585670350e-02 7.762990429058479712e-03 9.806253486829388452e-03 9.164341508635244493e-03 8.880763624883243959e-03 9.162908493707220062e-03 9.166490647638388459e-03 9.786941983416588137e-03 8.240464132947000059e-03 8.650143732823785056e-03 9.797574005305783457e-03 8.430026755836463048e-03 9.450619799562558904e-03 8.069809169246959166e-03 8.653080188412123203e-03 1.018135267889253015e-02 9.466287396529049492e-03 9.474283359330978177e-03 9.781534603550660553e-03 1.376370311440954126e-02 8.641855474927663538e-03 9.165976148469106091e-03 8.065465025576904270e-03 9.809615919481077043e-03 8.239195006845010175e-03 8.889562084899297820e-03 8.656117204343621516e-03 8.887254662864151403e-03 9.159763317089028231e-03 9.181158618960042969e-03 8.061320855731119936e-03 9.784952115529932382e-03 1.020222681135208274e-02 9.471199810455566831e-03 1.061757913526740517e-02 8.431117684265082221e-03 9.182005447727620631e-03 8.642405712237864746e-03 1.164144011017142002e-02 1.017458196261985734e-02 8.884750414290248227e-03 9.818284570489780455e-03 9.439990365214079998e-03 8.053832431619263252e-03 8.882239672397733085e-03 1.019786729000589538e-02 8.884718060158575820e-03 9.805837615277611385e-03 9.144628407331090864e-03 7.765541120787059111e-03 8.876971370016068993e-03 1.061895673230059921e-02 9.804342399360357896e-03 8.428976302477820051e-03 1.225587302254528728e-02 9.798804596189647498e-03 9.795901375708798361e-03 9.818909772039037531e-03 7.770230429772917273e-03 8.433321366965958188e-03 8.904573002665509135e-03 1.108577491088632606e-02 8.644815731878894433e-03 8.883495100629837729e-03 8.901954219859732967e-03 8.069988749314785728e-03 9.168239128294043694e-03 1.019432164731213543e-02 9.153328935989043721e-03 9.459911957893071821e-03 9.167994191225116093e-03 9.474128956590787548e-03 8.890958605617680158e-03
9.698537028575527491e-03 1.035028136416718363e-02 1.056731763087566042e-02 1.034321782594944950e-02 1.061117260842435114e-02 1.112244519532532352e-02 1.001521505492426918e-02 1.016428955869371625e-02 9.576688317520783839e-03 1.014331289245234274e-02 0.000000000000000000e+00 1.055360094835916009e-02 1.145878785452520733e-02 1.085458593316381351e-02 1.020012248814231547e-02 1.002058729344854938e-02 1.034097188563336961e-02 1.056481858129725004e-02 1.267761582398078610e-02 9.981395714421253604e-03 1.055963788623066370e-02 1.108776058209808880e-02 1.109298218824350882e-02 1.141190763564554726e-02 1.039226034694698195e-02 1.086438885463456364e-02 1.146891690418569074e-02 1.034102675816726651e-02 1.002608434440656685e-02 1.225229406788021919e-02 1.034680216724725467e-02 1.141374536031974918e-02 9.394609640121388133e-03 1.062485000649960459e-02 1.114130316067112741e-02 1.145402632725177339e-02 1.113638439482491672e-02 1.394794819707583650e-02 1.002891908547323511e-02 1.039419040782314264e-02 1.086320401707767218e-02 1.020296505657931202e-02 1.060802295946952113e-02 1.086527821416820305e-02 1.086237946271840886e-02 1.086063103220532948e-02 1.039188563905382029e-02 1.332099588058298194e-02 9.736030841361487109e-03 1.003275612174489573e-02 1.019761559880759047e-02 1.115315122211713722e-02 1.061375712966081651e-02 1.184158200927672849e-02 1.039248285214136591e-02 1.146966049785660101e-02 9.493683843100661490e-03 1.114424907778290876e-02 1.061741438166287355e-02 1.034468917996653192e-02 1.061589054348156813e-02 1.061912644268827796e-02 1.112829881341682522e-02 9.840888758598306460e-03 1.020394796129146797e-02 1.113660051989151523e-02 1.002798826332564237e-02 1.085055834734340030e-02 9.739896077700973751e-03 1.020618881005498808e-02 1.145952194692452866e-02 1.086330547578119587e-02 1.086974995126494155e-02 1.112366247012543455e-02 1.469572213085649191e-02 1.019706516190358424e-02 1.061862749485843922e-02 9.736697651588473168e-03 1.114698866267004734e-02 9.875552653358357982e-03 1.039573290553405527e-02 1.020860893516431674e-02 1.039381396970661016e-02 1.061353897865380605e-02 1.063113558766540755e-02 9.733511355612095572e-03 1.112621508647829854e-02 1.147672871578204329e-02 1.086735399819547913e-02 1.183305575176459533e-02 1.002898665604961756e-02 1.063155798107753673e-02 1.019786734285791675e-02 1.273731500820187573e-02 1.145364380587469456e-02 1.039195180652135314e-02 1.115419827694695033e-02 1.084192515931771579e-02 9.727494528605230492e-03 1.038993801298353920e-02 1.147336763010945587e-02 1.039222079983472859e-02 1.114385772563201982e-02 1.060148451612341440e-02 9.495919167263779451e-03 1.038572002490155410e-02 1.183408903253292503e-02 1.114260565122699408e-02 1.002723472388662197e-02 1.329482830763382799e-02 1.113800481400862609e-02 1.113537053709933236e-02 1.115486768193805697e-02 9.499503461975828539e-03 1.003079978252143477e-02 1.040818630868560642e-02 1.224220819697969913e-02 1.019969973139136545e-02 1.039106484724241532e-02 1.040566745639789556e-02 9.740239722892587299e-03 1.062040232918084505e-02 1.147036592633740408e-02 1.060858291879458390e-02 1.085773844122155801e-02 1.062029942516167121e-02 1.086992586359436345e-02 1.039690490646583663e-02
8.625196143369415203e-03 9.386926391441946863e-03 9.601071836310148822e-03 9.341006332899772641e-03 9.635818047408114748e-03 1.021915512829644872e-02 8.916029493882501530e-03 9.170118410781876936e-03 8.455568303745051792e-03 9.108667725665165957e-03 1.055360094835916009e-02 0.000000000000000000e+00 1.059777664693623001e-02 9.914336859276279626e-03 9.128216954739537189e-03 8.923247907868896850e-03 9.338118703614487273e-03 9.598589555403342494e-03 1.201256570750928836e-02 8.922196382127482728e-03 9.589374542611649524e-03 1.024199515417298541e-02 1.024865389381807157e-02 1.061278915032145241e-02 9.346967635418920034e-03 9.884140944743800145e-03 1.056225827782838328e-02 9.338300039739590858e-03 8.961510400165335552e-03 1.142238355775014765e-02 9.382916802683785584e-03 1.061272397377906532e-02 8.214724970062368611e-03 9.649565220408896568e-03 1.023908377845558770e-02 1.059122784796048648e-02 1.023372049742391973e-02 1.328697423262025987e-02 8.963758142259779099e-03 9.383509458876903436e-03 9.921949995785512427e-03 9.164251562549933713e-03 9.630034413145792740e-03 9.925950810517778986e-03 9.921830997308728195e-03 9.919503877578922379e-03 9.381558126957196403e-03 1.262386334721522785e-02 8.598441723948364868e-03 8.968819913904057736e-03 9.123110779447159840e-03 1.025257166531845683e-02 9.597790396357983034e-03 1.102297046521130870e-02 9.381910941271933910e-03 1.060890845143090504e-02 8.351057448080990986e-03 1.019725840142385841e-02 9.641040242295681809e-03 9.377871581716131291e-03 9.639068911084448105e-03 9.603642686402196274e-03 1.022324700918489371e-02 8.790178921960529676e-03 9.165707212758528177e-03 1.023400715081559942e-02 8.963293130476397697e-03 9.908347118085393535e-03 8.632879118175916522e-03 9.168358574843871872e-03 1.059747959372823491e-02 9.923106918387552752e-03 9.888416350939045751e-03 1.021891744395840053e-02 1.407076515972490241e-02 9.158330183541344566e-03 9.642971829201962483e-03 8.628902529214305117e-03 1.024538184817998243e-02 8.788374114336888754e-03 9.386500078955424542e-03 9.171118725594055998e-03 9.384347039919365904e-03 9.637331131177557381e-03 9.657085575179266343e-03 8.625456408037034811e-03 1.022214470387256685e-02 1.061734128602940912e-02 9.927707041881958863e-03 1.101311694854559958e-02 8.964274937864811360e-03 9.657591581680656859e-03 9.158547957901858050e-03 1.199956636055223534e-02 1.059079321032539538e-02 9.382090145133293452e-03 1.025386198716235313e-02 9.898474032017759092e-03 8.618457322542200788e-03 9.380043623439394962e-03 1.061323178410618351e-02 9.382871157404220827e-03 1.024213261978752093e-02 9.623193963440778917e-03 8.354103466912909254e-03 9.375176963987850304e-03 1.101494465226877245e-02 1.024036881055259696e-02 8.962392593826709608e-03 1.259634035902063888e-02 1.023550289796810835e-02 1.023276863183936354e-02 1.025466074662420048e-02 8.358194946254225363e-03 8.966731528033414222e-03 9.400896221005193912e-03 1.146287449419092913e-02 9.161063187087446769e-03 9.381181470219579141e-03 9.398223808558500356e-03 8.633217160808585519e-03 9.645072258786470745e-03 1.060984752731175193e-02 9.631230669067876796e-03 9.917435021661376304e-03 9.644882173302388520e-03 9.930438774665787879e-03 9.388084785676207786e-03
