0.000000000000000000e+00 3.341341009894391312e-02 4.763891495200001103e-02 3.361186884320625790e-02 3.695198361435563655e-02 3.406602935655715647e-02 5.694698554471270407e-02 2.697029023051916372e-02 2.902962827474389954e-02 3.354450994245793821e-02 3.058254622352154714e-02 4.157619971196675757e-02 2.839511553245453387e-02 3.723599903458889304e-02 2.786848522440171783e-02 3.360327128039971439e-02 3.658294956679441351e-02 3.660986299370372343e-02 3.378475673467773444e-02 2.588136776614577070e-02 2.495183571535104783e-02 4.191748537292221133e-02 2.772221164591744114e-02 3.150993719740824428e-02 2.314860784945252381e-02 4.169866512852887092e-02 3.624066015228793319e-02 2.419358032875573369e-02 4.689136453880686506e-02 4.737516557347095508e-02 3.333485774843074345e-02 3.668954399761548135e-02 5.669119209958120575e-02 3.393402738067845259e-02 4.006219769409546244e-02 3.698542137769648963e-02 2.910195448072325219e-02 5.623452772296989866e-02 4.917068961488227363e-02 4.735730288623810069e-02 3.391865028113855846e-02 2.798483482874979805e-02 3.067443087523599038e-02 4.770971991452539057e-02 2.063857590132217243e-02 3.661718742548607242e-02 4.770287609679934454e-02 3.141284364146731956e-02 3.404932535684394163e-02 2.911287680734438860e-02 3.083015652486318856e-02 2.679135261950366803e-02 3.518242776049075593e-02 2.114655697165645012e-02 3.378707887813286320e-02 2.657832563611038645e-02 2.344126074544816696e-02 4.299913777301115486e-02 3.626431930967850131e-02 4.254619320723296294e-02 2.263155288360938280e-02 2.822599155280587982e-02 4.343612761030231362e-02 4.666754518288723785e-02 2.664794281487964378e-02 2.795960646316576759e-02 4.037728772309579633e-02 3.115815085274360047e-02 4.060344854556761224e-02 2.439852252168677599e-02 3.095143620288512074e-02 2.936487093973963458e-02 5.506031595879497947e-02 3.377784944066340028e-02 4.693258282012151977e-02 3.368147942059276229e-02 3.337136675391535329e-02 3.669075362150776148e-02 4.263906499790103000e-02 4.068792290454955468e-02 2.950704298073817192e-02 3.382232533290845805e-02 4.033597896619161433e-02 4.083722260404658300e-02 4.151732013889993661e-02 2.899801478807846958e-02 4.669007768354903332e-02 5.515236492447517930e-02 7.184008395713434303e-02 4.186943970716232311e-02 5.686785477588731513e-02 3.688828877523925992e-02 4.165757782223408062e-02 3.389314909630821576e-02 2.941270234549794166e-02 3.383555740245058896e-02 3.379046527490006668e-02 3.409766548472301789e-02 2.577088749557865724e-02 3.151383869864420734e-02 4.174573862442367694e-02 2.679253553179888198e-02 3.735668630707813381e-02 2.935454823968017615e-02 3.703880407706283684e-02 4.196119767262043027e-02 2.596883907954567611e-02 4.117156491866787865e-02 3.142387337479149445e-02 3.749231211832797922e-02 3.734442074727881838e-02 3.443679544280298793e-02 3.793786630530581599e-02 3.456434140576450376e-02 4.307116013183876629e-02 3.474857269068067078e-02 2.863840134097754217e-02 3.441022917832627093e-02 4.200011447247911645e-02 4.213569320777235672e-02 3.783001225562095116e-02 4.828380018662391943e-02 3.381140254236444931e-02 3.434338803724928946e-02 4.260378695148871880e-02 2.971160331078868608e-02 3.782149649607358111e-02 4.912320340992467477e-02
3.341341009894391312e-02 0.000000000000000000e+00 5.115673701700279574e-02 3.821408040188606359e-02 4.073738947320750675e-02 3.822480480081125176e-02 5.954406660497815751e-02 3.223057139301409302e-02 3.420639831497882671e-02 3.772030865205323880e-02 3.567924199209508707e-02 4.394441479603568984e-02 3.369163890684616358e-02 4.013406826791147269e-02 3.330231758659452090e-02 3.786771931441881150e-02 4.039531211534035798e-02 4.042090441136950152e-02 3.802037090001465780e-02 3.177241705823261042e-02 3.105948611548897675e-02 4.515843492843191892e-02 3.319826546692673797e-02 3.555025563742972294e-02 2.943548648997229567e-02 4.499193711184840822e-02 4.048457589274358226e-02 3.033399441460775392e-02 4.980102629085965404e-02 5.031788545407270274e-02 3.760482050582555913e-02 4.088194235821938222e-02 5.928228253353381300e-02 3.743048810458134146e-02 4.397698287474937490e-02 4.115840323290197861e-02 3.426397701841372295e-02 5.879198784785856502e-02 5.203859669289832152e-02 5.031493517793832887e-02 3.811906843383904009e-02 3.337709960934099468e-02 3.546775487191775045e-02 5.064487694745346130e-02 2.739863824048658497e-02 4.082835866232444738e-02 5.068500817130480729e-02 3.605476403634255006e-02 3.821257473417423445e-02 3.426209498399263031e-02 3.560065313003279996e-02 3.247540157170410863e-02 3.917874177909719258e-02 2.786116541574228458e-02 3.799517901520057389e-02 3.230580379731340379e-02 2.983043341018820974e-02 4.621117264434181082e-02 4.010882813008576769e-02 4.578930213901976493e-02 2.914706678444643068e-02 3.356777759967803643e-02 4.661184213308600111e-02 4.964430083900246010e-02 3.236789982046116287e-02 3.336224613733733413e-02 4.378090145107558367e-02 3.587106224454666981e-02 4.398789833253465009e-02 3.060081740794600574e-02 3.569523416154718465e-02 3.445241871565359743e-02 5.769917233355358749e-02 3.798671079490237995e-02 4.989603701518225548e-02 3.790641832955533863e-02 3.764310206914152357e-02 4.048044053874499254e-02 4.586878141599643605e-02 4.406577750529037940e-02 3.456009712448509380e-02 3.802217126876029918e-02 4.374376052292212880e-02 4.420192837597272661e-02 4.482856482283797267e-02 3.417641607838026868e-02 4.966691718207498496e-02 5.778837696110974975e-02 7.412838295684440193e-02 4.515225709191911241e-02 5.945561657177062670e-02 4.065349489987555437e-02 4.495192594962210686e-02 3.808339736746994136e-02 3.448827862979813447e-02 3.804992328340334878e-02 3.799872574015094456e-02 3.825464308154758603e-02 3.168742187416543482e-02 3.613847612838591572e-02 4.503812134768942627e-02 3.247753174752382455e-02 4.106614672513000941e-02 3.444901212939126961e-02 4.078563077567973899e-02 4.523727203652871259e-02 3.183824136567539598e-02 4.450870488286284149e-02 3.606728206930891883e-02 4.118743239516684668e-02 4.105540187526811324e-02 3.855460870906685794e-02 4.158444524166475531e-02 3.865973018337973827e-02 4.628345576919524335e-02 3.880427401897977580e-02 3.387800847781134023e-02 3.851523973231462533e-02 4.527570665444520526e-02 4.541343733100734747e-02 4.149966293348642671e-02 5.118394857858210578e-02 3.836681692377866965e-02 3.849053898251449807e-02 4.583574332089804942e-02 3.472498693763820254e-02 4.147992642926796175e-02 5.198563302290007404e-02
4.763891495200001103e-02 5.115673701700279574e-02 0.000000000000000000e+00 5.147194531914414672e-02 5.315933725525517906e-02 5.039757318122474461e-02 6.737358938396631469e-02 4.762720342352233516e-02 4.882652287782777295e-02 5.122922394519142941e-02 4.981945401660108769e-02 5.593190314773951316e-02 4.838423218909523871e-02 5.326487916275554624e-02 4.818649145844439152e-02 5.128729625150332816e-02 5.294171751368535739e-02 5.292260011545621423e-02 5.137601992879611834e-02 4.707378738345294883e-02 4.652567899190830636e-02 5.616433543625538871e-02 4.811952650477617499e-02 5.001130337151108579e-02 4.511559156432422280e-02 5.596134291627476165e-02 5.296422261945946119e-02 4.613638366546168879e-02 5.952895143627456864e-02 5.989905493742695569e-02 5.112227583066807080e-02 5.322737537221097076e-02 6.430367497927284848e-02 5.142206778073721285e-02 5.529642746633683936e-02 5.340562406645082277e-02 4.885105856618097986e-02 6.684486249308679851e-02 6.122684115650282866e-02 5.989697808783938510e-02 5.033716460118835279e-02 4.825127994355721261e-02 4.970072555445227691e-02 6.014925850540432661e-02 4.352898515767807813e-02 5.319235029991286473e-02 6.011768623322994581e-02 5.007367447041519148e-02 5.149513638798116494e-02 4.886537493670039395e-02 4.978440537600815202e-02 4.758709879372131218e-02 5.207508495028456696e-02 4.390013301952954555e-02 5.136681967565957102e-02 4.747293635197768341e-02 4.555584226690499727e-02 5.683018372753127767e-02 5.275487874575599673e-02 5.653431858057183373e-02 4.499031611792233404e-02 4.836592268984224452e-02 5.713358706575171614e-02 5.939080692004685552e-02 4.750999965622187959e-02 4.821827756408261778e-02 5.519601143763644413e-02 4.996444679397105820e-02 5.533538951597961886e-02 4.616673521295754090e-02 4.984645265794646063e-02 4.897433667614042169e-02 6.587292667745575647e-02 5.135631901877592276e-02 5.957925316522365289e-02 5.129616792290860733e-02 5.114859605573729429e-02 5.299153838411372469e-02 5.661193350138792046e-02 5.538444281712153611e-02 4.906522555052504619e-02 5.138519346205853294e-02 5.516925934539140819e-02 5.548015122596720861e-02 5.590329078680598973e-02 4.880778572727418468e-02 5.940489073067169862e-02 6.595224734456400784e-02 8.068390537329982182e-02 5.612890711677637201e-02 6.738328128064272060e-02 5.310692378962707932e-02 5.598336773396285493e-02 5.142310044418190590e-02 4.901739271715627871e-02 5.140349518850786947e-02 5.137072940586334679e-02 5.153321222511742655e-02 4.700302610809079656e-02 5.013802868468159035e-02 5.604868834966568458e-02 4.758890395103466953e-02 5.336919295320595447e-02 4.899476898719409834e-02 5.319069078362460151e-02 5.618718615958567808e-02 4.711412109073290916e-02 5.569012583109691356e-02 5.009215656063201877e-02 5.345218211328455621e-02 5.336424564890107636e-02 5.172164369998080019e-02 5.369815289414177351e-02 5.178510862919418617e-02 5.690861905024565542e-02 5.187506480004391851e-02 4.857487752194270675e-02 5.169096656845606486e-02 5.621350904737099780e-02 5.630818826033260477e-02 5.364701222864037833e-02 6.056403914369569430e-02 5.158603185150047177e-02 5.167896706946461388e-02 5.659818203200979447e-02 4.917397234006462559e-02 5.363746696770009537e-02 6.118822500253351393e-02
3.361186884320625790e-02 3.821408040188606359e-02 5.147194531914414672e-02 0.000000000000000000e+00 4.039659593654850583e-02 3.863908506366294654e-02 5.850625743454358763e-02 3.325196302575326307e-02 3.436269450822666133e-02 3.830624391935275042e-02 3.624332231932953646e-02 4.526917140099114001e-02 3.431225063624909755e-02 4.139145323265749216e-02 3.353188388523596630e-02 3.770805306804263929e-02 4.086247425207496786e-02 4.088485101223856416e-02 3.853391147994895266e-02 3.242755924313403537e-02 3.172049889604110218e-02 4.559094128158932419e-02 3.383645320076463653e-02 3.670032216204926340e-02 3.027830840282529426e-02 4.537875329600587343e-02 4.092198871656359954e-02 3.126123659651904030e-02 5.019008928504157391e-02 5.063275437518877792e-02 3.813031864725811848e-02 4.132768491148414852e-02 5.960470561174617543e-02 3.862575544635964836e-02 4.345716316283391306e-02 4.154546352967820183e-02 3.484711866429894556e-02 5.912215664713750540e-02 5.224171105083366684e-02 5.064464178663362348e-02 3.864915948339171098e-02 3.400166261150310704e-02 3.605799263869994414e-02 5.097353836702905872e-02 2.812434965923435448e-02 4.124380334960756761e-02 5.100954129536384302e-02 3.662047979850301116e-02 3.872258785877025905e-02 3.487836620012454286e-02 3.618391312695488915e-02 3.313118414463006589e-02 3.965726167644782751e-02 2.858530994679149909e-02 3.851461548237111732e-02 3.297607931105327878e-02 3.053231633555460178e-02 4.657892606209958902e-02 4.057790369914496958e-02 4.616171953602998118e-02 2.985463533568336048e-02 3.419653671955219520e-02 4.697573988489514574e-02 4.997978618506895149e-02 3.302634462691612927e-02 3.399403457545386448e-02 4.418135567438365163e-02 3.644663327487382420e-02 4.438540816871775624e-02 3.129034993977853479e-02 3.627558592870823440e-02 3.506300691089289656e-02 5.798720380426043014e-02 3.850465930947932075e-02 5.022980867608946992e-02 3.842349316639921686e-02 3.817217772181563662e-02 4.094026842720189380e-02 4.624064175274490707e-02 4.446183947473180548e-02 3.516707820107630583e-02 3.854329913985905104e-02 4.414475252656386434e-02 4.459634665980790474e-02 4.521383323571542823e-02 3.479550269404639573e-02 5.000254815202861275e-02 5.807602982746151721e-02 7.436994727684789752e-02 4.553356305706932755e-02 5.973672555194570882e-02 4.111007673709043964e-02 4.534011444915134192e-02 3.859906960757268635e-02 3.509761607687004320e-02 3.856586597349984102e-02 3.851830298211878639e-02 3.876562966789485337e-02 3.235899814169461430e-02 3.670601020431172451e-02 4.542094784874053243e-02 3.313349649568245875e-02 4.151206276534428335e-02 3.506013009354099624e-02 4.123915026034816189e-02 4.561738999362002084e-02 3.250664529947712433e-02 4.489865284988781707e-02 3.663603705828694795e-02 4.160211465051855129e-02 4.150282405868767344e-02 3.905574306033999382e-02 4.201939223755993269e-02 3.915738032432434373e-02 4.665037692911922634e-02 3.929851555068407387e-02 3.449620771331995961e-02 3.902085450454464977e-02 4.565415223754464707e-02 4.579071893973629681e-02 4.193652795651389709e-02 5.150832206524234846e-02 3.886160882195768135e-02 3.895840552752268676e-02 4.620702740597427971e-02 3.532551127306197275e-02 4.191803383034180264e-02 5.230460667598387653e-02
3.695198361435563655e-02 4.073738947320750675e-02 5.315933725525517906e-02 4.039659593654850583e-02 0.000000000000000000e+00 4.122846495136672090e-02 6.124032270929729432e-02 3.625926060697316766e-02 3.766588668836459014e-02 4.081592937724633913e-02 3.895917232463087104e-02 4.721988136643605338e-02 3.721738865285821596e-02 4.361858234054662165e-02 3.686463657201351912e-02 4.083847311099551153e-02 4.308520440673255236e-02 4.315944148468572189e-02 4.100422235684839795e-02 3.517220854300859290e-02 3.456819794758546338e-02 4.751029127223548726e-02 3.679573445973472606e-02 3.937212542087317746e-02 3.352290677047343320e-02 4.732369867566276617e-02 4.321172185540477634e-02 3.442014042889632308e-02 5.189186673547935280e-02 5.232656843828636245e-02 4.065991490346370502e-02 4.355757877572639242e-02 6.105777962522546815e-02 4.109491314663298728e-02 4.634423275090960442e-02 4.283874383639847683e-02 3.721342127906106245e-02 6.056968412103343191e-02 5.400750501880979132e-02 5.235353023568899838e-02 4.111199535516004561e-02 3.649608976163359192e-02 3.879789039980220677e-02 5.264645900201445072e-02 3.147676556311153340e-02 4.350798045419978360e-02 5.265144515815734644e-02 3.930082333046991394e-02 4.118972486107322362e-02 3.773442280570878798e-02 3.891215581306197574e-02 3.614322521625778356e-02 4.203317971810872217e-02 3.187983312050283319e-02 4.100565607172989430e-02 3.600225348233240807e-02 3.373341825675129496e-02 4.846149093720090312e-02 4.287515287363684313e-02 4.806636780497830497e-02 3.309541623201703309e-02 3.711316804635879374e-02 4.883440608243280745e-02 5.168428804818427785e-02 3.604815819109070257e-02 3.692520240091859418e-02 4.618874045250071642e-02 3.914852263851757719e-02 4.639074253268007930e-02 3.444288520312591834e-02 3.899333830729924399e-02 3.789966365990149466e-02 5.947239171056908913e-02 4.099581641035000140e-02 5.194303914154004692e-02 4.092255239630009783e-02 4.070844349660149991e-02 4.320464237328078966e-02 4.813744825786663017e-02 4.646223949642123985e-02 3.799241638724294712e-02 4.103098499202796623e-02 4.616594686470899128e-02 4.658809278331919185e-02 4.716783307264400815e-02 3.765987396753560368e-02 5.172490065787982427e-02 5.955943236048009265e-02 7.561382123318985404e-02 4.746854466447444909e-02 6.118574459807228638e-02 4.335735599952345032e-02 4.728519709312025560e-02 4.105034624615003930e-02 3.792481859056743426e-02 4.102130045369455774e-02 4.100693805775050549e-02 4.119808732184897238e-02 3.543283793618756672e-02 3.937716505415891910e-02 4.736122622204366056e-02 3.614394672390215668e-02 4.368958779231116307e-02 3.787603547532785581e-02 4.347452089776261686e-02 4.754565033180811057e-02 3.556819267762422604e-02 4.686927666643658091e-02 3.929091714269196400e-02 4.287324881731630066e-02 4.371697855659802817e-02 4.146072753801077759e-02 4.419122502401316016e-02 4.158288458379128666e-02 4.852454915991984835e-02 4.170795641340037385e-02 3.738199049200242874e-02 4.145899985165455576e-02 4.758332825852892856e-02 4.770981161717671726e-02 4.411499613611274961e-02 5.317505282712595843e-02 4.131384000420366964e-02 4.143468811038965305e-02 4.810572263770264423e-02 3.813550035715549541e-02 4.409809372228003232e-02 5.394482676598891940e-02
3.406602935655715647e-02 3.822480480081125176e-02 5.039757318122474461e-02 3.863908506366294654e-02 4.122846495136672090e-02 0.000000000000000000e+00 5.851717129039391702e-02 3.329825145602116621e-02 3.440935871189092915e-02 3.833318891944624551e-02 3.630321648255842998e-02 4.525342090561448871e-02 3.435311899011114778e-02 4.063171089586396084e-02 3.399499135927998988e-02 3.842389344628059644e-02 4.090029859635958831e-02 4.014162903789222220e-02 3.856014936359115908e-02 3.250908081378565267e-02 3.180781562586072059e-02 4.561437097760377701e-02 3.389287404418068334e-02 3.673684782662480636e-02 3.016978254279495050e-02 4.541112098505722255e-02 4.094328671224301691e-02 3.108759353849924537e-02 5.021139988811932492e-02 5.067669209097801220e-02 3.819954537809120559e-02 4.137997657174962568e-02 5.954812530157207323e-02 3.867173175008591091e-02 4.440430459530674695e-02 4.162723184879633942e-02 3.493546683729777808e-02 5.914531709537299703e-02 5.228099228014704281e-02 5.066581900358577834e-02 3.863274433276239067e-02 3.407311491156255617e-02 3.611720305875337073e-02 5.100358798587348308e-02 2.823317892559235043e-02 4.131876668521920065e-02 5.103976944754516631e-02 3.666914940971825049e-02 3.876517687963684788e-02 3.493471538022358686e-02 3.623485040505746574e-02 3.319073717324265427e-02 3.969929001247046035e-02 2.864928178624742000e-02 3.855870663068158150e-02 3.303603646238735536e-02 3.059496768722920132e-02 4.660499111912797671e-02 4.062005065248015107e-02 4.618828613969370306e-02 2.977985384363537880e-02 3.425331205355038044e-02 4.700577769085478863e-02 5.000781377070334655e-02 3.308646665420913319e-02 3.405227281467967937e-02 4.421654964377318836e-02 3.649903215293463093e-02 4.441962654637039015e-02 3.135126935247526531e-02 3.632619268435125642e-02 3.511498932529893979e-02 5.800985956994925835e-02 3.854853712031602181e-02 5.025206711606357984e-02 3.847047516567294462e-02 3.823034118278702959e-02 4.097761542223819081e-02 4.627193677546231898e-02 4.449160788788195792e-02 3.522238753660271449e-02 3.858669511786452094e-02 4.417522828157017384e-02 4.463000619211764108e-02 4.524653266048365985e-02 3.485199181216366154e-02 5.002510306188297923e-02 5.809300568947907417e-02 7.438815246802804593e-02 4.556558284551433941e-02 5.975905457973751389e-02 4.115108189821132384e-02 4.536755464438375213e-02 3.864741456235584738e-02 3.515375327750764473e-02 3.861559600851590529e-02 3.856595250887367987e-02 3.881358970145429993e-02 3.242030594313623226e-02 3.675824821434457018e-02 4.545347832673362481e-02 3.319304918380617392e-02 4.155286053055137763e-02 3.511705271903455688e-02 4.127956148051990098e-02 4.564987839151626869e-02 3.256722013675225624e-02 4.493221046253831341e-02 3.668931982756237775e-02 4.167196060755667258e-02 4.154274837720114272e-02 3.910300248916498411e-02 4.205794123742072343e-02 3.920440098786463767e-02 4.668178592256842785e-02 3.934410092370377310e-02 3.455321410827463108e-02 3.906179793034731534e-02 4.568764460999245186e-02 4.582351954578102460e-02 4.197576512705503138e-02 5.153471220270685466e-02 3.892020967060292463e-02 3.904064348102195825e-02 4.623983245617456495e-02 3.537936399054068121e-02 4.195703906952717027e-02 5.233055172708016289e-02
5.694698554471270407e-02 5.954406660497815751e-02 6.737358938396631469e-02 5.850625743454358763e-02 6.124032270929729432e-02 5.851717129039391702e-02 0.000000000000000000e+00 5.639393088697435691e-02 5.745007345184190845e-02 5.960332114439860496e-02 5.837134589066477613e-02 6.362804580523075126e-02 5.712679957001593617e-02 6.135851443952963086e-02 5.683517150151336239e-02 5.962678171826567286e-02 6.109601124904099484e-02 6.106627829277081615e-02 5.973632786245566123e-02 5.587813950046442713e-02 5.537198205614970309e-02 6.382479241547783788e-02 5.683689236907224496e-02 5.863141511893291830e-02 5.399545427027117872e-02 6.369328893064937769e-02 6.102339065485875430e-02 5.501221775797223573e-02 6.663786846370414740e-02 6.693417345782880223e-02 5.951615470078006759e-02 6.134843735676893256e-02 7.313778867981249321e-02 5.977537052451642463e-02 6.306534564092591832e-02 6.150585219244528168e-02 5.751027844654214155e-02 7.278669633975291819e-02 6.494492540734250752e-02 6.675056997449066443e-02 5.978808958310585092e-02 5.695322015963837081e-02 5.825581143262999195e-02 6.714297042094771739e-02 5.253758080741694619e-02 6.132450397975737488e-02 6.717193996682922774e-02 5.858712415041767568e-02 5.983676126072246665e-02 5.750942806355840986e-02 5.833207169646559276e-02 5.634963395276498116e-02 6.032969703982864196e-02 5.289464913562285514e-02 5.972675936376190681e-02 5.624560364977536364e-02 5.446738079269399652e-02 6.434946131408160463e-02 6.093356714180182127e-02 6.410738689744951979e-02 5.393332854775668983e-02 5.705725605138771417e-02 6.462130206013391720e-02 6.652084056974152948e-02 5.627933043637303734e-02 5.692361699047598922e-02 6.301624100105610027e-02 5.849057407867184338e-02 6.313341416737347500e-02 5.503900493135907568e-02 5.838703593401462638e-02 5.762332985134891589e-02 7.195665258665460973e-02 5.971692836011209538e-02 6.667771000936392745e-02 5.966374833292923535e-02 5.953641032082000739e-02 6.113586349937812081e-02 6.419123435233396735e-02 6.317318315166613185e-02 5.768813603880457164e-02 5.974315377151388079e-02 6.299325499811456175e-02 6.325484921147038475e-02 6.360742630807758591e-02 5.745787059190794743e-02 6.652978527680665499e-02 7.202142709693336309e-02 8.527094640618766708e-02 6.379812945089465004e-02 7.324550986996854196e-02 6.123535352042486224e-02 6.367159345093591216e-02 5.977566169122434242e-02 5.764533637801633192e-02 5.975945298080529572e-02 5.973044703385223947e-02 5.987137481411584222e-02 5.581375155749250527e-02 5.864483673957524706e-02 6.372942001313862403e-02 5.635128931163650712e-02 6.145807557269965249e-02 5.762556710917517144e-02 6.130656826264512665e-02 6.384553020731448258e-02 5.591574101623007775e-02 6.343145391978265157e-02 5.860446715236403148e-02 6.152865781069485895e-02 6.145439997944816823e-02 6.003479746193223637e-02 6.173611983395044245e-02 6.008900500235833664e-02 6.444158227232965608e-02 6.016611961606174036e-02 5.724482825150246923e-02 6.000646719493338277e-02 6.386738926077845102e-02 6.394691031565620520e-02 6.169429364503975499e-02 6.748897863166115896e-02 5.993079470650045093e-02 5.999678411003549205e-02 6.418531806073372870e-02 5.778521977148817074e-02 6.168641480452976417e-02 6.800339978544776842e-02
2.697029023051916372e-02 3.223057139301409302e-02 4.762720342352233516e-02 3.325196302575326307e-02 3.625926060697316766e-02 3.329825145602116621e-02 5.639393088697435691e-02 0.000000000000000000e+00 2.808820492949412259e-02 3.271732278898831225e-02 3.005453132886031636e-02 4.090038705323745249e-02 2.731542125917982983e-02 3.610167917812661526e-02 2.652835290026356665e-02 3.283883678559564728e-02 3.586691758680786435e-02 3.590206444750946441e-02 3.300835568153945992e-02 2.470702712471476228e-02 2.350827544270535710e-02 4.128418013856146457e-02 2.667755066020685920e-02 3.056713741128908035e-02 2.180377051660636889e-02 4.099528891111365453e-02 3.593939042408356155e-02 2.307275941643594994e-02 4.627674983311179380e-02 4.677440610143750177e-02 3.252305679860039572e-02 3.603250758440633417e-02 5.555164357801614661e-02 3.270961793668296369e-02 3.992920896992200458e-02 3.674301449160799482e-02 2.815059291622397722e-02 5.503632127074443298e-02 4.804851019904147341e-02 4.673601674575095927e-02 3.316145393183680262e-02 2.694165711609462430e-02 2.946381819301728891e-02 4.713059865881571303e-02 1.916149413257966366e-02 3.636652504472266678e-02 4.715574028170509829e-02 3.054294409582040612e-02 3.326225253373845531e-02 2.813621813615941464e-02 2.993316831411298520e-02 2.567373439651943201e-02 3.441811509779780370e-02 1.968095226795669658e-02 3.299550896871811939e-02 2.543541862695236286e-02 2.209657223869079812e-02 4.236091004237518137e-02 3.553055921434859765e-02 4.190282144077062121e-02 2.123629548391737024e-02 2.720531654109580033e-02 4.280372436943508108e-02 4.606768920561227221e-02 2.552901776799214317e-02 2.692035447081721558e-02 3.971031663850511928e-02 3.028846227436530689e-02 3.993983415377878182e-02 2.311436986716249725e-02 3.006868237527474813e-02 2.840135433203094112e-02 5.451511956158763134e-02 3.298522795680678549e-02 4.633507040586151704e-02 3.288389136678798036e-02 3.220879692116730697e-02 3.596450383580163113e-02 4.199864180438393768e-02 4.002523054727499113e-02 2.855803790382545684e-02 3.303193734619058047e-02 3.966882934464670968e-02 4.017646194475513882e-02 4.086498000152381099e-02 2.802508070426564316e-02 4.609058671950408415e-02 5.460866655970969541e-02 7.135516289327165085e-02 4.122112858657546453e-02 5.633198762594297110e-02 3.616626698646881188e-02 4.100709488544541925e-02 3.310456288027206068e-02 2.845699501415387134e-02 3.306311881972944650e-02 3.300015453257931081e-02 3.331479712788958797e-02 2.458886574644848430e-02 3.065222514522408445e-02 4.109598862398394781e-02 2.568399989184807358e-02 3.664250264157641046e-02 2.840162671639938699e-02 3.631928272434343380e-02 4.131401340702904601e-02 2.480132187165589447e-02 4.051514344349837343e-02 3.055859624943756472e-02 3.678236881003828923e-02 3.663022602345007706e-02 3.368024244996888072e-02 3.723438650574984604e-02 3.380735964020683409e-02 4.245089725991196133e-02 3.398140598439382265e-02 2.764492738641443140e-02 3.363798744013053732e-02 4.135627866024139954e-02 4.150658494644890451e-02 3.713859035363145655e-02 4.769859652638352293e-02 3.345133210921968914e-02 3.360253160943021955e-02 4.196563041739471978e-02 2.878645900499564661e-02 3.711663487303180214e-02 4.854317644399995524e-02
2.902962827474389954e-02 3.420639831497882671e-02 4.882652287782777295e-02 3.436269450822666133e-02 3.766588668836459014e-02 3.440935871189092915e-02 5.745007345184190845e-02 2.808820492949412259e-02 0.000000000000000000e+00 3.433323701922816329e-02 3.143937750052658298e-02 4.220098339725176367e-02 2.943320411641241544e-02 3.741120662161824539e-02 2.892850320160624336e-02 3.395925309183372987e-02 3.731156849781312734e-02 3.734396634843191454e-02 3.462004663205126009e-02 2.681691842208359239e-02 2.619952849639708981e-02 4.255089422560184853e-02 2.879285697132440841e-02 3.239808183281170373e-02 2.450303822264595158e-02 4.234676777796305552e-02 3.743094705708289310e-02 2.544397344670913663e-02 4.747461064273062609e-02 4.796106817799633548e-02 3.413789414853459631e-02 3.787337917492084732e-02 5.725715368173652647e-02 3.472824507205252847e-02 4.124187632752396304e-02 3.764198313316069466e-02 3.009293496114366986e-02 5.676190312513700043e-02 4.976170414701620859e-02 4.796347636893909944e-02 3.475865475416069217e-02 2.900422795936989651e-02 3.158787921639699681e-02 4.828354152814234163e-02 2.206672434972845737e-02 3.779245316527724691e-02 4.832262850481731237e-02 3.229570401751993836e-02 3.484290428534863454e-02 3.010289209190511808e-02 3.173613749507427084e-02 2.791417620595178228e-02 3.595099326686965885e-02 2.255694743000935878e-02 3.458799498777294368e-02 2.771456988810378635e-02 2.476414863570065850e-02 4.362914449104849518e-02 3.700415872414042351e-02 4.318130285327675955e-02 2.387174973331231131e-02 2.926454068148375692e-02 4.406259382444892986e-02 4.725889707298462639e-02 2.778023256958253931e-02 2.901054562735970108e-02 4.103578486338902570e-02 3.206704382786140090e-02 4.126497901726217804e-02 2.566443230164388439e-02 3.185240754025146087e-02 3.034169646046888658e-02 5.559362847514880135e-02 3.457912356229544265e-02 4.751896404151858405e-02 3.448922517680652611e-02 3.418686490651410420e-02 3.741861525167129027e-02 4.327479069628883956e-02 4.134566762249510669e-02 3.047728285144527677e-02 3.462127370784854469e-02 4.099877631891436780e-02 4.149531476893589949e-02 4.216716245641043831e-02 2.999374941859749705e-02 4.727893127218942004e-02 5.568131786589546744e-02 7.231077020778282904e-02 4.251370766596143658e-02 5.739212735144704619e-02 3.761457638745580728e-02 4.230525702895667622e-02 3.469315998087248165e-02 3.038747698130599487e-02 3.465265569981659105e-02 3.459376094024988607e-02 3.489230806297535098e-02 2.695631494857674351e-02 3.239472616777135799e-02 4.239201540912317795e-02 2.791582046967151440e-02 3.807388183287066519e-02 3.033185062747596750e-02 3.776212058617535450e-02 4.260466938786248298e-02 2.714163509993930412e-02 4.182517219457278917e-02 3.230781069325494581e-02 3.820671111074254445e-02 3.806179907865892692e-02 3.522076711103847013e-02 3.864545243481282144e-02 3.536172111797717538e-02 4.371633831372917500e-02 3.552746985804271923e-02 2.965703462803222223e-02 3.519783305837345666e-02 4.264561755265636883e-02 4.279194450747651757e-02 3.855234652288483388e-02 4.886408265941295792e-02 3.502197605045986872e-02 3.516579682613091978e-02 4.324143207087345619e-02 3.068288868155489083e-02 3.853079842456853116e-02 4.969647460308534992e-02
3.354450994245793821e-02 3.772030865205323880e-02 5.122922394519142941e-02 3.830624391935275042e-02 4.081592937724633913e-02 3.833318891944624551e-02 5.960332114439860496e-02 3.271732278898831225e-02 3.433323701922816329e-02 0.000000000000000000e+00 3.578722995745532015e-02 4.402289183008643858e-02 3.380035848998636655e-02 4.021715843826892400e-02 3.302578916915407947e-02 3.796193655145327361e-02 3.972160617510502034e-02 4.052022396530988169e-02 3.812236591290953103e-02 3.191409154410970034e-02 3.119889110844859675e-02 4.524423335220855574e-02 3.332859791398411903e-02 3.625022512926231316e-02 2.957454621103929732e-02 4.507592740842285284e-02 4.057791883068924410e-02 3.069561980493807490e-02 4.992102627999000369e-02 5.035721883172931956e-02 3.771694662559787331e-02 4.098435881645248746e-02 5.938270458500419929e-02 3.821717969666614534e-02 4.405875054976059885e-02 4.122026698055754335e-02 3.436584553733096348e-02 5.889905126068021440e-02 5.210422716900767887e-02 5.039224227776505777e-02 3.823886440483625915e-02 3.308908075156153511e-02 3.502239316072116443e-02 5.071250383452209631e-02 2.754686758661943971e-02 4.092015663340009546e-02 5.075396969087524190e-02 3.616911862866103999e-02 3.831496120437773156e-02 3.438637541328360553e-02 3.571773155900279106e-02 3.260768022649069425e-02 3.927732662872474023e-02 2.800935822705580280e-02 3.809991739601941568e-02 3.244993757666367329e-02 2.996961170319629303e-02 4.628837468144994527e-02 4.020379206282665568e-02 4.586738717265332471e-02 2.929197794722283518e-02 3.369511767997079854e-02 4.668833125348078456e-02 4.969981417769703952e-02 3.250129451894880755e-02 3.349073313537847402e-02 4.386412276833502599e-02 3.598671438951448615e-02 4.407014689174355154e-02 3.074119654064362203e-02 3.581183910853209112e-02 3.457576255055823389e-02 5.775983774033121437e-02 3.809108791112723880e-02 4.996633242258236018e-02 3.801127818293297683e-02 3.774830036927705884e-02 4.057397939850135304e-02 4.594652717366536770e-02 4.414769792015092037e-02 3.468179327747388657e-02 3.812676964102131028e-02 4.382655206795987857e-02 4.428360369279878139e-02 4.490865836650748122e-02 3.430121952021975007e-02 4.973749798806858385e-02 5.784960702630545515e-02 7.418018763483597011e-02 4.523157029610070518e-02 5.951552519391064416e-02 4.074636062146396592e-02 4.503152868435600364e-02 3.818741684437376022e-02 3.461114382699093800e-02 3.815414548622834273e-02 3.810323743825751869e-02 3.835779703482733449e-02 3.182366126431544762e-02 3.625254597128703404e-02 4.511769472299266559e-02 3.261033214711352851e-02 4.115739280881654943e-02 3.457221825727414127e-02 4.087796915331739361e-02 4.531638269488055121e-02 3.197380081164342275e-02 4.458957837339096869e-02 3.618177447458131857e-02 4.127776417590183627e-02 4.114672312659507780e-02 3.865531646492340045e-02 4.167384592069498656e-02 3.876082417443236366e-02 4.636030290215966548e-02 3.890479474614417371e-02 3.400360475766200929e-02 3.862231477506162386e-02 4.535492069206538412e-02 4.549211820835113995e-02 4.158934901384295918e-02 5.125263557079630383e-02 3.846890827046171163e-02 3.859262072657741738e-02 4.591354055294535191e-02 3.484655726064159881e-02 4.156969125915737501e-02 5.205327309823449405e-02
3.058254622352154714e-02 3.567924199209508707e-02 4.981945401660108769e-02 3.624332231932953646e-02 3.895917232463087104e-02 3.630321648255842998e-02 5.837134589066477613e-02 3.005453132886031636e-02 3.143937750052658298e-02 3.578722995745532015e-02 0.000000000000000000e+00 4.330972437681984699e-02 3.125960385620947524e-02 3.919855344181066154e-02 3.081560367240365056e-02 3.585672418082454932e-02 3.862579169073163815e-02 3.865249829509754403e-02 3.603937715710314738e-02 2.880169070546324470e-02 2.811626902904349606e-02 4.289550682711321811e-02 3.070415962807657162e-02 3.397952838508722095e-02 2.662527945564278214e-02 4.346811467626689879e-02 3.870654157206718238e-02 2.779481935101293238e-02 4.847933925018736712e-02 4.889824915096422503e-02 3.559831638432099654e-02 3.913211614606381533e-02 5.814521061003250640e-02 3.614834213949062042e-02 4.238894744965502476e-02 3.940555918976216404e-02 3.188798266822297223e-02 5.764578825809176660e-02 5.074179551129130716e-02 4.897199454293377219e-02 3.617880003183093079e-02 3.055079373183572020e-02 3.323093999166183699e-02 4.840498410875392760e-02 2.444473659343538233e-02 3.907023848974717356e-02 4.934187051436535187e-02 3.388416293802300194e-02 3.626001861104109075e-02 3.188308903304780395e-02 3.337461134285977377e-02 2.989597041829926069e-02 3.730926821883671918e-02 2.492447156995968374e-02 3.602265449357730520e-02 2.971907168398741500e-02 2.700936992142620452e-02 4.472603895379660688e-02 3.831033257647862428e-02 4.428843893509203794e-02 2.627772895902147007e-02 3.111465676809066494e-02 4.514470353603195624e-02 4.826336317105502094e-02 2.977737026433258452e-02 3.088155357480797114e-02 4.219112479545820277e-02 3.367718970914500287e-02 4.241611343486857005e-02 2.784152025010413686e-02 3.348147047907962942e-02 3.209755709440750143e-02 5.649698425611877906e-02 3.601386337200324778e-02 4.853334758397006427e-02 3.592669310630245555e-02 3.564564304604199430e-02 3.870874748810174126e-02 4.437447739654085815e-02 4.249737689767663779e-02 3.221835766809114099e-02 3.601764696993053905e-02 4.216036773327435511e-02 4.263894810714541350e-02 4.329373939240860336e-02 3.178599316077165143e-02 4.829771357533896303e-02 5.658765405863236397e-02 7.309811004666338929e-02 4.363120896877476645e-02 5.827869607838079974e-02 3.889382518388081328e-02 4.342381964951447931e-02 3.611929429796046503e-02 3.213430949562783023e-02 3.608184692924662484e-02 3.602622361407423202e-02 3.630660053934647857e-02 2.902754875249656530e-02 3.397694089427791969e-02 4.351218387192117010e-02 2.989915858786930392e-02 3.933409186058886564e-02 3.209155655671536156e-02 3.903501102253062460e-02 4.371951137175209001e-02 2.919453276196676272e-02 4.296037417198771829e-02 3.389725385412788866e-02 3.946234430121515341e-02 3.932262898232226356e-02 3.663341000714966794e-02 3.988460286413485906e-02 3.674865776822029695e-02 4.480500845218773898e-02 3.690609504019281423e-02 3.146586241868221112e-02 3.659778056562846410e-02 4.375975530365566746e-02 4.390256424139962060e-02 3.979454572733627515e-02 4.985390395024578980e-02 3.642061852376657360e-02 3.656374792231046472e-02 4.434118874125625442e-02 3.240552659098278748e-02 3.977394025180121251e-02 5.067403074626083970e-02
4.157619971196675757e-02 4.394441479603568984e-02 5.593190314773951316e-02 4.526917140099114001e-02 4.721988136643605338e-02 4.525342090561448871e-02 6.362804580523075126e-02 4.090038705323745249e-02 4.220098339725176367e-02 4.402289183008643858e-02 4.330972437681984699e-02 0.000000000000000000e+00 4.178730155943100738e-02 4.617630540979477533e-02 4.147963893779806066e-02 4.502408599809960138e-02 4.692475952399571826e-02 4.697363284494531638e-02 4.513400210394964696e-02 4.023935812110609328e-02 3.966138586523266368e-02 4.934562122186401251e-02 4.141804427649421055e-02 4.366092388430016513e-02 3.819604024477069038e-02 5.062337302023513230e-02 4.701865438424186749e-02 3.894058483421489886e-02 5.476918115994350300e-02 5.518282421518052455e-02 4.483571800467026081e-02 4.733244305888105463e-02 6.342460709228128768e-02 4.516711068896085701e-02 4.978971571077555475e-02 4.754077436992427269e-02 4.225128917133084278e-02 6.297043073061892038e-02 5.673484121434212157e-02 5.518158225508158071e-02 4.521234863645044733e-02 4.153002770536134286e-02 4.317796274385214683e-02 5.539673664821367916e-02 3.647205991836927758e-02 4.728804733812207867e-02 5.551556433065276547e-02 4.362725463494768890e-02 4.527079904462130711e-02 4.225169918808772268e-02 4.329230420797276074e-02 4.082452529109276834e-02 4.597877406619643031e-02 3.685864766863449632e-02 4.511797880290078361e-02 4.069790803408007002e-02 3.861181913222001827e-02 5.163424769031077499e-02 4.673950704672900913e-02 5.128019178827194352e-02 3.801301371556585484e-02 4.169372404518708469e-02 5.197157397719093241e-02 5.459375314395777112e-02 4.073945895165922287e-02 4.152878835746678932e-02 4.963431184576345967e-02 4.350020361201655666e-02 4.980200512879040531e-02 3.927031313697294801e-02 4.336448164855546961e-02 4.239608018165605396e-02 6.190800359389531105e-02 4.510739046843708494e-02 5.481609916584779391e-02 4.503996098552406901e-02 4.486264403072372925e-02 4.702166472118004398e-02 5.134615334830491817e-02 4.986348143420798323e-02 4.247891694897949766e-02 4.509342223436247493e-02 4.960412530547125137e-02 4.997365960762489845e-02 5.048586470764077072e-02 4.218622187108519300e-02 5.461456098777174584e-02 6.199084199529190931e-02 7.759154186604974579e-02 5.075388661833182824e-02 6.355107272666761509e-02 4.715697842857113214e-02 5.058399531075605249e-02 4.518390748820103747e-02 4.242452602988069921e-02 4.516078741845535455e-02 4.512196540585647342e-02 4.531287467584926149e-02 4.018143655182289387e-02 4.369991173785346683e-02 5.065878630690091172e-02 4.082704780783055071e-02 4.747148797946201121e-02 4.239784357911912521e-02 4.725735608261492221e-02 5.082371557223457764e-02 4.030387463972855133e-02 5.022607606368686972e-02 4.364685371169058081e-02 4.756821451240883514e-02 4.746457155400497091e-02 4.553572647086508857e-02 4.786870476591823659e-02 4.561190697199821176e-02 5.169482724611818708e-02 4.571861748122577757e-02 4.193052439347166871e-02 4.549492820190705056e-02 5.085525296806955170e-02 5.096956105028329492e-02 4.780549023950036308e-02 5.595745625869566475e-02 4.539491597234480980e-02 4.548659224906776571e-02 5.131997662203093002e-02 4.260355179917905966e-02 4.779191072997764772e-02 5.667538068142364410e-02
