0.000000000000000000e+00 8.944358501672411421e-03 9.457351831908638456e-03 9.442239452493374208e-03 9.035667112168436696e-03 9.328535003530990383e-03 9.381401863736735930e-03 9.348321201485577936e-03 9.369795898930267236e-03 8.938229324774763299e-03 8.985275360247112555e-03 8.927926359711912258e-03 9.054334118640228538e-03 9.079067429310519119e-03 8.960301015298214461e-03 9.269624512728689980e-03 8.959648544392150027e-03 9.484429125874105360e-03 8.945984901059852307e-03 9.040629491706524135e-03 9.369177866556640047e-03 9.040051027497403996e-03 9.389717308289908040e-03 8.924563446583275508e-03 9.232480005817722546e-03 9.932504047577964124e-03 9.352586361629467229e-03 8.961814957126040121e-03 9.419645685622592482e-03 9.319080100841568154e-03 8.946306175268554234e-03 8.947290514395904448e-03 1.087025799004495176e-02 1.107864238192177858e-02 1.113270062961902417e-02 1.074516636316619200e-02 1.082292321519378285e-02 1.102338231211843350e-02 1.086144528434275155e-02 1.071704479899812656e-02 1.085209372359562802e-02 1.113022832771886836e-02 1.098923664314905603e-02 1.109593159205702999e-02 1.099341526722217265e-02 1.077016533030906997e-02 1.079559415128326580e-02 1.089934466277841379e-02 1.087298954302814459e-02 1.054650811804498829e-02 1.084629395119868570e-02 1.096948115759761866e-02 1.095085483869704356e-02 1.089306806342406689e-02 1.091871166453912100e-02 1.096188044883201693e-02 1.056303269933614106e-02 1.087383915107850707e-02 1.111710914340401611e-02 1.081834397664451289e-02 1.097298004586774907e-02 1.133161532655551154e-02 1.070973301596539473e-02 1.089009329731289999e-02 1.257210555354650039e-02 1.313744910887585000e-02 1.296342033284868245e-02 1.296071705330496468e-02 1.276423018521339464e-02 1.284238037912373287e-02 1.292273476606980130e-02 1.262171763427664961e-02 1.300524502908459792e-02 1.266397233140411152e-02 1.305739380129718359e-02 1.302032393342744850e-02 1.260620715104837468e-02 1.285425807797259228e-02 1.285893147797118052e-02 1.293087740878278227e-02 1.295577166369095597e-02 1.266075779440404246e-02 1.282329902753477115e-02 1.270524316602904095e-02 1.294117778424859651e-02 1.271599766170612537e-02 1.303828752707613010e-02 1.307062871883210922e-02 1.292092824358115517e-02 1.294285201901416646e-02 1.270870403783660139e-02 1.270275080979172723e-02 1.277718077055529575e-02 1.269273579275574312e-02 1.295957979709156001e-02 1.285305160631819432e-02 1.307825222112599627e-02 1.303531488440104816e-02 1.288759925080300295e-02 1.328202653842454513e-02 1.277194703261626957e-02 1.268303100820175437e-02 1.324711128690608461e-02 1.279567980243551985e-02 1.310970891542260694e-02 1.317500468386923786e-02 1.281126058903659867e-02 1.279618212498865280e-02 1.310318459685435449e-02 1.298777997484342438e-02 1.288623461988031016e-02 1.322086466334792230e-02 1.313523270319185560e-02 1.291197502618414081e-02 1.320636208405671745e-02 1.320231170595035849e-02 1.304681788625284417e-02 1.318347130375937919e-02 1.297494991508022291e-02 1.290727401384737273e-02 1.258385031694047793e-02 1.293364611172444049e-02 1.307317353785561985e-02 1.291326266086503978e-02 1.306256620459933515e-02 1.289494747441756808e-02 1.307559486021867175e-02 1.313047780241815427e-02
8.944358501672411421e-03 0.000000000000000000e+00 8.753849368441703541e-03 8.969152834028718685e-03 8.657366930731266036e-03 8.705675305681710371e-03 9.003404947125792299e-03 8.814352694645198258e-03 8.701141643293403699e-03 8.576634607448398520e-03 8.857972340077634871e-03 8.706509627783834762e-03 9.365214357747328466e-03 8.819898396022932824e-03 8.535726908770371879e-03 9.738117591795160746e-03 8.889627615474548702e-03 8.668601391392544847e-03 8.779763767303118069e-03 8.645510961433410663e-03 8.564604500822572616e-03 9.213682707473431349e-03 9.020711988296178235e-03 8.705737744285050109e-03 9.220689564828432952e-03 9.994096905058289654e-03 9.798045566209695467e-03 8.960860652154617814e-03 9.918118359566132150e-03 8.738104675785321809e-03 8.629183090962623190e-03 8.558427142286670689e-03 1.075540289542170798e-02 1.101279089066895672e-02 1.101695202040643522e-02 1.030496663545815358e-02 1.060389312164697860e-02 1.094163543876754130e-02 1.075559080713761606e-02 1.099289450686002229e-02 1.077532079499756747e-02 1.099851050685015513e-02 1.076481732506460662e-02 1.102422426761136970e-02 1.078667583868044358e-02 1.063453207134348009e-02 1.055760261338142998e-02 1.069110163310837275e-02 1.079376825746392737e-02 1.083542070837282059e-02 1.069678953954605362e-02 1.085479322225225106e-02 1.074735571330470187e-02 1.044150148375878537e-02 1.085361792329619934e-02 1.089488215964160012e-02 1.011120862687889949e-02 1.078728314035182212e-02 1.089417980267953778e-02 1.063187840621944956e-02 1.084791106174286604e-02 1.136157204684193692e-02 1.052335970761667829e-02 1.068629068504884337e-02 1.214391771873578330e-02 1.298909642526220598e-02 1.285072255668939095e-02 1.290559459982535719e-02 1.268524875744312178e-02 1.271223894954795139e-02 1.280125623241453077e-02 1.254498361144789666e-02 1.290609136636373423e-02 1.252876839057483552e-02 1.295091338600920863e-02 1.292533183861385195e-02 1.247664703139138992e-02 1.269616571779004673e-02 1.274001822284178374e-02 1.279786223052566639e-02 1.282545795755569464e-02 1.252880457432781376e-02 1.269269244120937133e-02 1.257215254316676120e-02 1.283902762377417753e-02 1.258677271936474266e-02 1.291190770194674924e-02 1.294043465570063681e-02 1.286506729011496764e-02 1.283102243411419173e-02 1.258925580372998593e-02 1.254259830284988782e-02 1.271504039925821540e-02 1.254591556764737478e-02 1.280940245575761492e-02 1.272864172664230770e-02 1.296752691103755448e-02 1.296433746106577696e-02 1.282196924177405987e-02 1.321656810909422643e-02 1.272396290446253450e-02 1.263151274351568230e-02 1.317954707000921002e-02 1.266510144184085536e-02 1.304731297448874679e-02 1.309699433831862554e-02 1.278387227673838389e-02 1.270598325034359537e-02 1.304964652444256905e-02 1.297006779653366026e-02 1.288441904128127639e-02 1.313718195657263832e-02 1.306142406579590201e-02 1.287717282291363403e-02 1.314149159200569440e-02 1.314030876740607257e-02 1.301287565936149263e-02 1.313301961366612758e-02 1.292483806910100196e-02 1.280362058629227508e-02 1.255572812309411340e-02 1.287164903805359042e-02 1.299038278484233519e-02 1.281215461654230427e-02 1.298725914433869304e-02 1.285043625736144446e-02 1.300992236172956486e-02 1.306524183204217475e-02
9.457351831908638456e-03 8.753849368441703541e-03 0.000000000000000000e+00 9.369840431126385399e-03 8.748342635479047086e-03 8.788108866206597106e-03 8.691971189249594887e-03 8.767952043140368745e-03 8.790010937725790258e-03 8.718424300244763739e-03 8.766388060570978746e-03 9.137909877245841556e-03 9.106540587953685512e-03 9.328870591312333690e-03 8.777560607274768889e-03 9.280180307791367766e-03 8.948898919577319075e-03 8.742985755018901559e-03 9.127966773903716663e-03 8.706384645574133385e-03 8.731583694463904144e-03 9.293029170214475720e-03 8.638176448656805298e-03 9.214385533147165588e-03 9.681560824785887670e-03 9.552428196211390846e-03 9.760990741605054047e-03 8.688574709126100845e-03 9.373045537014294132e-03 8.820865202971138810e-03 9.168910453487992551e-03 9.189659113234813215e-03 1.060861818542295325e-02 1.081659680093048984e-02 1.087846170971029994e-02 1.051500687038977623e-02 1.012335511227078176e-02 1.079242968876235886e-02 1.065147858912781492e-02 1.087490200387743883e-02 1.062442923878108292e-02 1.085705086914165625e-02 1.061415386467860419e-02 1.087559141891883928e-02 1.066543605120777623e-02 1.052990332055627268e-02 1.042289598941142752e-02 1.056702327882830944e-02 1.065572982234873865e-02 1.072015478325765749e-02 1.012302832789450935e-02 1.032415833877566025e-02 1.063651942298792820e-02 1.061991468079893572e-02 1.073810544378345916e-02 1.073387899907971531e-02 1.028804883539730618e-02 1.065588139963227592e-02 1.074917913403411127e-02 1.051126037667746843e-02 1.071053977993795085e-02 1.114465314413754481e-02 1.010840834866453923e-02 1.053241296996693457e-02 1.238986392858170207e-02 1.293365830926365007e-02 1.278911242698267323e-02 1.283248835606531392e-02 1.261990661917210266e-02 1.268465879809639596e-02 1.274287469422640852e-02 1.246179462389106554e-02 1.282984673187499355e-02 1.246237290661377645e-02 1.287341184893361565e-02 1.286415747582587976e-02 1.209945038046556474e-02 1.264237212119828473e-02 1.268076234396121882e-02 1.275438504967589884e-02 1.274157263295770323e-02 1.248176813821960489e-02 1.265490395650174273e-02 1.252935108967186129e-02 1.279044254287853288e-02 1.251173419576571098e-02 1.287452635337940111e-02 1.288492188191788131e-02 1.277566727432835440e-02 1.275412867433286385e-02 1.250746629567809319e-02 1.248477384932285099e-02 1.261585249224523100e-02 1.250773520100365369e-02 1.276872573899091520e-02 1.266743292162671349e-02 1.291779964351463632e-02 1.291092447304803721e-02 1.276721587412432170e-02 1.317039013489343900e-02 1.265351412535423159e-02 1.259912669412629853e-02 1.313023908906654769e-02 1.263164123206657677e-02 1.299059004504967731e-02 1.304535500219254802e-02 1.268493894979516590e-02 1.268414086856647915e-02 1.301011146815523635e-02 1.290560842459543937e-02 1.282111756009952745e-02 1.309226949064411574e-02 1.302992007910730270e-02 1.284092658788312663e-02 1.309226947684279281e-02 1.309009828881069204e-02 1.294785890954400567e-02 1.308047765365259567e-02 1.286966036743825842e-02 1.273317089146319865e-02 1.250855692212556741e-02 1.281471222328117200e-02 1.295663280154578552e-02 1.277987222355293773e-02 1.294043077269553359e-02 1.282060100674934505e-02 1.295800749140223543e-02 1.299809154257028192e-02
9.442239452493374208e-03 8.969152834028718685e-03 9.369840431126385399e-03 0.000000000000000000e+00 9.056969681568011882e-03 8.945941025503074268e-03 9.009837955632591863e-03 9.356996819789025963e-03 8.926500534492802855e-03 9.018080974280555037e-03 9.373540674607550027e-03 8.850251094366200569e-03 9.015212259107296261e-03 8.941539209934092763e-03 9.044468588505197651e-03 9.169360734514044736e-03 9.381107532094519127e-03 9.441871749335965791e-03 9.292952396983128818e-03 8.948086438356058978e-03 8.934253943795756464e-03 9.370589864681911491e-03 8.922893616022966462e-03 8.911253115750613144e-03 9.612523765027452399e-03 9.450741844164807851e-03 9.764140459828004812e-03 9.367056293035086120e-03 9.827840566254112190e-03 9.355834978559688514e-03 8.950405612392997243e-03 9.009646648433275451e-03 1.036469156236378975e-02 1.083542093458424865e-02 1.099903401110453698e-02 1.055429859582243841e-02 1.059895253085551756e-02 1.080684046593655655e-02 1.069063901818569952e-02 1.088411551635062868e-02 1.065023178983346905e-02 1.091719962539979862e-02 1.083711177717976322e-02 1.057422819045549141e-02 1.078002867783668141e-02 1.060836909997356012e-02 1.065250491176535086e-02 1.070296006077539087e-02 1.028918832795436104e-02 1.078665498160724309e-02 1.061229193898304869e-02 1.076358524605464106e-02 1.082323725344235682e-02 1.069666996083987361e-02 1.076395577638244311e-02 1.074619969774267582e-02 1.045639148831692573e-02 1.066061770660295047e-02 1.092366498607674416e-02 1.062886038941067944e-02 1.076801223162149497e-02 1.115249207974923842e-02 1.056920073001284960e-02 1.079632179126459486e-02 1.237517695687241452e-02 1.294312752142267632e-02 1.276445161362359769e-02 1.278102188849922216e-02 1.258774395606098752e-02 1.267638671014153541e-02 1.272106504225912343e-02 1.240580914825418352e-02 1.279698491381486836e-02 1.247170996932066116e-02 1.286686372021453653e-02 1.282511068512632961e-02 1.243299233696951167e-02 1.264595473472794260e-02 1.265683470327201576e-02 1.272616145393400990e-02 1.274677111693020386e-02 1.242086071123170606e-02 1.262584602987141744e-02 1.249365378262111415e-02 1.274469622136904096e-02 1.254882409832033287e-02 1.285152701054449037e-02 1.287784215460164271e-02 1.273203725604332703e-02 1.274493946370566268e-02 1.251904346034567878e-02 1.249181591339680077e-02 1.261060441265760869e-02 1.248563959985840056e-02 1.277114193423450721e-02 1.265357149733411894e-02 1.284170868263898209e-02 1.280469302488640958e-02 1.265152018417787030e-02 1.302881998787158886e-02 1.251877890243232802e-02 1.245367815557299473e-02 1.301185709574317374e-02 1.252444645335677731e-02 1.285952730735861679e-02 1.292161100693364414e-02 1.257341498837257453e-02 1.221961484114498890e-02 1.285666449291376738e-02 1.274630152576091899e-02 1.268055207570411951e-02 1.296833903079563054e-02 1.288465428162419851e-02 1.268422106681508371e-02 1.295382099962263424e-02 1.295255255422877311e-02 1.281839844150951292e-02 1.293507637953249072e-02 1.272449751105475708e-02 1.264940039575125283e-02 1.238312635679492298e-02 1.268555921868228832e-02 1.282614834803342749e-02 1.265962058256529452e-02 1.279524097854213734e-02 1.265261621146508350e-02 1.284587587978956030e-02 1.288106075491144385e-02
9.035667112168436696e-03 8.657366930731266036e-03 8.748342635479047086e-03 9.056969681568011882e-03 0.000000000000000000e+00 8.806989555769424716e-03 8.493855903448426989e-03 8.834388407537205681e-03 9.137295981031327494e-03 8.553801455344343593e-03 8.845989496778849243e-03 8.672286767145926181e-03 9.498479643366723388e-03 8.941546833969735153e-03 8.984458020448555030e-03 9.264141221146587196e-03 9.360063535061228027e-03 8.794547740282087148e-03 8.789412963702863957e-03 9.082298596368774610e-03 8.796597729863301490e-03 9.240800359962832514e-03 8.622402195599461472e-03 8.862832290791199455e-03 9.436041324159706936e-03 9.627749669189366796e-03 9.462600819252793907e-03 8.679956713717370750e-03 9.579106467315717799e-03 8.904561564741841906e-03 9.127542263733672695e-03 8.819634759999910034e-03 1.053771164088105304e-02 1.077756056705013975e-02 1.080856476935846029e-02 1.053724821145426115e-02 1.037852130155749938e-02 1.075972562690466483e-02 1.021878526434790574e-02 1.079399860366109416e-02 1.054892610469816173e-02 1.079567716112024046e-02 1.049045265758539493e-02 1.079258540014431736e-02 1.052889876387637716e-02 9.985493943130486702e-03 1.025452649480237260e-02 1.017309127679164385e-02 1.060360997422479454e-02 1.062506013711772557e-02 1.058437349791515117e-02 1.068185129877719658e-02 1.049008197139973501e-02 1.064235421515336358e-02 1.032121821970042284e-02 1.068529628904876967e-02 1.020984518157493429e-02 1.061832443026254971e-02 1.055979768130767271e-02 1.036195998515998008e-02 1.033675913683932898e-02 1.116369763434497953e-02 1.032381673447525100e-02 1.032150424102152436e-02 1.261734328411087507e-02 1.313303105380617120e-02 1.300254773306949371e-02 1.304463624027655914e-02 1.283119303056205578e-02 1.285604105335681237e-02 1.295171234627053719e-02 1.265628899762348547e-02 1.303925671429418884e-02 1.267335676719873357e-02 1.308701386202300830e-02 1.305823017483811153e-02 1.262807832177016178e-02 1.285228321616512653e-02 1.288351817181274811e-02 1.293560347783592919e-02 1.293693318086903098e-02 1.266432520166438022e-02 1.281370132247510070e-02 1.267505931670595727e-02 1.299014413261467479e-02 1.272014102349984348e-02 1.304305075810095228e-02 1.309145886079518192e-02 1.300006201878043874e-02 1.295584098730909010e-02 1.271517311776250436e-02 1.267599966653515722e-02 1.283538434439239657e-02 1.271227293344077969e-02 1.296107780223539063e-02 1.285938413986102355e-02 1.307761815078783280e-02 1.308467391534271461e-02 1.294278307558726498e-02 1.332609071579189675e-02 1.281757860090157117e-02 1.276033652011453363e-02 1.329252140371501960e-02 1.274069991401834134e-02 1.316009828822007482e-02 1.321051624963675425e-02 1.288584803852132164e-02 1.279394489603251014e-02 1.318188793989737324e-02 1.309096196565358305e-02 1.299468334366940363e-02 1.325117700450974094e-02 1.319588443087476790e-02 1.299519327832144439e-02 1.325230033143465387e-02 1.324864751927333495e-02 1.312878517122151832e-02 1.324765168828100255e-02 1.303811472164803989e-02 1.290453120966327492e-02 1.267908703043905960e-02 1.298097154059869689e-02 1.312320004909382602e-02 1.293518270023467573e-02 1.311289062059846876e-02 1.298238349412394153e-02 1.312961646520898092e-02 1.317833975587292573e-02
9.328535003530990383e-03 8.705675305681710371e-03 8.788108866206597106e-03 8.945941025503074268e-03 8.806989555769424716e-03 0.000000000000000000e+00 9.145017699232345712e-03 9.133046423274261694e-03 9.051501895368496350e-03 9.118793491813971530e-03 8.785272850987469948e-03 8.775854931326893676e-03 9.043623006542106033e-03 8.798966875010942254e-03 8.766452261668984322e-03 9.670178920297931371e-03 9.286100987506444929e-03 8.675916665829851854e-03 8.836910918004533405e-03 8.634590064870235199e-03 8.762109944896000549e-03 8.947124059795513035e-03 8.651838194561327355e-03 8.835648402582548661e-03 9.252794919263219314e-03 9.938033412061932081e-03 9.403885050175938773e-03 8.725491190002246725e-03 9.446382500334500956e-03 9.266866876842801831e-03 9.061052513288420443e-03 8.793008846687253022e-03 1.075084170527366122e-02 1.096594758911582056e-02 1.101589356005858861e-02 1.058233378126082445e-02 1.025203022211132291e-02 1.053977809217230589e-02 1.070818019631006486e-02 1.097180200871363497e-02 1.070320302592826442e-02 1.099334146923107262e-02 1.081022114278496794e-02 1.099632196469408491e-02 1.076667851149885717e-02 1.066315287238660085e-02 1.058198838858331013e-02 1.070015959522500892e-02 1.076599116235748416e-02 1.080947768842885869e-02 1.067608376843856566e-02 1.085303449320996344e-02 1.077562465557040973e-02 1.077470944532004336e-02 1.085577846911393515e-02 1.082260612433682059e-02 1.044616437076164792e-02 1.082187847180006782e-02 1.089872655953480832e-02 1.060093702096338332e-02 1.077942131624836167e-02 1.125120691909892341e-02 1.060487792413342643e-02 1.071291759404712461e-02 1.224761284724883333e-02 1.273880220971314314e-02 1.259808110179476241e-02 1.262057984375556351e-02 1.247774958312376260e-02 1.247633780415094082e-02 1.255194564637818720e-02 1.225459264700767999e-02 1.262756030918850414e-02 1.229579769065448740e-02 1.269592672957125384e-02 1.265375035273606785e-02 1.222804263932714131e-02 1.247864487554144718e-02 1.246671967358797470e-02 1.254758304798460171e-02 1.256066500546560750e-02 1.233241346079476039e-02 1.244337240415169070e-02 1.233122332980126148e-02 1.260894017906403000e-02 1.233341421620741396e-02 1.265830728539736778e-02 1.268705531258861388e-02 1.262354013712398831e-02 1.256156536572354196e-02 1.231837766851141824e-02 1.198262231118632677e-02 1.243948270330086717e-02 1.199261438695228658e-02 1.257022588783939486e-02 1.249908404885758696e-02 1.279707785672846466e-02 1.274569832578343991e-02 1.262913166289026008e-02 1.303902590234080894e-02 1.253853198565185734e-02 1.246564017231445096e-02 1.300236412012566005e-02 1.248409197874630200e-02 1.285807414043736198e-02 1.290661352176943055e-02 1.259325377618675072e-02 1.252403116558858769e-02 1.288798282923351614e-02 1.275583647143524284e-02 1.269717846306923914e-02 1.295262817711573602e-02 1.289659909243868335e-02 1.270081146681512584e-02 1.294343222222338503e-02 1.295806535231886110e-02 1.282187004840912824e-02 1.295056328706596128e-02 1.272912872198244706e-02 1.261467832062268708e-02 1.237329434310296440e-02 1.267613207665480371e-02 1.282133831698933565e-02 1.264255907009302279e-02 1.282480895939097643e-02 1.268301121749763199e-02 1.281676669834252470e-02 1.287845975494782656e-02
9.381401863736735930e-03 9.003404947125792299e-03 8.691971189249594887e-03 9.009837955632591863e-03 8.493855903448426989e-03 9.145017699232345712e-03 0.000000000000000000e+00 8.723516461188638230e-03 8.641930250216834156e-03 8.612894901348118817e-03 8.911549604889868609e-03 9.050715158292749543e-03 9.109499365363905865e-03 9.213927222592881855e-03 8.645208369378905647e-03 9.245381185238477767e-03 8.914323709878038335e-03 8.956301341030117186e-03 8.595490173983592191e-03 8.704132836585042401e-03 9.165195109566032575e-03 8.844897326020837933e-03 8.473549130007269198e-03 8.831671916395668689e-03 9.318678699122451281e-03 9.555363083832207546e-03 9.422668744776494312e-03 8.632589682827778235e-03 9.915785260364327197e-03 8.815627859145025447e-03 8.642312730680752966e-03 8.489646933073149992e-03 1.052202924229325189e-02 1.043235157487608887e-02 1.079941868035986206e-02 1.055125650670287081e-02 1.039730205514156902e-02 1.074305411438628531e-02 1.052867496346103493e-02 1.083679534802973674e-02 1.055599066082314394e-02 1.073392724728056309e-02 1.053226650994120057e-02 1.077958199121011561e-02 1.019435486248417011e-02 1.002387069188024130e-02 1.023612460546436884e-02 1.011865498533031510e-02 1.058764761617515815e-02 1.065988752451373089e-02 1.018053568474082231e-02 1.063754912799280347e-02 1.046833054058162078e-02 1.061610293192960172e-02 1.065678383640224561e-02 1.062716720412833563e-02 1.019095713100986664e-02 1.058476679619540367e-02 1.052270206129685311e-02 1.026967195165002199e-02 1.062131191522821573e-02 1.117561394585252395e-02 1.030355273661637261e-02 1.030659094791247857e-02 1.242349533982327857e-02 1.286923987173847414e-02 1.276442608713039377e-02 1.283813592869982242e-02 1.261291693759579967e-02 1.262122115826917745e-02 1.272690792446399231e-02 1.243332749027992352e-02 1.280220325620915443e-02 1.247603492014964961e-02 1.284863498493593950e-02 1.284086281229601667e-02 1.237629758063766607e-02 1.260649725192997464e-02 1.262644488071121285e-02 1.268563941840092704e-02 1.239962878637321068e-02 1.242739286825741973e-02 1.256556107218234283e-02 1.244847912564580467e-02 1.276209980698640722e-02 1.249609063818871157e-02 1.281751471960639738e-02 1.286526781635753160e-02 1.278098061517335404e-02 1.271902426079428786e-02 1.250148708739666145e-02 1.244745407262561575e-02 1.260890159761837541e-02 1.247570302552427138e-02 1.273748551265144018e-02 1.265690601619802805e-02 1.281372829002077468e-02 1.283102991277304539e-02 1.267976688599572674e-02 1.308558841638167609e-02 1.257707890271753635e-02 1.250910429802854981e-02 1.303572067647755864e-02 1.247976869179965101e-02 1.288994506981326615e-02 1.293166765615713122e-02 1.233200484859605511e-02 1.253445596671693037e-02 1.294193862754063930e-02 1.288038772333548361e-02 1.278707423990358902e-02 1.298726652308620187e-02 1.296285216850020898e-02 1.275147304928524357e-02 1.299518580688956669e-02 1.298901657640251679e-02 1.289199396175075459e-02 1.299885229809903502e-02 1.281221072545955623e-02 1.264091437208410967e-02 1.244377427221237363e-02 1.274270800321632667e-02 1.287304137794618303e-02 1.269370382803534231e-02 1.285849595308491411e-02 1.274223811679323429e-02 1.287570325563836167e-02 1.293624290160438894e-02
9.348321201485577936e-03 8.814352694645198258e-03 8.767952043140368745e-03 9.356996819789025963e-03 8.834388407537205681e-03 9.133046423274261694e-03 8.723516461188638230e-03 0.000000000000000000e+00 9.204172345169969044e-03 8.794254707514702687e-03 8.744625607376148302e-03 8.812409435975533667e-03 9.095672220882868378e-03 9.297151812906266632e-03 8.849247200300053642e-03 9.612924253658585577e-03 9.322375872984055636e-03 8.817756439672060423e-03 9.212693602468003534e-03 8.741059819553960095e-03 9.242783943449109710e-03 8.890704788126887678e-03 8.695980078205441111e-03 8.924718767788943422e-03 9.228935443703309080e-03 9.917424316029464088e-03 9.355065734939401953e-03 9.161883646511938609e-03 9.402972123257788417e-03 9.257166444940172212e-03 8.845329265973726415e-03 8.868552411720312389e-03 1.062417785483075680e-02 1.072647289958687626e-02 1.084521447013083936e-02 1.045510580805502493e-02 1.045843984793407531e-02 1.072058509201451182e-02 1.059382753226507587e-02 1.079628881682790330e-02 1.056447617983534253e-02 1.045508136106689141e-02 1.066433186817451577e-02 1.080909263272465150e-02 1.062850559511650458e-02 1.048310684478286937e-02 1.044652974539092387e-02 1.018580349659538482e-02 1.060656170726642297e-02 1.068413627272513447e-02 1.008837010662747696e-02 1.065433129976533708e-02 1.061829080095794305e-02 1.061506645791878735e-02 1.067839085130409954e-02 1.068576566400137977e-02 1.027838744345688400e-02 1.061594199604086290e-02 1.074347918863518582e-02 1.013963022373141724e-02 1.065867461658741994e-02 1.108910401012947605e-02 1.043674610304448462e-02 1.061182756087218799e-02 1.233634394242742391e-02 1.287125736447665772e-02 1.273670359640717738e-02 1.276147552895695592e-02 1.254164523189330721e-02 1.258929636298983940e-02 1.269088266254133138e-02 1.236701595244977733e-02 1.276101146663807459e-02 1.239509897713478997e-02 1.280987296836334777e-02 1.277417296184279495e-02 1.238607987934864027e-02 1.261601643352440634e-02 1.261482621244574241e-02 1.268891925131917717e-02 1.267741316949513863e-02 1.205759954702495355e-02 1.259167759468043761e-02 1.242321006274293288e-02 1.270378312245069169e-02 1.246782891984590108e-02 1.279622005293483585e-02 1.283403515921601942e-02 1.271611675587806453e-02 1.268597406951199949e-02 1.243888924231038688e-02 1.243854620675146315e-02 1.258423853289779813e-02 1.246085660744813972e-02 1.268823465106998574e-02 1.259911267703869159e-02 1.285869758780444454e-02 1.282775810851839726e-02 1.266559091235354775e-02 1.308538463996223450e-02 1.254981555587312940e-02 1.251737468442309063e-02 1.304615555604768558e-02 1.255772700955537155e-02 1.290898980785499042e-02 1.294249606573446253e-02 1.261788586889877120e-02 1.254932495849203286e-02 1.292187922290679615e-02 1.280995029847762333e-02 1.272752039066410955e-02 1.301015613508114087e-02 1.294460224427634171e-02 1.275980552405444647e-02 1.300775237891413014e-02 1.300511454870771112e-02 1.285890338887006948e-02 1.299558829507132737e-02 1.278188732045324426e-02 1.261732456739746329e-02 1.242518362394239885e-02 1.268978550185935472e-02 1.287292916364315629e-02 1.267978677924190556e-02 1.287161851262456219e-02 1.271593617906240613e-02 1.287469200187713568e-02 1.292963528379758968e-02
9.369795898930267236e-03 8.701141643293403699e-03 8.790010937725790258e-03 8.926500534492802855e-03 9.137295981031327494e-03 9.051501895368496350e-03 8.641930250216834156e-03 9.204172345169969044e-03 0.000000000000000000e+00 9.056675812819917418e-03 9.302390927032260642e-03 9.150107829980503801e-03 9.028470277552829923e-03 8.810204589134854047e-03 8.722607443309143144e-03 9.199325824339070479e-03 9.163985792958476151e-03 8.720906925404441068e-03 8.708580592017244743e-03 9.037360520531898325e-03 8.838745800021419186e-03 8.836941109100006006e-03 8.678172606023350916e-03 8.791840124263768097e-03 9.255072339424809044e-03 9.521651087989168802e-03 9.363982459598244740e-03 8.670492407259849238e-03 9.529604353739557290e-03 8.748681061496390785e-03 8.612408891584303131e-03 8.651531640056725134e-03 1.078391843421543268e-02 1.099334773191770059e-02 1.103366609464197928e-02 1.065328171888269351e-02 1.064523935644518145e-02 1.099476792610979553e-02 1.078344928757505976e-02 1.100130646624115395e-02 1.080254336311403836e-02 1.101702429500775460e-02 1.085904874334021712e-02 1.103551698868246445e-02 1.077847639816219283e-02 1.068117161721228101e-02 1.061926717636548639e-02 1.075026977002881481e-02 1.079121645414988367e-02 1.089190091855901828e-02 1.070430126298611319e-02 1.091152351513943741e-02 1.078619914974160605e-02 1.082041216489469486e-02 1.086743589861439291e-02 1.083791891593563830e-02 1.009134280580085627e-02 1.047893043697191440e-02 1.093603312005169206e-02 1.061527831958633365e-02 1.087740242211298301e-02 1.135121483471290132e-02 1.056332695103782103e-02 1.069981272746160610e-02 1.231811516271856012e-02 1.284065760167320790e-02 1.269660682474342897e-02 1.274298443653752722e-02 1.253654815652145357e-02 1.257013034463472061e-02 1.264788392178340000e-02 1.237956931409475193e-02 1.274007237551136665e-02 1.238620086684720338e-02 1.276705479664609795e-02 1.275612829092119017e-02 1.232383209178040083e-02 1.224189531881380265e-02 1.260016934385897215e-02 1.264031408967841372e-02 1.265651936161608752e-02 1.240517209137574975e-02 1.252389355158553368e-02 1.243743272668452159e-02 1.268103145849757384e-02 1.245317532306122396e-02 1.275198000979324911e-02 1.279211001289284715e-02 1.270709180538037893e-02 1.266453211465589160e-02 1.244742084864437076e-02 1.241361415179052102e-02 1.252713733407388903e-02 1.242929877908902948e-02 1.266595784678433562e-02 1.258573538438861363e-02 1.278575692519420826e-02 1.276566612757204511e-02 1.263804696844743163e-02 1.300757960119045854e-02 1.251968214592194192e-02 1.244258201165973285e-02 1.297518506104890917e-02 1.245641065026384907e-02 1.283843142332255147e-02 1.289453680405041811e-02 1.257965557113247153e-02 1.248998995223470944e-02 1.287820661310993750e-02 1.278752827905978509e-02 1.270205100831931118e-02 1.293408781355613428e-02 1.287357975515144269e-02 1.265256854439606414e-02 1.293173970334535530e-02 1.292679855840443877e-02 1.281053123649842501e-02 1.292790852748617464e-02 1.272849157651676118e-02 1.262549765871545139e-02 1.234084677599602692e-02 1.266937660292474094e-02 1.280153372465672214e-02 1.264773821775313535e-02 1.246428765651274445e-02 1.266538935444150998e-02 1.280692012908482905e-02 1.285961088826458563e-02
8.938229324774763299e-03 8.576634607448398520e-03 8.718424300244763739e-03 9.018080974280555037e-03 8.553801455344343593e-03 9.118793491813971530e-03 8.612894901348118817e-03 8.794254707514702687e-03 9.056675812819917418e-03 0.000000000000000000e+00 8.771005064470427381e-03 8.695820755671192226e-03 9.056364100820500293e-03 8.974755796695415427e-03 8.499557515901302179e-03 9.723388034569013794e-03 9.291867517744887423e-03 8.787999892794840992e-03 8.802575908711664926e-03 8.668279114760661999e-03 8.733180982497349212e-03 8.938038850823195464e-03 8.655396542213212793e-03 9.120882754812124557e-03 9.293832699381216270e-03 9.613420632384274411e-03 9.861182470956301321e-03 8.698639676928902886e-03 9.469015040149290907e-03 8.837164682996037982e-03 8.678384535523445825e-03 8.922327207446486066e-03 1.080082845616476064e-02 1.108975437364731996e-02 1.109638100218069898e-02 1.072755136772539884e-02 1.070234201008596862e-02 1.104281404491044491e-02 1.087367259424457805e-02 1.108832985200866594e-02 1.083272569172691151e-02 1.110454851280297077e-02 1.084321886325196466e-02 1.108035508884758907e-02 1.085656100234823687e-02 1.062479021323944894e-02 1.028157128388058027e-02 1.079100283029855306e-02 1.088161005283131560e-02 1.093227773722814898e-02 1.077910760214715810e-02 1.092394060667934742e-02 1.081628447220321816e-02 1.091123529398051011e-02 1.092204557820891132e-02 1.097556224455490184e-02 1.050028415261602954e-02 1.053970652427020996e-02 1.094747474327478765e-02 1.075438968333105108e-02 1.095747238482340166e-02 1.142430370274401252e-02 1.062567242168484943e-02 1.072374780513546053e-02 1.265155603406932679e-02 1.317329187794456791e-02 1.303530244382955852e-02 1.306435100138544046e-02 1.286878435002591567e-02 1.289366289480182830e-02 1.298466645529161752e-02 1.268568454352764566e-02 1.307015021706452347e-02 1.271047791482093035e-02 1.311644738883921760e-02 1.309168539830796174e-02 1.265457384944246484e-02 1.289542527427969647e-02 1.290154019544574940e-02 1.297925386258005735e-02 1.297570381929895322e-02 1.270432488333910273e-02 1.285805765785825484e-02 1.275740436439883746e-02 1.301828625837653762e-02 1.274524706217620290e-02 1.307981218514332397e-02 1.312685177745926551e-02 1.302118966180705779e-02 1.299784840360136695e-02 1.275292171846897395e-02 1.274290231127599669e-02 1.285871306858773176e-02 1.274180989247119741e-02 1.299287252471449487e-02 1.291569363332868182e-02 1.312805962188285866e-02 1.310940206587540152e-02 1.295538401814862531e-02 1.334687503423740047e-02 1.285507913946147898e-02 1.275843375266305646e-02 1.331527381728465909e-02 1.277521418441269346e-02 1.318005911015579165e-02 1.323634373747326586e-02 1.289809586152696440e-02 1.282463762766402476e-02 1.319532924407151864e-02 1.310444135783517955e-02 1.301577310954831618e-02 1.327690140964526110e-02 1.321366984042304099e-02 1.300459771068115944e-02 1.327277165432253804e-02 1.326801006432736137e-02 1.314512768569877851e-02 1.326527057640075787e-02 1.306290007106328255e-02 1.295069595410116951e-02 1.267193589851496431e-02 1.301130031296476169e-02 1.314591466050276519e-02 1.296899319659268468e-02 1.312783517499125502e-02 1.298007892628624468e-02 1.314903364425896309e-02 1.319987168365217671e-02
8.985275360247112555e-03 8.857972340077634871e-03 8.766388060570978746e-03 9.373540674607550027e-03 8.845989496778849243e-03 8.785272850987469948e-03 8.911549604889868609e-03 8.744625607376148302e-03 9.302390927032260642e-03 8.771005064470427381e-03 0.000000000000000000e+00 8.810367753707202057e-03 9.013432743590827842e-03 9.324758689840761602e-03 8.848929607912668291e-03 9.711470104077796553e-03 9.358599560150136776e-03 8.816217475251776625e-03 9.299191612331699289e-03 8.823259043772402332e-03 8.828161164204409786e-03 9.379037628240102092e-03 8.785769772274680534e-03 9.265582034552936538e-03 9.656278652753052041e-03 9.973628944314295169e-03 9.395635863857202189e-03 8.773009441340809400e-03 9.263158841079675160e-03 9.302014276307795163e-03 8.876977547748268055e-03 9.326698620510122037e-03 1.070950781122863467e-02 1.084379448258139533e-02 1.093119241818713526e-02 1.053782263237958670e-02 1.052454777309657502e-02 1.081833596750637200e-02 1.069648581098716494e-02 1.085229137414915612e-02 1.064217256288662282e-02 1.089741764007933801e-02 1.038673903410221658e-02 1.093444670841599298e-02 1.072609729553561549e-02 1.020139123678415541e-02 1.020129122131452869e-02 1.066046863688677876e-02 1.068051701179852445e-02 1.073587476473110251e-02 1.054543064975188224e-02 1.075203463741198316e-02 1.071743954852984182e-02 1.072585485682269607e-02 1.077375045105251339e-02 1.076737633594248254e-02 1.038019467100036348e-02 1.070923253987153892e-02 1.085113819422708382e-02 1.065380539198710307e-02 1.074022908650218953e-02 1.118945539386854461e-02 1.055505337102434493e-02 1.066140961762165711e-02 1.237818916412311912e-02 1.289703480164752954e-02 1.275933851491856119e-02 1.276878142142551589e-02 1.258484903833483569e-02 1.262868935045925213e-02 1.269637663434432066e-02 1.240427723508748074e-02 1.277873608137716256e-02 1.241662582795634642e-02 1.282466509011824345e-02 1.281324965394280840e-02 1.238134404534546422e-02 1.264002822115990916e-02 1.262153442467402534e-02 1.269944239488182518e-02 1.270273357194756127e-02 1.243521210543246588e-02 1.259761864208687986e-02 1.248909802632766630e-02 1.272122180762696661e-02 1.214219161506342216e-02 1.281679967410736566e-02 1.283884228065559734e-02 1.271181058161960885e-02 1.270715979336875003e-02 1.247446441218355746e-02 1.246727991704545471e-02 1.255856876075901914e-02 1.244727026909752711e-02 1.270804642019939847e-02 1.262330722386137069e-02 1.290001767707686653e-02 1.286158768470248639e-02 1.272686029841629991e-02 1.312674905398370125e-02 1.260813410116302068e-02 1.255213690863973310e-02 1.308975703471573944e-02 1.259286137380676018e-02 1.294459257303785631e-02 1.300458363713343120e-02 1.264864750118715152e-02 1.265140138285886749e-02 1.295837054854272544e-02 1.284559738817410250e-02 1.275885227151341006e-02 1.305012072918382629e-02 1.298350193627006988e-02 1.279150658109371765e-02 1.304616459505302493e-02 1.304472775429680979e-02 1.287542780864039949e-02 1.301383984215114843e-02 1.282226140220957961e-02 1.271874515402571931e-02 1.241670626285269405e-02 1.276825070288787299e-02 1.291184109238476506e-02 1.273558428766141497e-02 1.291148755412514088e-02 1.274944880366999170e-02 1.290668211221318237e-02 1.296903077296024560e-02
8.927926359711912258e-03 8.706509627783834762e-03 9.137909877245841556e-03 8.850251094366200569e-03 8.672286767145926181e-03 8.775854931326893676e-03 9.050715158292749543e-03 8.812409435975533667e-03 9.150107829980503801e-03 8.695820755671192226e-03 8.810367753707202057e-03 0.000000000000000000e+00 8.985783410016448536e-03 8.828930674438777854e-03 8.810784474636195254e-03 9.231330306989469700e-03 9.290388950015346023e-03 9.223625290815289438e-03 9.051631645580733923e-03 9.083893622697437886e-03 8.739397784638568839e-03 8.905611449657980030e-03 8.647554950713452412e-03 8.769001545234630240e-03 9.707069465849949355e-03 9.628453335872812560e-03 9.783966901459726154e-03 8.716934768908227854e-03 9.834217213762382059e-03 9.242883260064995929e-03 8.697151254430775247e-03 8.711281298170619677e-03 1.054954860898211534e-02 1.081050046243499374e-02 1.083421350051887340e-02 1.053537598170499121e-02 1.044297683497723631e-02 1.076395967199736230e-02 1.052052368250835229e-02 1.076553580815267641e-02 1.020848345237904478e-02 1.081561021715536641e-02 1.059220356192138411e-02 1.079189224559807744e-02 1.060209441877418488e-02 1.007651245777239045e-02 1.041734468808926638e-02 1.054149289773802581e-02 1.061726474816212899e-02 1.064062867889615030e-02 1.055074276822580252e-02 1.070246667011716390e-02 1.056483809667209742e-02 1.064181232980983792e-02 1.061631213300603255e-02 1.066085980183714872e-02 1.025074638690017838e-02 1.056898955504240525e-02 1.039368980331635203e-02 1.045351154613431699e-02 1.065479669841457727e-02 1.111438130556904706e-02 1.003670181059695618e-02 1.052459527336247272e-02 1.243293848382822503e-02 1.299559360902711840e-02 1.283924025481924906e-02 1.287912062276574954e-02 1.266755398264849536e-02 1.273216144467209307e-02 1.278853048809476534e-02 1.248669390684905428e-02 1.288575722358143751e-02 1.253915532554997388e-02 1.293599023879951106e-02 1.289813289086811678e-02 1.250347304521580438e-02 1.271376817775773244e-02 1.272974787890404115e-02 1.276273404844074574e-02 1.281088380319333683e-02 1.250711668538551438e-02 1.267231425767618123e-02 1.254584460381703848e-02 1.282112369439303463e-02 1.258739383316547118e-02 1.290518442791681319e-02 1.294054004043970058e-02 1.282380907956945371e-02 1.280888323032179643e-02 1.256959159503445896e-02 1.254215251273162191e-02 1.267511571463413207e-02 1.254469803153643835e-02 1.283174245021060506e-02 1.271822513013072184e-02 1.289627995522438404e-02 1.287886303204719557e-02 1.273563168269354999e-02 1.309402994076789770e-02 1.259412402659646976e-02 1.219592705457015619e-02 1.307943201349371504e-02 1.253023346531295830e-02 1.292905386276674805e-02 1.298875310827396663e-02 1.268402792264145505e-02 1.257011422283575534e-02 1.293851468370911008e-02 1.286647565469412578e-02 1.275101354138861304e-02 1.302725265840665864e-02 1.295837667456901758e-02 1.276729386327301805e-02 1.303457276521638626e-02 1.301678461163547143e-02 1.290737601457931337e-02 1.301094534754066584e-02 1.279987730422977449e-02 1.271633645292814981e-02 1.242405589306234265e-02 1.275605082017785760e-02 1.289341025529769195e-02 1.271701802514458961e-02 1.287809016877997266e-02 1.272579779812917609e-02 1.289957439179780646e-02 1.294955092924040055e-02
