0.000000000000000000e+00 1.714176105768080299e-02 1.279984116016869705e-02 1.186022558987594525e-02 1.186017378126241403e-02 3.190258268162525501e-02 1.108787691536914158e-02 1.186032702329865157e-02 1.280098375246060093e-02 1.044596223018701663e-02 2.630092070712485713e-02 1.185986959490172889e-02 1.939650340613042340e-02 1.186168386899420085e-02 1.536895074611640752e-02 1.714205906048859793e-02 1.395133397727238954e-02 2.233626359379536561e-02 1.395095600997459627e-02 1.185950053789363613e-02 1.537424170810894504e-02 1.108466094093544900e-02 1.280258823525318689e-02 3.191383499824646669e-02 1.186196245162822460e-02 1.186288931124133104e-02 1.714077226146684674e-02 2.233398092571202073e-02 8.548121715104045962e-03 1.394945923334494318e-02 1.280175869075525150e-02 1.044496969357605956e-02 1.537220966640425422e-02 1.395117804560032024e-02 1.108663131255417829e-02 1.537032684458566542e-02 9.476939768301200634e-03 1.280274709428822280e-02 1.395276709060925061e-02 4.035599060922629572e-02 1.280097917166761294e-02 1.108629185695408741e-02 2.233660505752362024e-02 1.536917070324631679e-02 1.939618854509371840e-02 2.233576502628974170e-02 2.233518778046638537e-02 8.805694445461587083e-03 8.804645941974768852e-03 2.630401322457444693e-02 1.044511060828900474e-02 1.537199455210351215e-02 1.394978436086695590e-02 1.186173843874138885e-02 1.939822398190331476e-02 1.714002256576267758e-02 1.395040487290059340e-02 1.186234110106460481e-02 1.536833482385534418e-02 1.394917548227113391e-02 1.280129305176211547e-02 1.714038940937444300e-02 2.630236071350949487e-02 2.233945103290283993e-02 3.190499754478216821e-02 1.186149732496069240e-02 1.186045230947697579e-02 8.330755197405918452e-03 2.630474032459055242e-02 2.233921379708119978e-02 2.630919020179967385e-02 2.630462112270630370e-02 1.280589668887839247e-02 1.280258881047281923e-02 8.145049703508539310e-03 1.714277317176945634e-02 9.476618891538087300e-03 1.713913745918692333e-02 1.186166561636276505e-02 5.449955283262594014e-02 1.044548081357484469e-02 1.939743892087724547e-02 8.548677678059541860e-03 2.233565782778172693e-02 1.536672121092633528e-02 1.395098721103219842e-02 1.537106269819148684e-02 1.395195924719120489e-02 1.280227089467265641e-02 3.190248117989847448e-02 1.939887222590897312e-02 1.714136404186711662e-02 2.233204918085418197e-02 2.233649549192396125e-02 1.939890343111201620e-02 1.536896377038208389e-02 1.280043141907953597e-02 1.280264375949297269e-02 1.395413571492243147e-02 1.537042291068865980e-02 1.395636706567243875e-02 1.536779175681363824e-02 1.939959379326907513e-02 1.536992147375142344e-02 1.108658990393917090e-02 1.939420818443974778e-02 3.190534326021311762e-02 2.233638504703293337e-02 2.233711838135217509e-02 1.713998054054670026e-02 1.395376969769678531e-02 1.395156853722282798e-02 2.234407304596518207e-02 2.630294691078302952e-02 1.108630310544443144e-02 1.185995724509322606e-02 1.714008062694329787e-02 1.939653129789064429e-02 1.939742621212327267e-02 1.714224272683422673e-02 1.280121034908273010e-02 2.233801531308136565e-02 1.939636606283391684e-02 1.714219739018942035e-02 1.536868025633142745e-02 1.108788470469183711e-02 1.536833388730550649e-02 2.630465302193024657e-02
1.714176105768080299e-02 0.000000000000000000e+00 1.896949295318290513e-02 1.843312289396942596e-02 1.843178109331181438e-02 3.492427374847836136e-02 1.800852814493643025e-02 1.843317933014013491e-02 1.896818222560106917e-02 1.766282677009647570e-02 2.966501973772458015e-02 1.843292453654437821e-02 2.360134630351801502e-02 1.843392866750008519e-02 2.057950477394723462e-02 2.184150351892497413e-02 1.966288420010647853e-02 2.609035971129213677e-02 1.966264927552098876e-02 1.843308966695684364e-02 2.058583861438356699e-02 1.800713205124886834e-02 1.897067089405427703e-02 3.493499502796364869e-02 1.843409010768052789e-02 1.843460063396498011e-02 2.183982369827101866e-02 2.609179996102010263e-02 1.662399979178116535e-02 1.966171805286387811e-02 1.897018798068678819e-02 1.766260818926181086e-02 2.058447434742580184e-02 1.966278678605196117e-02 1.800785909695632944e-02 2.058320267380038884e-02 1.714231884142483273e-02 1.897076408576268622e-02 1.966377257255980116e-02 4.308051341256340788e-02 1.896973344967108760e-02 1.800768448942908009e-02 2.609409715438361713e-02 2.058242188667739128e-02 2.360108967146563180e-02 2.609336252732822811e-02 2.609285679368952143e-02 1.677118062818575353e-02 1.677062409580499028e-02 2.966786763425032641e-02 1.766112213048033619e-02 2.058432839711418771e-02 1.966192003967400306e-02 1.843396656549313450e-02 2.360274849018326529e-02 2.183926633288256827e-02 1.966279984305966885e-02 1.843429550983856705e-02 2.058185724537647115e-02 1.966203631420678291e-02 1.896991670862108875e-02 2.184026022865049460e-02 2.966634610197114302e-02 2.609658978994834622e-02 3.492657452144896230e-02 1.843383131457089485e-02 1.843361355534054238e-02 1.649704621656840342e-02 2.966853798947820253e-02 2.609638149714105931e-02 2.967263653786647581e-02 2.966309122150507030e-02 1.897252003568869125e-02 1.897109528545647822e-02 1.638580145852617034e-02 2.184131103203738183e-02 1.714211497153344740e-02 2.183532406811828502e-02 1.843392470331334937e-02 5.696559305273248691e-02 1.766257464612187161e-02 2.360210844646197514e-02 1.662431879989071520e-02 2.609436091680697456e-02 2.058135861789654741e-02 1.966266802976042449e-02 2.058370021552707180e-02 1.966327328504866717e-02 1.897048195755495978e-02 3.492417644415928002e-02 2.360327849718860116e-02 2.184026347858256459e-02 2.609010836233333769e-02 2.609400145453718081e-02 2.360330178548657870e-02 2.058228179364665275e-02 1.896941338413199798e-02 1.897070430903412264e-02 1.966462111616295444e-02 2.058326565146657502e-02 1.966595487260628869e-02 2.058208215732898472e-02 2.360386454060461534e-02 2.058292857207629986e-02 1.800784388234550476e-02 2.359947613131414129e-02 3.492690418446975364e-02 2.609390473714748998e-02 2.609454698006140327e-02 2.183995903316404003e-02 1.966439915762632426e-02 1.966302638184624224e-02 2.610063760336827146e-02 2.966688603907620403e-02 1.800768814591410458e-02 1.843128779246944182e-02 2.183930965535116689e-02 2.360136893662391142e-02 2.360209766986997790e-02 2.184091615066117639e-02 1.896986870455982452e-02 2.609533169784558279e-02 2.360123437644016248e-02 2.184088267772780340e-02 2.058209071829110795e-02 1.800843934450930064e-02 2.058185685039363652e-02 2.966845726111637382e-02
1.279984116016869705e-02 1.896949295318290513e-02 0.000000000000000000e+00 1.449369897109913270e-02 1.449416051433873726e-02 3.317513437428111500e-02 1.392474872766313702e-02 1.449377507062037107e-02 1.522084041713296122e-02 1.346985808615021839e-02 2.768949812255225990e-02 1.449343195150399818e-02 2.105875074996434865e-02 1.449479113625841940e-02 1.737824039621810659e-02 1.897065510616878156e-02 1.615925119484085126e-02 2.385609626610440612e-02 1.615893436930273749e-02 1.449365415804532500e-02 1.738289618656521304e-02 1.392394489637869062e-02 1.522153733684114899e-02 3.318620468186923855e-02 1.449500313987148181e-02 1.449569754741766164e-02 1.896858919219829645e-02 2.385270930464084352e-02 1.215545512276368541e-02 1.615768099495721102e-02 1.522087884848978903e-02 1.346956931419597721e-02 1.738110554596452098e-02 1.615912119731659213e-02 1.392491503039518762e-02 1.737944930756937789e-02 1.280127680599948276e-02 1.522166266356712351e-02 1.616045331241503999e-02 4.152496322994639333e-02 1.522026072215149940e-02 1.392467886483776847e-02 2.385522654346463114e-02 1.737843313276857607e-02 2.106068788800320377e-02 2.385442075972925291e-02 2.385386714016855814e-02 1.233665021462375042e-02 1.233537240287804759e-02 2.769250926903821589e-02 1.346927499470034623e-02 1.738091622226357186e-02 1.615795312232968378e-02 1.449483519661740050e-02 2.106260066069974915e-02 1.896790469761496650e-02 1.615913977907910970e-02 1.449528477666795975e-02 1.737769856353385545e-02 1.615810984087273638e-02 1.522050972591536440e-02 1.896912974833454141e-02 2.769090036163287388e-02 2.385795663559080529e-02 3.317751006359444949e-02 1.449465438303266900e-02 1.449436629673020623e-02 1.200058581761019767e-02 2.769321732155344620e-02 2.385772877695504710e-02 2.769754946658398859e-02 2.769310166520090252e-02 1.522418497305884008e-02 1.522211307783949592e-02 1.186621272432895544e-02 1.897041708216927469e-02 1.280102949971878568e-02 1.896709661361702451e-02 1.449477996430758447e-02 5.557582906055882205e-02 1.347045679643916159e-02 2.106186310444588955e-02 1.215584611344174004e-02 2.385551464792135673e-02 1.737705023930005005e-02 1.615896132472630434e-02 1.737834684686742626e-02 1.615977493708297200e-02 1.522128483699067801e-02 3.317503501948310118e-02 2.106321014150915397e-02 1.896912974945464195e-02 2.385085606958496293e-02 2.385512104633787100e-02 2.106323920527057580e-02 1.737825117997858493e-02 1.521982645155909794e-02 1.522158086653982619e-02 1.616160051087236690e-02 1.737953496019543215e-02 1.616350139808784420e-02 1.737799168659495339e-02 2.106388800424436117e-02 1.737909327015416810e-02 1.392489091360856954e-02 2.105882733999918724e-02 3.317784974436154694e-02 2.385501458621666626e-02 2.385571884929332809e-02 1.896875607816186568e-02 1.616129286861343189e-02 1.615944933382423496e-02 2.386239078263315341e-02 2.769147032934702810e-02 1.392468473101391747e-02 1.449349647239044428e-02 1.896795714539224395e-02 2.106101016507769610e-02 2.106185124856998700e-02 1.896796063191186557e-02 1.521907284447738228e-02 2.385657919070183208e-02 2.105862120685713865e-02 1.896989105336840606e-02 1.737800149368256414e-02 1.392578669038036128e-02 1.737769719029752871e-02 2.769313196645896424e-02
1.186022558987594525e-02 1.843312289396942596e-02 1.449369897109913270e-02 0.000000000000000000e+00 1.370537278516313802e-02 3.281801234169762216e-02 1.308598663045730352e-02 1.370602599198785312e-02 1.449467778739140129e-02 1.258904796993096792e-02 2.729563830485212672e-02 1.370565297658179506e-02 2.057805928695177408e-02 1.370713813836060141e-02 1.678232068316140926e-02 1.843432099554144499e-02 1.549895043583910184e-02 2.342052885686927294e-02 1.549861409040657022e-02 1.370589536107473701e-02 1.678718436945974765e-02 1.308394527233666671e-02 1.449542834496349991e-02 3.282913979344999345e-02 1.370736653064168545e-02 1.370812538123825607e-02 1.843219125649805945e-02 2.341709516026587237e-02 1.116465225927666845e-02 1.549728207201730296e-02 1.449351248042088369e-02 1.258872755490965910e-02 1.678531383634462859e-02 1.549746517201178522e-02 1.308500896752956902e-02 1.678358459129692531e-02 1.186099615085271439e-02 1.449556346795055108e-02 1.549887946305223557e-02 4.120019593864349128e-02 1.449405118005126988e-02 1.308474608801815479e-02 2.341964601734174839e-02 1.678252218386888303e-02 2.057775714174454526e-02 2.341883051587641956e-02 2.341826904479801102e-02 1.135960417525186915e-02 1.135831396859500637e-02 2.729867518979760960e-02 1.258840738109650095e-02 1.678511576458343452e-02 1.549757161211348655e-02 1.370718312667898627e-02 2.057970996465103425e-02 1.843148529003077463e-02 1.549883162409260509e-02 1.370660187098620211e-02 1.678175408615041261e-02 1.549773740513907434e-02 1.449431957694784917e-02 1.843274851076550161e-02 2.729705265243283913e-02 2.342241445823609047e-02 3.282040032501196830e-02 1.370698563137420951e-02 1.370667512682172129e-02 1.099943334186469397e-02 2.729938964259731593e-02 2.342218378389610348e-02 2.730375919139469906e-02 2.729927298063038188e-02 1.449708215019051769e-02 1.449604957251810107e-02 1.085651498600410589e-02 1.843407586112047469e-02 1.186073423708822357e-02 1.843065192401798988e-02 1.370712334073858653e-02 5.527962869099818655e-02 1.258868446802162248e-02 2.057895683954487701e-02 1.116555076645184795e-02 2.341993984041964086e-02 1.678107758503894625e-02 1.549864189002714450e-02 1.678426027217732458e-02 1.549815933322431713e-02 1.449515709192207916e-02 3.281791202685942904e-02 2.058033251611229159e-02 1.843274873511179662e-02 2.341521623393811452e-02 2.341954018914409186e-02 2.058036178153458545e-02 1.678233213732094678e-02 1.449358235162469775e-02 1.449547481575357531e-02 1.550144390411419514e-02 1.678367327168132916e-02 1.550345380288942546e-02 1.678206097501942773e-02 2.058102356690153303e-02 1.678321193462397817e-02 1.308402589858501629e-02 2.057395688891973731e-02 3.282074211852754886e-02 2.341943243149804607e-02 2.342014592452514032e-02 1.843236323128532791e-02 1.550111714945654091e-02 1.549915967895406158e-02 2.342690938635786160e-02 2.729762834045954337e-02 1.308475383291607917e-02 1.370572426284316983e-02 1.843154022603905526e-02 2.057618553722999691e-02 2.057894435433743272e-02 1.843357587325074320e-02 1.449424900369508662e-02 2.342101819289102438e-02 2.057792766239079432e-02 1.843353309569178283e-02 1.678207154052451314e-02 1.308599341574147312e-02 1.678024997857950271e-02 2.729930321054000603e-02
1.186017378126241403e-02 1.843178109331181438e-02 1.449416051433873726e-02 1.370537278516313802e-02 0.000000000000000000e+00 3.281824437027031777e-02 1.308652658645564730e-02 1.370653031558817861e-02 1.449513880692573399e-02 1.258961866041121737e-02 2.729589307298358261e-02 1.370615540513075471e-02 2.057836930636952263e-02 1.370764120710257251e-02 1.678119601290318369e-02 1.843466320178854811e-02 1.549936970010148268e-02 2.342080826430961715e-02 1.549903343323127090e-02 1.370639881592793791e-02 1.678756342377357019e-02 1.308448516673014518e-02 1.449468430116533299e-02 3.282937178612540391e-02 1.370786802735869496e-02 1.370862925187129114e-02 1.843253366477914587e-02 2.341737598147133198e-02 1.116578321137757894e-02 1.549770168738078685e-02 1.449517910752053627e-02 1.258929941839563582e-02 1.678418871195582265e-02 1.549923108692373951e-02 1.308554971714406996e-02 1.678396380492534756e-02 1.186161051374240959e-02 1.449481920245586537e-02 1.550064550679804316e-02 4.120040776336957034e-02 1.449451138767073044e-02 1.308528658583832729e-02 2.341775512762857628e-02 1.678290130370096653e-02 2.057806716492083590e-02 2.341911124390465976e-02 2.341854959637887715e-02 1.136024595386117553e-02 1.135948817666982032e-02 2.729893029719817482e-02 1.258897812847604991e-02 1.678549598363170831e-02 1.549799089468942813e-02 1.370768619366961351e-02 2.058001976628134194e-02 1.843182786831440781e-02 1.549925099557059559e-02 1.370817927936470414e-02 1.678062966941743991e-02 1.549681016412753250e-02 1.449478117000819674e-02 1.843309069175751505e-02 2.729730748855473468e-02 2.342269489118066483e-02 3.282063234582561356e-02 1.370748839397832076e-02 1.370717792306894514e-02 1.099965986933319588e-02 2.729964446666353212e-02 2.342246401296411290e-02 2.730401399211833391e-02 2.729952729414417134e-02 1.449874834858907828e-02 1.449651115535385143e-02 1.085718136143266378e-02 1.843441864643936140e-02 1.186134891717258166e-02 1.843099418213819951e-02 1.370762638553370792e-02 5.527982308125985178e-02 1.258925533116681851e-02 2.057926657237965640e-02 1.116620249130829447e-02 2.342022033574615164e-02 1.678145640978674288e-02 1.549906135126508100e-02 1.678463995353441512e-02 1.549992579045828683e-02 1.449441270521084624e-02 3.281814433064552533e-02 2.058064223147092545e-02 1.843309082210765892e-02 2.341549711118537727e-02 2.341982105860858018e-02 2.058067115572025096e-02 1.678271138457496786e-02 1.449404289374768909e-02 1.449593673540789870e-02 1.550186343275137928e-02 1.678405236130228739e-02 1.550387298465253152e-02 1.678243987703468415e-02 2.058133350672818745e-02 1.678359132279950636e-02 1.308551965957552819e-02 2.057616684734939541e-02 3.282097420015386152e-02 2.341971365700096230e-02 2.342042650068926896e-02 1.843102142541377247e-02 1.550153713957170588e-02 1.549957914437664550e-02 2.342718994509564168e-02 2.729788267476055200e-02 1.308529375913937420e-02 1.370622716793375162e-02 1.843188188963655605e-02 2.057839494445407730e-02 2.057925425039131700e-02 1.843391863561727115e-02 1.449471041560116899e-02 2.342129868176317381e-02 2.057823749389230822e-02 1.843387589333229937e-02 1.678245063481619004e-02 1.308653299406769589e-02 1.678213229287427166e-02 2.729955808969360825e-02
3.190258268162525501e-02 3.492427374847836136e-02 3.317513437428111500e-02 3.281801234169762216e-02 3.281824437027031777e-02 0.000000000000000000e+00 3.252360745361165123e-02 3.281805055698094886e-02 3.317556707621309442e-02 3.228216847723226063e-02 3.955059006525214055e-02 3.281787808261862199e-02 3.592817193600016806e-02 3.281553554889313912e-02 3.418466300489512999e-02 3.492481812999449070e-02 3.361982011575444240e-02 3.736138452421226136e-02 3.361967383581949270e-02 3.281798960763345624e-02 3.418679693037209727e-02 3.252522956474892396e-02 3.317590617028305655e-02 4.322475464768474329e-02 3.281866685462433292e-02 3.281599042321541038e-02 3.492384945785438621e-02 3.735957272681003638e-02 3.151040378977504330e-02 3.361908843741939767e-02 3.317558918642676824e-02 3.228201236414098008e-02 3.418598589011401234e-02 3.361975990049186763e-02 3.252573624787280515e-02 3.418522130745402232e-02 3.190126017555491161e-02 3.317596646678083044e-02 3.362037919021947097e-02 4.987819394339591123e-02 3.317529191052938364e-02 3.252561492950147709e-02 3.736092087491268976e-02 3.418474957643206913e-02 3.592802636021948104e-02 3.736048976943000949e-02 3.736019328644057946e-02 3.162346501537798005e-02 3.162304033209804160e-02 3.955242449749622052e-02 3.228185128465683312e-02 3.418589811784945864e-02 3.361921570090795064e-02 3.281858268640819309e-02 3.592896742307054303e-02 3.492352789636819083e-02 3.361976720842724947e-02 3.281880620423742456e-02 3.418441287487755664e-02 3.361928824528456761e-02 3.317541191494817465e-02 3.492410150869960234e-02 3.955144337260042831e-02 3.736238010786870761e-02 4.321843291392615111e-02 3.281849245605731463e-02 3.281834433262847267e-02 3.141185258670194796e-02 3.955285594033015883e-02 3.736226002637613175e-02 3.955549517866300407e-02 3.955278535333364015e-02 3.317707590410747670e-02 3.317618270767631883e-02 3.132515377282841379e-02 3.492470700238041459e-02 3.190284412422734334e-02 3.492314879735547439e-02 3.281855503528888912e-02 6.256026227617439428e-02 3.228198901452635633e-02 3.592860372236327676e-02 3.151065031323996291e-02 3.736107527964615399e-02 3.418411326644594378e-02 3.361968528335415596e-02 3.418552065233376736e-02 3.362006613746378048e-02 3.317578154968945509e-02 4.321662644100041778e-02 3.592926014809710855e-02 3.492410308600383401e-02 3.735858210401001023e-02 3.736086358465175866e-02 3.592928138353752854e-02 3.418466726454211929e-02 3.317508256308868142e-02 3.317592693270524085e-02 3.362091385670470944e-02 3.418525777251986419e-02 3.362169990805288777e-02 3.418454726391892406e-02 3.592959994259924822e-02 3.418505613036836727e-02 3.252572588021915290e-02 3.592710982178661666e-02 4.321867882378280928e-02 3.736080779334843838e-02 3.736118434441667441e-02 3.492392832983078066e-02 3.362077230921876880e-02 3.361991041543839487e-02 3.735416073017272520e-02 3.955179193295652734e-02 3.252561747835103212e-02 3.281790994786199650e-02 3.492355354582236948e-02 3.592818466931679139e-02 3.592859854650461149e-02 3.492447909246435694e-02 3.317538051027896923e-02 3.736164362083212870e-02 3.592810748811346711e-02 3.492446028661669311e-02 3.418455302217521946e-02 3.252611575014485723e-02 3.418441206191269455e-02 3.955280384769978286e-02
1.108787691536914158e-02 1.800852814493643025e-02 1.392474872766313702e-02 1.308598663045730352e-02 1.308652658645564730e-02 3.252360745361165123e-02 0.000000000000000000e+00 1.308607561234741840e-02 1.392684089691650570e-02 1.187840008537068177e-02 2.697623257883936115e-02 1.308567380107538043e-02 2.019268835128946310e-02 1.308724777529674671e-02 1.631394931133221815e-02 1.800974969430790829e-02 1.498248906794664992e-02 2.307009513009458321e-02 1.498213773181584357e-02 1.308498029039487781e-02 1.631766447573159209e-02 1.241521238568825750e-02 1.392763823666222020e-02 3.253737345163509181e-02 1.308751263446540809e-02 1.308830806190804108e-02 1.800612441262870039e-02 2.306662706288202178e-02 1.033909165017075568e-02 1.498074750879221408e-02 1.392688482695362238e-02 1.187805455693574652e-02 1.631703817065568302e-02 1.498234433856762346e-02 1.241550538415074796e-02 1.631525331801248965e-02 1.108869420140897420e-02 1.392778128824071447e-02 1.498381278388809940e-02 4.093293609377399167e-02 1.392617995047874986e-02 1.241608004427576829e-02 2.306920453893237036e-02 1.631415732060622834e-02 2.019238181663023449e-02 2.306837966063396764e-02 2.306781230376338601e-02 1.054783521660286778e-02 1.054702197550604764e-02 2.697928899328122868e-02 1.187770592326073925e-02 1.631683341254892491e-02 1.498104996237150689e-02 1.308731588080412275e-02 2.019436441741801272e-02 1.800540229391313363e-02 1.498236549247834726e-02 1.308784329663899813e-02 1.631336526300723386e-02 1.498122332519147108e-02 1.392646407742959350e-02 1.800814496424146469e-02 2.697765557507753043e-02 2.307199928163222030e-02 3.252859973281262140e-02 1.308615002899691029e-02 1.308676815743384410e-02 1.016176308338069198e-02 2.698000739386248112e-02 2.307176561338133980e-02 2.698440490150828819e-02 2.697989032691074443e-02 1.393065125474120605e-02 1.392829584611519379e-02 1.000922646347156102e-02 1.800950230426353466e-02 1.108842764713246012e-02 1.800600195807701767e-02 1.308629684318957792e-02 5.503426375726459818e-02 1.187800684833140337e-02 2.019359933350678427e-02 1.033954065004532782e-02 2.306950022093898905e-02 1.631266674335129716e-02 1.498099580039170299e-02 1.631595048359710254e-02 1.498307063252182422e-02 1.392733634928382258e-02 3.252610221146588071e-02 2.019499522836891436e-02 1.800814484349819514e-02 2.306472986840571449e-02 2.306723029755909302e-02 2.019502527733850819e-02 1.631266037459354681e-02 1.392568322260114011e-02 1.392768778131425397e-02 1.498509249920408973e-02 1.631534422411914584e-02 1.498717999960492119e-02 1.631368124245428236e-02 2.019569780885753507e-02 1.631486882677508216e-02 1.241633240023226441e-02 2.019045347863063569e-02 3.252634805423088027e-02 2.306898816560410195e-02 2.306970833219800648e-02 1.800775131967202042e-02 1.498475228112768586e-02 1.498270700716119487e-02 2.307653768302196651e-02 2.697823459702347951e-02 1.241608774773734179e-02 1.308575000380059021e-02 1.800691017154084500e-02 2.019271557973626938e-02 2.019358693915747349e-02 1.800898819752034738e-02 1.392638959856884115e-02 2.307058912528110045e-02 2.019091968064355355e-02 1.800894730317503800e-02 1.631369193471184781e-02 1.241743621270419845e-02 1.631336403858283171e-02 2.697992074132123108e-02
1.186032702329865157e-02 1.843317933014013491e-02 1.449377507062037107e-02 1.370602599198785312e-02 1.370653031558817861e-02 3.281805055698094886e-02 1.308607561234741840e-02 0.000000000000000000e+00 1.449475361455009395e-02 1.258914220075673523e-02 2.729568048432243210e-02 1.370573606585073247e-02 2.057811042425386483e-02 1.370722136289821702e-02 1.678238333030943399e-02 1.843437727828526468e-02 1.549901948105524528e-02 2.342057507908543862e-02 1.549868319634274336e-02 1.370597855619856351e-02 1.678724683058518616e-02 1.308403420255845918e-02 1.449550474591966738e-02 3.282917726151594884e-02 1.370744944064964180e-02 1.370820848748499632e-02 1.843224769569027505e-02 2.341714096276570345e-02 1.116475968908668508e-02 1.549600479269316877e-02 1.449479386189736312e-02 1.258882232474596748e-02 1.678537647071870129e-02 1.549753412500216344e-02 1.308414499918049770e-02 1.678364700425825917e-02 1.186109737046153051e-02 1.449563969466087857e-02 1.550029491597835866e-02 4.120023082506301532e-02 1.449412661813030863e-02 1.308483521768100295e-02 2.341969305671817367e-02 1.678258480531037711e-02 2.057780786897551312e-02 2.341887692146809793e-02 2.341831518292883732e-02 1.135970997927440544e-02 1.135841979166744668e-02 2.729871692453268023e-02 1.258850150574044972e-02 1.678517934484917082e-02 1.549764049417850544e-02 1.370726588529570800e-02 2.057976098612462890e-02 1.843154110068399507e-02 1.549890070348093445e-02 1.370668480593996083e-02 1.678181585589051672e-02 1.549780690073283493e-02 1.449439573713188004e-02 1.843280494686063906e-02 2.729709386916721187e-02 2.342246067765931666e-02 3.282043830170299631e-02 1.370706784045711175e-02 1.370675829011953548e-02 1.099954226826597471e-02 2.729943110421587105e-02 2.342223000391115834e-02 2.730380115871199401e-02 2.729931495249900142e-02 1.449715847237291813e-02 1.449612605434724699e-02 1.085662489543943315e-02 1.843413229420866675e-02 1.186083569288097148e-02 1.843070836776591198e-02 1.370720629926821393e-02 5.527966062258041213e-02 1.258877870992330776e-02 2.057900786299918933e-02 1.116517829340111026e-02 2.341998606347047221e-02 1.678114000920371759e-02 1.549871078429333575e-02 1.678432329583027377e-02 1.549957545475573982e-02 1.449523332210468814e-02 3.281795024212429829e-02 2.058038353661634234e-02 1.843280475861294385e-02 2.341526301329165116e-02 2.341958648147634756e-02 2.057851180412351155e-02 1.678239431344434943e-02 1.449365813682589391e-02 1.449555157594847009e-02 1.550151353478636078e-02 1.678373574653523048e-02 1.550352287939051055e-02 1.678212345841599562e-02 2.057917308984774304e-02 1.678327401074506883e-02 1.308506879721649946e-02 2.057400758472627614e-02 3.282078071760798771e-02 2.341947926023555879e-02 2.342019154204837139e-02 1.843241984632930722e-02 1.550118704736971192e-02 1.549922826794774069e-02 2.342695559982017200e-02 2.729767031362648547e-02 1.308484279149950413e-02 1.370473295556613041e-02 1.843159666718415315e-02 2.057813706092919553e-02 2.057899576917470233e-02 1.843363256550354518e-02 1.449432504511844778e-02 2.342106441439635242e-02 2.057797868794051729e-02 1.843190513592130736e-02 1.678213420300156064e-02 1.308608229175258798e-02 1.678181585248606986e-02 2.729934518228670226e-02
1.280098375246060093e-02 1.896818222560106917e-02 1.522084041713296122e-02 1.449467778739140129e-02 1.449513880692573399e-02 3.317556707621309442e-02 1.392684089691650570e-02 1.449475361455009395e-02 0.000000000000000000e+00 1.347186733664754860e-02 2.768997745964608265e-02 1.449441073968594194e-02 2.106157688053566721e-02 1.449576803645480361e-02 1.737897831199385415e-02 1.897131608321662999e-02 1.616007401802075152e-02 2.385662779300798050e-02 1.615975757124890611e-02 1.449342765061176035e-02 1.738363415274257057e-02 1.392498184153290186e-02 1.522244311074030798e-02 3.318663722135901245e-02 1.449598133215200188e-02 1.449667424112143464e-02 1.896925140613279354e-02 2.385324133821434267e-02 1.215665049278867246e-02 1.615850329152370909e-02 1.522178412122549875e-02 1.347065019500163705e-02 1.738184418153407296e-02 1.615994368135548892e-02 1.392489278871893166e-02 1.738018861913152163e-02 1.280169207123228736e-02 1.522256770090503128e-02 1.616127510045199667e-02 4.152535510427036308e-02 1.522116701015320192e-02 1.392571481518700173e-02 2.385575878380790868e-02 1.737917176238512260e-02 2.106128113872940064e-02 2.385495345363507561e-02 2.385439868097163213e-02 1.233782894392697685e-02 1.233713288633708077e-02 2.769298807975375046e-02 1.347128510700421750e-02 1.738165492554174033e-02 1.615722331302381007e-02 1.449581400761652643e-02 2.106319397092019582e-02 1.896856634978269854e-02 1.615996212213741123e-02 1.449624555795458840e-02 1.737843734908356419e-02 1.615893236945769099e-02 1.522141583152572357e-02 1.896979137803594603e-02 2.769137930920433435e-02 2.385848882837601423e-02 3.317794262353809115e-02 1.449563299096305082e-02 1.449532698480684827e-02 1.200179247488558122e-02 2.769369640701055055e-02 2.385826043656734397e-02 2.769802850477143599e-02 2.769358014288296130e-02 1.522508563594406061e-02 1.522301828527328899e-02 1.186742376681920383e-02 1.897107900355746862e-02 1.280216924522819578e-02 1.896775781314709655e-02 1.449575830961644454e-02 5.557618516170236000e-02 1.347153771603580921e-02 2.106245578888860798e-02 1.215704134076037515e-02 2.385604725593188161e-02 1.737603920902188598e-02 1.615978392195416280e-02 1.738083570461842337e-02 1.616059832558568166e-02 1.522218934919070642e-02 3.317190573045033369e-02 2.106380359719380729e-02 1.896979176435664369e-02 2.385138838634343755e-02 2.385565328847001620e-02 2.106383198153305436e-02 1.737898939917103744e-02 1.522073237566866008e-02 1.522248658680978341e-02 1.616242213639581052e-02 1.738027326122788124e-02 1.616432111515678921e-02 1.737873029198409858e-02 2.106448076103237255e-02 1.737983204281547470e-02 1.392592656497256866e-02 2.105942023508310459e-02 3.317828331201867070e-02 2.385554755329017534e-02 2.385625108119333176e-02 1.896941797748942504e-02 1.616211530671231300e-02 1.616027050788826358e-02 2.386292035560000704e-02 2.769194973239166510e-02 1.392572074390041777e-02 1.449326916925169038e-02 1.896861962722885819e-02 2.106160280762175638e-02 2.106021006354174760e-02 1.897059434285641374e-02 1.522135008480068365e-02 2.385711140731338123e-02 2.106144798267752666e-02 1.897055253786496254e-02 1.737874092204060375e-02 1.392681698348114012e-02 1.737843614366745698e-02 2.769361105286133676e-02
1.044596223018701663e-02 1.766282677009647570e-02 1.346985808615021839e-02 1.258904796993096792e-02 1.258961866041121737e-02 3.228216847723226063e-02 1.187840008537068177e-02 1.258914220075673523e-02 1.347186733664754860e-02 0.000000000000000000e+00 2.670890937763615441e-02 1.258871770072200226e-02 1.987672676431763083e-02 1.259040092964692353e-02 1.593515346339076377e-02 1.766407142118067361e-02 1.456719334649624054e-02 2.278079121533891846e-02 1.456683062902258165e-02 1.258814826560581204e-02 1.594028568639928659e-02 1.187526706830892634e-02 1.347269638428774327e-02 3.229337264365697568e-02 1.259066095301724329e-02 1.259152156321376344e-02 1.766185892470416297e-02 2.277729664270808363e-02 9.639640002750702111e-03 1.456539505904037510e-02 1.347191387669691674e-02 1.129930221173947036e-02 1.593831385847116477e-02 1.456704410405750688e-02 1.187724236395905526e-02 1.593648765307540890e-02 1.044686765516078877e-02 1.347284832269394009e-02 1.456856795780505330e-02 4.070811229774936452e-02 1.347024770257496291e-02 1.187696173462650037e-02 2.277989368794051950e-02 1.593536592352680359e-02 1.987641688007209251e-02 2.277906224893858772e-02 2.277849121678980626e-02 9.863327319011634675e-03 9.862898939964821407e-03 2.671386331615814222e-02 1.129892655031499403e-02 1.593810524367469603e-02 1.456468375367406948e-02 1.259045309864095449e-02 1.987842114194139295e-02 1.766112513204387904e-02 1.456706537423598305e-02 1.259101108366828328e-02 1.593455558559699059e-02 1.456588621691182368e-02 1.347054433389613219e-02 1.766117642375323801e-02 2.671222206867745336e-02 2.278270856376107129e-02 3.228232277398937478e-02 1.259022915516531602e-02 1.258987524845601308e-02 9.449387582143892184e-03 2.671458559812922920e-02 2.278247540655150422e-02 2.671900470013095080e-02 2.671446701860046014e-02 1.347583688894748999e-02 1.347338259885069028e-02 9.286854014119974923e-03 1.766381620240038003e-02 1.044657172190804027e-02 1.766025953651354993e-02 1.259038503620412038e-02 5.482671792858180571e-02 1.129856066169330001e-02 1.987764815387116357e-02 9.640121999879311052e-03 2.277857341820479359e-02 1.593384086360376956e-02 1.456686079078585785e-02 1.593720142201131285e-02 1.456779326859206775e-02 1.347239749859954761e-02 3.228206774256165562e-02 1.987905946462073872e-02 1.766243789940149383e-02 2.277538508430412487e-02 2.277978533203182596e-02 1.987909025985684641e-02 1.593516539079295816e-02 1.347065896690306103e-02 1.347275077821090579e-02 1.456988052024465845e-02 1.593657928318421499e-02 1.457202516629693516e-02 1.593487886038066209e-02 1.987977033375645103e-02 1.593609435928420789e-02 1.187646075350539711e-02 1.987446656289643121e-02 3.228491758037763809e-02 2.277967591774696446e-02 2.278040174604040874e-02 1.766203757879902803e-02 1.456952798371109227e-02 1.456741129703571259e-02 2.278728442747960867e-02 2.671280362023069344e-02 1.187697074400533015e-02 1.258879826078058116e-02 1.766118229630857933e-02 1.987675438801464120e-02 1.987763563403299044e-02 1.766329738889435216e-02 1.347139568024087984e-02 2.278128945942489020e-02 1.987517296578281134e-02 1.766325302994495999e-02 1.593489018275575861e-02 1.187842036757384701e-02 1.593455431838188344e-02 2.671449851680689561e-02
2.630092070712485713e-02 2.966501973772458015e-02 2.768949812255225990e-02 2.729563830485212672e-02 2.729589307298358261e-02 3.955059006525214055e-02 2.697623257883936115e-02 2.729568048432243210e-02 2.768997745964608265e-02 2.670890937763615441e-02 0.000000000000000000e+00 2.729549043568452529e-02 3.083198601601073313e-02 2.729623766730763373e-02 2.882040551611217763e-02 2.966564636279195658e-02 2.818447798877840929e-02 3.253377142507354880e-02 2.818431273812691332e-02 2.729561362446860512e-02 2.882282429091186787e-02 2.697517069007757118e-02 2.768737304042693040e-02 3.955993001030504858e-02 2.729635787086526211e-02 2.729673774080822873e-02 2.966453122583432092e-02 3.253159729236052705e-02 2.588125345292407314e-02 2.818365781491784586e-02 2.769000174131521289e-02 2.671062261024883394e-02 2.882190431804780573e-02 2.818440947558463819e-02 2.697572402229398564e-02 2.882103806244196847e-02 2.630136591788172912e-02 2.769041955011811162e-02 2.818510168157979320e-02 4.695782294262547396e-02 2.768967194291965112e-02 2.697559144905734355e-02 3.253321413278140867e-02 2.882050609116880782e-02 3.083181436847588427e-02 3.253269525964208597e-02 3.253234130122350382e-02 2.600184806332730275e-02 2.600139475422492963e-02 3.518439603121869402e-02 2.671044805084523202e-02 2.882180481961453891e-02 2.818379953210963310e-02 2.729626601972532512e-02 3.083291967376077317e-02 2.966416188214084440e-02 2.818441877434410547e-02 2.729651045413842084e-02 2.882012212233724113e-02 2.818388179213971584e-02 2.768980468661486755e-02 2.966482100359478513e-02 3.518320670057043659e-02 3.253496641141589985e-02 3.955259377132737397e-02 2.729616609481461814e-02 2.729600316222175957e-02 2.577638874189089324e-02 3.518491815335560852e-02 3.253482078058254207e-02 3.518812207949250509e-02 3.518483392590904257e-02 2.769164995960695860e-02 2.768767906969854531e-02 2.568432871870224982e-02 2.966551908994075060e-02 2.630120193828796790e-02 2.966372536532475845e-02 2.729623442601208580e-02 6.024104920775748967e-02 2.671059677259430415e-02 3.083249335872833771e-02 2.588151595148799680e-02 3.253339882118373716e-02 2.881978270818092575e-02 2.818432637044814698e-02 2.882137658573349914e-02 2.818475134862227088e-02 2.769021410068958980e-02 3.955050608636555276e-02 3.083326486517749820e-02 2.966482396553309780e-02 3.253040838225681325e-02 3.253314651096158444e-02 3.083328815807394666e-02 2.882041083304099152e-02 2.768944064299675920e-02 2.769037572260475005e-02 2.818569942015066235e-02 2.881676112050792285e-02 2.818658203765939813e-02 2.882027424305773355e-02 3.083366215789414694e-02 2.882085125263515041e-02 2.697354142804431545e-02 3.083074043492981323e-02 3.955288202379705909e-02 3.253307851169462417e-02 3.253352798968069809e-02 2.966462212766253492e-02 2.818198329435765009e-02 2.818457745872813419e-02 3.253781209255904999e-02 3.518362860468326331e-02 2.697559371198584438e-02 2.729552605405138541e-02 2.966419079142978629e-02 3.083200004721270773e-02 3.083248614288641720e-02 2.966525612961865010e-02 2.768977060392109960e-02 3.253408255429739160e-02 3.083191073351880876e-02 2.966523481958964134e-02 2.882028090606246137e-02 2.697613916758520927e-02 2.882012124122619937e-02 3.518485441214441733e-02
1.185986959490172889e-02 1.843292453654437821e-02 1.449343195150399818e-02 1.370565297658179506e-02 1.370615540513075471e-02 3.281787808261862199e-02 1.308567380107538043e-02 1.370573606585073247e-02 1.449441073968594194e-02 1.258871770072200226e-02 2.729549043568452529e-02 0.000000000000000000e+00 2.057788033325671020e-02 1.370684715466979377e-02 1.678059790804247581e-02 1.843412263903305981e-02 1.549870782615802960e-02 2.342036611692230319e-02 1.549837153981063753e-02 1.370560468523608112e-02 1.678546111294055773e-02 1.308363265118086052e-02 1.449516169122345467e-02 3.282900508754957314e-02 1.370707532234854975e-02 1.370783533754007383e-02 1.843199241095873353e-02 2.341693267585461674e-02 1.116427501052747254e-02 1.549703965815419152e-02 1.449445091710563002e-02 1.258839838749717562e-02 1.678509526467463972e-02 1.549856917364241145e-02 1.308469697470329707e-02 1.678336503192798951e-02 1.186064035679615727e-02 1.449529658481915791e-02 1.549998371182139192e-02 4.120007265303592819e-02 1.449378405256502439e-02 1.308348042633223317e-02 2.341948445808184412e-02 1.678230277274977977e-02 2.057757783040736407e-02 2.341866813634355463e-02 2.341810666243254388e-02 1.135869982464402309e-02 1.135847507687907931e-02 2.729852801827958864e-02 1.258807740623877312e-02 1.678489750299830968e-02 1.549732899765350787e-02 1.370689185744719367e-02 2.057953116718524642e-02 1.843128705949391086e-02 1.549724215922109946e-02 1.370738561345732215e-02 1.678153459246049459e-02 1.549614857292477485e-02 1.449405201362016088e-02 1.843255011639530205e-02 2.729690486098985958e-02 2.342225209567003197e-02 3.282026607047843630e-02 1.370561969002706028e-02 1.370530972495956346e-02 1.099905137139999337e-02 2.729924178483751629e-02 2.342202105197378412e-02 2.730361175525163747e-02 2.729912542063663711e-02 1.449802146439457644e-02 1.449578284377211687e-02 1.085612916499577307e-02 1.843387791347798552e-02 1.186037920924351910e-02 1.843045332914519663e-02 1.370683166864225012e-02 5.527951700258221940e-02 1.258835400296996754e-02 2.057877745328008656e-02 1.116517360894447343e-02 2.341977746637175992e-02 1.678085784498312832e-02 1.549839926528634969e-02 1.678404119401395028e-02 1.549926397353341631e-02 1.449489023401328257e-02 3.281777776766175297e-02 2.058015313766015444e-02 1.843255008479524962e-02 2.341505429032390145e-02 2.341937806264203850e-02 2.058018256893572387e-02 1.678211255870655852e-02 1.449211018200906656e-02 1.449520824641383800e-02 1.550120169720562747e-02 1.678195029132736535e-02 1.550321124309055401e-02 1.678184148498663639e-02 2.058084474101145103e-02 1.678299253420799733e-02 1.308371341774349633e-02 2.057567836303580283e-02 3.282060825000352594e-02 2.341927065975209568e-02 2.341998376256067618e-02 1.843048135615339353e-02 1.550087532726670582e-02 1.549891704246567255e-02 2.342674674534161311e-02 2.729748088582033272e-02 1.308444132111200899e-02 1.370543271604142757e-02 1.843134140391209860e-02 2.057790680673930381e-02 2.057876535909320542e-02 1.843337809972514507e-02 1.449398176415793958e-02 2.342085512527215807e-02 2.057774851830212678e-02 1.843333499392499353e-02 1.678185196265711068e-02 1.308568056134226838e-02 1.678153414223340287e-02 2.729915527831014085e-02
