0.000000000000000000e+00 1.054727098746594503e-02 1.005387598693663863e-02 1.051084860232273134e-02 1.054761809706220889e-02 9.406968740704058779e-03 1.079830982974744856e-02 1.079730377303550308e-02 1.005407583144589216e-02 1.114869722037276772e-02 1.029731705988989714e-02 1.005437615831611051e-02 9.864186815715407161e-03 9.714840703121800994e-03 9.691900025321853809e-03 1.051479821445894941e-02 1.051361830979200516e-02 1.080276268798382663e-02 1.079298654508467105e-02 1.008145123064438722e-02 1.054238782843660606e-02 9.691062700582347630e-03 9.176312884164117625e-03 1.115413913319657224e-02 1.246955379684664723e-02 9.692197706743784641e-03 1.004577125155961884e-02 1.054096857328322250e-02 1.079954846181562823e-02 1.051147041249066855e-02 1.079983836839855903e-02 1.192451546531453008e-02 1.084392821646468393e-02 1.008503408090671329e-02 1.116597706634963293e-02 1.155461467792482343e-02 1.116859208149884215e-02 1.155561381542216312e-02 1.055862665878622327e-02 1.031697390259754370e-02 1.116796953728404519e-02 1.118204060752763483e-02 9.893182094788947889e-03 1.008386046725892778e-02 1.055728635438399170e-02 1.084377478214061316e-02 1.084692641199725208e-02 1.116771258423172181e-02 1.054932878462680641e-02 1.031367463190752121e-02 9.896408033274803687e-03 1.030541478740798836e-02 9.896385751103548012e-03 1.451852995062485711e-02 9.900575395458454178e-03 1.083969564022111559e-02 1.306728305080522880e-02 1.031160748146244151e-02 1.056353947815727098e-02 1.156399639141716604e-02 1.055346898508591376e-02 9.727292750091442314e-03 1.083890497525442920e-02 1.009122407955873220e-02 1.008627997317041065e-02 1.055417167583675569e-02 1.055881859179359610e-02 1.155190285287234324e-02 1.249043610297646476e-02 1.056297819384204202e-02 9.436979840280851697e-03 1.084404889148154506e-02 1.030534658263245959e-02 1.009010098287868931e-02 1.008890303916590292e-02 1.307414380546905244e-02 1.056117523781262627e-02 1.154672872360346277e-02 1.056230114661543297e-02 1.084390657232164358e-02 1.117876438590370211e-02 1.117668097916093249e-02 1.055525374642133848e-02 1.116881177076333234e-02 9.898983238650297528e-03 1.056344946358070240e-02 1.084072221589888786e-02 1.083984205473138319e-02 1.155516991701459155e-02 1.031160513528062150e-02 1.117877426835061673e-02 1.031002809186691918e-02 1.031243943454974825e-02 1.154752325238816643e-02 1.009020821849664594e-02 1.117831898121207125e-02 1.056535060754511604e-02 1.030969437318719067e-02 1.085809776698055951e-02 1.200184890199268439e-02 1.117464872464331641e-02 1.085186476805682920e-02 1.009408651618242184e-02 1.057037507014397561e-02 1.249871128198721572e-02 1.118449680474399230e-02 1.117842240752616942e-02 1.249300036922132082e-02 1.009503194416625817e-02 1.031398775027009447e-02 9.897789670406154788e-03 1.198907498823561200e-02 1.056821074071750619e-02 1.031432871144943517e-02 1.085112506732193761e-02 1.156501670431509324e-02 1.199532453573188759e-02 1.056657802592258014e-02 1.199538620352344834e-02 1.154763636435959112e-02 1.199910655455446729e-02 1.155633200043441715e-02 1.009506658751922227e-02 1.056366925543878246e-02 1.009485950801891456e-02 9.580086396306386823e-03 1.117700232807415477e-02 1.009753175826864219e-02
1.054727098746594503e-02 0.000000000000000000e+00 9.348755765926811817e-03 9.879545805969032826e-03 9.886899434846510570e-03 8.635734244334520443e-03 1.016892719934729683e-02 1.016778898488877522e-02 9.348855931412729595e-03 1.051404636512069668e-02 9.586851077734480711e-03 9.349336057065626288e-03 9.139403106155219100e-03 8.969929039267198617e-03 8.949004681943708087e-03 9.883887296603001762e-03 9.856315643719021705e-03 1.017357920655314642e-02 1.019108645781785505e-02 9.350537117104734675e-03 9.855178367154968783e-03 8.948248223530222770e-03 8.398341709444201442e-03 1.054953139242971981e-02 1.192043805028799794e-02 8.949497031673666128e-03 9.339837568266246698e-03 9.853231770367587919e-03 1.017016759211585020e-02 9.853775261593769597e-03 1.017061565282194324e-02 1.138621882849659775e-02 1.021173087605870868e-02 9.377665945515071058e-03 1.056234519377489446e-02 1.098221660674902206e-02 1.056532165752899904e-02 1.098331464176275328e-02 9.899208561740110643e-03 9.633269725705077488e-03 1.056464823823717071e-02 1.057992989931630032e-02 9.166314384962296474e-03 9.376387271959480893e-03 9.897606383304557998e-03 1.021157070956983486e-02 1.021501213946999706e-02 1.056444777152036434e-02 9.888857200300993702e-03 9.629634311500011312e-03 9.169834088509149633e-03 9.620508697849243507e-03 9.169788332121855956e-03 1.408769708750327518e-02 9.174420877769699778e-03 1.020709839540046363e-02 1.258320812370864426e-02 9.627366857001986786e-03 9.904475127405061585e-03 1.099230339659874184e-02 9.893424741669159736e-03 8.983628626815386500e-03 1.020623394378442593e-02 9.384637673259291560e-03 9.379053706007172905e-03 9.894165412681798361e-03 9.899277246166781133e-03 1.097931811674603478e-02 1.197786853365652611e-02 9.903857035748694221e-03 8.664671336639345398e-03 1.021186250741011603e-02 9.620430936224095772e-03 9.383259566112934005e-03 9.381996013280855667e-03 1.259037592001889180e-02 9.901938754709998375e-03 1.097373118399037201e-02 9.903112386486771779e-03 1.021170235610247348e-02 1.057636720054567180e-02 1.057400302153539348e-02 9.895355995728044932e-03 1.056556121448769432e-02 9.172653656992367857e-03 9.904374048921580839e-03 1.020823994234867915e-02 1.020725695011812616e-02 1.098280893851267051e-02 9.627332525945575883e-03 1.057637683999366335e-02 9.625613131762690913e-03 9.628168252982273467e-03 1.097458600765223100e-02 9.383377921653102832e-03 1.057588094873974580e-02 9.906465934527805550e-03 9.625242454803712919e-03 1.022723028558372889e-02 1.146047267704615631e-02 1.057192047763142774e-02 1.022041301772182859e-02 9.387780275127675933e-03 9.911990946889564016e-03 1.198659346639015938e-02 1.058258886763993947e-02 1.057599580018816349e-02 1.198059920709629474e-02 9.388624280732215180e-03 9.629967051806844966e-03 9.171335047287889827e-03 1.144690586014609525e-02 9.909610973440249534e-03 9.630373084162086386e-03 1.021960489952753598e-02 1.099339805163802516e-02 1.145355031285971020e-02 9.907815679636966869e-03 1.145359300496899026e-02 1.097470835731288383e-02 1.145755361862326599e-02 1.098407984114842945e-02 9.388675803877434209e-03 9.904615043094817939e-03 9.388526607588805126e-03 8.821790598601823852e-03 1.057447368429689956e-02 9.391466566537840302e-03
1.005387598693663863e-02 9.348755765926811817e-03 0.000000000000000000e+00 9.364191051917075681e-03 9.372073862348709664e-03 8.009664031454769018e-03 9.681486542970511866e-03 9.680148093468265644e-03 8.791952412573262460e-03 1.005013626596570377e-02 9.073714461549564278e-03 8.792446509572011959e-03 8.581883508900892132e-03 8.354385684552554162e-03 8.353587088932813362e-03 9.345618780402265360e-03 9.344042598930320589e-03 9.686794816959456988e-03 9.675098622786796124e-03 8.793838014437161538e-03 9.366361219574655464e-03 8.352590789492226817e-03 7.732706121397652996e-03 1.005659984628472225e-02 1.152735102403447051e-02 8.354025855533063830e-03 8.782046212653197084e-03 9.341063352070268916e-03 9.707272379626175410e-03 9.341541639173528422e-03 9.683177420884050979e-03 1.097043487669666431e-02 9.721446641171952244e-03 8.818632460586992017e-03 1.009559892795687010e-02 1.053976573236003848e-02 1.009873437884180152e-02 1.054094197606347469e-02 9.385130961871926067e-03 9.097125339830780880e-03 1.009801871846833544e-02 1.011425995066049001e-02 8.587531741820784298e-03 8.817251130497581399e-03 9.383507287193566804e-03 9.721276863695189202e-03 9.724963660514373762e-03 1.009775720200422819e-02 9.374056478503775200e-03 9.093172733061552493e-03 8.591441138427967014e-03 9.083228685381089171e-03 8.591368096731671553e-03 1.374952591456633441e-02 8.596461435864575021e-03 9.716478414195225607e-03 1.220638053844363101e-02 9.090717325644998709e-03 9.390926049080556420e-03 1.055039216626409669e-02 9.379011295142403171e-03 8.387505908950499897e-03 9.715551535815825090e-03 8.826286458139607008e-03 8.820163139197220378e-03 9.379781709097655823e-03 9.385307057060188890e-03 1.053680817716572127e-02 1.158020496591216641e-02 9.390259508877415659e-03 8.038151809990401464e-03 9.721588233006598148e-03 9.083144958556544496e-03 8.824751360031505079e-03 8.823330639018779620e-03 1.221377334504409294e-02 9.388139267331351706e-03 1.053082633393477748e-02 9.389454457837289117e-03 9.721414091679455097e-03 1.011047542194293096e-02 1.010807292761333083e-02 9.381068347043242453e-03 1.009899075308005184e-02 8.594512181000943732e-03 9.390817798717903536e-03 9.717720546003848908e-03 9.716648963305582476e-03 1.054039135563161061e-02 9.090654116910262816e-03 1.011048495653273267e-02 9.088802664093544037e-03 9.091664970321440553e-03 1.053172721859454812e-02 8.824880522885629117e-03 1.010995696562486459e-02 9.393079533679302498e-03 9.088461591819496990e-03 9.738060951201587753e-03 1.104147905816266033e-02 1.010584144284892849e-02 9.730754731338992283e-03 8.829599639682385662e-03 9.399048999591222420e-03 1.158925799191157756e-02 1.011708537162406100e-02 1.011008071969005453e-02 1.158305914806661077e-02 8.830646084361803289e-03 9.093525753290932975e-03 8.593063085569572004e-03 1.102732409570374682e-02 9.396476431134528212e-03 9.093996274732734850e-03 9.729889696692741938e-03 1.055154582818785061e-02 1.103426229006386830e-02 9.394537147136549152e-03 1.103429006286789013e-02 1.053185638874664341e-02 1.103842899467014256e-02 1.054174404592405322e-02 8.830781706505650211e-03 9.391077958747775026e-03 8.830586093899648117e-03 8.210178636555615778e-03 1.010847806141422327e-02 8.833728333197839871e-03
1.051084860232273134e-02 9.879545805969032826e-03 9.364191051917075681e-03 0.000000000000000000e+00 9.852896447683412787e-03 8.626747003642036907e-03 1.016191905520261000e-02 1.018886145574022031e-02 9.364140194323659558e-03 1.050717297607973826e-02 9.579067488782323780e-03 9.341345592925612284e-03 9.131301240916045447e-03 8.941233750668894920e-03 8.940468759429349294e-03 9.850172618956066009e-03 9.848723266941828217e-03 1.016710307847224284e-02 1.018400578483138336e-02 9.366074840978025340e-03 9.847602495478734869e-03 8.939608199942779276e-03 8.373598309706490814e-03 1.051316897429925568e-02 1.195096653482484450e-02 8.941031327522663830e-03 9.331569909798373419e-03 9.845685443409808724e-03 1.016326479147233730e-02 9.872882474700651542e-03 1.016343980050236386e-02 1.141417201442178689e-02 1.020446588913765697e-02 9.369456234388728877e-03 1.055541893074010348e-02 1.097574692991834695e-02 1.055849527331042224e-02 1.097694700588056418e-02 9.891608603839146738e-03 9.625445368414361352e-03 1.055772509202036746e-02 1.057311524066074579e-02 9.157805893877784056e-03 9.368175561827585610e-03 9.890003073033904954e-03 1.020430343415727054e-02 1.020784022761999678e-02 1.055746516349993259e-02 9.881330587280251140e-03 9.621805394492448024e-03 9.161372474435791960e-03 9.612588043542182048e-03 9.161327642441133637e-03 1.408268321647692875e-02 9.165965248327575393e-03 1.019982754482123312e-02 1.257761948679713727e-02 9.619455259776824030e-03 9.896880596447443779e-03 1.098562409611012446e-02 9.885987405330481578e-03 8.974943238495883616e-03 1.019905212936387390e-02 9.353169522725636800e-03 9.370927197259642030e-03 9.886649459486850436e-03 9.891767467952396545e-03 1.097285206728933898e-02 1.197208037125974123e-02 9.896352105710643984e-03 8.655673413717800482e-03 1.020469263364229967e-02 9.612595951475087774e-03 9.375137771206028259e-03 9.373826956357092510e-03 1.258490604788904330e-02 9.894379572107602633e-03 1.096716177176969981e-02 9.895606754639522246e-03 1.020453057456963304e-02 1.056955497193268721e-02 1.056718847058826967e-02 9.887840983690882393e-03 1.055873841701100192e-02 9.164273186561397097e-03 9.896869330887000937e-03 1.020106669878130361e-02 1.020008126344458706e-02 1.097634582909079275e-02 9.619505891771245806e-03 1.056956411250073967e-02 9.617785544608912010e-03 9.620343802864975841e-03 1.096811631613715809e-02 9.375256438551721194e-03 1.056906761238973411e-02 9.898964874575663306e-03 9.617415180187296325e-03 1.022007674311307263e-02 1.145436252519702915e-02 1.056510545877786984e-02 1.021325234504263414e-02 9.379665024201641263e-03 9.904496204783163130e-03 1.198081055208811800e-02 1.057578262380855921e-02 1.056918344473884407e-02 1.197481356197941521e-02 9.380510180729110387e-03 9.622144575903849792e-03 9.162953363154322309e-03 1.144078634118157224e-02 9.902113479857378373e-03 9.622552376889416739e-03 1.021244340059454352e-02 1.098694420148845982e-02 1.144743617738331123e-02 9.900315968685888257e-03 1.144747817608187182e-02 1.096823948343657665e-02 1.145144148756671761e-02 1.097761871775999182e-02 9.380561709700460660e-03 9.897111834261772614e-03 9.380413142622924527e-03 8.812981632517593103e-03 1.056765999447618204e-02 9.383355885529081827e-03
1.054761809706220889e-02 9.886899434846510570e-03 9.372073862348709664e-03 9.852896447683412787e-03 0.000000000000000000e+00 8.653564469249020591e-03 1.016902069164784053e-02 1.016803190868969392e-02 9.371979812758276379e-03 1.051376030633333590e-02 9.586712275863449109e-03 9.349474355766907233e-03 9.139434056914121085e-03 8.949660819212367988e-03 8.949024147588552358e-03 9.857386454584083149e-03 9.882400170343403831e-03 1.017409140953766042e-02 1.016311598304110893e-02 9.350732746593490644e-03 9.855200171541293047e-03 8.948227184215900784e-03 8.382765150038717916e-03 1.051998985547644011e-02 1.192079496432841418e-02 8.949740194673047947e-03 9.339786123404672860e-03 9.852983408833409021e-03 1.019822176601362790e-02 9.880156657019387861e-03 1.017065946364129579e-02 1.142003835052256104e-02 1.021168148874411138e-02 9.377477590753786549e-03 1.056229746370358595e-02 1.098200503881885566e-02 1.056511633983732434e-02 1.098336731244035046e-02 9.898892352947701728e-03 9.633211655144030203e-03 1.056443938279403791e-02 1.057987934023063917e-02 9.166210103463214715e-03 9.376331205645720840e-03 9.897551372389618365e-03 1.021136541654637381e-02 1.021480590257689558e-02 1.056418040529523601e-02 9.888804423930858470e-03 9.629578472392865893e-03 9.169736108653776460e-03 9.620312073237885162e-03 9.169603236654678621e-03 1.408747026923310060e-02 9.174359404285984884e-03 1.020689379231361563e-02 1.258299040146608483e-02 9.627370366754987169e-03 9.904423050699528649e-03 1.096012464190978565e-02 9.893392444172964886e-03 8.983450706000848524e-03 1.020602780459516773e-02 9.384352307676403770e-03 9.379004923465677004e-03 9.894120840351130000e-03 9.899231398065182902e-03 1.097911358111336791e-02 1.197783586342091901e-02 9.903811557046530642e-03 8.664616492122242247e-03 1.021182043184133519e-02 9.620383990814922875e-03 9.383210720392894111e-03 9.381900005181808416e-03 1.259034509630600068e-02 9.901840944038089315e-03 1.097369227201098682e-02 9.903067069174766382e-03 1.021165840302375172e-02 1.057632682427015781e-02 1.057396311777042755e-02 9.895311123074113785e-03 1.056552074338516951e-02 9.172602951239281974e-03 9.904329383699833969e-03 1.020819809344828723e-02 1.020721447611436759e-02 1.098277093666766117e-02 9.627284926819549768e-03 1.057633639167319430e-02 9.625565860634285181e-03 9.628120630932882756e-03 1.097454801251091308e-02 9.383327884590305853e-03 1.057583966156439362e-02 9.906423312559519204e-03 9.625197385608139436e-03 1.022718951747255203e-02 1.146043921047996961e-02 1.057188146267949540e-02 1.022037247782664644e-02 9.387629176808536327e-03 9.911948053030408476e-03 1.198656133622201005e-02 1.058255053913194008e-02 1.057595744178140527e-02 1.198056849681196183e-02 9.388630017370154165e-03 9.629921480472323006e-03 9.171285247154025919e-03 1.144699423030333917e-02 9.909566443706946046e-03 9.630328321476141346e-03 1.021956472251806490e-02 1.099336146461345719e-02 1.145351771510546429e-02 9.907771363686803875e-03 1.145355943847680032e-02 1.097467232376254584e-02 1.145751933774006442e-02 1.098411468958179066e-02 9.388720053107776561e-03 9.904571718146614259e-03 9.388479552722931581e-03 8.821738649417395703e-03 1.057443517330939817e-02 9.391419301850138443e-03
9.406968740704058779e-03 8.635734244334520443e-03 8.009664031454769018e-03 8.626747003642036907e-03 8.653564469249020591e-03 0.000000000000000000e+00 9.002102942012014941e-03 9.000709781486326139e-03 8.025904626432635303e-03 9.402939330469950799e-03 8.320690218301564703e-03 8.010240316927720247e-03 7.746380451374492229e-03 7.505038516247378513e-03 7.504066590686558035e-03 8.632240391072437680e-03 8.630428400553500842e-03 9.008023185723626133e-03 8.995121978332664900e-03 8.028221086964965059e-03 8.629249145634391993e-03 7.502881128090725833e-03 6.773054236279277968e-03 9.409892324645372647e-03 1.099554059514910344e-02 7.504617463248733529e-03 7.998247985939769059e-03 8.626915590540951834e-03 9.003582958416295537e-03 8.627715976794186545e-03 9.004017069270706802e-03 1.038631355810794299e-02 9.037039185921552642e-03 8.032065851843853826e-03 9.443160609567116323e-03 9.919490971750113961e-03 9.446569420714192797e-03 9.920839289586546456e-03 8.667457052756224675e-03 8.346557140208729283e-03 9.445797317527789352e-03 9.463243476525167938e-03 7.767728337746139869e-03 8.030517929800832719e-03 8.665557986030731838e-03 9.036852828416973640e-03 9.040881147409586885e-03 9.445529636523977007e-03 8.655115843859037886e-03 8.342122733121298470e-03 7.772245858758841490e-03 8.330955162966651589e-03 7.772183785582525463e-03 1.326421508299189048e-02 7.778007574009741625e-03 9.031678556490105314e-03 1.167116409223054561e-02 8.322422670560549254e-03 8.673834446536896059e-03 9.930895473496651957e-03 8.660635240036830551e-03 7.536515039356244533e-03 9.030600818826898385e-03 8.040747870782381096e-03 8.033896404245352910e-03 8.661500036208165734e-03 8.667616347267158988e-03 9.916357059334223942e-03 1.101819572093056150e-02 8.673100652118433465e-03 7.127919765661931348e-03 9.037263927083722531e-03 8.330927947309274550e-03 8.039099398548382736e-03 8.037499680960475540e-03 1.167892377688422439e-02 8.670770484946634452e-03 9.910032227535814017e-03 8.672209581971249137e-03 9.037007663348578870e-03 9.459235209092940744e-03 9.456645876333956424e-03 8.662925662930226478e-03 9.446848043522092925e-03 7.775813713037837450e-03 8.673718427896236205e-03 9.033061866972370846e-03 9.031868691284387560e-03 9.920234198178367810e-03 8.339357924573204822e-03 9.459245631325800471e-03 8.337304300359260276e-03 8.340495097424191831e-03 9.910993470803524524e-03 8.039245783570030460e-03 9.458676700306480403e-03 8.676050366885162263e-03 8.336679208907364982e-03 9.055180170753018842e-03 1.045175584234978028e-02 9.454172728414757601e-03 9.047101771273716869e-03 8.044483286386253096e-03 8.682655835436073680e-03 1.102748756913929547e-02 9.466292201594322248e-03 9.458634250306184252e-03 1.102102968425732084e-02 8.029611411207423013e-03 8.342513372662660465e-03 7.773970609744507328e-03 1.043695499092651448e-02 8.679968878309303471e-03 8.342998447038259616e-03 9.046156379339902881e-03 9.931950744662113376e-03 1.044409735233081671e-02 8.677822909424870446e-03 1.044410109754747955e-02 9.911060102013827255e-03 1.044857686292339008e-02 9.900959095902776147e-03 8.045826775709431430e-03 8.673936664879523112e-03 8.045523176231781509e-03 7.329654409429908063e-03 9.457097123980703554e-03 8.049148380399240646e-03
1.079830982974744856e-02 1.016892719934729683e-02 9.681486542970511866e-03 1.016191905520261000e-02 1.016902069164784053e-02 9.002102942012014941e-03 0.000000000000000000e+00 1.046275328616300994e-02 9.681526887001202716e-03 1.082700690961717165e-02 9.934452112072294019e-03 9.681879215355968307e-03 9.481831345272992081e-03 9.301477294984825464e-03 9.321960392757389774e-03 1.016587488051408708e-02 1.016476287784070023e-02 1.046842662708011122e-02 1.048820905014329931e-02 9.683261000541327698e-03 1.016398220295230102e-02 9.321285153642810614e-03 8.760425818006322904e-03 1.083279790031123173e-02 1.215762139732269424e-02 9.322467136864439133e-03 9.697168012119743510e-03 1.016208807245279865e-02 1.046503544532574430e-02 1.019055896620331240e-02 1.046516492501181617e-02 1.167424097487890743e-02 1.050804346594484857e-02 9.711282369904029182e-03 1.084497015418016581e-02 1.124996547187980152e-02 1.084770073238009239e-02 1.125101834927380758e-02 1.020891864946455764e-02 9.954990196957523574e-03 1.084705146732537970e-02 1.086175629929579493e-02 9.509786110826600608e-03 9.710123046655971812e-03 1.020738471308981973e-02 1.050788720851858135e-02 1.051118678817231610e-02 1.084679386152073884e-02 1.019910117608541396e-02 9.951523115729627583e-03 9.513176646332393779e-03 9.942830830170593451e-03 9.513144274793819063e-03 1.428993734816673584e-02 9.517551440441427216e-03 1.050360424518915169e-02 1.280993236364359918e-02 9.949356423036419608e-03 1.021394941896855424e-02 1.125959354645245450e-02 1.020355514136308400e-02 9.335670047460149432e-03 1.050277597412397311e-02 9.717890407063599703e-03 9.712664445635586785e-03 1.020410422082071271e-02 1.020898529666102415e-02 1.124715392126479641e-02 1.221774177655585332e-02 1.021335833355178392e-02 9.031385383857315138e-03 1.050816965764577587e-02 9.942757944257094374e-03 9.716609657076727413e-03 9.715356104361973569e-03 1.281695948035284360e-02 1.021146960072475025e-02 1.124176228646050525e-02 1.021264729239634850e-02 1.050801764541202388e-02 1.085832999992449553e-02 1.085615436180664521e-02 1.020524120899080588e-02 1.084793092827698174e-02 9.515873476051798022e-03 1.021385330513977473e-02 1.050477060071082665e-02 1.050375754712314959e-02 1.125054103553923754e-02 9.949337902511271384e-03 1.085834029257514918e-02 9.947759886037689861e-03 9.950217537514342847e-03 1.124258902929114144e-02 9.716722033729426056e-03 1.085786282013540861e-02 1.021574421998928082e-02 9.947237383785436857e-03 1.052278366375389296e-02 1.171358066532106335e-02 1.085403363890341533e-02 1.051625082942863297e-02 9.720821118351723536e-03 1.022102158188556605e-02 1.222625068130088130e-02 1.086419862934110379e-02 1.085796394516736103e-02 1.222038853345892156e-02 9.721610667221573451e-03 9.951745604005661147e-03 9.514529830893202200e-03 1.170050352669379200e-02 1.021874866664497505e-02 9.925868220872524281e-03 1.051547655627692833e-02 1.126065682090607659e-02 1.170693671345209019e-02 1.021703437927620230e-02 1.170689364904984285e-02 1.124269979362079418e-02 1.171074395191790303e-02 1.125163814249428851e-02 9.721832412554812924e-03 1.021397768704296154e-02 9.721612680306603721e-03 9.181296025680275863e-03 1.085646550221523385e-02 9.724329072803399032e-03
1.079730377303550308e-02 1.016778898488877522e-02 9.680148093468265644e-03 1.018886145574022031e-02 1.016803190868969392e-02 9.000709781486326139e-03 1.046275328616300994e-02 0.000000000000000000e+00 9.680147687369473897e-03 1.079362608300910888e-02 9.906921575424623705e-03 9.680478663555270799e-03 9.480849537115859996e-03 9.300190806319549169e-03 9.320803258063241684e-03 1.016519778477560122e-02 1.019216035784151729e-02 1.046747405378313858e-02 1.048724568962344783e-02 9.681924282744515040e-03 1.019074597513310552e-02 9.319747754817054100e-03 8.759149737725693829e-03 1.079944676038864342e-02 1.219568736645736638e-02 9.299778829233095248e-03 9.695917741636427695e-03 1.016078386169646554e-02 1.046398145543599167e-02 1.016142746825281738e-02 1.049421960079032282e-02 1.163690662184508999e-02 1.050700385586286062e-02 9.710116836562582635e-03 1.084382712175333864e-02 1.124902608580795327e-02 1.084670886931402359e-02 1.125007721548933193e-02 1.020783363966520571e-02 9.953863375999997057e-03 1.084606013903167618e-02 1.086076735166103570e-02 9.508588587018544994e-03 9.708956427751533336e-03 1.020629852900117179e-02 1.050684693700960209e-02 1.051014698305022602e-02 1.084580233627890217e-02 1.019801418055547686e-02 9.950396035176200735e-03 9.512070557670636306e-03 9.941702908115289741e-03 9.511946921877026395e-03 1.428923228321630524e-02 9.516354836895130759e-03 1.050256399191504438e-02 1.280913854615199285e-02 9.948228942692172519e-03 1.021286423385035953e-02 1.125865539710706013e-02 1.020229456107355631e-02 9.334444530077439309e-03 1.050173522112786591e-02 9.716821342829959351e-03 9.711432445935547914e-03 1.020301690007091068e-02 1.020789992299449625e-02 1.124621376497303947e-02 1.221690004938992373e-02 1.021227291978044245e-02 9.030046062238355001e-03 1.050712922431674447e-02 9.941629126638996602e-03 9.715444468405110001e-03 9.714191116603793086e-03 1.281616527569696615e-02 1.021038494253482566e-02 1.124082087358288691e-02 1.021156208942800535e-02 1.050697741504603988e-02 1.085733938917690829e-02 1.085505256795280503e-02 1.020415456547882002e-02 1.084693885314765883e-02 9.514676054293505145e-03 1.021276750407512819e-02 1.050372945675569734e-02 1.050271701071849723e-02 1.124960019474438404e-02 9.948210151416166797e-03 1.085734895987779981e-02 9.946632109883847203e-03 9.948997064397276796e-03 1.124164734342744491e-02 9.715557155601725614e-03 1.085687220363870144e-02 1.021476676282470804e-02 9.946211289063948066e-03 1.052185998680378078e-02 1.171282170552621731e-02 1.085305067324910874e-02 1.051532565314334568e-02 9.719751659822027309e-03 1.022004533761168739e-02 1.222541832633565473e-02 1.086332945979606376e-02 1.085698203133939749e-02 1.221955389563175731e-02 9.720540366217207337e-03 9.950720166371567268e-03 9.513421186443587335e-03 1.169975588079357788e-02 1.021777179983550388e-02 9.951092365302536408e-03 1.051455012926422183e-02 1.125984251862259186e-02 1.170608273509584664e-02 1.021605590434351493e-02 1.170613413877983310e-02 1.124176694955386288e-02 1.170998402093165885e-02 1.125082105443481716e-02 9.720686184204047064e-03 1.021299949581321379e-02 9.720457385540916956e-03 9.180053894920789034e-03 1.085559328132891695e-02 9.723261622571749765e-03
1.005407583144589216e-02 9.348855931412729595e-03 8.791952412573262460e-03 9.364140194323659558e-03 9.371979812758276379e-03 8.025904626432635303e-03 9.681526887001202716e-03 9.680147687369473897e-03 0.000000000000000000e+00 1.005005311020255518e-02 9.051887410027728564e-03 8.792596792502696892e-03 8.562456835640271796e-03 8.354451714045330393e-03 8.353446044866975201e-03 9.345754896650706328e-03 9.367277758518116615e-03 9.686878366293307646e-03 9.674844088871210890e-03 8.794036614169935262e-03 9.343238950999751408e-03 8.352657565993501509e-03 7.732735929329509310e-03 1.005678528186474373e-02 1.152750972247795422e-02 8.354296508994364656e-03 8.781987266131123862e-03 9.364200719883293209e-03 9.682557797710052150e-03 9.341378584648884001e-03 9.707856849859728549e-03 1.099932925422555594e-02 9.721254516910856486e-03 8.818441453399661345e-03 1.009554644725573630e-02 1.053971447272358981e-02 1.009854400524938176e-02 1.051335589784739913e-02 9.384936992489842020e-03 9.096930065375301994e-03 1.009782796401885972e-02 1.011406499506529305e-02 8.587460322160934967e-03 8.817183729650589219e-03 9.383445613671763386e-03 9.721220374340318326e-03 9.724770450202603264e-03 1.009770462068966881e-02 9.373996244258903793e-03 9.092977693862712429e-03 8.591451730275225657e-03 9.083036581911630922e-03 8.591177866484745254e-03 1.374932830543499664e-02 8.596269582158770975e-03 9.716286654920273588e-03 1.220618623561518790e-02 9.090576629974448861e-03 9.390734522568729148e-03 1.055034166647722017e-02 9.378969619800033367e-03 8.387318312399397527e-03 9.715495093490724918e-03 8.826217996901178711e-03 8.820103343713558627e-03 9.379727191390321156e-03 9.385252828658778926e-03 1.053668713683553367e-02 1.158016670155161826e-02 9.390205968762754471e-03 8.038019131070441373e-03 9.721538526749713346e-03 9.083087666619811540e-03 8.824690624021124322e-03 8.823270074207176239e-03 1.221373694017370039e-02 9.388086463892126449e-03 1.053078252700183001e-02 9.389401187070232913e-03 9.721363876080503508e-03 1.011042833138911697e-02 1.010793722722902813e-02 9.381014920215941660e-03 1.009894397355854193e-02 8.594447959479761118e-03 9.390763628991827261e-03 9.717669957229108438e-03 9.716599464205085204e-03 1.054034731772490567e-02 9.090596235793637486e-03 1.011043824135341926e-02 9.088744850725576085e-03 9.091527786872482392e-03 1.053168343717926156e-02 8.824819270407608870e-03 1.010991033207481876e-02 9.393027970481122521e-03 9.088339812342560373e-03 9.738012635482193660e-03 1.104143994973103698e-02 1.010572025577336462e-02 9.730706539387902823e-03 8.829538543561258127e-03 9.398997375209243096e-03 1.158922153439127453e-02 1.011704019221468936e-02 1.011003500158759276e-02 1.158302340317956571e-02 8.830721858407410835e-03 9.093470513701920610e-03 8.593000126678278922e-03 1.102738978302725964e-02 9.396423428598877844e-03 9.093942038958805624e-03 9.729841284715762609e-03 1.055150345866238265e-02 1.103422407029741419e-02 9.394483917553712177e-03 1.103425072625982203e-02 1.053181394158931618e-02 1.103838915822881114e-02 1.054176289327187106e-02 8.830731933427560590e-03 9.391025735450586609e-03 8.830463829851841959e-03 8.210110844145935075e-03 1.010843288838351312e-02 8.833669557845535980e-03
1.114869722037276772e-02 1.051404636512069668e-02 1.005013626596570377e-02 1.050717297607973826e-02 1.051376030633333590e-02 9.402939330469950799e-03 1.082700690961717165e-02 1.079362608300910888e-02 1.005005311020255518e-02 0.000000000000000000e+00 1.026537305043809245e-02 1.007628855760686268e-02 9.884418352687031339e-03 9.688301173353083481e-03 9.687590587665611749e-03 1.051126754132261990e-02 1.053978869929799410e-02 1.083156847424669202e-02 1.078925756766187759e-02 1.005177397220924536e-02 1.053875020918163159e-02 9.686801419536589589e-03 9.171972488730282397e-03 1.111612775173879963e-02 1.246719665510728076e-02 9.688044502491159615e-03 1.004165437696663901e-02 1.050707413276546522e-02 1.079595994787662522e-02 1.053747071405614945e-02 1.082837758240075277e-02 1.196095273719741635e-02 1.084009930745811166e-02 1.008084541085202228e-02 1.112775604675070654e-02 1.155127328973550548e-02 1.116491681611929757e-02 1.155227445605668847e-02 1.055480527243042067e-02 1.031289411241957492e-02 1.116445316751555131e-02 1.117853022535344326e-02 9.888905125961989021e-03 1.007966885735679663e-02 1.055332228998689947e-02 1.083994847485073541e-02 1.084325155429185193e-02 1.116403544348624696e-02 1.054550212068927628e-02 1.030959280610937653e-02 9.892223791086061577e-03 1.030146264634674604e-02 9.892108997900746561e-03 1.451603597709799978e-02 9.896300411648946069e-03 1.083586557934854491e-02 1.306427340972036825e-02 1.030752742702669561e-02 1.055957821609725469e-02 1.156052417236263022e-02 1.054982633080351305e-02 9.722939645859903640e-03 1.083522673894797735e-02 1.008703726313107257e-02 1.008222089702642994e-02 1.055035387651003138e-02 1.055500340205678227e-02 1.154867235657928287e-02 1.248745427762739009e-02 1.055916601924032985e-02 9.432531649182309547e-03 1.084037918638222631e-02 1.030139939331004353e-02 1.008604336969901039e-02 1.008484592872918063e-02 1.307133436389714375e-02 1.055736254425754944e-02 1.154339159282685018e-02 1.055848828518077959e-02 1.084023624920562277e-02 1.117525901169830541e-02 1.117305708051978021e-02 1.055143585366584771e-02 1.116530212457341083e-02 9.894827575459678309e-03 1.055963534985821135e-02 1.083705042839561844e-02 1.083617010081446182e-02 1.155183658862285641e-02 1.030766120196903272e-02 1.117510800890319546e-02 1.030608361091025528e-02 1.030839972292335593e-02 1.154418698723785885e-02 1.008615095658667825e-02 1.117481405509541080e-02 1.056154202436251389e-02 1.030583406205744929e-02 1.085443883137800387e-02 1.199870023413709269e-02 1.117124333838708482e-02 1.084820216258003574e-02 1.009003233754071638e-02 1.056656919387113751e-02 1.249573472613334756e-02 1.118099739441160041e-02 1.117491921292792893e-02 1.249014786124304222e-02 1.009088049480076632e-02 1.031004850689774474e-02 9.893636304846957497e-03 1.198606470197601491e-02 1.056440325837594216e-02 1.031050785846794951e-02 1.084746302451257763e-02 1.156168947543029235e-02 1.199217417157159848e-02 1.056277012651755422e-02 1.199223332012687958e-02 1.154430218423912503e-02 1.199595539135728250e-02 1.155300340687634431e-02 1.009102340170117511e-02 1.055985952678907547e-02 1.009088234887060842e-02 9.575776811893352281e-03 1.117350028303387525e-02 1.009348100399005445e-02
1.029731705988989714e-02 9.586851077734480711e-03 9.073714461549564278e-03 9.579067488782323780e-03 9.586712275863449109e-03 8.320690218301564703e-03 9.934452112072294019e-03 9.906921575424623705e-03 9.051887410027728564e-03 1.026537305043809245e-02 0.000000000000000000e+00 9.052250951579347837e-03 8.852583363653946172e-03 8.633083192312719298e-03 8.632331408118240623e-03 9.608677323559820793e-03 9.607146659460240323e-03 9.913242156765179891e-03 9.902074116534429968e-03 9.075589900551553693e-03 9.581050119588032862e-03 8.631384017607797790e-03 8.038976987590025144e-03 1.027164511451216823e-02 1.174372229030598049e-02 8.651958025579102596e-03 9.042206644565458848e-03 9.579179615017084301e-03 9.909391239668607909e-03 9.604672465767058465e-03 9.909947086359095769e-03 1.116406000498143015e-02 9.949147936436439008e-03 9.079176285149091405e-03 1.031233820656400103e-02 1.074528656847657630e-02 1.031540023460989809e-02 1.074642812927647031e-02 9.623986123230933443e-03 9.346573486446400902e-03 1.031470477556481816e-02 1.033050342906126698e-02 8.857759016490487566e-03 9.077846605129117480e-03 9.622427173823762045e-03 9.948982754177146393e-03 9.952555049353852684e-03 1.031444511685308818e-02 9.613308726844805793e-03 9.342774745978678005e-03 8.861580264971490040e-03 9.333222377153071320e-03 8.861436874433850294e-03 1.390731839174186302e-02 8.866302959754185364e-03 9.944336116528789890e-03 1.238183415769401191e-02 9.340464513402901500e-03 9.629582138103892283e-03 1.075555369745400704e-02 9.618080089827556189e-03 8.666356646872987526e-03 9.943439447880508819e-03 9.086408571761439221e-03 9.080547895488389615e-03 9.618546433627918682e-03 9.623874635487923712e-03 1.074221629517859572e-02 1.176484210112613282e-02 9.628772508864695892e-03 8.314991495853888206e-03 9.949110144178941947e-03 9.332865116494054938e-03 9.084772268219028224e-03 9.083487503035397523e-03 1.238877237567759422e-02 9.626871932588378436e-03 1.073633646691485137e-02 9.628083819382510580e-03 9.949009069708953865e-03 1.032650732818622859e-02 1.029632048054158165e-02 9.619787119946971929e-03 1.031547121692339558e-02 8.864188541043644190e-03 9.629187686776946933e-03 9.945232029172522067e-03 9.944330692082529663e-03 1.074557341625956633e-02 9.340080053108093180e-03 1.032665052789496357e-02 9.338290496235511842e-03 9.317769380469104190e-03 1.073721455957034852e-02 9.084977528186053211e-03 1.032616591441790077e-02 9.631575484537862816e-03 9.338170339811480841e-03 9.965237932597056925e-03 1.123612583994545999e-02 1.032222023110143314e-02 9.958075710616055842e-03 9.089600785833503935e-03 9.637415551559943422e-03 1.177408253953395045e-02 1.033324581844882392e-02 1.032634339452433159e-02 1.176788079419443037e-02 9.090650608505725441e-03 9.343035556131017508e-03 8.862983959324237729e-03 1.122235571405194067e-02 9.634934048151378230e-03 9.343722940137766733e-03 9.957236632446683083e-03 1.075678754475673134e-02 1.122922029923342259e-02 9.632981498947703128e-03 1.122907997622943875e-02 1.073746538389665738e-02 1.123313656784228655e-02 1.074718269634427140e-02 9.068817431380648067e-03 9.629646760592287455e-03 9.090552756378865798e-03 8.496703189276479454e-03 1.032477954280607013e-02 9.093562416053182704e-03
1.005437615831611051e-02 9.349336057065626288e-03 8.792446509572011959e-03 9.341345592925612284e-03 9.349474355766907233e-03 8.010240316927720247e-03 9.681879215355968307e-03 9.680478663555270799e-03 8.792596792502696892e-03 1.007628855760686268e-02 9.052250951579347837e-03 0.000000000000000000e+00 8.582434185892906867e-03 8.354967743130723226e-03 8.354170172335842817e-03 9.346247873159197958e-03 9.344646119782975061e-03 9.687049694127071453e-03 9.700066721110393864e-03 8.794657579918320825e-03 9.343393094872674137e-03 8.352929447422104831e-03 7.747561839388307156e-03 1.005677174041445625e-02 1.155855684172636851e-02 8.354511283851877995e-03 8.782349843115377919e-03 9.341322926159243908e-03 9.707900484826300844e-03 9.342137004677246795e-03 9.708058736001196065e-03 1.097088599839091821e-02 9.721784682807394634e-03 8.819016529927408213e-03 1.009604361202923010e-02 1.054007190844675340e-02 1.009905645360163924e-02 1.054124970245956527e-02 9.385587460543666494e-03 9.097494608467877886e-03 1.009834090582561843e-02 1.011458195051772625e-02 8.587970616072096441e-03 8.817635400198555601e-03 9.383861492187619072e-03 9.721614799890655398e-03 9.725301387447310777e-03 1.009813068686646158e-02 9.374411484389052335e-03 9.093542356600205559e-03 8.591839994085836638e-03 9.083597437108867009e-03 8.591766186331570646e-03 1.374976385365872522e-02 8.596859641562844614e-03 9.716816675732986575e-03 1.220664449796519078e-02 9.091086585418350907e-03 9.391280019657543068e-03 1.055059701547704336e-02 9.379365565010408870e-03 8.387916747494224973e-03 9.715889662673738922e-03 8.826584646195992714e-03 8.820546795794683911e-03 9.380134347469924402e-03 9.385659340735656025e-03 1.053711454711615640e-02 1.158048162308243645e-02 9.390612236213156244e-03 8.038523523487011227e-03 9.721925449872024366e-03 9.083513131523208647e-03 8.825134137695478387e-03 8.823756548000986910e-03 1.221403640127511486e-02 9.388538874118520713e-03 1.053113238969390075e-02 9.389807368973743934e-03 9.721751913830655942e-03 1.011079631820150510e-02 1.010830477485438923e-02 9.381421125352482765e-03 1.009931253478760574e-02 8.594908838531676448e-03 9.391170100353774669e-03 9.718057992306837825e-03 9.716986581772911469e-03 1.054069708846361135e-02 9.091021881277038669e-03 1.011080689106329603e-02 9.089170867765405254e-03 9.091952523761000216e-03 1.053203350642588354e-02 8.825263571804754445e-03 1.011027858706503059e-02 9.393243179519485120e-03 9.088820003004401474e-03 9.738209938358848364e-03 1.104157688012026919e-02 1.010615780225535693e-02 9.731081049108657177e-03 8.830067203333760023e-03 9.399212352462122527e-03 1.158933759906188854e-02 1.011739797795291676e-02 1.011039106594487612e-02 1.155253063182537336e-02 8.830850248071437855e-03 9.093707739510608484e-03 8.593288763865145757e-03 1.102760736591034720e-02 9.396641958273343337e-03 9.094353023570445407e-03 9.730036882186784628e-03 1.055184294961766453e-02 1.103436210154598238e-02 9.394701608162124920e-03 1.103457243442450102e-02 1.053215387768902112e-02 1.103871156630765148e-02 1.054185776243474031e-02 8.830909799929068799e-03 9.391420691323922737e-03 8.830956946060522506e-03 8.210441505657846070e-03 1.010861099903538618e-02 8.833929203130107266e-03
