0.000000000000000000e+00 1.500295550795106327e-02 1.784003938267848116e-02 1.943468688386156343e-02 1.873129984080410329e-02 2.307962834900055202e-02 2.057685907989098562e-02 2.307962834900055202e-02 2.307962834900055202e-02 1.897989905146672818e-02 2.057648950221782277e-02 2.057648950221782277e-02 1.788012146726890989e-02 1.755778921981712357e-02 2.161793014963051679e-02 1.981789720715015218e-02 1.981789720715015218e-02 2.161793014963051679e-02 2.112485650614174051e-02 1.922577649050567772e-02 2.105938785064915761e-02 1.924672596997270904e-02 2.751369436001566485e-02 1.944800427260641798e-02 2.848094913805506931e-02 2.185698234733562603e-02 2.128112525691019941e-02 2.128112525691019594e-02 1.974545492766959648e-02 2.013227803716011871e-02 1.822539725184744303e-02 1.996123566585122217e-02 1.801496139814609890e-02 1.954329412455744000e-02 1.954329412455744000e-02 1.609304907712216445e-02 1.837174227358022438e-02 1.986168663522212482e-02 1.986168663522212482e-02 1.679706161205853782e-02 1.617685231994848635e-02 1.987926175698014053e-02 1.815127070558513259e-02 1.852403924489766027e-02 1.837945856830907471e-02 1.649750852396825174e-02 1.546625115580448420e-02 1.987926175698013706e-02 2.468787271063531408e-02 1.816138208530056197e-02 2.468787271063532102e-02 2.061888424469324882e-02 1.750217973250945205e-02 2.309973726599662616e-02 2.309973726599662616e-02 2.309973726599662616e-02 2.397686727870930803e-02 2.073018546046384580e-02 1.989123680838076821e-02 1.857921685564157405e-02 2.003014784824782429e-02 1.650564928510832655e-02 2.003014784824782429e-02 2.009377096863606410e-02 2.009377096863606410e-02 1.829775387947582543e-02 2.129718798370748914e-02 2.341254061243981666e-02 2.341254061243981666e-02 2.341254061243981666e-02 2.022369610195950268e-02 2.189537671524667203e-02 2.189537671524667203e-02 2.189537671524667203e-02 1.859639740356482454e-02 2.002896336449223186e-02 2.002896336449223186e-02 1.742949791263395318e-02 1.744337486601728673e-02 1.674565262493490220e-02 1.736269889477213765e-02 4.433401005034357661e-02 4.433401005034358355e-02 4.406816404088700900e-02 1.763310409712359750e-02 1.760011648163405454e-02 1.838888233343071929e-02 1.907305981816033447e-02 2.117498803426546075e-02 2.029293758703439726e-02 2.117498803426546422e-02 1.923340376181109646e-02 1.813675228380804208e-02 1.884503829346149614e-02 1.856764922004598001e-02 1.729280744068954420e-02 1.954704047216697382e-02 1.739238413716314574e-02 2.424123887469186583e-02 2.060401866697055343e-02 1.903813162619362800e-02 2.060401866697054996e-02 2.012711587645373348e-02 2.115928373875650484e-02 2.012711587645373695e-02 2.201333707809442417e-02 2.201333707809442070e-02 2.201333707809442417e-02 1.685152683031244589e-02 1.735103357613128339e-02 2.025723654332641302e-02 2.025723654332640955e-02 1.835188810687299679e-02 1.835188810687299679e-02 1.726954629668240107e-02 2.064992762236299642e-02 2.064992762236299642e-02 2.026180957951680475e-02 1.872393034837843001e-02 1.840182428436360276e-02 3.324474171978232528e-02 3.324474171978232528e-02 1.999271829472057047e-02 1.967789375230499793e-02 2.162196184772896893e-02 2.162196184772896893e-02 2.011538532323017478e-02 1.937175802142828557e-02 1.742008362714191419e-02 2.892798871260253424e-02 2.335640868450738691e-02 2.335640868450738344e-02 2.335640868450738691e-02 2.273491585193629025e-02 3.599154135564168466e-02 2.217350731068679776e-02 2.180828651908762322e-02 2.180828651908761975e-02 3.590839268107676174e-02 3.182299775640256428e-02 3.590839268107675480e-02
1.500295550795106327e-02 0.000000000000000000e+00 1.723960163991706748e-02 2.221956627849317606e-02 2.212199520438442799e-02 1.965611884255574759e-02 1.656489330687893613e-02 1.965611884255574413e-02 1.965611884255574413e-02 1.419806779165335223e-02 1.637367001538752795e-02 1.637367001538752448e-02 1.261252354030138224e-02 1.200478914171088096e-02 1.781747020663814254e-02 1.548595138042407719e-02 1.548595138042407719e-02 1.781747020663814254e-02 1.723919144646342966e-02 1.463443596584539270e-02 1.708949446622554449e-02 1.466470399842182380e-02 2.471948014984015271e-02 1.509214872670892361e-02 2.568794606931675689e-02 1.812868964479408609e-02 1.739793544291499267e-02 1.739793544291499613e-02 1.539380550144559164e-02 1.580279985104276683e-02 1.316015626734739173e-02 1.573374928461749450e-02 1.121700891061951609e-02 1.344747151047921349e-02 1.344747151047921349e-02 8.991311678224636270e-03 1.310666716033878111e-02 1.522185876781408098e-02 1.522185876781408098e-02 1.075155961145232708e-02 9.794103273910630472e-03 1.537924131979399346e-02 1.276539055544083194e-02 1.349202699192250492e-02 1.325121291824802282e-02 1.025459468307771474e-02 8.501227924654249091e-03 1.537924131979398999e-02 2.152150349898761597e-02 1.322091963054745044e-02 2.152150349898761944e-02 1.662012613711833647e-02 1.194112662520482870e-02 1.968044633308289187e-02 1.968044633308289534e-02 1.968044633308289534e-02 2.065614714809387367e-02 1.663443677442930438e-02 1.556380533553698535e-02 1.357509906079657803e-02 1.560899850782875888e-02 1.042474943110146927e-02 1.560899850782875541e-02 1.567486340468722539e-02 1.567486340468722886e-02 1.311627111368887308e-02 1.749563511821536008e-02 2.005625915441046000e-02 2.005625915441046347e-02 2.005625915441046347e-02 1.606577625314364183e-02 1.818067542838053274e-02 1.818067542838053274e-02 1.818067542838053621e-02 1.380990872992862196e-02 1.559660916348083737e-02 1.559660916348083390e-02 1.182088386809656763e-02 1.185882003279195747e-02 9.823108751586562618e-03 1.068517199729573930e-02 4.211841305937160523e-02 4.211841305937161217e-02 4.181101771682552148e-02 1.173356278895908156e-02 1.211590558634116112e-02 1.345466178046237325e-02 1.438322198857615829e-02 1.723313152616525595e-02 1.611503881505177080e-02 1.723313152616525595e-02 1.459936369667614274e-02 1.282525562127173266e-02 1.398893443514144345e-02 1.352431012952707602e-02 1.156642473774067287e-02 1.509350896465115263e-02 1.174077865559945352e-02 2.098381124035928608e-02 1.642258135813444778e-02 1.429689612177378194e-02 1.642258135813444431e-02 1.575602302023696583e-02 1.731928405533691290e-02 1.575602302023696930e-02 1.996281317990322018e-02 1.996281317990322365e-02 1.996281317990322365e-02 1.094725863376334873e-02 1.168709521377434002e-02 1.593730494868911621e-02 1.593730494868911621e-02 1.321019211019513855e-02 1.321019211019513334e-02 1.152405128995618623e-02 1.651932122638166689e-02 1.651932122638167036e-02 1.592701523263909125e-02 1.379295299506983277e-02 1.330064139824678471e-02 3.080014646312472654e-02 3.080014646312473348e-02 1.573156445011068480e-02 1.529304413675480583e-02 1.782340785048938669e-02 1.782340785048938323e-02 1.591029729438962412e-02 1.460982960460986343e-02 1.178592280724620467e-02 2.621386729461089304e-02 1.998894986171024721e-02 1.998894986171024721e-02 1.998894986171024374e-02 1.910058374305523624e-02 3.359013942605003356e-02 1.838328587740465508e-02 1.807132779640642853e-02 1.807132779640642506e-02 3.465017337929505309e-02 3.121387637576570478e-02 3.465017337929505309e-02
1.784003938267848116e-02 1.723960163991706748e-02 0.000000000000000000e+00 2.519829558045222004e-02 2.492713228485130689e-02 2.386925359908436892e-02 2.150595405371745830e-02 2.386925359908436892e-02 2.386925359908436892e-02 2.005725608334502780e-02 2.155142558320881363e-02 2.155142558320881363e-02 1.903017174025400937e-02 1.873781823713923864e-02 2.250351194336872029e-02 2.081506482884184703e-02 2.081506482884184703e-02 2.250351194336872029e-02 2.202656085814018103e-02 2.027413829089540903e-02 2.198836670799263551e-02 2.029344643636641840e-02 2.814179452485710345e-02 2.046648776506150222e-02 2.910741164665381006e-02 2.273284839560346313e-02 2.219550739416744842e-02 2.219550739416744148e-02 2.075276463245404393e-02 2.114471093195739726e-02 1.934847229285797249e-02 2.097635108153873829e-02 1.937731789727298315e-02 2.084746506746743000e-02 2.084746506746743000e-02 1.743320940736152458e-02 1.951722903755390495e-02 2.091552202685638753e-02 2.091552202685638753e-02 1.802482858737308735e-02 1.743027628677355084e-02 2.091161084160617772e-02 1.931505690978021703e-02 1.963865662320571706e-02 1.950739066897901053e-02 1.773998200429065253e-02 1.676185302160380919e-02 2.091161084160617772e-02 2.541654024317479416e-02 1.925775213322330343e-02 2.541654024317479416e-02 2.154500575941332291e-02 1.868358662693623759e-02 2.388828014635482541e-02 2.388828014635482541e-02 2.388828014635482888e-02 2.474628278630850581e-02 2.168554291269762443e-02 2.089057929537688901e-02 1.969040901362062099e-02 2.104872477597165975e-02 1.773474734453744234e-02 2.104872477597166669e-02 2.111061846051296917e-02 2.111061846051296917e-02 1.943235857498949726e-02 2.217753695733590963e-02 2.418535229421213406e-02 2.418535229421213406e-02 2.418535229421213406e-02 2.118702355375330637e-02 2.276000444088908253e-02 2.276000444088907906e-02 2.276000444088908253e-02 1.967190051918498231e-02 2.104926258258164526e-02 2.104926258258164179e-02 1.861418866747708775e-02 1.862594281773625321e-02 1.808947366627173051e-02 1.869953210072565139e-02 4.478203884398661294e-02 4.478203884398661294e-02 4.452205928831949600e-02 1.885273101674863130e-02 1.877130744170514218e-02 1.948818742121188538e-02 2.013779315823655339e-02 2.209496139292580971e-02 2.125817019454616028e-02 2.209496139292581318e-02 2.029152694587345665e-02 1.928787017032010734e-02 1.993424224284336480e-02 1.968447208687467212e-02 1.848993741395815391e-02 2.057099541228678274e-02 1.858189928101255592e-02 2.499470440929517367e-02 2.157503756017024529e-02 2.010919861829763705e-02 2.157503756017024529e-02 2.113782308352278594e-02 2.204872586660258302e-02 2.113782308352278594e-02 1.594044993953615263e-02 1.594044993953614917e-02 1.594044993953614917e-02 1.806538087795201905e-02 1.854308340472901259e-02 2.125659711923510303e-02 2.125659711923510303e-02 1.948354040854930608e-02 1.948354040854930608e-02 1.846859643187455380e-02 2.161360137376841170e-02 2.161360137376841517e-02 2.126330634712218087e-02 1.982392856847322790e-02 1.952595933952531310e-02 3.377175838494011345e-02 3.377175838494012039e-02 2.097607108469490278e-02 2.068601225612321654e-02 2.250742172680586864e-02 2.250742172680587211e-02 2.108752458564620152e-02 2.044784189835809757e-02 1.860811507359823661e-02 2.956026508955148652e-02 2.413176418120693487e-02 2.413176418120693140e-02 2.413176418120693140e-02 2.358963905451722312e-02 3.651114567131825972e-02 2.306630152288755703e-02 2.267957718521339608e-02 2.267957718521339608e-02 3.733960835270652007e-02 3.402016833596448186e-02 3.733960835270652007e-02
1.943468688386156343e-02 2.221956627849317606e-02 2.519829558045222004e-02 0.000000000000000000e+00 1.988238819417174896e-02 2.780490453977372059e-02 2.585200560856637519e-02 2.780490453977372059e-02 2.780490453977372059e-02 2.475809955397608592e-02 2.600905202411985320e-02 2.600905202411985320e-02 2.389641187010979953e-02 2.365556401388521635e-02 2.675225983484491241e-02 2.534708298379043448e-02 2.534708298379043795e-02 2.675225983484491241e-02 2.631343616014580195e-02 2.491852868895893386e-02 2.634183061044316487e-02 2.493417607420145288e-02 3.155445766466773855e-02 2.497543007717701463e-02 3.205767734356263637e-02 2.693889263376806481e-02 2.649875370126205526e-02 2.649875370126205526e-02 2.529536782653746610e-02 2.567255284852167779e-02 2.415570059520424570e-02 2.541660046441238455e-02 2.417557174150918378e-02 2.539977971350930799e-02 2.539977971350930799e-02 2.254074947798754419e-02 2.432254139101870313e-02 2.549806299409816332e-02 2.549806299409815638e-02 2.305659422458302549e-02 2.255092506400261515e-02 2.549867372504257060e-02 2.416271259161670987e-02 2.442211803123963548e-02 2.431803079561979664e-02 2.282439576764013281e-02 2.196951242655935735e-02 2.549867372504257060e-02 2.918326008858371928e-02 2.403352861672928067e-02 2.918326008858371928e-02 2.588253717953197669e-02 2.362161678686535218e-02 2.781941459961849439e-02 2.781941459961849439e-02 2.781941459961849439e-02 2.866559814745506252e-02 2.609809603296289054e-02 2.542018316134754888e-02 2.446658028057973472e-02 2.560797748621451361e-02 2.280454472859489226e-02 2.560797748621451014e-02 2.565885015789359791e-02 2.565885015789359791e-02 2.425224847767270403e-02 2.637340378532111382e-02 2.804499952149651712e-02 2.804499952149651712e-02 2.804499952149652059e-02 2.563085149268371291e-02 2.694912318033068632e-02 2.694912318033067938e-02 2.694912318033068632e-02 2.439227343083530050e-02 2.561053470340532781e-02 2.561053470340532434e-02 2.356078192104941668e-02 2.357046451093698647e-02 2.311446163910957016e-02 2.363579848859456364e-02 4.679973243859859161e-02 4.679973243859860549e-02 4.656221269067078311e-02 2.378056269838509443e-02 2.368364458864578859e-02 2.425837586808889806e-02 2.481716386269339561e-02 2.642992044772680613e-02 2.571199056373384834e-02 2.642992044772680613e-02 2.494972734224211106e-02 2.414409284049228929e-02 2.466395358903014645e-02 2.446800164525527940e-02 2.346276949820039898e-02 2.515899921894920038e-02 2.353844887995873436e-02 2.886025740887497235e-02 2.602773246654982095e-02 2.479970578224502398e-02 2.602773246654982095e-02 2.567919216479548974e-02 2.627576988258392698e-02 2.567919216479548974e-02 2.759727371589641015e-02 2.759727371589641362e-02 2.759727371589641362e-02 2.309143755830583497e-02 2.350530987793919557e-02 2.577461373877444270e-02 2.577461373877444270e-02 2.430035298852079029e-02 2.430035298852078335e-02 2.344555127204202283e-02 2.605081812690980200e-02 2.605081812690980200e-02 2.578358537190606967e-02 2.457502569747943566e-02 2.432822525719701215e-02 3.628909258930474585e-02 3.628909258930475279e-02 2.547426172421309726e-02 2.524256564750773646e-02 2.675510248845505354e-02 2.675510248845505354e-02 2.555692667515900574e-02 2.512592570054843558e-02 2.356080663179268078e-02 3.248541791856600358e-02 2.800494873705483903e-02 2.800494873705483903e-02 2.800494873705483903e-02 2.773473788098892306e-02 3.886014151241800468e-02 2.731619247300933265e-02 2.688511419776089956e-02 2.688511419776089956e-02 3.403647950855087645e-02 2.720244804208340333e-02 3.403647950855086951e-02
1.873129984080410329e-02 2.212199520438442799e-02 2.492713228485130689e-02 1.988238819417174896e-02 0.000000000000000000e+00 2.768611910647064342e-02 2.573617661440379123e-02 2.768611910647064342e-02 2.768611910647064342e-02 2.462007749118318503e-02 2.583782403295675420e-02 2.583782403295675767e-02 2.378793549689845258e-02 2.355383297001885715e-02 2.659079631937634122e-02 2.520838354816589896e-02 2.520838354816589202e-02 2.659079631937634122e-02 2.617509237644794970e-02 2.478379350648537635e-02 2.617825963866572334e-02 2.479911633301630156e-02 3.140341996658457119e-02 2.488114290666205639e-02 3.222339840697982516e-02 2.677843977341494777e-02 2.633883359483013900e-02 2.633883359483013900e-02 2.515801862278518528e-02 2.550905110375063789e-02 2.403929218909730062e-02 2.530743572548022763e-02 2.403738069350560766e-02 2.521684153349310412e-02 2.521684153349310412e-02 2.247780991994996480e-02 2.419322612899904579e-02 2.533064229522177802e-02 2.533064229522177802e-02 2.297697975995550979e-02 2.249237943177504959e-02 2.533275172926989158e-02 2.403874910517660515e-02 2.429163372728517650e-02 2.419007400422183707e-02 2.275409001050163887e-02 2.193425808263020638e-02 2.533275172926988811e-02 2.902859043849269349e-02 2.393532316156592177e-02 2.902859043849270043e-02 2.576715277950202693e-02 2.352029509895052842e-02 2.770151791217359202e-02 2.770151791217359202e-02 2.770151791217359202e-02 2.848081482756817731e-02 2.593615205138408500e-02 2.527664648972989883e-02 2.433445198469237972e-02 2.544074948775737477e-02 2.273624662292536222e-02 2.544074948775737477e-02 2.549000926906003911e-02 2.549000926906003911e-02 2.412707263007030437e-02 2.627001286177230860e-02 2.794236234483262957e-02 2.794236234483262957e-02 2.794236234483262957e-02 2.549728331127719752e-02 2.679410767453607387e-02 2.679410767453606346e-02 2.679410767453607040e-02 2.427998969462444659e-02 2.544239882193764443e-02 2.544239882193764443e-02 2.346158039624810648e-02 2.347121388412937160e-02 2.302522301850395275e-02 2.352297362465250938e-02 4.717824693993055013e-02 4.717824693993055013e-02 4.695119507218364907e-02 2.366825743531560805e-02 2.358131047099677399e-02 2.414321440839494945e-02 2.468088758165914998e-02 2.626480365554101359e-02 2.556582885310975523e-02 2.626480365554101012e-02 2.480880669121166351e-02 2.402064285826219572e-02 2.452664611773777703e-02 2.433443363319970354e-02 2.336661017184959652e-02 2.502061797862079398e-02 2.343942766297868116e-02 2.868403742536784762e-02 2.585671119378782357e-02 2.466105702781358489e-02 2.585671119378782357e-02 2.551158683517257622e-02 2.616812416284788195e-02 2.551158683517258316e-02 2.739917929424491236e-02 2.739917929424491236e-02 2.739917929424491236e-02 2.301137379904345456e-02 2.340826879578877806e-02 2.560524435478158181e-02 2.560524435478158181e-02 2.417314856359295550e-02 2.417314856359295203e-02 2.335003782577140322e-02 2.588371213538294760e-02 2.588371213538295107e-02 2.561246690017705135e-02 2.443962794698158192e-02 2.420089436070295419e-02 3.650074820788370977e-02 3.650074820788370977e-02 2.533541955286484557e-02 2.510554522015088705e-02 2.659379404403575120e-02 2.659379404403575467e-02 2.542075777698665079e-02 2.496744992757551213e-02 2.346105573185316637e-02 3.263224435343925478e-02 2.789907101784753346e-02 2.789907101784753346e-02 2.789907101784753346e-02 2.753319772433134721e-02 3.917149349888056353e-02 2.711082399894064812e-02 2.672911070123027560e-02 2.672911070123027560e-02 3.810227552832281400e-02 3.372891943490952810e-02 3.810227552832281400e-02
2.307962834900055202e-02 1.965611884255574759e-02 2.386925359908436892e-02 2.780490453977372059e-02 2.768611910647064342e-02 0.000000000000000000e+00 1.574440211795986519e-02 1.587690613275232962e-02 1.587690613275233309e-02 2.195246295697328084e-02 2.330846151648193268e-02 2.330846151648193268e-02 2.102675799172299895e-02 2.076486943694252213e-02 2.416575684024509924e-02 2.262582619227922198e-02 2.262582619227922198e-02 2.416575684024510964e-02 2.371720378315152200e-02 2.213885506409902018e-02 2.369468444688337810e-02 2.214358459829278078e-02 2.943633886880624856e-02 2.230797838848959380e-02 3.041219975904125780e-02 2.437306127411871526e-02 2.388813481757655344e-02 2.388813481757655344e-02 2.257179275408761551e-02 2.294494204180101693e-02 2.131074030829822191e-02 2.278602511110163278e-02 2.139781230208415846e-02 2.274171335129163141e-02 2.274171335129163141e-02 1.960296655009770989e-02 2.147546546452881386e-02 2.274312903025909813e-02 2.274312903025909813e-02 2.012187833082643498e-02 1.958073738053561427e-02 2.273252990178286845e-02 2.129703092225876046e-02 2.157893320584256328e-02 2.145404326381488563e-02 1.986533901096346547e-02 1.897334562100868108e-02 2.273252990178285804e-02 2.686547374720294618e-02 2.121187108052980524e-02 2.686547374720294271e-02 2.328049932685463327e-02 2.071833403461845885e-02 2.543578746431128523e-02 2.543578746431128870e-02 2.543578746431129217e-02 2.624216131831283785e-02 2.342595927604120346e-02 2.269561712199033576e-02 2.162512138645289808e-02 2.285587154523284828e-02 1.984925990640799484e-02 2.285587154523285175e-02 2.291364021158985576e-02 2.291364021158985576e-02 2.139515687071202876e-02 2.385652689335222149e-02 2.571230275136501819e-02 2.571230275136501819e-02 2.571230275136501819e-02 2.295989696620120285e-02 2.439403958646093121e-02 2.439403958646093121e-02 2.439403958646093121e-02 2.157676907741104544e-02 2.285819538560995845e-02 2.285819538560995845e-02 2.065449506732600776e-02 2.066446531532899200e-02 2.021341154451932604e-02 2.077509847356433237e-02 4.580078203097968231e-02 4.580078203097968925e-02 4.555597513545238397e-02 2.088787091165331469e-02 2.079338911820908728e-02 2.142967672029529036e-02 2.202270737095659084e-02 2.379588723482509507e-02 2.302676638048566093e-02 2.379588723482509854e-02 2.216366455042408437e-02 2.126555476373688872e-02 2.182882303693661069e-02 2.162094926721202029e-02 2.053278937040078564e-02 2.239101755767978347e-02 2.052403216443321118e-02 2.646605602903428014e-02 2.332923831611733931e-02 2.199844427699674046e-02 2.332923831611733237e-02 2.293623811421839631e-02 2.373876121525257329e-02 2.293623811421839631e-02 2.571674728506149685e-02 2.571674728506150032e-02 2.571674728506150032e-02 2.009264700089130606e-02 1.985085622843923633e-02 2.302518851794728080e-02 2.302518851794728427e-02 2.144290340139608578e-02 2.144290340139608578e-02 2.052601058871160455e-02 2.336267771029243781e-02 2.336267771029244475e-02 2.305034789151472890e-02 2.174520658412112603e-02 2.147794087694551365e-02 3.491363383537204879e-02 3.491363383537205572e-02 2.277064763661997698e-02 2.251004481701546905e-02 2.416941947284798400e-02 2.416941947284798400e-02 2.287029131123703707e-02 2.215630395585633725e-02 2.054702904948885189e-02 3.084684468213129069e-02 2.566220011553512273e-02 2.566220011553512273e-02 2.566220011553512273e-02 2.518187067336030011e-02 3.763657322774364294e-02 2.470388612948351201e-02 2.432579635086971545e-02 2.432579635086971545e-02 3.862458793728067857e-02 3.555106427908825278e-02 3.862458793728067857e-02
2.057685907989098562e-02 1.656489330687893613e-02 2.150595405371745830e-02 2.585200560856637519e-02 2.573617661440379123e-02 1.574440211795986519e-02 0.000000000000000000e+00 1.574440211795986172e-02 1.574440211795986519e-02 1.922110183694347718e-02 2.078215601299489984e-02 2.078215601299490331e-02 1.814884575541204220e-02 1.784264273260413938e-02 2.179609427090961962e-02 2.003136514450984743e-02 2.003136514450984396e-02 2.179609427090962309e-02 2.130025811341995645e-02 1.944484470452147173e-02 2.123725799170748940e-02 1.942901431297418963e-02 2.762601769569436594e-02 1.969304762862246136e-02 2.864509464956888074e-02 2.202205721844555444e-02 2.147361168349650254e-02 2.147361168349650254e-02 1.996534503513861317e-02 2.035637513153077532e-02 1.848436983962644525e-02 2.021522797383531328e-02 1.856125613170194269e-02 2.011080399060629839e-02 2.011080399060629839e-02 1.650355880598921091e-02 1.865253989974412219e-02 2.011277147297641649e-02 2.011277147297641302e-02 1.709779022718877287e-02 1.647493289232815003e-02 2.009589885304744958e-02 1.843563615089485741e-02 1.877629787922484306e-02 1.860995068382991641e-02 1.679063272550601268e-02 1.579017431995925064e-02 2.009589885304744958e-02 2.482930291432933201e-02 1.840924364107165631e-02 2.482930291432933895e-02 2.082099771054380516e-02 1.777804925035111547e-02 2.326518917305098536e-02 2.326518917305098536e-02 2.326518917305098882e-02 2.411806306551964041e-02 2.092996555778639176e-02 2.009909468165410260e-02 1.882706124076783186e-02 2.024427992364971618e-02 1.678185343303600918e-02 2.024427992364971618e-02 2.031370827929151676e-02 2.031370827929152023e-02 1.856048131400205026e-02 2.149136133367075124e-02 2.357867038589693542e-02 2.357867038589693889e-02 2.357867038589693889e-02 2.043078986003935005e-02 2.205663215873740132e-02 2.205663215873739785e-02 2.205663215873739438e-02 1.879612093224694927e-02 2.024735022933722359e-02 2.024735022933722359e-02 1.770722943223678250e-02 1.771809853783090985e-02 1.718462316209072235e-02 1.782308547367587523e-02 4.445360189548119151e-02 4.445360189548119845e-02 4.418927115815521334e-02 1.795426766118804474e-02 1.787646053853760020e-02 1.863606377938343758e-02 1.930850278459978961e-02 2.136277277731526286e-02 2.049619622593421009e-02 2.136277277731526633e-02 1.946657738704265020e-02 1.839041379168066329e-02 1.904459812818799086e-02 1.881329428538645876e-02 1.753543235446462442e-02 1.971538765249101349e-02 1.736929257613211916e-02 2.436484478307609364e-02 2.080692991551082519e-02 1.927591028951529742e-02 2.080692991551082519e-02 2.033939172887261684e-02 2.135425131702654855e-02 2.033939172887261684e-02 2.358364557449325188e-02 2.358364557449325188e-02 2.358364557449325535e-02 1.695133468779790736e-02 1.568468070547285320e-02 2.041721822836230563e-02 2.041721822836230563e-02 1.861060863157748199e-02 1.861060863157748199e-02 1.755022745349521518e-02 2.085098323858339958e-02 2.085098323858339958e-02 2.047386695268835904e-02 1.897111480317344168e-02 1.865887676667751099e-02 3.338110910357441202e-02 3.338110910357441202e-02 2.020260758269209686e-02 1.989550987456953357e-02 2.180042699797239344e-02 2.180042699797239344e-02 2.032321678098313392e-02 1.916178328901289862e-02 1.739418982937430275e-02 2.909728642635826812e-02 2.352201866499913779e-02 2.352201866499914126e-02 2.352201866499913779e-02 2.290313211423589124e-02 3.613226382302738710e-02 2.234687436666953422e-02 2.198499833308813212e-02 2.198499833308813212e-02 3.717987247683793295e-02 3.398983743224413129e-02 3.717987247683792601e-02
2.307962834900055202e-02 1.965611884255574413e-02 2.386925359908436892e-02 2.780490453977372059e-02 2.768611910647064342e-02 1.587690613275232962e-02 1.574440211795986172e-02 0.000000000000000000e+00 1.587690613275233309e-02 2.195246295697328084e-02 2.330846151648192921e-02 2.330846151648192921e-02 2.102675799172299548e-02 2.076486943694251519e-02 2.416575684024510617e-02 2.262582619227921504e-02 2.262582619227921157e-02 2.416575684024510617e-02 2.371720378315151853e-02 2.213885506409902018e-02 2.369468444688337810e-02 2.214358459829278078e-02 2.943633886880624856e-02 2.230797838848958686e-02 3.041219975904125086e-02 2.437306127411871873e-02 2.388813481757655344e-02 2.388813481757655344e-02 2.257179275408761551e-02 2.294494204180101346e-02 2.131074030829821844e-02 2.278602511110162931e-02 2.139781230208416193e-02 2.274171335129163141e-02 2.274171335129163141e-02 1.960296655009770642e-02 2.147546546452881386e-02 2.274312903025909466e-02 2.274312903025909466e-02 2.012187833082643498e-02 1.958073738053561080e-02 2.273252990178286151e-02 2.129703092225875352e-02 2.157893320584256674e-02 2.145404326381488216e-02 1.986533901096345853e-02 1.897334562100867761e-02 2.273252990178285804e-02 2.686547374720293924e-02 2.121187108052980524e-02 2.686547374720294271e-02 2.328049932685463327e-02 2.071833403461845885e-02 2.543578746431128870e-02 2.543578746431128870e-02 2.543578746431129217e-02 2.624216131831283438e-02 2.342595927604119999e-02 2.269561712199033229e-02 2.162512138645289461e-02 2.285587154523284828e-02 1.984925990640799137e-02 2.285587154523284828e-02 2.291364021158985576e-02 2.291364021158985576e-02 2.139515687071202529e-02 2.385652689335221455e-02 2.571230275136502166e-02 2.571230275136502166e-02 2.571230275136502166e-02 2.295989696620120285e-02 2.439403958646093121e-02 2.439403958646092774e-02 2.439403958646092774e-02 2.157676907741104544e-02 2.285819538560995845e-02 2.285819538560995845e-02 2.065449506732601123e-02 2.066446531532898853e-02 2.021341154451931910e-02 2.077509847356433237e-02 4.580078203097968925e-02 4.580078203097969619e-02 4.555597513545238397e-02 2.088787091165331469e-02 2.079338911820908381e-02 2.142967672029528342e-02 2.202270737095658043e-02 2.379588723482508814e-02 2.302676638048566093e-02 2.379588723482509507e-02 2.216366455042407743e-02 2.126555476373689219e-02 2.182882303693660722e-02 2.162094926721201335e-02 2.053278937040077870e-02 2.239101755767978000e-02 2.052403216443321118e-02 2.646605602903428014e-02 2.332923831611733931e-02 2.199844427699673699e-02 2.332923831611733931e-02 2.293623811421839631e-02 2.373876121525256983e-02 2.293623811421839978e-02 2.571674728506149685e-02 2.571674728506149685e-02 2.571674728506150032e-02 2.009264700089130953e-02 1.985085622843923633e-02 2.302518851794727733e-02 2.302518851794727733e-02 2.144290340139608578e-02 2.144290340139607884e-02 2.052601058871160455e-02 2.336267771029243781e-02 2.336267771029243781e-02 2.305034789151473237e-02 2.174520658412112603e-02 2.147794087694551018e-02 3.491363383537204879e-02 3.491363383537205572e-02 2.277064763661996311e-02 2.251004481701546558e-02 2.416941947284798747e-02 2.416941947284799094e-02 2.287029131123703707e-02 2.215630395585633725e-02 2.054702904948884495e-02 3.084684468213128375e-02 2.566220011553512967e-02 2.566220011553512620e-02 2.566220011553512620e-02 2.518187067336030011e-02 3.763657322774364294e-02 2.470388612948351201e-02 2.432579635086971892e-02 2.432579635086971892e-02 3.862458793728067857e-02 3.555106427908825278e-02 3.862458793728067857e-02
2.307962834900055202e-02 1.965611884255574413e-02 2.386925359908436892e-02 2.780490453977372059e-02 2.768611910647064342e-02 1.587690613275233309e-02 1.574440211795986519e-02 1.587690613275233309e-02 0.000000000000000000e+00 2.195246295697327737e-02 2.330846151648192921e-02 2.330846151648192921e-02 2.102675799172299895e-02 2.076486943694251519e-02 2.416575684024510270e-02 2.262582619227921851e-02 2.262582619227921851e-02 2.416575684024510617e-02 2.371720378315152200e-02 2.213885506409902018e-02 2.369468444688337810e-02 2.214358459829277384e-02 2.943633886880624856e-02 2.230797838848958686e-02 3.041219975904125086e-02 2.437306127411870832e-02 2.388813481757655344e-02 2.388813481757654997e-02 2.257179275408761204e-02 2.294494204180101346e-02 2.131074030829821844e-02 2.278602511110163278e-02 2.139781230208415846e-02 2.274171335129162794e-02 2.274171335129162794e-02 1.960296655009770989e-02 2.147546546452881386e-02 2.274312903025908425e-02 2.274312903025908772e-02 2.012187833082643151e-02 1.958073738053561427e-02 2.273252990178286498e-02 2.129703092225875352e-02 2.157893320584256328e-02 2.145404326381488216e-02 1.986533901096345853e-02 1.897334562100867761e-02 2.273252990178286151e-02 2.686547374720293924e-02 2.121187108052980178e-02 2.686547374720293924e-02 2.328049932685463327e-02 2.071833403461845885e-02 2.543578746431128870e-02 2.543578746431128870e-02 2.543578746431129217e-02 2.624216131831283438e-02 2.342595927604119999e-02 2.269561712199032882e-02 2.162512138645289461e-02 2.285587154523284828e-02 1.984925990640799137e-02 2.285587154523284828e-02 2.291364021158985229e-02 2.291364021158985576e-02 2.139515687071202529e-02 2.385652689335221455e-02 2.571230275136501819e-02 2.571230275136501819e-02 2.571230275136501819e-02 2.295989696620120285e-02 2.439403958646093121e-02 2.439403958646092774e-02 2.439403958646092427e-02 2.157676907741104197e-02 2.285819538560995845e-02 2.285819538560995845e-02 2.065449506732600776e-02 2.066446531532898506e-02 2.021341154451932257e-02 2.077509847356433237e-02 4.580078203097968231e-02 4.580078203097968925e-02 4.555597513545238397e-02 2.088787091165331469e-02 2.079338911820908381e-02 2.142967672029529036e-02 2.202270737095658390e-02 2.379588723482509161e-02 2.302676638048566093e-02 2.379588723482509507e-02 2.216366455042407743e-02 2.126555476373688872e-02 2.182882303693661069e-02 2.162094926721201335e-02 2.053278937040077870e-02 2.239101755767977653e-02 2.052403216443320771e-02 2.646605602903427668e-02 2.332923831611734278e-02 2.199844427699674046e-02 2.332923831611733584e-02 2.293623811421838937e-02 2.373876121525256289e-02 2.293623811421839631e-02 2.571674728506150032e-02 2.571674728506149685e-02 2.571674728506150032e-02 2.009264700089130606e-02 1.985085622843923633e-02 2.302518851794727733e-02 2.302518851794727733e-02 2.144290340139608231e-02 2.144290340139608231e-02 2.052601058871160455e-02 2.336267771029243434e-02 2.336267771029243434e-02 2.305034789151472543e-02 2.174520658412112603e-02 2.147794087694551018e-02 3.491363383537204879e-02 3.491363383537205572e-02 2.277064763661997004e-02 2.251004481701545865e-02 2.416941947284798400e-02 2.416941947284798400e-02 2.287029131123703707e-02 2.215630395585633725e-02 2.054702904948884842e-02 3.084684468213128375e-02 2.566220011553512273e-02 2.566220011553512273e-02 2.566220011553512273e-02 2.518187067336030011e-02 3.763657322774364294e-02 2.470388612948351201e-02 2.432579635086971545e-02 2.432579635086971545e-02 3.862458793728067857e-02 3.555106427908825278e-02 3.862458793728067857e-02
1.897989905146672818e-02 1.419806779165335223e-02 2.005725608334502780e-02 2.475809955397608592e-02 2.462007749118318503e-02 2.195246295697328084e-02 1.922110183694347718e-02 2.195246295697328084e-02 2.195246295697327737e-02 0.000000000000000000e+00 1.438194985899513695e-02 1.438194985899513695e-02 1.406252012915720773e-02 1.242577588043741049e-02 2.027802736098918007e-02 1.828414888591678791e-02 1.828414888591678791e-02 2.027802736098918007e-02 1.978681464932214445e-02 1.758978635619089931e-02 1.964112990572650444e-02 1.761393887519177928e-02 2.660319334543916059e-02 1.799418274667737710e-02 2.769780802579284093e-02 2.055491682605287834e-02 1.991333689226080020e-02 1.991333689226080020e-02 1.821246409178847725e-02 1.798790356829762377e-02 1.599195421896095273e-02 1.802164467362119687e-02 1.641548386693921988e-02 1.821062043181033083e-02 1.821062043181032736e-02 1.389096182559693138e-02 1.646080510151913187e-02 1.815027599985322843e-02 1.815027599985322843e-02 1.448933966346122905e-02 1.411547105755555157e-02 1.821402321549534312e-02 1.629776708499727431e-02 1.671727569837754349e-02 1.654238005709404366e-02 1.444738761950757448e-02 1.335773525755878065e-02 1.821402321549534312e-02 2.362707396934002682e-02 1.646655405782505507e-02 2.362707396934003029e-02 1.926911744499543513e-02 1.557569508238151185e-02 2.197508180345230516e-02 2.197508180345230169e-02 2.197508180345230169e-02 2.281991600207517248e-02 1.926614031413858077e-02 1.835347984250365952e-02 1.677670013932789847e-02 1.839433474700002957e-02 1.448911672611462136e-02 1.839433474700002957e-02 1.838388589887374885e-02 1.838388589887374538e-02 1.639033894770907870e-02 2.003994341409545688e-02 2.232553130470338668e-02 2.232553130470339015e-02 2.232553130470338668e-02 1.877221602315527066e-02 2.060403459196916143e-02 2.060403459196916143e-02 2.060403459196916837e-02 1.692975520637679532e-02 1.838796460750882419e-02 1.838796460750882072e-02 1.549428465929384574e-02 1.551131663044396161e-02 1.486504450133293610e-02 1.556547584098232073e-02 4.377350461526897246e-02 4.377350461526898634e-02 4.349400589477196710e-02 1.571652652803561673e-02 1.569623644340242125e-02 1.665416782032129103e-02 1.739033415988242709e-02 1.976592044770955278e-02 1.881557871364483020e-02 1.976592044770955278e-02 1.756682235802691991e-02 1.624328101816861422e-02 1.708770520522361752e-02 1.672268480701279494e-02 1.532322142377876180e-02 1.796240341778549202e-02 1.544088049476692766e-02 2.312041784033735253e-02 1.905378573194043898e-02 1.725355050604318596e-02 1.905378573194043898e-02 1.851427757021890941e-02 1.988294911865886444e-02 1.851427757021890941e-02 2.233114183585416246e-02 2.233114183585415899e-02 2.233114183585416246e-02 1.486146412443333648e-02 1.540203229078650898e-02 1.866211387615463249e-02 1.866211387615463249e-02 1.651220008365630529e-02 1.651220008365630182e-02 1.529944690899144762e-02 1.914998475728729374e-02 1.914998475728729374e-02 1.865888404117698601e-02 1.694476729190373676e-02 1.658077784047893785e-02 3.258643482129101876e-02 3.258643482129101876e-02 1.838270784469110686e-02 1.776959522732867933e-02 2.016673390620563056e-02 2.016673390620563056e-02 1.862275412526147658e-02 1.761341771782782076e-02 1.547308739876460115e-02 2.802011660435903273e-02 2.226268926091571829e-02 2.226268926091571829e-02 2.226268926091571829e-02 2.142204614174833543e-02 3.531411691689378268e-02 2.064590762214368186e-02 2.049982213808826739e-02 2.049982213808826739e-02 3.644526713308077898e-02 3.318447868165368825e-02 3.644526713308077898e-02
2.057648950221782277e-02 1.637367001538752795e-02 2.155142558320881363e-02 2.600905202411985320e-02 2.583782403295675420e-02 2.330846151648193268e-02 2.078215601299489984e-02 2.330846151648192921e-02 2.330846151648192921e-02 1.438194985899513695e-02 0.000000000000000000e+00 1.487588289928149475e-02 1.737795791592669503e-02 1.420988329212550388e-02 2.174665535501904903e-02 1.993508248498719604e-02 1.993508248498719604e-02 2.174665535501905250e-02 2.129475599824991877e-02 1.932390286433166571e-02 2.116734649260220563e-02 1.934511360887755660e-02 2.771537748706572740e-02 1.968191264255289910e-02 2.885619268567711157e-02 2.200457846643331591e-02 2.141614215033594074e-02 2.141614215033594074e-02 1.987452501638275679e-02 2.003292078327491288e-02 1.819330031385242574e-02 2.002698789229755486e-02 1.830919090239042923e-02 1.989630934418559413e-02 1.989630934418559066e-02 1.606689218221149171e-02 1.833417628015777609e-02 1.982646090102994571e-02 1.982646090102994571e-02 1.657261899329816671e-02 1.630715770678429696e-02 1.990289519519788247e-02 1.822293583955127486e-02 1.857568050856888558e-02 1.842829608917838716e-02 1.660877176396708191e-02 1.563875714156467978e-02 1.990289519519788247e-02 2.487819853533834724e-02 1.831379929042194557e-02 2.487819853533835765e-02 2.082597063716673524e-02 1.758337928194180985e-02 2.332986356271214701e-02 2.332986356271214701e-02 2.332986356271214701e-02 2.411154682753676587e-02 2.082890325359385009e-02 2.000126577515829243e-02 1.862858210561253725e-02 2.005966693900050266e-02 1.662447528186588447e-02 2.005966693900050959e-02 2.002785584896391718e-02 2.002785584896391718e-02 1.827840770104207160e-02 2.153541578926942979e-02 2.366269140113764352e-02 2.366269140113764352e-02 2.366269140113764352e-02 2.037712690994911147e-02 2.204723475818543346e-02 2.204723475818543346e-02 2.204723475818543346e-02 1.872866528578349954e-02 2.005532048913063678e-02 2.005532048913063331e-02 1.751009578919102486e-02 1.752442545041835859e-02 1.698003559195955525e-02 1.759811603000288951e-02 4.471195470324450943e-02 4.471195470324451637e-02 4.445328765772806751e-02 1.772977530805312438e-02 1.768603119100496321e-02 1.849338558796929585e-02 1.915223808829669139e-02 2.127966489101898798e-02 2.041170135419998616e-02 2.127966489101899145e-02 1.931193783422033294e-02 1.818119175727423917e-02 1.889617432125612062e-02 1.860340757261629702e-02 1.737168610994526546e-02 1.965382578381775353e-02 1.746953104960869210e-02 2.439584856587945910e-02 2.065392512989923032e-02 1.908136493973148357e-02 2.065392512989922685e-02 2.016490430451240920e-02 2.138931094769613850e-02 2.016490430451241267e-02 2.366785335801160559e-02 2.366785335801160559e-02 2.366785335801160559e-02 1.695477025864934248e-02 1.743496040621191762e-02 2.029475945800392894e-02 2.029475945800393241e-02 1.840402437847626568e-02 1.840402437847626568e-02 1.734974393776602883e-02 2.072569492217221990e-02 2.072569492217222337e-02 2.029349544919648030e-02 1.877305783360997196e-02 1.845689209500751826e-02 3.360513240626848697e-02 3.360513240626848697e-02 2.008845599212247604e-02 1.969035691768190530e-02 2.171733195693401411e-02 2.171733195693401758e-02 2.025102731700714059e-02 1.938439991644187385e-02 1.749736149645352706e-02 2.923940494734581300e-02 2.360260182061086134e-02 2.360260182061086134e-02 2.360260182061085787e-02 2.280993850126115247e-02 3.635432323711151881e-02 2.217039742350741804e-02 2.195555014190595303e-02 2.195555014190595650e-02 3.742316135792193854e-02 3.423483482947677070e-02 3.742316135792193160e-02
