0.000000000000000000e+00 8.342357986569792772e-03 8.642208047960172473e-03 8.358209642631930433e-03 8.662546942980077838e-03 9.316007176438873341e-03 7.818776660415440588e-03 8.081566181001753613e-03 7.246606538728126400e-03 8.055642622170452322e-03 9.744439285468866133e-03 8.649459885697929895e-03 9.741873521043487721e-03 8.962640037304804227e-03 8.074786416750008231e-03 7.826108366227255142e-03 8.355080316834915047e-03 8.639528510603330935e-03 1.129960446280148592e-02 7.824812893351042881e-03 8.656738627918226722e-03 9.337866159099842897e-03 9.372261316109097018e-03 9.755990671578607804e-03 8.364088423509018211e-03 9.001186175118617086e-03 9.754074596557226959e-03 8.331214359247607337e-03 7.852902464259878951e-03 1.071516347655983130e-02 8.338558816218555672e-03 9.756985990353211902e-03 6.964324328304528564e-03 8.676159485835412827e-03 9.362714972190369286e-03 9.764283112130314052e-03 9.357542630835668368e-03 1.270963479582527984e-02 7.855660097137772205e-03 8.363127824471327729e-03 8.997084330309690001e-03 8.098782336343113633e-03 8.656651445844296827e-03 9.000129519755487723e-03 8.996376224275974900e-03 8.994026905532767277e-03 8.361294191979423696e-03 1.199342044148039854e-02 7.423750859920652707e-03 7.860794222285074836e-03 8.092274543457671221e-03 9.348351452353732133e-03 8.663559442765018589e-03 1.024390246782394542e-02 8.361955077719036844e-03 9.781346678098021968e-03 7.085783744208178601e-03 9.365879152889732689e-03 8.642521755254707963e-03 8.333641704971984573e-03 8.665778412090572452e-03 8.669456017867784373e-03 9.347838383876644688e-03 7.642090038808052078e-03 8.099781702327725832e-03 9.357279043688842071e-03 7.854712145967958012e-03 8.982783780874182417e-03 7.448067664947512906e-03 8.102498762906156296e-03 9.769864476810620132e-03 8.997130663828860689e-03 9.004712568387753316e-03 9.342652229673882244e-03 1.354586662340085540e-02 8.091735082416675121e-03 8.668865066487556337e-03 7.444015258982009456e-03 9.368565688288806731e-03 7.640041123098333803e-03 8.365438696368592345e-03 8.105423071054895096e-03 8.363264962718656992e-03 8.638105128151154707e-03 8.683310536387408088e-03 7.440199527665000874e-03 9.345705915651146209e-03 9.788984186734021181e-03 9.001656212992625514e-03 1.023475149394923941e-02 7.855797042150685153e-03 8.683983252907701011e-03 8.092380491550118030e-03 1.132024933322765131e-02 9.763574976072613917e-03 8.360964216134898416e-03 9.376498381754519093e-03 8.973025425615878403e-03 7.432969389417497588e-03 8.358640939264593700e-03 9.784960151998855007e-03 8.337500596174397469e-03 9.365061728173666375e-03 8.648769907543232133e-03 7.105621737618817053e-03 8.353799866413613023e-03 1.023607391316223685e-02 9.363432541264857245e-03 7.853575517761189617e-03 1.196765117228947191e-02 9.358506662023750866e-03 9.355827308406575171e-03 9.377327412435257359e-03 7.110012062014904252e-03 7.857846759946907414e-03 8.380067237294050453e-03 1.073450369246936598e-02 8.094602421673313675e-03 8.359842447239338586e-03 8.377275882414946667e-03 7.448381218623630930e-03 8.671096896722192693e-03 9.781708175623727436e-03 8.657142040914089440e-03 8.991432948998522717e-03 8.670834439146190425e-03 9.004582259343233211e-03 8.366883499514645231e-03
8.342357986569792772e-03 0.000000000000000000e+00 9.402290603140210298e-03 9.129506403172787596e-03 9.397706198193392715e-03 1.004464639693913863e-02 8.708838267214269804e-03 8.909179517471726636e-03 8.194698802025621523e-03 8.914684682457889656e-03 1.040289960028533897e-02 9.418180391963465112e-03 1.043891208512508044e-02 9.689235169652891597e-03 8.931878269540054205e-03 8.688523196110660776e-03 9.126531597262803677e-03 9.430915003959613671e-03 1.190990365044818089e-02 8.714016192588401599e-03 9.392356356875995044e-03 1.002914991323292961e-02 1.003553020934080942e-02 1.041402873499498900e-02 9.165141210559380608e-03 9.733369610070369618e-03 1.041250710350464723e-02 9.156798756970143532e-03 8.693027351425585553e-03 1.135317159723953605e-02 9.133444601842748492e-03 1.045193778035548998e-02 7.960611421877502800e-03 9.441964003916418144e-03 1.006307387919652685e-02 1.043261742744487110e-02 1.005818855214314460e-02 1.323379235243573628e-02 8.695098920607415016e-03 9.164448840897544690e-03 9.729887227145231007e-03 8.904328392778392692e-03 9.424534103729616946e-03 9.732216493932969309e-03 9.729782236066443490e-03 9.727408665034065899e-03 9.162818089758856255e-03 1.254335082330989420e-02 8.368580057403329081e-03 8.726213645530715712e-03 8.927049944806060913e-03 1.007477008347477596e-02 9.430681515310885762e-03 1.087945520486000191e-02 9.163109140024787783e-03 1.044899159135346568e-02 8.079339539579967130e-03 1.006533166308483385e-02 9.434071903579763566e-03 9.159088614855131344e-03 9.400409766683564053e-03 9.435736160115186857e-03 1.004951316431297592e-02 8.538323689726120408e-03 8.932727715804118784e-03 1.002199439113124306e-02 8.720514790399072971e-03 9.716684082407778256e-03 8.372327882543989866e-03 8.935591584121521658e-03 1.043782665764779981e-02 9.730039431287591800e-03 9.736710939099061518e-03 1.004397117256550925e-02 1.404556626508892021e-02 8.926142874273111996e-03 9.434720012319782953e-03 8.368595337716432450e-03 1.006743958750709947e-02 8.536130074730141626e-03 9.166090562469345407e-03 8.938165475410838820e-03 9.164133035236530361e-03 9.429968811088436376e-03 9.447805139444266989e-03 8.365191949586934378e-03 1.001124100437243009e-02 1.041740289786332631e-02 9.733620691635929204e-03 1.087088839690959242e-02 8.721538569299719379e-03 9.448315975137091399e-03 8.926720886244320086e-03 1.189797410813885764e-02 1.043166908698638096e-02 9.162005211834092777e-03 1.007498566462736687e-02 9.708120469288440343e-03 8.359086437956218113e-03 9.159957669049940271e-03 1.045144177360636181e-02 9.162474735064537329e-03 1.006465158756594293e-02 9.417308909340001838e-03 8.081027791386570167e-03 9.155852088294363922e-03 1.083181909125751491e-02 1.006328100302771381e-02 8.720009882155606296e-03 1.251828562447573900e-02 1.005884130924227134e-02 1.005659051921436314e-02 1.007590043785233473e-02 8.084697637437340823e-03 8.723424374521558319e-03 9.179168354140209915e-03 1.134121397262811103e-02 8.928920045184697910e-03 9.161102055733080438e-03 9.176354809372224905e-03 8.372517312911456622e-03 9.436838296236177426e-03 1.044864547562973124e-02 9.424918599877108935e-03 9.690420718567382616e-03 9.436858361036692955e-03 9.736539180875962429e-03 9.167640831866004369e-03
8.642208047960172473e-03 9.402290603140210298e-03 0.000000000000000000e+00 9.395373010485865914e-03 9.686459103282165500e-03 1.024202370872461659e-02 8.995784213472354102e-03 9.183550327565567079e-03 8.501618568000727030e-03 9.162649681638150578e-03 1.062289197042230390e-02 9.640984500395658949e-03 1.066244763627212204e-02 9.968851464133903981e-03 9.208688589205479141e-03 9.001569025291481646e-03 9.392614729389139883e-03 9.653503911424322209e-03 1.205387631762814063e-02 8.972581558296813600e-03 9.681211021322414650e-03 1.026163346397271359e-02 1.030522338641213717e-02 1.067452367267289134e-02 9.399946686814687757e-03 9.979296712060657312e-03 1.063165488249338993e-02 9.392792789090264119e-03 9.006261547154479491e-03 1.151014272007143575e-02 9.398814398084754523e-03 1.063478420684867663e-02 8.279827249124275049e-03 9.698698284583077978e-03 1.025957536236437109e-02 1.065657395786066657e-02 1.025477033312794869e-02 1.340724999439533299e-02 9.008703151251802599e-03 9.432196268561012301e-03 9.976609879546231852e-03 9.210571484213118248e-03 9.681955915767927537e-03 9.978468884080955031e-03 9.975870416609687250e-03 9.973643954178006490e-03 9.430359359656064616e-03 1.272477709704706444e-02 8.669985734402065047e-03 9.012941686176461145e-03 9.204743804131592516e-03 1.030938614987965754e-02 9.687479418096483358e-03 1.109256742629964078e-02 9.430746707818574853e-03 1.067216747737151014e-02 8.393464493623995631e-03 1.030063950118059041e-02 9.656702653460849314e-03 9.426994915503333905e-03 9.689584698971114712e-03 9.692756892826101534e-03 1.028510312686733118e-02 8.805719458144598694e-03 9.211290450466194310e-03 1.029326826624767273e-02 9.007907093339184365e-03 9.963780640709291384e-03 8.674620580261409308e-03 9.213606250173525178e-03 1.066225457142472820e-02 9.976683863614417905e-03 9.983129685655300206e-03 1.028030990249262193e-02 1.421017213232322884e-02 9.204537324518187111e-03 9.692657263286769478e-03 8.671028714862867581e-03 1.030327278919948054e-02 8.831322930073595354e-03 9.434472214821331901e-03 9.216038415113316298e-03 9.432610896418103935e-03 9.687659929345275589e-03 9.705076496753532386e-03 8.668067905922114888e-03 1.028294725336288684e-02 1.067918642527407661e-02 9.980631808449796916e-03 1.108420715984892967e-02 9.008886793214604047e-03 9.705536376964344139e-03 9.205296918752362348e-03 1.209047579884739432e-02 1.065648711354337877e-02 9.430600111028572541e-03 1.031041801712862145e-02 9.955670354147107270e-03 8.662117914551703893e-03 9.428640278169057518e-03 1.067574392372948669e-02 9.430971841678129769e-03 1.030016717529808751e-02 9.675491387876041655e-03 8.395569254211679780e-03 9.424460562475017039e-03 1.108533021348629549e-02 1.029872831505335845e-02 9.007112639042412147e-03 1.270075036210538931e-02 1.029446860879834266e-02 1.029195467940081585e-02 1.031114743069328279e-02 8.399084458201118777e-03 9.010627228487371604e-03 9.446814250197235752e-03 1.154432504473597992e-02 9.207076819368333401e-03 9.429734549007130068e-03 9.444331847749563510e-03 8.674749161258541938e-03 9.694663756043435388e-03 1.067261738887057519e-02 9.682619345666514457e-03 9.971538111062928228e-03 9.694277441125333586e-03 9.983006092202217213e-03 9.435580635917033276e-03
8.358209642631930433e-03 9.129506403172787596e-03 9.395373010485865914e-03 0.000000000000000000e+00 9.390265061025488552e-03 1.000322594167762924e-02 8.674590814795619248e-03 8.901762197805539872e-03 8.186226612364275179e-03 8.878046004086445273e-03 1.039688900686025312e-02 9.378818722882723002e-03 1.039515233581122730e-02 9.715736183009316893e-03 8.895618526272656632e-03 8.680336132146844116e-03 9.119254551654938992e-03 9.392464355535262363e-03 1.190471094044701431e-02 8.679498127808703625e-03 9.384823428477663543e-03 1.005807042016918125e-02 1.002892152182984810e-02 1.040821463211254877e-02 9.127794020252020385e-03 9.693038881367776680e-03 1.044369355173963530e-02 9.119691634924213114e-03 8.685555283773224722e-03 1.134759978460621495e-02 9.156177057955378062e-03 1.040837444136706071e-02 7.952927349620931424e-03 9.435854202157131776e-03 1.005734926651081183e-02 1.042731611113075808e-02 1.005235734001073446e-02 1.323017778290893481e-02 8.715083562387281046e-03 9.157976648960749685e-03 9.724166296186850453e-03 8.926179062523654020e-03 9.418231936604069474e-03 9.693047986947917263e-03 9.723905292707961737e-03 9.721848953441964217e-03 9.156258637396460717e-03 1.253859688470365490e-02 8.361193417601196082e-03 8.719291256230762843e-03 8.920509032114703335e-03 1.006918679958025351e-02 9.424348770936575789e-03 1.087524472788853336e-02 9.156376744455246505e-03 1.044310243130514015e-02 8.071458111343028652e-03 1.005977225203304876e-02 9.427852055414319421e-03 9.152934261396596799e-03 9.426464812404543661e-03 9.429755240326662818e-03 1.004364464225045855e-02 8.530661632423565052e-03 8.926848981475901668e-03 1.005215719461410688e-02 8.714127882714372414e-03 9.711188201510685680e-03 8.365138249469460108e-03 8.929291175243107143e-03 1.043250407856238619e-02 9.724328219608764298e-03 9.731036369564604813e-03 1.003873351203025087e-02 1.404189913132166193e-02 8.919978349988515881e-03 9.429155961593226748e-03 8.361726247497824199e-03 1.006246943976102717e-02 8.529329632459560842e-03 9.160012179899710075e-03 8.931835480663242663e-03 9.158084986966128979e-03 9.424072564804437946e-03 9.442091767979721162e-03 8.358327908451115146e-03 1.004147454805282003e-02 1.045010471590563511e-02 9.728422747713773300e-03 1.086602725551459765e-02 8.715041400918891595e-03 9.442571553654291114e-03 8.920469664395887580e-03 1.189361433526690479e-02 1.042672070402996497e-02 9.155955432542804001e-03 1.006985316197394308e-02 9.702186242445213007e-03 8.352222273686123535e-03 9.153902932079972452e-03 1.044653945444668636e-02 9.156117679949142205e-03 1.005925505516223548e-02 9.411261795297030247e-03 8.073301628281836020e-03 9.149542877330213778e-03 1.086704373206717235e-02 1.005804775949999640e-02 8.713277392974391050e-03 1.251387208497625574e-02 1.005336638919772374e-02 1.005090934806362156e-02 1.007042730981298241e-02 8.077138854928573447e-03 8.716851241548565291e-03 9.172758739063166175e-03 1.133678158182284748e-02 8.922435441590124972e-03 9.155051037951885545e-03 9.170308669270538574e-03 8.365463603351903227e-03 9.431066392383653449e-03 1.044353278251893002e-02 9.418694490306724065e-03 9.718779227650107405e-03 9.430833175511018490e-03 9.730710000439176527e-03 9.161163666583562598e-03
8.662546942980077838e-03 9.397706198193392715e-03 9.686459103282165500e-03 9.390265061025488552e-03 0.000000000000000000e+00 1.027627527440845220e-02 8.990126605790011230e-03 9.209705607842694902e-03 8.519729718504081076e-03 9.157650662797001129e-03 1.066048290944242131e-02 9.670769609417123602e-03 1.061717523809607711e-02 9.928290429112602428e-03 9.173329279313500312e-03 8.967875529722151712e-03 9.388096869651349485e-03 9.649370877548111430e-03 1.205051500214900269e-02 8.967404520797859699e-03 9.642801085745155223e-03 1.025724359097161115e-02 1.030156447867477260e-02 1.067095636305085728e-02 9.395604862098026755e-03 9.938419021107810364e-03 1.066870931952446262e-02 9.388749523789421611e-03 8.972636191676475886e-03 1.155207946567323070e-02 9.393890424186718963e-03 1.063118219131560342e-02 8.274213268883346892e-03 9.694204075183681865e-03 1.029435565839250354e-02 1.065271842147310841e-02 1.028895185268045853e-02 1.340410320778524268e-02 9.003403781357843111e-03 9.427671598549297247e-03 9.935810441444146643e-03 9.205232277459281937e-03 9.677095436496941164e-03 9.938080655891110698e-03 9.971789327518215673e-03 9.969254154550001579e-03 9.425256905508204788e-03 1.272153706419318353e-02 8.665230701141833289e-03 9.007660192421829137e-03 9.200001120342792341e-03 1.030562881489511390e-02 9.649629164518344973e-03 1.108865322933251692e-02 9.426060683988258387e-03 1.066806752694705526e-02 8.387953013690838469e-03 1.029658565559957335e-02 9.687028209355413519e-03 9.422596388201009629e-03 9.685002039456514292e-03 9.688329932179915588e-03 1.028069550436150510e-02 8.827953686027964833e-03 9.206168290517678307e-03 1.028888680558250751e-02 9.002626125270099533e-03 9.959584018580242004e-03 8.669098903981240639e-03 9.208481042743559691e-03 1.065790291030119241e-02 9.972096653217268208e-03 9.978862132068578097e-03 1.027591709507886392e-02 1.420693454459137813e-02 9.199509138736048502e-03 9.687987184984881914e-03 8.665666065373537133e-03 1.029902008077629785e-02 8.825911952785302564e-03 9.429324477546479136e-03 9.210914544749303559e-03 9.427751380185735164e-03 9.682990660851441972e-03 9.700423679245699302e-03 8.637478581645005246e-03 1.027855846869760691e-02 1.067501263373807525e-02 9.976050215605120758e-03 1.108036545907616945e-02 9.003607196892924117e-03 9.700763773375472437e-03 9.200165667464831401e-03 1.208686759795242135e-02 1.065243139276728090e-02 9.425636897664249614e-03 1.030616324239244305e-02 9.950850980490753492e-03 8.656416328515097180e-03 9.423770554319093815e-03 1.067144791187655400e-02 9.425657623331662807e-03 1.029566769331691570e-02 9.670589506102618416e-03 8.389607251761412379e-03 9.419389605588144102e-03 1.108132190407776566e-02 1.029449000224885377e-02 9.001922402226865405e-03 1.269703592595318800e-02 1.028995897017803002e-02 1.028782091376565823e-02 1.026813300581989712e-02 8.393284722452959423e-03 9.005324310734344820e-03 9.441617181391590355e-03 1.154066667540298158e-02 9.201938208901201677e-03 9.424667055951385305e-03 9.439269599832727023e-03 8.669132826063881761e-03 9.689819353330448790e-03 1.066876806135546793e-02 9.677830353634746599e-03 9.966838901377431462e-03 9.689384787437672897e-03 9.978111523589723239e-03 9.430511899671313938e-03
9.316007176438873341e-03 1.004464639693913863e-02 1.024202370872461659e-02 1.000322594167762924e-02 1.027627527440845220e-02 0.000000000000000000e+00 9.643253249792850534e-03 9.810918940755567266e-03 9.186887622699953584e-03 9.790536034863664763e-03 1.118145908692175401e-02 1.026600043345923113e-02 1.113288291307214066e-02 1.049554895612891600e-02 9.839152286161539224e-03 9.617934084993683824e-03 1.000110669326829092e-02 1.027792949857978498e-02 1.254332367891355417e-02 9.648623245060992601e-03 1.023355522147313158e-02 1.079847176349973091e-02 1.080396200986978583e-02 1.119202367678362800e-02 1.004364920459456176e-02 1.054543727425601846e-02 1.114325429914894694e-02 1.000067885099253581e-02 9.622225763292116887e-03 1.202049684794712428e-02 1.004269292656997242e-02 1.119200531777385377e-02 8.986704636860189457e-03 1.028729523338621846e-02 1.083996766147280258e-02 1.117380016230210167e-02 1.083566951621931125e-02 1.380258692528492370e-02 9.655426607577503872e-03 1.000736103992964747e-02 1.054285037435278606e-02 9.840071638475316601e-03 1.027186379537922342e-02 1.054469539611661670e-02 1.054247680701077793e-02 1.054045700245292809e-02 1.004141723310785807e-02 1.314270878008338105e-02 9.318203827805040390e-03 9.658872160873467963e-03 9.834858160700078386e-03 1.085111402806365408e-02 1.023906136065468216e-02 1.158272378252741923e-02 1.004189952529414669e-02 1.118841128765822590e-02 9.067137477452989758e-03 1.084257797505166175e-02 1.024192483585146217e-02 1.003874814932826688e-02 1.027900875133441055e-02 1.028193390251880800e-02 1.082740073323058133e-02 9.464965896388295719e-03 9.841034022637324546e-03 1.083619161192489293e-02 9.654927333687862712e-03 1.053149023927769587e-02 9.349673535133528821e-03 9.843119343880799704e-03 1.117944311088242722e-02 1.054316262356406325e-02 1.054927788890296265e-02 1.082368961859331812e-02 1.458479680178830472e-02 9.834839343258742345e-03 1.028192807510523894e-02 9.346527762929938282e-03 1.084517219284082332e-02 9.493260563438538774e-03 1.004506405223628066e-02 9.845337364052620527e-03 1.004353935012142901e-02 1.027731862211203606e-02 1.029331237667411268e-02 9.343663904919268307e-03 1.082649037772441883e-02 1.119542549484227670e-02 1.054680593696446199e-02 1.157555447635449930e-02 9.655826693901871025e-03 1.029372360330175866e-02 9.835542074955403932e-03 1.253238041152636081e-02 1.117405911382372309e-02 1.004174446335970132e-02 1.085178224222559107e-02 1.052363223785260024e-02 9.338214187764024010e-03 1.003994201211765892e-02 1.119204065839224556e-02 1.004167934524366305e-02 1.084228134778775395e-02 1.026620405494308406e-02 9.093163298432051234e-03 1.003612052333376602e-02 1.157659600181772108e-02 1.084090109168324434e-02 9.654216199786323088e-03 1.311920540045631405e-02 1.083699659153069920e-02 1.083463873041321489e-02 1.085244835373141287e-02 9.096554911291784840e-03 9.657161295146668434e-03 1.005656742391630547e-02 1.201113597052026576e-02 9.837172070684154640e-03 1.004082892646392632e-02 1.005427625773330259e-02 9.349760463759076642e-03 1.028346748294105967e-02 1.118887126352632530e-02 1.027260485698782734e-02 1.053834580750130992e-02 1.028341434509382618e-02 1.054915472101840800e-02 1.004628439754813238e-02
7.818776660415440588e-03 8.708838267214269804e-03 8.995784213472354102e-03 8.674590814795619248e-03 8.990126605790011230e-03 9.643253249792850534e-03 0.000000000000000000e+00 8.462152390360175302e-03 7.657560454007172890e-03 8.411354006201670480e-03 1.005981686374499834e-02 8.949601942639986638e-03 1.002401776448859534e-02 9.273697364796797821e-03 8.429319817431968689e-03 8.195719777802267653e-03 8.671713566332896542e-03 8.992686359764212947e-03 1.158213153035468797e-02 8.195025190349949223e-03 8.956727424893298761e-03 9.634223811109588267e-03 9.672263267260530067e-03 1.007130996561348031e-02 8.707203877537209730e-03 9.284653575902497916e-03 1.003584589836970659e-02 8.671895060647707987e-03 8.201343574788836147e-03 1.100757568963961139e-02 8.678835165737600055e-03 1.003882220186238204e-02 7.398279180326728169e-03 9.003672720469955287e-03 9.662756464726538277e-03 1.005074010999556892e-02 9.657393203859212724e-03 1.293563276285839524e-02 8.203312960219403052e-03 8.705958081348124170e-03 9.310507905437271151e-03 8.456274242776080224e-03 8.985067163976217380e-03 9.313367438244212967e-03 9.310178619032745753e-03 9.307404660781502456e-03 8.703820066588563789e-03 1.223004136443804450e-02 7.842781890602546629e-03 8.232165274180643089e-03 8.449520915057148404e-03 9.675289582957274578e-03 8.963095456911563189e-03 1.051650467711425126e-02 8.704478832750677311e-03 1.006740642309373809e-02 7.508078214614358897e-03 9.633531187206445523e-03 8.967128302347313409e-03 8.700581315687039644e-03 8.993574541904979930e-03 8.996773011650137028e-03 9.616274820086055664e-03 8.028229757955314405e-03 8.456924230342064211e-03 9.657119555335590480e-03 8.226629398313693720e-03 9.296941886360616386e-03 7.847407734846691130e-03 8.459597196223120341e-03 1.005606086998048383e-02 9.310597797866082548e-03 9.317744629569746362e-03 9.642909191259775234e-03 1.376219169522305795e-02 8.449326042325351616e-03 8.996813241163260574e-03 7.843588080291417908e-03 9.668024250686715199e-03 8.025912856277428800e-03 8.708200760220816128e-03 8.462277986675051378e-03 8.706184012131556668e-03 8.991153551738245361e-03 9.010494639233845512e-03 7.839933496298802720e-03 9.645843324689984399e-03 1.007448652383566637e-02 9.315054860001304241e-03 1.050777285690150317e-02 8.203572084523507238e-03 9.010893038300583913e-03 8.424681020727423086e-03 1.156913826734998381e-02 1.004986443389490128e-02 8.703851380121942899e-03 9.675808383246376626e-03 9.287312857501447277e-03 7.833228104559135027e-03 8.701785286806618461e-03 1.007085462238293747e-02 8.704242622528028314e-03 9.664657460204985340e-03 8.977678530721120917e-03 7.529637027568255453e-03 8.697079416979855079e-03 1.050918697701632223e-02 9.663167943186910802e-03 8.225904814148402369e-03 1.220509370973896224e-02 9.658458472209453805e-03 9.655740808399884689e-03 9.676608978889786675e-03 7.533806455583683288e-03 8.229808533728986270e-03 8.722192633240566026e-03 1.099550276682387945e-02 8.452385938869296303e-03 8.703121491602862012e-03 8.719548991422384002e-03 7.847812191128381368e-03 8.998805933369283250e-03 1.006754919195613877e-02 8.985625352382051179e-03 9.305380170516842214e-03 8.998604648707617462e-03 9.317997148316286074e-03 8.709703650417109991e-03
8.081566181001753613e-03 8.909179517471726636e-03 9.183550327565567079e-03 8.901762197805539872e-03 9.209705607842694902e-03 9.810918940755567266e-03 8.462152390360175302e-03 0.000000000000000000e+00 7.949018421813898450e-03 8.649112441358405151e-03 1.021402901775071877e-02 9.198014302943705728e-03 1.024760095006087106e-02 9.480810765931026174e-03 8.666338547194734829e-03 8.468360508566604924e-03 8.899057828769289455e-03 9.211341902452614000e-03 1.170469586487708769e-02 8.442038228440567477e-03 9.204413180010877563e-03 9.831020381477343847e-03 9.836989740735930035e-03 1.022486918973556855e-02 8.907077537931323841e-03 9.491839319613601389e-03 1.025895971999969507e-02 8.899231370912167802e-03 8.473251946737970358e-03 1.114122749922636518e-02 8.905728740037432284e-03 1.022622629449580420e-02 7.682425957098676893e-03 9.223047899958111348e-03 9.828771218485448519e-03 1.020613529398101647e-02 9.857569031112531008e-03 1.308592596296731525e-02 8.476034761858673716e-03 8.935303057893501100e-03 9.520597145240845827e-03 8.695508749508503235e-03 9.205090285950368392e-03 9.522641201854970330e-03 9.519937993852038011e-03 9.517796445529313337e-03 8.933624311274500351e-03 1.238709242959089123e-02 8.107202036917005028e-03 8.480016944684556218e-03 8.689375398664007238e-03 9.874543369718460223e-03 9.211365977151901932e-03 1.069841087251539175e-02 8.905091952458967994e-03 1.025819472034853602e-02 7.805909213229515406e-03 9.865674570239587812e-03 9.214863238010894200e-03 8.930107359671842285e-03 9.213135629801234502e-03 9.216524648801861438e-03 9.848918102309851472e-03 8.259798295356259035e-03 8.695634052216147034e-03 9.857672125989419901e-03 8.474977124047131799e-03 9.475038861744037103e-03 8.111824267782206249e-03 8.698395766378293550e-03 1.024723863525102939e-02 9.520518825959629200e-03 9.527602026490156889e-03 9.843861869652574537e-03 1.390486138018292780e-02 8.688528198698959246e-03 9.216221808290413903e-03 8.108121207051852478e-03 9.868032679163907944e-03 8.282467211454454595e-03 8.937552267358608860e-03 8.701040085203219643e-03 8.935955415564878282e-03 9.210945541068327191e-03 9.229489461009383888e-03 8.104722903612773116e-03 9.846507878507387498e-03 1.026504775466870883e-02 9.524910948003640146e-03 1.068980186953321157e-02 8.475882882435148077e-03 9.229983296575977950e-03 8.689503388873398224e-03 1.173416491860242855e-02 1.024131467231045693e-02 8.933475413215184041e-03 9.875807575414397022e-03 9.498098030370598355e-03 8.098372481962561389e-03 8.931534142315553093e-03 1.026158934247048578e-02 8.934078554298657132e-03 9.864938101368689663e-03 9.197811935955523335e-03 7.808244452074093213e-03 8.927008516366812321e-03 1.069101760104169269e-02 9.863692054536077336e-03 8.473935458437579712e-03 1.236225538395635190e-02 9.858706449100279601e-03 9.856254804529698127e-03 9.876587483709944534e-03 7.812077082805253710e-03 8.477922484159910663e-03 8.951079991803201005e-03 1.116895391169002091e-02 8.691435743259095723e-03 8.932714626112125272e-03 8.948539036694120111e-03 8.112186347878759182e-03 9.218457153651441610e-03 1.025832015985288573e-02 9.205489964906264991e-03 9.515030165371560905e-03 9.218040267437194180e-03 9.527485573858298154e-03 8.939056101431157655e-03
7.246606538728126400e-03 8.194698802025621523e-03 8.501618568000727030e-03 8.186226612364275179e-03 8.519729718504081076e-03 9.186887622699953584e-03 7.657560454007172890e-03 7.949018421813898450e-03 0.000000000000000000e+00 7.900530021515004414e-03 9.621405099021649795e-03 8.482696674920154126e-03 9.618851054116485041e-03 8.827753484463230632e-03 7.942036713537624359e-03 7.664653577744643363e-03 8.183726045849444575e-03 8.522006384700924267e-03 1.119289512669172093e-02 7.664168677090423508e-03 8.490025436900085556e-03 9.235030786541177650e-03 9.215853485363212708e-03 9.633454851584106679e-03 8.192642739744597155e-03 8.839773270128171989e-03 9.658048265100201146e-03 8.183663179104792504e-03 7.670447979721072874e-03 1.060278700324471940e-02 8.213733380405343482e-03 9.661443260280348083e-03 6.771860410865940434e-03 8.533471895099785029e-03 9.232227015441112766e-03 9.639258308923679547e-03 9.226979714259942594e-03 1.260953571471301257e-02 7.693527395251631255e-03 8.213958495879076019e-03 8.835682465535567645e-03 7.943363689713593689e-03 8.513799040689320682e-03 8.863706499249951118e-03 8.859877635031248450e-03 8.857551827213790488e-03 8.212049478848524112e-03 1.188923076552591412e-02 7.268244098425902938e-03 7.698495623055943288e-03 7.936340291401382252e-03 9.219346496498718666e-03 8.521249666466347225e-03 1.012482399369059663e-02 8.212444709304218826e-03 9.656370202477500969e-03 6.916267428114115587e-03 9.209175748420658780e-03 8.524868977500014641e-03 8.185634258528589821e-03 8.523046838422993626e-03 8.526679179462376065e-03 9.217015139050124123e-03 7.453981607591494626e-03 7.943991680676337416e-03 9.226525255502004280e-03 7.692300859241198163e-03 8.845915088341312765e-03 7.273358874760664679e-03 7.946912414955788900e-03 9.644964370103569981e-03 8.860661491391244246e-03 8.868005102293312694e-03 9.211512759283833549e-03 1.345029065824964419e-02 7.936024068595943018e-03 8.502575445472520047e-03 7.268940382936174734e-03 9.237949783025124414e-03 7.471241455968983050e-03 8.216319983374686942e-03 7.949871040101356978e-03 8.191576013267998571e-03 8.520257268694481426e-03 8.540915277293156804e-03 7.264995741353844419e-03 9.214506380490743859e-03 9.663955441436508989e-03 8.865263205956427223e-03 1.011529377110208412e-02 7.693540444344805322e-03 8.541340162877518460e-03 7.936651989815678501e-03 1.121086516526264773e-02 9.638478456666396341e-03 8.211716807351426145e-03 9.246136174567718205e-03 8.835998753482581305e-03 7.257618589684699043e-03 8.209350307649429176e-03 9.660013064735786456e-03 8.211969688068136708e-03 9.234404756676429724e-03 8.505800412324978840e-03 6.918753325221856099e-03 8.204270068764811172e-03 1.011666536792180972e-02 9.233066574254380002e-03 7.691373562359160587e-03 1.186315131947868716e-02 9.227875766598720234e-03 9.224933822801290040e-03 9.246976404447148148e-03 6.923413091134116536e-03 7.695787183733756448e-03 8.231498003855343415e-03 1.062028902755269948e-02 7.939037793369725302e-03 8.210788555738101485e-03 8.228527876915308834e-03 7.273802328247788544e-03 8.528520622088390721e-03 9.656982004054914109e-03 8.514301462233298673e-03 8.854595172281270674e-03 8.528179053022111322e-03 8.868136416265184202e-03 8.217774064738517237e-03
8.055642622170452322e-03 8.914684682457889656e-03 9.162649681638150578e-03 8.878046004086445273e-03 9.157650662797001129e-03 9.790536034863664763e-03 8.411354006201670480e-03 8.649112441358405151e-03 7.900530021515004414e-03 0.000000000000000000e+00 1.019573842883697914e-02 9.145150336074081218e-03 1.019300335602285092e-02 9.491493980750574655e-03 8.642546336900104251e-03 8.417689498824409630e-03 8.875936849234039930e-03 9.159729056412272558e-03 1.172910636140614415e-02 8.416768796906030567e-03 9.151556333937120938e-03 9.844156333075627582e-03 9.817929922713030527e-03 1.024242223731811931e-02 8.884488672467627871e-03 9.470883353984894601e-03 1.023984480784399624e-02 8.876002426712237617e-03 8.422853462693507751e-03 1.116277974374504760e-02 8.882827831664474524e-03 1.024245007114121808e-02 7.635074277828828027e-03 9.201039833526974271e-03 9.842550909056616698e-03 1.022265337108814107e-02 9.837650477052027956e-03 1.307070192946153779e-02 8.450825785572617724e-03 8.912332920290349375e-03 9.498953816751299489e-03 8.671320722556379035e-03 9.182787527359652022e-03 9.502060528974273779e-03 9.498844807189996478e-03 9.496377595405914099e-03 8.910624205649735757e-03 1.237189714744454765e-02 8.058023341949348273e-03 8.455116947278179876e-03 8.664887214311979211e-03 9.854768397680133477e-03 9.189313311418034758e-03 1.068067440983373056e-02 8.911016664996565528e-03 1.020354214198779946e-02 7.778015738566033954e-03 9.845290090363771618e-03 9.192798200092017896e-03 8.907211815426746906e-03 9.191460501075002926e-03 9.194596783827052935e-03 9.828483296601757749e-03 8.258181855766485308e-03 8.671854014654402365e-03 9.837587220065851026e-03 8.449903139772016805e-03 9.485845969366742819e-03 8.085342780416841096e-03 8.674418392283741661e-03 1.022797808253501396e-02 9.499495465688692630e-03 9.506439564335064998e-03 9.823591235094608284e-03 1.389059482341409996e-02 8.664686866072759952e-03 9.194110671740633733e-03 8.081580930690305739e-03 9.848014769207871430e-03 8.256826719583380825e-03 8.914663188031014124e-03 8.677074210355224457e-03 8.912663992825607673e-03 9.188732594136633791e-03 9.207297603491856886e-03 8.078041694718863380e-03 9.826580155566765756e-03 1.024617455771686426e-02 9.503720173195933513e-03 1.067148184143837039e-02 8.450864031226202819e-03 9.208015865363501293e-03 8.665211317797905100e-03 1.171758049187225127e-02 1.022203251820602565e-02 8.910426973680694168e-03 9.855610145447229672e-03 9.476650200047023742e-03 8.071572274581018461e-03 8.908294332561742662e-03 1.024234529423382126e-02 8.910527272718271261e-03 9.844705939996707678e-03 9.175535633676810965e-03 7.780063982295194226e-03 8.903755201161985683e-03 1.067271643736561297e-02 9.843463805434906483e-03 8.448995350554809949e-03 1.234647624606495173e-02 9.838646392297058924e-03 9.836118901757293434e-03 9.856221054008745472e-03 7.784070868547971096e-03 8.452740870227558670e-03 8.927709031847017029e-03 1.115149344209486262e-02 8.667249488400656857e-03 8.909385475441289337e-03 8.925372481824222007e-03 8.085511862868644678e-03 9.196097251994989411e-03 1.023926349205322300e-02 9.183146672031248028e-03 9.493952689182252880e-03 9.195839601492391407e-03 9.506299246987601551e-03 8.915846145182943633e-03
9.744439285468866133e-03 1.040289960028533897e-02 1.062289197042230390e-02 1.039688900686025312e-02 1.066048290944242131e-02 1.118145908692175401e-02 1.005981686374499834e-02 1.021402901775071877e-02 9.621405099021649795e-03 1.019573842883697914e-02 0.000000000000000000e+00 1.061070182303360844e-02 1.152109788943706838e-02 1.090764179966238236e-02 1.024475648628584389e-02 1.006458540781654011e-02 1.039491775443668851e-02 1.062069151191222943e-02 1.277330258123326318e-02 1.003089310040729959e-02 1.061600105523490163e-02 1.115167047522119294e-02 1.115635165552146882e-02 1.148091648445320224e-02 1.043913847655600184e-02 1.091626816303392471e-02 1.153003342864432346e-02 1.039499600039267210e-02 1.006918349240039194e-02 1.232933193804376659e-02 1.040003219610383285e-02 1.148232599756363048e-02 9.433247833478488123e-03 1.067187724110492050e-02 1.119748188682024095e-02 1.151648816365166347e-02 1.119319390376729596e-02 1.406320728085239807e-02 1.007133150789431449e-02 1.044026234388223222e-02 1.091471343249179535e-02 1.024678291950685723e-02 1.065730316188309885e-02 1.091658807518247794e-02 1.091401826000308606e-02 1.091247169315816799e-02 1.043839901221010023e-02 1.341801194176510913e-02 9.776271557256055109e-03 1.007468552576439545e-02 1.024211924581794678e-02 1.120775673423787984e-02 1.066241203659278568e-02 1.190829303019158916e-02 1.043883392065773907e-02 1.153017719513222891e-02 9.533252381890969240e-03 1.120000013483744318e-02 1.066548191966727385e-02 1.039775446449099812e-02 1.066413044781608713e-02 1.066691401360320667e-02 1.118612322258818667e-02 9.886969031344694861e-03 1.024750632108161440e-02 1.119328722273934575e-02 1.007047934856296345e-02 1.090366892003517482e-02 9.779538932432569470e-03 1.024946901431323526e-02 1.152120074880246155e-02 1.091476282816228847e-02 1.092036296365858986e-02 1.118195983132306420e-02 1.483023355519977327e-02 1.024159856034259283e-02 1.066646002939485721e-02 9.776738858210573882e-03 1.120222346328706743e-02 9.916566679286902691e-03 1.044159639330331964e-02 1.025158082143835803e-02 1.043994610709178192e-02 1.066206777924011591e-02 1.067727038373415815e-02 9.774005947379904233e-03 1.118422836194009513e-02 1.153624775380820804e-02 1.091823685875155034e-02 1.190067021590841129e-02 1.007133898733878798e-02 1.067765586801900680e-02 1.024228145286213039e-02 1.282430316344139280e-02 1.151606261544455001e-02 1.043826884331469640e-02 1.120853045375241192e-02 1.089620288070032063e-02 9.768819569943030037e-03 1.043656033469159833e-02 1.153325203867375422e-02 1.043856464120404559e-02 1.119948286107102717e-02 1.065155569829329997e-02 9.535036260307197878e-03 1.043293132304469635e-02 1.190161976892038266e-02 1.119844570562802261e-02 1.006982045882647350e-02 1.339502952129868404e-02 1.119444649004434737e-02 1.119218532704021121e-02 1.120914628490580003e-02 9.538117634942519171e-03 1.007287676149434298e-02 1.045234786098652238e-02 1.231995580321575655e-02 1.024384045605521501e-02 1.043752136203153838e-02 1.045016875629327033e-02 9.779816489644797134e-03 1.066802076794877603e-02 1.153064408187908993e-02 1.065774363691549334e-02 1.090997931630371780e-02 1.066788396994822544e-02 1.092047387775588879e-02 1.044258472806540786e-02
8.649459885697929895e-03 9.418180391963465112e-03 9.640984500395658949e-03 9.378818722882723002e-03 9.670769609417123602e-03 1.026600043345923113e-02 8.949601942639986638e-03 9.198014302943705728e-03 8.482696674920154126e-03 9.145150336074081218e-03 1.061070182303360844e-02 0.000000000000000000e+00 1.064882225957098673e-02 9.954025597451903948e-03 9.161979362573862209e-03 8.955858634212705491e-03 9.376323325457324928e-03 9.638744577999069918e-03 1.209036675092961879e-02 8.954962701825794000e-03 9.630933932524681981e-03 1.028581678223864683e-02 1.029168289983260591e-02 1.066184831279431110e-02 9.383964096941916147e-03 9.928181903932771848e-03 1.061841335138236433e-02 9.376497088212500802e-03 8.988698610736117756e-03 1.149736760557636822e-02 9.414872050984067139e-03 1.066185707193648656e-02 8.239569372204286896e-03 9.682436044412663645e-03 1.028312178930458273e-02 1.064276501544648632e-02 1.027841575405425908e-02 1.339604973216939297e-02 8.990438543932536067e-03 9.415140160704861538e-03 9.960480642087272962e-03 9.192756531015760721e-03 9.665521246526382476e-03 9.963829056809085649e-03 9.960293197632922452e-03 9.958279998356894119e-03 9.413516882135498573e-03 1.271366541652194267e-02 8.626378707412106842e-03 8.994778981037220358e-03 9.157311589402297378e-03 1.029482411022716003e-02 9.637892072811215724e-03 1.107946895118252194e-02 9.413762831147696672e-03 1.065824037160616536e-02 8.373728283743881243e-03 1.024715221053732091e-02 9.675087019795683071e-03 9.410325950390307018e-03 9.673373776899956561e-03 9.642835625988516873e-03 1.026942519786455330e-02 8.814721083244396807e-03 9.193821651022325916e-03 1.027854560373437157e-02 8.989897709125161535e-03 9.948464366716256932e-03 8.655747218485798991e-03 9.196139489664951691e-03 1.064811617861288924e-02 9.961304510480481489e-03 9.931506061453612699e-03 1.026537976410832678e-02 1.419974167914111671e-02 9.187415501763360887e-03 9.676606243345025476e-03 8.652305865779554711e-03 1.028839073991539253e-02 8.813005831070636412e-03 9.417574159864184127e-03 9.198555843473128768e-03 9.415712273464129506e-03 9.671708261375628821e-03 9.688857019633193013e-03 8.649322314057858799e-03 1.026819982474739580e-02 1.066542351851495173e-02 9.965258818541640126e-03 1.107071459347893326e-02 8.990765382413086829e-03 9.689315913805505651e-03 9.187683639883707093e-03 1.207854052535579578e-02 1.064228098002999862e-02 9.413691619912874578e-03 1.029577414364962404e-02 9.939915974394577733e-03 8.643295738516978965e-03 9.411921304598487234e-03 1.066180652707264531e-02 9.414378570133585464e-03 1.028550078978765665e-02 9.659398353915514546e-03 8.376122920459014298e-03 9.407730984293710338e-03 1.107226959819149724e-02 1.028406735568234039e-02 8.989111319705683084e-03 1.268944305678534369e-02 1.027979030065269764e-02 1.027741009756452488e-02 1.029650428159642299e-02 8.379642557454018356e-03 8.992805460843059442e-03 9.430007925921702824e-03 1.153172969201951906e-02 9.189776237600448192e-03 9.412912633615641567e-03 9.427662999060495638e-03 8.656025107184427483e-03 9.678446531973989436e-03 1.065886932831799916e-02 9.666430971087791937e-03 9.956335032194806034e-03 9.678235470660217707e-03 9.967661118876787810e-03 9.418882750510228566e-03
