0.000000000000000000e+00 1.462219923966797536e-02 1.263456346196544476e-02 1.389855261092752016e-02 1.262619806511461155e-02 1.649658667938382756e-02 1.440461847582436353e-02 1.418146147850679953e-02 1.239119082073483584e-02 1.292863077156867525e-02 1.585354184336595570e-02 1.333099471378661020e-02 1.531314342050884431e-02 1.419058534868113813e-02 1.427770891864308007e-02 1.371503390866432581e-02 1.461127495505658812e-02 1.447435159314845211e-02 1.452125254913767295e-02 1.256683846572244183e-02 1.554917265063527135e-02 1.238424923947987338e-02 1.382660198449566120e-02 1.707753363010563324e-02 1.438184452071870206e-02 1.419862092619034871e-02 1.499927015535204577e-02 1.538419806938932238e-02 1.335140874670257688e-02 1.407181210169475803e-02 1.424682800199204673e-02 1.201466391181140077e-02 1.516083201556995934e-02 1.447306162106222829e-02 1.397366478713967138e-02 1.494656986735463239e-02 1.352246119382299536e-02 1.425733764940540806e-02 1.494934911191995140e-02 1.689155772514478598e-02 1.377092908744653732e-02 1.402588297678403900e-02 1.577963223741577631e-02 1.471128638891157706e-02 1.561897448170801450e-02 1.533489917030894829e-02 1.535598599919245355e-02 1.333071540729919256e-02 1.307312680543866977e-02 1.626048001602617768e-02 1.342475435692722964e-02 1.560502847840569869e-02 1.393554293745990005e-02 1.422708328694258055e-02 1.586910371887042745e-02 1.515134526591749992e-02 1.327100096318144067e-02 1.462191179373727688e-02 1.426169301568963252e-02 1.291393947991381283e-02 1.374384888366988328e-02 1.351581878973404788e-02 1.603739721494962245e-02 1.589280505589362597e-02 1.661292737416294324e-02 1.438338778101998054e-02 1.279276092995037216e-02 1.293483224924848324e-02 1.630290499694091177e-02 1.620257586167278899e-02 1.679072705402394686e-02 1.588418550209987415e-02 1.481564556189632689e-02 1.321852290122057724e-02 1.329069685149466586e-02 1.507356188675739415e-02 1.371849002610481781e-02 1.456281668382661786e-02 1.446385532917308578e-02 1.742870257369833267e-02 1.313192068798992203e-02 1.589207268735669948e-02 1.374299809862602507e-02 1.425544142679082728e-02 1.268608851707412992e-02 1.438351947487687479e-02 1.512381578447840463e-02 1.458686721185784019e-02 1.391314485131995432e-02 1.609275210667735281e-02 1.555824330662258607e-02 1.512746882887633197e-02 1.519757022145036725e-02 1.585689351589471968e-02 1.587329212313606797e-02 1.489870588429397825e-02 1.401532656516884731e-02 1.454371681898128377e-02 1.518047157562535908e-02 1.469365070846577991e-02 1.513948398672899237e-02 1.352424320567421727e-02 1.592963116548198541e-02 1.499879625158647214e-02 1.362567815948898670e-02 1.532861875304498446e-02 1.657582593655422543e-02 1.566088381919389719e-02 1.604137131364536534e-02 1.355283058912549153e-02 1.533891765225855325e-02 1.461086383376315918e-02 1.625842164602397943e-02 1.581287673818232084e-02 1.425548301212259568e-02 1.361991492664974684e-02 1.447010619030328349e-02 1.556185636563378258e-02 1.557120621760785598e-02 1.532940946679216092e-02 1.365769808459385733e-02 1.590188767479125409e-02 1.529202758726144577e-02 1.555768600138318289e-02 1.474884950787901799e-02 1.389197852448694273e-02 1.468128593366295823e-02 1.642258431800399168e-02
1.462219923966797536e-02 0.000000000000000000e+00 1.418436427943645280e-02 1.452429682924611526e-02 1.320687078253995547e-02 1.514331955720087976e-02 1.493816154815626705e-02 1.456808229468700526e-02 1.268424932632596612e-02 1.496167342793777721e-02 1.488263088908004135e-02 1.432868271855124338e-02 1.443959995266369534e-02 1.451798831882805674e-02 1.210615200757835484e-02 1.395056776537069443e-02 1.434115227988469812e-02 1.252392384543597054e-02 1.440917563007104718e-02 1.469168946615759253e-02 1.455848332298683920e-02 1.497778175157707045e-02 1.385205888516243683e-02 1.574855148446499889e-02 1.482774467286924330e-02 1.453295181561886813e-02 1.428780664442932599e-02 1.448404819880547319e-02 1.526070499563090578e-02 1.427303914895936693e-02 1.418285713914867532e-02 1.470941710991001579e-02 1.422281068972589685e-02 1.428045627459751700e-02 1.462460099746062774e-02 1.438290371060767237e-02 1.483400432425749892e-02 1.436131801422127659e-02 1.453027300976393772e-02 1.541014476421822578e-02 1.463200580624207832e-02 1.443342324468289625e-02 1.456611409294073477e-02 1.432125389409288387e-02 1.458011833713728812e-02 1.453798896642224774e-02 1.436468898363617644e-02 1.508667027780729968e-02 1.481364959834069114e-02 1.484698690085269578e-02 1.369425542361299777e-02 1.430804941466441889e-02 1.412145554244760223e-02 1.476484804541036699e-02 1.482362239443411021e-02 1.455733800955161944e-02 1.394871634938663757e-02 1.473262685701768986e-02 1.416394669847926245e-02 1.419832961425625956e-02 1.446217747399644593e-02 1.371879192421807808e-02 1.486805123511700417e-02 1.467571743411800154e-02 1.524289136404210869e-02 1.422082742809103149e-02 1.447142441184971415e-02 1.517273722364988718e-02 1.523713899314982183e-02 1.472032191571501572e-02 1.542908426642360629e-02 1.320919767480044534e-02 1.449258045227671231e-02 1.469746500968628460e-02 1.388828097461648585e-02 1.436973528946355709e-02 1.488914903432178929e-02 1.231227034279699754e-02 1.487277464137054354e-02 1.593203130297199746e-02 1.478839274174736408e-02 1.460672450031598457e-02 1.560642337923863303e-02 1.439855945513259655e-02 1.371462633926244165e-02 1.396521093721975020e-02 1.448515424171454083e-02 1.433874147732896662e-02 1.443913683329428078e-02 1.461841091204555201e-02 1.455703261171996041e-02 1.439298008214817681e-02 1.381449706996003973e-02 1.435842044163539687e-02 1.481060007156233954e-02 1.431146955206210290e-02 1.441614544838256719e-02 1.467361807071384215e-02 1.436991666164331646e-02 1.423767598532947772e-02 1.431281239728409739e-02 1.423127625198500855e-02 1.471930031849140799e-02 1.422439219551784907e-02 1.489371892546911130e-02 1.431414685308601310e-02 1.539043515745827304e-02 1.435968512921007890e-02 1.476304676402336036e-02 1.396655682182817299e-02 1.468249637275113526e-02 1.426180414210912774e-02 1.505147871827499859e-02 1.470534656397617067e-02 1.470499294409025395e-02 1.292554617405634529e-02 1.390330719279294844e-02 1.443833070895520626e-02 1.431857351874602988e-02 1.435696574301166192e-02 1.426613682509343672e-02 1.453466810848264880e-02 1.441663340130592240e-02 1.443059608269667976e-02 1.439215386019308991e-02 1.490816239592100342e-02 1.446931264306207734e-02 1.503225730721339387e-02
1.263456346196544476e-02 1.418436427943645280e-02 0.000000000000000000e+00 1.343120377546594413e-02 1.364886884938683320e-02 1.558187723132438939e-02 1.252789025778594176e-02 1.354839856164770200e-02 1.300619374248587236e-02 1.228567409754264053e-02 1.515598808601020635e-02 1.355281080329671234e-02 1.333727786833983388e-02 1.353420888949109085e-02 1.397635775576210049e-02 1.428400864467257135e-02 1.341324165328075350e-02 1.500379062336804591e-02 1.336521834546669854e-02 1.309768872374000859e-02 1.475532745688962546e-02 1.320394061030310921e-02 1.359778213514526921e-02 1.638624376110143360e-02 1.405912816012995330e-02 1.391767441037354038e-02 1.419916217220055024e-02 1.483902395436659943e-02 1.389680214224358300e-02 1.334328187975903322e-02 1.366783510247074340e-02 1.224336442168118266e-02 1.444536993131462568e-02 1.367234211115723325e-02 1.345165964697015923e-02 1.417206402456911221e-02 1.423006664361947497e-02 1.392739810576141581e-02 1.417565759194171042e-02 1.598007241482461357e-02 1.333293267395311080e-02 1.355738745646238759e-02 1.519272295033002700e-02 1.402415363262091846e-02 1.469879828915506177e-02 1.465712536878598093e-02 1.472674549091753000e-02 1.388751630868697608e-02 1.237410196663995231e-02 1.558522468286569970e-02 1.232307035591658287e-02 1.467423449519607119e-02 1.309574078671397329e-02 1.339014308877703799e-02 1.502771480648108088e-02 1.429709561314921294e-02 1.359659825239891047e-02 1.379385969993480489e-02 1.402442351644632261e-02 1.351265194973512093e-02 1.326237122187162547e-02 1.403530976054869102e-02 1.536173481878295652e-02 1.506772927444285232e-02 1.557474109197260793e-02 1.364003325989981801e-02 1.338878193841785968e-02 1.385984966529744608e-02 1.576721960391728322e-02 1.518553276091664204e-02 1.592470291028271617e-02 1.542330959651654586e-02 1.415839209547062327e-02 1.380381580769763847e-02 1.295866618497586858e-02 1.419581335673741548e-02 1.377838146306108007e-02 1.387351254038794376e-02 1.360044875765440212e-02 1.653139472633279733e-02 1.336184746305472612e-02 1.500842976078034345e-02 1.418983252393803823e-02 1.425948359262883651e-02 1.326027947210436930e-02 1.355515603584574180e-02 1.338945354043749765e-02 1.362997927095525169e-02 1.368628797667467874e-02 1.537797687753132518e-02 1.459007993973772746e-02 1.441194336560793453e-02 1.431734575433665432e-02 1.469775612891104782e-02 1.510103822286912138e-02 1.398274458127207916e-02 1.362099697908245380e-02 1.409068243146306687e-02 1.444520501834639994e-02 1.416925616295125999e-02 1.388307474110720731e-02 1.407858341246310055e-02 1.518672937060525953e-02 1.420531262517769726e-02 1.351420191243208647e-02 1.451631423236265407e-02 1.557331053551173385e-02 1.455990362344411135e-02 1.516915255836978269e-02 1.412346525756520872e-02 1.447440072497525182e-02 1.382957532300572827e-02 1.545670746175715170e-02 1.495286246558763694e-02 1.383500277616009182e-02 1.329237762757807736e-02 1.355937917009807439e-02 1.469361674505796633e-02 1.487236204557401686e-02 1.324240307786770168e-02 1.206813615828411859e-02 1.516050163292784365e-02 1.284468886691958640e-02 1.483991884547326313e-02 1.390681484049014795e-02 1.385238491533132867e-02 1.412046395347696034e-02 1.560311290476286417e-02
1.389855261092752016e-02 1.452429682924611526e-02 1.343120377546594413e-02 0.000000000000000000e+00 1.248535758326312604e-02 1.590275150901198503e-02 1.424198356767007387e-02 1.271808430816942330e-02 1.366760963772107283e-02 1.372249039670660024e-02 1.527658563328703790e-02 1.337434518513041549e-02 1.477925137802984894e-02 1.348404007287881505e-02 1.406729642410224634e-02 1.453842073961468702e-02 1.408010302302891217e-02 1.527797060238503604e-02 1.393703571926620775e-02 1.356327184708671502e-02 1.509827272337524798e-02 1.380001015214463861e-02 1.350751139785480448e-02 1.649323269489785804e-02 1.392766429322748155e-02 1.366236618737784111e-02 1.447867986221205473e-02 1.479161862088018004e-02 1.285005972810967199e-02 1.340468711385904739e-02 1.237482681013631416e-02 1.324065647138196467e-02 1.422970763181928208e-02 1.264706089795119073e-02 1.337912724322942552e-02 1.433707183726137292e-02 1.419486292816383131e-02 1.344597227471761546e-02 1.313909034043775174e-02 1.616601037788020431e-02 1.354553461264626502e-02 1.359221755213116910e-02 1.474261174953322463e-02 1.418053818036590051e-02 1.489401197064454604e-02 1.475928388534684596e-02 1.486203101120830289e-02 1.393840725087748013e-02 1.287814877749763297e-02 1.550460714434596238e-02 1.309906881540557136e-02 1.440941389654613013e-02 1.364594419617424018e-02 1.399303507154831851e-02 1.492616958070050112e-02 1.481340872580198982e-02 1.376390241139162363e-02 1.265045701665466239e-02 1.373433688621484954e-02 1.345605410704881454e-02 1.370864043472222460e-02 1.450698015272104506e-02 1.553297199192496363e-02 1.509119947357291484e-02 1.590080380569865171e-02 1.396603327016380201e-02 1.362655439629490914e-02 1.358606730132439974e-02 1.577987883640745437e-02 1.536750946956468369e-02 1.599922885479840642e-02 1.565053562053097397e-02 1.272682544496865804e-02 1.382084567082090577e-02 1.404026393650168424e-02 1.453471688829122144e-02 1.323477744124542006e-02 1.425742934155335706e-02 1.416716244338760838e-02 1.653719413362967489e-02 1.356041108132521704e-02 1.521011858911548720e-02 1.412628793141878190e-02 1.499558449086490185e-02 1.377644165854594732e-02 1.389113168775999059e-02 1.434350610891692995e-02 1.243599935963657366e-02 1.359924385041999355e-02 1.561948602189365543e-02 1.505073195504717624e-02 1.471722091666398911e-02 1.415992355822825316e-02 1.500046129781087631e-02 1.516251342618106339e-02 1.405291546270718769e-02 1.338279920583656038e-02 1.349825633395591341e-02 1.420317466950468677e-02 1.434340404517364491e-02 1.441230192036802027e-02 1.421571334910846397e-02 1.496959012249534336e-02 1.407691780454211998e-02 1.242801901886863430e-02 1.307034699561405999e-02 1.592831553755344118e-02 1.486260664325314042e-02 1.517353088353453477e-02 1.445727947150648660e-02 1.424640881166292297e-02 1.361295279131549511e-02 1.572094619350046171e-02 1.531689947647342509e-02 1.331016158198068677e-02 1.325053616381867590e-02 1.425251120652428274e-02 1.356496129693409228e-02 1.475225808405742668e-02 1.449512855369187829e-02 1.343798934206892268e-02 1.522118775572370991e-02 1.484990197201502618e-02 1.470174646206040374e-02 1.409351227550020673e-02 1.377303009035905218e-02 1.283398500073774581e-02 1.551613958226680592e-02
1.262619806511461155e-02 1.320687078253995547e-02 1.364886884938683320e-02 1.248535758326312604e-02 0.000000000000000000e+00 1.607592767989823868e-02 1.448914856045123607e-02 1.380154336661987106e-02 1.349864425562490901e-02 1.396882503980075366e-02 1.542663107503883246e-02 1.330149153545436350e-02 1.506681278167997309e-02 1.383288470122222974e-02 1.274743759317730277e-02 1.421043112590940696e-02 1.431194168318806678e-02 1.468846760685554344e-02 1.428560321052380067e-02 1.382727463938067392e-02 1.520418280322307497e-02 1.387981828013461032e-02 1.246332461382700443e-02 1.655974919763108719e-02 1.390172403699657493e-02 1.421039864256476264e-02 1.460968366965245679e-02 1.507875150280389362e-02 1.381802161855088390e-02 1.387083795985615160e-02 1.348978667758975875e-02 1.383921732745388086e-02 1.305390210366668378e-02 1.397060767355831450e-02 1.387267718784416203e-02 1.450488749823172947e-02 1.449615968249214418e-02 1.239421758531124469e-02 1.451402495747924210e-02 1.629919648920450520e-02 1.357621895422069132e-02 1.396731452542030946e-02 1.374464822455372277e-02 1.441886594936343281e-02 1.525415528008752450e-02 1.499527520080617959e-02 1.482902920448436052e-02 1.433040047615517787e-02 1.380933306892752864e-02 1.573561178019599813e-02 1.357693244228782604e-02 1.511750850868255960e-02 1.379892019040805488e-02 1.420591218920776860e-02 1.511390208759458287e-02 1.491084677337660772e-02 1.400911915948934751e-02 1.389003459536918526e-02 1.262597689216371326e-02 1.230546609312005782e-02 1.387429805082317051e-02 1.409636284325191391e-02 1.564969387430265382e-02 1.519918383740795527e-02 1.606251072529634935e-02 1.404359635383452785e-02 1.331713556563633889e-02 1.277093231148377674e-02 1.599108679798703567e-02 1.534275226473930803e-02 1.617176898919041664e-02 1.549230679027061193e-02 1.391480596100786588e-02 1.398974489117323430e-02 1.415339920159278293e-02 1.491697807121399738e-02 1.390055859135326706e-02 1.430497708721737912e-02 1.440953958620938384e-02 1.673817917657353938e-02 1.405010475467491533e-02 1.546638898738626582e-02 1.439793200345591655e-02 1.502156180276210257e-02 1.340698818145071025e-02 1.419923683446953910e-02 1.491613451959466000e-02 1.400025076572586173e-02 1.225881998893464664e-02 1.574021720074289879e-02 1.520838946709484989e-02 1.460373329179298109e-02 1.430928318976561718e-02 1.525763646525755100e-02 1.521821249076412558e-02 1.436898648595956278e-02 1.345460445574019580e-02 1.410516527163524318e-02 1.468508907579523654e-02 1.436710114364712562e-02 1.473856116087150780e-02 1.410390764106141462e-02 1.521890231006525589e-02 1.452169263466783315e-02 1.394139698258249106e-02 1.456197240877812535e-02 1.596490686443794230e-02 1.521647675839075779e-02 1.534189659130299511e-02 1.293947087558248478e-02 1.488092951744601072e-02 1.406920484727280755e-02 1.591718598582857885e-02 1.512455914153484904e-02 1.356875181414286119e-02 1.361702582470365741e-02 1.393651069471817626e-02 1.487451081718338917e-02 1.495696999585723400e-02 1.476428996628152690e-02 1.358128568416502001e-02 1.534395184883062709e-02 1.503805861759838908e-02 1.512690764414675523e-02 1.423865117336191484e-02 1.378369300751578798e-02 1.421835752080096230e-02 1.563260738286422966e-02
1.649658667938382756e-02 1.514331955720087976e-02 1.558187723132438939e-02 1.590275150901198503e-02 1.607592767989823868e-02 0.000000000000000000e+00 1.466133567959949403e-02 1.593691443859373766e-02 1.554259276350152853e-02 1.626247656677681785e-02 1.455863432625543324e-02 1.582870288540783391e-02 1.490711777932186670e-02 1.449863400056442854e-02 1.533420450958457998e-02 1.512803108222043197e-02 1.530858429809349615e-02 1.441437688808940715e-02 1.544329020901032481e-02 1.582735340172542263e-02 1.488698247101236452e-02 1.619268401673701341e-02 1.566939504285682142e-02 1.482141021337995967e-02 1.563672441245431144e-02 1.440101592661617233e-02 1.494200575715008347e-02 1.448654136517074989e-02 1.672648248986852160e-02 1.552579610294325084e-02 1.551954709485374277e-02 1.604791201321765712e-02 1.538009266110397337e-02 1.543188896046848203e-02 1.596483275652791495e-02 1.526511631187053679e-02 1.514480765027347367e-02 1.564649909116740817e-02 1.533678383586407033e-02 1.442491919392329368e-02 1.577432898403944433e-02 1.598146626602677325e-02 1.482887258599583681e-02 1.476173244165712890e-02 1.489963017721853897e-02 1.476438625697706550e-02 1.475519545498875026e-02 1.671696265283227623e-02 1.667790563561915781e-02 1.444749756175439485e-02 1.606040381176751519e-02 1.508285999734428062e-02 1.555686836383821797e-02 1.569795146553476864e-02 1.502300201144568872e-02 1.507335898140585613e-02 1.515806852131440681e-02 1.590852342342694362e-02 1.541644707462141821e-02 1.542853761867384911e-02 1.570140758325358835e-02 1.494289885207372021e-02 1.430362885837003703e-02 1.443353984554836093e-02 1.442173009481873512e-02 1.565818808848646118e-02 1.580244719100335968e-02 1.697670061351597148e-02 1.440422937940449323e-02 1.464924103845107774e-02 1.466012144846135477e-02 1.453228047436483893e-02 1.569681921439007241e-02 1.563476105473065453e-02 1.692000306860579756e-02 1.492460538782380830e-02 1.645651870406943454e-02 1.486736579327915114e-02 1.565165632714618504e-02 1.485468660232992962e-02 1.611212410716750254e-02 1.469075681389067807e-02 1.697896818424231985e-02 1.470693114007745605e-02 1.539761786476293373e-02 1.513476437291549036e-02 1.525590792582692118e-02 1.557983940343873885e-02 1.578956585756324457e-02 1.406809768674938989e-02 1.468447744089959768e-02 1.493774298161183907e-02 1.475341144830199722e-02 1.443137228499163406e-02 1.500743345916175607e-02 1.523412210205525759e-02 1.578184533835753564e-02 1.556842453338855986e-02 1.554665049662063044e-02 1.514631794926418230e-02 1.544689294563482591e-02 1.515282136619385336e-02 1.490311999524289790e-02 1.510357517704140513e-02 1.604160607229630428e-02 1.485165068946187224e-02 1.432681053437493031e-02 1.453777674693385730e-02 1.466710942646412205e-02 1.520280901031646585e-02 1.534202989477148268e-02 1.556140674815920631e-02 1.293531047259192934e-02 1.447026945595060454e-02 1.611026916129186873e-02 1.586748172819641908e-02 1.515884160339491839e-02 1.487854279654277252e-02 1.485018434238343302e-02 1.515184260875920667e-02 1.570284017687927774e-02 1.449668685520578114e-02 1.473081858389053110e-02 1.491625467092795240e-02 1.524562843314480366e-02 1.570618807934053701e-02 1.525954418458957441e-02 1.446658500735074904e-02
1.440461847582436353e-02 1.493816154815626705e-02 1.252789025778594176e-02 1.424198356767007387e-02 1.448914856045123607e-02 1.466133567959949403e-02 0.000000000000000000e+00 1.396031059230715826e-02 1.377969709177196377e-02 1.398648857569133146e-02 1.576231547460596460e-02 1.376042535988698974e-02 1.493367266282436337e-02 1.409027696427578302e-02 1.438111449180520633e-02 1.461122380654573949e-02 1.387044905147047716e-02 1.556302813733658266e-02 1.397956434848915581e-02 1.250736408557377721e-02 1.352466531089888645e-02 1.413948159264633193e-02 1.435960489195845652e-02 1.669794466504403649e-02 1.437970776060906730e-02 1.419244425212211683e-02 1.357691694675379999e-02 1.502150767701053088e-02 1.458894077881739762e-02 1.377892272290348261e-02 1.390414706262392032e-02 1.424035443290051078e-02 1.514257117998968165e-02 1.403886306684060462e-02 1.284013616370199840e-02 1.478417248027387616e-02 1.440629291474445142e-02 1.448460145214906965e-02 1.451855104932929519e-02 1.613192581813866627e-02 1.402295890606266270e-02 1.394287894481323689e-02 1.560970613576286893e-02 1.469482487484762533e-02 1.513383011532163855e-02 1.522001640352084635e-02 1.487280938572333594e-02 1.441365742092200718e-02 1.409171395445431643e-02 1.591679339645927019e-02 1.404727924754295768e-02 1.497642624742931937e-02 1.408337723863400774e-02 1.382743550104069928e-02 1.560721829656687085e-02 1.300642852546055918e-02 1.422972946015207789e-02 1.449174978743573462e-02 1.446683428070249904e-02 1.421401829854881775e-02 1.375597508907260708e-02 1.465449645184597333e-02 1.544688081873359965e-02 1.537688978040942407e-02 1.594889071253985380e-02 1.250416731471304214e-02 1.400587770988586701e-02 1.462011810084164719e-02 1.592598817726402494e-02 1.527820245193158878e-02 1.616380592261047744e-02 1.594773682521451533e-02 1.457081261325618958e-02 1.457321334961955532e-02 1.446149442342171097e-02 1.502577753424962255e-02 1.430175984419167906e-02 1.422685668284230653e-02 1.211128078405141091e-02 1.686306892808426064e-02 1.434173858162119015e-02 1.514665852503837250e-02 1.437378064517945940e-02 1.538500977281831786e-02 1.422010159307980810e-02 1.295327424561923575e-02 1.481558692925491645e-02 1.460367613213251099e-02 1.426924809085245056e-02 1.592596469540461662e-02 1.503163305561017009e-02 1.481872886273673078e-02 1.489962949542825328e-02 1.379076612276994990e-02 1.520649175553847113e-02 1.304800116325259725e-02 1.373191373412657734e-02 1.454207653873787129e-02 1.503252457598199844e-02 1.436744821008140507e-02 1.463629795798099958e-02 1.458852038255802758e-02 1.529349433204464127e-02 1.459877837976601353e-02 1.449062454124303706e-02 1.514675317100157119e-02 1.486084429179777670e-02 1.509802411248691197e-02 1.545419423494465497e-02 1.472418236494553792e-02 1.482346912445187993e-02 1.411637373776470500e-02 1.571318846872378147e-02 1.553195506621830348e-02 1.406260348976186118e-02 1.383267463646851644e-02 1.453106999355783559e-02 1.513626658103215533e-02 1.512956238846834174e-02 1.475454870911717571e-02 1.385712393643061084e-02 1.524797641296480114e-02 1.351155478133847510e-02 1.496025737458010936e-02 1.405093218900930682e-02 1.386842042894041900e-02 1.459825957935256303e-02 1.570324449447780754e-02
1.418146147850679953e-02 1.456808229468700526e-02 1.354839856164770200e-02 1.271808430816942330e-02 1.380154336661987106e-02 1.593691443859373766e-02 1.396031059230715826e-02 0.000000000000000000e+00 1.347582910399451953e-02 1.393906162068419240e-02 1.566265174095249346e-02 1.352206862146927875e-02 1.486175582871551021e-02 1.385232589830747221e-02 1.419645874590500303e-02 1.443858486937066830e-02 1.382893557224710267e-02 1.540656164747620203e-02 1.386182517901647301e-02 1.349881186652875618e-02 1.508569901264598251e-02 1.373475711706331759e-02 1.393518706648671883e-02 1.636770789088655767e-02 1.373229747728253042e-02 1.383675576279299289e-02 1.455388203463007894e-02 1.475173370924936014e-02 1.268127642345385879e-02 1.227489237917117962e-02 1.344502566841766604e-02 1.362819407922706907e-02 1.445514635173074554e-02 1.244120419182465596e-02 1.225520724033068998e-02 1.422724835426075404e-02 1.416225448639478815e-02 1.374189251707860597e-02 1.417339702004707762e-02 1.618386838829517782e-02 1.331901666769348853e-02 1.326938269834003307e-02 1.503029768160179906e-02 1.444559452827755969e-02 1.488586791233304472e-02 1.508846178802288919e-02 1.469518304305507915e-02 1.396948326160701165e-02 1.284783534818711992e-02 1.536385781131902398e-02 1.308501482261778710e-02 1.497563699495315856e-02 1.345383813853602735e-02 1.372047791297752867e-02 1.490682382139213100e-02 1.429492808408808040e-02 1.382768605418093801e-02 1.250760528105328111e-02 1.345953439395897525e-02 1.398297473574315088e-02 1.382199379078276856e-02 1.463311866934770972e-02 1.512944771654906560e-02 1.516418649255321487e-02 1.574127900876421890e-02 1.348808844688488377e-02 1.381602929511307858e-02 1.378179924046954094e-02 1.582340939244818862e-02 1.540339702427668059e-02 1.597541731601533413e-02 1.577697395465589916e-02 1.295945681532883684e-02 1.428564839903981656e-02 1.403434325065442204e-02 1.450376749829296319e-02 1.338013760421872395e-02 1.425335098230044728e-02 1.394321872010024013e-02 1.655114810394240840e-02 1.383201894656433534e-02 1.519465830517142090e-02 1.262683823822256281e-02 1.512879525308238361e-02 1.364025902458631569e-02 1.379138398511849280e-02 1.489369770010825697e-02 1.403985222968149801e-02 1.388447389404706862e-02 1.561561749246554061e-02 1.499551547143043555e-02 1.473320629821625594e-02 1.449720784833368435e-02 1.503957551356611966e-02 1.362066480702294781e-02 1.370155590584365944e-02 1.290788033181195643e-02 1.418333024306097333e-02 1.471205286974887685e-02 1.442925717167749602e-02 1.437887635322313527e-02 1.434413040558791055e-02 1.329056735929558947e-02 1.391591172144764250e-02 1.399550494779518324e-02 1.318669636197246017e-02 1.607571520785102542e-02 1.515019997729452096e-02 1.501509950774795182e-02 1.459508276597006743e-02 1.476692091690031718e-02 1.311767503882562379e-02 1.576597365096139847e-02 1.536346637189123579e-02 1.319338486547211482e-02 1.212464695316805598e-02 1.431174760539099221e-02 1.481340639188916640e-02 1.502534863865072692e-02 1.461260561014446867e-02 1.316046612626510862e-02 1.527719693952859885e-02 1.483045601295831031e-02 1.340959961947712359e-02 1.397423350341995586e-02 1.361377144804748474e-02 1.428342341901214611e-02 1.556364529472698335e-02
1.239119082073483584e-02 1.268424932632596612e-02 1.300619374248587236e-02 1.366760963772107283e-02 1.349864425562490901e-02 1.554259276350152853e-02 1.377969709177196377e-02 1.347582910399451953e-02 0.000000000000000000e+00 1.357368497818714666e-02 1.529948093220937118e-02 1.349273826327611510e-02 1.460336753869838182e-02 1.378876871556450681e-02 1.350541429135821044e-02 1.398087842791864190e-02 1.364650950860452072e-02 1.449716278498254692e-02 1.377937052616334986e-02 1.248557644166002970e-02 1.473937363534074708e-02 1.361553985559443153e-02 1.359572241153968186e-02 1.635936018021549171e-02 1.390065957618278648e-02 1.384279221932681325e-02 1.453670756740773652e-02 1.469683926000217751e-02 1.408661410244461780e-02 1.328886324449718263e-02 1.339298649067615504e-02 1.238316082261848444e-02 1.460469165563532679e-02 1.377553671159737446e-02 1.261938219512362749e-02 1.435117467964894603e-02 1.310217308114160206e-02 1.371643256782118826e-02 1.430007919935432324e-02 1.602773884519777259e-02 1.353468614765176992e-02 1.326915265869640058e-02 1.512231011029700929e-02 1.392208584561136289e-02 1.492669523706975643e-02 1.488553911808536585e-02 1.454181743484656529e-02 1.412766280437698085e-02 1.364898729875487458e-02 1.533134206516455038e-02 1.350901679108489246e-02 1.480681646454940457e-02 1.238968742069683146e-02 1.375150033934932452e-02 1.519464286124380323e-02 1.439266182869008114e-02 1.327539991246040087e-02 1.374536947645760808e-02 1.401764774502762233e-02 1.358775411206893623e-02 1.336707691502683759e-02 1.392042738340676204e-02 1.518647070226940808e-02 1.509631822045674580e-02 1.558076723049614011e-02 1.362461585957077011e-02 1.333455540575139049e-02 1.399471788223701982e-02 1.571801696958691902e-02 1.517428627405224481e-02 1.597812894815624912e-02 1.519585871125910675e-02 1.418501428755810333e-02 1.382886671020120209e-02 1.284532084959918476e-02 1.457313116280848850e-02 1.406936365400404156e-02 1.355485951380119500e-02 1.383077336663948026e-02 1.653585454393765100e-02 1.359812222184612028e-02 1.488085950331461196e-02 1.426767321996543457e-02 1.460026111124863683e-02 1.208966029721772646e-02 1.358028919845671000e-02 1.472882261612308910e-02 1.401342862571959905e-02 1.380946453216606515e-02 1.399219782419450046e-02 1.488734257251330718e-02 1.465385852000422248e-02 1.424144335658355208e-02 1.469856664128703881e-02 1.510461888195708570e-02 1.400372715108650842e-02 1.342562202180157087e-02 1.416975431963196121e-02 1.459644461157684134e-02 1.406616456842084417e-02 1.416836928838673994e-02 1.385462596749351995e-02 1.510642625345881736e-02 1.413275282927762069e-02 1.364400793533007000e-02 1.456719721876707958e-02 1.589109332075536521e-02 1.470371505079158189e-02 1.523315519297013462e-02 1.422675270093205421e-02 1.471370478795017492e-02 1.357989603732285416e-02 1.529333827283444608e-02 1.504538491290075171e-02 1.386036277865027901e-02 1.200988034758366900e-02 1.392156093939646809e-02 1.458813056886391728e-02 1.360772180193292602e-02 1.467604715522348967e-02 1.307417799771589013e-02 1.507463521551144318e-02 1.464567145388611866e-02 1.463500869237544140e-02 1.417647704024140552e-02 1.390969587164724366e-02 1.426301707708619963e-02 1.556720417613689095e-02
1.292863077156867525e-02 1.496167342793777721e-02 1.228567409754264053e-02 1.372249039670660024e-02 1.396882503980075366e-02 1.626247656677681785e-02 1.398648857569133146e-02 1.393906162068419240e-02 1.357368497818714666e-02 0.000000000000000000e+00 1.417428027185009022e-02 1.339970687453771389e-02 1.490717498139910481e-02 1.413657255156213974e-02 1.462870408582897519e-02 1.491389162119810194e-02 1.426046602668686221e-02 1.553840287616493551e-02 1.409042143211173409e-02 1.221145677637824022e-02 1.513714414419693385e-02 1.142015806209887956e-02 1.385941985691405837e-02 1.662668762105026440e-02 1.433927519945014245e-02 1.435499493547871125e-02 1.481338349556369019e-02 1.486168540773427985e-02 1.366425468304430756e-02 1.351993715596448015e-02 1.399245914877145745e-02 1.278603454729317253e-02 1.491179531595769603e-02 1.440876426315705269e-02 1.381853152053226508e-02 1.479767600285723621e-02 1.383642222849272574e-02 1.416967746453058966e-02 1.481384207591385574e-02 1.631018881425657860e-02 1.234469967395095298e-02 1.387287591384089337e-02 1.552548496711678334e-02 1.433476069951825430e-02 1.535143602739297460e-02 1.485057895949232210e-02 1.496224129921163055e-02 1.217106216424092453e-02 1.299112820568705182e-02 1.608669931554900998e-02 1.321726819617166648e-02 1.537475221314857018e-02 1.281801167234460775e-02 1.386767839807855410e-02 1.556859856172746089e-02 1.480103777786274249e-02 1.408613312761705649e-02 1.415133041476603938e-02 1.432243979830344870e-02 1.385464060906398641e-02 1.210712342826937918e-02 1.333461595316449283e-02 1.585953906075081299e-02 1.528220584234589279e-02 1.498414990269730275e-02 1.413052366585413298e-02 1.385312179388509604e-02 1.275388903128175065e-02 1.619291617391785745e-02 1.584716601722389179e-02 1.639851173831538209e-02 1.544921053532210403e-02 1.459313098729598558e-02 1.346401387858246063e-02 1.385620446938388810e-02 1.467243555389593015e-02 1.359601333163739170e-02 1.468079248316105957e-02 1.407641194290570885e-02 1.707354042040212100e-02 1.151218962806644167e-02 1.553420722277458997e-02 1.400385004785549906e-02 1.397395759397798871e-02 1.396628614594946916e-02 1.406042111747917052e-02 1.491924489686622529e-02 1.434126888764437197e-02 1.406003609250666871e-02 1.609063996710234645e-02 1.496972136824861049e-02 1.516655728454623965e-02 1.468244959832683098e-02 1.558557620105852776e-02 1.546867600247259743e-02 1.450272475388992080e-02 1.370524495107826833e-02 1.449141585855490133e-02 1.464795046617357703e-02 1.371387279339125395e-02 1.445027020887718408e-02 1.418261318767456008e-02 1.563369029822577611e-02 1.475487456701710977e-02 1.224608356252939248e-02 1.515146066474534585e-02 1.645562413062770860e-02 1.519590458678366299e-02 1.567045390237480421e-02 1.488652257253394486e-02 1.481931883071669828e-02 1.411507989313397909e-02 1.604869031859237211e-02 1.526523164124514095e-02 1.400088208394706900e-02 1.357186931129883249e-02 1.452834321681196854e-02 1.533082600400174390e-02 1.521309082464713906e-02 1.503161691081701667e-02 1.373414761143565768e-02 1.578116394003860334e-02 1.369061644086435464e-02 1.537513980712018093e-02 1.450936706819651832e-02 1.402842107695057017e-02 1.439767162950615978e-02 1.603868359523110895e-02
1.585354184336595570e-02 1.488263088908004135e-02 1.515598808601020635e-02 1.527658563328703790e-02 1.542663107503883246e-02 1.455863432625543324e-02 1.576231547460596460e-02 1.566265174095249346e-02 1.529948093220937118e-02 1.417428027185009022e-02 0.000000000000000000e+00 1.515081851876948910e-02 1.455606261568286215e-02 1.553544142236947326e-02 1.499321949845438401e-02 1.484707277743888346e-02 1.522700262967382340e-02 1.427750496716507361e-02 1.523659975838609001e-02 1.539905643002147453e-02 1.492089986967193652e-02 1.528795429887521741e-02 1.382398847372105950e-02 1.475636955218449092e-02 1.562367174086282985e-02 1.531446213485652616e-02 1.459072585710941700e-02 1.417984187999516039e-02 1.642034029073804677e-02 1.516600717503963254e-02 1.506675477953386445e-02 1.554143837202777260e-02 1.498551254259788447e-02 1.526760310795764915e-02 1.575002598740532847e-02 1.494423954527154472e-02 1.594762162715317177e-02 1.528287760449612183e-02 1.501032938186838694e-02 1.468043252612166900e-02 1.496051282689081149e-02 1.566331534958894864e-02 1.451984965482177453e-02 1.472113229686882255e-02 1.442506161601597031e-02 1.388712506390245294e-02 1.442801234142147664e-02 1.569489919404465014e-02 1.608101076978774371e-02 1.453502229090021351e-02 1.579486575677752427e-02 1.488045651009133399e-02 1.488099667638085634e-02 1.550350209955692234e-02 1.477611076981407909e-02 1.509912966008425915e-02 1.492242040257323564e-02 1.547753191432695019e-02 1.498118309828257513e-02 1.510752065733388799e-02 1.491876159210937455e-02 1.427126288719116065e-02 1.441967712922064340e-02 1.437291598176819625e-02 1.446365968722427078e-02 1.552962379603589974e-02 1.544114760000853646e-02 1.618753933500252651e-02 1.432118483474583565e-02 1.452139408670531304e-02 1.469721777570676645e-02 1.417484742920464315e-02 1.532271985231835332e-02 1.360828188298893876e-02 1.657342690935592611e-02 1.466434855040109862e-02 1.600839116893266328e-02 1.481352368932935606e-02 1.553461829119176692e-02 1.523297074622277820e-02 1.518981620705182022e-02 1.473623884668910471e-02 1.665962372451258722e-02 1.411869942969459085e-02 1.502791204145425413e-02 1.508249446263990740e-02 1.460632389051310515e-02 1.495542111538875930e-02 1.507329187230623500e-02 1.447733989996253905e-02 1.455242171692467529e-02 1.487677242990700401e-02 1.431214316309485299e-02 1.450754253738919738e-02 1.473657180680545964e-02 1.501918401020967998e-02 1.542081165116519249e-02 1.515438442870823549e-02 1.465316619428122177e-02 1.335840809136951655e-02 1.512145462400183576e-02 1.471056447991623412e-02 1.472414711214717689e-02 1.496183774300760896e-02 1.384214933708949498e-02 1.467165265148520290e-02 1.477289410319745401e-02 1.427121095340933010e-02 1.410764017482124197e-02 1.482657153729437238e-02 1.367271473086665613e-02 1.528027500441495566e-02 1.435334463528212950e-02 1.420186638695239770e-02 1.544907404812110273e-02 1.551692187120078982e-02 1.483429674211770265e-02 1.442135811094969779e-02 1.437749061981774025e-02 1.491119166180066360e-02 1.541832335117455585e-02 1.452858546683182331e-02 1.445766494476960831e-02 1.491177374388942198e-02 1.508016100469673770e-02 1.570281331265032526e-02 1.478837437879583147e-02 1.436914291159888286e-02
1.333099471378661020e-02 1.432868271855124338e-02 1.355281080329671234e-02 1.337434518513041549e-02 1.330149153545436350e-02 1.582870288540783391e-02 1.376042535988698974e-02 1.352206862146927875e-02 1.349273826327611510e-02 1.339970687453771389e-02 1.515081851876948910e-02 0.000000000000000000e+00 1.495002984941262367e-02 1.358303495334627770e-02 1.273438300521308186e-02 1.445191548516131658e-02 1.403025578225506817e-02 1.503245203247385864e-02 1.399500804371043607e-02 1.356284870523185790e-02 1.354538521380641014e-02 1.347860074797254532e-02 1.383095932457620823e-02 1.630035544535041181e-02 1.386266019443935238e-02 1.407957277542347223e-02 1.398729805833215031e-02 1.465021353989682910e-02 1.270303295361750913e-02 1.345093532593701416e-02 1.367686608242448323e-02 1.353208065857544086e-02 1.478194335751164407e-02 1.379873313006774009e-02 1.345485249200407095e-02 1.425443007201325323e-02 1.348168812722446916e-02 1.364157817762583214e-02 1.429398255159412649e-02 1.580043697214517096e-02 1.351555053569480566e-02 1.229307520139241369e-02 1.516141295159325643e-02 1.415977981442918636e-02 1.480821499080578300e-02 1.483615945204183259e-02 1.484928640338820452e-02 1.246707379498197994e-02 1.362245009461624488e-02 1.561128177544902733e-02 1.353637872815544561e-02 1.495920526503755066e-02 1.371340447813926798e-02 1.376487123066648041e-02 1.547062188877112651e-02 1.465324159014277927e-02 1.211921485340638517e-02 1.413986929462780415e-02 1.375458018071550395e-02 1.246385416180547517e-02 1.327048450773460342e-02 1.416535720817509864e-02 1.529842421565669880e-02 1.499796255554567727e-02 1.588690609197227280e-02 1.235462739033160555e-02 1.241235860316353481e-02 1.351420493442253255e-02 1.569594529486292508e-02 1.536404637382598505e-02 1.605444318936517442e-02 1.538190376865852804e-02 1.445402244697895078e-02 1.398006113285487316e-02 1.375445981436013154e-02 1.484229968071119898e-02 1.335792942180585169e-02 1.389582042498214119e-02 1.353580406572588504e-02 1.672172332874331813e-02 1.306877623419885892e-02 1.500618738134781166e-02 1.412901811565538991e-02 1.513421789665839699e-02 1.358739211879930048e-02 1.365471653024740925e-02 1.450888532967694287e-02 1.385077849563033647e-02 1.385031672816038929e-02 1.560495759722579576e-02 1.490377229126805918e-02 1.451648356739547799e-02 1.434009321126485277e-02 1.514676537291347568e-02 1.523220771039235193e-02 1.392888010517219152e-02 1.215204028723201359e-02 1.398182183006793297e-02 1.434149927889448450e-02 1.267967516299192514e-02 1.440839503724458681e-02 1.392476011568108754e-02 1.505403707860492740e-02 1.407927912035993392e-02 1.238303844920644187e-02 1.481061047690927605e-02 1.611901167962427259e-02 1.498324835129597257e-02 1.538828405310387580e-02 1.322145664194536441e-02 1.451829293562235598e-02 1.361342657621256690e-02 1.553181133689740187e-02 1.533770043744918724e-02 1.371069818213887549e-02 1.265952819209343813e-02 1.415039243856020326e-02 1.489196511584573238e-02 1.491264595506730864e-02 1.498496849393256454e-02 1.342629057591386565e-02 1.494174956512674644e-02 1.487691684101882621e-02 1.467169336903389153e-02 1.396921920888504094e-02 1.333704478655439556e-02 1.440113258737940952e-02 1.527126138790390296e-02
