0.000000000000000000e+00 7.837926718236673529e-03 7.619199292904668512e-03 7.630440106958102583e-03 7.865382017804100831e-03 7.629400138711939228e-03 7.629124303507595940e-03 7.631362084720364446e-03 7.632890788972621424e-03 7.865930606703885192e-03 7.888780527325875425e-03 7.635064513914172936e-03 7.637365612653833173e-03 7.849832747864625426e-03 7.654352902999022462e-03 7.619627557884476807e-03 7.636135502039599621e-03 7.622125425047845439e-03 7.642652898764337906e-03 7.837225954894746355e-03 7.839604548725549391e-03 7.649225869216673412e-03 7.656302684295114742e-03 7.855800693459131720e-03 7.849091691862047568e-03 7.638781132850444057e-03 7.635772801794118818e-03 7.866846943724409638e-03 7.630208131327466566e-03 7.619144065733168478e-03 7.630076805638316001e-03 7.648952858376222193e-03 8.320824896570476817e-03 8.373580821370473631e-03 8.286478124023135411e-03 8.302547806356063917e-03 8.294369836644936711e-03 8.268614624714006739e-03 8.319023164155345609e-03 8.348695462256080363e-03 8.317223574003006908e-03 8.313628359025222736e-03 8.349774470094975878e-03 8.353812276371599607e-03 8.350858869689063019e-03 8.320874730410397768e-03 8.332462994523531785e-03 8.273822980736518160e-03 8.323172218178733969e-03 8.361830041146666587e-03 8.344329695379182343e-03 8.370648281325408779e-03 8.400678623049011653e-03 8.225058848193383954e-03 8.394292283638575547e-03 8.322756504182451595e-03 8.255397497177316066e-03 8.315004264903747347e-03 8.334211324319707598e-03 8.259970572479116355e-03 8.325752411838952330e-03 8.400836043515408358e-03 8.336619150786100593e-03 8.301876932852687158e-03 8.354614296166370732e-03 8.337070884768531254e-03 8.314687649354170554e-03 8.257042391935059955e-03 8.273988697001754405e-03 8.349050087479126595e-03 8.433224473487514403e-03 8.338054867014471627e-03 8.376218036909794176e-03 8.387623248435621334e-03 8.347865723474586983e-03 8.249243657688904927e-03 8.300250377758619860e-03 8.295662615348677049e-03 8.348875884590314586e-03 8.312832977163385831e-03 8.305212440097214932e-03 8.296737177388225845e-03 8.344341067852450999e-03 8.323114930840333145e-03 8.389283637123488499e-03 8.336629823859902089e-03 8.293201047232726456e-03 8.328525886874682885e-03 8.299768062308197566e-03 8.355748590838592976e-03 8.304320900931444482e-03 8.336026092943048943e-03 8.343502269935734392e-03 8.310186627909874058e-03 8.375162573916287989e-03 8.304476486845391997e-03 8.341558917149693650e-03 8.313893259670697422e-03 8.319437812435905716e-03 8.274395474620999114e-03 8.269664826898344423e-03 8.320505920510005635e-03 8.316826558656526674e-03 8.337606112376680020e-03 8.266816730531287988e-03 8.297681575428806494e-03 8.311600663008216622e-03 8.233181764312725096e-03 8.309983482245932376e-03 8.357175441450863385e-03 8.366316163330672281e-03 8.253722751702280078e-03 8.329205306294280853e-03 8.289180392269229411e-03 8.324054910505087126e-03 8.288193030758261512e-03 8.239587837121319785e-03 8.324922680879316694e-03 8.278037164787121691e-03 8.298214577405722131e-03 8.273172162874991784e-03 8.256735019760234537e-03 8.316763868783574182e-03 8.339818329531799995e-03 8.326283722169364535e-03 8.419607410941961842e-03 8.273340464413480450e-03 8.369074237534220376e-03
7.837926718236673529e-03 0.000000000000000000e+00 7.610252400623071685e-03 7.857735269542597684e-03 7.855320009298593850e-03 7.638148165921830948e-03 7.632391834684246722e-03 7.618553625564743366e-03 7.616990727002286195e-03 7.650016382950763048e-03 7.661495209586846079e-03 7.617872313948499501e-03 7.656534615771612082e-03 7.840139208501975543e-03 7.641155330158241193e-03 7.847329189632218024e-03 7.660071417505001125e-03 7.592292509711949348e-03 7.867930029843614101e-03 7.599625225013108450e-03 7.625886322129414412e-03 7.641252001635619011e-03 7.866372939835475017e-03 7.829567041811893308e-03 7.648951180626224235e-03 7.629787277861355306e-03 7.631077672596708363e-03 7.627037937156079875e-03 7.620859595927196271e-03 7.614252188964379907e-03 7.629911813781221734e-03 7.638196038944024963e-03 8.352992117607442937e-03 8.405145988673768873e-03 8.311203044833634715e-03 8.335166228542365344e-03 8.326974479038191934e-03 8.300513110784182857e-03 8.358270494916279075e-03 8.380501129720035330e-03 8.350218291956718747e-03 8.346071700088613862e-03 8.388255229054676979e-03 8.384679521389139245e-03 8.382841005553885727e-03 8.353312595585518294e-03 8.364964977262221574e-03 8.313491009598616283e-03 8.354638938436537848e-03 8.393597997330141253e-03 8.376038997512524550e-03 8.402757647968946142e-03 8.432094241146829289e-03 8.259402388424569308e-03 8.425607122044662459e-03 8.355364939055981086e-03 8.288678294273548949e-03 8.346706840729092858e-03 8.366612752514037896e-03 8.292631134980061811e-03 8.357003629394883434e-03 8.432007221900222199e-03 8.369087500363761589e-03 8.340543780130551046e-03 8.383331815840366560e-03 8.366822611398417459e-03 8.345237607838213931e-03 8.288400595214549110e-03 8.304908643905062685e-03 8.379058473441326066e-03 8.452906680133079678e-03 8.367990580824909500e-03 8.405469603051884953e-03 8.416624203204449081e-03 8.384040645578148820e-03 8.280920539099111480e-03 8.338082394849111872e-03 8.326761791278464858e-03 8.378864752168157376e-03 8.344136127579275530e-03 8.335425620916905171e-03 8.318810692645148969e-03 8.374138295910946508e-03 8.353333365979855041e-03 8.418072395257023693e-03 8.366571285784725476e-03 8.322402796104735531e-03 8.358945653329312095e-03 8.330180521906607738e-03 8.385359933429670579e-03 8.334656713722739946e-03 8.364401707715329523e-03 8.364538662716181766e-03 8.340633840878526606e-03 8.404724510762736495e-03 8.335695383670993150e-03 8.371153233956294543e-03 8.343765048463399475e-03 8.349725168176636361e-03 8.305870129225128781e-03 8.300783700898494571e-03 8.350717481070897216e-03 8.353707023226866757e-03 8.367571449740760989e-03 8.298485299591963626e-03 8.328454801035169511e-03 8.341875455694952590e-03 8.263583730665855637e-03 8.330886403224647269e-03 8.386695766018406259e-03 8.395998537601801620e-03 8.284980052445840154e-03 8.359938003171382345e-03 8.318200558284180590e-03 8.353972623778445003e-03 8.319401124042251003e-03 8.270535828725250616e-03 8.355606097389724554e-03 8.308934539787692433e-03 8.328959338805190862e-03 8.304375223173957737e-03 8.287831096614146215e-03 8.338079957255026958e-03 8.369688054503426206e-03 8.355953583354744016e-03 8.448456550239048790e-03 8.303652894091547235e-03 8.398435759792773070e-03
7.619199292904668512e-03 7.610252400623071685e-03 0.000000000000000000e+00 7.863990040821073474e-03 7.854881371581719576e-03 7.612982240168134421e-03 7.642573840331878463e-03 7.618254920068869701e-03 7.609066068622176784e-03 7.643631573193779456e-03 7.893913469497757310e-03 7.608704235508858930e-03 7.871811153184207765e-03 7.611320589155663903e-03 7.640364441115445569e-03 7.611214249363791595e-03 7.634720890549118177e-03 7.629180846294845997e-03 7.659713414966268230e-03 7.587396828124694410e-03 7.849734776259695984e-03 7.618444434442168262e-03 7.636492155046935293e-03 7.638125622994405145e-03 7.658477458542417050e-03 7.610077306587701221e-03 7.618874689615028582e-03 7.624718069313317186e-03 7.849464257343112539e-03 7.599287216373352104e-03 7.630568950249707813e-03 7.657371602884689710e-03 8.394090910386861268e-03 8.444492473450722694e-03 8.351499827804335571e-03 8.376862782834030782e-03 8.368624208558892233e-03 8.341664461704074648e-03 8.390544694620074781e-03 8.420744654240475136e-03 8.390807241770031205e-03 8.387463035588202040e-03 8.419172721810676274e-03 8.422662936223759139e-03 8.422753189140290073e-03 8.394059480620408645e-03 8.405319462541463102e-03 8.346619564133381936e-03 8.393728777900504034e-03 8.433074814747277062e-03 8.414118487601427929e-03 8.441946766726059898e-03 8.470539926651929688e-03 8.303019392906963933e-03 8.464458595112616529e-03 8.395889188537611000e-03 8.331656475514662152e-03 8.385964837330211336e-03 8.406800194729160611e-03 8.334129530616725054e-03 8.396530677202718521e-03 8.470802823725901223e-03 8.409246622322081449e-03 8.378533286421116499e-03 8.424564294473461945e-03 8.410714770966599280e-03 8.389508296581610347e-03 8.339492195491474136e-03 8.350115525182100901e-03 8.422171040846077386e-03 8.501098365648168328e-03 8.411414146408110332e-03 8.447985983587169914e-03 8.458921670623471140e-03 8.418429853448114106e-03 8.326402185477746118e-03 8.373065256601341586e-03 8.371213144766994144e-03 8.422030936930231804e-03 8.387365267837735422e-03 8.380123733008197282e-03 8.369728799786750606e-03 8.417288349695579985e-03 8.397294161379621064e-03 8.460607845265307597e-03 8.409933159061057373e-03 8.366047126642368187e-03 8.402175120018411450e-03 8.375006412994556032e-03 8.428286670621841156e-03 8.378971802909071509e-03 8.407098315566066335e-03 8.414746209476967748e-03 8.384885467369831979e-03 8.447231178112612690e-03 8.379511090719091171e-03 8.414694034118049004e-03 8.393557609975038636e-03 8.393626826229313651e-03 8.350620497956671995e-03 8.352219849100681395e-03 8.394471696139721092e-03 8.389260878031242277e-03 8.411067659324018495e-03 8.343068819807985745e-03 8.372964415251014231e-03 8.386526825480187727e-03 8.307784319007700813e-03 8.371873347843864985e-03 8.429423167698471553e-03 8.438761683737049102e-03 8.328642310143186123e-03 8.403401993542881226e-03 8.359384387759660404e-03 8.398165046950492943e-03 8.363760116478779344e-03 8.314430875309516966e-03 8.399331380839291858e-03 8.353815169380950784e-03 8.373590190613748943e-03 8.349329396347049750e-03 8.331321959158668328e-03 8.386554402709751888e-03 8.413240455887264352e-03 8.405523331337606471e-03 8.490511057551365648e-03 8.346779985485346456e-03 8.441118055206272772e-03
7.630440106958102583e-03 7.857735269542597684e-03 7.863990040821073474e-03 0.000000000000000000e+00 7.607054112580492050e-03 7.631901205555928144e-03 7.635411854482633889e-03 7.853756332720812638e-03 7.861685150360528049e-03 7.638736323014740093e-03 7.650013783949373945e-03 7.631573807525018210e-03 7.667055840951077748e-03 7.623214206639027622e-03 7.642544318880670380e-03 7.628878110777459649e-03 7.639986926270865217e-03 7.642981916425765215e-03 7.865957831106409198e-03 7.862385547277136316e-03 7.607947832822247250e-03 7.634797801154551145e-03 7.656403049847822911e-03 7.627907399354873566e-03 7.895910142562346384e-03 7.644005143686287418e-03 7.613074357004818993e-03 7.619056508371053506e-03 7.635272298656678620e-03 7.859505539431160467e-03 7.615264523519300888e-03 7.876740193467877266e-03 8.326041641030703516e-03 8.376515807810147943e-03 8.282929165775516217e-03 8.315708737771935338e-03 8.308725969049078272e-03 8.290645192955997667e-03 8.330925448732569641e-03 8.360438394678476950e-03 8.322531113356441620e-03 8.327025517009275721e-03 8.352018376746381603e-03 8.355286026142293154e-03 8.354444069825129118e-03 8.324970187033309960e-03 8.345184333413279906e-03 8.278432403898224393e-03 8.333769724662678374e-03 8.372848766680303020e-03 8.346472936241310786e-03 8.374215690833970716e-03 8.403017578268575857e-03 8.234248523947109225e-03 8.396317833368990499e-03 8.327608022088511808e-03 8.263313946153804171e-03 8.319242536602183824e-03 8.338934238417640768e-03 8.257588610526063466e-03 8.337219649259907869e-03 8.402642529326015408e-03 8.348329904794308740e-03 8.100693025995321303e-03 8.375318117687260630e-03 8.358175898368406381e-03 8.337074453132706578e-03 8.279353292428810046e-03 8.296929717271176244e-03 8.370577197491521973e-03 8.444662159728222317e-03 8.359980629546376329e-03 8.397018870905574237e-03 8.408215439781896797e-03 8.368832206496572973e-03 8.272068632063561688e-03 8.322383960966924996e-03 8.309967904983410827e-03 8.370597517916692626e-03 8.334030162265243860e-03 8.327504027436082382e-03 8.310376897861617915e-03 8.364986514911906118e-03 8.345026032304634842e-03 8.409191196127546383e-03 8.357481407821620162e-03 8.314488961721693688e-03 8.349692388824821870e-03 8.321911442299290487e-03 8.376596306780881990e-03 8.325981659149906192e-03 8.356584587695531363e-03 8.356622205835122566e-03 8.332383514100009589e-03 8.395868637813478155e-03 8.326749119580891673e-03 8.364991959130412685e-03 8.337865046942224273e-03 8.343535734328307377e-03 8.299435928557143474e-03 8.294700681053254060e-03 8.344463849350730253e-03 8.346857504864387337e-03 8.361412632134570741e-03 8.292015842068987258e-03 8.322078418290289673e-03 8.335581561636945178e-03 8.257465926451155666e-03 8.324525395095471250e-03 8.380578999328610820e-03 8.388909385732848389e-03 8.278142241367685006e-03 8.353366980662677022e-03 8.312597819465495155e-03 8.347759750769781148e-03 8.313038536808892501e-03 8.264551798863825974e-03 8.349083444803858875e-03 8.302524213913711759e-03 8.322583107298206495e-03 8.297936359779684024e-03 8.281332283871341987e-03 8.331324302037028395e-03 8.363551306186923356e-03 8.350087935835869696e-03 8.442562599947321667e-03 8.297209021567919160e-03 8.392351760732703544e-03
7.865382017804100831e-03 7.855320009298593850e-03 7.854881371581719576e-03 7.607054112580492050e-03 0.000000000000000000e+00 7.870773036916838689e-03 7.641299084053954603e-03 7.640219543797782155e-03 7.842434487552374031e-03 7.626515478489402991e-03 7.639097117869515438e-03 7.640518169629935755e-03 7.656235798011491039e-03 7.623023124474838028e-03 7.651056192766543876e-03 7.617989074345497130e-03 7.859958906056317002e-03 7.641101376493542909e-03 7.652922445844510986e-03 7.623742665111418390e-03 7.624604222527598014e-03 7.643299971100546431e-03 7.656314939420769475e-03 7.634159936525741243e-03 7.664425330593503845e-03 7.661810340777170172e-03 7.630542724183141112e-03 7.609504901752624402e-03 7.842652748418622519e-03 7.849445424684653796e-03 7.630569263624377777e-03 7.866219203992018405e-03 8.331956234353156410e-03 8.375467438926196759e-03 8.289568686857543695e-03 8.306461543941526596e-03 8.298843205903761247e-03 8.287431903708643993e-03 8.321201995245773239e-03 8.358003064099046517e-03 8.320006816090567969e-03 8.324340883196586563e-03 8.357876332588816057e-03 8.362558615297777109e-03 8.360203263661134671e-03 8.323914673442312298e-03 8.335119746900369886e-03 8.276448880946927003e-03 8.332706754429279952e-03 8.371802481993604120e-03 8.353002515048410168e-03 8.372138014566880143e-03 8.400883984739810142e-03 8.231848312985798680e-03 8.402293940573662273e-03 8.325506938410047464e-03 8.260900707247767136e-03 8.333534546116364017e-03 8.344849034730355414e-03 8.050864068551205968e-03 8.335057854303795991e-03 8.401554245089249556e-03 8.338901421587070067e-03 8.301946281370585837e-03 8.371194715964579494e-03 8.353710350455579789e-03 8.331786044751106346e-03 8.266599567146412642e-03 8.291831438660763470e-03 8.365784383789993950e-03 8.440008585791103704e-03 8.355192711294130367e-03 8.392585704134966629e-03 8.403836823901703404e-03 8.363984224827338693e-03 8.267254927669144549e-03 8.317659776783335387e-03 8.312620995387423259e-03 8.365861467425652481e-03 8.329894168254298528e-03 8.322317742644195354e-03 8.305515457915479266e-03 8.360798919582641819e-03 8.340169677192199593e-03 8.404928529710531393e-03 8.353277544663360518e-03 8.309999518752570619e-03 8.345492064016938813e-03 8.316919428779944584e-03 8.371920238154842778e-03 8.321208180209246907e-03 8.351906424219911890e-03 8.351479462168137288e-03 8.327505249532634810e-03 8.391063539255347661e-03 8.321686336989739946e-03 8.362313559196294863e-03 8.334673471267562209e-03 8.340198675789788768e-03 8.295840497069576977e-03 8.290474012250038591e-03 8.341427981509143275e-03 8.336547400346425857e-03 8.358437482485310197e-03 8.288099765687175283e-03 8.318576059337541226e-03 8.332408433513871851e-03 8.254357660155191290e-03 8.329026463575349773e-03 8.377499034326918101e-03 8.386143120386744393e-03 8.282132107559896095e-03 8.349398097757025627e-03 8.309968279763412999e-03 8.344973630628265207e-03 8.309238812471544944e-03 8.261465636569287688e-03 8.345272717053386219e-03 8.299188853428250690e-03 8.319083951361411211e-03 8.294064300323150327e-03 8.285724881248171178e-03 8.335742144206586060e-03 8.360319959293597419e-03 8.346942196300635025e-03 8.439707708607894002e-03 8.293792906299040507e-03 8.389522625713163526e-03
7.629400138711939228e-03 7.638148165921830948e-03 7.612982240168134421e-03 7.631901205555928144e-03 7.870773036916838689e-03 0.000000000000000000e+00 7.658652643091214997e-03 7.646607310332162455e-03 7.852482639005370357e-03 7.670619261351482171e-03 7.900337725810720885e-03 7.629769923676772009e-03 7.663872724185492348e-03 7.610123435394519804e-03 7.652132991791057992e-03 7.636407203346673271e-03 7.657664586878697340e-03 7.656405057987254563e-03 7.685229656618145291e-03 7.842611480716368821e-03 7.628074679785603121e-03 7.626506389671976888e-03 7.641130369627185080e-03 7.656174024669959617e-03 7.916001389030395338e-03 7.628404977760775210e-03 7.629970653643656370e-03 7.629601937699652912e-03 7.649433322460738420e-03 7.626131657824178345e-03 7.647959814704596501e-03 7.687544531236146367e-03 8.409432720482650642e-03 8.457689122658058195e-03 8.367974461910744274e-03 8.393455903783477931e-03 8.392613808868980632e-03 8.366806083856009879e-03 8.412649514537889200e-03 8.436065594842195869e-03 8.414492252383993023e-03 8.404160395106788362e-03 8.430803184089986912e-03 8.435074720149614291e-03 8.437325212074166247e-03 8.409352694264640715e-03 8.421110391411232299e-03 8.370234993190674502e-03 8.408331484491394711e-03 8.447355249578864661e-03 8.427808909069016419e-03 8.455704343905367376e-03 8.490393235800247976e-03 8.323195355325338843e-03 8.477298670240053860e-03 8.417698354173289155e-03 8.350680422819157372e-03 8.200469172717108138e-03 8.428986589968889137e-03 8.359328583797821788e-03 8.411359523017988490e-03 8.490215610942401445e-03 8.424803690132126599e-03 8.384251872351294183e-03 8.456918875512623238e-03 8.442854205885180069e-03 8.419507234505040072e-03 8.365775507590895305e-03 8.385303235761852950e-03 8.455311686191211568e-03 8.532090703179546695e-03 8.445028799319168403e-03 8.480855841385732605e-03 8.491568516147027582e-03 8.450562880075899314e-03 8.361802132860187906e-03 8.405448897497946881e-03 8.404607214865016107e-03 8.455141094303689209e-03 8.412981923347811336e-03 8.413462804617960825e-03 8.403433787008592060e-03 8.450407549823084688e-03 8.430909970291163708e-03 8.492946380195140477e-03 8.442936946457382796e-03 8.398221081848704014e-03 8.435346398859022016e-03 8.409288849790471504e-03 8.461257531612999955e-03 8.412376845127968530e-03 8.439895584923390315e-03 8.447034213481835474e-03 8.419199136594434155e-03 8.479603651923378616e-03 8.412917298877027952e-03 8.409063955525207176e-03 8.381335055666769979e-03 8.397467136132647295e-03 8.357634618653487016e-03 8.356577463117237717e-03 8.390340777466684385e-03 8.383887418154717039e-03 8.406411901465453418e-03 8.343660331822409099e-03 8.378532475591685125e-03 8.383035656220986023e-03 8.309201140454032519e-03 8.171024038440621168e-03 8.430037003380609628e-03 8.430410407510885440e-03 8.343359578248896527e-03 8.413429832808627662e-03 8.353840758970510968e-03 8.393246793755906529e-03 8.362542680811584778e-03 8.314383741062102151e-03 8.409319316475578551e-03 8.353091977270164087e-03 8.379050517570147197e-03 8.355962817077452337e-03 8.134664890176331736e-03 8.379459210956679768e-03 8.414925944853664241e-03 8.392863205972137322e-03 8.487075761492020656e-03 8.359012061914947861e-03 8.434197855766512389e-03
7.629124303507595940e-03 7.632391834684246722e-03 7.642573840331878463e-03 7.635411854482633889e-03 7.641299084053954603e-03 7.658652643091214997e-03 0.000000000000000000e+00 7.618938298105606619e-03 7.648724361719740072e-03 7.873390108447009261e-03 7.892447360385817026e-03 7.640377203651954954e-03 7.639897349996185340e-03 7.653062218968457488e-03 7.872306702039174112e-03 7.607281581951739861e-03 7.642607017636176420e-03 7.617695410626496196e-03 7.869068230847372364e-03 7.638777236829992490e-03 7.634916420256655269e-03 7.874111455959096478e-03 7.670038827460512985e-03 7.861686560204835320e-03 7.626400466368134408e-03 7.861704925938664892e-03 7.862502259962924830e-03 7.634801512035385533e-03 7.627602532645564627e-03 7.845630177563742494e-03 7.606877404013078804e-03 7.857102327392312402e-03 8.329058339383282189e-03 8.382129922502376887e-03 8.294541650468063854e-03 8.309944092496133680e-03 8.301953365698347409e-03 8.276804152084730679e-03 8.334677164495275445e-03 8.356924318187762546e-03 8.325413937887896076e-03 8.321538352281471207e-03 8.358107815386657535e-03 8.369708882145514631e-03 8.359577085788870779e-03 8.329376885415545884e-03 8.340378078200446840e-03 8.282022761809084560e-03 8.338887742562951788e-03 8.370295459528944229e-03 8.352681324907100177e-03 8.379129647774340162e-03 8.409114117203931107e-03 8.232338224644641933e-03 8.403025814241906269e-03 8.330338427245745359e-03 8.263253121033655238e-03 8.324217620686686150e-03 8.342957938699479062e-03 8.259961847183677069e-03 8.341176475000091836e-03 8.409092558978413859e-03 8.344583726409650348e-03 8.317648635335827753e-03 8.369486709130541380e-03 8.344134874169949548e-03 8.320074410049988975e-03 8.264055094189318856e-03 8.281004298297077806e-03 8.356317014727413992e-03 8.440648927586225092e-03 8.345360001877298248e-03 8.383506890097076544e-03 8.395115776477658082e-03 8.355600847449979468e-03 8.256617998279744408e-03 8.306978037399865775e-03 8.303065412661458922e-03 8.356376771769711068e-03 8.320342529797342818e-03 8.312126683561139526e-03 8.303943835052696523e-03 8.351731657731812850e-03 8.330416083033066743e-03 8.396886529380078942e-03 8.344225256858749801e-03 8.307472084439378873e-03 8.335931270222102923e-03 8.306755360306504118e-03 8.363325126700935780e-03 8.311882215349737646e-03 8.350498802908242965e-03 8.350952984489229750e-03 8.317527721025650550e-03 8.382533724875126241e-03 8.311783204521598981e-03 8.328024953436256872e-03 8.300678414314048917e-03 8.306251541800830501e-03 8.263009482823087046e-03 8.265293117447631427e-03 8.307500711377688307e-03 8.311311603865724831e-03 8.324125655817584193e-03 8.262131225860953887e-03 8.284692630988235371e-03 8.305558351086142141e-03 8.229167264213192029e-03 8.288603094745869426e-03 8.343374509704576045e-03 8.352189160755684252e-03 8.249655643097876870e-03 8.316510309310444493e-03 8.079916922089210030e-03 8.311017901399235172e-03 8.276047939051258545e-03 8.235648491866533541e-03 8.312742398763768234e-03 8.265524328364127343e-03 8.293151316372985443e-03 8.261741800716183859e-03 8.245745689510090154e-03 8.310506942866799016e-03 8.326756248558199458e-03 8.320434152178816239e-03 8.411747243095665794e-03 8.268489773765198142e-03 8.354713587163336772e-03
7.631362084720364446e-03 7.618553625564743366e-03 7.618254920068869701e-03 7.853756332720812638e-03 7.640219543797782155e-03 7.646607310332162455e-03 7.618938298105606619e-03 0.000000000000000000e+00 7.615709696669455651e-03 7.625476196791545688e-03 7.663658952300880789e-03 7.617059793596316943e-03 7.661468185731651684e-03 7.637727772558968592e-03 7.868044807760397885e-03 7.633228640834484151e-03 7.891024198765712178e-03 7.613381740649430469e-03 7.872036716304275233e-03 7.615667656511635429e-03 7.842616577270972514e-03 7.842964221647227493e-03 7.664620311359526296e-03 7.620947810278845200e-03 7.860420900443264997e-03 7.628186964714684347e-03 7.849560789404718894e-03 7.612746940408541066e-03 7.616782236648757774e-03 7.613057300644019559e-03 7.828687301432407653e-03 7.631448415877762660e-03 8.340816368127692421e-03 8.393186784894240277e-03 8.298027770043811188e-03 8.322051850344994520e-03 8.314081737616274559e-03 8.287409553800749104e-03 8.346198482501362634e-03 8.367709790587152252e-03 8.337308173278726309e-03 8.333506810993575320e-03 8.369689360315615487e-03 8.379813703790966323e-03 8.370900993905739523e-03 8.340915197047714044e-03 8.351652313529876748e-03 8.293489487029258311e-03 8.350044415326442551e-03 8.381312759865826648e-03 8.372011614964104328e-03 8.390268764219001654e-03 8.420064778896039354e-03 8.245313193704702226e-03 8.414024672141773645e-03 8.342480315467434501e-03 8.275326225489291684e-03 8.335094694042888622e-03 8.354340027025413187e-03 8.272078915683709829e-03 8.344696531349646978e-03 8.419977595494782321e-03 8.356088038582195829e-03 8.335651665691293233e-03 8.370482336478293414e-03 8.353550156264964027e-03 8.331647987683741402e-03 8.274480146830175478e-03 8.291058471865210555e-03 8.365543513732972419e-03 8.440981719104435899e-03 8.354658309270309932e-03 8.392199387160223512e-03 8.403693337816422679e-03 8.364321967723839513e-03 8.266942681623756783e-03 8.317390522141452497e-03 8.313085257580258777e-03 8.365836149192952889e-03 8.330176638779121512e-03 8.322174880999382712e-03 8.305863526250997775e-03 8.361221922667914572e-03 8.339879392160567603e-03 8.405401223662425231e-03 8.353314095572723919e-03 8.316869994213781786e-03 8.345842277989432706e-03 8.316529326824358831e-03 8.372211556945527086e-03 8.321339994699059744e-03 8.359046845364851222e-03 8.352195839326722465e-03 8.327085311404193793e-03 8.391468710485497709e-03 8.321826451877466918e-03 8.359730195320713708e-03 8.332664427142984220e-03 8.337772659397816102e-03 8.293479622606294080e-03 8.288676153082737488e-03 8.339053306349956604e-03 8.342386314081880541e-03 8.355783880444047837e-03 8.285403124571971006e-03 8.316227292723202269e-03 8.329593511750266882e-03 8.251101175390723047e-03 8.319313470721902484e-03 8.375380755349173811e-03 8.384078917765576747e-03 8.281034444324080618e-03 8.348075555966200101e-03 8.306196130928734933e-03 8.342128203796544614e-03 8.306822071540842858e-03 8.257938472664819868e-03 8.343484399789994482e-03 8.296243047842908475e-03 8.317119057311363542e-03 8.291882976119423557e-03 8.275665134768401057e-03 8.335174499526892822e-03 8.358267206287491383e-03 8.345225216035687121e-03 8.437456551330655904e-03 8.298966613924922686e-03 8.387234213428932869e-03
7.632890788972621424e-03 7.616990727002286195e-03 7.609066068622176784e-03 7.861685150360528049e-03 7.842434487552374031e-03 7.852482639005370357e-03 7.648724361719740072e-03 7.615709696669455651e-03 0.000000000000000000e+00 7.636574367599937609e-03 7.668503620966308013e-03 7.628480528807562826e-03 7.647730617523107455e-03 7.622047990572637655e-03 7.628227174481215511e-03 7.627344392533723719e-03 7.868246532851737307e-03 7.635179065434136159e-03 7.632186662057460075e-03 7.605829615542684247e-03 7.626770282332071514e-03 7.628456372283593315e-03 7.645313279171733409e-03 7.651818088803480529e-03 7.658051555907221218e-03 7.647729458557990002e-03 7.617563531963847910e-03 7.851988772223747470e-03 7.608128782901401287e-03 7.588163117375231262e-03 7.864619165944429849e-03 7.869696743514936060e-03 8.363568938609705627e-03 8.413539685230522758e-03 8.328803205082469310e-03 8.353462514752134013e-03 8.338330148312513013e-03 8.109001124800089763e-03 8.358930420339565764e-03 8.389106480067277938e-03 8.360237507833842216e-03 8.355962941570458519e-03 8.396047203335289810e-03 8.399476597921038540e-03 8.398958314020259219e-03 8.371147144645620791e-03 8.373910363765394577e-03 8.323895341351689528e-03 8.370087416945566627e-03 8.401726956763182555e-03 8.398747516552607789e-03 8.410765770144462694e-03 8.439082499545787208e-03 8.274219764691729401e-03 8.433125766621162034e-03 8.364800467743932488e-03 8.301042577232646894e-03 8.363569253714781340e-03 8.376414543128419404e-03 8.311082668689828354e-03 8.372854765557881732e-03 8.439609134251461336e-03 8.385725777232335906e-03 8.355685233475757673e-03 8.409331501130722780e-03 8.393312078633604831e-03 8.372351923552644182e-03 8.315120961853248588e-03 8.333141814090448338e-03 8.405608163646022257e-03 8.477745496535966929e-03 8.395015276968818135e-03 8.431606215083556344e-03 8.442574351641052646e-03 8.402409815568695484e-03 8.308832018782533191e-03 8.357282672921297409e-03 8.354167229798660152e-03 8.405646712401737553e-03 8.370440257836288603e-03 8.363109838824286588e-03 8.345890077070979712e-03 8.400702439343932237e-03 8.380583699198418390e-03 8.443680304303240874e-03 8.392821539563073002e-03 8.349037240104028798e-03 8.385741476914062437e-03 8.357874347674225726e-03 8.411323644882302136e-03 8.361961218769219106e-03 8.390253000886048473e-03 8.391018918213850528e-03 8.368166946758338193e-03 8.430306805364844516e-03 8.362774420554056759e-03 8.401822891230804197e-03 8.373268130290066613e-03 8.380261810375285933e-03 8.336725193632432696e-03 8.330069122896105460e-03 8.381341390006520620e-03 8.374692215905183909e-03 8.398088704310909675e-03 8.329539848045328793e-03 8.359260810444477455e-03 8.372716292933351720e-03 8.295011090159754366e-03 8.374433639979077248e-03 8.416665300602116373e-03 8.425135425549394597e-03 8.322388110619787643e-03 8.389031490384106504e-03 8.348025400830150558e-03 8.384866019483388361e-03 8.349985549543042021e-03 8.301723557978269927e-03 8.384909206512771579e-03 8.340264018725883702e-03 8.359587511245237038e-03 8.335178373651556255e-03 8.325259255638515349e-03 8.374208528743765090e-03 8.399817167630160147e-03 8.385297429350039786e-03 8.477438027675939999e-03 8.333128624456063657e-03 8.428392254510185325e-03
7.865930606703885192e-03 7.650016382950763048e-03 7.643631573193779456e-03 7.638736323014740093e-03 7.626515478489402991e-03 7.670619261351482171e-03 7.873390108447009261e-03 7.625476196791545688e-03 7.636574367599937609e-03 0.000000000000000000e+00 7.637847373445967418e-03 7.857783257247634781e-03 7.880775185870188618e-03 7.643139202534499771e-03 7.648045077412666572e-03 7.642868435651295131e-03 7.868277056354953600e-03 7.862606361266981023e-03 7.634190332895077723e-03 7.639709023691555398e-03 7.850459027093472167e-03 7.642993745980792598e-03 7.668070464043719170e-03 7.616077161006854293e-03 7.878620983588475665e-03 7.642089189418409256e-03 7.629118195143991081e-03 7.622264989351825414e-03 7.634493283418745946e-03 7.844114070709007347e-03 7.854743858645728272e-03 7.877882419429906719e-03 8.294698382108419213e-03 8.347400095826431471e-03 8.048440013314641511e-03 8.284962665046861213e-03 8.269953401969565299e-03 8.251842586660892293e-03 8.301208533520615732e-03 8.322698234413453827e-03 8.299756017508898992e-03 8.296178585144510509e-03 8.323954890258271344e-03 8.326325642712127315e-03 8.324771405528671314e-03 8.295580672212556766e-03 8.314633120257861054e-03 8.248407745062887389e-03 8.304693632399219941e-03 8.335443127574631086e-03 8.325458073448694166e-03 8.352176922179158775e-03 8.374088115796141790e-03 8.209047442835857092e-03 8.367708094091990886e-03 8.296710320978409325e-03 8.230463091539859388e-03 8.290580049236580609e-03 8.308420427799929550e-03 8.236029416841594841e-03 8.315329629250736362e-03 8.373899435875751043e-03 8.318718349238831550e-03 8.275324890161250835e-03 8.345887143305967537e-03 8.327622169693363330e-03 8.306046587429595507e-03 8.255909919601792796e-03 8.264411627628929016e-03 8.340401889633756310e-03 8.416206949152293948e-03 8.328787785746073064e-03 8.366855739668698985e-03 8.378499686027428631e-03 8.339605191117902688e-03 8.239023169334036209e-03 8.292274401247308468e-03 8.286290856701388624e-03 8.340144336141594450e-03 8.303013168533462940e-03 8.296006748293468722e-03 8.279442656989738358e-03 8.334526900363087992e-03 8.314131112402341553e-03 8.379209240877772899e-03 8.326542288500821468e-03 8.283849330536632166e-03 8.318936245664826021e-03 8.290740950305805837e-03 8.346069345073739779e-03 8.286915941845308942e-03 8.326691533902898235e-03 8.326333678727010357e-03 8.301456235465911118e-03 8.365947681703339925e-03 8.295496882854778292e-03 8.338015281324566777e-03 8.318201714672724539e-03 8.315702572500138778e-03 8.270205873565802251e-03 8.273510146585463798e-03 8.316571246850699636e-03 8.312175428067187372e-03 8.334016475774468080e-03 8.261501560635389763e-03 8.293363537535194951e-03 8.307297463518421507e-03 8.235577655176472972e-03 8.299301076873892916e-03 8.353439215049909133e-03 8.362218815289425636e-03 8.257360966068303526e-03 8.325129889947662995e-03 8.293205627231134761e-03 8.320641946032169417e-03 8.283651562228688467e-03 8.235802097384940790e-03 8.321377454129336160e-03 8.273159472396492131e-03 8.294073936652178458e-03 8.268461191176414496e-03 8.253838074028121627e-03 8.313009031706378518e-03 8.336252965975862392e-03 8.330361715333354719e-03 8.416806377613876566e-03 8.269518900166193329e-03 8.365719765693302792e-03
7.888780527325875425e-03 7.661495209586846079e-03 7.893913469497757310e-03 7.650013783949373945e-03 7.639097117869515438e-03 7.900337725810720885e-03 7.892447360385817026e-03 7.663658952300880789e-03 7.668503620966308013e-03 7.637847373445967418e-03 0.000000000000000000e+00 7.667413048274299148e-03 7.895189574547817682e-03 7.665927118688195020e-03 7.671373126020893801e-03 7.892900573623084365e-03 7.896155978801056019e-03 7.655135242000600526e-03 7.682122003812644206e-03 7.881354655209633214e-03 7.633992689613548592e-03 7.672788741998269081e-03 7.704479640832239025e-03 7.636264782259860433e-03 7.898031204002916791e-03 7.877968655044278318e-03 7.669537515627602824e-03 7.651196777309550792e-03 7.654418821748175221e-03 7.883942251518465463e-03 7.672908929491984234e-03 7.668811017584097577e-03 8.320280328660273686e-03 8.373225312620314817e-03 8.278051004476897831e-03 8.304183280456477190e-03 8.293076340082361497e-03 8.270905596596251838e-03 8.321303459295879487e-03 8.348070933108089897e-03 8.318587224864755839e-03 8.315483037012212988e-03 8.351827791118005342e-03 8.355694183105007167e-03 8.352470046536018822e-03 8.320745761191020856e-03 8.333945818977955486e-03 8.274356006090015717e-03 8.325332774947211828e-03 8.363473524407983792e-03 8.350103797015260426e-03 8.372297285602167682e-03 8.401938184380159866e-03 8.226606558222562815e-03 8.395959195354282811e-03 8.323109373120371815e-03 8.256466392358994752e-03 8.323948173339592096e-03 8.333901007471307756e-03 8.251821392094344301e-03 8.327569870840807395e-03 8.399886592436872634e-03 8.338166934462837993e-03 8.302372878944806397e-03 8.303271498261646441e-03 8.272899911786571817e-03 8.251726448788423984e-03 8.215875488764387558e-03 8.214770721904633005e-03 8.292109126236093392e-03 8.151849144242008169e-03 8.280488371239973569e-03 8.309839760114788240e-03 8.319450464744599510e-03 8.289332140918950070e-03 8.193022137649292463e-03 8.261840698204282046e-03 8.243808398675915236e-03 8.298374146291009543e-03 8.268715561485605672e-03 8.242863029103361661e-03 8.028038198806345879e-03 8.279774553117808661e-03 8.267652329055024882e-03 8.320758522969593993e-03 8.272449876031847185e-03 8.230476919077581860e-03 8.273533879562042573e-03 8.237820423120626942e-03 8.290556791896275257e-03 8.250516766048690900e-03 8.268852742637852402e-03 8.073054082167428758e-03 8.255829377716175296e-03 8.315952952664214595e-03 8.259545218604960604e-03 8.326413926249510641e-03 8.305516394895209181e-03 8.312808127250040022e-03 8.260595323352630179e-03 8.261221802423543425e-03 8.305998703202964809e-03 8.300950573914426048e-03 8.330195081121226364e-03 8.259935969240281284e-03 8.289243907479100504e-03 8.296363310609152289e-03 8.219871195211695888e-03 8.295880199493383886e-03 8.341916998083774917e-03 8.348739490988996842e-03 8.248374642324824563e-03 8.321776051113668332e-03 8.298292438218791631e-03 8.309201936904011404e-03 8.282315856725099013e-03 8.242234751174566318e-03 8.308818349946706094e-03 8.264785482020078553e-03 8.283290467233590804e-03 8.259524764177973363e-03 8.251751830752903846e-03 8.098365045109643182e-03 8.325670649832866629e-03 8.317097716001484523e-03 8.403224895383889365e-03 8.259579296308855456e-03 8.353489210023528483e-03
7.635064513914172936e-03 7.617872313948499501e-03 7.608704235508858930e-03 7.631573807525018210e-03 7.640518169629935755e-03 7.629769923676772009e-03 7.640377203651954954e-03 7.617059793596316943e-03 7.628480528807562826e-03 7.857783257247634781e-03 7.667413048274299148e-03 0.000000000000000000e+00 7.879746638123857547e-03 7.623174365720650734e-03 7.651745475275510515e-03 7.629788822600343072e-03 7.647840518811842812e-03 7.607437521362176401e-03 7.884988868825612909e-03 7.626773942283547950e-03 7.609682494186592247e-03 7.608615568713380205e-03 7.869699363388330676e-03 7.615378491969328895e-03 7.899499555827855027e-03 7.617730124688146601e-03 7.609852062501859873e-03 7.608601694986954697e-03 7.865733630062158449e-03 7.618147397759816863e-03 7.847914909780600787e-03 7.660123552782547619e-03 8.382887095425763102e-03 8.433820200785186946e-03 8.347834031727410786e-03 8.365266257207492825e-03 8.356896099394663449e-03 8.330853019480010530e-03 8.387067023300281629e-03 8.410223849470113699e-03 8.379628485089723675e-03 8.376162037134256971e-03 8.416174948316071727e-03 8.412198262853925329e-03 8.412120202710508463e-03 8.382879878577656138e-03 8.394477743064440722e-03 8.343134411715111970e-03 8.383780738644767278e-03 8.423009392841981566e-03 8.403896968076928625e-03 8.431254116766128889e-03 8.460311649704370038e-03 8.290644910079419602e-03 8.454157459565615068e-03 8.384709213597065988e-03 8.319587571593818967e-03 8.375600014870338006e-03 8.396243907381533908e-03 8.315130078491642443e-03 8.385750461901046032e-03 8.460297791411490465e-03 8.398438382035158106e-03 8.360324505628255118e-03 8.412642756257783516e-03 8.397411531293072495e-03 8.375580759593544838e-03 8.326786636660027732e-03 8.336516122121842565e-03 8.409632407173317850e-03 8.481543100556286630e-03 8.398535026244723783e-03 8.435393659050362258e-03 8.446358375171986524e-03 8.413804883526597791e-03 8.312941385591051183e-03 8.368176620793676621e-03 8.357875642839213137e-03 8.409448549891283473e-03 8.375234720520298437e-03 8.366489529596935273e-03 8.349287058921021215e-03 8.404503941348855436e-03 8.384337800775493177e-03 8.447818375281610642e-03 8.397081439229112099e-03 8.352978581197920138e-03 8.389585326328448389e-03 8.361554333756243337e-03 8.415572485924357679e-03 8.366149061611512575e-03 8.394551548379957859e-03 8.394494664457194735e-03 8.371841622985144032e-03 8.434878246367466179e-03 8.366970283601476988e-03 8.384544769702982625e-03 8.372104908577355717e-03 8.364825772803334558e-03 8.322240593999823133e-03 8.332261355714232903e-03 8.372566865573324510e-03 8.375201285240581675e-03 8.381185231063683141e-03 8.314461097012679561e-03 8.351696016095224578e-03 8.364125538313140623e-03 8.075923753214949222e-03 8.342997846328546740e-03 8.399246236011265188e-03 8.409655255381842665e-03 8.307592655870589538e-03 8.374345850682017936e-03 8.337929243792721254e-03 8.368320595772889628e-03 8.342892510453111393e-03 8.287361215688822738e-03 8.370117488145239343e-03 8.332213299586143859e-03 8.351808942656474208e-03 8.328292623039508166e-03 8.302960412833281303e-03 8.350398958158119014e-03 8.391470540243185089e-03 8.383506129164169582e-03 8.460300638540642695e-03 8.318133599900943281e-03 8.410971085639432770e-03
