0.000000000000000000e+00 5.870907508490177777e-03 5.870877424223426393e-03 5.870867355920524923e-03 5.870857368253631740e-03 5.870867396309663137e-03 5.870877424545807403e-03 5.870867355880736438e-03 5.870867396228283790e-03 5.870857368092465521e-03 5.870867396188268056e-03 5.870867396188203004e-03 5.870887452560769222e-03 5.870887371905400554e-03 5.870867396067534771e-03 5.870877424303973940e-03 5.870877383915999725e-03 5.870867396148037216e-03 5.870877424303538525e-03 5.870877424464822705e-03 5.870867396309047311e-03 5.870877424546333025e-03 5.870847339936849721e-03 5.870887452359307111e-03 5.870867396309200834e-03 5.870867396228416496e-03 5.870867396309379510e-03 5.870867396188339180e-03 5.870877424586246410e-03 5.870867396349717035e-03 5.870887452318420546e-03 5.870877384077718454e-03 5.870877424384342812e-03 5.870867396268526772e-03 5.870867396308951033e-03 5.870907508570609966e-03 5.870857408400487198e-03 5.870867436819349888e-03 5.870867396349270344e-03 5.870897521145396723e-03 5.870907508812184955e-03 5.870867396228534457e-03 5.870877424344004419e-03 5.870877424384626439e-03 5.870877424384774758e-03 5.870897520944369161e-03 5.870927605653116811e-03 5.870867396188222953e-03 5.870857368052572953e-03 5.870897440369520284e-03 5.870857368334472456e-03 5.870857368173296696e-03 5.870887412051916873e-03 5.870867396187977490e-03 5.870867396429921108e-03 5.870867355960793059e-03 5.870857368132922742e-03 5.870867396147733640e-03 5.870857368213113804e-03 5.870877424384289035e-03 5.870867396107504535e-03 5.870907508731705929e-03 5.870867396348921664e-03 5.870867396389741442e-03 5.870867396147782212e-03 5.870877383875519086e-03 5.870877464611830819e-03 5.870867396268571875e-03 5.870867396308741132e-03 5.870867436697756181e-03 5.870877424545620921e-03 5.870867396470114651e-03 5.870847339936577369e-03 5.870867396188549081e-03 5.870887452721463597e-03 5.870867436495999167e-03 5.861583884463151227e-03 5.870887412172943326e-03 5.870887452358964503e-03 5.870887492706656705e-03 5.870877424183269279e-03 5.870857368294376925e-03 5.870857368253670772e-03 5.870867396067251144e-03 5.870877383875539902e-03 5.870887492949757383e-03 5.870887452963558135e-03 5.870877424545537654e-03 5.870867396309422878e-03 5.870877343769442640e-03 5.870867396349405652e-03 5.870877424264156833e-03 5.870877424021925250e-03 5.870877424545849037e-03 5.870877384157418589e-03 5.870887452519345760e-03 5.870877424546022509e-03 5.870887452561145657e-03 5.870857368293504359e-03 5.870867356081818644e-03 5.870877424424556304e-03 5.870867396067221654e-03 5.870867436900279943e-03 5.870877424102195243e-03 5.870867396470800734e-03 5.870867396147852468e-03 5.870867436576684625e-03 5.861583924811941508e-03 5.870897480394599889e-03 5.870887452721375993e-03 5.870867396228733083e-03 5.870867396268361973e-03 5.870877424383989795e-03 5.870877464772183453e-03 5.870847339977345973e-03 5.870867396269138262e-03 5.870867396429868199e-03 5.870847339977254033e-03 5.870877424625601214e-03 5.870877343608159327e-03 5.870857368253930980e-03 5.870857368173268073e-03 5.870877424384326332e-03 5.870877384238623597e-03 5.870867356202611777e-03 5.861583924771486889e-03 5.870877424223126285e-03 5.870867396268903207e-03 5.870887452399727903e-03 5.870857368213291613e-03 5.870867396188003511e-03 5.870867396389367610e-03 5.870867396429966210e-03 5.870857368092854099e-03 5.870857368133168205e-03 5.870857368173101540e-03 5.870867396268283044e-03 5.870867396309382112e-03 5.870857368414991381e-03 5.861583884422665383e-03 5.870857368012263183e-03
5.870907508490177777e-03 0.000000000000000000e+00 5.870907508490110123e-03 5.870897400062577605e-03 5.870887412574939471e-03 5.870877424384643786e-03 5.870907508731939249e-03 5.870897480636358759e-03 5.870897480595614441e-03 5.870907508409220835e-03 5.870897480555279518e-03 5.870897480716447472e-03 5.870917536564763776e-03 5.870917456073367242e-03 5.870897480676480311e-03 5.870907508489797005e-03 5.870907508570404401e-03 5.870897480515048679e-03 5.870907468344779487e-03 5.870907468505566669e-03 5.870897480676377095e-03 5.870907468344020545e-03 5.870877424908183331e-03 5.870917536363792592e-03 5.870897480757065155e-03 5.870877424545822149e-03 5.870897440449571701e-03 5.870897480635729922e-03 5.870907508852427938e-03 5.870897480797253494e-03 5.870917496177597075e-03 5.870907508571208445e-03 5.870907508570171081e-03 5.870897480554998493e-03 5.870897440368930478e-03 5.870937551987706962e-03 5.870907548876620231e-03 5.870877424504925175e-03 5.870897480716594924e-03 5.861644073243165928e-03 5.870937592212880848e-03 5.870897480676239184e-03 5.870907508610524218e-03 5.870907468263824279e-03 5.870907468263166819e-03 5.870907508289056539e-03 5.870957688931372452e-03 5.870897480636092479e-03 5.870867396510595290e-03 5.870927564500167707e-03 5.870887412655611919e-03 5.870907508731161226e-03 5.870917536525219020e-03 5.870897480716379818e-03 5.870897480797086961e-03 5.870897480716412778e-03 5.870887452761979798e-03 5.870897480676305971e-03 5.870907508610877235e-03 5.870907508569948169e-03 5.870897520942771480e-03 5.870937552229490985e-03 5.861613979166867272e-03 5.870897480756581167e-03 5.870897480676351941e-03 5.870907508529923761e-03 5.870907468021491216e-03 5.870897480635903394e-03 5.870897440529631792e-03 5.870877464691317583e-03 5.870907508731758838e-03 5.870897480918130761e-03 5.870897480636006610e-03 5.870897480636102020e-03 5.870917536806630199e-03 5.870897521023357192e-03 5.870897480837124378e-03 5.870917415565697975e-03 5.870897480393856560e-03 5.870917576951532359e-03 5.870907508369262347e-03 5.870887452922783460e-03 5.861603961311432319e-03 5.870897480676517607e-03 5.870907468303859095e-03 5.870917576952858555e-03 5.870917537048069880e-03 5.870907428198316944e-03 5.870897440449453740e-03 5.870907508731030254e-03 5.870877424586111101e-03 5.870907468062180022e-03 5.870887452359471910e-03 5.870907508651448080e-03 5.870907508651069910e-03 5.870917536605326816e-03 5.870907508731513375e-03 5.870917536645835211e-03 5.861603961351447185e-03 5.870897480757215209e-03 5.870907468464661889e-03 5.870897480757184851e-03 5.870897480958559358e-03 5.870907548836411943e-03 5.870897480837316933e-03 5.870877424545476939e-03 5.870897480554122458e-03 5.870897480716427523e-03 5.870907508208510726e-03 5.870917536726809501e-03 5.870897440208503251e-03 5.870897480716549821e-03 5.870907508650988378e-03 5.870907548957760187e-03 5.870917536404917682e-03 5.870897480716359869e-03 5.870897480797349771e-03 5.870877424465199140e-03 5.870907468585651046e-03 5.870907508489540266e-03 5.870887452802286098e-03 5.870887452802163800e-03 5.870887452399557033e-03 5.870907508731298269e-03 5.861613979327947622e-03 5.870897480676205357e-03 5.870887452480292798e-03 5.870897440167815312e-03 5.870917536242662056e-03 5.861603961270807697e-03 5.870897480635876506e-03 5.861613979207347912e-03 5.870897480796968132e-03 5.870887452721595436e-03 5.870887452842601072e-03 5.870887412494413607e-03 5.870897440409606274e-03 5.870897480595046319e-03 5.870887452963500022e-03 5.870897440489792132e-03 5.870887452560792641e-03
5.870877424223426393e-03 5.870907508490110123e-03 0.000000000000000000e+00 5.870867396067450637e-03 5.870857368092644198e-03 5.870867396229053140e-03 5.861593942869542870e-03 5.870867396107881837e-03 5.870867396147996450e-03 5.870877424142624708e-03 5.870847339855936146e-03 5.870867396027216328e-03 5.870867355839811709e-03 5.870887452439977824e-03 5.870867355840255798e-03 5.870877424223528741e-03 5.870857367931594205e-03 5.870867395987051408e-03 5.870877424142878845e-03 5.870877424384379241e-03 5.870867396228598642e-03 5.870877424385512015e-03 5.870847340017320073e-03 5.870887452278699715e-03 5.870867396147568841e-03 5.870867355920271653e-03 5.870867396148392835e-03 5.870867396107894848e-03 5.870877424586176153e-03 5.870867355880333115e-03 5.870887452238135809e-03 5.870877383915930336e-03 5.870877424303901949e-03 5.870867396107545301e-03 5.870867355759352632e-03 5.870907508328291648e-03 5.870877464450325461e-03 5.870867436738903822e-03 5.870867355799996336e-03 5.870897521065113721e-03 5.870887412333303766e-03 5.870867355840659989e-03 5.870857367972035813e-03 5.870877383915975439e-03 5.870877424304005165e-03 5.870897520863923962e-03 5.870927605491657424e-03 5.861583924650675542e-03 5.870857368052502696e-03 5.870897440450149364e-03 5.870857327864850879e-03 5.870877424304145678e-03 5.870887412133027339e-03 5.861583924730888288e-03 5.870867396348670997e-03 5.870867396188096318e-03 5.870857368052311877e-03 5.870867396228043530e-03 5.870877424263590445e-03 5.870857368093023235e-03 5.870867436495877736e-03 5.870887452561055452e-03 5.870867396268472996e-03 5.870867396228269912e-03 5.870847339896796691e-03 5.870877383875609291e-03 5.870877464531224291e-03 5.870867396188446732e-03 5.870867396228613387e-03 5.870867436617148785e-03 5.870877384156866947e-03 5.870867396309125373e-03 5.870867355799942559e-03 5.870867396027240614e-03 5.870887452399407846e-03 5.870867436415553101e-03 5.870867396309298845e-03 5.870887452318905401e-03 5.870887452117124101e-03 5.870887492626210638e-03 5.870877383795153684e-03 5.861573906733556424e-03 5.870857368173386034e-03 5.870867396228743491e-03 5.870877424182976111e-03 5.870887492788453253e-03 5.870887412413809681e-03 5.870877343769697644e-03 5.870867396309513951e-03 5.870877424223958085e-03 5.870867396107400452e-03 5.870877424183549437e-03 5.870877424182930140e-03 5.870877384157087257e-03 5.870877424383838007e-03 5.870887452440031601e-03 5.870877424465092455e-03 5.870887452560753610e-03 5.870857368213701875e-03 5.870867396228099909e-03 5.870877383955739638e-03 5.870867396228552672e-03 5.870867436819507748e-03 5.870877464490489514e-03 5.870867396309655331e-03 5.870867396067245073e-03 5.870867436415700552e-03 5.870867396188274127e-03 5.870897480313672437e-03 5.870887412493934823e-03 5.870867396148287017e-03 5.870867355880005252e-03 5.870877343688685190e-03 5.870877424384073062e-03 5.870887452479934578e-03 5.870867396027610111e-03 5.870867396268555395e-03 5.870867396228581295e-03 5.870877424384559652e-03 5.870877424062513443e-03 5.870857368172999191e-03 5.870857368092655473e-03 5.870877424303718069e-03 5.870877424465200875e-03 5.870867396429751972e-03 5.870867396067513955e-03 5.870877424222736840e-03 5.870867396268507690e-03 5.870887412012022570e-03 5.870857368133162134e-03 5.870867396027179032e-03 5.870867396228384404e-03 5.870867396349195751e-03 5.870857367931868291e-03 5.870857368052075954e-03 5.870857368092651137e-03 5.870867396188477090e-03 5.870867355920700130e-03 5.870857368334382251e-03 5.870867396268987341e-03 5.870857367931656655e-03
5.870867355920524923e-03 5.870897400062577605e-03 5.870867396067450637e-03 0.000000000000000000e+00 5.870847340057723518e-03 5.870857368173510935e-03 5.870867356162145015e-03 5.870857368132714575e-03 5.870857368092612105e-03 5.861583924771084433e-03 5.870857368052114986e-03 5.870857368132913201e-03 5.870877424465198273e-03 5.870857368294572949e-03 5.870857368092457715e-03 5.870867396228538794e-03 5.870867355920535331e-03 5.870857368012043741e-03 5.870867396308967513e-03 5.870867396389232301e-03 5.870857368092675423e-03 5.870867396470900480e-03 5.870837311841135657e-03 5.870877424344110238e-03 5.870857368173206491e-03 5.861573906773540066e-03 5.870857368173549966e-03 5.870857368051865185e-03 5.870867315975370100e-03 5.870857368213402636e-03 5.870877424303862918e-03 5.870867355920862327e-03 5.870867356001006551e-03 5.870857368132860292e-03 5.870857368172635767e-03 5.870897480595660411e-03 5.870867396147989511e-03 5.870857408683444016e-03 5.870857368213439932e-03 5.870887493030088958e-03 5.870897480917780346e-03 5.870857368012483493e-03 5.870867396188350455e-03 5.870867396148278343e-03 5.870867396309178282e-03 5.870887492909268937e-03 5.870917577638615562e-03 5.870857368052389939e-03 5.870847339936555685e-03 5.870887412575397438e-03 5.870847340057703569e-03 5.870867396309001340e-03 5.870877424424521610e-03 5.870857368052145343e-03 5.870857368293611045e-03 5.870857368052334428e-03 5.870847339936848854e-03 5.870857368172824851e-03 5.870867396268440903e-03 5.870867396309179150e-03 5.870857408279819833e-03 5.870877424707325772e-03 5.870857367971955149e-03 5.870857368253589240e-03 5.870857368092490675e-03 5.870847339856348143e-03 5.870867436536797261e-03 5.870857367891445765e-03 5.870857368173555170e-03 5.870857408562007301e-03 5.870867396469388669e-03 5.870857368334125512e-03 5.870857367971765196e-03 5.870857367972178061e-03 5.870877424626217041e-03 5.870857408360411617e-03 5.870857368092838487e-03 5.870877424465173987e-03 5.870877384036581222e-03 5.870877464692342805e-03 5.870867396107672803e-03 5.870847340097986450e-03 5.870847339896520002e-03 5.870857327945747973e-03 5.870867355960775712e-03 5.870877424707356129e-03 5.870877424947890284e-03 5.870867396470427768e-03 5.870857327945496439e-03 5.870867396228807676e-03 5.870857368212933393e-03 5.870867396188559489e-03 5.861583924730773797e-03 5.870867356162186648e-03 5.870867396389495979e-03 5.870877424424902381e-03 5.870867396469948117e-03 5.870877424625846677e-03 5.870827283604908124e-03 5.870857368253419237e-03 5.870867396349442949e-03 5.870857368172847403e-03 5.870857408683836064e-03 5.870867436415202686e-03 5.870857368253952664e-03 5.870857368011858993e-03 5.870857408441258404e-03 5.870837311760849185e-03 5.870887452600711230e-03 5.870877384559432081e-03 5.870857368092900069e-03 5.870857287596929069e-03 5.870867396308879042e-03 5.870867396389249648e-03 5.870877384237678173e-03 5.870857368052765507e-03 5.870857368293874723e-03 5.870857368172717299e-03 5.870867396389738840e-03 5.870867396067521761e-03 5.870847340057538770e-03 5.870847339976713666e-03 5.870867396308894655e-03 5.870847340058221384e-03 5.870857368213612537e-03 5.870857368011965678e-03 5.870867356000538176e-03 5.870857368133071928e-03 5.870877424384694961e-03 5.870847339856297836e-03 5.870857367891416274e-03 5.870837311881658797e-03 5.870857368213438197e-03 5.870847339896619749e-03 5.870847339936612931e-03 5.870847339977191583e-03 5.870837311680351077e-03 5.870857368254088840e-03 5.870847340218279982e-03 5.870857368052526115e-03 5.870847339816032302e-03
5.870857368253631740e-03 5.870887412574939471e-03 5.870857368092644198e-03 5.870847340057723518e-03 0.000000000000000000e+00 5.870847340138469692e-03 5.870857328187585773e-03 5.870847340098156453e-03 5.870847299749177954e-03 5.870857368253854652e-03 5.870847340017393799e-03 5.870847340098030685e-03 5.870867396470413890e-03 5.870867396591140236e-03 5.870847299749348824e-03 5.870857368253898020e-03 5.870857368253805213e-03 5.870847339976999028e-03 5.870857368334485467e-03 5.870857368495452193e-03 5.870847340138336118e-03 5.870857368495942252e-03 5.870827283685289139e-03 5.870867396429863862e-03 5.870847340138005653e-03 5.870847340137921519e-03 5.870847340138346526e-03 5.870847340017465790e-03 5.870857368616717170e-03 5.870847340178363127e-03 5.870867396470157151e-03 5.870857368334831544e-03 5.870857368334111634e-03 5.870847340017275838e-03 5.870847340137918917e-03 5.870887412495261019e-03 5.870857408562195519e-03 5.870847380649130490e-03 5.870847340178238227e-03 5.870877465257506173e-03 5.870887412736363296e-03 5.870847340057982859e-03 5.870837311922051834e-03 5.870857368334553988e-03 5.870857368334539243e-03 5.870877465136685285e-03 5.870907550207794985e-03 5.870847340017349564e-03 5.870837271531994216e-03 5.870877384560555315e-03 5.870837311961939198e-03 5.870857368334198370e-03 5.870867396591457690e-03 5.870847340017102366e-03 5.870847340178191390e-03 5.870847340097995991e-03 5.870837311841407141e-03 5.870847340137943203e-03 5.870857368374823859e-03 5.870857328026062201e-03 5.870847380406580586e-03 5.870887453044325993e-03 5.870847340017290583e-03 5.870847340138007388e-03 5.870847340057771223e-03 5.870857368294184371e-03 5.870857408562558076e-03 5.870847340098023746e-03 5.870827283645182332e-03 5.870847380527533313e-03 5.870857328187402760e-03 5.870847340219027648e-03 5.870847340017424157e-03 5.870847340017351298e-03 5.870867396711813672e-03 5.870847380325929822e-03 5.870847340218874125e-03 5.870847339977374596e-03 5.870867396349141974e-03 5.870867396551291036e-03 5.861573906733683927e-03 5.870837311921841065e-03 5.870837311881618899e-03 5.870847340218860247e-03 5.870857368294369986e-03 5.870867437101823585e-03 5.870867396953430295e-03 5.870837311962192467e-03 5.870847340219092700e-03 5.870857368415407715e-03 5.870847299789118227e-03 5.870857368133698163e-03 5.870857368213300287e-03 5.870857368414916788e-03 5.870857368414694744e-03 5.870867396591034418e-03 5.870857368495792199e-03 5.870867396631868074e-03 5.870837311921937342e-03 5.870847340137998714e-03 5.870857368374479517e-03 5.870847340138451477e-03 5.870847380730384937e-03 5.870857408521984629e-03 5.870847340299613359e-03 5.870847339976978212e-03 5.870847380406457421e-03 5.870847340098173800e-03 5.861593943233191217e-03 5.870867396953182230e-03 5.870847340057858826e-03 5.870847340178353586e-03 5.870857368414614946e-03 5.870857408642537502e-03 5.870867396631101326e-03 5.870847340017563802e-03 5.870827283846536022e-03 5.870847259520886770e-03 5.870857368495479081e-03 5.870857368092874916e-03 5.870837311881557316e-03 5.870837311881592878e-03 5.870857368415114547e-03 5.870857368496062816e-03 5.870827283685565827e-03 5.870847340057785101e-03 5.870857368333645861e-03 5.870847299869534804e-03 5.870867396389749249e-03 5.870837311760852655e-03 5.870847340017291451e-03 5.870847340138118410e-03 5.870847340178396954e-03 5.870817255267897494e-03 5.870837311921874892e-03 5.870817255187382039e-03 5.870847340098054104e-03 5.870847299829470498e-03 5.870837312123487056e-03 5.870847340017483137e-03 5.870837231103633903e-03
5.870867396309663137e-03 5.870877424384643786e-03 5.870867396229053140e-03 5.870857368173510935e-03 5.870847340138469692e-03 0.000000000000000000e+00 5.870867396551278893e-03 5.870857368133722450e-03 5.870857368092815068e-03 5.870867396309237263e-03 5.870857368133179481e-03 5.870857368213812030e-03 5.870877424546581957e-03 5.870877424666829519e-03 5.870857368173687009e-03 5.870867355920829367e-03 5.870867396309353489e-03 5.870857368012243234e-03 5.870867396389868945e-03 5.870867396470775580e-03 5.870857368253959603e-03 5.870847259521252796e-03 5.870837311922364951e-03 5.870857368213707080e-03 5.870857368253951797e-03 5.870857368173486648e-03 5.861573906773932113e-03 5.870857368052710863e-03 5.870867396591069112e-03 5.870857368374846411e-03 5.870877384157313639e-03 5.870867396390697275e-03 5.870867396309602422e-03 5.870857368052358714e-03 5.870857327945709810e-03 5.870897480515651495e-03 5.870867436617339605e-03 5.870837311761026994e-03 5.870857368294505295e-03 5.861604001619378536e-03 5.870897480998516979e-03 5.870857368173605477e-03 5.870867396349954692e-03 5.870867396228857983e-03 5.870867355839910588e-03 5.870867355961852975e-03 5.870917537412488445e-03 5.870857368133617499e-03 5.870847339856864223e-03 5.870887452883665446e-03 5.870847340138609337e-03 5.870867396470602975e-03 5.870877424586445036e-03 5.870857368133372903e-03 5.870857368374997332e-03 5.870857368214103464e-03 5.870847339937214013e-03 5.870857368254369865e-03 5.870867396349990254e-03 5.870867356082169926e-03 5.870857408441745862e-03 5.870897480918841997e-03 5.870857327985683043e-03 5.870857327945639553e-03 5.870857368173878696e-03 5.870867396269349031e-03 5.870867355759457583e-03 5.870857368132945293e-03 5.870857368334514957e-03 5.870837351948383041e-03 5.870867396550933683e-03 5.870857368334647663e-03 5.870857368133371168e-03 5.870857368053083829e-03 5.870877424787658214e-03 5.870857408522498974e-03 5.870857368335144662e-03 5.870877384238406757e-03 5.870877384037104241e-03 5.870877464934482447e-03 5.870867396188896893e-03 5.870847340179209672e-03 5.870847299829466161e-03 5.870857368335125580e-03 5.870867356041843677e-03 5.870877464934197952e-03 5.870877424948572031e-03 5.870867396470472871e-03 5.870857327865156190e-03 5.870867396470952522e-03 5.870857368213459881e-03 5.861583924650739727e-03 5.870867396188785871e-03 5.870867356243409003e-03 5.870867396389700676e-03 5.870877424666720232e-03 5.870867356162400887e-03 5.870877384157786351e-03 5.870847299869787206e-03 5.870857368335128182e-03 5.870867396510884989e-03 5.870857368254718545e-03 5.870857368295023110e-03 5.870867436576965651e-03 5.870837312043035786e-03 5.870857368012220683e-03 5.870857327663754795e-03 5.870857368214280406e-03 5.870887452521012830e-03 5.870877424868269079e-03 5.870857367931540428e-03 5.870857368293974470e-03 5.870867396470478942e-03 5.870867436778539651e-03 5.870877424627052310e-03 5.870857368053131534e-03 5.870857368374940953e-03 5.870857368093344159e-03 5.870867396631558426e-03 5.870867396229125998e-03 5.870847340138121012e-03 5.870847299749547450e-03 5.870847339977475210e-03 5.870867396470413023e-03 5.870857328146478898e-03 5.870857368173732979e-03 5.870867396309618035e-03 5.870837311921993720e-03 5.870857327784742216e-03 5.870847299789084400e-03 5.870857367971997649e-03 5.870857327945428784e-03 5.870857328066730191e-03 5.870847339977687714e-03 5.870847340098543296e-03 5.870847340057935154e-03 5.870857368213675855e-03 5.870857368254290068e-03 5.870847340138427191e-03 5.870857368294349170e-03 5.870847339897095930e-03
5.870877424545807403e-03 5.870907508731939249e-03 5.861593942869542870e-03 5.870867356162145015e-03 5.870857328187585773e-03 5.870867396551278893e-03 0.000000000000000000e+00 5.870867396429783197e-03 5.870867396469738216e-03 5.870877424384306383e-03 5.870867356041597346e-03 5.870867356202448713e-03 5.861603961068290874e-03 5.870887452841925397e-03 5.870847340138615408e-03 5.870877424545750158e-03 5.870877343850099475e-03 5.870867396389492510e-03 5.870877384318185822e-03 5.870877424786974733e-03 5.870867396551147054e-03 5.870877424787946178e-03 5.870847340259336550e-03 5.870887452600433674e-03 5.870867396309037770e-03 5.870847339977333830e-03 5.870867396551153992e-03 5.870867396430282797e-03 5.870877424908234506e-03 5.870847299869657102e-03 5.870887412252441366e-03 5.870857327784911352e-03 5.870877424626123366e-03 5.870867396349390040e-03 5.870847340137931060e-03 5.870907428036608623e-03 5.870877424464715152e-03 5.870867437061129575e-03 5.870867396348945950e-03 5.870897521306791059e-03 5.870887412494924483e-03 5.870867396390097061e-03 5.861593943071058757e-03 5.870877384238195121e-03 5.870877424626387911e-03 5.870897521186296299e-03 5.870927605652625884e-03 5.870847340098068849e-03 5.870857368374893248e-03 5.870897480918309437e-03 5.870857328186758310e-03 5.870877424706262386e-03 5.870887452601595072e-03 5.870847340097820784e-03 5.870867396349380499e-03 5.870867396430266318e-03 5.870857368294487948e-03 5.870867396389997314e-03 5.870877424666025475e-03 5.870877384318718382e-03 5.870867436737402419e-03 5.861623997284797979e-03 5.870867396590218230e-03 5.870867396389576644e-03 5.870867356162674106e-03 5.870877384116808713e-03 5.870877464853763161e-03 5.870867396510833815e-03 5.870867396631216685e-03 5.870867436939535867e-03 5.870857368253946593e-03 5.870867356403978478e-03 5.870867396268839890e-03 5.870867356121451004e-03 5.870887372186173354e-03 5.870867396429707737e-03 5.870867396631524598e-03 5.870887452641281208e-03 5.870887452359285427e-03 5.870887452640518797e-03 5.870857368133045907e-03 5.870837271854524413e-03 5.870857368495454795e-03 5.870867396631345055e-03 5.870877424424658653e-03 5.870887493190883079e-03 5.870887412654679505e-03 5.870877384318087810e-03 5.870867396631901033e-03 5.870877384398461886e-03 5.870867396349081259e-03 5.870877424425713365e-03 5.870877424425094068e-03 5.870857368093085685e-03 5.870877424545789189e-03 5.870887452842295760e-03 5.870877424626398319e-03 5.870887452802271353e-03 5.870857368535770636e-03 5.870867396470263837e-03 5.870877384357691547e-03 5.870867396470718334e-03 5.870867437141734368e-03 5.870877464732009859e-03 5.870867356403703524e-03 5.870867396309414205e-03 5.870867436818462577e-03 5.870867396429961874e-03 5.870897480636205236e-03 5.870867396470116385e-03 5.870867396470189244e-03 5.870847340017282777e-03 5.870857368253709803e-03 5.870857408481627154e-03 5.870887452641880555e-03 5.870867315894284788e-03 5.870867356122274131e-03 5.870867396550964908e-03 5.870877344251230860e-03 5.870877384157604205e-03 5.870857368334468987e-03 5.870857368334672817e-03 5.870877384318913539e-03 5.870877424787581018e-03 5.870867396751977725e-03 5.870867396470273378e-03 5.870877424384679348e-03 5.870867396590576451e-03 5.870887452560642587e-03 5.870857368455393958e-03 5.870867356122033871e-03 5.870867356323075312e-03 5.870867396510502483e-03 5.870857328026645068e-03 5.870857327905232639e-03 5.870857368414883828e-03 5.870867396510706313e-03 5.870867356242603224e-03 5.870857368575910402e-03 5.870867396591052632e-03 5.870857368173672264e-03
5.870867355880736438e-03 5.870897480636358759e-03 5.870867396107881837e-03 5.870857368132714575e-03 5.870847340098156453e-03 5.870857368133722450e-03 5.870867396429783197e-03 0.000000000000000000e+00 5.870857368132723249e-03 5.870867396107204428e-03 5.870857368092703178e-03 5.870857368092960785e-03 5.870877424424927535e-03 5.870877424626031425e-03 5.870857368133049377e-03 5.870867396188428518e-03 5.870847340017317471e-03 5.870857367972092192e-03 5.870867396268858104e-03 5.870867396429822228e-03 5.870857368213485902e-03 5.870867396511011624e-03 5.870837311881728186e-03 5.870877424384376639e-03 5.870857368213319369e-03 5.870857368133012948e-03 5.870857368213816367e-03 5.870857368092776037e-03 5.870867396551242463e-03 5.870857368253670772e-03 5.861593942909944580e-03 5.870867355881072107e-03 5.870867396268969994e-03 5.870837311720705082e-03 5.870857327905073045e-03 5.870897480716624414e-03 5.870847339936535736e-03 5.870857408643494202e-03 5.870857368253707201e-03 5.870887452924005573e-03 5.870897480877513078e-03 5.870857368133132644e-03 5.870867396308837409e-03 5.870867396269087955e-03 5.870867356041700562e-03 5.870887492869321725e-03 5.870917537614270612e-03 5.870857368092818537e-03 5.870847339977149082e-03 5.870887452843034753e-03 5.870847340178512314e-03 5.870867396429968812e-03 5.870877424304036390e-03 5.870857327865446756e-03 5.870857368173443280e-03 5.870857368092763894e-03 5.870847339976959130e-03 5.870857368133038101e-03 5.870867355920582169e-03 5.870867396349608615e-03 5.870837311720275738e-03 5.870897440570542643e-03 5.870857368253682047e-03 5.870857368294340496e-03 5.870857368132760545e-03 5.870867355839786556e-03 5.870867436576904935e-03 5.870857368173333125e-03 5.870857368294363915e-03 5.870857408522218816e-03 5.870867396349539226e-03 5.870857368294499223e-03 5.861573906693340330e-03 5.870857368092985938e-03 5.870877384438550478e-03 5.870857408481537816e-03 5.870857368213488504e-03 5.870877424425226775e-03 5.870877424384354087e-03 5.870877464893688689e-03 5.870867396148263598e-03 5.870847340138253719e-03 5.870847340097871958e-03 5.870857368293844365e-03 5.870867315452002293e-03 5.870877464975231101e-03 5.870877424827722520e-03 5.870867396510701108e-03 5.870857368294238147e-03 5.870867315814332250e-03 5.870857368254003839e-03 5.870867396228987220e-03 5.870867396228692317e-03 5.870867396430144887e-03 5.870867396429603653e-03 5.870877384318899661e-03 5.870867396430481423e-03 5.870877424586542180e-03 5.870847340138188666e-03 5.870857368294491417e-03 5.870867396470089497e-03 5.870837311761018321e-03 5.870857408724424256e-03 5.861583965079612650e-03 5.870857368294702186e-03 5.870857368052451522e-03 5.870857408481524806e-03 5.870857327704251914e-03 5.870887452641459017e-03 5.870857368455426051e-03 5.870857368133171675e-03 5.870857368092419551e-03 5.870867356122095454e-03 5.870867436657526209e-03 5.870877424425017740e-03 5.870857368173092866e-03 5.870857368334790778e-03 5.870857368213470290e-03 5.870867356282532222e-03 5.870867396188006113e-03 5.870847340097970837e-03 5.870847340017464056e-03 5.870847339936843649e-03 5.870867396510480798e-03 5.870857368414962758e-03 5.870837311841111371e-03 5.870867396268979535e-03 5.870857368253880673e-03 5.870877424425120089e-03 5.870847340057648057e-03 5.870857368092442970e-03 5.870857368293969265e-03 5.870857368334406537e-03 5.870847339937053551e-03 5.870847339896501788e-03 5.870847340017622783e-03 5.870857368173203888e-03 5.870857327986369993e-03 5.870827283766351032e-03 5.870857368173014804e-03 5.870847339856460900e-03
5.870867396228283790e-03 5.870897480595614441e-03 5.870867396147996450e-03 5.870857368092612105e-03 5.870847299749177954e-03 5.870857368092815068e-03 5.870867396469738216e-03 5.870857368132723249e-03 0.000000000000000000e+00 5.870867396228019244e-03 5.870857368051960595e-03 5.870857327824446567e-03 5.870877424545260098e-03 5.870877384197725757e-03 5.870857368011923177e-03 5.870867396227903018e-03 5.870867396227973274e-03 5.870857368011888483e-03 5.870867356000582411e-03 5.870867396389881955e-03 5.870857368173065111e-03 5.870847340058112963e-03 5.870837311841303058e-03 5.870877424183038561e-03 5.870857367931755534e-03 5.870857368172810106e-03 5.870857368092370979e-03 5.870857368052354378e-03 5.870867356282162726e-03 5.870857368294271107e-03 5.870877424142958642e-03 5.870867396228779053e-03 5.870867396228384404e-03 5.870857368132221914e-03 5.870857368173125826e-03 5.870897480675881831e-03 5.870867436536282916e-03 5.870857408603070808e-03 5.870857368052362184e-03 5.870887493110310378e-03 5.870897480676175867e-03 5.870857368012328235e-03 5.870867396107501066e-03 5.870867396228660225e-03 5.870867396228648082e-03 5.870887452602013140e-03 5.870897521589003680e-03 5.870857368052562544e-03 5.870847339856343806e-03 5.870867396631419648e-03 5.870847340137767129e-03 5.870867315773563647e-03 5.870877424505069157e-03 5.870857368052152282e-03 5.861573906894628101e-03 5.870857368132886313e-03 5.870847339856316051e-03 5.870857368012231958e-03 5.870867396349470704e-03 5.870867355920576965e-03 5.870857408441228914e-03 5.870897480676555771e-03 5.870857368132561920e-03 5.870857368173216899e-03 5.870857368092658075e-03 5.870867396188294944e-03 5.870867436536321080e-03 5.870857368052368255e-03 5.861573906854603694e-03 5.870857408562015108e-03 5.870867315853893487e-03 5.870857328025016163e-03 5.870857368052474941e-03 5.870857368051920697e-03 5.870857368254169505e-03 5.870857408360740347e-03 5.870857368092845426e-03 5.870877384157189606e-03 5.870877424343612372e-03 5.870877424545278313e-03 5.870867396026819944e-03 5.870847340097670730e-03 5.870847340057288102e-03 5.870857368173366952e-03 5.870867396268858972e-03 5.870877424626020150e-03 5.870877344331590190e-03 5.870867356081507261e-03 5.870857368172955823e-03 5.870867396228656755e-03 5.870857368132720647e-03 5.870867355800119501e-03 5.870867396107411727e-03 5.870867396388919184e-03 5.870847339896644902e-03 5.870877384277994882e-03 5.870867356161080762e-03 5.861593943111757105e-03 5.870847340097604811e-03 5.870857368012285735e-03 5.870867396348004863e-03 5.870857368092798588e-03 5.870857368294667492e-03 5.870867436496072025e-03 5.870857327945163372e-03 5.870857367931488387e-03 5.870857408360564272e-03 5.870857368133219380e-03 5.870867396430159632e-03 5.870877344251931688e-03 5.870857368012203335e-03 5.870857327905088657e-03 5.870867396228505834e-03 5.870867436616621429e-03 5.870877424464654437e-03 5.870857367891529899e-03 5.870857368213662844e-03 5.870857368012287469e-03 5.870847340138189534e-03 5.870867396147423992e-03 5.870847340057705303e-03 5.870847299668488159e-03 5.870867396389278271e-03 5.870867396309303182e-03 5.870857328066230590e-03 5.870857368092834150e-03 5.870867355920486759e-03 5.870857368052377796e-03 5.870877383996335637e-03 5.870847340017065936e-03 5.870837311599754957e-03 5.870857368253704599e-03 5.870857368293662219e-03 5.870847339896303162e-03 5.870847299708606241e-03 5.870847299668645151e-03 5.870857368052240753e-03 5.870857368173075519e-03 5.870847299909090836e-03 5.870857368213130284e-03 5.870847339735497765e-03
5.870857368092465521e-03 5.870907508409220835e-03 5.870877424142624708e-03 5.861583924771084433e-03 5.870857368253854652e-03 5.870867396309237263e-03 5.870877424384306383e-03 5.870867396107204428e-03 5.870867396228019244e-03 0.000000000000000000e+00 5.870867396107625966e-03 5.870867396188259382e-03 5.870887452479646614e-03 5.870887412293430280e-03 5.870867396228184910e-03 5.870877424303385002e-03 5.870857368012100987e-03 5.870867396067234664e-03 5.870877424303917562e-03 5.870877424545254894e-03 5.870867396308462709e-03 5.870877424465208681e-03 5.870847340097825988e-03 5.870887452358717305e-03 5.870867396308455770e-03 5.870847339976911425e-03 5.870867396309274559e-03 5.870867396027159950e-03 5.870857368133227186e-03 5.870867396349128096e-03 5.870887452317994672e-03 5.870877383916380497e-03 5.870877424223331850e-03 5.870867396268422689e-03 5.870867396147768334e-03 5.870907508570184091e-03 5.870857408319686381e-03 5.870867436738223810e-03 5.870867396348844469e-03 5.870897520983900907e-03 5.870907508811919542e-03 5.870867355920518851e-03 5.870877424343901203e-03 5.870877384076374911e-03 5.870877424303808274e-03 5.870897480556222341e-03 5.870927524959236414e-03 5.870867396187796211e-03 5.870857368133006876e-03 5.870897480756981021e-03 5.870857368334048317e-03 5.870877424384491998e-03 5.870887452439613532e-03 5.870867355960822549e-03 5.870867396429817024e-03 5.870867396188061624e-03 5.870857368132818659e-03 5.870867396308871236e-03 5.870877384036265502e-03 5.870877424384510213e-03 5.870867355880351329e-03 5.870907428118840587e-03 5.870867396348820183e-03 5.870867396389637359e-03 5.870867396147841193e-03 5.861593942828881819e-03 5.870877464611563672e-03 5.870867315652807811e-03 5.870867396389659910e-03 5.870867436697329439e-03 5.870877424545517705e-03 5.870867396309089811e-03 5.870867355799425612e-03 5.870867396188122339e-03 5.870887452721040324e-03 5.870867436576272629e-03 5.870867356081734510e-03 5.870887452480105448e-03 5.870887452198109667e-03 5.870887492867626033e-03 5.870877424183167798e-03 5.870857368294112380e-03 5.870857368253406226e-03 5.870867396308926747e-03 5.870857367971799023e-03 5.870867436698397161e-03 5.870887452802217576e-03 5.870877424545759699e-03 5.870847339977215869e-03 5.870877424464252849e-03 5.870867396349303304e-03 5.870877424263727488e-03 5.870857367971912648e-03 5.870877424384347149e-03 5.870877424464021263e-03 5.870887452600425001e-03 5.870877424384680215e-03 5.870887452399643769e-03 5.870857327985734217e-03 5.870867396389628685e-03 5.870877424505150689e-03 5.870867396228516243e-03 5.870867396350489854e-03 5.870877424102249886e-03 5.870867396309135781e-03 5.870867396147749252e-03 5.870867436576580542e-03 5.861583924811731607e-03 5.870897480555726210e-03 5.870887452721433239e-03 5.870867396228308076e-03 5.870847339936639819e-03 5.870877384157236444e-03 5.870877464611489946e-03 5.870887452319310459e-03 5.870867396268387994e-03 5.870867396430083304e-03 5.870867396228547468e-03 5.870877424625661062e-03 5.870877424222908578e-03 5.870857368253663833e-03 5.870857368092624248e-03 5.870877384157088992e-03 5.861593943031107208e-03 5.870867396509936095e-03 5.870867355759730802e-03 5.870877424303881133e-03 5.870867396349017074e-03 5.870887452399464225e-03 5.870857368213187530e-03 5.870867355879993976e-03 5.870867356081515935e-03 5.870867396429540336e-03 5.870857368092751750e-03 5.870857368132744933e-03 5.870857368173321850e-03 5.870867315652839036e-03 5.870867396389816903e-03 5.870857368253644751e-03 5.870867356041263412e-03 5.870857368012162569e-03
5.870867396188268056e-03 5.870897480555279518e-03 5.870847339855936146e-03 5.870857368052114986e-03 5.870847340017393799e-03 5.870857368133179481e-03 5.870867356041597346e-03 5.870857368092703178e-03 5.870857368051960595e-03 5.870867396107625966e-03 0.000000000000000000e+00 5.870857368092578278e-03 5.870877383956286076e-03 5.870877424465219957e-03 5.870857368051807072e-03 5.870867396188209075e-03 5.870867396107580863e-03 5.870857367810795001e-03 5.870867396268637795e-03 5.870867356041475915e-03 5.870857368052347439e-03 5.870867396430090243e-03 5.870837311800962931e-03 5.870877424303618322e-03 5.870857327824243604e-03 5.870857368052252029e-03 5.870857368133217645e-03 5.870857368012016853e-03 5.870867396309244202e-03 5.870857368173072049e-03 5.870877424263216612e-03 5.870867396268982137e-03 5.870867396268423556e-03 5.870857368092206180e-03 5.870837311760263716e-03 5.870897480636031764e-03 5.870867436496105853e-03 5.870857408643274759e-03 5.861573906773671037e-03 5.870887493070297246e-03 5.870897400021796858e-03 5.870857287436387351e-03 5.870867396147698945e-03 5.861583924811611911e-03 5.870867396268525905e-03 5.870887492868779624e-03 5.870917497145474763e-03 5.861573906612469256e-03 5.870847339896383826e-03 5.870887452842169993e-03 5.870847299627956345e-03 5.870867396268995148e-03 5.870877384077329876e-03 5.870857327784685838e-03 5.870857368173062509e-03 5.870857368092542716e-03 5.870847339896518267e-03 5.870857368132816924e-03 5.870867396228273381e-03 5.870867396268688969e-03 5.870857408400730927e-03 5.870897480797295127e-03 5.870857368092545318e-03 5.870857368213421718e-03 5.870837311680117757e-03 5.870867396228013173e-03 5.870867436496466675e-03 5.870857368092089953e-03 5.870857368213762591e-03 5.870857408521839779e-03 5.870867396349003196e-03 5.870857368052495757e-03 5.870857368011974352e-03 5.870857367931850077e-03 5.870877384358596206e-03 5.870857408400939961e-03 5.870857368213586516e-03 5.870877424344147534e-03 5.870857368011757511e-03 5.870877464732715892e-03 5.870867396067343084e-03 5.870847299588178268e-03 5.870847340017109305e-03 5.870857368132872435e-03 5.870867396147981705e-03 5.870857408522908369e-03 5.870857368535350833e-03 5.870867396268539783e-03 5.870857368133098816e-03 5.870867396268859839e-03 5.870857368172764136e-03 5.870867396067692631e-03 5.870867396147770936e-03 5.870867396429766717e-03 5.870867396348845337e-03 5.870877424465112404e-03 5.870867396269022036e-03 5.870877424425080190e-03 5.870847340057428615e-03 5.870857327905581319e-03 5.870847340057233459e-03 5.870857368133001672e-03 5.870857368254971814e-03 5.870867436455897564e-03 5.870857368133240196e-03 5.870857367971851065e-03 5.870857408400930420e-03 5.870857368092721393e-03 5.870887452560378042e-03 5.870877424746392612e-03 5.870857368052249427e-03 5.870857368173060774e-03 5.870867396268067070e-03 5.870867436656985842e-03 5.870877424505338907e-03 5.870857368092490675e-03 5.870857368253868530e-03 5.870857368132871568e-03 5.870867396429466610e-03 5.870867396107730916e-03 5.870847340017049457e-03 5.870847339936705739e-03 5.870867356041835870e-03 5.870867356121653967e-03 5.870857368334202707e-03 5.870857368052335296e-03 5.870867355960847703e-03 5.870857327864967105e-03 5.870877424344365242e-03 5.870847339976888006e-03 5.870857368011843380e-03 5.870857327905217027e-03 5.870857368253807815e-03 5.870847339856291765e-03 5.870847339896604136e-03 5.870847339936860129e-03 5.870857368092280773e-03 5.870857368052036056e-03 5.870847340017188234e-03 5.870857368173275879e-03 5.870847339775699114e-03
