0.000000000000000000e+00 1.035854137214997986e-02 1.143357896123627614e-02 9.905203343274509090e-03 1.017552730482741349e-02 1.291185111195950613e-02 9.205286403985086727e-03 9.483965332590573588e-03 1.103130122975416391e-02 9.838596285234898001e-03 1.076167771303384452e-02 1.105223924556344474e-02 1.060592931484405192e-02 1.322947583652889572e-02 1.172113023786968029e-02 1.015808948489477746e-02 9.619900296705147236e-03 9.268310077113097248e-03 9.482396039679086980e-03 1.164723041664795199e-02 1.057453884835286330e-02 1.213391560958280296e-02 1.395547950183857223e-02 9.518833845045742564e-03 1.157961274021878512e-02 1.170097425057802128e-02 1.145810864045267684e-02 1.050511345794627287e-02 9.350436165403021305e-03 1.036430537686765067e-02 9.301885202896091609e-03 1.080719584446769924e-02 2.556068105553716344e-02 2.618607478143998232e-02 2.473876328369891894e-02 2.556380884324184477e-02 2.517100415177766365e-02 2.474910995286355372e-02 2.528855596947096954e-02 2.594244295890581545e-02 2.560996246934562487e-02 2.567832974778722424e-02 2.536645744933068228e-02 2.562097772119003095e-02 2.601326960065184629e-02 2.554446358932869685e-02 2.582552328479711598e-02 2.455665955494042152e-02 2.529566006433541306e-02 2.612489712047056864e-02 2.540045697556480436e-02 2.624986247575797696e-02 2.660803922424670453e-02 2.483571408846275627e-02 2.653523265890105065e-02 2.553193121308674346e-02 2.507897120577110006e-02 2.502869218880174676e-02 2.572456386507314743e-02 2.445875375843630309e-02 2.540456489744187529e-02 2.653387665076377411e-02 2.588007098166229120e-02 2.448100995077573394e-02 2.607522319259705443e-02 2.608667657785958965e-02 2.559034934811177386e-02 2.483471234010939735e-02 2.569602134535503568e-02 2.644064881354452057e-02 2.710145039522929983e-02 2.635975323188181896e-02 2.679085004147521362e-02 2.690823599603217597e-02 2.591111160533588614e-02 2.529926009723320462e-02 2.524158480767469195e-02 2.574217252868216468e-02 2.644168494858148422e-02 2.577043669591964556e-02 2.578616037788851803e-02 2.542240100360916924e-02 2.627911976175072162e-02 2.617324640513690737e-02 2.682001846138256859e-02 2.615804288807420733e-02 2.518727903743699092e-02 2.610066804913497088e-02 2.590527230076426421e-02 2.641067036918404859e-02 2.578449064367364235e-02 2.584917063969564832e-02 2.595048762494776839e-02 2.607280745826278182e-02 2.665954450571969211e-02 2.581977302405698976e-02 2.558982181831313471e-02 2.470630867499018155e-02 2.543395714980496713e-02 2.512799102550251559e-02 2.443970686179176496e-02 2.536720338600921207e-02 2.458525810493044500e-02 2.559976469817944536e-02 2.517474713889690519e-02 2.519856121172369193e-02 2.542109237626487273e-02 2.426589379178372211e-02 2.421983687233386640e-02 2.572732650032791279e-02 2.548220207822641040e-02 2.452679338044793170e-02 2.540614237815582918e-02 2.415666575925951021e-02 2.543874189884792747e-02 2.516578977823712149e-02 2.417403256038691897e-02 2.529659739631695548e-02 2.514604227128233380e-02 2.526239070493497760e-02 2.504553254264802256e-02 2.431904271362050549e-02 2.441127700952889709e-02 2.555408601033733185e-02 2.483704574128140635e-02 2.636141431098637869e-02 2.446837135346176945e-02 2.580583026542923944e-02
1.035854137214997986e-02 0.000000000000000000e+00 1.028874389021802553e-02 9.839651030012930982e-03 9.878167820381337713e-03 1.185102349933921627e-02 9.881239423825061846e-03 9.333839682302625881e-03 9.922339186308205480e-03 1.032204694368044073e-02 1.072569542813123222e-02 9.905660283538710031e-03 1.003749098627124831e-02 1.206524350190655605e-02 1.071992456800107893e-02 9.638978097048821539e-03 1.024518631926805805e-02 9.428136320279700486e-03 1.080141872977031722e-02 1.002826991608729568e-02 9.132843240837556359e-03 1.103310827236852337e-02 1.329528602397937916e-02 1.037792518974547766e-02 1.233045484654213438e-02 1.062279125101618128e-02 1.039360564417830465e-02 9.156513354784578257e-03 9.477805682328531087e-03 9.288402321861302657e-03 9.558408005746869135e-03 1.188273639354917380e-02 2.665605549272803687e-02 2.721220738791879645e-02 2.582784092684395696e-02 2.668985089368369062e-02 2.629688674758125580e-02 2.587582229390232927e-02 2.637313144128238668e-02 2.700832064547170272e-02 2.671412349381768400e-02 2.679148761104243118e-02 2.638957765427570393e-02 2.662792922681189722e-02 2.707444740358440696e-02 2.663795750398799747e-02 2.691507627030847311e-02 2.568279268370786753e-02 2.634456938165642345e-02 2.717535304066290291e-02 2.642296085782239526e-02 2.728921731011854646e-02 2.761133270867112757e-02 2.604737928923086740e-02 2.754528971003193313e-02 2.662656322969210454e-02 2.625602964504970827e-02 2.608285146920593170e-02 2.680426426338579013e-02 2.560397508116168258e-02 2.645886965874078012e-02 2.753186443486714888e-02 2.696145783316513875e-02 2.552777108714521931e-02 2.707231731416622628e-02 2.714448724607373270e-02 2.667295787623057829e-02 2.595290955883726783e-02 2.683058818620248295e-02 2.749116664746585961e-02 2.801041176252536818e-02 2.742218081052616441e-02 2.781006769012992971e-02 2.791440744880264654e-02 2.693156348942999864e-02 2.646246191705281525e-02 2.632451449691235179e-02 2.685038693126099232e-02 2.749250762638335080e-02 2.685823986596718935e-02 2.688359349016630415e-02 2.648584258907691127e-02 2.732857228855758991e-02 2.725075308025723744e-02 2.782260335402578569e-02 2.721832707360336695e-02 2.625550992428328859e-02 2.717019982449788915e-02 2.701001762582546165e-02 2.744944156075966590e-02 2.688166117413659170e-02 2.686939681969631108e-02 2.695787781751390888e-02 2.716572833076796520e-02 2.767800079857679965e-02 2.692185379641548124e-02 2.667026795992359992e-02 2.577731010146931331e-02 2.653975704549095885e-02 2.628054239259947078e-02 2.556661593623342152e-02 2.646728263294492040e-02 2.567605810432745800e-02 2.668790500650335823e-02 2.633707794692164567e-02 2.632750798875214959e-02 2.653449903059646592e-02 2.542307650940200600e-02 2.524235323380160170e-02 2.679220288887572063e-02 2.653530381552588954e-02 2.567307665852258669e-02 2.650736883914792466e-02 2.522131756930758723e-02 2.653536004827075287e-02 2.630430848446281902e-02 2.532357307352400833e-02 2.639467528847223160e-02 2.629280895155828787e-02 2.638724969182808244e-02 2.619656449972077028e-02 2.545131758204476416e-02 2.543820011915731705e-02 2.663555548448568941e-02 2.589796620501623112e-02 2.737273244142063647e-02 2.558338771501350931e-02 2.685949329464701330e-02
1.143357896123627614e-02 1.028874389021802553e-02 0.000000000000000000e+00 1.108628045172117653e-02 1.125522218371008062e-02 1.036800366473881671e-02 1.142209188267158046e-02 1.082226764081674168e-02 9.352706602064955743e-03 1.180143538169008480e-02 1.253579515410700902e-02 9.317408774138164276e-03 1.107344614049002134e-02 1.005861818032180791e-02 9.924436701058797841e-03 1.004576711692191891e-02 1.157579213136750856e-02 1.106992194630702746e-02 1.187071333719492451e-02 8.960240242860339002e-03 1.061503080035791982e-02 9.650316697393275869e-03 1.143111949310984636e-02 1.155481182636432756e-02 1.396158714502545445e-02 9.557211542220523173e-03 9.292108699821007012e-03 1.040763733016367501e-02 1.145751828999586747e-02 9.784706432580185867e-03 1.106503232385269188e-02 1.353586030818011016e-02 2.813260013385657579e-02 2.859163804572333045e-02 2.732105543234780373e-02 2.820498431972155370e-02 2.781635968712235785e-02 2.739552676581503282e-02 2.778476990191670534e-02 2.844293688354441324e-02 2.819346899953085669e-02 2.828877474439695644e-02 2.772170785422643433e-02 2.798044357602400001e-02 2.849817160261934254e-02 2.810871198552654035e-02 2.837623670868837447e-02 2.715410654607295846e-02 2.775366894497750814e-02 2.858439748120474716e-02 2.779681898701564374e-02 2.868002225674036454e-02 2.895482129299892585e-02 2.768047544059662815e-02 2.889985031338700508e-02 2.809665528786440755e-02 2.784358214833364611e-02 2.750102595769122332e-02 2.825395318364903527e-02 2.714837490606702985e-02 2.787750460958871024e-02 2.887372189277238529e-02 2.841104147060922319e-02 2.691010599095248340e-02 2.854315535307974661e-02 2.868955784822138297e-02 2.825201809769425920e-02 2.758102266360428975e-02 2.846834628273716555e-02 2.902498957952382927e-02 2.942231937327206490e-02 2.897188458866962329e-02 2.930752658958312232e-02 2.939686254607557642e-02 2.838998504566669218e-02 2.812793546626867966e-02 2.785208724771305600e-02 2.844916603094650373e-02 2.902712801903447812e-02 2.842436711122850457e-02 2.848053760020626685e-02 2.808365438759802962e-02 2.885943196775271266e-02 2.881887943366167465e-02 2.929930402516797358e-02 2.876275421742814295e-02 2.781926441102973088e-02 2.872170144956180671e-02 2.861352569332953691e-02 2.896812348359239370e-02 2.847171215751032394e-02 2.837539126614567822e-02 2.849064831941211517e-02 2.875247536450487723e-02 2.917011784989992015e-02 2.851105035684711048e-02 2.824903661722807241e-02 2.736115691723230159e-02 2.814646266954926729e-02 2.793860943017577314e-02 2.721574330796680888e-02 2.806714775311735730e-02 2.722247825276786354e-02 2.827376103456546302e-02 2.800474865813138217e-02 2.796202629503335285e-02 2.815274003526447091e-02 2.709029275735391762e-02 2.677593635819618817e-02 2.834996729282977107e-02 2.807663501043029461e-02 2.732147247592095832e-02 2.810189929637661732e-02 2.677844455172901164e-02 2.813424915310355420e-02 2.794590361181072818e-02 2.697886049418155019e-02 2.799077937837646246e-02 2.794739856668519012e-02 2.801638120551223909e-02 2.785512060246030097e-02 2.708434477234419185e-02 2.699404984405141122e-02 2.821436886249452380e-02 2.747000532453960572e-02 2.886735550293013930e-02 2.719873228391266051e-02 2.840450672970167359e-02
9.905203343274509090e-03 9.839651030012930982e-03 1.108628045172117653e-02 0.000000000000000000e+00 9.078269813020898790e-03 1.193908600782530097e-02 9.895227962462884927e-03 9.976923125688005531e-03 1.057941578342636892e-02 1.006710011086466711e-02 1.049835667886674095e-02 1.018078149779933807e-02 1.009409845158295606e-02 1.181612047200661722e-02 1.070774468968206140e-02 9.454388897539424061e-03 9.954351989980453688e-03 9.696848723103997786e-03 1.056033977006290425e-02 1.086643962991409168e-02 9.302518372376212402e-03 1.109032790083204663e-02 1.290957909920757360e-02 9.948739678091336400e-03 1.275371897218537109e-02 1.081625738304481214e-02 1.038569685414676529e-02 9.350542425511247646e-03 9.582402439046497356e-03 1.013414646214179891e-02 9.534508744433659380e-03 1.221951874086651263e-02 2.612342054790367518e-02 2.664861493967180667e-02 2.529553778040408152e-02 2.619101394325491078e-02 2.580199339831682967e-02 2.540795055828180479e-02 2.582894990398470342e-02 2.648206084411990069e-02 2.618190696119608238e-02 2.628865023462803249e-02 2.580047827638733485e-02 2.605738250361140651e-02 2.652393370094723729e-02 2.609833178042061594e-02 2.639934465203615244e-02 2.513249363028096511e-02 2.581031704734294482e-02 2.664185861048979503e-02 2.585364107716270690e-02 2.673089894064351046e-02 2.704066119835119367e-02 2.558388832250979919e-02 2.697562610381402937e-02 2.609054545426653035e-02 2.577086183997193483e-02 2.553316053707296515e-02 2.626220863992357810e-02 2.507204615404403161e-02 2.593148997780674384e-02 2.695752649223181335e-02 2.643809236425014378e-02 2.460020934093608627e-02 2.680283201193763704e-02 2.686242018427473927e-02 2.640827900024507111e-02 2.567710483300427934e-02 2.657189396634430240e-02 2.722174274365237942e-02 2.773833249646963720e-02 2.715536749177814221e-02 2.753917048539267221e-02 2.764360097440555011e-02 2.664272207465355827e-02 2.619152245959356640e-02 2.603454429327638556e-02 2.654895985262831562e-02 2.722350462605697963e-02 2.656012948281053984e-02 2.662120093933839290e-02 2.622022113643072971e-02 2.704418902922144097e-02 2.698312013995237887e-02 2.753596337562915636e-02 2.693602992282103856e-02 2.598885825746147238e-02 2.688524989565401618e-02 2.674613153642554225e-02 2.716835468649343027e-02 2.660404033934440915e-02 2.660246931345981725e-02 2.669007107251448671e-02 2.690145075730101046e-02 2.739311363543467381e-02 2.664279185857752752e-02 2.650031820756578588e-02 2.560439644203352932e-02 2.636753236117573770e-02 2.610104387667481693e-02 2.538552904769804039e-02 2.629427801974390869e-02 2.548417377407577802e-02 2.651723222268771024e-02 2.615654161851749607e-02 2.614725789020064251e-02 2.635976506693588073e-02 2.524478021223778429e-02 2.507620134809061818e-02 2.662370813149091131e-02 2.634442267662686493e-02 2.549339697395928625e-02 2.632046986826775195e-02 2.505558845059562348e-02 2.636352149446148305e-02 2.612601718645868321e-02 2.514699070301200379e-02 2.621576513628024949e-02 2.611405626500288429e-02 2.621005683441538642e-02 2.601666393244292733e-02 2.527395988766746593e-02 2.526846346131811014e-02 2.646557222552683303e-02 2.572632530703826415e-02 2.721121076833294197e-02 2.540781781528381536e-02 2.669213282028413958e-02
1.017552730482741349e-02 9.878167820381337713e-03 1.125522218371008062e-02 9.078269813020898790e-03 0.000000000000000000e+00 1.269394811204823531e-02 9.697059678003055669e-03 9.339779252903428544e-03 1.072044356689584241e-02 9.788828712525473805e-03 1.031102243143432358e-02 1.041086030320397156e-02 1.019036985001227531e-02 1.203765399034065729e-02 1.096146098027065904e-02 9.539542783399699091e-03 1.025789380491982060e-02 9.463692661962683564e-03 9.928884662325042701e-03 1.054132568501095490e-02 9.499224985218737011e-03 1.136091717258817455e-02 1.315634921564540205e-02 9.722130702503639296e-03 1.201403900573740427e-02 1.109735248758634933e-02 1.068190269952487906e-02 9.387535417721849101e-03 9.765758210203099102e-03 1.024426725315390717e-02 9.361587584521732439e-03 1.194473002058555125e-02 2.599833410301466419e-02 2.652734616990153407e-02 2.516862371156504755e-02 2.601584161551138280e-02 2.562490381970146738e-02 2.524471536917157963e-02 2.567096588168130480e-02 2.634307551112333862e-02 2.603119092382515792e-02 2.613378122256609926e-02 2.570412462097746223e-02 2.596419934918509434e-02 2.640922583868269419e-02 2.595645791703010338e-02 2.623313811117599509e-02 2.498174900772417301e-02 2.568174741572096242e-02 2.651349180671673869e-02 2.575362772667938102e-02 2.660220143300414883e-02 2.692224267639290250e-02 2.539566140943633893e-02 2.687707619021046518e-02 2.594545382678649023e-02 2.559466679181537918e-02 2.544396751824671774e-02 2.614244508784183130e-02 2.455923054179939488e-02 2.579638535911281741e-02 2.684447185070934147e-02 2.627726233788846982e-02 2.481689764574245005e-02 2.661194771052288743e-02 2.666099164527994253e-02 2.619777203936148394e-02 2.543787314524536755e-02 2.634623089481163277e-02 2.701711487080279972e-02 2.756015776127590522e-02 2.694794189946395427e-02 2.734272510654255431e-02 2.745015890022585101e-02 2.644840654157499388e-02 2.596354673618087028e-02 2.582906168145483738e-02 2.635416689871883725e-02 2.701927351547582512e-02 2.635641446101574456e-02 2.640460876628805340e-02 2.600669371154671825e-02 2.684492743834107284e-02 2.677214251740669265e-02 2.734689009805331764e-02 2.673408269658253400e-02 2.578159438361944319e-02 2.668209263215727545e-02 2.652797675412986445e-02 2.696901027260517614e-02 2.639140901775404932e-02 2.640346497903089257e-02 2.648813885051796643e-02 2.668634953028776319e-02 2.719865083075342568e-02 2.642877149219910807e-02 2.631009340877158570e-02 2.541529511751492929e-02 2.616857673566321679e-02 2.588994932199293469e-02 2.517908028843550763e-02 2.609820067323088272e-02 2.527974877090121905e-02 2.632420195172605407e-02 2.594163926385481198e-02 2.594249573938852554e-02 2.615961690418159430e-02 2.503289957105511720e-02 2.491276296241683175e-02 2.643599342651277093e-02 2.616514514460523827e-02 2.530382526705797497e-02 2.612396772358681341e-02 2.486867795558955763e-02 2.616888180467354108e-02 2.591774571083672526e-02 2.493777579579885620e-02 2.601830109916146785e-02 2.590490686701603720e-02 2.600618341200064756e-02 2.580456629521692136e-02 2.508984931069348917e-02 2.510417823415821495e-02 2.627310454595850261e-02 2.553981397780819701e-02 2.703727825280341154e-02 2.520618010594624994e-02 2.650808942054387954e-02
1.291185111195950613e-02 1.185102349933921627e-02 1.036800366473881671e-02 1.193908600782530097e-02 1.269394811204823531e-02 0.000000000000000000e+00 1.284961999257964831e-02 1.239038640887044247e-02 1.124383644825932387e-02 1.328975312795240352e-02 1.378039421242131801e-02 1.072117412497184535e-02 1.165747691686271070e-02 9.516799953188203112e-03 1.062371402145591281e-02 1.159550035588220035e-02 1.286677909152292298e-02 1.263463670274899558e-02 1.325463986618568429e-02 1.103772871893317180e-02 1.159435095556829790e-02 9.712032012589700766e-03 1.031445153306391124e-02 1.306902700718367942e-02 1.596232796197676398e-02 1.016827464017999380e-02 1.039033447379880508e-02 1.177426761332554112e-02 1.253770995889570347e-02 1.136627166139530035e-02 1.257328548919357976e-02 1.504411871385386880e-02 2.914308192740636475e-02 2.949934514645880662e-02 2.835989718272000776e-02 2.926376034631610404e-02 2.887846308001927945e-02 2.848858162871601221e-02 2.877525434802952545e-02 2.941229195042712949e-02 2.923542024015321483e-02 2.932950054043829968e-02 2.858469909270695136e-02 2.886757585539962215e-02 2.945816072823936524e-02 2.911613722299142767e-02 2.937834272292178667e-02 2.820964765771922372e-02 2.870376644258494994e-02 2.952863075211652893e-02 2.870448656760329550e-02 2.960568287516701994e-02 2.984749492602308332e-02 2.888198932773254277e-02 2.978529906332298000e-02 2.910445639712603769e-02 2.899027269926187506e-02 2.812800706353741145e-02 2.925897818739876810e-02 2.826498929155688358e-02 2.883749103483436785e-02 2.975905408181587011e-02 2.940076546670718216e-02 2.781426844013504263e-02 2.970253294495682483e-02 2.988341688099511312e-02 2.943729746570844866e-02 2.884005205761986865e-02 2.978195175010197454e-02 3.023715253194430783e-02 3.050427654611463646e-02 3.019963818895342669e-02 3.048649334852152407e-02 3.056124047865740184e-02 2.955145067342716467e-02 2.946296427836684120e-02 2.906056388501729315e-02 2.971396629411903259e-02 3.023812374528453070e-02 2.963328330011623726e-02 2.973295359577522029e-02 2.934037331577624835e-02 3.006144890319559920e-02 3.006275523867709548e-02 3.044843693773846907e-02 2.997603514692337434e-02 2.904016030059325404e-02 2.994335704145764318e-02 2.988927451210200703e-02 3.015947613982738681e-02 2.972652287526508091e-02 2.956458126827984229e-02 2.968225731322561220e-02 3.001971147804071219e-02 3.033469183098370936e-02 2.976651940668812932e-02 2.906730489381072549e-02 2.814729920860166434e-02 2.903357986541366467e-02 2.891781555057230252e-02 2.813867656662722219e-02 2.892213255927244750e-02 2.801553461102341408e-02 2.910657204898881023e-02 2.898641692706047795e-02 2.889381052321220167e-02 2.903351063603614585e-02 2.808028059523451359e-02 2.722566428220028756e-02 2.915514200639475820e-02 2.882000738316762081e-02 2.831417864702344064e-02 2.897842216530762544e-02 2.758272971612977034e-02 2.898242798288893501e-02 2.887645859834488127e-02 2.794427291344174502e-02 2.887201071410699926e-02 2.889909377344157190e-02 2.894019118158273549e-02 2.883194198170953293e-02 2.768722666366419533e-02 2.776116636744709737e-02 2.905131789191351885e-02 2.823795700696984240e-02 2.956897652904211249e-02 2.812989965335540438e-02 2.917127954633395512e-02
9.205286403985086727e-03 9.881239423825061846e-03 1.142209188267158046e-02 9.895227962462884927e-03 9.697059678003055669e-03 1.284961999257964831e-02 0.000000000000000000e+00 9.409132801887022668e-03 1.102114732011855516e-02 1.008910771435934245e-02 1.078704589855090414e-02 1.093958578915730888e-02 1.037106279906811410e-02 1.276153579641080109e-02 1.210323331099587806e-02 1.003710236297364160e-02 9.510586745928240743e-03 9.265852357058399977e-03 1.002175668324342510e-02 1.117827546722837892e-02 1.010347070253288411e-02 1.247425273309327870e-02 1.391659027087437280e-02 9.789643827962483946e-03 1.127838630753565108e-02 1.199549512199980794e-02 1.185358106004843690e-02 9.847743285826521253e-03 9.348679447346774571e-03 1.076672426313808432e-02 9.206959276248576768e-03 1.138481107216100796e-02 2.575258571317711256e-02 2.637720244101480344e-02 2.493084160482143471e-02 2.575248706436558330e-02 2.535243338465024629e-02 2.494151568766145299e-02 2.549878320321343969e-02 2.613346637915055573e-02 2.580126904499015911e-02 2.586894025917795686e-02 2.554615394886005503e-02 2.582966127429558306e-02 2.620588088147900174e-02 2.573804128710819109e-02 2.601527359868352138e-02 2.474933310138794848e-02 2.550572145341253524e-02 2.631579605501730909e-02 2.559081578088374595e-02 2.644058265173820921e-02 2.679664077948110124e-02 2.502329533398872999e-02 2.672588692457759929e-02 2.571254274017193212e-02 2.527014226992057092e-02 2.522357676004179788e-02 2.591862882963252152e-02 2.462877666060890244e-02 2.561387954931216085e-02 2.672253356155647117e-02 2.607027132467753042e-02 2.469179528532580367e-02 2.625209911411983954e-02 2.624168964768928969e-02 2.571749123544671278e-02 2.499797862584053967e-02 2.585926603514056982e-02 2.660075332547244542e-02 2.725324570783092815e-02 2.652086642839420957e-02 2.694922036338448859e-02 2.706607231757449106e-02 2.606970552081105258e-02 2.546778035663722212e-02 2.539278849500143168e-02 2.590933505086589345e-02 2.660220956190076716e-02 2.593825200283065430e-02 2.593954864699266755e-02 2.558385426289685322e-02 2.644218107025037359e-02 2.633564181495972462e-02 2.698095812587847017e-02 2.632184249480284954e-02 2.535931071784921359e-02 2.626551054022901663e-02 2.606651404962972637e-02 2.657294736881049210e-02 2.594980971031127931e-02 2.602636055942387019e-02 2.610960132086602783e-02 2.623710080125430180e-02 2.682029913556361819e-02 2.598415273015939470e-02 2.545585208084369735e-02 2.457066531428740361e-02 2.531311073326784553e-02 2.503904519748742161e-02 2.435699286771585495e-02 2.524436585429944840e-02 2.447389661377462680e-02 2.546912435628580218e-02 2.510822526012191150e-02 2.509266822548025799e-02 2.532308136264544568e-02 2.420184693461132144e-02 2.404782459234503650e-02 2.558484713101752753e-02 2.533769058802279317e-02 2.445343320665966519e-02 2.528608951804780375e-02 2.369197820342152511e-02 2.531445725349469600e-02 2.506593731474560105e-02 2.410418280263485619e-02 2.517755152355498349e-02 2.505023431521423427e-02 2.517393265576308228e-02 2.495624508301481914e-02 2.421981119626730183e-02 2.428159814826048174e-02 2.542194366200374589e-02 2.471624562965256053e-02 2.620980456365842870e-02 2.437581004656282427e-02 2.565632359617240482e-02
9.483965332590573588e-03 9.333839682302625881e-03 1.082226764081674168e-02 9.976923125688005531e-03 9.339779252903428544e-03 1.239038640887044247e-02 9.409132801887022668e-03 0.000000000000000000e+00 1.039888247742621653e-02 9.782530445686195633e-03 1.043849716484756066e-02 1.039838918493618883e-02 1.032889013835143477e-02 1.219869079970256620e-02 1.163221122918317932e-02 9.650576664432622756e-03 1.040543680721459259e-02 9.052643210763638287e-03 1.041247255727696663e-02 1.058659604805627964e-02 1.003138360250698316e-02 1.191786885141966207e-02 1.341314801889759677e-02 9.482702265334113159e-03 1.223065566510593907e-02 1.109647628590858942e-02 1.132527411818833908e-02 9.407687621837107494e-03 9.022794413373112429e-03 9.761627707831692716e-03 9.499771427602717727e-03 1.135581893411048010e-02 2.619706248220334682e-02 2.678720633172607460e-02 2.535817815750543089e-02 2.621279943261511577e-02 2.582151123084544878e-02 2.539676040121184586e-02 2.592910328977968831e-02 2.656083028223529818e-02 2.624972027673517019e-02 2.632270487998394914e-02 2.595949183983648281e-02 2.622906862511041604e-02 2.663317951275132045e-02 2.617957175146602700e-02 2.645539154075265270e-02 2.519695851386724930e-02 2.592746221930654349e-02 2.673773889140942245e-02 2.602114265878016988e-02 2.685684254701029353e-02 2.719709662154507976e-02 2.552522323183218853e-02 2.712929819227784256e-02 2.616709432407017186e-02 2.575274749385494250e-02 2.564549064591134866e-02 2.635318723621729239e-02 2.509715536925562554e-02 2.601808350355416105e-02 2.711953950056210372e-02 2.650705973664694431e-02 2.511924936986843424e-02 2.662064671146770548e-02 2.666796028779660002e-02 2.618625132141437842e-02 2.544814674048073710e-02 2.631655322580692818e-02 2.701516799301109661e-02 2.759086751803957113e-02 2.694139031578239585e-02 2.734795346102501107e-02 2.745906084573470837e-02 2.646122029888101773e-02 2.593767713417733170e-02 2.582611553015250888e-02 2.635086411868373113e-02 2.701833034167071615e-02 2.636872613174594607e-02 2.638853370505215429e-02 2.599618939039745336e-02 2.685651986962050292e-02 2.676314656443892076e-02 2.737099288459660107e-02 2.674015311415183990e-02 2.579273158564538218e-02 2.668946648155704274e-02 2.650957468403070463e-02 2.698068593867139486e-02 2.638715448853493420e-02 2.642621225138798782e-02 2.649429783617403972e-02 2.667081380709628718e-02 2.721822813346002137e-02 2.642460304881226116e-02 2.620803738537839933e-02 2.532157428248362971e-02 2.606412184920476466e-02 2.578238234422247643e-02 2.508184743763575142e-02 2.599554990706000324e-02 2.522018731983383111e-02 2.622108671328082091e-02 2.583141687857729712e-02 2.584031977719435796e-02 2.605394186906620849e-02 2.491971836889613628e-02 2.479537118800543075e-02 2.633782238604696554e-02 2.608649884414014977e-02 2.520134598674995952e-02 2.603684640878503945e-02 2.476302779102557486e-02 2.606407673481892645e-02 2.581183420879963261e-02 2.482472677531399885e-02 2.592330702785287933e-02 2.579499594767519291e-02 2.590388938612251529e-02 2.569800442704428534e-02 2.496327940871407441e-02 2.501452019448831277e-02 2.617339363210327910e-02 2.544828545843101988e-02 2.694449834803641988e-02 2.512231786797146024e-02 2.641080600607703319e-02
1.103130122975416391e-02 9.922339186308205480e-03 9.352706602064955743e-03 1.057941578342636892e-02 1.072044356689584241e-02 1.124383644825932387e-02 1.102114732011855516e-02 1.039888247742621653e-02 0.000000000000000000e+00 1.126424505601571723e-02 1.159553011247546096e-02 9.297988840565492297e-03 1.025607048033611544e-02 1.057079962817269840e-02 9.789879053944768386e-03 9.728091992420072678e-03 1.158134521697648522e-02 1.067364816343133530e-02 1.125143168220235808e-02 9.171659402537576597e-03 9.743140700285056466e-03 9.933034031585918217e-03 1.172419358530149905e-02 1.115848436469955678e-02 1.347545603447091941e-02 9.870051528744962221e-03 9.272936530248703305e-03 1.051080184326200553e-02 1.049619801911902753e-02 9.400334938518099814e-03 1.113747555160644019e-02 1.344025810822434448e-02 2.740735065344003171e-02 2.786697026127745586e-02 2.661666936668084793e-02 2.750004341035451952e-02 2.709280545339880913e-02 2.633458941530959080e-02 2.705700229083778455e-02 2.771386545905017013e-02 2.746958982200432484e-02 2.756156066424666345e-02 2.702074180363974246e-02 2.727887927111874791e-02 2.779167647989638432e-02 2.740355019281757315e-02 2.764916032615504990e-02 2.644961053378652380e-02 2.704783744568914350e-02 2.785863697864555261e-02 2.711229792710199635e-02 2.795573272397859979e-02 2.823179575380752385e-02 2.697344573759955649e-02 2.817675854518152806e-02 2.737101266204238978e-02 2.712401060960317051e-02 2.679847002263803860e-02 2.752967008576038752e-02 2.644451283582559611e-02 2.717155584313787203e-02 2.815025192586625633e-02 2.770499664212356175e-02 2.620687789174292945e-02 2.799006925086060943e-02 2.810942494635844391e-02 2.767845313018251277e-02 2.697527304041329871e-02 2.788577908904030234e-02 2.845707435289648868e-02 2.886202666291431615e-02 2.840220399971273707e-02 2.874618724007193399e-02 2.883839985711652079e-02 2.783231519741835233e-02 2.753221500293953281e-02 2.728343478998707453e-02 2.786188032315171925e-02 2.845950506783677392e-02 2.783429167152263670e-02 2.790341596748491942e-02 2.749068055981939568e-02 2.828394505962063266e-02 2.824501894790142770e-02 2.873059218391199252e-02 2.818386753466119860e-02 2.724502131546471806e-02 2.814273964337803829e-02 2.803405055549986966e-02 2.839455747926775131e-02 2.788713634359290053e-02 2.781125341196014067e-02 2.790781345235324173e-02 2.817711605120773108e-02 2.859943452189121424e-02 2.792718051356179315e-02 2.777590490614718216e-02 2.686721175455124289e-02 2.766315567935359945e-02 2.743658828448213710e-02 2.669445996661430620e-02 2.758590308141238220e-02 2.673105652792140061e-02 2.779781918268462576e-02 2.750094146683195601e-02 2.746549160183783117e-02 2.766399259236477712e-02 2.658976777943384412e-02 2.635497880257046260e-02 2.788256641451616891e-02 2.759661793661625367e-02 2.684202096794447920e-02 2.760828849934791884e-02 2.631492129401589650e-02 2.765379643692900125e-02 2.744869932617871947e-02 2.648176336405745623e-02 2.750151254150050642e-02 2.744831292477320842e-02 2.752244783146751833e-02 2.735180867756739284e-02 2.661001614266267704e-02 2.653198810738690433e-02 2.773879625621972905e-02 2.697977971738909492e-02 2.841771243954759052e-02 2.670941511060477211e-02 2.794086880801099210e-02
9.838596285234898001e-03 1.032204694368044073e-02 1.180143538169008480e-02 1.006710011086466711e-02 9.788828712525473805e-03 1.328975312795240352e-02 1.008910771435934245e-02 9.782530445686195633e-03 1.126424505601571723e-02 0.000000000000000000e+00 1.011382375255247962e-02 1.179168607310539067e-02 1.136660511965631969e-02 1.310136053264618523e-02 1.184699881657220316e-02 1.053337049690999776e-02 1.013676926340155958e-02 1.014311540677200092e-02 9.285512113221029012e-03 1.155700253515757475e-02 1.088066626091529522e-02 1.232417940716401886e-02 1.415414293546190562e-02 9.248296620237791282e-03 1.151463108415728270e-02 1.196111611798232957e-02 1.163483041118635632e-02 1.024891596838208192e-02 9.681609209931418478e-03 1.112740311986529576e-02 1.010407803850614343e-02 1.104325165370400111e-02 2.501434212521587777e-02 2.562846489929267169e-02 2.382740456164167409e-02 2.505016832356945708e-02 2.464086529236276038e-02 2.423980097154909349e-02 2.476137226930697627e-02 2.539153218818833435e-02 2.509102081896041198e-02 2.516201419116420590e-02 2.481088489915311487e-02 2.505724160019047811e-02 2.546215192258203738e-02 2.500086572399747367e-02 2.530263388638517158e-02 2.401521484965974534e-02 2.476289997338420104e-02 2.557114349750030588e-02 2.486008203778603334e-02 2.571596762192736654e-02 2.604794053284553712e-02 2.435822011491130257e-02 2.597559384962601012e-02 2.498880049853522897e-02 2.456174708327549250e-02 2.448167959413618741e-02 2.517629991968955636e-02 2.393394525640469075e-02 2.489519667274693246e-02 2.597006829418508148e-02 2.535488901950832402e-02 2.392115327473394101e-02 2.575025032401487626e-02 2.574697263629299737e-02 2.526995210050865179e-02 2.451869971922663108e-02 2.536430512932118242e-02 2.611298021720388773e-02 2.675866307612216957e-02 2.602890331909180760e-02 2.646172042114174408e-02 2.658110690014121869e-02 2.558706869385248342e-02 2.495510806019065816e-02 2.491638247026714201e-02 2.539907742074301242e-02 2.611331881518411460e-02 2.541680292875243830e-02 2.545770503140259294e-02 2.506986443563338773e-02 2.593649239737279635e-02 2.584263396649111311e-02 2.647767330649880915e-02 2.581482247667980789e-02 2.485715837955080124e-02 2.575719565675309297e-02 2.557517655359805783e-02 2.607112112194977585e-02 2.542154851508202432e-02 2.552073107146636544e-02 2.560003574558368175e-02 2.574406554161688329e-02 2.632093281706991347e-02 2.548035686554630391e-02 2.541807721931514663e-02 2.455447783935246417e-02 2.525465509373054848e-02 2.493186868931166617e-02 2.426834926066458176e-02 2.518801330825577722e-02 2.439453230947731185e-02 2.542582838412655102e-02 2.497101467740553415e-02 2.500520490374548779e-02 2.523616911701744361e-02 2.408414479446476311e-02 2.404112549847035180e-02 2.555889531791231267e-02 2.529876633084843923e-02 2.435508751278953055e-02 2.521583950866547116e-02 2.401029929903433432e-02 2.526292857498597944e-02 2.497215087231568695e-02 2.398098227161822235e-02 2.511480530255429805e-02 2.494860433165750971e-02 2.507426306421456016e-02 2.484702043881908615e-02 2.413508905805860152e-02 2.424778023761203424e-02 2.538207932026024030e-02 2.468704187150335197e-02 2.621158297659866715e-02 2.428511444149649562e-02 2.564197868515985176e-02
1.076167771303384452e-02 1.072569542813123222e-02 1.253579515410700902e-02 1.049835667886674095e-02 1.031102243143432358e-02 1.378039421242131801e-02 1.078704589855090414e-02 1.043849716484756066e-02 1.159553011247546096e-02 1.011382375255247962e-02 0.000000000000000000e+00 1.161798363176211671e-02 1.127208609303549484e-02 1.326063245197842827e-02 1.174589773891626318e-02 1.144777185654721058e-02 1.065211880485419753e-02 1.037184037470648482e-02 1.020100866404984388e-02 1.227338312344229861e-02 1.075744475815721551e-02 1.252474643297831099e-02 1.411820193914264249e-02 1.019277932884807801e-02 1.213218371270874049e-02 1.235952291144533886e-02 1.194339287863589207e-02 1.065032522482187681e-02 1.030019329801252007e-02 1.156600639654786766e-02 1.034678944864280033e-02 1.123280337932851952e-02 2.527993300108285352e-02 2.588557218194549939e-02 2.444203602190360772e-02 2.534593899853465615e-02 2.489097314595309016e-02 2.454122573376208219e-02 2.505492312891789003e-02 2.565747219937260931e-02 2.537997854221520078e-02 2.545529040378573943e-02 2.509276280447932800e-02 2.536200511207628919e-02 2.576978293695586508e-02 2.526764913965653253e-02 2.559457270725103498e-02 2.429278467191651331e-02 2.505153740607452342e-02 2.587771506339575991e-02 2.507479128607545751e-02 2.600474199420300947e-02 2.634745092843490330e-02 2.465082183291661053e-02 2.627578600969173242e-02 2.528608646426497644e-02 2.488048266254152055e-02 2.477219782891329145e-02 2.545248752490861244e-02 2.418710742879641093e-02 2.516673890401042654e-02 2.622150624246775280e-02 2.564048969917129966e-02 2.419171426833921848e-02 2.485478516663889442e-02 2.490878756996608989e-02 2.444396937763631747e-02 2.382834432076132505e-02 2.467572152164111687e-02 2.527568692133030231e-02 2.538824572274921143e-02 2.521113082648665862e-02 2.555763163699844784e-02 2.565120663970677645e-02 2.467648178060789094e-02 2.434713529165214232e-02 2.414194166637389019e-02 2.468711120348019566e-02 2.529224950975657304e-02 2.469866038089994428e-02 2.468025843244208220e-02 2.394556497301274928e-02 2.509233057819848858e-02 2.505632946647649503e-02 2.555725621799447012e-02 2.498813500580708905e-02 2.403579010466147525e-02 2.497027388985903137e-02 2.481803449498691180e-02 2.520650210773885125e-02 2.470538047105397955e-02 2.461846467657223536e-02 2.438469626077095775e-02 2.498670451224005787e-02 2.544093474450003292e-02 2.476883266200311656e-02 2.527669212730682818e-02 2.436499286542099033e-02 2.515399165882787474e-02 2.484751168743983343e-02 2.411132507616083748e-02 2.505969491356290629e-02 2.421470268423685235e-02 2.530972802915832168e-02 2.491818798063612228e-02 2.488283217435372299e-02 2.511675497365160881e-02 2.399977788010153323e-02 2.390449693069345363e-02 2.540623130140030536e-02 2.509579784210973219e-02 2.427242205993912147e-02 2.510712591361365445e-02 2.390895795590338921e-02 2.513053565285959176e-02 2.489855400897497337e-02 2.394052723785522474e-02 2.494100422800571426e-02 2.486741268354343212e-02 2.496140023811554282e-02 2.476167809977606118e-02 2.405894143019810666e-02 2.373831551142006890e-02 2.524279735913956615e-02 2.449040963674400245e-02 2.601520060521898131e-02 2.417477408545663786e-02 2.547782234257882361e-02
1.105223924556344474e-02 9.905660283538710031e-03 9.317408774138164276e-03 1.018078149779933807e-02 1.041086030320397156e-02 1.072117412497184535e-02 1.093958578915730888e-02 1.039838918493618883e-02 9.297988840565492297e-03 1.179168607310539067e-02 1.161798363176211671e-02 0.000000000000000000e+00 1.060857001298017716e-02 1.055788113423494247e-02 1.007958649705745571e-02 9.734135098003270092e-03 1.112065484316297065e-02 1.056461411540265266e-02 1.186912556369554977e-02 9.216717675392359366e-03 9.681519823070645903e-03 9.885346447418938420e-03 1.231563390496985891e-02 1.103167879662765236e-02 1.401138296356770584e-02 9.614723523595068710e-03 9.446448150750436090e-03 9.856978628231214193e-03 1.109876943327662950e-02 9.498121558719672952e-03 1.107729771403798136e-02 1.308378933042770795e-02 2.770050753623921544e-02 2.818826062034911206e-02 2.690276930059695357e-02 2.776210369472658854e-02 2.736370932367366768e-02 2.695391793472132203e-02 2.738604121350059206e-02 2.802502055013599350e-02 2.776112794806044615e-02 2.785186330800663163e-02 2.733848482070954169e-02 2.758444000050797040e-02 2.808369234371509843e-02 2.767856315945116386e-02 2.795037842762487443e-02 2.673818229573100141e-02 2.734488667312379509e-02 2.817564797447901989e-02 2.739368708803552321e-02 2.827426450010693884e-02 2.856336834774341610e-02 2.720176183764224861e-02 2.850557041299562125e-02 2.766047698162007323e-02 2.737933463062907496e-02 2.708721559094896120e-02 2.783209356571708648e-02 2.667627095709491220e-02 2.746360255345865753e-02 2.848127142547867904e-02 2.798850419794878669e-02 2.648432558270568879e-02 2.808605333478181310e-02 2.820569527127958845e-02 2.774106473917015495e-02 2.708756693550403230e-02 2.796572629458244849e-02 2.855117268890124821e-02 2.896478334877347627e-02 2.849294996367691263e-02 2.884242757274936911e-02 2.893521242231862287e-02 2.795004502622040407e-02 2.762025128256200349e-02 2.738797547636510205e-02 2.795824120397237891e-02 2.855250072223738944e-02 2.794546296475225455e-02 2.798151252139083681e-02 2.757683460232911860e-02 2.838618695765910901e-02 2.833576642514860217e-02 2.883949040372339040e-02 2.828550286176141279e-02 2.733003852756549917e-02 2.824440653314654048e-02 2.811924402097094183e-02 2.849771098528124449e-02 2.798352603327580040e-02 2.790825329623670970e-02 2.800071877112438393e-02 2.826534730617123736e-02 2.870788042223959557e-02 2.802376201771953138e-02 2.756398571839475953e-02 2.670059738774080774e-02 2.746707694021919416e-02 2.726358172450666500e-02 2.656254371324217115e-02 2.740491993320382999e-02 2.658240675761871369e-02 2.758979880771388407e-02 2.732981269566050683e-02 2.730337982440966815e-02 2.748896622588857183e-02 2.607282273811991832e-02 2.609567034099059477e-02 2.766501394099574532e-02 2.739735407153975552e-02 2.666502707358437210e-02 2.742226616002955975e-02 2.611758302517681180e-02 2.745050246230315225e-02 2.728977755344394115e-02 2.630912663017448069e-02 2.730967078637719717e-02 2.728910025634921285e-02 2.735566091280264289e-02 2.719941079927480979e-02 2.640764155450992315e-02 2.629519133208596537e-02 2.755244646458542349e-02 2.680733561793144371e-02 2.818481404939348484e-02 2.652016047797451856e-02 2.772002417944482294e-02
