0.000000000000000000e+00 1.075400054752109931e-02 1.026422727394086729e-02 1.075362236388897365e-02 1.075400002879739296e-02 9.589899002161682978e-03 1.105422968581428432e-02 1.105421980528036724e-02 1.026422631266095918e-02 1.140184731147791258e-02 1.049272398517618089e-02 1.026423010605797582e-02 1.006379132496154453e-02 9.887036158300442287e-03 9.886799330635716657e-03 1.075366619332159511e-02 1.075365026562296634e-02 1.105427957202327616e-02 1.105417115276440682e-02 1.026450837577038908e-02 1.075394929910078110e-02 9.886791989059676850e-03 9.352138812599592940e-03 1.140190792661975767e-02 1.281754426397848680e-02 9.886804532915273447e-03 1.026413845815924916e-02 1.075392989283996577e-02 1.105424365351168579e-02 1.075363016247923680e-02 1.105424706946519370e-02 1.227245768529976015e-02 1.105467797696937059e-02 1.026452078696107710e-02 1.140200799356433717e-02 1.180497852745956630e-02 1.140203399397420395e-02 1.180499092017401469e-02 1.075409462897882439e-02 1.049290946430563726e-02 1.140202776218977171e-02 1.140217766207553621e-02 1.006406782447484549e-02 1.026451022503285099e-02 1.075408007114384869e-02 1.105467699685852220e-02 1.105470924526285627e-02 1.140202790688175927e-02 1.075399740444741604e-02 1.049287536208825741e-02 1.006410088679843100e-02 1.049278838500179029e-02 1.006409907945887867e-02 1.505662445574910621e-02 1.006414290956607165e-02 1.105463305153985519e-02 1.345194115145897755e-02 1.049285490898269925e-02 1.075414471494573650e-02 1.180507965496742535e-02 1.075404139700413333e-02 9.887142590822895621e-03 1.105462464449921342e-02 1.026458859152955955e-02 1.026453428653913494e-02 1.075404623977770958e-02 1.075409423180932224e-02 1.180494907957756537e-02 1.281773565936565606e-02 1.075413836923531236e-02 9.590183081130985998e-03 1.105467866903267482e-02 1.049278751705045969e-02 1.026457309115011256e-02 1.026456172695228500e-02 1.345201590155854950e-02 1.075412035267983048e-02 1.180489344128195055e-02 1.075413124733654371e-02 1.105467692313631504e-02 1.140214116389891806e-02 1.140212042549748096e-02 1.075405745776850629e-02 1.140203673210258770e-02 1.006412539896128083e-02 1.075414317368722332e-02 1.105464481672506320e-02 1.105463453405506821e-02 1.180498273331516412e-02 1.049285258963877573e-02 1.140214207739637976e-02 1.049283750355713488e-02 1.049286164056310519e-02 1.180490244591047427e-02 1.026457415531389222e-02 1.140213663588643400e-02 1.075416040184554341e-02 1.049283176656576680e-02 1.105482252532748004e-02 1.227324369075136722e-02 1.140209677306855580e-02 1.105475789152025705e-02 1.026461388289993948e-02 1.075421240292866176e-02 1.281782066242745030e-02 1.140219841457605805e-02 1.140213443105159152e-02 1.281776190144151908e-02 1.026462312367460578e-02 1.049287484251417921e-02 1.006411139208874747e-02 1.227310909698257554e-02 1.075419021582984386e-02 1.049288054188860300e-02 1.105475042166683373e-02 1.180508390361030731e-02 1.227317659647409083e-02 1.075417329464459226e-02 1.227317380515019658e-02 1.180489933213592704e-02 1.227321430268189448e-02 1.180499404298689624e-02 1.026462412550524853e-02 1.075414250439164776e-02 1.026462094332364697e-02 9.730183694659567603e-03 1.140212112250541844e-02 1.026464752664704716e-02
1.075400054752109931e-02 0.000000000000000000e+00 9.500307908862436201e-03 1.004247797774756971e-02 1.004255657519727458e-02 8.754744178511755792e-03 1.037351819918445710e-02 1.037350733798761415e-02 9.500306830986456758e-03 1.075365321984698454e-02 9.753211277576339863e-03 9.500311051567292969e-03 9.278224923360193707e-03 9.082575462247626311e-03 9.082360738018943960e-03 1.004252640193614363e-02 1.004223992941863375e-02 1.037357300175043018e-02 1.037374118024667925e-02 9.500327441403180750e-03 1.004223168437815873e-02 9.082352638369921294e-03 8.493726554173706977e-03 1.075402576851449375e-02 1.227090642818332022e-02 9.082366507532423777e-03 9.500209474355387346e-03 1.004221020303207312e-02 1.037353353787020052e-02 1.004221770045495704e-02 1.037353730574209001e-02 1.169283281350019799e-02 1.037393497728291217e-02 9.500575666667648855e-03 1.075413484168942502e-02 1.119115664443838531e-02 1.075416319804615647e-02 1.119117001857103215e-02 1.004266111475013261e-02 9.753667970225995618e-03 1.075415640504597849e-02 1.075431980562940523e-02 9.278479053197128193e-03 9.500563962366643037e-03 1.004264501760452656e-02 1.037393390124538052e-02 1.037396934060429501e-02 1.075415657111114878e-02 1.004255368300934793e-02 9.753630194325797753e-03 9.278515663779166381e-03 9.753533844782891205e-03 9.278513659586836923e-03 1.460164230461723917e-02 9.278562200088798576e-03 1.037388560464280046e-02 1.293779239661120226e-02 9.753607539141576077e-03 1.004271643828405156e-02 1.119126575958094387e-02 1.004260229003584200e-02 9.082693137029432262e-03 1.037387636539284161e-02 9.500650831492787191e-03 9.500590630017831037e-03 1.004260763711400418e-02 1.004266066129779096e-02 1.119112487237634151e-02 1.227147858041792786e-02 1.004270942704339926e-02 8.755017971673207527e-03 1.037393573784242164e-02 9.753532883273203363e-03 9.500633637150703373e-03 9.500621047791285578e-03 1.293787057045597474e-02 1.004268952796441572e-02 1.119106483690241079e-02 1.004270155837857885e-02 1.037393381862154393e-02 1.075428001986112464e-02 1.075425740328946403e-02 1.004262003129737478e-02 1.075416618285874107e-02 9.278542806883916319e-03 1.004271473520356936e-02 1.037389853659650626e-02 1.037388723380189455e-02 1.119116118208287637e-02 9.753604966252006278e-03 1.075428101555488992e-02 9.753588257046360427e-03 9.753614983720187634e-03 1.119107455287312106e-02 9.500634816619665107e-03 1.075427508370139021e-02 1.004273376965277541e-02 9.753581901556892392e-03 1.037409383333304756e-02 1.169358133327804208e-02 1.075423163333674888e-02 1.037402280197073819e-02 9.500678860597883135e-03 1.004279122304230568e-02 1.227156833782858114e-02 1.075434242619688861e-02 1.075427268054482063e-02 1.227150629308899378e-02 9.500689081869765837e-03 9.753629616954464718e-03 9.278527294968466274e-03 1.169343769636802151e-02 1.004276670967365476e-02 9.753635933586217097e-03 1.037401459289336025e-02 1.119127034347932280e-02 1.169350973176202374e-02 1.004274801431048920e-02 1.169350675051560561e-02 1.119107119312436581e-02 1.169354996999835347e-02 1.119117338707367564e-02 9.500690193675175726e-03 1.004271399541621472e-02 9.500686674682189831e-03 8.909322796601875510e-03 1.075425817543687601e-02 9.500716136705580211e-03
1.026422727394086729e-02 9.500307908862436201e-03 0.000000000000000000e+00 9.500456567492213816e-03 9.500541730200578322e-03 8.089824893871016068e-03 9.857704494926991870e-03 9.857692813656091652e-03 8.909293198113100998e-03 1.026418380291352350e-02 9.186161361793277608e-03 8.909297822097844710e-03 8.665672764779580942e-03 8.450094485143116660e-03 8.450082700333099925e-03 9.500274561173607107e-03 9.500255474085341281e-03 9.857763405394178585e-03 9.857635369442776727e-03 8.909315798520518054e-03 9.500481048375974957e-03 8.450073773257330348e-03 7.803322195976282634e-03 1.026425415250853575e-02 1.185657959149377660e-02 8.450089037157498470e-03 8.909186461426505874e-03 9.500223298141038247e-03 9.857969613397254277e-03 9.500231411156693367e-03 9.857725009767550825e-03 1.125445031110143893e-02 9.858092191720544545e-03 8.909538546321694313e-03 1.026463367036634447e-02 1.072760786242237668e-02 1.026466385016332368e-02 1.072762196987536547e-02 9.500654985371297448e-03 9.186385530239805225e-03 1.026465661961523980e-02 1.026483054503912230e-02 8.665711686365736369e-03 8.909525716735694836e-03 9.500637553689565695e-03 9.858091035986359107e-03 9.858129110281419610e-03 1.026465679149318570e-02 9.500538582517255998e-03 9.186344311559554998e-03 8.665751930776207160e-03 9.186239178134629133e-03 8.665749724100045917e-03 1.425188553097559221e-02 8.665803078529859399e-03 9.858039147579917769e-03 1.254624025027745345e-02 9.186319592753216384e-03 9.500714945517296783e-03 1.072772294389644047e-02 9.500591255785301864e-03 8.450406907263740414e-03 9.858029221266927447e-03 8.909620954356654507e-03 8.909554951917779061e-03 9.500597046579519270e-03 9.500654504441602075e-03 1.072757436274210038e-02 1.185710311318993737e-02 9.500707347945315517e-03 8.090091166217908136e-03 9.858093008833297005e-03 9.186238128945214965e-03 8.909602099579104484e-03 8.909588294104047942e-03 1.254632084861499047e-02 9.500685780450653789e-03 1.072751103476466544e-02 9.500698821338726327e-03 9.858090946699394133e-03 1.026478819663110414e-02 1.026476413459532708e-02 9.500610477086522676e-03 1.026466702726028767e-02 8.665781760504687875e-03 9.500713099910362142e-03 9.858053042854033124e-03 9.858040897843031031e-03 1.072761264821600266e-02 9.186316781820944716e-03 1.026478925643709537e-02 9.186298551628183096e-03 9.186327722616429575e-03 1.072752128202772437e-02 8.909603392657177920e-03 1.026478294244924545e-02 9.500733725828163986e-03 9.186291623139473256e-03 9.858262859995449434e-03 1.125516533525782945e-02 1.026473670282360834e-02 9.858186546960022098e-03 8.909651668561585636e-03 9.500795982974553563e-03 1.185719626626543892e-02 1.026485462244525887e-02 1.026478038456952145e-02 1.185713187641150752e-02 8.909662886821748465e-03 9.186343679690144037e-03 8.665764710798528822e-03 1.125501513150600763e-02 9.500769420043599783e-03 9.186350575072730132e-03 9.858177727535314197e-03 1.072772777847356279e-02 1.125509046074454379e-02 9.500749161537687046e-03 1.125508734142193108e-02 1.072751773856097691e-02 1.125513253757208162e-02 1.072762552202634334e-02 8.909664113782616440e-03 9.500712298079383791e-03 8.909660252366160757e-03 8.259704156080075604e-03 1.026476494680656458e-02 8.909692544284641968e-03
1.075362236388897365e-02 1.004247797774756971e-02 9.500456567492213816e-03 0.000000000000000000e+00 1.004220845231996312e-02 8.754648944530228627e-03 1.037344268887713597e-02 1.037371914528182650e-02 9.500455473735900866e-03 1.075358150762210918e-02 9.753128589308168034e-03 9.500225213552567285e-03 9.278136284089235838e-03 9.082280310655431801e-03 9.082269593540200081e-03 1.004217830841766176e-02 1.004216069509019683e-02 1.037349754598957015e-02 1.037366566266648832e-02 9.500476110510580607e-03 1.004215245167526006e-02 9.082261483128602556e-03 8.493472522536243616e-03 1.075364759133916673e-02 1.227121606535613862e-02 9.082275369910472809e-03 9.500123608356962970e-03 1.004213097297742413e-02 1.037345803807393843e-02 1.004240738347090232e-02 1.037346177833737941e-02 1.169311635674920129e-02 1.037385944215515714e-02 9.500489808126455493e-03 1.075406312569190080e-02 1.119108876918063940e-02 1.075409149191271056e-02 1.119110215345932476e-02 1.004258188079914030e-02 9.753585278699057268e-03 1.075408468925302327e-02 1.075424810097162266e-02 9.278390373594888607e-03 9.500478103677151634e-03 1.004256578346445807e-02 1.037385836610391424e-02 1.037389381498014448e-02 1.075408484945642069e-02 1.004247445646713928e-02 9.753547502334050656e-03 9.278426988963502445e-03 9.753451143441713156e-03 9.278424984746836551e-03 1.460159153868238573e-02 9.278473525865041371e-03 1.037381006898774674e-02 1.293773532012050531e-02 9.753524838707415545e-03 1.004263720497688799e-02 1.119119786296813440e-02 1.004252307305472311e-02 9.082601978815619745e-03 1.037380083877692018e-02 9.500330493168293935e-03 9.500504779332242730e-03 1.004252841120444571e-02 1.004258143600614273e-02 1.119105699686613262e-02 1.227141807236753826e-02 1.004263020231934561e-02 8.754922737252302661e-03 1.037386021186503804e-02 9.753450190089265823e-03 9.500547787007717487e-03 9.500535192867989864e-03 1.293781350573242929e-02 1.004261029776490517e-02 1.119099695086928602e-02 1.004262233356302721e-02 1.037385829262200097e-02 1.075420831483342617e-02 1.075418569804824885e-02 1.004254080553174285e-02 1.075409447675645253e-02 9.278454139585104107e-03 1.004263551054097522e-02 1.037382301022296907e-02 1.037381170730650518e-02 1.119109330686786016e-02 9.753522273954706723e-03 1.075420931053611140e-02 9.753505564544615036e-03 9.753532291547252139e-03 1.119100667695414018e-02 9.500548966491767847e-03 1.075420337862649858e-02 1.004265454521307416e-02 9.753499208977724558e-03 1.037401830904104323e-02 1.169351721106131996e-02 1.075415992785382947e-02 1.037394727692159124e-02 9.500593011026866805e-03 1.004271199927178268e-02 1.227150783029002171e-02 1.075427072175815478e-02 1.075420097544804200e-02 1.227144578519744761e-02 9.500603232427847628e-03 9.753546924961220554e-03 9.278438627472842745e-03 1.169337357316616380e-02 1.004268748561762403e-02 9.753553241671939281e-03 1.037393906775671559e-02 1.119120246915208602e-02 1.169344560905500111e-02 1.004266879003650435e-02 1.169344262778744016e-02 1.119100331717874999e-02 1.169348584756656727e-02 1.119110551195872695e-02 9.500604344247289695e-03 1.004263477074615260e-02 9.500600825210717137e-03 8.909229468241307986e-03 1.075418647020328321e-02 9.500630287605232524e-03
1.075400002879739296e-02 1.004255657519727458e-02 9.500541730200578322e-03 1.004220845231996312e-02 0.000000000000000000e+00 8.754921305940523493e-03 1.037351762447277607e-02 1.037350677879530537e-02 9.500540632208709022e-03 1.075365263600561692e-02 9.753210624691604005e-03 9.500310401837210733e-03 9.278224241405317457e-03 9.082370739159033660e-03 9.082360035130857684e-03 1.004225689126703354e-02 1.004250817171672104e-02 1.037357246981967553e-02 1.037345328928728459e-02 9.500326797459171524e-03 1.004223107454081838e-02 9.082351931815809201e-03 8.493570114788521336e-03 1.075371874386872942e-02 1.227090599721395413e-02 9.082365827642713274e-03 9.500208805575725488e-03 1.004220956491354462e-02 1.037382026893452977e-02 1.004248597263992550e-02 1.037353672622823644e-02 1.169317995831761249e-02 1.037393438965029079e-02 9.500574985060539560e-03 1.075413428377397507e-02 1.119115609913302715e-02 1.075416262350634318e-02 1.119116950049681668e-02 1.004266047114114185e-02 9.753667326837314744e-03 1.075415583050207298e-02 1.075431924772441393e-02 9.278478358991633021e-03 9.500563294402112127e-03 1.004264440118399389e-02 1.037393329760414977e-02 1.037396873696517889e-02 1.075415599070458743e-02 1.004255306658307159e-02 9.753629550935876552e-03 9.278514969947382687e-03 9.753533186881680264e-03 9.278512956940241502e-03 1.460164188937656572e-02 9.278561510213024013e-03 1.037388500099859119e-02 1.293779193370456736e-02 9.753606901497988840e-03 1.004271582187319170e-02 1.119093865276570184e-02 1.004260167596877917e-02 9.082692415920809795e-03 1.037387576174624709e-02 9.500650140464451943e-03 9.500589962062705798e-03 1.004260702070048153e-02 1.004266004488764581e-02 1.119112432707589436e-02 1.227147810963059339e-02 1.004270881063803501e-02 8.755017230717058660e-03 1.037393515021682415e-02 9.753532239882817256e-03 9.500632969199739736e-03 9.500620375216243044e-03 1.293787012645552549e-02 1.004268890631328584e-02 1.119106430879372206e-02 1.004270094197265775e-02 1.037393323099389426e-02 1.075427946196335326e-02 1.075425684539054946e-02 1.004261941488464489e-02 1.075416562495260138e-02 9.278542117016829252e-03 1.004271411879955819e-02 1.037389794896803955e-02 1.037388664617194464e-02 1.119116065398113695e-02 9.753604322867785378e-03 1.075428045765715150e-02 9.753587613660815933e-03 9.753614340336841035e-03 1.119107402476593807e-02 9.500634148667601656e-03 1.075427452580235942e-02 1.004273315325236553e-02 9.753581258172891802e-03 1.037409324572162277e-02 1.169358083437555679e-02 1.075423107543670848e-02 1.037402221435371370e-02 9.500678182090452339e-03 1.004279060664677210e-02 1.227156786704561298e-02 1.075434186830564499e-02 1.075427212264845264e-02 1.227150582230472457e-02 9.500688419312270858e-03 9.753628973574464400e-03 9.278526605100608990e-03 1.169343721015171471e-02 1.004276609327426663e-02 9.753635290207578537e-03 1.037401400527602525e-02 1.119126981538572790e-02 1.169350923285662064e-02 1.004274739790960574e-02 1.169350625160905065e-02 1.119107066501888632e-02 1.169354947109334762e-02 1.119117286613049295e-02 9.500689535153520118e-03 1.004271337901331725e-02 9.500686006738052330e-03 8.909322070475759678e-03 1.075425761753930065e-02 9.500715468764088165e-03
9.589899002161682978e-03 8.754744178511755792e-03 8.089824893871016068e-03 8.754648944530228627e-03 8.754921305940523493e-03 0.000000000000000000e+00 9.148319477651748258e-03 9.148306709019123073e-03 8.089984411167700298e-03 9.589852081819182777e-03 8.403656739923189359e-03 8.089828813261682253e-03 7.809563060027421670e-03 7.559042382518497104e-03 7.559028600572613096e-03 8.754707183885426444e-03 8.754686004288825610e-03 9.148383916848745745e-03 9.148243878961173289e-03 8.090010238251696059e-03 8.754676110843890788e-03 7.559018160137046666e-03 6.794949330192987316e-03 9.589928011885275050e-03 1.127881653267771671e-02 7.559036012453636960e-03 8.089701620787072278e-03 8.754650288885293397e-03 9.148337502555892176e-03 8.754659316236463804e-03 9.148341920501606300e-03 1.064593147830424254e-02 9.148658565510286653e-03 8.090027351646449441e-03 9.590250133616202988e-03 1.008690224894052793e-02 9.590282710796859192e-03 1.008691730621802743e-02 8.755046884953342212e-03 8.403909059331119216e-03 9.590274906472427696e-03 9.590462626057809012e-03 7.809760960596949866e-03 8.090012702427734625e-03 8.755027537785816175e-03 9.148657301383159024e-03 9.148698941119606104e-03 9.590275093378789611e-03 8.754917750858914188e-03 8.403862657403299991e-03 7.809807519137142336e-03 8.403744302222303925e-03 7.809804966260938501e-03 1.375574707087479781e-02 7.809866688013598728e-03 9.148600560839164827e-03 1.199706140442931973e-02 8.403665674236483751e-03 8.755113395052744121e-03 1.008702501075205669e-02 8.754976184984079521e-03 7.559338926543824819e-03 9.148589698430305284e-03 8.090121461557627652e-03 8.090046095567885245e-03 8.754982609563149651e-03 8.755046347738439441e-03 1.008686651703257463e-02 1.127903583254728261e-02 8.755104967078443032e-03 7.135130733990175875e-03 9.148659465713596117e-03 8.403743127358085860e-03 8.090099937474714079e-03 8.090084173072668167e-03 1.199714507915364443e-02 8.755081043889466341e-03 1.008679897203831541e-02 8.755095508516838945e-03 9.148657203952543365e-03 9.590416924300012441e-03 9.590390952924644427e-03 8.754997508075576876e-03 9.590286139990402900e-03 7.809842028323967303e-03 8.755111347722081480e-03 9.148615759552178664e-03 9.148602475010245150e-03 1.008690736106251408e-02 8.403831671369470929e-03 9.590418068217990144e-03 8.403811151031871651e-03 8.403843988193358122e-03 1.008680990256299523e-02 8.090101414224434850e-03 9.590411253296233021e-03 8.755134211878106559e-03 8.403803327799681117e-03 9.148845215291830438e-03 1.064659293581766454e-02 9.590361338875497479e-03 9.148761746266050737e-03 8.090156534258860499e-03 8.755203273490077404e-03 1.127913326809808561e-02 9.590488614841279763e-03 9.590408475747521158e-03 1.127906590870420174e-02 8.090008484065373817e-03 8.403861946255435436e-03 7.809822288052884615e-03 1.064643438804555378e-02 8.755173823491002594e-03 8.403869704079167807e-03 9.148752101002232198e-03 1.008703015096868230e-02 1.064651389068879163e-02 8.755151350804164442e-03 1.064651059542114434e-02 1.008680611652767838e-02 1.064655831743550884e-02 1.008671357903341906e-02 8.090170746663939705e-03 8.755110452411568253e-03 8.090166328620083599e-03 7.335487001996253767e-03 9.590391831969465736e-03 8.090203211951224604e-03
1.105422968581428432e-02 1.037351819918445710e-02 9.857704494926991870e-03 1.037344268887713597e-02 1.037351762447277607e-02 9.148319477651748258e-03 0.000000000000000000e+00 1.068977101971571066e-02 9.857703463896019466e-03 1.105452092727167435e-02 1.009849621470203934e-02 9.857707466198682364e-03 9.646558697501167456e-03 9.460287277733609931e-03 9.460492332707381644e-03 1.037348883288541357e-02 1.037347206931306560e-02 1.068983383838116412e-02 1.069002828195656819e-02 9.857723074017818443e-03 1.037346424119371321e-02 9.460484631717260007e-03 8.899110805525821399e-03 1.105458442642970503e-02 1.252427398130402138e-02 9.460497825913759262e-03 9.857859516267549610e-03 1.037344375887310453e-02 1.068979607931974489e-02 1.037373821061775628e-02 1.068979965294856831e-02 1.196192247419202923e-02 1.069021365214275869e-02 9.857984770730325239e-03 1.105468921373760870e-02 1.147571351647059222e-02 1.105471644600191684e-02 1.147572643306388716e-02 1.037390460851276078e-02 1.009869169290018159e-02 1.105470991893058724e-02 1.105486692243498777e-02 9.646823666279917206e-03 9.857973648371043396e-03 1.037388926220654886e-02 1.069021262249672879e-02 1.069024652021759517e-02 1.105471007186336826e-02 1.037380219970124480e-02 1.009865574969938742e-02 9.646858480997290083e-03 1.009856407599631772e-02 9.646856576665122432e-03 1.481345770193693602e-02 9.646902730147248820e-03 1.069016642799752899e-02 1.317652920438775951e-02 1.009863419307092947e-02 1.037395734885270156e-02 1.147581889490786530e-02 1.037384854722943686e-02 9.460614476262322117e-03 1.069015759079876109e-02 9.858056231827366789e-03 9.857999003521304010e-03 1.037385362786200776e-02 1.037390417633045868e-02 1.147568282773005384e-02 1.252487423029829440e-02 1.037395066504021891e-02 9.148597992856784267e-03 1.069021437961052701e-02 1.009856316116253781e-02 9.858039887500428047e-03 9.858027912854104916e-03 1.317660581795054506e-02 1.037393168944789230e-02 1.147562484208328182e-02 1.037394316376760717e-02 1.069021254410799926e-02 1.105482869438098592e-02 1.105480697332647533e-02 1.037386544338328095e-02 1.105471931393093091e-02 9.646884291031837186e-03 1.037395572538853811e-02 1.069017880438125068e-02 1.069016798630866016e-02 1.147571789938148755e-02 1.009863174682478111e-02 1.105482965112267353e-02 1.009861585444535824e-02 1.009864128660720346e-02 1.147563422646334826e-02 9.858041008897165669e-03 1.105482395158870895e-02 1.037397386109979551e-02 1.009860979097421119e-02 1.069036558526390880e-02 1.196231172407128882e-02 1.105478220112441831e-02 1.069029764462021449e-02 9.858082875874809095e-03 1.037402863208726142e-02 1.252496181238012783e-02 1.105488864640194815e-02 1.105482164241408834e-02 1.252490127006164640e-02 9.858092592591483419e-03 1.009865519185527624e-02 9.646869533594374171e-03 1.196217226694735146e-02 1.037400526318567502e-02 1.009839384946894549e-02 1.069028979267529211e-02 1.147582332372256222e-02 1.196224220915051081e-02 1.037398744067559268e-02 1.196223930589144537e-02 1.147563098136871601e-02 1.196228127102627430e-02 1.147572967506413008e-02 9.858093667089257162e-03 1.037395501019972369e-02 9.858090313533386662e-03 9.295603178829471569e-03 1.105480770152401752e-02 9.858118316959088231e-03
1.105421980528036724e-02 1.037350733798761415e-02 9.857692813656091652e-03 1.037371914528182650e-02 1.037350677879530537e-02 9.148306709019123073e-03 1.068977101971571066e-02 0.000000000000000000e+00 9.857691779024867207e-03 1.105418053419701847e-02 1.009821756424093137e-02 9.857695778230755532e-03 9.646546723292757919e-03 9.460274986401071354e-03 9.460480054886782897e-03 1.037347801894486672e-02 1.037374857345211079e-02 1.068982346432047550e-02 1.069001790645444060e-02 9.857711392777785894e-03 1.037374067873946502e-02 9.460472314377960448e-03 8.899097694264349045e-03 1.105424403594628194e-02 1.252466873321034409e-02 9.460270263784594652e-03 9.857847843806782570e-03 1.037343288040900625e-02 1.068978569480702988e-02 1.037344004047922874e-02 1.069009768656757446e-02 1.196153604587600963e-02 1.069020326801103926e-02 9.857973106675053249e-03 1.105467931933316189e-02 1.147570415997398348e-02 1.105470656735881713e-02 1.147571707658035477e-02 1.037389375191555448e-02 1.009868040846350658e-02 1.105470004027955117e-02 1.105485704399169350e-02 9.646811669997064700e-03 9.857961984297301805e-03 1.037387840558479449e-02 1.069020223836281841e-02 1.069023613613281389e-02 1.105470019321238249e-02 1.037379134294666091e-02 1.009864446520650737e-02 9.646846493846774825e-03 1.009855279135998818e-02 9.646844580433444269e-03 1.481345076633330468e-02 9.646890733987842706e-03 1.069015604379734870e-02 1.317652136870737026e-02 1.009862290854412863e-02 1.037394649233527345e-02 1.147580953853363263e-02 1.037383767213678407e-02 9.460602190713186810e-03 1.069014720658540731e-02 9.858044577642539538e-03 9.857987332847517256e-03 1.037384277118512214e-02 1.037389331973216124e-02 1.147567347119745999e-02 1.252486590561037103e-02 1.037393980851249869e-02 9.148585230023981510e-03 1.069020399547908340e-02 1.009855187652393578e-02 9.858028223531732637e-03 9.858016248866901740e-03 1.317659798232140821e-02 1.037392083289214589e-02 1.147561548548276834e-02 1.037393230722872574e-02 1.069020215997411490e-02 1.105481881588601771e-02 1.105479708346121526e-02 1.037385458672502453e-02 1.105470943529150360e-02 9.646872294843126389e-03 1.037394486886811067e-02 1.069016842019802210e-02 1.069015760211052511e-02 1.147570854288846968e-02 1.009862046229398867e-02 1.105481977262823788e-02 1.009860456988984252e-02 1.009862999266166947e-02 1.147562486987334721e-02 9.858029344930531110e-03 1.105481407308755472e-02 1.037396301469627885e-02 1.009859851584717777e-02 1.069035521208396011e-02 1.196230290235215585e-02 1.105477232257582633e-02 1.069028727134125820e-02 9.858071220771678217e-03 1.037401778576804538e-02 1.252495348777290206e-02 1.105487877933707640e-02 1.105481176391804980e-02 1.252489294540254892e-02 9.858080937502605029e-03 1.009864391679944108e-02 9.646857545567056810e-03 1.196216344639191957e-02 1.037399441683042010e-02 1.009864992549896340e-02 1.069027941938378856e-02 1.147581397929194232e-02 1.196223337780218977e-02 1.037397659429165585e-02 1.196223048410073250e-02 1.147562162478330851e-02 1.196227244927627713e-02 1.147572033052311063e-02 9.858082004182045985e-03 1.037394416376683816e-02 9.858078649652771835e-03 9.295590641735677895e-03 1.105479783435019125e-02 9.858106661913227514e-03
1.026422631266095918e-02 9.500306830986456758e-03 8.909293198113100998e-03 9.500455473735900866e-03 9.500540632208709022e-03 8.089984411167700298e-03 9.857703463896019466e-03 9.857691779024867207e-03 0.000000000000000000e+00 1.026418281244159854e-02 9.185939392853701563e-03 8.909296644357930436e-03 8.665476474755981137e-03 8.450093206015163796e-03 8.450081399836181437e-03 9.500273486532345713e-03 9.500488862167252163e-03 9.857762379179709281e-03 9.857634308940686069e-03 8.909314625977340918e-03 9.500245495041283184e-03 8.450072494125835179e-03 7.803320776894796633e-03 1.026425318967015728e-02 1.185657877349398023e-02 8.450087778470371722e-03 8.909185262380376127e-03 9.500456676411261209e-03 9.857719912554362834e-03 9.500230305961848004e-03 9.857972637385036679e-03 1.125474525136891009e-02 9.858091138491842376e-03 8.909537335022690505e-03 1.026463268420389936e-02 1.072760692778410192e-02 1.026466284969894914e-02 1.072734189110348749e-02 9.500653878613738584e-03 9.186384370351026452e-03 1.026465561914962320e-02 1.026482954458982598e-02 8.665710438991921019e-03 8.909524518205230725e-03 9.500636460572866107e-03 9.858089996743918740e-03 9.858128057056828736e-03 1.026465580533336176e-02 9.500537489386454842e-03 9.186343151663691614e-03 8.665750691652211041e-03 9.186238018223725696e-03 8.665748464530420234e-03 1.425188480196607800e-02 8.665801818968706105e-03 9.858038094344287114e-03 1.254623944084859444e-02 9.186318437996120884e-03 9.500713838771853229e-03 1.072772200927056725e-02 9.500590164810867808e-03 8.450405603457418827e-03 9.858028182016117039e-03 8.909619755842873232e-03 8.909553753400216089e-03 9.500595953463432039e-03 9.500653411334953474e-03 1.072757342028480589e-02 1.185710227503484863e-02 9.500706254847826257e-03 8.090089791216541898e-03 9.858091969597766041e-03 9.186236982288160935e-03 8.909600901069708589e-03 8.909587095592136699e-03 1.254632005501019228e-02 9.500684687350447952e-03 1.072751010012386493e-02 9.500697728240154599e-03 9.858089907463075605e-03 1.026478721049239005e-02 1.026476313935456922e-02 9.500609383973674174e-03 1.026466604110734364e-02 8.665780513152511466e-03 9.500712006813162580e-03 9.858052003611981334e-03 9.858039858600431068e-03 1.072761171358530864e-02 9.186315635177326119e-03 1.026478827029893293e-02 9.186297404981350057e-03 9.186326567845376490e-03 1.072752034738797509e-02 8.909602194147527021e-03 1.026478195631038044e-02 9.500732632736737585e-03 9.186290469824795121e-03 9.858261820784936652e-03 1.125516445006542743e-02 1.026473570914126533e-02 9.858185507738965667e-03 8.909650470061225916e-03 9.500794889893018555e-03 1.185719542811866124e-02 1.026485363631635811e-02 1.026477939843113522e-02 1.185713103826086835e-02 8.909661701880412440e-03 9.186342533053832096e-03 8.665763463443998393e-03 1.125501425704320164e-02 9.500768326956447740e-03 9.186349428438614351e-03 9.858176688312805802e-03 1.072772684385614288e-02 1.125508957554664097e-02 9.500748068447039535e-03 1.125508645622261966e-02 1.072751680392214184e-02 1.125513165237612342e-02 1.072762459351246818e-02 8.909662916192447046e-03 9.500711204983875585e-03 8.909659047516416477e-03 8.259702823371106381e-03 1.026476396066688945e-02 8.909691345794551812e-03
1.140184731147791258e-02 1.075365321984698454e-02 1.026418380291352350e-02 1.075358150762210918e-02 1.075365263600561692e-02 9.589852081819182777e-03 1.105452092727167435e-02 1.105418053419701847e-02 1.026418281244159854e-02 0.000000000000000000e+00 1.049239755016612152e-02 1.026445008238549735e-02 1.006399129232339769e-02 9.886763541014047599e-03 9.886753846664748588e-03 1.075362535159261022e-02 1.075391591044346819e-02 1.105457082583570852e-02 1.105413187613467872e-02 1.026420142853692874e-02 1.075390844697200754e-02 9.886746510413095546e-03 9.352090749259944422e-03 1.140151453501990313e-02 1.281751267676587390e-02 9.886759065304352376e-03 1.026409494877275272e-02 1.075358249673393288e-02 1.105420439098793277e-02 1.075389578951273239e-02 1.105453829537913872e-02 1.227283446777035179e-02 1.105463869155048733e-02 1.026447727135621456e-02 1.140161458020722517e-02 1.180494294239709495e-02 1.140199648438847135e-02 1.180495533516887248e-02 1.075405375907453366e-02 1.049286717277221614e-02 1.140199026932300908e-02 1.140214016995136012e-02 1.006402325112651895e-02 1.026446670936926112e-02 1.075403918649100836e-02 1.105463771143734043e-02 1.105466997573539834e-02 1.140199039726433328e-02 1.075395653401983037e-02 1.049283307037074224e-02 1.006405632295899119e-02 1.049274610644284136e-02 1.006405450627252153e-02 1.505659825876397816e-02 1.006409833660849677e-02 1.105459376588622047e-02 1.345191138905634139e-02 1.049281261715782898e-02 1.075410383064001434e-02 1.180504405614748314e-02 1.075400054586394399e-02 9.887097103835939052e-03 1.105458537452836190e-02 1.026454507628455672e-02 1.026449078363600442e-02 1.075400536961881870e-02 1.075405336190867443e-02 1.180491350506913950e-02 1.281770400771397797e-02 1.075409749957294270e-02 9.590136119283654975e-03 1.105463939935105028e-02 1.049274523849137546e-02 1.026452958845327362e-02 1.026451822419601617e-02 1.345198615967166215e-02 1.075407948292095989e-02 1.180485785584438167e-02 1.075409037763553656e-02 1.105463765344496564e-02 1.140210367160003797e-02 1.140208292098576597e-02 1.075401658766926560e-02 1.140199923928632980e-02 1.006408083760304897e-02 1.075410230404848060e-02 1.105460554686527215e-02 1.105459526414162910e-02 1.180494714827922537e-02 1.049281031143041616e-02 1.140210456835040985e-02 1.049279522526773596e-02 1.049281935258765397e-02 1.180486686051391426e-02 1.026453065262303635e-02 1.140209914356577793e-02 1.075411953230380295e-02 1.049278949637767570e-02 1.105478325640451426e-02 1.227321007534495911e-02 1.140205929059562480e-02 1.105471862225745720e-02 1.026457038042160631e-02 1.075417153366665761e-02 1.281778901105967705e-02 1.140216092256415500e-02 1.140209693872143958e-02 1.281773026289105034e-02 1.026457961116623852e-02 1.049283256442901102e-02 1.006406683065999043e-02 1.227307549603434689e-02 1.075414934644806919e-02 1.049283827596141951e-02 1.105471115236579885e-02 1.180504831903085063e-02 1.227314298080554519e-02 1.075413242517221993e-02 1.227314018946804031e-02 1.180486374672721182e-02 1.227318068715876551e-02 1.180495845800588056e-02 1.026458062406293732e-02 1.075410163475337168e-02 1.026457744842281319e-02 9.730137427080794155e-03 1.140208363011121877e-02 1.026460402434968035e-02
1.049272398517618089e-02 9.753211277576339863e-03 9.186161361793277608e-03 9.753128589308168034e-03 9.753210624691604005e-03 8.403656739923189359e-03 1.009849621470203934e-02 1.009821756424093137e-02 9.185939392853701563e-03 1.049239755016612152e-02 0.000000000000000000e+00 9.185943805236854859e-03 8.953090715893200977e-03 8.747271192896609315e-03 8.747259948297936988e-03 9.753430400787682988e-03 9.753412014934001451e-03 1.009828584857649231e-02 1.009816199367554422e-02 9.186181850826428269e-03 9.753152158071983630e-03 8.747251428890889108e-03 8.129863378166998777e-03 1.049246591842643503e-02 1.205048064343905261e-02 8.747459284322264481e-03 9.185837249539445179e-03 9.753129753033960847e-03 1.009824479761644613e-02 9.753388829977709812e-03 1.009824872298962194e-02 1.145905976334127274e-02 1.009863071918681507e-02 9.186196224203573013e-03 1.049286285293756817e-02 1.094381358214753172e-02 1.049289218486032169e-02 1.094382735092374985e-02 9.753570943187852074e-03 9.451445092126430775e-03 1.049288515777504344e-02 1.049305418917283184e-02 8.953127867838108628e-03 9.186183948209131547e-03 9.753554153335739288e-03 1.009862960096240443e-02 1.009866643708578343e-02 1.049288532426131439e-02 9.753458821449127042e-03 9.451405541240173735e-03 8.953166313205590185e-03 9.451304662900330764e-03 8.953164199058769035e-03 1.441584077574612106e-02 8.953215155803316908e-03 1.009857940020423596e-02 1.272935719285411306e-02 9.451381827554160633e-03 9.753628699366573632e-03 1.094392589708791108e-02 9.753509556762922708e-03 8.747587989001342004e-03 1.009856979672973075e-02 9.186275059574835339e-03 9.186211913039780616e-03 9.753515108686411361e-03 9.753570453560699016e-03 1.094378086765914436e-02 1.205068674581830784e-02 9.753621366426643013e-03 8.403588138521553633e-03 1.009863149423647667e-02 9.451303629974426232e-03 9.186257006033636888e-03 9.186243804700039428e-03 1.272943664532698825e-02 9.753600606321279065e-03 1.094371905207723941e-02 9.753613162399978401e-03 1.009862950527423177e-02 1.049301300257125293e-02 1.049270547522714557e-02 9.753528045301849969e-03 1.049289525638898678e-02 8.953194773203323673e-03 9.753626894180902548e-03 1.009859281415598567e-02 1.009858107807281788e-02 1.094381822244028420e-02 9.451379100175384684e-03 1.049301404618822355e-02 9.451361606801513687e-03 9.451153879217678161e-03 1.094372905399141824e-02 9.186258251350252341e-03 1.049300791239686503e-02 9.753646780960474605e-03 9.451354977935142940e-03 1.009879583711660068e-02 1.145979091760623847e-02 1.049296297859359309e-02 1.009872199728911735e-02 9.186304449395547855e-03 9.753706756922834314e-03 1.205077837395427190e-02 1.049307758909675224e-02 1.049300543120397153e-02 1.205071505010151325e-02 9.186315187495474460e-03 9.451404927907691711e-03 8.953178505865916001e-03 1.145964374541347253e-02 9.753681170762421720e-03 9.451411567802393485e-03 1.009871346466250167e-02 1.094393062714885123e-02 1.145971756597479775e-02 9.753661649046114004e-03 1.145971449243383608e-02 1.094372560677022745e-02 1.145975877956760189e-02 1.094383081559750955e-02 9.186095519081397681e-03 9.753626141225274146e-03 9.186312663173486909e-03 8.565619109833716785e-03 1.049299042710389977e-02 9.186343559428102393e-03
1.026423010605797582e-02 9.500311051567292969e-03 8.909297822097844710e-03 9.500225213552567285e-03 9.500310401837210733e-03 8.089828813261682253e-03 9.857707466198682364e-03 9.857695778230755532e-03 8.909296644357930436e-03 1.026445008238549735e-02 9.185943805236854859e-03 0.000000000000000000e+00 8.665676338904365270e-03 8.450098189396605675e-03 8.450086404594712650e-03 9.500277708701140855e-03 9.500258619102079638e-03 9.857766363012629082e-03 9.857886992491977224e-03 8.909319262279372445e-03 9.500249681471594973e-03 8.450077452436245001e-03 7.803467861044012695e-03 1.026425695168516755e-02 1.185689585534482719e-02 8.450092731082870651e-03 8.909189872575719663e-03 9.500226408067545536e-03 9.857972609065460828e-03 9.500234555048480897e-03 9.857976623897707000e-03 1.125445285433661000e-02 9.858095157882112644e-03 8.909541966288755596e-03 1.026463649786074107e-02 1.072761053038955720e-02 1.026466666502362166e-02 1.072762463784006359e-02 9.500658115596088624e-03 9.186388802387233238e-03 1.026465943447806874e-02 1.026483335984247625e-02 8.665715249457278668e-03 8.909529136709972569e-03 9.500640673361546509e-03 9.858094002148270682e-03 9.858132076427978882e-03 1.026465961140937515e-02 9.500541702234967592e-03 9.186347583728207353e-03 8.665755489890581906e-03 9.186242450355666667e-03 8.665753283214958427e-03 1.425188756401133024e-02 8.665806637613949343e-03 9.858042113762796946e-03 1.254624251601912585e-02 9.186322864933996191e-03 9.500718065153916994e-03 1.072772560142675954e-02 9.500594375478397732e-03 8.450410594282900881e-03 9.858032187453574444e-03 8.909624365608589946e-03 8.909558371875464164e-03 9.500600166268404964e-03 9.500657624104102625e-03 1.072757703071919831e-02 1.185710550600973037e-02 9.500710467584197808e-03 8.090095065586494841e-03 9.858095974993767024e-03 9.186241401166288928e-03 8.909605519510014129e-03 8.909591718223822121e-03 1.254632311434243468e-02 9.500688904721849709e-03 1.072751370275976980e-02 9.500701940981669605e-03 9.858093912861283156e-03 1.026479101144789699e-02 1.026476694032066143e-02 9.500613596769418370e-03 1.026466984211925684e-02 8.665785319599696168e-03 9.500716219546187849e-03 9.858056009030622194e-03 9.858043864024595287e-03 1.072761531618144498e-02 9.186320054001769625e-03 1.026479207125455782e-02 9.186301823818670415e-03 9.186330986661392708e-03 1.072752395002010695e-02 8.909606812587659089e-03 1.026478575726851028e-02 9.500736826856143527e-03 9.186294895324065984e-03 9.858265807268583314e-03 1.125516784273193974e-02 1.026473951765389733e-02 9.858189513072761201e-03 8.909655098214166666e-03 9.500799083973951800e-03 1.185719863921093006e-02 1.026485743723145813e-02 1.026478319937868845e-02 1.185682041019267378e-02 8.909666288894467490e-03 9.186346933565108647e-03 8.665768252752307707e-03 1.125501765852292800e-02 9.500772521057330305e-03 9.186353847225684974e-03 9.858180674840335764e-03 1.072773044639740644e-02 1.125509296823871963e-02 9.500752262559390357e-03 1.125508986842051196e-02 1.072752040654591579e-02 1.125513506455987772e-02 1.072762817074334601e-02 8.909667508091294319e-03 9.500715417706457819e-03 8.909663672253464659e-03 8.259707943147277104e-03 1.026476774261104660e-02 8.909695946337586880e-03
