0.000000000000000000e+00 9.799427836282806337e-03 9.296715866374030343e-03 9.643251479063011736e-03 9.808094751053280172e-03 8.761258810813313258e-03 9.879467024384233631e-03 9.874656527415509588e-03 9.302811934717099968e-03 1.024481302205253533e-02 9.605534256637637130e-03 9.303485108365533787e-03 9.154487629976641380e-03 9.105934200098801667e-03 9.005689758240037479e-03 9.654822256843328260e-03 9.656604701830544257e-03 9.892686022508955998e-03 9.862776293234658959e-03 9.424304550600507563e-03 9.779992610287377430e-03 8.999704605579231589e-03 8.563424777742290744e-03 1.026134822587666633e-02 1.122267247035396015e-02 9.003355152023969146e-03 9.270618093791536604e-03 9.782016411911604800e-03 9.882994054020880631e-03 9.642724533035069295e-03 9.883823564987820331e-03 1.069241153184570872e-02 1.014142404033310102e-02 9.505924345603803186e-03 1.036948394551951216e-02 1.070294253396336139e-02 1.038356260200244338e-02 1.070186906053653512e-02 9.911112563733026973e-03 9.743362821336675958e-03 1.038250972377788989e-02 1.043731962907041427e-02 9.342693050778307778e-03 9.497331950671419540e-03 9.907804730410457034e-03 1.013923230735899739e-02 1.015517399196102545e-02 1.037434451416803516e-02 9.872000516640697804e-03 9.729566340273535299e-03 9.356925604232886259e-03 9.695949545154888827e-03 9.362243486948130383e-03 1.271495369990349907e-02 9.379642059894459719e-03 1.012459136653243337e-02 1.176086779632733691e-02 9.716590828050349418e-03 9.934101093987290909e-03 1.073318152132001976e-02 9.888212771030064838e-03 9.223174768688771272e-03 1.012247595302361719e-02 9.523452223424275567e-03 9.510356074475406069e-03 9.896320454487645552e-03 9.916075814580095973e-03 1.069000100734361289e-02 1.137489092564090455e-02 9.934673618034512224e-03 8.962154048305555690e-03 1.014452207453312403e-02 9.696826009461829293e-03 9.530080740615674492e-03 9.521371799184576851e-03 1.178543363871562867e-02 9.923252885317158586e-03 1.067356886524198530e-02 9.931818239681455482e-03 1.014235882446982290e-02 1.042702280932732845e-02 1.041580997963304812e-02 9.901738076647187067e-03 1.038681091059102425e-02 9.374995731629851003e-03 9.935988949878708440e-03 1.012663195278411775e-02 1.012631696315993354e-02 1.070800219168946063e-02 9.722744756966623242e-03 1.042543485645088149e-02 9.713176125090287535e-03 9.725066623704609753e-03 1.067699605949908558e-02 9.529978044566221954e-03 1.042467733123832868e-02 9.951130112132099484e-03 9.715650291887175174e-03 1.021014787725705447e-02 1.107732217012459205e-02 1.041130942074490646e-02 1.018265172845857734e-02 9.546314805460871800e-03 9.973139702357015218e-03 1.141336378646959360e-02 1.045683493163682663e-02 1.043340533085532554e-02 1.138511263623435271e-02 9.551628269871126689e-03 9.739730869849354267e-03 9.372796078424757218e-03 1.102373380029065229e-02 9.962181615572659327e-03 9.733987992551089430e-03 1.017932732528157441e-02 1.075385021503183838e-02 1.104562854523486425e-02 9.954661034502772232e-03 1.105432773549745555e-02 1.068543120546247560e-02 1.106696657548911743e-02 1.071361161954139871e-02 9.550576281181475530e-03 9.944339188100625310e-03 9.552269363036885660e-03 9.121812060052986865e-03 1.042242183136810225e-02 9.568404998095364142e-03
9.799427836282806337e-03 0.000000000000000000e+00 8.794682071499113768e-03 9.295354203075825716e-03 9.322787173322851645e-03 8.216449157084830188e-03 9.427526398569339300e-03 9.420547829394426004e-03 8.798661225584118381e-03 9.660671174003118353e-03 8.989483868424226129e-03 8.801926582263303392e-03 8.643809842896466727e-03 8.568744005341981732e-03 8.474992755802346692e-03 9.308278848899549304e-03 9.190367778541321322e-03 9.435974491267004258e-03 9.535999313963825288e-03 8.800233226922530433e-03 9.178394816577197662e-03 8.471769674092743951e-03 8.076946110908559892e-03 9.806278002836709903e-03 1.067690745475559540e-02 8.475537110071481445e-03 8.767024515729989961e-03 9.172388244194905685e-03 9.428573424681516504e-03 9.171050930140684995e-03 9.432164159256023125e-03 1.029235806744963413e-02 9.682649155227299534e-03 9.000758326472161133e-03 9.922811204783102065e-03 1.027962854711268748e-02 9.940663079635515820e-03 1.027890078275141977e-02 9.439158580540094740e-03 9.256443861744392473e-03 9.939786009422701268e-03 9.998157641160462100e-03 8.826352493987403916e-03 8.991715004482689344e-03 9.432768054089046839e-03 9.680364225739144721e-03 9.697555342586136606e-03 9.932631416803805804e-03 9.394382723580273556e-03 9.241666042074082876e-03 8.840705376485846756e-03 9.205373293204942298e-03 8.846358360202912982e-03 1.237554050536007234e-02 8.865231595949667545e-03 9.664653104518161966e-03 1.138853955731536013e-02 9.227823568511173483e-03 9.460988591648220036e-03 1.031167123171659698e-02 9.411974068906399718e-03 8.696609134827554613e-03 9.662465146041772715e-03 9.022410729366318882e-03 9.005706146373419069e-03 9.419998253469851618e-03 9.441314979751237735e-03 1.026620224996757300e-02 1.098584551370970774e-02 9.461526251237228555e-03 8.413657146692718469e-03 9.685882037510014017e-03 9.206028800381953203e-03 9.026832628392508426e-03 9.018787006090505168e-03 1.141389927130363746e-02 9.450747335808716565e-03 1.024833843985082510e-02 9.458457911038845034e-03 9.683531879762593067e-03 9.986901648548599658e-03 9.972676487970871806e-03 9.425926574786951812e-03 9.944091618169070140e-03 8.859927438920922257e-03 9.462829734507056598e-03 9.666884559492742654e-03 9.666336842044346775e-03 1.028475731916448331e-02 9.233947070273312505e-03 9.985183624606104591e-03 9.223905149471830003e-03 9.234438583120362087e-03 1.025194834072794443e-02 9.026699943304683504e-03 9.984457562395288727e-03 9.479368115758331909e-03 9.226788955331225242e-03 9.756361340979808477e-03 1.067425506612672964e-02 9.970763744415906196e-03 9.726920427348573206e-03 9.046967817245656074e-03 9.503070237345751306e-03 1.102624969580404818e-02 1.001881461158754712e-02 9.993863765802152993e-03 1.099713261524602574e-02 9.048391633949194601e-03 9.252623707481776039e-03 8.857639627742237148e-03 1.061842100316497638e-02 9.491267642989352146e-03 9.246966829968417470e-03 9.723327328951371709e-03 1.033353319278974836e-02 1.064135035803068403e-02 9.483170183473950410e-03 1.064998358451431891e-02 1.026102388638297676e-02 1.066332894286359939e-02 1.029134684466890409e-02 9.047500337347927357e-03 9.472075159028592317e-03 9.051258974779730418e-03 8.587845215266304982e-03 9.982592062669609287e-03 9.068574437825703896e-03
9.296715866374030343e-03 8.794682071499113768e-03 0.000000000000000000e+00 8.881993850368552837e-03 8.909825703628504109e-03 7.730829601669273257e-03 9.046173174132410982e-03 9.036370458321498975e-03 8.365909133936640790e-03 9.288866353834230802e-03 8.678719908050342921e-03 8.368693596182287531e-03 8.292095162500207062e-03 8.011330976945637769e-03 8.014962827213518645e-03 8.782791909090179733e-03 8.781020860867089911e-03 9.062574204235817818e-03 9.024198486101971811e-03 8.368408018157521416e-03 8.887510463336738276e-03 8.007610369305124751e-03 7.496164651481329426e-03 9.311173549888951059e-03 1.036154881126980301e-02 8.012941349257129281e-03 8.330485025334224622e-03 8.770043437527534971e-03 9.161955136491119894e-03 8.766241799631051615e-03 9.048641367830801904e-03 9.961071815949497366e-03 9.289445135449062030e-03 8.562841030829935682e-03 9.543446448778672778e-03 9.917891875692565196e-03 9.561804219719530901e-03 9.917526571327628729e-03 9.028883972894299545e-03 8.836563051265332661e-03 9.560893984791922484e-03 9.622475617962651662e-03 8.374719570633125040e-03 8.553358964183039453e-03 9.024273186990913395e-03 9.286982719044725720e-03 9.305215879618886771e-03 9.552160773377808486e-03 8.983525726284496971e-03 8.820794583097937847e-03 8.391361686098957121e-03 8.781837046559416715e-03 8.397448034502510289e-03 1.208375293332438274e-02 8.417858000038339408e-03 9.270272253702508194e-03 1.106980100459407229e-02 8.806183108228062342e-03 9.054294282305768229e-03 9.951505048063271491e-03 9.002608689611606152e-03 8.236675929708923288e-03 9.267965376855789167e-03 8.586396213512322018e-03 8.568636958051500246e-03 9.010803269437995741e-03 9.033512505085475666e-03 9.906163975887954595e-03 1.065356832935241728e-02 9.055146593434966126e-03 7.934090452521800826e-03 9.293027586181329749e-03 8.782762282936597276e-03 8.591210555343117145e-03 8.581460769293157778e-03 1.109612000471699861e-02 9.042378723897608744e-03 9.885267714618750992e-03 9.051857204642799193e-03 9.290415868551600218e-03 9.610869297171104747e-03 9.598284550610040530e-03 9.017122711241833469e-03 9.565679086482573382e-03 8.412324407867294296e-03 9.056502699885690330e-03 9.273256866913690694e-03 9.272228827294105163e-03 9.923493989214215993e-03 8.812629970025791237e-03 9.608992996741592268e-03 8.802298729137777999e-03 8.815461594434689102e-03 9.889074588988425174e-03 8.591016641827162528e-03 9.608167276614046695e-03 9.074309527768059311e-03 8.806921726487568561e-03 9.367837571813123279e-03 1.032997868824199993e-02 9.595962062605307638e-03 9.336656489466167719e-03 8.610771690872034631e-03 9.099525172962539057e-03 1.069532735399409198e-02 9.644456136543621064e-03 9.618253587513246605e-03 1.066568463495404413e-02 8.614991643860515913e-03 8.832809671147549488e-03 8.409836350765488230e-03 1.027223966587903492e-02 9.086833218491402811e-03 8.827313547746316880e-03 9.332918202484635772e-03 9.974526133506373543e-03 1.029612683090828928e-02 9.078264605852117558e-03 1.030475889949062154e-02 9.898637361656548520e-03 1.031864960486506000e-02 9.930672749789247813e-03 8.615834031466356596e-03 9.066518982209052779e-03 8.619312094021218396e-03 8.120377248730836078e-03 9.606600192179364298e-03 8.636264143917037409e-03
9.643251479063011736e-03 9.295354203075825716e-03 8.881993850368552837e-03 0.000000000000000000e+00 9.167507653391382752e-03 8.180841412047661076e-03 9.402531305184759838e-03 9.524493297698003597e-03 8.882835014006836005e-03 9.631980762408041269e-03 8.958801480360953015e-03 8.773065199291149585e-03 8.616537668613101150e-03 8.439687205293104968e-03 8.442544990875910579e-03 9.159778804730293184e-03 9.158182464814798585e-03 9.423094574048770239e-03 9.509128462847194971e-03 8.889898885353525113e-03 9.146714590329290892e-03 8.437062552013516875e-03 7.964365208112970593e-03 9.651221014474757956e-03 1.082156690825354824e-02 8.445029815217899860e-03 8.731401413517428378e-03 9.141701762534867187e-03 9.406226813345602844e-03 9.269420398575502901e-03 9.403298013571757472e-03 1.042493946593324450e-02 9.649934390851485494e-03 8.964681647275070733e-03 9.890952395217625717e-03 1.025144762396583767e-02 9.911336641815503279e-03 1.025328494610864942e-02 9.405353056412811899e-03 9.223588490415575783e-03 9.908074460452975449e-03 9.968912327668050591e-03 8.788291321656109892e-03 8.955551330468280308e-03 9.398742178082836532e-03 9.647413037558333695e-03 9.666944603928379759e-03 9.899426561926617449e-03 9.362259779988548955e-03 9.208702749266597584e-03 8.803723849499730386e-03 9.170305352989169267e-03 8.809506316534236256e-03 1.235070375761429182e-02 8.828415151136489655e-03 9.631728415556109479e-03 1.136166535243958095e-02 9.193006314010822647e-03 9.427209296508472919e-03 1.027875166010221164e-02 9.381467366640576511e-03 8.658976088977221944e-03 9.631581368196967877e-03 8.874819214589386995e-03 8.972441424571009697e-03 9.388838579478133925e-03 9.410323810399027350e-03 1.023888607686747505e-02 1.096109573212539559e-02 9.430609721264221479e-03 8.377168792395492045e-03 9.656121726400374028e-03 9.173765675638765812e-03 8.993629255405902537e-03 8.984451042500962020e-03 1.139027663687193839e-02 9.418520065050541012e-03 1.021864718905866540e-02 9.427541350308306020e-03 9.653525896751002922e-03 9.958527154767353451e-03 9.944226850639501999e-03 9.394759361547438611e-03 9.915454184574226323e-03 8.825807259409478023e-03 9.431862268290760326e-03 9.637085373954580939e-03 9.636347847593776383e-03 1.025754267024100302e-02 9.201830317149909885e-03 9.956721404555455082e-03 9.191878714403153502e-03 9.202470640859879841e-03 1.022460158230066064e-02 8.993491301728129619e-03 9.955970348639821624e-03 9.448725223353228106e-03 9.194919943727229358e-03 9.727063194516220174e-03 1.064859616939887836e-02 9.942516767521426824e-03 9.697469872683930556e-03 9.014028854930087112e-03 9.472558522888450266e-03 1.100169533128140045e-02 9.990662998830678737e-03 9.965604065873554310e-03 1.097259031059314230e-02 9.015529216660629966e-03 9.220816356103994985e-03 8.823615982251748618e-03 1.059256285768182294e-02 9.460662167692307847e-03 9.215286330733226880e-03 9.693861574532267045e-03 1.030665963260097261e-02 1.061568143456000785e-02 9.452515470745602097e-03 1.062424179953277981e-02 1.023384885670703369e-02 1.063763510735134428e-02 1.026433946384373332e-02 9.014606728639979610e-03 9.441390555553546768e-03 9.018468370090789582e-03 8.552467601768667244e-03 9.954304626626752847e-03 9.035803576662752509e-03
9.808094751053280172e-03 9.322787173322851645e-03 8.909825703628504109e-03 9.167507653391382752e-03 0.000000000000000000e+00 8.307236893974639935e-03 9.430800519332545317e-03 9.427117041927073407e-03 8.909468011906744936e-03 9.655085876496029285e-03 8.986607225568696289e-03 8.806206851167536209e-03 8.645066094040781968e-03 8.470659307545222103e-03 8.476462650352194553e-03 9.184261809042790214e-03 9.307169786989656288e-03 9.448924585147637847e-03 9.410949758694640149e-03 8.805887680759157468e-03 9.179412853882110493e-03 8.471967392047268300e-03 7.999180755272112045e-03 9.679443759210966045e-03 1.068551586761233574e-02 8.482112200362467921e-03 8.766551284947124087e-03 9.167761331558669374e-03 9.557634238466942989e-03 9.295132926087992103e-03 9.434093413815999862e-03 1.044542785195519581e-02 9.680587419925114692e-03 8.995584154885652092e-03 9.920774900060784843e-03 1.027416402529496460e-02 9.935496163206358408e-03 1.027918116209634858e-02 9.431279224093716551e-03 9.253875152758038805e-03 9.934225366552888389e-03 9.995867825393829967e-03 8.822617015456266087e-03 8.989393861464375565e-03 9.430312458770368639e-03 9.674931909954487957e-03 9.691997341568218960e-03 9.925723828039505897e-03 9.392118172176638913e-03 9.239304721039412471e-03 8.837412626713980410e-03 9.199892045559652717e-03 8.840958268221303998e-03 1.237025706484799065e-02 8.862514790963829311e-03 9.659219905457160776e-03 1.138329870759186534e-02 9.227082737113799851e-03 9.458792579013592869e-03 1.016082813931567727e-02 9.409970534523177596e-03 8.691423789484687898e-03 9.656885199617033441e-03 9.014820008451898681e-03 9.004559161297212219e-03 9.418939054551640419e-03 9.440161940815837427e-03 1.026174593947426841e-02 1.098520988583865689e-02 9.460406296952926855e-03 8.412279110580254959e-03 9.684933365190400226e-03 9.204904297612384254e-03 9.025663815832050962e-03 9.016391762865675480e-03 1.141329994832139365e-02 9.448355009736694385e-03 1.024734673046780176e-02 9.457360819815673406e-03 9.682357389122752192e-03 9.985969594660706883e-03 9.971782884184467177e-03 9.424840608577693749e-03 9.943129930758427132e-03 8.858679297386259227e-03 9.461772684869687242e-03 9.665977340899719120e-03 9.665319982016220418e-03 1.028388869551181799e-02 9.232751174976466454e-03 9.984220605964299819e-03 9.222785114962680705e-03 9.233272095083382841e-03 1.025108158074633513e-02 9.025399680104025102e-03 9.983402272796246257e-03 9.478677834233683458e-03 9.225993251493714783e-03 9.755686004437625139e-03 1.067379802578873570e-02 9.970073216841044556e-03 9.726261525807314290e-03 9.043735765207993119e-03 9.502355071182775476e-03 1.102577176601204391e-02 1.001819487821747380e-02 9.993250632726607616e-03 1.099682424663968143e-02 9.048785843446862862e-03 9.251789425050388829e-03 8.856606950619422963e-03 1.062051696221248676e-02 9.490354375960888614e-03 9.246245358771968889e-03 9.722707759794457089e-03 1.033292730029475304e-02 1.064100023959829375e-02 9.482293127050388584e-03 1.064952357063264979e-02 1.026045542525020476e-02 1.066279062991618183e-02 1.029249053691023638e-02 9.048622105947869490e-03 9.471303056897015238e-03 9.050411605307152885e-03 8.586831263044688092e-03 9.981957242594307125e-03 9.067714189364769681e-03
8.761258810813313258e-03 8.216449157084830188e-03 7.730829601669273257e-03 8.180841412047661076e-03 8.307236893974639935e-03 0.000000000000000000e+00 8.489420102551090141e-03 8.480934381809584685e-03 7.816853165408985463e-03 8.753147180030588712e-03 8.046108698030084855e-03 7.736517258830784977e-03 7.538444986342269193e-03 7.326800537228700394e-03 7.329459583923572663e-03 8.202778524255412498e-03 8.198470737402369438e-03 8.510273160207661863e-03 8.465302075348372576e-03 7.824061135002653364e-03 8.189715611386975957e-03 7.321040397319411759e-03 6.726671912706964733e-03 8.776726409669479215e-03 1.001382276665528301e-02 7.328584140551529583e-03 7.690029473185344341e-03 8.182276942285049079e-03 8.491647033602478176e-03 8.184559319348546844e-03 8.493583127267778643e-03 9.478723441038615014e-03 8.703035315854404722e-03 7.905174446238765612e-03 8.978341744321185341e-03 9.377855787539324597e-03 8.998784695456051377e-03 9.380000726211926848e-03 8.421950051483547556e-03 8.208528818053398984e-03 8.997848379637851668e-03 9.062177244064077361e-03 7.695366149472122538e-03 7.895125137600300311e-03 8.414416319512979525e-03 8.700394188591770855e-03 8.720235798941045058e-03 8.988881714556634997e-03 8.370374809535714375e-03 8.191145018929651619e-03 7.714433372600687858e-03 8.148049226165472725e-03 7.722260045888739745e-03 1.164249609457486054e-02 7.743732426290460963e-03 8.683850933755751442e-03 1.059094740611641293e-02 8.090618948681429362e-03 8.448835361963218105e-03 9.415780512925167947e-03 8.391921459094755370e-03 7.541615035186903515e-03 8.679837534859508388e-03 7.930657077749380529e-03 7.914543602268911404e-03 8.401733307079502222e-03 8.426440391903392002e-03 9.366547036367885506e-03 1.015776909412091991e-02 8.450476482590847660e-03 7.199934569414830239e-03 8.709267817218634480e-03 8.151333241128025722e-03 7.939270570509006364e-03 7.928772176972007091e-03 1.062074594560206454e-02 8.436906650466997198e-03 9.345454496698813590e-03 8.446872638682142997e-03 8.704713415616087760e-03 9.052000151215541107e-03 9.038743588667514164e-03 8.408828931784203750e-03 9.003469515927165628e-03 7.739771796380709966e-03 8.451929333016682325e-03 8.688340072830345179e-03 8.686665117513680742e-03 9.386240906184848201e-03 8.184324708189647316e-03 9.049993162371825287e-03 8.173559170877987487e-03 8.187605687066494553e-03 9.349597698853375632e-03 7.938959454282782172e-03 9.049085248828227235e-03 8.465745867367457586e-03 8.171453766962565035e-03 8.786938489839208472e-03 9.813073829150819466e-03 9.033020966480950070e-03 8.750902871259824342e-03 7.956229760677073840e-03 8.493326904046740941e-03 1.019583745624052205e-02 9.084813654291234650e-03 9.054203068252089995e-03 1.016575536651199117e-02 7.881606098312812086e-03 8.203175003220888883e-03 7.731093676304619591e-03 9.755660021371220098e-03 8.483154241048217539e-03 8.196435886147825436e-03 8.746762701798626097e-03 9.434894145368560164e-03 9.776562559209559661e-03 8.473791422074057611e-03 9.784812746908382736e-03 9.356666797272454247e-03 9.801872453516664863e-03 9.290298644290772428e-03 7.961989842925698904e-03 8.459521869158144122e-03 7.963976120748578885e-03 7.407245627868817503e-03 9.046534013443243219e-03 7.983849676752108673e-03
9.879467024384233631e-03 9.427526398569339300e-03 9.046173174132410982e-03 9.402531305184759838e-03 9.430800519332545317e-03 8.489420102551090141e-03 0.000000000000000000e+00 9.641831205661375095e-03 9.049205075107870713e-03 1.001535672788890323e-02 9.353522711888967445e-03 9.049774531131461741e-03 8.893333776984672576e-03 8.735040886842604033e-03 8.837833948170080445e-03 9.410376226183020040e-03 9.415522161158157086e-03 9.660107281277727914e-03 9.765060567933494390e-03 9.053193945927556080e-03 9.410490319219304289e-03 8.835559314470196185e-03 8.278930996087919061e-03 1.003410755716818356e-02 1.085554007074670917e-02 8.838950612230110290e-03 9.128073512923155775e-03 9.404181065906866074e-03 9.650023840607526923e-03 9.528909570111376848e-03 9.646338790222371007e-03 1.064356111709072704e-02 9.907080380430291836e-03 9.248706260121912492e-03 1.014261428334879180e-02 1.048633029762588084e-02 1.015712476609400595e-02 1.048561455386016507e-02 9.671521507053377348e-03 9.495097427779368437e-03 1.015616879259408946e-02 1.021278196356624826e-02 9.079493894127531675e-03 9.241519683237373051e-03 9.665446731088775736e-03 9.904866401997938427e-03 9.921351493355634252e-03 1.014778679116599101e-02 9.630051312982815595e-03 9.480838652829113797e-03 9.094223980218772707e-03 9.445834519340032959e-03 9.099787135494316961e-03 1.254139635029312069e-02 9.117961265751928224e-03 9.889553681374601418e-03 1.157044108537057595e-02 9.467499786443437162e-03 9.692697362625067245e-03 1.051479284688792114e-02 9.648522652490941140e-03 8.955519529507210974e-03 9.887448697730744779e-03 9.269000979018227060e-03 9.254980285414417251e-03 9.653235558641438258e-03 9.673605623766505512e-03 1.047315401002890146e-02 1.117590955707153250e-02 9.693153817577185999e-03 8.684767770501542264e-03 9.910242723139414331e-03 9.446616149541269686e-03 9.273803685435776448e-03 9.264842626095576988e-03 1.159549192112190215e-02 9.681304068622288359e-03 1.045608975037840525e-02 9.690219337962839921e-03 9.907939956303596363e-03 1.020201526042668720e-02 1.019051808227654753e-02 9.658927633078429401e-03 1.016050501628521299e-02 9.112971657799907518e-03 9.694525618236566819e-03 9.893631704144433686e-03 9.891351012207514129e-03 1.049155011091621771e-02 9.473552304725119805e-03 1.020044141143750319e-02 9.465399812277536240e-03 9.476013262195447789e-03 1.045963489606957508e-02 9.273644521584497105e-03 1.019961502934452202e-02 9.706780537746435844e-03 9.463029825834056927e-03 9.974554119950351794e-03 1.086730330795768196e-02 1.018491265194327970e-02 9.946173546733565532e-03 9.289913873867329530e-03 9.729570116283375175e-03 1.121410300820164727e-02 1.022905083681352641e-02 1.020733190000325252e-02 1.118558877866585553e-02 9.290882239288785274e-03 9.487897862654290360e-03 9.107477411197653291e-03 1.081523095798788033e-02 9.718271871385728011e-03 9.361542936317865729e-03 9.942774797909195023e-03 1.053501517863551611e-02 1.083711219066047296e-02 9.710553046764529989e-03 1.084351198797641608e-02 1.046718198541349461e-02 1.085666831798468360e-02 1.049399601037333089e-02 9.294082976673889718e-03 9.699801168632948833e-03 9.295837268184656277e-03 8.849286314099398879e-03 1.019583550816072735e-02 9.310358015768953333e-03
9.874656527415509588e-03 9.420547829394426004e-03 9.036370458321498975e-03 9.524493297698003597e-03 9.427117041927073407e-03 8.480934381809584685e-03 9.641831205661375095e-03 0.000000000000000000e+00 9.038031866261812472e-03 9.860585031742377660e-03 9.222822831261660512e-03 9.038864632384402409e-03 8.892833762628700803e-03 8.727617788017219200e-03 8.833164291697745071e-03 9.413925051690650095e-03 9.546995104428832729e-03 9.656186290926684415e-03 9.761318992772622521e-03 9.043534535466760116e-03 9.528805039420653808e-03 8.822730349941817693e-03 8.273534962107474341e-03 9.880310625764800875e-03 1.102086245898650785e-02 8.727435180762018602e-03 9.120482907512626747e-03 9.393707272687781482e-03 9.643930405763426542e-03 9.395332208297408130e-03 9.777798323515092191e-03 1.047985240060272244e-02 9.902408720859070049e-03 9.243524618498859258e-03 1.013489014007138214e-02 1.048204638500127225e-02 1.015257567129848604e-02 1.048111563739962185e-02 9.666717701726872808e-03 9.490021917773422758e-03 1.015166098606313204e-02 1.020833696828751629e-02 9.074251175796476526e-03 9.236229757447778424e-03 9.660561140511446029e-03 9.900138626364499497e-03 9.916623382473743059e-03 1.014324313683118324e-02 9.625178604812070077e-03 9.475794026521903654e-03 9.091165218627714900e-03 9.440820062923188302e-03 9.094504582868990702e-03 1.253797872421198202e-02 9.112693931060745697e-03 9.884894244793518761e-03 1.156657843971548201e-02 9.462435648130446825e-03 9.687821686748247785e-03 1.051052465388610697e-02 9.640227003558890506e-03 8.950133607081935810e-03 9.882735909679028416e-03 9.265941383381348997e-03 9.248089440248281543e-03 9.648236672344014803e-03 9.668791156928520023e-03 1.046877202871528828e-02 1.117175097218813321e-02 9.688205686641967324e-03 8.677406740128752044e-03 9.905429618087498167e-03 9.441455319471417709e-03 9.268523938907284251e-03 9.259600086688191123e-03 1.159150424931178029e-02 9.676483688229885888e-03 1.045163325589574047e-02 9.685303737802504129e-03 9.903158664473242501e-03 1.019741392885994101e-02 1.018341250433051418e-02 9.653969796572950055e-03 1.015584952242297098e-02 9.107575826362741822e-03 9.689527929148875757e-03 9.888796023613465394e-03 9.886594837215658196e-03 1.048706055761918290e-02 9.468408947153408861e-03 1.019574579776480298e-02 9.460260380061095292e-03 9.468744710216477067e-03 1.045513675385693203e-02 9.268398259790958452e-03 1.019500434458331731e-02 9.705563148500082407e-03 9.461527133214395202e-03 9.973698114176192397e-03 1.086708212377820830e-02 1.018163780589884798e-02 9.945244271849642409e-03 9.288061249813441000e-03 9.728408494014462171e-03 1.121133213220110690e-02 1.022846013250586043e-02 1.020416491281000808e-02 1.118258929863871244e-02 9.288968362692851324e-03 9.486440174595366440e-03 9.105410296822373517e-03 1.081524301372716913e-02 9.717059890117105136e-03 9.480586533802870877e-03 9.941726200133362695e-03 1.053457110815783290e-02 1.083465996709803876e-02 9.709189167084649949e-03 1.084330094379832264e-02 1.046412679955387864e-02 1.085636997567917920e-02 1.049333842079243524e-02 9.290487982869865408e-03 9.698538737132405066e-03 9.292100946459776190e-03 8.845212863711314141e-03 1.019501749187181130e-02 9.308746833295460099e-03
9.302811934717099968e-03 8.798661225584118381e-03 8.365909133936640790e-03 8.882835014006836005e-03 8.909468011906744936e-03 7.816853165408985463e-03 9.049205075107870713e-03 9.038031866261812472e-03 0.000000000000000000e+00 9.288658558883456859e-03 8.575862718219577630e-03 8.374148447441125478e-03 8.198099066073525482e-03 8.014567948805230782e-03 8.013506635538939285e-03 8.787935782857912367e-03 8.895205927482120398e-03 9.066282929072895166e-03 9.019823888077571281e-03 8.374734460996378221e-03 8.779652337253307515e-03 8.010901080775857316e-03 7.498597302065832491e-03 9.317012362943575751e-03 1.036625845643875977e-02 8.021282521573766186e-03 8.330984801914890006e-03 8.881917530911942471e-03 9.043529373403141544e-03 8.764499151881759154e-03 9.169869602122768942e-03 1.009434012292098268e-02 9.285359938541883074e-03 8.558832963560237400e-03 9.542414728240142599e-03 9.916717448460144260e-03 9.557836724286629046e-03 9.787517101885171225e-03 9.024644746428542308e-03 8.832279997270627361e-03 9.556875405323106074e-03 9.618101156288335132e-03 8.373286772177235965e-03 8.551987658712354237e-03 9.022884760547472335e-03 9.285827667414505576e-03 9.300992111964449111e-03 9.551132141765963923e-03 8.982234761206134982e-03 8.816535385252347728e-03 8.391867219022667093e-03 8.777758954502692251e-03 8.393381728977819187e-03 1.207986325296330973e-02 8.413716567823231046e-03 9.266182009496972197e-03 1.106567891383225880e-02 8.803496094308851591e-03 9.050297733846419945e-03 9.950452085911769273e-03 9.001538472851766323e-03 8.232695210146316958e-03 9.266740688780156915e-03 8.585027321433388869e-03 8.568371467359121862e-03 9.010407750267356713e-03 9.033167931907722797e-03 9.904214466832447425e-03 1.065352998843516370e-02 9.054873004797632519e-03 7.932094241593270340e-03 9.292839353891284987e-03 8.782428419328729835e-03 8.590835705232856279e-03 8.581108102872133173e-03 1.109605115215548353e-02 9.042194679434340313e-03 9.885122690033538648e-03 9.051610169597450531e-03 9.290151641913066069e-03 9.610662630826107347e-03 9.596127738727165679e-03 9.016852949768595915e-03 9.565502547436858030e-03 8.411859955754590751e-03 9.056151036956960193e-03 9.272984040742393574e-03 9.272053710115140887e-03 9.923327607629902139e-03 8.812222517504051528e-03 9.608808251967611638e-03 8.801911734196430151e-03 8.813313643076014017e-03 9.888945870966499990e-03 8.590576408589204946e-03 9.607998986659468943e-03 9.074364370281405925e-03 8.805305929004679857e-03 9.367909858848087051e-03 1.033017461711960468e-02 9.594143858082307755e-03 9.336741016675937505e-03 8.610459169484791647e-03 9.099572664316322654e-03 1.069557554531720862e-02 9.644550371138087275e-03 9.618293800202341870e-03 1.066603019366435881e-02 8.618133636106800957e-03 8.832808337068967508e-03 8.409620508523259555e-03 1.027478110702834471e-02 9.086709271789431344e-03 8.827444889550796134e-03 9.332979152038360995e-03 9.974642896249422477e-03 1.029643840097280855e-02 9.078130417150168802e-03 1.030494415728069879e-02 9.898731938138472311e-03 1.031877198784706719e-02 9.932311883597064531e-03 8.615987101922012795e-03 9.066496149689524942e-03 8.617715579011579752e-03 8.120155027451196258e-03 9.606698122323559588e-03 8.636212344488818429e-03
1.024481302205253533e-02 9.660671174003118353e-03 9.288866353834230802e-03 9.631980762408041269e-03 9.655085876496029285e-03 8.753147180030588712e-03 1.001535672788890323e-02 9.860585031742377660e-03 9.288658558883456859e-03 0.000000000000000000e+00 9.457899477172399330e-03 9.410588470586494364e-03 9.259278012169934458e-03 8.986205781879719537e-03 8.988175306504144271e-03 9.647182262002616457e-03 9.780237346888808261e-03 1.003004343472625390e-02 9.847666227016877230e-03 9.294707795543583409e-03 9.769490923044037503e-03 8.982972197658914068e-03 8.549620809261736579e-03 1.009464407175216308e-02 1.122446187324370286e-02 8.989117877251128971e-03 9.253924514863402090e-03 9.627886699079740707e-03 9.871352140086626231e-03 9.762883984395636164e-03 1.001563583453680267e-02 1.085285900559476539e-02 1.012235310494973180e-02 9.486074298222129872e-03 1.019831499540141580e-02 1.068833717711440388e-02 1.036522907914486612e-02 1.068745251982068656e-02 9.894901119156050695e-03 9.723767746996936009e-03 1.036735117235090299e-02 1.042220556451897012e-02 9.322701904414847779e-03 9.477228647576383877e-03 9.888491934476183187e-03 1.012040974048620048e-02 1.013942862098331926e-02 1.035584140097538068e-02 9.855632984955056339e-03 9.709894222298906877e-03 9.338995382553626906e-03 9.679226282682924787e-03 9.342128997092052911e-03 1.270354522814077895e-02 9.359529868224357105e-03 1.010556075920653919e-02 1.174425319611712391e-02 9.697218305510469857e-03 9.914828892258075246e-03 1.071600879832831747e-02 9.875580382433453083e-03 9.202868222094781267e-03 1.010671038360264583e-02 9.503548495513569963e-03 9.494241652737664752e-03 9.881001740663598529e-03 9.900857233873506386e-03 1.067883757322137146e-02 1.136248963095762982e-02 9.919573036796806159e-03 8.943032955356366998e-03 1.012977054901994037e-02 9.681012464380965230e-03 9.513947995378878308e-03 9.505349489730268234e-03 1.177356548222043171e-02 9.908188359573511655e-03 1.065999814246620242e-02 9.916674097884549746e-03 1.012752474600013726e-02 1.041290145614734257e-02 1.039910004198754678e-02 9.886364065370852744e-03 1.037264954128715513e-02 9.358402535401540850e-03 9.920639228778739202e-03 1.011181498321362705e-02 1.011150040608869288e-02 1.069452774349747247e-02 9.706975153548780960e-03 1.040793108935704307e-02 9.697434349190727984e-03 9.707140139796562733e-03 1.066350327539600934e-02 9.513866137275591231e-03 1.041060750954667796e-02 9.936523301064209210e-03 9.702419789984319601e-03 1.019613952596131259e-02 1.106506210590200469e-02 1.039994055337131219e-02 1.016852540991545345e-02 9.530556231427097028e-03 9.958598397445296221e-03 1.140144572527577310e-02 1.044329220627234107e-02 1.041973991211644912e-02 1.137588878287682827e-02 9.533811685834522529e-03 9.724585393263884131e-03 9.356709940794532068e-03 1.101435570467357988e-02 9.947536110079828811e-03 9.721457723682486521e-03 1.016528604645607070e-02 1.074085587919453369e-02 1.103340227634082814e-02 9.940064294724248670e-03 1.104185738498105439e-02 1.067235094058676011e-02 1.105454991549038347e-02 1.070079308029141252e-02 9.535159342183567588e-03 9.929690403280519786e-03 9.538521992060497445e-03 9.105281308227431217e-03 1.040890794462603908e-02 9.552903412657727175e-03
9.605534256637637130e-03 8.989483868424226129e-03 8.678719908050342921e-03 8.958801480360953015e-03 8.986607225568696289e-03 8.046108698030084855e-03 9.353522711888967445e-03 9.222822831261660512e-03 8.575862718219577630e-03 9.457899477172399330e-03 0.000000000000000000e+00 8.576407508007199976e-03 8.508306243562460333e-03 8.229108266285338133e-03 8.232134245009377696e-03 9.096542636611958457e-03 9.094043088682864442e-03 9.245360250667817442e-03 9.210887470918447534e-03 8.684728961473375808e-03 8.962110331283431805e-03 8.225978853493583209e-03 7.735816297168629507e-03 9.479646133005899256e-03 1.066674709914944980e-02 8.324933698112072997e-03 8.537404727820946046e-03 8.959344797327472437e-03 9.230506407624678236e-03 9.079068162772895023e-03 9.236492987722003806e-03 1.012419886875557708e-02 9.468239802329874236e-03 8.762045979150414818e-03 9.715998811475595048e-03 1.008277709502039196e-02 9.734092159862529209e-03 1.008245976012646199e-02 9.214580606683406630e-03 9.027487069688892515e-03 9.733329270974807462e-03 9.793632069105259741e-03 8.580021299505025123e-03 8.753008463845586562e-03 9.210146893817742694e-03 9.465835382709132315e-03 9.483738166310382370e-03 9.724688191720462851e-03 9.170570232873626049e-03 9.012367699447094288e-03 8.597815285235897373e-03 8.974496748727271364e-03 8.601882125842574139e-03 1.221752377293046712e-02 8.621660429729961425e-03 9.449591197938303141e-03 1.121550492588824569e-02 8.999473618097348498e-03 9.239029873219730196e-03 1.011312527762667224e-02 9.189033498231285318e-03 8.446186399437007400e-03 9.447461473064260387e-03 8.782828853612584599e-03 8.762580413673656810e-03 9.187521604254164642e-03 9.209488041772491765e-03 1.006468740970031112e-02 1.079506336434429142e-02 9.232975785499506621e-03 8.058102459047948238e-03 9.464567577312996138e-03 8.966042058285328409e-03 8.780112291555654258e-03 8.772727959659982686e-03 1.123120930422696721e-02 9.224352089768147675e-03 1.004323610346320728e-02 9.231697817696562017e-03 9.464307207595810262e-03 9.772038623825765602e-03 9.632330171920824510e-03 9.193590955703524747e-03 9.730944568664192176e-03 8.606945469442385532e-03 9.231650588553800413e-03 9.442788015922467040e-03 9.444762671016473932e-03 1.007793170360757502e-02 8.994886867027339361e-03 9.773260786719252871e-03 8.984546275389802480e-03 8.887763658474866560e-03 1.004673200980005059e-02 8.781944975417064689e-03 9.773491757554366929e-03 9.255943764870185400e-03 8.996220877255850512e-03 9.544022628814857051e-03 1.048419861224574035e-02 9.764667439165930496e-03 9.511622740579091934e-03 8.805860427970498006e-03 9.282396672996271608e-03 1.084577686650920261e-02 9.814103200421857298e-03 9.786413097353077739e-03 1.081440164996021192e-02 8.811282100306742221e-03 9.021287203279845443e-03 8.611139863419978169e-03 1.043005109798338451e-02 9.270086619483974832e-03 9.021727134396714462e-03 9.507874671044027129e-03 1.013757851923986764e-02 1.045507409139652920e-02 9.259722103572945104e-03 1.045955197396435978e-02 1.006090995194854759e-02 1.047312217536752743e-02 1.009400029217559329e-02 8.705686719114355543e-03 9.248534169242364142e-03 8.814087618022379764e-03 8.331212238918575194e-03 9.775179957817965726e-03 8.830479112867602870e-03
9.303485108365533787e-03 8.801926582263303392e-03 8.368693596182287531e-03 8.773065199291149585e-03 8.806206851167536209e-03 7.736517258830784977e-03 9.049774531131461741e-03 9.038864632384402409e-03 8.374148447441125478e-03 9.410588470586494364e-03 8.576407508007199976e-03 0.000000000000000000e+00 8.297943139634316595e-03 8.017411694583554196e-03 8.021134061589082001e-03 8.791343647286901236e-03 8.788770732621541126e-03 9.062654706583713263e-03 9.144838524358503418e-03 8.380977921747611789e-03 8.776121874151577087e-03 8.008185951908776759e-03 7.575382234671965316e-03 9.309880189333296849e-03 1.050982444375931496e-02 8.017082766298392824e-03 8.331039896986433199e-03 8.769890355787356845e-03 9.170697009845549946e-03 8.774187583662620971e-03 9.167352498803947938e-03 9.966637466017440328e-03 9.291208391221082025e-03 8.564641546616447859e-03 9.547803664419679537e-03 9.919549707766621080e-03 9.563480574429548270e-03 9.919355522046847951e-03 9.032919895082864095e-03 8.838438347422863592e-03 9.562606971936534264e-03 9.624226121711869364e-03 8.377624844758180256e-03 8.555172792224646772e-03 9.026103316865834517e-03 9.288735702484309659e-03 9.306978892081742283e-03 9.555203339879855123e-03 8.985403983393126792e-03 8.822694980704476678e-03 8.393265083532542442e-03 8.783596584337773766e-03 8.399296769463188150e-03 1.208524500600620388e-02 8.419739364662908246e-03 9.272023371189760249e-03 1.107142034633052698e-02 8.808032353685126686e-03 9.056142084532432801e-03 9.950957512417811165e-03 9.004414042315951605e-03 8.238511212264664624e-03 9.269721792291327894e-03 8.586251299147210081e-03 8.570358293525977972e-03 9.012375372959470152e-03 9.035042901438375407e-03 9.907794189795138956e-03 1.065507444661687765e-02 9.056809286335919251e-03 7.934332651500225833e-03 9.294653402242593343e-03 8.784396318873729376e-03 8.592859898148910713e-03 8.584281147999953468e-03 1.109762071784918883e-02 9.045236912600363235e-03 9.886823802786029805e-03 9.053531508376021913e-03 9.292119441389631168e-03 9.612408157510743401e-03 9.597844564947281137e-03 9.018741424698823242e-03 9.567291274205502391e-03 8.413980099860983788e-03 9.058124440592221424e-03 9.274876286888644392e-03 9.273880352212495251e-03 9.925042670297009109e-03 8.814262435642929508e-03 9.610664379576746436e-03 8.803968373472369907e-03 8.815255074140097846e-03 9.890660007316452035e-03 8.592697431045069265e-03 9.609815843565317275e-03 9.070832418584279244e-03 8.807192776332625067e-03 9.364595360613381034e-03 1.032664575786315479e-02 9.596629753250311701e-03 9.336801666783196840e-03 8.613130165310340161e-03 9.096058554785268688e-03 1.069183018425348512e-02 9.644783398342404723e-03 9.618314682125249718e-03 1.052427845034921081e-02 8.611988169969631360e-03 8.829419249915095372e-03 8.407006283326697027e-03 1.027261456717088947e-02 9.083561069020097342e-03 8.827476496562413483e-03 9.329465429990184411e-03 9.974857352394263244e-03 1.029302625358425108e-02 9.074913917797362839e-03 1.030503673513651769e-02 9.898899343556831487e-03 1.031898712706162506e-02 9.927281573447700389e-03 8.611103873854943427e-03 9.066734322596532725e-03 8.619421278071980747e-03 8.117528584362336888e-03 9.603389939541798898e-03 8.632979393844462945e-03
