0.000000000000000000e+00 7.041558096123824891e-03 7.155942048246981269e-03 7.149830521139414856e-03 7.045922161150540430e-03 7.144483221857050176e-03 7.150939126154659889e-03 7.145865044151881312e-03 7.149898427700154824e-03 7.039507013178508167e-03 7.043133498094980224e-03 7.040091523546946305e-03 7.041939420725611132e-03 7.045111332910891297e-03 7.039582781285236117e-03 7.046588118456357033e-03 7.040387502265413669e-03 7.155327048704369051e-03 7.039163402446233647e-03 7.048424300746833869e-03 7.148212533462171281e-03 7.045996056778287484e-03 7.151804039905501967e-03 7.040154846277862748e-03 7.040279026831839683e-03 7.149623033567908785e-03 7.043884429826961606e-03 7.043638792179833519e-03 7.040916031570399435e-03 7.144595956308928859e-03 7.040227051548030197e-03 7.039570048692799994e-03 7.181632004046791841e-03 7.185584048035516605e-03 7.186627225278782727e-03 7.177749097113127197e-03 7.186844076588506762e-03 7.184346779844415047e-03 7.179839034022975769e-03 7.079371299551820949e-03 7.180163341390102642e-03 7.188519496746098233e-03 7.188499498326109648e-03 7.184635322246987754e-03 7.192565105747969999e-03 7.179615052274331000e-03 7.186515590625940607e-03 7.187001142200005396e-03 7.180357783814658203e-03 7.073603595762740712e-03 7.184764347774502506e-03 7.183673709689590743e-03 7.187701396199780782e-03 7.180680490909910861e-03 7.179057819059492078e-03 7.183343947479192346e-03 7.175151802819525540e-03 7.180567866932391873e-03 7.196251791185003660e-03 7.185972309482009136e-03 7.185135685484509913e-03 7.182729396740040670e-03 7.178446583170910653e-03 7.188674467292796404e-03 7.190286352525262180e-03 7.207937818168004898e-03 7.197430432283579912e-03 7.190363347780715647e-03 7.190826552905174758e-03 7.198799795578705862e-03 7.198481199040217965e-03 7.191352152666763593e-03 7.198892704115550725e-03 7.195584685092269901e-03 7.200420176821098472e-03 7.197940449320809619e-03 7.191873196544189446e-03 7.203383681369433800e-03 7.199384347383906008e-03 7.203551862171165936e-03 7.205750376693538690e-03 7.196301937376113796e-03 7.202646590988803083e-03 7.200259825148868156e-03 7.195527592405502430e-03 7.196448259776755049e-03 7.203731405849091857e-03 7.202245077656266314e-03 7.190452252943068355e-03 7.201419770790589911e-03 7.196191477530296775e-03 7.202507463131889963e-03 7.191041388202237296e-03 7.196051085154500822e-03 7.201522892588834573e-03 7.198648844478607034e-03 7.205247285076963465e-03 7.198045349413277963e-03 7.195680842320378683e-03 7.203471194027381320e-03 7.194244923775953114e-03 7.191658772847421555e-03 7.202241636030261296e-03 7.211876401453651449e-03 7.199209376165723387e-03 7.202867130175403393e-03 7.188793958930739247e-03 7.200325795214235214e-03 7.194776854582968575e-03 7.188917428405263918e-03 7.187943874977490225e-03 7.205118219000669101e-03 7.198239854188067874e-03 7.191129271587586719e-03 7.201783129586212216e-03 7.202251020816024044e-03 7.192779778060429292e-03 7.198054713289177460e-03 7.195432318145730116e-03 7.204549568101468841e-03 7.186133581138074225e-03 7.197489360850095087e-03 7.199021740671314971e-03 7.201065347581902046e-03 7.199598625092292793e-03 7.192177894818220507e-03 7.198391628717926843e-03 7.200010855870465389e-03
7.041558096123824891e-03 0.000000000000000000e+00 7.047361378538084808e-03 7.044120636370487624e-03 7.043831069296552401e-03 7.042093235997149911e-03 7.154845063691825206e-03 7.046274394913906204e-03 7.045690278394914179e-03 7.038878174128754099e-03 7.045460813239192918e-03 7.044859036599145259e-03 7.142559949663700690e-03 7.043145535469603341e-03 7.032373550165076440e-03 7.158491155317523932e-03 7.044994294642487227e-03 7.041675227712395659e-03 7.050809112476416098e-03 7.041320818445597970e-03 7.029936669196866841e-03 7.148506908631013096e-03 7.151647626070017569e-03 7.035693190813442285e-03 7.039105032891879686e-03 7.153392867406457162e-03 7.151346446573308112e-03 7.145659670804292707e-03 7.152659079454674190e-03 7.037834756319808621e-03 7.040345439899710345e-03 7.039139005564897314e-03 7.188009748449407030e-03 7.187836325907186186e-03 7.192891176560920266e-03 7.073833331920239414e-03 7.186322371763555900e-03 7.188730865292294360e-03 7.188426333114836426e-03 7.189017471379561056e-03 7.188625848360375575e-03 7.192687607921997156e-03 7.189824467470447809e-03 7.189221679339654822e-03 7.194951639667714408e-03 7.190269329288926856e-03 7.190215279364245947e-03 7.188933713758459236e-03 7.184454157391351528e-03 7.185441089273654318e-03 7.180040731849951681e-03 7.185343175160095047e-03 7.191442428865489275e-03 7.077053538011634191e-03 7.185422265306344071e-03 7.192117049868508236e-03 7.075800700749109058e-03 7.185026439086360760e-03 7.202139034648303954e-03 7.194178796036408523e-03 7.191564532212570138e-03 7.191882739254151086e-03 7.182682888482814360e-03 7.196760073853517882e-03 7.089618089131088582e-03 7.212049118715623160e-03 7.201883871748351526e-03 7.197222309820090237e-03 7.197411007403522153e-03 7.203122495062636889e-03 7.202787088718227634e-03 7.198000585238342568e-03 7.205447287703060401e-03 7.197685245554624918e-03 7.206871157856824944e-03 7.204543349347020814e-03 7.194110363573283547e-03 7.205487549585638286e-03 7.205772541936648380e-03 7.208122719595423146e-03 7.212150274574050633e-03 7.198765575021174104e-03 7.208986351017124782e-03 7.204632619004615671e-03 7.200139562386818903e-03 7.200674486958122920e-03 7.210052837973636441e-03 7.206528499031929734e-03 7.197478013717971412e-03 7.207892962363958954e-03 7.200396533053076906e-03 7.204660848829291461e-03 7.199899473936803053e-03 7.198136419906597284e-03 7.203515421809894050e-03 7.202886740562004439e-03 7.210148370593623054e-03 7.205256479748980286e-03 7.202748459548153140e-03 7.210906319474295542e-03 7.201722561659036799e-03 7.200976844451941958e-03 7.209566579678852380e-03 7.218526365999039518e-03 7.206648108138044920e-03 7.210141901947238023e-03 7.196198798749011381e-03 7.207214800686021806e-03 7.200195148429141753e-03 7.196463010982493726e-03 7.197756471496011103e-03 7.212329044310410338e-03 7.203444990678829589e-03 7.198679818555811169e-03 7.209233376952230501e-03 7.209891577536656042e-03 7.200288339506684052e-03 7.205517659708031951e-03 7.202757691388089745e-03 7.211376964371495231e-03 7.195457989616451007e-03 7.205005237545301575e-03 7.204218799491510401e-03 7.206058796210538034e-03 7.204931306066168425e-03 7.199618878913348861e-03 7.205703373401099905e-03 7.207360033328209445e-03
7.155942048246981269e-03 7.047361378538084808e-03 0.000000000000000000e+00 7.151618715372222608e-03 7.044860996610923139e-03 7.045820464127231821e-03 7.045247373183780894e-03 7.044696051362812038e-03 7.047252465189345755e-03 7.040446901701864768e-03 7.039301447406056192e-03 7.152694811841927257e-03 7.046521074300929159e-03 7.159868306030809856e-03 7.040757628353256498e-03 7.050593711747609599e-03 7.048892234855257816e-03 7.042935371067151999e-03 7.151705064660752835e-03 7.042582651591518944e-03 7.040721281360479838e-03 7.156153063521345468e-03 7.041341770668558056e-03 7.145936482583818694e-03 7.150886398665352861e-03 7.047358512760281378e-03 7.149854436967878306e-03 7.044773302697763390e-03 7.037716544509581805e-03 7.041851838601760095e-03 7.152793385616832041e-03 7.156531275816737335e-03 7.182410266749211444e-03 7.179462872095430763e-03 7.189168141416805470e-03 7.175977928796976879e-03 7.075226051950767904e-03 7.184974562975480691e-03 7.187492303588014289e-03 7.187806836611303381e-03 7.183164296659222056e-03 7.188953130726503937e-03 7.181864501722160822e-03 7.185424472662330433e-03 7.191063839307625279e-03 7.186850277415198288e-03 7.183812486742344704e-03 7.185082446007942138e-03 7.181136287095706873e-03 7.184163867350659531e-03 7.063895266388908051e-03 7.071979780791525123e-03 7.188091544456568990e-03 7.176734115802481905e-03 7.184232112353132471e-03 7.186409075173058256e-03 7.173727211086066563e-03 7.181813412124118251e-03 7.193782395341340521e-03 7.188662853909498843e-03 7.187920167910291126e-03 7.181528397321730595e-03 7.078147398302646852e-03 7.186569510487201412e-03 7.189769164879050017e-03 7.208920264076136564e-03 7.198870766693515541e-03 7.194105790219529686e-03 7.194574985901152839e-03 7.204269231578876859e-03 7.199866317677662032e-03 7.192956084747265111e-03 7.200380843667120688e-03 7.194601412224768330e-03 7.201673259501306310e-03 7.201572349759174582e-03 7.087903742899712665e-03 7.202607382630110515e-03 7.202571673629268312e-03 7.207042624928510291e-03 7.204863054932063825e-03 7.197835436093423175e-03 7.208171356226890196e-03 7.203790081477790506e-03 7.199122618312132037e-03 7.195484152412105761e-03 7.209239426431700813e-03 7.203648989294804059e-03 7.192236946158750595e-03 7.202703910711074665e-03 7.195267224824955510e-03 7.201679432564171007e-03 7.192625805877759723e-03 7.197394738513624574e-03 7.202619543494669790e-03 7.199951643467022294e-03 7.207155808720258974e-03 7.202368226274649850e-03 7.199790638356748720e-03 7.208063127787654387e-03 7.198402023575204735e-03 7.198737332553464992e-03 7.206656759149837263e-03 7.215920717013084122e-03 7.203456552860147862e-03 7.207102285559621041e-03 7.188889501286150133e-03 7.206839357231893846e-03 7.199346311413221296e-03 7.193501366754111170e-03 7.194840949163680902e-03 7.209517488157739414e-03 7.202821852095970048e-03 7.197956944993788228e-03 7.206298211259820272e-03 7.206881942408776068e-03 7.197112039537623476e-03 7.202601349349076025e-03 7.199944710378581268e-03 7.206179092605916915e-03 7.192965655513605151e-03 7.202021767585335861e-03 7.203474323325510104e-03 7.205416311589692493e-03 7.202108401709713704e-03 7.199187085670782221e-03 7.202796679267335980e-03 7.202340314354721724e-03
7.149830521139414856e-03 7.044120636370487624e-03 7.151618715372222608e-03 0.000000000000000000e+00 7.048239764467328396e-03 7.044700488380458564e-03 7.049174181950696762e-03 7.152296687345508462e-03 7.043647834846886169e-03 7.044251319578398104e-03 7.151812600786750657e-03 7.037844177913938487e-03 7.042128991906030332e-03 7.042999542344256618e-03 7.042387645138701788e-03 7.043878412601864078e-03 7.153360009464471841e-03 7.157900738859596795e-03 7.148041367651276554e-03 7.046015664615378447e-03 7.039750196377867961e-03 7.152335618538295352e-03 7.045242408809812562e-03 7.035987790156211785e-03 7.147043587388011120e-03 7.043475113339230792e-03 7.152620187564322739e-03 7.154988831314022975e-03 7.149545096022234640e-03 7.147071133508378464e-03 7.045122933998069006e-03 7.044328155570980451e-03 7.075219983729790114e-03 7.175673009709528788e-03 7.189726869211334435e-03 7.174571120776313676e-03 7.179242531586424794e-03 7.178841359024635584e-03 7.178715413289935704e-03 7.183360060956477458e-03 7.176510333167827188e-03 7.184895232530183647e-03 7.187349140590887017e-03 7.078012034493715889e-03 7.187106100160154006e-03 7.176565511148264541e-03 7.187403243660440977e-03 7.183713815046777890e-03 7.068996612932328290e-03 7.182268582251925826e-03 7.177164855600828668e-03 7.177897654926554752e-03 7.190845185875054460e-03 7.177291714922580043e-03 7.177971263858037854e-03 7.179684918340796182e-03 7.178614101310869244e-03 7.173156358671151783e-03 7.192470907196435448e-03 7.184449204066690499e-03 7.181818521101181706e-03 7.179611546597394756e-03 7.179576228209832989e-03 7.194137930442597723e-03 7.189402382748941167e-03 7.206889204946095862e-03 7.196355774464391689e-03 7.189472842362275989e-03 7.192048800716791847e-03 7.200158227385874792e-03 7.197388153772523237e-03 7.188035722909219202e-03 7.195750999176418576e-03 7.194679403103272815e-03 7.199473396555446970e-03 7.196888614754111575e-03 7.193119652052445447e-03 7.200430754619045921e-03 7.198181828607925006e-03 7.202439433927810067e-03 7.202745492335286236e-03 7.190854703802174522e-03 7.201630131600072517e-03 7.198974398213294282e-03 7.194479959896210412e-03 7.197964722024215861e-03 7.202843435083928526e-03 7.201312504897356206e-03 7.189587886374113751e-03 7.200324001329617973e-03 7.195260189646388201e-03 7.199467154053714422e-03 7.192448500830045562e-03 7.193112997873683627e-03 7.200592961870528122e-03 7.197579463111462329e-03 7.203481010869105389e-03 7.196379673098256963e-03 7.193931809787541473e-03 7.199479468851284134e-03 7.190400942404103976e-03 7.190021154145228265e-03 7.200462175321598740e-03 7.205721055554810753e-03 7.195315802125421510e-03 7.198868655949493267e-03 7.185297153728069548e-03 7.091312256374661740e-03 7.191014161501488311e-03 7.185281588611778202e-03 7.188651309867619306e-03 7.201147594616963930e-03 7.194334736148480861e-03 7.189513110309430667e-03 7.197787915695709124e-03 7.198405855589084558e-03 7.191153850747559681e-03 7.194242765235699458e-03 7.191622111723824581e-03 7.200489890854066752e-03 7.187031285837252280e-03 7.193802327237436810e-03 7.195292738095923624e-03 7.197222773038971892e-03 7.193540786302314929e-03 7.188603217540188994e-03 7.196793148477011008e-03 7.196207679773201742e-03
7.045922161150540430e-03 7.043831069296552401e-03 7.044860996610923139e-03 7.048239764467328396e-03 0.000000000000000000e+00 7.042572146195057343e-03 7.045707117384160563e-03 7.045825308600308853e-03 7.150204038018385597e-03 7.036906261343738207e-03 7.040431377443885815e-03 7.042109609926348532e-03 7.147132442125052332e-03 7.049816570902784664e-03 7.143511130806687488e-03 7.045129933764797923e-03 7.153966963307928535e-03 7.048711243687846850e-03 7.052462065798621553e-03 7.147777388320641391e-03 7.048325181889183652e-03 7.150229282302010894e-03 7.044487833728543986e-03 7.042751978123996601e-03 7.050470708847175923e-03 7.046754204799993496e-03 7.047041302592807997e-03 7.045757459937132365e-03 7.048123824396040904e-03 7.049269462946970190e-03 7.151559447003098639e-03 7.147911331359505654e-03 7.185603410168478651e-03 7.178780962550879337e-03 7.190256143009126147e-03 7.180002949884502217e-03 7.181635691124683106e-03 7.186087627428407697e-03 7.080412423505470614e-03 7.182560050664459766e-03 7.181981717317224324e-03 7.188121024625327392e-03 7.184964738130315831e-03 7.182614097552968667e-03 7.187700585000784785e-03 7.075194581895137905e-03 7.184904911304092721e-03 7.082932010699578493e-03 7.180170026452565440e-03 7.180998490566877120e-03 7.182216783507464584e-03 7.185377000594329877e-03 7.184835791832104752e-03 7.182664189725394312e-03 7.077820240226222887e-03 7.185284065432938697e-03 7.174447888309060453e-03 7.186696339269398395e-03 7.192337131974880712e-03 7.187166071505121309e-03 7.083852192653719224e-03 7.185333228917840757e-03 7.184240333566899520e-03 7.185249431768163213e-03 7.199865856514272439e-03 7.217270629569887998e-03 7.207135275626186735e-03 7.200226530478842819e-03 7.202465067605683113e-03 7.208284163603881009e-03 7.208072906573496225e-03 7.198688105579697724e-03 7.208470846117188274e-03 7.202787633040402641e-03 7.210097142533311056e-03 7.207563511035752941e-03 7.199222644754989762e-03 7.212768429159035176e-03 7.210861224329329251e-03 7.213167255028588888e-03 7.212999579018479317e-03 7.203524916724514220e-03 7.211922026222037513e-03 7.205441083944327113e-03 7.205256678749827337e-03 7.203705430196331166e-03 7.213250767093826871e-03 7.211911443304031173e-03 7.200312899137041242e-03 7.210828652096787882e-03 7.203296764773129031e-03 7.209659342718858707e-03 7.200792139525684539e-03 7.205473561482841557e-03 7.208862912774047227e-03 7.206058961319926001e-03 7.212958642550620567e-03 7.208104574180872019e-03 7.207442778499904834e-03 7.213596278310550024e-03 7.203824689106750126e-03 7.205848011117439375e-03 7.212375084918222663e-03 7.218917289310717786e-03 7.209229483261864711e-03 7.212927779504731650e-03 7.196603297269838287e-03 7.207806288171571436e-03 7.204986100624305792e-03 7.199122774922285702e-03 7.200201195117507044e-03 7.215172633092366457e-03 7.208416150649540194e-03 7.201441390794685073e-03 7.211883033731155551e-03 7.212454536663429928e-03 7.202881961686976101e-03 7.208210670578585333e-03 7.205600033414466879e-03 7.213971526802229021e-03 7.198316501278133328e-03 7.207610162465320422e-03 7.209088514262790119e-03 7.210940117174303998e-03 7.209642869740521404e-03 7.204385755015751090e-03 7.208549176937760310e-03 7.210059574392958109e-03
7.144483221857050176e-03 7.042093235997149911e-03 7.045820464127231821e-03 7.044700488380458564e-03 7.042572146195057343e-03 0.000000000000000000e+00 7.156094671275384234e-03 7.146789128541291072e-03 7.146959888170097835e-03 7.144373967983652304e-03 7.041443691040357410e-03 7.043565439093708337e-03 7.045899170576828269e-03 7.048296685560602980e-03 7.038128203498916768e-03 7.154458547412598582e-03 7.150492591416206418e-03 7.044774908273474835e-03 7.051854756249894066e-03 7.039845300364039500e-03 7.037943296790308105e-03 7.051995620941388723e-03 7.041496632482611810e-03 7.041027406192358444e-03 7.048484917100298307e-03 7.153483630352853659e-03 7.049990382755201568e-03 7.046874196583855811e-03 7.046391450760138356e-03 7.149976143124694983e-03 7.150031737842785402e-03 7.043157411747224400e-03 7.185696270001542055e-03 7.185323027895335751e-03 7.192710581774812949e-03 7.174941026978669950e-03 7.078468369170433892e-03 7.080696024352959791e-03 7.183760027921452448e-03 7.190916172043404150e-03 7.181939795094647271e-03 7.194656897627133008e-03 7.189820355156499240e-03 7.186957998893333394e-03 7.192434566282039643e-03 7.188018333654342881e-03 7.187834711160755001e-03 7.190442646298113132e-03 7.184219608222185659e-03 7.183047240775395845e-03 7.181801643596053865e-03 7.185290341212496185e-03 7.191621557934682434e-03 7.184430791206617914e-03 7.185465980055038247e-03 7.189403556308945550e-03 7.179188671825707455e-03 7.189141615693098522e-03 7.197725500618581615e-03 7.189582396588916138e-03 7.186823194875079784e-03 7.184704367103805778e-03 7.189042645397538019e-03 7.192654358987886874e-03 7.190996927760358835e-03 7.205384810675899247e-03 7.195356944233093598e-03 7.188308318557014992e-03 7.195754570141636546e-03 7.198724026929058037e-03 7.196348208374959629e-03 7.187250741564803549e-03 7.196437669801735749e-03 7.193529767267327520e-03 7.200302942837485606e-03 7.195883693775150317e-03 7.187857053257851875e-03 7.203147380831041204e-03 7.196750531904876937e-03 7.201384836419636587e-03 7.203384136381166952e-03 7.198823393284963651e-03 7.202338963467940815e-03 7.198321729380930366e-03 7.196080139623626561e-03 7.194130630330055481e-03 7.203353048620115759e-03 7.199907647435332958e-03 7.193092503945611692e-03 7.199120092940239531e-03 7.191778381604914568e-03 7.093056847957383490e-03 7.191191021639757250e-03 7.088712609570885573e-03 7.198985069238743838e-03 7.198742878139736436e-03 7.208735001194249530e-03 7.199349101724361426e-03 7.197380358630537343e-03 7.207442660316477380e-03 7.198285582047029944e-03 7.198049909394849989e-03 7.206339714593358418e-03 7.213175929327774946e-03 7.203074444612092217e-03 7.206492835929396990e-03 7.192788892454380668e-03 7.202165208486387832e-03 7.199050170800995983e-03 7.190721848200657892e-03 7.194419164612378056e-03 7.208859076902118107e-03 7.202226260677076219e-03 7.195530353609852665e-03 7.203657950353499484e-03 7.206355245635375981e-03 7.196819018833892044e-03 7.202136629685089268e-03 7.197448234494654117e-03 7.207774038646997186e-03 7.192355899910464825e-03 7.201320104588529447e-03 7.202967510309933423e-03 7.204609782726015786e-03 7.203605321924553932e-03 7.198349471527006396e-03 7.202134672445030875e-03 7.203764569752709075e-03
7.150939126154659889e-03 7.154845063691825206e-03 7.045247373183780894e-03 7.049174181950696762e-03 7.045707117384160563e-03 7.156094671275384234e-03 0.000000000000000000e+00 7.041777373628634040e-03 7.043779631215929364e-03 7.043907627686590497e-03 7.050580631258174941e-03 7.153777192869592745e-03 7.045865907059279364e-03 7.160903825692159323e-03 7.041888147880050706e-03 7.047340450704758265e-03 7.047955280903915425e-03 7.153193014309182710e-03 7.043857738787160511e-03 7.050868361019623984e-03 7.155676800242451001e-03 7.048817328031653680e-03 7.042827706584989939e-03 7.043059802616335324e-03 7.046301887965124647e-03 7.044912444342459924e-03 7.047594886319045841e-03 7.050585086937557686e-03 7.153004054817523917e-03 7.043214960572715018e-03 7.047719482292195796e-03 7.046401264999206486e-03 7.186937080676618177e-03 7.076629807560921859e-03 7.193998700050136842e-03 7.187689805746383387e-03 7.189584110375408198e-03 7.189722804531355552e-03 7.189240015562095402e-03 7.194580618829054738e-03 7.187807636235368260e-03 7.189057515858370342e-03 7.193060868146646837e-03 7.185629645201361757e-03 7.088025766535568060e-03 7.081275282541421405e-03 7.190460737101330574e-03 7.084138705570334170e-03 7.183523962592764864e-03 7.188680233651518516e-03 7.075667235019468190e-03 7.184244915226791275e-03 7.188231747933150097e-03 7.185909134282002057e-03 7.186531126383598374e-03 7.186473656427621974e-03 7.175788827565063137e-03 7.185885285010461775e-03 7.197861836957115435e-03 7.188181959635707788e-03 7.192397065883653247e-03 7.190936081499688277e-03 7.187431303868042042e-03 7.190670827339076289e-03 7.204311046382414971e-03 7.214884218888586477e-03 7.206932739634886419e-03 7.200391480091861661e-03 7.202756324921935974e-03 7.208045110516410857e-03 7.210149834732936316e-03 7.198659319628731082e-03 7.208143853402275252e-03 7.207059550538702335e-03 7.209841512019095344e-03 7.209670414832422373e-03 7.196893803106318641e-03 7.212515564465027743e-03 7.208776233572044591e-03 7.212932627635062870e-03 7.108018555378654325e-03 7.203418198347964416e-03 7.211657142254691323e-03 7.207564445556472431e-03 7.205414808918032647e-03 7.205680580055500925e-03 7.215211045302248084e-03 7.213851627627915208e-03 7.200359051209468016e-03 7.210781396349963575e-03 7.205288931251719632e-03 7.211489521815404001e-03 7.200677910841206224e-03 7.205495837984776317e-03 7.210747917846036144e-03 7.210368606691284002e-03 7.212544283456735934e-03 7.207839639471351478e-03 7.205170834589521081e-03 7.215335023026826777e-03 7.203681778076176379e-03 7.205656829279767639e-03 7.211998316627912103e-03 7.220587758481365921e-03 7.206728144884234737e-03 7.210221679076086326e-03 7.091480920275862292e-03 7.207409258403520494e-03 7.204825206546856646e-03 7.201207422487963285e-03 7.202498856953750903e-03 7.214716641311420126e-03 7.210266944432611874e-03 7.201044129099353798e-03 7.211499760981435539e-03 7.211940787656169471e-03 7.202723917319621590e-03 7.207925847390755231e-03 7.207506702949372131e-03 7.213577088361205168e-03 7.198291070250978536e-03 7.209271002290576318e-03 7.208985088035819305e-03 7.212724674127247299e-03 7.209186595470815258e-03 7.204261765670030848e-03 7.208248905262329941e-03 7.211630913857110768e-03
7.145865044151881312e-03 7.046274394913906204e-03 7.044696051362812038e-03 7.152296687345508462e-03 7.045825308600308853e-03 7.146789128541291072e-03 7.041777373628634040e-03 0.000000000000000000e+00 7.152656961518485783e-03 7.039567025864779982e-03 7.038201883777970951e-03 7.047339290270393346e-03 7.047330262344573236e-03 7.158306646909031248e-03 7.039833741517288225e-03 7.152888401865337489e-03 7.154000552373228523e-03 7.046568239919915114e-03 7.156776407447427470e-03 7.043385467377699140e-03 7.152705370100686730e-03 7.050630720402142025e-03 7.042556073118294568e-03 7.045281379328463198e-03 7.043030447631484434e-03 7.152226816602796911e-03 7.046467604483652204e-03 7.154488897222528558e-03 7.043074869122692080e-03 7.149306887251430549e-03 7.047921107115999624e-03 7.047075593122871864e-03 7.184959086590920509e-03 7.173177352356986669e-03 7.187390933892352438e-03 7.172458056058126502e-03 7.181004676299863713e-03 7.180651654520444488e-03 7.183133284855485086e-03 7.183453889971807421e-03 7.179115333316867832e-03 7.079612646057648236e-03 7.186771112030480163e-03 7.181105890143469478e-03 7.187181113842163946e-03 7.180663815464250269e-03 7.184604065122498356e-03 7.075535240174016943e-03 7.179096093023944712e-03 7.182437813767293851e-03 7.064274287573732783e-03 7.177755244210354268e-03 7.186157739684010531e-03 7.179314200385658595e-03 7.180109825185258289e-03 7.184417540332003332e-03 7.174174460263470741e-03 7.179768400679504767e-03 7.192039942892485341e-03 7.079028438025507589e-03 7.184063999676845724e-03 7.179625845968902811e-03 7.181868865963646383e-03 7.193760081187361953e-03 7.189991912390269850e-03 7.206954282556124122e-03 7.199038481656318614e-03 7.192170512830756493e-03 7.192330437883948102e-03 7.198186152679953397e-03 7.200032053584011667e-03 7.188641914183662752e-03 7.198326842361756420e-03 7.192678655421089889e-03 7.199835348618962606e-03 7.197267888909359562e-03 7.193676033719642940e-03 7.205128914713980655e-03 7.200627227758006274e-03 7.205129287710301117e-03 7.202827547053415776e-03 7.088102012220556802e-03 7.206214025733142896e-03 7.197310448423675094e-03 7.195095944309671566e-03 7.195875420176746709e-03 7.205146734047747012e-03 7.203707134629142202e-03 7.192230941042168646e-03 7.200681875872616197e-03 7.193228595420129295e-03 7.201839653889516128e-03 7.195104963454684865e-03 7.197645462921202150e-03 7.198558138129131263e-03 7.197967289366269221e-03 7.207228869199781146e-03 7.200113895525390995e-03 7.195386196031728840e-03 7.205672835948493359e-03 7.194033693911442914e-03 7.196460310600938208e-03 7.204342691206273505e-03 7.213630773015476672e-03 7.201282296004486369e-03 7.202475265722467317e-03 7.188910757773342951e-03 7.197892201789168713e-03 7.197007045534902295e-03 7.190987132516609044e-03 7.192404070964075226e-03 7.207173313436393905e-03 7.200522183296325165e-03 7.195959675583248234e-03 7.203946391596734340e-03 7.204492694351462452e-03 7.194805647164293806e-03 7.200343037011419645e-03 7.197602099183554591e-03 7.199414685892867143e-03 7.190834282609628522e-03 7.195116368671278066e-03 7.201182274770852321e-03 7.200909610144874858e-03 7.201882059545756942e-03 7.194674334618545407e-03 7.200546286215396379e-03 7.202105819305398143e-03
7.149898427700154824e-03 7.045690278394914179e-03 7.047252465189345755e-03 7.043647834846886169e-03 7.150204038018385597e-03 7.146959888170097835e-03 7.043779631215929364e-03 7.152656961518485783e-03 0.000000000000000000e+00 7.143567311386536320e-03 7.156367363847634597e-03 7.153337738063438554e-03 7.044779728007861605e-03 7.049344578378064982e-03 7.039280509193112344e-03 7.042331447915360816e-03 7.142283045900003555e-03 7.048699996473115244e-03 7.045579008769842222e-03 7.150215476764754975e-03 7.046229602689259817e-03 7.045722930309339903e-03 7.047435541588945897e-03 7.039921958398127552e-03 7.047292801936745447e-03 7.046083425829358614e-03 7.046378143381587696e-03 7.045675443642729699e-03 7.050567627591667642e-03 7.035368551734436961e-03 7.042633155626872032e-03 7.037074002511709524e-03 7.187578993982336566e-03 7.184842789193051499e-03 7.192439947336004905e-03 7.179090237964494414e-03 7.188055884138528501e-03 7.194542842470687781e-03 7.189937884938856112e-03 7.190700303428104213e-03 7.190443824721530139e-03 7.194514956591202895e-03 7.194130469450441163e-03 7.188639242633769119e-03 7.191981017416556113e-03 7.189714268108725152e-03 7.192003390086765605e-03 7.194604780201033396e-03 7.183828758376392676e-03 7.189266576155379194e-03 7.181395621163050823e-03 7.189220729461764069e-03 7.191274413738353577e-03 7.186132368659312736e-03 7.184792773517976842e-03 7.186967187203919735e-03 7.070801720888477207e-03 7.081145943407527940e-03 7.201880223317708857e-03 7.191229512566018646e-03 7.195217674674897826e-03 7.191171072680946873e-03 7.183936472648307786e-03 7.192081566352516442e-03 7.193109329294358756e-03 7.210254876946466107e-03 7.200082758570347172e-03 7.193332240988615546e-03 7.195761918169792104e-03 7.201426057424915872e-03 7.201093551139531139e-03 7.194257076354647340e-03 7.201557140008402365e-03 7.196198406403785629e-03 7.200782239443394121e-03 7.200597602874293443e-03 7.192311171686040228e-03 7.098840879148421087e-03 7.206042429138262428e-03 7.206172419203897561e-03 7.208117774433388074e-03 7.201089936853727336e-03 7.204928515884583516e-03 7.205145217999199894e-03 7.198159249857945946e-03 7.201116973059615116e-03 7.206234489777913269e-03 7.204850331133931529e-03 7.195516567267870589e-03 7.203965512740098318e-03 7.198880532297787828e-03 7.205067997559946001e-03 7.193725782768384605e-03 7.200743363086172140e-03 7.201929693941839898e-03 7.201516353388834508e-03 7.207842679829836417e-03 7.200867861208461000e-03 7.200490585817903230e-03 7.206099154977418583e-03 7.197047378039149283e-03 7.198551222500459978e-03 7.205003711016176246e-03 7.211970359307846336e-03 7.201866228056702339e-03 7.205635637997115372e-03 7.191631194635507776e-03 7.200702243484151041e-03 7.199858195834354761e-03 7.194226512000336839e-03 7.195484719091564327e-03 7.207770920315983640e-03 7.201014541183122994e-03 7.191885161125509927e-03 7.204422694196915486e-03 7.204875907308159501e-03 7.195857451560853761e-03 7.200979039617519915e-03 7.198551235291181585e-03 7.209191981821902635e-03 7.189123150970580176e-03 7.200498869012486591e-03 7.201683808813760281e-03 7.205913204689134988e-03 7.095340448379804967e-03 7.197326601766672501e-03 7.201186263640056012e-03 7.202736991940653262e-03
7.039507013178508167e-03 7.038878174128754099e-03 7.040446901701864768e-03 7.044251319578398104e-03 7.036906261343738207e-03 7.144373967983652304e-03 7.043907627686590497e-03 7.039567025864779982e-03 7.143567311386536320e-03 0.000000000000000000e+00 7.033839443857112586e-03 7.040498243768726627e-03 7.040660799448508929e-03 7.048161832912123656e-03 7.034337656551484935e-03 7.154110533687892473e-03 7.147490643089158581e-03 7.044203239460815509e-03 7.046412096751750870e-03 7.037021302994189709e-03 7.041798169132831159e-03 7.046880390272323297e-03 7.040430339765910150e-03 7.144120963717970341e-03 7.041332078568661966e-03 7.045116777893646771e-03 7.153643109601950240e-03 7.043684127875849375e-03 7.039413950120590284e-03 7.043076931795943033e-03 7.038320408051983515e-03 7.146016541721143464e-03 7.186595584321527411e-03 7.188566595211005016e-03 7.193771926333000603e-03 7.178232908956240672e-03 7.189211005392577916e-03 7.191576878863218183e-03 7.193697297961617818e-03 7.190107153726380852e-03 7.187134878537458464e-03 7.195724899982917748e-03 7.192725881196965730e-03 7.187948370077110877e-03 7.193575169046863109e-03 7.183926296427061917e-03 7.083180079264960599e-03 7.191546629163238051e-03 7.185482694854363264e-03 7.188590578631754401e-03 7.180554061884651500e-03 7.186055221350428658e-03 7.190507409672221122e-03 7.187721996811536306e-03 7.186153019637658498e-03 7.191010795239759744e-03 7.179753371325241912e-03 7.082734698365325023e-03 7.200694767870161224e-03 7.199396099410659659e-03 7.194577139242757692e-03 7.190617233922854019e-03 7.187525596695597610e-03 7.195272271760957440e-03 7.198650232684329284e-03 7.216054095630224617e-03 7.205905131364580968e-03 7.198821258116559589e-03 7.201366640828123916e-03 7.206943688264851738e-03 7.206755163459911857e-03 7.197318356199329005e-03 7.207159202550462822e-03 7.201514737911199164e-03 7.208658866182328720e-03 7.206378192495102586e-03 7.197805445046189833e-03 7.211547428456939642e-03 7.207320964155148647e-03 7.211985157752492243e-03 7.211727214526932050e-03 7.202305425717979957e-03 7.210698022476562906e-03 7.208642974898570206e-03 7.203897687722591453e-03 7.202103065696142600e-03 7.211915185984088539e-03 7.210647076234720509e-03 7.198934193237515981e-03 7.209692990584734215e-03 7.202072036083949531e-03 7.210775419027187945e-03 7.199368012185301639e-03 7.204043900865340043e-03 7.207464100493403761e-03 7.206985222124124603e-03 7.213681998873469614e-03 7.206617433826555640e-03 7.203947910302259394e-03 7.211992614803155836e-03 7.202675043590630634e-03 7.201977129548331295e-03 7.210825377452568033e-03 7.215481215166398739e-03 7.207633643423555503e-03 7.211395291643460034e-03 7.195077871280436931e-03 7.206328716499546018e-03 7.203346313765819978e-03 7.197657797450180209e-03 7.198812280153042871e-03 7.213619846554888797e-03 7.206808655425253445e-03 7.199695937266915001e-03 7.210277353852856050e-03 7.210771329149195247e-03 7.201372829848647419e-03 7.206677928335316480e-03 7.204136741538295051e-03 7.212821427950505231e-03 7.194441545093204285e-03 7.206244510022730317e-03 7.207578128908903592e-03 7.209423083727119382e-03 7.207891330611421177e-03 7.200616894025019775e-03 7.206912562503613347e-03 7.208504378216805224e-03
7.043133498094980224e-03 7.045460813239192918e-03 7.039301447406056192e-03 7.151812600786750657e-03 7.040431377443885815e-03 7.041443691040357410e-03 7.050580631258174941e-03 7.038201883777970951e-03 7.156367363847634597e-03 7.033839443857112586e-03 0.000000000000000000e+00 7.041789185628810621e-03 7.041692358082275206e-03 7.155444272222040436e-03 7.036646763329587606e-03 7.159277416511336187e-03 7.155376810550311516e-03 7.041080947647273929e-03 7.156394052872018345e-03 7.044969027976938358e-03 7.040867614570952421e-03 7.158863191661893506e-03 7.043883245196704002e-03 7.146133890875973511e-03 7.150929273093643498e-03 7.156034139833685782e-03 7.048652162283669878e-03 7.042621630216525444e-03 7.032767925857556085e-03 7.150766368888292548e-03 7.046800031777831867e-03 7.154949074668964445e-03 7.184594059151797919e-03 7.177684124598576396e-03 7.186997763077737807e-03 7.174153467572954267e-03 7.178278010455511199e-03 7.182832688192493549e-03 7.184871419911509002e-03 7.181205177487405382e-03 7.178751682321152412e-03 7.186640667475278389e-03 7.076674131642540430e-03 7.185658639056494504e-03 7.187006339313635472e-03 7.070464453004492687e-03 7.076598027142187719e-03 7.185255067614573429e-03 7.178934016845996482e-03 7.179938914760577474e-03 7.172099955932358800e-03 7.179728432893957464e-03 7.185982540084931251e-03 7.183371678979467295e-03 7.182065830532132281e-03 7.184358967952480385e-03 7.175975508168674043e-03 7.181615868941359539e-03 7.191902433374776187e-03 7.193299951575297078e-03 7.183534971032381339e-03 7.183713279726576528e-03 7.183909649457167340e-03 7.186957420832110373e-03 7.191451102665720289e-03 7.206260669322468899e-03 7.198318227372647177e-03 7.191204773508932772e-03 7.193942173320479541e-03 7.199551070522856866e-03 7.197078205371599917e-03 7.190035069995614342e-03 7.197462807290891211e-03 7.191906103941109706e-03 7.198793323316257653e-03 7.198730345345666533e-03 7.190411223201404259e-03 7.204312215072504119e-03 7.197668797116374591e-03 7.202199159318738164e-03 7.202060158859801761e-03 7.195024216256485326e-03 7.203094769099260136e-03 7.201014320156976824e-03 7.194198541306349309e-03 7.087543357807053919e-03 7.204279569431573139e-03 7.200776317808287377e-03 7.189243964249911363e-03 7.199790498610457792e-03 7.194481689667158418e-03 7.201243334214861049e-03 7.189697993447217821e-03 7.192509801871650385e-03 7.197724824733043106e-03 7.197216267065258133e-03 7.206701371103638523e-03 7.199482325220871171e-03 7.197231486732943995e-03 7.205245397700205112e-03 7.195722902095653267e-03 7.195748947559159683e-03 7.204039434527358295e-03 7.211034136529394407e-03 7.200702104124617579e-03 7.204403453133537485e-03 7.188388431036108264e-03 7.204261789802136884e-03 7.196564362873356276e-03 7.190731216393202521e-03 7.191821558395546099e-03 7.206655166367297721e-03 7.200109966806813970e-03 7.195299765533815645e-03 7.203422729802888384e-03 7.204012494885537153e-03 7.192189466296767565e-03 7.197650559530174678e-03 7.197242092928994757e-03 7.205783310513731374e-03 7.185759067510765104e-03 7.199236213815433591e-03 7.200761521982096403e-03 7.202404834416518443e-03 7.201440564530313913e-03 7.194112870542064553e-03 7.199823779731047250e-03 7.201661892047691617e-03
7.040091523546946305e-03 7.044859036599145259e-03 7.152694811841927257e-03 7.037844177913938487e-03 7.042109609926348532e-03 7.043565439093708337e-03 7.153777192869592745e-03 7.047339290270393346e-03 7.153337738063438554e-03 7.040498243768726627e-03 7.041789185628810621e-03 0.000000000000000000e+00 7.038806242500948024e-03 7.045753989340181912e-03 7.045339061129024874e-03 7.047996333288575506e-03 7.152673851053192346e-03 7.156797370541219568e-03 7.148940158532137400e-03 7.149070517991037640e-03 7.042870832267345872e-03 7.052179671551375706e-03 7.043728277285474931e-03 7.036904190619000694e-03 7.153005938723042481e-03 7.054305746160875572e-03 7.152190450469038049e-03 7.049195056259810466e-03 7.148463361991497407e-03 7.152313365955633405e-03 7.041401417933962695e-03 7.045213018293073476e-03 7.179870243068495542e-03 7.181450556803528444e-03 7.188634823969634012e-03 7.180518281114108003e-03 7.182457143564180239e-03 7.184671782540579324e-03 7.177692031699732522e-03 7.180296507445250824e-03 7.074696131485004418e-03 7.188424561832062326e-03 7.183768091797443009e-03 7.180328786064535222e-03 7.188289169619496016e-03 7.073855997457370592e-03 7.187940506974881648e-03 7.186852314319702728e-03 7.180553191333429244e-03 7.179266326681291513e-03 7.178674116417051686e-03 7.183765128742704807e-03 7.183539505668281623e-03 7.181120028977971970e-03 7.174877643918936045e-03 7.181444643678573485e-03 7.173398391464278628e-03 7.176632740270246641e-03 7.088315377870443683e-03 7.187736414144371699e-03 7.185273696009308181e-03 7.181130201637010019e-03 7.075014834452248748e-03 7.190596670421072444e-03 7.192494200034748979e-03 7.212245322957946785e-03 7.201821252765481032e-03 7.194973472906625658e-03 7.197338779415872294e-03 7.205254581921685664e-03 7.202707405293321506e-03 7.193297572932166525e-03 7.203304596157231871e-03 7.199913789943272746e-03 7.204911442614467254e-03 7.202234736167717997e-03 7.198360817322895129e-03 7.207792081653568647e-03 7.205533138125995093e-03 7.205500630970462610e-03 7.210097665113115138e-03 7.198387682563240839e-03 7.206803497609302195e-03 7.204134300548307654e-03 7.199785385007298824e-03 7.200820124656944626e-03 7.208133530148226782e-03 7.206659489642426239e-03 7.194923268199322763e-03 7.205772968319292850e-03 7.198335191034689953e-03 7.204764847318005476e-03 7.195696601713730614e-03 7.198214483787141946e-03 7.205870658632820662e-03 7.202861714650444364e-03 7.208881466687859681e-03 7.201894096019132233e-03 7.201386226424237591e-03 7.204887220142565732e-03 7.195700645094037402e-03 7.090186072817147335e-03 7.205918758797899039e-03 7.208517430253589924e-03 7.200652316157863005e-03 7.204455592616973089e-03 7.192822727409795350e-03 7.199164415324399956e-03 7.196340325163396931e-03 7.192985982095804684e-03 7.191738434136478106e-03 7.206504010779304394e-03 7.199718553340861762e-03 7.194922763508555287e-03 7.205214489626636694e-03 7.203730367514335139e-03 7.196620378357435587e-03 7.199638911663742286e-03 7.196949659222039164e-03 7.208006336192454393e-03 7.187790162027213152e-03 7.199206528796720482e-03 7.200546606574124639e-03 7.202539534728889629e-03 7.200958065879252933e-03 7.193679659720080347e-03 7.199982760878628936e-03 7.201583021178780200e-03
