0.000000000000000000e+00 7.837926717588365733e-03 7.619199292261969944e-03 7.630440106368516044e-03 7.865382017147025742e-03 7.629400137983532310e-03 7.629124302956201073e-03 7.631362084154220959e-03 7.632890788336706492e-03 7.865930606079674439e-03 7.888780526651576266e-03 7.635064513277914529e-03 7.637365612032704157e-03 7.849832747075154507e-03 7.654352902311305218e-03 7.619627557296269373e-03 7.636135501470789864e-03 7.622125424495974390e-03 7.642652898202111425e-03 7.837225954189518812e-03 7.839604548064213821e-03 7.649225868516922391e-03 7.656302683491605574e-03 7.855800692843339580e-03 7.849091691313246980e-03 7.638781132174055424e-03 7.635772801134067811e-03 7.866846943054235652e-03 7.630208130766267909e-03 7.619144065137318719e-03 7.630076805078505123e-03 7.648952857862336384e-03 8.320824895715133243e-03 8.373580820425137808e-03 8.286478123194144021e-03 8.302547805547165830e-03 8.294369835822113998e-03 8.268614623924251325e-03 8.319023163283064196e-03 8.348695461363561665e-03 8.317223573162252359e-03 8.313628358199744162e-03 8.349774469146127240e-03 8.353812275430701206e-03 8.350858868794450510e-03 8.320874729551935162e-03 8.332462993665979908e-03 8.273822979914987816e-03 8.323172217287969077e-03 8.361830040239147735e-03 8.344329694440218159e-03 8.370648280401835062e-03 8.400678622078772140e-03 8.225058847496994827e-03 8.394292282678584780e-03 8.322756503323962968e-03 8.255397496437765284e-03 8.315004264019029701e-03 8.334211323445812891e-03 8.259970571699495195e-03 8.325752410953153951e-03 8.400836042533766507e-03 8.336619149915651047e-03 8.301876931952317101e-03 8.354614295240529731e-03 8.337070883889886874e-03 8.314687648505495257e-03 8.257042391155263589e-03 8.273988696243855454e-03 8.349050086603469409e-03 8.433224472459697682e-03 8.338054866155521563e-03 8.376218035990246752e-03 8.387623247499295664e-03 8.347865722556578258e-03 8.249243656959968918e-03 8.300250376911280301e-03 8.295662614542155533e-03 8.348875883714202903e-03 8.312832976319588577e-03 8.305212439283900239e-03 8.296737176571495481e-03 8.344341066968543469e-03 8.323114930001483322e-03 8.389283636175406608e-03 8.336629822992120548e-03 8.293201046396877704e-03 8.328525886015368529e-03 8.299768061509267200e-03 8.355748589941857166e-03 8.304320900114450441e-03 8.336026092051789654e-03 8.343502269045592265e-03 8.310186627094656373e-03 8.375162572987872658e-03 8.304476486029839510e-03 8.341558916385322445e-03 8.313893258891574128e-03 8.319437811701170526e-03 8.274395473936057427e-03 8.269664826176279654e-03 8.320505919765956715e-03 8.316826557864396424e-03 8.337606111620887023e-03 8.266816729857550880e-03 8.297681574708516347e-03 8.311600662279910318e-03 8.233181763645552181e-03 8.309983481463546068e-03 8.357175440666548064e-03 8.366316162504093892e-03 8.253722751016353068e-03 8.329205305535531886e-03 8.289180391509937476e-03 8.324054909759018989e-03 8.288193030056085348e-03 8.239587836442406263e-03 8.324922680118727186e-03 8.278037164097884829e-03 8.298214576687020991e-03 8.273172162187701281e-03 8.256735019061293632e-03 8.316763867996054826e-03 8.339818328766967354e-03 8.326283721380134742e-03 8.419607410091400901e-03 8.273340463696999755e-03 8.369074236736369007e-03
7.837926717588365733e-03 0.000000000000000000e+00 7.610252399964407589e-03 7.857735268842556964e-03 7.855320008611154162e-03 7.638148165170230777e-03 7.632391834092341724e-03 7.618553624973753435e-03 7.616990726352309594e-03 7.650016382352939175e-03 7.661495208949515613e-03 7.617872313300720795e-03 7.656534615107720397e-03 7.840139207696623230e-03 7.641155329455037205e-03 7.847329188935764713e-03 7.660071416882496473e-03 7.592292509143979198e-03 7.867930029165562736e-03 7.599625224369889465e-03 7.625886321507854317e-03 7.641252000920547779e-03 7.866372938937150200e-03 7.829567041171504524e-03 7.648951180078579840e-03 7.629787277169538043e-03 7.631077671917087073e-03 7.627037936539579101e-03 7.620859595336455274e-03 7.614252188345529450e-03 7.629911813185738870e-03 7.638196038388796356e-03 8.352992116676985837e-03 8.405145987655224249e-03 8.311203043932468421e-03 8.335166227657390958e-03 8.326974478139353639e-03 8.300513109918925339e-03 8.358270493966646342e-03 8.380501128753251386e-03 8.350218291040257396e-03 8.346071699187471854e-03 8.388255228029536936e-03 8.384679520376019102e-03 8.382841004585072156e-03 8.353312594651867568e-03 8.364964976329552701e-03 8.313491008698032855e-03 8.354638937472298743e-03 8.393597996348759610e-03 8.376038996500407077e-03 8.402757646971620656e-03 8.432094240103991598e-03 8.259402387649182609e-03 8.425607121011967696e-03 8.355364938122226276e-03 8.288678293456377966e-03 8.346706839770581809e-03 8.366612751565265585e-03 8.292631134124029552e-03 8.357003628435560535e-03 8.432007220846172990e-03 8.369087499418394541e-03 8.340543779153898260e-03 8.383331814843781801e-03 8.366822610446765507e-03 8.345237606915498901e-03 8.288400594359481358e-03 8.304908643071484686e-03 8.379058472492673451e-03 8.452906679040564711e-03 8.367990579892710737e-03 8.405469602060573753e-03 8.416624202196808929e-03 8.384040644585286778e-03 8.280920538293427835e-03 8.338082393924577118e-03 8.326761790396930429e-03 8.378864751219079754e-03 8.344136126660890371e-03 8.335425620029297475e-03 8.318810691758183121e-03 8.374138294954192735e-03 8.353333365067225694e-03 8.418072394237823344e-03 8.366571284843731665e-03 8.322402795196094313e-03 8.358945652396324033e-03 8.330180521033044364e-03 8.385359932460458021e-03 8.334656712831397390e-03 8.364401706752899734e-03 8.364538661757936130e-03 8.340633839989007245e-03 8.404724509762382181e-03 8.335695382780491935e-03 8.371153233117939116e-03 8.343765047610619823e-03 8.349725167366895198e-03 8.305870128463408233e-03 8.300783700100740348e-03 8.350717480252057429e-03 8.353707022358176221e-03 8.367571448910593457e-03 8.298485298841085100e-03 8.328454800239101438e-03 8.341875454891435615e-03 8.263583729922552648e-03 8.330886402373565910e-03 8.386695765160571622e-03 8.395998536702071677e-03 8.284980051683526331e-03 8.359938002337674243e-03 8.318200557452005983e-03 8.353972622957802838e-03 8.319401123263814660e-03 8.270535827970180998e-03 8.355606096554238360e-03 8.308934539022075697e-03 8.328959338010803737e-03 8.304375222410072255e-03 8.287831095839371873e-03 8.338079956398427445e-03 8.369688053664467095e-03 8.355953582492203074e-03 8.448456549316718869e-03 8.303652893300084853e-03 8.398435758921771882e-03
7.619199292261969944e-03 7.610252399964407589e-03 0.000000000000000000e+00 7.863990040056337977e-03 7.854881370831250445e-03 7.612982239402527225e-03 7.642573839669725838e-03 7.618254919417030008e-03 7.609066067932348382e-03 7.643631572534239325e-03 7.893913468711611855e-03 7.608704234821933587e-03 7.871811152388540414e-03 7.611320588407103835e-03 7.640364440370803374e-03 7.611214248699401178e-03 7.634720889877754171e-03 7.629180845640935044e-03 7.659713414287533384e-03 7.587396827448081998e-03 7.849734775503307976e-03 7.618444433706056569e-03 7.636492154213939294e-03 7.638125622342633973e-03 7.658477457913480044e-03 7.610077305868945437e-03 7.618874688903400777e-03 7.624718068641849963e-03 7.849464256609416449e-03 7.599287215713187472e-03 7.630568949591289181e-03 7.657371602243788315e-03 8.394090909345688911e-03 8.444492472324918383e-03 8.351499826792729841e-03 8.376862781836878769e-03 8.368624207547916208e-03 8.341664460727064509e-03 8.390544693565121781e-03 8.420744653164434837e-03 8.390807240742989906e-03 8.387463034575475679e-03 8.419172720683997663e-03 8.422662935105199034e-03 8.422753188062742299e-03 8.394059479576373994e-03 8.405319461498778066e-03 8.346619563126213628e-03 8.393728776828660032e-03 8.433074813657790922e-03 8.414118486483176604e-03 8.441946765621271762e-03 8.470539925503280804e-03 8.303019392015189432e-03 8.464458593973558931e-03 8.395889187493598901e-03 8.331656474582645536e-03 8.385964836263850794e-03 8.406800193670823165e-03 8.334129529648078016e-03 8.396530676135221735e-03 8.470802822565881227e-03 8.409246621267140592e-03 8.378533285338381903e-03 8.424564293368224516e-03 8.410714769902356835e-03 8.389508295545210215e-03 8.339492194518844173e-03 8.350115524232348471e-03 8.422171039785538577e-03 8.501098364445789854e-03 8.411414145363343628e-03 8.447985982485398462e-03 8.458921669505946664e-03 8.418429852350079248e-03 8.326402184554930475e-03 8.373065255569146423e-03 8.371213143770860413e-03 8.422030935869181251e-03 8.387365266806327824e-03 8.380123732006071816e-03 8.369728798783258178e-03 8.417288348626952160e-03 8.397294160353617129e-03 8.460607844136146596e-03 8.409933158007682971e-03 8.366047125621035863e-03 8.402175118972865855e-03 8.375006412006093248e-03 8.428286669541254147e-03 8.378971801903485270e-03 8.407098314493117314e-03 8.414746208404379549e-03 8.384885466366237203e-03 8.447231177001888330e-03 8.379511089714618624e-03 8.414694033165968576e-03 8.393557609006521703e-03 8.393626825304740732e-03 8.350620497078062310e-03 8.352219848184494130e-03 8.394471695206372208e-03 8.389260877053180895e-03 8.411067658379874426e-03 8.343068818939907566e-03 8.372964414339045813e-03 8.386526824561141638e-03 8.307784318147852162e-03 8.371873346882404907e-03 8.429423166727926728e-03 8.438761682725302860e-03 8.328642309265204408e-03 8.403401992594976277e-03 8.359384386816184204e-03 8.398165046015199434e-03 8.363760115584201529e-03 8.314430874438555677e-03 8.399331379889541163e-03 8.353815168498535115e-03 8.373590189703529127e-03 8.349329395466226558e-03 8.331321958268871411e-03 8.386554401739174103e-03 8.413240454934568097e-03 8.405523330359746317e-03 8.490511056518658742e-03 8.346779984579565798e-03 8.441118054223015893e-03
7.630440106368516044e-03 7.857735268842556964e-03 7.863990040056337977e-03 0.000000000000000000e+00 7.607054111981356725e-03 7.631901204802133548e-03 7.635411853884302609e-03 7.853756332040750729e-03 7.861685149610213308e-03 7.638736322420135866e-03 7.650013783316344726e-03 7.631573806860946114e-03 7.667055840276387410e-03 7.623214205906514614e-03 7.642544318170864034e-03 7.628878110149584293e-03 7.639986925657523374e-03 7.642981915820863670e-03 7.865957830426100958e-03 7.862385546522489971e-03 7.607947832207139459e-03 7.634797800437101607e-03 7.656403049022484850e-03 7.627907398769907463e-03 7.895910141932853399e-03 7.644005142978143805e-03 7.613074356329814669e-03 7.619056507753855373e-03 7.635272298051731972e-03 7.859505538713349240e-03 7.615264522928278865e-03 7.876740192832921636e-03 8.326041640112455400e-03 8.376515806805404779e-03 8.282929164887230244e-03 8.315708736895945086e-03 8.308725968158608283e-03 8.290645192095012772e-03 8.330925447795683655e-03 8.360438393721475112e-03 8.322531112452506707e-03 8.327025516116946108e-03 8.352018375739457892e-03 8.355286025143690912e-03 8.354444068869624346e-03 8.324970186112628026e-03 8.345184332490132931e-03 8.278432403014030633e-03 8.333769723708988122e-03 8.372848765709279412e-03 8.346472935243721622e-03 8.374215689850297503e-03 8.403017577239994124e-03 8.234248523181433507e-03 8.396317832350518734e-03 8.327608021167427418e-03 8.263313945346871525e-03 8.319242535656674528e-03 8.338934237481622144e-03 8.257588609685274222e-03 8.337219648310264727e-03 8.402642528286419915e-03 8.348329903859110640e-03 8.100693025086478857e-03 8.375318116691846809e-03 8.358175897418355579e-03 8.337074452211204120e-03 8.279353291575477017e-03 8.296929716438642549e-03 8.370577196544310913e-03 8.444662158637115945e-03 8.359980628615345036e-03 8.397018869915706327e-03 8.408215438775687792e-03 8.368832205508783262e-03 8.272068631259428886e-03 8.322383960047606555e-03 8.309967904106582703e-03 8.370597516968909108e-03 8.334030161349356702e-03 8.327504026549539806e-03 8.310376896976083214e-03 8.364986513957070949e-03 8.345026031393304802e-03 8.409191195110146677e-03 8.357481406882472097e-03 8.314488960814160959e-03 8.349692387893811393e-03 8.321911441426969175e-03 8.376596305813352114e-03 8.325981658260119683e-03 8.356584586734180572e-03 8.356622204878054808e-03 8.332383513211725351e-03 8.395868636814921016e-03 8.326749118692140794e-03 8.364991958291916746e-03 8.337865046089168800e-03 8.343535733518430905e-03 8.299435927795415988e-03 8.294700680255329833e-03 8.344463848531808933e-03 8.346857503996054153e-03 8.361412631304260962e-03 8.292015841318112201e-03 8.322078417494192110e-03 8.335581560833351875e-03 8.257465925707627163e-03 8.324525394244438464e-03 8.380578998470594038e-03 8.388909384833640598e-03 8.278142240605664351e-03 8.353366979829114636e-03 8.312597818632808805e-03 8.347759749949022756e-03 8.313038536030423198e-03 8.264551798108459718e-03 8.349083443968447274e-03 8.302524213148072471e-03 8.322583106503789879e-03 8.297936359015795071e-03 8.281332283096656116e-03 8.331324301180774092e-03 8.363551305347804651e-03 8.350087934973037321e-03 8.442562599024667352e-03 8.297209020776505350e-03 8.392351759861513272e-03
7.865382017147025742e-03 7.855320008611154162e-03 7.854881370831250445e-03 7.607054111981356725e-03 0.000000000000000000e+00 7.870773036076464044e-03 7.641299083464329900e-03 7.640219543198992908e-03 7.842434486823935888e-03 7.626515477914852167e-03 7.639097117255629760e-03 7.640518168969102387e-03 7.656235797353378586e-03 7.623023123748593442e-03 7.651056192059415943e-03 7.617989073733837102e-03 7.859958905381367322e-03 7.641101375901282293e-03 7.652922445244607179e-03 7.623742664454391874e-03 7.624604221911990623e-03 7.643299970385629589e-03 7.656314938601537640e-03 7.634159935949711567e-03 7.664425330049304610e-03 7.661810340066377636e-03 7.630542723506124510e-03 7.609504901151348429e-03 7.842652747760711293e-03 7.849445423983051826e-03 7.630569263035855490e-03 7.866219203377019034e-03 8.331956233449143434e-03 8.375467437937300294e-03 8.289568685983310717e-03 8.306461543085468316e-03 8.298843205033686402e-03 8.287431902866066250e-03 8.321201994328935453e-03 8.358003063159343340e-03 8.320006815203952535e-03 8.324340882322089907e-03 8.357876331594994712e-03 8.362558614311602426e-03 8.360203262719535441e-03 8.323914672538106768e-03 8.335119745997283253e-03 8.276448880079820269e-03 8.332706753491850998e-03 8.371802481038971913e-03 8.353002514063064682e-03 8.372138013599646905e-03 8.400883983727413379e-03 8.231848312238571747e-03 8.402293939568400427e-03 8.325506937506015406e-03 8.260900706458965820e-03 8.333534545180140696e-03 8.344849033808462643e-03 8.050864067770722651e-03 8.335057853370853032e-03 8.401554244065289126e-03 8.338901420671489956e-03 8.301946280428063735e-03 8.371194714988190386e-03 8.353710349525237180e-03 8.331786043849919235e-03 8.266599566316003983e-03 8.291831437848899006e-03 8.365784382862655882e-03 8.440008584718985615e-03 8.355192710383058802e-03 8.392585703164576194e-03 8.403836822914853913e-03 8.363984223859050743e-03 8.267254926885691385e-03 8.317659775883855244e-03 8.312620994528037779e-03 8.365861466497698587e-03 8.329894167358022419e-03 8.322317741778051392e-03 8.305515457050121134e-03 8.360798918647292799e-03 8.340169676300961121e-03 8.404928528712343749e-03 8.353277543743821767e-03 8.309999517864784246e-03 8.345492063105544589e-03 8.316919427927992395e-03 8.371920237207002014e-03 8.321208179339600539e-03 8.351906423278087147e-03 8.351479461230963339e-03 8.327505248664573978e-03 8.391063538276368611e-03 8.321686336121262781e-03 8.362313558376516590e-03 8.334673470433361445e-03 8.340198674999212830e-03 8.295840496327686053e-03 8.290474011471999499e-03 8.341427980709290035e-03 8.336547399499882535e-03 8.358437481673941863e-03 8.288099764956367507e-03 8.318576058561004405e-03 8.332408432729556530e-03 8.254357659431195773e-03 8.329026462738949380e-03 8.377499033487714394e-03 8.386143119505957630e-03 8.282132106814506234e-03 8.349398096942968472e-03 8.309968278949080023e-03 8.344973629826420505e-03 8.309238811712851489e-03 8.261465635833317375e-03 8.345272716237434746e-03 8.299188852682257145e-03 8.319083950586544929e-03 8.294064299579205490e-03 8.285724880489123839e-03 8.335742143365579976e-03 8.360319958473493018e-03 8.346942195456558480e-03 8.439707707703487244e-03 8.293792905526963660e-03 8.389522624860548672e-03
7.629400137983532310e-03 7.638148165170230777e-03 7.612982239402527225e-03 7.631901204802133548e-03 7.870773036076464044e-03 0.000000000000000000e+00 7.658652642340539433e-03 7.646607309584777662e-03 7.852482638145134863e-03 7.670619260595190440e-03 7.900337724937653641e-03 7.629769922906677083e-03 7.663872723389564788e-03 7.610123434592806942e-03 7.652132990973202660e-03 7.636407202593109393e-03 7.657664586115373907e-03 7.656405057238456838e-03 7.685229655844422192e-03 7.842611479862015775e-03 7.628074679034780974e-03 7.626506388869575340e-03 7.641130368741960895e-03 7.656174023927198730e-03 7.916001388223707289e-03 7.628404976964500706e-03 7.629970652858822366e-03 7.629601936949475215e-03 7.649433321712434224e-03 7.626131657074031005e-03 7.647959813958134581e-03 7.687544530492976952e-03 8.409432719336456391e-03 8.457689121431233997e-03 8.367974460793214594e-03 8.393455902679241437e-03 8.392613807748170590e-03 8.366806082767850802e-03 8.412649513376691326e-03 8.436065593662226553e-03 8.414492251248332014e-03 8.404160393987425079e-03 8.430803182864331918e-03 8.435074718931456772e-03 8.437325210893494368e-03 8.409352693115755908e-03 8.421110390263556594e-03 8.370234992074973221e-03 8.408331483317103144e-03 8.447355248386757484e-03 8.427808907849826739e-03 8.455704342698844647e-03 8.490393234548847951e-03 8.323195354320900990e-03 8.477298669000777817e-03 8.417698353021993082e-03 8.350680421776548665e-03 8.200469171600973176e-03 8.428986588803536600e-03 8.359328582718022344e-03 8.411359521847603521e-03 8.490215609679907863e-03 8.424803688972713756e-03 8.384251871171623238e-03 8.456918874295121444e-03 8.442854204706798024e-03 8.419507233354800446e-03 8.365775506505012185e-03 8.385303234693596355e-03 8.455311685016146314e-03 8.532090701867780028e-03 8.445028798159167488e-03 8.480855840170609117e-03 8.491568514916674956e-03 8.450562878865688562e-03 8.361802131818023287e-03 8.405448896351567015e-03 8.404607213752472022e-03 8.455141093128113947e-03 8.412981922203967636e-03 8.413462803499600212e-03 8.403433785889185409e-03 8.450407548640053584e-03 8.430909969149453717e-03 8.492946378953500006e-03 8.442936945289270315e-03 8.398221080712918105e-03 8.435346397698438234e-03 8.409288848684996417e-03 8.461257530418394776e-03 8.412376844006207860e-03 8.439895583737162116e-03 8.447034212295888300e-03 8.419199135474229531e-03 8.479603650699702941e-03 8.412917297756335872e-03 8.409063954474858132e-03 8.381335054604302157e-03 8.397467135105031802e-03 8.357634617667674889e-03 8.356577462098137982e-03 8.390340776433346040e-03 8.383887417079767881e-03 8.406411900422124800e-03 8.343660330848511053e-03 8.378532474574807570e-03 8.383035655200814229e-03 8.309201139488535739e-03 8.171024037432240289e-03 8.430037002310760558e-03 8.430410406404468399e-03 8.343359577262116425e-03 8.413429831756356544e-03 8.353840757930127911e-03 8.393246792721117955e-03 8.362542679813565402e-03 8.314383740086916941e-03 8.409319315421529342e-03 8.353091976283403067e-03 8.379050516555401618e-03 8.355962816089960998e-03 8.134664889227165643e-03 8.379459209890971483e-03 8.414925943800373107e-03 8.392863204901009760e-03 8.487075760364575297e-03 8.359012060903085392e-03 8.434197854687153564e-03
7.629124302956201073e-03 7.632391834092341724e-03 7.642573839669725838e-03 7.635411853884302609e-03 7.641299083464329900e-03 7.658652642340539433e-03 0.000000000000000000e+00 7.618938297542213536e-03 7.648724361068066045e-03 7.873390107811019736e-03 7.892447359703793144e-03 7.640377203007374211e-03 7.639897349368922341e-03 7.653062218236540357e-03 7.872306701269734044e-03 7.607281581365432817e-03 7.642607017056772707e-03 7.617695410071275396e-03 7.869068230204615683e-03 7.638777236180234465e-03 7.634916419652716495e-03 7.874111455174656257e-03 7.670038826643753131e-03 7.861686559579283626e-03 7.626400465876506836e-03 7.861704925178080589e-03 7.862502259217521092e-03 7.634801511438415143e-03 7.627602532079851352e-03 7.845630176885009383e-03 7.606877403461968432e-03 7.857102326814477747e-03 8.329058338516536278e-03 8.382129921545479131e-03 8.294541649627742985e-03 8.309944091676351938e-03 8.301953364864502263e-03 8.276804151283623234e-03 8.334677163608406741e-03 8.356924317283912634e-03 8.325413937035817252e-03 8.321538351444827952e-03 8.358107814426330232e-03 8.369708881189428726e-03 8.359577084882613071e-03 8.329376884545545631e-03 8.340378077331740692e-03 8.282022760976122389e-03 8.338887741657198885e-03 8.370295458609941508e-03 8.352681323956641715e-03 8.379129646839256554e-03 8.409114116222221602e-03 8.232338223937447214e-03 8.403025813270265099e-03 8.330338426376229094e-03 8.263253120282965797e-03 8.324217619789924319e-03 8.342957937813918340e-03 8.259961846396317309e-03 8.341176474100086072e-03 8.409092557985397426e-03 8.344583725528008367e-03 8.317648634420374276e-03 8.369486708190369828e-03 8.344134873280804887e-03 8.320074409191727596e-03 8.264055093399023944e-03 8.281004297528688982e-03 8.356317013841154176e-03 8.440648926547828293e-03 8.345360001007714329e-03 8.383506889166949042e-03 8.395115775530636107e-03 8.355600846521087088e-03 8.256617997540077400e-03 8.306978036542152569e-03 8.303065411844194263e-03 8.356376770882864916e-03 8.320342528942743440e-03 8.312126682737343633e-03 8.303943834225393020e-03 8.351731656837215953e-03 8.330416082183586535e-03 8.396886528421224419e-03 8.344225255980164402e-03 8.307472083589648865e-03 8.335931269352087059e-03 8.306755359497127247e-03 8.363325125793423867e-03 8.311882214521932807e-03 8.350498802002928947e-03 8.350952983588405196e-03 8.317527720199774724e-03 8.382533723936052769e-03 8.311783203695391822e-03 8.328024952670917691e-03 8.300678413534035710e-03 8.306251541064594776e-03 8.263009482135340311e-03 8.265293116721139643e-03 8.307500710632156199e-03 8.311311603069372264e-03 8.324125655060691381e-03 8.262131225182482719e-03 8.284692630266139377e-03 8.305558350354198122e-03 8.229167263541061275e-03 8.288603093966426943e-03 8.343374508919542548e-03 8.352189159928823103e-03 8.249655642407094369e-03 8.316510308550134276e-03 8.079916921367816598e-03 8.311017900651853849e-03 8.276047938346740504e-03 8.235648491181598793e-03 8.312742398001416247e-03 8.265524327672614524e-03 8.293151315650122701e-03 8.261741800026103921e-03 8.245745688808370222e-03 8.310506942076393080e-03 8.326756247792143836e-03 8.320434151386318228e-03 8.411747242243132472e-03 8.268489773043407459e-03 8.354713586365150602e-03
7.631362084154220959e-03 7.618553624973753435e-03 7.618254919417030008e-03 7.853756332040750729e-03 7.640219543198992908e-03 7.646607309584777662e-03 7.618938297542213536e-03 0.000000000000000000e+00 7.615709696032687236e-03 7.625476196227956582e-03 7.663658951681758848e-03 7.617059792960032515e-03 7.661468185080921346e-03 7.637727771833180239e-03 7.868044806987399900e-03 7.633228640224830330e-03 7.891024198084897398e-03 7.613381740087149345e-03 7.872036715645014393e-03 7.615667655870766994e-03 7.842616576592563796e-03 7.842964220875795964e-03 7.664620310543617324e-03 7.620947809722052740e-03 7.860420899862672131e-03 7.628186964035078670e-03 7.849560788660798344e-03 7.612746939816866787e-03 7.616782236079328722e-03 7.613057300039289751e-03 7.828687300797502330e-03 7.631448415349815183e-03 8.340816367231320902e-03 8.393186783908861831e-03 8.298027769177426100e-03 8.322051849495018180e-03 8.314081736752283389e-03 8.287409552970437590e-03 8.346198481585355780e-03 8.367709789654519809e-03 8.337308172396846670e-03 8.333506810126954309e-03 8.369689359326807493e-03 8.379813702807287906e-03 8.370900992970461627e-03 8.340915196148230432e-03 8.351652312631890201e-03 8.293489486166828392e-03 8.350044414391978240e-03 8.381312758918086497e-03 8.372011613981326233e-03 8.390268763255270823e-03 8.420064777886144061e-03 8.245313192965876559e-03 8.414024671141835665e-03 8.342480314568126096e-03 8.275326224707852535e-03 8.335094693117550690e-03 8.354340026110599823e-03 8.272078914866006286e-03 8.344696530423967307e-03 8.419977594473661633e-03 8.356088037671219673e-03 8.335651664744312891e-03 8.370482335515561784e-03 8.353550155348121037e-03 8.331647986796289831e-03 8.274480146010870785e-03 8.291058471067697458e-03 8.365543512819227645e-03 8.440981718044448731e-03 8.354658308373043296e-03 8.392199386203317082e-03 8.403693336842842088e-03 8.364321966768454436e-03 8.266942680854483250e-03 8.317390521255551769e-03 8.313085256734320874e-03 8.365836148278472592e-03 8.330176637896247877e-03 8.322174880147043680e-03 8.305863525398913746e-03 8.361221921745664448e-03 8.339879391283097632e-03 8.405401222677076276e-03 8.353314094666577233e-03 8.316869993336278855e-03 8.345842277091277892e-03 8.316529325986414534e-03 8.372211556010859812e-03 8.321339993843003199e-03 8.359046844432874504e-03 8.352195838402359448e-03 8.327085310550071465e-03 8.391468709519516941e-03 8.321826451022636822e-03 8.359730194516410903e-03 8.332664426323807896e-03 8.337772658622757266e-03 8.293479621880059036e-03 8.288676152319804369e-03 8.339053305565544139e-03 8.342386313246899152e-03 8.355783879648238238e-03 8.285403123857058502e-03 8.316227291962222448e-03 8.329593510981685503e-03 8.251101174682915970e-03 8.319313469904330779e-03 8.375380754525140262e-03 8.384078916899731157e-03 8.281034443593526112e-03 8.348075555166957484e-03 8.306196130130626826e-03 8.342128203010388751e-03 8.306822070797780996e-03 8.257938471945181977e-03 8.343484398989100409e-03 8.296243047112879590e-03 8.317119056551806194e-03 8.291882975391044394e-03 8.275665134028534556e-03 8.335174498699847792e-03 8.358267205482584894e-03 8.345225215206406033e-03 8.437456550441245831e-03 8.298966613164876147e-03 8.387234212591514193e-03
7.632890788336706492e-03 7.616990726352309594e-03 7.609066067932348382e-03 7.861685149610213308e-03 7.842434486823935888e-03 7.852482638145134863e-03 7.648724361068066045e-03 7.615709696032687236e-03 0.000000000000000000e+00 7.636574366959735308e-03 7.668503620275724138e-03 7.628480528116502769e-03 7.647730616823184696e-03 7.622047989821136363e-03 7.628227173753647332e-03 7.627344391871087974e-03 7.868246532110953137e-03 7.635179064790641353e-03 7.632186661411321550e-03 7.605829614863092447e-03 7.626770281668473865e-03 7.628456371547119932e-03 7.645313278336562934e-03 7.651818088158429676e-03 7.658051555297989803e-03 7.647729457821701368e-03 7.617563531261102756e-03 7.851988771481932874e-03 7.608128782270226487e-03 7.588163116733107755e-03 7.864619165216694269e-03 7.869696742827813826e-03 8.363568937605347572e-03 8.413539684141628158e-03 8.328803204104947427e-03 8.353462513789442281e-03 8.338330147338337411e-03 8.109001123904509278e-03 8.358930419321992586e-03 8.389106479028539398e-03 8.360237506843672464e-03 8.355962940594933303e-03 8.396047202242358509e-03 8.399476596836279521e-03 8.398958312977124890e-03 8.371147143635709886e-03 8.373910362759931503e-03 8.323895340378634558e-03 8.370087415908070150e-03 8.401726955710744904e-03 8.398747515464554531e-03 8.410765769076698761e-03 8.439082498434209365e-03 8.274219763836000718e-03 8.433125765519050576e-03 8.364800466737083370e-03 8.301042576337526110e-03 8.363569252680792473e-03 8.376414542106823402e-03 8.311082667755632925e-03 8.372854764524290117e-03 8.439609133128413501e-03 8.385725776211772065e-03 8.355685232426766917e-03 8.409331500054491662e-03 8.393312077600283833e-03 8.372351922547200190e-03 8.315120960915103193e-03 8.333141813171976442e-03 8.405608162615872334e-03 8.477745495366279319e-03 8.395015275954452461e-03 8.431606214011819894e-03 8.442574350553438273e-03 8.402409814500268886e-03 8.308832017891483804e-03 8.357282671919031430e-03 8.354167228833642156e-03 8.405646711370982210e-03 8.370440256835736531e-03 8.363109837853174508e-03 8.345890076101382046e-03 8.400702438305736666e-03 8.380583698203103449e-03 8.443680303204357737e-03 8.392821538540477799e-03 8.349037239113486081e-03 8.385741475899008077e-03 8.357874346716915107e-03 8.411323643832234118e-03 8.361961217794658396e-03 8.390252999843444970e-03 8.391018917174789329e-03 8.368166945785543431e-03 8.430306804284472613e-03 8.362774419580457086e-03 8.401822890306906086e-03 8.373268129353022768e-03 8.380261809479440036e-03 8.336725192783292493e-03 8.330069122012855390e-03 8.381341389101699263e-03 8.374692214956147920e-03 8.398088703395088436e-03 8.329539847206605604e-03 8.359260809561633310e-03 8.372716292043350106e-03 8.295011089328672635e-03 8.374433639037654961e-03 8.416665299659530086e-03 8.425135424565967715e-03 8.322388109767892700e-03 8.389031489465391747e-03 8.348025399913552164e-03 8.384866018576665747e-03 8.349985548677692562e-03 8.301723557135860451e-03 8.384909205592211076e-03 8.340264017872670368e-03 8.359587510364275068e-03 8.335178372800304894e-03 8.325259254774014170e-03 8.374208527800661855e-03 8.399817166705963664e-03 8.385297428403562514e-03 8.477438026670820401e-03 8.333128623579157471e-03 8.428392253554751676e-03
7.865930606079674439e-03 7.650016382352939175e-03 7.643631572534239325e-03 7.638736322420135866e-03 7.626515477914852167e-03 7.670619260595190440e-03 7.873390107811019736e-03 7.625476196227956582e-03 7.636574366959735308e-03 0.000000000000000000e+00 7.637847372863478500e-03 7.857783256534940988e-03 7.880775185159878335e-03 7.643139201811117479e-03 7.648045076726694459e-03 7.642868435047243600e-03 7.868277055708800330e-03 7.862606360633543276e-03 7.634190332338952265e-03 7.639709023044374304e-03 7.850459026424701572e-03 7.642993745282816200e-03 7.668070463230923159e-03 7.616077160472352163e-03 7.878620983026461688e-03 7.642089188738336071e-03 7.629118194485917659e-03 7.622264988766529713e-03 7.634493282853904370e-03 7.844114070035794126e-03 7.854743858013027782e-03 7.877882418850389382e-03 8.294698381271324930e-03 8.347400094899759537e-03 8.048440012550166223e-03 8.284962664252996239e-03 8.269953401164001350e-03 8.251842585885746720e-03 8.301208532663750805e-03 8.322698233539255544e-03 8.299756016683253884e-03 8.296178584334028619e-03 8.323954889327946083e-03 8.326325641790680368e-03 8.324771404652450343e-03 8.295580671371986098e-03 8.314633119415625051e-03 8.248407744259281943e-03 8.304693631524272257e-03 8.335443126685684184e-03 8.325458072525141265e-03 8.352176921271409205e-03 8.374088114844828110e-03 8.209047442153335344e-03 8.367708093150853094e-03 8.296710320138190806e-03 8.230463090817388694e-03 8.290580048369302138e-03 8.308420426944211276e-03 8.236029416079643575e-03 8.315329628377417584e-03 8.373899434913276152e-03 8.318718348383763797e-03 8.275324889279823959e-03 8.345887142389400368e-03 8.327622168824573914e-03 8.306046586590237410e-03 8.255909918828085309e-03 8.264411626881025541e-03 8.340401888767457958e-03 8.416206948137666330e-03 8.328787784896847859e-03 8.366855738758826114e-03 8.378499685100637001e-03 8.339605190208886770e-03 8.239023168615503337e-03 8.292274400408876714e-03 8.286290855904784522e-03 8.340144335274867621e-03 8.303013167699766980e-03 8.296006747489882358e-03 8.279442656186400060e-03 8.334526899489236654e-03 8.314131111573077812e-03 8.379209239939832202e-03 8.326542287643252244e-03 8.283849329710575929e-03 8.318936244815462039e-03 8.290740949516567371e-03 8.346069344186952607e-03 8.286915941040961034e-03 8.326691533021327377e-03 8.326333677850190906e-03 8.301456234660203187e-03 8.365947680784595678e-03 8.295496882048867399e-03 8.338015280566117918e-03 8.318201713895804345e-03 8.315702571771589613e-03 8.270205872887549658e-03 8.273510145866269996e-03 8.316571246112888782e-03 8.312175427281560600e-03 8.334016475024673756e-03 8.261501559968947167e-03 8.293363536821521040e-03 8.307297462796599599e-03 8.235577654513326351e-03 8.299301076100201041e-03 8.353439214271542179e-03 8.362218814468976025e-03 8.257360965385767901e-03 8.325129889195254443e-03 8.293205626474354705e-03 8.320641945292039238e-03 8.283651561533272520e-03 8.235802096712431866e-03 8.321377453374748795e-03 8.273159471714251409e-03 8.294073935939954775e-03 8.268461190496050744e-03 8.253838073334830716e-03 8.313009030924802326e-03 8.336252965216950361e-03 8.330361714546383536e-03 8.416806376768446937e-03 8.269518899455997538e-03 8.365719764901111827e-03
7.888780526651576266e-03 7.661495208949515613e-03 7.893913468711611855e-03 7.650013783316344726e-03 7.639097117255629760e-03 7.900337724937653641e-03 7.892447359703793144e-03 7.663658951681758848e-03 7.668503620275724138e-03 7.637847372863478500e-03 0.000000000000000000e+00 7.667413047585775257e-03 7.895189573796448229e-03 7.665927117920775039e-03 7.671373125292042794e-03 7.892900572895092046e-03 7.896155978102462059e-03 7.655135241395566274e-03 7.682122003195295153e-03 7.881354654441875829e-03 7.633992688982802269e-03 7.672788741251297152e-03 7.704479639968142037e-03 7.636264781680193910e-03 7.898031203395694186e-03 7.877968654246333274e-03 7.669537514914023454e-03 7.651196776675026241e-03 7.654418821139198810e-03 7.883942250786929104e-03 7.672908928873117297e-03 7.668811017029519492e-03 8.320280327780657861e-03 8.373225311650845520e-03 8.278051003627009963e-03 8.304183279621749070e-03 8.293076339235606539e-03 8.270905595780227507e-03 8.321303458397509567e-03 8.348070932191453339e-03 8.318587223998417587e-03 8.315483036160836727e-03 8.351827790143198302e-03 8.355694182138381082e-03 8.352470045615768834e-03 8.320745760308044872e-03 8.333945818094766131e-03 8.274356005243397802e-03 8.325332774030481595e-03 8.363473523474841340e-03 8.350103796049637012e-03 8.372297284652940874e-03 8.401938183384638492e-03 8.226606557500102529e-03 8.395959194368755180e-03 8.323109372236861536e-03 8.256466391593768328e-03 8.323948172425515990e-03 8.333901006572910081e-03 8.251821391293585536e-03 8.327569869929232760e-03 8.399886591431577829e-03 8.338166933566750968e-03 8.302372878019652347e-03 8.303271497345698568e-03 8.272899910921035008e-03 8.251726447951178781e-03 8.215875487985233039e-03 8.214770721153695499e-03 8.292109125371063122e-03 8.151849143290880104e-03 8.280488370391546338e-03 8.309839759210832510e-03 8.319450463825192599e-03 8.289332140013865036e-03 8.193022136924662038e-03 8.261840697359312119e-03 8.243808397875253616e-03 8.298374145423229736e-03 8.268715560645551951e-03 8.242863028300304387e-03 8.028038198046781593e-03 8.279774552247470137e-03 8.267652328225105415e-03 8.320758522038675456e-03 8.272449875176888720e-03 8.230476918253624638e-03 8.273533878711865006e-03 8.237820422331360720e-03 8.290556791013769383e-03 8.250516765238989636e-03 8.268852741762486649e-03 8.073054081340945778e-03 8.255829376908578252e-03 8.315952951748688260e-03 8.259545217792681540e-03 8.326413925466432178e-03 8.305516394094804300e-03 8.312808126493410887e-03 8.260595322647629885e-03 8.261221801679935126e-03 8.305998702439738521e-03 8.300950573104568658e-03 8.330195080344042491e-03 8.259935968544357063e-03 8.289243906737993675e-03 8.296363309861875049e-03 8.219871194524174668e-03 8.295880198691549592e-03 8.341916997281040302e-03 8.348739490145770312e-03 8.248374641615319192e-03 8.321776050333599614e-03 8.298292437430552365e-03 8.309201936138932432e-03 8.282315856000466853e-03 8.242234750469121934e-03 8.308818349168219444e-03 8.264785481310578386e-03 8.283290466495734847e-03 8.259524763470615580e-03 8.251751830029727119e-03 8.098365044348987754e-03 8.325670649048917335e-03 8.317097715191471008e-03 8.403224894515934351e-03 8.259579295572751570e-03 8.353489209207478131e-03
7.635064513277914529e-03 7.617872313300720795e-03 7.608704234821933587e-03 7.631573806860946114e-03 7.640518168969102387e-03 7.629769922906677083e-03 7.640377203007374211e-03 7.617059792960032515e-03 7.628480528116502769e-03 7.857783256534940988e-03 7.667413047585775257e-03 0.000000000000000000e+00 7.879746637337720766e-03 7.623174364970666458e-03 7.651745474533459997e-03 7.629788821938059476e-03 7.647840518149253905e-03 7.607437520738691630e-03 7.884988868086195701e-03 7.626773941591633542e-03 7.609682493535047457e-03 7.608615567991882690e-03 7.869699362462775905e-03 7.615378491348670856e-03 7.899499555141029430e-03 7.617730123974140490e-03 7.609852061805638147e-03 7.608601694341059901e-03 7.865733629335052574e-03 7.618147397100561227e-03 7.847914909064871228e-03 7.660123552159556377e-03 8.382887094413250112e-03 8.433820199687009841e-03 8.347834030741246511e-03 8.365266256239520595e-03 8.356896098412881085e-03 8.330853018531708329e-03 8.387067022270077929e-03 8.410223848422052756e-03 8.379628484091346946e-03 8.376162036150457124e-03 8.416174947212388610e-03 8.412198261762638546e-03 8.412120201660908819e-03 8.382879877562213200e-03 8.394477742050090660e-03 8.343134410732502143e-03 8.383780737600224353e-03 8.423009391779980384e-03 8.403896966985938480e-03 8.431254115689047757e-03 8.460311648582812330e-03 8.290644909218148478e-03 8.454157458453799567e-03 8.384709212581636928e-03 8.319587570691863374e-03 8.375600013831615079e-03 8.396243906351281636e-03 8.315130077555596064e-03 8.385750460861474825e-03 8.460297790278710831e-03 8.398438381008437731e-03 8.360324504576759422e-03 8.412642755181188106e-03 8.397411530258932708e-03 8.375580758587788596e-03 8.326786635717581958e-03 8.336516121203134747e-03 8.409632406142375158e-03 8.481543099385776760e-03 8.398535025229898407e-03 8.435393657977924980e-03 8.446358374083655710e-03 8.413804882453249784e-03 8.312941384699384234e-03 8.368176619786896892e-03 8.357875641873671255e-03 8.409448548859872405e-03 8.375234719518492160e-03 8.366489528625483188e-03 8.349287057951059257e-03 8.404503940309941690e-03 8.384337799779614450e-03 8.447818374181768203e-03 8.397081438205590553e-03 8.352978580206600265e-03 8.389585325312675854e-03 8.361554332798457403e-03 8.415572484873345971e-03 8.366149060636141749e-03 8.394551547336294439e-03 8.394494663417663427e-03 8.371841622011858344e-03 8.434878245285892112e-03 8.366970282627022096e-03 8.384544768788028749e-03 8.372104907643056204e-03 8.364825771915366040e-03 8.322240593157694682e-03 8.332261354831917849e-03 8.372566864674624992e-03 8.375201284293471229e-03 8.381185230156516439e-03 8.314461096181143332e-03 8.351696015217775423e-03 8.364125537429031865e-03 8.075923752431145644e-03 8.342997845403531468e-03 8.399246235077794873e-03 8.409655254406709496e-03 8.307592655026957082e-03 8.374345849770764225e-03 8.337929242883353187e-03 8.368320594874620322e-03 8.342892509592874165e-03 8.287361214853704305e-03 8.370117487232172845e-03 8.332213298738464294e-03 8.351808941780962739e-03 8.328292622193179950e-03 8.302960411979771332e-03 8.350398957227276805e-03 8.391470539325035852e-03 8.383506128220700321e-03 8.460300637544848970e-03 8.318133599031786105e-03 8.410971084693203564e-03
