0.000000000000000000e+00 7.869099536933614816e-03 7.973825258319867590e-03 8.003161445263421575e-03 8.186146267172771801e-03 8.217880200747007882e-03 7.515814285593515852e-03 7.724696628568645564e-03 7.223880817725636568e-03 7.629733850419210400e-03 8.457858337158782186e-03 8.135769305475838362e-03 8.442179369362007302e-03 8.100661160588535845e-03 7.707160444748240198e-03 7.539224211391000810e-03 7.978157953308182004e-03 7.985304898395960416e-03 9.102413364500638177e-03 7.508447408568804347e-03 8.158021731647606758e-03 8.292635261262445295e-03 8.533946625762997562e-03 8.487279504509087635e-03 8.024699812476498995e-03 8.368383113207427879e-03 8.496072356905472536e-03 7.770184537786068574e-03 7.741276300136515527e-03 8.852610613277319893e-03 7.813207301079922243e-03 8.512484710056470935e-03 7.382832951732178073e-03 8.473437120112609425e-03 8.663902632172355497e-03 8.847493342996531895e-03 8.670877819570174325e-03 9.966706652876335115e-03 7.979046802560415749e-03 8.219155460845334674e-03 8.539075794431924896e-03 8.102107888084927531e-03 8.371001295000859987e-03 8.533805452522958551e-03 8.544467921373866126e-03 8.521110492161523484e-03 8.160957817744476234e-03 9.777973278255754075e-03 7.540440938657082433e-03 8.002190932106986385e-03 8.088839718295003783e-03 8.506657179029691179e-03 8.309362046796157919e-03 9.067216771511177331e-03 8.214700095773394550e-03 8.868728915753980660e-03 7.279363337466721734e-03 8.688477821859184880e-03 8.179111299413798636e-03 7.943808166200133636e-03 8.413629713737389229e-03 8.424274962454512614e-03 8.610155248639891207e-03 7.779544037428694041e-03 8.243124859909439772e-03 8.757545768551228127e-03 8.101736346016295484e-03 8.575027023832931111e-03 7.868683978047377042e-03 8.254895971849368283e-03 8.968043346250903144e-03 8.657250051202294155e-03 8.678700794868446367e-03 8.742603490152104501e-03 1.032691996932532351e-02 8.193131636019968661e-03 8.496644558016791873e-03 7.862827309365079745e-03 8.846262559112494719e-03 7.957024061964397196e-03 8.324224567737008307e-03 8.249602293606189685e-03 8.316830789376870176e-03 8.287344982948797317e-03 8.573018772315598585e-03 7.836779512954391083e-03 8.741822440833602048e-03 9.032505153990788571e-03 8.680592483827643743e-03 9.183787053257688737e-03 8.093064363895004915e-03 8.593564190127408325e-03 8.179427308914626049e-03 9.562981054170360817e-03 8.944273322346915633e-03 8.360362851297631001e-03 8.853951736313394466e-03 8.533778670844066605e-03 7.796157603584091302e-03 8.334687412999799636e-03 9.020420130626937566e-03 8.104263957373042393e-03 8.847963454985218260e-03 8.431529209048464410e-03 7.617221245412940378e-03 8.299573942510893310e-03 9.145052307954846388e-03 8.778020809191442245e-03 8.077090501685523297e-03 9.796739021146807017e-03 8.791197392054772922e-03 8.770038271622858719e-03 8.838165629507134177e-03 7.649810543873997865e-03 8.107187592156030881e-03 8.388301604131221528e-03 9.325096089742721667e-03 8.213950250522508365e-03 8.319410862141843332e-03 8.422172235692151898e-03 7.876313015000489803e-03 8.512308356633807235e-03 8.985012797938571674e-03 8.463392018926528884e-03 8.617922335237320625e-03 8.544914905420279358e-03 8.663855355084612575e-03 8.359683871069325742e-03
7.869099536933614816e-03 0.000000000000000000e+00 8.476695102023279818e-03 8.295791723197663489e-03 8.459703388073664190e-03 8.888933417705517648e-03 8.228107697807783907e-03 8.228882843458767971e-03 7.777356164898479446e-03 8.331433845218550599e-03 8.882284991281300807e-03 8.648292370379079969e-03 9.133070904228806491e-03 8.583019794312531439e-03 8.416898972515417937e-03 8.060911880243926825e-03 8.261941760318611966e-03 8.659047144235904048e-03 9.741656027332569814e-03 8.233217449202148708e-03 8.431708014305547630e-03 8.732736044550538229e-03 8.758983203919545879e-03 8.927566663565414048e-03 8.535788546795014531e-03 8.831665032185749553e-03 8.944567809436343095e-03 8.471452371839749071e-03 8.082579196388868167e-03 9.516514540089320712e-03 8.309302355818370608e-03 9.163054438928307233e-03 7.913102463537127068e-03 8.943900585608651269e-03 9.134296035459159996e-03 9.286086643630904469e-03 9.130039132801441235e-03 1.033587583306607230e-02 8.287213351764166278e-03 8.703669705921115649e-03 8.991075779917777344e-03 8.400512414357123869e-03 8.848362835130031342e-03 8.964994767604362452e-03 9.019394168804728898e-03 8.989675805648789791e-03 8.655366190960205389e-03 1.018486547663649891e-02 8.226108763535747853e-03 8.492241406178359375e-03 8.581733658464429926e-03 9.153971297371332749e-03 8.797394906858768682e-03 9.493040280847089840e-03 8.688657812419725915e-03 9.332026451505283024e-03 7.987757465284947567e-03 9.124629331198170004e-03 8.838147105530358080e-03 8.613578633522011099e-03 8.665413445337192752e-03 8.892014821069566671e-03 9.087614004844958571e-03 8.298750719177207941e-03 8.645462825121002365e-03 8.942799896073085064e-03 8.523955798903843847e-03 8.975719693342334993e-03 8.329177389170362711e-03 8.679614617170495691e-03 9.368919214715030336e-03 9.067564407304327598e-03 9.081993827971104882e-03 9.133895093688856534e-03 1.066793182038842762e-02 8.616744575384131799e-03 8.899588909449992688e-03 8.309728065250222492e-03 9.222545476263768402e-03 8.397846275862763665e-03 8.756623562511464329e-03 8.677895990654480030e-03 8.745665747620970029e-03 8.893645349561106125e-03 8.979101543863984847e-03 8.278977816010429230e-03 8.916455182435870444e-03 9.179755266434488567e-03 9.070502326671113155e-03 9.567049249826381149e-03 8.521083220558806071e-03 8.992066127811644896e-03 8.609197300438218431e-03 9.931794909141873628e-03 9.332537287608315760e-03 8.778785480607276953e-03 9.249330940465552708e-03 8.954844704703111835e-03 8.247295662111507955e-03 8.761566885254248524e-03 9.408663112816510743e-03 8.725186370330394181e-03 9.250048336980563543e-03 8.866046172397595154e-03 8.110129255706373386e-03 8.731852869844366691e-03 9.274220797734714777e-03 9.190893983938111869e-03 8.528356861962512608e-03 1.016620812362207561e-02 9.202052138899739428e-03 9.192186565238668131e-03 9.242286505767621091e-03 8.140173515432237369e-03 8.547070508335844266e-03 8.831876445526045533e-03 9.700955179272868073e-03 8.655967612033684672e-03 8.752662986647855026e-03 8.848354176332718507e-03 8.341463320674542825e-03 8.929441895623340883e-03 9.385440588255524255e-03 8.901216582929515411e-03 8.794980096421638888e-03 8.963797906937475551e-03 9.072578604613829034e-03 8.804159402235776574e-03
7.973825258319867590e-03 8.476695102023279818e-03 0.000000000000000000e+00 8.402800530294117845e-03 8.804728611829445994e-03 8.772737018032918110e-03 8.380488179670375973e-03 8.297564259529363606e-03 7.918369559564568047e-03 8.244676576284642663e-03 8.936201982442194824e-03 8.518976862128241345e-03 9.256697203469272175e-03 8.920838150109425269e-03 8.539643506690825989e-03 8.380003479197655966e-03 8.378727411303282108e-03 8.534287235066186778e-03 9.579384981445558320e-03 8.163630144742597960e-03 8.763368941432600825e-03 8.852508553469832717e-03 9.086802327323863920e-03 9.257436358512248498e-03 8.409432279394019744e-03 8.960794112063708364e-03 8.986326338934955832e-03 8.376899234753517123e-03 8.435596102146050365e-03 9.366153650211591492e-03 8.403598811874751426e-03 9.015071778472428382e-03 8.092626492512614358e-03 9.092372345250883045e-03 9.029287398469140052e-03 9.424075286426336281e-03 9.025721615186086538e-03 1.049045742431982398e-02 8.654014789292861776e-03 8.870129907226157948e-03 9.165088366684696550e-03 8.770987184389837654e-03 8.998669711810366664e-03 9.120990830929039811e-03 9.165898574225323989e-03 9.139630434025769468e-03 8.805153590667332344e-03 1.029297409181540238e-02 8.377576444196279878e-03 8.671233421879630601e-03 8.739740704298750579e-03 9.296999140995573091e-03 8.927777142441983144e-03 9.655156818337755006e-03 8.835307829503881091e-03 9.456844825512709246e-03 8.157925583024199997e-03 9.289630038626100692e-03 8.752303625665152839e-03 8.763627453824241603e-03 9.032268600373188211e-03 9.042898271588767703e-03 9.236040141093622077e-03 8.237824873887153107e-03 8.904981308837415024e-03 9.378678768491823664e-03 8.778798481450600724e-03 9.194355874279551075e-03 8.579430582362894755e-03 8.923407020257713429e-03 9.582011109352245662e-03 9.291914354416881336e-03 9.300834831667121466e-03 9.362823466971995079e-03 1.084959681623580245e-02 8.859456784598233534e-03 9.141586436446861447e-03 8.560291219885879724e-03 9.459197141450782428e-03 8.645517972292163580e-03 8.992780898145242771e-03 8.918675253171600911e-03 8.984061241033323292e-03 9.118028243445180925e-03 9.213129833724948911e-03 8.543734682387728666e-03 9.358990508882863990e-03 9.627103381289577738e-03 9.312745900619832928e-03 9.777867345819143269e-03 8.774255890010703926e-03 9.226443151169138809e-03 8.859023281794728769e-03 1.013169795295647442e-02 9.556337581268285059e-03 9.019051496085535649e-03 9.473495029958037966e-03 9.176826641928098258e-03 8.504027883657524697e-03 8.997916122990405954e-03 9.627357886297824643e-03 8.952447522271126182e-03 9.461318344292250770e-03 9.085826367185179803e-03 8.353047744140964723e-03 8.961133564804298415e-03 9.737836661110336328e-03 9.398641098801402069e-03 8.762940018408394913e-03 1.034266967839514786e-02 9.415765358275346442e-03 9.388147519313721698e-03 9.456598193071987304e-03 8.382549346313859090e-03 8.788620949940284879e-03 9.051450967806200579e-03 9.910375278273072033e-03 8.887988825061232320e-03 8.987603555372914582e-03 9.075858646292978352e-03 8.586823314647114291e-03 9.162265923938619355e-03 9.583781673504460086e-03 9.113568693200201076e-03 9.245467728062483834e-03 9.183653603604343546e-03 9.286969593789266841e-03 9.019526097362855557e-03
8.003161445263421575e-03 8.295791723197663489e-03 8.402800530294117845e-03 0.000000000000000000e+00 8.367813075476408097e-03 8.624334382343154526e-03 7.987600141850504515e-03 8.160593467400112377e-03 7.705321378819097837e-03 8.012381232911924833e-03 8.808302174396303447e-03 8.343233512183148570e-03 8.826800391076522825e-03 8.727750595135660636e-03 8.128618134418551591e-03 7.958780342674028410e-03 8.176619642603428356e-03 8.387948776315486826e-03 9.675149421211315034e-03 7.952748377809923039e-03 8.324657185007442589e-03 8.879713154212777113e-03 8.674031967572048973e-03 8.868251226013876623e-03 8.249575333439349359e-03 8.533082375583988383e-03 9.090535823004950930e-03 8.183939534768204863e-03 8.036399514860114238e-03 9.448416084739010359e-03 8.427484072356442729e-03 8.860065885080684392e-03 7.945914271626291006e-03 8.976958517567024121e-03 9.151682717707597739e-03 9.315602507568632173e-03 9.146948942827793499e-03 1.038159422879330468e-02 8.512294419581529353e-03 8.735873107681231889e-03 9.022055388951382565e-03 8.630918900517977471e-03 8.870042338946769814e-03 8.791573367660449403e-03 9.047142515949983463e-03 9.030931076251523179e-03 8.668959198442748731e-03 1.018598261129475407e-02 8.251362776131133253e-03 8.519574324871766885e-03 8.613868564997536822e-03 9.179893350544135119e-03 8.805269495919901615e-03 9.553084859985556607e-03 8.700858610131279383e-03 9.333063289250320693e-03 8.002151573595042006e-03 9.146258008810871296e-03 8.862243896637886018e-03 8.641751322551325526e-03 8.916974115784568819e-03 8.925501206120603839e-03 9.094926999068072768e-03 8.290071962599560376e-03 8.739853338697332885e-03 9.221787464634548237e-03 8.608499365257905878e-03 9.047702312314453293e-03 8.397090736112425638e-03 8.757517655796331554e-03 9.421749987314900071e-03 9.133482530301720997e-03 9.144516657453199623e-03 9.206732269288232795e-03 1.071803977156801646e-02 8.698598019898673081e-03 8.979879582907145802e-03 8.393696534951818056e-03 9.304709079627276544e-03 8.472384535943828718e-03 8.827435821226607346e-03 8.752641541622653218e-03 8.819965494244332016e-03 8.961884307611403186e-03 9.054482277218823399e-03 8.360735966477737466e-03 9.202003421790495158e-03 9.476079070083374967e-03 9.155642335543926272e-03 9.629405345348970510e-03 8.598104846779541094e-03 9.066688418724941703e-03 8.685556489004556124e-03 9.988462523784139360e-03 9.402916283655256280e-03 8.854689360629375977e-03 9.318121478709704211e-03 8.997432249422706099e-03 8.326506817414638592e-03 8.829896965004430803e-03 9.474198051031373219e-03 8.776804470927134991e-03 9.304581618211653013e-03 8.922609649804949181e-03 8.163470354950418811e-03 8.793711950905228752e-03 9.578904406072858563e-03 9.252372784249137880e-03 8.590916592827199313e-03 1.020224071106912503e-02 9.258407685879047749e-03 9.237737633565517095e-03 9.291663007060132345e-03 8.201504284043382650e-03 8.612109731003967164e-03 8.880633174148460166e-03 9.761953218867514687e-03 8.718622277150978039e-03 8.822202381148603473e-03 8.912195427994634017e-03 8.409880996356151883e-03 8.990717617590616301e-03 9.441253268425682868e-03 8.951137969557603977e-03 9.074763473538444147e-03 9.020796867177395192e-03 9.120596564819744706e-03 8.855223908975659239e-03
8.186146267172771801e-03 8.459703388073664190e-03 8.804728611829445994e-03 8.367813075476408097e-03 0.000000000000000000e+00 9.018059277777563248e-03 8.327272994606966378e-03 8.548403193045468057e-03 8.087674623371102559e-03 8.223351173922447896e-03 9.236922483964300767e-03 8.742507549060602595e-03 8.939657225521400324e-03 8.667171084502730757e-03 8.279635633278971396e-03 8.132284116230667492e-03 8.370551536176589619e-03 8.543000871657317752e-03 9.568364825886719466e-03 8.140061837631617364e-03 8.515458817402728892e-03 8.827063385220511316e-03 9.096370698990132592e-03 9.265436553570123926e-03 8.411473752054206277e-03 8.685684269131539043e-03 9.241966694044435535e-03 8.392868517594173627e-03 8.184587560448330218e-03 9.632003990493333279e-03 8.378319527999011224e-03 9.021202669224582735e-03 8.075128240108449609e-03 9.085159401425969491e-03 9.286560395310812857e-03 9.421287797032693728e-03 9.255419453597731397e-03 1.047363041305468881e-02 8.627950657145951052e-03 8.859521810538787540e-03 8.911948295540508130e-03 8.738903436475932776e-03 8.973060018647711564e-03 8.884262167850877703e-03 9.163550499166946833e-03 9.124467952098940307e-03 8.770043739261637952e-03 1.028003845642630823e-02 8.385391731214811642e-03 8.647860422068748276e-03 8.732578744085041367e-03 9.305271772629070473e-03 8.727341480119067338e-03 9.638160130127268119e-03 8.825734786682658262e-03 9.438398130820584153e-03 8.142422816522344384e-03 9.277305605469790203e-03 8.999283171498555223e-03 8.766107729012121916e-03 9.019395375398295278e-03 9.036569750482382340e-03 9.211673832137726864e-03 8.463759507329304821e-03 8.855020977161372556e-03 9.331175445944703620e-03 8.725908909112246523e-03 9.166367621752699590e-03 8.526574834325216859e-03 8.871992209290035375e-03 9.525817128491636393e-03 9.241084792455299401e-03 9.269252754523119725e-03 9.313932386929226967e-03 1.080376819740543753e-02 8.813404213720650929e-03 9.096691828036075969e-03 8.515294873800184627e-03 9.417218745975524177e-03 8.592698154141672692e-03 8.933825408098302820e-03 8.866999521229570330e-03 8.940292498392798243e-03 9.072503636479527928e-03 9.170204584700449024e-03 8.301967804949933472e-03 9.310925816345108977e-03 9.580202567196594715e-03 9.263099523613399500e-03 9.737947181776642619e-03 8.721941123192829617e-03 9.175437565035709023e-03 8.807293133657348103e-03 1.008445787871290085e-02 9.513840473473419296e-03 8.968222823160447443e-03 9.428043689226624224e-03 9.113937825690449079e-03 8.439505672231539454e-03 8.947017083850185293e-03 9.572465163638360294e-03 8.887262097175538389e-03 9.405759948561910957e-03 9.028185683496375152e-03 8.284109465777818662e-03 8.903568303405298007e-03 9.687310616581762401e-03 9.352939782721990739e-03 8.712230510872972025e-03 1.028339907374600966e-02 9.358360425994968063e-03 9.349083883840708306e-03 9.158346054684010293e-03 8.321269009730857674e-03 8.731990443754975711e-03 8.987280918766157173e-03 9.866554495954247758e-03 8.831300611019984870e-03 8.930784909265319926e-03 9.018439857242967206e-03 8.525482587786339592e-03 9.106767179083671490e-03 9.549822210719807400e-03 9.059839805341418639e-03 9.189478647175702841e-03 9.124599229299279815e-03 9.223600915213861495e-03 8.961830528778505847e-03
8.217880200747007882e-03 8.888933417705517648e-03 8.772737018032918110e-03 8.624334382343154526e-03 9.018059277777563248e-03 0.000000000000000000e+00 8.565459203354684747e-03 8.569059012179672599e-03 8.140234770368416292e-03 8.450088617340183877e-03 9.452102291456329977e-03 8.966446834889920531e-03 9.172307104800339617e-03 8.897155227911729761e-03 8.778679110836677679e-03 8.381789069959772950e-03 8.623281149572102969e-03 9.017278744524973022e-03 1.005700458308086444e-02 8.610763546965851528e-03 8.753561774195416090e-03 9.055116603977227813e-03 9.063066084118004059e-03 9.520152460185714663e-03 8.882899732174955737e-03 9.164296361687531214e-03 9.221273785989978281e-03 8.586428762283679003e-03 8.424581446596371426e-03 9.778613918700872557e-03 8.888245036587036699e-03 9.501339303440966069e-03 8.292017358255318257e-03 9.254107045788637770e-03 9.429398900112465759e-03 9.575375280241315082e-03 9.431733941041671107e-03 1.061540539639037502e-02 8.818205629613096869e-03 8.806452748312371473e-03 9.322425856452572560e-03 8.936052461022716414e-03 9.159499694241972703e-03 9.293502690449081949e-03 9.338060650172482283e-03 9.313772313340412320e-03 8.976056369818357847e-03 1.045424422604380836e-02 8.372997801010976376e-03 8.816784122873693244e-03 8.907148975675410404e-03 9.484616937197584696e-03 8.874503843573525869e-03 9.786627028487607238e-03 9.017168467592552236e-03 9.611956595397817479e-03 8.160186293021370885e-03 9.448301653470568551e-03 8.912377582069426485e-03 8.958527861041652024e-03 9.196822620975486640e-03 9.208645642561871444e-03 9.363236833854367974e-03 8.422725410208168478e-03 9.091834339353968564e-03 9.570315914513754033e-03 8.969575762728762558e-03 9.384559351779005881e-03 8.776085971591072663e-03 9.110698078141212658e-03 9.755321660878864612e-03 9.470472820194683616e-03 9.488495160388094735e-03 9.530678934733227345e-03 1.100010726253504434e-02 9.048214248646213598e-03 9.323039054561121225e-03 8.762789980891484351e-03 9.634556895109905317e-03 8.838770577681388102e-03 9.170121749361423436e-03 9.104400912227526496e-03 9.169828485468947687e-03 9.300475993695008978e-03 9.393628866856915463e-03 8.740429238209673421e-03 9.543615597483248725e-03 9.806220328755822085e-03 9.489663648579419949e-03 9.945808196322854233e-03 8.964758124418799670e-03 9.406012566569650624e-03 9.046475848470226372e-03 1.029279394046136130e-02 9.729498635202993989e-03 9.203705224496049747e-03 9.642467428163298271e-03 9.346932241659623372e-03 8.697756309704148675e-03 9.177974325333371555e-03 9.793805114253390648e-03 9.117946128818110729e-03 9.630701055942844299e-03 9.262139123147212008e-03 8.541880152505858595e-03 9.142679553408568013e-03 9.901945568441474985e-03 9.569442157278690991e-03 8.949282831822913745e-03 1.049630445876359452e-02 9.586847250063092532e-03 9.558809915413354202e-03 9.627284157866483616e-03 8.577632368372507810e-03 8.959001065116316276e-03 9.231589914264976340e-03 1.007233020699275020e-02 9.070547094240740196e-03 9.161100207738376994e-03 9.253056734839441855e-03 8.777338383944453468e-03 9.324250611105375577e-03 9.741463124707213858e-03 9.284488846131514275e-03 9.419604423862101492e-03 9.359610478860443464e-03 9.469872150514273626e-03 9.199128185519593603e-03
7.515814285593515852e-03 8.228107697807783907e-03 8.380488179670375973e-03 7.987600141850504515e-03 8.327272994606966378e-03 8.565459203354684747e-03 0.000000000000000000e+00 8.130510494189243861e-03 7.423935421545949619e-03 7.792344835522401793e-03 8.863471509550196678e-03 8.073464361403064407e-03 8.585433863095395454e-03 8.291921687583614017e-03 7.857445709802445347e-03 7.678533206908119517e-03 7.968596234478616744e-03 8.362469353219612392e-03 9.511314036878099412e-03 7.692573337264374707e-03 8.111902564349559100e-03 8.480806526442013701e-03 8.734650386786894233e-03 8.905595080386286694e-03 8.213952397400572578e-03 8.309166832580211146e-03 8.640018627895521344e-03 7.961703343077615458e-03 7.743772402372381403e-03 9.236129037022360044e-03 8.002985752863457994e-03 8.673034381717584229e-03 7.532153859122263546e-03 8.616463027126172389e-03 8.828606343685381497e-03 8.990752690548067805e-03 8.815933930793506262e-03 1.005970614414036964e-02 7.938285348969342792e-03 8.362481204281220146e-03 8.675100459402510650e-03 8.256857383162235706e-03 8.517547346138156644e-03 8.671375110047275375e-03 8.698404161736566706e-03 8.653305075841749572e-03 8.286966944135989652e-03 9.885876932407833273e-03 7.850304102513349161e-03 8.138045007319150495e-03 8.213434018075406115e-03 8.861632916965792722e-03 8.241824763301269438e-03 9.197500196550230031e-03 8.345500007089697372e-03 9.017987682816143782e-03 7.431220745147428669e-03 8.580413567766875457e-03 8.312033142715204159e-03 8.277977880437369443e-03 8.549691747035985043e-03 8.549020697833937393e-03 8.510387115413655529e-03 7.956737036673698985e-03 8.380402671213229432e-03 8.897632276442583171e-03 8.242816902007080171e-03 8.719187872942743903e-03 8.029925713870908824e-03 8.399777911560378160e-03 9.102996844431918838e-03 8.793499132218433878e-03 8.806737629367228717e-03 8.874864391529334665e-03 1.044567930645409065e-02 8.332888762474843780e-03 8.648802042556968939e-03 8.022550404584190623e-03 8.985596044186939038e-03 8.101564669265141905e-03 8.473967081918542046e-03 8.391482569003932968e-03 8.467016867616090903e-03 8.616979423174740346e-03 8.717790069636991920e-03 7.990328993305045521e-03 8.874359185259857868e-03 9.161433910860505153e-03 8.820362349885459141e-03 9.317969015809408201e-03 8.058654031237828461e-03 8.723895546571524759e-03 8.142158472242940967e-03 9.699721567572639619e-03 9.076077371910679439e-03 8.500836269682314136e-03 9.007966640758471519e-03 8.673011847329430146e-03 7.959985953129321279e-03 8.493336446369756029e-03 9.173344427137908319e-03 8.441388348212579620e-03 8.997332733043894928e-03 8.593683733149719284e-03 7.795624171367915647e-03 8.451621526045590208e-03 9.295210146718527883e-03 8.932390020591710750e-03 8.245814941582276306e-03 9.930066031315028241e-03 8.948192680046438210e-03 8.919567596095257997e-03 8.992975785293269922e-03 7.833499035237258268e-03 8.272334174458597852e-03 8.551145223196943146e-03 9.473090020710067324e-03 8.379816547869112925e-03 8.488142600190951362e-03 8.586274730480047621e-03 8.055730870719672240e-03 8.666866722093949371e-03 9.129011694143457367e-03 8.622679692359159001e-03 8.779755083759149120e-03 8.699942926227811901e-03 8.821828719126552018e-03 8.523535970527093206e-03
7.724696628568645564e-03 8.228882843458767971e-03 8.297564259529363606e-03 8.160593467400112377e-03 8.548403193045468057e-03 8.569059012179672599e-03 8.130510494189243861e-03 0.000000000000000000e+00 7.813945890831213575e-03 8.003871189474456166e-03 8.743504691899862957e-03 8.523839228591553741e-03 9.014089840434356959e-03 8.461655006606911417e-03 8.078060247975162728e-03 8.124756541221958214e-03 8.146317027748099099e-03 8.529734970074144898e-03 9.386322062656394724e-03 7.918182070971177891e-03 8.524777068772694880e-03 8.611708951317777194e-03 8.618504011493638428e-03 8.770259984194346548e-03 8.179769479409038438e-03 8.497051049995131555e-03 9.047332879452241877e-03 8.145352511416126262e-03 8.168972462115661748e-03 9.154114854451734715e-03 8.168269240995040467e-03 8.810990530583703156e-03 7.813076588191580907e-03 8.866449196292683702e-03 8.798903249379054145e-03 8.966749237528926636e-03 9.034170903710149469e-03 1.029336995515536986e-02 8.411844274191188769e-03 8.618739415732325562e-03 8.930861727797638136e-03 8.533550941865789344e-03 8.769829849691183551e-03 8.880360596231170675e-03 8.934482414582667342e-03 8.917706102877780150e-03 8.563156488092204394e-03 1.009536506014013270e-02 8.124737864797736825e-03 8.398110394441049564e-03 8.510090168214143672e-03 9.056811620442242403e-03 8.712100258223529764e-03 9.428442238303623782e-03 8.375997909770402719e-03 9.242222844915279692e-03 7.882391990254878841e-03 9.067858537731806820e-03 8.754763942442955749e-03 8.528323783064216748e-03 8.798441235499325497e-03 8.809249910268568753e-03 9.000918376924470915e-03 7.989735322007614562e-03 8.630234488767932893e-03 9.138019714619374789e-03 8.514705608481306157e-03 8.730436694625110308e-03 8.300181602277261275e-03 8.657917998540806681e-03 9.337516362335615203e-03 9.038288286537510957e-03 9.056403521526664932e-03 9.118826634635420619e-03 1.064687546791483891e-02 8.591891446000058871e-03 8.889804462204574376e-03 8.288945611561064630e-03 9.209785901180735784e-03 8.364240575781065404e-03 8.722121022447701030e-03 8.652988022973694474e-03 8.732988035343881156e-03 8.868317121175367176e-03 8.958646325191743989e-03 8.264031838751458720e-03 9.107806818307015440e-03 9.384274178595438526e-03 9.067208264447717408e-03 9.547173386377998117e-03 8.503377416564495903e-03 8.970635702766906541e-03 8.598479679256865182e-03 9.911916885095635454e-03 9.319351316935080634e-03 8.756119798444214966e-03 9.238506198352300358e-03 8.925457790341793235e-03 8.234154939714482049e-03 8.747153042675766266e-03 9.397332089066163727e-03 8.701964849755078335e-03 9.227104946637905078e-03 8.839733983547020529e-03 8.077300549678681843e-03 8.707988750384733356e-03 9.511699773954660972e-03 9.172397553344967605e-03 8.496294428644472069e-03 1.013226495805934040e-02 9.170495871117819234e-03 9.152254011025972094e-03 9.222514937907235616e-03 8.108325768102213338e-03 8.531854945026612694e-03 8.796153717073137979e-03 9.688574363683756865e-03 8.632899981803195469e-03 8.736337341554312880e-03 8.829452033822344018e-03 8.320462452151500959e-03 8.918439468821655336e-03 9.352954507324649433e-03 8.866842271493318925e-03 8.996730138402716029e-03 8.939721150866641527e-03 9.047065122361738765e-03 8.770494619319519486e-03
7.223880817725636568e-03 7.777356164898479446e-03 7.918369559564568047e-03 7.705321378819097837e-03 8.087674623371102559e-03 8.140234770368416292e-03 7.423935421545949619e-03 7.813945890831213575e-03 0.000000000000000000e+00 7.514919248887440284e-03 8.383056714623034200e-03 7.835003827636200999e-03 8.366909750702726176e-03 8.027582212854107724e-03 7.793289751531744941e-03 7.418759600866881021e-03 7.717861240468632325e-03 8.097230012977831015e-03 9.045324073648225091e-03 7.441829789479504839e-03 7.852250862273433066e-03 8.430334401919467591e-03 8.233512016717658630e-03 8.434191744642464614e-03 7.747813354200610778e-03 8.061099909507809733e-03 8.615962324904472697e-03 7.700727366916191967e-03 7.473603741324331452e-03 8.764397198820043922e-03 7.932558493442272429e-03 8.661798519181829539e-03 7.262652099962837136e-03 8.374487156081810574e-03 8.586369239374846279e-03 8.765252384063086308e-03 8.592648272489677996e-03 9.880660981684236815e-03 7.884201814929199179e-03 8.125671958279203494e-03 8.253739543481552685e-03 8.015494331857163021e-03 8.284038299798198932e-03 8.447246871427865900e-03 8.459391591238162728e-03 8.443370825893211848e-03 8.065338801858773846e-03 9.708489721169071343e-03 7.594720591400144251e-03 7.889179410274827636e-03 7.982688511598352160e-03 8.410843943675820958e-03 8.239542569920708590e-03 8.998749234934955502e-03 8.104298671655718253e-03 8.774413143004335808e-03 7.321099767365123016e-03 8.392143073905011796e-03 8.278335949458185197e-03 7.848847323796974418e-03 8.325580355973230887e-03 8.330204183050070668e-03 8.526977171223384250e-03 7.512959766138943563e-03 8.129924180722652299e-03 8.666640163114138276e-03 7.986792481352630868e-03 8.478455587582121172e-03 7.770104032471063932e-03 8.149582345736056804e-03 8.883470610844565116e-03 8.570327415721876174e-03 8.569803607173871046e-03 8.641103779903631932e-03 1.024954173648784383e-02 8.094667668301950073e-03 8.215896453193970508e-03 7.751469737724011634e-03 8.755459482550959419e-03 7.842024412491224727e-03 8.226878454850271999e-03 8.143531274590139549e-03 8.039657071023102730e-03 8.375240762635049671e-03 8.478089749910223613e-03 7.724363435012652351e-03 8.634250014342464280e-03 8.927872530637889423e-03 8.593154481484894039e-03 9.096592643688431248e-03 7.983946597241432103e-03 8.484637206623710931e-03 8.077376107805751132e-03 9.472458496716780127e-03 8.855294030173823175e-03 8.261353871191860765e-03 8.776583723646822280e-03 8.445562825844880536e-03 7.696070174673390503e-03 8.243779561558590985e-03 8.931572857557898426e-03 8.185242135459203441e-03 8.765813045458099861e-03 8.350337431834539692e-03 7.521041375077589658e-03 8.201711312123780365e-03 9.064412014483130831e-03 8.708815799770499785e-03 7.982825041203230748e-03 9.721828399885034874e-03 8.713841310065471510e-03 8.679167426680019226e-03 8.761537271939501964e-03 7.559770188271661660e-03 8.015317621084989963e-03 8.311140172389316211e-03 9.253369627077522724e-03 8.127876358748802391e-03 8.240242350805298058e-03 8.341679923263244784e-03 7.791203021501685866e-03 8.429186753917471825e-03 8.909533813394914653e-03 8.379485734922680756e-03 8.524776272285726486e-03 8.457122018269695729e-03 8.577794071368733536e-03 8.270180695335995619e-03
7.629733850419210400e-03 8.331433845218550599e-03 8.244676576284642663e-03 8.012381232911924833e-03 8.223351173922447896e-03 8.450088617340183877e-03 7.792344835522401793e-03 8.003871189474456166e-03 7.514919248887440284e-03 0.000000000000000000e+00 8.684257016612198510e-03 8.157355005892069633e-03 8.651729874219981492e-03 8.577527109063377841e-03 7.957468061128424031e-03 7.786536230784371800e-03 8.027562834905953640e-03 8.234833008394913667e-03 9.532798943053663251e-03 7.780443769473344151e-03 8.156593608016435987e-03 8.734253888697002255e-03 8.558386183064351296e-03 8.973080520802275903e-03 8.084395746769912697e-03 8.379904864190346539e-03 8.938356145436473360e-03 8.017328392348305535e-03 7.848297602213864452e-03 9.294747288681782377e-03 8.059134924949001855e-03 8.956752536625124661e-03 7.547108934869426952e-03 8.774123192644815022e-03 8.949535301350453054e-03 9.125275908526497490e-03 8.953458970813989171e-03 1.020243990072214682e-02 8.294952787385739476e-03 8.519810628234926811e-03 8.808426749730223493e-03 8.427221837121016967e-03 8.666529607594421897e-03 8.812133790582895795e-03 8.843738438054131457e-03 8.807930697511933901e-03 8.456191213815815802e-03 1.003443164808435345e-02 7.839193970853877702e-03 8.298809791817888040e-03 8.387313933896797108e-03 8.979704407417401710e-03 8.611306346331268347e-03 9.359884372666285590e-03 8.502628722930470617e-03 8.911936911996697422e-03 7.766153731765004092e-03 8.957694391755229371e-03 8.661671953666310111e-03 8.434739351606362207e-03 8.720841937768317870e-03 8.720505814892755628e-03 8.891802061767402690e-03 8.074347673167090594e-03 8.545258850263819442e-03 9.049520603556820975e-03 8.410441048786561000e-03 8.856191001428537213e-03 8.200231879484794553e-03 8.563271018245071156e-03 9.247018526482127937e-03 8.949692307286982729e-03 8.961288506492984252e-03 9.024743657713375083e-03 1.056811638286737562e-02 8.503396603940746243e-03 8.793114107963892478e-03 8.188068319942922585e-03 9.125606712611731425e-03 8.270217712955330036e-03 8.635890531952060759e-03 8.558302647333390287e-03 8.627698840013806394e-03 8.767858316568646199e-03 8.859934489609871608e-03 8.155804363388880623e-03 9.028014463182661500e-03 9.309748082155703749e-03 8.972071776335625859e-03 9.457915648905246275e-03 8.400591817761440816e-03 8.881420692319418053e-03 8.488959138581473468e-03 9.824520174566309105e-03 9.225813123084040598e-03 8.663439806709721802e-03 9.138166051384739863e-03 8.811083108161896910e-03 8.113901317448374631e-03 8.637566009839534736e-03 9.298275378530104773e-03 8.577716577281825627e-03 9.124426814788845486e-03 8.730063421980478050e-03 7.949929020481794756e-03 8.599389286155096832e-03 9.415743720535421982e-03 9.070465353402437300e-03 8.390451468492151482e-03 1.004255248846773474e-02 9.076566292433552521e-03 9.055395144727114778e-03 9.112360590130697685e-03 7.988210729971979493e-03 8.413205904732275198e-03 8.681007906692933540e-03 9.592917958060394323e-03 8.522346162484753171e-03 8.622441183339824011e-03 8.721900240758856740e-03 8.204304059194441820e-03 8.802757633935287540e-03 9.263550016905512316e-03 8.754494728272799522e-03 8.899605053058307416e-03 8.833265604203119695e-03 8.945174869934551659e-03 8.661783333059306852e-03
8.457858337158782186e-03 8.882284991281300807e-03 8.936201982442194824e-03 8.808302174396303447e-03 9.236922483964300767e-03 9.452102291456329977e-03 8.863471509550196678e-03 8.743504691899862957e-03 8.383056714623034200e-03 8.684257016612198510e-03 0.000000000000000000e+00 8.966539063108782889e-03 9.672323510558062873e-03 9.363749267929283998e-03 8.990349267534419875e-03 8.845262972694126202e-03 8.807781565504638546e-03 8.939858677820546398e-03 9.906632975472947494e-03 8.597500791422128461e-03 8.968814259666725922e-03 9.221903437157594891e-03 9.216606233975823542e-03 9.350370108929919113e-03 9.086798313755344719e-03 9.372293640206122781e-03 9.670371897765763294e-03 8.798037058597163451e-03 8.920668400881622689e-03 1.000848009731994566e-02 8.819682673173017892e-03 9.395599603289271975e-03 8.622100924109239381e-03 9.559376865603763651e-03 9.716399381498553797e-03 9.878535772499379489e-03 9.711547379409690359e-03 1.087043929010693064e-02 9.145035708194715687e-03 9.365313980262093829e-03 9.615977868396644035e-03 9.246359690724036129e-03 9.469153472924431506e-03 9.587694674956195873e-03 9.616955796276895063e-03 9.607932848721720959e-03 9.296854049823700950e-03 1.070225784639635379e-02 8.906374681499606635e-03 9.146358867540886617e-03 9.234759335411547865e-03 9.748741491100451975e-03 9.416114052747262889e-03 1.008387976515390770e-02 9.328534217091809244e-03 9.897806529075001136e-03 8.675478489821286318e-03 9.738554800317614224e-03 9.467316263393527401e-03 9.018533721719379156e-03 9.509697887357011770e-03 9.519441615624950337e-03 9.684920387887879442e-03 8.733082188805084065e-03 9.356736022530790647e-03 9.797505678429562284e-03 9.235922891865755435e-03 9.637650038646724052e-03 9.039643093794274414e-03 9.372213337297520541e-03 9.993160325781350745e-03 9.719969493333034324e-03 9.728102592471149154e-03 9.788323028255696209e-03 1.120458958798699854e-02 9.310833008821416817e-03 9.577007757334896412e-03 9.038434294077041936e-03 9.877965484888217088e-03 9.111618286189641577e-03 9.439116422398877160e-03 9.368729541338955552e-03 9.429150608997932670e-03 9.555256320130583320e-03 9.646399753209232777e-03 9.015416478199159145e-03 9.781389443005772399e-03 1.003490301288474836e-02 9.739639068181406290e-03 1.018006508920598664e-02 9.231604506923644579e-03 9.657619600763554454e-03 9.312056669047668808e-03 1.051661319681667511e-02 9.970416937266838101e-03 9.462313146733018071e-03 9.892335036532412876e-03 9.602788529466789111e-03 8.980025944812519006e-03 9.442149049754175114e-03 1.003752107465075670e-02 9.400051741963125901e-03 9.880622286434744342e-03 9.526991323862537761e-03 8.837660259873770727e-03 9.408235921378750241e-03 1.014001068760196460e-02 9.830933615866397843e-03 9.222591930711896910e-03 1.071941984128533913e-02 9.838108056182223726e-03 9.811314521870822397e-03 9.876376517245859937e-03 8.864933760328418469e-03 9.247144358507874973e-03 9.493757177231309727e-03 1.030525090416139697e-02 9.339788295958323730e-03 9.434622065116287509e-03 9.517003302739223888e-03 9.055995789436487378e-03 9.588702868288319012e-03 1.000842182191037308e-02 9.553230158744881184e-03 9.663412492799627190e-03 9.617443590969713962e-03 9.723292220417472168e-03 9.464679978106184735e-03
8.135769305475838362e-03 8.648292370379079969e-03 8.518976862128241345e-03 8.343233512183148570e-03 8.742507549060602595e-03 8.966446834889920531e-03 8.073464361403064407e-03 8.523839228591553741e-03 7.835003827636200999e-03 8.157355005892069633e-03 8.966539063108782889e-03 0.000000000000000000e+00 9.198168736874737933e-03 8.876190424922412309e-03 8.274689482544800995e-03 8.104164428745053855e-03 8.328864626012576905e-03 8.527193484028085593e-03 9.828276908319269131e-03 8.100465296738629598e-03 8.449223338161773386e-03 9.066775023585032373e-03 9.076978893491103456e-03 9.262594959100950431e-03 8.366453075864780861e-03 8.668298510467041529e-03 8.950647165480263984e-03 8.331792521125454612e-03 8.356755187691316047e-03 9.296909497525693289e-03 8.592275820457814448e-03 9.234910816283232668e-03 7.819818762569333281e-03 8.978802440796258139e-03 9.168527632970834701e-03 9.337439570005866621e-03 9.164823361725435089e-03 1.038851452499211028e-02 8.519654574991514240e-03 8.742874520533350235e-03 9.028351736206304684e-03 8.639010555434339933e-03 8.877312743825443997e-03 9.057397659253852915e-03 9.057727055999732421e-03 9.037281342689749281e-03 8.687081292976031599e-03 1.021270135957748869e-02 8.076933721520027434e-03 8.545381649099853191e-03 8.417409555802998072e-03 9.206807262215148044e-03 8.623620708347538855e-03 9.569416256847354876e-03 8.720108257303732860e-03 9.360357326711612330e-03 8.025583483796344328e-03 8.922061267038925922e-03 8.889677793807457609e-03 8.666839351733403654e-03 8.919513468246979826e-03 8.725203085675911630e-03 9.092880937424436052e-03 8.368145685430776817e-03 8.794721622159211438e-03 9.283483734380806526e-03 8.665411113349079722e-03 9.101285524047944553e-03 8.465236809106230914e-03 8.812729531906624697e-03 9.482242484049859324e-03 9.194385634447436659e-03 8.972222013728336359e-03 9.256207839995925918e-03 1.076111850856306326e-02 8.763809123830124115e-03 9.043704581689262362e-03 8.451994650664469352e-03 9.354967692403876045e-03 8.537583872072212685e-03 8.882336702841190854e-03 8.806513410791656088e-03 8.874395367225708375e-03 9.025365387047606242e-03 9.106067322813837100e-03 8.435430168604549431e-03 9.261839816317403440e-03 9.543133995359758676e-03 9.214777820199908376e-03 9.677868073660817957e-03 8.654382449313928471e-03 9.118984000410907537e-03 8.739914183704872164e-03 1.004629482526919228e-02 9.453031140195697693e-03 8.908765610619514067e-03 9.383494663456141624e-03 9.067434411172430389e-03 8.395022366541229908e-03 8.900636123449373951e-03 9.540899395545105605e-03 8.864262673202564363e-03 9.371519039471455648e-03 8.988531964500941912e-03 8.246495354164265143e-03 8.862292808413231235e-03 9.662636161273017998e-03 9.309836717971397765e-03 8.654258588267437977e-03 1.026393408357178551e-02 9.324939892671482711e-03 9.304628542876482167e-03 9.367326713188505252e-03 8.274728818829409083e-03 8.690303882667713142e-03 8.948503866784866118e-03 9.826088385592126120e-03 8.789280574566767437e-03 8.884109451328153079e-03 8.981935267468946216e-03 8.483126595800648956e-03 9.060369871723169752e-03 9.502892288636028903e-03 9.010523195004258717e-03 9.164267762526689606e-03 9.089550782998235753e-03 9.197368488088813326e-03 8.922856453207391597e-03
