0.000000000000000000e+00 1.658527835793604036e-02 1.898871348662116085e-02 1.922473457006262237e-02 2.076106494108899067e-02 1.868181972657925044e-02 1.715937667149903395e-02 1.890541844269179317e-02 1.907636648196721699e-02 1.729180027108447384e-02 2.000399065785600158e-02 2.021391944978781149e-02 1.661071981602675260e-02 1.630468983005312761e-02 1.959754541605755393e-02 1.906689257191762632e-02 1.804166684698286019e-02 2.067083253650559699e-02 1.848782500184308411e-02 1.744410264213442849e-02 1.955727973072675374e-02 1.702498607384038756e-02 2.352607959433328233e-02 1.776426003997115532e-02 1.922286828434549566e-02 1.876467894743272247e-02 1.881351534211099172e-02 2.035419809276198949e-02 1.757743991009893397e-02 1.796884995106489899e-02 1.707844217595129790e-02 1.766559410318981754e-02 1.823956761908945498e-02 1.889283402180548521e-02 1.837637614279389112e-02 1.623026490587464732e-02 1.755631545802946100e-02 1.812571531999107935e-02 1.890709956102476844e-02 1.609072908572696178e-02 1.582729085787880005e-02 1.977586031740178121e-02 1.822075011885569348e-02 1.783111567028314651e-02 1.817900682180512845e-02 1.613192671822093194e-02 1.497585250934234044e-02 2.045261655340504733e-02 2.212119678672492401e-02 1.573781993352470904e-02 1.930293203217759573e-02 1.675092574150917682e-02 1.691526457065873484e-02 1.897120419668257146e-02 1.892141893229959751e-02 1.944627099587435681e-02 2.192190431464362960e-02 1.891025560667470087e-02 1.716050006789245075e-02 1.722796022393680015e-02 1.897078639272259740e-02 1.558871943803905036e-02 1.853425569360825018e-02 1.853088218158179326e-02 1.982875222073695459e-02 1.768787114967019722e-02 1.914476280940270378e-02 1.990642082619750036e-02 1.829138077340873927e-02 1.920863774019987771e-02 1.769547638140245641e-02 1.874139452453239818e-02 1.872617358907491952e-02 1.954685311788054505e-02 1.691024575438249480e-02 1.903568186034447496e-02 1.446896568106930715e-02 1.764179376171132879e-02 1.738051071501142686e-02 1.692181148819189157e-02 2.059659906285707040e-02 1.983153982248692798e-02 2.080434357521620398e-02 1.858285466843621545e-02 1.757651857716341706e-02 1.656161082930545508e-02 1.630791035057936947e-02 1.712004166173874964e-02 1.879304013034058946e-02 1.687884704702478575e-02 1.841216727777357856e-02 1.807599086524978166e-02 1.853077743744848196e-02 1.712868670208414490e-02 1.774260556641308120e-02 1.676060777198927834e-02 1.745773877999271667e-02 1.665784060998450056e-02 1.994897928680966145e-02 1.826630258138813370e-02 1.754587005151718448e-02 1.837980924874268313e-02 1.736078421340143604e-02 1.843377657986595974e-02 1.789401291058560772e-02 2.081054266516972617e-02 1.948747003582461737e-02 1.500644071246319371e-02 1.719046443777470096e-02 1.616943639646553285e-02 1.979980647907097005e-02 1.861026901828632257e-02 1.793926190257721931e-02 1.761240136343897311e-02 1.549520102783920848e-02 1.858082694825147901e-02 1.845480014757796064e-02 1.826540743033370356e-02 1.755455891006279731e-02 1.951831076026471976e-02 2.064527097389565191e-02 2.119561868163475152e-02 1.724135053410998791e-02 1.748387760477456213e-02 1.820983671478222654e-02 1.533149686963074590e-02 1.747427063776598247e-02 1.855933727808281933e-02 1.718112919522771578e-02 2.159366913181332004e-02 1.991696264569555591e-02 1.848834483064721451e-02 1.827831570669822756e-02 2.595761403302031603e-02 1.998071106623034929e-02 2.387076432790278396e-02 1.900742850174927737e-02 1.837698253264994849e-02 1.886837114016133576e-02 1.478457374302459375e-02 2.787195925505793828e-02
1.658527835793604036e-02 0.000000000000000000e+00 1.640304534080990612e-02 1.660398372684090962e-02 1.830960705778007791e-02 1.561090193184752270e-02 1.406357731797395517e-02 1.689580984977527914e-02 1.641817930427231717e-02 1.551413703136172127e-02 1.754537296888438250e-02 1.787401319261808577e-02 1.336469661953157244e-02 1.308878060909996616e-02 1.721405991748702763e-02 1.645850787984106181e-02 1.574078195990152515e-02 1.833341948564240834e-02 1.557327283359767264e-02 1.440052878982033858e-02 1.701824128032996403e-02 1.380050174709330189e-02 2.170735997624136104e-02 1.483423521552510414e-02 1.663055856559301701e-02 1.545564996481908239e-02 1.601356465572870841e-02 1.797137985869773358e-02 1.461348179231523534e-02 1.510000443914905587e-02 1.408837265009727120e-02 1.502327080423754985e-02 1.540338635042920110e-02 1.620480668682946004e-02 1.550657743590486484e-02 1.281841306297374500e-02 1.599543463781697566e-02 1.486663614729200229e-02 1.621789361037553542e-02 1.126024925611932709e-02 1.231068326922747126e-02 1.731880119418607519e-02 1.544184093349784681e-02 1.481501100102848925e-02 1.532959823094831413e-02 1.251479217177027710e-02 1.126550121721341634e-02 1.811508373886220463e-02 1.883858493588992655e-02 1.238373699442461666e-02 1.651320555792982342e-02 1.469437462887738903e-02 1.413785296712528547e-02 1.645423150625623804e-02 1.623067283221052773e-02 1.731864834049597415e-02 1.977626696565527517e-02 1.634030993022671935e-02 1.557018465985497528e-02 1.413845178713371391e-02 1.690264354785012135e-02 1.202676946486597176e-02 1.332718941962916966e-02 1.573710076152533624e-02 1.744098154216354099e-02 1.522054632399818218e-02 1.630449485599036116e-02 1.745202282343091826e-02 1.538562484646668720e-02 1.624564222945349551e-02 1.473059900244906052e-02 1.607457799050592689e-02 1.777095275898488147e-02 1.701626713911381233e-02 1.378452795288491461e-02 1.653830996637958156e-02 1.615416698403830328e-02 1.441358925731639311e-02 1.384271113241669626e-02 1.387569194180223418e-02 1.821706180669098799e-02 1.732477877197503846e-02 1.556424165859656220e-02 1.606151277958367193e-02 1.509135353742443314e-02 1.332444816942659864e-02 1.296467177718536520e-02 1.376193237148622822e-02 1.610946857544485675e-02 1.415259749710869736e-02 1.494013270401108907e-02 1.508675539129059745e-02 1.511905476038821923e-02 1.397372324183112670e-02 1.500447590888601829e-02 1.363314288468169509e-02 1.433778848385563673e-02 1.345509334552857580e-02 1.465196380860520585e-02 1.569013512639737262e-02 1.449444137946198294e-02 1.584378455371732511e-02 1.422291909370725256e-02 1.627812738350330884e-02 1.491399896872630700e-02 1.755083174827423362e-02 1.678899855193120155e-02 1.681098222710575990e-02 1.372152986614929952e-02 1.283931949237703853e-02 1.694979561896702014e-02 1.598130045981391648e-02 1.515156862197639814e-02 1.469230176535248414e-02 1.400834869094037816e-02 1.578491978621153827e-02 1.567220392353026182e-02 1.623665806735608702e-02 1.447441055517232483e-02 1.743688819899310433e-02 1.827268014811785427e-02 1.893178937099078418e-02 1.401097121524567599e-02 1.472659176259329301e-02 1.333499231348276963e-02 1.747839145451978576e-02 1.394023671386635140e-02 1.557115079852797006e-02 1.404933555581003128e-02 1.637634208604725125e-02 1.748755131067417784e-02 1.329089814425173446e-02 1.541242835210205990e-02 2.408766328092116701e-02 1.758988103845146936e-02 2.176542798945371379e-02 1.617997160422272179e-02 1.547956913768338237e-02 1.616263577124227649e-02 1.662433332284350695e-02 2.609281375085682059e-02
1.898871348662116085e-02 1.640304534080990612e-02 0.000000000000000000e+00 1.930832574429660817e-02 2.054242099424640963e-02 1.845675148633183979e-02 1.395050257800041320e-02 1.915619492399487159e-02 1.887255299441884318e-02 1.810406190499950357e-02 1.829551528463223622e-02 2.001658438575614277e-02 1.575382407565039874e-02 1.632270076136519560e-02 1.934480082970069931e-02 1.885990909882501870e-02 1.724183156237853523e-02 2.036232300178511187e-02 1.828946401992415094e-02 1.719804422338824801e-02 1.936468226948634755e-02 1.675629126665805282e-02 2.352642766307488920e-02 1.752913140219977337e-02 1.896418374363796622e-02 1.856357768779010736e-02 1.856197942684243568e-02 2.017878171698780573e-02 1.739152792521351035e-02 1.763550139124632835e-02 1.692229368404900292e-02 1.759699960012811246e-02 1.803841652260441616e-02 1.866601104762488639e-02 1.793114586231181473e-02 1.593178313498775159e-02 1.844477789857679531e-02 1.789787698124932144e-02 1.819492149428514338e-02 1.584332024657030685e-02 1.485850481021010715e-02 1.915668909830609348e-02 1.738972616651222186e-02 1.718664841371383978e-02 1.792299976895169594e-02 1.587353104926735731e-02 1.468772816506527454e-02 1.562156226511550276e-02 2.204739744737926194e-02 1.552445516965272887e-02 1.887056091482335399e-02 1.740945736037550692e-02 1.666390877411950619e-02 1.468216284914929809e-02 1.869645331453192311e-02 1.956740383328567714e-02 2.175420654417935598e-02 1.881280062482734716e-02 1.803388494707724304e-02 1.614964406811409889e-02 1.922620126593556356e-02 1.503924196764610741e-02 1.831240225692864695e-02 1.826011786371527224e-02 1.823524230818227010e-02 1.761196739503069139e-02 1.893834573312691213e-02 1.974035911779228186e-02 1.808782314857573098e-02 1.899860167227962124e-02 1.732311871005715737e-02 1.849516819837999579e-02 1.970527416419997138e-02 1.931426366856986432e-02 1.662693111186094516e-02 1.891164903551583246e-02 1.863776183023745092e-02 1.766269306865428726e-02 1.704671996742081891e-02 1.671258339765956807e-02 2.027997677134464605e-02 1.477813489866337641e-02 2.064417587024606343e-02 1.850894663598617873e-02 1.769839555672894291e-02 1.620145068019508000e-02 1.587809566750734980e-02 1.661427537253635026e-02 1.863022990909322593e-02 1.694486479862460093e-02 1.812032310434069649e-02 1.784919712939555744e-02 1.845045714339342904e-02 1.681821513555537689e-02 1.767976163489796623e-02 1.656857918361836698e-02 1.720779492086073684e-02 1.642878116306501282e-02 1.980985859551299272e-02 1.820956508949161598e-02 1.712552352087713670e-02 1.835476320474006828e-02 1.709112326071324586e-02 1.867631520632690237e-02 1.764176860947869532e-02 2.064492833182761042e-02 1.925634730000696723e-02 1.917780731745121967e-02 1.700581168407991339e-02 1.591629630154860198e-02 1.960661074466495818e-02 1.836587439140960343e-02 1.749272555920623751e-02 1.734826624632394843e-02 1.689791498593396987e-02 1.830971974806290883e-02 1.819066770791877979e-02 1.935080268130986297e-02 1.729369387354824303e-02 1.967378241009628062e-02 2.040207106678455784e-02 2.101808626666665583e-02 1.703716079519708784e-02 1.744566762804006591e-02 1.833306393018230632e-02 1.964843286157973157e-02 1.724447525809843368e-02 1.837612649900699502e-02 1.679609386648395208e-02 2.147646450023052433e-02 1.972286163139292184e-02 1.826133422966040587e-02 1.804514501431756651e-02 2.579066562993152789e-02 1.981937264185557740e-02 2.373638305583301855e-02 1.884544538527649013e-02 1.806230074071158917e-02 1.866504852624963420e-02 1.920038586073284301e-02 2.774651470974149117e-02
1.922473457006262237e-02 1.660398372684090962e-02 1.930832574429660817e-02 0.000000000000000000e+00 2.109499386729652912e-02 1.897770991547868477e-02 1.741573875338045183e-02 1.970193200818918036e-02 1.939177070456356636e-02 1.466070711116040058e-02 2.030212908943254679e-02 2.058827177048975013e-02 1.695734549829590321e-02 1.624336889287546215e-02 2.001395405921359977e-02 1.937887858741938960e-02 1.858693709283015111e-02 2.097340792645099872e-02 1.888194779578211691e-02 1.775639707261800898e-02 1.978169762852093061e-02 1.735604145148174349e-02 2.396154367689234260e-02 1.807717109254855861e-02 1.952898425375038105e-02 1.462168336492161019e-02 1.911381059110318567e-02 2.060066276904061119e-02 1.750862979073366382e-02 1.829393489338419776e-02 1.751020230076895390e-02 1.806789914574660413e-02 1.829213565926954624e-02 1.923548610021930116e-02 1.867686620184177970e-02 1.657225014824238035e-02 1.869176090241606025e-02 1.842572217016183803e-02 1.921792554918782744e-02 1.641265745538458484e-02 1.620246813816815859e-02 2.007408958327101811e-02 1.856081391138986528e-02 1.809197568681403592e-02 1.850294387116540804e-02 1.645534643894118812e-02 1.533726338040203134e-02 2.077324352941591068e-02 2.246393044582554663e-02 1.617194861725426008e-02 1.953168352791472689e-02 1.796442328931888502e-02 1.748570109291123706e-02 1.933614207303251814e-02 1.922627982489129306e-02 2.003901522553008796e-02 2.223714483726002555e-02 1.934106603634685659e-02 1.857663532300153977e-02 1.758249337347920355e-02 1.961021990025648212e-02 1.546812802233166542e-02 1.873711600945394268e-02 1.883302972352522697e-02 2.018867708615215348e-02 1.745688638747099064e-02 1.946165550253301305e-02 2.005914203402906978e-02 1.864049790881646892e-02 1.951371542017290434e-02 1.801514429580757318e-02 1.907403887865354031e-02 2.039596101891352764e-02 1.983321811786923836e-02 1.725319914989961734e-02 1.941289789388148113e-02 1.905487404008768607e-02 1.823128263164636859e-02 1.749617999622997064e-02 1.730797849080495734e-02 2.093956984061101298e-02 2.012744474589359123e-02 2.100883079995308558e-02 1.893183157132448738e-02 1.808484840432988960e-02 1.679086532451949318e-02 1.666098269661247730e-02 1.747022985860256783e-02 1.889128550888689861e-02 1.752867936612662741e-02 1.869442507348462526e-02 1.838835813595658675e-02 1.475044047739389533e-02 1.736784298686033443e-02 1.826089318640867695e-02 1.711218420719752900e-02 1.777347206079188738e-02 1.701841276315059492e-02 1.886160588162315993e-02 1.878907438583202194e-02 1.789659204222012259e-02 1.885350970885112457e-02 1.764697122583216635e-02 1.912161008051681960e-02 1.818023278471340640e-02 2.110782771605757696e-02 1.979670981579928837e-02 1.858285421382916899e-02 1.763390975398131111e-02 1.651304842513957871e-02 2.010375277320339618e-02 1.865890721153231832e-02 1.833625737060873978e-02 1.787565281244871823e-02 1.734840572561341734e-02 1.886091541794270021e-02 1.878512485108586177e-02 1.980908000591764806e-02 1.786059957642120374e-02 2.019465879395494420e-02 2.093602043944706517e-02 2.146224985013170036e-02 1.760901575793563656e-02 1.710664572044998458e-02 1.877877238268267981e-02 2.012959874962412174e-02 1.770692136403754016e-02 1.887787809284860799e-02 1.752007151009273705e-02 2.182488825252826628e-02 2.015511350143406669e-02 1.759972183135570523e-02 1.851836472405799655e-02 2.626898318169760063e-02 2.029260649648350831e-02 2.420482085604702682e-02 1.813963209385120387e-02 1.875761666923893983e-02 1.918010255540389744e-02 1.959508020321543142e-02 2.817857831757756421e-02
2.076106494108899067e-02 1.830960705778007791e-02 2.054242099424640963e-02 2.109499386729652912e-02 0.000000000000000000e+00 2.030976675380569835e-02 1.868363785034273666e-02 2.101249737659532588e-02 2.045765106990184504e-02 2.004313007805653968e-02 2.151977066385148130e-02 2.177392234481699898e-02 1.841696057961101154e-02 1.841640072253537125e-02 2.084855327364686442e-02 2.065626013868343200e-02 2.012710454653978895e-02 2.211468556492866486e-02 2.020116726070130680e-02 1.925147736706370530e-02 2.112661828979770645e-02 1.881413649105874095e-02 2.490807108211708781e-02 1.946350682473583366e-02 2.077769928193037158e-02 2.046847558335579062e-02 2.042700569502188535e-02 2.184761029598630139e-02 1.936315202364700949e-02 1.967401625327103512e-02 1.896935931222517441e-02 1.960908595020907294e-02 1.992179085435421756e-02 2.050132830148372956e-02 2.006061732510592416e-02 1.787376799914326686e-02 2.030559463395713651e-02 1.981531850526534189e-02 2.052183276572587187e-02 1.797440538478287456e-02 1.765039766960784656e-02 2.132638053004630094e-02 1.840949533602304761e-02 1.954928112184205896e-02 1.984906285872429371e-02 1.802066435169035613e-02 1.697541630599504539e-02 2.193251020331184881e-02 2.328089404802638138e-02 1.765677750210555008e-02 2.086638068548328506e-02 1.936865200998677192e-02 1.898046473162165459e-02 2.064083648978526364e-02 2.046190962557840193e-02 2.132191888035300104e-02 2.331617954812931562e-02 2.061882121719076089e-02 2.000449129336281939e-02 1.889790666241613140e-02 2.101599467908956201e-02 1.753820701099631160e-02 2.012273687904853406e-02 2.012105409914631202e-02 2.141890521629164629e-02 1.977929596266029752e-02 2.072033104092308939e-02 2.145413072961228906e-02 1.912151000844875687e-02 2.078559532249360173e-02 1.912587658429705864e-02 2.028973899592114230e-02 2.168121485711669780e-02 2.107308968464139190e-02 1.867164812194139697e-02 2.066327211179625617e-02 2.046179085830756098e-02 1.883041276187882168e-02 1.911681041661272493e-02 1.850682024358403510e-02 1.602932704304275979e-02 2.133467583818204200e-02 2.223359472508786364e-02 2.042299481034605402e-02 1.970224467819588904e-02 1.843575984134407028e-02 1.815636698786763509e-02 1.823970044686904976e-02 2.047246609031315445e-02 1.902354430004758387e-02 1.986649629643238990e-02 1.973414357517327272e-02 2.028681169138324414e-02 1.886574976097186301e-02 1.963162248042481933e-02 1.863211279337824086e-02 1.919160393649653115e-02 1.848239852453415627e-02 2.148806873100604295e-02 2.008208270126753472e-02 1.930431849703289487e-02 2.024311713527515710e-02 1.914065992930037360e-02 2.051501557284124075e-02 1.959420809385313197e-02 2.226555256858336884e-02 2.103546604198669456e-02 2.096557768920357875e-02 1.537867936215123188e-02 1.809796170336796378e-02 2.132607308278468630e-02 2.034377357863913910e-02 1.973524912898664413e-02 1.931008619952124389e-02 1.888846196915971304e-02 2.014844623864184975e-02 1.844466739050370369e-02 2.066072304042587335e-02 1.924270217081788109e-02 2.130761785068110981e-02 2.204665662930753445e-02 2.262633345134217738e-02 1.910573796729193516e-02 1.944130826174466850e-02 1.925149277594464386e-02 2.145449918428791319e-02 1.924955418443906677e-02 2.007556561370137105e-02 1.892525036183670406e-02 2.288536427400878620e-02 2.145982098050028611e-02 2.013740197613510946e-02 1.990866271426263573e-02 2.457116116683909224e-02 2.156548760311900043e-02 2.329356943100110988e-02 2.065513095330919272e-02 1.990261411872782521e-02 2.053125494024570646e-02 2.085127535946193489e-02 2.738870039766929873e-02
1.868181972657925044e-02 1.561090193184752270e-02 1.845675148633183979e-02 1.897770991547868477e-02 2.030976675380569835e-02 0.000000000000000000e+00 1.645047933311659036e-02 1.888486451422329709e-02 1.845188884395346576e-02 1.775974761868018975e-02 1.949339389749775442e-02 1.977332932982712663e-02 1.586368198947048225e-02 1.585328991015013886e-02 1.918724513517671912e-02 1.829336602342312990e-02 1.787700861038234515e-02 2.016744008333280769e-02 1.796524486201252213e-02 1.676955380225545952e-02 1.899160566349812965e-02 1.527298297568199445e-02 2.333639952431999787e-02 1.620258376106128301e-02 1.862374485794609374e-02 1.821543696945245733e-02 1.398727301070855529e-02 1.980291810641143790e-02 1.691389531501196961e-02 1.731308827814494536e-02 1.641005285601427124e-02 1.725751245905637887e-02 1.757477989574631957e-02 1.825135399828235055e-02 1.762265213099534905e-02 1.538997982990250764e-02 1.810814549960691397e-02 1.677666264812953043e-02 1.831130242258216176e-02 1.315263282615440621e-02 1.504296361498701391e-02 1.926224236898780098e-02 1.763763748102725390e-02 1.710939176140173490e-02 1.740119513013138261e-02 1.484376814807600135e-02 1.405563772418338096e-02 2.000520414463871632e-02 2.172138070710469965e-02 1.508330640757571568e-02 1.862246170301189510e-02 1.698691121026516676e-02 1.651707978279671335e-02 1.846207226840528709e-02 1.831340506143046276e-02 1.928252869484035556e-02 2.145636949092188592e-02 1.847096914274412929e-02 1.772864902354890498e-02 1.634472107217621595e-02 1.889311004127006491e-02 1.482065078285536505e-02 1.782590501563941637e-02 1.762147107548690111e-02 1.938733120155632789e-02 1.742305067020729833e-02 1.820232036616879767e-02 1.935909096895148049e-02 1.766732413101318108e-02 1.796539790708200773e-02 1.700399955560700366e-02 1.813713315230901235e-02 1.968701493715990791e-02 1.892881541984271429e-02 1.620511938069516336e-02 1.857345924222946615e-02 1.826920556715241548e-02 1.709685122173565039e-02 1.650198566935648717e-02 1.628567635625268600e-02 2.017905523224037059e-02 1.927548372287088418e-02 2.023516867095380423e-02 1.819958663145163080e-02 1.726984939350614465e-02 1.579940483927696343e-02 1.552344477085800672e-02 1.635883426793638060e-02 1.811627627758422357e-02 1.653264962271783906e-02 1.770874480154055464e-02 1.374706311593384619e-02 1.805159849877029793e-02 1.618984280878287343e-02 1.725747875222603464e-02 1.609968507486789560e-02 1.649894357218563770e-02 1.576055828143098705e-02 1.935763195648207771e-02 1.785018401650144762e-02 1.690378544020039800e-02 1.796497296151389200e-02 1.648606744719871217e-02 1.834998437600162194e-02 1.626667989437104514e-02 2.030907977549760782e-02 1.845513215360425341e-02 1.885340061768396233e-02 1.660729098665587877e-02 1.544618000293024665e-02 1.911263463138570054e-02 1.804893627356331590e-02 1.741092334645834641e-02 1.696056059384252329e-02 1.647285809029611428e-02 1.782431146184198373e-02 1.783573075416454087e-02 1.894209358065593318e-02 1.687469927114862780e-02 1.942768986418234173e-02 2.011637558869641337e-02 2.044267275378676418e-02 1.618970434454933618e-02 1.699389675272205275e-02 1.783923039344765052e-02 1.943581682473688454e-02 1.681832155002910972e-02 1.702864813305280875e-02 1.541552220418600933e-02 2.109734442100674734e-02 1.929313926644284430e-02 1.775411265801411786e-02 1.736334787752905062e-02 2.569629316407731623e-02 1.950294771411458655e-02 2.356622142833486588e-02 1.843658193982705695e-02 1.773292236035679120e-02 1.819038049999791018e-02 1.884628033968155716e-02 2.764657486319293395e-02
1.715937667149903395e-02 1.406357731797395517e-02 1.395050257800041320e-02 1.741573875338045183e-02 1.868363785034273666e-02 1.645047933311659036e-02 0.000000000000000000e+00 1.736878725143229871e-02 1.692370877253342870e-02 1.609107692315404556e-02 1.774521777851221366e-02 1.828201893525868010e-02 1.179236388272037785e-02 1.389373463512563571e-02 1.696587814309842915e-02 1.699798080008711743e-02 1.593938854869026561e-02 1.881809689485839515e-02 1.627482376695705071e-02 1.501977369813258315e-02 1.756214201746761697e-02 1.439769238267167746e-02 2.209885468737659425e-02 1.540328688381057201e-02 1.702124258483012423e-02 1.633884073948120227e-02 1.660540891050133958e-02 1.849552331214548984e-02 1.520882342866749365e-02 1.502496792089842541e-02 1.461514914452394405e-02 1.514093647601027180e-02 1.599339160852124297e-02 1.672829569567707217e-02 1.555254604974986438e-02 1.333087082944133146e-02 1.644542252220274753e-02 1.577867500450323701e-02 1.660024917671820352e-02 1.331370783928504352e-02 1.250898541436194430e-02 1.773891142607935192e-02 1.325412575670846180e-02 1.524598881777668863e-02 1.590282328079364524e-02 1.335563822717054407e-02 1.189244551763718981e-02 1.772749246512605667e-02 2.056492032602378825e-02 1.297697879549870523e-02 1.702510924869254580e-02 1.521972124836011402e-02 1.463162147115819496e-02 1.603525853915094626e-02 1.667365404687907657e-02 1.780318823406188203e-02 2.023082436946664966e-02 1.683843352801125959e-02 1.608372431252338974e-02 1.446254434638372284e-02 1.738549929967367000e-02 1.122729829373171617e-02 1.626763570562118552e-02 1.620058694275602548e-02 1.765603750436210012e-02 1.561272435371163433e-02 1.709299497059703007e-02 1.798784020514434395e-02 1.599950226080191704e-02 1.713647581560530028e-02 1.457869380966959026e-02 1.633003812386966958e-02 1.819364999057221377e-02 1.741550035059522689e-02 1.412722658434886584e-02 1.695350227832080267e-02 1.668114893377923083e-02 1.560547065874510336e-02 1.486653361140324175e-02 1.431294485712352078e-02 1.808967661659094395e-02 1.673283587265929698e-02 1.898568748538638842e-02 1.659468481046891264e-02 1.560736797600677933e-02 1.385033203796717620e-02 1.339666247504264600e-02 1.440574044462562125e-02 1.667766395634270177e-02 1.462724321213834840e-02 1.604575954590144876e-02 1.574013953288591963e-02 1.647865521288675861e-02 1.419463642573955998e-02 1.554554405941581917e-02 1.420684446840732307e-02 1.492060506167443810e-02 1.400157676966773401e-02 1.801169597068043304e-02 1.616087472264715608e-02 1.501693581440459793e-02 1.632907654885399143e-02 1.475806564981732572e-02 1.677780200970760763e-02 1.537229021252715065e-02 1.900573494139865677e-02 1.745964977120139511e-02 1.732223590277918307e-02 1.479300961509069645e-02 1.315670501482385339e-02 1.782215880960403426e-02 1.615000344957077949e-02 1.525857637553903676e-02 1.493113428616813648e-02 1.459691568854998636e-02 1.606627112317212877e-02 1.592833875888021583e-02 1.752871630276646442e-02 1.491090812989146093e-02 1.778369904502904303e-02 1.873738353626889369e-02 1.939201754709162298e-02 1.467483124674139570e-02 1.528442732488908239e-02 1.630563155921770091e-02 1.797198097302461078e-02 1.499054869961343253e-02 1.637072493133747211e-02 1.462195467638043381e-02 1.992961701499181004e-02 1.790427506055946097e-02 1.616116549709900943e-02 1.592138634564323196e-02 2.436293795082664429e-02 1.790053130056416114e-02 2.233053274956405682e-02 1.691912696371722369e-02 1.607273151345866430e-02 1.661811185313508826e-02 1.735392235381056844e-02 2.651072127096180953e-02
1.890541844269179317e-02 1.689580984977527914e-02 1.915619492399487159e-02 1.970193200818918036e-02 2.101249737659532588e-02 1.888486451422329709e-02 1.736878725143229871e-02 0.000000000000000000e+00 1.930150442197073671e-02 1.839458482360567179e-02 2.021842611321320732e-02 2.042761747703654082e-02 1.679212121574114036e-02 1.682152610252719144e-02 1.992641317957999370e-02 1.925850664358588066e-02 1.736461337830890600e-02 2.084775066153808989e-02 1.873121812583731019e-02 1.768013399880770734e-02 1.977369249865038731e-02 1.725894294420891178e-02 2.388517018698153166e-02 1.798990696452135510e-02 1.944306432644615779e-02 1.904921853239681384e-02 1.902480158371434513e-02 2.057015585581202510e-02 1.784315373046059527e-02 1.815914027755326926e-02 1.431044705930371169e-02 1.782208473240066288e-02 1.845159829429055681e-02 1.834272904976607527e-02 1.843553876541844522e-02 1.648178820664840047e-02 1.753525749465624159e-02 1.832669411824315586e-02 1.913178672758682197e-02 1.627284698067077082e-02 1.606976292804501369e-02 1.999540799008048264e-02 1.847201111734836712e-02 1.803431167440015456e-02 1.823381540811866430e-02 1.635698128494224995e-02 1.519682323213052480e-02 2.066702540930765927e-02 2.242069638633692810e-02 1.612175216188658014e-02 1.950919060513217271e-02 1.786646540492686785e-02 1.729041662381203964e-02 1.894823834075336916e-02 1.910784009722066301e-02 1.987552958572492978e-02 2.212286147139084017e-02 1.920959287823255715e-02 1.803302538840843502e-02 1.743394633943459032e-02 1.811637013267006907e-02 1.580973249274756492e-02 1.877749243958258193e-02 1.875048830492054980e-02 2.007783385644340904e-02 1.785597477025596680e-02 1.936713845942756793e-02 2.014264799592665675e-02 1.856326880881763522e-02 1.941526208770433248e-02 1.790004273981845445e-02 1.897935510794861169e-02 1.532584899273711776e-02 1.976979482861517326e-02 1.707406913841613347e-02 1.932967695927390733e-02 1.891558987383036572e-02 1.812180185954954947e-02 1.762792490684285743e-02 1.723238653489124125e-02 2.085079274992144432e-02 2.001664802135534951e-02 2.103673208497417249e-02 1.894755864212191790e-02 1.756111847906103099e-02 1.681899535104058874e-02 1.653950015248087727e-02 1.736685432501640716e-02 1.905266734600506023e-02 1.714482794956595849e-02 1.863834988776392684e-02 1.830902062216111306e-02 1.888098931387549584e-02 1.735087640019720642e-02 1.813618629825237971e-02 1.688457645771410109e-02 1.767729861199994132e-02 1.691941318759780655e-02 2.021396196285341409e-02 1.871018463941611157e-02 1.782448972369429091e-02 1.764007737244521756e-02 1.757299168499832503e-02 1.488277176198136292e-02 1.810316203310970498e-02 2.104048404802809358e-02 1.970372685766735854e-02 1.908976252809673965e-02 1.754068147453708912e-02 1.599739630168967378e-02 2.002001335367414175e-02 1.880686814118199754e-02 1.798675426270573974e-02 1.786485490771757417e-02 1.728988676404400945e-02 1.878661067778695029e-02 1.869988379981406268e-02 1.972916129083775519e-02 1.771064343898206758e-02 2.010496377678963262e-02 2.084180855423458517e-02 2.140499648897526558e-02 1.684904356925769064e-02 1.789477029723748197e-02 1.877623071979868732e-02 1.852295500784559637e-02 1.774973451181507608e-02 1.884051585831129916e-02 1.741405996824076444e-02 2.185719085545292581e-02 2.013470206260322207e-02 1.873879272183826689e-02 1.849187885477376198e-02 2.619114332469635667e-02 2.014474439895176661e-02 2.412392732632673981e-02 1.926033228320171362e-02 1.846366306889613007e-02 1.822243102362985923e-02 1.946129729058089855e-02 2.810431461634049083e-02
1.907636648196721699e-02 1.641817930427231717e-02 1.887255299441884318e-02 1.939177070456356636e-02 2.045765106990184504e-02 1.845188884395346576e-02 1.692370877253342870e-02 1.930150442197073671e-02 0.000000000000000000e+00 1.820530942329164764e-02 1.988767900907884717e-02 2.002006520385650121e-02 1.638876386863632670e-02 1.626219112880872633e-02 1.954365034741939108e-02 1.891653595631831788e-02 1.830319499780267561e-02 2.058224194735796056e-02 1.827934336787839439e-02 1.728792559142354815e-02 1.943506773894071796e-02 1.628749519949138427e-02 2.363778519481156415e-02 1.750394952428961648e-02 1.901433699243708364e-02 1.867404763842323012e-02 1.857834558488348844e-02 2.025538082017426175e-02 1.739107130277469174e-02 1.778800608528666866e-02 1.694031293611567013e-02 1.765614341612480737e-02 1.806681895299429991e-02 1.873383900792692860e-02 1.819316892718967141e-02 1.599451881985723342e-02 1.852889324661450079e-02 1.790759117120946722e-02 1.869858186256205534e-02 1.586171722617531199e-02 1.556733083341612679e-02 1.967518165804664487e-02 1.797609452889299686e-02 1.764197038220430974e-02 1.799723564288801397e-02 1.583749188180034670e-02 1.452839107101856070e-02 2.038321107028940107e-02 2.210498152313463555e-02 1.510273163650920590e-02 1.910571454962078572e-02 1.723089728120135930e-02 1.700327258148278883e-02 1.889373882749202302e-02 1.435237546507263547e-02 1.967025487330805594e-02 2.181699185652387352e-02 1.884021899939047201e-02 1.818593149079573631e-02 1.690289202688221443e-02 1.931679258016865200e-02 1.534305853010113456e-02 1.829181278271682989e-02 1.830660612314919181e-02 1.978547244436472050e-02 1.785867536928104418e-02 1.900516307413284423e-02 1.979844921089545656e-02 1.407974959358354941e-02 1.905704880234591544e-02 1.709933827182015878e-02 1.852902996584216561e-02 2.007124031008651263e-02 1.938056699685468398e-02 1.582854139679774549e-02 1.896560924269878948e-02 1.863592437813416797e-02 1.760423766605951137e-02 1.719044790277288876e-02 1.668270068967833350e-02 2.045795192921569250e-02 1.967371411462294842e-02 2.069944096908147430e-02 1.860798857738961767e-02 1.781167139396551413e-02 1.633431036381603058e-02 1.591422050677649205e-02 1.674055345668234648e-02 1.866038563218136784e-02 1.697505729470551172e-02 1.815771384677708142e-02 1.776264142051199590e-02 1.848808091720679711e-02 1.685514225620715276e-02 1.716288631546143001e-02 1.653436859224811234e-02 1.716864245114222559e-02 1.376730126218407915e-02 1.984169355440860982e-02 1.820674204131578905e-02 1.731446098957327429e-02 1.838143614845443377e-02 1.706404363477823094e-02 1.876963412376015522e-02 1.758847992882810532e-02 2.070760146402863058e-02 1.932675241913663772e-02 1.925866955526286256e-02 1.640936776274872291e-02 1.572134369263130174e-02 1.965440797784320792e-02 1.830804383954795500e-02 1.780984665135516495e-02 1.741792340171518377e-02 1.692060554973979711e-02 1.826057151770769937e-02 1.824140905872130222e-02 1.933215643626393088e-02 1.632333774819372252e-02 1.978813348037748027e-02 2.052800329782072247e-02 2.083513328891885633e-02 1.710843089316441135e-02 1.749519905535505335e-02 1.818774599926453392e-02 1.982734858748365359e-02 1.708412859199006165e-02 1.837403202258072049e-02 1.686221444753811805e-02 2.154394826933731660e-02 1.907474082004776209e-02 1.832483318456542415e-02 1.805353731584523683e-02 2.592105464825075062e-02 1.963229843847462408e-02 2.366696945734951193e-02 1.887345059059908695e-02 1.820634730867384810e-02 1.861856847416519176e-02 1.923987530944650318e-02 2.782306558437254787e-02
1.729180027108447384e-02 1.551413703136172127e-02 1.810406190499950357e-02 1.466070711116040058e-02 2.004313007805653968e-02 1.775974761868018975e-02 1.609107692315404556e-02 1.839458482360567179e-02 1.820530942329164764e-02 0.000000000000000000e+00 1.918417452699478984e-02 1.946479086861035643e-02 1.551703907531276627e-02 1.531712562367801636e-02 1.888889141609297398e-02 1.818445971471382289e-02 1.677451018222127568e-02 1.988371218119044243e-02 1.764418884808315741e-02 1.646940783130976596e-02 1.867818496327545291e-02 1.595228781330568571e-02 2.305964331241251719e-02 1.678125817855382132e-02 1.836032239289112425e-02 1.676148758131760369e-02 1.790305890195587404e-02 1.946844497167054752e-02 1.587380186707179966e-02 1.697224887669393500e-02 1.610727078763668843e-02 1.665772991360906299e-02 1.721462468721854724e-02 1.801904281274369773e-02 1.737989951648754097e-02 1.514429387624521492e-02 1.672043161735135147e-02 1.713512439834600012e-02 1.802092418583491409e-02 1.495823755978743959e-02 1.472243577597029049e-02 1.886181823350282713e-02 1.732725924597472780e-02 1.675617383017082018e-02 1.721838788238322718e-02 1.489540399751442326e-02 1.370138363718930233e-02 1.968560165528732142e-02 2.152929816270517105e-02 1.473787316006530505e-02 1.840163131787179301e-02 1.661492913257434090e-02 1.612248756809279288e-02 1.799913170893899586e-02 1.803649044057625134e-02 1.890352995105202757e-02 2.123174658414302141e-02 1.816039721076971591e-02 1.714071120873482054e-02 1.620503143731943235e-02 1.806584509378493519e-02 1.422550258008524991e-02 1.760496467238659851e-02 1.760441376424562790e-02 1.904518440066579540e-02 1.383206352451034175e-02 1.829833163631594539e-02 1.872520109102025418e-02 1.740195656365386284e-02 1.835039973773408897e-02 1.672097237239173265e-02 1.785402046969451414e-02 1.904107797263714791e-02 1.870768433926758498e-02 1.587692673050592612e-02 1.825317268004255852e-02 1.763773054342259589e-02 1.697716564845955928e-02 1.633034290930937896e-02 1.596183099781381051e-02 1.988022053216777565e-02 1.898919773919788279e-02 2.004436590289764702e-02 1.782569371605180128e-02 1.618466819233388074e-02 1.500531742270031811e-02 1.520735392163686216e-02 1.610796011052365029e-02 1.711272850890922098e-02 1.615877824929921533e-02 1.747429159763995432e-02 1.712638567739699358e-02 1.666802824328559446e-02 1.604796029606472482e-02 1.695562661045770317e-02 1.575260800318380866e-02 1.643521912710404695e-02 1.556960139918559319e-02 1.881275638204213049e-02 1.755025315476378689e-02 1.660196822673500744e-02 1.754990125795545877e-02 1.618084191390933846e-02 1.765351606480939847e-02 1.687801224179555706e-02 2.008143171094644436e-02 1.865344421463758368e-02 1.457998231892272852e-02 1.632621730959848971e-02 1.508592203637219853e-02 1.898893056520123065e-02 1.691338008162984394e-02 1.693662268220958236e-02 1.662692568292548079e-02 1.599414932416154400e-02 1.764028819194779496e-02 1.755777408526355138e-02 1.863316820721534414e-02 1.657197380155751507e-02 1.909437935282386894e-02 1.986111765748383579e-02 2.038288506017348761e-02 1.612655947970570783e-02 1.364259880173438605e-02 1.760838255435606681e-02 1.870222366135328509e-02 1.649780667471288653e-02 1.769469536256624079e-02 1.616507376963692913e-02 2.091531462732706265e-02 1.889875180120938539e-02 1.726770502904865362e-02 1.729792462870338027e-02 2.542387387107035088e-02 1.914363499755690826e-02 2.329555408189603813e-02 1.769169390831076827e-02 1.751484340412545748e-02 1.793010939967347797e-02 1.823393192810348132e-02 2.738266576734452173e-02
2.000399065785600158e-02 1.754537296888438250e-02 1.829551528463223622e-02 2.030212908943254679e-02 2.151977066385148130e-02 1.949339389749775442e-02 1.774521777851221366e-02 2.021842611321320732e-02 1.988767900907884717e-02 1.918417452699478984e-02 0.000000000000000000e+00 2.102496695111455080e-02 1.733316598211960893e-02 1.749633166570185167e-02 2.045614568870222569e-02 1.986219472600366312e-02 1.921339015690017721e-02 2.120697089262891036e-02 1.939191494898684712e-02 1.818772879283005878e-02 2.030507223690698054e-02 1.792901817921925545e-02 2.432757962146182493e-02 1.862646196837055082e-02 1.983310364521139943e-02 1.962335713035289614e-02 1.962388980170701180e-02 2.109286752453138139e-02 1.845843407105761044e-02 1.883284662093590023e-02 1.805669868517695287e-02 1.876058358630327064e-02 1.908882926066206298e-02 1.970683408115597376e-02 1.827596673266245267e-02 1.716805575200560166e-02 1.949712086048193543e-02 1.897035211111886346e-02 1.501704200156204518e-02 1.704087667973900114e-02 1.651747009539576011e-02 1.989160673523405684e-02 1.902096495404994453e-02 1.488567367212848339e-02 1.897336502781569317e-02 1.706808839266533637e-02 1.589936126968409871e-02 1.569804729863950171e-02 2.288431995674659880e-02 1.684941181431018342e-02 1.980696577999949484e-02 1.850316745123649353e-02 1.774107715801595889e-02 1.946829598787462590e-02 1.970365956979995212e-02 2.053048944328048422e-02 2.263183471227403834e-02 1.985097221962689798e-02 1.909787497563819950e-02 1.808126281376137498e-02 2.022559449361226863e-02 1.659032413512450191e-02 1.933471023599680344e-02 1.934374831492727959e-02 1.889227119663956095e-02 1.890520066798566726e-02 1.994092575348885288e-02 2.067312891057312280e-02 1.918282538714114610e-02 2.000182166033704842e-02 1.853282552386400703e-02 1.951319957240631522e-02 2.090577883690390368e-02 2.027855112185268649e-02 1.772456860941811971e-02 1.992786911292512841e-02 1.966752395871857254e-02 1.873619116107527738e-02 1.754915168578945542e-02 1.786513809393818278e-02 2.134279475034451395e-02 2.003474343604206773e-02 2.155243727790798897e-02 1.952302709891032620e-02 1.880286173627267188e-02 1.683224570390521799e-02 1.653402349264412180e-02 1.798578047494882662e-02 1.962203594421610062e-02 1.808349604357512366e-02 1.923017431608434538e-02 1.889517122175155689e-02 1.947776869222746232e-02 1.802641214902090186e-02 1.879121681373811803e-02 1.772994155712708658e-02 1.832443827229444586e-02 1.760559243873194291e-02 2.076159101727504883e-02 1.908622517583449460e-02 1.746443203532846433e-02 1.940605848564295327e-02 1.810381486573492058e-02 1.971220437065472966e-02 1.872989269406450524e-02 2.156378252061375012e-02 2.026807976329885949e-02 2.018410669181230563e-02 1.817191018541333344e-02 1.715906647926878498e-02 2.057285777024440293e-02 1.952402956003235560e-02 1.884949488193090120e-02 1.850211048493901819e-02 1.804249791483866078e-02 1.939485461381720843e-02 1.929419614246450157e-02 2.033171931098055885e-02 1.840225204518016258e-02 2.066382535813435575e-02 2.130609898668986424e-02 2.192005095687572791e-02 1.804256766783865831e-02 1.844351656756041541e-02 1.938577507310117881e-02 2.068024902478203184e-02 1.821604603944779188e-02 1.927113623020160552e-02 1.806873505516352896e-02 2.233528547522484892e-02 2.070872775773745580e-02 1.917514125265535468e-02 1.912052841356531863e-02 2.657356834002636350e-02 2.078210727216683179e-02 2.454684306562321047e-02 1.984573140150535514e-02 1.920934569911407833e-02 1.967869360067094411e-02 2.019536005054247893e-02 2.846097041151340878e-02
