0.000000000000000000e+00 1.076592748606126047e-02 1.101935464912106623e-02 1.188075036121868065e-02 1.040085367907028595e-02 1.101700398983121269e-02 1.012052076334803499e-02 1.126731582989463042e-02 1.079920414754374086e-02 1.076819903838833851e-02 1.151814863926381091e-02 1.098644666561985651e-02 1.222299314976996870e-02 1.098247617857046714e-02 1.076781040744273846e-02 1.266437181444835490e-02 1.152824204519053639e-02 1.041759090651195666e-02 1.076748681008301602e-02 1.077200457512166726e-02 1.126192031900925469e-02 1.124596671583112314e-02 1.058965997067752747e-02 1.151664558478743099e-02 1.313172357481437458e-02 1.440594805702068854e-02 1.370362260704252079e-02 1.076270606580755768e-02 1.434356100637019377e-02 1.155081975838089664e-02 1.057225957030787956e-02 1.039519138064889762e-02 1.127864987063917010e-02 1.268657704518838698e-02 1.127816689560084615e-02 1.225586986077238649e-02 1.101498880140003821e-02 1.188671618451926301e-02 1.126392027437145629e-02 1.185466354828468294e-02 1.155372007741963143e-02 1.127537527801169420e-02 1.079304608578345905e-02 1.189499784756904016e-02 1.078488318377551769e-02 1.079162798850204392e-02 1.026094885000695088e-02 1.079275267213889757e-02 1.189323223423047887e-02 1.184978260121767428e-02 1.225791949718015895e-02 1.188787869421108374e-02 1.079364370654469114e-02 1.188875118179922794e-02 1.188787964369788716e-02 1.155616460295164072e-02 1.154676362761690098e-02 1.187719847152549600e-02 1.012023893915476626e-02 1.026750399100267649e-02 1.126244605577152343e-02 1.374724808586510680e-02 1.079679293144702838e-02 1.012579048675825780e-02 1.188198059275357397e-02 1.042155528579514351e-02 1.155124063290365218e-02 1.374427682683022726e-02 1.225804838553126372e-02 1.102165394727671645e-02 1.126480645591826889e-02 1.226343777097884183e-02 1.154982448066919215e-02 1.155397459075357958e-02 1.126862822247437501e-02 1.155806719503468284e-02 1.156074754143133348e-02 1.059633530234732265e-02 1.078937855403787165e-02 1.059205330215492839e-02 1.041740398527164421e-02 1.126934906646858033e-02 1.042022592956736750e-02 1.078723902763431899e-02 1.188039952138477892e-02 1.101681621382684037e-02 1.059976256679936828e-02 1.101314204060959041e-02 1.317811770503533701e-02 1.101551815558255223e-02 1.155472782383393238e-02 1.059518005657089819e-02 1.225260380182707429e-02 1.101603805696324719e-02 1.101575004613283837e-02 1.126607910740636334e-02 1.042390670992009855e-02 1.127162949988345583e-02 1.127837634880687716e-02 1.101951603720580271e-02 1.188492492364960455e-02 1.101929625585843647e-02 1.102409996433826277e-02 9.672471597615507621e-03 1.127366243619512542e-02 1.079749125605383372e-02 1.317592069990269725e-02 1.059607480710608209e-02 1.226675808591165713e-02 1.374167646056886384e-02 1.317797513750084554e-02 1.060037036002414550e-02 1.155804888147099821e-02 1.226350391023736663e-02 1.102443232883453320e-02 1.102053095105607651e-02 1.268370442708820732e-02 1.157070889416839457e-02 1.188640427639374268e-02 1.041744645831457934e-02 1.225309584919151602e-02 1.127469928090815698e-02 1.127030764660565294e-02 1.079275490920977333e-02 1.126930785529282539e-02 1.189261562015599821e-02 1.127538280093713825e-02 1.126591594321685146e-02
1.076592748606126047e-02 0.000000000000000000e+00 9.742109429838231513e-03 1.074821361008681739e-02 9.031580433861038232e-03 9.739739925043903318e-03 8.687790639776848609e-03 1.003569325539561442e-02 9.480679944230662945e-03 9.473525832089825863e-03 1.036524719894385896e-02 9.735156023300311351e-03 1.120418061957658210e-02 9.730148867691613968e-03 9.472923270385314246e-03 1.170274369348057487e-02 1.037705783403510690e-02 9.024885722103800217e-03 9.472991181067683467e-03 9.477748591908235348e-03 1.002822039116202206e-02 1.006654485469393734e-02 9.249526521795954637e-03 1.036299404964417803e-02 1.219138793469094761e-02 1.355359652769150443e-02 1.284586845193023269e-02 9.486850394525176214e-03 1.353554855119630529e-02 1.036717047161396857e-02 9.237831606311809954e-03 9.024771614213345991e-03 1.007084036564909885e-02 1.168439935876670714e-02 1.007017471414792774e-02 1.117457572365318855e-02 9.757693088364762998e-03 1.077975279606821664e-02 1.005350730792396730e-02 1.078094204321651713e-02 1.039398510704353691e-02 1.006677878693803749e-02 9.492759702643578656e-03 1.078927267027776811e-02 9.482852714366224109e-03 9.491497503317030196e-03 8.855356420704169410e-03 9.492368469530913441e-03 1.078732065483714586e-02 1.077541576811302283e-02 1.120290383187584789e-02 1.078098586504969147e-02 9.493472381353789888e-03 1.075690963280732937e-02 1.078124291063268028e-02 1.039685256091637568e-02 1.036200851128100085e-02 1.076883076387256076e-02 8.687084627249699528e-03 8.863358615147772998e-03 1.005157588652721978e-02 1.284659002425932346e-02 9.497451387914194326e-03 8.693982409254346830e-03 1.074911364608426012e-02 9.047481984039526526e-03 1.039069202780206792e-02 1.284319048647620566e-02 1.120359386220859746e-02 9.765740930270718281e-03 1.005415771660612100e-02 1.120964666073195892e-02 1.038914748929042203e-02 1.039383620200880209e-02 1.005877472583410932e-02 1.039878400459558552e-02 1.040176815965026050e-02 9.256967905310491129e-03 9.488416022532730407e-03 9.251876973406542026e-03 9.042581759782146109e-03 1.005944365030735609e-02 9.045989964207662437e-03 9.485723114234888634e-03 1.077235892612503527e-02 9.759988867431968959e-03 9.261268892901845795e-03 9.755527706662554810e-03 1.222744042533764272e-02 9.758457766344333373e-03 1.039482348465964323e-02 9.255581220403505047e-03 1.119748956531939690e-02 9.758935222261219677e-03 9.758583422639761223e-03 1.005565752421203052e-02 9.050310912217220810e-03 1.006233792852332005e-02 1.007034816394556873e-02 9.763239363836136511e-03 1.077768349525475358e-02 9.763195028672982945e-03 9.768709658198582862e-03 8.155902663909904080e-03 1.006474016406312851e-02 9.498130811620672173e-03 1.222503584477720520e-02 9.256815703410943910e-03 1.121329967368839275e-02 1.284038475143518127e-02 1.222746422626898311e-02 9.261982629640706094e-03 1.039865678170954696e-02 1.120976649160890758e-02 9.769107233867618811e-03 9.764451851865543763e-03 1.168140694031883330e-02 1.041356411344974281e-02 1.077938358275342887e-02 9.042630281244015342e-03 1.119808549760261708e-02 1.006597136021806019e-02 1.006066918386347778e-02 9.492336008305825301e-03 1.005951876139964118e-02 1.078657603943393092e-02 1.006677829216062574e-02 1.005557100119627324e-02
1.101935464912106623e-02 9.742109429838231513e-03 0.000000000000000000e+00 1.100179724158526634e-02 9.321442996821116198e-03 1.000027464752231178e-02 8.977286419027103934e-03 1.028499568944061041e-02 9.751347347631836998e-03 9.744542436998954518e-03 1.060322889894788762e-02 1.001837906107472080e-02 1.139351576664405542e-02 1.001403197387086899e-02 9.744341235464817896e-03 1.187893265861625879e-02 1.061502036741169067e-02 9.315183172948797094e-03 9.765280158475584532e-03 9.748619206834681361e-03 1.027831931556783505e-02 1.031744958534805932e-02 9.511628985707345010e-03 1.062688926828057011e-02 1.241781584194016040e-02 1.369551039462193337e-02 1.303255200601257345e-02 9.738238490243567719e-03 1.367718198731273684e-02 1.060549108418613017e-02 9.539181159177814034e-03 9.334303031000435250e-03 1.032128719753006713e-02 1.189120858040912387e-02 1.032077302025443191e-02 1.141871453135448987e-02 9.996963784657494564e-03 1.100825203626066597e-02 1.030476648935671653e-02 1.100956698233294603e-02 1.063375296216668292e-02 1.031745895593597431e-02 9.765041046448789605e-03 1.101747879269508214e-02 9.755768452964953472e-03 9.763988542179807481e-03 9.154446934319054527e-03 9.764889731958470084e-03 1.101559782284891077e-02 1.100420659138652904e-02 1.139184887513608642e-02 1.098227755082679079e-02 9.765916588648950250e-03 1.101036157845382453e-02 1.100980520277037439e-02 1.063650272600762635e-02 1.062570098517087551e-02 1.099761786758388440e-02 8.993486866965581111e-03 9.162205143002788085e-03 1.030280114110779938e-02 1.303319485231938316e-02 9.748355891976969931e-03 8.999851991472683152e-03 1.100280464373695061e-02 9.338565945992614165e-03 1.063068346066821726e-02 1.303018362750417609e-02 1.142123440087550006e-02 1.002770543225441069e-02 1.030533976118121892e-02 1.142706519755389005e-02 1.062908565466910531e-02 1.063372010902413796e-02 1.030969568446066936e-02 1.063851817225140370e-02 1.061598428062350032e-02 9.539167920903493525e-03 9.761053983918809712e-03 9.534382186990781466e-03 9.333754543987894323e-03 1.031052893952768591e-02 9.337197350945989488e-03 9.758572802325024206e-03 1.100118865817247514e-02 1.002183339343266227e-02 9.543348369180337451e-03 1.001765333416806437e-02 1.242410568581445857e-02 1.002039318981223608e-02 1.063457555664703083e-02 9.537837890275711189e-03 1.141508449895282939e-02 1.002098046095001825e-02 1.002067814988820069e-02 1.030678737060134256e-02 9.341273725380487211e-03 1.031322998515982366e-02 1.032095107466940269e-02 1.002506609050168342e-02 1.100626034867148093e-02 1.002497027430065968e-02 1.003032546843285293e-02 8.484621539304562296e-03 1.031554566078209285e-02 9.770376745638388594e-03 1.242167849954358382e-02 9.539112819580876021e-03 1.143081319446986530e-02 1.302742008520038804e-02 1.242424475654679145e-02 9.543968453406586477e-03 1.063849879643635407e-02 1.142733045181170207e-02 1.003070688937595864e-02 1.002623000750023710e-02 1.188847336463210065e-02 1.065283386721454194e-02 1.100791703665053752e-02 9.333823281840122194e-03 1.141584363228883431e-02 1.031673501871480277e-02 1.031171892594227521e-02 9.764925713898480950e-03 1.031050407802375397e-02 1.101497678626973085e-02 1.031751398023983586e-02 1.030660618637032830e-02
1.188075036121868065e-02 1.074821361008681739e-02 1.100179724158526634e-02 0.000000000000000000e+00 1.038241491083435712e-02 1.097320610593844822e-02 1.008208447349734013e-02 1.125109926883148537e-02 1.075627588335264367e-02 1.075058987997229779e-02 1.153318261596044357e-02 1.096883978275727846e-02 1.220846323936454654e-02 1.096512249022140936e-02 1.075034190285764114e-02 1.265042577263026345e-02 1.154330694727751828e-02 1.039899019344207344e-02 1.077482330216628439e-02 1.075417249948874658e-02 1.121613972258381393e-02 1.125816500594073975e-02 1.054799557615338293e-02 1.150027610128098038e-02 1.315837783729082930e-02 1.434893564160233913e-02 1.373382177158787541e-02 1.077028881881297168e-02 1.437729454521988540e-02 1.153478913626820868e-02 1.055433794555387869e-02 1.037681264021302931e-02 1.123281595201004734e-02 1.267193185209345915e-02 1.126147702179759215e-02 1.224083746580035062e-02 1.099727260155715369e-02 1.187086811880995983e-02 1.124697669051643797e-02 1.187214036598980595e-02 1.153728977507880935e-02 1.125835156823675430e-02 1.077510543534728089e-02 1.184631129936030217e-02 1.076671912445142584e-02 1.077361377390317898e-02 1.024200987434523667e-02 1.077477049718418914e-02 1.184434115533275142e-02 1.186741146390468682e-02 1.224269786263392119e-02 1.187198009412298270e-02 1.077585666918039718e-02 1.187301056519261128e-02 1.187222763648235549e-02 1.153971466206066103e-02 1.153067236706256139e-02 1.186120363958023324e-02 1.010082774089060900e-02 1.024850108090013742e-02 1.124539731899829378e-02 1.373444199734491847e-02 1.077892558537965270e-02 1.010671328688325134e-02 1.186634333426273696e-02 1.040279671226820163e-02 1.153491477175504036e-02 1.373160515103030374e-02 1.224328649063902673e-02 1.100434999771344666e-02 1.124786403110169739e-02 1.224844496607494816e-02 1.153341387828327007e-02 1.153765567079562300e-02 1.125169424677152641e-02 1.154175562703850175e-02 1.154453272484812568e-02 1.057787739654045094e-02 1.077140091227936705e-02 1.057365290786392402e-02 1.039859127999737294e-02 1.125221639709608236e-02 1.040146551127050720e-02 1.076925620685684551e-02 1.186475768118540677e-02 1.099944094888680342e-02 1.058138064988576807e-02 1.099565141991634687e-02 1.316470886410241528e-02 1.099803173978028924e-02 1.153841040894851636e-02 1.057671325026330288e-02 1.223778687479219578e-02 1.099847042222904143e-02 1.099826487131838094e-02 1.124913918301038117e-02 1.040515058883969418e-02 1.125469901573963698e-02 1.126146034015787153e-02 1.100196333690506116e-02 1.186920170858347945e-02 1.100185114375547626e-02 1.100663011147891626e-02 9.652175160532652093e-03 1.125665906020597434e-02 1.077946081298630614e-02 1.316242513318645509e-02 1.055413538632633992e-02 1.225176950062461904e-02 1.372889206953922803e-02 1.316472417673226515e-02 1.058192238060054122e-02 1.154165236097792237e-02 1.224860954779300078e-02 1.100689064212771219e-02 1.100298209430355077e-02 1.266953635466139261e-02 1.155433957741386700e-02 1.187068460503439699e-02 1.039861737240635291e-02 1.223827842616585261e-02 1.125769972841274107e-02 1.125329861812980961e-02 1.077471487685781326e-02 1.125221170369566058e-02 1.187691103134068740e-02 1.125846114228882741e-02 1.124889649030326802e-02
1.040085367907028595e-02 9.031580433861038232e-03 9.321442996821116198e-03 1.038241491083435712e-02 0.000000000000000000e+00 9.319061648623947966e-03 8.168666190925068932e-03 9.633344342905927893e-03 9.059995376922124963e-03 9.034463291131871604e-03 9.980861338606631175e-03 9.314126915709470753e-03 1.085281932053983218e-02 9.309129086156145774e-03 9.052086738030339086e-03 1.134345654114130020e-02 1.001443999397683485e-02 8.551521013162087168e-03 9.034022514122365399e-03 9.057068996270845052e-03 9.626314996373903921e-03 9.662133972065266654e-03 8.773305559137535223e-03 9.979040217862007733e-03 1.187630586156211351e-02 1.323556232485898279e-02 1.251488672912630905e-02 9.027513285892428685e-03 1.321732865256784392e-02 9.983491067667778218e-03 8.798549651972915886e-03 8.567543171030866933e-03 9.666600985118236136e-03 1.134915548257279388e-02 9.665985991417314765e-03 1.084944910996048575e-02 9.334461342964032668e-03 1.041102477116477402e-02 9.628403615791758519e-03 1.041212849737814007e-02 1.000698410228404930e-02 9.662318827776973304e-03 9.051558642676784533e-03 1.042080813639351643e-02 9.040890498650366869e-03 9.032041907132422331e-03 8.364787346956852401e-03 9.033319565753887906e-03 1.041882903274531785e-02 1.040650440748365317e-02 1.085152687285868313e-02 1.041238709043234949e-02 9.052283410060217930e-03 1.041355816155706444e-02 1.039061360733883714e-02 1.000996716204794780e-02 9.998410831557174791e-03 1.039974914309805751e-02 8.182538130939711815e-03 8.373319204064812518e-03 9.626367026342352168e-03 1.254239481587318163e-02 9.056740058335522800e-03 8.189677767764877089e-03 1.040538207144527626e-02 8.572750849756878219e-03 1.000383082162631734e-02 1.253918715485678910e-02 1.085209950286131035e-02 9.343176596622582847e-03 9.649134311103393230e-03 1.085820182198184852e-02 1.000209711696411867e-02 1.000714434101166936e-02 9.653909645809562526e-03 1.001222045658595877e-02 1.001549098046031726e-02 8.798645333640223859e-03 9.047020045484516562e-03 8.793094669112360567e-03 8.567321030306173507e-03 9.654735616913786775e-03 8.571050508830616727e-03 9.044043709243011417e-03 1.040343267611452960e-02 9.336942628418765794e-03 8.803129530807092540e-03 9.332275798702202585e-03 1.190827903197403878e-02 9.335289089069413390e-03 1.000807098711247768e-02 8.797100383666652673e-03 1.084558561098182203e-02 9.335978351520243454e-03 9.335538877261890731e-03 9.650648642202693320e-03 8.575743655825009137e-03 9.657676178536194964e-03 9.666218463868949187e-03 9.340379793249156681e-03 1.040887309554034378e-02 9.340438234978950746e-03 9.346205434366096701e-03 7.607430576669394623e-03 9.660215218281226202e-03 9.057363954258117536e-03 1.190575698130744500e-02 8.798276412143545694e-03 1.086216441072757055e-02 1.253631626983356569e-02 1.190830109566971828e-02 8.803888226997593630e-03 1.001219693089839234e-02 1.085839812407188992e-02 9.346626997142608306e-03 9.341669389448166785e-03 1.134627692133159844e-02 1.002774254091877253e-02 1.041065120767407579e-02 8.567409349247833567e-03 1.084627606281842946e-02 9.661517419708557514e-03 9.656018971691897670e-03 9.051269554068677031e-03 9.654764136685579229e-03 1.041822531237798083e-02 9.662372396237326605e-03 9.650517838300055190e-03
1.101700398983121269e-02 9.739739925043903318e-03 1.000027464752231178e-02 1.097320610593844822e-02 9.319061648623947966e-03 0.000000000000000000e+00 8.991780135445303843e-03 1.030672806754863446e-02 9.770374312339111245e-03 9.763724075057628182e-03 1.060128737628907719e-02 9.993708208351955932e-03 1.139178797555769063e-02 9.989046603542483041e-03 9.741922733091728029e-03 1.190735874804454107e-02 1.063843421069088357e-02 9.312932033309918520e-03 9.742069790437535640e-03 9.746417383177250621e-03 1.027624820246254324e-02 1.029149840951679509e-02 9.509423372838513022e-03 1.059969119025868170e-02 1.238479603008845777e-02 1.372963101494606604e-02 1.299793248390112253e-02 9.736158589906486471e-03 1.367626861908247116e-02 1.062905913103906821e-02 9.536781450100574251e-03 9.312759659567940509e-03 1.031943115689908444e-02 1.188978200375793125e-02 1.031893564166894671e-02 1.141691607711124191e-02 9.995016977341840067e-03 1.097952328578909349e-02 1.030259960563310699e-02 1.100784068737136086e-02 1.063174983773949867e-02 1.031568741317715615e-02 9.763163833701985969e-03 1.101569666854063101e-02 9.753559810673816458e-03 9.761807408125603575e-03 9.152186605847181106e-03 9.762859655016787805e-03 1.101394283133207662e-02 1.100228526764252673e-02 1.141907585613338889e-02 1.100773361071233011e-02 9.763857474796128547e-03 1.100891611904970639e-02 1.100801745107686871e-02 1.063471288274670315e-02 1.062400658608043773e-02 1.099609452562498070e-02 8.991160585987312270e-03 9.159845223320138216e-03 1.030075274856810316e-02 1.303183292356823592e-02 9.767868234583122755e-03 8.997597725479923939e-03 1.100108757338635022e-02 9.336219634246564758e-03 1.062872426483900921e-02 1.302852250506924929e-02 1.141961712302684909e-02 1.002540835745173962e-02 1.030329271616692993e-02 1.142517480854017206e-02 1.062712324698736333e-02 1.063180295799434627e-02 1.030771701363870745e-02 1.063645974958869929e-02 1.063943900091360827e-02 9.537014904479666419e-03 9.758753751764248294e-03 9.532015522922420228e-03 9.331447897041185782e-03 1.030861952113650698e-02 9.334769296357223189e-03 9.756273877593627311e-03 1.099930334183919431e-02 1.001976678650356653e-02 9.540982431231826225e-03 1.001552107923447087e-02 1.242266275393702143e-02 1.001824536052990829e-02 1.063261698036060444e-02 9.515449619815055660e-03 1.141338812228807724e-02 9.996176915575033170e-03 1.001851743467952784e-02 1.030480907895964075e-02 9.339048386701354065e-03 1.031115685258569316e-02 1.031889559645648990e-02 1.002298471575358528e-02 1.100445012059107254e-02 1.002290662090050966e-02 1.002824859649992760e-02 8.481992854269147439e-03 1.031355514393972328e-02 9.768215084910323795e-03 1.242030339439296333e-02 9.536706049510398214e-03 1.142909291622772397e-02 1.302586058092022013e-02 1.242269109232505345e-02 9.541731707927518166e-03 1.063659494488000332e-02 1.142552819313225922e-02 1.002855325574873203e-02 1.002415089158861100e-02 1.188683708705559963e-02 1.065093461247385367e-02 1.100602008551926185e-02 9.331616834530872401e-03 1.141411837445663498e-02 1.031474211186306743e-02 1.030972622682891672e-02 9.762760507646394206e-03 1.030858163003811265e-02 1.101316311980793210e-02 1.031552181489711617e-02 1.030470701100007040e-02
1.012052076334803499e-02 8.687790639776848609e-03 8.977286419027103934e-03 1.008208447349734013e-02 8.168666190925068932e-03 8.991780135445303843e-03 0.000000000000000000e+00 9.303963525217583130e-03 8.682786467009869641e-03 8.675052730671820728e-03 9.666406983016637491e-03 8.986442084904384606e-03 1.054349687137447721e-02 8.981143967154249508e-03 8.674624294189038284e-03 1.107077673824122949e-02 9.679160322677880096e-03 8.175536472431733231e-03 8.673994100131796059e-03 8.679964601724043938e-03 9.314154614804271565e-03 9.313450348479581156e-03 8.397671038519132977e-03 9.664147774998965712e-03 1.161523944714797259e-02 1.299831187385895592e-02 1.226616794655936878e-02 8.667606621389734381e-03 1.300472897718443419e-02 9.668539037396199284e-03 8.406532968715126758e-03 8.160975670802620915e-03 9.335384600374708672e-03 1.105138721398155575e-02 9.334759640177941672e-03 1.056001439200724389e-02 8.987786981198791700e-03 1.010809486096944133e-02 9.316284484858166834e-03 1.010958025213525013e-02 9.689853352514708404e-03 9.330816731464686153e-03 8.689726719569785748e-03 1.011819685777612908e-02 8.662471207136323431e-03 8.672098398670042771e-03 7.958318280437585296e-03 8.673319585299380657e-03 1.011621578036336032e-02 1.010361668188585783e-02 1.054162655461669471e-02 1.010934704653627426e-02 8.690379127204191437e-03 1.011068092144708219e-02 1.010973617704973883e-02 9.692769144698871325e-03 9.680767984580578370e-03 1.009638143916585275e-02 7.762212194190145839e-03 7.967252316074200855e-03 9.314181502801572449e-03 1.229018627914440880e-02 8.695144329167663749e-03 7.770105905206104759e-03 1.010229695574785952e-02 8.180645915175144278e-03 9.686351875288625596e-03 1.228675984300322231e-02 1.056252993315146514e-02 8.996726096336562020e-03 9.317104275630214497e-03 1.056880337252308864e-02 9.684551043430021308e-03 9.689893912529758124e-03 9.322044995462725955e-03 9.695109060644607757e-03 9.698362990415914514e-03 8.421491875751797168e-03 8.684682124064278808e-03 8.415595396277031695e-03 8.160428409773646391e-03 9.322921337205924280e-03 8.178959320881589931e-03 8.681666587962868706e-03 1.010016912598499933e-02 8.990222012562869985e-03 8.426335380276104084e-03 8.985296662323932065e-03 1.164403767546837339e-02 8.988419112201958758e-03 9.690809135184698386e-03 8.419923501598279569e-03 1.055584076864514616e-02 8.989165000825097285e-03 8.988733043647311946e-03 9.318762229591714963e-03 8.183910922520840070e-03 9.325903259613179883e-03 9.334768160142151508e-03 8.993804857532249411e-03 1.010571520708231086e-02 8.993779872881630180e-03 8.999805489879650344e-03 7.141172746992788256e-03 9.328508118728182780e-03 8.695541016489971922e-03 1.161908941554431682e-02 8.421107785828616313e-03 1.057280285457644180e-02 1.228389029968131145e-02 1.164411104043155953e-02 8.426995987801446167e-03 9.695080495683759680e-03 1.056894042640313218e-02 9.000248890893495016e-03 8.995041561922229728e-03 1.106958252220495431e-02 9.711100879834200575e-03 1.010766924821439317e-02 8.175002058411094327e-03 1.055654635650358705e-02 9.330029196845664868e-03 9.324173423483260448e-03 8.689261536685923340e-03 9.322925749282659491e-03 1.011544113168242991e-02 9.330805119292020014e-03 9.318543726988958928e-03
1.126731582989463042e-02 1.003569325539561442e-02 1.028499568944061041e-02 1.125109926883148537e-02 9.633344342905927893e-03 1.030672806754863446e-02 9.303963525217583130e-03 0.000000000000000000e+00 1.006719684687960165e-02 1.003810497978044683e-02 1.086266994667773635e-02 1.027892397239920687e-02 1.162841392877581904e-02 1.029847327029213139e-02 1.003769826150445292e-02 1.213371898982041654e-02 1.090137279589639512e-02 9.627386047197891358e-03 1.006034972753449067e-02 1.004210668054997604e-02 1.057576745424505978e-02 1.056455321424583198e-02 9.815266686769240009e-03 1.086144050234748130e-02 1.259752241924618453e-02 1.392321680828598023e-02 1.319937190427520647e-02 1.005473578358542092e-02 1.386707385155534072e-02 1.089217893362765671e-02 9.822303210764197004e-03 9.627348031167159981e-03 1.059404763252670863e-02 1.211621596003481516e-02 1.059330023817537172e-02 1.165564194812583089e-02 1.030405067870351736e-02 1.125709145584306153e-02 1.057784149773412577e-02 1.125833782888317064e-02 1.089485745211012969e-02 1.056445168256980177e-02 1.006005776704944552e-02 1.126602283538806308e-02 1.005090262382159726e-02 1.005866773363681133e-02 9.475280006378008352e-03 1.003709533175929820e-02 1.126433780581977823e-02 1.125322197303436911e-02 1.162683405124467079e-02 1.125817246922900666e-02 1.006068987698920981e-02 1.125937716957469206e-02 1.125859162290831703e-02 1.089766681373318183e-02 1.088720794901596421e-02 1.124687141530286011e-02 9.321050799722211191e-03 9.463839589036420266e-03 1.057598899774365823e-02 1.323596502782395552e-02 1.006444604583760054e-02 9.327413463550319334e-03 1.125194841081228470e-02 9.651489588733869890e-03 1.089207517723493959e-02 1.323300764035003317e-02 1.165819751386421715e-02 1.031146452220686391e-02 1.057856352736680737e-02 1.166375901904204322e-02 1.089043560654491885e-02 1.089490255097109832e-02 1.058266298352424604e-02 1.089944067946125965e-02 1.090247758687750215e-02 9.843669414696807479e-03 1.005603232354550583e-02 9.838951550892928791e-03 9.646882858175906059e-03 1.055780201082064454e-02 9.650177756213100186e-03 1.005351137415320950e-02 1.125021394186351623e-02 1.030615519579869410e-02 9.847448586415209759e-03 1.030215594622863745e-02 1.263799653437789987e-02 1.030468157681429901e-02 1.089572644867650708e-02 9.842348612511531841e-03 1.165240016843135593e-02 1.030535501294036448e-02 1.030487657787918475e-02 1.057986542140012566e-02 9.654152871341825995e-03 1.058605744752798110e-02 1.059338526561319840e-02 1.030917579705596838e-02 1.125512583918520000e-02 1.030908716151899066e-02 1.031422141298788189e-02 8.832843202146778427e-03 1.058828663127127714e-02 1.006487860613422027e-02 1.263561169179893903e-02 9.843254484019034120e-03 1.166751789020937895e-02 1.323028702522252922e-02 1.263801991205225177e-02 9.848117948823582185e-03 1.089951880658213829e-02 1.166413112846751386e-02 1.031458762622275253e-02 1.031029323746501282e-02 1.211372276168544079e-02 1.091335452775134274e-02 1.125683157680679343e-02 9.646821939088178616e-03 1.165295228084853654e-02 1.058927493498641910e-02 1.058460493101975701e-02 1.005965988876884529e-02 1.058350588461036933e-02 1.126359387311533407e-02 1.059017762166077070e-02 1.057978084604186374e-02
1.079920414754374086e-02 9.480679944230662945e-03 9.751347347631836998e-03 1.075627588335264367e-02 9.059995376922124963e-03 9.770374312339111245e-03 8.682786467009869641e-03 1.006719684687960165e-02 0.000000000000000000e+00 9.503384685415139713e-03 1.039776106549758494e-02 9.765992500194707951e-03 1.118582692510055633e-02 9.739821902691216116e-03 9.482965697581492021e-03 1.168153048812190301e-02 1.040913378435903182e-02 9.035639142665455661e-03 9.482652531312082272e-03 9.507834779751806256e-03 1.003794026806875336e-02 1.005303685362457164e-02 9.240787987413116855e-03 1.037184333097470462e-02 1.219875172697855795e-02 1.352678602530279876e-02 1.282138279302721083e-02 9.476832199689592257e-03 1.350908100012177676e-02 1.037564656294800471e-02 9.248196822082941845e-03 9.035297981454170832e-03 1.007992421523851503e-02 1.169194882978941662e-02 1.007940617171426516e-02 1.120903139546606912e-02 9.767452412057639130e-03 1.078838837948294278e-02 1.006278270895671727e-02 1.078941178583433039e-02 1.040281814030920293e-02 1.007606711820278021e-02 9.502999165770612336e-03 1.079762549894535371e-02 9.492866215315852799e-03 9.501498947039142134e-03 8.866415178655875570e-03 9.502698262130735915e-03 1.079565507225925362e-02 1.078404576663594822e-02 1.121105943876343249e-02 1.078951711097373908e-02 9.503563784147735921e-03 1.079062559883212091e-02 1.078958826477181311e-02 1.040543543372478980e-02 1.037058643259328866e-02 1.075213773828510161e-02 8.698487419682965002e-03 8.874264054523817516e-03 1.006095672122277879e-02 1.285342364854389491e-02 9.507520782409318097e-03 8.704976854368677922e-03 1.078262110095140960e-02 9.058293875315696908e-03 1.039952333640484054e-02 1.284994495185426237e-02 1.121159237931457567e-02 9.775403106731328853e-03 1.006341481051480947e-02 1.121752793454365918e-02 1.039787560729108808e-02 1.040266470297169545e-02 1.006784030246037076e-02 1.040750002922654141e-02 1.041058376032364709e-02 9.248335968449690123e-03 9.498527050993773105e-03 9.262347033907150293e-03 9.053325736108669766e-03 1.006883549231364638e-02 9.056716268252653843e-03 9.495874348273772303e-03 1.078076695636497398e-02 9.769707319326990935e-03 9.271632649549773481e-03 9.765205965651663558e-03 1.223462879337063568e-02 9.768032668989215864e-03 1.040360996046686172e-02 9.266110545965381556e-03 1.120530455847714921e-02 9.768738163774272690e-03 9.768256607903065894e-03 1.006491526388210954e-02 9.061115160387080147e-03 1.007147824070446854e-02 1.007952386037426311e-02 9.772781061689592152e-03 1.078595258290280558e-02 9.772784616002866409e-03 9.778245472219747325e-03 8.168081702421109772e-03 1.007385412920335475e-02 9.508084836501519074e-03 1.223216271928854147e-02 9.267091466362849250e-03 1.122135282594902313e-02 1.284721522199419076e-02 1.223465032296174558e-02 9.272323429202946471e-03 1.040745429760426242e-02 1.121755134486200102e-02 9.778639926478966890e-03 9.773990107037522704e-03 1.168887695690627899e-02 1.042223805468659066e-02 1.078765467788111304e-02 9.053414569700820452e-03 1.120587733911552163e-02 1.007508469947449199e-02 1.006989193904030133e-02 9.502483869801814712e-03 1.004602938458854476e-02 1.079492535803307923e-02 1.007589154560462746e-02 1.006469877091714996e-02
1.076819903838833851e-02 9.473525832089825863e-03 9.744542436998954518e-03 1.075058987997229779e-02 9.034463291131871604e-03 9.763724075057628182e-03 8.675052730671820728e-03 1.003810497978044683e-02 9.503384685415139713e-03 0.000000000000000000e+00 1.036740005236984341e-02 9.737763802687099055e-03 1.118012241839819870e-02 9.733196391288740507e-03 9.475951928151721965e-03 1.170462688029286907e-02 1.040326604621868468e-02 9.028181369138047960e-03 9.475790875317169001e-03 9.480407486838805103e-03 1.003143335680648299e-02 1.004682762135458186e-02 9.233450677187308650e-03 1.038953504599187533e-02 1.219350951607554856e-02 1.352242801245455601e-02 1.284790846229551427e-02 9.469813776980275793e-03 1.350420064888898687e-02 1.037002083669166623e-02 9.240816631979776458e-03 9.046013680416660832e-03 1.007348831395075105e-02 1.168678896911982262e-02 1.007305994270496843e-02 1.120343644316565759e-02 9.760805231282742092e-03 1.078244431213527289e-02 1.005647725537689094e-02 1.078353253211043229e-02 1.039660138939362509e-02 1.006968744150842088e-02 9.495986266357265768e-03 1.079176346023136800e-02 9.485931391850175101e-03 9.494362765903126625e-03 8.841672856604977995e-03 9.495642649325538101e-03 1.078993115591256671e-02 1.077812316587479363e-02 1.120547476321335535e-02 1.078357443407506125e-02 9.496555157729819063e-03 1.078481677141448353e-02 1.078381342016444810e-02 1.039948062260651236e-02 1.038841750699417803e-02 1.074637134891640901e-02 8.690572497251422904e-03 8.866896708158985424e-03 1.005450339445098859e-02 1.284860016345733269e-02 9.500705645950163064e-03 8.697267987467002109e-03 1.077687680795453781e-02 9.050884840516859597e-03 1.039348606587273127e-02 1.284526838387674806e-02 1.120613246361307040e-02 9.768790000451107319e-03 1.005708309088294838e-02 1.121200063519325364e-02 1.039183554003571784e-02 1.039662835645709105e-02 1.006159568127627454e-02 1.040146904950941045e-02 1.040455494253197596e-02 9.260324237645571957e-03 9.491500686496673680e-03 9.255176057068234194e-03 9.045859250917923436e-03 1.006236391728036229e-02 9.049306148189988075e-03 9.488908460328139213e-03 1.077502174248154941e-02 9.762940336111228593e-03 9.264472509756749991e-03 9.758584080310757011e-03 1.222962787408833456e-02 9.761413502286007959e-03 1.039750965820332267e-02 9.258944389910513453e-03 1.119984121721870167e-02 9.762059120020694786e-03 9.761637447936132722e-03 1.005858388198390373e-02 9.053710807117100121e-03 1.006515486265727177e-02 1.007316005507498391e-02 9.766188779263110936e-03 1.078023320116565376e-02 9.766119027643562975e-03 9.771657955853179159e-03 8.159607661046766949e-03 1.006755397382638924e-02 9.501209976104239147e-03 1.222716234140354061e-02 9.259946049668888596e-03 1.121583052779109857e-02 1.284246106930196120e-02 1.222964976087065510e-02 9.265183589061967359e-03 1.040144492781360126e-02 1.121218752892440794e-02 9.772053346440032207e-03 9.767398964012250287e-03 1.168370949075780811e-02 1.041624043107393024e-02 1.078193541506543111e-02 9.045948425879173777e-03 1.120043477791784862e-02 1.006878546486529580e-02 1.006358850283358038e-02 9.495526119478634244e-03 1.006240153407162753e-02 1.078912255113854274e-02 1.006959246346899456e-02 1.005838998973439952e-02
1.151814863926381091e-02 1.036524719894385896e-02 1.060322889894788762e-02 1.153318261596044357e-02 9.980861338606631175e-03 1.060128737628907719e-02 9.666406983016637491e-03 1.086266994667773635e-02 1.039776106549758494e-02 1.036740005236984341e-02 0.000000000000000000e+00 1.059738454445102902e-02 1.189430870640043048e-02 1.061857707932810542e-02 1.036705766658415143e-02 1.238841007401525994e-02 1.119669169859963294e-02 9.975219517682536174e-03 1.039109389278619101e-02 1.037143982043677373e-02 1.085689229263928600e-02 1.089807123165135658e-02 1.015484064614247117e-02 1.118401745835430165e-02 1.287372011197831546e-02 1.414019575390955928e-02 1.342543585175600893e-02 1.036168938914038516e-02 1.408034611632815077e-02 1.118779915160774546e-02 1.016146468713213791e-02 9.996182625211689002e-03 1.090184429947631609e-02 1.237146165216558742e-02 1.090112545006178234e-02 1.192434106153245424e-02 1.062403997521246292e-02 1.153914867733033672e-02 1.088628023189075825e-02 1.154014588491749337e-02 1.119038818203336311e-02 1.089804676785437014e-02 1.036691309381698213e-02 1.154791220539537998e-02 1.038205410521669293e-02 1.036554854097561894e-02 9.812100674167162015e-03 1.039054409626637664e-02 1.154606962548022919e-02 1.153519222080950229e-02 1.192600653804708026e-02 1.154025977442519474e-02 1.039144780289384153e-02 1.154148103954047780e-02 1.154058412303655620e-02 1.119308000221303466e-02 1.118317599617063736e-02 1.152928858265711044e-02 9.684109440574637309e-03 9.838877372980699490e-03 1.088444345192358248e-02 1.346525885308469221e-02 1.039507292088930925e-02 9.689991415209176298e-03 1.153420885844935392e-02 1.000023704217825431e-02 1.118772779961228411e-02 1.346211366928904730e-02 1.192682210575351370e-02 1.063135948293048375e-02 1.088683964310045195e-02 1.193219703076343376e-02 1.118614999942258055e-02 1.119043473467374455e-02 1.089085470683876476e-02 1.119489329557101301e-02 1.119761460160833763e-02 1.018396329671391286e-02 1.038687245162458507e-02 1.017938434856278072e-02 9.995830321373785909e-03 1.089160666451985393e-02 9.998912565131039612e-03 1.038469286942539024e-02 1.153244527236729766e-02 1.060062389515222837e-02 1.018757311504608389e-02 1.062222332206472740e-02 1.287973327741393122e-02 1.062472242781460456e-02 1.119131786819490236e-02 1.018267647872110430e-02 1.192090741474230615e-02 1.062519522383196038e-02 1.062490385532465463e-02 1.088817630372574188e-02 1.000278030129936671e-02 1.089410542537274512e-02 1.090120802290777367e-02 1.062901855953812986e-02 1.153728098716527185e-02 1.062891711733623609e-02 1.063384420366342287e-02 9.215739039031809604e-03 1.089624122532822405e-02 1.039548700912265415e-02 1.287750907677897953e-02 1.018377930653671139e-02 1.193574482426046530e-02 1.345945028246183645e-02 1.287986722365736317e-02 1.018821039662336225e-02 1.119487858779650777e-02 1.193246365058733306e-02 1.063419229068125402e-02 1.063008675606792221e-02 1.236872976972376234e-02 1.120807351464973844e-02 1.153882970129289920e-02 9.995988834856268240e-03 1.192143542964743674e-02 1.089733457002597591e-02 1.089271615547527695e-02 1.039050029417366156e-02 1.089166410074654881e-02 1.154533955957708947e-02 1.089805169985400002e-02 1.088809575362984124e-02
1.098644666561985651e-02 9.735156023300311351e-03 1.001837906107472080e-02 1.096883978275727846e-02 9.314126915709470753e-03 9.993708208351955932e-03 8.986442084904384606e-03 1.027892397239920687e-02 9.765992500194707951e-03 9.737763802687099055e-03 1.059738454445102902e-02 0.000000000000000000e+00 1.138792039131867641e-02 9.984545114780717101e-03 9.737724004246830004e-03 1.187375058601053066e-02 1.063437640259277256e-02 9.326976289207186688e-03 9.758316902202412990e-03 9.763221971134643934e-03 1.027208510772662127e-02 1.028710915774516677e-02 9.504718559731447497e-03 1.059527031448435561e-02 1.241291758684152750e-02 1.369135041482361440e-02 1.302792686795178380e-02 9.731647429314035230e-03 1.370856063330239821e-02 1.062503507347950515e-02 9.511925253617999065e-03 9.307879734280578854e-03 1.031492024241095588e-02 1.188618288271027501e-02 1.031450274759305140e-02 1.141343156824906752e-02 1.001315730431495514e-02 1.100252894047112039e-02 1.029814185959008165e-02 1.100353607726079798e-02 1.060219992870121974e-02 1.031123908980089744e-02 9.758310014766029619e-03 1.101161663767286775e-02 9.748805424088782465e-03 9.735551005830711188e-03 9.147225477210519512e-03 9.758103433502576460e-03 1.100985204383801708e-02 1.099827979392758309e-02 1.141525734406888953e-02 1.100381996804477257e-02 9.758977239119826647e-03 1.100490159141275827e-02 1.100374367861481524e-02 1.063033794365978238e-02 1.061972680175481826e-02 1.099173831940525314e-02 8.969138492644801453e-03 9.154726270056727164e-03 1.029646351017995780e-02 1.302856624382493778e-02 9.741533083345335978e-03 8.992457297642190983e-03 1.099714792347511287e-02 9.331326290178864474e-03 1.062473316251536827e-02 1.302549837819566916e-02 1.141586473693566826e-02 1.002110472870921913e-02 1.029910073806408755e-02 1.142159064640040252e-02 1.062313337485186297e-02 1.062783816325049008e-02 1.030346206654962279e-02 1.063247288175809060e-02 1.063561035462082596e-02 9.532207789414241447e-03 9.754246401892065904e-03 9.527200877713370292e-03 9.326549835152653581e-03 1.030419675999321404e-02 9.329809633627296137e-03 9.751694290481692506e-03 1.099542691480723776e-02 1.001537795372530772e-02 9.536178294123686533e-03 1.001113426716499118e-02 1.241928100020489589e-02 1.001385977999192170e-02 1.062863849963492473e-02 9.530814698903383383e-03 1.140971304983299031e-02 1.001440199528518503e-02 1.001412808097533816e-02 1.030055049869253898e-02 9.334029720959344939e-03 1.030689502467325123e-02 1.031469585114582442e-02 1.001837648303856472e-02 1.100044012914525547e-02 9.995626299380874769e-03 1.002371902847610033e-02 8.476264172074953959e-03 1.030913318929185633e-02 9.763434861832823511e-03 1.241691323698576079e-02 9.531757976737236307e-03 1.142524659108959915e-02 1.302272691045662165e-02 1.241920272954374384e-02 9.536790925974713423e-03 1.063236312284330035e-02 1.142176126998361956e-02 1.002409878496017016e-02 1.001954220054128951e-02 1.188326374289329704e-02 1.064671026165884583e-02 1.100206617737454345e-02 9.326593053843352729e-03 1.141019289210288938e-02 1.031032264614943107e-02 1.030530176426079116e-02 9.757977485997050907e-03 1.030415627532421489e-02 1.100905665830893311e-02 1.031110240853715804e-02 1.030028121738560051e-02
