0.000000000000000000e+00 9.119290916655239942e-03 9.515427985289995338e-03 9.936615084981675547e-03 8.934482993620332381e-03 9.460363386169363259e-03 8.925982535703650550e-03 9.595369021247445937e-03 9.373460826663048903e-03 9.111994471762054765e-03 9.491859065295694259e-03 9.230418899235393396e-03 9.852496504095222679e-03 9.229351733929105212e-03 9.107496129125838141e-03 1.011582807507304359e-02 9.535429017368453677e-03 9.126773890292956895e-03 9.119848789058535368e-03 9.167541958963954657e-03 9.587927526453453309e-03 9.426224143284240783e-03 9.201173809705571680e-03 9.481419487175540839e-03 1.021025103643233810e-02 1.104832228087878482e-02 1.046896900354657954e-02 9.104188196493881099e-03 1.066925729978497432e-02 9.732640950455144144e-03 9.011055349944806225e-03 8.887996539052967632e-03 9.830166291631924763e-03 1.051536444295413618e-02 9.870264372390094576e-03 1.026838538714961412e-02 9.641988329514053838e-03 1.014573057841954354e-02 9.756100751473643917e-03 9.907652676193767077e-03 9.926925696568708601e-03 9.861954246515414885e-03 9.525902931518838782e-03 1.019962214180228539e-02 9.488118875816695455e-03 9.483713173265122254e-03 9.157538391888760815e-03 9.520798767978866720e-03 1.015921389884623730e-02 9.860677877454230786e-03 1.030269301677845875e-02 1.015446963659128593e-02 9.528132406774691976e-03 1.014194011802438400e-02 1.013455564042036253e-02 9.950036495049186316e-03 9.858996560207161988e-03 1.008273619329299632e-02 9.107919491828217820e-03 9.210683290742241805e-03 9.767971468584107572e-03 1.097008649881620231e-02 9.513786121723594516e-03 9.106116015037982181e-03 1.017289766925675090e-02 9.405942116557347576e-03 1.001681348758798329e-02 1.101559402112556145e-02 1.037195690156052404e-02 9.766245922088627462e-03 9.857273771102001425e-03 1.039434849377103912e-02 1.001227542996405324e-02 1.001297511837354048e-02 9.896519314810274526e-03 1.006020165381581004e-02 1.003914900781330971e-02 9.493479561647142836e-03 9.575235948236584388e-03 9.465646076021995425e-03 9.363581542818777068e-03 9.875428621396563009e-03 9.372648247937034535e-03 9.556673204840535063e-03 1.018953055995603513e-02 9.725710527880838258e-03 9.522306583004772410e-03 9.732027209352933292e-03 1.078041921027258175e-02 9.741068098048925178e-03 1.002667174851327309e-02 9.476218743410225534e-03 1.034381995980388283e-02 9.722625035627489171e-03 9.745332790360243178e-03 9.865157184784402455e-03 9.420847866897109207e-03 9.905375130018625324e-03 9.948027397123932608e-03 9.794994265389236204e-03 1.021826903539331532e-02 9.735309082171565709e-03 9.817554257812157945e-03 8.805712368943079474e-03 9.928277026001210842e-03 9.657514222383829089e-03 1.077082065013223490e-02 9.487498927787989256e-03 1.045167066438514036e-02 1.101275437750460530e-02 1.077700983026840149e-02 9.538212423066660603e-03 1.007682103316313513e-02 1.041720426949825987e-02 9.816013496903482072e-03 9.792119304801423854e-03 1.057497039753633496e-02 1.015311864012786482e-02 1.023884830111837681e-02 9.363052028874357946e-03 1.033264367786740703e-02 9.924142558754966287e-03 9.903372466010444339e-03 9.611015307539938490e-03 9.909992694543595659e-03 1.025595685306175849e-02 9.934751216929202378e-03 9.886740156604895483e-03
9.119290916655239942e-03 0.000000000000000000e+00 8.586744944166840518e-03 9.045256242614929665e-03 8.184594272600202725e-03 8.550900017280881754e-03 8.130056686983072947e-03 8.706442259545858764e-03 8.453856452725658222e-03 8.396266614685123433e-03 8.840723925501831407e-03 8.540647000960762888e-03 9.445056843122341325e-03 8.509211666325273635e-03 8.377507735195096825e-03 9.785447768248654865e-03 8.896653173692510921e-03 8.144384886205394830e-03 8.433638038740698395e-03 8.427186478305388057e-03 8.625557949467012667e-03 8.942552023062268554e-03 8.429087026552071343e-03 8.807045489854987627e-03 9.632499373495530606e-03 1.048929894214641056e-02 1.017262754803297149e-02 8.551010837792260427e-03 1.041614664257376789e-02 8.831391330677803783e-03 8.274171975344350727e-03 8.135744087913839712e-03 9.125128440877722930e-03 9.851498351902028550e-03 9.162010184325025675e-03 9.371660261286033147e-03 8.889220362438594522e-03 9.459057597370196593e-03 9.047951055596003753e-03 9.466085419615544519e-03 9.235942214544554454e-03 9.144227995885517712e-03 8.767622860476460139e-03 9.519926866712090721e-03 8.721585801756977230e-03 8.755396313174984568e-03 8.368301118818931988e-03 8.760597576121536070e-03 9.476957397917210729e-03 9.425190713093403727e-03 9.596397192056160472e-03 9.460427519536351859e-03 8.772303798971332195e-03 9.238194701208631010e-03 9.458372147942463448e-03 9.260802097177575284e-03 8.956077083697321431e-03 9.394554527865516327e-03 8.310390350439967808e-03 8.439948792817180898e-03 9.048054257835867059e-03 1.037035873217801232e-02 8.769712768651028931e-03 8.323941801403514362e-03 9.267584510195393463e-03 8.624643404117315545e-03 9.299199308426471175e-03 1.039507450860764279e-02 9.697667456535446692e-03 9.027272975973195737e-03 9.122921153270487429e-03 9.722083912398859010e-03 9.302035197144018289e-03 9.290369847673137990e-03 9.174189227028683308e-03 9.354699316690527275e-03 9.321495534338690436e-03 8.717270667553636554e-03 8.819940950661834048e-03 8.691376305815247047e-03 8.584240604471663622e-03 9.139278114086053784e-03 8.595314517164019674e-03 8.790567259945461856e-03 9.489596047595496436e-03 8.983676494384217059e-03 8.762852954598835536e-03 8.985410839320362442e-03 1.014145703648024893e-02 9.002392155817695238e-03 9.312913071084612943e-03 8.697933910969792362e-03 9.674983710350582022e-03 8.972120982714753418e-03 8.995892655434135909e-03 9.131558480552004128e-03 8.645088543985334634e-03 9.187716673107396495e-03 9.238378267794477780e-03 9.069210090728002660e-03 9.533813808629571646e-03 9.017296190414747503e-03 9.093110405096384991e-03 7.965831116570162851e-03 9.215005935200991372e-03 8.915214904908486115e-03 1.013553686250152734e-02 8.727686697121237597e-03 9.782406691809034105e-03 1.039586469528704787e-02 1.015315787783331765e-02 8.782787058037462222e-03 9.371120982650797682e-03 9.755526776054384425e-03 9.092318489178765478e-03 9.067007113571905544e-03 9.922639287811107003e-03 9.463575591448829261e-03 9.555868427345180424e-03 8.584528240859477452e-03 9.669594070751880155e-03 9.210809325206766388e-03 9.179923349659453724e-03 8.855363041365230461e-03 9.191585835216399894e-03 9.578575980792456562e-03 9.221476861321593194e-03 9.168783685059659835e-03
9.515427985289995338e-03 8.586744944166840518e-03 0.000000000000000000e+00 9.418633871015600831e-03 8.362562572068186692e-03 8.728374285984051226e-03 8.141109295950970867e-03 8.859332041154908619e-03 8.622464987666483144e-03 8.568126818576831880e-03 8.975333956671528723e-03 8.909873909498709429e-03 9.400889574521514511e-03 8.912151002245270043e-03 8.574273641479649224e-03 9.683028732741291028e-03 9.065016288039452058e-03 8.331050338062254840e-03 8.783469133568406681e-03 8.598897345511249263e-03 8.824697427274373271e-03 9.136115036411329021e-03 8.409706680460326406e-03 9.191890810400539513e-03 1.003438544095459038e-02 1.036455402575250234e-02 1.030651921023318686e-02 8.552802965061329435e-03 1.025524469408862008e-02 9.001248589120087670e-03 8.658264879825183780e-03 8.531612140348464671e-03 9.276930923913706897e-03 9.979066782785478776e-03 9.319450699349774228e-03 9.736919690443521930e-03 8.852537648140985926e-03 9.609167899473847890e-03 9.216755210109665863e-03 9.628692688727727086e-03 9.385982872619678952e-03 9.301090572302958201e-03 8.921739565367903246e-03 9.666760498099849497e-03 8.892612665152819368e-03 8.923653884885831417e-03 8.532747655112376053e-03 8.929711539651071991e-03 9.627996881505233168e-03 9.587903350682059830e-03 9.496398957701920884e-03 9.376496936455834541e-03 8.941757953318271376e-03 9.590839124558429851e-03 9.617190501054506332e-03 9.408580777452298441e-03 9.301068138068496749e-03 9.547433991142223117e-03 8.478017924844935896e-03 8.609159154526748944e-03 9.207628817011238864e-03 1.048056397651907397e-02 8.753944222129838443e-03 8.481293666806992426e-03 9.627199377698859514e-03 8.803605034370665106e-03 9.463089061807686622e-03 1.053716074331559338e-02 9.854091275897123442e-03 9.210719407962093819e-03 9.291024392493628034e-03 9.871066350448565521e-03 9.459004286854226159e-03 9.452999995941971378e-03 9.333454812212076818e-03 9.517312712166273864e-03 9.279676593191515596e-03 8.894525850634779976e-03 8.993574923409035707e-03 8.874884184437287910e-03 8.754618276569058055e-03 9.312703708762004248e-03 8.781139781983858181e-03 8.973203712825684672e-03 9.655783988305513196e-03 9.146541537755705636e-03 8.944230651245679842e-03 9.156756108830398089e-03 1.028022441451572309e-02 9.166938982153731083e-03 9.468621225327109384e-03 8.875327827726677693e-03 9.816728259609214594e-03 9.148170847873792616e-03 9.172466935693731477e-03 9.299172333908180266e-03 8.824849437454701864e-03 9.354931415958585642e-03 9.403176978450627013e-03 9.239218615105418420e-03 9.691234018526499738e-03 9.188429898738611004e-03 9.262328706072971152e-03 8.165022484434500405e-03 9.380054112816525735e-03 9.088081274270416732e-03 1.026918606419083627e-02 8.913219619964499879e-03 9.943879301330752971e-03 1.053949567839795182e-02 1.030098107558668867e-02 8.959826015069729047e-03 9.541935863454675468e-03 9.916538182981306238e-03 9.261249324339465919e-03 9.236089589679651740e-03 1.007340110605734786e-02 9.624471715529393442e-03 9.715387861458674168e-03 8.758913092758481567e-03 9.827171450757040197e-03 9.376824125339720123e-03 9.354114836195434254e-03 9.037600321622304977e-03 9.358135697327282787e-03 9.744193052279803702e-03 9.387796481292471490e-03 9.329583483185048196e-03
9.936615084981675547e-03 9.045256242614929665e-03 9.418633871015600831e-03 0.000000000000000000e+00 8.858628878413751795e-03 9.183117092742857854e-03 8.659356632140959367e-03 9.547421107633661044e-03 9.076305170792267271e-03 9.048208159546751103e-03 9.673769156666331415e-03 9.134881303282079215e-03 9.793329658640461538e-03 9.141952731712725197e-03 9.046904855959263247e-03 1.004346862038140581e-02 9.727672251505042195e-03 9.044249159111776570e-03 9.256883180800919847e-03 9.079057886703992969e-03 9.266235575400957186e-03 9.587081086214576178e-03 8.908244414275689332e-03 9.393211523414091851e-03 1.042801098976809879e-02 1.069181750426364749e-02 1.071323981429224935e-02 9.254416000139856560e-03 1.092899378281685270e-02 9.667399848135624363e-03 8.947598570737819168e-03 8.819145813139901355e-03 9.503629849474431318e-03 1.039201573854012933e-02 9.786178269665919346e-03 1.016861394829180962e-02 9.521462980926698877e-03 1.003464814728614353e-02 9.655797067125600902e-03 1.005818799933967146e-02 9.819778911886683712e-03 9.752843401361996345e-03 9.423146173304810039e-03 9.858768464407844170e-03 9.369226804941784698e-03 9.376385371239758654e-03 9.056696062258231053e-03 9.413185975526375954e-03 9.800704484034104824e-03 1.002633026218741411e-02 1.018848493360277434e-02 1.004044553898040398e-02 9.437872561950352499e-03 1.003845464628875216e-02 1.003953258791770616e-02 9.841286032826487493e-03 9.780036880821504908e-03 9.964398916011429214e-03 8.990452478833441119e-03 9.103228517364569256e-03 9.659387885014622532e-03 1.087731781144562343e-02 9.417696543019467639e-03 9.018812874763007872e-03 1.007849298780269694e-02 9.300396875548682871e-03 9.919041056971247133e-03 1.093208730393942056e-02 1.028868455425215739e-02 9.676667631166103664e-03 9.757412735019370051e-03 1.029475325374552483e-02 9.908889288037689771e-03 9.916572765135467371e-03 9.798081403564883052e-03 9.963278395849194460e-03 9.950278400928339040e-03 9.384272273118715937e-03 9.471286070341743482e-03 9.359954082866717151e-03 9.253478868879739735e-03 9.761441596716534733e-03 9.266918739779344411e-03 9.451408586602689718e-03 1.009458929751917700e-02 9.634412420359440149e-03 9.419737067613717652e-03 9.631270776929932650e-03 1.069379093567811301e-02 9.639499557713312322e-03 9.930459423578735442e-03 9.366110225236300504e-03 1.026020401936291772e-02 9.616612675744278319e-03 9.645144313729434385e-03 9.765519213735989260e-03 9.311212825533434281e-03 9.802517883164375140e-03 9.845560522345914514e-03 9.684118905323547272e-03 1.011268991633865882e-02 9.633639406115661330e-03 9.713238441571497156e-03 8.680031521069987016e-03 9.819385704152744712e-03 9.544787340629357075e-03 1.067456639889895892e-02 9.174388747590876692e-03 1.034955173669730583e-02 1.091695993265003918e-02 1.069617952929224382e-02 9.424473423533509531e-03 9.969600148832927222e-03 1.032226322899084704e-02 9.705550290739587208e-03 9.682168579052304047e-03 1.048110965436194891e-02 1.004721673717319692e-02 1.013381674287810313e-02 9.246440056244533204e-03 1.024606490927440668e-02 9.815973094936404630e-03 9.795052612746579443e-03 9.498092995236824890e-03 9.794778655424779198e-03 1.015313072283627327e-02 9.832748665531708399e-03 9.777682058711531510e-03
8.934482993620332381e-03 8.184594272600202725e-03 8.362562572068186692e-03 8.858628878413751795e-03 0.000000000000000000e+00 8.338380608048590048e-03 7.713326813470234265e-03 8.494590654481985748e-03 8.402016766151876315e-03 8.171805552468418971e-03 8.622303964560493542e-03 8.315270651574398209e-03 9.260891359301392720e-03 8.312500391357495466e-03 8.350039021288519631e-03 9.341885424661980353e-03 8.898535955538376674e-03 7.932423883027582556e-03 8.215548884522498249e-03 8.385151366351054070e-03 8.480201994186920000e-03 8.725213174335267469e-03 8.017321011419827753e-03 8.631224802701488452e-03 9.492728765820713024e-03 1.006903334626340317e-02 9.760569824196558414e-03 8.164541138103583243e-03 1.000453029444409343e-02 8.665489567983776509e-03 8.238606792680867874e-03 8.075840278621812182e-03 8.895705181176317283e-03 9.624836062749289600e-03 8.935566139491868398e-03 9.385566735412796333e-03 8.650983039692694554e-03 9.239285619905815775e-03 8.634044323362816131e-03 9.236941325830314367e-03 8.997698070245535237e-03 8.912457682636614267e-03 8.523733221182211786e-03 9.290302275592045994e-03 8.470475414045091495e-03 8.325479013605349699e-03 8.107203569183950298e-03 8.358094317590467753e-03 9.252374384422694040e-03 9.203526372815830359e-03 9.401156993618129537e-03 9.249607372152380061e-03 8.525785462641103513e-03 9.240401783608857139e-03 9.046535180312306398e-03 9.020689799526278654e-03 8.917812046007056459e-03 9.184344540503919935e-03 8.038587107040393726e-03 8.172345825533592137e-03 8.636086060733207809e-03 1.015591356932883486e-02 8.539627765068303136e-03 8.041471515652560270e-03 9.284505454921416698e-03 8.408573988263615823e-03 9.105163591749810062e-03 1.021904937127108247e-02 9.513863849389922120e-03 8.825714429606276029e-03 8.923664037878548810e-03 9.525293423616540064e-03 9.100293450470061177e-03 9.095946915527963056e-03 8.969710889861013531e-03 9.154311511910441165e-03 9.128862682878680426e-03 8.509257015489058926e-03 8.608514035964572736e-03 8.476218352474073139e-03 8.355878344446447670e-03 8.938683062160548629e-03 8.371480087768747719e-03 8.568887542498531198e-03 9.300440942476770334e-03 8.773651342276696935e-03 8.545973497678405542e-03 8.782097264946046866e-03 9.959469281243820207e-03 8.791426724380782542e-03 9.111724792144207732e-03 8.483782876279648277e-03 9.477605084299961166e-03 8.773900743543727732e-03 8.793462290799186967e-03 8.927006878616847163e-03 8.422461504143689479e-03 8.980960826798192048e-03 9.037681613541743986e-03 8.858340798104226074e-03 9.333554565581289250e-03 8.812719202887675518e-03 8.883524307022874419e-03 7.712418462982163422e-03 9.008064941471449066e-03 8.699892479097547093e-03 9.946489777491508005e-03 8.501827881708721654e-03 9.598467730422803254e-03 1.021729108041320548e-02 9.968496870943869409e-03 8.563678015238981867e-03 9.177213591560724054e-03 9.564318902230629221e-03 8.881905716503426737e-03 8.855378968993989769e-03 9.733713360958006280e-03 9.263892496172666455e-03 9.359307376269006273e-03 8.357576215049341423e-03 9.476941589129560251e-03 9.003449502063987780e-03 8.979894147465505502e-03 8.645154334922780862e-03 8.989552699865628604e-03 9.387901775555819797e-03 9.015848694138848748e-03 8.960941136429752957e-03
9.460363386169363259e-03 8.550900017280881754e-03 8.728374285984051226e-03 9.183117092742857854e-03 8.338380608048590048e-03 0.000000000000000000e+00 8.305619014341319994e-03 9.034728690404772097e-03 8.782603055032969439e-03 8.738705769473928409e-03 8.961746706542074448e-03 8.687858054052314399e-03 9.383277544742081935e-03 8.675679336518195631e-03 8.542241006411217807e-03 9.905001284428914532e-03 9.251267806631810475e-03 8.315932222885135533e-03 8.593616649323447543e-03 8.573135285538479103e-03 8.800231324360001037e-03 8.919503459401036810e-03 8.394652273209559853e-03 8.966665644658311507e-03 9.790049081062788747e-03 1.061379505240581458e-02 1.006708887907310779e-02 8.541689783163573801e-03 1.027753710475510715e-02 9.204942463156836480e-03 8.627472262624068938e-03 8.308254498732179846e-03 9.278240442234644836e-03 9.991801452077548815e-03 9.323831082601466771e-03 9.725024479202983366e-03 8.853492114464917712e-03 9.386958513733617213e-03 9.194383897719709750e-03 9.628547678238239330e-03 9.371951931222930257e-03 9.311093260376403918e-03 8.936372731254181925e-03 9.665448171222168483e-03 8.883015056140503019e-03 8.914851142831369674e-03 8.533932284630035836e-03 8.932504975965855840e-03 9.631203344205191766e-03 9.574052384588227146e-03 9.755777731503713704e-03 9.614332087437801530e-03 8.942168680286780372e-03 9.610757644049896034e-03 9.613543649391284238e-03 9.408322088272811148e-03 9.309186357814915394e-03 9.562107252553327455e-03 8.478032673874740660e-03 8.600543730117173741e-03 9.195230280102941259e-03 1.048428549889309815e-02 8.954789722488684656e-03 8.487264356723716111e-03 9.612932297109718152e-03 8.773503305235767422e-03 9.433889938684084445e-03 1.050028441709345041e-02 9.840493096266446707e-03 9.172717176200892789e-03 9.261468153596429109e-03 9.834402089668325617e-03 9.427623598961432094e-03 9.429923138461821647e-03 9.309622504110789606e-03 9.480657310821214226e-03 9.455430860672971172e-03 8.874755135051677971e-03 8.956393423722891836e-03 8.838954870322889706e-03 8.728415515952322318e-03 9.295585060649759826e-03 8.744160507715622102e-03 8.938143434366985912e-03 9.628385183361997182e-03 9.122305708018745019e-03 8.906921568345148657e-03 9.126160633915901890e-03 1.026597202253704162e-02 9.136427796515781199e-03 9.439460369291840375e-03 8.665802548058446075e-03 9.794145661328097080e-03 8.925214773334881266e-03 9.140811713214042067e-03 9.276528959625314139e-03 8.809232010860220882e-03 9.327000501609835487e-03 9.379072825559962856e-03 9.218280233518913111e-03 9.674254266129783328e-03 9.167976893905091865e-03 9.242871405346580679e-03 8.137214628015742093e-03 9.360591549991602311e-03 9.066859132484797468e-03 1.026564861032400015e-02 8.879969162302974589e-03 9.926509744792082202e-03 1.051483117742666937e-02 1.028383558080857123e-02 8.938022701693387750e-03 9.521776221060804235e-03 9.892669996784959896e-03 9.234943104779942333e-03 9.215756103231258906e-03 1.005617071085476710e-02 9.605190449166885538e-03 9.690715357476646294e-03 8.744213209427555838e-03 9.807802139382683360e-03 9.355855125980021281e-03 9.334057388414055897e-03 9.015646574373946398e-03 9.343434689648882560e-03 9.723244130000282051e-03 9.366858930020446547e-03 9.315445574824181632e-03
8.925982535703650550e-03 8.130056686983072947e-03 8.141109295950970867e-03 8.659356632140959367e-03 7.713326813470234265e-03 8.305619014341319994e-03 0.000000000000000000e+00 8.267954293473635252e-03 7.997740855540613758e-03 7.966287250898837144e-03 8.444843024183986899e-03 8.275758645070695890e-03 8.881016146080302626e-03 8.263849281049917908e-03 7.965287562448384456e-03 9.168587021827767636e-03 8.495308366627495750e-03 7.831306520077810363e-03 7.959953797206310161e-03 8.006889251344425848e-03 8.437050671240535135e-03 8.336268850522641008e-03 7.770484186691302420e-03 8.424111330557810043e-03 9.297918843409474707e-03 9.894148985440914812e-03 9.588328663141703137e-03 7.946620849299909639e-03 1.004925583612236231e-02 8.438444806792297706e-03 7.838590024966982789e-03 7.678693177041211008e-03 8.662978456873854718e-03 9.224832330892416415e-03 8.707575475539927265e-03 9.182140749309512101e-03 8.424679338590914876e-03 9.020428508264533365e-03 8.582461517636252868e-03 9.043410971277920929e-03 8.781065038765765995e-03 8.672552393119908193e-03 8.291275520085406026e-03 9.071062630882172420e-03 8.071617187823773576e-03 8.101172610412713665e-03 7.853218070944847570e-03 8.119170800984993816e-03 9.036776999532545110e-03 8.998203212800107154e-03 8.985967189013569639e-03 9.017041065067777500e-03 8.280870983350886033e-03 9.018721320253530668e-03 9.022607545881031546e-03 8.788928746944212750e-03 8.684898178662896900e-03 8.955779866238661180e-03 7.775639722766082215e-03 7.907970784856593188e-03 8.582864456707776576e-03 9.966575475735513570e-03 8.297899914217738912e-03 7.785614056577765639e-03 9.055117003816941235e-03 8.129269055388682955e-03 8.857519509577293018e-03 1.000452059982554799e-02 9.281349390307265176e-03 8.570581077802730263e-03 8.674671871514222019e-03 9.292387019739790574e-03 8.852595241661065720e-03 8.859633306199703184e-03 8.717676708892292681e-03 8.913721862389763217e-03 8.876727724669245673e-03 8.240309966834544197e-03 8.340003648353818896e-03 8.205550660504573601e-03 7.935154704082670457e-03 8.687096806999576593e-03 8.098066776801625746e-03 8.308956944885053167e-03 9.060340290481572884e-03 8.521435788720057095e-03 8.285012362798478344e-03 8.527955322336530988e-03 9.737367164949705181e-03 8.533975534234447546e-03 8.870815438548392690e-03 8.219886829212390625e-03 9.243378038442870426e-03 8.517867364785217804e-03 8.540847179800100872e-03 8.685022225853607225e-03 8.145834486059681454e-03 8.724018017440196907e-03 8.778621385819576281e-03 8.603522095840436881e-03 9.088584552759633450e-03 8.552848833171233442e-03 8.622376880156776627e-03 7.409664158318625404e-03 8.746986865971384875e-03 8.427486456496220690e-03 9.524349869203127539e-03 8.230733252339693037e-03 9.360784764939379665e-03 1.000416403207904543e-02 9.750642725447188769e-03 8.290936232553048485e-03 8.933763595313492026e-03 9.325908580695627809e-03 8.620930478206816766e-03 8.593048265700257635e-03 9.502800096073743194e-03 9.015849027236391353e-03 9.122484108691365084e-03 8.078022408113278222e-03 9.241334302556065625e-03 8.753929479796678653e-03 8.723482279737919745e-03 8.383142220749819143e-03 8.734768040710974915e-03 9.147757429709092378e-03 8.759722155531161902e-03 8.709148126097103135e-03
9.595369021247445937e-03 8.706442259545858764e-03 8.859332041154908619e-03 9.547421107633661044e-03 8.494590654481985748e-03 9.034728690404772097e-03 8.267954293473635252e-03 0.000000000000000000e+00 8.947525519069205596e-03 8.691182650195672030e-03 9.082424521308108192e-03 8.838968325918239444e-03 9.513526787119764780e-03 9.033904827312337280e-03 8.690306282018358391e-03 1.002680649574062832e-02 9.399947168103696404e-03 8.469222793694896473e-03 8.931727741248833563e-03 8.727048463636817577e-03 9.176173969787419782e-03 9.046966050095962136e-03 8.541800380373144874e-03 9.114860045983344539e-03 9.886989495547430021e-03 1.072706435590793130e-02 1.016583603548072354e-02 8.887755610720726382e-03 1.037043042818036262e-02 9.342123442580282239e-03 8.599732074758011102e-03 8.470111100190797285e-03 9.411996401414508134e-03 1.007367209967793310e-02 9.437280921989121482e-03 9.843746754811158461e-03 9.177233658200235553e-03 9.715878412579799159e-03 9.328901232020951617e-03 9.733684612087407928e-03 9.497338103872116771e-03 9.203424713475929358e-03 9.064646669682867308e-03 9.772836163662543610e-03 9.012875904335644617e-03 9.034648849316361321e-03 8.671923090395378467e-03 8.854428217874753954e-03 9.743654623626972142e-03 9.701986958612794296e-03 9.607803354939801338e-03 9.715806592018563087e-03 9.065612355922252411e-03 9.719489285183034732e-03 9.724295553395422356e-03 9.528293542915637973e-03 9.424597740605528129e-03 9.662603287557100171e-03 8.611014984773939646e-03 8.555832394993150361e-03 9.324023642312783550e-03 1.058349829554853551e-02 9.073536879726479265e-03 8.638484889914727072e-03 9.746384261554837114e-03 8.929769352699356427e-03 9.585356256708810196e-03 1.063869372973799687e-02 9.962446574044617198e-03 9.315606421609638407e-03 9.415918102937875789e-03 9.971796021089048695e-03 9.574179830477961076e-03 9.568615624965162020e-03 9.451452238626378149e-03 9.623985196934019271e-03 9.612304491151387256e-03 9.031477771995916407e-03 9.116389298154422074e-03 9.000178639207883843e-03 8.881262631197083326e-03 9.214210426843633811e-03 8.907543046982022844e-03 9.083792445002632221e-03 9.761690115827441339e-03 9.273643910775293542e-03 9.061565463085138536e-03 9.283004594915173630e-03 1.039148298757207843e-02 9.285918619408476543e-03 9.583193978947541353e-03 9.006856123469072356e-03 9.941286273420115241e-03 9.275411414112543634e-03 9.285541759329083572e-03 9.417385089859358141e-03 8.955820009260741232e-03 9.470286965483163538e-03 9.510523520797477953e-03 9.355554586016103999e-03 9.794446149969993076e-03 9.306334111064714157e-03 9.378702439683320180e-03 8.301065323711496677e-03 9.495527703442366990e-03 9.200434617507177726e-03 1.038022199874664292e-02 9.017092060109520649e-03 1.005034639216323758e-02 1.063778325592941096e-02 1.040236949282527176e-02 9.081316595756436238e-03 9.654045102634909239e-03 1.002485707146355716e-02 9.377650929364732268e-03 9.352714578662185696e-03 1.017823392233059739e-02 9.735563613426688814e-03 9.824928238875520192e-03 8.872743271458866446e-03 9.935826020313225093e-03 9.478155757362823758e-03 9.469448901107903674e-03 9.151284169184231709e-03 9.478488163291179380e-03 9.846784803003636594e-03 9.502493257583285308e-03 9.451545998007118352e-03
9.373460826663048903e-03 8.453856452725658222e-03 8.622464987666483144e-03 9.076305170792267271e-03 8.402016766151876315e-03 8.782603055032969439e-03 7.997740855540613758e-03 8.947525519069205596e-03 0.000000000000000000e+00 8.620411257564918744e-03 9.101244171468396427e-03 8.781723768075053171e-03 9.289624734051381977e-03 8.570787316119262561e-03 8.441273485938972226e-03 9.546198015825206259e-03 9.115827445985906149e-03 8.210333906178153562e-03 8.460578517529564191e-03 8.668689100613838697e-03 8.724337114050226272e-03 8.787794387803530421e-03 8.301075587251129442e-03 8.861755329709411488e-03 9.693381341405547108e-03 1.025612283158459752e-02 9.960599963251577996e-03 8.431850775370463430e-03 1.020967642992122622e-02 8.860872431888818651e-03 8.330028533919052805e-03 8.175855554180225249e-03 9.173777595309526647e-03 9.894135055869248546e-03 9.215969683649297833e-03 9.638202914755190226e-03 8.951084587718005983e-03 9.528991282917859823e-03 9.105020689685378379e-03 9.523683856032992556e-03 9.292851926371411414e-03 9.204502370308877135e-03 8.838153081279030016e-03 9.569174107521607672e-03 8.770927936838915015e-03 8.807826631319773739e-03 8.429023081580664864e-03 8.834687707482934138e-03 9.524365638790974892e-03 9.492414344036170445e-03 9.655352522763071405e-03 9.523730414830155686e-03 8.830765510401961116e-03 9.512582035797214480e-03 9.506112762702778260e-03 9.296028149486389863e-03 8.991390460081839092e-03 9.241057738616090603e-03 8.370476991602933403e-03 8.485789317996265263e-03 9.112670758852286362e-03 1.041468978497905006e-02 8.826181581914817331e-03 8.364426226654977231e-03 9.518900666959796697e-03 8.675536661110863287e-03 9.345391099225403703e-03 1.042717860137303346e-02 9.742406788016660935e-03 9.075829664315932660e-03 9.170804412330346364e-03 9.758533441638479050e-03 9.341321236339836243e-03 9.338082995254371257e-03 9.207890451530234902e-03 9.393174058373305116e-03 9.366687981408135591e-03 8.592923013243901342e-03 8.872632308195847403e-03 8.740957798643330875e-03 8.629240674507066347e-03 9.197164680164579900e-03 8.639493920893821094e-03 8.846465302222997901e-03 9.533868439373770903e-03 9.036421720431399643e-03 8.806629572964875044e-03 9.034234620595523249e-03 1.018004358870174854e-02 9.044014333266670730e-03 9.358395732238613748e-03 8.753932614126217621e-03 9.704398420253539798e-03 9.031401784049286965e-03 9.044745310858496798e-03 9.181169206489734474e-03 8.691958442386880229e-03 9.223972675646245969e-03 9.277879987494231512e-03 9.102915185865858780e-03 9.564674332345497049e-03 9.056737590162953697e-03 9.128002353353731335e-03 8.008618725354941376e-03 9.247837251561285762e-03 8.951963527972851484e-03 1.016443570723873750e-02 8.760117413859408106e-03 9.825792056858535101e-03 1.042996119551687327e-02 1.018852243488744050e-02 8.820617738486413728e-03 9.410905194157539663e-03 9.778412897830525419e-03 9.125789791443492810e-03 9.099762678131888272e-03 9.952035135084505782e-03 9.495137570338945190e-03 9.588832339922857481e-03 8.631634302989849364e-03 9.695072656720498186e-03 9.244828299085483883e-03 9.220792297415783198e-03 8.906352221753828166e-03 9.031050120761821218e-03 9.616516988779135258e-03 9.255684177128341641e-03 9.202739194485849011e-03
9.111994471762054765e-03 8.396266614685123433e-03 8.568126818576831880e-03 9.048208159546751103e-03 8.171805552468418971e-03 8.738705769473928409e-03 7.966287250898837144e-03 8.691182650195672030e-03 8.620411257564918744e-03 0.000000000000000000e+00 8.809974174671685032e-03 8.532213666111990516e-03 9.238728599036320419e-03 8.536402273568929888e-03 8.389356378202010231e-03 9.768645821679088764e-03 9.097944876415322429e-03 8.165919688036316071e-03 8.431071870649283623e-03 8.418436964406932413e-03 8.674648492987498127e-03 8.763199394510402807e-03 8.247436128608226849e-03 9.027158596283434491e-03 9.639890456129675614e-03 1.023174079195731355e-02 1.018034850505728645e-02 8.388902148214683746e-03 1.014062617388359656e-02 8.859382995585420376e-03 8.277999061482506013e-03 8.324662219869043145e-03 9.135914377328189714e-03 9.872865055702118031e-03 9.185790057561090544e-03 9.602212086350167194e-03 8.919611740772159791e-03 9.486278388968984523e-03 9.081129859012623470e-03 9.488153505702342019e-03 9.249029325485394470e-03 9.172435172463459796e-03 8.798072627818648295e-03 9.533614452538502482e-03 8.741224743748573708e-03 8.756812185644589214e-03 8.219314138444558035e-03 8.792277126161880674e-03 9.498761205391368506e-03 9.454214595307843666e-03 9.619685896438617129e-03 9.480325345315907329e-03 8.793653708559811752e-03 9.482911576890786995e-03 9.477145118170590687e-03 9.276412018269716842e-03 9.169959077380201301e-03 9.213434418810203044e-03 8.331401188750324829e-03 8.473846695001415949e-03 9.076643537435567094e-03 1.038085821667861230e-02 8.802445187603145579e-03 8.338261668631196874e-03 9.504903705660939714e-03 8.658152572254072810e-03 9.331699683431447442e-03 1.041533502729776947e-02 9.729327382103438587e-03 9.059175766952788644e-03 9.155623178107195545e-03 9.738074392457473846e-03 9.326372751173645295e-03 9.322209423803790376e-03 9.199422555099418322e-03 9.379398149471886853e-03 9.352009224205067375e-03 8.755524724006874190e-03 8.845086015328431500e-03 8.724224154495165834e-03 8.606921765875671926e-03 9.170002634478017015e-03 8.622119514807518800e-03 8.824512878002158459e-03 9.520635058027630826e-03 9.007590091948442998e-03 8.789620471359376602e-03 9.018747815600273651e-03 1.016193199950973791e-02 9.028434013165843527e-03 9.337199272581996057e-03 8.736633843644134312e-03 9.691324028461524229e-03 9.009502382116157254e-03 9.028504162805055591e-03 9.165129133589524149e-03 8.676024755452474077e-03 9.210249810422345765e-03 9.259222232903936700e-03 9.090478206871883265e-03 9.553297024922404942e-03 9.036914394241648066e-03 9.115317143907616243e-03 7.984542291612882134e-03 9.235602894905580937e-03 8.937939713803699088e-03 1.014765678833295590e-02 8.745094543816341048e-03 9.808434760104362687e-03 1.041325497801985633e-02 1.017082444699275549e-02 8.806343102373312415e-03 9.399441603194239048e-03 9.773825450192763151e-03 9.113349457053894487e-03 9.087313655559788386e-03 9.941178811086810729e-03 9.483625891529730983e-03 9.577034908263034121e-03 8.609958660477026390e-03 9.682618916008798801e-03 9.232315740777189209e-03 9.208791033213507490e-03 8.885501311955387380e-03 9.216575517497672607e-03 9.597573204847824335e-03 9.243063149812097770e-03 9.190176927188065462e-03
9.491859065295694259e-03 8.840723925501831407e-03 8.975333956671528723e-03 9.673769156666331415e-03 8.622303964560493542e-03 8.961746706542074448e-03 8.444843024183986899e-03 9.082424521308108192e-03 9.101244171468396427e-03 8.809974174671685032e-03 0.000000000000000000e+00 8.952786938775126116e-03 9.604181688115904364e-03 9.162895878968560157e-03 8.814231916073592479e-03 1.016684336713151449e-02 9.537270191196633648e-03 8.601238283004436491e-03 9.076936186711454316e-03 8.868144727487191695e-03 9.073304627117745672e-03 9.407134029157425761e-03 8.688983274061104489e-03 9.446077631546180575e-03 1.026545052717496229e-02 1.085610370246742687e-02 1.027577361699796507e-02 8.806316912673065392e-03 1.042779812155029961e-02 9.478295049564731956e-03 8.733930845315167682e-03 8.807660504555253622e-03 9.554245094440276184e-03 1.021864221944504027e-02 9.579936152975263366e-03 9.981693890417463536e-03 9.313297077767301174e-03 9.857552745078435041e-03 9.473695336881372484e-03 9.859815328336176896e-03 9.634270718454235674e-03 9.560350371029348315e-03 9.001021313764789866e-03 9.923812443904779859e-03 9.160681852889917057e-03 8.968923805039594188e-03 8.642057400413157356e-03 9.207639202196143610e-03 9.877756058370559811e-03 9.826494365355695204e-03 9.982050904437864136e-03 9.859681356011694431e-03 9.214219491500698703e-03 9.867915605713113020e-03 9.864331844722361992e-03 9.665997418358612467e-03 9.571425107680747724e-03 9.803132766785063387e-03 8.769516363673240597e-03 8.909031685747945822e-03 9.463707774215412288e-03 1.072060053627976219e-02 9.226202195421199376e-03 8.777543618463523947e-03 9.882495941539500700e-03 9.073912058835741784e-03 9.717369767147687395e-03 1.075262824877207604e-02 1.009634527127245725e-02 9.460503084761883591e-03 9.543976157443331831e-03 1.010384163772786240e-02 9.705352982064390302e-03 9.700377808501432081e-03 9.584086584991772378e-03 9.761911405079952073e-03 9.734371201746774144e-03 9.173275452899920523e-03 9.250036805886324362e-03 9.136967547979300136e-03 9.025803765576321733e-03 9.564006811457317903e-03 9.045255962079831041e-03 9.237556137768724446e-03 9.889663115443697930e-03 9.197360838797021335e-03 9.202218252852324004e-03 9.413592650338855825e-03 1.050211931577737894e-02 9.422636210700021525e-03 9.720913297401934106e-03 9.148904626011870184e-03 1.005090473699259655e-02 9.399237871414722889e-03 9.422178899259876436e-03 9.552269144012333693e-03 9.100604247634969807e-03 9.604994647457718027e-03 9.652144224702024003e-03 9.492884287625798223e-03 9.931709975489597456e-03 9.442196165763968446e-03 9.516462697758180933e-03 8.455303336873149986e-03 9.629599216443050086e-03 9.347843691269256891e-03 1.050011168458228096e-02 9.179854972857103348e-03 1.017582026614264820e-02 1.075574939113414091e-02 1.052198310067029366e-02 9.223405324655473136e-03 9.786493988128489030e-03 1.014966337862003611e-02 9.514058534501554712e-03 9.489759597198426516e-03 1.029445976333794380e-02 9.858892050331672166e-03 9.954760888211419342e-03 9.038307868272605489e-03 1.004700956165820516e-02 9.626214800689893852e-03 9.604898870698617974e-03 9.298223237653321926e-03 9.613493767708819124e-03 9.974535618715611382e-03 9.636054777620571901e-03 9.587098489415465247e-03
9.230418899235393396e-03 8.540647000960762888e-03 8.909873909498709429e-03 9.134881303282079215e-03 8.315270651574398209e-03 8.687858054052314399e-03 8.275758645070695890e-03 8.838968325918239444e-03 8.781723768075053171e-03 8.532213666111990516e-03 8.952786938775126116e-03 0.000000000000000000e+00 9.346057219479349254e-03 8.649978124786510125e-03 8.552561758339891074e-03 9.645588170995656949e-03 9.238084870994874021e-03 8.494301052543883415e-03 8.734681052218376540e-03 8.758567869806020700e-03 8.796362072806674162e-03 8.896739072518413879e-03 8.382188112811999811e-03 8.929633945528071826e-03 1.000852358497589072e-02 1.035991812981849718e-02 1.028390248319203254e-02 8.531239592073346437e-03 1.050938472576835696e-02 9.193090691435982370e-03 8.418127881225272516e-03 8.292208064369047116e-03 9.236380166529807936e-03 9.958838043783384275e-03 9.285025191944268341e-03 9.720114038980301810e-03 9.019185861627705691e-03 9.577276420621212358e-03 9.153030738658371815e-03 9.570295482716350763e-03 9.133439503911162938e-03 9.269255798617450498e-03 8.893395676021568705e-03 9.620510560358262048e-03 8.846868709584015597e-03 8.676197242139789198e-03 8.510164869120102893e-03 8.898032341664228323e-03 9.593211048940350830e-03 9.539767055993292680e-03 9.724835712163362386e-03 9.586778158994424190e-03 8.896241539209152199e-03 9.577929334258987459e-03 9.556493214465257291e-03 9.361284896325613655e-03 9.268879253937776022e-03 9.499938269399059790e-03 8.278749778486541033e-03 8.567901842560591771e-03 9.168102093659100463e-03 1.045261631042970069e-02 8.713166091508225963e-03 8.458742901117951088e-03 9.603034266608587513e-03 8.776145493513820908e-03 9.438516612349694482e-03 1.051165004665194705e-02 9.831244874878360129e-03 9.179389426495614471e-03 9.265181832424904118e-03 9.839696460652420928e-03 9.434554854389744227e-03 9.435813871404555644e-03 9.309752138957806331e-03 9.485664211069309154e-03 9.471998880687748992e-03 8.872018819840413184e-03 8.964785824723514596e-03 8.833024391617693219e-03 8.729713065459570112e-03 9.279266386962805105e-03 8.739795369439971526e-03 8.936334732540802961e-03 9.624926602186438529e-03 9.126280507096306421e-03 8.905379446806501245e-03 9.130608147925690921e-03 1.025963700535007829e-02 9.140066413658099603e-03 9.445937511717640220e-03 8.847606039251713905e-03 9.795537540773679303e-03 9.116430339297739230e-03 9.145920301389481172e-03 9.274108775706340832e-03 8.787873672962584828e-03 9.314692992377778327e-03 9.368237548557223696e-03 9.189172776386532113e-03 9.647439464207128307e-03 8.944499645627483619e-03 9.219915422529159632e-03 8.102343739464940367e-03 9.332730279609038199e-03 9.039956225310601806e-03 1.024740052254238809e-02 8.848338500843690169e-03 9.897444111001680103e-03 1.050393501588774148e-02 1.025508406581911863e-02 8.909858512395807742e-03 9.493575839843884298e-03 9.869623854907954436e-03 9.217293196394258162e-03 9.186379660394858315e-03 1.003606360159451337e-02 9.576711988226850950e-03 9.668010428422798425e-03 8.723058441539094029e-03 9.774265964346757693e-03 9.329356750574856194e-03 9.306061199976027945e-03 8.988542856366129458e-03 9.314000349475765397e-03 9.689177777369996705e-03 9.340355223540354468e-03 9.288234063323238393e-03
