0.000000000000000000e+00 8.382240911969053229e-03 8.689757064801335515e-03 8.393327966276061675e-03 8.703729046039648115e-03 9.391603574828200768e-03 7.850802087857277484e-03 8.112990868367985636e-03 7.262931779622825747e-03 8.094328866334106476e-03 9.828674788436192120e-03 8.694335993047122915e-03 9.826876474181990562e-03 9.022652160597636681e-03 8.108095267921231267e-03 7.856106546851857053e-03 8.391138971176182251e-03 8.687720856195211422e-03 1.143941210640182608e-02 7.855256474851777387e-03 8.699626551323069029e-03 9.407367390039590715e-03 9.431655752307662940e-03 9.837059745250155418e-03 8.397548592826962338e-03 9.049856464852420665e-03 9.835612044932315334e-03 8.374520102756756110e-03 7.874916187426757308e-03 1.083466331959977678e-02 8.379743824076768891e-03 9.837639387466312960e-03 6.969894612637971519e-03 8.713118933976055080e-03 9.424437610972342949e-03 9.841942263639276434e-03 9.420627746715849737e-03 1.290020715489558455e-02 7.876443133785698131e-03 8.396501288602295499e-03 9.046526972743870743e-03 8.124512051480235406e-03 8.699130986642556948e-03 9.048702517369172291e-03 9.046010850758129038e-03 9.044342735566262767e-03 8.395264772579326407e-03 1.214676406189179811e-02 7.442330445605441908e-03 7.880077427277882435e-03 8.119803269047480565e-03 9.414558592242702750e-03 8.704301503150832856e-03 1.033191897644373386e-02 8.395570551664370204e-03 9.854362643358836882e-03 7.099956592624806148e-03 9.426661661988213620e-03 8.689495918230004390e-03 8.375870958476241621e-03 8.705702785708138366e-03 8.708312042633271216e-03 9.413721638055394872e-03 7.657508542773487983e-03 8.125005785985411552e-03 9.420377376297223160e-03 7.875643496852312644e-03 9.036100851103862769e-03 7.459220354648391296e-03 8.127003975363599614e-03 9.845932025759696407e-03 9.046520819214044426e-03 9.051922983654429183e-03 9.409751653310724148e-03 1.377484469859023043e-02 8.119303668915108657e-03 8.707853158209292663e-03 7.456288117105614420e-03 9.428386038631842922e-03 7.655820929853179510e-03 8.398063423859271348e-03 8.129127458496827191e-03 8.396507797671573861e-03 8.686221593891449086e-03 8.718179248462666620e-03 7.453596957987289155e-03 9.411995069020151830e-03 9.859737662481011383e-03 9.049708639425836990e-03 1.032501041935397594e-02 7.876434946458397632e-03 8.718663423632840373e-03 8.119816009011408126e-03 1.145315492183585949e-02 9.841336721959585004e-03 8.394745719353351524e-03 9.434193116208865887e-03 9.029129624850414787e-03 7.448442012425266975e-03 8.393141982290092812e-03 9.856791929131625968e-03 8.378438716581915538e-03 9.425835921638233209e-03 8.693390086528038699e-03 7.113622215441574304e-03 8.389688979144415901e-03 1.032599447147454323e-02 9.424805694788642926e-03 7.874856343261604427e-03 1.212793953979439225e-02 9.421225201600548840e-03 9.419292643972908968e-03 9.434834783450311152e-03 7.116713099062033955e-03 7.877860718186725786e-03 8.408488717800135723e-03 1.084755219691170558e-02 8.121343812179739746e-03 8.393998773115049147e-03 8.406460715166359440e-03 7.459443846159870099e-03 8.709466380871446270e-03 9.854454848258826366e-03 8.699441745830944345e-03 9.042368536378594598e-03 8.709216506306668992e-03 9.051813350768999483e-03 8.399028125001510234e-03
8.382240911969053229e-03 0.000000000000000000e+00 9.464858184262323754e-03 9.187926821832956628e-03 9.461499274798073136e-03 1.012255141195045165e-02 8.750742206798686404e-03 8.958166402820414223e-03 8.231807999362013989e-03 8.961764003305719081e-03 1.049934772643317145e-02 9.475739617467199283e-03 1.052467701304676123e-02 9.762940527860483955e-03 8.973989952365353170e-03 8.736570390034354566e-03 9.185892687295279038e-03 9.485095373978283048e-03 1.204694393643943734e-02 8.754556782189958780e-03 9.457757593694951503e-03 1.011186118804231066e-02 1.011647479044913180e-02 1.050732799752442971e-02 9.213017034082431750e-03 9.794359608115211710e-03 1.050611386379535217e-02 9.207240513833689355e-03 8.739772786487012488e-03 1.147094490520321128e-02 9.190774021433950614e-03 1.053416124512385893e-02 7.987643535556003191e-03 9.492461331608045491e-03 1.013536766741108576e-02 1.051970667173645659e-02 1.013180857424556686e-02 1.342986971845890921e-02 8.740933176576572150e-03 9.212174980817989384e-03 9.791463342080095403e-03 8.954340402307869179e-03 9.479983547176194097e-03 9.793218970453352462e-03 9.791261035892765210e-03 9.789630218123471228e-03 9.211077637572701038e-03 1.270279303727954445e-02 8.400333703479584760e-03 8.762823379588714073e-03 8.970221665534395400e-03 1.014381993621559300e-02 9.484581665440356205e-03 1.097629845942589902e-02 9.211203035581386200e-03 1.053149351913047586e-02 8.108585720940121588e-03 1.013708874224658087e-02 9.486921350582063969e-03 9.208509625965111481e-03 9.463166179903033728e-03 9.488053662456507817e-03 1.012558983095064764e-02 8.572035648804644109e-03 8.974326461845079025e-03 1.010624494353752102e-02 8.758791047290470297e-03 9.781915584360504831e-03 8.402945735306069711e-03 8.976306542270757680e-03 1.052342698197863795e-02 9.791519825432887236e-03 9.796308414123289579e-03 1.012157142560755375e-02 1.427938696992324223e-02 8.969580661962206838e-03 9.487409271829788313e-03 8.400316761128706622e-03 1.013849802711743776e-02 8.570385822941466517e-03 9.213355525470137350e-03 8.978164022372579767e-03 9.211967529250729772e-03 9.483929341730933799e-03 9.496708547616352844e-03 8.397952026459390429e-03 1.009849698027767348e-02 1.050934677797496324e-02 9.794145032293566019e-03 1.096983422569799797e-02 8.759515544915968954e-03 9.497096790868112329e-03 8.970030085810895212e-03 1.203769902855379367e-02 1.051900518912744081e-02 9.210370576929711312e-03 1.014395117475358488e-02 9.775744662133552254e-03 8.393599232468698657e-03 9.208957792969910475e-03 1.053330319975776322e-02 9.210767042605540536e-03 1.013637049999583165e-02 9.474778028573403732e-03 8.109678932355262812e-03 9.206000925063404991e-03 1.094233640611013032e-02 1.013548697143358199e-02 8.758350373294448987e-03 1.268454280958345066e-02 1.013224655542216066e-02 1.013057762390730254e-02 1.014461639863285802e-02 8.112267955472323919e-03 8.760802856543889461e-03 9.222616933405348993e-03 1.146188052915080198e-02 8.971490380200269205e-03 9.209753108424558604e-03 9.220658381736553458e-03 8.403087982520466084e-03 9.488907924173121261e-03 1.053124519358978987e-02 9.480239474757174226e-03 9.763590471301380677e-03 9.488813780505010037e-03 9.796180404053174418e-03 9.214342736026165728e-03
8.689757064801335515e-03 9.464858184262323754e-03 0.000000000000000000e+00 9.460062512027050952e-03 9.746266240752915824e-03 1.033528491995170696e-02 9.043980279281250978e-03 9.239768902800099201e-03 8.546279128493303179e-03 9.224607919816014273e-03 1.072452721198851461e-02 9.714120902716250408e-03 1.075224238973671032e-02 1.003762904143268991e-02 9.257207296667648716e-03 9.048214634375590856e-03 9.458159736119974709e-03 9.723247621728424786e-03 1.220750631002356923e-02 9.027830735477733112e-03 9.742623884845501292e-03 1.034936531250874731e-02 1.038045391678188954e-02 1.076110071831121173e-02 9.463422092110202258e-03 1.004516847832639774e-02 1.073081251748926081e-02 9.458309738088007193e-03 9.051462866141619934e-03 1.164410023796307904e-02 9.462622914519580250e-03 1.073289462551235175e-02 8.314176460014264039e-03 9.754584119474904100e-03 1.034753981132109299e-02 1.074753451265907447e-02 1.034405560836226812e-02 1.360517271146570450e-02 9.052800234542288105e-03 9.485598945858375597e-03 1.004270731727237125e-02 9.258050233510967814e-03 9.742603603470657847e-03 1.004420906237111881e-02 1.004219720859950496e-02 1.004065429737145340e-02 9.484413051578143364e-03 1.288694254273435071e-02 8.708855494850458942e-03 9.055791072928282004e-03 9.253938658519604912e-03 1.038288203237295280e-02 9.746829672965256694e-03 1.119266892108004841e-02 9.484592463420937064e-03 1.075883079158304612e-02 8.429933000750098465e-03 1.037655797689164376e-02 9.725075969988035765e-03 9.482060471657173875e-03 9.748129203812690158e-03 9.750372258888324178e-03 1.036532107789997492e-02 8.854323842794402724e-03 9.258404134989963244e-03 1.037111152127763447e-02 9.052129357622043862e-03 1.003344598730495675e-02 8.711861419035522858e-03 9.260084269917718408e-03 1.075144632813937462e-02 1.004271301547338124e-02 1.004733754440334179e-02 1.036170260542329177e-02 1.444562531690604841e-02 9.253640674527973883e-03 9.750177005707818395e-03 8.709337286917058843e-03 1.037820671952571425e-02 8.871930152658020000e-03 9.487070949599128722e-03 9.261846102254323726e-03 9.485747980063611098e-03 9.746619215769532218e-03 9.759030901685363663e-03 8.707222396455339616e-03 1.036365566260860800e-02 1.076373772608638785e-02 1.004549040205012476e-02 1.118635074533429717e-02 9.052822663127724906e-03 9.759387582519500962e-03 9.254172840826475899e-03 1.223264640390065577e-02 1.074725688172105398e-02 9.484233024389667269e-03 1.038340679839291208e-02 1.002757137686563320e-02 8.703008142486820878e-03 9.482881926387725507e-03 1.076117348838173324e-02 9.484577476602615992e-03 1.037594767075309191e-02 9.737829017671166543e-03 8.431211676376521719e-03 9.479927211550413443e-03 1.118720856934302468e-02 1.037503736378429624e-02 9.051557163377686385e-03 1.286928273852661585e-02 1.037191781337281141e-02 1.037013795321442729e-02 1.038397361683772446e-02 8.433689609285598826e-03 9.054025222880532006e-03 9.495850602857999756e-03 1.166763936614421265e-02 9.255409670315871418e-03 9.483643268130588846e-03 9.494080789967957595e-03 8.711970184137218798e-03 9.751603134330889475e-03 1.075897211035184431e-02 9.742983664090197962e-03 1.003901089206934126e-02 9.751309953329822741e-03 1.004723769887387250e-02 9.487831042237337281e-03
8.393327966276061675e-03 9.187926821832956628e-03 9.460062512027050952e-03 0.000000000000000000e+00 9.456443717929427853e-03 1.009326326523114249e-02 8.726687733628179372e-03 8.953001135709692110e-03 8.225934828293136186e-03 8.936218310779503807e-03 1.049519398279724451e-02 9.448184453645184014e-03 1.049384579882662455e-02 9.781857085682238787e-03 8.948629897104112829e-03 8.730972370798778873e-03 9.180858880429403068e-03 9.457991587326838867e-03 1.204337172104207564e-02 8.730373520325494102e-03 9.452659443011240947e-03 1.013247267864655042e-02 1.011196052445093030e-02 1.050327097275991634e-02 9.186797259462656240e-03 9.765977697609397670e-03 1.052836359081485602e-02 9.181141750683550345e-03 8.734525784329537010e-03 1.146712846728361636e-02 9.206894685880550461e-03 1.050342788782195232e-02 7.982082286692032680e-03 9.488047610884561139e-03 1.013127863806178620e-02 1.051588889455371857e-02 1.012766487374752028e-02 1.342717116592734294e-02 8.754815084709528447e-03 9.207520257053937451e-03 9.787310218871875939e-03 8.969566043621002641e-03 9.475477482066898063e-03 9.765397230268778317e-03 9.787030894642896606e-03 9.785555781685224830e-03 9.206384537669507623e-03 1.269947964243365972e-02 8.395022851462779004e-03 8.757833523210085958e-03 8.965476619660975310e-03 1.013979930429882888e-02 9.480063091645122425e-03 1.097308496540358794e-02 9.206422505008405449e-03 1.052738532045190481e-02 8.102956609734472682e-03 1.013308228120698290e-02 9.482454886242341202e-03 9.204017510551425890e-03 9.481375930107749719e-03 9.483706655198983343e-03 1.012143026966619806e-02 8.566634938065092672e-03 8.969901826265920877e-03 1.012745775517296179e-02 8.754059475026483225e-03 9.777868727191524334e-03 8.397724701399395669e-03 8.971671361846738843e-03 1.051959526507666338e-02 9.787364153700598909e-03 9.792172764751741129e-03 1.011771717360275720e-02 1.427670863495806783e-02 8.965014924850960021e-03 9.483264181906337145e-03 8.395253733162568940e-03 1.013477667816861140e-02 8.565401188797444956e-03 9.208892610995897746e-03 8.973515181513739419e-03 9.207518125804909498e-03 9.479618207358334048e-03 9.492488147012936861e-03 8.392892876285064363e-03 1.011974379317784854e-02 1.053233069543463123e-02 9.790245187215601899e-03 1.096629276311564781e-02 8.754730296748149121e-03 9.492860571545363654e-03 8.965421861104537829e-03 1.203452446599069699e-02 1.051535927009240867e-02 9.205919915633154274e-03 1.014015095978591102e-02 9.771484149423068089e-03 8.388540482530721862e-03 9.204507027999301455e-03 1.052968130448280609e-02 9.206167068400029907e-03 1.013244021892378138e-02 9.470393599087773007e-03 8.104121821690523503e-03 9.201422598487890223e-03 1.096710641314027970e-02 1.013163764597868610e-02 8.753450350373880376e-03 1.268139677790711475e-02 1.012827559898798156e-02 1.012650536730800611e-02 1.014064839646242229e-02 8.106792943825163675e-03 8.755982346356638510e-03 9.217991887780802029e-03 1.145861393600439843e-02 8.966766887191553875e-03 9.205303815498670078e-03 9.216213392492721493e-03 8.397935148428979646e-03 9.484662244851577856e-03 1.052751958245354627e-02 9.475767440867909411e-03 9.783418592263047955e-03 9.484440063964413858e-03 9.791971015257619829e-03 9.209681930534488817e-03
8.703729046039648115e-03 9.461499274798073136e-03 9.746266240752915824e-03 9.456443717929427853e-03 0.000000000000000000e+00 1.035939220296655701e-02 9.040014489944580428e-03 9.257853305393259208e-03 8.558799273168434668e-03 9.221002476704119599e-03 1.075084347482517001e-02 9.734970249615327448e-03 1.072031675052690855e-02 1.000892996469658625e-02 9.232307169476284062e-03 9.024506665973769035e-03 9.454833405298354934e-03 9.720153987481260430e-03 1.220507682420588977e-02 9.024100990797817232e-03 9.715417648728822894e-03 1.034624045126125540e-02 1.037769148025752611e-02 1.075843054480121047e-02 9.460182825620336994e-03 1.001631572962791150e-02 1.075687109523872260e-02 9.455219033498739323e-03 9.027791143277215033e-03 1.167376431627902868e-02 9.459094911689976473e-03 1.073020777091777608e-02 8.310104635876947032e-03 9.751311476105280554e-03 1.037191296291830461e-02 1.074472009700330917e-02 1.036813214790264538e-02 1.360293044847228974e-02 9.049010968809280755e-03 9.482271307285536008e-03 1.001388820286718516e-02 9.254276022436318944e-03 9.739150113971599756e-03 1.001559406705901205e-02 1.003917739154764482e-02 1.003748167363649989e-02 9.480797722789159263e-03 1.288461459822248974e-02 8.705275684117549234e-03 9.052009660402026217e-03 9.250460330727084887e-03 1.038006863567725140e-02 9.719893896896106278e-03 1.118987466352960869e-02 9.481180777965361045e-03 1.075589694602567190e-02 8.425930973768458107e-03 1.037360116748173647e-02 9.746192522814819958e-03 9.478793429894610476e-03 9.744813496894230362e-03 9.747133916653759680e-03 1.036218721768591110e-02 8.869614806733421009e-03 9.254742658309259365e-03 1.036799486566020688e-02 9.048354239052567444e-03 1.003037137295820051e-02 8.707906289401870156e-03 9.256421997944757132e-03 1.074839384483726804e-02 1.003944790538887667e-02 1.004422857598310202e-02 1.035858073167995712e-02 1.444337766462975604e-02 9.250025588070498808e-03 9.746823392573458061e-03 8.705460669429171752e-03 1.037515389127579256e-02 8.868058564854664622e-03 9.483437691953275003e-03 9.258184619831227175e-03 9.482256195224606984e-03 9.743266494382825035e-03 9.755685856355248917e-03 8.685724875645277343e-03 1.036053545023701318e-02 1.076077289315909534e-02 1.004222767949746603e-02 1.118359700682274027e-02 9.049048129657609810e-03 9.755984606809492074e-03 9.250507481819811306e-03 1.223009911017247306e-02 1.074435020564835225e-02 9.480690735477555545e-03 1.038035403795462865e-02 1.002419122651923740e-02 8.698965346874070609e-03 9.479387442826508678e-03 1.075814852999274450e-02 9.480860560649843199e-03 1.037277366338652633e-02 9.734361818712532199e-03 8.426993835690248583e-03 9.476331668499740971e-03 1.118437368739919578e-02 1.037199364209883540e-02 9.047827195779397508e-03 1.286672424434979166e-02 1.036873970808744293e-02 1.036714508823489804e-02 1.035362363455297370e-02 8.429551983086324557e-03 9.050240370318433231e-03 9.492193846982216465e-03 1.166502379923278938e-02 9.251742075533893675e-03 9.480049530655699011e-03 9.490490620843783365e-03 8.707970434908000879e-03 9.748164608828466943e-03 1.075616806164877634e-02 9.739572473007149234e-03 1.003568987469801929e-02 9.747848164789928160e-03 1.004381978937842097e-02 9.484237547003426458e-03
9.391603574828200768e-03 1.012255141195045165e-02 1.033528491995170696e-02 1.009326326523114249e-02 1.035939220296655701e-02 0.000000000000000000e+00 9.717897569169095182e-03 9.893144266365401507e-03 9.260270952033231029e-03 9.878690186251091673e-03 1.128961842212721119e-02 1.035204792071355538e-02 1.125511481787674212e-02 1.059787910434190593e-02 9.912983551219081008e-03 9.700078273134521076e-03 1.009172570473604140e-02 1.036061346237479412e-02 1.269763440272611045e-02 9.721639412716859621e-03 1.032918764813205680e-02 1.090812631258821636e-02 1.091214218705551832e-02 1.129708062619428147e-02 1.012181102259241371e-02 1.063345130026856211e-02 1.126250601976132998e-02 1.009157354774105168e-02 9.703044717412194833e-03 1.215779490098379233e-02 1.012111874575078591e-02 1.129714093682556916e-02 9.050031687176869274e-03 1.036690615859202878e-02 1.093728398571043245e-02 1.128371421873570341e-02 1.093413906870932192e-02 1.401289889240340571e-02 9.726129818036574268e-03 1.009587385022005061e-02 1.063114168824983580e-02 9.913359469092103762e-03 1.035590951514514697e-02 1.063258365374497409e-02 1.063082410259722291e-02 1.062942293772614448e-02 1.012002132441284542e-02 1.331816807819301111e-02 9.392892838812408329e-03 9.728643709857235852e-03 9.909668941634518571e-03 1.094517178995366331e-02 1.033291880409571706e-02 1.170073216114668122e-02 1.012024565481564956e-02 1.129426993550927509e-02 9.139458149962429237e-03 1.093911370426762369e-02 1.033491294191099877e-02 1.011807701667254838e-02 1.036103886668163741e-02 1.036309853943603691e-02 1.092833372456568537e-02 9.541513880529487596e-03 9.913832870348455659e-03 1.093429325124550648e-02 9.725625753901286780e-03 1.062285506045678764e-02 9.414790166135309640e-03 9.915346917790619774e-03 1.128752738335619087e-02 1.063126370446538203e-02 1.063560053954329052e-02 1.092534785623432148e-02 1.483134697122525693e-02 9.909478675847531795e-03 1.036295868291802966e-02 9.412555040478578355e-03 1.094071103530186266e-02 9.561100892739482493e-03 1.012238379729895645e-02 9.916950764535296947e-03 1.012126480084466450e-02 1.035968911863491791e-02 1.037105225680043374e-02 9.410546621213104063e-03 1.092733084620075082e-02 1.129907213505687742e-02 1.063382066444741592e-02 1.169513602171540906e-02 9.726260220950454574e-03 1.037137339972012823e-02 9.909967939720472005e-03 1.268907117130019246e-02 1.128362196962418018e-02 1.011990808849662013e-02 1.094551613570384115e-02 1.061726662202899449e-02 9.406695660554343502e-03 1.011867144114372320e-02 1.129659846550708745e-02 1.012002103815938699e-02 1.093861737286607946e-02 1.035167604463965198e-02 9.157516042610034518e-03 1.011597599081923149e-02 1.169593645755703272e-02 1.093775075335265759e-02 9.725113618783252575e-03 1.330097261775901006e-02 1.093488800560958943e-02 1.093322778510366286e-02 1.094603384146282735e-02 9.159868689849103018e-03 9.727233615663199301e-03 1.013050246736013627e-02 1.215023714287425186e-02 9.911099069866733530e-03 1.011931006356484378e-02 1.012887801469657297e-02 9.414874768309088385e-03 1.036411591035284706e-02 1.129442086646279507e-02 1.035632254998085713e-02 1.062782531884186830e-02 1.036399639021192733e-02 1.063550635448788292e-02 1.012318297370618306e-02
7.850802087857277484e-03 8.750742206798686404e-03 9.043980279281250978e-03 8.726687733628179372e-03 9.040014489944580428e-03 9.717897569169095182e-03 0.000000000000000000e+00 8.496276225673790941e-03 7.686486046409980212e-03 8.460414894322547744e-03 1.014180152500887729e-02 9.011320550417763198e-03 1.011668467321569578e-02 9.342064260465760689e-03 8.473335021615234150e-03 8.237042401291978788e-03 8.724658430005905602e-03 9.041771730240505747e-03 1.171691580756967048e-02 8.236496051795542950e-03 9.016451079385923162e-03 9.711657848185993938e-03 9.738548101739286783e-03 1.015007434996349767e-02 8.749622826964285546e-03 9.350100907847731097e-03 1.012515047656484257e-02 8.724820957508740149e-03 8.240885050890590230e-03 1.112317905312285374e-02 8.729755583568180391e-03 1.012718696845060599e-02 7.417323787226048210e-03 9.049245111057440186e-03 9.731443566981849702e-03 1.013486436228901860e-02 9.727585891323905706e-03 1.313080506302090507e-02 8.242010836987299915e-03 8.748471942747929053e-03 9.367847799470021761e-03 8.491833548253923877e-03 9.035915527832455094e-03 9.369900967167383091e-03 9.367524979005241795e-03 9.365667508247276993e-03 8.747104252302954908e-03 1.238836423618815824e-02 7.867352178618404121e-03 8.262270818862865046e-03 8.487096187186734392e-03 9.740451041919923059e-03 9.020839592136545640e-03 1.061072214250086826e-02 8.747406851305655415e-03 1.014696338471512624e-02 7.535572862927897471e-03 9.711084302729870721e-03 9.023541252074895186e-03 8.744720902405330246e-03 9.042080503861432694e-03 9.044411927670865936e-03 9.698680462009289655e-03 8.054815879985542659e-03 8.492153594839936537e-03 9.727335881901388870e-03 8.258202881449121235e-03 9.357926431360815908e-03 7.870456255324266570e-03 8.494087419001969397e-03 1.013868705470251722e-02 9.367863363598712481e-03 9.372980487489510071e-03 9.717042035648442919e-03 1.399514897843644884e-02 8.486779693641378561e-03 9.044272531863411721e-03 7.867710116117828875e-03 9.735066145428320980e-03 8.053047082113696728e-03 8.749973119489360546e-03 8.496048293545445732e-03 8.748522444162666611e-03 9.040263724736471995e-03 9.054064644548949492e-03 7.865160186114961496e-03 9.719199212223502207e-03 1.015201285895976462e-02 9.370977556810475284e-03 1.060408496686608172e-02 8.242065693706184318e-03 9.054407349433900645e-03 8.469509874440247707e-03 1.170705168421653543e-02 1.013418436334165805e-02 8.746780521741858924e-03 9.740728251850789068e-03 9.351110333456690363e-03 7.860384515755679258e-03 8.745326358171552628e-03 1.014928802591860170e-02 8.747150693502457261e-03 9.732611858134499611e-03 9.030505409075705037e-03 7.550422498954598334e-03 8.741999643789707605e-03 1.060510340648487815e-02 9.731658940365206512e-03 8.257632751902237514e-03 1.237004049906440840e-02 9.728227024362471123e-03 9.726298692612982133e-03 9.741347791624284380e-03 7.553329720403281419e-03 8.260394540289942023e-03 8.759903487863844249e-03 1.111395190930806326e-02 8.488873626907710718e-03 8.746234375921256229e-03 8.757984846808598844e-03 7.870711289943595895e-03 9.045740762940106955e-03 1.014694835042222881e-02 9.036252896486676386e-03 9.364001717929516452e-03 9.045527061409736058e-03 9.373058746797639437e-03 8.750950613785784746e-03
8.112990868367985636e-03 8.958166402820414223e-03 9.239768902800099201e-03 8.953001135709692110e-03 9.257853305393259208e-03 9.893144266365401507e-03 8.496276225673790941e-03 0.000000000000000000e+00 7.970925119340664319e-03 8.697033808310982231e-03 1.030508933863496721e-02 9.249379241380127972e-03 1.032861825116304297e-02 9.548283802815492327e-03 8.709429386823954247e-03 8.500850378886497596e-03 8.951078455675279960e-03 9.259142968109019753e-03 1.184987095436366121e-02 8.482383001243300191e-03 9.254103366188481949e-03 9.907745876515515471e-03 9.912191845114017713e-03 1.031298481015438528e-02 8.956825796625282957e-03 9.556283195509513578e-03 1.033680207046199125e-02 8.951231516375598996e-03 8.504286731800553972e-03 1.126635259491009025e-02 8.955897987110866126e-03 1.031374077321655161e-02 7.700265306231993297e-03 9.266896622433263078e-03 9.905774480654596856e-03 1.029877529238339487e-02 9.925872087367743762e-03 1.327852269381344166e-02 8.505803524233405966e-03 8.976186345302884090e-03 9.575940073541308259e-03 8.729350629484614044e-03 9.254018077403450976e-03 9.577578141399839540e-03 9.575460298303700366e-03 9.573928197542448323e-03 8.975055980911781500e-03 1.254316610213376641e-02 8.130557707733051045e-03 8.508754959520805142e-03 8.724973026557074698e-03 9.938185965376409442e-03 9.258735544003193763e-03 1.079045797605254070e-02 8.954997807501530183e-03 1.033573439081832135e-02 7.826265654320754481e-03 9.931676345477990359e-03 9.261153514207209198e-03 8.972566173401246015e-03 9.259890306017206155e-03 9.262294154410386296e-03 9.919611721122250508e-03 8.292735412676154397e-03 8.729412421628269386e-03 9.925807994715664037e-03 8.504983931798474131e-03 9.543635917457058207e-03 8.133629789340599686e-03 8.731365966640399282e-03 1.032770223322026885e-02 9.575873384272712979e-03 9.580916497899071016e-03 9.915789072039887450e-03 1.413552212489699832e-02 8.724343698367590175e-03 9.261990218797266222e-03 8.130978738271689085e-03 9.933214874723140381e-03 8.308293888056065765e-03 8.977681449241716252e-03 8.733284574191250982e-03 8.976453439489866931e-03 9.258208315088457471e-03 9.271483304665543296e-03 8.128585846507382223e-03 9.917787290422303351e-03 1.034063818684798249e-02 9.578930082301565993e-03 1.078392076933024427e-02 8.505660130407518074e-03 9.271868165071939574e-03 8.724998378225344575e-03 1.186985090429888180e-02 1.032336262186953069e-02 8.974658452001346015e-03 9.938829354202590588e-03 9.559692107351195484e-03 8.124049314359990670e-03 8.973281890965622079e-03 1.033801840863798199e-02 8.975129912093874479e-03 9.930913720311402085e-03 9.248714994721135216e-03 7.827681831246515592e-03 8.970079043037754510e-03 1.078483724298698321e-02 9.930087095873920550e-03 8.504268485871085276e-03 1.252495612033362182e-02 9.926544429513841847e-03 9.924761091101141214e-03 9.939433634644676344e-03 7.830385741208962733e-03 8.507038417040995240e-03 8.987277973730398509e-03 1.128516282180976396e-02 8.726340459385466264e-03 8.974105197310816573e-03 8.985431340126621633e-03 8.133860174895524847e-03 9.263563730590316375e-03 1.033571109591562356e-02 9.254273721688167920e-03 9.571916292150076458e-03 9.263247431107990079e-03 9.580816198502423511e-03 8.978651314478499484e-03
7.262931779622825747e-03 8.231807999362013989e-03 8.546279128493303179e-03 8.225934828293136186e-03 8.558799273168434668e-03 9.260270952033231029e-03 7.686486046409980212e-03 7.970925119340664319e-03 0.000000000000000000e+00 7.936578422115205325e-03 9.703505842537160989e-03 8.532689211198738605e-03 9.701707794974447768e-03 8.885292194864067086e-03 7.965889431978716989e-03 7.691725543571783889e-03 8.224040137583366744e-03 8.560454756219228190e-03 1.133079661254032811e-02 7.691264623419483311e-03 8.538039137977999557e-03 9.294419232830209918e-03 9.281238852941556608e-03 9.712169767822353972e-03 8.230451814877500286e-03 8.894020088942525964e-03 9.729417799917875614e-03 8.224086500300905114e-03 7.695763396068306186e-03 1.072054380564466287e-02 8.245174913292662930e-03 9.731688683253246139e-03 6.773661803586504028e-03 8.568308251373278270e-03 9.292113623835007372e-03 9.715357379955128977e-03 9.288248213176152762e-03 1.279929075431434672e-02 7.711505379547571766e-03 8.244996883743355501e-03 8.890670265649137927e-03 7.966440164369254298e-03 8.554149147521528454e-03 8.910270497776658083e-03 8.907526580156643892e-03 8.905859189390939040e-03 8.243714490207535231e-03 1.204145202525005835e-02 7.277683682701233288e-03 7.715092077304355409e-03 7.961438396746884846e-03 9.283389354246999320e-03 8.559623500272907012e-03 1.021126219043831142e-02 8.243889624859383758e-03 9.727854328092923678e-03 6.921494080936450508e-03 9.276069228780691941e-03 8.562173123327911431e-03 8.225218190835735521e-03 8.560822208617323986e-03 8.563425412366090436e-03 9.281181521367590920e-03 7.472274091789625483e-03 7.966754011184032369e-03 9.287902791187130358e-03 7.710561744550127605e-03 8.897378989491904269e-03 7.281133845521469208e-03 7.968869262151755117e-03 9.719425688857936257e-03 8.908053691401834201e-03 8.913369425491533479e-03 9.277037078391371649e-03 1.367844286685186012e-02 7.961043657003034554e-03 8.546518868331390642e-03 7.277988676256959277e-03 9.296016165243326662e-03 7.484076622463885220e-03 8.246594366306692764e-03 7.971027354162154785e-03 8.229276192946595112e-03 8.558782281517239229e-03 8.573544223024164024e-03 7.275205583283516839e-03 9.279262219768260808e-03 9.733224913934005254e-03 8.911296259030912145e-03 1.020414196100153346e-02 7.711436784009396798e-03 8.573910276698992403e-03 7.961553623450471490e-03 1.134271209579407538e-02 9.714714275025897183e-03 8.243187739864796942e-03 9.301975044354253430e-03 8.890290125667575649e-03 7.269918298316535750e-03 8.241550366866570373e-03 9.730305016144120620e-03 8.243507088329729560e-03 9.293431693304064767e-03 8.548312226953099294e-03 6.923027837624789842e-03 8.237954482740800916e-03 1.020515290908875772e-02 9.292541784601853622e-03 7.709868079175580084e-03 1.202243534707188484e-02 9.288813185578946238e-03 9.286743174209678015e-03 9.302625551696875814e-03 6.926288411447997263e-03 7.712969269245045605e-03 8.257363202388755263e-03 1.073203981850190739e-02 7.963170321430592530e-03 8.242528946162229128e-03 8.255231270863125359e-03 7.281423288643038699e-03 8.564685504002267705e-03 9.728066974620339785e-03 8.554466824580100534e-03 8.903695040104306693e-03 8.564394783355503207e-03 8.913385212846935621e-03 8.247567585190932957e-03
8.094328866334106476e-03 8.961764003305719081e-03 9.224607919816014273e-03 8.936218310779503807e-03 9.221002476704119599e-03 9.878690186251091673e-03 8.460414894322547744e-03 8.697033808310982231e-03 7.936578422115205325e-03 0.000000000000000000e+00 1.029188947065018747e-02 9.212128188934385481e-03 1.029003643729560144e-02 9.555617666506538085e-03 8.692398547506401812e-03 8.465054616742673926e-03 8.934590752785329798e-03 9.222507029018557970e-03 1.186720167761059694e-02 8.464406038426781562e-03 9.216855235074851438e-03 9.916894244232353842e-03 9.898395541128516065e-03 1.032494542226816692e-02 8.940605020939549480e-03 9.541327384576536036e-03 1.032319834561618195e-02 8.934692252233500734e-03 8.468625534697068330e-03 1.128158432653343299e-02 8.939520683069265491e-03 1.032503868382367816e-02 7.666719965764454310e-03 9.251183009393568885e-03 9.915244516363956942e-03 1.031022081751211024e-02 9.911644504553160373e-03 1.326779358966750401e-02 8.487855224950191166e-03 8.959774351931923050e-03 9.560635579003511422e-03 8.712112019216509615e-03 9.238157358852826240e-03 9.562797200880946910e-03 9.560425769299970081e-03 9.558734226587161514e-03 8.958631386191288903e-03 1.253228240424852750e-02 8.095740262662926706e-03 8.490956592142153911e-03 8.707587495860485624e-03 9.924030179590990000e-03 9.243002504474771147e-03 1.077774301423283128e-02 8.958802862930523997e-03 1.029711577664423929e-02 7.806331810605061927e-03 9.917221372903748181e-03 9.245409509940037684e-03 8.956188955123803308e-03 9.244341885865899403e-03 9.246620382708665639e-03 9.905129705239353391e-03 8.291210480897493948e-03 8.712376720618695766e-03 9.911499381945548803e-03 8.487101128521145482e-03 9.551030528300268399e-03 8.114686337804653468e-03 8.714232891190670446e-03 1.031401984569920230e-02 9.560875731189241028e-03 9.565849966319331377e-03 9.901387712243350445e-03 1.412542914842823162e-02 8.707278320469998348e-03 9.246226914653427401e-03 8.112006069666501465e-03 9.918938780473278427e-03 8.289939371126386208e-03 8.961305488515817347e-03 8.716157288454004157e-03 8.959878885681305319e-03 9.242394504281100515e-03 9.255679689341090449e-03 8.109543932998742807e-03 9.903555933599508115e-03 1.032714802184265743e-02 9.563849565375487013e-03 1.077091536255364579e-02 8.487804918807436219e-03 9.256175683749069683e-03 8.707710505795262027e-03 1.185809801345641228e-02 1.030967051419730794e-02 8.958204295231217071e-03 9.924466997134867574e-03 9.544485882989938233e-03 8.104950579185341702e-03 8.956735499550422253e-03 1.032434699395180615e-02 8.958428596458248294e-03 9.916534602552980887e-03 9.232872011906463269e-03 7.807606605809011384e-03 8.953525355017396062e-03 1.077184275263578205e-02 9.915708962797160214e-03 8.486454243254929267e-03 1.251378363360453744e-02 9.912249994378743989e-03 9.910429018233232745e-03 9.924988364272292057e-03 7.810396886194176901e-03 8.489105046479374431e-03 8.970665863373743221e-03 1.127278606743604798e-02 8.709106322644358592e-03 8.957514505469221788e-03 8.968920606565589440e-03 8.114823806619849214e-03 9.247679947408776399e-03 1.032213174008478687e-02 9.238397216394968539e-03 9.556892388456915063e-03 9.247441735814024635e-03 9.565738747298862393e-03 8.962119740056720060e-03
9.828674788436192120e-03 1.049934772643317145e-02 1.072452721198851461e-02 1.049519398279724451e-02 1.075084347482517001e-02 1.128961842212721119e-02 1.014180152500887729e-02 1.030508933863496721e-02 9.703505842537160989e-03 1.029188947065018747e-02 0.000000000000000000e+00 1.071544254398006275e-02 1.163522699080057204e-02 1.100486833588353031e-02 1.032661804652256973e-02 1.014534626414765987e-02 1.049375588041070659e-02 1.072291380105246453e-02 1.294897427866735506e-02 1.012163146909974588e-02 1.071931030301822088e-02 1.126868841158639410e-02 1.127223322108003058e-02 1.160710137646009735e-02 1.052504187590512508e-02 1.101119474279451012e-02 1.164180500425033953e-02 1.049384997541063895e-02 1.014842122459954678e-02 1.247053879615187162e-02 1.049748700479990332e-02 1.160787166302841740e-02 9.504663336627623346e-03 1.075842525955292978e-02 1.130067247608574320e-02 1.163134004464297031e-02 1.129758095449069459e-02 1.427574945480105002e-02 1.014958786480201283e-02 1.052517385594038332e-02 1.100943686055178700e-02 1.032753549813218881e-02 1.074802664858015393e-02 1.101086920309654084e-02 1.100896668620427940e-02 1.100782082484388219e-02 1.052401053166314437e-02 1.359650219571648805e-02 9.850587601583875655e-03 1.015201732789058897e-02 1.032417181558207067e-02 1.130801459005236279e-02 1.075184308956290274e-02 1.203076182383277550e-02 1.052421614448431804e-02 1.164128996712341518e-02 9.606341973451549415e-03 1.130242862931658127e-02 1.075391044206995723e-02 1.049531195425187566e-02 1.075291509759325470e-02 1.075487429933649937e-02 1.129245120975641559e-02 9.971743765339118395e-03 1.032789665417783477e-02 1.129753391551499390e-02 1.014893045692655260e-02 1.100144663373548229e-02 9.852826030720100367e-03 1.032932637096400062e-02 1.163465158684638678e-02 1.100943519743503331e-02 1.101345098048407342e-02 1.128930340295005059e-02 1.507882434479990846e-02 1.032375019184633876e-02 1.075452689721788369e-02 9.850792650217574803e-03 1.130383401355695462e-02 9.992331256211711699e-03 1.052613031551038504e-02 1.033085135255115868e-02 1.052496802105226149e-02 1.075141477043599185e-02 1.076220972087560054e-02 9.848876952645324936e-03 1.129099401656715775e-02 1.164556762183104228e-02 1.101187020767479575e-02 1.202502815252444804e-02 1.014953566003027295e-02 1.076251219708368109e-02 1.032422148761235475e-02 1.298447652497327492e-02 1.163092339853490434e-02 1.052369353046807635e-02 1.130841237674221067e-02 1.099613735968823364e-02 9.845209474964472865e-03 1.052252006495349619e-02 1.164332224678199350e-02 1.052397707678823062e-02 1.130184507711052763e-02 1.074382709305473672e-02 9.607434654895897694e-03 1.051996062178819392e-02 1.202577007682604886e-02 1.130115906040269486e-02 1.014845074537396551e-02 1.357970510839757658e-02 1.129829259158388922e-02 1.129670406613109482e-02 1.130889609080072862e-02 9.609604252062179178e-03 1.015059179268775445e-02 1.053375271472955892e-02 1.246306466357619512e-02 1.032530043990954015e-02 1.052318395631471337e-02 1.053220806216097032e-02 9.853000891445660991e-03 1.075567286772620250e-02 1.164144967883020548e-02 1.074829259178173950e-02 1.100606741711057830e-02 1.075551722048680679e-02 1.101347429308883845e-02 1.052680357278293344e-02
8.694335993047122915e-03 9.475739617467199283e-03 9.714120902716250408e-03 9.448184453645184014e-03 9.734970249615327448e-03 1.035204792071355538e-02 9.011320550417763198e-03 9.249379241380127972e-03 8.532689211198738605e-03 9.212128188934385481e-03 1.071544254398006275e-02 0.000000000000000000e+00 1.074245372668222731e-02 1.002691317245948781e-02 9.224002338728951381e-03 9.015788214176779017e-03 9.446412396186380095e-03 9.712408439793292561e-03 1.223330410283371417e-02 9.015168500769060386e-03 9.707054387224677353e-03 1.036622767193889037e-02 1.037053902613201822e-02 1.075177567836648439e-02 9.451831340335651102e-03 1.000887333576917608e-02 1.072121312500438212e-02 9.446559174430766911e-03 9.038834243005800309e-03 1.163504364343558202e-02 9.473588523843527384e-03 1.075186045940650613e-02 8.285662736626869806e-03 9.743008964947520376e-03 1.036409831212666693e-02 1.073765593172225190e-02 1.036066510601466907e-02 1.359732413167005771e-02 9.039830100323864234e-03 9.473484695774291378e-03 1.003135558700839897e-02 9.245422241019709067e-03 9.730942618949751932e-03 1.003359279046013228e-02 1.003111703571282244e-02 1.002968196044401288e-02 9.472405789818047483e-03 1.287900893482324567e-02 8.678002094826662779e-03 9.042869536232744226e-03 9.220380911898725176e-03 1.037246741400122199e-02 9.711606738231315719e-03 1.118330492922416444e-02 9.472509533023172959e-03 1.074889627898107346e-02 8.415872079468651734e-03 1.033876926125588090e-02 9.737802506362799176e-03 9.470132837421546199e-03 9.736580389698388030e-03 9.714983825456565900e-03 1.035435375095305165e-02 8.860221655001079138e-03 9.245946838273519722e-03 1.036061758061048929e-02 9.039283707154160269e-03 1.002249481506626780e-02 8.698383941590332250e-03 9.247628692279413407e-03 1.074140558849239792e-02 1.003173243121874107e-02 1.001079293804535593e-02 1.035110657509042895e-02 1.443828352956465395e-02 9.241355747879403948e-03 9.738705545870885230e-03 8.695934398308118041e-03 1.036763485799750868e-02 8.858823861982173184e-03 9.475032784829088423e-03 9.249382918932637018e-03 9.473708896843711230e-03 9.735196700445066312e-03 9.747476947006825099e-03 8.693807752330154348e-03 1.035314971662987943e-02 1.075388359696752630e-02 1.003451336699844737e-02 1.117679034164861633e-02 9.039922334937685808e-03 9.747833521392856859e-03 9.241645638394769061e-03 1.222416098998071500e-02 1.073718266108939293e-02 9.472189552292346187e-03 1.037295153880975207e-02 1.001640320122281977e-02 8.689554851245876246e-03 9.470930751116228910e-03 1.075123081575639697e-02 9.472686427517492888e-03 1.036548109346017120e-02 9.726336057097603044e-03 8.417291216276413801e-03 9.467970733130118277e-03 1.117786022614153038e-02 1.036457239889135296e-02 9.038713886284618915e-03 1.286124829719609113e-02 1.036144532686728535e-02 1.035973082765257770e-02 1.037351883067155235e-02 8.419772066527999102e-03 9.041269815267457058e-03 9.483856504480612376e-03 1.165867763004435967e-02 9.243034653082210506e-03 9.471641309645565526e-03 9.482153519359706392e-03 8.698565665643415504e-03 9.740048771596922922e-03 1.074912394016606237e-02 9.731444113059711451e-03 1.002811412076432679e-02 9.739842170583217981e-03 1.003627128167473674e-02 9.475890043156185924e-03
