0.000000000000000000e+00 1.124925003878499662e-02 9.965575169869438782e-03 1.281678146526764143e-02 1.018018572078696962e-02 9.447742541138490213e-03 1.124534669412613312e-02 1.011683199005870316e-02 1.281333051583079773e-02 8.967818686706135328e-03 8.593821396897006332e-03 1.059083288673949748e-02 1.068274185798824896e-02 1.040548142928061394e-02 1.322834151372924774e-02 1.055027164016405367e-02 9.110541773839809718e-03 9.696280186962710768e-03 9.671504816191672446e-03 1.067946726271897136e-02 9.456922130577886595e-03 1.036136645815227512e-02 1.019762194445460179e-02 1.037937939844233402e-02 1.076699133174144167e-02 1.212317156865499665e-02 1.033801710595948047e-02 9.757687015626908753e-03 1.106519610501625894e-02 9.463072037341134848e-03 1.015890109451649502e-02 1.109793993147911370e-02 2.485859334032476664e-02 2.402086379854746767e-02 2.629868954602220671e-02 2.580116222425746231e-02 2.409872771821621601e-02 2.328819284958738231e-02 2.318320154307759381e-02 2.595652287179617268e-02 2.544578622451378752e-02 2.432440069293050067e-02 2.220546610522239686e-02 2.487513477279785015e-02 2.412551405188546189e-02 2.596917661947772266e-02 2.533852167015677656e-02 2.493689074431510236e-02 2.502649393482806253e-02 2.635375061691605514e-02 2.407667023360662503e-02 2.511237121105178854e-02 2.397667689885503092e-02 2.574897153520293996e-02 2.542689695346330575e-02 2.526665684576979640e-02 2.431884893536758602e-02 2.514528790380366960e-02 2.483072195901981499e-02 2.694790300505728667e-02 2.688441307258850402e-02 2.610354013749479479e-02 2.563639119162737165e-02 2.504395313540209306e-02 2.352060713118837854e-02 2.421702417989982439e-02 2.433974037293682238e-02 2.377189732542702577e-02 2.357284120496555210e-02 2.354333782697149574e-02 2.311133838578592267e-02 2.480454995558249026e-02 2.386502100806024707e-02 2.404639442281356065e-02 2.381839068010900562e-02 2.466430456333772864e-02 2.325269773620773639e-02 2.437211585790893809e-02 2.355597634343268090e-02 2.381487239465551742e-02 2.409043160196748176e-02 2.410087743962019066e-02 2.335826129475676929e-02 2.548859587274293625e-02 2.384403878536161051e-02 2.424941769552747470e-02 2.455068876371268097e-02 2.334457370700066328e-02 2.331017261236346949e-02 2.430314790181732978e-02 2.348543329004551539e-02 2.299031480483675408e-02 2.406995310248791209e-02 2.390461379898941099e-02 2.358032030042384736e-02 2.437706344560826646e-02 2.394908126364013803e-02 2.459347467592188849e-02 2.331294882904037108e-02 2.468266860499441703e-02 2.600833468630141601e-02 2.328387362492322088e-02 2.476395753362879010e-02 2.292766039325050756e-02 2.497027931803065190e-02 2.521925120974474049e-02 2.528007452325696167e-02 2.396512202326519028e-02 2.468730718450163480e-02 2.658763469033049651e-02 2.496667794924026587e-02 2.496610197238115572e-02 2.420006365597874784e-02 2.452481006093458135e-02 2.373745896771240968e-02 2.351101630637403989e-02 2.457027112571673333e-02 2.467510960749376078e-02 2.597685629000268809e-02 2.451578131370522884e-02 2.338496920667930412e-02 2.402538119100840544e-02 2.498144724168847516e-02 2.392562508888641803e-02 2.630003307381709177e-02 2.350514676641080047e-02 2.432575160131006387e-02 2.532867575508623847e-02
1.124925003878499662e-02 0.000000000000000000e+00 9.870029364923867815e-03 9.962715867151500371e-03 9.202651194408009716e-03 1.078690417681897433e-02 9.570705432222869138e-03 9.242222903071587586e-03 1.035028900850001529e-02 1.123800156400992997e-02 1.111364087027003067e-02 9.056584825553838300e-03 9.381405073127933175e-03 9.492806066695579081e-03 1.570894802368650103e-02 1.011190319535173326e-02 1.150993851605637205e-02 1.000721967614369087e-02 9.999332513751544443e-03 8.943812795087517295e-03 1.011609178251631283e-02 9.386515527573659895e-03 9.176092201217166469e-03 9.080317440083123665e-03 9.021267229100005808e-03 9.793917095979187346e-03 9.446862462851699990e-03 9.627558286956614322e-03 9.019751918249004075e-03 1.194469941316261483e-02 9.621579603634263997e-03 8.802073601963588886e-03 2.638027303449348368e-02 2.582327034653872019e-02 2.772640215985467532e-02 2.731867194650550515e-02 2.587766878942336646e-02 2.504752769271723079e-02 2.515012494982503746e-02 2.743670660091327915e-02 2.699793446091516835e-02 2.605733948135033340e-02 2.441224036765805502e-02 2.652106437897416846e-02 2.590232477106442499e-02 2.744942055055605429e-02 2.690932286182578376e-02 2.657980391214983737e-02 2.667592660455719508e-02 2.776388056815783101e-02 2.573360599762022916e-02 2.673182597558635201e-02 2.579366083974621651e-02 2.727136334028393977e-02 2.687045033278440131e-02 2.687138251092525271e-02 2.555966783885352950e-02 2.675861177260619589e-02 2.649376055280893219e-02 2.828444874751847096e-02 2.825873412120513684e-02 2.756903615024806908e-02 2.717115979727182870e-02 2.666877934363925604e-02 2.563945195772825494e-02 2.634204825990617976e-02 2.643842924303911601e-02 2.583101714831942744e-02 2.578910091170302787e-02 2.561274687301771241e-02 2.541871235720195160e-02 2.683357478730839796e-02 2.601894288468384678e-02 2.620186490516067737e-02 2.599134090504851002e-02 2.673148967339262008e-02 2.551733077472237779e-02 2.648586466207800486e-02 2.578677070417326536e-02 2.599757946754477703e-02 2.618747178198665287e-02 2.624117295981676437e-02 2.561860944028498260e-02 2.741805266094477292e-02 2.600738173024660579e-02 2.636996379417302569e-02 2.663066638980382539e-02 2.547992220534618310e-02 2.542255415151963016e-02 2.641151089809064614e-02 2.572214676254514984e-02 2.529334378312706605e-02 2.615366112217698893e-02 2.605648326097054907e-02 2.579161618551865931e-02 2.648770300442294945e-02 2.611599943687584191e-02 2.665295015005569867e-02 2.543407632788444520e-02 2.669511150370779476e-02 2.788247103009816943e-02 2.555173103060977280e-02 2.680423972689259873e-02 2.509789311166138806e-02 2.697029477483276275e-02 2.719858930876491859e-02 2.724752559885362801e-02 2.611892595224947836e-02 2.673995456631355835e-02 2.837711200623586200e-02 2.693792132995954935e-02 2.696097149365948506e-02 2.632118462335991671e-02 2.647674753707399131e-02 2.592452054706053874e-02 2.560021130676580145e-02 2.652658937594547239e-02 2.667828932550472473e-02 2.786210129753568035e-02 2.658100586841814078e-02 2.562998447596352009e-02 2.611866109521385204e-02 2.698574530497649740e-02 2.608735943099865784e-02 2.814761579001756261e-02 2.572446384054212151e-02 2.642039500316212611e-02 2.729668487971463608e-02
9.965575169869438782e-03 9.870029364923867815e-03 0.000000000000000000e+00 1.131746604076620290e-02 9.207356495159937232e-03 9.505383387619723706e-03 1.079379796187151554e-02 9.233435175055076244e-03 1.175262592642210488e-02 9.841243017951683061e-03 9.860014688806652619e-03 9.615637120619389272e-03 9.877422761087717440e-03 9.715834751135035696e-03 1.371772633244498600e-02 9.318252049813515250e-03 1.052554175152841179e-02 8.940592982337016228e-03 8.731767786243594190e-03 9.702180726848435091e-03 8.945903545579236144e-03 9.039802407827505701e-03 9.292103126247664574e-03 9.935494291098525069e-03 1.022361983106274096e-02 1.058085124467844813e-02 8.896863382963783595e-03 9.522989328227732253e-03 1.060331116272258956e-02 1.045369261115912211e-02 8.794995298472279774e-03 1.071251293872954764e-02 2.559996450746181498e-02 2.485853362253755486e-02 2.700955813491674740e-02 2.653693889638834846e-02 2.492963103797494681e-02 2.413106811910820798e-02 2.407626721759744889e-02 2.668648728336226600e-02 2.619922509141722061e-02 2.513916248551038499e-02 2.317395471286890288e-02 2.565979948391565457e-02 2.495418897809331335e-02 2.669730260640534522e-02 2.609794840001507243e-02 2.572002944888148596e-02 2.580797110754642562e-02 2.705775191105820598e-02 2.484961062093652209e-02 2.588245998244440363e-02 2.481882087050663391e-02 2.648261749144794133e-02 2.615959805877601102e-02 2.603291838078864232e-02 2.505947349398610080e-02 2.591298139732085143e-02 2.561525058108394051e-02 2.762613105567678431e-02 2.757153904339648340e-02 2.682658907350364899e-02 2.637701152476916791e-02 2.582061444058033825e-02 2.431430476468800575e-02 2.503440730676115625e-02 2.514585522495537892e-02 2.457707887450702802e-02 2.442851562662282441e-02 2.432461491509200699e-02 2.400670556693607766e-02 2.558206502444181421e-02 2.470093422193297972e-02 2.487653837182692354e-02 2.465593026531693460e-02 2.545679842326353456e-02 2.412855363348841847e-02 2.518572154396998136e-02 2.441767575360349191e-02 2.465674340802668715e-02 2.490235117557238614e-02 2.492535758088502626e-02 2.423432230072657817e-02 2.623005595280410510e-02 2.467921073386830644e-02 2.506336009026527770e-02 2.534905230268809720e-02 2.414532190640451478e-02 2.412790512387178593e-02 2.511440046372736060e-02 2.435103980844685254e-02 2.388317607570528481e-02 2.488321732883461146e-02 2.473586256294893482e-02 2.443352853907010055e-02 2.518915338714091887e-02 2.480446993903349592e-02 2.540527567260503911e-02 2.414852275424618500e-02 2.548216802528715033e-02 2.674403053837859021e-02 2.418029365071323530e-02 2.556790110311758790e-02 2.377463842762505761e-02 2.575746896915507775e-02 2.599863621333336344e-02 2.605378497091405052e-02 2.481556973741275152e-02 2.549661399655600222e-02 2.729509744044386968e-02 2.574908146822914995e-02 2.575013946301563800e-02 2.503734944877966315e-02 2.529124571706370048e-02 2.460166468965318057e-02 2.433431742606629797e-02 2.533872530633065126e-02 2.547634059813972882e-02 2.671757308595047731e-02 2.532909861922756634e-02 2.427258534091172176e-02 2.485719087340978323e-02 2.577092381040408872e-02 2.477967627512514884e-02 2.702555424647709939e-02 2.438164825834079896e-02 2.515132660377229767e-02 2.610251775953988454e-02
1.281678146526764143e-02 9.962715867151500371e-03 1.131746604076620290e-02 0.000000000000000000e+00 1.053174840261611803e-02 1.236649370115189446e-02 9.476684776467585516e-03 1.101090245567476651e-02 8.970527327623932165e-03 1.284743211428999998e-02 1.228990877611639901e-02 1.014973953545483289e-02 1.041244947472269936e-02 1.090252452323756463e-02 1.696263978493485480e-02 1.088137841337364665e-02 1.304758731920463606e-02 1.095391392462359732e-02 1.147267389966339507e-02 1.003222661526704737e-02 1.150925728824602964e-02 1.075551596034473971e-02 1.051065061577576357e-02 1.027138071730527950e-02 9.903816865370399652e-03 9.092920522813071477e-03 1.079876627349884641e-02 1.115051481113087280e-02 1.004940902815155794e-02 1.394192749015895141e-02 1.095880426525875501e-02 9.644799436852716235e-03 2.806567796714353261e-02 2.758721149244013071e-02 2.937766482493060424e-02 2.896401562215224906e-02 2.763596599061237877e-02 2.678218425070845107e-02 2.695378483268467268e-02 2.910774759049527052e-02 2.868931336726959769e-02 2.779044523490220575e-02 2.625308879226855713e-02 2.824275428498861790e-02 2.766024715635997250e-02 2.911935849067494309e-02 2.860926124096313181e-02 2.829784496768603455e-02 2.837066440296948794e-02 2.940834884291477352e-02 2.746422251356898589e-02 2.841774085151524062e-02 2.756095634479587345e-02 2.892474917259351894e-02 2.852656455867607146e-02 2.855723263702059089e-02 2.758680570714532043e-02 2.843489031644974227e-02 2.818337298078381001e-02 2.990613499026061745e-02 2.986496176023760440e-02 2.923356223041832097e-02 2.881965642423241214e-02 2.838363148177504638e-02 2.683574247168801774e-02 2.755287310939342690e-02 2.761313116679100024e-02 2.698218911627319264e-02 2.704890515672822224e-02 2.647255325940841425e-02 2.676237591533269997e-02 2.796448868112030514e-02 2.727612178471072388e-02 2.741700812864222500e-02 2.721958443546928022e-02 2.788064564910435264e-02 2.681400235582900513e-02 2.768774860953253023e-02 2.705490499069321958e-02 2.722990708956225803e-02 2.739185064181148821e-02 2.744607438482359052e-02 2.692789550149953318e-02 2.849873887002010719e-02 2.723524236495680761e-02 2.755947542182052637e-02 2.779250239954019278e-02 2.668568755906399956e-02 2.663665447696665634e-02 2.759293061517990517e-02 2.701257722485931462e-02 2.661880538925024894e-02 2.737424874514054335e-02 2.727772884522857919e-02 2.704565280213894543e-02 2.768981097359057494e-02 2.762816811264370842e-02 2.811436502132226220e-02 2.692759536364605286e-02 2.816050276041532838e-02 2.924835199553631887e-02 2.711188514014411036e-02 2.825520101343290125e-02 2.663828872761463823e-02 2.840311476451782419e-02 2.861926552993920847e-02 2.866286090738665374e-02 2.762720694162815877e-02 2.819837788145190122e-02 2.971879660211496771e-02 2.838117542297222129e-02 2.837998495859602593e-02 2.781385917428032609e-02 2.788911267429087723e-02 2.744938537319052685e-02 2.708464397829648748e-02 2.793514271565351870e-02 2.815374903977590354e-02 2.923269514082135409e-02 2.804523280618892445e-02 2.718330104418986010e-02 2.760364240101386563e-02 2.841960401919681536e-02 2.760018444091388509e-02 2.950035242970865113e-02 2.725496349325930157e-02 2.790093864793520909e-02 2.871118083288730014e-02
1.018018572078696962e-02 9.202651194408009716e-03 9.207356495159937232e-03 1.053174840261611803e-02 0.000000000000000000e+00 1.021191812067181841e-02 9.537662923542876425e-03 8.631986935683767792e-03 1.090868787329674419e-02 1.102703133020020709e-02 1.048239136508981144e-02 8.918525941357334161e-03 9.343054283024938497e-03 9.429582331831675573e-03 1.457116791781623913e-02 9.709997323725166191e-03 1.081194769624100466e-02 8.859552602711460306e-03 9.378847554666608702e-03 8.951032938522954924e-03 9.876926409779234264e-03 9.249901015014050376e-03 8.611921310563722121e-03 8.764495106406904740e-03 9.538748296772385851e-03 9.874101382864482884e-03 8.823238386424812896e-03 9.650615810725845373e-03 9.373568585515534152e-03 1.165737896626302915e-02 8.881465648630701079e-03 9.441131854611366225e-03 2.623998240366740009e-02 2.557749006122482516e-02 2.762556291459634245e-02 2.717401065822040371e-02 2.564165298582275418e-02 2.481646799678315432e-02 2.483790394574653809e-02 2.731713279853683479e-02 2.684949538023400153e-02 2.584043358316147690e-02 2.399468960955053812e-02 2.633700925094570669e-02 2.566634120380714701e-02 2.732901057052949251e-02 2.675401399709227343e-02 2.639589251915665236e-02 2.647893111710806005e-02 2.766874595103822540e-02 2.553458071176335428e-02 2.654564606684775910e-02 2.554132816210956045e-02 2.711988294062816357e-02 2.677942638346525461e-02 2.669253904785797576e-02 2.571928200478904372e-02 2.657629305750126153e-02 2.629229036618931439e-02 2.821793090741562052e-02 2.816730012619021728e-02 2.745422285660346212e-02 2.701909991741570718e-02 2.649209781613998810e-02 2.510013460067523836e-02 2.580295721604326104e-02 2.590733225897861453e-02 2.532650900778295536e-02 2.522291145903755860e-02 2.508236979784117526e-02 2.482529586823913406e-02 2.632289048082879848e-02 2.548086343095616602e-02 2.565266661815227001e-02 2.543877958495289679e-02 2.620770386179329531e-02 2.493791361730379741e-02 2.594918217159367449e-02 2.521505814018012645e-02 2.544085400860396362e-02 2.566766260396566995e-02 2.569765102082072206e-02 2.504002570715445353e-02 2.694475248951612445e-02 2.545901168380472132e-02 2.583083197442079607e-02 2.610417613137082718e-02 2.493723744121793123e-02 2.491188995861202959e-02 2.587772553284056753e-02 2.515073388724028275e-02 2.470290372302865606e-02 2.564806504213243410e-02 2.551086380913701948e-02 2.522707808233442400e-02 2.595268577111559463e-02 2.555009661321734626e-02 2.611726272085455186e-02 2.487955413490657713e-02 2.618561829525334339e-02 2.739795285150622636e-02 2.495676526784324292e-02 2.627397091695156048e-02 2.453728800693751738e-02 2.645186196068647147e-02 2.668587574826208203e-02 2.673744236416554856e-02 2.555732284148130515e-02 2.620710828136737711e-02 2.792683778978565998e-02 2.643940413437923312e-02 2.644413888227536633e-02 2.576920768446250981e-02 2.596838090881797845e-02 2.535385286408015429e-02 2.505533363154943682e-02 2.601649171646796058e-02 2.618003220753943247e-02 2.737419021071304387e-02 2.604362003558271729e-02 2.504405139909762074e-02 2.559086933131544950e-02 2.646601497900186520e-02 2.552423933392455879e-02 2.767158788793658286e-02 2.514719175132036286e-02 2.587514541316634012e-02 2.678619477499352003e-02
9.447742541138490213e-03 1.078690417681897433e-02 9.505383387619723706e-03 1.236649370115189446e-02 1.021191812067181841e-02 0.000000000000000000e+00 1.127846575588935252e-02 1.016645160172282084e-02 1.282943865428026395e-02 9.592562475153958504e-03 8.968635632777945468e-03 1.105594363754761750e-02 1.059628672771249606e-02 1.073754631579696035e-02 1.276459163399264185e-02 1.009850506297929780e-02 9.284260319269807549e-03 1.026643538000961836e-02 9.754394140610920041e-03 1.107073162505114831e-02 9.429141577680665715e-03 1.037909330180116114e-02 1.068455161823671055e-02 1.091358433782165654e-02 1.082959193372377144e-02 1.171077726263932382e-02 9.909479514033682490e-03 9.677207051087570108e-03 1.119233929263696234e-02 9.616328803892003688e-03 1.016997303244455281e-02 1.115153823384092656e-02 2.449577387122157598e-02 2.366855316868932482e-02 2.588036295818942761e-02 2.541496495780785903e-02 2.374086368382333570e-02 2.295287680987837670e-02 2.289180161711345737e-02 2.556581418565007785e-02 2.504910810279331254e-02 2.397900168185097478e-02 2.198018110012211687e-02 2.449121733595715361e-02 2.376591422701914216e-02 2.556024444004691490e-02 2.494305048670724875e-02 2.455036455905041867e-02 2.466483632771175605e-02 2.593486530715846325e-02 2.334378779222278516e-02 2.472469598322056192e-02 2.365193816156271542e-02 2.534579982198094036e-02 2.503122808373822727e-02 2.487691472165152323e-02 2.390845989304909297e-02 2.475365758751817136e-02 2.444954877035698457e-02 2.651852278532806917e-02 2.647636310222268100e-02 2.568994672954691069e-02 2.523244866044551879e-02 2.465790327365473614e-02 2.344257965629538421e-02 2.415848604515349538e-02 2.427723153438072351e-02 2.370888400243984645e-02 2.352001141747455532e-02 2.346301108728331836e-02 2.306845310179522074e-02 2.473627784547138483e-02 2.379302642121781941e-02 2.398933427668530766e-02 2.376180505724830375e-02 2.460176977702957513e-02 2.320230879669605770e-02 2.431401579240850125e-02 2.350584196559236949e-02 2.376206378163957939e-02 2.401128678771394936e-02 2.404324918177468129e-02 2.331084915561210807e-02 2.539970654845745066e-02 2.378540255295918254e-02 2.418976856688663524e-02 2.448789006919852365e-02 2.326663824273819334e-02 2.323631657496626202e-02 2.424221422784952895e-02 2.343668821398342886e-02 2.294451370441305191e-02 2.397733270896812777e-02 2.384562739051684574e-02 2.352799882017425626e-02 2.431733857194467996e-02 2.392969098484053897e-02 2.456975094381404212e-02 2.328792963870577465e-02 2.463608598283122467e-02 2.597501109147928866e-02 2.327240829267740799e-02 2.473822989026959809e-02 2.286260540560184490e-02 2.494060193399689693e-02 2.518961988135505134e-02 2.524926192994476903e-02 2.394457578473751375e-02 2.466195003172273748e-02 2.653382642572755731e-02 2.491882312491933496e-02 2.493548773891241313e-02 2.417722838448823144e-02 2.451499824031694655e-02 2.371964852703773580e-02 2.350589155074054790e-02 2.454153223063916534e-02 2.461434772169424079e-02 2.594617018936645064e-02 2.449038664319262704e-02 2.336618387164765553e-02 2.397300683960245510e-02 2.495384732046967632e-02 2.390482720220260884e-02 2.626325456422581514e-02 2.348102734537893879e-02 2.430048927291620156e-02 2.529860940545671302e-02
1.124534669412613312e-02 9.570705432222869138e-03 1.079379796187151554e-02 9.476684776467585516e-03 9.537662923542876425e-03 1.127846575588935252e-02 0.000000000000000000e+00 9.505460065551873255e-03 9.784968712741124591e-03 1.217974916900644612e-02 1.106891739797857301e-02 9.125514534926000565e-03 9.613620581979735041e-03 1.052829662261466244e-02 1.626139850481280250e-02 9.986500363732123131e-03 1.197407364599361972e-02 9.870200729577774043e-03 1.044109508936682217e-02 9.027085847582617603e-03 1.048162097802627681e-02 9.739683166472244691e-03 9.882022230585986791e-03 9.208029816080780597e-03 9.112149914611296364e-03 8.813211789803774079e-03 9.859787301893324640e-03 1.009764386832237570e-02 8.580767249209177161e-03 1.239732595214649777e-02 1.002358336471365942e-02 8.900105490105605574e-03 2.725155902004684424e-02 2.666218632671446195e-02 2.858020075248349223e-02 2.815195776443681422e-02 2.671876815504700339e-02 2.588428416662326773e-02 2.597756366096105191e-02 2.829137260398753920e-02 2.784893072380089513e-02 2.690038075780441101e-02 2.520664567434122844e-02 2.737003991989299737e-02 2.674396147240983707e-02 2.830323716325970976e-02 2.776200559086315287e-02 2.742596763754132083e-02 2.750417694376945665e-02 2.861878103677227905e-02 2.657712013721136302e-02 2.756230717651934198e-02 2.663315608295453024e-02 2.810481442222433415e-02 2.771936090258211513e-02 2.770351782569477686e-02 2.675264993747867789e-02 2.758831126075225390e-02 2.732173903289775857e-02 2.914149474138973475e-02 2.909432755880034943e-02 2.842188499175554370e-02 2.800299752572287665e-02 2.751849709804866581e-02 2.611310548498473744e-02 2.683474650620085167e-02 2.692881214910335802e-02 2.631482636581617199e-02 2.629677870250226451e-02 2.610400604175213898e-02 2.594046836004249360e-02 2.731795668085611542e-02 2.653402241727838284e-02 2.670149915286175110e-02 2.649314875442724398e-02 2.721612912844580470e-02 2.603367470383767535e-02 2.697725080664541142e-02 2.629670210955255966e-02 2.649925241785693747e-02 2.669899609774130031e-02 2.673775972036249865e-02 2.613339335534676372e-02 2.789906141793319430e-02 2.651313630786521214e-02 2.686199927561506301e-02 2.711860322987441965e-02 2.595707639162943281e-02 2.593127717436929242e-02 2.690449021931377513e-02 2.623251278430400318e-02 2.581430063983905510e-02 2.667972693537978487e-02 2.656460056993930827e-02 2.629758958174827771e-02 2.698060890122791489e-02 2.668094207869647905e-02 2.720970225202829634e-02 2.599848721492257694e-02 2.726996436772282512e-02 2.841843983953331806e-02 2.612618772728895686e-02 2.735771282251010100e-02 2.571142835704623431e-02 2.752341413953021676e-02 2.774612058052334726e-02 2.779455926582631228e-02 2.668505551176727358e-02 2.729737147937047123e-02 2.891849609830633716e-02 2.750711543248773872e-02 2.751200927165472349e-02 2.688477997175172524e-02 2.704229314987680044e-02 2.649534644665181224e-02 2.618442410701470047e-02 2.706833354470729661e-02 2.726254720885577451e-02 2.839709167174595678e-02 2.713996373089928513e-02 2.620816401922639038e-02 2.670176419995572495e-02 2.753737691600377860e-02 2.665523282034874472e-02 2.868052758751220635e-02 2.629957840447667144e-02 2.698239936851177384e-02 2.784284613359767555e-02
1.011683199005870316e-02 9.242222903071587586e-03 9.233435175055076244e-03 1.101090245567476651e-02 8.631986935683767792e-03 1.016645160172282084e-02 9.505460065551873255e-03 0.000000000000000000e+00 1.089694467528524134e-02 1.100843559245271580e-02 1.003962960038438067e-02 8.888872585327865089e-03 9.836001197033206189e-03 9.562456081071630740e-03 1.503314587220701791e-02 9.249355064235837906e-03 1.118982776856470955e-02 8.834348278078857364e-03 9.332214839331132508e-03 9.353621699165136708e-03 9.430363763578005279e-03 8.738170428362335151e-03 8.538948337200816946e-03 9.192444032884933627e-03 9.160233897161614361e-03 9.893510697574563542e-03 9.258597722294552648e-03 9.144670885020177512e-03 9.371669722977454819e-03 1.116901730002927036e-02 8.947520494755133169e-03 9.488889661867011202e-03 2.621447541485958516e-02 2.554751359126683843e-02 2.759605998689172723e-02 2.714329596579158344e-02 2.561167590205376196e-02 2.478539635138571687e-02 2.480868604217071477e-02 2.728775590066150405e-02 2.681991266121169781e-02 2.580929585631276321e-02 2.396689432114456134e-02 2.630742958538243373e-02 2.563686445876254064e-02 2.729958072926863544e-02 2.672544441600628248e-02 2.636618020985066757e-02 2.644926211570907890e-02 2.764103610766627250e-02 2.550517293193168070e-02 2.651746104153955216e-02 2.551293293666315187e-02 2.709489302755633752e-02 2.673072819498808345e-02 2.666301120193282498e-02 2.569299846593467440e-02 2.654540580638240638e-02 2.626137884666696065e-02 2.819043489795883609e-02 2.813900052233150872e-02 2.742465196217218695e-02 2.698812059404603197e-02 2.646327408058682037e-02 2.503124464874944763e-02 2.575115959349965136e-02 2.585638081403881725e-02 2.525857164370764324e-02 2.517446069461015332e-02 2.505277519155611407e-02 2.477952672546209628e-02 2.627417612094988184e-02 2.543014774493486049e-02 2.560506151981748260e-02 2.538896902859242091e-02 2.615819603215621680e-02 2.489023946788419470e-02 2.589882015179536395e-02 2.516871716998361763e-02 2.539207484992383676e-02 2.561814330118565575e-02 2.564794294742388930e-02 2.499205498347794457e-02 2.689232525833479270e-02 2.541149315047816840e-02 2.578093245904549899e-02 2.605445026292441818e-02 2.486769872935746736e-02 2.484421468079192619e-02 2.582791938917334759e-02 2.510149100066311548e-02 2.465518105764367973e-02 2.559695296518213481e-02 2.546710109103351993e-02 2.517780479159003118e-02 2.590269340100723530e-02 2.556663007514872743e-02 2.613847535923987525e-02 2.491779369739441710e-02 2.620682429449944575e-02 2.742560057632105822e-02 2.497001886540763105e-02 2.629559694395212921e-02 2.457270492568093545e-02 2.647573282292045929e-02 2.670911389307066910e-02 2.676235335489051542e-02 2.557525604641647590e-02 2.622658077794669251e-02 2.795432200193292277e-02 2.646276553089143765e-02 2.646695966058960903e-02 2.578729986015185910e-02 2.599668766816797677e-02 2.536978930747182948e-02 2.507927473400756169e-02 2.605821700923990555e-02 2.619885709573625820e-02 2.740054678654606224e-02 2.606546888755127689e-02 2.505756830252085093e-02 2.560529166888717359e-02 2.648881342845587836e-02 2.554085143032513300e-02 2.769859146804385872e-02 2.516015581608031099e-02 2.589626974562611594e-02 2.680998781936858033e-02
1.281333051583079773e-02 1.035028900850001529e-02 1.175262592642210488e-02 8.970527327623932165e-03 1.090868787329674419e-02 1.282943865428026395e-02 9.784968712741124591e-03 1.089694467528524134e-02 0.000000000000000000e+00 1.327917142631842434e-02 1.266768436576021749e-02 1.039754207780701697e-02 1.122145107921496653e-02 1.130803353475380579e-02 1.748820192736135273e-02 1.141000749899816896e-02 1.393863812813798085e-02 1.137812692405484709e-02 1.194115522160533495e-02 1.036146191671821933e-02 1.239262877999128612e-02 1.116994401492819693e-02 1.085262956554259618e-02 1.063403460980118578e-02 1.038641562351109472e-02 9.358842653049023741e-03 1.125308142200544953e-02 1.154706241953206043e-02 9.921141598795233524e-03 1.390892649204295006e-02 1.142377990316192915e-02 1.002270099826003437e-02 2.851674644920480783e-02 2.806394007377131794e-02 2.981871754966241087e-02 2.942397382478333448e-02 2.811138995790003065e-02 2.727059890837607581e-02 2.744359833397421941e-02 2.955349730483857948e-02 2.914319212551520419e-02 2.827439058419444970e-02 2.676050573373013955e-02 2.870557313837067068e-02 2.813434568386508419e-02 2.956549318768917148e-02 2.906516791709001096e-02 2.876024346498690792e-02 2.883210848020671332e-02 2.984906831233841845e-02 2.793013292288270069e-02 2.887831364751627591e-02 2.803903458882965605e-02 2.937682485835996921e-02 2.896900346049988140e-02 2.901346948739709150e-02 2.804534290200507221e-02 2.890297569604724504e-02 2.865808272376272475e-02 3.033797604349986604e-02 3.030029886921096344e-02 2.967818632853819194e-02 2.928326359993275313e-02 2.884453955673940001e-02 2.755334937199429082e-02 2.827372631074698273e-02 2.835641498062730151e-02 2.772571029718991220e-02 2.777854513381573104e-02 2.752966050916891283e-02 2.746294134676404569e-02 2.871190553748866406e-02 2.799228147141192419e-02 2.815468139176475690e-02 2.795599057451162925e-02 2.862753063689262023e-02 2.753933232854279337e-02 2.840950248951551113e-02 2.778463269048042292e-02 2.796554978653398651e-02 2.813332466038702059e-02 2.818456867303377467e-02 2.763475833638154300e-02 2.924955660513079217e-02 2.797234463176136859e-02 2.829928833439167984e-02 2.853682655557478187e-02 2.740685639049614264e-02 2.739365412733357416e-02 2.833657362153343962e-02 2.772378419426978907e-02 2.733687538419372898e-02 2.811401975712940135e-02 2.801756423898128789e-02 2.777782972437971981e-02 2.841284542693302273e-02 2.812128407157112736e-02 2.859702490109582856e-02 2.743523707597268421e-02 2.864185760127335723e-02 2.971175949286295609e-02 2.761315957604246890e-02 2.873638805128053003e-02 2.715505689514753282e-02 2.888160319037383350e-02 2.909447726276748539e-02 2.913652701528194125e-02 2.811950179550960771e-02 2.868001159238730419e-02 3.017528031708009359e-02 2.885925009653629927e-02 2.886842420827775285e-02 2.830281202655422074e-02 2.836075026923755640e-02 2.794416935443292879e-02 2.757130137698268410e-02 2.842234808263790352e-02 2.863664458929876186e-02 2.969578181818898627e-02 2.852998990763139231e-02 2.768484624781964235e-02 2.811931828598369237e-02 2.889765226701571099e-02 2.809305088233115741e-02 2.996044294602912689e-02 2.776666109227229201e-02 2.838787202306398277e-02 2.918392611341397158e-02
8.967818686706135328e-03 1.123800156400992997e-02 9.841243017951683061e-03 1.284743211428999998e-02 1.102703133020020709e-02 9.592562475153958504e-03 1.217974916900644612e-02 1.100843559245271580e-02 1.327917142631842434e-02 0.000000000000000000e+00 9.471942166636089164e-03 1.105940783329177959e-02 1.098771175681547731e-02 1.071973396969360011e-02 1.270334821652148970e-02 1.094763900017615629e-02 8.781949555203840199e-03 1.018207227153103238e-02 9.612348287832800722e-03 1.150505826966157982e-02 1.022955197270545777e-02 1.034026798695219726e-02 1.106607700041594561e-02 1.130610187814867253e-02 1.122054257633800338e-02 1.217424428147627184e-02 1.034024355338370414e-02 1.010584818616840595e-02 1.161002945499871493e-02 9.135644707056982464e-03 1.062123264015087283e-02 1.165184787116454665e-02 2.449465596097914408e-02 2.361216299356591955e-02 2.595010404884927693e-02 2.544214833568983133e-02 2.369381878053111387e-02 2.289351882235950847e-02 2.274860286791650227e-02 2.559932052651272064e-02 2.507733070988368840e-02 2.392690140005129459e-02 2.173516067903068921e-02 2.449112736317754502e-02 2.372076908204870729e-02 2.561176706183571072e-02 2.496660806488990372e-02 2.455382748666501760e-02 2.464684105001833589e-02 2.600788393294036285e-02 2.368883942901565606e-02 2.473714347234617222e-02 2.356573872223002852e-02 2.538906530638457282e-02 2.507635217336615444e-02 2.489351276903643828e-02 2.392665177198628063e-02 2.477099627312557423e-02 2.444844210563778750e-02 2.661321512294614888e-02 2.654827681933815894e-02 2.574856692723984097e-02 2.527462196546195750e-02 2.466338264975507372e-02 2.312517349659940977e-02 2.382014832804419877e-02 2.394647334825718982e-02 2.338806436710974546e-02 2.315557777203811757e-02 2.313323543044431413e-02 2.267692461081745325e-02 2.442428374639413549e-02 2.345787915870182344e-02 2.364101253853377951e-02 2.341052301593471441e-02 2.427742024203454960e-02 2.282628154691978759e-02 2.397661515199212001e-02 2.313577505980119950e-02 2.340558096586778034e-02 2.369343033725938158e-02 2.369965142212291168e-02 2.293336004160656180e-02 2.512428392314551562e-02 2.343710852001783251e-02 2.385221554521046311e-02 2.416120758555880682e-02 2.294647598149119824e-02 2.292982075871309935e-02 2.390786519421217796e-02 2.306637839576262256e-02 2.255656188610454665e-02 2.367209960270662272e-02 2.349832636779004835e-02 2.316524374115673524e-02 2.398251537292125576e-02 2.353523603793828550e-02 2.419993194087832755e-02 2.290458525722924299e-02 2.429345261372246531e-02 2.564987460592231885e-02 2.285064364107703208e-02 2.437416085005969166e-02 2.250099174216019932e-02 2.458741919651137586e-02 2.484092320130779422e-02 2.490376154083785362e-02 2.355333484581156531e-02 2.429499786350313231e-02 2.624195252573222059e-02 2.458540540667545835e-02 2.458430593043639881e-02 2.379454410722108004e-02 2.415079308375803549e-02 2.331924569152354215e-02 2.310991670447961818e-02 2.419490065824135908e-02 2.428545873328848137e-02 2.561684279743649262e-02 2.412070513880429715e-02 2.295494483527337273e-02 2.361986462024233402e-02 2.459824655722450681e-02 2.351224030595192721e-02 2.594648552887705156e-02 2.307977925459190477e-02 2.392489326096269159e-02 2.495256172434754185e-02
8.593821396897006332e-03 1.111364087027003067e-02 9.860014688806652619e-03 1.228990877611639901e-02 1.048239136508981144e-02 8.968635632777945468e-03 1.106891739797857301e-02 1.003962960038438067e-02 1.266768436576021749e-02 9.471942166636089164e-03 0.000000000000000000e+00 1.047461172313134993e-02 1.056208814231538416e-02 1.077140377029963021e-02 1.331288048737023014e-02 1.042672624921418996e-02 9.282280400907973877e-03 1.009752088051014095e-02 9.195915051217886521e-03 1.052690473011857857e-02 9.711102828137996648e-03 9.748159218333761825e-03 1.012978199572097358e-02 1.029576270106456748e-02 1.062249892843989720e-02 1.200287922998215934e-02 9.789623891656716245e-03 9.634179973057469329e-03 1.098191477642993484e-02 9.553418420716778409e-03 1.011708895507562947e-02 1.101917244361942140e-02 2.496567742227017925e-02 2.411711623699545545e-02 2.638224245893302372e-02 2.588839739195287690e-02 2.419424370558286019e-02 2.338650844896875483e-02 2.328764558164814896e-02 2.604314498765711999e-02 2.553407191280570795e-02 2.441933960657427169e-02 2.231814420777735591e-02 2.496669422710842343e-02 2.422180603337969335e-02 2.605481098137061094e-02 2.542760329846235207e-02 2.502728048175328554e-02 2.511881013946263425e-02 2.643783846612899821e-02 2.414797068425714871e-02 2.520339408598352982e-02 2.407594094392751308e-02 2.583774032908415369e-02 2.550987774206897943e-02 2.535638557382296349e-02 2.440781308133683353e-02 2.523497481431040065e-02 2.492235231012132277e-02 2.702923460556473645e-02 2.696631324819723924e-02 2.618762154510235335e-02 2.572319612492965715e-02 2.513488747324318928e-02 2.361168953947333921e-02 2.431031729935838673e-02 2.443083691426489387e-02 2.386008123937832445e-02 2.366866219174467226e-02 2.361504251221829831e-02 2.321250281818534184e-02 2.489357973354905385e-02 2.395965500707781387e-02 2.413946589829562075e-02 2.391307680229038529e-02 2.475389823103722395e-02 2.335171309439996665e-02 2.446399535565548997e-02 2.365241410323273147e-02 2.390994181119052500e-02 2.418363281445382734e-02 2.419384409160748456e-02 2.345711515633741237e-02 2.557196293530408782e-02 2.393943101406869819e-02 2.434156924659925184e-02 2.464107143477802658e-02 2.343722023190322398e-02 2.341913323358201654e-02 2.439475262042209783e-02 2.358399907519541372e-02 2.309121733644539307e-02 2.416229091952077496e-02 2.400001718010320514e-02 2.367678608229502324e-02 2.446976066349916198e-02 2.407001262927755889e-02 2.471331474516201554e-02 2.343362706322830308e-02 2.480175861333212481e-02 2.612232303679696416e-02 2.340856293280987530e-02 2.488218855793738679e-02 2.305033995959579127e-02 2.508832291618580054e-02 2.533562201073299644e-02 2.539612826834062101e-02 2.408665358938462744e-02 2.480699835593988198e-02 2.669832750286506295e-02 2.508430701300948945e-02 2.508375760151601228e-02 2.432076882375376614e-02 2.466007593680143162e-02 2.386105101392980987e-02 2.365124189984452521e-02 2.468575065235600885e-02 2.479300577371509537e-02 2.609112967990912316e-02 2.463568926161537401e-02 2.350910857052395178e-02 2.414430325229870514e-02 2.509957889272041928e-02 2.404750943201989719e-02 2.641219912114488311e-02 2.362738260440778656e-02 2.444571577216441555e-02 2.544466842509534796e-02
1.059083288673949748e-02 9.056584825553838300e-03 9.615637120619389272e-03 1.014973953545483289e-02 8.918525941357334161e-03 1.105594363754761750e-02 9.125514534926000565e-03 8.888872585327865089e-03 1.039754207780701697e-02 1.105940783329177959e-02 1.047461172313134993e-02 0.000000000000000000e+00 9.807421523152039244e-03 1.011358177437076018e-02 1.511067670366210078e-02 9.475060816294950464e-03 1.176312821658172247e-02 9.264309192852203043e-03 1.024671443317600426e-02 8.538255525606953597e-03 1.029524454221823065e-02 9.067502063108169585e-03 8.786087169054749083e-03 8.612011756942941632e-03 8.899368444142765483e-03 9.414164536029921010e-03 9.134964064917679497e-03 9.572596874333856240e-03 9.039694367343309445e-03 1.158616975783049660e-02 9.294578034914348710e-03 9.648620362644650533e-03 2.666151864496316831e-02 2.601019781953893550e-02 2.801484946729735845e-02 2.757019679165122888e-02 2.607278882941788459e-02 2.526400275742323592e-02 2.528907881220557666e-02 2.771253373956768240e-02 2.725446334381917066e-02 2.626404093900345377e-02 2.446993939003484428e-02 2.675285902266267765e-02 2.609758699994975395e-02 2.772428948600237641e-02 2.716258995299903820e-02 2.681020829261478167e-02 2.689233453295998208e-02 2.805802538527588097e-02 2.597208466979648162e-02 2.695846046592599923e-02 2.597699545935791901e-02 2.752311898442176205e-02 2.715115102755743040e-02 2.710186932173256485e-02 2.613163836765977285e-02 2.698527535819068152e-02 2.670728489072941164e-02 2.859689156844192823e-02 2.854684390561146659e-02 2.784663465950798500e-02 2.741813694720436970e-02 2.690598415107223543e-02 2.545730393472013867e-02 2.617895720537152457e-02 2.627937144511270640e-02 2.567502997566087006e-02 2.561548685209284401e-02 2.545605410879338629e-02 2.523580698254427115e-02 2.668597169182088807e-02 2.586616157617909265e-02 2.603633426409818208e-02 2.582414687305317758e-02 2.657551637488608440e-02 2.534046410636168686e-02 2.632363743584466634e-02 2.561177909420584570e-02 2.582823090319875253e-02 2.604659055566799566e-02 2.607747185111202251e-02 2.544091489542455939e-02 2.729081652441161729e-02 2.584640989009974119e-02 2.620719801666034771e-02 2.647437875795477513e-02 2.529766336055479931e-02 2.529422852878537159e-02 2.625251664893018741e-02 2.554739084605787275e-02 2.511127743420973196e-02 2.602673148534257602e-02 2.590009356342082639e-02 2.561887988805849198e-02 2.632836874258997692e-02 2.601471032967751090e-02 2.657226140305649076e-02 2.536025002185884197e-02 2.663797602386565322e-02 2.782947193289874235e-02 2.543369102222376582e-02 2.672549400078780973e-02 2.501163659893370500e-02 2.689986319634232043e-02 2.712967737455729625e-02 2.718025676115444836e-02 2.602248807956452151e-02 2.665948932738872179e-02 2.834806077014057762e-02 2.688719568093890858e-02 2.689019638409967730e-02 2.622982046239911991e-02 2.643022389964298779e-02 2.582310224153284289e-02 2.553518927380856590e-02 2.647541548707923673e-02 2.663177860389835325e-02 2.780665603348498119e-02 2.649929438315686697e-02 2.551802919592909349e-02 2.604803811659037877e-02 2.691415582182334759e-02 2.598963333569500808e-02 2.809764088612685604e-02 2.561624675598273004e-02 2.633391422046768571e-02 2.722783544330168934e-02
