0.000000000000000000e+00 1.055177806724165966e-02 1.082348991757993949e-02 1.162797476236199917e-02 1.021072806785547696e-02 1.081781074910734448e-02 9.960471115293667230e-03 1.105257671497949720e-02 1.061614245626455247e-02 1.055541398709097106e-02 1.125291782213152202e-02 1.075887405501089501e-02 1.191262314978399316e-02 1.075172289804747147e-02 1.055458935792667752e-02 1.233128127653843401e-02 1.127171625219489104e-02 1.024480867758572125e-02 1.055435134715418041e-02 1.056339286612545565e-02 1.104337187633141863e-02 1.101115049209117937e-02 1.040546484487724771e-02 1.125047288037620864e-02 1.273693881677158066e-02 1.395072135598506881e-02 1.326361041625278431e-02 1.054556026977220527e-02 1.383307189614977131e-02 1.131630156000623146e-02 1.037030131432250743e-02 1.019977034922139869e-02 1.107692454949998212e-02 1.237918426149229104e-02 1.107668045148907029e-02 1.197946821683748379e-02 1.081746893934424497e-02 1.164177464427261673e-02 1.104924811056523341e-02 1.157954951940193267e-02 1.132464559092689199e-02 1.107167096055568581e-02 1.060740633741433583e-02 1.165747374202366106e-02 1.059227094119808213e-02 1.060411249817937510e-02 1.009662217421996785e-02 1.060685076892592220e-02 1.165371344341919677e-02 1.157004901337906934e-02 1.198384238416996296e-02 1.164423925736473263e-02 1.060857018053987938e-02 1.164539473784989392e-02 1.164359526773246604e-02 1.132934723700589758e-02 1.131128445988495435e-02 1.162391769859697811e-02 9.962348111423491304e-03 1.010943562860589298e-02 1.104693012270418530e-02 1.335056689770915302e-02 1.061402443226668393e-02 9.972388093925921293e-03 1.163330972347227481e-02 1.025521577687688209e-02 1.132109096503122053e-02 1.334529055975661703e-02 1.198415336452877782e-02 1.083046525710361363e-02 1.105188516430832303e-02 1.199427291442725467e-02 1.131832958272645066e-02 1.132597760579212402e-02 1.105933692884159512e-02 1.133392239627121524e-02 1.133861832042618034e-02 1.042137068094968824e-02 1.060091450182707243e-02 1.041314424549687721e-02 1.024712170340915524e-02 1.106068315880428220e-02 1.025240345007933339e-02 1.059689336738899555e-02 1.163046532106139230e-02 1.082134554096683167e-02 1.042776209241589799e-02 1.081462622997987448e-02 1.282916587645697472e-02 1.081916448787920843e-02 1.132754161790099599e-02 1.041904731681547042e-02 1.197393561329287114e-02 1.081996778470414346e-02 1.081960938460937993e-02 1.105431852939300734e-02 1.025984776187960877e-02 1.106493691052785715e-02 1.107784068293308881e-02 1.082706887528608886e-02 1.163923943478431880e-02 1.082589204516447474e-02 1.083574638808002151e-02 9.523519447177435093e-03 1.106894489593046593e-02 1.061682215651070342e-02 1.282539167938909555e-02 1.042082669305721687e-02 1.200085609876151357e-02 1.334115082406217394e-02 1.282882874749133491e-02 1.042915606246292738e-02 1.133429292669400554e-02 1.199455030838838393e-02 1.083634217646482420e-02 1.082890993518289928e-02 1.237409690242836750e-02 1.135813631606369736e-02 1.164218195661843522e-02 1.024728042392907684e-02 1.197487447865032764e-02 1.107088039306938256e-02 1.106251455773396737e-02 1.060771285305739907e-02 1.106091833804614261e-02 1.165346465846410842e-02 1.107220539149322489e-02 1.105434332967502979e-02
1.055177806724165966e-02 0.000000000000000000e+00 9.587517448804795672e-03 1.051925742525613473e-02 8.916997271455553639e-03 9.582415852949322660e-03 8.603225735239307739e-03 9.857712118408423069e-03 9.344747879798318002e-03 9.330777337870677784e-03 1.015913246458029738e-02 9.574178301061025964e-03 1.097004806142747209e-02 9.564577983604896638e-03 9.329238828911004186e-03 1.144638415152597448e-02 1.018111887413601820e-02 8.904193783688228378e-03 9.330788119134373823e-03 9.338949158622725233e-03 9.842724034580105016e-03 9.917565733879524573e-03 9.132842150666009573e-03 1.015446193202377764e-02 1.183950393958572295e-02 1.312695846995140352e-02 1.247616193928127899e-02 9.357957837498140363e-03 1.309427828697851126e-02 1.016237337950027207e-02 9.108498929062213909e-03 8.903897486062063021e-03 9.927798001157346619e-03 1.141448527560998301e-02 9.927137158109257398e-03 1.091510219333991817e-02 9.620440881664731742e-03 1.058265337166462358e-02 9.895547514306686845e-03 1.058492609018477776e-02 1.021747901604210321e-02 9.920859340177444127e-03 9.371574398539830181e-03 1.060062876138546592e-02 9.353075407987744908e-03 9.369367271121843699e-03 8.763996440349685127e-03 9.370772781298573884e-03 1.059660763316733374e-02 1.057440812261706622e-02 1.097009183653390937e-02 1.058506604972368932e-02 9.372963566657656342e-03 1.053721858515704879e-02 1.058533324771370951e-02 1.022298806048919755e-02 1.015494673683202398e-02 1.056230608253619363e-02 8.604028245474014056e-03 8.779877112779136891e-03 9.892092524590657271e-03 1.248044477007376196e-02 9.380259039130119450e-03 8.616960296292129617e-03 1.052331905371517093e-02 8.951930542767931598e-03 1.021176884832274839e-02 1.247396579611425270e-02 1.097248125686798789e-02 9.636222268942448016e-03 9.897066444873399774e-03 1.098374939706123730e-02 1.020898599632518236e-02 1.021725864626427463e-02 9.906225823792710536e-03 1.022715105994626873e-02 1.023204706680028685e-02 9.149637596815390905e-03 9.364018873031858606e-03 9.140009978596336931e-03 8.942582302959712140e-03 9.907105777461131316e-03 8.948972881232634957e-03 9.358719994475050638e-03 1.056915562749573788e-02 9.625468292570807730e-03 9.158005554121002867e-03 9.617186587329075789e-03 1.191215056656179556e-02 9.622944506633016384e-03 1.021949556590326900e-02 9.146857831441567929e-03 1.096119333167916779e-02 9.623350226919211853e-03 9.622889937250198381e-03 9.899914410617280738e-03 8.957498883328309305e-03 9.912877429133798435e-03 9.928199163328346039e-03 9.632411895360074722e-03 1.057969050946366840e-02 9.631854011218738201e-03 9.642712116126543609e-03 8.085589387047341023e-03 9.917599676318993029e-03 9.382976377424512987e-03 1.190803936566590775e-02 9.149632103108111883e-03 1.099079512038087306e-02 1.246951125912965433e-02 1.191248558069031571e-02 9.159611712907491515e-03 1.022719260043749440e-02 1.098425892255945786e-02 9.643428733387733251e-03 9.634610051593082286e-03 1.140958416247925267e-02 1.025539418807364447e-02 1.058305384143089570e-02 8.942754320626414982e-03 1.096242099172670126e-02 9.919898595300786007e-03 9.909627393266121770e-03 9.371648609565892338e-03 9.907888264507710985e-03 1.059617781076920874e-02 9.921447305668372463e-03 9.900382688279290438e-03
1.082348991757993949e-02 9.587517448804795672e-03 0.000000000000000000e+00 1.079059449819096128e-02 9.194869261376711553e-03 9.833288328095898465e-03 8.863715512833715907e-03 1.009750851255305192e-02 9.604218506886129728e-03 9.591019208770357879e-03 1.038798473136997268e-02 9.869489283142119512e-03 1.112765651042520697e-02 9.862034059901591057e-03 9.590955297363605928e-03 1.158826721081447804e-02 1.041069516281775166e-02 9.183143967955616216e-03 9.632814903405966314e-03 9.598962791261067898e-03 1.008511764816583285e-02 1.016124374555451258e-02 9.364707237323797659e-03 1.043493292944127314e-02 1.209044074173596869e-02 1.323270265373446310e-02 1.265884586431676763e-02 9.579737682100221419e-03 1.319850400710985763e-02 1.039268472838589599e-02 9.419121650186825304e-03 9.221709269916882057e-03 1.016989432527830133e-02 1.161622254600980057e-02 1.016973283534532320e-02 1.117935706105672479e-02 9.829038294325537911e-03 1.080502194394846252e-02 1.013955047631003893e-02 1.080785831684834448e-02 1.045020085023923989e-02 1.016354067212303820e-02 9.634104721837491794e-03 1.082238495925190620e-02 9.617236920950985105e-03 9.632611603434726791e-03 9.051364735768441944e-03 9.634192688365265586e-03 1.081854941385214895e-02 1.079766830032882763e-02 1.112597316304256984e-02 1.075370478531940607e-02 9.636191742685524739e-03 1.080839452348912773e-02 1.080803764204032145e-02 1.045543270487286208e-02 1.043445292261633087e-02 1.078519605084564577e-02 8.898440125465357370e-03 9.066944871156881400e-03 1.013580732168502946e-02 1.266274496914913776e-02 9.600912020691942592e-03 8.909970952259038679e-03 1.079499897320576780e-02 9.232322058432147413e-03 1.044516403724754516e-02 1.265770158569064219e-02 1.118494535926893400e-02 9.890214122596757002e-03 1.014081996580701653e-02 1.119563037672600091e-02 1.044207417266688337e-02 1.045044176250167420e-02 1.014927373166915267e-02 1.046005456714956677e-02 1.041497501732586810e-02 9.421854188823372209e-03 9.627574452771115593e-03 9.412972320326697812e-03 9.222892782943595269e-03 1.015085311350391074e-02 9.229734149262347129e-03 9.622895510774316305e-03 1.079241916337454060e-02 9.878561877196457078e-03 9.430118469412947235e-03 9.871027833102077875e-03 1.210466357086751286e-02 9.876262913214382821e-03 1.045222282171149632e-02 9.419184254418695029e-03 1.117317413174274791e-02 9.877155050125980065e-03 9.876845518355048537e-03 1.014356987639133262e-02 9.237664949768199449e-03 1.015607457591959605e-02 1.017082796188537898e-02 9.885666967864326429e-03 1.080225057593509411e-02 9.884941441007042903e-03 9.895573531171068457e-03 8.401866046654105080e-03 1.016061392054353960e-02 9.645794668278310363e-03 1.210037085705032225e-02 9.422211752669619120e-03 1.120321524026567789e-02 1.265332544331901170e-02 1.210544628262267934e-02 9.431413884397213052e-03 1.046050372213171153e-02 1.119671140594561375e-02 9.896256328228367205e-03 9.887766990136203152e-03 1.161222486213633019e-02 1.048741703779585387e-02 1.080554827110067999e-02 9.223160759160985156e-03 1.117507501495230982e-02 1.016284579871094482e-02 1.015331992036784883e-02 9.635342622715830155e-03 1.015123197120455095e-02 1.081857342203127771e-02 1.016434399335761421e-02 1.014364571987177305e-02
1.162797476236199917e-02 1.051925742525613473e-02 1.079059449819096128e-02 0.000000000000000000e+00 1.017699916062708883e-02 1.073476981021333210e-02 9.886844143437628629e-03 1.102364718341825034e-02 1.053391934853339408e-02 1.052331121881331343e-02 1.128423844898036703e-02 1.072582648623683285e-02 1.188607123351651668e-02 1.071958044142442244e-02 1.052297184423529527e-02 1.230541975340533438e-02 1.130321446712936884e-02 1.021049179082681585e-02 1.057091943524017703e-02 1.053039192817870583e-02 1.095544525744952119e-02 1.103692735296905696e-02 1.032567519027010987e-02 1.121977299896615744e-02 1.278875073484626694e-02 1.384256161760493743e-02 1.332235285580747781e-02 1.056303234885109903e-02 1.389839229676945349e-02 1.128689692976545152e-02 1.033781956555365408e-02 1.016628415394270520e-02 1.098878826707869877e-02 1.235063747244148635e-02 1.104594703224718102e-02 1.195098092246050028e-02 1.078389287338305837e-02 1.161161947086390527e-02 1.101754545635931330e-02 1.161453424293648964e-02 1.129364045121757087e-02 1.103963692176463708e-02 1.057395659352721937e-02 1.156404668222613119e-02 1.055795881645088009e-02 1.057038374720492210e-02 1.006156645728576923e-02 1.057323546800690260e-02 1.155948052060711863e-02 1.160564193121083228e-02 1.195461858197024302e-02 1.161388827757957320e-02 1.057572700622964185e-02 1.161565389400757813e-02 1.161421061330842122e-02 1.129826725051888761e-02 1.128161963298460017e-02 1.159321603348903787e-02 9.926030506855122726e-03 1.007412643461371750e-02 1.101481657048657310e-02 1.332606728489242436e-02 1.058086689736486251e-02 9.937400727668013398e-03 1.160398541760693583e-02 1.022022537057116695e-02 1.129050435487689678e-02 1.332130866128970227e-02 1.195670102190642126e-02 1.079848593557611834e-02 1.102018764071962045e-02 1.196592320011775727e-02 1.128741316888604018e-02 1.129542065406020403e-02 1.102767220370995914e-02 1.130338702211494510e-02 1.130846519376558709e-02 1.038679204195368591e-02 1.056733050138677216e-02 1.037878876813483342e-02 1.021191944402976420e-02 1.102824709800452434e-02 1.021740873489872248e-02 1.056328784231201981e-02 1.160111934626430891e-02 1.078911716796884107e-02 1.039348324236691844e-02 1.078194035983645431e-02 1.280385147564728002e-02 1.078648972441507981e-02 1.129699020661387686e-02 1.038443413580235689e-02 1.194628884747314830e-02 1.078698681927149801e-02 1.078694309767883400e-02 1.102262942676591334e-02 1.022485484543267029e-02 1.103326989567370540e-02 1.104622608676085471e-02 1.079411801209366299e-02 1.160955919101961352e-02 1.079337141231893372e-02 1.080312233306067460e-02 9.485455235185808603e-03 1.103698931734062999e-02 1.058301195397670126e-02 1.279972939023439789e-02 1.033996315108609045e-02 1.197251341155479605e-02 1.331672135188512185e-02 1.280410483745200029e-02 1.039459549178917142e-02 1.130341331768610139e-02 1.196657508885244289e-02 1.080343230953962827e-02 1.079597932152612932e-02 1.234738404286616839e-02 1.132735659273277108e-02 1.161251723415197314e-02 1.021199599412721086e-02 1.194721885083370461e-02 1.103894478284895078e-02 1.103054464959648054e-02 1.057387002877078694e-02 1.102860470685108722e-02 1.162386393901306339e-02 1.104057390692804799e-02 1.102233261806968498e-02
1.021072806785547696e-02 8.916997271455553639e-03 9.194869261376711553e-03 1.017699916062708883e-02 0.000000000000000000e+00 9.190002526791323303e-03 8.103770877859977143e-03 9.481733976069191619e-03 8.971846753561820917e-03 8.921499569035415411e-03 9.798820831257264163e-03 9.180999591594036363e-03 1.063843231799172472e-02 9.172120376386750512e-03 8.956812267390191346e-03 1.108002965730703858e-02 9.864374838574684057e-03 8.464544418394490122e-03 8.921983234617163888e-03 8.966455723745797579e-03 9.469309273185885778e-03 9.537914367800196316e-03 8.669135099261092089e-03 9.796032717817539440e-03 1.154472970568984173e-02 1.279516698975529179e-02 1.213399658911704787e-02 8.909314335033415716e-03 1.276244750194535996e-02 9.804608821989928627e-03 8.718736439089177712e-03 8.496400686423705509e-03 9.548385350359872570e-03 1.109616194006303111e-02 9.548005206068427980e-03 1.063469464401691454e-02 9.223467431830802837e-03 1.023482470229178029e-02 9.474949204550225587e-03 1.023666411135876718e-02 9.852417308082287578e-03 9.541093911147650874e-03 8.958588245514213094e-03 1.025297326645399111e-02 8.938614182766368987e-03 8.919669158600870146e-03 8.306706966875175915e-03 8.922517379298769077e-03 1.024901143728682018e-02 1.022624856790627437e-02 1.063854511596824121e-02 1.023765729095742032e-02 8.959917837846104530e-03 1.023949229781413728e-02 1.019419617243888868e-02 9.858071683360713003e-03 9.835980113600895428e-03 1.021410918820602962e-02 8.134171928172633306e-03 8.323287658876582160e-03 9.471332979301198135e-03 1.219034257552333196e-02 8.968459915120104500e-03 8.146940003959442234e-03 1.022490113974110909e-02 8.509888168633322758e-03 9.847679480542449390e-03 1.218480716735037897e-02 1.064052794989674318e-02 9.240863392869873988e-03 9.516689439416473745e-03 1.065151433070791326e-02 9.844328972803316480e-03 9.853474621729904626e-03 9.525939830733232833e-03 9.863377174127406499e-03 9.869032462044968063e-03 8.722251736967433569e-03 8.951037185979083058e-03 8.711651604165707857e-03 8.499297477854834970e-03 9.527309087691469836e-03 8.506359993364607380e-03 8.945016220659074424e-03 1.022130522308954854e-02 9.229021765681919356e-03 8.730654803414469520e-03 9.220562689225556691e-03 1.160914270715741187e-02 9.226259047412066136e-03 9.855393076729083643e-03 8.719057003114646237e-03 1.062811742239159161e-02 9.227392758722042718e-03 9.226653090307941271e-03 9.519415508958399552e-03 8.515617179888414559e-03 9.532936338060286896e-03 9.549377770493262460e-03 9.236299419950085021e-03 1.023181808951329971e-02 9.236117993661608142e-03 9.247239869729311987e-03 7.575957781060486604e-03 9.537908011938982245e-03 8.971017064203929900e-03 1.160470383435144130e-02 8.721432454175916810e-03 1.065948676885016509e-02 1.218023533692630389e-02 1.160946802793320388e-02 8.732327322189460672e-03 9.863844382509669856e-03 1.065232194774944768e-02 9.247987593340086312e-03 9.238621578586556082e-03 1.109198222727092627e-02 9.892970443023079222e-03 1.023535409520653222e-02 8.499621088555594020e-03 1.062967381100161576e-02 9.540332813929611536e-03 9.529923709015210298e-03 8.959362297792710858e-03 9.527942354540791872e-03 1.024929676186135327e-02 9.541979375572546065e-03 9.519748030840186059e-03
1.081781074910734448e-02 9.582415852949322660e-03 9.833288328095898465e-03 1.073476981021333210e-02 9.190002526791323303e-03 0.000000000000000000e+00 8.893098926131309118e-03 1.013968277387126624e-02 9.641503179814599894e-03 9.628878411119853875e-03 1.038408454428652906e-02 9.820872694562502586e-03 1.112419175988115308e-02 9.812288672397048370e-03 9.585720838011463005e-03 1.164355521859999389e-02 1.045631127423238271e-02 9.178785257183658119e-03 9.587454360597786468e-03 9.594479840457796616e-03 1.008083816281148647e-02 1.011030545349022973e-02 9.360398903233960524e-03 1.038177111314397306e-02 1.202672294275355068e-02 1.329841194633897376e-02 1.259250206744411127e-02 9.575768300484942611e-03 1.319756501422678086e-02 1.043894134668133314e-02 9.414067276236125908e-03 9.178272672672320096e-03 1.016647141344408263e-02 1.161380797797279506e-02 1.016640170573695698e-02 1.117565000998658846e-02 9.825444450751780537e-03 1.074876632711907302e-02 1.013492288017779804e-02 1.080460642560599448e-02 1.044605231804333380e-02 1.016047267439322901e-02 9.630955806883794226e-03 1.081893493009246539e-02 9.612805731625824468e-03 9.628274735427912179e-03 9.047134144402418920e-03 9.630447752480297136e-03 1.081556585558202978e-02 1.079365891183212828e-02 1.118007095546063451e-02 1.080417034888566524e-02 9.632332838078971199e-03 1.080623237670289526e-02 1.080455066267329949e-02 1.045210293978636115e-02 1.043149791605574653e-02 1.078273078886426289e-02 8.894055599956677757e-03 9.062323359371427314e-03 1.013165152384522608e-02 1.266024879870767013e-02 9.640090636014063061e-03 8.905867166649752628e-03 1.079174388271251540e-02 9.227568663830208046e-03 1.044112547477882465e-02 1.265398625960868599e-02 1.118190102199024226e-02 9.885238194579220108e-03 1.013661450999749081e-02 1.119150560386347228e-02 1.043801185549573726e-02 1.044658336568094793e-02 1.014534171868863854e-02 1.045562794345258548e-02 1.046071946126833976e-02 9.417722265355733813e-03 9.622712551541519332e-03 9.408005448867976309e-03 9.218297433489272552e-03 1.014719423429974801e-02 9.224652627257710902e-03 9.618047657365904127e-03 1.078850788720545247e-02 9.874457682690776852e-03 9.425145861010730819e-03 9.866658729884845644e-03 1.210195773108877805e-02 9.871838998711166685e-03 1.044818524111095978e-02 9.374680746862299255e-03 1.116980553484927738e-02 9.828095564164657932e-03 9.872371116037515978e-03 1.013964435637833630e-02 9.233403772334520393e-03 1.015178219050502130e-02 1.016661344448416965e-02 9.881516344648606440e-03 1.079864564356394080e-02 9.880858024989469870e-03 9.891450830415387044e-03 8.396560438836105436e-03 1.015665665256812109e-02 9.641496978066479637e-03 1.209795044919273650e-02 9.417108039138623321e-03 1.119978252811446549e-02 1.265002143420023567e-02 1.210232725999805387e-02 9.426970994617903457e-03 1.045669855084161402e-02 1.119295674695786058e-02 9.891826994821889193e-03 9.883631546657892925e-03 1.160894998023785998e-02 1.048363320971682812e-02 1.080159814924977653e-02 9.218969052773610603e-03 1.117161478480154999e-02 1.015886914691340771e-02 1.014935037261713129e-02 9.631024815218956758e-03 1.014753384764134278e-02 1.081493373786700241e-02 1.016037188782881358e-02 1.014003302216949856e-02
9.960471115293667230e-03 8.603225735239307739e-03 8.863715512833715907e-03 9.886844143437628629e-03 8.103770877859977143e-03 8.893098926131309118e-03 0.000000000000000000e+00 9.163912385197347729e-03 8.590992505289192852e-03 8.576672720699783301e-03 9.496154431572863958e-03 8.883093151219606173e-03 1.031690350252068358e-02 8.873560870646208729e-03 8.575910334189654205e-03 1.081731392823683316e-02 9.519600498854138143e-03 8.118603406085757312e-03 8.574876499515731235e-03 8.586380234663185812e-03 9.186001857040907922e-03 9.182136238792257266e-03 8.307648474742669598e-03 9.491826396597962887e-03 1.129152606103823661e-02 1.256537697717260982e-02 1.189331095497088257e-02 8.563401453007808348e-03 1.258121752560797772e-02 9.499814253530238992e-03 8.324780486216170131e-03 8.089422662829196670e-03 9.227019570131795440e-03 1.078350978225735453e-02 9.226703099151908199e-03 1.035229139056909921e-02 8.887593192047588825e-03 9.939555607988752317e-03 9.191645572826829397e-03 9.942802396933826670e-03 9.544034979332450055e-03 9.219030319933240944e-03 8.608622999979102797e-03 9.958279549666639030e-03 8.555477649441506349e-03 8.573248662070905371e-03 7.915706315123994391e-03 8.575718913112319666e-03 9.954439074546688956e-03 9.931439307674861522e-03 1.031490884660664353e-02 9.941859364486846026e-03 8.609564267823955827e-03 9.944252501919867426e-03 9.942577667875098293e-03 9.549192854068537864e-03 9.526249935868197696e-03 9.917874008946980444e-03 7.730124632872262952e-03 7.932666242092555747e-03 9.187944888711182742e-03 1.194304379984866167e-02 8.618794149750527017e-03 7.744539064796457199e-03 9.929380297826761320e-03 8.131314145190636153e-03 9.538168865118022005e-03 1.193673334906411761e-02 1.035742299215485114e-02 8.904940100687380386e-03 9.193725633326266244e-03 1.036871670602642487e-02 9.534685799344393836e-03 9.544602620929884887e-03 9.203196958853089235e-03 9.554661011822377162e-03 9.559981533201603043e-03 8.357604117755268458e-03 8.599604935160036490e-03 8.346365549635397646e-03 8.091248009414754236e-03 9.204686656546669579e-03 8.128038307457362277e-03 8.593755120844563319e-03 9.925204644768146831e-03 8.892692715788443059e-03 8.366831273760394483e-03 8.883714790377300954e-03 1.134986464152469045e-02 8.889526021021835339e-03 9.546402473602022890e-03 8.354505061449555431e-03 1.034468252093331993e-02 8.890807094463779384e-03 8.890146288591206300e-03 9.196876609495157132e-03 8.137667065619904813e-03 9.210217672679172490e-03 9.227166610980472999e-03 8.900202945880742941e-03 9.935778720380405646e-03 8.899696041696093102e-03 8.911237055068736701e-03 7.128587850383785555e-03 9.215216756030363346e-03 8.620407724057699284e-03 1.130105471698268291e-02 8.356753224808177033e-03 1.037662048718725888e-02 1.193227017447767366e-02 1.135039815631354136e-02 8.368031761090204482e-03 9.555111504688231991e-03 1.036928698646501744e-02 8.912026834749621831e-03 8.902190982357734150e-03 1.082087101818673090e-02 9.584896435081540975e-03 9.939883215627665081e-03 8.120587904563892831e-03 1.034626374472252981e-02 9.218375145716828367e-03 9.207075594317404646e-03 8.608728646040815849e-03 9.205229840120739138e-03 9.954085946253595982e-03 9.219649049140870092e-03 9.196876751824930099e-03
1.105257671497949720e-02 9.857712118408423069e-03 1.009750851255305192e-02 1.102364718341825034e-02 9.481733976069191619e-03 1.013968277387126624e-02 9.163912385197347729e-03 0.000000000000000000e+00 9.918608804876835952e-03 9.861358384611045025e-03 1.062739834552780052e-02 1.008646584348943387e-02 1.134545103061534131e-02 1.012543430641633935e-02 9.860543579449782686e-03 1.185691265457494530e-02 1.070304906103752667e-02 9.470622774554258994e-03 9.906498998993320051e-03 9.869355381042803008e-03 1.038693636473324126e-02 1.036394552606030757e-02 9.644544092211465580e-03 1.062638567498021790e-02 1.222537282787430728e-02 1.348229361811426746e-02 1.278092314489063380e-02 9.895473557236269396e-03 1.337607796864838210e-02 1.068568305051424520e-02 9.658163356520893528e-03 9.470624370272665363e-03 1.042330687856158136e-02 1.182648534335069106e-02 1.042218674428734178e-02 1.140050588520737790e-02 1.013743670629237668e-02 1.103665059305445652e-02 1.039283284302370755e-02 1.103930011392644135e-02 1.069282537288391947e-02 1.036573684172802101e-02 9.907525769020668685e-03 1.105347378090513165e-02 9.890254147931458115e-03 9.904588148565767955e-03 9.347485835129022355e-03 9.862107671981784618e-03 1.105027774319889550e-02 1.102973030920162065e-02 1.134396625343727337e-02 1.103864226388953304e-02 9.908707438683866248e-03 1.104088599605683972e-02 1.103956286586068279e-02 1.069846949232900087e-02 1.067807487185811442e-02 1.101774926339072098e-02 9.200376576714490093e-03 9.324502590719053671e-03 1.038938238517700223e-02 1.285357514595324158e-02 9.915835955975317584e-03 9.212506154252982429e-03 1.102747429083090341e-02 9.520926543189880964e-03 1.068865096264113961e-02 1.284862483706517358e-02 1.140633185315741843e-02 1.015202616128501809e-02 1.039473488655724698e-02 1.141630885599643694e-02 1.068528299070407167e-02 1.069335493261553902e-02 1.040253243184769728e-02 1.070228090322673797e-02 1.070784013791362989e-02 9.703431055755027540e-03 9.900438119825938355e-03 9.694364748380203747e-03 9.511871415671039123e-03 1.035355268669080862e-02 9.518435480318988146e-03 9.895372263414413047e-03 1.102431249399870618e-02 1.014206191697323428e-02 9.710477641946465080e-03 1.013485171276219156e-02 1.230585751223993093e-02 1.013948778916084516e-02 1.069506465931534950e-02 9.700669934574161421e-03 1.139560288682275185e-02 1.014077199028782725e-02 1.013973911892975498e-02 1.039703345808664671e-02 9.526336774102719257e-03 1.040906298446579899e-02 1.042289791729453935e-02 1.014856361234684097e-02 1.103383410955929150e-02 1.014788444055265623e-02 1.015809494613477415e-02 8.722864796605216131e-03 1.041344878281339273e-02 9.917594816519631484e-03 1.230163001149437406e-02 9.702331524460608425e-03 1.142412978565971772e-02 1.284429758757062341e-02 1.230618269717661736e-02 9.712018252447713121e-03 1.070308922407654101e-02 1.141780999613442767e-02 1.015875353894410936e-02 1.015058951821569931e-02 1.182326956042633812e-02 1.072911440119997048e-02 1.103742175620327226e-02 9.511620061541751006e-03 1.139671945280046512e-02 1.041497639535335362e-02 1.040641010568716177e-02 9.907569560672586234e-03 1.040466589164592073e-02 1.104974843546858466e-02 1.041703099232074541e-02 1.039744512055671907e-02
1.061614245626455247e-02 9.344747879798318002e-03 9.604218506886129728e-03 1.053391934853339408e-02 8.971846753561820917e-03 9.641503179814599894e-03 8.590992505289192852e-03 9.918608804876835952e-03 0.000000000000000000e+00 9.388347330000742022e-03 1.022231004592369548e-02 9.633999961920654970e-03 1.093393769670670916e-02 9.582912880262688116e-03 9.348207725276638097e-03 1.140290538916675922e-02 1.024255170581254634e-02 8.924418721796126275e-03 9.348228762728550550e-03 9.397403703637773401e-03 9.862106028635004781e-03 9.889857264324118311e-03 9.114187790038667455e-03 1.017128489868294149e-02 1.185384149016616498e-02 1.307411712449291739e-02 1.242794106330142277e-02 9.337361479067751366e-03 1.304276456005074199e-02 1.017776939580948732e-02 9.127913102883073240e-03 8.923177776426934049e-03 9.944726631498266092e-03 1.142875587029748737e-02 9.944606844767701903e-03 1.098209634911697860e-02 9.639085859889913108e-03 1.059953087656775872e-02 9.913185484365535233e-03 1.060115995317016321e-02 1.023428014866134897e-02 9.938568116395591137e-03 9.391263881815823875e-03 1.061640869042770711e-02 9.371863357196572042e-03 9.388123504649332693e-03 8.784737641139428801e-03 9.390796331273666350e-03 1.061230446472298007e-02 1.059125007868399679e-02 1.098590970722151255e-02 1.060154235220860108e-02 9.392073232812563413e-03 1.060324720265356721e-02 1.060107337263838968e-02 1.023879410926334908e-02 1.017073797106429062e-02 1.052906299640363370e-02 8.625471464326794901e-03 8.799986728166587016e-03 9.910140876918787159e-03 1.249344271551183945e-02 9.399269543994122345e-03 8.636905178692885418e-03 1.058852778228501663e-02 8.972301085993100028e-03 1.022853246808573882e-02 1.248663688395803932e-02 1.098770158318028260e-02 9.654484326050288834e-03 9.914619263370158531e-03 1.099851183372057770e-02 1.022534968668794945e-02 1.023401679748336089e-02 9.923029921985467017e-03 1.024346686692882528e-02 1.024874341688460436e-02 9.131380168505835726e-03 9.383189864918640294e-03 9.159774521957281951e-03 8.962683188985081859e-03 9.925179621072808753e-03 8.969005071385682468e-03 9.378053333247303794e-03 1.058512723876455820e-02 9.643948806815724750e-03 9.177362547277231886e-03 9.635510671583453687e-03 1.192578291085876971e-02 9.640867620847782052e-03 1.023609366899222439e-02 9.166859942737573194e-03 1.097568660854806796e-02 9.642162363168348821e-03 9.641193496726306947e-03 9.917480201062553111e-03 8.977826801592344100e-03 9.929962569755522786e-03 9.945422190591725331e-03 9.650180092475757476e-03 1.059510548671378782e-02 9.649818358037631771e-03 9.660467614797906000e-03 8.108231025166450986e-03 9.934572617622964077e-03 9.401517532965310633e-03 1.192141169834869466e-02 9.168624974870791949e-03 1.100620668477819350e-02 1.248246816178700744e-02 1.192609886503964885e-02 9.178864594172385025e-03 1.024380990024277745e-02 1.099861933488250482e-02 9.661162799624749276e-03 9.652359198410148666e-03 1.142353497975805675e-02 1.027153170947982599e-02 1.059849102039978064e-02 8.963015502462260559e-03 1.097681886482010025e-02 9.936873842059252768e-03 9.927026126447965199e-03 9.390943936376688547e-03 9.880226768627067141e-03 1.061191414537948456e-02 9.938425750924748461e-03 9.917412682866985629e-03
1.055541398709097106e-02 9.330777337870677784e-03 9.591019208770357879e-03 1.052331121881331343e-02 8.921499569035415411e-03 9.628878411119853875e-03 8.576672720699783301e-03 9.861358384611045025e-03 9.388347330000742022e-03 0.000000000000000000e+00 1.016201539948670927e-02 9.578324447063423647e-03 1.092267704504771599e-02 9.570421127706951747e-03 9.334751347306305749e-03 1.144903520643746758e-02 1.023183542179047917e-02 8.910290496756250248e-03 9.335419350824731427e-03 9.343078725180038735e-03 9.849486198926112740e-03 9.878401118169172559e-03 9.100033701797858102e-03 1.020642874147354578e-02 1.184330174931154910e-02 1.306601680338620106e-02 1.247985881396668564e-02 9.323932878995863996e-03 1.303261737281521775e-02 1.016798410535352248e-02 9.113611978661157950e-03 8.945665891101083761e-03 9.932402485875247919e-03 1.141908947037376283e-02 9.932631191912445062e-03 1.097128058528634188e-02 9.626537802578121264e-03 1.058792271587548697e-02 9.901387958374136336e-03 1.058981653274379889e-02 1.022219444588375395e-02 9.926462724519670433e-03 9.377862397693056268e-03 1.060513049304206631e-02 9.358786257750986368e-03 9.374232255641250927e-03 8.735931925170352386e-03 9.377228883027192638e-03 1.060156475798253867e-02 1.057974452822996528e-02 1.097513129311106922e-02 1.058994084142125813e-02 9.378701996125763177e-03 1.059218549025780880e-02 1.059013702442206453e-02 1.022775592482192027e-02 1.020643361957386357e-02 1.051815968522555773e-02 8.610473339181919095e-03 8.786709272876008434e-03 9.897757025121037278e-03 1.248404275019605880e-02 9.386645842821677785e-03 8.622692330365961527e-03 1.057773908420672586e-02 8.958450961626123962e-03 1.021720036463254558e-02 1.247783673437429831e-02 1.097744334040316565e-02 9.642097513180656471e-03 9.902737613897632379e-03 1.098798001687919038e-02 1.021400105563369243e-02 1.022267995419940713e-02 9.911491137704286913e-03 1.023215727820761013e-02 1.023743905516557792e-02 9.156206425200373242e-03 9.369766826247410627e-03 9.146349337604544813e-03 8.948604971349036555e-03 9.912746162989984414e-03 8.955152684484960976e-03 9.364873084597269415e-03 1.057433725997252057e-02 9.630958722187447224e-03 9.163977559433820683e-03 9.623098346657116275e-03 1.191622080054604953e-02 9.628464750089466007e-03 1.022450435452973080e-02 9.153453294669508175e-03 1.096541679363971337e-02 9.629517907772059543e-03 9.628789099128537421e-03 9.905595569306722969e-03 8.964000447739600350e-03 9.918116606817677094e-03 9.933412345580023770e-03 9.637889653079578442e-03 1.058441885987028257e-02 9.637232304640808156e-03 9.648191603990835183e-03 8.092320469841643091e-03 9.922818174502938057e-03 9.388698754105742270e-03 1.191185866267363037e-02 9.155302736040772313e-03 1.099570612765243122e-02 1.247336678186992953e-02 1.191653987919793871e-02 9.165562794751511491e-03 1.023258795488194740e-02 1.098874385957048297e-02 9.648892186294387094e-03 9.640072349243069758e-03 1.141385869019664358e-02 1.026035211832261769e-02 1.058780080381009625e-02 8.948940353372989570e-03 1.096662507329336511e-02 9.925121690077243902e-03 9.915260948319189194e-03 9.377798536442754490e-03 9.913373141329695840e-03 1.060089273145690958e-02 9.926672123174379650e-03 9.905625626218045668e-03
1.125291782213152202e-02 1.015913246458029738e-02 1.038798473136997268e-02 1.128423844898036703e-02 9.798820831257264163e-03 1.038408454428652906e-02 9.496154431572863958e-03 1.062739834552780052e-02 1.022231004592369548e-02 1.016201539948670927e-02 0.000000000000000000e+00 1.037725292784724349e-02 1.158886636740968576e-02 1.041937402971477959e-02 1.016141858442217057e-02 1.209369777387520224e-02 1.097547875560655507e-02 9.788389669088865680e-03 1.021023224988415641e-02 1.017054602868927224e-02 1.061734273452630273e-02 1.069759431506089355e-02 9.955508828710074587e-03 1.095122968347901453e-02 1.251719095053054238e-02 1.368605241784234816e-02 1.298947812507394994e-02 1.015190969589426125e-02 1.357148894730392241e-02 1.095853688944536768e-02 9.968144607170255009e-03 9.830215953276714297e-03 1.070649033386308728e-02 1.206435959168951529e-02 1.070540989375167590e-02 1.164992986732639804e-02 1.043137562826439504e-02 1.129754961713813101e-02 1.067708634272232678e-02 1.129931246589731438e-02 1.096547935917503366e-02 1.069957820739257139e-02 1.016402726421568661e-02 1.131438625387465140e-02 1.019464018425644131e-02 1.016107154216581467e-02 9.635253800869606616e-03 1.021079048528760261e-02 1.131044354990334844e-02 1.128998278654995760e-02 1.165266014730952093e-02 1.129972431285679486e-02 1.021247457537298627e-02 1.130212303379206883e-02 1.130031584295520565e-02 1.097089874676451457e-02 1.095179644372354551e-02 1.127925441400031911e-02 9.533208960292196069e-03 9.688882898098325966e-03 1.067353161399299533e-02 1.306849544789905060e-02 1.021945260309159269e-02 9.544014271631186264e-03 1.128873103234410459e-02 9.840530938237813940e-03 1.096149529122220946e-02 1.306267437235259128e-02 1.165560190355765038e-02 1.044623413988774070e-02 1.067838019451289484e-02 1.166523184619446332e-02 1.095823595557453636e-02 1.096598975963125784e-02 1.068620434962384326e-02 1.097496954613916102e-02 1.097954915809225100e-02 1.001550015455140823e-02 1.020404692505196345e-02 1.000653426920752008e-02 9.831839631148966627e-03 1.068761208802647758e-02 9.837858848105444920e-03 1.020010077709458327e-02 1.128531453807542911e-02 1.038595411855653197e-02 1.002224188000299526e-02 1.042886875286930769e-02 1.253080484051151237e-02 1.043364123176151494e-02 1.096799069502772672e-02 1.001276749412434094e-02 1.164401200099594684e-02 1.043420368989375624e-02 1.043386519517705384e-02 1.068093673155055476e-02 9.845707332514648177e-03 1.069248418011986557e-02 1.070610152764643608e-02 1.044234046554404910e-02 1.129491132051052039e-02 1.044161935742687897e-02 1.045148889539276871e-02 9.073817762350232935e-03 1.069669441457936181e-02 1.022112779692296511e-02 1.252708437639151080e-02 1.001529852625388309e-02 1.167246133806653340e-02 1.305846095847288529e-02 1.253155331303008879e-02 1.002371416777649189e-02 1.097540381545913935e-02 1.166632074181929782e-02 1.045210384682614992e-02 1.044428017288174908e-02 1.206001701314260433e-02 1.100008323968016712e-02 1.129800497236614111e-02 9.832466301330585259e-03 1.164507695452173495e-02 1.069874974094732131e-02 1.068994710657901297e-02 1.021151667461933296e-02 1.068827062117441891e-02 1.130986854408331209e-02 1.070013144195159152e-02 1.068133615031859919e-02
1.075887405501089501e-02 9.574178301061025964e-03 9.869489283142119512e-03 1.072582648623683285e-02 9.180999591594036363e-03 9.820872694562502586e-03 8.883093151219606173e-03 1.008646584348943387e-02 9.633999961920654970e-03 9.578324447063423647e-03 1.037725292784724349e-02 0.000000000000000000e+00 1.111668448782483255e-02 9.803948225621200371e-03 9.578895625190767676e-03 1.157836723210651890e-02 1.044894395627282875e-02 9.207747886992325576e-03 9.619430553968737196e-03 9.628598015652784989e-03 1.007348622240424735e-02 1.010206942270753042e-02 9.351996723252247595e-03 1.037301434818311240e-02 1.208116236106372005e-02 1.322529380259074121e-02 1.265012221649028379e-02 9.567771842206203303e-03 1.325966322792509512e-02 1.043168851830702550e-02 9.365561818502642077e-03 9.169496517619417017e-03 1.015773432514775580e-02 1.160697052917568882e-02 1.015794249993656577e-02 1.116967871229009902e-02 9.861711841205518872e-03 1.079420162859459457e-02 1.012636312872505599e-02 1.079581848354427623e-02 1.038854744069074923e-02 1.015194247954337957e-02 9.621634745086201507e-03 1.081100110113658933e-02 9.603860999653069178e-03 9.576532493120806788e-03 9.038279441101441589e-03 9.621514461428830323e-03 1.080763371051514550e-02 1.078604879473897028e-02 1.117280067178522303e-02 1.079691499967665169e-02 9.622902670256389471e-03 1.079859426758264691e-02 1.079587938568037087e-02 1.044346526333989750e-02 1.042323239221606447e-02 1.077374489836641080e-02 8.850752092755678063e-03 9.052874228128702377e-03 1.012375480990998847e-02 1.265397956740240554e-02 9.588054974347590825e-03 8.896571386842513571e-03 1.078444038373641001e-02 9.218825469613519882e-03 1.043405416305809817e-02 1.264873636414241484e-02 1.117492241786573366e-02 9.877730968461733915e-03 1.012917299179416294e-02 1.118519492321010805e-02 1.043095472228448839e-02 1.043961049114980853e-02 1.013765374254682432e-02 1.044857179745565037e-02 1.045427869628793964e-02 9.409001706645492291e-03 9.614820956102651528e-03 9.399241007608931733e-03 9.209531218654344598e-03 1.013883889652203094e-02 9.215641979341835169e-03 9.609850699837788057e-03 1.078145488145145284e-02 9.866649424152098766e-03 9.416437489716156239e-03 9.858859212164696600e-03 1.209566045062573578e-02 9.864040845384372883e-03 1.044116722475282692e-02 9.406082687993982602e-03 1.116315296907286446e-02 9.864750573266630601e-03 9.864564261518628946e-03 1.013193433967438280e-02 9.224118574765342859e-03 1.014402572128604227e-02 1.015909280188891615e-02 9.872789724372579151e-03 1.079102960518862897e-02 9.827424349378837895e-03 9.883030573416082959e-03 8.385741712644131582e-03 1.014825831112330795e-02 9.632480649395281161e-03 1.209158633429450319e-02 9.407761818928503730e-03 1.119239434776073301e-02 1.264429960964633115e-02 1.209556405201003132e-02 9.417666760419841562e-03 1.044863243364932241e-02 1.118587931612304714e-02 9.883698518546603015e-03 9.874898595505004692e-03 1.160224143461158729e-02 1.047559131975646200e-02 1.079419872178028449e-02 9.209666541028296849e-03 1.116392464940586630e-02 1.015048712872280989e-02 1.014094230625388858e-02 9.622002035734978503e-03 1.013912092083814158e-02 1.080693952503145906e-02 1.015198851907059101e-02 1.013162762105760013e-02
