0.000000000000000000e+00 8.371780758898267685e-03 8.677321305894944783e-03 8.384102056572525358e-03 8.692922761098476406e-03 9.371803345070341823e-03 7.842383186057242175e-03 8.104756660975334648e-03 7.258613906716841931e-03 8.084170674622350936e-03 9.806636552416009289e-03 8.682553242392034368e-03 9.804638883284146414e-03 9.006944126308548057e-03 8.099360395769519480e-03 7.848226953986823379e-03 8.381669325358402992e-03 8.675105406918418027e-03 1.140280298363351673e-02 7.847266487578778010e-03 8.688374713725462856e-03 9.389184495280021928e-03 9.416109416148234559e-03 9.815866361941262899e-03 8.388760960982026907e-03 9.037106210162123426e-03 9.814288604590470574e-03 8.363178710405648128e-03 7.869110874813779050e-03 1.080337548707589745e-02 8.368958715866233605e-03 9.816544796810799597e-03 6.968325923566959929e-03 8.703392553293188075e-03 9.408242861811778879e-03 9.821557006293160294e-03 9.404064336021712364e-03 1.285018016359466657e-02 7.870921476374538248e-03 8.387703197575282349e-03 9.033537363873968620e-03 8.117708840514952298e-03 8.687947344717603104e-03 9.035942430750672910e-03 9.032969713908952855e-03 9.031123395185299690e-03 8.386316506045677147e-03 1.210655113470618556e-02 7.437393972378587848e-03 7.874948185631234013e-03 8.112520906051622419e-03 9.397215330322054860e-03 8.693596571646467625e-03 1.030885657156969948e-02 8.386701195368488626e-03 9.835219588495420009e-03 7.096165158885963178e-03 9.410711003528200724e-03 8.677168347263067988e-03 8.364778832484657395e-03 8.695196031724510694e-03 8.698085309854974509e-03 9.396423932395895837e-03 7.653396061689672278e-03 8.118315489700225762e-03 9.403804433364366944e-03 7.870071044357742490e-03 9.022072972331462645e-03 7.456196942270123043e-03 8.120507935417785664e-03 9.825964534471714681e-03 9.033540134957513540e-03 9.039515217879708769e-03 9.392109950788830527e-03 1.371468139837671643e-02 8.112000047710425307e-03 8.697587901513596093e-03 7.452966266281219401e-03 9.412670960015306551e-03 7.651591715675335956e-03 8.389454239006381708e-03 8.122845480462907372e-03 8.387735584578292353e-03 8.673581594747563350e-03 8.708999265114531277e-03 7.449982123313892909e-03 9.394571917392213409e-03 9.841181501042484472e-03 9.037076563968154952e-03 1.030132564853791094e-02 7.870941359470398982e-03 8.709532850097909465e-03 8.112552261976168494e-03 1.141827677610552337e-02 9.820915333844585163e-03 8.385820580808910074e-03 9.419049462571575312e-03 9.014367681894487616e-03 7.444281410289298705e-03 8.384032167165362745e-03 9.837946195048009185e-03 8.367668771877001532e-03 9.409865388536487602e-03 8.681632531741310596e-03 7.111410512648718915e-03 8.380214558430311086e-03 1.030240276906058475e-02 9.408689655464071502e-03 7.869194026337169787e-03 1.208586327600857067e-02 9.404749257879610469e-03 9.402618733148779273e-03 9.419744832404947782e-03 7.114839644199314091e-03 7.872527676992672682e-03 8.400984258269383539e-03 1.081788186819179938e-02 8.114257085267669381e-03 8.384980179456377053e-03 8.398751217060443711e-03 7.456444477021022949e-03 8.699365123092635613e-03 9.835367460112966198e-03 8.688300926393575929e-03 9.028974437827238381e-03 8.699106244071301217e-03 9.039399087130606594e-03 8.390538924974945065e-03
8.371780758898267685e-03 0.000000000000000000e+00 9.448495506305656585e-03 9.172640272022577340e-03 9.444807133996429779e-03 1.010215962525058339e-02 8.739744234363985495e-03 8.945348420915221616e-03 8.222068681807880031e-03 8.949419767780075752e-03 1.047412773492817362e-02 9.460655986681599378e-03 1.050223652142318748e-02 9.743654113769021144e-03 8.962949219612503099e-03 8.723983760936511109e-03 9.170365973528981154e-03 9.470923252631203298e-03 1.201107070849010902e-02 8.743927578107919471e-03 9.440648192221042304e-03 1.009023594201559175e-02 1.009531914176134762e-02 1.048293957781569301e-02 9.200476187261434624e-03 9.778411638343233181e-03 1.048163384736716837e-02 9.194039082724602546e-03 8.727527516029056839e-03 1.144011462137456067e-02 9.175777467607219851e-03 1.051266835820475164e-02 7.980495534706736130e-03 9.479211512557319044e-03 1.011642190820420152e-02 1.049687592490908782e-02 1.011250773605300995e-02 1.337842193955980294e-02 8.728898003127986277e-03 9.199641927794788634e-03 9.775324424710565493e-03 8.941219227559995403e-03 9.465427995432085934e-03 9.777239301073450961e-03 9.775136843823205995e-03 9.773316139089499241e-03 9.198410406887500002e-03 1.266099465316352160e-02 8.391957845167247187e-03 8.753189003997118370e-03 8.958871879043917713e-03 1.012573686889094160e-02 9.470452592239277448e-03 1.095094668622527585e-02 9.198571963831503329e-03 1.050987832645395616e-02 8.100858733438362838e-03 1.011829321233426345e-02 9.473061766398111275e-03 9.195544864758729842e-03 9.446721308067245262e-03 9.474328351591544684e-03 1.010564043839387235e-02 8.563161335353043635e-03 8.963394701890661440e-03 1.008416926896873317e-02 8.748720396075401404e-03 9.764804652085087508e-03 8.394862552846197104e-03 8.965601975541512281e-03 1.050098726102913042e-02 9.775400995319130995e-03 9.780687353864709818e-03 1.010121529984461634e-02 1.421797327321983398e-02 8.958161288787801907e-03 9.473592987682646904e-03 8.391945974063024297e-03 1.011987758903302830e-02 8.561359940506933774e-03 9.200944095260336908e-03 8.967649833832641235e-03 9.199407077902600760e-03 9.469771222237650249e-03 9.483885125753484940e-03 8.389313426572793386e-03 1.007562421284612444e-02 1.048527921428626594e-02 9.778283536896215447e-03 1.094389987975330839e-02 8.749523293397698867e-03 9.484307228937441034e-03 8.958647821415656118e-03 1.200105729238905815e-02 1.049610717849335483e-02 9.197663067001402709e-03 1.012588683920183363e-02 9.757998908891644604e-03 8.384499750551664340e-03 9.196087234225597609e-03 1.051186041664492650e-02 9.198084768485426804e-03 1.011756425599393862e-02 9.459686651347823036e-03 8.102097712516376574e-03 9.192826361975962521e-03 1.091339031444849873e-02 1.011656136150372413e-02 8.748256077658092891e-03 1.264092159762028253e-02 1.011299910918241236e-02 1.011117201129254142e-02 1.012661901845846035e-02 8.104968423017161819e-03 8.750962706142961095e-03 9.211203480715223976e-03 1.143024240333614591e-02 8.960292790799403301e-03 9.196973041746069055e-03 9.209023109798477810e-03 8.395017649015420677e-03 9.475252971303223595e-03 1.050960332768989536e-02 9.465715661881007881e-03 9.744425073406347976e-03 9.475179616302321917e-03 9.780547469965247820e-03 9.202068857327367832e-03
8.677321305894944783e-03 9.448495506305656585e-03 0.000000000000000000e+00 9.443153628533623722e-03 9.730626399427625556e-03 1.031089388649187102e-02 9.031352131277207290e-03 9.225092918227120048e-03 8.534584473592909254e-03 9.208401368987822674e-03 1.069797908144647786e-02 9.694999962229597368e-03 1.072876555543346433e-02 1.001964607800227315e-02 9.244514551533465282e-03 9.036003455440276555e-03 9.441031147015794406e-03 9.705035578623325346e-03 1.216729574083208476e-02 9.013381970015733533e-03 9.726570113357316943e-03 1.032643612776658858e-02 1.036081144923716932e-02 1.073849100772741177e-02 9.446840317022774103e-03 1.002795674796338674e-02 1.070491831733336001e-02 9.441190333100630758e-03 9.039622817356348164e-03 1.160904328332565925e-02 9.445954278250612984e-03 1.070726415475138638e-02 8.305128347842824152e-03 9.739937583757161260e-03 1.032451673181323040e-02 1.072370612663279058e-02 1.032068017933575679e-02 1.355324231182541278e-02 9.041213895529833650e-03 9.471593811865502283e-03 1.002538821217633519e-02 9.245586356025738486e-03 9.726702057200430421e-03 1.002699921053245430e-02 1.002481911650930993e-02 1.002310031696541578e-02 9.470247805324561591e-03 1.284445039944322360e-02 8.698639553900043217e-03 9.044530436962010256e-03 9.241027007049144870e-03 1.036364883499216009e-02 9.731294423444081590e-03 1.116646728211814592e-02 9.470473755007346658e-03 1.073614715520273405e-02 8.420332775688736324e-03 1.035667976194102648e-02 9.707183847920103359e-03 9.467633584095167670e-03 9.732787421586258647e-03 9.735273389157302754e-03 1.034429966895057847e-02 8.841591593405299931e-03 9.246021331001608168e-03 1.035071031114421537e-02 9.040499777118566130e-03 1.001517860345234323e-02 8.702046779127557349e-03 9.247870764363196050e-03 1.072806949946069656e-02 1.002540599408040939e-02 1.003051203087617325e-02 1.034035378968890806e-02 1.438378452578353145e-02 9.240739133640790692e-03 9.735091908506883843e-03 8.699244832811339062e-03 1.035856659303709126e-02 8.861243180942661446e-03 9.473263466255809132e-03 9.249811368537700501e-03 9.471799311574361294e-03 9.731156094350545960e-03 9.744883013310523881e-03 8.696907293179069812e-03 1.034249282555561346e-02 1.074159902151257048e-02 1.002848813858443246e-02 1.115958139952932630e-02 9.041268156983120821e-03 9.745268789295203488e-03 9.241330515659633774e-03 1.219536622814872996e-02 1.072345944220923913e-02 9.470146429018911141e-03 1.036428678366796766e-02 1.000870831078400601e-02 8.692239062816041473e-03 9.468639165739986888e-03 1.073879488227066220e-02 9.470505863884490574e-03 1.035608091981874042e-02 9.721467916919636701e-03 8.421807727974042063e-03 9.465364884088934422e-03 1.116051438101733906e-02 1.035504217871228462e-02 9.039868913612757878e-03 1.282507255540945960e-02 1.035161552636824564e-02 1.034964402049234379e-02 1.036490055000567796e-02 8.424555785076238631e-03 9.042608752840028755e-03 9.482978112409777213e-03 1.163530726629695596e-02 9.242706935360734885e-03 9.469486949194538122e-03 9.481020035803476229e-03 8.702161972608320195e-03 9.736669779342493197e-03 1.073635310267787198e-02 9.727147214713150261e-03 1.002132207841037979e-02 9.736350275991333472e-03 1.003040529815877636e-02 9.474112104456601166e-03
8.384102056572525358e-03 9.172640272022577340e-03 9.443153628533623722e-03 0.000000000000000000e+00 9.439145478557578461e-03 1.006970254795657924e-02 8.713040328962931569e-03 8.939601430271107083e-03 8.215526032428314279e-03 8.921006338864483770e-03 1.046949721621519107e-02 9.430039710028514585e-03 1.046803758831822001e-02 9.764566065183187538e-03 8.934764978129460661e-03 8.717725317218157077e-03 9.164755746018948129e-03 9.440862650061119035e-03 1.200708371726140825e-02 8.717063476837276850e-03 9.434933195868969863e-03 1.011303113860920894e-02 1.009027105855865233e-02 1.047842831719962391e-02 9.171365565778568860e-03 9.746920045812850972e-03 1.050623456343588447e-02 9.165076782680406028e-03 8.721702188197488423e-03 1.143585008546258233e-02 9.193629318150563223e-03 1.047858972011096734e-02 7.974367656104704855e-03 9.474345564035282358e-03 1.011190128750023495e-02 1.049266382262864332e-02 1.010792040480110177e-02 1.337547168357484766e-02 8.744352038608649638e-03 9.194504530097298567e-03 9.770751790080979202e-03 8.958155538201631463e-03 9.460447409135914684e-03 9.746442180600708993e-03 9.770469295006665306e-03 9.768840752571403621e-03 9.193224241349570378e-03 1.265730814187281290e-02 8.386096041262497761e-03 8.747685006890446383e-03 8.953646554663659621e-03 1.012130097992822685e-02 9.465455804167237364e-03 1.094745252752711041e-02 9.193278702964371649e-03 1.050530844670607804e-02 8.094635053465798827e-03 1.011387401775481858e-02 9.468130326958791587e-03 9.190606032756719682e-03 9.466961573446027942e-03 9.469543616736394998e-03 1.010103275089540772e-02 8.557170148794795289e-03 8.958566215248008058e-03 1.010770911819489255e-02 8.743536544029274424e-03 9.760364456918156628e-03 8.389113741134495913e-03 8.960514830372386455e-03 1.049675904211842120e-02 9.770827526697452303e-03 9.776137943617098369e-03 1.009698571262641030e-02 1.421502882300945507e-02 8.953158938657820864e-03 9.469058250362696535e-03 8.386391930376364476e-03 1.011581150213948510e-02 8.555884336233198981e-03 9.196043844838118833e-03 8.962545556709658121e-03 9.194523946543964321e-03 9.465032548374652938e-03 9.479258110951679223e-03 8.383763720214211859e-03 1.009920624680244079e-02 1.051078892727002299e-02 9.774024515467718069e-03 1.094000371394090142e-02 8.744273063021938686e-03 9.479660878182988998e-03 8.953593029686457427e-03 1.199756450469355480e-02 1.049210755354813319e-02 9.192778492402993787e-03 1.012172317675440192e-02 9.753294583551903874e-03 8.378950397694078650e-03 9.191201796860400119e-03 1.050788999691924623e-02 9.193015481018246629e-03 1.011324023679779048e-02 9.454857281766810076e-03 8.095964161620353150e-03 9.187784360893673508e-03 1.094087890814524934e-02 1.011233699460277989e-02 8.742863970643928104e-03 1.263744149812472128e-02 1.010862560095635541e-02 1.010667351575434900e-02 1.012224850431168999e-02 8.098936204987127255e-03 8.745668314172842100e-03 9.206103013590941075e-03 1.142665932752027526e-02 8.955095985168803896e-03 9.192089536056132285e-03 9.204144304945892363e-03 8.389352543776294052e-03 9.470593659357678940e-03 1.050550506614503221e-02 9.460778415026011370e-03 9.766461894434896526e-03 9.470363487092538918e-03 9.775906376160449149e-03 9.196925091129222116e-03
8.692922761098476406e-03 9.444807133996429779e-03 9.730626399427625556e-03 9.439145478557578461e-03 0.000000000000000000e+00 1.033764160442190473e-02 9.026947628059014961e-03 9.245251931155395314e-03 8.548541733289836617e-03 9.204426290942807967e-03 1.072721843342826047e-02 9.718166467110947448e-03 1.069336112446182124e-02 9.987846980481308867e-03 9.216891262359017817e-03 9.009697134071313618e-03 9.437382995886941725e-03 9.701656450855061092e-03 1.216461855470111347e-02 9.009268693810204565e-03 9.696433959249595516e-03 1.032297922618421321e-02 1.035780061580398800e-02 1.073557435932898790e-02 9.443299387474703849e-03 9.995967450938865809e-03 1.073383785894851949e-02 9.437832083488481918e-03 9.013360317749446321e-03 1.164191398875223660e-02 9.442058010231096921e-03 1.070432681061817860e-02 8.300645566733516612e-03 9.736338100783342372e-03 1.035159050674603828e-02 1.072061237346890426e-02 1.034738879883487402e-02 1.355076234857384779e-02 9.037026982829333629e-03 9.467943384733175372e-03 9.993441932365039818e-03 9.241403572700167268e-03 9.722879748512823148e-03 9.995304093835945952e-03 1.002151124389309353e-02 1.001960428247112254e-02 9.466243678349054932e-03 1.284188116522230229e-02 8.694735228496478993e-03 9.040353510808530127e-03 9.237208371532280859e-03 1.036057597249882660e-02 9.701493386392196286e-03 1.116337827769275579e-02 9.466721172618196636e-03 1.073290585106408124e-02 8.415928088714835428e-03 1.035342924082130640e-02 9.730679484018437200e-03 9.464058350463660715e-03 9.729134684957693388e-03 9.731715822183824652e-03 1.034083175685699373e-02 8.858660870454431596e-03 9.241975718909774956e-03 1.034726226274694690e-02 9.036328720997525293e-03 1.001180253328428499e-02 8.697679025108037004e-03 9.243823941775582836e-03 1.072468024645539808e-02 1.002179444525466874e-02 1.002709340942722904e-02 1.033689919088764606e-02 1.438128192665848529e-02 9.236750686222001266e-03 9.731390829230666256e-03 8.694973818586821529e-03 1.035519710733881840e-02 8.856966524500424834e-03 9.469235859310533646e-03 9.245765477894964460e-03 9.467946289662347581e-03 9.727455951852266580e-03 9.741192467193402968e-03 8.673046459339757430e-03 1.033904037630578761e-02 1.073831781551209778e-02 1.002487965793109198e-02 1.115654084992112778e-02 9.037097850169324709e-03 9.741506474931022064e-03 9.237279926130891744e-03 1.219254261080608866e-02 1.072024994790483736e-02 9.466230963498939444e-03 1.036091703923697378e-02 1.000495515891583823e-02 8.687762923269079160e-03 9.464782084219396791e-03 1.073543953324572822e-02 9.466375654663855208e-03 1.035256191668901954e-02 9.717626608995258777e-03 8.417135055922451634e-03 9.461383826078435116e-03 1.115737349347427354e-02 1.035168327689144942e-02 9.035753386296406856e-03 1.282221810560940124e-02 1.034809117577868524e-02 1.034634802459879176e-02 1.033124812699980424e-02 8.419981918958588038e-03 9.038425357933218759e-03 9.478921287089225184e-03 1.163241749265334427e-02 9.238653154332195777e-03 9.465508083438279804e-03 9.477045248214209516e-03 8.697738561220561340e-03 9.732863705383013736e-03 1.073326982819408984e-02 9.723374832489722897e-03 1.001764184735106158e-02 9.732515359617804895e-03 1.002660581294672650e-02 9.470133257861100898e-03
9.371803345070341823e-03 1.010215962525058339e-02 1.031089388649187102e-02 1.006970254795657924e-02 1.033764160442190473e-02 0.000000000000000000e+00 9.698348620017647331e-03 9.871623543374605236e-03 9.241043739937337964e-03 9.855617335843700616e-03 1.126133727999857961e-02 1.032952535683327906e-02 1.122314513552189787e-02 1.057110194040359122e-02 9.893645175630280675e-03 9.678577414916855054e-03 1.006800959278498185e-02 1.033898013263023080e-02 1.265725252922331873e-02 9.702511343513660694e-03 1.030416789807424294e-02 1.087944402828485910e-02 1.088385597229707229e-02 1.126960927884399291e-02 1.010134942165692544e-02 1.061043766224312353e-02 1.123131972777325835e-02 1.006779797272507396e-02 9.681884341112981587e-03 1.212188857258220988e-02 1.010058666942087284e-02 1.126965510921420707e-02 9.033392587578726457e-03 1.034604599452874051e-02 1.091180776388109806e-02 1.125493323129002007e-02 1.090835275166046614e-02 1.395774387603331175e-02 9.707577490339736048e-03 1.007268356851155275e-02 1.060801447865032318e-02 9.894138305590861882e-03 1.033388429655886578e-02 1.060957328033083728e-02 1.060767768017526098e-02 1.060611732597637781e-02 1.009942532058083139e-02 1.327219830141350594e-02 9.373306143833949611e-03 9.710341281499983851e-03 9.890049558618985853e-03 1.092054755156533774e-02 1.030834820521351475e-02 1.166985785905377999e-02 1.009970713757313808e-02 1.126656673750494643e-02 9.120486819007988730e-03 1.091383992195995786e-02 1.031056664807824055e-02 1.009728744949039449e-02 1.033954634798754657e-02 1.034183157317889422e-02 1.090190753149985169e-02 9.521455226694331558e-03 9.894720842853536175e-03 1.090858407031244232e-02 9.707060220085078628e-03 1.059890311859778417e-02 9.397672594849944619e-03 9.896386997594657994e-03 1.125920791230032580e-02 1.060817593376252484e-02 1.061297861609377009e-02 1.089870070762153156e-02 1.476661145228273971e-02 9.889888004356436543e-03 1.034171429901158644e-02 9.395198598525743294e-03 1.091567630081445757e-02 9.543279612386695171e-03 1.010210335500599972e-02 9.898154431000271217e-03 1.010087501883469296e-02 1.033809371493230218e-02 1.035067089811826484e-02 9.392968122428031058e-03 1.090089756757826878e-02 1.127193174401907270e-02 1.061101534625032497e-02 1.166380652366961514e-02 9.707763992823902413e-03 1.035101768630867190e-02 9.890432604305084488e-03 1.264799849495844113e-02 1.125490881942848437e-02 1.009939618471100697e-02 1.092096376211712516e-02 1.059271905176480989e-02 9.388699828346664181e-03 1.009801494683889612e-02 1.126921374128126048e-02 1.009947670569346159e-02 1.091337019939912431e-02 1.032925791574673680e-02 9.140595392090158575e-03 1.009502617821212908e-02 1.166467594054214178e-02 1.091237906582151473e-02 9.706495736507255237e-03 1.325330767461224343e-02 1.090923545873935009e-02 1.090739382635596416e-02 1.092152421894574711e-02 9.143215507091817865e-03 9.708834337697324485e-03 1.011110527582650964e-02 1.211378045472326706e-02 9.891692010336797930e-03 1.009871985836442200e-02 1.010930548979277477e-02 9.397759587119755911e-03 1.034297673804734398e-02 1.126678261145392865e-02 1.033437235330086218e-02 1.060437536625881243e-02 1.034286746430595517e-02 1.061287675587985896e-02 1.010300713604445240e-02
7.842383186057242175e-03 8.739744234363985495e-03 9.031352131277207290e-03 8.713040328962931569e-03 9.026947628059014961e-03 9.698348620017647331e-03 0.000000000000000000e+00 8.487309751896711732e-03 7.678870356281398447e-03 8.447551673322319099e-03 1.012033579532882824e-02 8.995160268857233660e-03 1.009244515461363463e-02 9.324162260548963035e-03 8.461807757133241528e-03 8.226214935774292178e-03 8.710789829031818921e-03 9.028909770546052205e-03 1.168160739400726789e-02 8.225625119202084265e-03 9.000819134344559963e-03 9.691391967390305603e-03 9.721193402503821440e-03 1.012946177061481955e-02 8.738493157910486725e-03 9.332985058972188483e-03 1.010179762028115720e-02 8.710960246369072943e-03 8.230511678047317328e-03 1.109290452309765092e-02 8.716420771844228185e-03 1.010407408205841497e-02 7.412248326192505919e-03 9.037273757867451268e-03 9.713428441123286849e-03 1.011279573782427992e-02 9.709171949293406850e-03 1.307959206314379674e-02 8.231833072217498506e-03 8.737293131361567600e-03 9.352803797263399208e-03 8.482466485728883468e-03 9.022552194784613441e-03 9.355070488992570446e-03 9.352471679574486316e-03 9.350383563709001658e-03 8.735736951993042579e-03 1.234686311303615468e-02 7.860843860705700459e-03 8.254326156414113630e-03 8.477205254979578927e-03 9.723369152814331437e-03 9.005714099717397267e-03 1.058604816115396065e-02 8.736118343789128424e-03 1.012611382654926041e-02 7.528309550076731083e-03 9.690778383470334198e-03 9.008750691726710030e-03 8.733122562301021130e-03 9.029341134320916992e-03 9.031904824476572405e-03 9.677090827358809239e-03 8.047786338041408583e-03 8.482859599512594662e-03 9.708910410563166213e-03 8.249860455827087366e-03 9.341902812410618831e-03 7.864329579687924163e-03 8.484990099693385038e-03 1.011701326977063921e-02 9.352833213407962809e-03 9.358485992593123734e-03 9.697573080751080432e-03 1.393395177206024904e-02 8.476904603956992440e-03 9.031797843544943361e-03 7.861298962649376082e-03 9.717470817991999410e-03 8.045861383101805125e-03 8.738979968555325370e-03 8.487144674884643247e-03 8.737379410919314179e-03 9.027357350215505644e-03 9.042615677362815518e-03 7.858463537100041085e-03 9.699939954633095968e-03 1.013169536714554446e-02 9.356295354281443308e-03 1.057882523373857714e-02 8.231929425894395080e-03 9.042977580183764533e-03 8.457721633946495635e-03 1.167086911699389065e-02 1.011205896588586450e-02 8.735474635498660656e-03 9.723699925651554249e-03 9.334351085047902161e-03 7.853180615251030214e-03 8.733860954007322333e-03 1.012872074648484520e-02 8.735858888009569514e-03 9.714771583374246997e-03 9.016608748733308601e-03 7.544876317335174470e-03 8.730174497162304648e-03 1.057994897922063561e-02 9.713687650378733870e-03 8.249245009079723620e-03 1.232675317479340650e-02 9.709913143281291917e-03 9.707778374222196874e-03 9.724371385283441319e-03 7.548109713013109387e-03 8.252304869755894279e-03 8.749974157638921654e-03 1.108287467010764249e-02 8.479244656850281128e-03 8.734878282285345880e-03 8.747860964830753150e-03 7.864620939975702427e-03 9.033407314860060142e-03 1.012612910132254691e-02 9.022941072505664267e-03 9.348603235720997010e-03 9.033190580933306638e-03 9.358601526293034573e-03 8.740086795552466994e-03
8.104756660975334648e-03 8.945348420915221616e-03 9.225092918227120048e-03 8.939601430271107083e-03 9.245251931155395314e-03 9.871623543374605236e-03 8.487309751896711732e-03 0.000000000000000000e+00 7.965156875838772313e-03 8.684485094178106754e-03 1.028129181261077871e-02 9.235920257578876524e-03 1.030742630698349045e-02 9.530638327710956592e-03 8.698159737402505823e-03 8.492326028377586433e-03 8.937473594661494991e-03 9.246643072702389818e-03 1.181186784224948216e-02 8.471819273125730590e-03 9.241098183155892903e-03 9.887693758834224106e-03 9.892555364046855954e-03 1.028997516438192109e-02 8.943820740394825206e-03 9.539445075045730610e-03 1.031645220057858178e-02 8.937634346942077354e-03 8.496140351826757947e-03 1.123360479633482567e-02 8.942785077055554616e-03 1.029087196692152206e-02 7.695521432388691997e-03 9.255382219131481555e-03 9.885615560284558706e-03 1.027450250844689876e-02 9.907963989110188385e-03 1.322797288561136479e-02 8.497947592919691262e-03 8.965444484762618432e-03 9.561421055201734312e-03 8.720436170031634418e-03 9.241162763017028714e-03 9.563181853789378198e-03 9.560893262072421919e-03 9.559200641110737751e-03 8.964176360296248480e-03 1.250225289841775181e-02 8.124382238297419428e-03 8.501179948831222993e-03 8.715596226000252300e-03 9.921521262341460173e-03 9.246311307693247730e-03 1.076635302705942349e-02 8.941913917355716682e-03 1.031541854374832048e-02 7.820865865652733284e-03 9.914375041315261552e-03 9.249006519248592628e-03 8.961418423154903987e-03 9.247617210389550910e-03 9.250279177555482610e-03 9.901067581034509943e-03 8.284089163906121003e-03 8.720510838740098969e-03 9.907931320136864964e-03 8.497058678777648713e-03 9.525646843738272418e-03 8.127841435745512821e-03 8.722675489951366851e-03 1.030659738621832362e-02 9.561348832225207914e-03 9.566927968554999467e-03 9.896900980237067005e-03 1.407492402204306089e-02 8.714906440861498044e-03 9.249967475975343772e-03 8.124912672820779752e-03 9.916115801449671904e-03 8.301463711725865988e-03 8.967128088169098316e-03 8.724787928195290934e-03 8.965795547803747170e-03 9.245791116638158932e-03 9.260455725123108162e-03 8.122258104306568846e-03 9.899078854494088725e-03 1.032083418967045217e-02 9.564750525482862420e-03 1.075923709714857873e-02 8.497797986652760871e-03 9.260871581226645319e-03 8.715642294185747818e-03 1.183425401224742768e-02 1.030183223552513100e-02 8.963817255568671052e-03 9.922303903034774067e-03 9.543511763330153608e-03 8.117243754775826589e-03 8.962292732463839756e-03 1.031798110855937020e-02 8.964327910375810560e-03 9.913597585437930459e-03 9.235329453928436960e-03 7.822500453544368321e-03 8.958744565356861408e-03 1.076023698536271445e-02 9.912666834177751712e-03 8.496259761457966922e-03 1.248225882212163594e-02 9.908745324707732977e-03 9.906783583369101892e-03 9.922958653723227412e-03 7.825498472582331083e-03 8.499343271698265798e-03 8.977753927612901197e-03 1.125467538307990505e-02 8.717135811467744549e-03 8.963208946511105890e-03 8.975720758735174915e-03 8.128103936189973872e-03 9.251712710101349726e-03 1.031542340911160809e-02 9.241452266827187775e-03 9.556985800698745634e-03 9.251368013576764110e-03 9.566822223960944407e-03 8.968228876269548205e-03
7.258613906716841931e-03 8.222068681807880031e-03 8.534584473592909254e-03 8.215526032428314279e-03 8.548541733289836617e-03 9.241043739937337964e-03 7.678870356281398447e-03 7.965156875838772313e-03 0.000000000000000000e+00 7.927111501135923263e-03 9.682021201521791298e-03 8.519584857974047895e-03 9.680026240223899361e-03 8.870223470757856304e-03 7.959604657779976652e-03 7.684612603298978870e-03 8.213462452351027662e-03 8.550363031181082082e-03 1.129467942927977857e-02 7.684135748141148782e-03 8.525465255699502670e-03 9.278856027090788203e-03 9.264140136920489405e-03 9.691581106023510611e-03 8.220537362076535404e-03 8.879829793006562000e-03 9.710736356013396908e-03 8.213487755333700319e-03 7.689104168080366022e-03 1.068971342654746054e-02 8.236907681815352350e-03 9.713290422201464186e-03 6.773076085993912782e-03 8.559135643168168731e-03 9.276391351705543312e-03 9.695374876193164557e-03 9.272152019314236493e-03 1.274947808404770615e-02 7.706711900382028253e-03 8.236804651584174117e-03 8.876246158442648720e-03 7.960323367720045437e-03 8.543516309114774707e-03 8.898029704757452057e-03 8.894998704457342600e-03 8.893157568534778776e-03 8.235364926358582083e-03 1.200152719767106149e-02 7.275116761375164179e-03 7.710666013513251850e-03 7.954790320066918927e-03 9.266613340036863183e-03 8.549525201583177761e-03 1.018860405208047923e-02 8.235588507809719905e-03 9.709110319615025381e-03 6.920020650067625415e-03 9.258537369407503562e-03 8.552353040337764764e-03 8.214815516713110111e-03 8.550872639236021047e-03 8.553747789175378258e-03 9.264326883377454330e-03 7.467423588957752302e-03 7.960707223390515314e-03 9.271775418163250015e-03 7.705686978914793629e-03 8.883831851040524530e-03 7.278986147164170917e-03 7.963037053014208541e-03 9.699872316881514092e-03 8.895589178747335263e-03 8.901445147011946904e-03 9.259805713260713805e-03 1.361849283378311834e-02 7.954400929957894037e-03 8.534972050205938410e-03 7.275506414426392669e-03 9.280755922592146684e-03 7.480616024463510906e-03 8.238595042603883561e-03 7.965409953207377297e-03 8.219351831132527125e-03 8.548631177322961114e-03 8.564945969617834831e-03 7.272420656216607021e-03 9.262240521538680008e-03 9.715058061889920646e-03 8.899186067081354262e-03 1.018082247786886337e-02 7.706657298129908351e-03 8.565332360277394877e-03 7.954947759813582250e-03 1.130810997283475394e-02 9.694687903753412828e-03 8.234862260313564886e-03 9.287310394766552790e-03 8.875997695004406510e-03 7.266581152423494221e-03 8.233037287267987517e-03 9.711860320701287685e-03 8.235177018332030113e-03 9.277913620497121178e-03 8.537098791228305006e-03 6.921781789613786796e-03 8.229053824668344091e-03 1.018193157463546765e-02 9.276912180546317485e-03 7.704928912536442888e-03 1.198061857162288808e-02 9.272796381175518049e-03 9.270499822189316383e-03 9.288015283532524008e-03 6.925404958718998742e-03 7.708370928528200487e-03 8.250518438509338304e-03 1.070270273190616385e-02 7.956758487954148848e-03 8.234133250174144672e-03 8.248163700320804148e-03 7.279314056658671948e-03 8.555155094604149218e-03 9.709407679251168960e-03 8.543877915318562333e-03 8.890779117210425089e-03 8.554846672824066925e-03 8.901484814491957692e-03 8.239688393062742297e-03
8.084170674622350936e-03 8.949419767780075752e-03 9.208401368987822674e-03 8.921006338864483770e-03 9.204426290942807967e-03 9.855617335843700616e-03 8.447551673322319099e-03 8.684485094178106754e-03 7.927111501135923263e-03 0.000000000000000000e+00 1.026674020994710647e-02 9.194601751269295201e-03 1.026466343328221766e-02 9.538828970003286958e-03 8.679346337479019666e-03 8.452647870384737139e-03 8.919241729979944175e-03 9.206083294402448922e-03 1.183105332327945639e-02 8.451928363963936292e-03 9.199783474924816060e-03 9.897871737125377156e-03 9.877358168995126197e-03 1.030335962087373415e-02 8.925916393422590397e-03 9.522911189872756629e-03 1.030140198633560690e-02 8.919338389953689744e-03 8.456627983572823429e-03 1.125048673822904612e-02 8.924688666904777995e-03 1.030344194744847210e-02 7.658364217041284221e-03 9.238011623558162536e-03 9.896188643766956616e-03 1.028725362714262397e-02 9.892237719287343134e-03 1.321607229376087732e-02 8.478092314892044304e-03 8.947305459154319615e-03 9.544460506780193601e-03 8.701370705417925400e-03 9.223611428605669668e-03 9.546866757053500824e-03 9.544265876058574335e-03 9.542376366842849483e-03 8.946021109879529268e-03 1.249023142623250163e-02 8.085809727869451569e-03 8.481510272662239405e-03 8.696349319483721516e-03 9.905883172378985094e-03 9.228915950628050965e-03 1.075231203563715293e-02 8.946240769977851712e-03 1.027261338792213700e-02 7.798835275770166740e-03 9.898367748523619752e-03 9.231599217565507332e-03 8.943322913440562849e-03 9.230449897339069315e-03 9.232957594197965107e-03 9.885027678776135349e-03 8.282508419130489921e-03 8.701694904531522001e-03 9.892104859178118062e-03 8.477284477320169362e-03 9.533912479763106268e-03 8.106910545365242707e-03 8.703739566571808833e-03 1.029145239910788170e-02 9.544766110562217035e-03 9.550260439580200017e-03 9.880960574139306674e-03 1.406374025467110184e-02 8.696053749989520604e-03 9.232535271103516419e-03 8.103945830544703743e-03 9.900329586163393245e-03 8.281187130545776195e-03 8.949034750221728299e-03 8.705859104609763380e-03 8.947457491448864916e-03 9.228296754748554001e-03 9.242973991909299303e-03 8.101205840293801766e-03 9.883347695893114626e-03 1.030592573808064918e-02 9.548065760213234054e-03 1.074483897867706955e-02 8.478057666628700806e-03 9.243526681096745148e-03 8.696515439974395606e-03 1.182123675589640335e-02 1.028667497195531050e-02 8.945627396103369988e-03 9.906410649729661608e-03 9.526671745664698834e-03 8.096120865647806961e-03 8.943988520461331956e-03 1.030284875023866967e-02 8.945833180208055332e-03 9.897683557763312101e-03 9.217798482661850729e-03 7.800295545967613625e-03 8.940431566053605450e-03 1.074585181663648310e-02 9.896754327227275452e-03 8.476569256463544616e-03 1.246988169641961679e-02 9.892935732040935085e-03 9.890927675278783290e-03 9.906963069040727529e-03 7.803399878698300679e-03 8.479505943626041917e-03 8.959369050806147497e-03 1.124096812839794901e-02 8.698074698527003684e-03 8.944850211560289102e-03 8.957460658049169397e-03 8.107057818642331853e-03 9.234131312927390187e-03 1.030040462639982175e-02 9.223880134600490749e-03 9.540370602969559105e-03 9.233883002876634716e-03 9.550140979190430493e-03 8.949942896892595576e-03
9.806636552416009289e-03 1.047412773492817362e-02 1.069797908144647786e-02 1.046949721621519107e-02 1.072721843342826047e-02 1.126133727999857961e-02 1.012033579532882824e-02 1.028129181261077871e-02 9.682021201521791298e-03 1.026674020994710647e-02 0.000000000000000000e+00 1.068804473511721954e-02 1.160539373749425000e-02 1.097944761721436971e-02 1.030520665579682388e-02 1.012421476927868533e-02 1.046791610634676545e-02 1.069620738780956148e-02 1.290300125674204851e-02 1.009790315742098779e-02 1.069229647955930763e-02 1.123810468487653098e-02 1.124196490262071267e-02 1.157414274880391898e-02 1.050258215111911364e-02 1.098639318349469568e-02 1.161260903761461225e-02 1.046800932899527060e-02 1.012767285759602447e-02 1.243361373185618290e-02 1.047201780626133560e-02 1.157506202156500033e-02 9.485918402365890040e-03 1.073575348566081430e-02 1.127366405933458160e-02 1.160126438223694004e-02 1.127025485662623561e-02 1.422001148702686790e-02 1.012906379671584846e-02 1.050291560119779970e-02 1.098463159860706487e-02 1.030636832001415384e-02 1.072425705730560910e-02 1.098618873267180260e-02 1.098410419686991074e-02 1.098284963581117914e-02 1.050158241757022902e-02 1.354974616397103433e-02 9.831088668956509957e-03 1.013173973154636066e-02 1.030265948856619665e-02 1.128177891452969601e-02 1.072842887034203448e-02 1.199871539544652629e-02 1.050183961226029174e-02 1.161221334099184731e-02 9.587162973024086418e-03 1.127561696619758941e-02 1.073074940884669731e-02 1.046976740818077352e-02 1.072965662421451576e-02 1.073183067688550374e-02 1.126460756725764303e-02 9.949539459403595326e-03 1.030681082662310982e-02 1.127023452514439722e-02 1.012834990205451965e-02 1.097582828413667423e-02 9.833588700054097034e-03 1.030838291524893875e-02 1.160493884922593304e-02 1.098463871894802407e-02 1.098907318522963743e-02 1.126117659974457119e-02 1.501356388655611211e-02 1.030220691131395264e-02 1.073145275083817358e-02 9.831350450706741878e-03 1.127722117244422430e-02 9.972450416453865207e-03 1.050397080600210670e-02 1.031006393292215745e-02 1.050268144000983568e-02 1.072800549967206640e-02 1.073995548569339244e-02 9.829222714912143680e-03 1.126302532967527956e-02 1.161695640823297293e-02 1.098734360019317305e-02 1.199245947217504778e-02 1.012902154417960957e-02 1.074028174871023526e-02 1.030273262374810893e-02 1.294250317455960565e-02 1.160083511039739293e-02 1.050129403686738544e-02 1.128226072313668997e-02 1.096995296631051581e-02 9.825158447701704337e-03 1.049998365834375544e-02 1.161450480529996852e-02 1.050158780320706482e-02 1.127503139471528262e-02 1.071964117904009375e-02 9.588420649081668898e-03 1.049714561257105924e-02 1.199326200449948344e-02 1.127425835783339193e-02 1.012782249728496307e-02 1.353128890040225692e-02 1.127109228886279818e-02 1.126932912979330265e-02 1.128278306966720886e-02 9.590827521366720315e-03 1.013020083979809111e-02 1.051241248636486554e-02 1.242557022336165766e-02 1.030393470861116177e-02 1.050072422748945036e-02 1.051070095407994134e-02 9.833788318439257159e-03 1.073271014201256784e-02 1.161243808425818820e-02 1.072456378555570328e-02 1.098090291278542262e-02 1.073255428042230522e-02 1.098911529072618687e-02 1.050472397416521257e-02
8.682553242392034368e-03 9.460655986681599378e-03 9.694999962229597368e-03 9.430039710028514585e-03 9.718166467110947448e-03 1.032952535683327906e-02 8.995160268857233660e-03 9.235920257578876524e-03 8.519584857974047895e-03 9.194601751269295201e-03 1.068804473511721954e-02 0.000000000000000000e+00 1.071796232051273022e-02 1.000783733157618871e-02 9.207767886465215851e-03 9.000098937349201508e-03 9.428077997810245872e-03 9.693139280791636392e-03 1.219588562107088228e-02 8.999408134725507200e-03 9.687157308710543299e-03 1.034519086009618588e-02 1.034992145633832107e-02 1.072826075289582543e-02 9.434078778029812706e-03 9.987778139901168015e-03 1.069434836314015792e-02 9.428233558284102381e-03 9.025688476601886889e-03 1.159901319658892573e-02 9.458218029488678000e-03 1.072833268947697566e-02 8.273543842939488566e-03 9.727132577401540955e-03 1.034289373178105126e-02 1.071279192745350564e-02 1.033911933830159412e-02 1.354452425780413097e-02 9.026857224794512108e-03 9.458185210011812658e-03 1.001279357847647926e-02 9.231601668914171319e-03 9.713791523096945366e-03 1.001531074145856418e-02 1.001255940163487020e-02 1.001097265455115973e-02 9.456970532171074875e-03 1.283568095987733422e-02 8.664454093376280919e-03 9.030234194899495678e-03 9.203844366437922628e-03 1.035214167297059812e-02 9.692306741573300521e-03 1.115611998013750147e-02 9.457105137874934064e-03 1.072516326151828556e-02 8.404781667307896498e-03 1.031479365994555919e-02 9.721366780166499494e-03 9.454456362623403498e-03 9.720014545518962379e-03 9.696081979907919188e-03 1.033211206430853860e-02 8.848262177084670679e-03 9.232247032312400001e-03 1.033910542439188222e-02 9.026296974125869871e-03 1.000307778287627507e-02 8.687149761599574985e-03 9.234098352804899490e-03 1.071695533422991307e-02 1.001326837091295018e-02 9.990025515749692553e-03 1.032862300790410130e-02 1.437563890725459918e-02 9.227176884266890741e-03 9.722414854207526297e-03 8.684439635108011715e-03 1.034686544851451048e-02 8.846763908515502955e-03 9.459949231529604999e-03 9.236029521658370781e-03 9.458484153294923272e-03 9.718539380891922166e-03 9.732104092408207924e-03 8.682087780317754647e-03 1.033087307797908409e-02 1.073071439277272984e-02 1.001635475675682896e-02 1.114899268775751927e-02 9.026997779243272485e-03 9.732489614939620476e-03 9.227469621312512152e-03 1.218597625699289685e-02 1.071230403682769602e-02 9.456825707529450259e-03 1.035272962296362835e-02 9.996340320463325407e-03 8.677372189232930577e-03 9.455432568234535540e-03 1.072780191778997284e-02 9.457373972547922225e-03 1.034450987750121752e-02 9.708764609274719154e-03 8.406430535325091005e-03 9.452151779885240371e-03 1.115018733647647926e-02 1.034347346831220038e-02 9.025669543094716821e-03 1.281618023138991064e-02 1.034003721120382684e-02 1.033814645321667544e-02 1.035334392848174384e-02 8.409181954153056859e-03 9.028517897926304284e-03 9.469718563601179848e-03 1.162539213815766068e-02 9.229034256559461719e-03 9.456217768944723268e-03 9.467843166401059690e-03 8.687355086460716094e-03 9.723890834673268660e-03 1.072547625647988882e-02 9.714386346506521594e-03 1.000928874907985704e-02 9.723677998579252288e-03 1.001828602466525026e-02 9.460918122298055816e-03
