0.000000000000000000e+00 9.799427836282735213e-03 9.296715866373960954e-03 9.643251479062944082e-03 9.808094751053202109e-03 8.761258810813247339e-03 9.879467024384160773e-03 9.874656527415438464e-03 9.302811934717032313e-03 1.024481302205246074e-02 9.605534256637566007e-03 9.303485108365466133e-03 9.154487629976573726e-03 9.105934200098727074e-03 9.005689758239969825e-03 9.654822256843257136e-03 9.656604701830476603e-03 9.892686022508884874e-03 9.862776293234582631e-03 9.424304550600436439e-03 9.779992610287304572e-03 8.999704605579163935e-03 8.563424777742226560e-03 1.026134822587659000e-02 1.122267247035387688e-02 9.003355152023899757e-03 9.270618093791465480e-03 9.782016411911530207e-03 9.882994054020806038e-03 9.642724533034999906e-03 9.883823564987742269e-03 1.069241153184563586e-02 1.014142404033299173e-02 9.505924345603707776e-03 1.036948394551939767e-02 1.070294253396322087e-02 1.038356260200232715e-02 1.070186906053639635e-02 9.911112563732915950e-03 9.743362821336554527e-03 1.038250972377777366e-02 1.043731962907027550e-02 9.342693050778200226e-03 9.497331950671313722e-03 9.907804730410342542e-03 1.013923230735887249e-02 1.015517399196091096e-02 1.037434451416790852e-02 9.872000516640595455e-03 9.729566340273413869e-03 9.356925604232778707e-03 9.695949545154784743e-03 9.362243486948024565e-03 1.271495369990332906e-02 9.379642059894350431e-03 1.012459136653231714e-02 1.176086779632720333e-02 9.716590828050234926e-03 9.934101093987178152e-03 1.073318152131987752e-02 9.888212771029960754e-03 9.223174768688667188e-03 1.012247595302351137e-02 9.523452223424164545e-03 9.510356074475324537e-03 9.896320454487562285e-03 9.916075814580007503e-03 1.069000100734351921e-02 1.137489092564080220e-02 9.934673618034423753e-03 8.962154048305481097e-03 1.014452207453303383e-02 9.696826009461746027e-03 9.530080740615592960e-03 9.521371799184495319e-03 1.178543363871552112e-02 9.923252885317066646e-03 1.067356886524188989e-02 9.931818239681365276e-03 1.014235882446973269e-02 1.042702280932722783e-02 1.041580997963295098e-02 9.901738076647096862e-03 1.038681091059093405e-02 9.374995731629766002e-03 9.935988949878621704e-03 1.012663195278402581e-02 1.012631696315984334e-02 1.070800219168936522e-02 9.722744756966539975e-03 1.042543485645078261e-02 9.713176125090202534e-03 9.725066623704521282e-03 1.067699605949899017e-02 9.529978044566140422e-03 1.042467733123823848e-02 9.951130112131990196e-03 9.715650291887079765e-03 1.021014787725693998e-02 1.107732217012446022e-02 1.041130942074479718e-02 1.018265172845847152e-02 9.546314805460774655e-03 9.973139702356900727e-03 1.141336378646946696e-02 1.045683493163671041e-02 1.043340533085521105e-02 1.138511263623422781e-02 9.551628269871026075e-03 9.739730869849248449e-03 9.372796078424656604e-03 1.102373380029053086e-02 9.962181615572550039e-03 9.733987992550987081e-03 1.017932732528146339e-02 1.075385021503172389e-02 1.104562854523474455e-02 9.954661034502664679e-03 1.105432773549732545e-02 1.068543120546236458e-02 1.106696657548898559e-02 1.071361161954128075e-02 9.550576281181378385e-03 9.944339188100521226e-03 9.552269363036786781e-03 9.121812060052889720e-03 1.042242183136799123e-02 9.568404998095261793e-03
9.799427836282735213e-03 0.000000000000000000e+00 8.794682071499042644e-03 9.295354203075752858e-03 9.322787173322780521e-03 8.216449157084764268e-03 9.427526398569262972e-03 9.420547829394349676e-03 8.798661225584050727e-03 9.660671174003042025e-03 8.989483868424155005e-03 8.801926582263232268e-03 8.643809842896395604e-03 8.568744005341912343e-03 8.474992755802279037e-03 9.308278848899479915e-03 9.190367778541248464e-03 9.435974491266936603e-03 9.535999313963750695e-03 8.800233226922462779e-03 9.178394816577126539e-03 8.471769674092676297e-03 8.076946110908493973e-03 9.806278002836633576e-03 1.067690745475551733e-02 8.475537110071415525e-03 8.767024515729922307e-03 9.172388244194832826e-03 9.428573424681441911e-03 9.171050930140615606e-03 9.432164159255950267e-03 1.029235806744956128e-02 9.682649155227181573e-03 9.000758326472058785e-03 9.922811204782985839e-03 1.027962854711254002e-02 9.940663079635401328e-03 1.027890078275127579e-02 9.439158580539980248e-03 9.256443861744267573e-03 9.939786009422581572e-03 9.998157641160323322e-03 8.826352493987294628e-03 8.991715004482580056e-03 9.432768054088925408e-03 9.680364225739018086e-03 9.697555342586020380e-03 9.932631416803677435e-03 9.394382723580164268e-03 9.241666042073961446e-03 8.840705376485735734e-03 9.205373293204834745e-03 8.846358360202807164e-03 1.237554050535990234e-02 8.865231595949553053e-03 9.664653104518045740e-03 1.138853955731521789e-02 9.227823568511050317e-03 9.460988591648103810e-03 1.031167123171644953e-02 9.411974068906290430e-03 8.696609134827443591e-03 9.662465146041661693e-03 9.022410729366199186e-03 9.005706146373337537e-03 9.419998253469766616e-03 9.441314979751147529e-03 1.026620224996747065e-02 1.098584551370960193e-02 9.461526251237138349e-03 8.413657146692640407e-03 9.685882037509925546e-03 9.206028800381866467e-03 9.026832628392421690e-03 9.018787006090423636e-03 1.141389927130353164e-02 9.450747335808622890e-03 1.024833843985072969e-02 9.458457911038754828e-03 9.683531879762497657e-03 9.986901648548500779e-03 9.972676487970774661e-03 9.425926574786863341e-03 9.944091618168978200e-03 8.859927438920837256e-03 9.462829734506964657e-03 9.666884559492650714e-03 9.666336842044258304e-03 1.028475731916438617e-02 9.233947070273225768e-03 9.985183624606000508e-03 9.223905149471741532e-03 9.234438583120273616e-03 1.025194834072784729e-02 9.026699943304598503e-03 9.984457562395193317e-03 9.479368115758224356e-03 9.226788955331126363e-03 9.756361340979692251e-03 1.067425506612659780e-02 9.970763744415795174e-03 9.726920427348458714e-03 9.046967817245553725e-03 9.503070237345638549e-03 1.102624969580391460e-02 1.001881461158742395e-02 9.993863765802038501e-03 1.099713261524589390e-02 9.048391633949092253e-03 9.252623707481668486e-03 8.857639627742136534e-03 1.061842100316485668e-02 9.491267642989241124e-03 9.246966829968313387e-03 9.723327328951258952e-03 1.033353319278962346e-02 1.064135035803056260e-02 9.483170183473837653e-03 1.064998358451418534e-02 1.026102388638286227e-02 1.066332894286346755e-02 1.029134684466878093e-02 9.047500337347826743e-03 9.472075159028481295e-03 9.051258974779631539e-03 8.587845215266204368e-03 9.982592062669498265e-03 9.068574437825594609e-03
9.296715866373960954e-03 8.794682071499042644e-03 0.000000000000000000e+00 8.881993850368479979e-03 8.909825703628429516e-03 7.730829601669209072e-03 9.046173174132332920e-03 9.036370458321426116e-03 8.365909133936567932e-03 9.288866353834154474e-03 8.678719908050271797e-03 8.368693596182214672e-03 8.292095162500132469e-03 8.011330976945568380e-03 8.014962827213452726e-03 8.782791909090112079e-03 8.781020860867018787e-03 9.062574204235748429e-03 9.024198486101900687e-03 8.368408018157453762e-03 8.887510463336665417e-03 8.007610369305058831e-03 7.496164651481263506e-03 9.311173549888874731e-03 1.036154881126972148e-02 8.012941349257063361e-03 8.330485025334156968e-03 8.770043437527465582e-03 9.161955136491048771e-03 8.766241799630982226e-03 9.048641367830723842e-03 9.961071815949419303e-03 9.289445135448947538e-03 8.562841030829831598e-03 9.543446448778553082e-03 9.917891875692416009e-03 9.561804219719412939e-03 9.917526571327484747e-03 9.028883972894183318e-03 8.836563051265206026e-03 9.560893984791806258e-03 9.622475617962507680e-03 8.374719570633017487e-03 8.553358964182938839e-03 9.024273186990786760e-03 9.286982719044595616e-03 9.305215879618768809e-03 9.552160773377676647e-03 8.983525726284387683e-03 8.820794583097809477e-03 8.391361686098844364e-03 8.781837046559309162e-03 8.397448034502402736e-03 1.208375293332420580e-02 8.417858000038217978e-03 9.270272253702388499e-03 1.106980100459393351e-02 8.806183108227935707e-03 9.054294282305650268e-03 9.951505048063122305e-03 9.002608689611496864e-03 8.236675929708807062e-03 9.267965376855676410e-03 8.586396213512202322e-03 8.568636958051416980e-03 9.010803269437905536e-03 9.033512505085387195e-03 9.906163975887860920e-03 1.065356832935230973e-02 9.055146593434879390e-03 7.934090452521722764e-03 9.293027586181236074e-03 8.782762282936512274e-03 8.591210555343032143e-03 8.581460769293072777e-03 1.109612000471688585e-02 9.042378723897516804e-03 9.885267714618650378e-03 9.051857204642710722e-03 9.290415868551510012e-03 9.610869297171007603e-03 9.598284550609948590e-03 9.017122711241746733e-03 9.565679086482484911e-03 8.412324407867211029e-03 9.056502699885600124e-03 9.273256866913598753e-03 9.272228827294018427e-03 9.923493989214124053e-03 8.812629970025704501e-03 9.608992996741493389e-03 8.802298729137689529e-03 8.815461594434602366e-03 9.889074588988333234e-03 8.591016641827072323e-03 9.608167276613951285e-03 9.074309527767953493e-03 8.806921726487473151e-03 9.367837571813005318e-03 1.032997868824186462e-02 9.595962062605196616e-03 9.336656489466054962e-03 8.610771690871932282e-03 9.099525172962426300e-03 1.069532735399396188e-02 9.644456136543497898e-03 9.618253587513128644e-03 1.066568463495390709e-02 8.614991643860411830e-03 8.832809671147438466e-03 8.409836350765384147e-03 1.027223966587890829e-02 9.086833218491288319e-03 8.827313547746212796e-03 9.332918202484523015e-03 9.974526133506248643e-03 1.029612683090816612e-02 9.078264605852006536e-03 1.030475889949049144e-02 9.898637361656434028e-03 1.031864960486492989e-02 9.930672749789122913e-03 8.615834031466252513e-03 9.066518982208940022e-03 8.619312094021117782e-03 8.120377248730735464e-03 9.606600192179251541e-03 8.636264143916933325e-03
9.643251479062944082e-03 9.295354203075752858e-03 8.881993850368479979e-03 0.000000000000000000e+00 9.167507653391311628e-03 8.180841412047596892e-03 9.402531305184686980e-03 9.524493297697925534e-03 8.882835014006763147e-03 9.631980762407968411e-03 8.958801480360885361e-03 8.773065199291080196e-03 8.616537668613031761e-03 8.439687205293037314e-03 8.442544990875841190e-03 9.159778804730227264e-03 9.158182464814723991e-03 9.423094574048700850e-03 9.509128462847118643e-03 8.889898885353455724e-03 9.146714590329219768e-03 8.437062552013449221e-03 7.964365208112908143e-03 9.651221014474681628e-03 1.082156690825346844e-02 8.445029815217832206e-03 8.731401413517362459e-03 9.141701762534797798e-03 9.406226813345531720e-03 9.269420398575431777e-03 9.403298013571684613e-03 1.042493946593316470e-02 9.649934390851372737e-03 8.964681647274971854e-03 9.890952395217511225e-03 1.025144762396569369e-02 9.911336641815388787e-03 1.025328494610850717e-02 9.405353056412700877e-03 9.223588490415454352e-03 9.908074460452859222e-03 9.968912327667911813e-03 8.788291321656002339e-03 8.955551330468176224e-03 9.398742178082713367e-03 9.647413037558205326e-03 9.666944603928258328e-03 9.899426561926489079e-03 9.362259779988446606e-03 9.208702749266472684e-03 8.803723849499619364e-03 9.170305352989061715e-03 8.809506316534133907e-03 1.235070375761411661e-02 8.828415151136375164e-03 9.631728415555989783e-03 1.136166535243944044e-02 9.193006314010699481e-03 9.427209296508358427e-03 1.027875166010206245e-02 9.381467366640474162e-03 8.658976088977110921e-03 9.631581368196858589e-03 8.874819214589277708e-03 8.972441424570922960e-03 9.388838579478050658e-03 9.410323810398938879e-03 1.023888607686737617e-02 1.096109573212529151e-02 9.430609721264131273e-03 8.377168792395413982e-03 9.656121726400280353e-03 9.173765675638684280e-03 8.993629255405821005e-03 8.984451042500875284e-03 1.139027663687182911e-02 9.418520065050449072e-03 1.021864718905856999e-02 9.427541350308215815e-03 9.653525896750909246e-03 9.958527154767256306e-03 9.944226850639408324e-03 9.394759361547353610e-03 9.915454184574137853e-03 8.825807259409394756e-03 9.431862268290668386e-03 9.637085373954488998e-03 9.636347847593682708e-03 1.025754267024090588e-02 9.201830317149819680e-03 9.956721404555357938e-03 9.191878714403068501e-03 9.202470640859791370e-03 1.022460158230056870e-02 8.993491301728044618e-03 9.955970348639721010e-03 9.448725223353117084e-03 9.194919943727128744e-03 9.727063194516103947e-03 1.064859616939874826e-02 9.942516767521315801e-03 9.697469872683814329e-03 9.014028854929986498e-03 9.472558522888339244e-03 1.100169533128127208e-02 9.990662998830559041e-03 9.965604065873434614e-03 1.097259031059301046e-02 9.015529216660532821e-03 9.220816356103889166e-03 8.823615982251648004e-03 1.059256285768169978e-02 9.460662167692200294e-03 9.215286330733121062e-03 9.693861574532157757e-03 1.030665963260084944e-02 1.061568143455988121e-02 9.452515470745496279e-03 1.062424179953265317e-02 1.023384885670691746e-02 1.063763510735121764e-02 1.026433946384361535e-02 9.014606728639875527e-03 9.441390555553434011e-03 9.018468370090690703e-03 8.552467601768568364e-03 9.954304626626643560e-03 9.035803576662646691e-03
9.808094751053202109e-03 9.322787173322780521e-03 8.909825703628429516e-03 9.167507653391311628e-03 0.000000000000000000e+00 8.307236893974570546e-03 9.430800519332467255e-03 9.427117041926998814e-03 8.909468011906675547e-03 9.655085876495951222e-03 8.986607225568623430e-03 8.806206851167461616e-03 8.645066094040709109e-03 8.470659307545152714e-03 8.476462650352126899e-03 9.184261809042717356e-03 9.307169786989578225e-03 9.448924585147568458e-03 9.410949758694562087e-03 8.805887680759088079e-03 9.179412853882039369e-03 8.471967392047197176e-03 7.999180755272044391e-03 9.679443759210889717e-03 1.068551586761225247e-02 8.482112200362396798e-03 8.766551284947049494e-03 9.167761331558598251e-03 9.557634238466866661e-03 9.295132926087914041e-03 9.434093413815925269e-03 1.044542785195511254e-02 9.680587419925000200e-03 8.995584154885549744e-03 9.920774900060666882e-03 1.027416402529481541e-02 9.935496163206238712e-03 1.027918116209620286e-02 9.431279224093600325e-03 9.253875152757910436e-03 9.934225366552766959e-03 9.995867825393687719e-03 8.822617015456160269e-03 8.989393861464268012e-03 9.430312458770245473e-03 9.674931909954357853e-03 9.691997341568095795e-03 9.925723828039377528e-03 9.392118172176526156e-03 9.239304721039289306e-03 8.837412626713869387e-03 9.199892045559543430e-03 8.840958268221196445e-03 1.237025706484781717e-02 8.862514790963706146e-03 9.659219905457042815e-03 1.138329870759172135e-02 9.227082737113676686e-03 9.458792579013474908e-03 1.016082813931553676e-02 9.409970534523070043e-03 8.691423789484571671e-03 9.656885199616920684e-03 9.014820008451778985e-03 9.004559161297128952e-03 9.418939054551550213e-03 9.440161940815736813e-03 1.026174593947416606e-02 1.098520988583854760e-02 9.460406296952838384e-03 8.412279110580173427e-03 9.684933365190308285e-03 9.204904297612297517e-03 9.025663815831964226e-03 9.016391762865585274e-03 1.141329994832128263e-02 9.448355009736602445e-03 1.024734673046770461e-02 9.457360819815579731e-03 9.682357389122655048e-03 9.985969594660602799e-03 9.971782884184368298e-03 9.424840608577600073e-03 9.943129930758340396e-03 8.858679297386170756e-03 9.461772684869593567e-03 9.665977340899625445e-03 9.665319982016130212e-03 1.028388869551172084e-02 9.232751174976379718e-03 9.984220605964197470e-03 9.222785114962588765e-03 9.233272095083294370e-03 1.025108158074623799e-02 9.025399680103941835e-03 9.983402272796150848e-03 9.478677834233572436e-03 9.225993251493612435e-03 9.755686004437510647e-03 1.067379802578860212e-02 9.970073216840931798e-03 9.726261525807199798e-03 9.043735765207889035e-03 9.502355071182657514e-03 1.102577176601191207e-02 1.001819487821735237e-02 9.993250632726487920e-03 1.099682424663954959e-02 9.048785843446757043e-03 9.251789425050276072e-03 8.856606950619317145e-03 1.062051696221236186e-02 9.490354375960774122e-03 9.246245358771861336e-03 9.722707759794339127e-03 1.033292730029462293e-02 1.064100023959816885e-02 9.482293127050277562e-03 1.064952357063251448e-02 1.026045542525009027e-02 1.066279062991604999e-02 1.029249053691011495e-02 9.048622105947763672e-03 9.471303056896904216e-03 9.050411605307050536e-03 8.586831263044585744e-03 9.981957242594189164e-03 9.067714189364662128e-03
8.761258810813247339e-03 8.216449157084764268e-03 7.730829601669209072e-03 8.180841412047596892e-03 8.307236893974570546e-03 0.000000000000000000e+00 8.489420102551019018e-03 8.480934381809513561e-03 7.816853165408921278e-03 8.753147180030519323e-03 8.046108698030017201e-03 7.736517258830719924e-03 7.538444986342205875e-03 7.326800537228636209e-03 7.329459583923510213e-03 8.202778524255348314e-03 8.198470737402305253e-03 8.510273160207597679e-03 8.465302075348304922e-03 7.824061135002589179e-03 8.189715611386910038e-03 7.321040397319354513e-03 6.726671912706907487e-03 8.776726409669413295e-03 1.001382276665520495e-02 7.328584140551470602e-03 7.690029473185283626e-03 8.182276942284979690e-03 8.491647033602412256e-03 8.184559319348480924e-03 8.493583127267707519e-03 9.478723441038542155e-03 8.703035315854291964e-03 7.905174446238666733e-03 8.978341744321077789e-03 9.377855787539175411e-03 8.998784695455940355e-03 9.380000726211786335e-03 8.421950051483429595e-03 8.208528818053274084e-03 8.997848379637737176e-03 9.062177244063935114e-03 7.695366149472014985e-03 7.895125137600199697e-03 8.414416319512858095e-03 8.700394188591640751e-03 8.720235798940921892e-03 8.988881714556506627e-03 8.370374809535613761e-03 8.191145018929524985e-03 7.714433372600576835e-03 8.148049226165366907e-03 7.722260045888633927e-03 1.164249609457468707e-02 7.743732426290340400e-03 8.683850933755631746e-03 1.059094740611627415e-02 8.090618948681304462e-03 8.448835361963107082e-03 9.415780512925018761e-03 8.391921459094651287e-03 7.541615035186789023e-03 8.679837534859399101e-03 7.930657077749266037e-03 7.914543602268835076e-03 8.401733307079415486e-03 8.426440391903308735e-03 9.366547036367791831e-03 1.015776909412081930e-02 8.450476482590759189e-03 7.199934569414754779e-03 8.709267817218544275e-03 8.151333241127951129e-03 7.939270570508928301e-03 7.928772176971925559e-03 1.062074594560195699e-02 8.436906650466910462e-03 9.345454496698721650e-03 8.446872638682057996e-03 8.704713415615997554e-03 9.052000151215443963e-03 9.038743588667429163e-03 8.408828931784120483e-03 9.003469515927085831e-03 7.739771796380631036e-03 8.451929333016595589e-03 8.688340072830254973e-03 8.686665117513594006e-03 9.386240906184752791e-03 8.184324708189564049e-03 9.049993162371728142e-03 8.173559170877907690e-03 8.187605687066414756e-03 9.349597698853283692e-03 7.938959454282704109e-03 9.049085248828133560e-03 8.465745867367350033e-03 8.171453766962471360e-03 8.786938489839088776e-03 9.813073829150685892e-03 9.033020966480840783e-03 8.750902871259713320e-03 7.956229760676973226e-03 8.493326904046631654e-03 1.019583745624039542e-02 9.084813654291114954e-03 9.054203068251975503e-03 1.016575536651186454e-02 7.881606098312711473e-03 8.203175003220779596e-03 7.731093676304518977e-03 9.755660021371103871e-03 8.483154241048108252e-03 8.196435886147723088e-03 8.746762701798516809e-03 9.434894145368442203e-03 9.776562559209436495e-03 8.473791422073946589e-03 9.784812746908257836e-03 9.356666797272339756e-03 9.801872453516538228e-03 9.290298644290656202e-03 7.961989842925596556e-03 8.459521869158033100e-03 7.963976120748478271e-03 7.407245627868721226e-03 9.046534013443133931e-03 7.983849676752004590e-03
9.879467024384160773e-03 9.427526398569262972e-03 9.046173174132332920e-03 9.402531305184686980e-03 9.430800519332467255e-03 8.489420102551019018e-03 0.000000000000000000e+00 9.641831205661300502e-03 9.049205075107796120e-03 1.001535672788881996e-02 9.353522711888891117e-03 9.049774531131387148e-03 8.893333776984599717e-03 8.735040886842534644e-03 8.837833948170007586e-03 9.410376226182945447e-03 9.415522161158079023e-03 9.660107281277655056e-03 9.765060567933416327e-03 9.053193945927481487e-03 9.410490319219229696e-03 8.835559314470123327e-03 8.278930996087849672e-03 1.003410755716809856e-02 1.085554007074663284e-02 8.838950612230037432e-03 9.128073512923082916e-03 9.404181065906793216e-03 9.650023840607447126e-03 9.528909570111298785e-03 9.646338790222294679e-03 1.064356111709064724e-02 9.907080380430175609e-03 9.248706260121811878e-03 1.014261428334867383e-02 1.048633029762573166e-02 1.015712476609388626e-02 1.048561455386002109e-02 9.671521507053257652e-03 9.495097427779241803e-03 1.015616879259396629e-02 1.021278196356610081e-02 9.079493894127420653e-03 9.241519683237260294e-03 9.665446731088650836e-03 9.904866401997810058e-03 9.921351493355511086e-03 1.014778679116585917e-02 9.630051312982711512e-03 9.480838652828987162e-03 9.094223980218661685e-03 9.445834519339921936e-03 9.099787135494207674e-03 1.254139635029294722e-02 9.117961265751805058e-03 9.889553681374478253e-03 1.157044108537043023e-02 9.467499786443317467e-03 9.692697362624949284e-03 1.051479284688776848e-02 9.648522652490833587e-03 8.955519529507093013e-03 9.887448697730626818e-03 9.269000979018109099e-03 9.254980285414328781e-03 9.653235558641351521e-03 9.673605623766413572e-03 1.047315401002880085e-02 1.117590955707143015e-02 9.693153817577090589e-03 8.684767770501458997e-03 9.910242723139322391e-03 9.446616149541184684e-03 9.273803685435691446e-03 9.264842626095488518e-03 1.159549192112178939e-02 9.681304068622187745e-03 1.045608975037830984e-02 9.690219337962744511e-03 9.907939956303500953e-03 1.020201526042658832e-02 1.019051808227644518e-02 9.658927633078337460e-03 1.016050501628511758e-02 9.112971657799822517e-03 9.694525618236473144e-03 9.893631704144336542e-03 9.891351012207418719e-03 1.049155011091611710e-02 9.473552304725027864e-03 1.020044141143740257e-02 9.465399812277446034e-03 9.476013262195357584e-03 1.045963489606947794e-02 9.273644521584410369e-03 1.019961502934442314e-02 9.706780537746324822e-03 9.463029825833951109e-03 9.974554119950233833e-03 1.086730330795754838e-02 1.018491265194316174e-02 9.946173546733451040e-03 9.289913873867225447e-03 9.729570116283262418e-03 1.121410300820151369e-02 1.022905083681340845e-02 1.020733190000313456e-02 1.118558877866572543e-02 9.290882239288682926e-03 9.487897862654184541e-03 9.107477411197547473e-03 1.081523095798775889e-02 9.718271871385608315e-03 9.361542936317759911e-03 9.942774797909077061e-03 1.053501517863538947e-02 1.083711219066034633e-02 9.710553046764420701e-03 1.084351198797628250e-02 1.046718198541337838e-02 1.085666831798455176e-02 1.049399601037320426e-02 9.294082976673782165e-03 9.699801168632837811e-03 9.295837268184548724e-03 8.849286314099298265e-03 1.019583550816061286e-02 9.310358015768845780e-03
9.874656527415438464e-03 9.420547829394349676e-03 9.036370458321426116e-03 9.524493297697925534e-03 9.427117041926998814e-03 8.480934381809513561e-03 9.641831205661300502e-03 0.000000000000000000e+00 9.038031866261743083e-03 9.860585031742297862e-03 9.222822831261587653e-03 9.038864632384334755e-03 8.892833762628631414e-03 8.727617788017148076e-03 8.833164291697672213e-03 9.413925051690577236e-03 9.546995104428758136e-03 9.656186290926613291e-03 9.761318992772544459e-03 9.043534535466682053e-03 9.528805039420579215e-03 8.822730349941748304e-03 8.273534962107406687e-03 9.880310625764726282e-03 1.102086245898642458e-02 8.727435180761945743e-03 9.120482907512552154e-03 9.393707272687710358e-03 9.643930405763351948e-03 9.395332208297328333e-03 9.777798323515015863e-03 1.047985240060264264e-02 9.902408720858955557e-03 9.243524618498760378e-03 1.013489014007126765e-02 1.048204638500112827e-02 1.015257567129836634e-02 1.048111563739947787e-02 9.666717701726754847e-03 9.490021917773296123e-03 1.015166098606301408e-02 1.020833696828736536e-02 9.074251175796370708e-03 9.236229757447670871e-03 9.660561140511317660e-03 9.900138626364371128e-03 9.916623382473619894e-03 1.014324313683105487e-02 9.625178604811965993e-03 9.475794026521775285e-03 9.091165218627602143e-03 9.440820062923082484e-03 9.094504582868883150e-03 1.253797872421180855e-02 9.112693931060629471e-03 9.884894244793400800e-03 1.156657843971534323e-02 9.462435648130327129e-03 9.687821686748124619e-03 1.051052465388595779e-02 9.640227003558782953e-03 8.950133607081821319e-03 9.882735909678917394e-03 9.265941383381232771e-03 9.248089440248196541e-03 9.648236672343921128e-03 9.668791156928428082e-03 1.046877202871518940e-02 1.117175097218802912e-02 9.688205686641875383e-03 8.677406740128672247e-03 9.905429618087404492e-03 9.441455319471330973e-03 9.268523938907197515e-03 9.259600086688104387e-03 1.159150424931167274e-02 9.676483688229790478e-03 1.045163325589564159e-02 9.685303737802412188e-03 9.903158664473145356e-03 1.019741392885984387e-02 1.018341250433041530e-02 9.653969796572859849e-03 1.015584952242287731e-02 9.107575826362655086e-03 9.689527929148780347e-03 9.888796023613375188e-03 9.886594837215564521e-03 1.048706055761907882e-02 9.468408947153318655e-03 1.019574579776469890e-02 9.460260380061003352e-03 9.468744710216386862e-03 1.045513675385683662e-02 9.268398259790873450e-03 1.019500434458321843e-02 9.705563148499973120e-03 9.461527133214292853e-03 9.973698114176076171e-03 1.086708212377807473e-02 1.018163780589873349e-02 9.945244271849529652e-03 9.288061249813336917e-03 9.728408494014344210e-03 1.121133213220097680e-02 1.022846013250573727e-02 1.020416491280989359e-02 1.118258929863858407e-02 9.288968362692745506e-03 9.486440174595260622e-03 9.105410296822269434e-03 1.081524301372705291e-02 9.717059890116990645e-03 9.480586533802765059e-03 9.941726200133249938e-03 1.053457110815770627e-02 1.083465996709791213e-02 9.709189167084537192e-03 1.084330094379819774e-02 1.046412679955376762e-02 1.085636997567905083e-02 1.049333842079230861e-02 9.290487982869763059e-03 9.698538737132292309e-03 9.292100946459673841e-03 8.845212863711213527e-03 1.019501749187169508e-02 9.308746833295350812e-03
9.302811934717032313e-03 8.798661225584050727e-03 8.365909133936567932e-03 8.882835014006763147e-03 8.909468011906675547e-03 7.816853165408921278e-03 9.049205075107796120e-03 9.038031866261743083e-03 0.000000000000000000e+00 9.288658558883382266e-03 8.575862718219506506e-03 8.374148447441054355e-03 8.198099066073457827e-03 8.014567948805163128e-03 8.013506635538873366e-03 8.787935782857842978e-03 8.895205927482047539e-03 9.066282929072822308e-03 9.019823888077500157e-03 8.374734460996308832e-03 8.779652337253232922e-03 8.010901080775791397e-03 7.498597302065767439e-03 9.317012362943499423e-03 1.036625845643867998e-02 8.021282521573698532e-03 8.330984801914824087e-03 8.881917530911869613e-03 9.043529373403070420e-03 8.764499151881686295e-03 9.169869602122694349e-03 1.009434012292090635e-02 9.285359938541765112e-03 8.558832963560135051e-03 9.542414728240029842e-03 9.916717448459996809e-03 9.557836724286514554e-03 9.787517101885030713e-03 9.024644746428427816e-03 8.832279997270497257e-03 9.556875405322986378e-03 9.618101156288194620e-03 8.373286772177126677e-03 8.551987658712250154e-03 9.022884760547345701e-03 9.285827667414375472e-03 9.300992111964325945e-03 9.551132141765832084e-03 8.982234761206029164e-03 8.816535385252222828e-03 8.391867219022559540e-03 8.777758954502586433e-03 8.393381728977709899e-03 1.207986325296313626e-02 8.413716567823111350e-03 9.266182009496857705e-03 1.106567891383211655e-02 8.803496094308728426e-03 9.050297733846305454e-03 9.950452085911621822e-03 9.001538472851657036e-03 8.232695210146204201e-03 9.266740688780044158e-03 8.585027321433274378e-03 8.568371467359038596e-03 9.010407750267273447e-03 9.033167931907634327e-03 9.904214466832348546e-03 1.065352998843505962e-02 9.054873004797542313e-03 7.932094241593192277e-03 9.292839353891191312e-03 8.782428419328646568e-03 8.590835705232773012e-03 8.581108102872048171e-03 1.109605115215537251e-02 9.042194679434250107e-03 9.885122690033443238e-03 9.051610169597356856e-03 9.290151641912974129e-03 9.610662630826011937e-03 9.596127738727072004e-03 9.016852949768509179e-03 9.565502547436766090e-03 8.411859955754509219e-03 9.056151036956866518e-03 9.272984040742303369e-03 9.272053710115047212e-03 9.923327607629803260e-03 8.812222517503964792e-03 9.608808251967512759e-03 8.801911734196341680e-03 8.813313643075929016e-03 9.888945870966408050e-03 8.590576408589123414e-03 9.607998986659370064e-03 9.074364370281296638e-03 8.805305929004580978e-03 9.367909858847967355e-03 1.033017461711947110e-02 9.594143858082194998e-03 9.336741016675824748e-03 8.610459169484689299e-03 9.099572664316208162e-03 1.069557554531708199e-02 9.644550371137964109e-03 9.618293800202223909e-03 1.066603019366423044e-02 8.618133636106695139e-03 8.832808337068861690e-03 8.409620508523160676e-03 1.027478110702822328e-02 9.086709271789318587e-03 8.827444889550688581e-03 9.332979152038248238e-03 9.974642896249299312e-03 1.029643840097268365e-02 9.078130417150056045e-03 1.030494415728057042e-02 9.898731938138361289e-03 1.031877198784693708e-02 9.932311883596944835e-03 8.615987101921908711e-03 9.066496149689410450e-03 8.617715579011475668e-03 8.120155027451095645e-03 9.606698122323452035e-03 8.636212344488705672e-03
1.024481302205246074e-02 9.660671174003042025e-03 9.288866353834154474e-03 9.631980762407968411e-03 9.655085876495951222e-03 8.753147180030519323e-03 1.001535672788881996e-02 9.860585031742297862e-03 9.288658558883382266e-03 0.000000000000000000e+00 9.457899477172326472e-03 9.410588470586418036e-03 9.259278012169859864e-03 8.986205781879648413e-03 8.988175306504076617e-03 9.647182262002545333e-03 9.780237346888733668e-03 1.003004343472617930e-02 9.847666227016802637e-03 9.294707795543512285e-03 9.769490923043961175e-03 8.982972197658842944e-03 8.549620809261665455e-03 1.009464407175208675e-02 1.122446187324361612e-02 8.989117877251057848e-03 9.253924514863327497e-03 9.627886699079667848e-03 9.871352140086553373e-03 9.762883984395563305e-03 1.001563583453672635e-02 1.085285900559468386e-02 1.012235310494961731e-02 9.486074298222030993e-03 1.019831499540131171e-02 1.068833717711425990e-02 1.036522907914475336e-02 1.068745251982054778e-02 9.894901119155936203e-03 9.723767746996809375e-03 1.036735117235078676e-02 1.042220556451882094e-02 9.322701904414745430e-03 9.477228647576276324e-03 9.888491934476063491e-03 1.012040974048607385e-02 1.013942862098320130e-02 1.035584140097525058e-02 9.855632984954948786e-03 9.709894222298787181e-03 9.338995382553521088e-03 9.679226282682820703e-03 9.342128997091945358e-03 1.270354522814060375e-02 9.359529868224239144e-03 1.010556075920642297e-02 1.174425319611698687e-02 9.697218305510346692e-03 9.914828892257959020e-03 1.071600879832816655e-02 9.875580382433347265e-03 9.202868222094666775e-03 1.010671038360253134e-02 9.503548495513457206e-03 9.494241652737579751e-03 9.881001740663510058e-03 9.900857233873416180e-03 1.067883757322127085e-02 1.136248963095752573e-02 9.919573036796715954e-03 8.943032955356281996e-03 1.012977054901984149e-02 9.681012464380878493e-03 9.513947995378791572e-03 9.505349489730184967e-03 1.177356548222032069e-02 9.908188359573417980e-03 1.065999814246610528e-02 9.916674097884457806e-03 1.012752474600004358e-02 1.041290145614724195e-02 1.039910004198744790e-02 9.886364065370766008e-03 1.037264954128706319e-02 9.358402535401454114e-03 9.920639228778648996e-03 1.011181498321353511e-02 1.011150040608860268e-02 1.069452774349737706e-02 9.706975153548694224e-03 1.040793108935694593e-02 9.697434349190639513e-03 9.707140139796472528e-03 1.066350327539591393e-02 9.513866137275502760e-03 1.041060750954657908e-02 9.936523301064099922e-03 9.702419789984218987e-03 1.019613952596119984e-02 1.106506210590187632e-02 1.039994055337120291e-02 1.016852540991533896e-02 9.530556231426996414e-03 9.958598397445179995e-03 1.140144572527564300e-02 1.044329220627221964e-02 1.041973991211633116e-02 1.137588878287669296e-02 9.533811685834421915e-03 9.724585393263776578e-03 9.356709940794427985e-03 1.101435570467345672e-02 9.947536110079719524e-03 9.721457723682377233e-03 1.016528604645596315e-02 1.074085587919440705e-02 1.103340227634070497e-02 9.940064294724135913e-03 1.104185738498092949e-02 1.067235094058664562e-02 1.105454991549025684e-02 1.070079308029129282e-02 9.535159342183463504e-03 9.929690403280410499e-03 9.538521992060398566e-03 9.105281308227330603e-03 1.040890794462592632e-02 9.552903412657621357e-03
9.605534256637566007e-03 8.989483868424155005e-03 8.678719908050271797e-03 8.958801480360885361e-03 8.986607225568623430e-03 8.046108698030017201e-03 9.353522711888891117e-03 9.222822831261587653e-03 8.575862718219506506e-03 9.457899477172326472e-03 0.000000000000000000e+00 8.576407508007125383e-03 8.508306243562389209e-03 8.229108266285267009e-03 8.232134245009311777e-03 9.096542636611889068e-03 9.094043088682789849e-03 9.245360250667746319e-03 9.210887470918372941e-03 8.684728961473306419e-03 8.962110331283360681e-03 8.225978853493513820e-03 7.735816297168566190e-03 9.479646133005822928e-03 1.066674709914936826e-02 8.324933698112005342e-03 8.537404727820876657e-03 8.959344797327399579e-03 9.230506407624608847e-03 9.079068162772822165e-03 9.236492987721929213e-03 1.012419886875550422e-02 9.468239802329758009e-03 8.762045979150314204e-03 9.715998811475482291e-03 1.008277709502024277e-02 9.734092159862411248e-03 1.008245976012631627e-02 9.214580606683290404e-03 9.027487069688765881e-03 9.733329270974687766e-03 9.793632069105117494e-03 8.580021299504912366e-03 8.753008463845480744e-03 9.210146893817617794e-03 9.465835382709003945e-03 9.483738166310262674e-03 9.724688191720329278e-03 9.170570232873518496e-03 9.012367699446972857e-03 8.597815285235782881e-03 8.974496748727167281e-03 8.601882125842466587e-03 1.221752377293028845e-02 8.621660429729845199e-03 9.449591197938188650e-03 1.121550492588810344e-02 8.999473618097223598e-03 9.239029873219615704e-03 1.011312527762652479e-02 9.189033498231177766e-03 8.446186399436891173e-03 9.447461473064147630e-03 8.782828853612471842e-03 8.762580413673573543e-03 9.187521604254079641e-03 9.209488041772405029e-03 1.006468740970021397e-02 1.079506336434418734e-02 9.232975785499416416e-03 8.058102459047870175e-03 9.464567577312898994e-03 8.966042058285243407e-03 8.780112291555569257e-03 8.772727959659897684e-03 1.123120930422685619e-02 9.224352089768055735e-03 1.004323610346310840e-02 9.231697817696477015e-03 9.464307207595716587e-03 9.772038623825666723e-03 9.632330171920734305e-03 9.193590955703438011e-03 9.730944568664105440e-03 8.606945469442298796e-03 9.231650588553705003e-03 9.442788015922375100e-03 9.444762671016380257e-03 1.007793170360748308e-02 8.994886867027247421e-03 9.773260786719157461e-03 8.984546275389714010e-03 8.887763658474781558e-03 1.004673200979995691e-02 8.781944975416981422e-03 9.773491757554268050e-03 9.255943764870076113e-03 8.996220877255751633e-03 9.544022628814739090e-03 1.048419861224561024e-02 9.764667439165812535e-03 9.511622740578977442e-03 8.805860427970390453e-03 9.282396672996158851e-03 1.084577686650906557e-02 9.814103200421737602e-03 9.786413097352961513e-03 1.081440164996008008e-02 8.811282100306636403e-03 9.021287203279736155e-03 8.611139863419879290e-03 1.043005109798326654e-02 9.270086619483862075e-03 9.021727134396606909e-03 9.507874671043917841e-03 1.013757851923973753e-02 1.045507409139640430e-02 9.259722103572835816e-03 1.045955197396422447e-02 1.006090995194843137e-02 1.047312217536739559e-02 1.009400029217546839e-02 8.705686719114254929e-03 9.248534169242253120e-03 8.814087618022275680e-03 8.331212238918471111e-03 9.775179957817852969e-03 8.830479112867497052e-03
9.303485108365466133e-03 8.801926582263232268e-03 8.368693596182214672e-03 8.773065199291080196e-03 8.806206851167461616e-03 7.736517258830719924e-03 9.049774531131387148e-03 9.038864632384334755e-03 8.374148447441054355e-03 9.410588470586418036e-03 8.576407508007125383e-03 0.000000000000000000e+00 8.297943139634248941e-03 8.017411694583486542e-03 8.021134061589016082e-03 8.791343647286833582e-03 8.788770732621470003e-03 9.062654706583645609e-03 9.144838524358427090e-03 8.380977921747542400e-03 8.776121874151502494e-03 8.008185951908709105e-03 7.575382234671900264e-03 9.309880189333225725e-03 1.050982444375923516e-02 8.017082766298325169e-03 8.331039896986363810e-03 8.769890355787287456e-03 9.170697009845475353e-03 8.774187583662549847e-03 9.167352498803871610e-03 9.966637466017367469e-03 9.291208391220965798e-03 8.564641546616347245e-03 9.547803664419563310e-03 9.919549707766473629e-03 9.563480574429428574e-03 9.919355522046700499e-03 9.032919895082746134e-03 8.838438347422733488e-03 9.562606971936412834e-03 9.624226121711725382e-03 8.377624844758070968e-03 8.555172792224539219e-03 9.026103316865706147e-03 9.288735702484176085e-03 9.306978892081619117e-03 9.555203339879721550e-03 8.985403983393019239e-03 8.822694980704351778e-03 8.393265083532429685e-03 8.783596584337666213e-03 8.399296769463078863e-03 1.208524500600603215e-02 8.419739364662786815e-03 9.272023371189631880e-03 1.107142034633038473e-02 8.808032353685000052e-03 9.056142084532313105e-03 9.950957512417661979e-03 9.004414042315842318e-03 8.238511212264546663e-03 9.269721792291216872e-03 8.586251299147093854e-03 8.570358293525894705e-03 9.012375372959379946e-03 9.035042901438288671e-03 9.907794189795038342e-03 1.065507444661677010e-02 9.056809286335825576e-03 7.934332651500147771e-03 9.294653402242501403e-03 8.784396318873644374e-03 8.592859898148827447e-03 8.584281147999866732e-03 1.109762071784908474e-02 9.045236912600273030e-03 9.886823802785930926e-03 9.053531508375933443e-03 9.292119441389537493e-03 9.612408157510644521e-03 9.597844564947187462e-03 9.018741424698731302e-03 9.567291274205412185e-03 8.413980099860898787e-03 9.058124440592126014e-03 9.274876286888555921e-03 9.273880352212403311e-03 9.925042670296911965e-03 8.814262435642844506e-03 9.610664379576651026e-03 8.803968373472283171e-03 8.815255074140012845e-03 9.890660007316360094e-03 8.592697431044982528e-03 9.609815843565223600e-03 9.070832418584171691e-03 8.807192776332526188e-03 9.364595360613264807e-03 1.032664575786302122e-02 9.596629753250197209e-03 9.336801666783084083e-03 8.613130165310234343e-03 9.096058554785154196e-03 1.069183018425335328e-02 9.644783398342279823e-03 9.618314682125130022e-03 1.052427845034908417e-02 8.611988169969529011e-03 8.829419249914987819e-03 8.407006283326592944e-03 1.027261456717076804e-02 9.083561069019984585e-03 8.827476496562302460e-03 9.329465429990068184e-03 9.974857352394138343e-03 1.029302625358412271e-02 9.074913917797253551e-03 1.030503673513638585e-02 9.898899343556716995e-03 1.031898712706149669e-02 9.927281573447573754e-03 8.611103873854839344e-03 9.066734322596421702e-03 8.619421278071883602e-03 8.117528584362239744e-03 9.603389939541686141e-03 8.632979393844357127e-03
