0.000000000000000000e+00 6.058113170325632457e-03 6.054957910648646469e-03 6.051723973155282224e-03 6.050701830393257104e-03 6.150922409810943500e-03 6.151954515443751326e-03 6.150922409810920949e-03 6.150922409810679822e-03 6.151954531077126129e-03 6.150922425627822557e-03 6.150922425627720208e-03 6.152987772851908725e-03 6.152988153506971751e-03 6.150922874723343745e-03 6.151955441578173082e-03 6.151955441578086346e-03 6.150922874723185017e-03 6.151953709840696574e-03 6.151955407217402777e-03 6.150923302563813394e-03 6.151955407394196253e-03 6.148733115635385792e-03 6.152986007502701631e-03 6.150836778938628679e-03 6.150837654129211879e-03 6.150923302702858420e-03 6.150923302702726581e-03 6.151954960073267691e-03 6.150924195469958250e-03 6.152986916198708960e-03 6.151955013020240885e-03 6.149807002293018396e-03 6.148771907457947251e-03 6.148771907458034855e-03 6.153074041608200956e-03 6.151955856246396452e-03 6.150881056794036891e-03 6.150881056794209496e-03 6.154062459518299354e-03 6.155095644006724001e-03 6.150924164540713841e-03 6.151830591520501476e-03 6.151957059850913720e-03 6.151956681717161979e-03 6.154062942245988772e-03 6.157081875194061332e-03 6.150924164540668738e-03 6.149806192243340019e-03 6.154059411007129290e-03 6.149806192243562064e-03 6.151954515110413801e-03 6.152988256037104572e-03 6.150922409811429223e-03 6.150922409811524633e-03 6.150922409811513357e-03 6.149805675241272994e-03 6.150837586606248096e-03 6.151869329399345387e-03 6.151956320487389322e-03 6.150924216509989079e-03 6.155094712225759983e-03 6.150924216510140867e-03 6.150922838068644503e-03 6.150922838068451082e-03 6.151954929219242627e-03 6.151954102124972817e-03 6.150922409633439655e-03 6.150922409633451798e-03 6.150922409633532463e-03 6.151954548190410009e-03 6.150922856695081702e-03 6.150922856695071293e-03 6.150922856695092977e-03 6.152986831208329642e-03 6.150923716419953724e-03 6.150923716420113319e-03 6.152988584268375728e-03 6.152989405556007381e-03 6.150926100046785229e-03 6.149892950008548943e-03 6.149804850621345097e-03 6.149804850621264432e-03 6.150835491449219324e-03 6.151916349141528517e-03 6.153028656218978085e-03 6.152986865273477914e-03 6.151955871542944335e-03 6.150923302377798996e-03 6.151954104461689575e-03 6.150923302377837160e-03 6.151870650479750180e-03 6.151956799720404573e-03 6.151955443888845569e-03 6.151955925489714996e-03 6.153030437283187395e-03 6.151911181396687092e-03 6.153029991769440842e-03 6.149805726971514612e-03 6.150923251309361323e-03 6.151955355523454176e-03 6.150923251309548673e-03 6.150881127913977557e-03 6.151954068824995459e-03 6.150881127913870004e-03 6.148772718845069672e-03 6.148772718844860638e-03 6.148772718844995946e-03 6.154021127593584974e-03 6.152989081021367768e-03 6.150923751092527564e-03 6.150923751092432154e-03 6.151957226581426796e-03 6.151957226581546492e-03 6.152989080204006832e-03 6.150923767776319932e-03 6.150923767776344218e-03 6.150923302901520687e-03 6.151956233151701162e-03 6.151957076463748092e-03 6.149804851153509687e-03 6.149804851153559994e-03 6.151954548538085023e-03 6.151954960818315811e-03 6.150922856369180070e-03 6.150922856369187876e-03 6.151954548367504459e-03 6.150924662077618746e-03 6.152988668001894111e-03 6.149763979518361318e-03 6.150922409618968592e-03 6.150922409618935632e-03 6.150922409618932163e-03 6.149763976921307669e-03 6.149763532140932812e-03 6.149765268353732210e-03 6.150922856198321950e-03 6.150922856198380063e-03 6.149761799845129481e-03 6.148730105103916710e-03 6.149761799845121675e-03
6.058113170325632457e-03 0.000000000000000000e+00 6.153160219445731084e-03 6.152003411582069280e-03 6.150973916109775397e-03 6.154193912249843884e-03 6.155224014686892266e-03 6.154193912249823067e-03 6.154193912249582808e-03 6.155180110201181193e-03 6.154149981352192468e-03 6.154149981352089252e-03 6.156254394886686611e-03 6.154146961814972380e-03 6.154194374742685651e-03 6.155224935735000708e-03 6.155224935734911369e-03 6.154194374742530393e-03 6.155223212657953344e-03 6.155224884618453081e-03 6.154194800101121625e-03 6.155224901776085167e-03 6.152009054299923015e-03 6.156253511739221730e-03 6.154108564977977744e-03 6.154109435370233409e-03 6.154194799893734566e-03 6.154194799893600992e-03 6.155224423056269642e-03 6.154195669272199617e-03 6.156254328829174720e-03 6.155224490156948822e-03 6.051768517823720439e-03 6.052794385253541104e-03 6.052794385253724985e-03 6.059175985141726853e-03 6.153031894308557542e-03 6.152000140928223434e-03 6.152000140928399509e-03 6.155175756808163590e-03 6.158232616718204745e-03 6.154193031666831126e-03 6.153033543205167072e-03 6.155222242906011401e-03 6.155223546518687541e-03 6.157284505234734973e-03 6.156129381266770527e-03 6.154193031666786891e-03 6.153079980129188414e-03 6.157324757260405901e-03 6.153079980129412194e-03 6.155224014026315638e-03 6.156255731585787844e-03 6.154193912243495664e-03 6.154193912243592808e-03 6.154193912243581532e-03 6.153077749965083811e-03 6.154024843552981933e-03 6.155137395861818780e-03 6.155225809481767486e-03 6.154195708955341806e-03 6.158358056678784991e-03 6.154195708955494462e-03 6.154147751494531103e-03 6.154147751494338549e-03 6.155095161945891777e-03 6.155223603427394455e-03 6.154193912074636813e-03 6.154193912074649823e-03 6.154193912074729621e-03 6.155224047236802949e-03 6.154194356153193726e-03 6.154194356153183318e-03 6.154194356153205002e-03 6.156254298141057742e-03 6.154193460960338986e-03 6.154193460960497714e-03 6.156171624694644316e-03 6.156255146175203252e-03 6.057052642772169961e-03 6.056030881362560632e-03 6.153078646101698378e-03 6.153078646101620315e-03 6.154107283961622252e-03 6.150971150497354031e-03 6.156127451832537484e-03 6.156254348982836445e-03 6.155225362863329941e-03 6.154194783249108784e-03 6.155222783917029504e-03 6.154194783249146948e-03 6.155140422931458868e-03 6.155225378970803803e-03 6.155224919239357315e-03 6.155224509106790517e-03 6.156296886216173700e-03 6.155180805753677001e-03 6.156297331751889659e-03 6.153079517616844886e-03 6.154191253888105680e-03 6.155221358361156504e-03 6.154191253888293897e-03 6.154152763625781071e-03 6.155223570350874633e-03 6.154152763625674386e-03 6.154150929466800993e-03 6.154150929466598030e-03 6.154150929466729002e-03 6.157286573091071656e-03 6.156256569146606288e-03 6.154195245228797663e-03 6.154195245228703988e-03 6.155226694009836332e-03 6.155226694009955160e-03 6.156255697737207655e-03 6.154195262537640390e-03 6.154195262537663809e-03 6.154192963862014677e-03 6.155222243072611642e-03 6.155142011479744837e-03 6.153078646628441090e-03 6.153078646628493999e-03 6.155224047221801061e-03 6.155224440438551888e-03 6.154194356175448494e-03 6.154194356175457167e-03 6.155224047405241997e-03 6.154196152592258072e-03 6.156256158509596649e-03 6.153037907272827269e-03 6.154193912060191771e-03 6.154193912060159678e-03 6.154193912060155341e-03 6.152996498535616421e-03 6.153037462575946387e-03 6.153039170111051018e-03 6.154194356366423334e-03 6.154194356366479712e-03 6.153077790891576908e-03 6.154065593876933103e-03 6.153077790891569102e-03
6.054957910648646469e-03 6.153160219445731084e-03 0.000000000000000000e+00 6.148814152606328458e-03 6.147782723462336119e-03 6.151006323449077079e-03 6.152038346625051009e-03 6.151006323449057130e-03 6.151006323448816870e-03 6.152039239955508360e-03 6.151007217932486296e-03 6.151007217932383080e-03 6.153071539054122928e-03 6.153114197821216332e-03 6.151006788224893003e-03 6.152039272496836499e-03 6.152039272496749762e-03 6.151006788224737745e-03 6.152037541244862254e-03 6.152039238491720068e-03 6.151007215952519758e-03 6.152039238328175542e-03 6.148817215296618205e-03 6.153069756734285203e-03 6.150920706461318090e-03 6.150921581410110327e-03 6.151007216098416074e-03 6.151007216098285102e-03 6.152038791809785571e-03 6.151008108986756595e-03 6.153070666912321442e-03 6.152038844442144980e-03 6.152040240416576516e-03 6.150965890218879940e-03 6.150965890218964942e-03 6.155224471939477887e-03 6.152083689511101891e-03 6.151008182906057831e-03 6.151008182906226966e-03 6.154189261243457436e-03 6.155181744254297968e-03 6.151008130270287089e-03 6.151955927099815070e-03 6.152040976446464596e-03 6.152040564792909602e-03 6.154147476649642935e-03 6.157249606240955929e-03 6.151008130270241986e-03 6.149890202209563200e-03 6.154143072706179558e-03 6.149890202209784378e-03 6.152038346298554367e-03 6.153072004975766209e-03 6.151006323449701579e-03 6.151006323449800459e-03 6.151006323449785713e-03 6.149889719755842997e-03 6.150923203962987106e-03 6.151953208550258595e-03 6.152040151171284804e-03 6.151008129639585868e-03 6.155178291624719897e-03 6.151008129639739391e-03 6.151007683119331937e-03 6.151007683119140250e-03 6.152041343228956995e-03 6.152037933418855187e-03 6.151006323271685991e-03 6.151006323271698134e-03 6.151006323271779666e-03 6.152038379357048677e-03 6.151006770218716592e-03 6.151006770218705316e-03 6.151006770218727000e-03 6.153070580883430833e-03 6.151007664755680192e-03 6.151007664755838919e-03 6.153074019470674769e-03 6.153073188787870976e-03 6.153077612205088559e-03 6.152044968321342122e-03 6.149888860963498467e-03 6.149888860963420405e-03 6.150919419334436450e-03 6.152084706811045828e-03 6.153115764863029483e-03 6.153070614593179367e-03 6.152039702355121750e-03 6.151007216100777032e-03 6.152037952199570017e-03 6.151007216100816063e-03 6.151954494976470678e-03 6.152040648419484017e-03 6.152039275182353238e-03 6.152039774435660337e-03 6.153114197317295642e-03 6.151995019973200557e-03 6.153113734154260807e-03 6.149889737069403305e-03 6.151007234710970280e-03 6.152039256360344183e-03 6.151007234711155895e-03 6.150965048068605945e-03 6.152037900133477261e-03 6.150965048068499259e-03 6.049676394009068786e-03 6.049676394008633371e-03 6.049676394008916130e-03 6.154104795235466538e-03 6.153072829403979406e-03 6.151007664373753063e-03 6.151007664373656786e-03 6.152041057345265275e-03 6.152041057345384104e-03 6.153072845999115262e-03 6.151007681035369594e-03 6.151007681035393013e-03 6.151007253067870481e-03 6.152040133509370338e-03 6.152042596454155958e-03 6.149888861495311776e-03 6.149888861495362950e-03 6.152038379711706820e-03 6.152038792220888147e-03 6.151006769886095508e-03 6.151006769886102447e-03 6.152038379534163076e-03 6.151008575072749313e-03 6.153072416489380192e-03 6.149847996301705151e-03 6.151006323257232275e-03 6.151006323257201917e-03 6.151006323257197581e-03 6.149848822079181064e-03 6.149847549046905115e-03 6.149849285161722995e-03 6.151006769708115482e-03 6.151006769708174463e-03 6.149888002710786512e-03 6.150877650592841660e-03 6.149888002710777839e-03
6.051723973155282224e-03 6.152003411582069280e-03 6.148814152606328458e-03 0.000000000000000000e+00 6.049675973243051272e-03 6.149888431102467148e-03 6.150921152886888212e-03 6.149888431102445464e-03 6.149888431102205205e-03 6.150922047477962173e-03 6.149889326858865891e-03 6.149889326858763543e-03 6.151955043927501143e-03 6.151997735222755267e-03 6.149888896733722923e-03 6.150922080447015876e-03 6.150922080446928272e-03 6.149888896733568533e-03 6.150920346121067396e-03 6.150922046356648194e-03 6.149889325220507172e-03 6.150922046192688203e-03 6.147697774210093315e-03 6.151953258430980544e-03 6.149802714257023538e-03 6.149803590778257605e-03 6.149889325366864924e-03 6.149889325366733953e-03 6.150921598870368392e-03 6.149890219870944238e-03 6.151954170249146654e-03 6.150921651636028289e-03 6.150922194767423183e-03 6.149847111536959308e-03 6.149847111537045177e-03 6.154108646833665770e-03 6.150966532639050820e-03 6.149890276849486782e-03 6.149890276849657653e-03 6.153073542156139650e-03 6.154066689652547446e-03 6.149890241191566589e-03 6.150838623310121885e-03 6.150923787374094724e-03 6.150923375018275963e-03 6.153031726788267368e-03 6.156135904047592075e-03 6.149890241191521487e-03 6.148771511572640076e-03 6.153027315409881522e-03 6.148771511572862121e-03 6.150921152559293489e-03 6.151955510705366635e-03 6.149888431103088179e-03 6.149888431103185324e-03 6.149888431103172313e-03 6.148771028197747013e-03 6.149805215491185167e-03 6.150835916251417949e-03 6.150922960695083888e-03 6.149890240579415635e-03 6.154063231994659142e-03 6.149890240579569158e-03 6.149889792881651357e-03 6.149889792881459670e-03 6.150924153776157061e-03 6.150920738959766466e-03 6.149888430924461101e-03 6.149888430924474111e-03 6.149888430924555643e-03 6.150921185699619910e-03 6.149888878681178221e-03 6.149888878681166945e-03 6.149888878681188630e-03 6.151954084006213720e-03 6.149889774825934713e-03 6.149889774826091705e-03 6.151957527988954205e-03 6.151956696511666142e-03 6.151960305443238998e-03 6.150926963177810215e-03 6.148770167877960248e-03 6.148770167877879583e-03 6.149801424835095801e-03 6.150967535813898698e-03 6.151999320319108920e-03 6.151954117799511741e-03 6.150922511067434539e-03 6.149889325369107922e-03 6.150920757782540535e-03 6.149889325369146953e-03 6.150837204970794822e-03 6.150923458866409260e-03 6.150922083141609556e-03 6.150922583324962625e-03 6.151997751444102450e-03 6.150877775711118510e-03 6.151997287448703923e-03 6.148771045569372852e-03 6.149889344000211526e-03 6.150922064243335118e-03 6.149889344000401478e-03 6.149847108565693714e-03 6.150920705591738508e-03 6.149847108565586161e-03 6.149844474951328063e-03 6.149844474951125101e-03 6.149844474951256072e-03 6.152988996619214966e-03 6.151956336560794082e-03 6.149889774456545298e-03 6.149889774456451623e-03 6.150923868505384778e-03 6.150923868505502740e-03 6.151956353189953937e-03 6.149889791159760498e-03 6.149889791159785651e-03 6.149889362417856539e-03 6.150922942960949415e-03 6.150925409548446167e-03 6.148770168411636650e-03 6.148770168411687824e-03 6.150921186055486288e-03 6.150921599283066914e-03 6.149888878347433904e-03 6.149888878347442578e-03 6.150921185877342330e-03 6.149890686817054489e-03 6.151955922930296174e-03 6.148729256528904369e-03 6.149888430909938863e-03 6.149888430909906771e-03 6.149888430909904169e-03 6.148730083436137160e-03 6.148728808456642783e-03 6.148730547704428506e-03 6.149888878168842388e-03 6.149888878168900501e-03 6.146663489442564729e-03 6.052826065278198511e-03 6.146663489442557790e-03
6.050701830393257104e-03 6.150973916109775397e-03 6.147782723462336119e-03 6.049675973243051272e-03 0.000000000000000000e+00 6.148856831729025349e-03 6.149890167901093940e-03 6.148856831729002798e-03 6.148856831728764273e-03 6.149891063843370906e-03 6.148857728847306053e-03 6.148857728847204572e-03 6.150924673314184243e-03 6.150967407163699698e-03 6.148857298074694028e-03 6.149891096871904807e-03 6.149891096871817203e-03 6.148857298074537903e-03 6.149889359972288486e-03 6.149891062711864559e-03 6.148857727197288257e-03 6.149891062547466550e-03 6.146664816133678468e-03 6.150922885154017430e-03 6.148771029265025223e-03 6.148771907101935157e-03 6.148857727344022445e-03 6.148857727343890606e-03 6.149890614553008179e-03 6.148858623199353335e-03 6.150923798343974243e-03 6.149890667427587027e-03 6.149891228903690485e-03 6.148815488862054320e-03 6.148815488862140188e-03 6.153079600567727160e-03 6.149935594432174094e-03 6.148858680649529895e-03 6.148858680649701633e-03 6.152043867322762490e-03 6.153037585840024151e-03 6.148858644567320626e-03 6.149807558223266413e-03 6.149892806321700933e-03 6.149892393365563766e-03 6.152002010887236590e-03 6.155108018884838418e-03 6.148858644567273789e-03 6.147739212322457514e-03 6.151997592989910842e-03 6.147739212322679558e-03 6.149890167572618846e-03 6.150925140801451023e-03 6.148856831729651584e-03 6.148856831729746994e-03 6.148856831729734851e-03 6.147738728190911897e-03 6.148773534200398933e-03 6.149804846738780688e-03 6.149891978436513446e-03 6.148858643952996063e-03 6.153034123119073898e-03 6.148858643953147851e-03 6.148858195586006693e-03 6.148858195585815874e-03 6.149893173253451542e-03 6.149889753369598873e-03 6.148856831550529242e-03 6.148856831550543987e-03 6.148856831550624652e-03 6.149890200779989727e-03 6.148857279984270771e-03 6.148857279984259495e-03 6.148857279984282047e-03 6.150923711925492497e-03 6.148858177485138667e-03 6.148858177485299129e-03 6.150927160997064248e-03 6.150926328294636404e-03 6.150929959427667813e-03 6.149896003739825472e-03 6.147737866580960976e-03 6.147737866580880312e-03 6.148769737921654446e-03 6.149936599503566526e-03 6.150968994203673962e-03 6.150923745787111735e-03 6.149891528130469256e-03 6.148857727346277585e-03 6.149889772232122395e-03 6.148857727346315749e-03 6.149806137366845178e-03 6.149892477383797976e-03 6.149891099573872796e-03 6.149891600538602565e-03 6.150967423075914819e-03 6.149846747409241747e-03 6.150966958378926465e-03 6.147738745598612178e-03 6.148857746017446363e-03 6.149891080636276514e-03 6.148857746017633713e-03 6.148815468701986260e-03 6.149889719933862922e-03 6.148815468701878707e-03 6.148812848285652687e-03 6.148812848285452326e-03 6.148812848285581563e-03 6.151959238594799546e-03 6.150925967853703227e-03 6.148858177114441270e-03 6.148858177114345860e-03 6.149892887615211919e-03 6.149892887615330747e-03 6.150925984516493299e-03 6.148858193851729909e-03 6.148858193851755929e-03 6.148857764473710658e-03 6.149891960666320143e-03 6.149894430857759560e-03 6.147737867116124903e-03 6.147737867116175210e-03 6.149890201136827550e-03 6.149890614966870700e-03 6.148857279649624398e-03 6.148857279649633072e-03 6.149890200958197002e-03 6.148859090863485581e-03 6.150925553622903393e-03 6.147696915138429682e-03 6.148856831535957565e-03 6.148856831535927207e-03 6.148856831535922871e-03 6.147697743274100832e-03 6.147696466382905622e-03 6.147698208252045000e-03 6.148857279470543689e-03 6.148857279470599201e-03 6.147694762568320544e-03 6.146663455327305500e-03 6.147694762568314472e-03
6.150922409810943500e-03 6.154193912249843884e-03 6.151006323449077079e-03 6.149888431102467148e-03 6.148856831729025349e-03 0.000000000000000000e+00 6.049676849765072903e-03 6.048652526757870677e-03 6.048652526757358067e-03 6.151007683322622446e-03 6.149975048224805459e-03 6.149975048224703977e-03 6.152040576681149127e-03 6.152084137709370321e-03 6.149974599974319250e-03 6.151007698055115450e-03 6.151007698055027846e-03 6.149974599974163125e-03 6.151005945702277093e-03 6.151007645442485051e-03 6.149975009765417007e-03 6.151006769884006034e-03 6.147783670272661573e-03 6.152038790977965715e-03 6.149888432136460352e-03 6.149889289831746673e-03 6.149975028466637267e-03 6.149975028466504560e-03 6.151007216280623621e-03 6.149975922723043172e-03 6.152039702925327092e-03 6.151007269377796113e-03 6.151052626356886231e-03 6.149976841160125635e-03 6.149976841160209769e-03 6.154237043599214418e-03 6.151053055646435452e-03 6.149976876741372785e-03 6.149976876741542788e-03 6.153159869727051721e-03 6.154152078890799682e-03 6.149975927256507054e-03 6.150925114902059017e-03 6.151009405906969311e-03 6.151008133937932269e-03 6.153117165478824702e-03 6.156222834717615597e-03 6.149975927256462818e-03 6.148857314920980546e-03 6.153112756519423139e-03 6.148857314921203458e-03 6.151006770444294829e-03 6.152041042590947716e-03 6.149974134487676096e-03 6.149974134487774108e-03 6.149974134487762832e-03 6.148856832058023462e-03 6.149890967392316297e-03 6.150921531298414284e-03 6.151008560197990770e-03 6.149975925539758782e-03 6.154147731605255980e-03 6.149975925539910571e-03 6.149975515200922088e-03 6.149975515200730401e-03 6.151009824400985662e-03 6.151006356970774649e-03 6.149974134309325706e-03 6.149974134309338716e-03 6.149974134309420248e-03 6.151006803576724788e-03 6.149974563353922431e-03 6.149974563353911156e-03 6.149974563353933707e-03 6.152038723760406072e-03 6.149975478175586166e-03 6.149975478175746628e-03 6.152043094303157565e-03 6.152042212038010341e-03 6.152088941886730937e-03 6.151055711351675372e-03 6.148855971643843454e-03 6.148855971643764524e-03 6.149887143103778542e-03 6.151054899184982099e-03 6.152084914972567702e-03 6.152039650464375710e-03 6.151008128542325565e-03 6.149975028490412519e-03 6.151006376125189683e-03 6.149975028490448949e-03 6.150922836061187803e-03 6.151009039688061682e-03 6.151006806106127690e-03 6.151008181857857242e-03 6.152082366107323834e-03 6.150962489061502503e-03 6.152038009569633578e-03 6.148856830466981928e-03 6.149975048559392851e-03 6.151007683309402119e-03 6.149975048559581069e-03 6.149932801209446326e-03 6.151006323604199522e-03 6.149932801209338773e-03 6.149974134295264037e-03 6.149974134295063677e-03 6.149974134295192914e-03 6.153031411210358945e-03 6.149892750051253430e-03 6.149974582153009718e-03 6.149974582152912574e-03 6.151009485561896063e-03 6.151009485562013157e-03 6.152041884791310117e-03 6.149975494123232148e-03 6.149975494123255566e-03 6.149975066270508411e-03 6.151008561746139532e-03 6.151011061255789135e-03 6.148855972176978622e-03 6.148855972177028062e-03 6.151006803932494021e-03 6.151007217048655960e-03 6.149974581597123652e-03 6.149974581597131458e-03 6.151006803754327512e-03 6.149931526800707197e-03 6.151996648825094199e-03 6.148815067011581363e-03 6.149974134294531984e-03 6.149974134294500759e-03 6.149974134294498157e-03 6.148815910885174763e-03 6.148814619076395892e-03 6.148816357422789806e-03 6.149974581418506982e-03 6.149974581418565095e-03 6.148855971821004691e-03 6.149887572143324620e-03 6.148855971820996885e-03
6.151954515443751326e-03 6.155224014686892266e-03 6.152038346625051009e-03 6.150921152886888212e-03 6.149890167901093940e-03 6.049676849765072903e-03 0.000000000000000000e+00 6.049676849765024331e-03 6.049676849764514322e-03 6.152039704447914703e-03 6.151007683126272566e-03 6.151007683126170217e-03 6.153071985388538535e-03 6.153115502971582586e-03 6.151007235552262593e-03 6.152039719130005316e-03 6.152039719129917712e-03 6.151007235552104734e-03 6.152037094934407514e-03 6.152038791818130459e-03 6.151006769324263677e-03 6.151996608408250716e-03 6.148817646286609297e-03 6.153070184632258334e-03 6.150921153563606442e-03 6.150921135017517298e-03 6.151007662701699942e-03 6.151007662701568970e-03 6.152039221013755679e-03 6.151008556311126849e-03 6.153071112570566992e-03 6.152039291099407371e-03 6.152084601760337244e-03 6.151009473352009316e-03 6.151009473352096052e-03 6.155267103636940899e-03 6.152085030417199854e-03 6.151009508859697252e-03 6.151009508859868122e-03 6.154190582349070363e-03 6.155181365613970543e-03 6.151007718850939714e-03 6.151957180835652440e-03 6.152041407334917986e-03 6.151999599533124544e-03 6.154146995196355975e-03 6.157251740650080199e-03 6.151007718850893743e-03 6.149890650008827883e-03 6.154143501584192523e-03 6.149890650009049928e-03 6.152038792601400609e-03 6.153072433120055328e-03 6.151006770772155831e-03 6.151006770772251241e-03 6.151006770772239098e-03 6.149890151080490003e-03 6.150923667959513202e-03 6.151952797317499812e-03 6.152039738312258324e-03 6.151007716527744258e-03 6.155137397837531776e-03 6.151007716527898649e-03 6.151008149378040663e-03 6.151008149377848108e-03 6.152041842005804076e-03 6.152038380078776042e-03 6.151006770601527562e-03 6.151006770601539705e-03 6.151006770601619503e-03 6.152038826015540120e-03 6.151006323256854105e-03 6.151006323256842830e-03 6.151006323256865381e-03 6.153027975979018238e-03 6.151008095631306169e-03 6.151008095631465764e-03 6.153074482247947001e-03 6.153072810355127500e-03 6.153120298971209538e-03 6.152087681768564006e-03 6.149889309103021354e-03 6.149889309102943291e-03 6.150919866802735843e-03 6.152086870770046532e-03 6.153116278774910415e-03 6.153071059917162786e-03 6.152040148655404071e-03 6.151007663420354245e-03 6.152038399165015575e-03 6.151007663420391541e-03 6.151954908204251664e-03 6.152039325486476952e-03 6.151996610718743659e-03 6.152039292171362396e-03 6.153070720751604300e-03 6.151951528305476743e-03 6.150964667819178514e-03 6.149889290360082729e-03 6.151007683452272209e-03 6.152039704420201628e-03 6.151007683452460427e-03 6.150964651699957972e-03 6.152038346125933768e-03 6.150964651699852154e-03 6.151006770587515333e-03 6.151006770587312371e-03 6.151006770587442475e-03 6.152040495160357274e-03 6.056066960744198313e-03 6.150964992174681907e-03 6.150964992174584763e-03 6.152041502888634834e-03 6.152041502888754530e-03 6.153073255395755982e-03 6.151008128018855409e-03 6.151008128018879695e-03 6.151007700764096926e-03 6.152040580858847245e-03 6.152043076702150975e-03 6.149889309627462088e-03 6.149889309627514997e-03 6.152038826370340510e-03 6.152039238885054738e-03 6.151007217214630833e-03 6.151007217214641241e-03 6.152038826192662326e-03 6.148858515979897799e-03 6.150923296649954582e-03 6.149848444502803782e-03 6.151006770573215141e-03 6.151006770573184783e-03 6.151006770573180446e-03 6.149849286408740241e-03 6.149847997249471322e-03 6.149849714782915783e-03 6.151007217036511161e-03 6.151007217036567540e-03 6.149889309279692531e-03 6.150920295204901148e-03 6.149889309279683858e-03
6.150922409810920949e-03 6.154193912249823067e-03 6.151006323449057130e-03 6.149888431102445464e-03 6.148856831729002798e-03 6.048652526757870677e-03 6.049676849765024331e-03 0.000000000000000000e+00 6.048652526757309494e-03 6.151007683322599028e-03 6.149975048224782907e-03 6.149975048224680559e-03 6.152040576681127443e-03 6.152084137709347769e-03 6.149974599974294964e-03 6.151007698055094633e-03 6.151007698055007897e-03 6.149974599974140574e-03 6.151005945702254542e-03 6.151007645442463367e-03 6.149975009765395323e-03 6.151006769883983483e-03 6.147783670272640756e-03 6.152038790977944031e-03 6.149888432136438668e-03 6.149889289831723255e-03 6.149975028466615583e-03 6.149975028466482876e-03 6.151007216280601070e-03 6.149975922723020620e-03 6.152039702925305407e-03 6.151007269377772695e-03 6.151052626356864547e-03 6.149976841160102216e-03 6.149976841160188952e-03 6.154237043599192734e-03 6.151053055646412901e-03 6.149976876741349366e-03 6.149976876741521103e-03 6.153159869727030037e-03 6.154152078890777131e-03 6.149975927256486237e-03 6.150925114902036465e-03 6.151009405906947627e-03 6.151008133937909718e-03 6.153117165478800416e-03 6.156222834717594780e-03 6.149975927256442002e-03 6.148857314920957995e-03 6.153112756519400588e-03 6.148857314921180907e-03 6.151006770444272277e-03 6.152041042590924297e-03 6.149974134487655279e-03 6.149974134487754159e-03 6.149974134487742015e-03 6.148856832058002646e-03 6.149890967392293746e-03 6.150921531298390865e-03 6.151008560197968218e-03 6.149975925539737966e-03 6.154147731605231694e-03 6.149975925539888887e-03 6.149975515200899537e-03 6.149975515200708717e-03 6.151009824400963978e-03 6.151006356970751231e-03 6.149974134309304022e-03 6.149974134309317900e-03 6.149974134309397697e-03 6.151006803576703104e-03 6.149974563353899012e-03 6.149974563353887737e-03 6.149974563353912890e-03 6.152038723760385255e-03 6.149975478175565349e-03 6.149975478175724077e-03 6.152043094303135014e-03 6.152042212037989524e-03 6.152088941886708386e-03 6.151055711351654555e-03 6.148855971643821770e-03 6.148855971643740238e-03 6.149887143103755990e-03 6.151054899184959547e-03 6.152084914972546018e-03 6.152039650464354026e-03 6.151008128542303013e-03 6.149975028490389968e-03 6.151006376125170601e-03 6.149975028490427265e-03 6.150922836061166118e-03 6.151009039688037396e-03 6.151006806106106874e-03 6.151008181857835558e-03 6.152082366107301283e-03 6.150962489061479084e-03 6.152038009569611027e-03 6.148856830466958509e-03 6.149975048559370300e-03 6.151007683309379567e-03 6.149975048559558517e-03 6.149932801209426377e-03 6.151006323604176970e-03 6.149932801209316222e-03 6.149974134295242353e-03 6.149974134295039391e-03 6.149974134295170362e-03 6.153031411210336393e-03 6.149892750051230011e-03 6.149974582152988034e-03 6.149974582152891757e-03 6.151009485561870910e-03 6.151009485561991473e-03 6.152041884791288433e-03 6.149975494123211331e-03 6.149975494123233882e-03 6.149975066270484993e-03 6.151008561746118715e-03 6.151011061255766584e-03 6.148855972176956071e-03 6.148855972177007245e-03 6.151006803932471470e-03 6.151007217048633409e-03 6.149974581597101100e-03 6.149974581597108907e-03 6.151006803754304961e-03 6.149931526800686381e-03 6.151996648825071648e-03 6.148815067011560546e-03 6.149974134294509433e-03 6.149974134294479075e-03 6.149974134294473871e-03 6.148815910885153078e-03 6.148814619076373340e-03 6.148816357422766388e-03 6.149974581418485298e-03 6.149974581418544278e-03 6.148855971820983875e-03 6.149887572143302068e-03 6.148855971820974334e-03
6.150922409810679822e-03 6.154193912249582808e-03 6.151006323448816870e-03 6.149888431102205205e-03 6.148856831728764273e-03 6.048652526757358067e-03 6.049676849764514322e-03 6.048652526757309494e-03 0.000000000000000000e+00 6.151007683322361370e-03 6.149975048224544383e-03 6.149975048224442034e-03 6.152040576680887184e-03 6.152084137709106643e-03 6.149974599974058175e-03 6.151007698054854374e-03 6.151007698054766770e-03 6.149974599973902049e-03 6.151005945702016885e-03 6.151007645442223976e-03 6.149975009765156798e-03 6.151006769883744091e-03 6.147783670272402232e-03 6.152038790977703772e-03 6.149888432136200143e-03 6.149889289831483863e-03 6.149975028466374456e-03 6.149975028466242617e-03 6.151007216280360811e-03 6.149975922722782096e-03 6.152039702925064281e-03 6.151007269377532435e-03 6.151052626356626023e-03 6.149976841159864559e-03 6.149976841159950428e-03 6.154237043598952475e-03 6.151053055646173509e-03 6.149976876741110841e-03 6.149976876741281712e-03 6.153159869726790646e-03 6.154152078890537739e-03 6.149975927256246845e-03 6.150925114901797941e-03 6.151009405906708236e-03 6.151008133937672061e-03 6.153117165478564493e-03 6.156222834717356256e-03 6.149975927256203477e-03 6.148857314920718603e-03 6.153112756519162063e-03 6.148857314920941515e-03 6.151006770444034620e-03 6.152041042590686640e-03 6.149974134487415887e-03 6.149974134487513899e-03 6.149974134487503491e-03 6.148856832057763254e-03 6.149890967392054354e-03 6.150921531298152341e-03 6.151008560197727959e-03 6.149975925539498574e-03 6.154147731604994905e-03 6.149975925539651229e-03 6.149975515200661012e-03 6.149975515200469325e-03 6.151009824400724586e-03 6.151006356970515308e-03 6.149974134309065497e-03 6.149974134309078508e-03 6.149974134309158305e-03 6.151006803576464579e-03 6.149974563353660488e-03 6.149974563353650080e-03 6.149974563353671764e-03 6.152038723760145864e-03 6.149975478175325957e-03 6.149975478175485552e-03 6.152043094302897357e-03 6.152042212037750132e-03 6.152088941886468994e-03 6.151055711351416030e-03 6.148855971643580644e-03 6.148855971643502581e-03 6.149887143103517466e-03 6.151054899184721023e-03 6.152084914972307493e-03 6.152039650464114634e-03 6.151008128542065356e-03 6.149975028490150576e-03 6.151006376124928607e-03 6.149975028490187005e-03 6.150922836060925859e-03 6.151009039687798004e-03 6.151006806105866614e-03 6.151008181857596166e-03 6.152082366107062758e-03 6.150962489061239692e-03 6.152038009569371635e-03 6.148856830466719985e-03 6.149975048559130041e-03 6.151007683309139308e-03 6.149975048559319125e-03 6.149932801209186117e-03 6.151006323603940180e-03 6.149932801209077697e-03 6.149974134295002962e-03 6.149974134294801734e-03 6.149974134294933573e-03 6.153031411210097869e-03 6.149892750050984548e-03 6.149974582152749510e-03 6.149974582152653232e-03 6.151009485561634120e-03 6.151009485561752081e-03 6.152041884791049041e-03 6.149975494122970204e-03 6.149975494122994490e-03 6.149975066270246468e-03 6.151008561745879323e-03 6.151011061255527192e-03 6.148855972176714944e-03 6.148855972176766119e-03 6.151006803932229476e-03 6.151007217048393150e-03 6.149974581596861709e-03 6.149974581596870382e-03 6.151006803754064702e-03 6.149931526800446122e-03 6.151996648824833124e-03 6.148815067011319420e-03 6.149974134294270041e-03 6.149974134294239683e-03 6.149974134294236214e-03 6.148815910884913687e-03 6.148814619076133949e-03 6.148816357422526996e-03 6.149974581418245038e-03 6.149974581418304019e-03 6.148855971820743616e-03 6.149887572143062676e-03 6.148855971820735809e-03
6.151954531077126129e-03 6.155180110201181193e-03 6.152039239955508360e-03 6.150922047477962173e-03 6.149891063843370906e-03 6.151007683322622446e-03 6.152039704447914703e-03 6.151007683322599028e-03 6.151007683322361370e-03 0.000000000000000000e+00 6.049676849227725826e-03 6.049676849227507251e-03 6.056066576478806238e-03 6.051768183255413353e-03 6.151008148093665279e-03 6.152040630310474933e-03 6.152040630310389932e-03 6.151008148093506551e-03 6.152038899075150565e-03 6.152040596305658610e-03 6.151008575817183341e-03 6.152040596142258067e-03 6.148818579898941705e-03 6.153071112523366033e-03 6.150922066746588798e-03 6.150922941679587246e-03 6.151008575963204557e-03 6.151008575963073585e-03 6.152040149634475930e-03 6.148858982522440245e-03 6.150922473768885741e-03 6.149890184230889963e-03 6.152040615040535107e-03 6.151008559007265300e-03 6.151008559007349434e-03 6.153075580199289692e-03 6.151996237521177059e-03 6.150963725135456632e-03 6.150963725135627502e-03 6.151998503484253956e-03 6.155183126975073520e-03 6.151009490777809702e-03 6.151958109256250654e-03 6.152042335186070666e-03 6.152041923244632241e-03 6.154148829454588257e-03 6.157251701736540274e-03 6.151009490777764599e-03 6.149891564544566688e-03 6.154144426285663300e-03 6.149891564544789600e-03 6.152039704121563778e-03 6.153073360742468238e-03 6.151007683323250416e-03 6.151007683323348428e-03 6.151007683323336285e-03 6.149891082401939650e-03 6.150924579260767279e-03 6.151954567081885199e-03 6.152041508976450850e-03 6.151009489495097918e-03 6.155179643158092961e-03 6.151009489495250573e-03 6.150963277374597860e-03 6.150963277374406173e-03 6.151996997321688629e-03 6.152039290891885004e-03 6.151007683137896080e-03 6.151007683137909958e-03 6.151007683137989755e-03 6.152039719401628318e-03 6.151008130087931222e-03 6.151008130087919946e-03 6.151008130087942498e-03 6.153071936670850665e-03 6.151009024927605803e-03 6.151009024927764531e-03 6.153075390209285928e-03 6.153074544854796393e-03 6.153120277118841533e-03 6.152087659536927336e-03 6.149890222964012575e-03 6.149890222963932777e-03 6.150920762539358738e-03 6.152087707586973916e-03 6.153116276953429949e-03 6.153071970380875021e-03 6.152041060164902160e-03 6.151008575972217313e-03 6.152039310352391994e-03 6.151008575972253742e-03 6.151955853191200599e-03 6.152041988802069324e-03 6.152040632649536170e-03 6.152040275194082912e-03 6.153115535502374014e-03 6.151996377650678811e-03 6.153115089376061907e-03 6.149891099401903587e-03 6.151007701647905578e-03 6.151997539142938821e-03 6.151007701648093795e-03 6.150966408132916251e-03 6.152039257960894604e-03 6.150966408132808698e-03 6.151007682760995313e-03 6.151007682760791483e-03 6.151007682760924189e-03 6.154106148973160530e-03 6.153074185156224250e-03 6.151009024226996962e-03 6.151009024226900684e-03 6.152042415141014374e-03 6.152042415141132335e-03 6.153074201743783701e-03 6.151009040895388455e-03 6.151009040895412741e-03 6.151008613262556532e-03 6.152041491937304714e-03 6.152043969262332122e-03 6.149890223843725544e-03 6.149890223843776718e-03 6.151996678802713545e-03 6.149974600755713297e-03 6.150965044901320934e-03 6.150965044901329608e-03 6.152038879571714372e-03 6.151009934916377639e-03 6.153073772245439693e-03 6.149806239061054655e-03 6.151007683130783714e-03 6.151007683130751622e-03 6.151007683130748152e-03 6.149850201079692068e-03 6.149848052324822720e-03 6.149807511280713269e-03 6.151008111769502851e-03 6.151008111769559229e-03 6.149890223481207369e-03 6.150921207668558731e-03 6.149890223481197828e-03
6.150922425627822557e-03 6.154149981352192468e-03 6.151007217932486296e-03 6.149889326858865891e-03 6.148857728847306053e-03 6.149975048224805459e-03 6.151007683126272566e-03 6.149975048224782907e-03 6.149975048224544383e-03 6.049676849227725826e-03 0.000000000000000000e+00 6.048652526758763193e-03 6.149892332518178475e-03 6.050745214908718160e-03 6.149975513708669586e-03 6.151008610396545284e-03 6.151008610396456813e-03 6.149975513708512594e-03 6.151006876592829235e-03 6.151008576329016972e-03 6.149975942066789394e-03 6.151008576158546563e-03 6.147784587590476163e-03 6.152039702321718782e-03 6.149889346161727284e-03 6.149890222414710651e-03 6.149975942213043063e-03 6.149975942212914694e-03 6.151008128979900888e-03 6.149931973451122635e-03 6.151995807184710945e-03 6.150963346856139907e-03 6.151008612586996230e-03 6.149975925935078844e-03 6.149975925935164713e-03 6.152045035147353860e-03 6.150964207608816507e-03 6.149931063760601807e-03 6.149931063760770075e-03 6.150967301588142720e-03 6.154152985805396055e-03 6.149976858439476328e-03 6.150926009231266062e-03 6.151010317813425908e-03 6.151009905265411061e-03 6.153118093369549027e-03 6.156222795858310934e-03 6.149976858439431225e-03 6.148858230335283934e-03 6.153113666317872391e-03 6.148858230335506846e-03 6.151007682799041268e-03 6.152041953914183341e-03 6.149975048225434296e-03 6.149975048225531440e-03 6.149975048225518430e-03 6.148857747445825479e-03 6.149891862751203156e-03 6.150922461365553040e-03 6.151009490376337444e-03 6.149976857138276728e-03 6.154149496178881219e-03 6.149976857138430252e-03 6.149930614973167509e-03 6.149930614972973220e-03 6.150964951712168359e-03 6.151007269313418790e-03 6.149975048046775125e-03 6.149975048046788136e-03 6.149975048046867933e-03 6.151007715554698829e-03 6.149975495665175804e-03 6.149975495665164528e-03 6.149975495665187079e-03 6.152040527663309860e-03 6.149976391866128662e-03 6.149976391866287390e-03 6.152043986659997896e-03 6.152043139711149168e-03 6.152088919804865955e-03 6.151055689576714197e-03 6.148856887053344260e-03 6.148856887053264463e-03 6.149888056774893003e-03 6.151055754474327522e-03 6.152085787247323599e-03 6.152040561441196598e-03 6.151009040887667201e-03 6.149975942222083575e-03 6.151007288467998622e-03 6.149975942222120871e-03 6.150923749371654120e-03 6.151009988378594064e-03 6.151008613089175257e-03 6.151009095671156578e-03 6.152084187514850373e-03 6.150964313430335589e-03 6.152083723670609579e-03 6.148857764480960067e-03 6.149975943303956014e-03 6.151007701301157773e-03 6.149975943304145966e-03 6.149933732605341631e-03 6.151007235968427092e-03 6.149933732605233211e-03 6.149975047661745443e-03 6.149975047661544215e-03 6.149975047661675187e-03 6.153075353453151333e-03 6.152042779522737086e-03 6.149976391163271619e-03 6.149976391163176209e-03 6.151010397913495714e-03 6.151010397913615410e-03 6.152042796483145858e-03 6.149976407858444641e-03 6.149976407858469794e-03 6.149975979599480759e-03 6.151009473317294897e-03 6.151011954603911175e-03 6.148856887593856339e-03 6.148856887593907514e-03 6.151006822702241063e-03 6.150965044176307135e-03 6.149974600754944815e-03 6.149974600754953488e-03 6.151007698293348494e-03 6.149977303238273081e-03 6.152042366012660211e-03 6.148815086617595224e-03 6.149975048032423758e-03 6.149975048032392533e-03 6.149975048032388196e-03 6.148816826058888484e-03 6.148815516759168626e-03 6.148816377064549379e-03 6.149975494783174734e-03 6.149975494783232847e-03 6.148856887230326820e-03 6.149888485802910108e-03 6.148856887230319014e-03
