0.000000000000000000e+00 8.008730822785876252e-03 8.029331436496972910e-03 8.183101194021866198e-03 8.323563820273599881e-03 8.197102470417190825e-03 7.700374318027359069e-03 7.864234612333003208e-03 7.471677070997076626e-03 7.782539433422215429e-03 8.376882059500989630e-03 8.281206501550024759e-03 8.363770877790138725e-03 8.119221507014500946e-03 7.860403365433610637e-03 7.719714155608107913e-03 8.148094664929102920e-03 8.054450767065736774e-03 8.821252851527820391e-03 7.670498493614726770e-03 8.301143215179565549e-03 8.256143887149980723e-03 8.568864475631552194e-03 8.394269618431303773e-03 8.195622093353789606e-03 8.460508175370539535e-03 8.414495290791582788e-03 7.869570186425737038e-03 7.984748119740727595e-03 8.642543387970619967e-03 7.919499059062189150e-03 8.430140127584978202e-03 7.960980117162948927e-03 8.903521256122579053e-03 8.917239416105586167e-03 9.084781266245836248e-03 8.948281421829606605e-03 9.799514465114582754e-03 8.497864175500731074e-03 8.646130296200805337e-03 8.866416803627766990e-03 8.573430883977295816e-03 8.775746108886799818e-03 8.834874699537599227e-03 8.884990433937716217e-03 8.845546753117855543e-03 8.524825763809961224e-03 9.697483603916208506e-03 8.017761992193252890e-03 8.516077286789464074e-03 8.571227933262185253e-03 8.687478457882143873e-03 8.620557210005921553e-03 9.203933472236393298e-03 8.623398282987866648e-03 9.063428497167482639e-03 7.760915436473786108e-03 8.943595657431663293e-03 8.474833155515908503e-03 8.234453510272693108e-03 8.827143439304969974e-03 8.825619277207645552e-03 8.867955638180470557e-03 8.211298333927547627e-03 8.937353666986620759e-03 9.218506545142047398e-03 8.852887548914185195e-03 9.078774568082641216e-03 8.652208931323936147e-03 8.963158289370632206e-03 9.407394856949809203e-03 9.220358515919981762e-03 9.211145622424093612e-03 9.250642799808535266e-03 1.023140003289267456e-02 8.878445923480950130e-03 9.069173511130849269e-03 8.655305885577805822e-03 9.354379166883490873e-03 8.688122267552413763e-03 8.937256385220755661e-03 8.933973030111589872e-03 8.932373291719175254e-03 8.815637290171263185e-03 9.163601157729336921e-03 8.624391203378356172e-03 9.238192534810568332e-03 9.461806915239828059e-03 9.238480287067668550e-03 9.562795101303823639e-03 8.823457127793853452e-03 9.209168766183283700e-03 8.849405363607764849e-03 9.774081659807917072e-03 9.384545087982035932e-03 9.033357698667943483e-03 9.343851231231761409e-03 9.044831639169590223e-03 8.571085945920856389e-03 8.995943767070354452e-03 9.450919782186619628e-03 8.627979697740919759e-03 9.366691551583790701e-03 9.018463320507272632e-03 8.444570863983893311e-03 8.947586802863796707e-03 9.458871091602424203e-03 9.231959944723540368e-03 8.802923286502289599e-03 9.927535781533460696e-03 9.290494642041506601e-03 9.249568570806410497e-03 9.299982199083196149e-03 8.486105546291845825e-03 8.828611142585542429e-03 8.992384634391312886e-03 9.630758179094742188e-03 8.908843054546113777e-03 8.948785456024123744e-03 9.083451596076009063e-03 8.670861987524626502e-03 9.085953422496639148e-03 9.378910835339092020e-03 9.056643819009946306e-03 9.140216670357456663e-03 9.164788024084618082e-03 9.174766646577776560e-03 8.999691598020762018e-03
8.008730822785876252e-03 0.000000000000000000e+00 8.495979122783575699e-03 8.350928597912785772e-03 8.463525671200258088e-03 8.866636894181550640e-03 8.378856250010972492e-03 8.304434864100289013e-03 7.931870276543134465e-03 8.467024136056475192e-03 8.756612936775402464e-03 8.729537722415497969e-03 9.061418230286224021e-03 8.551013473334369633e-03 8.544071007695280481e-03 8.171851646503580646e-03 8.296009806628814112e-03 8.719575128919458684e-03 9.475530816927363667e-03 8.388058080757473944e-03 8.442185075463971497e-03 8.643263686945221180e-03 8.673850306193655810e-03 8.793234201153058219e-03 8.636721013925633197e-03 8.854250713761958533e-03 8.825599690497114291e-03 8.569980452697814610e-03 8.179325602058416453e-03 9.328076197692424312e-03 8.360458269379653432e-03 9.085484301173396560e-03 8.336493005500145853e-03 9.267271590670166093e-03 9.298784130704283377e-03 9.423751074323085189e-03 9.310227755409732076e-03 1.008067817421210571e-02 8.637965182936767350e-03 9.009744140501570533e-03 9.213004283507787023e-03 8.711338345602588976e-03 9.144513846753759070e-03 9.148369751580736828e-03 9.259138813339846952e-03 9.215296296531389278e-03 8.908502695294848173e-03 1.003312816112074922e-02 8.622582163028063434e-03 8.880813589551185203e-03 8.947342629127226499e-03 9.282707717632425123e-03 9.015256937876199583e-03 9.540609339611479806e-03 8.974628525927315706e-03 9.439401605237967424e-03 8.393920235842622368e-03 9.273678302992100636e-03 9.077347700543416179e-03 8.851706744421846199e-03 8.921927200646100065e-03 9.187792774382958980e-03 9.260051455921895769e-03 8.613633065520492557e-03 9.125641907295731908e-03 9.187220049126566812e-03 9.058716895737074434e-03 9.291048544165217762e-03 8.899108802950425959e-03 9.184207533537885534e-03 9.640941506930355426e-03 9.446933836300543813e-03 9.431775656719135550e-03 9.455634433325805013e-03 1.043931139804934842e-02 9.094792364037981164e-03 9.278270488906890587e-03 8.880759835016356629e-03 9.543549266592768823e-03 8.913486408186045706e-03 9.178784044823076402e-03 9.161486682949178048e-03 9.167585035403751775e-03 9.281553417675201395e-03 9.380471175836660805e-03 8.841056469227658379e-03 9.186520897478981859e-03 9.391823520006002332e-03 9.438651677509037746e-03 9.780816167931572630e-03 9.039565432726541505e-03 9.414026045049348618e-03 9.076168072588614716e-03 9.990638422110792102e-03 9.597854719751873834e-03 9.253040194546759481e-03 9.567104196646457684e-03 9.289511138096713180e-03 8.801531933009741973e-03 9.232132932753524257e-03 9.673532908214679121e-03 9.115922365681679643e-03 9.599974168599761590e-03 9.275538180278991227e-03 8.724570689239019225e-03 9.186703820814746957e-03 9.380313074020365724e-03 9.480149513796640864e-03 9.056051158775049389e-03 1.015952553796415150e-02 9.532170868217957130e-03 9.507931396626225634e-03 9.538735558445818677e-03 8.765877897777196379e-03 9.071140196543725845e-03 9.260018045469909156e-03 9.851635344611548578e-03 9.158132243324498822e-03 9.195191898759768126e-03 9.327237697460154242e-03 8.929909538010349576e-03 9.325752576812505398e-03 9.619329715530654940e-03 9.317881394786014723e-03 9.090408819543413510e-03 9.401787241003283294e-03 9.408426981267278486e-03 9.263738441563468609e-03
8.029331436496972910e-03 8.495979122783575699e-03 0.000000000000000000e+00 8.374613102027991460e-03 8.821082889434292765e-03 8.642280191228595906e-03 8.489202154668173614e-03 8.270961750901700479e-03 8.009019996201733119e-03 8.240453138862170041e-03 8.719364416592245356e-03 8.473747663589463117e-03 9.159630748242183693e-03 8.892809573027120329e-03 8.617144537022754583e-03 8.464564206905063337e-03 8.344016822454237634e-03 8.456194464558114410e-03 9.218497178658097840e-03 8.184280892116724618e-03 8.772929026205345676e-03 8.718775822590988170e-03 8.992213848684725563e-03 9.117268652564732706e-03 8.370751871656626278e-03 8.926495771495786963e-03 8.787436308611685717e-03 8.340686722388246377e-03 8.556000284996397379e-03 9.081074923464870288e-03 8.367175230158840904e-03 8.814529818907177947e-03 8.484572322544098322e-03 9.392863066625100829e-03 9.124612287163016283e-03 9.547880825461395327e-03 9.138654509317585897e-03 1.025849017648118242e-02 9.030690556029667693e-03 9.169273413731800909e-03 9.378737295619755943e-03 9.109172952131429704e-03 9.272981010153093229e-03 9.289827981338826673e-03 9.391408993567862060e-03 9.348189817157423129e-03 9.038072972996632343e-03 1.013317230191630551e-02 8.738522572235132846e-03 9.039526810513121013e-03 9.078126060863448560e-03 9.414782060300221425e-03 9.108230305955075656e-03 9.704310965688781390e-03 9.097664418801176128e-03 9.550168167187848139e-03 8.524910845389813835e-03 9.435135665132928645e-03 8.915816150542012902e-03 8.968037873173597546e-03 9.315040755067340375e-03 9.315592019250078237e-03 9.389434798868176793e-03 8.450933964154616271e-03 9.467847057450568329e-03 9.738766011267236539e-03 9.392939180928028958e-03 9.580282777424481422e-03 9.222799507221960888e-03 9.504946516126773493e-03 9.929566858182851952e-03 9.747653868488751622e-03 9.722297889591341100e-03 9.763941675735068534e-03 1.070380507515445931e-02 9.413554734845865773e-03 9.600701203949176671e-03 9.204830614478074977e-03 9.864167170524934525e-03 9.234564595608969056e-03 9.489485080484789600e-03 9.477633936925092262e-03 9.481667158057999895e-03 9.578423629977099105e-03 9.691836085863438435e-03 9.185744974130407442e-03 9.747969566764248806e-03 9.959540251245624365e-03 9.763741969001820883e-03 1.007078084272810224e-02 9.370369662893998294e-03 9.726515097249723713e-03 9.404028508064996364e-03 1.027184085713710865e-02 9.902635789731037419e-03 9.570017092936656741e-03 9.866368401887501069e-03 9.580075086288792480e-03 9.131397768236194576e-03 9.539510380601729997e-03 9.967620868221688940e-03 9.407628180334859369e-03 9.877665385175486007e-03 9.559447353905901543e-03 9.030078008536673514e-03 9.486086651808636055e-03 9.968174320623692311e-03 9.754105755548813511e-03 9.357033687607960865e-03 1.040570571620042656e-02 9.815977263603887018e-03 9.764708607992236833e-03 9.821172814142527241e-03 9.070241450847969789e-03 9.378985538122074084e-03 9.543482515634615568e-03 1.013799416257497865e-02 9.457860303104486180e-03 9.500489561749177539e-03 9.619591956155281939e-03 9.242879823024012509e-03 9.627999694427605629e-03 9.883283457086090851e-03 9.593517397333682639e-03 9.657783288724587287e-03 9.688609768209141201e-03 9.688671361301297302e-03 9.541008572200918719e-03
8.183101194021866198e-03 8.350928597912785772e-03 8.374613102027991460e-03 0.000000000000000000e+00 8.333212915639690369e-03 8.542710892179032275e-03 8.081523574178994460e-03 8.197648505716820938e-03 7.828584046382213585e-03 8.012789288924234560e-03 8.628078996143977164e-03 8.336040637404059511e-03 8.679346160070771851e-03 8.732205478657800723e-03 8.166580274535846853e-03 7.999702627976331554e-03 8.151558491787695357e-03 8.358915118156791391e-03 9.365696060336957396e-03 7.988799289813719451e-03 8.276628891477347955e-03 8.802344935923028454e-03 8.539215361534603643e-03 8.699820415968952461e-03 8.251399647109561655e-03 8.450168342002238250e-03 8.971599449189128841e-03 8.159994358745328857e-03 8.134123429326485868e-03 9.227761432207484335e-03 8.465269689096725086e-03 8.687275299605719953e-03 8.446606639034444017e-03 9.376129310200808156e-03 9.384560227239871141e-03 9.530962186966838307e-03 9.397357494152120544e-03 1.021815024940364754e-02 8.985071638355669396e-03 9.126116032462194480e-03 9.315644443124689381e-03 9.063248080851630389e-03 9.237792230554889295e-03 9.009161457186479552e-03 9.364768625780169747e-03 9.336398132658230847e-03 8.987674225185413035e-03 1.009836552185719785e-02 8.721348150920049322e-03 8.978908479875258308e-03 9.052083119567157221e-03 9.385471317007358996e-03 9.077674891452319067e-03 9.689671699881786601e-03 9.055391674958914588e-03 9.507250750771217840e-03 8.470048268699643251e-03 9.363967711777028760e-03 9.172131433183341662e-03 8.942694032737358995e-03 9.298460226363486694e-03 9.294597660444152420e-03 9.325980578633312479e-03 8.651302912441857784e-03 9.361891646649158488e-03 9.630953930878004277e-03 9.281505634039122210e-03 9.494053438718834392e-03 9.098809129405558555e-03 9.396804532896693707e-03 9.813612100331395305e-03 9.641425899993099485e-03 9.619055353451144708e-03 9.660127931660288103e-03 1.060811172980011263e-02 9.313039605477571245e-03 9.492342638464410648e-03 9.105067325169026796e-03 9.760247963135444335e-03 9.121957136577459394e-03 9.380204269612434434e-03 9.369464136480827599e-03 9.374139578667013695e-03 9.479324238286157209e-03 9.587962707903444418e-03 9.060989873755021656e-03 9.641579203460074257e-03 9.856341566012168792e-03 9.659520988729080812e-03 9.968985939690542045e-03 9.249697919141182736e-03 9.620026016410305678e-03 9.285647268609628635e-03 1.017045788510375151e-02 9.797831746333130615e-03 9.461619659005446673e-03 9.760063217263102719e-03 9.442780981136707913e-03 9.016196023429616513e-03 9.424784592459914748e-03 9.861041810776922240e-03 9.282670381723480760e-03 9.769236358482796118e-03 9.451121713714141434e-03 8.900032459512621091e-03 9.373610769220804342e-03 9.848906223293891343e-03 9.660945339940909399e-03 9.242759944857523516e-03 1.030418317485936978e-02 9.707730609520102277e-03 9.667574626181492034e-03 9.700493832131173999e-03 8.952735565175163474e-03 9.257035614247607902e-03 9.423648171811677479e-03 1.003237642488142775e-02 9.344125245671273255e-03 9.391105641825272035e-03 9.510184745322195973e-03 9.125615327039624664e-03 9.504027791005988102e-03 9.794090197554073882e-03 9.485585452608694818e-03 9.532427464562374247e-03 9.577541151918238585e-03 9.570078990493516291e-03 9.432533979995280995e-03
8.323563820273599881e-03 8.463525671200258088e-03 8.821082889434292765e-03 8.333212915639690369e-03 0.000000000000000000e+00 8.958948141169535695e-03 8.409568648084101219e-03 8.618112406668479095e-03 8.237405789791004893e-03 8.221824488156408497e-03 9.119936873564632451e-03 8.758939243218681614e-03 8.743403679524086591e-03 8.581719178289565209e-03 8.268556733753007829e-03 8.146837900735479782e-03 8.338634255356953615e-03 8.487530371216836858e-03 9.207311163907249893e-03 8.159611685371787743e-03 8.453780101446008860e-03 8.684466326506882355e-03 9.014427795265345100e-03 9.136312554250802104e-03 8.384046198799628702e-03 8.583471543360442213e-03 9.102207900578033334e-03 8.379387381713994040e-03 8.220316352010745287e-03 9.407846769179373930e-03 8.341238706778693682e-03 8.837347027321309015e-03 8.474025992010645117e-03 9.396164769445639400e-03 9.449181478704838863e-03 9.554406909852540195e-03 9.422249949928100318e-03 1.023456149902392254e-02 9.006633973961408052e-03 9.160550649113865032e-03 9.080467496158466795e-03 9.076382920258797143e-03 9.247325839993107005e-03 9.013539233103561726e-03 9.395949686208765819e-03 9.336243458383276794e-03 8.993297948195991265e-03 1.011812626463639599e-02 8.763210802443450673e-03 9.020060537273626514e-03 9.081176940890530250e-03 9.435741827807597737e-03 8.883440003561057091e-03 9.688094572457976381e-03 9.094829311040128136e-03 9.529453006597791986e-03 8.518971205297038232e-03 9.423925723291664072e-03 9.234684268476669664e-03 8.987675346103384325e-03 9.309370827798417458e-03 9.319581742344368661e-03 9.363618587927323780e-03 8.761575467311247603e-03 9.373992878857106276e-03 9.646987303860881866e-03 9.293781326046442540e-03 9.518897231105140355e-03 9.123815833426385594e-03 9.408200602343305685e-03 9.824623337724531710e-03 9.650417300233296233e-03 9.655796664758119555e-03 9.670049656903833418e-03 1.061231684259336325e-02 9.324870491865550753e-03 9.513088877208289787e-03 9.117979487433824221e-03 9.780257216183097999e-03 9.135893710780150848e-03 9.381737727430124185e-03 9.380307087655583367e-03 9.397247318204252076e-03 9.489540363133817588e-03 9.608151124964719667e-03 8.849698656226900537e-03 9.655361593351374436e-03 9.868558772892414496e-03 9.668964036341026053e-03 9.989173499154627850e-03 9.272561809191939494e-03 9.629804350803744181e-03 9.306821565139990204e-03 1.017741614817521331e-02 9.817174002687931167e-03 9.474125414659473332e-03 9.775522952060059292e-03 9.463782311116745657e-03 9.013360837607314879e-03 9.441237797883453645e-03 9.863410261591180547e-03 9.291060470056086359e-03 9.773127023395588794e-03 9.452722522051012002e-03 8.905616624806447779e-03 9.378429296938797094e-03 9.869432228596364959e-03 9.663033187629326698e-03 9.259716903787637912e-03 1.029330765157787479e-02 9.708099418648859918e-03 9.684181375244179518e-03 9.428032022082545247e-03 8.957464416922073305e-03 9.273611236035437036e-03 9.426509082213246210e-03 1.004817568410343309e-02 9.350635417884617037e-03 9.394790347717634285e-03 9.513384612054628930e-03 9.129816942667909677e-03 9.524107626732917706e-03 9.810070142606023072e-03 9.491277214238424964e-03 9.552784420758514763e-03 9.578649326080499252e-03 9.573671118169325631e-03 9.434042771390562659e-03
8.197102470417190825e-03 8.866636894181550640e-03 8.642280191228595906e-03 8.542710892179032275e-03 8.958948141169535695e-03 0.000000000000000000e+00 8.557130554871240566e-03 8.507605554439965842e-03 8.137347309156573241e-03 8.368862599000173597e-03 9.270629701442057932e-03 8.893723075225772740e-03 8.941784350028070261e-03 8.742581919113388833e-03 8.785715416998051905e-03 8.323984726009217572e-03 8.545373094799248517e-03 8.949474707022850653e-03 9.706029418710172135e-03 8.627501022541157402e-03 8.646503353774424513e-03 8.868102379837599844e-03 8.865266788743620882e-03 9.355669775130101215e-03 8.846536108505441073e-03 9.059745651384766563e-03 8.987738106106648098e-03 8.487496160481111662e-03 8.381437092803820446e-03 9.460995270296916615e-03 8.869059176595240485e-03 9.317930729438712867e-03 8.541350514990928011e-03 9.423462933456786331e-03 9.448140031720380499e-03 9.573608090202582327e-03 9.470360517331010211e-03 1.026997855917834504e-02 9.049486428502980309e-03 8.918028227664825947e-03 9.405912225175443175e-03 9.135186900080003586e-03 9.298967526797954214e-03 9.342240870860836488e-03 9.439198921343658691e-03 9.399648531231104276e-03 9.072748862393655023e-03 1.019262622357575837e-02 8.543295221980565235e-03 9.031532805162775096e-03 9.104919410058757295e-03 9.495107070457637147e-03 8.884992671037900136e-03 9.707917365034722870e-03 9.152590894644492547e-03 9.583601632736618928e-03 8.325345559164733233e-03 9.466891353518856397e-03 8.950555247019762947e-03 9.042495698862297246e-03 9.347683997189912969e-03 9.351109453645369343e-03 9.373542665230412754e-03 8.506256146316981334e-03 9.541961110192976117e-03 9.834925682658420681e-03 9.469626738153706647e-03 9.667861470254779377e-03 9.302370958581605495e-03 9.580746988077901843e-03 1.000350127134378743e-02 9.820566913542065970e-03 9.809661427548193799e-03 9.822756971051989014e-03 1.076935410294606321e-02 9.490394346602787357e-03 9.674146515795853732e-03 9.291525646443343431e-03 9.936648872928079829e-03 9.310972904964678540e-03 9.552622915408884308e-03 9.550038146783127596e-03 9.557291842936570248e-03 9.652734924750279444e-03 9.765389768487071909e-03 9.264199640040868267e-03 9.832222397499703129e-03 1.004248812678634750e-02 9.834666802367575747e-03 1.014003941794588623e-02 9.446920202460623930e-03 9.799092270963517814e-03 9.477926328181947996e-03 1.033862852405323211e-02 9.974279621814415020e-03 9.644745790789830894e-03 9.926060530993496139e-03 9.635818149333267094e-03 9.200010177334025721e-03 9.602779135634582214e-03 1.002779253668650492e-02 9.449660853757898063e-03 9.937650265979820763e-03 9.618306873841943327e-03 9.086887839723830490e-03 9.550650036683436608e-03 1.002845366878804372e-02 9.815471470737803864e-03 9.422742822861086137e-03 1.046284950104515304e-02 9.877576365095269012e-03 9.824974952663564562e-03 9.883462665778875583e-03 9.136330673644737013e-03 9.420798580780861964e-03 9.609040858030963236e-03 1.019852570072663292e-02 9.521675338503628183e-03 9.552782725414547121e-03 9.680072438045932495e-03 9.309312145589903123e-03 9.669197948670745293e-03 9.929273068527770876e-03 9.645725140547366239e-03 9.721375871800405286e-03 9.750991063226369104e-03 9.765192212823251006e-03 9.603844962519205233e-03
7.700374318027359069e-03 8.378856250010972492e-03 8.489202154668173614e-03 8.081523574178994460e-03 8.409568648084101219e-03 8.557130554871240566e-03 0.000000000000000000e+00 8.320262793528916331e-03 7.630593863686661003e-03 7.902787969207770991e-03 8.839787696153291255e-03 8.096228066940096280e-03 8.474194198711986967e-03 8.294960090097261776e-03 7.957759637555036555e-03 7.794961333744530700e-03 8.054153006458349140e-03 8.465330746971777912e-03 9.286496918999983738e-03 7.825715794101179359e-03 8.152738174131488394e-03 8.440694270744682204e-03 8.762600072736903903e-03 8.876592311061495127e-03 8.356155469320204754e-03 8.300295202076266379e-03 8.529802098932750404e-03 8.045592939385880563e-03 7.884445592030900340e-03 9.066154880030012284e-03 8.093397988065664447e-03 8.575836190129733014e-03 8.013197797008939430e-03 8.975878195025507530e-03 9.030144942874539227e-03 9.166522637466362547e-03 9.030510943613566030e-03 9.820441063467143933e-03 8.324543065573444464e-03 8.711982643868514120e-03 8.931370247896509851e-03 8.655606434123379322e-03 8.851874555784237236e-03 8.903921904577404706e-03 8.976654556154772119e-03 8.905699889090058080e-03 8.564689569449635345e-03 9.742710139160459110e-03 8.289603144102323379e-03 8.566672193698611840e-03 8.606540727707997357e-03 9.035798246356778127e-03 8.425306214545114775e-03 9.272151153724683334e-03 8.672151755504812695e-03 9.155134142851096071e-03 7.824938282367613698e-03 8.698741943122346998e-03 8.538165253439047864e-03 8.550475579230861281e-03 8.888552559736065742e-03 8.871741952759835265e-03 8.635240442762578961e-03 8.325060246466385941e-03 8.990738247855453030e-03 9.290332526976365426e-03 8.908502979123496257e-03 9.152480547560275931e-03 8.732856122485251754e-03 9.028997134401268304e-03 9.474237746988417239e-03 9.282879815913207613e-03 9.261132653694378186e-03 9.308322665919467956e-03 1.029593312882022549e-02 8.935763508506503611e-03 9.153843207854353570e-03 8.733615594369059307e-03 9.426235348987253848e-03 8.745891490691635323e-03 9.013767934580640961e-03 8.995771419636890837e-03 9.008368448849139384e-03 9.120424042475035881e-03 9.237334303051287013e-03 8.692161388030457056e-03 9.296867801185890526e-03 9.521018497843598827e-03 9.306190984450396844e-03 9.633272953154137230e-03 8.659106284080732643e-03 9.260671063139857759e-03 8.686066873862667223e-03 9.855787235198899821e-03 9.447329736637798472e-03 9.094763153479727691e-03 9.444791854733809028e-03 9.117915049276278244e-03 8.660269683756712661e-03 9.092988993467530229e-03 9.554315360562511128e-03 8.951189250739483017e-03 9.461769928976121805e-03 9.123723240945257051e-03 8.552478832033800007e-03 9.032527210458510258e-03 9.561003461584735921e-03 9.333387519192879941e-03 8.908259545191810069e-03 1.001441509924962982e-02 9.395670952253690894e-03 9.342788617573037288e-03 9.403478672709002922e-03 8.603045992719167423e-03 8.931157865408019883e-03 9.097212464153415709e-03 9.732514763908862651e-03 9.013274007032449214e-03 9.060584664760486240e-03 9.192327711651696043e-03 8.787715652511834258e-03 9.182844150407522277e-03 9.467542307834865903e-03 9.157329525197585585e-03 9.250647089989228605e-03 9.261304746881733260e-03 9.278613104706765619e-03 9.105226407735688213e-03
7.864234612333003208e-03 8.304434864100289013e-03 8.270961750901700479e-03 8.197648505716820938e-03 8.618112406668479095e-03 8.507605554439965842e-03 8.320262793528916331e-03 0.000000000000000000e+00 8.032032520196276393e-03 8.076261786645798357e-03 8.589269453740144486e-03 8.613942465887066205e-03 8.961037344789431203e-03 8.438962640828580677e-03 8.161952701494267284e-03 8.287642452028747345e-03 8.179627312136469527e-03 8.579377947836691956e-03 9.064623896970313080e-03 8.014545112403749158e-03 8.600229417054726724e-03 8.516063336247284288e-03 8.517406148749649686e-03 8.608273903537312297e-03 8.209587849179465421e-03 8.464900325281125848e-03 8.974166539955192104e-03 8.181241437526329957e-03 8.357370589595359764e-03 8.907371761558981541e-03 8.197747379612813426e-03 8.665863975365123081e-03 8.292453232963235485e-03 9.244478814908502207e-03 8.950150617732513178e-03 9.104778878172280557e-03 9.259341367091982605e-03 1.010814017112924255e-02 8.875155912840488118e-03 8.988928128606413909e-03 9.215205046597379351e-03 8.955062454395356156e-03 9.121718207742450860e-03 9.113106832131886992e-03 9.230043440986710965e-03 9.201657197192505619e-03 8.871791241997420766e-03 9.986695184560566776e-03 8.575858116078107635e-03 8.836397694827108351e-03 8.936359964965523775e-03 9.233486580280498082e-03 8.976750336091106688e-03 9.533617773639844334e-03 8.656562178283783160e-03 9.400528639037557255e-03 8.337578912864154063e-03 9.282998282096235898e-03 9.045833762636580275e-03 8.814202544406533890e-03 9.156160349097932846e-03 9.156571439304921067e-03 9.219982564637725295e-03 8.284241992512269767e-03 9.246489771528742033e-03 9.549048081958678644e-03 9.191543393076319693e-03 9.123344373906275978e-03 9.006539093061585385e-03 9.296575698893860817e-03 9.728538894511966351e-03 9.543729052527330503e-03 9.530658720834602957e-03 9.571042133994459716e-03 1.053195123984625343e-02 9.203327122458183213e-03 9.404526317079974981e-03 9.000368267771377898e-03 9.660931766326867620e-03 9.011477957709854505e-03 9.269882915568319198e-03 9.268802285389617784e-03 9.291483311632625641e-03 9.385459855320490291e-03 9.489571401680652746e-03 8.969587943476090008e-03 9.544231630379103326e-03 9.759874690283408538e-03 9.570565377020286146e-03 9.885055660112808396e-03 9.158799994935514638e-03 9.521767546011077055e-03 9.204500083812839489e-03 1.009228619260661361e-02 9.714243494871608112e-03 9.361692341323684177e-03 9.686900521257710631e-03 9.384757380922001055e-03 8.934585387394769138e-03 9.353475927186400557e-03 9.790860700219554402e-03 9.222161119817684841e-03 9.700719269164454622e-03 9.377253088773438577e-03 8.830701540396015958e-03 9.296851835984172585e-03 9.791658693021957488e-03 9.587967989982484202e-03 9.155750896900721053e-03 1.023758700726908055e-02 9.623465282592171335e-03 9.586191527921278724e-03 9.643687246510188743e-03 8.872462724394796982e-03 9.192260481234365566e-03 9.347595106918113461e-03 9.964726643388859689e-03 9.268926331771723190e-03 9.313504948661361499e-03 9.438106741273684722e-03 9.048950410976270425e-03 9.446324924789866948e-03 9.705424478624102846e-03 9.408831497690098647e-03 9.465419548636576363e-03 9.506410320085202995e-03 9.507056651653232951e-03 9.356701857937388053e-03
7.471677070997076626e-03 7.931870276543134465e-03 8.009019996201733119e-03 7.828584046382213585e-03 8.237405789791004893e-03 8.137347309156573241e-03 7.630593863686661003e-03 8.032032520196276393e-03 0.000000000000000000e+00 7.672352794162905915e-03 8.316937976309730918e-03 7.923502909823590401e-03 8.303327834982714151e-03 8.069314188255296075e-03 8.023497387699779493e-03 7.600141436347965934e-03 7.854075187153784082e-03 8.249664710403189702e-03 8.782853503798154424e-03 7.641351616881456726e-03 7.934705551999465464e-03 8.483130956579319412e-03 8.210409489271638939e-03 8.370224168577106161e-03 7.875287395551960890e-03 8.090762235426939702e-03 8.603368714970579395e-03 7.830114709327424052e-03 7.681737237879264144e-03 8.555553433133055927e-03 8.131399104461981692e-03 8.668705278960551347e-03 7.864546843762433223e-03 8.823893370366781702e-03 8.866399493290230346e-03 9.025215644729283476e-03 8.895877101766449385e-03 9.721803799646662470e-03 8.433053227546425529e-03 8.578859796530923995e-03 8.549393792345994988e-03 8.518776363588663122e-03 8.716409187134521036e-03 8.770459788235825116e-03 8.825260002597194731e-03 8.798754492122733833e-03 8.453611836948191072e-03 9.648001437460689000e-03 8.149442129989652520e-03 8.421572649100605296e-03 8.486157934144547554e-03 8.601514487010936127e-03 8.585152213931364351e-03 9.162899063089606846e-03 8.528231686894965219e-03 8.983238302471358017e-03 7.883686907326823909e-03 8.608267978866334519e-03 8.649369473663588020e-03 8.160004991391699852e-03 8.766264463292745487e-03 8.755161151205767545e-03 8.809627327665540963e-03 7.917796001628294236e-03 8.836262500170463316e-03 9.143849314223635727e-03 8.751626908066658522e-03 8.997955601518253799e-03 8.580094866197412323e-03 8.874423089417188271e-03 9.339452215488004000e-03 9.154014320198470417e-03 9.109544976270058519e-03 9.160520443689170594e-03 1.016200057459631413e-02 8.800639319306255773e-03 8.756047303798940307e-03 8.563514579477331939e-03 9.280468557550962047e-03 8.588657998476368835e-03 8.859343008683842266e-03 8.844797638923216146e-03 8.623481638907934052e-03 8.968578440784085934e-03 9.085916990693531856e-03 8.530921263643850144e-03 9.138230323259831020e-03 9.362615025715005992e-03 9.170707972666688676e-03 9.489884119236988852e-03 8.730440996131454134e-03 9.110040947657268434e-03 8.765691465165047908e-03 9.692211561945496268e-03 9.311932100866081308e-03 8.952241475982364305e-03 9.295316839460084427e-03 8.983588611372318039e-03 8.503068217162344442e-03 8.934204754986636854e-03 9.383149937333289461e-03 8.780766633470559607e-03 9.312454132903521045e-03 8.970948188439117899e-03 8.386402976868814405e-03 8.875306178151302211e-03 9.400308473057878908e-03 9.195867005272730099e-03 8.739763441284242873e-03 9.873095076876605911e-03 9.243177840786246172e-03 9.181268455832185607e-03 9.253401639863149952e-03 8.437448053319663091e-03 8.769495408111451298e-03 8.950346764600951646e-03 9.585731960444673558e-03 8.856128451750381464e-03 8.905144685274927335e-03 9.037828377466269533e-03 8.625705665267730665e-03 9.034432556512910634e-03 9.331276242379199504e-03 9.003874601882710590e-03 9.071321351208506967e-03 9.105399499891198012e-03 9.114889340808719070e-03 8.940017555366847751e-03
7.782539433422215429e-03 8.467024136056475192e-03 8.240453138862170041e-03 8.012789288924234560e-03 8.221824488156408497e-03 8.368862599000173597e-03 7.902787969207770991e-03 8.076261786645798357e-03 7.672352794162905915e-03 0.000000000000000000e+00 8.538609390341331262e-03 8.153493154690839503e-03 8.505034541835095746e-03 8.606022488799750306e-03 8.024075375667407209e-03 7.861151390035512818e-03 8.043930748100933115e-03 8.232452562204482099e-03 9.240636561576559549e-03 7.854736981347705538e-03 8.131195889628333590e-03 8.687003806999580441e-03 8.465002481207874879e-03 8.893447662519784330e-03 8.112493206313917474e-03 8.319878305706332813e-03 8.841432956544459723e-03 8.027072969603287964e-03 7.966955722891026076e-03 9.081086004460076772e-03 8.075727508982701031e-03 8.864398855340611602e-03 8.001173636695379024e-03 9.167043986481316492e-03 9.170973158928237556e-03 9.331253209869392121e-03 9.196275161080458282e-03 1.001694274995478667e-02 8.766821470720739459e-03 8.903732188513337892e-03 9.088700460386742522e-03 8.861594721085407078e-03 9.029619756902234479e-03 9.070194282552977716e-03 9.155101927138403067e-03 9.095683621932972376e-03 8.770548483088023983e-03 9.938223447355058748e-03 8.255488419277444423e-03 8.755367874378762114e-03 8.817247828395612802e-03 9.174132312074626330e-03 8.883760002767235320e-03 9.480785420431675839e-03 8.860436280222521582e-03 9.026303573731981472e-03 8.237220766888261186e-03 9.172010562726559332e-03 8.967498499403116913e-03 8.735597800722621348e-03 9.100620762298687952e-03 9.084407731319407014e-03 9.111546935578810485e-03 8.440989546627431991e-03 9.192017318064594003e-03 9.480212350359288470e-03 9.110968726378834356e-03 9.317233827044441030e-03 8.935146747431954584e-03 9.227605774563526000e-03 9.655571573428511217e-03 9.477370600093583050e-03 9.454151040327084601e-03 9.496007735876634687e-03 1.046097150965370585e-02 9.143553879682009972e-03 9.327053583947813795e-03 8.928689892812376183e-03 9.598823313436479279e-03 8.947634366848679355e-03 9.211525962847636612e-03 9.199543640360921537e-03 9.204582232774555922e-03 9.303246438856521694e-03 9.410186864514839128e-03 8.886830916951082848e-03 9.489193545466139204e-03 9.709168204002026001e-03 9.495118441231431908e-03 9.811138694704596430e-03 9.079798408276834251e-03 9.455815271201635161e-03 9.113699245568675916e-03 1.001553283135341726e-02 9.636426735159887846e-03 9.294247679587296432e-03 9.595829561515886036e-03 9.275522541913820695e-03 8.829435898359687049e-03 9.255386168827924726e-03 9.699060613966317690e-03 9.101359001111530844e-03 9.605412463631439468e-03 9.276609069341272204e-03 8.717602140861943280e-03 9.201777712433955106e-03 9.701567257846807624e-03 9.493875072226192618e-03 9.067513410530050194e-03 1.015068670626352414e-02 9.541935271957723355e-03 9.500831133452935715e-03 9.536530416034152968e-03 8.769516099062220002e-03 9.082783644453111191e-03 9.241206253525049985e-03 9.874066996363039736e-03 9.171799406108498837e-03 9.208995312913414999e-03 9.341162148913523949e-03 8.948470442093875432e-03 9.335065258980907929e-03 9.628175662890267952e-03 9.304711906950185324e-03 9.380364142290455870e-03 9.410181327911657997e-03 9.415644178407695658e-03 9.259718297475971055e-03
8.376882059500989630e-03 8.756612936775402464e-03 8.719364416592245356e-03 8.628078996143977164e-03 9.119936873564632451e-03 9.270629701442057932e-03 8.839787696153291255e-03 8.589269453740144486e-03 8.316937976309730918e-03 8.538609390341331262e-03 0.000000000000000000e+00 8.812475175631648283e-03 9.459243680132798163e-03 9.222284390495842990e-03 8.922863653465657949e-03 8.785741235763143073e-03 8.634241298978176382e-03 8.734796403970157205e-03 9.447501824468129694e-03 8.461268367672129809e-03 8.796540226582156077e-03 8.959241114048031168e-03 8.943232525494438506e-03 9.026883193919052126e-03 8.977142929395156776e-03 9.206859330630368099e-03 9.424112411457649316e-03 8.616266093460075645e-03 8.909951885349830930e-03 9.671865503482699952e-03 8.640872292230912174e-03 9.092382368770067849e-03 8.891262863705014230e-03 9.763898883679844598e-03 9.766557251921405974e-03 9.920045426912592682e-03 9.778154529512660120e-03 1.057090310181266202e-02 9.411021919317716020e-03 9.566127533859287296e-03 9.730336916192081423e-03 9.474331790565759456e-03 9.643977704394393266e-03 9.665051549277853260e-03 9.742663629109740361e-03 9.724324297528466610e-03 9.430293723815990833e-03 1.048167560523596484e-02 9.159468323760537947e-03 9.397741681758406060e-03 9.470425909086935268e-03 9.776827401792668668e-03 9.506106001011906115e-03 1.005168628301812174e-02 9.493154146136967286e-03 9.903594238050974705e-03 8.916490017660816392e-03 9.790752735122126155e-03 9.590375794566062193e-03 9.075426644505068391e-03 9.698352682219727253e-03 9.698429217400095920e-03 9.744236258702571388e-03 8.839685517453399477e-03 9.774903227211910461e-03 1.002703497714866471e-02 9.698849906691186379e-03 9.895864257536619510e-03 9.521581515372506271e-03 9.807469447275370469e-03 1.021579551977385737e-02 1.004187162565558893e-02 1.001845556139558356e-02 1.005986417563958790e-02 1.096834570771602034e-02 9.717349770403527556e-03 9.898452329593550661e-03 9.529327173962980069e-03 1.015429983370674458e-02 9.548020587458568714e-03 9.794931215105631001e-03 9.782784986272306110e-03 9.784778277955697573e-03 9.877734083798755255e-03 9.990037724881273284e-03 9.499117740889849101e-03 1.003942731254854268e-02 1.024420448000611626e-02 1.005782623732475942e-02 1.035404927741016487e-02 9.676951516711157844e-03 1.002119308023058201e-02 9.710245944200224244e-03 1.054810219549141490e-02 1.019188684918326780e-02 9.870215324461946785e-03 1.015790204968569643e-02 9.867265523053097426e-03 9.449920132588806795e-03 9.840060948516101899e-03 1.025501028885400512e-02 9.714444625077665874e-03 1.016893855276190806e-02 9.863121612359021864e-03 9.351140989882865753e-03 9.789046401439982850e-03 1.025265635407511533e-02 1.006289277320542193e-02 9.666594995136489413e-03 1.068057678748070456e-02 1.010973566141720389e-02 1.005989675043171896e-02 1.011501310192636054e-02 9.389820671546636119e-03 9.689588540516805640e-03 9.846132444409948573e-03 1.041769808600281205e-02 9.763151698070689222e-03 9.806341058201814564e-03 9.920915078453466582e-03 9.554898812510998624e-03 9.914423220315007890e-03 1.019283485485482192e-02 9.895937682258241705e-03 9.937807692807647947e-03 9.984809681348750729e-03 9.997556274347707203e-03 9.845690214482151481e-03
8.281206501550024759e-03 8.729537722415497969e-03 8.473747663589463117e-03 8.336040637404059511e-03 8.758939243218681614e-03 8.893723075225772740e-03 8.096228066940096280e-03 8.613942465887066205e-03 7.923502909823590401e-03 8.153493154690839503e-03 8.812475175631648283e-03 0.000000000000000000e+00 9.096488622681281333e-03 8.853336546021146544e-03 8.306238962689938693e-03 8.137408258043599130e-03 8.315271076970817687e-03 8.490046562443629222e-03 9.540989159586892032e-03 8.141414543635915393e-03 8.393890748489384393e-03 9.013437842701773825e-03 9.017172651086206164e-03 9.166520548028335436e-03 8.346216900721516521e-03 8.585401874504353797e-03 8.766162503742591997e-03 8.325956482438799655e-03 8.466655322179666640e-03 9.002380767519666677e-03 8.646971721358344409e-03 9.113116251252169342e-03 8.123533324832572788e-03 9.228678233760431726e-03 9.265765459241796093e-03 9.419653687864459890e-03 9.277502184064746055e-03 1.009797656477506335e-02 8.837960239945975155e-03 8.983251711490712957e-03 9.178211719386878548e-03 8.920489114223658506e-03 9.096910217052549263e-03 9.200219569791251439e-03 9.234422904459633000e-03 9.198429902033801106e-03 8.866080353763834340e-03 1.000424964018408955e-02 8.340753022971244060e-03 8.861238357310362301e-03 8.656013621049809398e-03 9.282982569779331741e-03 8.719829531623557797e-03 9.575060150561183134e-03 8.933414977282219324e-03 9.404818841434813004e-03 8.340508827660205945e-03 8.954757572885468919e-03 9.065070730535407934e-03 8.835454541757511646e-03 9.151504257356854119e-03 8.908158409769047908e-03 9.178662737600908061e-03 8.618837891879055704e-03 9.320325786417296698e-03 9.608925872007402849e-03 9.242418548521738955e-03 9.453328562778862132e-03 9.073309723516323130e-03 9.357224774224386782e-03 9.790947090458865590e-03 9.614987488490999573e-03 9.312190025377581684e-03 9.616338399642931911e-03 1.057081933203232738e-02 9.287597032024809754e-03 9.469263422537890426e-03 9.063186850314711857e-03 9.720323402849805061e-03 9.092396402641434935e-03 9.340304063133519907e-03 9.327076043853048046e-03 9.333957472831456645e-03 9.455204818488948532e-03 9.545937204882885829e-03 9.044845142893864418e-03 9.614953409348050983e-03 9.843170790482802524e-03 9.629886108672516126e-03 9.930065763514321284e-03 9.209693102749293148e-03 9.580251218144481343e-03 9.243177497617939900e-03 1.014846503494660525e-02 9.758739896319836710e-03 9.421718343528144232e-03 9.745283110565631721e-03 9.433108185231397005e-03 8.991097538006887283e-03 9.413253109098240756e-03 9.850724670069985547e-03 9.295690241209082771e-03 9.757926863071140697e-03 9.430571697576113632e-03 8.896546079049558534e-03 9.356669045760079503e-03 9.866097026550236723e-03 9.635286490954598007e-03 9.215965203911127140e-03 1.029294049704551975e-02 9.694416561803455290e-03 9.653957007594304862e-03 9.701590765479562936e-03 8.933960018600764497e-03 9.253885209687012434e-03 9.407220685401326832e-03 1.002112794861955564e-02 9.330376694255003781e-03 9.363483227204285470e-03 9.498197728713212926e-03 9.111526987436079084e-03 9.493140972278801479e-03 9.772021666153684824e-03 9.455502718565024500e-03 9.553286725109653987e-03 9.565206356520576658e-03 9.570342977058290956e-03 9.414697652518334153e-03
