0.000000000000000000e+00 5.858553389308036180e-03 5.858523264009884296e-03 5.858493058506578262e-03 5.858483043798379253e-03 5.867793142405822865e-03 5.867803167147593070e-03 5.867793142405883580e-03 5.867793142405867968e-03 5.867803167147814247e-03 5.867793142406113431e-03 5.867793142406139452e-03 5.867813191991227105e-03 5.867813192031159572e-03 5.867793142446710297e-03 5.867803167229177982e-03 5.867803167229197932e-03 5.867793142446691215e-03 5.867803167067301394e-03 5.867803167228721750e-03 5.867793142487066904e-03 5.867803167228769455e-03 5.867772971939056413e-03 5.867813191828876070e-03 5.867793061535180217e-03 5.867793061616294152e-03 5.867793142486970627e-03 5.867793142486971494e-03 5.867803167188120547e-03 5.867793142568246759e-03 5.867813191910302255e-03 5.867803167188662648e-03 5.867783037015590793e-03 5.867773011991071069e-03 5.867773011991075406e-03 5.867813272904237772e-03 5.867803167269421832e-03 5.867793102111698057e-03 5.867793102111737956e-03 5.867823257147688869e-03 5.867833281990267325e-03 5.867793142567991754e-03 5.867803046266197899e-03 5.867803167389829856e-03 5.867803167349941625e-03 5.867823257188533800e-03 5.867853251311474366e-03 5.867793142567923233e-03 5.867783036935138655e-03 5.867823256864228981e-03 5.867783036935144726e-03 5.867803167147578325e-03 5.867813192032096323e-03 5.867793142405912203e-03 5.867793142405907866e-03 5.867793142405858427e-03 5.867783036893925962e-03 5.867793061615639294e-03 5.867803086317589789e-03 5.867803167310075944e-03 5.867793142568413292e-03 5.867833281908818588e-03 5.867793142568369057e-03 5.867793142446365087e-03 5.867793142446313046e-03 5.867803167187877686e-03 5.867803167107342281e-03 5.867793142405896591e-03 5.867793142405904397e-03 5.867793142405865366e-03 5.867803167147956495e-03 5.867793142446426670e-03 5.867793142446407588e-03 5.867793142446439680e-03 5.867813191909390658e-03 5.867793142527313356e-03 5.867793142527341112e-03 5.867813192071488423e-03 5.867813192151951837e-03 5.867793142731570974e-03 5.867783117889038488e-03 5.867783036813351526e-03 5.867783036813341117e-03 5.867793061413995037e-03 5.867803127138051383e-03 5.867813232244376877e-03 5.867813191909696836e-03 5.867803167269438312e-03 5.867793142487029608e-03 5.867803167107314526e-03 5.867793142486955882e-03 5.867803086439100230e-03 5.867803167350958173e-03 5.867803167229146757e-03 5.867803167269981281e-03 5.867813232406786893e-03 5.867803126652875248e-03 5.867813232366219517e-03 5.867783036894429899e-03 5.867793142486589855e-03 5.867803167228305417e-03 5.867793142486579447e-03 5.867793102112197658e-03 5.867803167107019623e-03 5.867793102112261842e-03 5.867773012071401777e-03 5.867773012071380093e-03 5.867773012071409583e-03 5.867823216853608297e-03 5.867813192112493817e-03 5.867793142527683720e-03 5.867793142527699332e-03 5.867803167391462231e-03 5.867803167391439680e-03 5.867813192112555400e-03 5.867793142527778262e-03 5.867793142527753976e-03 5.867793142487080782e-03 5.867803167309305727e-03 5.867803167390011135e-03 5.867783036813318566e-03 5.867783036813333311e-03 5.867803167147978179e-03 5.867803167188208151e-03 5.867793142446533355e-03 5.867793142446500396e-03 5.867803167147966036e-03 5.867793142608954647e-03 5.867813192072205732e-03 5.867782996560122824e-03 5.867793142405901795e-03 5.867793142405970316e-03 5.867793142405916540e-03 5.867782996560048231e-03 5.867782996519459171e-03 5.867782996681298463e-03 5.867793142446457895e-03 5.867793142446496059e-03 5.867782996357736106e-03 5.867772971656334650e-03 5.867782996357736973e-03
5.858553389308036180e-03 0.000000000000000000e+00 5.867813353853162418e-03 5.867803208131554087e-03 5.867793183632603535e-03 5.867823378755051070e-03 5.867833403314071626e-03 5.867823378755111785e-03 5.867823378755097907e-03 5.867833362777536560e-03 5.867823338218341664e-03 5.867823338218368552e-03 5.867843427893962641e-03 5.867823337935429949e-03 5.867823378795935033e-03 5.867833403395652202e-03 5.867833403395673018e-03 5.867823378795915951e-03 5.867833403233782552e-03 5.867833403395037242e-03 5.867823378836292507e-03 5.867833403395246276e-03 5.867803208657464999e-03 5.867843427812614518e-03 5.867823297886862188e-03 5.867823297967970052e-03 5.867823378836193628e-03 5.867823378836195362e-03 5.867833403354273843e-03 5.867823378917302359e-03 5.867843427893227985e-03 5.867833403354975538e-03 5.858493099085787525e-03 5.858503114137904137e-03 5.858503114137910209e-03 5.858563444286244738e-03 5.867813232566413545e-03 5.867803207846194677e-03 5.867803207846234576e-03 5.867833362372854196e-03 5.867863396484207517e-03 5.867823378674223364e-03 5.867813232690994446e-03 5.867833403151968656e-03 5.867833403273425320e-03 5.867853452452674416e-03 5.867843306893218494e-03 5.867823378674153975e-03 5.867813273469570275e-03 5.867853492663684285e-03 5.867813273469574611e-03 5.867833403314055146e-03 5.867843428015662166e-03 5.867823378755139541e-03 5.867823378755135204e-03 5.867823378755087499e-03 5.867813273266687425e-03 5.867823217216159432e-03 5.867833322324855425e-03 5.867833403476546694e-03 5.867823378917634558e-03 5.867863517525528580e-03 5.867823378917588588e-03 5.867823338015447539e-03 5.867823338015392895e-03 5.867833281985935720e-03 5.867833403273821705e-03 5.867823378755124795e-03 5.867823378755132602e-03 5.867823378755094438e-03 5.867833403314432449e-03 5.867823378795652273e-03 5.867823378795634058e-03 5.867823378795665283e-03 5.867843427892802111e-03 5.867823378714541807e-03 5.867823378714572165e-03 5.867843347304711223e-03 5.867843427973687062e-03 5.858543334588402034e-03 5.858533319901983345e-03 5.867813273347786615e-03 5.867813273347774472e-03 5.867823297765682213e-03 5.867793183388562636e-03 5.867843306729112786e-03 5.867843427893273088e-03 5.867833403435906460e-03 5.867823378836093881e-03 5.867833403193286300e-03 5.867823378836021023e-03 5.867833322608024746e-03 5.867833403436104218e-03 5.867833403395457045e-03 5.867833403355135133e-03 5.867843468307975922e-03 5.867833362820418924e-03 5.867843468348563248e-03 5.867813273428862386e-03 5.867823378511835032e-03 5.867833403070804414e-03 5.867823378511822889e-03 5.867823338462647108e-03 5.867833403273497311e-03 5.867823338462709558e-03 5.867823338299921372e-03 5.867823338299900555e-03 5.867823338299930046e-03 5.867853452654107904e-03 5.867843428096217520e-03 5.867823378876904118e-03 5.867823378876921465e-03 5.867833403557763845e-03 5.867833403557742161e-03 5.867843428015286598e-03 5.867823378877002130e-03 5.867823378876978711e-03 5.867823378673503454e-03 5.867833403151957380e-03 5.867833322805002597e-03 5.867813273347753655e-03 5.867813273347769268e-03 5.867833403314454133e-03 5.867833403354526245e-03 5.867823378795760693e-03 5.867823378795725998e-03 5.867833403314439387e-03 5.867823378958174178e-03 5.867843428055929435e-03 5.867813233095773087e-03 5.867823378755128265e-03 5.867823378755198521e-03 5.867823378755144745e-03 5.867813192800953523e-03 5.867813233055112904e-03 5.867813233216780458e-03 5.867823378795684365e-03 5.867823378795721662e-03 5.867813273267032635e-03 5.867823257432019587e-03 5.867813273267033503e-03
5.858523264009884296e-03 5.867813353853162418e-03 0.000000000000000000e+00 5.867773052366614256e-03 5.867763027685710293e-03 5.867793223115006125e-03 5.867803247855968816e-03 5.867793223115065973e-03 5.867793223115051228e-03 5.867803247937185100e-03 5.867793223196293532e-03 5.867793223196317819e-03 5.867813272698958402e-03 5.867813313114634416e-03 5.867793223155890088e-03 5.867803247937551127e-03 5.867803247937569341e-03 5.867793223155872741e-03 5.867803247775674538e-03 5.867803247937097497e-03 5.867793223196249297e-03 5.867803247937144334e-03 5.867773052649872048e-03 5.867813272536443435e-03 5.867793142244374753e-03 5.867793142325487821e-03 5.867793223196149550e-03 5.867793223196152153e-03 5.867803247896494559e-03 5.867793223277427417e-03 5.867813272617871355e-03 5.867803247897034925e-03 5.867803248019337267e-03 5.867793182902155714e-03 5.867793182902159184e-03 5.867833403354710126e-03 5.867803288515287610e-03 5.867793223278109163e-03 5.867793223278147327e-03 5.867823378311094566e-03 5.867833362938232669e-03 5.867793223277659002e-03 5.867803167270069752e-03 5.867803248099013116e-03 5.867803248058803961e-03 5.867823337976285289e-03 5.867853412764875362e-03 5.867793223277591348e-03 5.867783117645141572e-03 5.867823337570987098e-03 5.867783117645144174e-03 5.867803247855953204e-03 5.867813272739664555e-03 5.867793223115095463e-03 5.867793223115090259e-03 5.867793223115040820e-03 5.867783117604248935e-03 5.867793142486187399e-03 5.867803167026302939e-03 5.867803248018451691e-03 5.867793223277597420e-03 5.867833362614770058e-03 5.867793223277550582e-03 5.867793223237033513e-03 5.867793223236980604e-03 5.867803248138765172e-03 5.867803247815715426e-03 5.867793223115079851e-03 5.867793223115086790e-03 5.867793223115049493e-03 5.867803247856329639e-03 5.867793223155608195e-03 5.867793223155589113e-03 5.867793223155621206e-03 5.867813272616958890e-03 5.867793223236816673e-03 5.867793223236848765e-03 5.867813272940404154e-03 5.867813272859845330e-03 5.867813273265132246e-03 5.867803248463816790e-03 5.867783117523352708e-03 5.867783117523342300e-03 5.867793142123188706e-03 5.867803288597589831e-03 5.867813313274635768e-03 5.867813272617266804e-03 5.867803247977812324e-03 5.867793223196208531e-03 5.867803247815848999e-03 5.867793223196135673e-03 5.867803167147488119e-03 5.867803248059494381e-03 5.867803247937519034e-03 5.867803247978516622e-03 5.867813313114514720e-03 5.867803207361257066e-03 5.867813313073783413e-03 5.867783117604434551e-03 5.867793223196417565e-03 5.867803247937325613e-03 5.867793223196407157e-03 5.867793182821386989e-03 5.867803247815392767e-03 5.867793182821452042e-03 5.858473028786671290e-03 5.858473028786627922e-03 5.858473028786686902e-03 5.867823297560369016e-03 5.867813272820062917e-03 5.867793223236865245e-03 5.867793223236882592e-03 5.867803248099833641e-03 5.867803248099812824e-03 5.867813272820283227e-03 5.867793223236960655e-03 5.867793223236934634e-03 5.867793223196588435e-03 5.867803248018328525e-03 5.867803248259736114e-03 5.867783117523318881e-03 5.867783117523337096e-03 5.867803247856351323e-03 5.867803247896583897e-03 5.867793223155715748e-03 5.867793223155681054e-03 5.867803247856340047e-03 5.867793223318139642e-03 5.867813272779772230e-03 5.867783077270128343e-03 5.867793223115083320e-03 5.867793223115154444e-03 5.867793223115099800e-03 5.867783077350572675e-03 5.867783077229466425e-03 5.867783077391305717e-03 5.867793223155640288e-03 5.867793223155678452e-03 5.867783117442596993e-03 5.867793101788795762e-03 5.867783117442598728e-03
5.858493058506578262e-03 5.867803208131554087e-03 5.867773052366614256e-03 0.000000000000000000e+00 5.858473028746348510e-03 5.867783117482890283e-03 5.867793142285040141e-03 5.867783117482950998e-03 5.867783117482937988e-03 5.867793142366257292e-03 5.867783117564180292e-03 5.867783117564204579e-03 5.867803167189218627e-03 5.867803207605141839e-03 5.867783117523774246e-03 5.867793142366624186e-03 5.867793142366644135e-03 5.867783117523756899e-03 5.867793142204744128e-03 5.867793142366171423e-03 5.867783117564136057e-03 5.867793142366219128e-03 5.867762946894145015e-03 5.867803167026702793e-03 5.867783036611436652e-03 5.867783036692552322e-03 5.867783117564037178e-03 5.867783117564039780e-03 5.867793142325567618e-03 5.867783117645315044e-03 5.867803167108133315e-03 5.867793142326108852e-03 5.867793142367579151e-03 5.867783077188961499e-03 5.867783077188966703e-03 5.867823297887655824e-03 5.867793182944609602e-03 5.867783117645835461e-03 5.867783117645873625e-03 5.867813272863197684e-03 5.867823257551271418e-03 5.867783117645546630e-03 5.867793061698159222e-03 5.867793142528090512e-03 5.867793142487877887e-03 5.867813232528137739e-03 5.867843307499963183e-03 5.867783117645480710e-03 5.867773011951015437e-03 5.867813232122834344e-03 5.867773011951019774e-03 5.867793142285021926e-03 5.867803167229925648e-03 5.867783117482980489e-03 5.867783117482974417e-03 5.867783117482926712e-03 5.867773011910120198e-03 5.867783036853251900e-03 5.867793061454549403e-03 5.867793142447525617e-03 5.867783117645485914e-03 5.867823257227805338e-03 5.867783117645439077e-03 5.867783117604921141e-03 5.867783117604868232e-03 5.867793142567835629e-03 5.867793142244787617e-03 5.867783117482965743e-03 5.867783117482972682e-03 5.867783117482933651e-03 5.867793142285401831e-03 5.867783117523495823e-03 5.867783117523475873e-03 5.867783117523507098e-03 5.867803167107220851e-03 5.867783117604706035e-03 5.867783117604733790e-03 5.867803167430668716e-03 5.867803167350109025e-03 5.867803167674892628e-03 5.867793142812387404e-03 5.867773011829222236e-03 5.867773011829211828e-03 5.867783036490249737e-03 5.867793183026757432e-03 5.867803207765307123e-03 5.867803167107527897e-03 5.867793142406884516e-03 5.867783117564097893e-03 5.867793142244920324e-03 5.867783117564025035e-03 5.867793061575738919e-03 5.867793142488569175e-03 5.867793142366593828e-03 5.867793142407591415e-03 5.867803207605186075e-03 5.867793101789914659e-03 5.867803207564455635e-03 5.867773011910305814e-03 5.867783117564303458e-03 5.867793142366397804e-03 5.867783117564293049e-03 5.867783077188860885e-03 5.867793142244463224e-03 5.867783077188925937e-03 5.867783076945940618e-03 5.867783076945921536e-03 5.867783076945947557e-03 5.867813192111817275e-03 5.867803167310323142e-03 5.867783117604752872e-03 5.867783117604771087e-03 5.867793142528911036e-03 5.867793142528888485e-03 5.867803167310546922e-03 5.867783117604846548e-03 5.867783117604819659e-03 5.867783117564472593e-03 5.867793142447402452e-03 5.867793142688812642e-03 5.867773011829191011e-03 5.867773011829207491e-03 5.867793142285424382e-03 5.867793142325656089e-03 5.867783117523601641e-03 5.867783117523569549e-03 5.867793142285410504e-03 5.867783117686025535e-03 5.867803167270036792e-03 5.867772971575593681e-03 5.867783117482969213e-03 5.867783117483037734e-03 5.867783117482983091e-03 5.867772971656034543e-03 5.867772971534927426e-03 5.867772971696771922e-03 5.867783117523525313e-03 5.867783117523565212e-03 5.867752921950111257e-03 5.858503153541116601e-03 5.867752921950112992e-03
5.858483043798379253e-03 5.867793183632603535e-03 5.867763027685710293e-03 5.858473028746348510e-03 0.000000000000000000e+00 5.867773092782257310e-03 5.867783117644791158e-03 5.867773092782317158e-03 5.867773092782304148e-03 5.867783117726006574e-03 5.867773092863549055e-03 5.867773092863575075e-03 5.867793142609344960e-03 5.867793183025673230e-03 5.867773092823142141e-03 5.867783117726375203e-03 5.867783117726395152e-03 5.867773092823123926e-03 5.867783117564493410e-03 5.867783117725920705e-03 5.867773092863506554e-03 5.867783117725968410e-03 5.867752922071541033e-03 5.867793142446829126e-03 5.867773011909997900e-03 5.867773011991114437e-03 5.867773092863405072e-03 5.867773092863408542e-03 5.867783117685316900e-03 5.867773092944684674e-03 5.867793142528260515e-03 5.867783117685859869e-03 5.867783117727489763e-03 5.867773052488088267e-03 5.867773052488094339e-03 5.867813273429509438e-03 5.867783158304767412e-03 5.867773092945207693e-03 5.867773092945244989e-03 5.867803248344516387e-03 5.867813233092561247e-03 5.867773092944917127e-03 5.867783037057106195e-03 5.867783117887843264e-03 5.867783117847631506e-03 5.867803208009054854e-03 5.867833283162000174e-03 5.867773092944848605e-03 5.867762987189194430e-03 5.867803207603744520e-03 5.867762987189199635e-03 5.867783117644773810e-03 5.867793142650053716e-03 5.867773092782346649e-03 5.867773092782340577e-03 5.867773092782294607e-03 5.867762987148300059e-03 5.867773012151815751e-03 5.867783036813493773e-03 5.867783117807278369e-03 5.867773092944852942e-03 5.867813232769089095e-03 5.867773092944809574e-03 5.867773092904291637e-03 5.867773092904236994e-03 5.867783117927592718e-03 5.867783117604536032e-03 5.867773092782331903e-03 5.867773092782337975e-03 5.867773092782298944e-03 5.867783117645151980e-03 5.867773092822863717e-03 5.867773092822845503e-03 5.867773092822874993e-03 5.867793142527348051e-03 5.867773092904073062e-03 5.867773092904103420e-03 5.867793142850801121e-03 5.867793142770237093e-03 5.867793143095188964e-03 5.867783118172307556e-03 5.867762987067402097e-03 5.867762987067391689e-03 5.867773011788811853e-03 5.867783158386916109e-03 5.867793183185841983e-03 5.867793142527653362e-03 5.867783117766637267e-03 5.867773092863465788e-03 5.867783117604672208e-03 5.867773092863395532e-03 5.867783036934680688e-03 5.867783117848325396e-03 5.867783117726345712e-03 5.867783117767344167e-03 5.867793183025715731e-03 5.867783077149259750e-03 5.867793182984984424e-03 5.867762987148484807e-03 5.867773092863675689e-03 5.867783117726149689e-03 5.867773092863662679e-03 5.867773052487829794e-03 5.867783117604211639e-03 5.867773052487893978e-03 5.867773052245068253e-03 5.867773052245047437e-03 5.867773052245076060e-03 5.867803167592326730e-03 5.867793142730454679e-03 5.867773092904120767e-03 5.867773092904137247e-03 5.867783117888664655e-03 5.867783117888641237e-03 5.867793142730678459e-03 5.867773092904217044e-03 5.867773092904191891e-03 5.867773092863843090e-03 5.867783117807156071e-03 5.867783118048568863e-03 5.867762987067368270e-03 5.867762987067385617e-03 5.867783117645171062e-03 5.867783117685406238e-03 5.867773092822970403e-03 5.867773092822940045e-03 5.867783117645160654e-03 5.867773092985396031e-03 5.867793142690164859e-03 5.867762946813370219e-03 5.867773092782334506e-03 5.867773092782406497e-03 5.867773092782350118e-03 5.867762946893813683e-03 5.867762946772708300e-03 5.867762946934549327e-03 5.867773092822895810e-03 5.867773092822934841e-03 5.867762946611300955e-03 5.867752921949837171e-03 5.867762946611301822e-03
5.867793142405822865e-03 5.867823378755051070e-03 5.867793223115006125e-03 5.867783117482890283e-03 5.867773092782257310e-03 0.000000000000000000e+00 5.858473028827153664e-03 5.858463013916668551e-03 5.858463013916643397e-03 5.867793223236906879e-03 5.867783198435636526e-03 5.867783198435661679e-03 5.867803248058895034e-03 5.867803288555809016e-03 5.867783198395070017e-03 5.867793223237110709e-03 5.867793223237130658e-03 5.867783198395051802e-03 5.867793223075066719e-03 5.867793223236494014e-03 5.867783198435267029e-03 5.867793223155545745e-03 5.867763027767076631e-03 5.867803247896379200e-03 5.867783117482747168e-03 5.867783117563697172e-03 5.867783198435331214e-03 5.867783198435334684e-03 5.867793223196053273e-03 5.867783198516609948e-03 5.867803247977808855e-03 5.867793223196594507e-03 5.867793263855980088e-03 5.867783198597912100e-03 5.867783198597917305e-03 5.867823419211537321e-03 5.867793263896412155e-03 5.867783198598292872e-03 5.867783198598329301e-03 5.867813353813212604e-03 5.867823338419648517e-03 5.867783198516681939e-03 5.867793142649497737e-03 5.867793223398575300e-03 5.867793223277527163e-03 5.867813313396999693e-03 5.867843388528384135e-03 5.867783198516613417e-03 5.867773092823131732e-03 5.867813312991698033e-03 5.867773092823136936e-03 5.867793223155511051e-03 5.867803248099602055e-03 5.867783198354272790e-03 5.867783198354266719e-03 5.867783198354219881e-03 5.867773092782237361e-03 5.867783117724883341e-03 5.867793142324890208e-03 5.867793223317848209e-03 5.867783198516616019e-03 5.867823338015029470e-03 5.867783198516572651e-03 5.867783198476377374e-03 5.867783198476323597e-03 5.867793223438811344e-03 5.867793223115275875e-03 5.867783198354257178e-03 5.867783198354264117e-03 5.867783198354225085e-03 5.867793223155888353e-03 5.867783198394627663e-03 5.867783198394606846e-03 5.867783198394638938e-03 5.867803247895738220e-03 5.867783198475999204e-03 5.867783198476026092e-03 5.867803248300670384e-03 5.867803248219624970e-03 5.867803289000897426e-03 5.867793264139443445e-03 5.867773092701341134e-03 5.867773092701330725e-03 5.867783117361564590e-03 5.867793264059228964e-03 5.867803288635626245e-03 5.867803247977203436e-03 5.867793223277372773e-03 5.867783198435391930e-03 5.867793223115407714e-03 5.867783198435319071e-03 5.867793142446236718e-03 5.867793223358729569e-03 5.867793223155920446e-03 5.867793223277911405e-03 5.867803288393532574e-03 5.867793182579085151e-03 5.867803247816289619e-03 5.867773092782260780e-03 5.867783198435602698e-03 5.867793223236886062e-03 5.867783198435589688e-03 5.867783158060003133e-03 5.867793223114948879e-03 5.867783158060068185e-03 5.867783198354245035e-03 5.867783198354224218e-03 5.867783198354253708e-03 5.867813232525080289e-03 5.867783117887236111e-03 5.867783198394884402e-03 5.867783198394900882e-03 5.867793223399396692e-03 5.867793223399373273e-03 5.867803248180224196e-03 5.867783198476139717e-03 5.867783198476116298e-03 5.867783198435768365e-03 5.867793223317888975e-03 5.867793223559622691e-03 5.867773092701309041e-03 5.867773092701325521e-03 5.867793223155910037e-03 5.867793223196140877e-03 5.867783198394894810e-03 5.867783198394860983e-03 5.867793223155897894e-03 5.867783157938994028e-03 5.867803207521877715e-03 5.867773052447716048e-03 5.867783198354259780e-03 5.867783198354331771e-03 5.867783198354277127e-03 5.867773052528318239e-03 5.867773052407054130e-03 5.867773052568892554e-03 5.867783198394820217e-03 5.867783198394858381e-03 5.867773092701420931e-03 5.867783117402104211e-03 5.867773092701422666e-03
5.867803167147593070e-03 5.867833403314071626e-03 5.867803247855968816e-03 5.867793142285040141e-03 5.867783117644791158e-03 5.858473028827153664e-03 0.000000000000000000e+00 5.858473028827273360e-03 5.858473028827248207e-03 5.867803247977869570e-03 5.867793223236978002e-03 5.867793223237002288e-03 5.867813272739478940e-03 5.867813313235988731e-03 5.867793223196411494e-03 5.867803247978073400e-03 5.867803247978093349e-03 5.867793223196394146e-03 5.867803247735037774e-03 5.867803247896460732e-03 5.867793223155613400e-03 5.867803207521660874e-03 5.867773052690232125e-03 5.867813272576801777e-03 5.867793142284897026e-03 5.867793142284851923e-03 5.867793223236673558e-03 5.867793223236675293e-03 5.867803247936853768e-03 5.867793223317950557e-03 5.867813272658392761e-03 5.867803247937557198e-03 5.867803288596535986e-03 5.867793223399252710e-03 5.867793223399257047e-03 5.867833443770154554e-03 5.867803288636968921e-03 5.867793223399630879e-03 5.867793223399669043e-03 5.867823378432611946e-03 5.867833362898242089e-03 5.867793223237344896e-03 5.867803167390943549e-03 5.867803248139374928e-03 5.867803207804500598e-03 5.867823337935324998e-03 5.867853412966893452e-03 5.867793223237277242e-03 5.867783117685663845e-03 5.867823337611345440e-03 5.867783117685667314e-03 5.867803247896472875e-03 5.867813272780022030e-03 5.867793223155615134e-03 5.867793223155609930e-03 5.867793223155563960e-03 5.867783117644609879e-03 5.867793142526870134e-03 5.867803166985989700e-03 5.867803247978135850e-03 5.867793223237282446e-03 5.867833322361190942e-03 5.867793223237235609e-03 5.867793223277720585e-03 5.867793223277667676e-03 5.867803248179768831e-03 5.867803247856239433e-03 5.867793223155602991e-03 5.867793223155607328e-03 5.867793223155569164e-03 5.867803247896851912e-03 5.867793223114972298e-03 5.867793223114952349e-03 5.867793223114983574e-03 5.867813232201712220e-03 5.867793223277176749e-03 5.867793223277207974e-03 5.867813272981087756e-03 5.867813272819853015e-03 5.867813313681070203e-03 5.867803288879994139e-03 5.867783117563875848e-03 5.867783117563863705e-03 5.867793142163714448e-03 5.867803288799780526e-03 5.867813313315802491e-03 5.867813272657784740e-03 5.867803248018332862e-03 5.867793223236733406e-03 5.867803247856373007e-03 5.867793223236661415e-03 5.867803167187685999e-03 5.867803247937859908e-03 5.867803207521712049e-03 5.867803247937552862e-03 5.867813272618273811e-03 5.867803166864932023e-03 5.867793182781594168e-03 5.867783117563796051e-03 5.867793223236943308e-03 5.867803247977849621e-03 5.867793223236931165e-03 5.867793182781234212e-03 5.867803247855913305e-03 5.867793182781295795e-03 5.867793223155589113e-03 5.867793223155569164e-03 5.867793223155596920e-03 5.867803248058130021e-03 5.858533359710104554e-03 5.867793182820972391e-03 5.867793182820988870e-03 5.867803248140355046e-03 5.867803248140333362e-03 5.867813272860481107e-03 5.867793223277480326e-03 5.867793223277456907e-03 5.867793223237109841e-03 5.867803248058848196e-03 5.867803248300582780e-03 5.867783117563842889e-03 5.867783117563858501e-03 5.867803247896872729e-03 5.867803247937106170e-03 5.867793223196237154e-03 5.867793223196202460e-03 5.867803247896859718e-03 5.867773092943672462e-03 5.867793142487098129e-03 5.867783077310652351e-03 5.867793223155605593e-03 5.867793223155674982e-03 5.867793223155621206e-03 5.867783077391253675e-03 5.867783077269986963e-03 5.867783077431664059e-03 5.867793223196161694e-03 5.867793223196199857e-03 5.867783117563953911e-03 5.867793142204257538e-03 5.867783117563955646e-03
5.867793142405883580e-03 5.867823378755111785e-03 5.867793223115065973e-03 5.867783117482950998e-03 5.867773092782317158e-03 5.858463013916668551e-03 5.858473028827273360e-03 0.000000000000000000e+00 5.858463013916763093e-03 5.867793223236964992e-03 5.867783198435697241e-03 5.867783198435723262e-03 5.867803248058954882e-03 5.867803288555869731e-03 5.867783198395130732e-03 5.867793223237169689e-03 5.867793223237190506e-03 5.867783198395112518e-03 5.867793223075125700e-03 5.867793223236554730e-03 5.867783198435327745e-03 5.867793223155604726e-03 5.867763027767137346e-03 5.867803247896440783e-03 5.867783117482807884e-03 5.867783117563757887e-03 5.867783198435391062e-03 5.867783198435392797e-03 5.867793223196112254e-03 5.867783198516669796e-03 5.867803247977870437e-03 5.867793223196655222e-03 5.867793263856040803e-03 5.867783198597973683e-03 5.867783198597977153e-03 5.867823419211598036e-03 5.867793263896472003e-03 5.867783198598350985e-03 5.867783198598388282e-03 5.867813353813274187e-03 5.867823338419706630e-03 5.867783198516742654e-03 5.867793142649556717e-03 5.867793223398637750e-03 5.867793223277587879e-03 5.867813313397060408e-03 5.867843388528443983e-03 5.867783198516675867e-03 5.867773092823192448e-03 5.867813312991757881e-03 5.867773092823196784e-03 5.867793223155570899e-03 5.867803248099661036e-03 5.867783198354333506e-03 5.867783198354327434e-03 5.867783198354280597e-03 5.867773092782298944e-03 5.867783117724943188e-03 5.867793142324950924e-03 5.867793223317908924e-03 5.867783198516678470e-03 5.867823338015087584e-03 5.867783198516631632e-03 5.867783198476436354e-03 5.867783198476385180e-03 5.867793223438869457e-03 5.867793223115334855e-03 5.867783198354317893e-03 5.867783198354325699e-03 5.867783198354287535e-03 5.867793223155948201e-03 5.867783198394685776e-03 5.867783198394669296e-03 5.867783198394698786e-03 5.867803247895798067e-03 5.867783198476059052e-03 5.867783198476086808e-03 5.867803248300730232e-03 5.867803248219684818e-03 5.867803289000958142e-03 5.867793264139503293e-03 5.867773092701400114e-03 5.867773092701390573e-03 5.867783117361621836e-03 5.867793264059289679e-03 5.867803288635685226e-03 5.867803247977263284e-03 5.867793223277430886e-03 5.867783198435451777e-03 5.867793223115467562e-03 5.867783198435378919e-03 5.867793142446296566e-03 5.867793223358789417e-03 5.867793223155982028e-03 5.867793223277972987e-03 5.867803288393593289e-03 5.867793182579145866e-03 5.867803247816350334e-03 5.867773092782322363e-03 5.867783198435660812e-03 5.867793223236945042e-03 5.867783198435649536e-03 5.867783158060062114e-03 5.867793223115010462e-03 5.867783158060125431e-03 5.867783198354305750e-03 5.867783198354285801e-03 5.867783198354313556e-03 5.867813232525139269e-03 5.867783117887297693e-03 5.867783198394944250e-03 5.867783198394962464e-03 5.867793223399454805e-03 5.867793223399433988e-03 5.867803248180285779e-03 5.867783198476201299e-03 5.867783198476176146e-03 5.867783198435829080e-03 5.867793223317948823e-03 5.867793223559682539e-03 5.867773092701368889e-03 5.867773092701384502e-03 5.867793223155968151e-03 5.867793223196201592e-03 5.867783198394953791e-03 5.867783198394921698e-03 5.867793223155956008e-03 5.867783157939055610e-03 5.867803207521938430e-03 5.867773052447775896e-03 5.867783198354319628e-03 5.867783198354389884e-03 5.867783198354336108e-03 5.867773052528379822e-03 5.867773052407113978e-03 5.867773052568952402e-03 5.867783198394879197e-03 5.867783198394919096e-03 5.867773092701479044e-03 5.867783117402164059e-03 5.867773092701481646e-03
5.867793142405867968e-03 5.867823378755097907e-03 5.867793223115051228e-03 5.867783117482937988e-03 5.867773092782304148e-03 5.858463013916643397e-03 5.858473028827248207e-03 5.858463013916763093e-03 0.000000000000000000e+00 5.867793223236953716e-03 5.867783198435683363e-03 5.867783198435710251e-03 5.867803248058941004e-03 5.867803288555855853e-03 5.867783198395117722e-03 5.867793223237156679e-03 5.867793223237176628e-03 5.867783198395099507e-03 5.867793223075114424e-03 5.867793223236540852e-03 5.867783198435313867e-03 5.867793223155591716e-03 5.867763027767124336e-03 5.867803247896426037e-03 5.867783117482794873e-03 5.867783117563745744e-03 5.867783198435378052e-03 5.867783198435380654e-03 5.867793223196100111e-03 5.867783198516657653e-03 5.867803247977855692e-03 5.867793223196640477e-03 5.867793263856028660e-03 5.867783198597959805e-03 5.867783198597963275e-03 5.867823419211585026e-03 5.867793263896459860e-03 5.867783198598337975e-03 5.867783198598376139e-03 5.867813353813260309e-03 5.867823338419694487e-03 5.867783198516728776e-03 5.867793142649543707e-03 5.867793223398622138e-03 5.867793223277573134e-03 5.867813313397047398e-03 5.867843388528430973e-03 5.867783198516660255e-03 5.867773092823179437e-03 5.867813312991744870e-03 5.867773092823183774e-03 5.867793223155557021e-03 5.867803248099649760e-03 5.867783198354318761e-03 5.867783198354313556e-03 5.867783198354266719e-03 5.867773092782284199e-03 5.867783117724931913e-03 5.867793142324937913e-03 5.867793223317895913e-03 5.867783198516663724e-03 5.867823338015076308e-03 5.867783198516617754e-03 5.867783198476423344e-03 5.867783198476370435e-03 5.867793223438857314e-03 5.867793223115322712e-03 5.867783198354304015e-03 5.867783198354310087e-03 5.867783198354273658e-03 5.867793223155934323e-03 5.867783198394674500e-03 5.867783198394653683e-03 5.867783198394686643e-03 5.867803247895785057e-03 5.867783198476045174e-03 5.867783198476075532e-03 5.867803248300716354e-03 5.867803248219671808e-03 5.867803289000945131e-03 5.867793264139489415e-03 5.867773092701387971e-03 5.867773092701375828e-03 5.867783117361609693e-03 5.867793264059275801e-03 5.867803288635672215e-03 5.867803247977250274e-03 5.867793223277417876e-03 5.867783198435438767e-03 5.867793223115453684e-03 5.867783198435365041e-03 5.867793142446283555e-03 5.867793223358775540e-03 5.867793223155967283e-03 5.867793223277959110e-03 5.867803288393580279e-03 5.867793182579132856e-03 5.867803247816335589e-03 5.867773092782307617e-03 5.867783198435646934e-03 5.867793223236933767e-03 5.867783198435636526e-03 5.867783158060048236e-03 5.867793223114997452e-03 5.867783158060113288e-03 5.867783198354293607e-03 5.867783198354271923e-03 5.867783198354301413e-03 5.867813232525127126e-03 5.867783117887283816e-03 5.867783198394932107e-03 5.867783198394947719e-03 5.867793223399443529e-03 5.867793223399420978e-03 5.867803248180271901e-03 5.867783198476187421e-03 5.867783198476162268e-03 5.867783198435816069e-03 5.867793223317936679e-03 5.867793223559667794e-03 5.867773092701355879e-03 5.867773092701371491e-03 5.867793223155956875e-03 5.867793223196187714e-03 5.867783198394941648e-03 5.867783198394908688e-03 5.867793223155944732e-03 5.867783157939039998e-03 5.867803207521923685e-03 5.867773052447763753e-03 5.867783198354307485e-03 5.867783198354377741e-03 5.867783198354323965e-03 5.867773052528366812e-03 5.867773052407100100e-03 5.867773052568940259e-03 5.867783198394865320e-03 5.867783198394904351e-03 5.867773092701466034e-03 5.867783117402150181e-03 5.867773092701466901e-03
5.867803167147814247e-03 5.867833362777536560e-03 5.867803247937185100e-03 5.867793142366257292e-03 5.867783117726006574e-03 5.867793223236906879e-03 5.867803247977869570e-03 5.867793223236964992e-03 5.867793223236953716e-03 0.000000000000000000e+00 5.858473028827256880e-03 5.858473028827307187e-03 5.858533359670274436e-03 5.858493099046048480e-03 5.867793223277792576e-03 5.867803248059451013e-03 5.867803248059470962e-03 5.867793223277773494e-03 5.867803247897571822e-03 5.867803248058996515e-03 5.867793223318151785e-03 5.867803248059042485e-03 5.867773052771776271e-03 5.867813272658340719e-03 5.867793142366276374e-03 5.867793142447389441e-03 5.867793223318052039e-03 5.867793223318054641e-03 5.867803248018394445e-03 5.867773092984506118e-03 5.867793142406736197e-03 5.867783117645007998e-03 5.867803248059263663e-03 5.867793223317986119e-03 5.867793223317990456e-03 5.867813273064348412e-03 5.867803207481861114e-03 5.867793182699958948e-03 5.867793182699997112e-03 5.867803207685175909e-03 5.867833363060446540e-03 5.867793223399561491e-03 5.867803167472481624e-03 5.867803248220914737e-03 5.867803248180702980e-03 5.867823338098179971e-03 5.867853412966622835e-03 5.867793223399495571e-03 5.867783117767044927e-03 5.867823337692880913e-03 5.867783117767048397e-03 5.867803247977853090e-03 5.867813272861561839e-03 5.867793223236995349e-03 5.867793223236990145e-03 5.867793223236942440e-03 5.867783117726152291e-03 5.867793142608248615e-03 5.867803167148200223e-03 5.867803248140349842e-03 5.867793223399499040e-03 5.867833362736663005e-03 5.867793223399453938e-03 5.867793182659368154e-03 5.867793182659315245e-03 5.867803207561666200e-03 5.867803247937614444e-03 5.867793223236978870e-03 5.867793223236986676e-03 5.867793223236949379e-03 5.867803247978068196e-03 5.867793223277508949e-03 5.867793223277490734e-03 5.867793223277521092e-03 5.867813272738858776e-03 5.867793223358720896e-03 5.867793223358747784e-03 5.867813273062461032e-03 5.867813272981743482e-03 5.867813313680958313e-03 5.867803288879885719e-03 5.867783117645256064e-03 5.867783117645246523e-03 5.867793142244932467e-03 5.867803288880509352e-03 5.867813313315857135e-03 5.867813272739164088e-03 5.867803248099710475e-03 5.867793223318113621e-03 5.867803247937748885e-03 5.867793223318040763e-03 5.867803167269388873e-03 5.867803248181232938e-03 5.867803248059419788e-03 5.867803248019583598e-03 5.867813313236248073e-03 5.867803207483157819e-03 5.867813313195677227e-03 5.867783117726338774e-03 5.867793223237161016e-03 5.867803207603218031e-03 5.867793223237148005e-03 5.867793182943287743e-03 5.867803247937289184e-03 5.867793182943352795e-03 5.867793223236966726e-03 5.867793223236948512e-03 5.867793223236977135e-03 5.867823297682266299e-03 5.867813272941957599e-03 5.867793223358767733e-03 5.867793223358785080e-03 5.867803248221736129e-03 5.867803248221716179e-03 5.867813272942183113e-03 5.867793223358861408e-03 5.867793223358836255e-03 5.867793223318490056e-03 5.867803248140229279e-03 5.867803248381795594e-03 5.867783117645223104e-03 5.867783117645237849e-03 5.867803207522405938e-03 5.867783198395227010e-03 5.867793182821527502e-03 5.867793182821494542e-03 5.867803247897403554e-03 5.867793223440039528e-03 5.867813272901671248e-03 5.867783036935692899e-03 5.867793223236984941e-03 5.867793223237054330e-03 5.867793223236999686e-03 5.867783077472634758e-03 5.867783077270533401e-03 5.867783037056706341e-03 5.867793223277379712e-03 5.867793223277417876e-03 5.867783117645334126e-03 5.867793142285635151e-03 5.867783117645336728e-03
5.867793142406113431e-03 5.867823338218341664e-03 5.867793223196293532e-03 5.867783117564180292e-03 5.867773092863549055e-03 5.867783198435636526e-03 5.867793223236978002e-03 5.867783198435697241e-03 5.867783198435683363e-03 5.858473028827256880e-03 0.000000000000000000e+00 5.858463013916835084e-03 5.867783117847255071e-03 5.858483084257293250e-03 5.867783198476519621e-03 5.867793223318561180e-03 5.867793223318579394e-03 5.867783198476501406e-03 5.867793223156681122e-03 5.867793223318109284e-03 5.867783198516882300e-03 5.867793223318154387e-03 5.867763027848531439e-03 5.867803247977829671e-03 5.867783117564197640e-03 5.867783117645311575e-03 5.867783198516784288e-03 5.867783198516784288e-03 5.867793223277502010e-03 5.867783157979734876e-03 5.867803207441422975e-03 5.867793182659963164e-03 5.867793223318537761e-03 5.867783198516720103e-03 5.867783198516725307e-03 5.867803248464676345e-03 5.867793182740888881e-03 5.867783157898446601e-03 5.867783157898483030e-03 5.867793183024715663e-03 5.867823338501097254e-03 5.867783198598293740e-03 5.867793142730786012e-03 5.867793223480024904e-03 5.867793223439814881e-03 5.867813313478610626e-03 5.867843388528185510e-03 5.867783198598226085e-03 5.867773092904584806e-03 5.867813313073145902e-03 5.867773092904588275e-03 5.867793223236960655e-03 5.867803248181049057e-03 5.867783198435724996e-03 5.867783198435721527e-03 5.867783198435672087e-03 5.867773092863692169e-03 5.867783117806173350e-03 5.867793142406500274e-03 5.867793223399461744e-03 5.867783198598230422e-03 5.867823338177305045e-03 5.867783198598184452e-03 5.867783157857856674e-03 5.867783157857803765e-03 5.867793182820530036e-03 5.867793223196724611e-03 5.867783198435710251e-03 5.867783198435718058e-03 5.867783198435679894e-03 5.867793223237337090e-03 5.867783198476242933e-03 5.867783198476222116e-03 5.867783198476254208e-03 5.867803248058345127e-03 5.867783198557448808e-03 5.867783198557479166e-03 5.867803248381956056e-03 5.867803248301235036e-03 5.867803289000860130e-03 5.867793264139407015e-03 5.867773092782793340e-03 5.867773092782782932e-03 5.867783117443012460e-03 5.867793264140189376e-03 5.867803288716745384e-03 5.867803248058651305e-03 5.867793223358821510e-03 5.867783198516845003e-03 5.867793223196856450e-03 5.867783198516769542e-03 5.867793142527690659e-03 5.867793223440506169e-03 5.867793223318531690e-03 5.867793223359367948e-03 5.867803288556303412e-03 5.867793182741859459e-03 5.867803288515573840e-03 5.867773092863876917e-03 5.867783198516889238e-03 5.867793223237174893e-03 5.867783198516878830e-03 5.867783158141616669e-03 5.867793223196397616e-03 5.867783158141679986e-03 5.867783198435698976e-03 5.867783198435679026e-03 5.867783198435707649e-03 5.867813273062131435e-03 5.867803248261451755e-03 5.867783198557497380e-03 5.867783198557513860e-03 5.867793223480845428e-03 5.867793223480826346e-03 5.867803248261674667e-03 5.867783198557591055e-03 5.867783198557565034e-03 5.867783198517220571e-03 5.867793223399340313e-03 5.867793223640911833e-03 5.867773092782761248e-03 5.867773092782776860e-03 5.867793223156200604e-03 5.867793182821501481e-03 5.867783198395186244e-03 5.867783198395154151e-03 5.867793223237183567e-03 5.867783198638774379e-03 5.867803248221161935e-03 5.867773052448010083e-03 5.867783198435714588e-03 5.867783198435783977e-03 5.867783198435729333e-03 5.867773052609773048e-03 5.867773052488345006e-03 5.867773052569184855e-03 5.867783198476272423e-03 5.867783198476311454e-03 5.867773092782872270e-03 5.867783117483555549e-03 5.867773092782874005e-03
