0.000000000000000000e+00 7.111025106088640461e-03 7.008440974961201511e-03 7.120217156359886709e-03 7.007297441806401364e-03 7.113398550603580901e-03 7.119507561064006632e-03 7.122896464121733322e-03 7.003545215546907489e-03 7.113069389232418507e-03 7.112227954994595168e-03 7.113424225689853227e-03 7.112308668922422139e-03 7.120350683907262536e-03 7.112182027942009696e-03 7.002844414569189130e-03 7.120411785274245037e-03 7.004961136449900511e-03 7.118254764029844674e-03 7.007442443484226784e-03 7.119019346982326420e-03 7.008687007081395789e-03 7.112259954844448416e-03 7.111609256898666041e-03 7.120331900947182019e-03 7.115679321222212646e-03 7.113608966389860060e-03 7.113348182033902949e-03 7.126151674281787363e-03 7.118073184131136488e-03 7.121225662137944425e-03 7.005057670432198770e-03 7.116822690325157359e-03 7.118146305187947505e-03 7.119383968678282514e-03 7.116962581751130890e-03 7.115905962175678168e-03 7.116950558717136284e-03 7.118185319153741593e-03 7.112684557813439730e-03 7.114467898747870583e-03 7.121433806466494210e-03 7.113623643611870738e-03 7.116597757779878457e-03 7.114792748520196337e-03 7.111150663583598770e-03 7.113400632937604863e-03 7.125053160662276133e-03 7.124536496511252141e-03 7.112628269666250447e-03 7.120277507364720926e-03 7.119413185834966989e-03 7.115363225030136435e-03 7.118116621695616715e-03 7.114942320474078666e-03 7.116065859548758102e-03 7.009766279330788274e-03 7.122663287421849773e-03 7.112146954729109752e-03 7.007224908718746349e-03 7.114484909171952046e-03 7.004738527510468403e-03 7.112452587888897296e-03 7.115909280539706172e-03 7.113660490182493502e-03 7.122429409605801967e-03 7.009567827794850430e-03 7.120342214853174305e-03 7.110339651208841434e-03 7.116019024157106340e-03 7.115062158017251316e-03 7.110120375318787489e-03 7.119208780524309381e-03 7.008449447106913921e-03 7.125921072289776066e-03 7.113333179754835478e-03 7.127454187344670240e-03 7.113318160702146453e-03 7.120673484650994790e-03 7.111461435707481724e-03 7.117826973076174166e-03 7.117106206416200752e-03 7.126452356974564625e-03 7.002679564299722770e-03 7.001386970851549395e-03 7.118023604623420139e-03 7.114642748907614757e-03 7.118126087664052026e-03 7.114159381046912013e-03 7.108970358718240054e-03 7.114736135570562565e-03 7.113562865301867842e-03 7.115765175454692032e-03 7.115878066908973114e-03 7.117145129276390009e-03 7.119533185837916174e-03 7.121416636358506892e-03 7.117330302887519590e-03 7.120333093411961717e-03 7.118760098005954065e-03 7.120411936480807065e-03 7.008544459481695979e-03 7.117224619618457357e-03 7.119167029609639423e-03 7.116563862346730711e-03 7.114796437059076051e-03 7.111284160704678566e-03 7.115638207599908269e-03 7.115894952490074005e-03 7.002611940012266542e-03 7.120568847437337180e-03 7.120743680395973628e-03 7.113730341030804691e-03 7.112179044426056307e-03 7.123706087363110284e-03 7.118292946432332700e-03 7.110967228285421105e-03 7.114748716450223533e-03 7.114648723876328996e-03 7.115908968645763208e-03 7.114466698580816303e-03 7.113538055560733077e-03 7.114590021865131730e-03 7.118210902379774885e-03 7.116896895492644606e-03 7.117036936236783608e-03 7.114553087516885255e-03 7.114991583365070857e-03
7.111025106088640461e-03 0.000000000000000000e+00 7.107521370420873986e-03 7.110995261788056673e-03 7.000675147105160125e-03 7.103968615913739716e-03 7.114663381751950601e-03 7.111109436415866993e-03 6.996746190972187585e-03 7.115996603025781519e-03 7.105365341046181518e-03 7.110763183623972777e-03 7.107459944660633570e-03 7.108929423848444999e-03 6.992006699540215947e-03 7.106323854514859373e-03 7.108700604361388106e-03 6.990818892787771868e-03 7.111100695766345986e-03 7.111380270740142590e-03 7.109852187877642969e-03 7.115081458235395472e-03 7.104851120497357453e-03 7.104193591510728385e-03 7.113522973570691674e-03 7.111102996198139826e-03 7.108814318320676867e-03 7.106492842480124569e-03 7.119478957310109053e-03 7.108827541971178728e-03 7.109491358334707294e-03 7.113463711943007577e-03 7.107552318469703354e-03 7.108791227306654123e-03 7.112286298978321049e-03 7.109989562320236968e-03 7.111190971120826855e-03 7.109951157129324947e-03 7.110937978612689482e-03 7.102934837966689945e-03 7.112357776789917686e-03 7.109664605381261528e-03 7.104189079376871732e-03 7.109811364004100034e-03 7.107468572700956569e-03 7.106488954412840640e-03 7.106354193464208685e-03 7.116119093662512385e-03 7.113383328902891066e-03 7.102965923528027636e-03 7.005304346790237544e-03 7.105404350935597482e-03 7.106354323493117332e-03 7.113375817083418193e-03 7.107658372931187005e-03 7.109216064103333552e-03 7.106239749325522076e-03 7.113240518316334138e-03 7.107617404250158623e-03 7.108648384189442809e-03 7.110099508166461968e-03 7.105974134966726308e-03 7.105233373057264629e-03 7.106476150967202740e-03 7.104147119472656487e-03 7.106390276917210272e-03 7.110880282975080846e-03 7.118407464009917501e-03 7.105363889389862062e-03 7.104050245007538338e-03 7.105458755415021595e-03 6.992407086551625205e-03 7.109864695713848104e-03 7.112344567773453731e-03 7.004105229538410034e-03 7.108674546382853614e-03 7.113747085159919173e-03 6.995433615015994415e-03 7.113562132901777614e-03 7.101824183813695672e-03 7.113803300854793475e-03 7.107425017084168829e-03 7.119824757822147340e-03 7.104096917210912104e-03 7.105128157414440475e-03 7.106186158323414721e-03 7.109892699683068029e-03 7.108817258598385674e-03 7.109871826041969448e-03 7.099301370157300346e-03 7.107597103864439839e-03 7.108807969563216145e-03 7.103809222380261766e-03 7.103851768691307224e-03 7.107854712537874445e-03 7.109911766512900036e-03 7.110078175684590718e-03 7.112287057639056845e-03 7.108781532528985966e-03 7.109827788102006385e-03 7.108723213321135881e-03 7.109721124127772567e-03 7.107655058379350015e-03 7.109707272029749253e-03 7.114733949596959046e-03 7.107561232316369354e-03 7.104189808596501725e-03 7.103995735876735516e-03 7.106344131440934207e-03 7.106328684429247082e-03 7.111249046855671295e-03 7.108877505144079768e-03 7.106379302257508426e-03 7.105168507664806274e-03 7.112177757228564483e-03 6.998029201579413980e-03 7.106231489996432497e-03 7.107413682749010898e-03 7.105116471243128583e-03 7.106574866508782312e-03 7.109762738092303795e-03 7.103951533079242049e-03 7.107692759412426696e-03 7.108717363997303293e-03 7.109963260427072662e-03 7.114682444351092157e-03 7.109918768918716686e-03 7.105266811426326143e-03
7.008440974961201511e-03 7.107521370420873986e-03 0.000000000000000000e+00 7.114049870732531977e-03 7.114591859897133504e-03 7.105277783494257440e-03 7.005015253612582177e-03 7.114345268749037131e-03 7.108300692458582350e-03 7.005959926407769045e-03 7.106385205783681547e-03 7.116609441148119206e-03 7.000109135988241520e-03 7.112242400595531096e-03 7.110937725208716330e-03 7.109593436481881877e-03 7.107339584872003971e-03 7.107557256737460742e-03 7.107280180598158498e-03 7.109580980285413500e-03 7.111055039044420281e-03 7.111019073114965144e-03 7.110815360610298064e-03 7.107728076043811662e-03 7.116980090475030427e-03 7.114395764869671859e-03 7.107498864593402368e-03 7.109845331853753732e-03 7.120419711428515284e-03 7.112001148832574476e-03 7.115306979869744433e-03 7.003745440055766588e-03 7.110802895224242227e-03 7.109874838661829621e-03 7.113324098263471874e-03 7.110865323329168194e-03 7.121248109656343195e-03 7.115626002565174531e-03 7.112077225784989298e-03 7.106448363314137907e-03 7.110892997422722274e-03 7.115373548624109173e-03 7.109989096797855040e-03 7.110757454526936590e-03 7.108483574667792161e-03 7.107366250290423314e-03 7.109786942825982968e-03 7.119206030221866127e-03 7.005835319643402212e-03 7.108794397827726368e-03 7.005972262786953723e-03 7.110963426167121217e-03 7.107139812744209771e-03 7.111771113459021930e-03 7.108734288996292408e-03 7.109929604429111871e-03 7.109908801171608075e-03 7.114276250694366414e-03 7.113198521681548918e-03 7.111937692422518227e-03 7.110785258340113733e-03 7.107352742109753797e-03 7.108739341447774772e-03 7.109792219713411722e-03 7.105219867204195031e-03 7.114218443609492300e-03 7.112012497566376143e-03 7.119387391672286208e-03 7.108837538400578256e-03 7.107505508608859095e-03 7.108878153206870699e-03 7.108592845338885212e-03 7.113283931274051557e-03 7.113045445012996203e-03 7.011953150119848432e-03 7.107103552134204708e-03 7.119053679674120123e-03 7.107284866245275334e-03 7.112063135667236191e-03 7.105309102242763492e-03 7.112220443563888571e-03 7.110911020032878276e-03 7.120584308840382202e-03 7.100362546218647389e-03 7.106214278836953981e-03 7.109624435522390005e-03 7.002815237264996620e-03 7.107614816415213158e-03 7.113158602212195543e-03 7.105160464218489291e-03 7.108421697308657181e-03 7.109690780358835817e-03 7.107450772602133711e-03 7.105106213791534744e-03 7.111198957569108206e-03 7.111132532823942129e-03 7.115788883826574922e-03 7.115634636187577466e-03 7.112223128636079202e-03 7.113206173347283098e-03 7.107325377740464183e-03 7.111147374609926367e-03 7.111244178202525724e-03 7.111043220946235317e-03 7.113190887391752232e-03 7.108664494589527101e-03 7.102980580809363335e-03 7.105011283634104537e-03 7.109710378915650580e-03 7.107432316703465869e-03 7.112303403219765244e-03 7.114498558190147232e-03 7.109660592771464144e-03 7.106020039633314210e-03 7.117791300695353214e-03 7.112114299112994031e-03 7.102633921016406060e-03 7.108570381767811627e-03 7.110815591611151926e-03 6.999340926181982399e-03 7.002505571130285440e-03 7.107602484767515383e-03 6.993327534759014551e-03 7.112311111324193420e-03 7.110651764521904068e-03 7.117992345270725274e-03 7.110997483415571439e-03 7.108830141861708155e-03
7.120217156359886709e-03 7.110995261788056673e-03 7.114049870732531977e-03 0.000000000000000000e+00 7.007113013190861307e-03 7.108481135143326045e-03 7.119048457411071909e-03 7.103823862569322821e-03 7.116347048599634163e-03 7.117906361780446112e-03 7.107243441172501376e-03 7.113149519455326010e-03 7.109509047159521915e-03 7.112982940756054986e-03 7.111842154361744037e-03 7.110814358268449653e-03 7.115315292184305057e-03 7.110721977843808932e-03 7.113049982189762442e-03 7.113495694888123666e-03 7.114346673876527187e-03 7.119029985483409963e-03 7.109505694807605018e-03 7.108611600171382133e-03 7.117460910412384302e-03 7.110704833859075348e-03 7.110806661260187130e-03 7.108441411986630640e-03 7.014996253759665963e-03 7.110757437424495599e-03 7.005615563777836674e-03 7.110951665324542759e-03 7.107193174375115406e-03 7.004607745073661990e-03 7.114129565448312591e-03 7.111915981888868726e-03 7.120266283183730900e-03 7.109393438634752094e-03 7.004757867595343135e-03 7.107397647390072647e-03 7.114128536808790940e-03 7.116383400716259217e-03 7.103893656746401199e-03 7.111711112177916856e-03 7.109520277273221993e-03 7.108202807531519181e-03 7.110603272877109859e-03 7.122437162091974951e-03 7.014115915581641339e-03 7.107376866992005417e-03 7.112728059358762282e-03 7.107267780354645931e-03 7.112878746397321983e-03 7.115627730987473046e-03 7.107309392720433452e-03 7.113596232334048509e-03 7.110811920463431038e-03 7.006777243893052946e-03 7.107374243967145601e-03 7.110585393434318974e-03 7.114333021845029720e-03 7.112949758149990191e-03 7.109688070317999979e-03 7.108433315420906347e-03 7.108464660451259756e-03 7.117553134513902174e-03 7.115314060203757965e-03 7.117838195956574347e-03 7.109538718073404005e-03 7.110472066078624837e-03 7.109636960722336661e-03 7.109685271039380312e-03 7.003261241863877225e-03 7.111841861268392365e-03 7.123631270865719671e-03 7.108471421389889015e-03 7.113053104185001162e-03 7.110737317832459790e-03 7.115876777994115457e-03 7.103993922831721916e-03 7.113640560694778868e-03 7.111878551027621398e-03 7.123488380571474377e-03 7.110467434103331930e-03 7.111973589322321578e-03 7.113055227378345391e-03 7.109321534373007692e-03 7.000050279865511690e-03 7.111708869133195540e-03 7.106348286782174575e-03 7.111901897085591909e-03 7.112967479341194763e-03 7.105864595541751261e-03 7.108439069533783496e-03 7.111874661821790747e-03 7.111917222330010890e-03 7.114231583327281817e-03 7.109313533405116001e-03 7.108435590776164721e-03 7.114084303749869560e-03 7.112967210965064416e-03 7.114190599401329189e-03 7.109471142343401842e-03 7.109449062933230132e-03 7.005880549631880727e-03 6.998543802669592549e-03 7.106271300271291280e-03 7.108227598529218323e-03 7.108366117995580831e-03 7.110654732532829640e-03 7.110620163429753025e-03 7.110746195977055151e-03 7.110799147728266364e-03 7.109310167943552056e-03 7.113890301779886120e-03 7.113072209644112631e-03 7.110633040796395660e-03 7.001187616778586399e-03 7.107256518039091822e-03 7.108438986266197961e-03 7.112058135998733203e-03 7.108405047292888287e-03 7.109841187302920126e-03 7.110687491647724352e-03 7.109737468971032669e-03 7.118629175967455466e-03 7.001190692263637057e-03 7.107284306629066926e-03
7.007297441806401364e-03 7.000675147105160125e-03 7.114591859897133504e-03 7.007113013190861307e-03 0.000000000000000000e+00 7.109069371289862549e-03 7.119676578698253509e-03 7.117799058212951994e-03 7.112233831613046578e-03 7.118262212890101581e-03 7.107744688759120091e-03 7.110828428390846695e-03 7.112216201879415292e-03 7.115531023236846934e-03 7.001450781464568611e-03 7.106291107336320211e-03 7.115910790495937402e-03 7.101876633512525447e-03 7.115898934641069241e-03 7.115823230129222389e-03 7.114707837899011088e-03 7.115162376235526637e-03 7.003459767189366796e-03 7.108896665524917259e-03 7.113602526396154216e-03 7.117809799433305259e-03 7.111179461833052294e-03 7.111194341935570505e-03 7.117075169972925108e-03 7.115799534052048153e-03 7.109849975304974486e-03 7.118004046470272767e-03 6.999135322777395168e-03 7.113408975443499295e-03 7.116915316925515912e-03 7.114315025644816527e-03 7.122619530268332021e-03 7.001392756823390795e-03 7.113558834968887294e-03 7.107901393154192164e-03 7.112226037537398675e-03 7.116942236347184245e-03 6.998146501670449333e-03 7.112391182662176209e-03 7.112325194545980958e-03 7.108795971587676850e-03 7.108704006957887803e-03 7.125097791653095015e-03 7.116134030831449027e-03 7.109956356896957042e-03 7.115443704691370302e-03 7.114696817986360285e-03 7.113246187680921304e-03 7.118023339985530412e-03 7.109756622272178292e-03 7.113915153211655337e-03 7.113418617057405864e-03 7.113324556588522529e-03 6.999202553214508432e-03 7.000320684878084780e-03 7.114743106494597624e-03 7.106299531892890792e-03 7.110177149043973854e-03 7.108854152614448377e-03 7.109014768085390734e-03 7.115811247401016872e-03 7.110617780993130042e-03 7.009508045344429832e-03 7.110096262557812075e-03 7.108673809153039959e-03 7.110225693112484473e-03 7.107658348106310475e-03 7.109723438787369371e-03 7.112123978408376596e-03 7.121707859420512744e-03 7.113345126156768276e-03 7.118193679603033661e-03 7.111010573641407886e-03 7.118366566877905831e-03 7.106565643170440968e-03 7.120562843697088307e-03 7.112607891856548639e-03 7.123892421322469692e-03 7.108751811865624166e-03 7.107367114551899068e-03 7.115720577217007556e-03 7.114508177973660405e-03 7.111125911127617188e-03 6.999114774241195318e-03 7.108728421998869798e-03 7.112358524393867787e-03 7.108841228325580089e-03 7.106265431511952536e-03 7.111017837873357360e-03 7.110224063843849536e-03 7.114600103659043592e-03 7.112350949921191975e-03 7.114415771834923900e-03 7.113606182910862420e-03 7.112355143858484045e-03 7.115769465108872510e-03 7.110098615610399055e-03 7.110165191883892344e-03 7.114455538416290283e-03 7.116930702851176176e-03 7.107717308318651367e-03 7.106498352531881446e-03 7.111111345804647758e-03 7.108908202885967295e-03 6.998015279751106620e-03 7.115859145283780218e-03 7.115716267863170241e-03 7.111396534800172760e-03 7.105242198032675656e-03 7.112149294883309512e-03 7.115736143663311392e-03 7.106269504888700420e-03 7.107822038197239393e-03 7.109787233235844058e-03 7.111096294139793161e-03 7.114444506674599995e-03 7.108900690271489735e-03 7.112373964556159729e-03 7.113711391106922015e-03 7.112093680255617348e-03 7.114589103247482768e-03 7.109962463648973434e-03 7.107704286319017385e-03
7.113398550603580901e-03 7.103968615913739716e-03 7.105277783494257440e-03 7.108481135143326045e-03 7.109069371289862549e-03 0.000000000000000000e+00 6.999344183968291347e-03 7.108723835247967096e-03 7.105216996322068386e-03 7.111373183309979001e-03 7.100292264517962457e-03 7.108518546094834585e-03 7.102636208940372661e-03 6.998158134645778017e-03 7.105058026767829306e-03 7.103965032432005278e-03 7.103892816635051788e-03 7.096910684686616975e-03 7.106131045817672479e-03 7.106537549584668149e-03 7.100327181435999932e-03 7.110269414722588527e-03 7.107293505234335042e-03 7.099108351641483100e-03 7.104115963444516263e-03 6.997944107671393368e-03 7.101558485263910654e-03 7.099027794532693919e-03 7.115097654294760647e-03 7.106292403798947568e-03 7.105036748109107118e-03 7.108855280929715116e-03 7.105176749502107453e-03 7.104044065176218052e-03 7.107761541068788498e-03 7.104903296899584865e-03 7.002643410682235850e-03 7.107329333609105522e-03 7.103806108442268022e-03 7.097887496969376014e-03 7.107477952589492595e-03 7.109673611676585632e-03 7.101560624339373420e-03 7.098047362375531182e-03 7.102540776379758294e-03 7.101561782884012984e-03 7.101610938699445819e-03 7.116139771113258808e-03 7.116089860974844292e-03 7.100143792065249926e-03 7.108794528571353230e-03 7.102543520531433285e-03 7.106156146323704646e-03 7.106329855136659171e-03 7.102686634189506881e-03 7.101675984338582000e-03 7.101672652081092094e-03 7.108535366876185708e-03 7.105155244412254475e-03 7.104002243406083369e-03 7.107479864429499215e-03 7.101529087593360171e-03 7.097934444055919827e-03 7.099112736764348619e-03 7.099113676879538308e-03 7.106135744226964313e-03 7.108401190163864125e-03 7.118729233614483516e-03 7.100043075430037542e-03 7.101317645001742340e-03 7.100375635284422206e-03 7.100293799422629365e-03 7.107348193280874256e-03 7.105241378921164398e-03 7.117492171558647066e-03 7.101517107442210409e-03 7.113667618262265770e-03 7.101386786675842853e-03 7.106103524297083078e-03 7.096718567122059507e-03 7.109173046551731101e-03 7.100272377217546615e-03 7.117239025527374516e-03 7.101423586637567453e-03 7.105351391931778032e-03 7.101495456368301859e-03 7.104799197154130878e-03 7.106362194343623408e-03 7.107510698740510807e-03 7.096811881868889289e-03 7.100288369677475869e-03 7.101504393596647265e-03 7.101579516550315767e-03 7.098977476991070144e-03 7.102824504761646313e-03 7.102901220191192543e-03 7.107641698848136090e-03 7.105061254957994142e-03 7.106250269074235702e-03 7.102809959181935126e-03 7.106248553528086986e-03 7.102657173663705012e-03 7.102674906746080791e-03 7.102598248123820866e-03 7.109733387662175823e-03 7.100490274395307791e-03 7.096850655374046732e-03 7.101183246953001946e-03 7.101319660624634891e-03 7.104003930780850191e-03 7.103905853495762548e-03 7.106429502238012508e-03 6.990797786054703949e-03 7.100252235530470600e-03 7.109824939225901745e-03 7.108812976290996774e-03 7.103968857822767248e-03 7.102577756764635007e-03 7.102538819163495103e-03 7.103775540487516395e-03 7.107529681366067317e-03 7.099105466343129563e-03 7.100435470698285463e-03 7.101452234707791682e-03 7.104777448893339654e-03 7.105163469018461499e-03 7.102750917954998161e-03 7.100190680385662888e-03
7.119507561064006632e-03 7.114663381751950601e-03 7.005015253612582177e-03 7.119048457411071909e-03 7.119676578698253509e-03 6.999344183968291347e-03 0.000000000000000000e+00 7.116696253513835405e-03 7.113354076492364210e-03 7.114805092567020109e-03 7.111135197368782974e-03 7.114404994109650889e-03 7.108721442483172635e-03 7.116910088205819114e-03 7.113268343828592181e-03 7.109898839762425309e-03 7.111860317984673545e-03 7.112220374841828410e-03 7.112208654494122165e-03 7.003849559710082461e-03 7.002493618494439950e-03 7.118180979854815335e-03 7.117827091888648781e-03 7.109975892600397390e-03 7.119101302694241275e-03 7.114517265712621934e-03 7.004027777482027886e-03 7.109766224774956463e-03 7.125438266427077880e-03 7.114417902433461775e-03 7.113321974799159501e-03 7.119300792560526170e-03 7.115749765675412168e-03 7.112155025518914452e-03 7.007551867650191162e-03 7.115600298347858274e-03 7.119209569643451807e-03 7.118226492190042262e-03 7.114380529133512189e-03 7.106413519004118121e-03 7.115655208029272004e-03 7.115671308189310505e-03 7.112344708325635603e-03 7.115646746382858941e-03 7.110886493217764663e-03 7.110009579622538801e-03 7.109666406358275750e-03 7.121770117548479988e-03 7.119216074497024260e-03 7.111125778436589752e-03 7.119025623740422339e-03 7.113266308398332079e-03 7.116537654275585136e-03 7.114194688037209571e-03 7.113460466278738112e-03 6.999197436967874615e-03 7.116631227382175587e-03 7.119110686634664599e-03 7.115563445268882625e-03 7.116824636554679520e-03 7.113345236176018063e-03 7.112117214572053099e-03 7.108553182082772565e-03 7.110048339188240751e-03 7.107534902279993329e-03 7.003682190409249789e-03 7.116637474724636647e-03 7.126328519345425522e-03 7.108841598642796217e-03 7.107384823806211192e-03 7.108939549584492382e-03 7.111273241505649233e-03 7.115606738982826335e-03 7.117995372623277944e-03 7.122865387983645137e-03 7.114333485198780054e-03 7.121604031137241352e-03 7.109664639904082761e-03 6.998998515078600630e-03 7.107643292687861221e-03 7.121671915225943200e-03 7.110797013276676064e-03 7.120333806908102359e-03 7.112117691059034047e-03 7.115656652454708901e-03 7.006152017617525360e-03 7.111069604270602550e-03 7.117003564671356766e-03 7.115884222927386892e-03 7.109870135180487369e-03 7.110874377578088254e-03 7.112098826232653333e-03 7.112161079249172853e-03 6.999172463187561775e-03 7.111021474088317570e-03 7.002882113134654626e-03 7.113418986762097204e-03 7.118036446529568857e-03 7.116874019529644858e-03 7.113141140499957930e-03 7.116425870497700840e-03 7.115746671668852531e-03 7.111061255403437233e-03 7.113322748019994084e-03 7.120556205715896682e-03 7.113504876387298330e-03 6.999436446834261805e-03 7.109631119316052635e-03 7.109906297839813615e-03 7.112151359268258088e-03 7.114483051517488631e-03 7.114571777108802744e-03 7.109899144975467648e-03 7.108837601144278248e-03 7.115617063478440682e-03 7.116649613466815606e-03 7.112091747193585722e-03 7.111023692951862728e-03 7.110889809830699473e-03 7.109905028546089668e-03 7.115637863989062763e-03 7.107472298039064877e-03 7.000372503891572930e-03 7.112144467174719847e-03 7.110645823059785764e-03 7.115414241931287097e-03 7.113409442319766976e-03 7.108697377551149825e-03
7.122896464121733322e-03 7.111109436415866993e-03 7.114345268749037131e-03 7.103823862569322821e-03 7.117799058212951994e-03 7.108723835247967096e-03 7.116696253513835405e-03 0.000000000000000000e+00 7.112045488078930569e-03 7.120358780228573832e-03 7.110161831909348959e-03 7.115535618778688967e-03 7.109755010823361025e-03 7.115711536157924740e-03 7.114190887058647293e-03 7.108760203780293413e-03 7.113005098037997360e-03 7.111149579362706884e-03 7.113050008897204256e-03 7.113480332018277605e-03 7.114492708110604913e-03 7.116940299142954750e-03 7.114316688444953692e-03 7.106529268960982276e-03 7.115207240792341924e-03 7.113187688024787299e-03 7.111007836214391920e-03 7.108508663330218372e-03 7.012595375697786189e-03 7.002604308991171138e-03 7.111743776114058668e-03 7.115745017447193572e-03 7.109741718361701872e-03 7.002246699450299060e-03 7.005936381990974376e-03 7.109805372560166169e-03 7.120204142584620095e-03 7.112186276411771452e-03 7.110834961100858526e-03 7.107594787376764547e-03 7.109779040531518345e-03 7.111843406383607825e-03 7.108536078203917669e-03 7.114346342382032139e-03 7.109670158579163048e-03 7.110979832034576564e-03 7.108441114433592008e-03 7.120531274517473246e-03 7.012135896165866411e-03 7.105232504273391661e-03 7.110751082449384350e-03 7.114389561779383038e-03 7.110590940874831137e-03 7.113200293353877726e-03 7.107412658109283667e-03 7.108764275807691844e-03 7.111049656994542466e-03 7.006594691834157340e-03 7.104948187236921099e-03 7.115738218105267278e-03 7.114627016802689552e-03 7.113371478082860903e-03 7.105093300491804008e-03 7.108686562909299379e-03 7.106273729932209050e-03 7.112790578101136317e-03 7.117718016671734614e-03 7.120246518362521523e-03 7.107782425643678278e-03 7.110671995201138344e-03 7.109700355303547048e-03 7.110037009776673869e-03 7.005821595771568981e-03 7.116778502220833316e-03 7.121667788336952937e-03 7.108564934869290863e-03 7.115392285688442418e-03 7.110834434233930836e-03 7.115633291217434396e-03 7.104191664325688362e-03 7.116230884905845946e-03 7.112056889938520726e-03 7.010294512984787708e-03 7.110859378657652732e-03 7.109770982969894348e-03 7.112934694704046469e-03 7.114478385426858432e-03 7.113209509963035020e-03 7.114459917263196015e-03 7.106454615269693596e-03 7.111871445587059082e-03 7.111123729476237672e-03 7.110565140167129754e-03 7.108594413484469951e-03 6.999120607295877816e-03 7.107324657993562347e-03 7.107299668401496559e-03 7.116630701495610389e-03 7.115513146780785836e-03 7.114375916941699692e-03 7.113022117552155604e-03 7.114492783362652562e-03 6.994425187690295025e-03 7.107333760188478539e-03 7.119118518567685988e-03 6.998938518033770081e-03 7.108716718661743997e-03 7.110903277371105266e-03 7.106260332954640081e-03 7.113127222394931802e-03 7.115601408448015905e-03 7.103893488893602698e-03 7.111041869865818502e-03 7.109555695257617144e-03 7.109756426966844754e-03 7.004763679587613402e-03 7.110836641821355331e-03 7.109572957799605887e-03 7.111905081951848048e-03 7.110825418048998502e-03 7.109572827771249749e-03 7.108733708740278164e-03 7.109983360157590658e-03 7.000338284478302073e-03 7.109670656908315296e-03 7.116440208826063131e-03 7.112014625166123566e-03 7.107534611162028525e-03
7.003545215546907489e-03 6.996746190972187585e-03 7.108300692458582350e-03 7.116347048599634163e-03 7.112233831613046578e-03 7.105216996322068386e-03 7.113354076492364210e-03 7.112045488078930569e-03 0.000000000000000000e+00 7.114422051553343646e-03 7.108675652264980806e-03 7.116277939131424382e-03 7.108502795735023930e-03 7.114621098195088138e-03 7.106105959026675495e-03 7.105074806463119660e-03 7.109760455928948800e-03 7.102660882570757152e-03 7.112178654414999003e-03 7.004096182100622361e-03 7.111037955301212007e-03 7.113512221824991322e-03 7.112867751432784200e-03 7.107714478147706544e-03 7.114590220961113619e-03 7.114243110725859166e-03 7.112163040287930449e-03 7.107588009155370659e-03 7.122684853847623468e-03 7.109759457086963982e-03 7.110842371774227753e-03 7.003895121731652969e-03 7.113225370285912973e-03 7.112111683364754494e-03 7.007416175245460323e-03 7.113189671693092436e-03 7.010852129494806080e-03 7.113197638085400412e-03 7.112293586168175197e-03 7.106582290310423447e-03 7.113186109523104636e-03 7.108575727845554450e-03 7.109840134691550531e-03 7.108550875539806392e-03 7.110863553429109217e-03 7.109832499953293999e-03 7.107443731148649184e-03 7.121624388447206702e-03 7.116624861309662695e-03 7.106296083473961044e-03 7.114322221032357528e-03 7.113204019286298828e-03 7.003670988774827674e-03 7.114393252211899041e-03 7.111057714338384940e-03 7.110066275292105040e-03 7.107223583967557656e-03 7.112123729167758868e-03 7.113143612421491714e-03 7.112099569109608596e-03 7.110845643668491957e-03 7.107233197180736275e-03 7.106422551753875487e-03 7.109918281783774927e-03 7.105257300135361248e-03 7.114193874725024611e-03 7.109716111800268995e-03 7.121422844138415066e-03 7.108731541825741469e-03 7.107512168351675340e-03 7.109008191529214357e-03 7.106282593065316698e-03 7.113287828307835771e-03 7.110989362954257646e-03 7.009502089243130167e-03 7.111872637598512167e-03 7.121563277802690599e-03 7.104830212432191108e-03 7.114454519231071424e-03 7.105380479949190316e-03 7.114570173170109944e-03 7.108659083938978843e-03 7.120373803142079037e-03 7.105050378250908800e-03 6.997961196139731652e-03 7.111676752004984260e-03 7.113326559213704534e-03 7.112329184759819123e-03 7.113409772124184259e-03 6.994566868464013182e-03 7.110944912074224425e-03 7.112120626872259384e-03 7.107343053488833495e-03 7.105095784188593042e-03 7.111187213186875855e-03 7.111137155496256509e-03 7.111272478915316338e-03 7.115727923130426777e-03 7.114546139067989133e-03 7.111082828082984468e-03 7.111880660740608172e-03 7.108737775332312631e-03 7.111088484729838517e-03 7.110895058000103741e-03 7.113285463217720699e-03 7.108840162608809181e-03 7.107562614178517500e-03 7.107251909542157062e-03 7.109882112111962603e-03 7.109663374932633124e-03 7.114727888164577851e-03 7.109918862240510555e-03 7.107364934553448213e-03 7.106322199065685796e-03 7.115630148718843188e-03 7.001358883597437466e-03 7.107366589560151944e-03 7.106357631610047895e-03 7.000492982444967913e-03 7.112074632595962072e-03 7.108492453415609855e-03 7.107490844443069451e-03 7.110890771752169902e-03 7.109867278578768310e-03 7.113280692316086007e-03 7.117773755962121009e-03 7.111182748510620419e-03 7.108817215240607369e-03
7.113069389232418507e-03 7.115996603025781519e-03 7.005959926407769045e-03 7.117906361780446112e-03 7.118262212890101581e-03 7.111373183309979001e-03 7.114805092567020109e-03 7.120358780228573832e-03 7.114422051553343646e-03 0.000000000000000000e+00 6.999208547515061753e-03 7.115516006206634714e-03 7.109821544455456957e-03 7.120419806073697601e-03 7.117153899383682307e-03 7.113640909942917090e-03 7.115896250639766780e-03 7.113451740568086691e-03 7.115595255918802375e-03 7.004979385934006694e-03 7.114595065901489594e-03 6.998823486404130018e-03 7.114366908703439324e-03 7.108951252211610609e-03 7.120474537312226730e-03 7.120254908882139161e-03 7.113422409330809153e-03 7.106638259466916026e-03 7.123961327263447947e-03 7.111188008040310662e-03 7.116877103810270028e-03 7.110923801358469930e-03 7.114544064592005779e-03 7.118156638629519542e-03 7.117198139952111459e-03 7.116967016064053818e-03 7.120369166433719761e-03 7.116919711454268958e-03 7.118108847685003515e-03 7.107760345294639528e-03 7.003639063418952253e-03 7.119332871067708332e-03 7.111389016194074805e-03 7.112197390163866283e-03 7.114520965250724013e-03 7.106496859779073798e-03 7.108854666701254488e-03 7.009292871219547326e-03 7.115502975331115462e-03 7.112621433711075261e-03 7.113655908831653142e-03 7.117224008992881212e-03 7.007286713629170237e-03 7.115552099844065989e-03 7.112611222833902826e-03 7.113671355561629848e-03 7.115734720543053470e-03 7.115850855829608523e-03 7.114502043512519955e-03 7.113496189234162596e-03 7.001212481088331212e-03 7.002748177869224169e-03 7.112485925947066405e-03 7.108989700551917278e-03 7.000827812760988117e-03 7.118208146871599085e-03 7.118030539229144860e-03 7.016825067637358360e-03 7.112441301048405551e-03 7.113515639136925618e-03 7.112619135815445408e-03 7.105387677290708227e-03 7.116899079689660568e-03 7.107220841542809427e-03 7.126330462745600683e-03 7.110848182751461008e-03 7.120595685072180804e-03 7.115769104328918855e-03 7.117948618812150637e-03 7.109154028898038817e-03 7.002139306983762301e-03 7.114753700744776144e-03 7.124162000680986373e-03 7.002576671911671206e-03 7.114394702034701652e-03 7.113505146141219787e-03 7.114545905859217395e-03 7.115885448750087182e-03 7.114760693164533072e-03 7.111363164410880629e-03 7.109870168753282087e-03 7.115999252362906202e-03 7.108886996795051906e-03 7.113601943047379549e-03 7.112691314563336295e-03 7.116844691782741976e-03 7.114906410791843952e-03 7.119354373700963017e-03 7.113453509182049439e-03 7.105015991642358621e-03 7.113196521280815837e-03 7.112181767264621167e-03 7.114897198695573251e-03 7.116856472570242884e-03 7.005944593665427642e-03 7.114785487388357310e-03 7.111378029641453151e-03 7.111043012219883143e-03 7.113420768456897580e-03 7.115713376001049813e-03 7.113782824219580525e-03 7.115819472044716473e-03 7.113599651068826420e-03 7.105381326634701948e-03 7.119313939669221283e-03 7.118133127650801834e-03 7.113367578607427376e-03 7.114570459165552550e-03 7.112257349644421356e-03 7.113495825167231480e-03 7.114891126205317821e-03 7.113680351702337222e-03 7.001694688787672878e-03 7.116193759199187716e-03 7.114779599762179052e-03 7.121485887088705759e-03 7.112295476162124735e-03 7.112432573394820469e-03
7.112227954994595168e-03 7.105365341046181518e-03 7.106385205783681547e-03 7.107243441172501376e-03 7.107744688759120091e-03 7.100292264517962457e-03 7.111135197368782974e-03 7.110161831909348959e-03 7.108675652264980806e-03 6.999208547515061753e-03 0.000000000000000000e+00 7.105175463486611102e-03 7.103799277265342681e-03 7.109979433737634129e-03 7.106236113140908250e-03 7.105267843290371740e-03 7.107469270408440370e-03 7.100387277257295786e-03 7.107660760622570156e-03 7.107603570277194922e-03 7.106020881412926371e-03 7.106437086140584419e-03 6.997913415272579915e-03 7.097933826124112541e-03 7.109976307318160126e-03 7.107469825606857992e-03 7.102768449400567730e-03 7.100199762596857804e-03 7.118570626092297210e-03 7.107507863047575133e-03 7.106100606205886447e-03 7.109816518045533260e-03 7.106290975195697114e-03 7.107605776222121648e-03 7.111225439170999578e-03 7.106210531739621909e-03 7.112070879761190831e-03 7.108617815286489595e-03 7.105033557856023710e-03 7.099149170010209814e-03 7.103882624982476961e-03 7.110978017248278764e-03 7.102728421877669077e-03 7.103763331953446419e-03 7.101503919239067139e-03 7.097893521827798938e-03 7.102697584111179394e-03 7.109975620524383762e-03 7.114767012001843235e-03 7.101601359917358858e-03 7.112244859372687800e-03 7.103959295172933806e-03 7.102769612894727254e-03 7.109745584328872395e-03 7.103951809011358615e-03 7.105474087424176917e-03 7.105047684032542166e-03 7.109529812341688557e-03 7.106221672317411184e-03 7.107315721951303761e-03 7.103976567263546593e-03 7.100243767385911765e-03 7.101562969559314410e-03 7.102675868855893616e-03 7.098081097286104528e-03 7.109744604948864746e-03 7.109618725491238973e-03 7.115048354096191290e-03 7.099107326903442150e-03 7.102639606382977686e-03 7.101500511731243491e-03 7.101216157805271927e-03 7.108475353339256675e-03 6.995512521966431620e-03 7.118870500139306071e-03 7.104877460332649497e-03 7.114767291393537044e-03 7.105092391797154100e-03 7.107784442695980372e-03 7.098088305801776056e-03 7.105293216608944695e-03 7.103909794255674516e-03 7.118629525601750940e-03 7.100233736374945460e-03 7.106561515891377315e-03 7.107213786344972889e-03 7.103569729768394701e-03 7.105134726635530321e-03 7.104038964339936049e-03 7.100427998652110960e-03 7.103797398158880234e-03 7.105161717894593193e-03 7.102560262022166934e-03 7.102693140903582406e-03 7.103967728255168937e-03 7.106364424979366365e-03 7.108849722796897405e-03 7.106267051194057986e-03 7.102538501683222996e-03 6.995522801468649805e-03 7.107384523134798078e-03 7.103729222565706783e-03 7.104042734235146289e-03 7.106204503069257772e-03 6.995626254534790395e-03 7.103955325288281893e-03 7.100382830944873373e-03 7.102408633397554183e-03 7.098080985529739081e-03 7.105089858733423976e-03 6.996848147370069229e-03 7.107825821262136329e-03 7.100374527441952535e-03 7.101370074987998528e-03 7.106496637497006046e-03 7.110027231361123502e-03 7.105226828615094151e-03 7.101548784254512955e-03 7.101459692861297919e-03 7.105125307984674551e-03 7.108930818010729749e-03 7.102762884790286488e-03 7.101652317466455866e-03 7.105167818900650321e-03 7.106285129204398428e-03 7.111062567251861394e-03 7.103815940334890985e-03 7.099348153546027572e-03
7.113424225689853227e-03 7.110763183623972777e-03 7.116609441148119206e-03 7.113149519455326010e-03 7.110828428390846695e-03 7.108518546094834585e-03 7.114404994109650889e-03 7.115535618778688967e-03 7.116277939131424382e-03 7.115516006206634714e-03 7.105175463486611102e-03 0.000000000000000000e+00 7.111948791458166247e-03 7.113232731806555173e-03 7.001364348981219295e-03 7.110769669579738300e-03 7.115364497399339488e-03 7.108504266353992546e-03 7.115431115063237770e-03 7.117777548190300056e-03 7.003558378359022937e-03 7.116626941493198535e-03 7.116413848092259867e-03 7.106366448786280085e-03 7.115483502791574572e-03 7.117709665840074758e-03 7.103909982179343330e-03 7.106240456245529850e-03 7.012959162573573560e-03 7.112956099403705025e-03 7.116290667859980802e-03 7.117908168802021887e-03 7.114325736090866548e-03 7.112934319422475893e-03 7.114443586633317253e-03 7.109784391733213645e-03 7.115203514548481580e-03 7.111873865441607594e-03 7.113104736781578757e-03 7.102800972327220734e-03 7.112156693157964740e-03 7.005908688918755303e-03 7.108643013003752148e-03 7.111844935828033100e-03 7.107455177293478879e-03 7.108441194128897050e-03 7.110741325269461822e-03 7.009527257228452719e-03 7.122183046143862849e-03 7.109633039208058426e-03 7.117794778241821017e-03 7.114423661023320210e-03 7.113152610237240270e-03 7.113379197740901314e-03 7.112388079009318055e-03 7.113449544363594119e-03 6.997684270906336101e-03 7.117671868239629392e-03 7.107434183762528779e-03 7.004663968692506799e-03 7.109813245613273193e-03 7.110498850196806872e-03 7.107346819939804050e-03 7.108342803923628321e-03 7.108557563037347371e-03 7.004516462276319348e-03 7.007014712844363176e-03 7.117981949345967077e-03 7.107568169199050476e-03 7.108649076424830744e-03 7.109833581077522335e-03 7.107325104326392418e-03 7.116715785971086845e-03 7.114193513335181213e-03 7.121418427448807272e-03 7.113244353903082524e-03 7.115487301511745459e-03 7.108326721159635361e-03 7.110990008361977102e-03 7.106400650314997729e-03 7.111038247633689677e-03 7.109706609778382660e-03 7.123808145428129311e-03 7.110850397874823522e-03 7.109736476144637787e-03 7.110794181221359242e-03 7.111668389347372728e-03 7.110855040925573821e-03 7.114243842150246369e-03 7.106441085593996967e-03 7.109708619579288222e-03 7.108707054731397065e-03 7.108292545431565794e-03 7.110793797838305640e-03 7.112158150600610476e-03 7.109729218434890363e-03 7.003691129202395567e-03 7.114358190248823086e-03 7.110854599312080651e-03 7.001046324048723103e-03 7.113196149726330741e-03 7.111708064585896098e-03 7.109753738476009416e-03 7.109584894124563841e-03 7.006052283111197272e-03 7.112092254852058273e-03 7.108754776292520831e-03 7.110605784955962953e-03 7.110896111569563714e-03 7.002399976311620387e-03 7.113104266301576578e-03 7.110756035877955315e-03 7.108552772138774546e-03 7.109536457984239576e-03 7.116676517274747940e-03 7.106214761702651060e-03 7.108704288965761453e-03 7.109753111062603464e-03 7.109698105025107767e-03 7.113500349500393935e-03 7.112166338666497251e-03 7.104092490728250789e-03 7.112169278906013518e-03 7.110735127847393235e-03 7.109568668333773010e-03 7.111971926361175186e-03 7.114331994164095445e-03 7.104989338634969814e-03
