0.000000000000000000e+00 6.959402610577426242e-03 7.066686065528505339e-03 6.967885514005815392e-03 6.955054532304995665e-03 6.962120680107214063e-03 6.960606327728335180e-03 6.966361370899789955e-03 6.960683864931612938e-03 6.958404042786201296e-03 6.964056100229477214e-03 6.965078765451713713e-03 7.068711902669224181e-03 7.068787466957082363e-03 7.072929412195206288e-03 6.965975143583646827e-03 6.958684586422227321e-03 7.069859121611426177e-03 6.967005691052950180e-03 6.965914257265636879e-03 6.963998117235865870e-03 6.962987608042241899e-03 6.962922988720900153e-03 7.068821965420630897e-03 6.961779697034788800e-03 6.958582837777712270e-03 7.068892881876581540e-03 6.969158930091302190e-03 7.065160076775212072e-03 6.962023756765900288e-03 7.067921200009186743e-03 6.963256394572190158e-03 7.130092697045430257e-03 7.126669099193728291e-03 7.125351771572917790e-03 7.117309393678794040e-03 7.132003965572083701e-03 7.131613338933844720e-03 7.127801856211236041e-03 7.123281905868083207e-03 7.131163425937596216e-03 7.134537966558203090e-03 7.131743221838544346e-03 7.137463243434298034e-03 7.132797658347957495e-03 7.134674859271238068e-03 7.125385330430627009e-03 7.124844843393020322e-03 7.140088223403145973e-03 7.130026032504692760e-03 7.132855376994281724e-03 7.126736923400974442e-03 7.121422771557746161e-03 7.133737380547532092e-03 7.126810737660892354e-03 7.133607335415898323e-03 7.131283736106308266e-03 7.126365648282403410e-03 7.130510076583664383e-03 7.143453880133455829e-03 7.132036182452733061e-03 7.136526144119642243e-03 7.130364366941239693e-03 7.120641838725997978e-03 7.129923559727711913e-03 7.130198240778708521e-03 7.125522331833871598e-03 7.122165023293731273e-03 7.121979998499862290e-03 7.124634507137222322e-03 7.123555064491187729e-03 7.122565483094854023e-03 7.117795724327234154e-03 7.121432389116876330e-03 7.120187963690410501e-03 7.116060945548945138e-03 7.116415375345038104e-03 7.117949372701008227e-03 7.129392043372466230e-03 7.124222291035230137e-03 7.119484068838410375e-03 7.125753256821238182e-03 7.018412638597266995e-03 7.122350986966299001e-03 7.124151645619298048e-03 7.117538424504135479e-03 7.118528132534526591e-03 7.125020194532693911e-03 7.120633734598432775e-03 7.127882526868993193e-03 7.122000958390236822e-03 7.105201691510072519e-03 7.116334183683689987e-03 7.120942715100351227e-03 7.129588773404960805e-03 7.126139393821985524e-03 7.136472339887816284e-03 7.124583388603278333e-03 7.119657314781663998e-03 7.114908264536420196e-03 7.128397879431032196e-03 7.120092823787329758e-03 7.119175566039194838e-03 7.130439054462893965e-03 7.127840892225234537e-03 7.129977735044867870e-03 7.119026420186214468e-03 7.133993408829735622e-03 7.139803123767156368e-03 7.127462192738707146e-03 7.133498744297716611e-03 7.127596560576424621e-03 7.126401963011879531e-03 7.117937027999288180e-03 7.128227473026462618e-03 7.125210564830749757e-03 7.119328415056564059e-03 7.119080370916457991e-03 7.123155914086252809e-03 7.128715254078772656e-03 7.136104791040639127e-03 7.133686721778896393e-03 7.126313803980258675e-03 7.128950748998191811e-03 7.113973773021667509e-03 7.120970945757001264e-03 7.122711532001857818e-03 7.128985975652184920e-03
6.959402610577426242e-03 0.000000000000000000e+00 6.966710594838948153e-03 6.964485598292438455e-03 6.958277592296897851e-03 6.963202633488801280e-03 7.060670498148568196e-03 6.969489184215225258e-03 7.067477856430874963e-03 6.959524963678224811e-03 6.958215307675021978e-03 6.963905632924247135e-03 6.959739161248340578e-03 6.962152648429511571e-03 7.067644886175456463e-03 7.068333933779559312e-03 6.964226120935750573e-03 7.068740090842951657e-03 6.961419055343648875e-03 6.965042523792480157e-03 6.967133795482229920e-03 7.065181449184129367e-03 6.961943539998939612e-03 6.964240685455050373e-03 7.068537696627132452e-03 6.964123620249527101e-03 7.071996072159536691e-03 6.970037914764503836e-03 6.964880268189086072e-03 7.068788373250407472e-03 7.071039044513493903e-03 6.962196246557625368e-03 7.124442482193675541e-03 7.123203801787127837e-03 7.119885308313921544e-03 7.112058245253061010e-03 7.126488404331060220e-03 7.128123428776052956e-03 7.122390548474602685e-03 7.120060077297445458e-03 7.127662429376246250e-03 7.126902748682805919e-03 7.126042907260996331e-03 7.131798272438085937e-03 7.127201511197600418e-03 7.129060530598913328e-03 7.120037853869981732e-03 7.119340486795419122e-03 7.134293622692687228e-03 7.124402937681659914e-03 7.127209264501159491e-03 7.121182677832677346e-03 7.118198947197345791e-03 7.128009585389670152e-03 7.119215408152755435e-03 7.024196662315998832e-03 7.125751035364500004e-03 7.120817622539317611e-03 7.122975209244141251e-03 7.135620210967134891e-03 7.126371326053731158e-03 7.131015101586987183e-03 7.127020261594997803e-03 7.117312864067011288e-03 7.129118418606097962e-03 7.131742597142059700e-03 7.124582202573723384e-03 7.121156832940962744e-03 7.123368428445795049e-03 7.123734865199431686e-03 7.124746294337234651e-03 7.123822381738371956e-03 7.118784692984214679e-03 7.122688093149896933e-03 7.121482382066393439e-03 7.114985428123615438e-03 7.117691004365348136e-03 7.119016421240514404e-03 7.133087263132852074e-03 7.123301728407060648e-03 7.120889299623033020e-03 7.129340659416426480e-03 7.123759907036347414e-03 7.121510018789987961e-03 7.125231652175227116e-03 7.116293737059306047e-03 7.115371616926688229e-03 7.126459702573468072e-03 7.121872758851573171e-03 7.129243671128515127e-03 7.123259291205652315e-03 7.103933319666734698e-03 7.117506799346485710e-03 7.122240915800956071e-03 7.131039544936591118e-03 7.127353445291692742e-03 7.134281672226758762e-03 7.122509877817505275e-03 7.117620159179189644e-03 7.112777777770764275e-03 7.126472725114508383e-03 7.118057141072674926e-03 7.117051650563447837e-03 7.128393942079280267e-03 7.125901234695558584e-03 7.127999138940727293e-03 7.117032385383471361e-03 7.131919436307740390e-03 7.137668044811736577e-03 7.123361567027318257e-03 7.131499137545455405e-03 7.125523429513761289e-03 7.124402238794094906e-03 7.118241126102561531e-03 7.126130842818655629e-03 7.125165304303245940e-03 7.115218245128704204e-03 7.119329417226330503e-03 7.121120429922919194e-03 7.128766286455760944e-03 7.134130780850316510e-03 7.131812864476157719e-03 7.122127008205664245e-03 7.126965527133636950e-03 7.112006956299501970e-03 7.116725578460620510e-03 7.118644209700268795e-03 7.127053554117049501e-03
7.066686065528505339e-03 6.966710594838948153e-03 0.000000000000000000e+00 6.964521847917182207e-03 6.962561081664800713e-03 6.957308018598875633e-03 6.962917535232223884e-03 7.070235290576557842e-03 6.966024645063825620e-03 6.963363364375553359e-03 6.964838830314325213e-03 6.965422390760636281e-03 7.066401165989832922e-03 6.958314503695595815e-03 6.965778547793291357e-03 6.964007508824115143e-03 7.069736828032456046e-03 6.959714920279724479e-03 6.960814545599868300e-03 6.964693475523524302e-03 7.067450698050261118e-03 6.963130397204960430e-03 6.958320302964909713e-03 6.958823815723261773e-03 6.964372387008830288e-03 6.958756930792108289e-03 6.958977988429704276e-03 6.967647626578210747e-03 7.070552009182629397e-03 6.957368154622937083e-03 6.955083648583854951e-03 6.960916635100778543e-03 7.134555920124117413e-03 7.131315300747314255e-03 7.130113809951678198e-03 7.122363819092653557e-03 7.138671245346549579e-03 7.136123753436754251e-03 7.132471873599562084e-03 7.128199139540908336e-03 7.135612121694790908e-03 7.138825860323695649e-03 7.133862888681680690e-03 7.141781911114417243e-03 7.137157328992212689e-03 7.138766131599205006e-03 7.130236700157032911e-03 7.129565237765085432e-03 7.143773577586596570e-03 7.134663030337482816e-03 7.139172513694015329e-03 7.133546741204773063e-03 7.126312908695643135e-03 7.138131644628480620e-03 7.129102493451860111e-03 7.137975132597686699e-03 7.135998016675671428e-03 7.130953891243679323e-03 7.135017084770538254e-03 7.042121740227820156e-03 7.136468314192842728e-03 7.140912314810322035e-03 7.135051017656033646e-03 7.125527764172964913e-03 7.139355209562805483e-03 7.142032013996851836e-03 7.134857337974004343e-03 7.131262024451833978e-03 7.133696992504433808e-03 7.133902758346887148e-03 7.135181715402870613e-03 7.134216050719521113e-03 7.129230421063401449e-03 7.133058453153793416e-03 7.131862975002511984e-03 7.125374345097206311e-03 7.127587107657191653e-03 7.129456034954143040e-03 7.140973496848612712e-03 7.133676417685810671e-03 7.133048442604743127e-03 7.137454775533733260e-03 7.135969130335619720e-03 7.131857802702611104e-03 7.135547857169828936e-03 7.126697465881596735e-03 7.127900650796063255e-03 7.136623780573155516e-03 7.132156211219345572e-03 7.139585080274691783e-03 7.133586336496956955e-03 7.116355133367854510e-03 7.127979246864750429e-03 7.132589436606670032e-03 7.141372890376082756e-03 7.137670568899188647e-03 7.141258923060186600e-03 7.129785885203857726e-03 7.124936212350744744e-03 7.120346981779170602e-03 7.133616457179216969e-03 7.125356299035284606e-03 7.126761810129976678e-03 7.133138313628924719e-03 7.135127750443830998e-03 7.137267613717947212e-03 7.126663386756423857e-03 7.138903402460885193e-03 7.144441436535840101e-03 7.130308503714868559e-03 7.138613774522660667e-03 7.132631048803553600e-03 7.131477827831872278e-03 7.125379791115182306e-03 7.135487693834413787e-03 7.130003660711863901e-03 7.126559611868329633e-03 7.128966068107479327e-03 7.128386933126883498e-03 7.135791622579435757e-03 7.141105750930940715e-03 7.138631281866099354e-03 7.133289816710046936e-03 7.136205968297196396e-03 7.119388718152579870e-03 7.128199622259799237e-03 7.021863845621742484e-03 7.136361154621416285e-03
6.967885514005815392e-03 6.964485598292438455e-03 6.964521847917182207e-03 0.000000000000000000e+00 6.965027726606417766e-03 6.965692279672123892e-03 6.959393029454581485e-03 7.074818925790276984e-03 6.965398446668913043e-03 7.073596740043378711e-03 7.067895518401575393e-03 7.073758562995360703e-03 6.966086363267776776e-03 6.964041312151741762e-03 7.070899292833519000e-03 7.067793572863713229e-03 7.068455032672155310e-03 6.964169242631058562e-03 7.067101747751667988e-03 7.062965856153310615e-03 6.957484503803563862e-03 7.069080172320781064e-03 6.954772987149999454e-03 6.963705250558079214e-03 6.960263039231634821e-03 6.963515372530862911e-03 6.960907712806710911e-03 7.069892944355189029e-03 7.074361853312769767e-03 7.068200429055804951e-03 6.963003691328258256e-03 7.067028561226667074e-03 7.119510074066274716e-03 7.116033848289076043e-03 7.114773542331005209e-03 7.106702615259442683e-03 7.121495817283598692e-03 7.121083452577135764e-03 7.117193092437175059e-03 7.112764033048947845e-03 7.120582688656301555e-03 7.124367540682768896e-03 7.119241812205335217e-03 7.126950410000781541e-03 7.122109429814283722e-03 7.126426275354680838e-03 7.114836120156411113e-03 7.114236135397428856e-03 7.134024635042549890e-03 7.119459858084135721e-03 7.124732710520756754e-03 7.116162891075683387e-03 7.110737114420925646e-03 7.123195003891000937e-03 7.114255612473266432e-03 7.123380429610224468e-03 7.120870360513445116e-03 7.115651556573678385e-03 7.120293170866002531e-03 7.131106995856111887e-03 7.121509356147028361e-03 7.126044787326478100e-03 7.119887456088398042e-03 7.109990467184022431e-03 7.120553933479130751e-03 7.123194866649079117e-03 7.115978182777233686e-03 7.114848251235047528e-03 7.114701939192434946e-03 7.115073147956394069e-03 7.116208515046758450e-03 7.115275676883582937e-03 7.110332671971539634e-03 7.114098356184728536e-03 7.112882130694053728e-03 7.106200298127002268e-03 7.111590693329305525e-03 7.110422090915432224e-03 7.124766974708346412e-03 7.114704388321351977e-03 7.114529080516571354e-03 7.118946196279037422e-03 7.115470565122457985e-03 7.112854334626538336e-03 7.116752026648132112e-03 7.107649681927702412e-03 7.108944780645395402e-03 7.117781881413912451e-03 7.113275159354210016e-03 7.120754196236487102e-03 7.114581696682210216e-03 7.097438939435041227e-03 7.108812040796485925e-03 7.113627822965840411e-03 7.122522772690936463e-03 7.118776415405802041e-03 7.126127154423310406e-03 7.114014679413006859e-03 7.109062295722059013e-03 7.104218219398653576e-03 7.118019721237467054e-03 7.109406456358341279e-03 7.108490158017034648e-03 7.120053440404177855e-03 7.117379902114945311e-03 7.119552277989934369e-03 7.108411876918713235e-03 7.123615782764667996e-03 7.129542517781776653e-03 7.114992907263185257e-03 7.123046934179278269e-03 7.116971194185143373e-03 7.118308885207829187e-03 7.112129106372813356e-03 7.117687627621478372e-03 7.116935346900649280e-03 7.109168073701904733e-03 7.110710684447968909e-03 7.112516677043908934e-03 7.120581249107631183e-03 7.125798416950378765e-03 7.123367402621557862e-03 7.115807237323736219e-03 7.118559497493641766e-03 7.105742155485505508e-03 7.108409506873318920e-03 7.110277980817005655e-03 7.118628091285714339e-03
6.955054532304995665e-03 6.958277592296897851e-03 6.962561081664800713e-03 6.965027726606417766e-03 0.000000000000000000e+00 6.956556897994505169e-03 6.957240013295684818e-03 6.963336407069976343e-03 6.962374961765775000e-03 6.957367933189319113e-03 6.958585618587931516e-03 6.959634773574068650e-03 6.962125993526102098e-03 6.960158388827122553e-03 7.072204709480995992e-03 6.963082966832205220e-03 6.959882004007442516e-03 7.071067911097015865e-03 6.961630103742670606e-03 6.958460837810705873e-03 7.070840211143873330e-03 6.959495848534181725e-03 6.959749294768117350e-03 7.070234870225342201e-03 6.963320405186212113e-03 7.065238074145880134e-03 7.067900273135769434e-03 7.073726486310126516e-03 6.956300068659630395e-03 6.965810933131392699e-03 7.066924930270537288e-03 7.070023499911289380e-03 7.129484006924148055e-03 7.126098406985013380e-03 7.124768044577288982e-03 7.116740173132012938e-03 7.131495692746092109e-03 7.131000995489800154e-03 7.127206481569730787e-03 7.122732567727795873e-03 7.130594245046662297e-03 7.131805523974110370e-03 7.131163833370173476e-03 7.136851408559239003e-03 7.132192226256578449e-03 7.136214326640586206e-03 7.124876715978163515e-03 7.124274796405704289e-03 7.141457376869588848e-03 7.129439765411033601e-03 7.132196052132779365e-03 7.126169043139849238e-03 7.120774232158996742e-03 7.133124833650377264e-03 7.126278496799954253e-03 7.133045575966840378e-03 7.130790453161288574e-03 7.125757835267997053e-03 7.127733276661216318e-03 7.140771860974858866e-03 7.131464780535935917e-03 7.135955096918838655e-03 7.129824993252961533e-03 7.120030846618972259e-03 7.130544770772806636e-03 7.133090989992904411e-03 7.126019297324352568e-03 7.124758739649770384e-03 7.124692913823478871e-03 7.125151727606625698e-03 7.126195135161299786e-03 7.125226613255563647e-03 7.120331056440268834e-03 7.124100008842989239e-03 7.122892349538710068e-03 7.116439236885780534e-03 7.118940795338594280e-03 7.120467945769381329e-03 7.132405839853754766e-03 7.124714521740876071e-03 7.122147101757146659e-03 7.128594259179452455e-03 7.124975231035360519e-03 7.122877034175095594e-03 7.126774671473832048e-03 7.117830245845874378e-03 7.119006300382471272e-03 7.127745014108066712e-03 7.123240255271748485e-03 7.130636315421433856e-03 7.124625735435636750e-03 7.105236098710281285e-03 7.118925045620979122e-03 7.123678387711992327e-03 7.132427283222657344e-03 7.128781558989968729e-03 7.135862425717352624e-03 7.123931441633163213e-03 7.119133772290001626e-03 7.114254001158512933e-03 7.127849978867597559e-03 7.119442995209490470e-03 7.118520917047351827e-03 7.129790074428194076e-03 7.127356203222564267e-03 7.129451583524007083e-03 7.118503262582845208e-03 7.133424104605485053e-03 7.139244538810310056e-03 7.124724198415841731e-03 7.132948038097380351e-03 7.126944760548245550e-03 7.125763784375522235e-03 7.119559448561861396e-03 7.127655394584000124e-03 7.124617054827789633e-03 7.116493903815229033e-03 7.120711999170845942e-03 7.122507973116264796e-03 7.128092118492231587e-03 7.135536397267017508e-03 7.133141842101026024e-03 7.127820451606214219e-03 7.128378447730462399e-03 7.113424644759940886e-03 7.118171636314150202e-03 7.120007011407109010e-03 7.128452483960597691e-03
6.962120680107214063e-03 6.963202633488801280e-03 6.957308018598875633e-03 6.965692279672123892e-03 6.956556897994505169e-03 0.000000000000000000e+00 6.959368721796622970e-03 7.069021268678001707e-03 7.070209023509564129e-03 6.962103666756602922e-03 6.963674503146797222e-03 7.065364467972931432e-03 6.959693468225652997e-03 6.957296384918720128e-03 6.967084049540135139e-03 6.960928770601035147e-03 6.962841978254230221e-03 6.961105288536468573e-03 6.957359667701189243e-03 6.959124536893675043e-03 7.066786694817109478e-03 6.961866604460734652e-03 6.959577517886020304e-03 7.067821028410718395e-03 6.960966803346798661e-03 7.065258813706188842e-03 6.957753951264589350e-03 6.962326072040841626e-03 6.963875083464079845e-03 6.963049187055514976e-03 6.958544383019846409e-03 6.964423963369684341e-03 7.136880812862819549e-03 7.133560642053499504e-03 7.132233438130547443e-03 7.124328884118359337e-03 7.138865404447467151e-03 7.138431591447722165e-03 7.134696802032026129e-03 7.130295288129505533e-03 7.138016570025155182e-03 7.139206692559856189e-03 7.136252223818759580e-03 7.144274443169305010e-03 7.139611916896804709e-03 7.141238709666119545e-03 7.132305904725366914e-03 7.131748419896810284e-03 7.146320547805019505e-03 7.136908516393255381e-03 7.141577239937880843e-03 7.133628388550952194e-03 7.128331621556503218e-03 7.140525235381121709e-03 7.133554643485727660e-03 7.140336848338327269e-03 7.138109020493597391e-03 7.133269315536889393e-03 7.135213347835864771e-03 7.147848948527221226e-03 7.138927251071607721e-03 7.143356341372157983e-03 7.137199796121507581e-03 7.127543013425282660e-03 7.137235303515271530e-03 7.137542299025227514e-03 7.132812894975657479e-03 7.127104507594207543e-03 7.129449150476743421e-03 7.129756250570837631e-03 7.132855762800503763e-03 7.132080232490091258e-03 7.125075194625906348e-03 7.128735281174919912e-03 7.127583873980654176e-03 7.123454442511687433e-03 7.019381626343653043e-03 7.125112012339149085e-03 7.136708854931657006e-03 7.131520885935401996e-03 7.130993016505730343e-03 7.135056418110529569e-03 7.129543660614889519e-03 7.129785485940371738e-03 7.131318279121160418e-03 7.122605928115212891e-03 7.123677054018282169e-03 7.132345849535411640e-03 7.127941500998095925e-03 7.135192888125686979e-03 7.131306656296582634e-03 7.112409075937252238e-03 7.125810253074359862e-03 7.128294225057875411e-03 7.136851533253968372e-03 7.135592623798901052e-03 7.143426882930250209e-03 7.131543913426918908e-03 7.126837309340933527e-03 7.122065783594457022e-03 7.135379492388798858e-03 7.127104235472794466e-03 7.126261846604781125e-03 7.135038306816900676e-03 7.134916219683374618e-03 7.137033321562672415e-03 7.126163635565641377e-03 7.140971850283484544e-03 7.146687120714965459e-03 7.132060533905318356e-03 7.140490718344000808e-03 7.134500117936849739e-03 7.135419271479140867e-03 7.127142051395191427e-03 7.135297278650947449e-03 7.131900061062089458e-03 7.126009735835207859e-03 7.128304496214998148e-03 7.130221440832079129e-03 7.135532497233266699e-03 7.143105708828861346e-03 7.140636519893675538e-03 7.135281556542179791e-03 7.135995844882788743e-03 7.123068565054186362e-03 7.125643007756538548e-03 7.127494258456148687e-03 7.133760349523681973e-03
6.960606327728335180e-03 7.060670498148568196e-03 6.962917535232223884e-03 6.959393029454581485e-03 6.957240013295684818e-03 6.959368721796622970e-03 0.000000000000000000e+00 6.966435996218950204e-03 7.068868222699723099e-03 6.960755279057279782e-03 6.957397615871795983e-03 6.958347489101046265e-03 6.958334544953107860e-03 6.960441562914687456e-03 7.064399545561465647e-03 7.065199104846943932e-03 6.961064004846832451e-03 7.065308547335708185e-03 6.958085445474538472e-03 7.067359983100854684e-03 6.961711452716566259e-03 6.953990087198072718e-03 6.960595483049847494e-03 6.963223537557674744e-03 6.959781572825922066e-03 6.962775878622723229e-03 6.958629375713290370e-03 6.967327879070657135e-03 6.964201716827033220e-03 7.067498350995237398e-03 6.959752272281313420e-03 7.068583361624030878e-03 7.131550114751468265e-03 7.128088467292478456e-03 7.126887141204459736e-03 7.118836110528097873e-03 7.133516305472305773e-03 7.133021572913835970e-03 7.129314323948977329e-03 7.124737976292861569e-03 7.132571356037071229e-03 7.133915933446588475e-03 7.133037369022519197e-03 7.138935542419607393e-03 7.134203795488775098e-03 7.136084013538712689e-03 7.126955635399309479e-03 7.126347536109922838e-03 7.143415363471623640e-03 7.131468531080340477e-03 7.134146581294705143e-03 7.128198121052916475e-03 7.122822907355857991e-03 7.135134945689894023e-03 7.126113274130771794e-03 7.137037081989586716e-03 7.132855246287485643e-03 7.127788556405850566e-03 7.129939731558384251e-03 7.142736890812817832e-03 7.133483391025788496e-03 7.138042691112979170e-03 7.131815811427834328e-03 7.122080642580822137e-03 7.132759958977265453e-03 7.135306354311961828e-03 7.128240128026769838e-03 7.126877523240427760e-03 7.126917427254837387e-03 7.127331588871291777e-03 7.128377769252315470e-03 7.127411250591785333e-03 7.122559848755921977e-03 7.126324000333542075e-03 7.125118785601952144e-03 7.118634843449097444e-03 7.121084700704572237e-03 7.122656873108376176e-03 7.136631209445565976e-03 7.126895256600452103e-03 7.124390760175620778e-03 7.132913730372335802e-03 7.127262303769329663e-03 7.125102657927960721e-03 7.128950130633198053e-03 7.119976374251026953e-03 7.121271032997301270e-03 7.130002605966721113e-03 7.125461140789173323e-03 7.132854001047396648e-03 7.126850587355004589e-03 7.107460548055634202e-03 7.121118518861930050e-03 7.125905317443044160e-03 7.134601473460986526e-03 7.131001987248119720e-03 7.137920045310829596e-03 7.126009064056595954e-03 7.121189173998712131e-03 7.116316653109603860e-03 7.129963641900619910e-03 7.121573607878989298e-03 7.120574527927724280e-03 7.131719611192193116e-03 7.129394846205032964e-03 7.131483592508542323e-03 7.120599907601857410e-03 7.135484026244920397e-03 7.141293550731260889e-03 7.126769146950872290e-03 7.134973139572723354e-03 7.129018259142900701e-03 7.127782431320371821e-03 7.121677924103277275e-03 7.129689863534019283e-03 7.128682475010835254e-03 7.118502325445693474e-03 7.122813199574437246e-03 7.124637346775435261e-03 7.130026603230499652e-03 7.137589286197134307e-03 7.135246564654768725e-03 7.127703391251897190e-03 7.130448809524084219e-03 7.115439393694154846e-03 7.120157007517427007e-03 7.122066586495044184e-03 7.130564758573713219e-03
6.966361370899789955e-03 6.969489184215225258e-03 7.070235290576557842e-03 7.074818925790276984e-03 6.963336407069976343e-03 7.069021268678001707e-03 6.966435996218950204e-03 0.000000000000000000e+00 6.968585997907593595e-03 6.959393525046011358e-03 6.960830696721263464e-03 6.964317926053181437e-03 6.961760862280266283e-03 6.966881406668043279e-03 6.966328850747716128e-03 6.962951337721168948e-03 7.072356010554681389e-03 6.969960779505669952e-03 7.067475865585247721e-03 7.073279790813346256e-03 7.068771184833460772e-03 6.968877018885862550e-03 7.070047792345807332e-03 6.962137032685460428e-03 6.965587686355212763e-03 7.072215834884485949e-03 7.076638572533441342e-03 6.963517763296133561e-03 6.965653633506342472e-03 6.963126270087793314e-03 6.963482683287542871e-03 6.961837228354659200e-03 7.130477905284609078e-03 7.127112822253233067e-03 7.125799664524187782e-03 7.117755069057088955e-03 7.132352614758310019e-03 7.131891545978834637e-03 7.128242302355207623e-03 7.121546308305093560e-03 7.131557134149146826e-03 7.132853337756754619e-03 7.130111605257456742e-03 7.137895169921338288e-03 7.133158831972898246e-03 7.134935004705519196e-03 7.125828430968690272e-03 7.125332218608059452e-03 7.142386809912432827e-03 7.130464885160630976e-03 7.133183903007284804e-03 7.127144655639796982e-03 7.121774328330490386e-03 7.134133690877339680e-03 7.125055104228852909e-03 7.134146270242442203e-03 7.131712696435620231e-03 7.126735043677844689e-03 7.128928989835729528e-03 7.143792407249791553e-03 7.132452815265281562e-03 7.136804086529868404e-03 7.130768659038762801e-03 7.121097226838374317e-03 7.127830198707092377e-03 7.130264411752863449e-03 7.123474141780283993e-03 7.119886671967229873e-03 7.122109384434411987e-03 7.124683619033446609e-03 7.121468588572878525e-03 7.120468748461625599e-03 7.115895403746899314e-03 7.121654747288428886e-03 7.120451798012269844e-03 7.116316798038041166e-03 7.120884285624718389e-03 7.118176471009932810e-03 7.129502153914317290e-03 7.119877749486272674e-03 7.015478239206754570e-03 7.123871128021446245e-03 7.122541102703633387e-03 7.118095295623319725e-03 7.126359771597648267e-03 7.117819535259618802e-03 7.116684183798078177e-03 7.127300068154230131e-03 7.120799087703929761e-03 7.125825922173295753e-03 7.122130297703044462e-03 6.998817858964183694e-03 7.116619156303691587e-03 7.123391679809600724e-03 7.127572265049182676e-03 7.126160921029842978e-03 7.133863667689622177e-03 7.122088711823152882e-03 7.119541513892047903e-03 7.112565057299491920e-03 7.125744512026862577e-03 7.119732751641256324e-03 7.116624067901117234e-03 7.127752969720525453e-03 7.127528803579657839e-03 7.127401724845943906e-03 7.116683163943119013e-03 7.131361636869541602e-03 7.137094007974969720e-03 7.124995437158235245e-03 7.130696486619329637e-03 7.127121831513772050e-03 7.123802657511344241e-03 7.119778969950403200e-03 7.125668296599151422e-03 7.124754523254240787e-03 7.010395781643290018e-03 7.118739298608040868e-03 7.122805465538238449e-03 7.126178013397119725e-03 7.133412131480070320e-03 7.133215034445723225e-03 7.127902440425285847e-03 7.126377933344551531e-03 7.113865512282975187e-03 7.116232252274654405e-03 7.120398607446638134e-03 7.126333016513417690e-03
6.960683864931612938e-03 7.067477856430874963e-03 6.966024645063825620e-03 6.965398446668913043e-03 6.962374961765775000e-03 7.070209023509564129e-03 7.068868222699723099e-03 6.968585997907593595e-03 0.000000000000000000e+00 6.963313001976318035e-03 7.071804459219587814e-03 7.071002443295119205e-03 7.071192007722473284e-03 7.071346294616441541e-03 6.963241728680426117e-03 6.961762030772497209e-03 6.965380138029996469e-03 7.067474836652836226e-03 6.967657364496719630e-03 6.963935019645171864e-03 6.963935404676269147e-03 7.068875868110544025e-03 6.963202582889668757e-03 6.963408647001593718e-03 6.959673442848549052e-03 6.958624064450743413e-03 7.070873622257742817e-03 7.071856023132196307e-03 6.966636740899014892e-03 6.959799499636570852e-03 6.962627087595526197e-03 6.960818287058953557e-03 7.126071847841771931e-03 7.122624565829505788e-03 7.121226202401654930e-03 7.113353131757451514e-03 7.127978848537625672e-03 7.127597131367832684e-03 7.123754886689107058e-03 7.119185996462903607e-03 7.127134311248375410e-03 7.128649594541294592e-03 7.127758947216058724e-03 7.133500553054872816e-03 7.128735878712284119e-03 7.132855834372869852e-03 7.121371744265652184e-03 7.120875622334987831e-03 7.138287664324018643e-03 7.125961090834685360e-03 7.131086069374107175e-03 7.122739407496267092e-03 7.117278572743231634e-03 7.129727492386060510e-03 7.120753194557059330e-03 7.131805213955400014e-03 7.127345276987025538e-03 7.122321606436872107e-03 7.124598047321994629e-03 7.137491146568319261e-03 7.128059575942634687e-03 7.132432360069942794e-03 7.126328967051420195e-03 7.116580579040274884e-03 7.123588568185512671e-03 7.126170679049543405e-03 7.119162735349804545e-03 7.115871945652149644e-03 7.117918146139047032e-03 7.118438883200140128e-03 7.121431981632934775e-03 7.120609230804510886e-03 7.113613841374170389e-03 7.117251741658225071e-03 7.116087172481059056e-03 7.109785030550906833e-03 7.114617135915785734e-03 7.115811741396909675e-03 7.125430958933152807e-03 7.120033690617048362e-03 7.115482945932119323e-03 7.017806989150051494e-03 7.118371425729370233e-03 7.116067596463229727e-03 7.122151345891471891e-03 7.113407161798114380e-03 7.112439176496706053e-03 7.120926324696864526e-03 7.116536553624671843e-03 7.123644194963755366e-03 7.117730711614942384e-03 7.099002245130184470e-03 7.114356953573005779e-03 7.116876716541944113e-03 7.125518313772818448e-03 7.121891849415071252e-03 7.132566162363284182e-03 7.120621608930462199e-03 7.115662109148427304e-03 7.110977422347953582e-03 7.124445958179853253e-03 7.116050302219120889e-03 7.115262984766741045e-03 7.124327535412035631e-03 7.123965252918145960e-03 7.126119815546672065e-03 7.115023461672072801e-03 7.130111572864801343e-03 7.135943712469290656e-03 7.123631210829870983e-03 7.129572253229576016e-03 7.123600548610289039e-03 7.124699475581660821e-03 7.116330393996839199e-03 7.124318296012114270e-03 7.121235727201045106e-03 7.115618982268994211e-03 7.117309974603161678e-03 7.119217602184547619e-03 7.127020883642255257e-03 7.132277775344086912e-03 7.129800505188458280e-03 7.122514651715268486e-03 7.125127635072786222e-03 7.112175680408031227e-03 7.117103445623750198e-03 7.116762658907226959e-03 7.125071016325122859e-03
6.958404042786201296e-03 6.959524963678224811e-03 6.963363364375553359e-03 7.073596740043378711e-03 6.957367933189319113e-03 6.962103666756602922e-03 6.960755279057279782e-03 6.959393525046011358e-03 6.963313001976318035e-03 0.000000000000000000e+00 6.957398741172550471e-03 6.965011090153866262e-03 6.960838743298441468e-03 7.066361986182542916e-03 7.068649311535171557e-03 6.961685655626210015e-03 7.068968660408534409e-03 7.069818098437306332e-03 6.960583238359284788e-03 6.966604134942705820e-03 6.968747889503559313e-03 6.960871816137829612e-03 7.064236582241612342e-03 6.960947672710495263e-03 7.067623462292810244e-03 7.068658282139256635e-03 7.073464271835957183e-03 6.964744891971012819e-03 6.964315558703864859e-03 6.962109427486561954e-03 6.960195987770674032e-03 6.960849447895269340e-03 7.130469085743771848e-03 7.127073534957213338e-03 7.125785392295657696e-03 7.117720796124257787e-03 7.132457705418745152e-03 7.131890748039310286e-03 7.128262700788538103e-03 7.123712831804181016e-03 7.131558691015093751e-03 7.132819502443334646e-03 7.132083185193205388e-03 7.137886025544205176e-03 7.133188760127777937e-03 7.134947173793157807e-03 7.125893630786538785e-03 7.125290353476080273e-03 7.140305747437576678e-03 7.130445781469808147e-03 7.133227096071652167e-03 7.127141653372050072e-03 7.121788287098495575e-03 7.134081514664851117e-03 7.125033266309695884e-03 7.133946811288286935e-03 7.131794291367667300e-03 7.126772888520748264e-03 7.128903628982033794e-03 7.141646088226464087e-03 7.132365060753876641e-03 7.136933038065871454e-03 7.130778944248186528e-03 7.121061627261669399e-03 7.131616589469974912e-03 7.134158509745597114e-03 7.127095721381949793e-03 7.123550137315126478e-03 7.125776015175516558e-03 7.126148181262947912e-03 7.127233321641834006e-03 7.126251396091202485e-03 7.121375265004985071e-03 7.125141394376175580e-03 7.123936913466446565e-03 7.117581956238745733e-03 7.120004220016683781e-03 7.121516741967301445e-03 7.133384197498103367e-03 7.125793492765631308e-03 7.123094172842887525e-03 7.129619758270904634e-03 7.123853606460702273e-03 7.123960696285725619e-03 7.127808829256288871e-03 7.118923226001511000e-03 7.120094501103209697e-03 7.128808561632798795e-03 7.124230730805676884e-03 7.131667642364408581e-03 7.125666875292542557e-03 7.106301051232959479e-03 7.120018194177287624e-03 7.124763280381704936e-03 7.133454998261999115e-03 7.129836141020298376e-03 7.133788425827063129e-03 7.122054549115990583e-03 7.117168352993480038e-03 7.112583185313845445e-03 7.125864856622021563e-03 7.119782105151141981e-03 7.118906286883176435e-03 7.127698662286185982e-03 7.125332530534554502e-03 7.127449296658187709e-03 7.118883221236498200e-03 7.131364265052309373e-03 7.139149357663587131e-03 7.124898667214112254e-03 7.132970270546185911e-03 7.127169112603802190e-03 7.123893429902767964e-03 7.013680280204995059e-03 7.125714438818239564e-03 7.124814864132461047e-03 7.116634877176584995e-03 7.118860763195593820e-03 7.122772031540768566e-03 7.126132651729277616e-03 7.133416925364541132e-03 7.131002811007004609e-03 7.125881623366344363e-03 7.126471109481689881e-03 7.111739744602707351e-03 7.118496376598714218e-03 7.118126944916231859e-03 7.128680344978678522e-03
6.964056100229477214e-03 6.958215307675021978e-03 6.964838830314325213e-03 7.067895518401575393e-03 6.958585618587931516e-03 6.963674503146797222e-03 6.957397615871795983e-03 6.960830696721263464e-03 7.071804459219587814e-03 6.957398741172550471e-03 0.000000000000000000e+00 6.959585417460112389e-03 6.964179634365458629e-03 6.959998706204064203e-03 6.962173077119306053e-03 7.068527470505478992e-03 7.067379577651739311e-03 6.965533614955138342e-03 6.955005490336735839e-03 7.068632945698261928e-03 6.963155081773714054e-03 6.957456187392498971e-03 7.065462149957102075e-03 6.959916474793722586e-03 7.068837621699241257e-03 6.962135777472738471e-03 7.069921204683960597e-03 7.071230332708219879e-03 6.960746882213823122e-03 6.963711152292310740e-03 7.068956340283166599e-03 7.065481998726777686e-03 7.125548627948007606e-03 7.122105949555468211e-03 7.120811762958722570e-03 7.112798067232081051e-03 7.127524449794930134e-03 7.127065384343475585e-03 7.123257971744583264e-03 7.118772778058624247e-03 7.126617802466223700e-03 7.127985843579400654e-03 7.125140420919037765e-03 7.132939108321861496e-03 7.128177022821495859e-03 7.132322854289486341e-03 7.120962817193109834e-03 7.120317543858323099e-03 7.139814729392193748e-03 7.125459760336486266e-03 7.128301163074554810e-03 7.122180832882207303e-03 7.116805434624611827e-03 7.129160501401593693e-03 7.120141856254287062e-03 7.129114217795618109e-03 7.126859490823176518e-03 7.121721718326472217e-03 7.123944652404199350e-03 7.136946411370685694e-03 7.127531572495063826e-03 7.132037597533487892e-03 7.125885694786780397e-03 7.116064106401171797e-03 7.126674775054448949e-03 7.129240153015877976e-03 7.122130360283121867e-03 7.120851031235941007e-03 7.120807951857033996e-03 7.121258274636986865e-03 7.122270082142754394e-03 7.121296657818940862e-03 7.116426178659904060e-03 7.120212368614284824e-03 7.119001374477830490e-03 7.112511664905093837e-03 7.115192963091921535e-03 7.116523339885294855e-03 7.128588077407646204e-03 7.120777367107384431e-03 7.118278354763349358e-03 7.127000904322501953e-03 7.121327358306192221e-03 7.118977998001570565e-03 7.122848565605786365e-03 7.113863379127674351e-03 7.115088802908281843e-03 7.123911816303598633e-03 7.119346395553506103e-03 7.126776814474862151e-03 7.120738359102425467e-03 7.101295253574927205e-03 7.114970875555257611e-03 7.119788251351758142e-03 7.128571617146729766e-03 7.124904665786743058e-03 7.131891353811951537e-03 7.119920155988199856e-03 7.115059969597333812e-03 7.110211080785876214e-03 7.123891523083168177e-03 7.115451255955321241e-03 7.114489137985343520e-03 7.123699141261660185e-03 7.123309940760599174e-03 7.125416122977728563e-03 7.114468544083195692e-03 7.129444558928796014e-03 7.135326214748748293e-03 7.120784166515692522e-03 7.128924117539008933e-03 7.122942504325763605e-03 7.121870551559376060e-03 7.115607543646932515e-03 7.123611778569854600e-03 7.122812203490701786e-03 7.112637462552871652e-03 7.116731702549146735e-03 7.118571378736900969e-03 7.124130842832294627e-03 7.131565003453822597e-03 7.129199645335916775e-03 7.121760608703472592e-03 7.124385075034347231e-03 7.109448056572016152e-03 7.114253676608752602e-03 7.116100362933841170e-03 7.124496109200545435e-03
6.965078765451713713e-03 6.963905632924247135e-03 6.965422390760636281e-03 7.073758562995360703e-03 6.959634773574068650e-03 7.065364467972931432e-03 6.958347489101046265e-03 6.964317926053181437e-03 7.071002443295119205e-03 6.965011090153866262e-03 6.959585417460112389e-03 0.000000000000000000e+00 6.964976497213226647e-03 6.963066595367577681e-03 6.963191316688543096e-03 7.069719213374555354e-03 6.965407542158758708e-03 7.074080372710933248e-03 6.958387585846505761e-03 7.067721481193519825e-03 7.067539211842477007e-03 6.962929319167424774e-03 6.965507866887155064e-03 7.070943358591852065e-03 6.964308156594846248e-03 6.963108316267047244e-03 6.965683349514919902e-03 7.072622168933269046e-03 6.964054848172406345e-03 6.966688178641902013e-03 6.966794896894477201e-03 6.965655037040965197e-03 7.131757140632110845e-03 7.126441990804887640e-03 7.127263610815265556e-03 7.117336982842553152e-03 7.133789061329986851e-03 7.131065136945941366e-03 7.127551526806657524e-03 7.123162483536203855e-03 7.130848906677955332e-03 7.131900533766269076e-03 7.131313085180285803e-03 7.136931011406595290e-03 7.134435080503271319e-03 7.136180943228035388e-03 7.127413481339554997e-03 7.124671146929982893e-03 7.143256993904214744e-03 7.129678411729859812e-03 7.028690677682659753e-03 7.126429445174137234e-03 7.121204907551101013e-03 7.133268425224137919e-03 7.126517011532759738e-03 7.133141008273354185e-03 7.131059918302454399e-03 7.126031679037556771e-03 7.128028793204588612e-03 7.142649350432257911e-03 7.131597767982821370e-03 7.135993233476883857e-03 7.130080256155734222e-03 7.120476981835926512e-03 7.134081522725239412e-03 7.136682281401523706e-03 7.129524201057714679e-03 7.126050531321008116e-03 7.128309330001554936e-03 7.128478988087154355e-03 7.129725975182271691e-03 7.126561252868426725e-03 7.123881281457695135e-03 7.127716269006593997e-03 7.126516471069156179e-03 7.120032945977008629e-03 7.124490200323154582e-03 7.124100124280187234e-03 7.135926707329328690e-03 7.128204433444134715e-03 7.125624313466016706e-03 7.134302669179626126e-03 7.128566533817768010e-03 7.126421050944459559e-03 7.130174646527275700e-03 7.121360462263011913e-03 7.122579403765726125e-03 7.131360332908046398e-03 7.124621365612851878e-03 7.134271839026692930e-03 7.128205336810245797e-03 7.108870253937059520e-03 7.122486039226445798e-03 7.127288734335228762e-03 7.135978752929074409e-03 7.132245726539742162e-03 7.132900551903466682e-03 7.123508806103155330e-03 7.116677794383513035e-03 7.112225975198387985e-03 7.127372401216668270e-03 7.119254640622312350e-03 7.116332133999544486e-03 7.129127340768606769e-03 7.126949368008263230e-03 7.128893946901364471e-03 7.118494120511306179e-03 7.132632263499607411e-03 7.136285128170337215e-03 7.126355481408131257e-03 7.132306693004832922e-03 7.126384806568556232e-03 7.021415346781217925e-03 7.117277413459671860e-03 7.127045361387586778e-03 7.126246063597212708e-03 7.116212634382803465e-03 7.122734587326042324e-03 7.120129610257494059e-03 7.129677980353478148e-03 7.132608998429244146e-03 7.130413933888397546e-03 7.125014478000546957e-03 7.125758556678792738e-03 7.009169794344097433e-03 7.118028276400497310e-03 7.117483519683978979e-03 7.128138629752367450e-03
