0.000000000000000000e+00 1.589380268458400955e-02 1.369764437742583725e-02 1.747543544547591407e-02 1.389948982701372411e-02 1.742638062358305498e-02 1.513841297670822858e-02 1.482537005513391744e-02 1.743452467285328683e-02 1.440849996784762145e-02 1.220360838354193032e-02 1.630547609080330862e-02 1.894419005510314044e-02 1.438287166067782862e-02 1.732556008663711442e-02 1.326575008391882651e-02 1.377563066423591505e-02 1.441488415104199942e-02 2.156602785125801003e-02 1.426268217337948833e-02 1.292573597024068710e-02 1.440637338915691512e-02 1.515724926019526575e-02 1.380668207192669618e-02 1.243961785748026218e-02 1.434263362728246428e-02 1.374972943123286759e-02 1.741949734443156567e-02 1.747496505412045320e-02 1.433154461510169862e-02 1.742592829928527737e-02 1.753249274994178944e-02 1.780246116411879700e-02 2.160342952903921560e-02 1.441391886814343860e-02 1.731989777525718213e-02 1.297909267464953179e-02 1.220460622394605073e-02 1.907437521127548774e-02 1.519275187492798856e-02 1.736622167486543203e-02 1.593807772425294769e-02 1.244618335492653563e-02 1.586916566928374059e-02 1.375419464130556331e-02 1.634705854176981069e-02 1.505634931231561620e-02 1.738446061710700527e-02 1.263354760061923682e-02 1.445631544797993349e-02 1.375865772803150193e-02 1.432990533597452640e-02 2.149557855560304404e-02 1.383716735371562541e-02 1.938634455708927382e-02 1.431007531977445194e-02 1.260200475792398744e-02 1.298170648611548551e-02 1.244493055359683492e-02 1.382648268473093446e-02 1.297400969878713915e-02 1.331541690629675471e-02 1.244591962807899653e-02 1.219872645883850887e-02 1.381802941058699746e-02 1.731157925506409886e-02 1.900778774317936695e-02 1.928593684506830011e-02 1.330483974017308141e-02 1.298856475480821872e-02 2.171892702039162140e-02 1.742888474688521899e-02 1.517616097258877098e-02 1.605063390765432488e-02 2.165088126713371475e-02 1.439053901523860632e-02 1.619332900857544874e-02 1.373938435215517340e-02 1.918360866720887625e-02 1.440586547553581592e-02 1.514405618673965795e-02 1.284851124020940094e-02 1.517381791298356292e-02 1.438940302444005614e-02 1.525062147096110238e-02 1.204792862715728038e-02 1.189381451375414248e-02 1.268978582886723730e-02 1.758022447062194266e-02 1.381411683405046713e-02 1.436505312660894471e-02 1.330861220354178504e-02 1.762693320087353049e-02 2.535185981576509526e-02 1.438658404367849052e-02 1.750994234628011972e-02 2.172906297999733019e-02 1.296015718777587117e-02 2.506564593699323051e-02 1.629475109693563975e-02 1.337214932737806027e-02 1.626378518636990497e-02 1.300178765352575337e-02 1.377418787405218677e-02 2.485572309566107252e-02 1.293124617966438968e-02 1.338246794876417692e-02 1.606156220728445147e-02 1.925916892928532242e-02 1.369676940341997377e-02 1.522746676768980088e-02 1.441487538536845130e-02 1.442298516649756154e-02 1.339123436556487710e-02 1.381253829311590575e-02 1.264833048230103348e-02 1.295063091396583474e-02 1.530530950637074700e-02 1.376280807645448995e-02 1.614319046871406579e-02 1.297550880265234234e-02 1.244423259874221852e-02 1.440280879784298744e-02 1.234722924483395295e-02 1.764317210804418681e-02 1.266199436003111536e-02 1.337976123969278688e-02 1.442682661299072785e-02
1.589380268458400955e-02 0.000000000000000000e+00 1.482963185129258440e-02 1.819834006563283979e-02 1.487640461759602920e-02 1.814198654764541049e-02 1.602206822314180060e-02 1.590119395253595386e-02 1.815497468587950677e-02 1.516044074646538502e-02 1.322541212867117677e-02 1.708541058134379828e-02 1.986323588374901139e-02 1.532220424772368431e-02 1.803848676344483801e-02 1.429596610988144618e-02 1.476491809702449795e-02 1.534820570648989281e-02 2.212678605769347051e-02 1.522026679641429354e-02 1.397997761518353539e-02 1.535111082461850310e-02 1.603192881271795975e-02 1.480010578174838914e-02 1.343574482984296464e-02 1.529231336217140060e-02 1.474052767233645020e-02 1.813754513591374351e-02 1.789808360409569574e-02 1.526778429711435001e-02 1.814376102079505101e-02 1.823980316996087064e-02 1.849793311593329881e-02 2.216370657461274457e-02 1.535587194663901554e-02 1.804331665610870578e-02 1.403169893652857388e-02 1.322895539190980727e-02 1.999075399826321167e-02 1.606338168684858306e-02 1.808393336534135434e-02 1.674917546863037218e-02 1.353497274163089313e-02 1.688177804981617555e-02 1.474587172912438134e-02 1.713016319596043918e-02 1.593047850197030699e-02 1.810476378831409397e-02 1.371222149438853025e-02 1.538892483264183049e-02 1.474958630583862902e-02 1.527346698547805970e-02 2.205825865471208042e-02 1.482094189254562662e-02 2.000628436473284033e-02 1.525564120484647866e-02 1.377278976614005820e-02 1.402937777762899678e-02 1.353293134723475288e-02 1.480897951195885541e-02 1.403211138387480683e-02 1.434224881438822888e-02 1.353705063690763093e-02 1.330622643760393312e-02 1.480287638426903973e-02 1.803171970345576053e-02 1.991782934651539771e-02 1.991377845013978312e-02 1.433486512240378895e-02 1.404171733190733538e-02 2.227629306591574071e-02 1.814461971201308810e-02 1.605522416681241446e-02 1.685490512229818189e-02 2.220766137523919395e-02 1.532968262566655228e-02 1.698720832341383061e-02 1.473283829038932874e-02 1.981799943213639892e-02 1.534061390013583340e-02 1.601943340577480918e-02 1.400868544779239160e-02 1.604973586019355428e-02 1.533504546149280778e-02 1.611465700781897561e-02 1.316223246131575583e-02 1.301767017729970125e-02 1.376295027270872488e-02 1.828751099691861351e-02 1.479993108250674851e-02 1.530124545242674168e-02 1.433808619400541405e-02 1.832457595831997466e-02 2.584532949416981640e-02 1.531928074105185986e-02 1.792704682075713790e-02 2.228660282573212761e-02 1.401458124781717642e-02 2.555891081819399932e-02 1.709005608075174834e-02 1.439852212912658309e-02 1.680299440340295852e-02 1.404584071935607165e-02 1.476266123736541536e-02 2.535221448880166720e-02 1.398586559302965326e-02 1.439426921849478076e-02 1.685750643394561335e-02 1.989375795749225018e-02 1.469312109141405337e-02 1.610145514939278696e-02 1.535096027333327819e-02 1.536432961581229821e-02 1.440994198671893128e-02 1.479665492128511006e-02 1.372694915024299731e-02 1.400117410486134174e-02 1.616599992688185980e-02 1.475352023377384317e-02 1.693089472139458831e-02 1.403284415602090371e-02 1.343826970873827735e-02 1.534452759970362026e-02 1.352215532693501476e-02 1.834705848711746384e-02 1.373767796884744000e-02 1.439699029124285809e-02 1.535571004248660609e-02
1.369764437742583725e-02 1.482963185129258440e-02 0.000000000000000000e+00 1.633501135686573139e-02 1.225289622604590171e-02 1.626958503368333003e-02 1.358448280944103172e-02 1.343350400957339826e-02 1.628442043059801989e-02 1.286599145450828714e-02 1.023148295632853033e-02 1.504113662809128914e-02 1.819789741957708248e-02 1.283055862887901022e-02 1.616439737631332821e-02 1.148956113484554155e-02 1.210502550908052963e-02 1.286847326255211206e-02 2.063964575631354464e-02 1.269843808015892923e-02 1.108252575762935094e-02 1.286648157505038137e-02 1.374268768464894860e-02 1.215294409338294780e-02 1.050982543188394569e-02 1.279244374470607341e-02 1.207247149666965461e-02 1.626582824177057185e-02 1.633623298407918881e-02 1.277013495334482912e-02 1.627067975214811779e-02 1.638602815462522969e-02 1.667740468992963063e-02 2.067215841311791438e-02 1.287606020810000938e-02 1.615583566136245472e-02 1.114789313441627051e-02 1.023344732029720858e-02 1.834126100276560478e-02 1.377578429003412964e-02 1.620423479409087777e-02 1.462796980719420839e-02 1.051542934018195354e-02 1.480104919002058622e-02 1.207631715903060080e-02 1.506807124857872937e-02 1.361994477963533214e-02 1.622757021021150464e-02 1.073791064262346814e-02 1.290722154525720741e-02 1.196856656464032227e-02 1.276730892549962637e-02 2.056872791218790006e-02 1.215399485755375847e-02 1.834647153118839150e-02 1.274277814046595285e-02 1.081759610487660270e-02 1.114708216514062947e-02 1.051497894599719499e-02 1.216802280396582329e-02 1.105835614219196142e-02 1.144951045394699066e-02 1.051657808504577116e-02 1.022760943941907266e-02 1.215387522897564375e-02 1.614300922021957505e-02 1.826289220358660176e-02 1.825594321459387409e-02 1.154343073452099126e-02 1.116474789656087159e-02 2.079742315101781869e-02 1.627378700844086742e-02 1.376933538362013799e-02 1.475424888136620677e-02 2.072703713449823223e-02 1.284179390461431293e-02 1.491411604255651370e-02 1.194579704484124115e-02 1.815166889058842520e-02 1.285934077154306417e-02 1.372551958092303737e-02 1.112384542583843422e-02 1.375697592911063680e-02 1.284846571971441469e-02 1.382760802285123991e-02 1.004903620732193643e-02 9.871750707720753845e-03 1.080477657406769473e-02 1.643523679644908614e-02 1.214864512621926552e-02 1.281022909985681836e-02 1.154442372036590218e-02 1.649025665535164969e-02 2.425537053219697578e-02 1.283578821609019857e-02 1.636780655495009840e-02 2.080464361101257847e-02 1.113136347537608227e-02 2.423790928019023405e-02 1.503994097017172585e-02 1.162708176017020721e-02 1.500755398819741439e-02 1.117744915120944850e-02 1.210142705757878863e-02 2.402328920097776196e-02 1.108982512139097126e-02 1.163242281455546465e-02 1.477061344318810615e-02 1.802428824418564682e-02 1.200940357314913415e-02 1.368677040839883299e-02 1.286804628784751596e-02 1.288409951824389700e-02 1.164146068107328041e-02 1.215048222721575207e-02 1.076177147889667736e-02 1.111550694037869401e-02 1.390356054836770251e-02 1.209089440294123033e-02 1.485306592051796257e-02 1.106048665527215383e-02 1.051715790803152591e-02 1.285590842154140517e-02 1.049690677427962682e-02 1.650554578242454870e-02 1.068941100127421620e-02 1.162453716638837259e-02 1.287524187532278729e-02
1.747543544547591407e-02 1.819834006563283979e-02 1.633501135686573139e-02 0.000000000000000000e+00 1.637493737195446983e-02 1.929771939212160392e-02 1.740131317295763938e-02 1.729114465332625208e-02 1.930984660298369279e-02 1.680149522507796284e-02 1.494737880409534661e-02 1.835012431111568421e-02 2.088571240764013418e-02 1.676970146940804512e-02 1.921373660870859951e-02 1.585143967401201129e-02 1.627302414478281473e-02 1.680199395278676733e-02 2.302120299501940470e-02 1.668631710012928940e-02 1.556211775721402790e-02 1.678698754020212930e-02 1.741242893429371941e-02 1.630686655725934950e-02 1.514848155518237413e-02 1.674095768944828741e-02 1.625446059535280707e-02 1.929369003324071102e-02 1.934954627307704580e-02 1.673225191173345269e-02 1.929564467022848798e-02 1.938885573854336533e-02 1.962035153780032973e-02 2.304695160695737974e-02 1.679642522276424826e-02 1.920398963411287102e-02 1.560561963298449061e-02 1.494778446163507087e-02 2.058285218876224065e-02 1.743089661292964582e-02 1.889303763089410573e-02 1.804918395801074701e-02 1.515344902836300058e-02 1.817581645564148377e-02 1.625511753931555697e-02 1.806954986678982814e-02 1.732714539664722761e-02 1.926041005028802933e-02 1.531651468225924372e-02 1.683512246764578071e-02 1.625409570444358645e-02 1.673260167404882690e-02 2.294490435079012472e-02 1.632442420815290868e-02 2.101776602628597709e-02 1.671646602314022859e-02 1.537459363894509365e-02 1.561047533355860648e-02 1.515217766569074143e-02 1.631860461825553055e-02 1.560892458911340014e-02 1.589500207589657904e-02 1.505004288971723350e-02 1.494358564974753757e-02 1.631079995347064701e-02 1.919979993021905806e-02 2.094387935517565483e-02 2.093236840855271924e-02 1.588759242445753408e-02 1.562034503386848516e-02 2.316127250283071815e-02 1.929987347395914141e-02 1.743068193519568473e-02 1.814060290088907734e-02 2.309471604152367810e-02 1.678233899591278361e-02 1.825866230368731677e-02 1.624774706309837363e-02 2.084026815184786621e-02 1.679019130260155784e-02 1.739536571192220465e-02 1.558901208487930255e-02 1.742233812978025848e-02 1.678546636358302369e-02 1.748086959398249124e-02 1.480993112060831167e-02 1.459812724962557956e-02 1.524047523022963035e-02 1.942684654411326248e-02 1.630548013082067094e-02 1.676256807037610277e-02 1.573407949294812827e-02 1.947139329166407487e-02 2.659917000826883537e-02 1.677866201312143771e-02 1.937448309680164793e-02 2.317095296862637863e-02 1.559722992173005404e-02 2.633187569228425881e-02 1.833857937714609282e-02 1.593208455006584270e-02 1.833031642442232989e-02 1.562973960350516611e-02 1.627245846126690668e-02 2.612276506500169765e-02 1.556893630617056483e-02 1.594888257946668747e-02 1.815096019185493889e-02 2.090930385860397325e-02 1.621103026220450244e-02 1.747511750260162186e-02 1.680070937399796155e-02 1.680963922399777988e-02 1.595516344911419165e-02 1.630374509468293653e-02 1.532948782208669834e-02 1.558694616235907320e-02 1.752473549101652914e-02 1.626643297715995792e-02 1.821840623836980602e-02 1.561142652345169114e-02 1.515649881025567594e-02 1.657535738753262294e-02 1.514544703089158555e-02 1.947940876793406370e-02 1.533821032032220248e-02 1.594667386086029773e-02 1.681124831873425859e-02
1.389948982701372411e-02 1.487640461759602920e-02 1.225289622604590171e-02 1.637493737195446983e-02 0.000000000000000000e+00 1.630881356159108106e-02 1.378254762556119749e-02 1.363283091736185691e-02 1.613720987173533974e-02 1.292414254928213151e-02 1.024453914801373884e-02 1.507819816193572970e-02 1.823858827313943123e-02 1.288192706323334699e-02 1.620310462665350976e-02 1.155662580821182651e-02 1.216656826633108479e-02 1.292457207395057532e-02 2.067378681047487080e-02 1.275394098701785640e-02 1.115315030790853777e-02 1.292199694643039916e-02 1.379222137718242799e-02 1.220409998511363774e-02 1.058498417607779338e-02 1.271536842014993514e-02 1.213326345007360862e-02 1.630246783312340811e-02 1.637565429046793086e-02 1.282600072571564963e-02 1.631249128535069981e-02 1.642565484193408282e-02 1.670555178295268783e-02 2.046438602202693691e-02 1.293240758236672422e-02 1.619547265326661337e-02 1.121929494889090974e-02 1.030620593138329918e-02 1.837702411362351212e-02 1.382743638304086142e-02 1.624613595560495116e-02 1.467299550746860651e-02 1.058966911924051971e-02 1.484369321217157180e-02 1.213510481721716619e-02 1.512967744601236182e-02 1.367230477106915788e-02 1.626497041016596382e-02 1.081174411236968114e-02 1.297381892950933389e-02 1.214703789125788115e-02 1.282303085511866600e-02 2.060086740997221083e-02 1.223945221024936268e-02 1.839796403050279749e-02 1.279706228477118894e-02 1.089287959590484745e-02 1.121130333445245937e-02 1.058884137338318189e-02 1.222639208343399148e-02 1.122006485986877869e-02 1.161934933825087626e-02 1.058717936528932868e-02 1.030041573505358771e-02 1.221653759370368644e-02 1.618275078482100254e-02 1.830863216224839010e-02 1.829443146210090604e-02 1.160953484985000235e-02 1.123220916793651013e-02 2.082909024047573804e-02 1.631119346018074234e-02 1.382091366773503284e-02 1.479893040647696327e-02 2.051816545136735115e-02 1.289517517929171693e-02 1.494409179838967171e-02 1.200584693770435050e-02 1.818676951200170339e-02 1.289225302808688460e-02 1.377301182218883605e-02 1.119216317570403615e-02 1.381247289204419991e-02 1.290420730552152388e-02 1.389675023594845980e-02 1.012647464054287384e-02 9.950453341590177747e-03 1.087777109379885893e-02 1.645946906686784200e-02 1.221302768514910715e-02 1.273018146174151148e-02 1.161368346366353776e-02 1.652933212355281456e-02 2.456313512266378174e-02 1.288911608969939109e-02 1.640428575761171751e-02 2.084006824077425102e-02 1.119793778955826061e-02 2.398626331846006460e-02 1.508224287312742717e-02 1.167575771987344746e-02 1.505459930531601910e-02 1.124620207736332436e-02 1.216336557738931234e-02 2.405171810678547600e-02 1.115922159928272109e-02 1.168123738951598080e-02 1.481568678738160762e-02 1.826752011286347094e-02 1.207231439878668489e-02 1.387438552521315371e-02 1.277534488871108487e-02 1.294056685776482502e-02 1.170537374031221413e-02 1.220828047526785302e-02 1.083106049886004008e-02 1.118292225509896071e-02 1.395109413450750652e-02 1.203432879270339637e-02 1.490441943140919517e-02 1.111345108623121303e-02 1.059158109269855638e-02 1.290549620870306245e-02 1.057622819523728469e-02 1.654462483155450664e-02 1.076128177212548956e-02 1.168975647413996594e-02 1.293834363857611705e-02
1.742638062358305498e-02 1.814198654764541049e-02 1.626958503368333003e-02 1.929771939212160392e-02 1.630881356159108106e-02 0.000000000000000000e+00 1.734138834950670408e-02 1.723888481817738641e-02 1.925225443018948115e-02 1.673544340494171126e-02 1.487747153298710039e-02 1.829443548554306534e-02 2.084137945349036000e-02 1.650045129151291382e-02 1.916231196065528233e-02 1.578269268962557981e-02 1.621063835822999372e-02 1.652503161036924378e-02 2.298271046486738758e-02 1.662287203844460201e-02 1.549768442557015492e-02 1.673599742401827087e-02 1.734768283881467366e-02 1.624215364845983320e-02 1.508130899180067964e-02 1.668208687542537677e-02 1.618445173254797267e-02 1.888869413313868165e-02 1.929463061299875604e-02 1.666627938400511155e-02 1.924586857292169204e-02 1.933786646599816236e-02 1.957094193181924818e-02 2.301535457852540989e-02 1.674117407931190529e-02 1.915699067576033532e-02 1.554122934919106684e-02 1.488004349926676934e-02 2.096071951722235788e-02 1.737701584734446802e-02 1.919046523663241882e-02 1.799404775132056045e-02 1.508641983651885961e-02 1.812055462279690832e-02 1.619202256149229052e-02 1.832717705184730081e-02 1.726667108183228133e-02 1.921241270598331857e-02 1.524577760711889537e-02 1.676924199569176238e-02 1.619875921939958191e-02 1.666832039985147867e-02 2.291137040884149920e-02 1.625497684678408813e-02 2.097661112171753453e-02 1.665187880665581349e-02 1.530425783822597988e-02 1.554349911004395367e-02 1.508408193346387136e-02 1.625378533221550834e-02 1.554364776251097001e-02 1.582866823885951263e-02 1.508790114757187911e-02 1.487491230814174357e-02 1.624251546214026606e-02 1.914357924787302850e-02 2.090009110089157546e-02 2.088765956188385134e-02 1.581836878079938627e-02 1.554856473245372524e-02 2.312282687219232094e-02 1.924879033799262174e-02 1.736738568835195437e-02 1.807057717496030405e-02 2.305976095979082527e-02 1.671937951942004119e-02 1.820316495414929514e-02 1.617926462224734963e-02 2.079052891775225176e-02 1.672298999325698074e-02 1.733658973942595743e-02 1.552476983166977201e-02 1.736051068182319426e-02 1.671817654897706992e-02 1.742175718948191579e-02 1.465383993787177166e-02 1.460430934403295598e-02 1.529448927027610670e-02 1.937161460240784810e-02 1.623582902582333676e-02 1.668935775870801844e-02 1.582409627855655906e-02 1.941568881617564482e-02 2.657873264041121092e-02 1.671477749528895579e-02 1.931965966060796361e-02 2.313300692959122107e-02 1.553015441946363484e-02 2.629338482020306123e-02 1.829366293971732352e-02 1.587746265469745441e-02 1.827473051938549933e-02 1.555845469756407702e-02 1.620941573324894899e-02 2.608840160393563479e-02 1.550038248164296341e-02 1.572410059094569643e-02 1.809649068000775476e-02 2.085713315478652380e-02 1.614682197147275164e-02 1.741296954171314346e-02 1.673244638921560570e-02 1.674877983287357402e-02 1.588572133135059822e-02 1.605766774901561111e-02 1.526584234794561325e-02 1.551930282263948475e-02 1.720835014893240880e-02 1.620145103239827022e-02 1.816173755328673659e-02 1.554487205479217204e-02 1.508683481091891744e-02 1.673267492117491706e-02 1.507680696148532874e-02 1.943295034788325090e-02 1.515493185249632696e-02 1.587816361729625300e-02 1.674807158059552978e-02
1.513841297670822858e-02 1.602206822314180060e-02 1.358448280944103172e-02 1.740131317295763938e-02 1.378254762556119749e-02 1.734138834950670408e-02 0.000000000000000000e+00 1.491043098262982529e-02 1.735708731059097676e-02 1.413401194974366233e-02 1.207052783948621595e-02 1.621032379105542473e-02 1.916297754591009608e-02 1.427140480073419912e-02 1.724370576259354540e-02 1.314025948767147747e-02 1.364553306760148133e-02 1.429480969000419127e-02 2.150324001102186730e-02 1.415915750448171369e-02 1.279701962476493746e-02 1.430377317042059657e-02 1.505613573439379578e-02 1.367674855441089812e-02 1.230817630547372497e-02 1.423783358798016464e-02 1.362958605154992488e-02 1.733481526821246607e-02 1.740364011206586847e-02 1.421723976096377767e-02 1.732666577777075903e-02 1.744611143273964299e-02 1.772134383447290101e-02 2.153817849823567651e-02 1.429718510847842808e-02 1.723214137010717351e-02 1.285176841165211123e-02 1.207283154962789269e-02 1.929571845282491635e-02 1.508687808258432454e-02 1.728294775041457065e-02 1.584171098512600698e-02 1.231226715075615756e-02 1.599791363756903131e-02 1.363538620675299254e-02 1.625617495276697813e-02 1.494941289117631550e-02 1.729924722191212086e-02 1.240886895621026373e-02 1.417481434824240279e-02 1.363995349588382686e-02 1.421666052136261703e-02 2.143275080130195576e-02 1.371658445708909616e-02 1.931326449913180199e-02 1.419793638317883196e-02 1.257322065713073651e-02 1.285270583088382948e-02 1.231154804941372340e-02 1.370706969392851068e-02 1.285160004348369009e-02 1.318902002585172449e-02 1.222796224727750944e-02 1.206572190389320134e-02 1.369650304597348246e-02 1.722596198350202779e-02 1.894021186241846150e-02 1.920849383358261622e-02 1.318158062915683430e-02 1.285424476586117561e-02 2.164817725053037878e-02 1.734089710387780661e-02 1.508278094756541204e-02 1.595651706034020498e-02 2.158329629407736844e-02 1.427983642470629852e-02 1.610081950198227405e-02 1.361905306719581737e-02 1.911180951473899839e-02 1.429466247639311904e-02 1.504275751018983864e-02 1.282877895787372727e-02 1.488022542618984596e-02 1.428595965129405079e-02 1.514887719628432369e-02 1.184254950215542224e-02 1.175781189872585411e-02 1.255803239792053702e-02 1.749794484106964587e-02 1.369361283515462165e-02 1.425497364415413692e-02 1.318836135904205217e-02 1.754480361811694769e-02 2.529462998673112986e-02 1.427403683382000299e-02 1.743295315635936746e-02 2.133419534899363632e-02 1.283203825813624376e-02 2.500782140833982328e-02 1.621120853485281607e-02 1.324804763621629904e-02 1.617735652798477433e-02 1.287403480834857158e-02 1.365570153801567294e-02 2.479491671224697338e-02 1.280003148894232577e-02 1.325977575429375735e-02 1.596799286609684385e-02 1.918144989429817690e-02 1.357808420139276252e-02 1.512584453858829142e-02 1.430382575961408262e-02 1.431969678588487088e-02 1.326712369977737886e-02 1.369350764564670163e-02 1.252138967510697809e-02 1.282134954309802413e-02 1.520386381711886364e-02 1.364499553873841503e-02 1.605023464479635523e-02 1.285351565783051514e-02 1.231554355099950294e-02 1.429519296388120746e-02 1.221492135794374941e-02 1.755916775405542626e-02 1.253120867927886087e-02 1.325716718252631376e-02 1.431558665577396285e-02
1.482537005513391744e-02 1.590119395253595386e-02 1.343350400957339826e-02 1.729114465332625208e-02 1.363283091736185691e-02 1.723888481817738641e-02 1.491043098262982529e-02 0.000000000000000000e+00 1.725312657094286647e-02 1.416087565566919934e-02 1.189747797902835150e-02 1.609906935694183430e-02 1.906662263936502108e-02 1.412692612333988490e-02 1.713705634025948499e-02 1.298183679677046912e-02 1.350471152957050981e-02 1.415808061683620708e-02 2.141739545084272306e-02 1.401408512347898302e-02 1.262966325377623371e-02 1.416143837007816618e-02 1.492845567535521986e-02 1.354486248262173897e-02 1.213795349744371636e-02 1.409526131178649375e-02 1.347616640061622892e-02 1.723207151970003459e-02 1.729825267857678858e-02 1.407343233747387207e-02 1.724070314843799412e-02 1.734684110827360709e-02 1.762073668211279476e-02 2.145294784540099572e-02 1.416704910031592671e-02 1.713047051552533603e-02 1.257721496963083371e-02 1.182348825332150272e-02 1.920020560903442849e-02 1.495978692372209283e-02 1.717587664337831901e-02 1.572338118791486924e-02 1.214190595534767221e-02 1.587786195929651728e-02 1.347948714880030374e-02 1.613806277921268559e-02 1.482032761306822759e-02 1.719405556028151885e-02 1.233498017985115540e-02 1.420224189338198384e-02 1.348316709741867285e-02 1.407364647136964686e-02 2.134902903337451349e-02 1.356819473584802184e-02 1.922288046094811076e-02 1.405366417061374752e-02 1.230638067110842448e-02 1.268930090982131262e-02 1.214057715440139580e-02 1.355711460150130047e-02 1.268757974143894587e-02 1.303221489302706752e-02 1.205927618052560907e-02 1.189164184448980588e-02 1.354452018179388463e-02 1.712245632075109700e-02 1.913205509492957659e-02 1.912368732753038161e-02 1.302298707053495957e-02 1.269808304908903035e-02 2.156783229887307071e-02 1.723467597766863493e-02 1.495241944553494552e-02 1.583806905178075652e-02 2.150097172063069467e-02 1.413607454935754924e-02 1.598426726575629883e-02 1.346719248065493708e-02 1.901812949348022710e-02 1.414977020313626203e-02 1.490733174308568609e-02 1.266196075291828663e-02 1.475398162157958749e-02 1.414358963237444602e-02 1.501911349630268358e-02 1.173636677471399242e-02 1.157975346500733117e-02 1.238994343554207685e-02 1.739534775943241823e-02 1.354297145422262046e-02 1.411176756250995777e-02 1.290409255113132703e-02 1.744457459880746283e-02 2.522373436953492809e-02 1.413119949466587998e-02 1.732953283865510882e-02 2.158389336869187547e-02 1.267201060272002931e-02 2.493633060898529930e-02 1.609773232196362938e-02 1.309408682607725825e-02 1.607173648603217250e-02 1.271026075298788312e-02 1.350049317052226874e-02 2.472314596731415778e-02 1.263560725349407304e-02 1.310231011264646230e-02 1.584897447774422097e-02 1.909423824556769761e-02 1.342341407367316636e-02 1.500734972512729470e-02 1.416156717748864521e-02 1.417662655554633583e-02 1.310899123194736449e-02 1.354280452903558647e-02 1.235468015183304423e-02 1.265948697465866038e-02 1.507619089285331532e-02 1.349116749121360634e-02 1.592951124992492834e-02 1.268870226864059550e-02 1.205791130749347094e-02 1.398645050137977894e-02 1.212928688050352900e-02 1.745612871547671044e-02 1.236208446066918917e-02 1.309889407652894099e-02 1.417218454554047304e-02
1.743452467285328683e-02 1.815497468587950677e-02 1.628442043059801989e-02 1.930984660298369279e-02 1.613720987173533974e-02 1.925225443018948115e-02 1.735708731059097676e-02 1.725312657094286647e-02 0.000000000000000000e+00 1.674833135286680347e-02 1.489177104991950239e-02 1.800245995598228829e-02 2.084806853316474584e-02 1.672530580500859732e-02 1.917465915359084158e-02 1.580157175284090804e-02 1.622164936186032760e-02 1.675386335042189020e-02 2.299198458667157247e-02 1.663232611912170492e-02 1.551089866893368314e-02 1.675369129340033639e-02 1.736044496443916660e-02 1.625601837992030063e-02 1.509895167193332950e-02 1.669492467568395658e-02 1.620484283667703029e-02 1.925442009532180379e-02 1.929884725968267559e-02 1.668430333350851003e-02 1.925967907348192024e-02 1.935028379186341102e-02 1.957376152794667104e-02 2.301448312008243582e-02 1.675674807855177806e-02 1.916929139229153409e-02 1.555864600565270983e-02 1.489497864619864810e-02 2.097091533859269177e-02 1.739121302228151256e-02 1.920784648595667832e-02 1.800566087052390962e-02 1.510259239991164869e-02 1.783600100055598645e-02 1.602958824936509194e-02 1.834276904613814027e-02 1.727509623119214202e-02 1.922483979385087097e-02 1.526457627080068241e-02 1.678728676425930710e-02 1.621415908385927945e-02 1.667956343242413611e-02 2.292655769728864021e-02 1.627346931474407329e-02 2.098737064350863352e-02 1.666355073116966568e-02 1.532288663755750416e-02 1.556003280146031099e-02 1.509953498283079371e-02 1.626905362758865325e-02 1.555785878841805733e-02 1.584432254530113160e-02 1.510325383228555696e-02 1.479723785452497983e-02 1.625347061421931333e-02 1.916074867252351432e-02 2.091057523795340767e-02 2.089800461719087607e-02 1.583069117382362653e-02 1.556515517011128683e-02 2.313246359361580476e-02 1.926128254461870193e-02 1.738251966985797370e-02 1.809883663287561659e-02 2.306269915334366663e-02 1.673420029206758308e-02 1.821582130624468596e-02 1.619577446035085425e-02 2.080624805379593240e-02 1.674408985957019647e-02 1.735333011819108553e-02 1.554213849557025892e-02 1.737843480048559958e-02 1.673922479521759016e-02 1.743433045574916546e-02 1.475680384378126944e-02 1.461924918595268810e-02 1.531044734368705584e-02 1.938320964631337628e-02 1.625736474901313608e-02 1.670442088464478558e-02 1.583791603664234590e-02 1.943280669719455594e-02 2.658679302921297324e-02 1.673074848688397426e-02 1.933557503261858906e-02 2.314222480596983891e-02 1.554715218023409486e-02 2.630048230325487957e-02 1.829775131176593350e-02 1.589221727360316458e-02 1.828774990460031377e-02 1.557258501222587473e-02 1.622326530480940401e-02 2.608474943519262929e-02 1.551815235761389369e-02 1.589787823613946979e-02 1.810988084925664945e-02 2.086348910566740780e-02 1.615899176592370395e-02 1.742782867966714139e-02 1.674814111629596702e-02 1.676224006149069218e-02 1.590477735819544741e-02 1.625613895445180562e-02 1.528188863247150267e-02 1.553539031967170539e-02 1.722112700682855782e-02 1.621463296866102605e-02 1.817495785370994502e-02 1.542252182848251156e-02 1.510419065275385789e-02 1.674731535916006500e-02 1.509236271128730489e-02 1.944492781396593706e-02 1.528648297750579907e-02 1.573728621290229959e-02 1.676267621744436179e-02
1.440849996784762145e-02 1.516044074646538502e-02 1.286599145450828714e-02 1.680149522507796284e-02 1.292414254928213151e-02 1.673544340494171126e-02 1.413401194974366233e-02 1.416087565566919934e-02 1.674833135286680347e-02 0.000000000000000000e+00 1.105378408750434457e-02 1.535522569984628695e-02 1.862541886424323723e-02 1.345667095942600783e-02 1.663498161915791251e-02 1.221782188469086247e-02 1.277917198960828657e-02 1.334171408688769253e-02 2.101935256775388020e-02 1.333355146912198509e-02 1.184406562086774868e-02 1.349101939343299965e-02 1.414400084613185761e-02 1.282603458996904068e-02 1.131103143365333290e-02 1.341901569939408546e-02 1.275239482629732767e-02 1.673356459653945610e-02 1.679490377747678773e-02 1.339621005109769246e-02 1.674006628701427135e-02 1.685016694293729397e-02 1.711582662377873071e-02 2.105773625726641701e-02 1.350015565437744265e-02 1.662844860487536908e-02 1.190518588028265795e-02 1.105782969510945429e-02 1.876042982948038576e-02 1.434362101969931420e-02 1.667613680321292438e-02 1.515764510911463830e-02 1.131576399188078189e-02 1.531940115213176190e-02 1.275694568885863203e-02 1.559614970104193643e-02 1.402952604588490748e-02 1.669693347715573220e-02 1.152433699571099417e-02 1.353301990070327789e-02 1.276700118025249700e-02 1.339218078295487287e-02 2.094770793340472448e-02 1.285195794098297449e-02 1.878019164305218605e-02 1.337457781645759979e-02 1.159873728620939952e-02 1.190345638555760123e-02 1.131622515562171437e-02 1.270225703735798281e-02 1.190530437706501139e-02 1.227428964979798004e-02 1.131973416518883800e-02 1.105288472926029344e-02 1.281933024486533318e-02 1.661788411082716632e-02 1.868823108344660686e-02 1.843201808957259033e-02 1.226398157358884848e-02 1.191826986568979285e-02 2.117536962166846615e-02 1.674125325677307957e-02 1.433999692245823895e-02 1.527707840077623287e-02 2.110556110390660045e-02 1.346535592264101744e-02 1.543060545282911970e-02 1.274522318340944732e-02 1.857249387127916582e-02 1.348230493116156503e-02 1.429459118273381478e-02 1.178076491382067451e-02 1.432559015504527439e-02 1.346285375355373362e-02 1.440921689298602960e-02 1.088499935698798195e-02 1.072156669191122284e-02 1.158673372378773297e-02 1.689747769110066036e-02 1.282741857333799876e-02 1.343607286266466222e-02 1.226957902332204663e-02 1.694540550187462885e-02 2.487410703259577971e-02 1.346086307858390847e-02 1.682770517048111369e-02 2.118177312452136987e-02 1.188813062733261143e-02 2.457958551602603195e-02 1.554438874910941265e-02 1.234530638208140157e-02 1.551438015896156389e-02 1.182442905574667032e-02 1.277994864692392867e-02 2.436038955240898973e-02 1.185001375465597265e-02 1.234659488990961715e-02 1.528937974670505594e-02 1.865198863079969849e-02 1.269595798996507770e-02 1.439273013300206190e-02 1.349187924151033433e-02 1.350779720805171495e-02 1.235884068705529748e-02 1.282561519625712021e-02 1.145542773745725565e-02 1.187143939075730077e-02 1.446937669022953059e-02 1.276952398581702140e-02 1.537247194597146302e-02 1.190714469476378268e-02 1.131774220649245030e-02 1.348396720411155006e-02 1.129988052656166059e-02 1.696261486179255137e-02 1.155426027957631892e-02 1.234350549752182870e-02 1.350118728505648492e-02
1.220360838354193032e-02 1.322541212867117677e-02 1.023148295632853033e-02 1.494737880409534661e-02 1.024453914801373884e-02 1.487747153298710039e-02 1.207052783948621595e-02 1.189747797902835150e-02 1.489177104991950239e-02 1.105378408750434457e-02 0.000000000000000000e+00 1.345555056906439645e-02 1.693181143557118823e-02 1.101176682565254208e-02 1.467200609419077456e-02 9.256598037453380237e-03 1.011413804967870034e-02 1.105588599116848723e-02 1.947287335047126131e-02 1.078372226331718656e-02 8.761685550340606379e-03 1.105632607111902387e-02 1.208444061753313585e-02 1.017745272646471653e-02 7.949682889061138527e-03 1.096456130296438736e-02 1.001204733995565005e-02 1.487282930590821083e-02 1.494672285190602572e-02 1.093814908762697977e-02 1.487856514861731969e-02 1.500094267498357919e-02 1.531126719571771974e-02 1.950916383288435127e-02 1.106612252817053277e-02 1.475542063702508025e-02 8.855007966266082581e-03 7.556180315126458796e-03 1.707968569193829209e-02 1.212411019190364966e-02 1.480756607782190808e-02 1.300347030773731441e-02 7.959896614550047295e-03 1.327846663237103146e-02 1.008096948661715495e-02 1.359132500982498069e-02 1.194040292052295227e-02 1.483235646046202408e-02 8.279363311216684021e-03 1.111612889029639159e-02 1.002625199472316833e-02 1.093467661015509740e-02 1.939629628618699808e-02 1.021198408526981065e-02 1.709541324244926580e-02 1.090587449795191524e-02 8.394666341890030456e-03 8.859281045293980472e-03 7.961246351025932227e-03 1.019627694644307560e-02 8.855820282223864429e-03 9.339476472820459202e-03 7.970267166065803099e-03 7.542701535019144185e-03 1.017813992566847167e-02 1.474354429687713304e-02 1.700293053827512529e-02 1.698937372954394814e-02 9.384578200399337072e-03 8.879688545243701048e-03 1.963378858664193913e-02 1.487962769215119170e-02 1.211457031947837416e-02 1.322315128558094847e-02 1.955952587688795236e-02 1.102433846291553908e-02 1.340067724339626468e-02 9.997115014062918359e-03 1.687548004803135493e-02 1.104492335523175016e-02 1.206107412063786403e-02 8.821248281179729089e-03 1.210565104910629394e-02 1.103280617965762996e-02 1.220284634833201411e-02 7.288003598504226577e-03 7.000735190984219876e-03 8.377747875563435614e-03 1.505499591616539685e-02 1.017467037041763604e-02 1.098563346871942945e-02 9.391366964975262840e-03 1.511183268696643725e-02 2.347173694705416078e-02 1.101337557933263628e-02 1.497734410978206893e-02 1.964508658141420408e-02 8.824075207000773094e-03 2.316715003264832942e-02 1.353722653307705241e-02 9.503730796701028230e-03 1.342207672143375281e-02 8.891565807853539852e-03 1.011467630369724917e-02 2.294676253946958955e-02 8.769208573249618471e-03 9.511879651358370880e-03 1.324003839875737693e-02 1.696182272993403475e-02 9.931069383324959282e-03 1.218735085460887282e-02 1.105685144193619719e-02 1.108045273581050386e-02 9.521372515116963142e-03 1.011074229327117192e-02 8.309769046673826098e-03 8.750432036266232033e-03 1.227371631157828623e-02 1.009581914556194164e-02 1.334073933959721223e-02 8.858582971258409031e-03 7.967218722922345120e-03 1.104799779738742382e-02 7.892923463135441062e-03 1.512966903891993335e-02 8.323028645455044991e-03 9.501598920905454312e-03 1.107386743687146201e-02
1.630547609080330862e-02 1.708541058134379828e-02 1.504113662809128914e-02 1.835012431111568421e-02 1.507819816193572970e-02 1.829443548554306534e-02 1.621032379105542473e-02 1.609906935694183430e-02 1.800245995598228829e-02 1.535522569984628695e-02 1.345555056906439645e-02 0.000000000000000000e+00 2.000220215040240945e-02 1.552302441280668452e-02 1.820169692247137344e-02 1.451280559550703619e-02 1.481061418000233221e-02 1.554865871982793329e-02 2.224177986120386835e-02 1.542120120466810435e-02 1.419984386050173603e-02 1.555138137652566262e-02 1.621274906118327919e-02 1.500455531786300950e-02 1.375773739088896608e-02 1.549334329129003346e-02 1.494860165668627887e-02 1.829079928655134510e-02 1.834808287938514623e-02 1.547610445885004224e-02 1.828874882276747271e-02 1.839417615257530128e-02 1.831939734359215241e-02 2.227923462557073256e-02 1.555650672033150224e-02 1.819797199539444771e-02 1.425325044645549960e-02 1.354044139683648063e-02 2.012035834987959890e-02 1.624913365471109677e-02 1.823997847727501162e-02 1.692670854698345023e-02 1.375735988188201038e-02 1.705968108640228131e-02 1.495097419121121755e-02 1.729797416969066845e-02 1.612571483206906228e-02 1.825849701234075889e-02 1.393772846726720749e-02 1.558853180294896695e-02 1.496079928164370174e-02 1.547481180394645085e-02 2.217706379043453413e-02 1.502941536594320539e-02 2.014520882514716019e-02 1.545752047409716494e-02 1.399751256960327789e-02 1.425328738084824867e-02 1.374849499531339593e-02 1.501881383707926419e-02 1.425250877719026234e-02 1.455921683014944033e-02 1.375425752257939879e-02 1.353375542318058407e-02 1.484087177349396013e-02 1.818878003958737319e-02 2.006399270489211961e-02 2.003082317711003119e-02 1.455167519460727130e-02 1.426261031851415798e-02 2.239106883379430105e-02 1.829766000603063464e-02 1.624500219458605010e-02 1.702879496400487580e-02 2.231310699158841823e-02 1.552585535698302460e-02 1.715101771932660280e-02 1.494331707823593272e-02 1.994316993655337322e-02 1.553994505552110800e-02 1.620968629830782035e-02 1.423191133889364392e-02 1.623450094097233024e-02 1.553523635236138227e-02 1.629852900198841895e-02 1.339136830693164575e-02 1.324952064005547117e-02 1.397450274482150805e-02 1.843003462997524350e-02 1.500907104789448408e-02 1.550765886570518344e-02 1.455514397255226050e-02 1.848393430906631468e-02 2.594495730268412542e-02 1.552376556484852572e-02 1.837835534351428199e-02 2.239636368269766475e-02 1.423929982269780958e-02 2.565899229153124558e-02 1.698192185464217352e-02 1.461363421525646231e-02 1.723497271568397160e-02 1.414505592120438894e-02 1.497364057146523438e-02 2.497917959130096024e-02 1.420767158753053622e-02 1.461771115907715100e-02 1.703757516310805409e-02 2.002587163260887218e-02 1.490196685228487375e-02 1.629077740464510843e-02 1.555093946682396984e-02 1.556570036569431860e-02 1.462617247912151829e-02 1.500669326308402829e-02 1.395092087007728486e-02 1.422408600960324218e-02 1.631388038446136488e-02 1.496471605493491543e-02 1.711075252087153678e-02 1.425038322536897710e-02 1.376269913929209325e-02 1.554490900376440110e-02 1.375067377544883680e-02 1.849684490553666835e-02 1.396190780837876233e-02 1.460859050209179638e-02 1.556000569724646024e-02
