0.000000000000000000e+00 1.290510858424215312e-02 1.254799174375897247e-02 1.220985957473595500e-02 1.330258386279463412e-02 1.327483602182927269e-02 1.010130342290081230e-02 1.159406142514616232e-02 9.820590242294147121e-03 1.058378718144841781e-02 1.440565291191319222e-02 1.264931654654015414e-02 1.460854017844580299e-02 1.312022833459114066e-02 1.161015210632994690e-02 1.033298267671862829e-02 1.208284977750061044e-02 1.254818125172343056e-02 1.685082156801612566e-02 1.024806110312438158e-02 1.295669208451279662e-02 1.402112185121776738e-02 1.462263903806275064e-02 1.489472061564712721e-02 1.241585070996559237e-02 1.382395008913764670e-02 1.475429145320926970e-02 1.139945548094830133e-02 1.129033546013383758e-02 1.596180280525862083e-02 1.177450080572973318e-02 1.479565564087469143e-02 1.438809068870763354e-02 1.625961011359439851e-02 1.630322544288105580e-02 1.703502953713006626e-02 1.646211985707513037e-02 2.032658002381524873e-02 1.437657826636722785e-02 1.516768357113839998e-02 1.592710977032939582e-02 1.472046813537050344e-02 1.557526404185048848e-02 1.592028199233513908e-02 1.626386790643478616e-02 1.596219987501455717e-02 1.423316629097071996e-02 1.991243609033147705e-02 1.272209185683016372e-02 1.439901623879370762e-02 1.463566984353436781e-02 1.613483082112989603e-02 1.476843135608806555e-02 1.767289864959830162e-02 1.482255706499764278e-02 1.715441539885841776e-02 1.356236300260664843e-02 1.621174250978753284e-02 1.489526038001872006e-02 1.355923226047609648e-02 1.584558515160120612e-02 1.587771327140043501e-02 1.580473256606753155e-02 1.270009610025220857e-02 2.266025627187046032e-02 2.237320577598685481e-02 2.327229730478762651e-02 2.168176162105308821e-02 2.295516113246756987e-02 2.314618338960136232e-02 2.311593140473857527e-02 2.323578849845876065e-02 2.249530132557658185e-02 2.288718911372361609e-02 2.483875683458331568e-02 2.267809402778837857e-02 2.239579351944965060e-02 2.297802548027516253e-02 2.336783421180418582e-02 2.213261626642041777e-02 2.212952210752318696e-02 2.266849463547047222e-02 2.210453061859906851e-02 2.204989736374065798e-02 2.280672304763898400e-02 2.306549744765352267e-02 2.278044524561216588e-02 2.320247639975177995e-02 2.307635468014080510e-02 2.365774527806288954e-02 2.269392785228546011e-02 2.321109880550872515e-02 2.230512298769454088e-02 2.397060262368159653e-02 2.327039378577788753e-02 2.310068630830065112e-02 2.315494169295516727e-02 2.192225700518086323e-02 2.302767258520566768e-02 2.294169001076221126e-02 2.324889443337633393e-02 2.065919961049986556e-02 2.322237430633294908e-02 2.209887357214077377e-02 2.374706723954112669e-02 2.286730034445657797e-02 2.253990771103752538e-02 2.227295955408938391e-02 2.283688492892129232e-02 2.413655806101835596e-02 2.303882604507503234e-02 2.255911050962751060e-02 2.239451434988593004e-02 2.356091537623462157e-02 2.215683203508681323e-02 2.206513377667809056e-02 2.362812318818334825e-02 2.289084081285957042e-02 2.227621080638934187e-02 2.278490244418325192e-02 2.316098679076240147e-02 2.201241097041710740e-02 2.247890826083665319e-02 2.252097973591670604e-02 2.220734644687942516e-02 2.311059127976724040e-02 2.220906851112367311e-02 2.249858922430860927e-02
1.290510858424215312e-02 0.000000000000000000e+00 1.115007527726991424e-02 1.123141294268949902e-02 1.031339052348879265e-02 1.160918357190924600e-02 1.251118399144403315e-02 1.092535927980474095e-02 1.346482224286009617e-02 1.261150753506463593e-02 1.191813208481821464e-02 1.128722608824169436e-02 1.192620173066338135e-02 1.074980662152032543e-02 1.108268513981765929e-02 1.242545078308555755e-02 1.080639173378967338e-02 1.146469390404513712e-02 1.413051251521941012e-02 1.261870669450803825e-02 1.037704839408311666e-02 1.125317368742486009e-02 1.144825648285748530e-02 1.194361047050426609e-02 1.115500152687003317e-02 1.165593770198166367e-02 1.198080471153310789e-02 1.178039588877877707e-02 1.136718645677147269e-02 1.339629383449335298e-02 1.105582736656930687e-02 1.254616679660711109e-02 1.703232989979675677e-02 1.422333895467335629e-02 1.372123772807701432e-02 1.421069544112469468e-02 1.382609567670356823e-02 1.676216907762543423e-02 1.463861962241693598e-02 1.321557023601324654e-02 1.371898296724554170e-02 1.393197877434747267e-02 1.365253216017357427e-02 1.330335673848468195e-02 1.361582450746747462e-02 1.362055636080215099e-02 1.283344527850838364e-02 1.659768978223151448e-02 1.539848313301394114e-02 1.475651408311126622e-02 1.455905216251956839e-02 1.346720987404209993e-02 1.312084501175887069e-02 1.469202097037261741e-02 1.302593327170423719e-02 1.411342769628252079e-02 1.690170510319206204e-02 1.349348695286648782e-02 1.315915932232785204e-02 1.320904011016464132e-02 1.359980309623274805e-02 1.392924705827433031e-02 1.361857711917840823e-02 1.403742138847722046e-02 1.976027010218395219e-02 1.834708924234326050e-02 2.105914408699847626e-02 1.810342951640118644e-02 2.130963098223305138e-02 2.034602543642003922e-02 1.937301781175512078e-02 1.971952206922047285e-02 1.886373228405213015e-02 1.926340359447070022e-02 2.071687525619061304e-02 2.002795386346565773e-02 1.892048759780990200e-02 2.137903331843276841e-02 1.959879150989237220e-02 2.023700474288315024e-02 1.906173652295956034e-02 1.984846669622423662e-02 1.906300217836746219e-02 1.906404051657012433e-02 1.924220202413095410e-02 2.157027882911683944e-02 1.879016261268945040e-02 1.898428635546393212e-02 1.945108308625724189e-02 1.978013931429058875e-02 2.045198618131345916e-02 1.966662669518937437e-02 1.974889321607353754e-02 1.996963320757777494e-02 1.949925222064941358e-02 2.002489244047959624e-02 1.947740351540231882e-02 1.859027100876740890e-02 2.174864662290552572e-02 2.011517879840588399e-02 1.947855364491106814e-02 1.809862391915059363e-02 1.961326789353127001e-02 1.902032458963737530e-02 2.279616099189881936e-02 2.015676512650730126e-02 1.824869328986715444e-02 1.865289251741568746e-02 2.076960427095918618e-02 2.016641040749274708e-02 1.947328393834211330e-02 1.900914878287033802e-02 1.874079454844302869e-02 2.255596097688868790e-02 1.996363159597504960e-02 1.881736875502747555e-02 1.976821930715097833e-02 2.034949166519121194e-02 1.937514137337694939e-02 1.963425179277665869e-02 2.168239720537049400e-02 1.867259616311972223e-02 1.869947740583578072e-02 1.936660206656189848e-02 1.833994249228920737e-02 1.977988580394455034e-02 1.863346914621192771e-02 1.949959585074026447e-02
1.254799174375897247e-02 1.115007527726991424e-02 0.000000000000000000e+00 1.027594564726652671e-02 1.059171482714729197e-02 9.933022599282789744e-03 1.250077155394810173e-02 1.006104324507742231e-02 1.324248612067069689e-02 1.142351728367473930e-02 1.077115917866536439e-02 1.002627177770301463e-02 1.199138577995264091e-02 1.046607593603304971e-02 1.141607734986986415e-02 1.218527792934669986e-02 1.030762205225167066e-02 9.254653916671247427e-03 1.335206252693804316e-02 1.163609872171328212e-02 1.062250827778296949e-02 1.077678331618794373e-02 1.116086990051189977e-02 1.197084542907406179e-02 9.908937554820128682e-03 1.043829824947870716e-02 1.126530617679594864e-02 1.042527192271793489e-02 1.209784577805400954e-02 1.253511738619335694e-02 1.004344069422252392e-02 1.124700518942203971e-02 1.723015570720796627e-02 1.353593082990821490e-02 1.294169588037481951e-02 1.397375581769750089e-02 1.309253912016098906e-02 1.702092818209451422e-02 1.502811371941529736e-02 1.386165729807455928e-02 1.311506160154852531e-02 1.427641803878592838e-02 1.348010307782256285e-02 1.291899182037465829e-02 1.351419813157789772e-02 1.315683548975057557e-02 1.322490389565164452e-02 1.656412782312755017e-02 1.557775164861300264e-02 1.478654986279717351e-02 1.449712876149835718e-02 1.348478257044330095e-02 1.242036333398654178e-02 1.456637395592242333e-02 1.338488073218764736e-02 1.410493957942526334e-02 1.687192726861538178e-02 1.325635659136131274e-02 1.222264166425453269e-02 1.285291130511075942e-02 1.340861389899013212e-02 1.318241213451534430e-02 1.297375055713125870e-02 1.355313227721465646e-02 2.211612442904776349e-02 2.055131554335173569e-02 2.344763175226623544e-02 2.006110275682247701e-02 2.369169632098161449e-02 2.266757655477124808e-02 2.114750202169113011e-02 2.169737114345992104e-02 2.074453319306991325e-02 2.121319356865355651e-02 2.204474299767680487e-02 2.236599279735460022e-02 2.102434467077118202e-02 2.376384472943498735e-02 2.148487837824666208e-02 2.261052971092981576e-02 2.133348389300341458e-02 2.216352006664048038e-02 2.134608035464321749e-02 2.120186587982209742e-02 2.121654688786894435e-02 2.399686549810864378e-02 2.107065186870694593e-02 2.109236650645753691e-02 2.141999051141674215e-02 2.148433191860445179e-02 2.282540032530729415e-02 2.166622798703375652e-02 2.210485070700964408e-02 2.153899417543861730e-02 2.132855916435629287e-02 2.229945646565162018e-02 2.128904468656379889e-02 2.065563859272659050e-02 2.412972820939676341e-02 2.236762225704207185e-02 2.120732363663728123e-02 2.030501472523348408e-02 2.138155903851513343e-02 2.117765493224061171e-02 2.511341775052479755e-02 2.243064573632235631e-02 2.028335932175105716e-02 2.042774774059674323e-02 2.306834036056444603e-02 2.158867672984322167e-02 2.130921343566197571e-02 2.079063659217745066e-02 2.049130823988652012e-02 2.486573901422323499e-02 2.224050258380761910e-02 2.089723813036441225e-02 2.140376471804531985e-02 2.262211108768389170e-02 2.162077661687679050e-02 2.176184452261236552e-02 2.401103686295419370e-02 2.069022480629250857e-02 2.035542567240442718e-02 2.150084669258298109e-02 2.064625071297709891e-02 2.179962186571713506e-02 2.046886219339981786e-02 2.166959916242803402e-02
1.220985957473595500e-02 1.123141294268949902e-02 1.027594564726652671e-02 0.000000000000000000e+00 1.053872036141817632e-02 1.114081962428941329e-02 1.126377035116772618e-02 9.605273839921789347e-03 1.216707700203679791e-02 1.021242693056304517e-02 1.186600178172726554e-02 1.008632539288035861e-02 1.234303106195040224e-02 1.143320531038071776e-02 1.022745275210202448e-02 1.058382392979157274e-02 9.380623805986230274e-03 1.022686753415627710e-02 1.474325699061218575e-02 1.042878838450227684e-02 1.008278983025926584e-02 1.201723650505171805e-02 1.165184388711414977e-02 1.253279425557293249e-02 9.686238042566047701e-03 1.081858025975479184e-02 1.270373169037500652e-02 9.262784989860321783e-03 1.095463790268468886e-02 1.400671083344334593e-02 9.702032406088287320e-03 1.230997563414174163e-02 1.700759477760835706e-02 1.488159651619291000e-02 1.475997283117990409e-02 1.542910238189006480e-02 1.490150605566004788e-02 1.844003950889884155e-02 1.496636394653338281e-02 1.414871759029140072e-02 1.441549251988177849e-02 1.429147246138906188e-02 1.426360965321388230e-02 1.395360140648348179e-02 1.485253275457974753e-02 1.455207914249815118e-02 1.332020495380669203e-02 1.800417389862547443e-02 1.548681685238396596e-02 1.470830135608671221e-02 1.451432015679647580e-02 1.488818857286040159e-02 1.333973165125738186e-02 1.604630165052837662e-02 1.363110112032187536e-02 1.549822523404414780e-02 1.659103702374335049e-02 1.455801322564358874e-02 1.384521187407601953e-02 1.292797765665591909e-02 1.451394137065861040e-02 1.449426193851611686e-02 1.428169755564540067e-02 1.380002505373292311e-02 2.224837916363672785e-02 2.121698008318528145e-02 2.345216027949978410e-02 2.067645255703879498e-02 2.360673372431877637e-02 2.278656690260622703e-02 2.186046722179917426e-02 2.226549531872619447e-02 2.139120205760451643e-02 2.183594044512805754e-02 2.306055830857706851e-02 2.245884081866792240e-02 2.149203318241067057e-02 2.372139467135469387e-02 2.218798553070579563e-02 2.256944254224507382e-02 2.153087804934144048e-02 2.228897138604659170e-02 2.152737536700923687e-02 2.160104811597694796e-02 2.181396257016387022e-02 2.387400135047258037e-02 2.169147103180842431e-02 2.186751600708305293e-02 2.204239281841927425e-02 2.229804567747386071e-02 2.280941545141590421e-02 2.222642201653124081e-02 2.214875995587339136e-02 2.243680539468721757e-02 2.205767753543270981e-02 2.249295911132243378e-02 2.199072231475359546e-02 2.099987230040108524e-02 2.400432706000464947e-02 2.248817886176316186e-02 2.196926174909482124e-02 2.042800992545656252e-02 2.205746467561766483e-02 2.142271323953670939e-02 2.490260133855507624e-02 2.253021206193562415e-02 2.108532398632573246e-02 2.113663150681596714e-02 2.306253665808962600e-02 2.251454954489895410e-02 2.195440064362962421e-02 2.146601426027561904e-02 2.117328739346089478e-02 2.470055304090299983e-02 2.222708329066121549e-02 2.124920882759959509e-02 2.222674559851122236e-02 2.268968965753272865e-02 2.178252977193441409e-02 2.205086702700553500e-02 2.392258737928648279e-02 2.111325064184875130e-02 2.118082301168657672e-02 2.179803853022608748e-02 2.116517141364552754e-02 2.223428084237794033e-02 2.108349848392856649e-02 2.187733296843128936e-02
1.330258386279463412e-02 1.031339052348879265e-02 1.059171482714729197e-02 1.053872036141817632e-02 0.000000000000000000e+00 1.077826963169977760e-02 1.240839235693759306e-02 1.095804634380252718e-02 1.385838984659467331e-02 1.177081639454240908e-02 1.152204020627375577e-02 1.072599079365975892e-02 1.084693688363804788e-02 9.874541217873960761e-03 1.042925792706504359e-02 1.197211248697911332e-02 1.038605075071132207e-02 1.003477576817645572e-02 1.315237165983762675e-02 1.186737961235688997e-02 9.620252788894259957e-03 1.046703805485482697e-02 1.107829501166626186e-02 1.176312665680125796e-02 1.012802285476809526e-02 1.010119965047035114e-02 1.153677012183025770e-02 1.090770296376965091e-02 1.136193704175672732e-02 1.286752738604820222e-02 1.034306589468093028e-02 1.128969361236971218e-02 1.741468689578008072e-02 1.388296118742121665e-02 1.347838039758203314e-02 1.399912432715211610e-02 1.353424268209813507e-02 1.677049668645815006e-02 1.524129489311659875e-02 1.368166158633291572e-02 1.297941283661004953e-02 1.446599026250343714e-02 1.354188645944098650e-02 1.261986361115363664e-02 1.343543526923872931e-02 1.327563659356541595e-02 1.307084848918468704e-02 1.640708151485428118e-02 1.578562843940104973e-02 1.500202462118289254e-02 1.476063345614078877e-02 1.338821836256256191e-02 1.246129100619033925e-02 1.452206726690408352e-02 1.332508247110324520e-02 1.392749486395346639e-02 1.716043748297191654e-02 1.325276077270322664e-02 1.288885479329447172e-02 1.325151419404429522e-02 1.369836076235610677e-02 1.357956763824180388e-02 1.316897927220041925e-02 1.432198547820049891e-02 2.102782729527077898e-02 1.953130775547118683e-02 2.234265939833761025e-02 1.907826100362001662e-02 2.259260731980475972e-02 2.156733678212219632e-02 2.012604620099982602e-02 2.063606430920678428e-02 1.977431747213733923e-02 2.017418731088630596e-02 2.120106652375059950e-02 2.128163594299263897e-02 1.995665034968549870e-02 2.269565830198552736e-02 2.048551407713770575e-02 2.151377468065855322e-02 2.021362743639215642e-02 2.106050135256416073e-02 2.027735468789360757e-02 2.011987280763088970e-02 2.019600508687560345e-02 2.253593384733137625e-02 2.003606187976260736e-02 2.011144380202627147e-02 2.038108206931864633e-02 2.052948519860275239e-02 2.172856396543792340e-02 2.060918024267453796e-02 2.100500393654674766e-02 2.059744654816237849e-02 2.033301680285574606e-02 2.120459647990875773e-02 2.027158902646723077e-02 1.951550872174292323e-02 2.299529453539297594e-02 2.125626699276741971e-02 2.019177402451612785e-02 1.917333464050276215e-02 2.034286430665225784e-02 2.006522015335276618e-02 2.397732850465404339e-02 2.129763464395932962e-02 1.930252633556200220e-02 1.940789468559425690e-02 2.196133352185421217e-02 2.063903763240339251e-02 2.024806097528246765e-02 1.978415057286573089e-02 1.907392060232111081e-02 2.375426362718667875e-02 2.113027139461776810e-02 1.976084061240288361e-02 2.043704222473482005e-02 2.148724785598483608e-02 2.050170548449963340e-02 2.065313182433640288e-02 2.288172681634951383e-02 1.959479296340949431e-02 1.940668933778265035e-02 2.038714034551545456e-02 1.957033136157787859e-02 2.068379922647164623e-02 1.939551482078312114e-02 2.055015936851745453e-02
1.327483602182927269e-02 1.160918357190924600e-02 9.933022599282789744e-03 1.114081962428941329e-02 1.077826963169977760e-02 0.000000000000000000e+00 1.287888058382518838e-02 1.096835573112223475e-02 1.391373181813260196e-02 1.216917565710233691e-02 1.103811600931048180e-02 1.085620754193868283e-02 1.093338761324069881e-02 9.753288202801576462e-03 1.197316624985992131e-02 1.243055274994756508e-02 1.116899168123462044e-02 1.047522789668736166e-02 1.323498979565932050e-02 1.293017786588067895e-02 1.064858969748031133e-02 1.037562899086699394e-02 1.029255356486783075e-02 1.169559066037277259e-02 1.108078995868361921e-02 1.007072302062280572e-02 1.088672688746992676e-02 1.123605153314161803e-02 1.196936911400143036e-02 1.215704047372279627e-02 1.141980668879507763e-02 1.129920456671282096e-02 1.728550453823581023e-02 1.306183684868931702e-02 1.231792475122454357e-02 1.290998326064624058e-02 1.249145708388757318e-02 1.593259482664690155e-02 1.487574149196886804e-02 1.312652948224299516e-02 1.227176499560488424e-02 1.410619697656910476e-02 1.317279494768330145e-02 1.197771266155628345e-02 1.262553283249178912e-02 1.233080646842065961e-02 1.297124987775964342e-02 1.553967736338006216e-02 1.513555050323733310e-02 1.457279208581566468e-02 1.433556652900980395e-02 1.255025836819592851e-02 1.184233945539907296e-02 1.344330130333402061e-02 1.316534410750037735e-02 1.304826179182329293e-02 1.650444144785876907e-02 1.221773699666144075e-02 1.189407582401497653e-02 1.281522780368529735e-02 1.312665927182604143e-02 1.283338289109055286e-02 1.192517039832414680e-02 1.356463759538250463e-02 2.186641662177750411e-02 2.004870139529101730e-02 2.325592538568432496e-02 1.968283456568794762e-02 2.353918292894757042e-02 2.242563860332180692e-02 2.055393881614297341e-02 2.126893284663368064e-02 2.025722062481637165e-02 2.069713311589784638e-02 2.126733954384273789e-02 2.214430914529829514e-02 2.067216672867238508e-02 2.362454332818177821e-02 2.090455181228509027e-02 2.243902547459236674e-02 2.103445764536931994e-02 2.190621595615051959e-02 2.108201012086522927e-02 2.087802845738693375e-02 2.076982276717499742e-02 2.386176013250443373e-02 2.059284637250144781e-02 2.048569123318727189e-02 2.092115715487863001e-02 2.082334464314965217e-02 2.263757692908756336e-02 2.124906650068067449e-02 2.188253950938541872e-02 2.081952681619457859e-02 2.072560196507563721e-02 2.202916500265067468e-02 2.065049809545348170e-02 2.026918092229817656e-02 2.395047475474659793e-02 2.205756989748217448e-02 2.052691739776962149e-02 1.995323415000666012e-02 2.075606464188066089e-02 2.081711047290505170e-02 2.493985626441963532e-02 2.213633909108162975e-02 1.956169564621427701e-02 1.980616037429139623e-02 2.282073724580768043e-02 2.080919615181768198e-02 2.071859821834622778e-02 2.019486248550431823e-02 1.985177611000602318e-02 2.469434582510588935e-02 2.193317934305067524e-02 2.052882194353620668e-02 2.068678232213813639e-02 2.233717404799137954e-02 2.127307450159266269e-02 2.139658810507229225e-02 2.380192357474126066e-02 2.024543595817963892e-02 1.962811898288986320e-02 2.111739461154682126e-02 2.019388920862342368e-02 2.140063345345780826e-02 1.993102201752033550e-02 2.133105911817420944e-02
1.010130342290081230e-02 1.251118399144403315e-02 1.250077155394810173e-02 1.126377035116772618e-02 1.240839235693759306e-02 1.287888058382518838e-02 0.000000000000000000e+00 1.157257236759206415e-02 1.066559925012834295e-02 1.022689138642198479e-02 1.426464567080127158e-02 1.126960043488084082e-02 1.378115677107888751e-02 1.243008158264939829e-02 1.081705487427350038e-02 9.907833235594252011e-03 1.105262884952235708e-02 1.236730429051049324e-02 1.657583078679862945e-02 9.994839663558024653e-03 1.173789701934087673e-02 1.338889270518237549e-02 1.399278453803770410e-02 1.472952593802954145e-02 1.177879438058156668e-02 1.257281228981097301e-02 1.395410825674290797e-02 1.102300074351394120e-02 1.014120218944352357e-02 1.560926767809161890e-02 1.130762062186208700e-02 1.408745663265126465e-02 1.464917092579659692e-02 1.536050868474927479e-02 1.543554909898781601e-02 1.608860531045707212e-02 1.552812960441682898e-02 1.922205810349261051e-02 1.324725512368205189e-02 1.421539500745909457e-02 1.499400610294699017e-02 1.392931580248491126e-02 1.468109388453042383e-02 1.496843227083254069e-02 1.535195138153363538e-02 1.500951010600942888e-02 1.323241147150350065e-02 1.888422928144344037e-02 1.319979889422859091e-02 1.360190532933213195e-02 1.376824763096819171e-02 1.558033519235455661e-02 1.343831429124374074e-02 1.669798412830619111e-02 1.383391861431439163e-02 1.620839507847859906e-02 1.390623420780884648e-02 1.472362439072100009e-02 1.396774413117369412e-02 1.314809496693631480e-02 1.493643125483092200e-02 1.493281777222586412e-02 1.438169076133074056e-02 1.212467066449108427e-02 2.184383832907609360e-02 2.148973460084627196e-02 2.256292608986063680e-02 2.081820647358255047e-02 2.247958446009220776e-02 2.237131777319757014e-02 2.220291523623198898e-02 2.236808307102130383e-02 2.156810847459344344e-02 2.198998984762009362e-02 2.385345221852737049e-02 2.190250578444054644e-02 2.158929961921532761e-02 2.254167063816133604e-02 2.249057873267001559e-02 2.149303752321827382e-02 2.134127205791338036e-02 2.188063783155407699e-02 2.131212239956295149e-02 2.159734249685710608e-02 2.195140613377340177e-02 2.265401917396707432e-02 2.188294045803135246e-02 2.226432084272900874e-02 2.220094230995826520e-02 2.274224864330401386e-02 2.161493734438561798e-02 2.231783644104315747e-02 2.118584438870406081e-02 2.305403993299252885e-02 2.236475916191651980e-02 2.228389757038358454e-02 2.239292568780899134e-02 2.115816156158564429e-02 2.278636265624478865e-02 2.230052722870665485e-02 2.247496277210891957e-02 2.035046783050581398e-02 2.246967270647210954e-02 2.143675931063406329e-02 2.363009651271668135e-02 2.220129313550159647e-02 2.173003389737967334e-02 2.151506468997495605e-02 2.231000955144228637e-02 2.327620808648476342e-02 2.230825408974455512e-02 2.179434204314372597e-02 2.164231233837268439e-02 2.344574885111894505e-02 2.160762644063042928e-02 2.137032466736607170e-02 2.283225531460676000e-02 2.228925924695417810e-02 2.164335732835829390e-02 2.214093960854163212e-02 2.289534957323816414e-02 2.130678451845652299e-02 2.165555853099477082e-02 2.183641277141219750e-02 2.151270395846202957e-02 2.240960713838183183e-02 2.146937298237937622e-02 2.184354252612890832e-02
1.159406142514616232e-02 1.092535927980474095e-02 1.006104324507742231e-02 9.605273839921789347e-03 1.095804634380252718e-02 1.096835573112223475e-02 1.157257236759206415e-02 0.000000000000000000e+00 1.261238001086387867e-02 1.054883827428654969e-02 1.181485231751448067e-02 1.041972497399307196e-02 1.275343602122559761e-02 1.081866227753974091e-02 1.012163342942273836e-02 1.129413768094627950e-02 9.432452823958888122e-03 1.057303726395585931e-02 1.432962798841464110e-02 1.068782649893017592e-02 1.069576413440754756e-02 1.155215341386321877e-02 1.160764249749456599e-02 1.233044244644132016e-02 9.535917429607533233e-03 1.093119227605008140e-02 1.274445704310655202e-02 9.666773220222286619e-03 1.115563738422755899e-02 1.349362233575202366e-02 9.531055551585426722e-03 1.224890597453523293e-02 1.639461568708515046e-02 1.435859144945860442e-02 1.376608658074966740e-02 1.446308117630200341e-02 1.434005720766116238e-02 1.799037017117243592e-02 1.442736946365243307e-02 1.348292663759815234e-02 1.397637761599419826e-02 1.373993057521743534e-02 1.373412246307495650e-02 1.373329128187438138e-02 1.428266329129111376e-02 1.401366328669004409e-02 1.267594749674312744e-02 1.756124713350633998e-02 1.485976481763728527e-02 1.409016166503620354e-02 1.396007579497538995e-02 1.429974385789536950e-02 1.291518733457051871e-02 1.549268238032703963e-02 1.255476051286908215e-02 1.500260256088221597e-02 1.607563355314069187e-02 1.414471985306303692e-02 1.331283943578043770e-02 1.242101841102174684e-02 1.397583528467593282e-02 1.397327557164800178e-02 1.382625359326986221e-02 1.281894742816190765e-02 2.171806428014428844e-02 2.081355384235630823e-02 2.297087073163284893e-02 1.981719822128628558e-02 2.312045652858865305e-02 2.229159868099199471e-02 2.145278979526761901e-02 2.181941498466125756e-02 2.096249304332122726e-02 2.140052807011072478e-02 2.270710009835114757e-02 2.194420367560416529e-02 2.106556939645545454e-02 2.320107031866920286e-02 2.174893132650352126e-02 2.203957457346998952e-02 2.102320012995180856e-02 2.178948148975692195e-02 2.107613240729207596e-02 2.115190752195688154e-02 2.136195807370637814e-02 2.338936576968174766e-02 2.124950640518004710e-02 2.144205673681698690e-02 2.161080370968103750e-02 2.189930375802467619e-02 2.232866815512640074e-02 2.177765268455818942e-02 2.168663856831172174e-02 2.206307141482379344e-02 2.165143112467704176e-02 2.201167192476342557e-02 2.162921771367863621e-02 2.065836456869007270e-02 2.356078524515028624e-02 2.209066803826934683e-02 2.162195646037197438e-02 2.005086610839290281e-02 2.171299585568300591e-02 2.102916628519841194e-02 2.450097112450658546e-02 2.210777131308961502e-02 2.077082395844761717e-02 2.077621848121563586e-02 2.261753812168596986e-02 2.219069117848166545e-02 2.157096078794443900e-02 2.108103637757518384e-02 2.085018747142038456e-02 2.427180567230348071e-02 2.183582572110047415e-02 2.086148655422515388e-02 2.189184860832711285e-02 2.227270274829638505e-02 2.136032568020692496e-02 2.167874123986494872e-02 2.350289202687690787e-02 2.077546096680837201e-02 2.078479960176848884e-02 2.139894882578884452e-02 2.081822954437370643e-02 2.186744127957537462e-02 2.073439033648187199e-02 2.147436863834703211e-02
9.820590242294147121e-03 1.346482224286009617e-02 1.324248612067069689e-02 1.216707700203679791e-02 1.385838984659467331e-02 1.391373181813260196e-02 1.066559925012834295e-02 1.261238001086387867e-02 0.000000000000000000e+00 1.096258936318430903e-02 1.500274617371379245e-02 1.270984733629965981e-02 1.522775923881180583e-02 1.378015172300292059e-02 1.260632412635638577e-02 1.066413407718529334e-02 1.221168193649931934e-02 1.362719097944699656e-02 1.751280230989480866e-02 1.083315197384922789e-02 1.296736372484658811e-02 1.514701509677968301e-02 1.470610545099164390e-02 1.558391845326292588e-02 1.253239254162431641e-02 1.385299694805494641e-02 1.576516639870178399e-02 1.199848540574463898e-02 1.145046854955573956e-02 1.653786826693426706e-02 1.286993303917620055e-02 1.592784558235555564e-02 1.403616060220008212e-02 1.685849727718115657e-02 1.698825424210534049e-02 1.770338019467991575e-02 1.713553184194829132e-02 2.096863452621643489e-02 1.494572170316365092e-02 1.580519870725093437e-02 1.616235323050152842e-02 1.534743860998284345e-02 1.622728368408186614e-02 1.656616128047318573e-02 1.693298443478000528e-02 1.666257833005501884e-02 1.486452132260254570e-02 2.061604759644409743e-02 1.353232872918110410e-02 1.490609061602706127e-02 1.517849725487056996e-02 1.672923952693765662e-02 1.546490429199295046e-02 1.839128960569101287e-02 1.538282007929067836e-02 1.778345807432981512e-02 1.366525230394163327e-02 1.642283103357448579e-02 1.592617817431807650e-02 1.414010590953593445e-02 1.648974748702976625e-02 1.650660555493255188e-02 1.646906667466165389e-02 1.284476162621897913e-02 2.297593338662441351e-02 2.283460236531152307e-02 2.352646562921725804e-02 2.211875692985427327e-02 2.321184377698859436e-02 2.348371256784449398e-02 2.359588207018565795e-02 2.368884760158603692e-02 2.288689147448974212e-02 2.330109606534478198e-02 2.540417318851147244e-02 2.303013127366292795e-02 2.244489169371250564e-02 2.316738367233184964e-02 2.383929118191149138e-02 2.236952642815233025e-02 2.252740824828208116e-02 2.301900005743033606e-02 2.211120900349803839e-02 2.283250158859545520e-02 2.324278390597424998e-02 2.318179132083940386e-02 2.317207128482635936e-02 2.363005731014618596e-02 2.353442920868802080e-02 2.415835827560205637e-02 2.297086003614155075e-02 2.359164452788642397e-02 2.263933422411438384e-02 2.448307271604078031e-02 2.375271617612653013e-02 2.347202904144150143e-02 2.372936346727536408e-02 2.243617933123695854e-02 2.316798727554937251e-02 2.341097237866029621e-02 2.380090811427809996e-02 2.149194216168735794e-02 2.378996760214273018e-02 2.263707654177073494e-02 2.384452501883377665e-02 2.329839645554605126e-02 2.312585264662611259e-02 2.287625825076401720e-02 2.324053059193277940e-02 2.475554124922905649e-02 2.360808926341555550e-02 2.308708507325734835e-02 2.298954493334883289e-02 2.370516361343040501e-02 2.260144329164831892e-02 2.261769214840880088e-02 2.424153104772803699e-02 2.335649769835974193e-02 2.279852315762352991e-02 2.332724042053628544e-02 2.351747654848525618e-02 2.256577076925317740e-02 2.308176177261117568e-02 2.304056081877317239e-02 2.272628154525906108e-02 2.362698205116562158e-02 2.275343740152135225e-02 2.299383347126391156e-02
1.058378718144841781e-02 1.261150753506463593e-02 1.142351728367473930e-02 1.021242693056304517e-02 1.177081639454240908e-02 1.216917565710233691e-02 1.022689138642198479e-02 1.054883827428654969e-02 1.096258936318430903e-02 0.000000000000000000e+00 1.321121010444643341e-02 1.097927084195002810e-02 1.351375290885265847e-02 1.260230379908694291e-02 1.068540887557067366e-02 9.364143638115406121e-03 1.039348345001899626e-02 1.136511361897887297e-02 1.604720875815436945e-02 9.398733034919583978e-03 1.122157624685618700e-02 1.333372317725674099e-02 1.302987170041047804e-02 1.431992596330507184e-02 1.078425797691655828e-02 1.204808500436248958e-02 1.399103468427541352e-02 1.004647075956011104e-02 1.037338809358660276e-02 1.522681023871698229e-02 1.045997022677196131e-02 1.402990162872466175e-02 1.524241808132717479e-02 1.554492209347931031e-02 1.555472971182997495e-02 1.627259190840489589e-02 1.571009955437243158e-02 1.946592625909988883e-02 1.387951112938890647e-02 1.462206821079483493e-02 1.510201580053650156e-02 1.414106228523489758e-02 1.489315246488328269e-02 1.512726038357106381e-02 1.562753532957333880e-02 1.523104596299267900e-02 1.361909642108729245e-02 1.906689219358716908e-02 1.382624754851941376e-02 1.378302647085516246e-02 1.398200191862515075e-02 1.575022409057577621e-02 1.401970585993382590e-02 1.693020426062136902e-02 1.418259690366408324e-02 1.599492227170771705e-02 1.518444635337985391e-02 1.541379856367655621e-02 1.455213610341960992e-02 1.324142833775546202e-02 1.516728214731815488e-02 1.515906750574127181e-02 1.501311569578426056e-02 1.264281219058482203e-02 2.268100309166956249e-02 2.213308991762471742e-02 2.355676400823331421e-02 2.145232014843901844e-02 2.360183819064495814e-02 2.320485683132366903e-02 2.280759234113931624e-02 2.307262781632046442e-02 2.224362400089336875e-02 2.267057624741537422e-02 2.423727085558316507e-02 2.277495752159854406e-02 2.225721413847415661e-02 2.366635396328389818e-02 2.309451871466382256e-02 2.257899631380326511e-02 2.212410465561809314e-02 2.271859109523591269e-02 2.209885507300341986e-02 2.230227275322274952e-02 2.260793464709024911e-02 2.379546852294158951e-02 2.256062157132665211e-02 2.286228008469700160e-02 2.288076165592277736e-02 2.329996764920701929e-02 2.292799891025816550e-02 2.302729974915302194e-02 2.241627847040281174e-02 2.351500384289985021e-02 2.298787238837142824e-02 2.308318923408702802e-02 2.288777282603976504e-02 2.173390991384823237e-02 2.383211752353597487e-02 2.296058854665142951e-02 2.292121456505104293e-02 2.094876130530328243e-02 2.293869137174690473e-02 2.203428276801914013e-02 2.467968469774131299e-02 2.291360626312329007e-02 2.212445939792875849e-02 2.201734588410554638e-02 2.313994913990686728e-02 2.361118750520896023e-02 2.280753591863872096e-02 2.231971557254114683e-02 2.207465497111536432e-02 2.449157885415714081e-02 2.233501780015618651e-02 2.193443042025855841e-02 2.323768559404007158e-02 2.298995284113832666e-02 2.226920673606432727e-02 2.270646279061058065e-02 2.385984566777769877e-02 2.185185850313759587e-02 2.213200476882836581e-02 2.242865089196695652e-02 2.198991788331075906e-02 2.296638495642380068e-02 2.194934937344730774e-02 2.246302479727733947e-02
1.440565291191319222e-02 1.191813208481821464e-02 1.077115917866536439e-02 1.186600178172726554e-02 1.152204020627375577e-02 1.103811600931048180e-02 1.426464567080127158e-02 1.181485231751448067e-02 1.500274617371379245e-02 1.321121010444643341e-02 0.000000000000000000e+00 1.174993014759590816e-02 1.073435889474777180e-02 1.122369367423157495e-02 1.276062006684556063e-02 1.396973530028746552e-02 1.188858893766373860e-02 1.094908341067839241e-02 1.145020658047690015e-02 1.332677188020658411e-02 1.137976767162126972e-02 9.766227734244362080e-03 9.570472740295194944e-03 9.709371202867571327e-03 1.201027445794741570e-02 1.072732148855593676e-02 1.007614136935996475e-02 1.209642358204506517e-02 1.372851871690753713e-02 1.115516763696372884e-02 1.169322736674334104e-02 9.520625353061865775e-03 1.911228633737891563e-02 1.474453803389461255e-02 1.319444010325605647e-02 1.322335375239828449e-02 1.338902595673025289e-02 1.543870760777443091e-02 1.673420957603794987e-02 1.526762636002566495e-02 1.388215625905439739e-02 1.590092514533006027e-02 1.491126639251206566e-02 1.334040557599493887e-02 1.397542395465917013e-02 1.389520883730737885e-02 1.475815193530342559e-02 1.508022394237871523e-02 1.740364314879080596e-02 1.644299589778779394e-02 1.619456906237126334e-02 1.283640262165047959e-02 1.400209935615810176e-02 1.330765767351900497e-02 1.487432380906734963e-02 1.299217204518982559e-02 1.875091505465199468e-02 1.316214992093530343e-02 1.402412832906504633e-02 1.416447399231656780e-02 1.487038564631511933e-02 1.454990336067641526e-02 1.361263888808249972e-02 1.538503398899330500e-02 2.221978308547051598e-02 1.992873680489351540e-02 2.365313123709559401e-02 1.988592997043352184e-02 2.396993488169424022e-02 2.274919993980160232e-02 2.020697518594150380e-02 2.138385293817301330e-02 2.029078593716695036e-02 2.081493489765114113e-02 2.040760586469474516e-02 2.249674935606773077e-02 2.086888147295751575e-02 2.411189262405460942e-02 2.071622289509997966e-02 2.291109116131629514e-02 2.137630205518730939e-02 2.225860338788683557e-02 2.139693050324566539e-02 2.111019058039319968e-02 2.089550727125613974e-02 2.434741739600907937e-02 2.062618216687838596e-02 2.000785390811883960e-02 2.099231853154209793e-02 2.028601310610599756e-02 2.304169096992105675e-02 2.137771803308852192e-02 2.226771619252285866e-02 2.012819779425784397e-02 2.043490287414093456e-02 2.231142359516520915e-02 2.051564197789523467e-02 2.053874623465219360e-02 2.453917555346930846e-02 2.243001164002636147e-02 2.014977106756677891e-02 2.041442590039521318e-02 2.068650632271483783e-02 2.120716141023892137e-02 2.558041465659736252e-02 2.252192542464352687e-02 1.904803654801234467e-02 1.980989558111378654e-02 2.329272485599823486e-02 2.011748822746758578e-02 2.075834105519857448e-02 2.026888044113524939e-02 1.975288920616380395e-02 2.531598104615979603e-02 2.248551246039210555e-02 2.082918727300281034e-02 2.014732574589118974e-02 2.274941475848545405e-02 2.169538855296537783e-02 2.173788264873809453e-02 2.433045043652006315e-02 2.055772157254047092e-02 1.933518738022176400e-02 2.147621553320552823e-02 2.037295681982652373e-02 2.165296578453005868e-02 2.005372592582309321e-02 2.170072729262548586e-02
1.264931654654015414e-02 1.128722608824169436e-02 1.002627177770301463e-02 1.008632539288035861e-02 1.072599079365975892e-02 1.085620754193868283e-02 1.126960043488084082e-02 1.041972497399307196e-02 1.270984733629965981e-02 1.097927084195002810e-02 1.174993014759590816e-02 0.000000000000000000e+00 1.241332149016083353e-02 1.082377967811247975e-02 1.056190166553402227e-02 1.130736495054242632e-02 1.001167110033771186e-02 9.980980360415947494e-03 1.443719304928389735e-02 1.131197123675626269e-02 9.990760363202613389e-03 1.187673761632696869e-02 1.188797648318731803e-02 1.275174979036716033e-02 9.569173871809015866e-03 1.059095757139404126e-02 1.187452927289153921e-02 1.027863047114426810e-02 1.142142255408670239e-02 1.298115779709592930e-02 1.037556804983450452e-02 1.237868019267606215e-02 1.590126499699317728e-02 1.338613192744086966e-02 1.329835926791848519e-02 1.397996443700070743e-02 1.342365456553670615e-02 1.709277149738996568e-02 1.399389612739779763e-02 1.285957166107299862e-02 1.293603484261148309e-02 1.327448572754235182e-02 1.276817106778883361e-02 1.296592250539378016e-02 1.336050022308645814e-02 1.304841783394394134e-02 1.220291363193463062e-02 1.668215546349434072e-02 1.417841967111140369e-02 1.379069330142951993e-02 1.313403695816436033e-02 1.346963020366691993e-02 1.162219644644309734e-02 1.462561055638741600e-02 1.241953798122011170e-02 1.407811923248185326e-02 1.586733101321664841e-02 1.268603307555929427e-02 1.241679648607847686e-02 1.203358078128111130e-02 1.303774486619102731e-02 1.268522934385993457e-02 1.278412265594708851e-02 1.316616739888011242e-02 2.158914741396241246e-02 2.043578410141551685e-02 2.286313340505444561e-02 1.984348587634695432e-02 2.307584409502212025e-02 2.214652419937280375e-02 2.105668940023824875e-02 2.149645996435069900e-02 2.020141607816219875e-02 2.100708796001951595e-02 2.215608795120645180e-02 2.186315693232770974e-02 2.074933054196872323e-02 2.314839917434087513e-02 2.135628435904584829e-02 2.200852080276102449e-02 2.084030055679001944e-02 2.163209089497434082e-02 2.085097101391949689e-02 2.087405130756462765e-02 2.099735846442756654e-02 2.337866890651459431e-02 2.090730776689123452e-02 2.106501815418524576e-02 2.124693136614962119e-02 2.143854479203137833e-02 2.221706815976296975e-02 2.143177355966466302e-02 2.152036338605303398e-02 2.158442431934276540e-02 2.121928873213144856e-02 2.181685632248596407e-02 2.122057423956856884e-02 2.031879157091861718e-02 2.350401852580760384e-02 2.191962381857764236e-02 2.119225216573710283e-02 1.989100174904316620e-02 2.130847731613640453e-02 2.075397716173536106e-02 2.449575826371002546e-02 2.195350361777944487e-02 2.034229285622716696e-02 2.035124806778189702e-02 2.251631995640246409e-02 2.168970690052838754e-02 2.120564896764147444e-02 2.070537581159948015e-02 2.043105278676849226e-02 2.424285118199348207e-02 2.172393119594019650e-02 2.054630848737694013e-02 2.143295321371622639e-02 2.213782671951599820e-02 2.114502868403091151e-02 2.139540048010604364e-02 2.344433042443483731e-02 2.041010796405203984e-02 2.034198386956868193e-02 2.108415566785978509e-02 2.051675442314174203e-02 2.153912364228189810e-02 2.035757545600025767e-02 2.124455088680920339e-02
