0.000000000000000000e+00 1.634992901470970483e-02 1.945203436777752717e-02 2.043415960503905393e-02 1.749607477089283950e-02 2.545780860925000305e-02 2.313256810548810702e-02 2.545780860925000305e-02 2.545780860925000305e-02 2.075420243459506070e-02 2.199703713125853929e-02 2.199703713125853929e-02 1.993098200384902513e-02 1.938387837992313484e-02 2.344773865957331532e-02 2.195608080090521996e-02 2.195608080090521996e-02 2.344773865957331532e-02 2.306885476547331296e-02 2.117882204856608164e-02 2.275387970009188840e-02 2.121195377610414143e-02 2.642647156756725360e-02 2.229533065859157920e-02 3.127645437420524532e-02 2.339736791961977494e-02 2.327110852995736487e-02 2.327110852995736487e-02 2.205192033931255985e-02 2.172772729351274065e-02 2.027507677055369328e-02 2.210579347740629017e-02 1.940937281455153152e-02 2.060403476984206533e-02 2.060403476984206533e-02 1.785469128030783142e-02 1.994548968020782090e-02 2.110566383673654137e-02 2.110566383673653443e-02 1.863365817073647096e-02 1.799392598322238288e-02 2.114078345702577813e-02 1.962726698262572816e-02 2.017161235551494236e-02 1.996415327257744857e-02 1.827350599146873936e-02 1.725224579295051713e-02 2.114078345702578160e-02 2.510221622614886711e-02 2.046809050911907457e-02 2.510221622614886364e-02 2.321860921184848089e-02 1.937171570938529472e-02 2.550983494483767544e-02 2.550983494483767197e-02 2.550983494483767197e-02 2.451741273291167811e-02 2.196807284629180221e-02 2.177427265292592937e-02 2.024318644026764161e-02 2.137305595286995499e-02 1.846315482525231685e-02 2.137305595286995152e-02 2.138363341068000995e-02 2.138363341068000995e-02 1.987033972247504929e-02 2.449181548862224347e-02 2.624943150020792385e-02 2.624943150020792038e-02 2.624943150020792385e-02 2.279452990692220141e-02 2.375250055772356456e-02 2.375250055772355762e-02 2.375250055772356109e-02 2.090332994030361102e-02 2.135443581113084105e-02 2.135443581113084105e-02 1.919069961080470746e-02 1.925599165947175853e-02 1.829151559949256101e-02 1.875927726575693164e-02 5.802434801788014518e-02 5.802434801788016600e-02 6.113289337728296247e-02 1.911093347395339745e-02 1.941063478175464319e-02 2.063684926048589899e-02 2.101600958173041947e-02 2.294166876386500090e-02 2.239673082854733849e-02 2.294166876386500437e-02 2.114363609396624141e-02 1.973905393611534789e-02 2.052899714954069602e-02 2.014105157074545099e-02 1.906495998777228695e-02 2.130060838133452511e-02 1.919617901296797116e-02 2.484667788393766716e-02 2.202638244951366300e-02 2.082424526885344809e-02 2.202638244951366647e-02 2.151633658324692000e-02 2.414425690418138537e-02 2.151633658324692000e-02 2.374350918903836080e-02 2.374350918903836080e-02 2.374350918903836080e-02 1.873420872825381708e-02 1.916881837318940365e-02 2.162172465504577645e-02 2.162172465504577298e-02 2.007323170146347799e-02 2.007323170146347799e-02 1.905919974513802656e-02 2.226015114097402645e-02 2.226015114097402298e-02 2.162094589169033521e-02 2.039960891297496262e-02 2.002784684466518000e-02 3.472139175922845516e-02 3.472139175922845516e-02 2.229588058878697113e-02 2.185791038295191793e-02 2.351585620221551334e-02 2.351585620221551334e-02 2.257100814477039710e-02 2.072185053332311483e-02 1.925384454585683455e-02 3.124242537387800570e-02 2.607046492385934125e-02 2.607046492385934472e-02 2.607046492385935166e-02 2.331141409414272045e-02 4.315974989336592016e-02 2.279165889443469928e-02 2.390231223627834606e-02 2.390231223627834953e-02 3.905477386092445075e-02 3.643657176776212564e-02 3.905477386092445075e-02
1.634992901470970483e-02 0.000000000000000000e+00 1.986390810394622272e-02 2.488965975497440045e-02 2.250197078161558784e-02 2.149896666916393737e-02 1.861998054260800839e-02 2.149896666916393390e-02 2.149896666916394083e-02 1.502381884012689121e-02 1.674165720805703000e-02 1.674165720805702653e-02 1.393681246477536037e-02 1.285101793477121113e-02 1.888621523894847692e-02 1.693429953359699633e-02 1.693429953359700674e-02 1.888621523894846999e-02 1.841876222094642954e-02 1.579471930275840388e-02 1.793792089971906964e-02 1.584320920314307921e-02 2.248442648740306415e-02 1.758041758093494694e-02 2.814733982137460414e-02 1.882013868286668001e-02 1.871080750867170489e-02 1.871080750867170489e-02 1.711563872567636868e-02 1.648579095220709459e-02 1.446132136834183714e-02 1.723425792288300201e-02 1.092303457382177295e-02 1.277179438734693702e-02 1.277179438734693528e-02 9.551961877741320037e-03 1.348352970303129741e-02 1.516453012843384067e-02 1.516453012843384067e-02 1.158755378959483093e-02 1.065614338228523111e-02 1.544251623260373997e-02 1.299787403936370107e-02 1.410179308644849208e-02 1.374042798808146164e-02 1.104844908669562475e-02 9.262239476414095909e-03 1.544251623260373997e-02 2.092486323983705487e-02 1.489483617114882932e-02 2.092486323983705140e-02 1.873328309216750961e-02 1.294865778828142508e-02 2.156357978300667971e-02 2.156357978300667624e-02 2.156357978300667624e-02 2.012118964055197717e-02 1.676743495679265325e-02 1.661340639102305144e-02 1.421813990820107974e-02 1.582875104042157435e-02 1.155717002169640018e-02 1.582875104042157782e-02 1.578261019380609864e-02 1.578261019380610211e-02 1.356012699092406550e-02 2.036297295343444599e-02 2.246855457500050723e-02 2.246855457500050376e-02 2.246855457500050030e-02 1.814963803487163949e-02 1.930077757140262820e-02 1.930077757140262820e-02 1.930077757140262820e-02 1.551138325231414539e-02 1.578063488367959302e-02 1.578063488367958955e-02 1.258823116742328017e-02 1.273108848569762599e-02 1.002304692263548958e-02 1.062570085772484435e-02 5.568157784816162026e-02 5.568157784816163414e-02 5.883668750586084489e-02 1.191492271014167603e-02 1.296396330214444337e-02 1.506588306685242677e-02 1.552638961166598504e-02 1.819104068151896486e-02 1.749989314684897296e-02 1.819104068151896833e-02 1.571267478829359993e-02 1.334359784764437527e-02 1.467131284750208126e-02 1.399223218313824964e-02 1.236610367110028454e-02 1.593393397344020426e-02 1.260062695766566918e-02 2.058219418512259591e-02 1.680721261830235569e-02 1.515406030973309032e-02 1.680721261830235569e-02 1.607227579790361863e-02 1.992451770073922282e-02 1.607227579790361863e-02 2.223506291765874054e-02 2.223506291765874054e-02 2.223506291765874054e-02 1.194069277522628349e-02 1.259954810037764578e-02 1.620922737609392997e-02 1.620922737609392997e-02 1.397885263146848855e-02 1.397885263146848855e-02 1.237016893848482714e-02 1.722566928229627564e-02 1.722566928229627217e-02 1.618238040934654245e-02 1.445259635296094330e-02 1.386811124737551311e-02 3.189227041634862952e-02 3.189227041634862952e-02 1.742396123742019631e-02 1.680919775215264367e-02 1.898457677959322978e-02 1.898457677959322631e-02 1.782808012465162892e-02 1.479221466407088306e-02 1.271032053406225514e-02 2.803425667088345688e-02 2.225070784396120452e-02 2.225070784396120799e-02 2.225070784396120799e-02 1.846218550436863268e-02 4.050039168617473179e-02 1.772194899748298635e-02 1.952318563612557081e-02 1.952318563612557428e-02 3.851242546132659789e-02 3.687963910486166674e-02 3.851242546132660483e-02
1.945203436777752717e-02 1.986390810394622272e-02 0.000000000000000000e+00 2.823713185764350694e-02 2.604221437777746312e-02 2.691460858844147222e-02 2.478436885768716541e-02 2.691460858844147222e-02 2.691460858844147222e-02 2.272986332762479134e-02 2.386054989219906636e-02 2.386054989219906289e-02 2.197988448093848510e-02 2.150573380676197924e-02 2.511659057478694140e-02 2.376106357554383375e-02 2.376106357554383375e-02 2.511659057478694140e-02 2.476100990597544793e-02 2.308218645932706356e-02 2.450594190611779175e-02 2.311151786106191777e-02 2.789655629994326064e-02 2.404588346366094351e-02 3.243301332152546956e-02 2.509045295151961924e-02 2.496272274752468073e-02 2.496272274752468073e-02 2.384970213509861325e-02 2.362599816784603790e-02 2.228834971099351650e-02 2.396997402132994281e-02 2.184625116299783454e-02 2.298434382695816944e-02 2.298434382695816597e-02 2.022721040784978760e-02 2.205047951006250742e-02 2.311464593271656334e-02 2.311464593271655640e-02 2.082673098117461888e-02 2.022259555830476299e-02 2.310849441734091556e-02 2.176601681346790329e-02 2.221443281980498008e-02 2.203455366823486167e-02 2.048886952789887375e-02 1.955120894838997120e-02 2.310849441734091556e-02 2.664968722669668749e-02 2.240735967035616116e-02 2.664968722669668749e-02 2.486139242565054211e-02 2.148356952992968097e-02 2.696206637345360813e-02 2.696206637345360813e-02 2.696206637345360813e-02 2.613790749170370742e-02 2.382602361087346118e-02 2.362324043401511919e-02 2.227918766172452478e-02 2.330916460647814575e-02 2.063949611094361217e-02 2.330916460647814575e-02 2.332725334304525458e-02 2.332725334304525458e-02 2.195356592623655054e-02 2.601264550013408783e-02 2.764347545377884852e-02 2.764347545377884852e-02 2.764347545377884158e-02 2.449622672689782607e-02 2.538529676896216641e-02 2.538529676896216294e-02 2.538529676896216294e-02 2.280410384703760590e-02 2.329587460586779110e-02 2.329587460586779110e-02 2.132330171835038202e-02 2.137844457795447239e-02 2.067899997717797395e-02 2.114564057092327420e-02 5.880551102904031657e-02 5.880551102904031657e-02 6.188417168857999334e-02 2.132780422602851070e-02 2.151876200027679625e-02 2.258044235079928116e-02 2.294507208390516792e-02 2.467155951431134614e-02 2.416384579646502564e-02 2.467155951431134961e-02 2.306901089896508036e-02 2.183868159061959011e-02 2.253156523537017120e-02 2.219827324074897384e-02 2.121284543607320286e-02 2.320173947726898375e-02 2.132931832980672002e-02 2.642712135378844085e-02 2.388253371663348612e-02 2.278826945111484328e-02 2.388253371663347918e-02 2.343468498346728754e-02 2.569638693441209445e-02 2.343468498346728754e-02 1.531136707077092492e-02 1.531136707077092492e-02 1.531136707077093186e-02 2.089552239709720205e-02 2.130249625392520788e-02 2.352699910149046517e-02 2.352699910149046517e-02 2.212755229422206163e-02 2.212755229422206163e-02 2.120693103409979768e-02 2.407595338542861327e-02 2.407595338542861327e-02 2.353034528754741408e-02 2.241865484067424516e-02 2.208698858282319780e-02 3.574913518193967299e-02 3.574913518193965911e-02 2.406015566257018942e-02 2.367350794326712402e-02 2.517675695484683854e-02 2.517675695484683507e-02 2.429908021099876081e-02 2.273888713300956099e-02 2.138082240804544884e-02 3.252009985310991974e-02 2.747694753441222784e-02 2.747694753441222784e-02 2.747694753441222784e-02 2.507754219800413520e-02 4.412838776555999543e-02 2.461756551553861624e-02 2.551704986019031479e-02 2.551704986019031479e-02 4.166659534275464483e-02 3.997425205443090601e-02 4.166659534275465177e-02
2.043415960503905393e-02 2.488965975497440045e-02 2.823713185764350694e-02 0.000000000000000000e+00 1.977027193511413095e-02 3.113310938726795291e-02 2.930541148949178040e-02 3.113310938726794944e-02 3.113310938726794944e-02 2.765837192485328180e-02 2.865017675764842259e-02 2.865017675764842259e-02 2.698570539053602932e-02 2.658983695120130386e-02 2.968522440167577908e-02 2.850745555327010780e-02 2.850745555327011127e-02 2.968522440167576520e-02 2.936514650486863470e-02 2.794177154612531230e-02 2.917682603727345114e-02 2.796673819414646420e-02 3.217629379351993196e-02 2.863130893227198645e-02 3.563662976960756124e-02 2.967026439359978993e-02 2.953139795342287974e-02 2.953139795342287974e-02 2.856574777452997385e-02 2.842294976280724042e-02 2.725095316616269608e-02 2.855386213144190874e-02 2.684508049002847646e-02 2.783075104245091511e-02 2.783075104245091511e-02 2.544906222799694223e-02 2.707782400356958594e-02 2.801367823304139193e-02 2.801367823304139193e-02 2.599868313682870274e-02 2.547063426529775146e-02 2.801638261818802794e-02 2.683987434850232043e-02 2.722231514159229732e-02 2.707140347318979720e-02 2.571223442393838834e-02 2.487046452910741251e-02 2.801638261818802794e-02 3.104505993951870921e-02 2.732751720374716753e-02 3.104505993951870921e-02 2.936783389918188464e-02 2.657876366105175678e-02 3.117048875754650783e-02 3.117048875754650783e-02 3.117048875754650783e-02 3.063052077234866902e-02 2.861138969608044078e-02 2.841098581043375801e-02 2.728001928260249953e-02 2.818572264894803059e-02 2.583115401822894466e-02 2.818572264894802712e-02 2.820172957583189782e-02 2.820172957583189782e-02 2.699721409107683559e-02 3.029059151624778970e-02 3.170238909494241947e-02 3.170238909494241947e-02 3.170238909494241253e-02 2.909071058835238643e-02 2.990384468096973433e-02 2.990384468096973433e-02 2.990384468096973433e-02 2.767128796566224735e-02 2.817602560560614547e-02 2.817602560560614547e-02 2.644147277574786931e-02 2.648866502835988540e-02 2.585702071777195091e-02 2.626774046275592508e-02 6.066165863332692587e-02 6.066165863332692587e-02 6.367688038659814753e-02 2.645487280109073969e-02 2.660311021680805688e-02 2.749545128126015467e-02 2.783170334290567885e-02 2.931595966416006629e-02 2.886066008655741033e-02 2.931595966416007323e-02 2.794013729683338110e-02 2.690594716926014013e-02 2.749581408446894609e-02 2.721681302442972156e-02 2.634934006742256640e-02 2.805356615795760039e-02 2.644941819218275120e-02 3.086711402929597642e-02 2.866904785238171688e-02 2.770816931134149202e-02 2.866904785238171688e-02 2.829053708946725407e-02 3.004250174616822366e-02 2.829053708946725407e-02 3.075022297559091775e-02 3.075022297559091775e-02 3.075022297559091775e-02 2.606142510668846973e-02 2.642342049801264456e-02 2.837063493339331277e-02 2.837063493339331277e-02 2.714767719156564729e-02 2.714767719156564729e-02 2.634366286226060699e-02 2.882084114703836047e-02 2.882084114703836047e-02 2.837558389835684661e-02 2.739906496203203465e-02 2.711101342341546219e-02 3.863381513450388910e-02 3.863381513450388910e-02 2.875261299870326623e-02 2.842955762940139672e-02 2.973250415171680913e-02 2.973250415171681607e-02 2.893900212515173459e-02 2.770035085701411798e-02 2.649352196907762622e-02 3.565169204490625798e-02 3.157499009910946786e-02 3.157499009910946786e-02 3.157499009910946786e-02 2.973249274934796835e-02 4.642423468298371991e-02 2.934707129262639422e-02 2.999991162534126898e-02 2.999991162534127592e-02 3.524187040480222799e-02 2.955382036884790162e-02 3.524187040480223493e-02
1.749607477089283950e-02 2.250197078161558784e-02 2.604221437777746312e-02 1.977027193511413095e-02 0.000000000000000000e+00 2.918624866192428072e-02 2.723108241910588562e-02 2.918624866192428072e-02 2.918624866192427378e-02 2.537591163074941203e-02 2.639460660107152343e-02 2.639460660107152343e-02 2.469815801711304146e-02 2.428105504955797161e-02 2.753911361902095997e-02 2.630587655235704092e-02 2.630587655235704092e-02 2.753911361902095997e-02 2.721342865140860545e-02 2.569391671206179908e-02 2.698181346772651409e-02 2.572024393727451869e-02 3.010386216500184065e-02 2.653537760315220068e-02 3.431873216952400357e-02 2.750959454421771089e-02 2.738900670144712654e-02 2.738900670144712307e-02 2.637927515578172497e-02 2.616932872444528366e-02 2.497149981156325874e-02 2.642294098653946363e-02 2.450400878830939419e-02 2.550090442491433768e-02 2.550090442491433768e-02 2.311979861804109096e-02 2.476316507613319715e-02 2.571411168890681484e-02 2.571411168890680790e-02 2.367913336896924903e-02 2.314955855319138223e-02 2.571940953538919342e-02 2.451549542281492369e-02 2.491770378097177274e-02 2.475843921607573037e-02 2.338735535058164561e-02 2.255052788691879612e-02 2.571940953538919342e-02 2.894788370287857196e-02 2.508581324771703286e-02 2.894788370287857196e-02 2.730095807739174249e-02 2.426760282137892244e-02 2.922972098824653739e-02 2.922972098824653739e-02 2.922972098824653739e-02 2.847558161407601554e-02 2.636487850463368338e-02 2.618017193345960336e-02 2.497592368158518816e-02 2.589972339527900000e-02 2.351687664790886451e-02 2.589972339527900347e-02 2.591400898733247499e-02 2.591400898733247499e-02 2.468449357645349437e-02 2.834752018505909757e-02 2.985275954631295275e-02 2.985275954631295275e-02 2.985275954631295275e-02 2.696768896469343285e-02 2.778462281365220651e-02 2.778462281365219957e-02 2.778462281365220304e-02 2.544292547309057531e-02 2.588744845308633274e-02 2.588744845308632928e-02 2.412478089514695501e-02 2.417421911035574564e-02 2.351698876085111037e-02 2.392316608243659146e-02 6.024505145724926708e-02 6.024505145724928096e-02 6.329733745260261724e-02 2.412104207236992134e-02 2.429536478594011145e-02 2.524233555632200698e-02 2.557068522169897093e-02 2.713267843742918350e-02 2.666974542510010954e-02 2.713267843742918697e-02 2.568082896938988710e-02 2.458548201652406562e-02 2.520061911969507726e-02 2.490430909366509599e-02 2.402840793509715758e-02 2.580111158415376166e-02 2.413104752021651839e-02 2.874152458222616405e-02 2.641548223591734176e-02 2.542892305801518205e-02 2.641548223591734176e-02 2.601263409510939581e-02 2.806014550796581686e-02 2.601263409510939581e-02 2.872851488932271630e-02 2.872851488932271630e-02 2.872851488932272324e-02 2.374528374304999898e-02 2.410773177112970900e-02 2.609554710904718119e-02 2.609554710904718119e-02 2.484165199097287599e-02 2.484165199097287946e-02 2.402342890154872401e-02 2.659135748953321207e-02 2.659135748953321207e-02 2.609798587072260229e-02 2.509946713208291783e-02 2.480380271149974086e-02 3.748566192211187642e-02 3.748566192211187642e-02 2.657577158119628011e-02 2.622586506047558386e-02 2.759340540688556831e-02 2.759340540688556831e-02 2.679111035466292395e-02 2.538949042613004511e-02 2.417696185824826094e-02 3.437548622495217171e-02 2.970138985783914859e-02 2.970138985783914859e-02 2.970138985783914859e-02 2.750200044385330000e-02 4.573073177037421250e-02 2.708432559626026276e-02 2.790238804255139315e-02 2.790238804255139662e-02 4.032115116579970682e-02 3.724895364009528365e-02 4.032115116579971376e-02
2.545780860925000305e-02 2.149896666916393737e-02 2.691460858844147222e-02 3.113310938726795291e-02 2.918624866192428072e-02 0.000000000000000000e+00 1.502772845861262939e-02 1.470636616716694718e-02 1.470636616716694718e-02 2.374703906717963095e-02 2.481815860111578897e-02 2.481815860111578204e-02 2.304683094929595513e-02 2.259662516614822578e-02 2.602017446347430069e-02 2.472555704783129665e-02 2.472555704783129665e-02 2.602017446347430762e-02 2.566495918073266949e-02 2.406731424887118692e-02 2.541925774915438502e-02 2.406590655045549171e-02 2.868618932803549890e-02 2.503262108132542005e-02 3.324336497529668810e-02 2.598363012740785571e-02 2.588326705837425135e-02 2.588326705837425135e-02 2.481722001483750717e-02 2.460949035372224022e-02 2.333712298188933901e-02 2.497682886136666155e-02 2.302331435834474929e-02 2.412143806266314403e-02 2.412143806266314403e-02 2.143311844629701077e-02 2.311586908891017506e-02 2.412336609056392120e-02 2.412336609056391773e-02 2.195757970654856409e-02 2.138174444679822456e-02 2.409815241344041847e-02 2.284637219048718526e-02 2.325820148511959645e-02 2.306810112480513208e-02 2.163135841910535789e-02 2.075849707255341195e-02 2.409815241344042194e-02 2.749212397266276309e-02 2.343954482187900548e-02 2.749212397266276309e-02 2.579792155299068940e-02 2.257040268618896658e-02 2.782518328298085042e-02 2.782518328298084695e-02 2.782518328298085042e-02 2.699123990397265041e-02 2.478468739715410790e-02 2.458591653667503360e-02 2.331618555372578019e-02 2.428941007459671855e-02 2.176093637459335442e-02 2.428941007459672202e-02 2.431259659943442800e-02 2.431259659943442800e-02 2.301567020324213342e-02 2.692436006650533037e-02 2.850255476231731283e-02 2.850255476231730589e-02 2.850255476231730589e-02 2.544056309030981455e-02 2.626519723405968884e-02 2.626519723405968537e-02 2.626519723405968884e-02 2.378113554598388149e-02 2.428053867789408196e-02 2.428053867789408196e-02 2.241952443935913905e-02 2.246940870002065577e-02 2.187180089427637544e-02 2.232288539476547443e-02 5.947744952016218584e-02 5.947744952016218584e-02 6.254309802064460244e-02 2.244445707829635997e-02 2.260513907166924324e-02 2.360394946632125152e-02 2.394931640669335088e-02 2.559260323705112722e-02 2.510806594379510343e-02 2.559260323705113416e-02 2.406894133548376224e-02 2.289460873374080455e-02 2.352001973559470632e-02 2.323651268579698947e-02 2.228360733934417470e-02 2.414545045528315032e-02 2.221097522913116282e-02 2.725575778016761305e-02 2.483785351741622446e-02 2.380124729913544318e-02 2.483785351741622446e-02 2.440974668447682891e-02 2.661221349332046349e-02 2.440974668447682544e-02 2.849438376187127253e-02 2.849438376187126559e-02 2.849438376187126559e-02 2.188325814650147333e-02 2.116105698910876812e-02 2.445590146533389853e-02 2.445590146533389853e-02 2.317764470693783191e-02 2.317764470693783191e-02 2.230867595692530986e-02 2.502304374598202097e-02 2.502304374598201750e-02 2.450256251864132637e-02 2.345069708671609562e-02 2.313934293029761349e-02 3.649926044186931062e-02 3.649926044186931756e-02 2.501368605346110385e-02 2.464481424661409820e-02 2.607956928625919032e-02 2.607956928625918686e-02 2.524649890006946951e-02 2.344456374820379219e-02 2.225672436839360238e-02 3.335815943829171376e-02 2.833586394555362084e-02 2.833586394555362431e-02 2.833586394555362778e-02 2.598021697818291009e-02 4.487498201679973597e-02 2.553816893281063774e-02 2.641294732517248875e-02 2.641294732517248875e-02 4.288765375029584409e-02 4.149361799531092049e-02 4.288765375029584409e-02
2.313256810548810702e-02 1.861998054260800839e-02 2.478436885768716541e-02 2.930541148949178040e-02 2.723108241910588562e-02 1.502772845861262939e-02 0.000000000000000000e+00 1.502772845861262939e-02 1.502772845861262592e-02 2.115630322446473283e-02 2.235615910774563231e-02 2.235615910774562190e-02 2.037255377858228009e-02 1.985671041157594310e-02 2.374007516337717227e-02 2.229375858726677720e-02 2.229375858726678067e-02 2.374007516337717227e-02 2.333617071518801628e-02 2.152052119155060256e-02 2.303740219073274059e-02 2.148470735137655158e-02 2.663890205554558452e-02 2.267024363766547909e-02 3.156515988084487162e-02 2.367090992463005000e-02 2.358886718028007506e-02 2.358886718028007506e-02 2.239876092624880008e-02 2.212116611154167981e-02 2.070271810426072348e-02 2.255767598559785259e-02 2.032231489618694514e-02 2.155383726118469817e-02 2.155383726118469470e-02 1.854534820526907227e-02 2.042804994584234562e-02 2.155634510348823987e-02 2.155634510348823640e-02 1.913337718978744273e-02 1.848133314538247945e-02 2.151919296262080200e-02 2.011139989349591123e-02 2.059247464786129883e-02 2.034470874120592604e-02 1.875065935500602049e-02 1.779203102615863064e-02 2.151919296262080200e-02 2.535550837779749697e-02 2.085228234158939542e-02 2.535550837779749697e-02 2.353309997557485184e-02 1.981912218694774352e-02 2.577528865043834938e-02 2.577528865043834938e-02 2.577528865043834938e-02 2.478080762548979729e-02 2.232013858541619100e-02 2.210894056849069950e-02 2.065306698419457423e-02 2.174276470964707150e-02 1.890188552118797841e-02 2.174276470964706803e-02 2.177299841579173958e-02 2.177299841579173958e-02 2.031539827146141078e-02 2.479630772533985075e-02 2.652216630384562554e-02 2.652216630384562207e-02 2.652216630384561513e-02 2.311923109131846024e-02 2.400288478891711777e-02 2.400288478891711430e-02 2.400288478891711430e-02 2.119026941707721073e-02 2.173544502830663042e-02 2.173544502830662695e-02 1.964805260349675523e-02 1.970373663491839164e-02 1.901904647813475180e-02 1.951871590263075384e-02 5.824971438063038243e-02 5.824971438063038243e-02 6.134864210111913574e-02 1.965623603876447134e-02 1.986630334999986078e-02 2.102254799864150883e-02 2.139559159975752342e-02 2.325221159557152098e-02 2.272121992569398410e-02 2.325221159557152792e-02 2.152470071708510735e-02 2.015409886060335470e-02 2.084626956654147406e-02 2.054931290649057718e-02 1.944699984948125918e-02 2.156008868786827085e-02 1.914976392062736621e-02 2.506494030621102612e-02 2.237894630106359792e-02 2.121871125967938684e-02 2.237894630106359792e-02 2.188191801900840269e-02 2.444783180099721620e-02 2.188191801900840269e-02 2.651296753741286261e-02 2.651296753741286261e-02 2.651296753741286261e-02 1.888849367522369566e-02 1.698256435118367449e-02 2.188881857774782613e-02 2.188881857774782266e-02 2.049875846285646730e-02 2.049875846285646730e-02 1.951588976340477496e-02 2.259820703154382174e-02 2.259820703154382174e-02 2.199062359781683157e-02 2.081178006138596770e-02 2.045835881657767294e-02 3.497883041601762555e-02 3.497883041601761861e-02 2.262487822007984428e-02 2.220330182016184636e-02 2.380852575253339029e-02 2.380852575253339029e-02 2.289537837798077263e-02 2.043515722215788477e-02 1.919888809551775419e-02 3.159850646321719220e-02 2.633929514790236265e-02 2.633929514790236265e-02 2.633929514790236265e-02 2.363699688692559239e-02 4.344057290611253591e-02 2.312803486609385159e-02 2.419109631749456063e-02 2.419109631749456063e-02 4.150845788308180767e-02 4.006891997611805589e-02 4.150845788308180767e-02
2.545780860925000305e-02 2.149896666916393390e-02 2.691460858844147222e-02 3.113310938726794944e-02 2.918624866192428072e-02 1.470636616716694718e-02 1.502772845861262939e-02 0.000000000000000000e+00 1.470636616716694718e-02 2.374703906717963095e-02 2.481815860111578897e-02 2.481815860111578551e-02 2.304683094929595513e-02 2.259662516614822578e-02 2.602017446347430069e-02 2.472555704783129318e-02 2.472555704783129318e-02 2.602017446347430069e-02 2.566495918073267296e-02 2.406731424887118692e-02 2.541925774915438502e-02 2.406590655045549171e-02 2.868618932803549196e-02 2.503262108132542005e-02 3.324336497529668116e-02 2.598363012740785918e-02 2.588326705837425135e-02 2.588326705837425135e-02 2.481722001483751064e-02 2.460949035372224369e-02 2.333712298188933554e-02 2.497682886136666155e-02 2.302331435834474929e-02 2.412143806266314403e-02 2.412143806266314403e-02 2.143311844629700383e-02 2.311586908891017506e-02 2.412336609056392120e-02 2.412336609056391773e-02 2.195757970654856409e-02 2.138174444679822109e-02 2.409815241344041847e-02 2.284637219048718179e-02 2.325820148511959645e-02 2.306810112480512862e-02 2.163135841910535789e-02 2.075849707255341542e-02 2.409815241344041847e-02 2.749212397266276309e-02 2.343954482187900895e-02 2.749212397266276309e-02 2.579792155299068593e-02 2.257040268618897005e-02 2.782518328298084695e-02 2.782518328298084348e-02 2.782518328298084695e-02 2.699123990397264000e-02 2.478468739715410790e-02 2.458591653667503013e-02 2.331618555372577672e-02 2.428941007459671855e-02 2.176093637459334748e-02 2.428941007459671508e-02 2.431259659943442800e-02 2.431259659943442800e-02 2.301567020324212995e-02 2.692436006650533037e-02 2.850255476231730589e-02 2.850255476231729895e-02 2.850255476231729895e-02 2.544056309030981455e-02 2.626519723405968884e-02 2.626519723405968537e-02 2.626519723405968537e-02 2.378113554598388149e-02 2.428053867789408196e-02 2.428053867789408196e-02 2.241952443935913905e-02 2.246940870002065230e-02 2.187180089427636503e-02 2.232288539476546749e-02 5.947744952016218584e-02 5.947744952016218584e-02 6.254309802064460244e-02 2.244445707829635997e-02 2.260513907166924324e-02 2.360394946632125152e-02 2.394931640669334741e-02 2.559260323705112722e-02 2.510806594379510343e-02 2.559260323705113069e-02 2.406894133548376571e-02 2.289460873374080108e-02 2.352001973559470632e-02 2.323651268579699641e-02 2.228360733934417817e-02 2.414545045528314685e-02 2.221097522913116282e-02 2.725575778016761652e-02 2.483785351741622099e-02 2.380124729913544318e-02 2.483785351741622099e-02 2.440974668447682197e-02 2.661221349332046002e-02 2.440974668447682197e-02 2.849438376187127253e-02 2.849438376187126559e-02 2.849438376187126559e-02 2.188325814650146986e-02 2.116105698910876465e-02 2.445590146533389506e-02 2.445590146533389159e-02 2.317764470693783191e-02 2.317764470693783538e-02 2.230867595692530986e-02 2.502304374598202097e-02 2.502304374598201750e-02 2.450256251864132637e-02 2.345069708671609562e-02 2.313934293029761002e-02 3.649926044186931062e-02 3.649926044186931756e-02 2.501368605346110385e-02 2.464481424661410514e-02 2.607956928625919032e-02 2.607956928625919032e-02 2.524649890006946604e-02 2.344456374820378872e-02 2.225672436839360238e-02 3.335815943829171376e-02 2.833586394555362084e-02 2.833586394555362431e-02 2.833586394555362431e-02 2.598021697818290662e-02 4.487498201679973597e-02 2.553816893281063774e-02 2.641294732517248528e-02 2.641294732517248875e-02 4.288765375029584409e-02 4.149361799531092049e-02 4.288765375029584409e-02
2.545780860925000305e-02 2.149896666916394083e-02 2.691460858844147222e-02 3.113310938726794944e-02 2.918624866192427378e-02 1.470636616716694718e-02 1.502772845861262592e-02 1.470636616716694718e-02 0.000000000000000000e+00 2.374703906717962748e-02 2.481815860111578897e-02 2.481815860111578204e-02 2.304683094929595513e-02 2.259662516614822231e-02 2.602017446347430069e-02 2.472555704783129665e-02 2.472555704783130012e-02 2.602017446347430762e-02 2.566495918073267643e-02 2.406731424887119386e-02 2.541925774915438849e-02 2.406590655045549171e-02 2.868618932803549890e-02 2.503262108132542005e-02 3.324336497529668810e-02 2.598363012740785571e-02 2.588326705837425135e-02 2.588326705837425135e-02 2.481722001483750717e-02 2.460949035372224369e-02 2.333712298188933554e-02 2.497682886136666849e-02 2.302331435834475276e-02 2.412143806266314403e-02 2.412143806266314403e-02 2.143311844629700383e-02 2.311586908891017506e-02 2.412336609056392120e-02 2.412336609056391426e-02 2.195757970654856409e-02 2.138174444679822109e-02 2.409815241344041847e-02 2.284637219048718526e-02 2.325820148511959645e-02 2.306810112480513208e-02 2.163135841910535789e-02 2.075849707255341889e-02 2.409815241344042194e-02 2.749212397266276309e-02 2.343954482187901242e-02 2.749212397266276309e-02 2.579792155299068940e-02 2.257040268618897005e-02 2.782518328298085042e-02 2.782518328298084695e-02 2.782518328298084695e-02 2.699123990397264347e-02 2.478468739715410790e-02 2.458591653667503360e-02 2.331618555372577672e-02 2.428941007459671855e-02 2.176093637459335095e-02 2.428941007459672202e-02 2.431259659943442800e-02 2.431259659943442800e-02 2.301567020324212995e-02 2.692436006650533037e-02 2.850255476231730589e-02 2.850255476231730589e-02 2.850255476231729895e-02 2.544056309030981455e-02 2.626519723405968884e-02 2.626519723405968537e-02 2.626519723405968537e-02 2.378113554598388149e-02 2.428053867789408196e-02 2.428053867789408196e-02 2.241952443935913905e-02 2.246940870002065577e-02 2.187180089427637197e-02 2.232288539476547096e-02 5.947744952016217196e-02 5.947744952016218584e-02 6.254309802064460244e-02 2.244445707829635997e-02 2.260513907166925018e-02 2.360394946632125152e-02 2.394931640669335435e-02 2.559260323705112722e-02 2.510806594379510343e-02 2.559260323705113416e-02 2.406894133548376224e-02 2.289460873374080455e-02 2.352001973559470632e-02 2.323651268579699641e-02 2.228360733934417817e-02 2.414545045528314685e-02 2.221097522913116282e-02 2.725575778016761652e-02 2.483785351741622793e-02 2.380124729913544318e-02 2.483785351741622793e-02 2.440974668447682197e-02 2.661221349332046002e-02 2.440974668447682197e-02 2.849438376187127253e-02 2.849438376187126559e-02 2.849438376187126559e-02 2.188325814650147333e-02 2.116105698910876812e-02 2.445590146533389853e-02 2.445590146533389506e-02 2.317764470693783538e-02 2.317764470693783191e-02 2.230867595692530986e-02 2.502304374598202097e-02 2.502304374598202097e-02 2.450256251864132637e-02 2.345069708671609562e-02 2.313934293029761696e-02 3.649926044186931062e-02 3.649926044186931756e-02 2.501368605346110038e-02 2.464481424661410514e-02 2.607956928625919032e-02 2.607956928625919032e-02 2.524649890006946951e-02 2.344456374820379219e-02 2.225672436839360585e-02 3.335815943829171376e-02 2.833586394555362084e-02 2.833586394555362431e-02 2.833586394555362778e-02 2.598021697818291009e-02 4.487498201679973597e-02 2.553816893281063774e-02 2.641294732517248528e-02 2.641294732517248528e-02 4.288765375029584409e-02 4.149361799531092049e-02 4.288765375029584409e-02
2.075420243459506070e-02 1.502381884012689121e-02 2.272986332762479134e-02 2.765837192485328180e-02 2.537591163074941203e-02 2.374703906717963095e-02 2.115630322446473283e-02 2.374703906717963095e-02 2.374703906717962748e-02 0.000000000000000000e+00 1.348420256192525701e-02 1.348420256192525701e-02 1.456095218993843157e-02 1.215898253892519487e-02 2.134129364449015298e-02 1.964739392290465111e-02 1.964739392290465111e-02 2.134129364449014951e-02 2.093187520651628580e-02 1.868983301269163538e-02 2.050453141906666971e-02 1.872948703064565568e-02 2.457192317755900468e-02 2.026709144896054679e-02 3.010956648113153819e-02 2.128492667239743549e-02 2.120094990036988994e-02 2.120094990036989341e-02 1.981886660700213007e-02 1.833967600480851390e-02 1.683635614718220069e-02 1.912112541281188113e-02 1.693900520359769429e-02 1.843936881657495808e-02 1.843936881657495461e-02 1.452409272366606864e-02 1.694561504792738149e-02 1.831494776910053482e-02 1.831494776910053135e-02 1.510695821785962983e-02 1.489761794952936327e-02 1.844495132623917219e-02 1.674179689496583037e-02 1.737406790061113079e-02 1.710961619838372028e-02 1.518202847271603317e-02 1.409526762903896661e-02 1.844495132623917219e-02 2.315947075847392747e-02 1.794931007984779114e-02 2.315947075847393094e-02 2.125822315282962019e-02 1.649027089073538607e-02 2.380789779720180604e-02 2.380789779720180604e-02 2.380789779720180604e-02 2.243345979634959325e-02 1.953475775274983450e-02 1.938275814308355535e-02 1.745286508303434472e-02 1.873703808571609841e-02 1.545254325267878676e-02 1.873703808571609841e-02 1.857867577518714300e-02 1.857867577518714300e-02 1.687782275478718480e-02 2.274386483494116040e-02 2.466351629105606805e-02 2.466351629105606458e-02 2.466351629105606111e-02 2.070624424007696043e-02 2.171626389228758017e-02 2.171626389228758017e-02 2.171626389228758017e-02 1.846145114130994316e-02 1.870725697820116440e-02 1.870725697820115746e-02 1.625003975374305493e-02 1.633221628346607016e-02 1.544944723361771528e-02 1.600571947402145909e-02 5.725263560501200888e-02 5.725263560501200888e-02 6.037502773993710936e-02 1.616981995999407576e-02 1.650671091755568504e-02 1.809419631013537214e-02 1.847117307479383824e-02 2.072909946298945316e-02 2.013824999404159252e-02 2.072909946298946010e-02 1.863498220043206810e-02 1.681745424408443226e-02 1.779593428444530348e-02 1.724550332098947342e-02 1.607887899508533489e-02 1.880527810741830508e-02 1.624524454401915508e-02 2.284329068411551991e-02 1.949647049137661486e-02 1.801769897791213187e-02 1.949647049137661139e-02 1.893423553143638513e-02 2.234093280103191179e-02 1.893423553143638513e-02 2.465310181779046747e-02 2.465310181779047441e-02 2.465310181779047094e-02 1.574378302083256909e-02 1.624183928661780338e-02 1.904175984007281178e-02 1.904175984007281178e-02 1.727331292206478811e-02 1.727331292206478811e-02 1.608755062294180138e-02 1.988991098453907896e-02 1.988991098453907896e-02 1.903221080617130065e-02 1.764148558800902183e-02 1.721030847823736692e-02 3.369076845133781029e-02 3.369076845133781029e-02 1.985423969757355370e-02 1.895663528871189066e-02 2.119444764885127300e-02 2.119444764885127300e-02 2.038245223276052842e-02 1.793957039374417806e-02 1.632285955724503690e-02 2.977083922776074115e-02 2.445748084234638728e-02 2.445748084234638728e-02 2.445748084234639075e-02 2.100124019653470606e-02 4.216131918630379449e-02 2.007710047181695753e-02 2.190288857451864329e-02 2.190288857451864329e-02 4.037980388228500778e-02 3.889730132176140442e-02 4.037980388228500778e-02
2.199703713125853929e-02 1.674165720805703000e-02 2.386054989219906636e-02 2.865017675764842259e-02 2.639460660107152343e-02 2.481815860111578897e-02 2.235615910774563231e-02 2.481815860111578897e-02 2.481815860111578897e-02 1.348420256192525701e-02 0.000000000000000000e+00 1.366955439876191107e-02 1.777274454205138646e-02 1.347430781908800015e-02 2.251507383678429119e-02 2.093003876578504105e-02 2.093003876578504799e-02 2.251507383678429119e-02 2.212878185387983851e-02 2.004825476317995125e-02 2.173025344430308189e-02 2.008451759235399189e-02 2.558387688187531775e-02 2.153121227571197505e-02 3.103663973842487114e-02 2.246707544463183784e-02 2.239080236396909576e-02 2.239080236396909576e-02 2.109677113199019682e-02 2.028752405314156529e-02 1.882387207820330338e-02 2.098791088766744500e-02 1.846157764928729045e-02 1.983264900020131546e-02 1.983264900020131546e-02 1.623254331107437318e-02 1.844342473091467940e-02 1.969309414479008397e-02 1.969309414479008050e-02 1.673278117876339163e-02 1.663671747506053830e-02 1.984436219940579130e-02 1.830845138292490001e-02 1.886317710146824533e-02 1.863033049279248440e-02 1.690387742804408400e-02 1.591439419738690381e-02 1.984436219940579130e-02 2.423674518873361952e-02 1.936061713028969233e-02 2.423674518873361952e-02 2.245284889735586417e-02 1.806656392524628660e-02 2.487707675735300814e-02 2.487707675735300814e-02 2.487707675735300814e-02 2.354475068806512889e-02 2.083269245402174022e-02 2.068844152755513685e-02 1.893538509276845166e-02 2.010652398454908577e-02 1.712459102470850064e-02 2.010652398454908577e-02 1.992715754462705269e-02 1.992715754462705269e-02 1.839368957095068036e-02 2.387535778542777473e-02 2.570926227339562914e-02 2.570926227339562914e-02 2.570926227339562567e-02 2.193908747701223474e-02 2.287057266516255224e-02 2.287057266516254531e-02 2.287057266516254878e-02 1.983445258598839217e-02 2.008053792059436363e-02 2.008053792059436710e-02 1.785070227498974232e-02 1.792320506314756812e-02 1.714749151147569248e-02 1.765308962277221255e-02 5.801756525759379363e-02 5.801756525759380750e-02 6.113432494765340397e-02 1.780331204957317712e-02 1.809804476630061040e-02 1.949848974685617492e-02 1.984954024368080008e-02 2.193967706131959294e-02 2.138540641682258603e-02 2.193967706131959294e-02 2.000599653172693490e-02 1.838044822509696252e-02 1.924345298522189482e-02 1.878740557487159832e-02 1.770819336588239437e-02 2.015818488932825253e-02 1.785043640617427554e-02 2.393577768158002342e-02 2.082933985157638807e-02 1.953968423595794576e-02 2.082933985157638807e-02 2.028636885802190953e-02 2.348521124388375583e-02 2.028636885802190953e-02 2.569825012563502209e-02 2.569825012563502209e-02 2.569825012563502209e-02 1.739150896501324983e-02 1.784612113145881210e-02 2.038276260811555315e-02 2.038276260811555315e-02 1.877516735440912590e-02 1.877516735440912590e-02 1.771043999878943107e-02 2.115934266509736025e-02 2.115934266509735678e-02 2.037461328212402528e-02 1.910369082205024688e-02 1.871565510815943051e-02 3.453898939856803185e-02 3.453898939856803185e-02 2.125525395527521136e-02 2.063760431559479719e-02 2.252047059808331975e-02 2.252047059808331628e-02 2.165207905978348488e-02 1.939212232727092686e-02 1.791854733252890020e-02 3.089650022022023129e-02 2.550733737056992342e-02 2.550733737056992342e-02 2.550733737056992689e-02 2.220238702528674543e-02 4.305423574020993127e-02 2.149674462116631102e-02 2.306367326532465789e-02 2.306367326532466136e-02 4.117893833973634843e-02 3.972238398625163591e-02 4.117893833973635537e-02
