0.000000000000000000e+00 1.023906846894598842e-02 1.117442637343374172e-02 9.799133546445504966e-03 1.008825732160017336e-02 1.253277646427918002e-02 9.172451791971836937e-03 9.410955843137809931e-03 1.081541706423162427e-02 9.792195192225228856e-03 1.069352496227663971e-02 1.083618298612439544e-02 1.046963393934702800e-02 1.284771015808666532e-02 1.146505832406164750e-02 1.001614397408132420e-02 9.574836922693454391e-03 9.214689148402756963e-03 9.439690405235708417e-03 1.140775249258253743e-02 1.043402868003312847e-02 1.182574488862067792e-02 1.349529219933353653e-02 9.489062413821811384e-03 1.135508578600689239e-02 1.143694534422253634e-02 1.120345287593923524e-02 1.038565777314885002e-02 9.290313904654340718e-03 1.020183035985938388e-02 9.246653508261846316e-03 1.062103716724670764e-02 2.457260011619217047e-02 2.523910455647854559e-02 2.378123205482526176e-02 2.454326518044699229e-02 2.416993527756799987e-02 2.377074644057696959e-02 2.434899613218105552e-02 2.496639589465893261e-02 2.461410594925812073e-02 2.466605491298374045e-02 2.448346702420421683e-02 2.472169505892000962e-02 2.504028386968613559e-02 2.456057927451058345e-02 2.483313247311099217e-02 2.361258627468341975e-02 2.437152368642398967e-02 2.515757087319551999e-02 2.449667895839664419e-02 2.528969876156144866e-02 2.566596037743570924e-02 2.375810500988599638e-02 2.558915059600564562e-02 2.454888439172696682e-02 2.402619556339364443e-02 2.411371044167689645e-02 2.474698014041993438e-02 2.347839971911204471e-02 2.446744816731719063e-02 2.559842231305822779e-02 2.489332018408207947e-02 2.361959869075783841e-02 2.512099604448300022e-02 2.506641527883261139e-02 2.456924513898475423e-02 2.382194343503201209e-02 2.460872185479599100e-02 2.541087155147667143e-02 2.616683706530214051e-02 2.531917754544620730e-02 2.577608585490068216e-02 2.590172932926236571e-02 2.496184838643135742e-02 2.420591852654575479e-02 2.426476916630348687e-02 2.468799400341347566e-02 2.541119564651568921e-02 2.474186957671816595e-02 2.473582747960411873e-02 2.440787969913495170e-02 2.525916068959381533e-02 2.512595493891829276e-02 2.582285772365716658e-02 2.513265497351705249e-02 2.420126520750320517e-02 2.506973683867932956e-02 2.484063813040148297e-02 2.539556910433021092e-02 2.473738646614958778e-02 2.487925505850337865e-02 2.496823329211843995e-02 2.501321912107787662e-02 2.565533290951920939e-02 2.476932612992691074e-02 2.458456672579014540e-02 2.376262197397208467e-02 2.440719190320955745e-02 2.406227168874465125e-02 2.344649010525505159e-02 2.435113845561036675e-02 2.364895071856471659e-02 2.458588346478563641e-02 2.409386760683928860e-02 2.415658694078620314e-02 2.438469120089732656e-02 2.324011397847393010e-02 2.333275781646997407e-02 2.473473348548409917e-02 2.452181138317340373e-02 2.350401075932669406e-02 2.439237507761289961e-02 2.324750704061508133e-02 2.442163087078339304e-02 2.411580451387988766e-02 2.316661128092512012e-02 2.428970933656297154e-02 2.408405262818416256e-02 2.422202818775374272e-02 2.398537770371360345e-02 2.332643773952436730e-02 2.350965540960204062e-02 2.455069726788637260e-02 2.389848010947028326e-02 2.540393267245384321e-02 2.348522669374836572e-02 2.482345089797272433e-02
1.023906846894598842e-02 0.000000000000000000e+00 1.012716891378279138e-02 9.794515798607263818e-03 9.817621334192262739e-03 1.156929839083083861e-02 9.772127568598928601e-03 9.268910333872937973e-03 9.803266989683362756e-03 1.018358928158235449e-02 1.059101323480303447e-02 9.787110997599339848e-03 9.975874482000074428e-03 1.178140986038974519e-02 1.055824645676302527e-02 9.588585157396007849e-03 1.012810909535758960e-02 9.345368541687201769e-03 1.066019101265927582e-02 9.888986529485074492e-03 9.089414096693873915e-03 1.082219340271555613e-02 1.292974504790110959e-02 1.025402774432907643e-02 1.200767742473713914e-02 1.045572861848010661e-02 1.023556885994923206e-02 9.126588935570809774e-03 9.400029593392403640e-03 9.222077054390310363e-03 9.475402604764789419e-03 1.159742558609531092e-02 2.556889805039852873e-02 2.616794993263388616e-02 2.477106484958047777e-02 2.556965811916225850e-02 2.519602075648095380e-02 2.479776491754014794e-02 2.533520831324576061e-02 2.593387747217600070e-02 2.561913566999961950e-02 2.567981640710226970e-02 2.540975226547838306e-02 2.563201950132913687e-02 2.600334062434460011e-02 2.555508585798411253e-02 2.582385220635307482e-02 2.463932934491550389e-02 2.532264287479066636e-02 2.611014563277582259e-02 2.542187160154264769e-02 2.623155552377184549e-02 2.657274433734392940e-02 2.486871228363787129e-02 2.650246653708713054e-02 2.554448752908900638e-02 2.510267760732729989e-02 2.506982789084571950e-02 2.572802438168548742e-02 2.452352170356847730e-02 2.542377343539092838e-02 2.649989606892181118e-02 2.587608963216633806e-02 2.456892399356814735e-02 2.601964299770659697e-02 2.602438763290736493e-02 2.555140768937540219e-02 2.483941525402512049e-02 2.564235009522377109e-02 2.636179498019506490e-02 2.697913801268718090e-02 2.628178488479236685e-02 2.669635512901574748e-02 2.680921816922710380e-02 2.588361747194031781e-02 2.526785463143949029e-02 2.524767062365625148e-02 2.569564072680855654e-02 2.636240918575781175e-02 2.572940247677721684e-02 2.573276025310660547e-02 2.537121759590797720e-02 2.620901317240663039e-02 2.610339173366034785e-02 2.672676900591311813e-02 2.609311281798241608e-02 2.516947632217026234e-02 2.603932134517807084e-02 2.584483412542554898e-02 2.633493152615137486e-02 2.573410434386506560e-02 2.580046832593022033e-02 2.587654733558933731e-02 2.600583153816323281e-02 2.657481600386502746e-02 2.577090229906355001e-02 2.556340574174452429e-02 2.473207838128264544e-02 2.541114425341474414e-02 2.511269397851745300e-02 2.447139060428531188e-02 2.534942891027198997e-02 2.463800831168346320e-02 2.557233068266670517e-02 2.515403930161715443e-02 2.518350063522847501e-02 2.539620486386331630e-02 2.429519874408186605e-02 2.425423771633681766e-02 2.569816275316716761e-02 2.547347293585838432e-02 2.454821196902238004e-02 2.539175047200053700e-02 2.421072433240028035e-02 2.541649349565014773e-02 2.515226222750069698e-02 2.421407385307445051e-02 2.528597027410265513e-02 2.512872598994206341e-02 2.524492808307308989e-02 2.503429317106150784e-02 2.435672212929975572e-02 2.443544981002776506e-02 2.553054983304533024e-02 2.485794535196295466e-02 2.631448182325519386e-02 2.449835838574209584e-02 2.577578634287959816e-02
1.117442637343374172e-02 1.012716891378279138e-02 0.000000000000000000e+00 1.090728382044199411e-02 1.105534438977432907e-02 1.022471878810194898e-02 1.117033377051335208e-02 1.061620748938268965e-02 9.285963063914198096e-03 1.152109292147486530e-02 1.225761873491598014e-02 9.252071592516387250e-03 1.092345243564326121e-02 9.917606793586559999e-03 9.860154367966588937e-03 9.908801687669490862e-03 1.131765848562841376e-02 1.084397939191811613e-02 1.158965599289281390e-02 8.915696356340773593e-03 1.047026111730415925e-02 9.573163260968462970e-03 1.120560747052837085e-02 1.129019887544784918e-02 1.349420956143333218e-02 9.506412543383057842e-03 9.249448426275211702e-03 1.024456948958414430e-02 1.123529556334035284e-02 9.668485752875195446e-03 1.084038428614931236e-02 1.310588797610141333e-02 2.690338376501910309e-02 2.740787273125973658e-02 2.612181545646080627e-02 2.694189747702219542e-02 2.657239218740576475e-02 2.617444847478740330e-02 2.660606262178842260e-02 2.722742433445594565e-02 2.695638828884917848e-02 2.703458342792540089e-02 2.660328743915013963e-02 2.684588547022716265e-02 2.728640171220014093e-02 2.688392745976757661e-02 2.714334192532906823e-02 2.596843009118060541e-02 2.659148565728191096e-02 2.737887202831629577e-02 2.665617769990233019e-02 2.748259745864957415e-02 2.777783581213574826e-02 2.635670940990507416e-02 2.771829446521548862e-02 2.687263712997592369e-02 2.654589257411538866e-02 2.634739612064336198e-02 2.703629326470842476e-02 2.592432616253030273e-02 2.670187711498961045e-02 2.770331666921620542e-02 2.718431776157435170e-02 2.581160334707081894e-02 2.734788890513593571e-02 2.742523686007930853e-02 2.698547423637211173e-02 2.632212637518607443e-02 2.713444814849755998e-02 2.775166576434221280e-02 2.825031012589809473e-02 2.768724494830042057e-02 2.805064544540874366e-02 2.814882281161779076e-02 2.719946102289733797e-02 2.678730856179323966e-02 2.663108694246460809e-02 2.714931705542630511e-02 2.775305588863347106e-02 2.715089210945431306e-02 2.718459732863471451e-02 2.682415479173053466e-02 2.759596054068184229e-02 2.752696370378817509e-02 2.806068133153818631e-02 2.749334029884787853e-02 2.658869545012665023e-02 2.744650645919556944e-02 2.730317314286370353e-02 2.770992448962379326e-02 2.717916429534360939e-02 2.716313130367637579e-02 2.726566879167332397e-02 2.744771907066904590e-02 2.792380340380012579e-02 2.721509342118492644e-02 2.699577356723475638e-02 2.616953609608641332e-02 2.687116129732765660e-02 2.662372339417043085e-02 2.597356645593574750e-02 2.680268420014093184e-02 2.603819809295964197e-02 2.701169289737089668e-02 2.667463100336087481e-02 2.667110676422593599e-02 2.686768649749505730e-02 2.581537646088555293e-02 2.564195828627776133e-02 2.710973909973710821e-02 2.686872647633987629e-02 2.604966570639921652e-02 2.683967689324869010e-02 2.562167589294949907e-02 2.686879244405471559e-02 2.664691770184380443e-02 2.572238790316961135e-02 2.673546316191918043e-02 2.663630576953097268e-02 2.672723218920185564e-02 2.654581703355091832e-02 2.584292070276315162e-02 2.584524847740380521e-02 2.696295860157137819e-02 2.628370111668794015e-02 2.766373268439831223e-02 2.596698726027566947e-02 2.717475606562854210e-02
9.799133546445504966e-03 9.794515798607263818e-03 1.090728382044199411e-02 0.000000000000000000e+00 9.035127581619291359e-03 1.164522543300830493e-02 9.796383010781757952e-03 9.914204633594322219e-03 1.044399696842837101e-02 9.942252646809797076e-03 1.037674432258704066e-02 1.004803342215651422e-02 1.002758086309030010e-02 1.152192544432132336e-02 1.053655293925072171e-02 9.393165071137233452e-03 9.851726565351392323e-03 9.620306748259957810e-03 1.043266815438329692e-02 1.070924049616196402e-02 9.246502911026173097e-03 1.086760100037904332e-02 1.253530195269853161e-02 9.837939518460479815e-03 1.244061873380290957e-02 1.063605305516080249e-02 1.021635702985788929e-02 9.308387866884180323e-03 9.512870238647871957e-03 1.004985528254471669e-02 9.461576924768309860e-03 1.194437102652090750e-02 2.505280103789262955e-02 2.562172782017246159e-02 2.425517938566196241e-02 2.508694714977284176e-02 2.471716582910428103e-02 2.434578308078153702e-02 2.480794232461380755e-02 2.542440913950708148e-02 2.510343682967423884e-02 2.519323435289362589e-02 2.483837787335189604e-02 2.507907567534289894e-02 2.546983378860191022e-02 2.503207698388221561e-02 2.532469112281037285e-02 2.410561305943545798e-02 2.480543879039921393e-02 2.559366944066288410e-02 2.486996174353817146e-02 2.569050734060483732e-02 2.601971813311718812e-02 2.442034294014268359e-02 2.595036779977132405e-02 2.502505172091465738e-02 2.463304163577513528e-02 2.453716747565801506e-02 2.520273276058028131e-02 2.400764706544518054e-02 2.491331167873454128e-02 2.594322884017228117e-02 2.536942692348045578e-02 2.365992573876588706e-02 2.576399337499797951e-02 2.575626782776013757e-02 2.530045455697986501e-02 2.457742504459006772e-02 2.539730978847654780e-02 2.610618595926547311e-02 2.672092594604414534e-02 2.602876122363875430e-02 2.643930397997074772e-02 2.655225963718766888e-02 2.560876772620121478e-02 2.501063787606625649e-02 2.497165520832094962e-02 2.540818643905488200e-02 2.610721793745013342e-02 2.544537513913961574e-02 2.548407974217172314e-02 2.511935267469901298e-02 2.593862032912333526e-02 2.584954215170079395e-02 2.645418326623514074e-02 2.582476231491804761e-02 2.491660164427749249e-02 2.576834911894008290e-02 2.559466916425113744e-02 2.606780084102209433e-02 2.547034973211912204e-02 2.554735107260128896e-02 2.562255699708333376e-02 2.575529419687672128e-02 2.630395439015024289e-02 2.550571692886847638e-02 2.540659163250891597e-02 2.457232066720619126e-02 2.525209656944595732e-02 2.494644377521929718e-02 2.430356705438753429e-02 2.518960440062962408e-02 2.445949935048166018e-02 2.541480866706605224e-02 2.498675497329028855e-02 2.501650557592159305e-02 2.523467428317710537e-02 2.413013136494969110e-02 2.410113409927367237e-02 2.554277216199015571e-02 2.529595394343623835e-02 2.438178375749696508e-02 2.521818725954439247e-02 2.405807075730969150e-02 2.525782115707917927e-02 2.498721204672781082e-02 2.405070965691453663e-02 2.512029389213427805e-02 2.496321593782903012e-02 2.508096255109962605e-02 2.486764416469632727e-02 2.419259539432601705e-02 2.427881198326799217e-02 2.537370208753661135e-02 2.469944106291278516e-02 2.616590359302008173e-02 2.433600014733361058e-02 2.562150492184600212e-02
1.008825732160017336e-02 9.817621334192262739e-03 1.105534438977432907e-02 9.035127581619291359e-03 0.000000000000000000e+00 1.237493374577247618e-02 9.619881774117735457e-03 9.298266144644616940e-03 1.056461265280382589e-02 9.686433516535343513e-03 1.021047693988856933e-02 1.025691159868646896e-02 1.010842765260510333e-02 1.172177156293887322e-02 1.076851567182389967e-02 9.459092929774481906e-03 1.017379661038597671e-02 9.408170452953919585e-03 9.825525303223555523e-03 1.036656860925595607e-02 9.422888949060197541e-03 1.111624602030334384e-02 1.276006110524469279e-02 9.633338741826825632e-03 1.172591936598331615e-02 1.089531882021816875e-02 1.049046443036914626e-02 9.331351100282166133e-03 9.714779952281794861e-03 1.014015264378949517e-02 9.309358171843789415e-03 1.169218987091265316e-02 2.494864941170831657e-02 2.552077506427825535e-02 2.414931400296608036e-02 2.493309346596309442e-02 2.456146903266740594e-02 2.420388847479396782e-02 2.467077329998004082e-02 2.530618989996723245e-02 2.497376278211792255e-02 2.505953260931590917e-02 2.476206384038500546e-02 2.500589495370399151e-02 2.537569067608650211e-02 2.491115715631572053e-02 2.517948832877484056e-02 2.397597037693506572e-02 2.469739092314615636e-02 2.548584775187968943e-02 2.479015102656459413e-02 2.558222003272637643e-02 2.592136459346144547e-02 2.425405421484451429e-02 2.587187334323784796e-02 2.490094683879042967e-02 2.447853905282710782e-02 2.446834818207408932e-02 2.510373839592292683e-02 2.351712426042563975e-02 2.479881736852926344e-02 2.585021863157078992e-02 2.522950005976613147e-02 2.389591377952588608e-02 2.559488100653710407e-02 2.557692455976614404e-02 2.511224631773423255e-02 2.436061636767558949e-02 2.519411071781223893e-02 2.592363318542499628e-02 2.656413967970973344e-02 2.584347260463559434e-02 2.626476263407202111e-02 2.638065466722071609e-02 2.543626506356968034e-02 2.480518268605341747e-02 2.478831101994157307e-02 2.523561031652618580e-02 2.592506239154393835e-02 2.526380163488101127e-02 2.528981906159296147e-02 2.492808690126055784e-02 2.576137394413579793e-02 2.566076736832599917e-02 2.628688294115435684e-02 2.564489931533867062e-02 2.473151953186392832e-02 2.558729354801025230e-02 2.539885856657773944e-02 2.589044295141825283e-02 2.527998740772807382e-02 2.537028350486121575e-02 2.544261866185137944e-02 2.556246929345315846e-02 2.613135190921459655e-02 2.531397542925960600e-02 2.523890423693646301e-02 2.440573113440320033e-02 2.507578344602194934e-02 2.475811919592459803e-02 2.411983016998176313e-02 2.501613582875459457e-02 2.427765298068518610e-02 2.524435046725139603e-02 2.479464879337850078e-02 2.483445571968923016e-02 2.505718251195523244e-02 2.394102225350569144e-02 2.395995711899720493e-02 2.537754479170247282e-02 2.513906577792652738e-02 2.421485973412845424e-02 2.504428054104241783e-02 2.389363596742476170e-02 2.508577741900653441e-02 2.480167560100528940e-02 2.386423921475790827e-02 2.494544745433042304e-02 2.477681812466485389e-02 2.489977910574660627e-02 2.467831843544338044e-02 2.403104530629346369e-02 2.413683661056842747e-02 2.520378702303178314e-02 2.453540802045103483e-02 2.601423350067947129e-02 2.415702482824920450e-02 2.545990032349573426e-02
1.253277646427918002e-02 1.156929839083083861e-02 1.022471878810194898e-02 1.164522543300830493e-02 1.237493374577247618e-02 0.000000000000000000e+00 1.247739233749571922e-02 1.206387239405929887e-02 1.105616512546180735e-02 1.288940422247292737e-02 1.338251883184660151e-02 1.053639339423494484e-02 1.138976953165565277e-02 9.465927133796587373e-03 1.047327537568144319e-02 1.133881242812834200e-02 1.248807264318073200e-02 1.228829724785796863e-02 1.285341050846432361e-02 1.087030410908862779e-02 1.133388286485353773e-02 9.615890815857843291e-03 1.020037747321007361e-02 1.268422350696362180e-02 1.537168053480442685e-02 1.002985265082499342e-02 1.024299181034498893e-02 1.149152333236675913e-02 1.219808761769077161e-02 1.113006048142241647e-02 1.222874202825151649e-02 1.449340347605814275e-02 2.779656088841971767e-02 2.820028608450475538e-02 2.704297258323616268e-02 2.788269553908267681e-02 2.751619948363321494e-02 2.714923874091180675e-02 2.748004109308419679e-02 2.808022987140316312e-02 2.788091752205824891e-02 2.795761814969058290e-02 2.735151882888182256e-02 2.761833994818959845e-02 2.813020098145560879e-02 2.777416738628905868e-02 2.802843438037105547e-02 2.690631185760145733e-02 2.742565723069828251e-02 2.820716688120770282e-02 2.744840886609020356e-02 2.829277043530070354e-02 2.855599253225213005e-02 2.743837372544940395e-02 2.848905150836177416e-02 2.776312395492927521e-02 2.757339742666422774e-02 2.685923193099348447e-02 2.792443274144425572e-02 2.692225867085628818e-02 2.754573125144892456e-02 2.847409197404746073e-02 2.805729125311774361e-02 2.660035986000503297e-02 2.838762860723476750e-02 2.849860389028868388e-02 2.804961447481557624e-02 2.746012479293047023e-02 2.832665126739134648e-02 2.884341711270591718e-02 2.921384856050007403e-02 2.879441661518800100e-02 2.910967048852424605e-02 2.919344061833366311e-02 2.824123881420455284e-02 2.800081476837852981e-02 2.771891471287061398e-02 2.829315609377330495e-02 2.884362947733704746e-02 2.823923511122086033e-02 2.831588092230668055e-02 2.795997513043285004e-02 2.867768452942979010e-02 2.865009777670385685e-02 2.909019818447377420e-02 2.858613989055489024e-02 2.768882231121019485e-02 2.854764204614148107e-02 2.845780246006300931e-02 2.878108304737869369e-02 2.831303581744179163e-02 2.823226003127517897e-02 2.833710770052950620e-02 2.859402617365552554e-02 2.896854991505749821e-02 2.834960643023789681e-02 2.769104527783132486e-02 2.683291898737003717e-02 2.763488796949117518e-02 2.747917248822747197e-02 2.677305525343108908e-02 2.753443941537826387e-02 2.670842218692282694e-02 2.772138344259235040e-02 2.753254696153306300e-02 2.747929307166442278e-02 2.762508462751749744e-02 2.668164770114221651e-02 2.597014498856502207e-02 2.779208220267677387e-02 2.748961109797422309e-02 2.691864011533157131e-02 2.759292718678319975e-02 2.630310104233962373e-02 2.759378263482591825e-02 2.745387682309674213e-02 2.656415572561058452e-02 2.749338011393511610e-02 2.746433657061638639e-02 2.752755144857851194e-02 2.739891849506653071e-02 2.632310703090081500e-02 2.648979905338249771e-02 2.767685606524643294e-02 2.692899691352360070e-02 2.824341795175952519e-02 2.677466101794262129e-02 2.781891201474196926e-02
9.172451791971836937e-03 9.772127568598928601e-03 1.117033377051335208e-02 9.796383010781757952e-03 9.619881774117735457e-03 1.247739233749571922e-02 0.000000000000000000e+00 9.345159900003266809e-03 1.081268812230254742e-02 1.003190465705934044e-02 1.071730182289620283e-02 1.073118765820584367e-02 1.024361062120969848e-02 1.238961051907664680e-02 1.185215179433545159e-02 9.903830144619043055e-03 9.468374216888510511e-03 9.220538293087368956e-03 9.965767805459699313e-03 1.094881297380906858e-02 9.973263639625454605e-03 1.217109062856006757e-02 1.346385678086740000e-02 9.749048163647858894e-03 1.104801008043432287e-02 1.173637380263306204e-02 1.160401713320118738e-02 9.739158645409539544e-03 9.296629340845258965e-03 1.060956227620135119e-02 9.160739018681141044e-03 1.118855112816940535e-02 2.475492996477227092e-02 2.542035670604917558e-02 2.396379499808928490e-02 2.472254665171304613e-02 2.434192496159919353e-02 2.395374582416525192e-02 2.454942457732449054e-02 2.514772110730125257e-02 2.479588261930543158e-02 2.484719620396926704e-02 2.465322450845284716e-02 2.492032558556835434e-02 2.522317548278356358e-02 2.474456324786063546e-02 2.501330497349331383e-02 2.379573033534750776e-02 2.457170121336147914e-02 2.533871507315467453e-02 2.467712087275990632e-02 2.547061552156147310e-02 2.584462752798513674e-02 2.393670396790242502e-02 2.576988504878527722e-02 2.471993213662351113e-02 2.420820654913021647e-02 2.429880785076156402e-02 2.493138701421410142e-02 2.363921413558483717e-02 2.466694663134861090e-02 2.577710539672795412e-02 2.507390208330218667e-02 2.382038053371056743e-02 2.528830453613782267e-02 2.521212350796727189e-02 2.468719685234551514e-02 2.397612062291610072e-02 2.476298327781250100e-02 2.556169122707232025e-02 2.630903332019064039e-02 2.547104627462326229e-02 2.592508267729749447e-02 2.605015178146109778e-02 2.511099779145693420e-02 2.436551965185531146e-02 2.440670657865861432e-02 2.484601576491979325e-02 2.556242857769902566e-02 2.490042194016752961e-02 2.488007871253311576e-02 2.456017093086700423e-02 2.541288880086483085e-02 2.527915317409016455e-02 2.597431420433226820e-02 2.528715489859457988e-02 2.436395241941054918e-02 2.522530335888570341e-02 2.499278747979037651e-02 2.554848275738048902e-02 2.489353493161379147e-02 2.504696516784491941e-02 2.511800118051311578e-02 2.516837393913680387e-02 2.580665539433834449e-02 2.492454483833398543e-02 2.444171922926948598e-02 2.361810989425167789e-02 2.427733998836705681e-02 2.396415115311904820e-02 2.335460093175918683e-02 2.421932122848167307e-02 2.352851798630340580e-02 2.444632390358643728e-02 2.401812139575932800e-02 2.404157554270368313e-02 2.427760538744385896e-02 2.316684702280719446e-02 2.315219368396188859e-02 2.458345257665384836e-02 2.436845667145015257e-02 2.342145143573067662e-02 2.426328623824405839e-02 2.277475783034049392e-02 2.428839192692177490e-02 2.400681824126836214e-02 2.308748995899977813e-02 2.416164206027821698e-02 2.397909978422641669e-02 2.412444783110494900e-02 2.388691705492228257e-02 2.321808895888251636e-02 2.337119901051468857e-02 2.440966332087118190e-02 2.376878523683304337e-02 2.524378219296294704e-02 2.338350122629495251e-02 2.466520805065703856e-02
9.410955843137809931e-03 9.268910333872937973e-03 1.061620748938268965e-02 9.914204633594322219e-03 9.298266144644616940e-03 1.206387239405929887e-02 9.345159900003266809e-03 0.000000000000000000e+00 1.023603442318472313e-02 9.689054874804684317e-03 1.034574059155354137e-02 1.023577586386606279e-02 1.023638709937343266e-02 1.187248855208435441e-02 1.142484979076570026e-02 9.560107710801860059e-03 1.032885023122625048e-02 9.012944237698753205e-03 1.031522411469729464e-02 1.040268020143645181e-02 9.942443522067113959e-03 1.166058109492246718e-02 1.300548984778754358e-02 9.405543705967666854e-03 1.195165185224095032e-02 1.088553420308477696e-02 1.112054252573299248e-02 9.343563727400468893e-03 8.988728757313694043e-03 9.651772044818618737e-03 9.458438792652231614e-03 1.111608636555344067e-02 2.515466043219649964e-02 2.578683324703069657e-02 2.434632431067011368e-02 2.513766569301234891e-02 2.476577421974550733e-02 2.436380065783320600e-02 2.493553163137250672e-02 2.553083108376878393e-02 2.519952180480922524e-02 2.525595460661919298e-02 2.502338706237565089e-02 2.527662189528023795e-02 2.560635213104428889e-02 2.514141260401872233e-02 2.540882738774368974e-02 2.419848437164556429e-02 2.494954070698153503e-02 2.571670695190821435e-02 2.506382005619811268e-02 2.584317154197236788e-02 2.620202150029023527e-02 2.439235795971039789e-02 2.613008735380571018e-02 2.512975937524598163e-02 2.464493223426147961e-02 2.467670500813671369e-02 2.532149461156398690e-02 2.406210013909498499e-02 2.502722212352521264e-02 2.613109399192773200e-02 2.546623616948689300e-02 2.420419627069685803e-02 2.561296240746990110e-02 2.559341054940794322e-02 2.511052889693973431e-02 2.438057796275756167e-02 2.517434852676904075e-02 2.593126803312732417e-02 2.660386910877692371e-02 2.584655613265597271e-02 2.627944111873628183e-02 2.639895444517074280e-02 2.545842112654288919e-02 2.478921825633568707e-02 2.479498708966954013e-02 2.524196835547170073e-02 2.593369623461833084e-02 2.528560335746541168e-02 2.528354454869495907e-02 2.492728723049541031e-02 2.578239833699343814e-02 2.566145025768684293e-02 2.632020883319331761e-02 2.566048353460212081e-02 2.475221929979602720e-02 2.560416893309623229e-02 2.539026234644746124e-02 2.591154776438360507e-02 2.528540380842162968e-02 2.540238764945673688e-02 2.545825661401599632e-02 2.555668419665683977e-02 2.616022951494249502e-02 2.531948421485464770e-02 2.514746504314402387e-02 2.432258441118786280e-02 2.498192189732756016e-02 2.466108076221993836e-02 2.403309548631990533e-02 2.492407229584275505e-02 2.422840664849079326e-02 2.515184903361321334e-02 2.469495498387860519e-02 2.474281404214726671e-02 2.496208678560373276e-02 2.383838987862771028e-02 2.385335666609872049e-02 2.528999456822618799e-02 2.507085713640197500e-02 2.412287865440606791e-02 2.496761089953850044e-02 2.379867368264611607e-02 2.499157809374717015e-02 2.470630675283177688e-02 2.376176317296827684e-02 2.486099253546907029e-02 2.467745577320319336e-02 2.480802235574623357e-02 2.458227925852347548e-02 2.391515400146253245e-02 2.405775157830157204e-02 2.511467910494918909e-02 2.445445546691580110e-02 2.593213994597484695e-02 2.408360715669035854e-02 2.537325277514189056e-02
1.081541706423162427e-02 9.803266989683362756e-03 9.285963063914198096e-03 1.044399696842837101e-02 1.056461265280382589e-02 1.105616512546180735e-02 1.081268812230254742e-02 1.023603442318472313e-02 0.000000000000000000e+00 1.102819934807208399e-02 1.136398353936825083e-02 9.259192930297472160e-03 1.015124313897404484e-02 1.038672036069508003e-02 9.716272622471645165e-03 9.632715680714772771e-03 1.136424260690060625e-02 1.049077175447461242e-02 1.101552469084943892e-02 9.125181208033454616e-03 9.644116997191483354e-03 9.819034609343062908e-03 1.145923680558747805e-02 1.093704942051718088e-02 1.305246678990258993e-02 9.792704069454099755e-03 9.211075438561953238e-03 1.038708256477866194e-02 1.032077632099168835e-02 9.325688415474479853e-03 1.095308017828360361e-02 1.305269870950638220e-02 2.622387637019011480e-02 2.672885607895306506e-02 2.546310859580920571e-02 2.628263677307747515e-02 2.589458478071993836e-02 2.516011830888781678e-02 2.592402602659476044e-02 2.654408813181660665e-02 2.627824624988008353e-02 2.635311869225000908e-02 2.594782457965381234e-02 2.618981983513772940e-02 2.662553695765183803e-02 2.622443586748990710e-02 2.646200430738161399e-02 2.530961622008909284e-02 2.593127270584608124e-02 2.669879533203459165e-02 2.601711475346707089e-02 2.680396369322281952e-02 2.710038331737915987e-02 2.569531008784120205e-02 2.704079220194814323e-02 2.619273869561864962e-02 2.587202948853794052e-02 2.569038266734631482e-02 2.635773497392603429e-02 2.526614935446652374e-02 2.604152433235810277e-02 2.702543368658559195e-02 2.652392753736679959e-02 2.515395098622369083e-02 2.683930035523445640e-02 2.689004062921551003e-02 2.645688566570714509e-02 2.576157927016765187e-02 2.659697426029286604e-02 2.722855155636220992e-02 2.773424450779882200e-02 2.716241530701963419e-02 2.753395206260693395e-02 2.763493901422604815e-02 2.668635163379300124e-02 2.623679233785257067e-02 2.610729557581407956e-02 2.660711835324997693e-02 2.723023572161951608e-02 2.660588718552517676e-02 2.665247916830918579e-02 2.627623163494682140e-02 2.706535084766715366e-02 2.699802086029987058e-02 2.753665256255032404e-02 2.695937910221224421e-02 2.605937663274179514e-02 2.691249651856060521e-02 2.676872187009118539e-02 2.718118113977409031e-02 2.663964146372280184e-02 2.664368431492917036e-02 2.672766208016587666e-02 2.691732136337573328e-02 2.739786014615834542e-02 2.667627566404962708e-02 2.656742622453745276e-02 2.572048535113933068e-02 2.643276674511406063e-02 2.616678759942081545e-02 2.549745261158251064e-02 2.636632241767670679e-02 2.559171617539419269e-02 2.658057682277100223e-02 2.621592119386678688e-02 2.621960855394912457e-02 2.642389523116470129e-02 2.535991275700148415e-02 2.526531728352825884e-02 2.668704027695480152e-02 2.643352449155078263e-02 2.561516572965471736e-02 2.639105568216263895e-02 2.520281922557622914e-02 2.643320945653801837e-02 2.619475637093394635e-02 2.527032059404355976e-02 2.629113764645052073e-02 2.618228061153097044e-02 2.627830004664986549e-02 2.608759368492749239e-02 2.541346638484438814e-02 2.542780601714382527e-02 2.653218682625209032e-02 2.583832708606291842e-02 2.725846807116691362e-02 2.552262776968304211e-02 2.675576077006825565e-02
9.792195192225228856e-03 1.018358928158235449e-02 1.152109292147486530e-02 9.942252646809797076e-03 9.686433516535343513e-03 1.288940422247292737e-02 1.003190465705934044e-02 9.689054874804684317e-03 1.102819934807208399e-02 0.000000000000000000e+00 1.005106227912234279e-02 1.155268453783926327e-02 1.120780788941795614e-02 1.270131300882686685e-02 1.157206703054534241e-02 1.037022564434940744e-02 1.008269419921141268e-02 1.006499575989442188e-02 9.253698600886118078e-03 1.129896078522084867e-02 1.071969620213877351e-02 1.199636669637014173e-02 1.367416406008505753e-02 9.209233163399280914e-03 1.130900738228417073e-02 1.167694558638836429e-02 1.136053105259285378e-02 1.011263666334237706e-02 9.600670714582317314e-03 1.094171244032278618e-02 1.002518193135327682e-02 1.087483207237835772e-02 2.404940676871229061e-02 2.470509428519453154e-02 2.289390593973469890e-02 2.405246716388057329e-02 2.366266321126666086e-02 2.328423759677941338e-02 2.384508433001348085e-02 2.443882303521265065e-02 2.411818720093588178e-02 2.417266823339563053e-02 2.395157640306478514e-02 2.418168773193207777e-02 2.451255391756872529e-02 2.404014143902504994e-02 2.433335749887142324e-02 2.309421942987760490e-02 2.386215606769798506e-02 2.462726648911761976e-02 2.397981557517661275e-02 2.477925609274342009e-02 2.512958475539690470e-02 2.330274218209023307e-02 2.505319472909315129e-02 2.402890299504873914e-02 2.353146474494013929e-02 2.359007838459129328e-02 2.422197895955651575e-02 2.297636741759009546e-02 2.398131035568344324e-02 2.505837484321399994e-02 2.439131632750320480e-02 2.308336008828705196e-02 2.481709444330942177e-02 2.474799776335675008e-02 2.426997882956357516e-02 2.352704138742205478e-02 2.429817127762209927e-02 2.510434824722985667e-02 2.584512691999325817e-02 2.500949742658931801e-02 2.546808492855994616e-02 2.559570341181543682e-02 2.465888266058402153e-02 2.388300710604067748e-02 2.396071357134463634e-02 2.436619859633050444e-02 2.510397921780044977e-02 2.440964392373974959e-02 2.442853687872875712e-02 2.407664562869769875e-02 2.493783529005863184e-02 2.481651721025268306e-02 2.550179873123411753e-02 2.481073035865404008e-02 2.389232366411101621e-02 2.474757716121454842e-02 2.453171414997020947e-02 2.507728268808493560e-02 2.439579555746712938e-02 2.457193934073860150e-02 2.463905049500891842e-02 2.470563753109094457e-02 2.533798551204481664e-02 2.445117827776636249e-02 2.443327092496820271e-02 2.363108979722672656e-02 2.424847439697234291e-02 2.388694334747063983e-02 2.329573829479671815e-02 2.419251252593360157e-02 2.347887139312997487e-02 2.443244005463755114e-02 2.391098160145531046e-02 2.398397808932048458e-02 2.422040796945298252e-02 2.307908272906763689e-02 2.317434257154613736e-02 2.458666930356568150e-02 2.435891550794256136e-02 2.335294987338826928e-02 2.422276877356047478e-02 2.312136207012618211e-02 2.426634792276061506e-02 2.394291996531451930e-02 2.299432150666338992e-02 2.412851348329528300e-02 2.390740602237108672e-02 2.405458738484130693e-02 2.380767122503708172e-02 2.316313644769694632e-02 2.336641919657270541e-02 2.439914185597397145e-02 2.376872866194079323e-02 2.527408135431430738e-02 2.332260358594780841e-02 2.467988908423194433e-02
1.069352496227663971e-02 1.059101323480303447e-02 1.225761873491598014e-02 1.037674432258704066e-02 1.021047693988856933e-02 1.338251883184660151e-02 1.071730182289620283e-02 1.034574059155354137e-02 1.136398353936825083e-02 1.005106227912234279e-02 0.000000000000000000e+00 1.138576306447037882e-02 1.111907823076870375e-02 1.286583077688574321e-02 1.147668887671620709e-02 1.128563547006117794e-02 1.058971224988170499e-02 1.029497499847373265e-02 1.013991648448893564e-02 1.201762225709489609e-02 1.060400538587884245e-02 1.220143114088655459e-02 1.364334354527972117e-02 1.012755998989972768e-02 1.191489648019086918e-02 1.207786254939091988e-02 1.167361653942901138e-02 1.051679881152387322e-02 1.021976709960393213e-02 1.138433131525682339e-02 1.026961808487529375e-02 1.105478896635143579e-02 2.430544227346692968e-02 2.495179036969073089e-02 2.349828646219485201e-02 2.433889826424602901e-02 2.390361145732409348e-02 2.357632566649758496e-02 2.412840850490831010e-02 2.469480854036312789e-02 2.439748373127901410e-02 2.445643009203160231e-02 2.422243705585059095e-02 2.447543693147522653e-02 2.480988735639400727e-02 2.429731205697318805e-02 2.461542597663313528e-02 2.336230383529989268e-02 2.414040221064280359e-02 2.492339981588769307e-02 2.418433182716529101e-02 2.505746513107288617e-02 2.541804544752114883e-02 2.358723760630567282e-02 2.534243819119927008e-02 2.431632633676627034e-02 2.384154651295534652e-02 2.387029595940944743e-02 2.448829287676866293e-02 2.322067175159540919e-02 2.424262680260232464e-02 2.529909870640273048e-02 2.466697232963690339e-02 2.334339559520118290e-02 2.392074483142578312e-02 2.390707853867973798e-02 2.344037859006023114e-02 2.283242690220688847e-02 2.360504758762988278e-02 2.426474894683477990e-02 2.447708106084955926e-02 2.418907834213273114e-02 2.456266390850140452e-02 2.466485046134645961e-02 2.374739699740421178e-02 2.326976395083332760e-02 2.318327971933520359e-02 2.365023983224082138e-02 2.428052116687538439e-02 2.368782727895124562e-02 2.364735304419827641e-02 2.294988960925108124e-02 2.409129793406339023e-02 2.402716193747504031e-02 2.458027114974617108e-02 2.398133580848813007e-02 2.306796685443002898e-02 2.395768281611610623e-02 2.377077229802223787e-02 2.421058961163053899e-02 2.367577289240567831e-02 2.366823575174925934e-02 2.342288811054349384e-02 2.394484192890547480e-02 2.445643906493352726e-02 2.373572156777483191e-02 2.428353438129026917e-02 2.343348110379973870e-02 2.413938949143497673e-02 2.379431323846882898e-02 2.313062632686435291e-02 2.405585394684239472e-02 2.329077136357715627e-02 2.430791116798111662e-02 2.384984877456423208e-02 2.385338202385486883e-02 2.409268133544317445e-02 2.298654576856786619e-02 2.302915492723746002e-02 2.442564704282096030e-02 2.414774712445605376e-02 2.326197192941067624e-02 2.410559286029340456e-02 2.301138934854049523e-02 2.412563020599546929e-02 2.386094477255172250e-02 2.294540808246827920e-02 2.394658769668724443e-02 2.381790995514782711e-02 2.393344507410149688e-02 2.371405941437624773e-02 2.307853776952668856e-02 2.284955676776811301e-02 2.425150096822161969e-02 2.356397752722018402e-02 2.506939571798586647e-02 2.320391154893007568e-02 2.450738685502038341e-02
1.083618298612439544e-02 9.787110997599339848e-03 9.252071592516387250e-03 1.004803342215651422e-02 1.025691159868646896e-02 1.053639339423494484e-02 1.073118765820584367e-02 1.023577586386606279e-02 9.259192930297472160e-03 1.155268453783926327e-02 1.138576306447037882e-02 0.000000000000000000e+00 1.050034690783764602e-02 1.037424903021266949e-02 9.998271420244363161e-03 9.639194729745930584e-03 1.090517389308414027e-02 1.038313281898806464e-02 1.162864866031264842e-02 9.171201520607097715e-03 9.583420254110850897e-03 9.770916153789940134e-03 1.204578816464424093e-02 1.081161101726842502e-02 1.358558126901196483e-02 9.540146997743179091e-03 9.381416059340770205e-03 9.737518727210630817e-03 1.091942953228488417e-02 9.423413819698491650e-03 1.089360398495377823e-02 1.269785378846246225e-02 2.651431804797674610e-02 2.704664538684123723e-02 2.574660789290427257e-02 2.654234621339063641e-02 2.616310631186295407e-02 2.577620270017919393e-02 2.624986271951582073e-02 2.685217836569678621e-02 2.656709626376432473e-02 2.664086591893050082e-02 2.626181222653396763e-02 2.649177260977748222e-02 2.691447091200746197e-02 2.649676068763748629e-02 2.676037645479899599e-02 2.559550525887380884e-02 2.622510603426897804e-02 2.701253674769182531e-02 2.629521010384211835e-02 2.711908603543639398e-02 2.742815687241971848e-02 2.592212044126588136e-02 2.736590122738495959e-02 2.647943509689408559e-02 2.612549539794857892e-02 2.597611710554319914e-02 2.665723229894367829e-02 2.549590850833492739e-02 2.633049066766339832e-02 2.735264856993845778e-02 2.680456722270065095e-02 2.542819174804689802e-02 2.693404178604062379e-02 2.698514115894119422e-02 2.651849721472230442e-02 2.587280816442088724e-02 2.667610999690088469e-02 2.732154047128305951e-02 2.783552304560102733e-02 2.725210646634247322e-02 2.762898761984555057e-02 2.773051020787312484e-02 2.680266973820183071e-02 2.632402667544724711e-02 2.621061709961196654e-02 2.670247907159368356e-02 2.732212720139236273e-02 2.671588191408140814e-02 2.672963785764785605e-02 2.636142223782529659e-02 2.716639227466933343e-02 2.708775055281921473e-02 2.764417577073205803e-02 2.705985978052516741e-02 2.614334531383384619e-02 2.701301827919384141e-02 2.685299975109658316e-02 2.728311332427140606e-02 2.673500916757530141e-02 2.673948987355298859e-02 2.681942433441893148e-02 2.700459892908972301e-02 2.750497569931132855e-02 2.677183446833816469e-02 2.635493991005598280e-02 2.555310955519635163e-02 2.623598010181476398e-02 2.599289851900339621e-02 2.536450117745062474e-02 2.618461750663378731e-02 2.544213726755378824e-02 2.637194296740636573e-02 2.604389897131489245e-02 2.605662123943732617e-02 2.624808493453542613e-02 2.484282170553158559e-02 2.500587939501166049e-02 2.646899486468478821e-02 2.623361443689062322e-02 2.543737580617019475e-02 2.620423256356339478e-02 2.500494422344616205e-02 2.622926296531949419e-02 2.603494630798260101e-02 2.509683883875192881e-02 2.609855393438785531e-02 2.602217930997671735e-02 2.611067856195062320e-02 2.593427135926546293e-02 2.521041037638824603e-02 2.519068255324016098e-02 2.634518937478097511e-02 2.566516559113100893e-02 2.702535960340239976e-02 2.533262735529928297e-02 2.653447594186978883e-02
