0.000000000000000000e+00 1.392746610909738510e-02 1.669680197457515045e-02 1.901417353316954897e-02 2.160896618010294326e-02 2.112486690897567160e-02 1.828397576522850995e-02 2.112486690897567507e-02 2.112486690897567160e-02 1.753801396951071290e-02 1.979869608904847797e-02 1.979869608904847797e-02 1.612655982097788501e-02 1.598974662756443704e-02 2.033831253741958875e-02 1.796549805973981367e-02 1.796549805973981367e-02 2.033831253741959569e-02 1.937420397247813925e-02 1.759696336582657755e-02 1.994927324100313065e-02 1.760547712075330798e-02 3.274158128779990073e-02 1.685931873845280746e-02 2.451335530316244710e-02 2.082511697206600176e-02 2.002035123408164169e-02 2.002035123408164516e-02 1.784934257583377717e-02 1.928543069879860156e-02 1.641762907566399546e-02 1.814562504188984432e-02 1.702763744841420679e-02 1.923231507535175938e-02 1.923231507535175938e-02 1.453756024662400392e-02 1.719085442620160720e-02 1.935490087711157908e-02 1.935490087711157561e-02 1.517452261241922749e-02 1.457089716041591251e-02 1.935987057767453792e-02 1.712028975085540944e-02 1.724958168554289670e-02 1.719251864273963967e-02 1.497936195325947316e-02 1.388495629537259829e-02 1.935987057767453445e-02 2.572670555006908999e-02 1.595094663156860701e-02 2.572670555006908999e-02 1.829583939596605285e-02 1.593597333145679168e-02 2.112801312640017262e-02 2.112801312640017262e-02 2.112801312640017262e-02 2.485738509550492262e-02 2.013397722211023380e-02 1.822599579504143030e-02 1.730458972707392754e-02 1.942133058559651279e-02 1.474769971453803070e-02 1.942133058559650585e-02 1.951117036725457179e-02 1.951117036725457179e-02 1.712692071331542443e-02 1.855940264328266240e-02 2.119591556911125385e-02 2.119591556911125038e-02 2.119591556911125038e-02 1.808167008290756730e-02 2.055173973643145691e-02 2.055173973643144997e-02 2.055173973643145691e-02 1.650761841306198213e-02 1.943089082026079259e-02 1.943089082026079259e-02 1.593905376599423843e-02 1.591337846426217964e-02 1.553254824393091038e-02 1.646950096468679375e-02 3.313948819592553441e-02 3.313948819592554135e-02 2.941024941396943454e-02 1.663927150352241882e-02 1.603627335761013267e-02 1.639997752718844876e-02 1.751334603553268351e-02 2.003304732411341493e-02 1.841759278279741716e-02 2.003304732411341493e-02 1.768288243915355426e-02 1.696714376790512541e-02 1.750195429646011006e-02 1.739965924356344854e-02 1.581745924563471295e-02 1.802702433201291629e-02 1.588626912646140879e-02 2.499172467872785505e-02 1.981379001032850667e-02 1.756896733469733018e-02 1.981379001032850667e-02 1.946523557716221473e-02 1.853018821100484159e-02 1.946523557716221473e-02 2.072524691989961407e-02 2.072524691989961407e-02 2.072524691989961407e-02 1.519163777867720867e-02 1.584701190640525406e-02 1.958286799165809625e-02 1.958286799165809625e-02 1.707196925927258191e-02 1.707196925927258191e-02 1.579649869963376668e-02 1.972536754739401266e-02 1.972536754739401613e-02 1.957683928173326385e-02 1.739508043440883903e-02 1.716435357501320050e-02 3.078423201322482566e-02 3.078423201322482566e-02 1.802250933763131432e-02 1.784353107295126931e-02 2.032467931554316626e-02 2.032467931554316973e-02 1.805122414816488774e-02 1.883395198896357578e-02 1.589288274295880612e-02 2.788587052972333127e-02 2.118910174129731358e-02 2.118910174129731358e-02 2.118910174129731358e-02 2.378381511072747215e-02 3.062892839919474641e-02 2.325018382192156619e-02 2.037462601937174711e-02 2.037462601937174711e-02 3.148014522774124357e-02 2.573632281994488180e-02 3.148014522774123664e-02
1.392746610909738510e-02 0.000000000000000000e+00 1.493190327979020647e-02 1.957059195532682982e-02 2.284871689087732138e-02 1.815215237212155011e-02 1.465281751221479169e-02 1.815215237212155011e-02 1.815215237212155011e-02 1.357922509998020326e-02 1.653446013922226648e-02 1.653446013922226648e-02 1.149313025823367126e-02 1.126384812084782298e-02 1.721064663003843420e-02 1.420108976623106825e-02 1.420108976623106825e-02 1.721064663003843420e-02 1.604761134805404374e-02 1.368270182959690356e-02 1.673615079376579787e-02 1.369476389730993858e-02 3.070646507432830269e-02 1.269725659124159092e-02 2.189089012060995917e-02 1.780048680472747294e-02 1.681995794899474386e-02 1.681995794899475080e-02 1.403492288848486383e-02 1.588190429393005615e-02 1.197868360015818916e-02 1.446461372264132468e-02 1.199164000384584684e-02 1.493287886728440067e-02 1.493287886728440414e-02 8.514391781403356577e-03 1.302073709647263294e-02 1.592450822336438990e-02 1.592450822336438990e-02 9.939674686542580503e-03 8.952949330803842629e-03 1.597559037360917616e-02 1.292334894761502928e-02 1.315001054618541998e-02 1.306677323967919170e-02 9.583249575664696748e-03 7.762596684259578765e-03 1.597559037360917616e-02 2.329588118324918758e-02 1.137627887626974262e-02 2.329588118324918758e-02 1.466856117893973466e-02 1.115433202082604693e-02 1.815583279322930191e-02 1.815583279322930538e-02 1.815583279322930191e-02 2.236346442041736715e-02 1.696712065741918379e-02 1.456465720396325596e-02 1.323345644823584362e-02 1.605612459865552247e-02 9.291031921689738363e-03 1.605612459865552247e-02 1.616728441992362764e-02 1.616728441992362417e-02 1.297133770959827022e-02 1.501551605093252514e-02 1.823513478906415783e-02 1.823513478906415783e-02 1.823513478906415436e-02 1.436327500185044688e-02 1.747159465194763131e-02 1.747159465194763478e-02 1.747159465194763131e-02 1.215435264434031569e-02 1.606558899885328351e-02 1.606558899885327657e-02 1.118824469868947777e-02 1.114774262177825256e-02 9.979982130894847134e-03 1.137155126854699945e-02 3.100095007004775166e-02 3.100095007004776554e-02 2.706490755860212899e-02 1.206775025144514110e-02 1.135569750170155497e-02 1.196120053954017985e-02 1.355019143060694209e-02 1.683501844848465587e-02 1.481380115381343739e-02 1.683501844848465587e-02 1.378130706151947313e-02 1.269515594991715325e-02 1.352388400386658057e-02 1.337536157166276107e-02 1.095689637006745480e-02 1.430024715882633954e-02 1.107682982624023232e-02 2.250968244281878819e-02 1.655571298802957156e-02 1.362641985150332691e-02 1.655571298802957156e-02 1.611307212584667942e-02 1.497715894062857586e-02 1.611307212584667942e-02 1.821715331674511607e-02 1.821715331674511607e-02 1.821715331674511607e-02 1.000168265175964584e-02 1.101101531478891789e-02 1.626384337866826346e-02 1.626384337866826693e-02 1.286027951249456118e-02 1.286027951249456118e-02 1.091526554666479368e-02 1.644888891295325645e-02 1.644888891295325645e-02 1.624955622882642489e-02 1.336041434023786147e-02 1.302433981659746089e-02 2.858912350143655301e-02 2.858912350143655301e-02 1.427935634631975759e-02 1.403267759223510332e-02 1.719388807923646206e-02 1.719388807923646206e-02 1.432041087424908501e-02 1.526990602842833757e-02 1.108284566990704392e-02 2.557761929955100835e-02 1.822718318747253152e-02 1.822718318747252805e-02 1.822718318747252805e-02 2.117988962098498601e-02 2.843445552115234781e-02 2.058923120948302418e-02 1.725531771768699582e-02 1.725531771768699582e-02 2.957644360041294940e-02 2.396372382565842979e-02 2.957644360041294940e-02
1.669680197457515045e-02 1.493190327979020647e-02 0.000000000000000000e+00 2.230284591560314014e-02 2.516587143368782462e-02 2.137591014938569275e-02 1.859474894326903008e-02 2.137591014938569622e-02 2.137591014938568929e-02 1.787301516037120841e-02 2.007631373452006471e-02 2.007631373452006471e-02 1.650225043122638749e-02 1.637081674638125872e-02 2.060317936788410090e-02 1.828596173009997689e-02 1.828596173009997342e-02 2.060317936788410437e-02 1.966271266298268844e-02 1.793037678556919437e-02 2.022464461873819605e-02 1.793862730745523701e-02 3.289804598674597735e-02 1.721217252127066680e-02 2.473034548710058636e-02 2.108254232925797778e-02 2.029276172266701941e-02 2.029276172266702288e-02 1.817411441843394190e-02 1.957712094572983119e-02 1.678320499119847001e-02 1.846625443522820903e-02 1.746505196491133019e-02 1.963138656190938774e-02 1.963138656190938081e-02 1.498243649831327955e-02 1.754139880797575546e-02 1.964878674980382808e-02 1.964878674980382461e-02 1.557659400522570445e-02 1.498479034844164663e-02 1.964851306829754757e-02 1.747398887221040739e-02 1.759403917496900685e-02 1.753885522920487286e-02 1.538584723173974655e-02 1.431417829858259820e-02 1.964851306829754410e-02 2.592465335543120072e-02 1.632485356206381591e-02 2.592465335543119725e-02 1.860628941712329232e-02 1.631829583080944210e-02 2.137900917570283166e-02 2.137900917570283166e-02 2.137900917570282819e-02 2.506053501962273236e-02 2.040508817741856773e-02 1.853987354873259594e-02 1.764726885403590517e-02 1.970825108958238966e-02 1.515649731272367302e-02 1.970825108958238966e-02 1.979615529734641763e-02 1.979615529734641763e-02 1.747539168490040012e-02 1.886281572919009525e-02 2.144592690603997279e-02 2.144592690603996932e-02 2.144592690603996932e-02 1.839867703019917172e-02 2.081258729378218306e-02 2.081258729378218653e-02 2.081258729378217959e-02 1.686823619539734240e-02 1.971776459676205864e-02 1.971776459676205864e-02 1.632016298625811601e-02 1.629521207550735026e-02 1.597288298324463576e-02 1.689911116424460541e-02 3.330390737177302274e-02 3.330390737177303662e-02 2.959513147662794219e-02 1.701526392639636509e-02 1.641442023014190107e-02 1.676521805497469680e-02 1.784895725102447761e-02 2.030481509863923950e-02 1.872516501391432303e-02 2.030481509863923950e-02 1.801389037408146834e-02 1.732236891606942983e-02 1.783814450040937041e-02 1.773976305365504783e-02 1.620332857011679353e-02 1.834650119024786030e-02 1.626985524323810300e-02 2.519382851150387889e-02 2.009078935379622621e-02 1.790275086494692164e-02 2.009078935379622968e-02 1.975108425420309816e-02 1.883436507973523452e-02 1.975108425420309816e-02 1.746206106248069517e-02 1.746206106248069170e-02 1.746206106248069517e-02 1.559111881219097696e-02 1.623184665234655988e-02 1.986553633050355122e-02 1.986553633050355469e-02 1.742362096002987581e-02 1.742362096002988275e-02 1.618311634337191163e-02 2.000469580525047336e-02 2.000469580525047336e-02 1.985995564582748382e-02 1.773507410821868746e-02 1.751155637346502730e-02 3.095547613484517582e-02 3.095547613484517235e-02 1.834129479739823182e-02 1.816770600941593206e-02 2.058983546109909371e-02 2.058983546109909718e-02 1.836909609438931029e-02 1.913824930518225054e-02 1.627642813722723208e-02 2.807122882677699424e-02 2.143920281780131026e-02 2.143920281780131373e-02 2.143920281780131373e-02 2.399768616092969389e-02 3.080084352402273976e-02 2.346922406402764463e-02 2.063879079296973909e-02 2.063879079296973562e-02 3.189306711124691163e-02 2.659236554070722180e-02 3.189306711124691163e-02
1.901417353316954897e-02 1.957059195532682982e-02 2.230284591560314014e-02 0.000000000000000000e+00 2.215101140794171336e-02 2.473909219566748988e-02 2.252327217757932321e-02 2.473909219566749335e-02 2.473909219566749335e-02 2.200701015506020819e-02 2.375687282623932181e-02 2.375687282623932528e-02 2.092087065279671712e-02 2.081236497283024678e-02 2.415497767300350818e-02 2.231220455126797439e-02 2.231220455126797439e-02 2.415497767300350818e-02 2.331019269586342632e-02 2.204446578099053533e-02 2.386200806980320194e-02 2.205080957776125658e-02 3.494875152905566745e-02 2.143815961472262527e-02 2.748888136446416344e-02 2.451377238642542256e-02 2.391820622676344571e-02 2.391820622676344918e-02 2.223149452810992827e-02 2.337630673411923710e-02 2.113453698073991180e-02 2.242462358308306564e-02 2.168715101411030147e-02 2.340308050853527957e-02 2.340308050853527957e-02 1.967160709808561669e-02 2.175524473174607343e-02 2.342968950483803603e-02 2.342968950483803603e-02 2.016753521969871094e-02 1.967617720002004869e-02 2.343018206350802254e-02 2.170240859457955862e-02 2.179659609132446677e-02 2.175404240756036514e-02 2.001765031359493616e-02 1.910441829167151481e-02 2.343018206350802254e-02 2.857667137462903059e-02 2.072295090747487689e-02 2.857667137462903059e-02 2.253202886911088998e-02 2.078086911699809219e-02 2.474145007175861458e-02 2.474145007175861805e-02 2.474145007175861458e-02 2.785266058307024964e-02 2.398000281769442285e-02 2.249668462806108521e-02 2.183763473024549068e-02 2.347561131236030468e-02 1.981535006509108771e-02 2.347561131236030468e-02 2.354376415609655063e-02 2.354376415609655063e-02 2.170195349610936145e-02 2.272549529740714933e-02 2.479228899150693471e-02 2.479228899150693124e-02 2.479228899150693124e-02 2.239563852931613502e-02 2.430960189910378808e-02 2.430960189910379501e-02 2.430960189910379501e-02 2.118646721700118488e-02 2.348519530460853669e-02 2.348519530460853322e-02 2.077620234385393200e-02 2.075692075744808157e-02 2.050245565454979907e-02 2.125794110973422066e-02 3.538986164109244464e-02 3.538986164109245158e-02 3.192503940211832703e-02 2.135497325368834395e-02 2.084632903095644252e-02 2.111688055834177319e-02 2.198793839440561435e-02 2.392699988250455295e-02 2.264329846244049829e-02 2.392699988250455295e-02 2.212032446144300210e-02 2.159526863293505586e-02 2.198339061864269806e-02 2.190924649855545067e-02 2.068943193789575183e-02 2.234549377687124194e-02 2.074143652319277928e-02 2.796394866395727000e-02 2.376778459078048716e-02 2.202946475920091948e-02 2.376778459078049063e-02 2.350858025738129450e-02 2.270455102720010665e-02 2.350858025738129103e-02 2.468696390014903444e-02 2.468696390014903444e-02 2.468696390014903444e-02 2.017931368465854594e-02 2.071152981407111890e-02 2.359589135398490814e-02 2.359589135398490814e-02 2.167295585058635204e-02 2.167295585058635551e-02 2.067416628797037401e-02 2.369973176179808808e-02 2.369973176179808808e-02 2.359689532542297297e-02 2.190675381895514431e-02 2.173156412613055574e-02 3.315052659556378539e-02 3.315052659556377845e-02 2.235439297571706341e-02 2.222197214195692147e-02 2.414504423340142411e-02 2.414504423340142758e-02 2.237413121915767314e-02 2.304536690439432448e-02 2.074750556228766030e-02 3.047985065980426608e-02 2.478721718416176945e-02 2.478721718416176945e-02 2.478721718416176945e-02 2.697085067853823709e-02 3.300611987718421458e-02 2.653851316623010922e-02 2.418152123096786038e-02 2.418152123096786038e-02 3.201567033253750055e-02 2.426771615610122390e-02 3.201567033253749361e-02
2.160896618010294326e-02 2.284871689087732138e-02 2.516587143368782462e-02 2.215101140794171336e-02 0.000000000000000000e+00 2.739958692265382148e-02 2.546981945924372409e-02 2.739958692265382495e-02 2.739958692265382148e-02 2.503320808941412665e-02 2.655866821701586070e-02 2.655866821701586764e-02 2.408116177823049764e-02 2.398447977473615322e-02 2.689877755003841284e-02 2.529333729389056720e-02 2.529333729389056720e-02 2.689877755003841284e-02 2.614837483121205605e-02 2.506485435928061320e-02 2.664871877356225771e-02 2.507033025482198474e-02 3.677554350839282171e-02 2.452658566406567750e-02 2.986600520839613471e-02 2.720830499094488777e-02 2.669637572076877935e-02 2.669637572076878629e-02 2.522536470708200418e-02 2.623359691736924099e-02 2.426618348344265416e-02 2.539202562375955305e-02 2.475308954334188433e-02 2.624817694830597001e-02 2.624817694830597348e-02 2.296377569725308737e-02 2.481648588614608283e-02 2.627803397160211746e-02 2.627803397160211746e-02 2.341095613373923509e-02 2.296903028960184390e-02 2.627881496974784209e-02 2.477157209044611452e-02 2.485244623472500705e-02 2.481579389252724921e-02 2.327911897258693949e-02 2.244786708570860670e-02 2.627881496974784209e-02 3.082797065103131534e-02 2.389265069414461470e-02 3.082797065103131534e-02 2.547733484310870863e-02 2.395983988251815244e-02 2.740161733820919987e-02 2.740161733820919987e-02 2.740161733820919987e-02 3.017098616585358814e-02 2.674576014881989428e-02 2.545173125714996973e-02 2.488810174418107715e-02 2.631770404131056687e-02 2.309316299447331661e-02 2.631770404131056687e-02 2.637635115686715048e-02 2.637635115686714701e-02 2.476974886364527104e-02 2.564306140321672908e-02 2.744542706445700364e-02 2.744542706445700017e-02 2.744542706445700364e-02 2.536460921882574548e-02 2.703052820172940907e-02 2.703052820172941254e-02 2.703052820172941254e-02 2.430769340136037376e-02 2.632655228360342159e-02 2.632655228360342506e-02 2.395383189902039467e-02 2.393711953734333278e-02 2.371295893631228391e-02 2.438403680876387314e-02 3.727001855685590365e-02 3.727001855685591059e-02 3.400253481470035671e-02 2.447135963075659087e-02 2.401411664231492549e-02 2.424954682476995402e-02 2.501682956128451277e-02 2.670363842020679820e-02 2.557719655923539059e-02 2.670363842020679473e-02 2.513278416219272629e-02 2.468079876668542380e-02 2.501366915850036787e-02 2.495071055985115943e-02 2.387939054192394356e-02 2.532101890179532314e-02 2.392483363309799715e-02 3.027095735600672521e-02 2.656799043699059615e-02 2.505249161823742271e-02 2.656799043699059615e-02 2.634620967394438185e-02 2.562522610274333909e-02 2.634620967394437838e-02 2.732029284963335622e-02 2.732029284963335622e-02 2.732029284963335969e-02 2.342150187536006650e-02 2.389868968310873004e-02 2.642079903330248752e-02 2.642079903330248752e-02 2.474794459546411987e-02 2.474794459546411987e-02 2.386617203443032464e-02 2.650953253887560618e-02 2.650953253887560618e-02 2.642286322864106224e-02 2.494810037213220089e-02 2.479572457533919111e-02 3.511170381043610816e-02 3.511170381043610123e-02 2.532962636600770770e-02 2.521577968026302019e-02 2.689032327745715170e-02 2.689032327745715864e-02 2.534627717291388846e-02 2.595040007336445881e-02 2.393044399638789843e-02 3.259727952259214301e-02 2.744105096721063952e-02 2.744105096721063952e-02 2.744105096721063952e-02 2.938700319328770363e-02 3.497814947821806242e-02 2.900577479934941458e-02 2.692144301692859024e-02 2.692144301692859024e-02 3.539049543406889986e-02 3.001358413757956173e-02 3.539049543406887904e-02
2.112486690897567160e-02 1.815215237212155011e-02 2.137591014938569275e-02 2.473909219566748988e-02 2.739958692265382148e-02 0.000000000000000000e+00 1.734246090321487840e-02 1.833662561267907984e-02 1.833662561267908331e-02 2.056773352017900527e-02 2.243739365196564459e-02 2.243739365196564806e-02 1.941603663238756008e-02 1.930319726305729580e-02 2.287873721459405055e-02 2.090242445858311177e-02 2.090242445858311177e-02 2.287873721459405402e-02 2.203766243144332504e-02 2.061159490144640755e-02 2.255866188827649818e-02 2.061623839247163012e-02 3.428470723714426016e-02 1.998742457181612239e-02 2.657935948216216468e-02 2.328495548541993990e-02 2.261739251466975478e-02 2.261739251466975478e-02 2.081292268547665567e-02 2.202143001110590248e-02 1.964557653287165098e-02 2.104623218497285106e-02 2.024414180716958486e-02 2.208030361415939252e-02 2.208030361415939599e-02 1.811654909465792995e-02 2.029668698737988053e-02 2.208075348000717100e-02 2.208075348000717100e-02 1.862675274246504420e-02 1.811476179186215577e-02 2.207964697779016619e-02 2.024119162289641366e-02 2.033982129763307889e-02 2.029284901734188656e-02 1.846772340562898365e-02 1.752427498060608532e-02 2.207964697779016966e-02 2.765659550075557152e-02 1.923117095140142521e-02 2.765659550075556805e-02 2.115564340435512752e-02 1.926586418316005023e-02 2.353870486167768811e-02 2.353870486167768811e-02 2.353870486167768811e-02 2.685618195918494308e-02 2.270281402796773401e-02 2.110889090287057512e-02 2.038380601443674778e-02 2.212948124509638015e-02 1.826005985187301173e-02 2.212948124509637668e-02 2.220356433732227283e-02 2.220356433732226936e-02 2.023989757340787302e-02 2.136821915619867285e-02 2.359638973223480984e-02 2.359638973223480984e-02 2.359638973223480984e-02 2.099434799521845627e-02 2.305384508890016490e-02 2.305384508890016490e-02 2.305384508890016490e-02 1.970504442536916145e-02 2.213882591181818779e-02 2.213882591181818779e-02 1.926308326564272339e-02 1.924252117787854377e-02 1.898245279106074157e-02 1.977687371460642649e-02 3.474477123719066363e-02 3.474477123719067057e-02 3.119577033965500318e-02 1.986768021591192243e-02 1.933903883788846284e-02 1.962802364045743847e-02 2.054760579839040938e-02 2.262717492097927885e-02 2.126439826001506883e-02 2.262717492097927885e-02 2.068750341434543935e-02 2.012074754616218278e-02 2.053865561311597407e-02 2.046070104911179577e-02 1.916757392845865743e-02 2.094418171802075665e-02 1.920085788484459863e-02 2.697788677835866525e-02 2.244940626402827308e-02 2.059203172641142082e-02 2.244940626402827308e-02 2.216544685438180673e-02 2.134482653291404006e-02 2.216544685438180673e-02 2.359815970254924497e-02 2.359815970254925191e-02 2.359815970254925191e-02 1.862433052292054858e-02 1.892488317560174493e-02 2.225804466287515174e-02 2.225804466287515521e-02 2.020441179795787884e-02 2.020441179795788231e-02 1.915296538885364122e-02 2.237632373121200419e-02 2.237632373121200419e-02 2.225908012530879165e-02 2.045732102821940998e-02 2.027076691160488442e-02 3.245391452258875042e-02 3.245391452258874349e-02 2.094817480525268047e-02 2.080475858016052337e-02 2.286756730473952018e-02 2.286756730473952365e-02 2.097038068129796623e-02 2.161460471047086523e-02 1.920689841678216436e-02 2.968531914780084269e-02 2.359059073559752542e-02 2.359059073559752542e-02 2.359059073559752542e-02 2.589185204501536983e-02 3.230413456035359510e-02 2.541893493003886256e-02 2.290861794001572763e-02 2.290861794001572416e-02 3.339485076090115828e-02 2.840494344597473478e-02 3.339485076090114440e-02
1.828397576522850995e-02 1.465281751221479169e-02 1.859474894326903008e-02 2.252327217757932321e-02 2.546981945924372409e-02 1.734246090321487840e-02 0.000000000000000000e+00 1.734246090321487840e-02 1.734246090321487840e-02 1.756253439524311025e-02 1.981555723291940005e-02 1.981555723291940699e-02 1.615772943638732820e-02 1.602410333740990345e-02 2.035581903699086245e-02 1.798884561327917728e-02 1.798884561327917381e-02 2.035581903699086245e-02 1.940370664172831952e-02 1.762082913117758720e-02 1.996648707722918983e-02 1.761895312477745890e-02 3.275968227427353968e-02 1.689276409227800924e-02 2.454144097302778452e-02 2.084401914223779628e-02 2.003789932071614252e-02 2.003789932071614599e-02 1.787298138651206500e-02 1.930336302804495918e-02 1.644744715809345545e-02 1.817717628647346623e-02 1.715664620014725750e-02 1.937699317780721547e-02 1.937699317780721894e-02 1.461065854411629228e-02 1.722151648598738843e-02 1.937773345723321425e-02 1.937773345723321078e-02 1.521203775073786367e-02 1.460796728849567128e-02 1.937535636781621134e-02 1.715249922717437467e-02 1.727483481893635556e-02 1.721096123605109218e-02 1.501507058780449967e-02 1.392741215136106964e-02 1.937535636781621134e-02 2.574820310599726034e-02 1.598634429411200514e-02 2.574820310599726034e-02 1.832154854471708394e-02 1.596788463214717652e-02 2.114923416816829119e-02 2.114923416816829119e-02 2.114923416816829119e-02 2.487575978911159627e-02 2.015564701593379124e-02 1.825017185499243702e-02 1.732916585538110676e-02 1.943738168489148044e-02 1.478080638390408784e-02 1.943738168489148044e-02 1.952805716567824687e-02 1.952805716567824340e-02 1.715356504463039222e-02 1.858498618666699215e-02 2.121750402784273321e-02 2.121750402784272974e-02 2.121750402784272974e-02 1.810510653059328040e-02 2.056877211650767756e-02 2.056877211650768103e-02 2.056877211650768103e-02 1.652779213750667914e-02 1.944732264372562094e-02 1.944732264372561747e-02 1.597105123388421408e-02 1.594514624599533206e-02 1.562101800103227189e-02 1.656903974928084985e-02 3.316063281066150559e-02 3.316063281066151947e-02 2.943464466099427260e-02 1.668014036108798545e-02 1.606873065140954765e-02 1.642961787275819263e-02 1.753789863039140196e-02 2.005032609147856804e-02 1.844065695287780068e-02 2.005032609147856804e-02 1.770632214695588152e-02 1.699177913857999669e-02 1.751548983010504934e-02 1.742349810629359452e-02 1.584045736275225755e-02 1.803971875097036548e-02 1.580407843141870897e-02 2.500788032719717183e-02 1.983038444342139980e-02 1.759314136730157421e-02 1.983038444342140327e-02 1.948137546918190383e-02 1.855570163838556053e-02 1.948137546918190383e-02 2.121959999287479498e-02 2.121959999287479498e-02 2.121959999287479498e-02 1.515593713180238798e-02 1.473885163249283141e-02 1.958651684141961280e-02 1.958651684141961280e-02 1.709818131791547222e-02 1.709818131791547222e-02 1.582901335735642512e-02 1.974247675102951127e-02 1.974247675102951474e-02 1.959277981422124365e-02 1.741958922200478183e-02 1.719035648453710874e-02 3.080584365655140988e-02 3.080584365655140641e-02 1.804572096371862694e-02 1.786730402996749081e-02 2.034213188258264873e-02 2.034213188258265220e-02 1.807453171105802628e-02 1.866415612250403588e-02 1.581034198630377335e-02 2.790863407928640197e-02 2.121064018320817715e-02 2.121064018320817715e-02 2.121064018320817715e-02 2.380050030946688835e-02 3.065065332074446564e-02 2.326424916172017618e-02 2.039234910424585212e-02 2.039234910424585212e-02 3.177630583409807308e-02 2.650224395341839456e-02 3.177630583409806614e-02
2.112486690897567507e-02 1.815215237212155011e-02 2.137591014938569622e-02 2.473909219566749335e-02 2.739958692265382495e-02 1.833662561267907984e-02 1.734246090321487840e-02 0.000000000000000000e+00 1.833662561267907984e-02 2.056773352017900527e-02 2.243739365196564459e-02 2.243739365196564459e-02 1.941603663238755662e-02 1.930319726305729580e-02 2.287873721459405402e-02 2.090242445858311177e-02 2.090242445858311177e-02 2.287873721459405402e-02 2.203766243144332504e-02 2.061159490144640408e-02 2.255866188827649124e-02 2.061623839247163012e-02 3.428470723714426016e-02 1.998742457181611892e-02 2.657935948216216468e-02 2.328495548541993990e-02 2.261739251466975478e-02 2.261739251466975478e-02 2.081292268547665567e-02 2.202143001110590595e-02 1.964557653287165098e-02 2.104623218497285106e-02 2.024414180716958486e-02 2.208030361415939599e-02 2.208030361415939252e-02 1.811654909465793689e-02 2.029668698737988053e-02 2.208075348000717100e-02 2.208075348000717100e-02 1.862675274246504420e-02 1.811476179186215577e-02 2.207964697779016619e-02 2.024119162289641366e-02 2.033982129763308236e-02 2.029284901734188656e-02 1.846772340562898365e-02 1.752427498060608185e-02 2.207964697779016966e-02 2.765659550075557152e-02 1.923117095140142521e-02 2.765659550075556805e-02 2.115564340435513099e-02 1.926586418316005023e-02 2.353870486167768811e-02 2.353870486167768811e-02 2.353870486167768811e-02 2.685618195918493961e-02 2.270281402796773401e-02 2.110889090287057512e-02 2.038380601443674431e-02 2.212948124509638015e-02 1.826005985187301173e-02 2.212948124509637668e-02 2.220356433732227283e-02 2.220356433732227283e-02 2.023989757340787302e-02 2.136821915619867285e-02 2.359638973223481331e-02 2.359638973223480984e-02 2.359638973223480637e-02 2.099434799521845973e-02 2.305384508890016490e-02 2.305384508890016490e-02 2.305384508890016490e-02 1.970504442536916145e-02 2.213882591181818432e-02 2.213882591181818432e-02 1.926308326564272339e-02 1.924252117787854377e-02 1.898245279106073810e-02 1.977687371460642649e-02 3.474477123719066363e-02 3.474477123719067057e-02 3.119577033965500318e-02 1.986768021591192243e-02 1.933903883788846284e-02 1.962802364045744194e-02 2.054760579839040938e-02 2.262717492097927885e-02 2.126439826001506883e-02 2.262717492097927885e-02 2.068750341434543935e-02 2.012074754616218278e-02 2.053865561311597754e-02 2.046070104911179577e-02 1.916757392845866090e-02 2.094418171802075665e-02 1.920085788484459516e-02 2.697788677835866525e-02 2.244940626402826614e-02 2.059203172641142082e-02 2.244940626402827308e-02 2.216544685438181020e-02 2.134482653291404006e-02 2.216544685438180326e-02 2.359815970254924844e-02 2.359815970254925191e-02 2.359815970254924497e-02 1.862433052292054858e-02 1.892488317560174493e-02 2.225804466287515174e-02 2.225804466287515521e-02 2.020441179795787884e-02 2.020441179795787884e-02 1.915296538885364122e-02 2.237632373121200419e-02 2.237632373121200419e-02 2.225908012530879165e-02 2.045732102821940998e-02 2.027076691160488095e-02 3.245391452258875736e-02 3.245391452258875042e-02 2.094817480525267700e-02 2.080475858016052337e-02 2.286756730473952018e-02 2.286756730473952365e-02 2.097038068129796276e-02 2.161460471047086870e-02 1.920689841678216436e-02 2.968531914780084963e-02 2.359059073559752542e-02 2.359059073559752542e-02 2.359059073559752542e-02 2.589185204501536983e-02 3.230413456035359510e-02 2.541893493003886256e-02 2.290861794001572763e-02 2.290861794001572763e-02 3.339485076090115828e-02 2.840494344597473478e-02 3.339485076090114440e-02
2.112486690897567160e-02 1.815215237212155011e-02 2.137591014938568929e-02 2.473909219566749335e-02 2.739958692265382148e-02 1.833662561267908331e-02 1.734246090321487840e-02 1.833662561267907984e-02 0.000000000000000000e+00 2.056773352017900180e-02 2.243739365196564459e-02 2.243739365196564806e-02 1.941603663238755662e-02 1.930319726305728886e-02 2.287873721459405749e-02 2.090242445858311177e-02 2.090242445858311177e-02 2.287873721459405055e-02 2.203766243144332157e-02 2.061159490144640408e-02 2.255866188827649818e-02 2.061623839247162665e-02 3.428470723714426016e-02 1.998742457181611892e-02 2.657935948216216468e-02 2.328495548541993990e-02 2.261739251466975478e-02 2.261739251466975478e-02 2.081292268547665567e-02 2.202143001110590248e-02 1.964557653287165098e-02 2.104623218497285453e-02 2.024414180716957792e-02 2.208030361415939252e-02 2.208030361415939252e-02 1.811654909465793342e-02 2.029668698737988053e-02 2.208075348000717100e-02 2.208075348000716753e-02 1.862675274246504420e-02 1.811476179186215577e-02 2.207964697779016619e-02 2.024119162289641019e-02 2.033982129763307195e-02 2.029284901734188309e-02 1.846772340562898365e-02 1.752427498060608185e-02 2.207964697779016966e-02 2.765659550075557152e-02 1.923117095140142174e-02 2.765659550075557152e-02 2.115564340435513099e-02 1.926586418316005023e-02 2.353870486167768811e-02 2.353870486167768811e-02 2.353870486167768811e-02 2.685618195918494308e-02 2.270281402796773054e-02 2.110889090287057165e-02 2.038380601443674778e-02 2.212948124509637668e-02 1.826005985187301173e-02 2.212948124509637668e-02 2.220356433732227283e-02 2.220356433732226936e-02 2.023989757340787302e-02 2.136821915619866938e-02 2.359638973223480984e-02 2.359638973223480637e-02 2.359638973223480637e-02 2.099434799521845627e-02 2.305384508890016490e-02 2.305384508890016490e-02 2.305384508890016490e-02 1.970504442536915798e-02 2.213882591181818432e-02 2.213882591181818432e-02 1.926308326564271992e-02 1.924252117787854377e-02 1.898245279106073810e-02 1.977687371460642649e-02 3.474477123719067057e-02 3.474477123719067057e-02 3.119577033965500318e-02 1.986768021591192243e-02 1.933903883788845937e-02 1.962802364045743847e-02 2.054760579839040938e-02 2.262717492097927538e-02 2.126439826001506883e-02 2.262717492097927885e-02 2.068750341434543588e-02 2.012074754616217931e-02 2.053865561311597754e-02 2.046070104911179577e-02 1.916757392845865396e-02 2.094418171802075665e-02 1.920085788484459863e-02 2.697788677835866178e-02 2.244940626402826961e-02 2.059203172641142082e-02 2.244940626402826961e-02 2.216544685438180673e-02 2.134482653291404006e-02 2.216544685438180326e-02 2.359815970254924497e-02 2.359815970254924844e-02 2.359815970254924497e-02 1.862433052292054858e-02 1.892488317560174146e-02 2.225804466287515174e-02 2.225804466287515174e-02 2.020441179795787884e-02 2.020441179795787884e-02 1.915296538885364122e-02 2.237632373121200419e-02 2.237632373121200072e-02 2.225908012530878818e-02 2.045732102821940651e-02 2.027076691160488095e-02 3.245391452258875736e-02 3.245391452258874349e-02 2.094817480525268047e-02 2.080475858016052337e-02 2.286756730473952018e-02 2.286756730473952365e-02 2.097038068129795582e-02 2.161460471047086523e-02 1.920689841678216436e-02 2.968531914780084269e-02 2.359059073559752542e-02 2.359059073559752542e-02 2.359059073559752542e-02 2.589185204501536983e-02 3.230413456035359510e-02 2.541893493003885562e-02 2.290861794001572763e-02 2.290861794001572416e-02 3.339485076090115828e-02 2.840494344597473478e-02 3.339485076090114440e-02
1.753801396951071290e-02 1.357922509998020326e-02 1.787301516037120841e-02 2.200701015506020819e-02 2.503320808941412665e-02 2.056773352017900527e-02 1.756253439524311025e-02 2.056773352017900527e-02 2.056773352017900180e-02 0.000000000000000000e+00 1.636749631536917743e-02 1.636749631536917743e-02 1.402518175798528853e-02 1.327491722492044578e-02 1.972029675040480601e-02 1.719208866506110461e-02 1.719208866506110461e-02 1.972029675040480948e-02 1.875081744024415312e-02 1.678744175001445002e-02 1.930521086996318803e-02 1.679674097781502437e-02 3.243076104818731764e-02 1.603221880156732032e-02 2.408212547638124632e-02 2.024949596097281104e-02 1.937706268863053152e-02 1.937706268863054193e-02 1.706100542810326179e-02 1.836127220283021930e-02 1.536233584702004738e-02 1.723439111048127165e-02 1.625056080026801575e-02 1.865046920346968840e-02 1.865046920346968840e-02 1.345419909245522926e-02 1.630709630263489293e-02 1.863754184684036572e-02 1.863754184684036572e-02 1.406404740869296455e-02 1.353591181356297683e-02 1.865216816451759768e-02 1.625984924926917111e-02 1.638823108378815660e-02 1.632636026575676191e-02 1.395845434156410721e-02 1.282335059022732607e-02 1.865216816451759768e-02 2.531853434347131407e-02 1.506625461536618277e-02 2.531853434347131754e-02 1.757542366715578522e-02 1.497308839222038016e-02 2.057109088600652877e-02 2.057109088600652877e-02 2.057109088600652530e-02 2.442328776579446442e-02 1.951749261701163710e-02 1.748918689220128886e-02 1.644929763760970276e-02 1.871965294387165427e-02 1.372566448773901264e-02 1.871965294387165427e-02 1.879859669604325850e-02 1.879859669604325156e-02 1.624261564142745820e-02 1.786208225321895757e-02 2.064353507803839277e-02 2.064353507803839624e-02 2.064353507803839277e-02 1.732163423626655735e-02 1.995389056367301989e-02 1.995389056367301989e-02 1.995389056367301989e-02 1.562911781059407243e-02 1.872791399498145368e-02 1.872791399498145368e-02 1.498373748842057353e-02 1.495576620682823044e-02 1.459559425108794897e-02 1.560326752310256873e-02 3.281905048274032927e-02 3.281905048274033621e-02 2.904838601996827946e-02 1.572380755698030153e-02 1.509352062627940423e-02 1.549705437534865289e-02 1.668583459235925201e-02 1.939056248619535142e-02 1.769014641822690831e-02 1.939056248619535142e-02 1.686545557947361634e-02 1.606780440474378166e-02 1.666711506393949230e-02 1.655055748341705338e-02 1.484479550701031138e-02 1.727603523905842792e-02 1.492030470648019261e-02 2.456191679549326462e-02 1.914527466830560909e-02 1.672840917396069618e-02 1.914527466830561256e-02 1.876794381327396774e-02 1.783004194014956023e-02 1.876794381327396774e-02 2.064576624764573320e-02 2.064576624764573667e-02 2.064576624764573320e-02 1.419113592711071514e-02 1.487804514495397017e-02 1.889615011079192469e-02 1.889615011079192469e-02 1.618448814454277740e-02 1.618448814454277740e-02 1.482139458882012276e-02 1.905517594727942216e-02 1.905517594727942216e-02 1.888408343214545079e-02 1.654604863875820328e-02 1.629650447989043280e-02 3.044844244752587664e-02 3.044844244752586970e-02 1.722837883779161985e-02 1.692002652516279640e-02 1.967674138252799645e-02 1.967674138252800339e-02 1.728424932470778302e-02 1.806896587820789810e-02 1.492643396652938194e-02 2.748484303917523436e-02 2.063626121476587125e-02 2.063626121476586778e-02 2.063626121476587125e-02 2.331134360403622902e-02 3.028229663913095671e-02 2.272905619277443973e-02 1.975940673738829645e-02 1.975940673738829298e-02 3.142668094097918891e-02 2.608054434620641487e-02 3.142668094097918197e-02
1.979869608904847797e-02 1.653446013922226648e-02 2.007631373452006471e-02 2.375687282623932181e-02 2.655866821701586070e-02 2.243739365196564459e-02 1.981555723291940005e-02 2.243739365196564459e-02 2.243739365196564459e-02 1.636749631536917743e-02 0.000000000000000000e+00 1.748048298510554086e-02 1.765069467259521713e-02 1.582539977787714158e-02 2.168840829475518830e-02 1.951731005846354949e-02 1.951731005846354602e-02 2.168840829475518830e-02 2.083503068576369674e-02 1.919010934218975256e-02 2.133016569675199106e-02 1.919770450450882654e-02 3.366774459592324770e-02 1.854190961610537730e-02 2.571555395719773637e-02 2.215573609464564428e-02 2.139165945508259697e-02 2.139165945508260391e-02 1.941295572225362406e-02 2.066804504942140741e-02 1.810927279373899731e-02 1.966847897410589283e-02 1.876002234112449790e-02 2.077476675865550307e-02 2.077476675865550307e-02 1.641327855706174038e-02 1.880194906224429835e-02 2.075827343861005175e-02 2.075827343861005175e-02 1.692161163111320296e-02 1.649911304384011831e-02 2.077691377950661999e-02 1.876933014922171211e-02 1.887463449532122625e-02 1.882460414970886509e-02 1.686603137262399077e-02 1.588333866617057388e-02 2.077691377950661653e-02 2.683175188081672255e-02 1.773036198460598012e-02 2.683175188081672602e-02 1.982634583978440390e-02 1.771275727305837017e-02 2.244040524459349831e-02 2.244040524459349831e-02 2.244040524459349831e-02 2.597955785397986980e-02 2.151059150168621939e-02 1.976120932069237029e-02 1.892381346369328976e-02 2.083345789444362647e-02 1.665485512022448281e-02 2.083345789444362300e-02 2.089281659652823461e-02 2.089281659652822767e-02 1.874959299093952036e-02 2.006708893244543712e-02 2.250549980376629830e-02 2.250549980376630177e-02 2.250549980376629830e-02 1.962334064027534616e-02 2.189240794712404500e-02 2.189240794712404847e-02 2.189240794712404500e-02 1.821672884500738498e-02 2.084164155888937678e-02 2.084164155888937678e-02 1.771416097752545257e-02 1.769188974972728604e-02 1.740663769541716741e-02 1.825022609225121148e-02 3.411706531362296291e-02 3.411706531362296985e-02 3.048544734038672113e-02 1.834875324703242119e-02 1.779963730248215054e-02 1.811954084118981220e-02 1.911095160019567890e-02 2.140295535050213208e-02 1.992880535075751067e-02 2.140295535050213208e-02 1.926166348880257312e-02 1.862617054157418225e-02 1.909906652885172071e-02 1.900938203745022176e-02 1.760872816688411821e-02 1.958290329404669544e-02 1.766878118691758703e-02 2.611050933254214015e-02 2.119584194300200286e-02 1.915644881129519028e-02 2.119584194300200286e-02 2.087426218483306312e-02 2.004014071850769227e-02 2.087426218483306312e-02 2.250750334628275756e-02 2.250750334628276103e-02 2.250750334628275756e-02 1.705156119990413471e-02 1.763463256798975323e-02 2.098233539360013986e-02 2.098233539360013639e-02 1.871861648704296541e-02 1.871861648704296541e-02 1.759040711512724689e-02 2.111646164343735504e-02 2.111646164343735504e-02 2.097466700295178704e-02 1.900354524200927042e-02 1.879930149587341962e-02 3.178842763967543866e-02 3.178842763967543172e-02 1.956381952430513715e-02 1.938080024355027728e-02 2.166959259786223682e-02 2.166959259786224029e-02 1.959465468872356037e-02 2.029648899370820048e-02 1.767475036071242470e-02 2.893669643903014344e-02 2.249894151856944580e-02 2.249894151856944580e-02 2.249894151856944233e-02 2.494011947943073140e-02 3.163171444811024163e-02 2.441980847240664970e-02 2.172285604640517009e-02 2.172285604640516662e-02 3.274694697326192838e-02 2.761635605007781158e-02 3.274694697326192838e-02
