0.000000000000000000e+00 1.392746610906892869e-02 1.669680197455093024e-02 1.901417353307882988e-02 2.160896618006968861e-02 2.112486690895710312e-02 1.828397576520569487e-02 2.112486690895710312e-02 2.112486690895710312e-02 1.753801396948822394e-02 1.979869608902851824e-02 1.979869608902852518e-02 1.612655982097024182e-02 1.598974662753722617e-02 2.033831253740044434e-02 1.796549805971649899e-02 1.796549805971649552e-02 2.033831253740044781e-02 1.937420397246686007e-02 1.759696336580373471e-02 1.994927324098559260e-02 1.760547712073045820e-02 3.274158128780125382e-02 1.685931873846706341e-02 2.451335530378326300e-02 2.082511697205299134e-02 2.002035123407135478e-02 2.002035123407136172e-02 1.784934257581531278e-02 1.928543069882915698e-02 1.641762907566010968e-02 1.814562504222113140e-02 1.702763744838871676e-02 1.923231507533037718e-02 1.923231507533037024e-02 1.453756024659450495e-02 1.719085442617626289e-02 1.935490087709016566e-02 1.935490087709016566e-02 1.517452261239053517e-02 1.457089716038623139e-02 1.935987057765287817e-02 1.712028975082981186e-02 1.724958168551747606e-02 1.719251864271409067e-02 1.497936195323032113e-02 1.388495629534212440e-02 1.935987057765288510e-02 2.572670554995287739e-02 1.595094663152057599e-02 2.572670554995288086e-02 1.829583939594410860e-02 1.593597333142909508e-02 2.112801312638304049e-02 2.112801312638304049e-02 2.112801312638303702e-02 2.485738509548062261e-02 2.013397722208259272e-02 1.822599579501365738e-02 1.730458972704863180e-02 1.942133058557497099e-02 1.474769971450865490e-02 1.942133058557497099e-02 1.951117036723352266e-02 1.951117036723352613e-02 1.712692071328962562e-02 1.855940264325984038e-02 2.119591556909219618e-02 2.119591556909219965e-02 2.119591556909219618e-02 1.808167008288347893e-02 2.055173973640969654e-02 2.055173973640970000e-02 2.055173973640969654e-02 1.650761841303432023e-02 1.943089082023888997e-02 1.943089082023889691e-02 1.593905376596621570e-02 1.591337846423320282e-02 1.553254824390242969e-02 1.646950096465962798e-02 3.313948821250615323e-02 3.313948821250615323e-02 2.941024942962210814e-02 1.663927150349538489e-02 1.603627335758243955e-02 1.639997752716134197e-02 1.751334603550282892e-02 2.003304732409310132e-02 1.841759278277462289e-02 2.003304732409310132e-02 1.768288243912826199e-02 1.696714376787897272e-02 1.750195429643506065e-02 1.739965924353893342e-02 1.581745924560670757e-02 1.802702433198951140e-02 1.588626912643355607e-02 2.499172467871427911e-02 1.981379001030765530e-02 1.756896733467445959e-02 1.981379001030765183e-02 1.946523557714055497e-02 1.853018821097713459e-02 1.946523557714056191e-02 2.072524691987297912e-02 2.072524691987297912e-02 2.072524691987297565e-02 1.519163777864838451e-02 1.584701190637733195e-02 1.958286799163664466e-02 1.958286799163664466e-02 1.707196925924677963e-02 1.707196925924677963e-02 1.579649869960586886e-02 1.972536754736480685e-02 1.972536754736480685e-02 1.957683928171191287e-02 1.739508043438368554e-02 1.716435357498722822e-02 3.078423201414352828e-02 3.078423201414352134e-02 1.802250933760714963e-02 1.784353107292882892e-02 2.032467931552278326e-02 2.032467931552279020e-02 1.805122414814069529e-02 1.883395198894072600e-02 1.589288274293095687e-02 2.788587053306444338e-02 2.118910174127069598e-02 2.118910174127069598e-02 2.118910174127069251e-02 2.378381511071226903e-02 3.062892840714239243e-02 2.325018382191304869e-02 2.037462601935126350e-02 2.037462601935126696e-02 3.148014522725428588e-02 2.573632281956125811e-02 3.148014522725427200e-02
1.392746610906892869e-02 0.000000000000000000e+00 1.493190327977715788e-02 1.957059195521294870e-02 2.284871689082372190e-02 1.815215237212007560e-02 1.465281751221363463e-02 1.815215237212008254e-02 1.815215237212007560e-02 1.357922509998309504e-02 1.653446013922296037e-02 1.653446013922296037e-02 1.149313025827213702e-02 1.126384812084781778e-02 1.721064663003845502e-02 1.420108976623095549e-02 1.420108976623095549e-02 1.721064663003846196e-02 1.604761134806341472e-02 1.368270182959880829e-02 1.673615079376873302e-02 1.369476389731182596e-02 3.070646507433905104e-02 1.269725659130170083e-02 2.189089012128803136e-02 1.780048680473329467e-02 1.681995794900716101e-02 1.681995794900716101e-02 1.403492288849264406e-02 1.588190429400469783e-02 1.197868360019868281e-02 1.446461372312254044e-02 1.199164000384576358e-02 1.493287886728442322e-02 1.493287886728441281e-02 8.514391781402751158e-03 1.302073709647250457e-02 1.592450822336448010e-02 1.592450822336448357e-02 9.939674686542143353e-03 8.952949330802949246e-03 1.597559037360895412e-02 1.292334894761465805e-02 1.315001054618505222e-02 1.306677323967881527e-02 9.583249575664091330e-03 7.762596684258410429e-03 1.597559037360895412e-02 2.329588118313796752e-02 1.137627887623359965e-02 2.329588118313797099e-02 1.466856117893976588e-02 1.115433202082569131e-02 1.815583279322951354e-02 1.815583279322951354e-02 1.815583279322951354e-02 2.236346442040559532e-02 1.696712065740873729e-02 1.456465720395590767e-02 1.323345644823545678e-02 1.605612459865524491e-02 9.291031921688905695e-03 1.605612459865524491e-02 1.616728441992374213e-02 1.616728441992374560e-02 1.297133770959764051e-02 1.501551605093052501e-02 1.823513478906191657e-02 1.823513478906191657e-02 1.823513478906191310e-02 1.436327500184880930e-02 1.747159465194381839e-02 1.747159465194381839e-02 1.747159465194381839e-02 1.215435264433737880e-02 1.606558899885259309e-02 1.606558899885259656e-02 1.118824469868840744e-02 1.114774262177556548e-02 9.979982130894151510e-03 1.137155126854636107e-02 3.100095008703818850e-02 3.100095008703818850e-02 2.706490757483894644e-02 1.206775025144443507e-02 1.135569750170060087e-02 1.196120053953885799e-02 1.355019143059883573e-02 1.683501844848406606e-02 1.481380115381255615e-02 1.683501844848406606e-02 1.378130706151788412e-02 1.269515594991683059e-02 1.352388400386590576e-02 1.337536157166327282e-02 1.095689637006692918e-02 1.430024715882546177e-02 1.107682982623969976e-02 2.250968244281846900e-02 1.655571298802907543e-02 1.362641985150557858e-02 1.655571298802907196e-02 1.611307212584612431e-02 1.497715894062027694e-02 1.611307212584613124e-02 1.821715331673104052e-02 1.821715331673104746e-02 1.821715331673104399e-02 1.000168265175887909e-02 1.101101531478841655e-02 1.626384337866762508e-02 1.626384337866762508e-02 1.286027951249438944e-02 1.286027951249439118e-02 1.091526554666452827e-02 1.644888891294221667e-02 1.644888891294222361e-02 1.624955622882613693e-02 1.336041434023744687e-02 1.302433981659652067e-02 2.858912350239516814e-02 2.858912350239515773e-02 1.427935634631830736e-02 1.403267759223662987e-02 1.719388807923506041e-02 1.719388807923505694e-02 1.432041087424746131e-02 1.526990602842822828e-02 1.108284566990655647e-02 2.557761930304649697e-02 1.822718318746149868e-02 1.822718318746150562e-02 1.822718318746150215e-02 2.117988962098459396e-02 2.843445552935276038e-02 2.058923120949118085e-02 1.725531771768532702e-02 1.725531771768532702e-02 2.957644359991091695e-02 2.396372382525216796e-02 2.957644359991088920e-02
1.669680197455093024e-02 1.493190327977715788e-02 0.000000000000000000e+00 2.230284591549700282e-02 2.516587143363549148e-02 2.137591014937668260e-02 1.859474894325838581e-02 2.137591014937668954e-02 2.137591014937668607e-02 1.787301516036233356e-02 2.007631373451153334e-02 2.007631373451154375e-02 1.650225043123372884e-02 1.637081674636929607e-02 2.060317936787562504e-02 1.828596173008963793e-02 1.828596173008963099e-02 2.060317936787562504e-02 1.966271266298148107e-02 1.793037678555976788e-02 2.022464461873164226e-02 1.793862730744583481e-02 3.289804598675211827e-02 1.721217252129801645e-02 2.473034548772282126e-02 2.108254232925481017e-02 2.029276172266778963e-02 2.029276172266778616e-02 1.817411441842856773e-02 1.957712094577258866e-02 1.678320499120910039e-02 1.846625443556752788e-02 1.746505196489998510e-02 1.963138656189979819e-02 1.963138656189979472e-02 1.498243649830018932e-02 1.754139880796455608e-02 1.964878674979442935e-02 1.964878674979442935e-02 1.557659400521300280e-02 1.498479034842841243e-02 1.964851306828791291e-02 1.747398887219899985e-02 1.759403917495771380e-02 1.753885522919349307e-02 1.538584723172684195e-02 1.431417829856899970e-02 1.964851306828791638e-02 2.592465335532239540e-02 1.632485356203095678e-02 2.592465335532239887e-02 1.860628941711353623e-02 1.631829583079718801e-02 2.137900917569523357e-02 2.137900917569522663e-02 2.137900917569523010e-02 2.506053501960590554e-02 2.040508817740164724e-02 1.853987354871739282e-02 1.764726885402463294e-02 1.970825108957278624e-02 1.515649731271058280e-02 1.970825108957278970e-02 1.979615529733720278e-02 1.979615529733720625e-02 1.747539168488881911e-02 1.886281572917911445e-02 2.144592690603037977e-02 2.144592690603037977e-02 2.144592690603037630e-02 1.839867703018787173e-02 2.081258729377082756e-02 2.081258729377082062e-02 2.081258729377082756e-02 1.686823619538415850e-02 1.971776459675213949e-02 1.971776459675214296e-02 1.632016298624548375e-02 1.629521207549381595e-02 1.597288298323189595e-02 1.689911116423243459e-02 3.330390738831035674e-02 3.330390738831037062e-02 2.959513149221828371e-02 1.701526392638427060e-02 1.641442023012942147e-02 1.676521805496233863e-02 1.784895725100847652e-02 2.030481509863001424e-02 1.872516501390386959e-02 2.030481509863001424e-02 1.801389037406974508e-02 1.732236891605785228e-02 1.783814450039810512e-02 1.773976305364440703e-02 1.620332857010435557e-02 1.834650119023711196e-02 1.626985524322572055e-02 2.519382851149758185e-02 2.009078935378682401e-02 1.790275086493765128e-02 2.009078935378682054e-02 1.975108425419331432e-02 1.883436507971955956e-02 1.975108425419331779e-02 1.746206106247331566e-02 1.746206106247330525e-02 1.746206106247329137e-02 1.559111881217811919e-02 1.623184665233417048e-02 1.986553633049381595e-02 1.986553633049381942e-02 1.742362096001849950e-02 1.742362096001849950e-02 1.618311634335962285e-02 2.000469580523297694e-02 2.000469580523297694e-02 1.985995564581798101e-02 1.773507410820747421e-02 1.751155637345327629e-02 3.095547613576538765e-02 3.095547613576537377e-02 1.834129479738698387e-02 1.816770600940657149e-02 2.058983546108943477e-02 2.058983546108943130e-02 1.836909609437797214e-02 1.913824930517217526e-02 1.627642813721490167e-02 2.807122883010781944e-02 2.143920281778429263e-02 2.143920281778429610e-02 2.143920281778428916e-02 2.399768616092274459e-02 3.080084353194702945e-02 2.346922406402781811e-02 2.063879079295992749e-02 2.063879079295993096e-02 3.189306711075678286e-02 2.659236554031909477e-02 3.189306711075677592e-02
1.901417353307882988e-02 1.957059195521294870e-02 2.230284591549700282e-02 0.000000000000000000e+00 2.215101140789826201e-02 2.473909219557401951e-02 2.252327217747522939e-02 2.473909219557401951e-02 2.473909219557401951e-02 2.200701015495448720e-02 2.375687282613995685e-02 2.375687282613996032e-02 2.092087065269923260e-02 2.081236497271888447e-02 2.415497767290644346e-02 2.231220455116253443e-02 2.231220455116253443e-02 2.415497767290644346e-02 2.331019269577185721e-02 2.204446578088460965e-02 2.386200806970601579e-02 2.205080957765535171e-02 3.494875152901487370e-02 2.143815961463933772e-02 2.748888136494757189e-02 2.451377238633486652e-02 2.391820622667169619e-02 2.391820622667169965e-02 2.223149452800752407e-02 2.337630673405360557e-02 2.113453698064534508e-02 2.242462358320628998e-02 2.168715101400164186e-02 2.340308050843357274e-02 2.340308050843356927e-02 1.967160709797109372e-02 2.175524473163765321e-02 2.342968950473639164e-02 2.342968950473639164e-02 2.016753521958537451e-02 1.967617719990539041e-02 2.343018206340620121e-02 2.170240859447080881e-02 2.179659609121608471e-02 2.175404240745178533e-02 2.001765031348105850e-02 1.910441829155571161e-02 2.343018206340620815e-02 2.857667137446738212e-02 2.072295090734919271e-02 2.857667137446738212e-02 2.253202886900743454e-02 2.078086911688628233e-02 2.474145007166625443e-02 2.474145007166625096e-02 2.474145007166624749e-02 2.785266058298278835e-02 2.398000281759072455e-02 2.249668462795306745e-02 2.183763473013729250e-02 2.347561131225873315e-02 1.981535006497683535e-02 2.347561131225873315e-02 2.354376415599555850e-02 2.354376415599555850e-02 2.170195349600051796e-02 2.272549529730376328e-02 2.479228899141339842e-02 2.479228899141340189e-02 2.479228899141339842e-02 2.239563852921040016e-02 2.430960189900563048e-02 2.430960189900562701e-02 2.430960189900563048e-02 2.118646721689027707e-02 2.348519530450671536e-02 2.348519530450671536e-02 2.077620234374190702e-02 2.075692075733529332e-02 2.050245565443695878e-02 2.125794110962347244e-02 3.538986165689227137e-02 3.538986165689227831e-02 3.192503941672690526e-02 2.135497325357784207e-02 2.084632903084475408e-02 2.111688055823103538e-02 2.198793839429454347e-02 2.392699988240564943e-02 2.264329846233648774e-02 2.392699988240564943e-02 2.212032446133543537e-02 2.159526863282566767e-02 2.198339061853502030e-02 2.190924649844794292e-02 2.068943193778357767e-02 2.234549377676595464e-02 2.074143652308079594e-02 2.796394866387942602e-02 2.376778459068048382e-02 2.202946475909497645e-02 2.376778459068048036e-02 2.350858025727977155e-02 2.270455102709321646e-02 2.350858025727977849e-02 2.468696390004852456e-02 2.468696390004852456e-02 2.468696390004852109e-02 2.017931368454510890e-02 2.071152981395903148e-02 2.359589135388382580e-02 2.359589135388383274e-02 2.167295585047737325e-02 2.167295585047736978e-02 2.067416628785827964e-02 2.369973176169172524e-02 2.369973176169172524e-02 2.359689532532192879e-02 2.190675381884719594e-02 2.173156412602161858e-02 3.315052659638240834e-02 3.315052659638239446e-02 2.235439297561113772e-02 2.222197214185187356e-02 2.414504423330338101e-02 2.414504423330338101e-02 2.237413121905179256e-02 2.304536690429038331e-02 2.074750556217568737e-02 3.047985066278373345e-02 2.478721718406245306e-02 2.478721718406246000e-02 2.478721718406245306e-02 2.697085067845375952e-02 3.300611988460529916e-02 2.653851316614894151e-02 2.418152123086993871e-02 2.418152123086994218e-02 3.201567033211605989e-02 2.426771615581020669e-02 3.201567033211598357e-02
2.160896618006968861e-02 2.284871689082372190e-02 2.516587143363549148e-02 2.215101140789826201e-02 0.000000000000000000e+00 2.739958692260627271e-02 2.546981945919250465e-02 2.739958692260627618e-02 2.739958692260627271e-02 2.503320808936344843e-02 2.655866821696681312e-02 2.655866821696681659e-02 2.408116177818910020e-02 2.398447977468287987e-02 2.689877754998998630e-02 2.529333729383917428e-02 2.529333729383917428e-02 2.689877754998998630e-02 2.614837483116858735e-02 2.506485435922957763e-02 2.664871877351464996e-02 2.507033025477093530e-02 3.677554350837462793e-02 2.452658566403514290e-02 2.986600520886660559e-02 2.720830499090071478e-02 2.669637572072574433e-02 2.669637572072574780e-02 2.522536470703345621e-02 2.623359691735040536e-02 2.426618348340322390e-02 2.539202562390907580e-02 2.475308954328947486e-02 2.624817694825597528e-02 2.624817694825596834e-02 2.296377569719872808e-02 2.481648588609371500e-02 2.627803397155210885e-02 2.627803397155210885e-02 2.341095613368524356e-02 2.296903028954732848e-02 2.627881496969769470e-02 2.477157209039358363e-02 2.485244623467260799e-02 2.481579389247479117e-02 2.327911897253275367e-02 2.244786708565372699e-02 2.627881496969769817e-02 3.082797065091195249e-02 2.389265069407847664e-02 3.082797065091195249e-02 2.547733484305802348e-02 2.395983988246468133e-02 2.740161733816260867e-02 2.740161733816260520e-02 2.740161733816260520e-02 3.017098616580459955e-02 2.674576014876588539e-02 2.545173125709576656e-02 2.488810174412874748e-02 2.631770404126046459e-02 2.309316299441896772e-02 2.631770404126046459e-02 2.637635115681737780e-02 2.637635115681738127e-02 2.476974886359262565e-02 2.564306140316550617e-02 2.744542706440920854e-02 2.744542706440921201e-02 2.744542706440921201e-02 2.536460921877385297e-02 2.703052820167943168e-02 2.703052820167942821e-02 2.703052820167942821e-02 2.430769340130651754e-02 2.632655228355311114e-02 2.632655228355311461e-02 2.395383189896664253e-02 2.393711953728896655e-02 2.371295893625842421e-02 2.438403680871069346e-02 3.727001857212068614e-02 3.727001857212069308e-02 3.400253482862682780e-02 2.447135963070342507e-02 2.401411664226127743e-02 2.424954682471653841e-02 2.501682956122928611e-02 2.670363842015755287e-02 2.557719655918425095e-02 2.670363842015755287e-02 2.513278416214026825e-02 2.468079876663270555e-02 2.501366915844810759e-02 2.495071055979923916e-02 2.387939054187030591e-02 2.532101890174373940e-02 2.392483363304440114e-02 3.027095735596601819e-02 2.656799043694094489e-02 2.505249161818649123e-02 2.656799043694094142e-02 2.634620967389421364e-02 2.562522610268921572e-02 2.634620967389421364e-02 2.732029284957998225e-02 2.732029284957998225e-02 2.732029284957998919e-02 2.342150187530598823e-02 2.389868968305512362e-02 2.642079903325244769e-02 2.642079903325245116e-02 2.474794459541158897e-02 2.474794459541158897e-02 2.386617203437675985e-02 2.650953253882072300e-02 2.650953253882072300e-02 2.642286322859114731e-02 2.494810037207993020e-02 2.479572457528645552e-02 3.511170381123741857e-02 3.511170381123741857e-02 2.532962636595578396e-02 2.521577968021224483e-02 2.689032327740795147e-02 2.689032327740795147e-02 2.534627717286194390e-02 2.595040007331362794e-02 2.393044399633434405e-02 3.259727952542620238e-02 2.744105096715783454e-02 2.744105096715783454e-02 2.744105096715783454e-02 2.938700319324408575e-02 3.497814948533640306e-02 2.900577479930998431e-02 2.692144301687934838e-02 2.692144301687934491e-02 3.539049543362510902e-02 3.001358413725742358e-02 3.539049543362509515e-02
2.112486690895710312e-02 1.815215237212007560e-02 2.137591014937668260e-02 2.473909219557401951e-02 2.739958692260627271e-02 0.000000000000000000e+00 1.734246090321455575e-02 1.833662561267911106e-02 1.833662561267911453e-02 2.056773352017972692e-02 2.243739365196534968e-02 2.243739365196535662e-02 1.941603663240213523e-02 1.930319726305641109e-02 2.287873721459337747e-02 2.090242445858225481e-02 2.090242445858225481e-02 2.287873721459337747e-02 2.203766243144895248e-02 2.061159490144656714e-02 2.255866188827767085e-02 2.061623839247177584e-02 3.428470723715409257e-02 1.998742457184572718e-02 2.657935948274907367e-02 2.328495548542344404e-02 2.261739251467698164e-02 2.261739251467698164e-02 2.081292268547988919e-02 2.202143001114785503e-02 1.964557653288862352e-02 2.104623218525682876e-02 2.024414180716854750e-02 2.208030361415843842e-02 2.208030361415843842e-02 1.811654909465681626e-02 2.029668698737898888e-02 2.208075348000646324e-02 2.208075348000645977e-02 1.862675274246401030e-02 1.811476179186093452e-02 2.207964697778926760e-02 2.024119162289535548e-02 2.033982129763206234e-02 2.029284901734083532e-02 1.846772340562790465e-02 1.752427498060479469e-02 2.207964697778926760e-02 2.765659550065914865e-02 1.923117095138352634e-02 2.765659550065915559e-02 2.115564340435435731e-02 1.926586418315904409e-02 2.353870486167720932e-02 2.353870486167720238e-02 2.353870486167720932e-02 2.685618195917460760e-02 2.270281402795992776e-02 2.110889090286547504e-02 2.038380601443571388e-02 2.212948124509545034e-02 1.826005985187180783e-02 2.212948124509545034e-02 2.220356433732160323e-02 2.220356433732160323e-02 2.023989757340667606e-02 2.136821915619669179e-02 2.359638973223255817e-02 2.359638973223256511e-02 2.359638973223255817e-02 2.099434799521673195e-02 2.305384508889685505e-02 2.305384508889685158e-02 2.305384508889685505e-02 1.970504442536687509e-02 2.213882591181698736e-02 2.213882591181699083e-02 1.926308326564134601e-02 1.924252117787643435e-02 1.898245279105951686e-02 1.977687371460518095e-02 3.474477125333950978e-02 3.474477125333952365e-02 3.119577035471381501e-02 1.986768021591070466e-02 1.933903883788711323e-02 1.962802364045591538e-02 2.054760579838536133e-02 2.262717492097817557e-02 2.126439826001375738e-02 2.262717492097817557e-02 2.068750341434374626e-02 2.012074754616117664e-02 2.053865561311477364e-02 2.046070104911118515e-02 1.916757392845756108e-02 2.094418171801941397e-02 1.920085788484350228e-02 2.697788677835792973e-02 2.244940626402721143e-02 2.059203172641179205e-02 2.244940626402720449e-02 2.216544685438072079e-02 2.134482653290826690e-02 2.216544685438072079e-02 2.359815970253821213e-02 2.359815970253820866e-02 2.359815970253821907e-02 1.862433052291936203e-02 1.892488317560072145e-02 2.225804466287401723e-02 2.225804466287401723e-02 2.020441179795695250e-02 2.020441179795695250e-02 1.915296538885266284e-02 2.237632373120424997e-02 2.237632373120426038e-02 2.225908012530785143e-02 2.045732102821836568e-02 2.027076691160352440e-02 3.245391452348363182e-02 3.245391452348362488e-02 2.094817480525102901e-02 2.080475858016056848e-02 2.286756730473786525e-02 2.286756730473786178e-02 2.097038068129623151e-02 2.161460471047004644e-02 1.920689841678109577e-02 2.968531915099356655e-02 2.359059073558884140e-02 2.359059073558883793e-02 2.359059073558883793e-02 2.589185204501453369e-02 3.230413456804151484e-02 2.541893493004461491e-02 2.290861794001390270e-02 2.290861794001390617e-02 3.339485076042791184e-02 2.840494344560930834e-02 3.339485076042788408e-02
1.828397576520569487e-02 1.465281751221363463e-02 1.859474894325838581e-02 2.252327217747522939e-02 2.546981945919250465e-02 1.734246090321455575e-02 0.000000000000000000e+00 1.734246090321455575e-02 1.734246090321455575e-02 1.756253439524471313e-02 1.981555723291966720e-02 1.981555723291967067e-02 1.615772943640701384e-02 1.602410333740946977e-02 2.035581903699062653e-02 1.798884561327876094e-02 1.798884561327876094e-02 2.035581903699062653e-02 1.940370664173567128e-02 1.762082913117850314e-02 1.996648707723127497e-02 1.761895312477834707e-02 3.275968227428392721e-02 1.689276409231752277e-02 2.454144097366082328e-02 2.084401914224252167e-02 2.003789932072571472e-02 2.003789932072571819e-02 1.787298138651696733e-02 1.930336302809898888e-02 1.644744715811627747e-02 1.817717628683441014e-02 1.715664620014661912e-02 1.937699317780667424e-02 1.937699317780667424e-02 1.461065854411554982e-02 1.722151648598691659e-02 1.937773345723296792e-02 1.937773345723296792e-02 1.521203775073721835e-02 1.460796728849480045e-02 1.937535636781574644e-02 1.715249922717371200e-02 1.727483481893571718e-02 1.721096123605045033e-02 1.501507058780379884e-02 1.392741215136013636e-02 1.937535636781574991e-02 2.574820310589321509e-02 1.598634429408949537e-02 2.574820310589321509e-02 1.832154854471679251e-02 1.596788463214656936e-02 2.114923416816825996e-02 2.114923416816825649e-02 2.114923416816825649e-02 2.487575978910059118e-02 2.015564701592495456e-02 1.825017185498669162e-02 1.732916585538047186e-02 1.943738168489096696e-02 1.478080638390325344e-02 1.943738168489096696e-02 1.952805716567803523e-02 1.952805716567804217e-02 1.715356504462958731e-02 1.858498618666517069e-02 2.121750402784060296e-02 2.121750402784059950e-02 2.121750402784059950e-02 1.810510653059177119e-02 2.056877211650428444e-02 2.056877211650428097e-02 2.056877211650428097e-02 1.652779213750444828e-02 1.944732264372478481e-02 1.944732264372478828e-02 1.597105123388314896e-02 1.594514624599337183e-02 1.562101800103140974e-02 1.656903974927995821e-02 3.316063282724580202e-02 3.316063282724582284e-02 2.943464467664916664e-02 1.668014036108711809e-02 1.606873065140854845e-02 1.642961787275695404e-02 1.753789863038564267e-02 2.005032609147784292e-02 1.844065695287681189e-02 2.005032609147784639e-02 1.770632214695442783e-02 1.699177913857939301e-02 1.751548983010423055e-02 1.742349810629350432e-02 1.584045736275154631e-02 1.803971875096938363e-02 1.580407843141800814e-02 2.500788032719675549e-02 1.983038444342071979e-02 1.759314136730271566e-02 1.983038444342071979e-02 1.948137546918118912e-02 1.855570163837893388e-02 1.948137546918119259e-02 2.121959999286234660e-02 2.121959999286235007e-02 2.121959999286235354e-02 1.515593713180158134e-02 1.473885163249225201e-02 1.958651684141883217e-02 1.958651684141883217e-02 1.709818131791496221e-02 1.709818131791496915e-02 1.582901335735587695e-02 1.974247675102058092e-02 1.974247675102058092e-02 1.959277981422072323e-02 1.741958922200412610e-02 1.719035648453610260e-02 3.080584365747950082e-02 3.080584365747949388e-02 1.804572096371725304e-02 1.786730402996821940e-02 2.034213188258124361e-02 2.034213188258124361e-02 1.807453171105652401e-02 1.866415612250367506e-02 1.581034198630310028e-02 2.790863408263879325e-02 2.121064018319849392e-02 2.121064018319849739e-02 2.121064018319849739e-02 2.380050030946639569e-02 3.065065332870008791e-02 2.326424916172722956e-02 2.039234910424420413e-02 2.039234910424421107e-02 3.177630583360977617e-02 2.650224395303213756e-02 3.177630583360975536e-02
2.112486690895710312e-02 1.815215237212008254e-02 2.137591014937668954e-02 2.473909219557401951e-02 2.739958692260627618e-02 1.833662561267911106e-02 1.734246090321455575e-02 0.000000000000000000e+00 1.833662561267910412e-02 2.056773352017973733e-02 2.243739365196536009e-02 2.243739365196536009e-02 1.941603663240213870e-02 1.930319726305642150e-02 2.287873721459337747e-02 2.090242445858225828e-02 2.090242445858225828e-02 2.287873721459337747e-02 2.203766243144896289e-02 2.061159490144657061e-02 2.255866188827767779e-02 2.061623839247177584e-02 3.428470723715409257e-02 1.998742457184572718e-02 2.657935948274907367e-02 2.328495548542344404e-02 2.261739251467698511e-02 2.261739251467698511e-02 2.081292268547989613e-02 2.202143001114786544e-02 1.964557653288862352e-02 2.104623218525684264e-02 2.024414180716855097e-02 2.208030361415844536e-02 2.208030361415844536e-02 1.811654909465682320e-02 2.029668698737898888e-02 2.208075348000646324e-02 2.208075348000646324e-02 1.862675274246401377e-02 1.811476179186094146e-02 2.207964697778927107e-02 2.024119162289536242e-02 2.033982129763206234e-02 2.029284901734084573e-02 1.846772340562791159e-02 1.752427498060479469e-02 2.207964697778927107e-02 2.765659550065915559e-02 1.923117095138352980e-02 2.765659550065915559e-02 2.115564340435436771e-02 1.926586418315904756e-02 2.353870486167720932e-02 2.353870486167720238e-02 2.353870486167720932e-02 2.685618195917461454e-02 2.270281402795992776e-02 2.110889090286548544e-02 2.038380601443571388e-02 2.212948124509545034e-02 1.826005985187180783e-02 2.212948124509545034e-02 2.220356433732160670e-02 2.220356433732161017e-02 2.023989757340667953e-02 2.136821915619669873e-02 2.359638973223256511e-02 2.359638973223256511e-02 2.359638973223256511e-02 2.099434799521673889e-02 2.305384508889686199e-02 2.305384508889685852e-02 2.305384508889685852e-02 1.970504442536688897e-02 2.213882591181699430e-02 2.213882591181699430e-02 1.926308326564134601e-02 1.924252117787643782e-02 1.898245279105952726e-02 1.977687371460518789e-02 3.474477125333950978e-02 3.474477125333952365e-02 3.119577035471382195e-02 1.986768021591071506e-02 1.933903883788711670e-02 1.962802364045592579e-02 2.054760579838535786e-02 2.262717492097817903e-02 2.126439826001376432e-02 2.262717492097818250e-02 2.068750341434374973e-02 2.012074754616117664e-02 2.053865561311478405e-02 2.046070104911118862e-02 1.916757392845756455e-02 2.094418171801942091e-02 1.920085788484350575e-02 2.697788677835792973e-02 2.244940626402722531e-02 2.059203172641179899e-02 2.244940626402721490e-02 2.216544685438073120e-02 2.134482653290827037e-02 2.216544685438072773e-02 2.359815970253821907e-02 2.359815970253822601e-02 2.359815970253821907e-02 1.862433052291936897e-02 1.892488317560072145e-02 2.225804466287402070e-02 2.225804466287402070e-02 2.020441179795695597e-02 2.020441179795695597e-02 1.915296538885266284e-02 2.237632373120426038e-02 2.237632373120426385e-02 2.225908012530785143e-02 2.045732102821837262e-02 2.027076691160353134e-02 3.245391452348363182e-02 3.245391452348362488e-02 2.094817480525103248e-02 2.080475858016057542e-02 2.286756730473786525e-02 2.286756730473786525e-02 2.097038068129623151e-02 2.161460471047004991e-02 1.920689841678110271e-02 2.968531915099356655e-02 2.359059073558884140e-02 2.359059073558884140e-02 2.359059073558884140e-02 2.589185204501453369e-02 3.230413456804151484e-02 2.541893493004461838e-02 2.290861794001391311e-02 2.290861794001390617e-02 3.339485076042791184e-02 2.840494344560931528e-02 3.339485076042788408e-02
2.112486690895710312e-02 1.815215237212007560e-02 2.137591014937668607e-02 2.473909219557401951e-02 2.739958692260627271e-02 1.833662561267911453e-02 1.734246090321455575e-02 1.833662561267910412e-02 0.000000000000000000e+00 2.056773352017973039e-02 2.243739365196535662e-02 2.243739365196536009e-02 1.941603663240213870e-02 1.930319726305642150e-02 2.287873721459337747e-02 2.090242445858225481e-02 2.090242445858225481e-02 2.287873721459337747e-02 2.203766243144895942e-02 2.061159490144657061e-02 2.255866188827767085e-02 2.061623839247177584e-02 3.428470723715409257e-02 1.998742457184572718e-02 2.657935948274907367e-02 2.328495548542344404e-02 2.261739251467698164e-02 2.261739251467698164e-02 2.081292268547988919e-02 2.202143001114785850e-02 1.964557653288862005e-02 2.104623218525683223e-02 2.024414180716855097e-02 2.208030361415844189e-02 2.208030361415844189e-02 1.811654909465681973e-02 2.029668698737898888e-02 2.208075348000646324e-02 2.208075348000645977e-02 1.862675274246401030e-02 1.811476179186093799e-02 2.207964697778926413e-02 2.024119162289535548e-02 2.033982129763206234e-02 2.029284901734083879e-02 1.846772340562790812e-02 1.752427498060479469e-02 2.207964697778927107e-02 2.765659550065915559e-02 1.923117095138352634e-02 2.765659550065915559e-02 2.115564340435435731e-02 1.926586418315904409e-02 2.353870486167721279e-02 2.353870486167720238e-02 2.353870486167720932e-02 2.685618195917460760e-02 2.270281402795992776e-02 2.110889090286547851e-02 2.038380601443571388e-02 2.212948124509545034e-02 1.826005985187180436e-02 2.212948124509544687e-02 2.220356433732160323e-02 2.220356433732159976e-02 2.023989757340667606e-02 2.136821915619669526e-02 2.359638973223256164e-02 2.359638973223256511e-02 2.359638973223256511e-02 2.099434799521673542e-02 2.305384508889685505e-02 2.305384508889685505e-02 2.305384508889685505e-02 1.970504442536687856e-02 2.213882591181699083e-02 2.213882591181699083e-02 1.926308326564134255e-02 1.924252117787643435e-02 1.898245279105952379e-02 1.977687371460518095e-02 3.474477125333950978e-02 3.474477125333952365e-02 3.119577035471382195e-02 1.986768021591070466e-02 1.933903883788711323e-02 1.962802364045591885e-02 2.054760579838536133e-02 2.262717492097817557e-02 2.126439826001376432e-02 2.262717492097818250e-02 2.068750341434374626e-02 2.012074754616117317e-02 2.053865561311477711e-02 2.046070104911118515e-02 1.916757392845756108e-02 2.094418171801941397e-02 1.920085788484350228e-02 2.697788677835792973e-02 2.244940626402721143e-02 2.059203172641179205e-02 2.244940626402720449e-02 2.216544685438072773e-02 2.134482653290827037e-02 2.216544685438072773e-02 2.359815970253821560e-02 2.359815970253821213e-02 2.359815970253821907e-02 1.862433052291936203e-02 1.892488317560072145e-02 2.225804466287401376e-02 2.225804466287401376e-02 2.020441179795694903e-02 2.020441179795695250e-02 1.915296538885266284e-02 2.237632373120425344e-02 2.237632373120426038e-02 2.225908012530785143e-02 2.045732102821836915e-02 2.027076691160352440e-02 3.245391452348363182e-02 3.245391452348362488e-02 2.094817480525102901e-02 2.080475858016056848e-02 2.286756730473786525e-02 2.286756730473786525e-02 2.097038068129623151e-02 2.161460471047004644e-02 1.920689841678109577e-02 2.968531915099356655e-02 2.359059073558883793e-02 2.359059073558883793e-02 2.359059073558883793e-02 2.589185204501453369e-02 3.230413456804151484e-02 2.541893493004461838e-02 2.290861794001390617e-02 2.290861794001390617e-02 3.339485076042791184e-02 2.840494344560931528e-02 3.339485076042788408e-02
1.753801396948822394e-02 1.357922509998309504e-02 1.787301516036233356e-02 2.200701015495448720e-02 2.503320808936344843e-02 2.056773352017972692e-02 1.756253439524471313e-02 2.056773352017973733e-02 2.056773352017973039e-02 0.000000000000000000e+00 1.636749631537087052e-02 1.636749631537087746e-02 1.402518175800743748e-02 1.327491722492351450e-02 1.972029675040702992e-02 1.719208866506371017e-02 1.719208866506371017e-02 1.972029675040702992e-02 1.875081744025457187e-02 1.678744175001868622e-02 1.930521086996799321e-02 1.679674097781924669e-02 3.243076104819917621e-02 1.603221880161691607e-02 2.408212547702958187e-02 2.024949596098014892e-02 1.937706268864370848e-02 1.937706268864371195e-02 1.706100542811215745e-02 1.836127220289256526e-02 1.536233584704826440e-02 1.723439111088655856e-02 1.625056080027076702e-02 1.865046920347188456e-02 1.865046920347188109e-02 1.345419909245864319e-02 1.630709630263781768e-02 1.863754184684287760e-02 1.863754184684288107e-02 1.406404740869631256e-02 1.353591181356624852e-02 1.865216816451985976e-02 1.625984924927187381e-02 1.638823108379088705e-02 1.632636026575949931e-02 1.395845434156746390e-02 1.282335059023067235e-02 1.865216816451985976e-02 2.531853434336668596e-02 1.506625461534390545e-02 2.531853434336669290e-02 1.757542366715835955e-02 1.497308839222356858e-02 2.057109088600876656e-02 2.057109088600876656e-02 2.057109088600876309e-02 2.442328776578499630e-02 1.951749261700464269e-02 1.748918689219785064e-02 1.644929763761238117e-02 1.871965294387386430e-02 1.372566448774225310e-02 1.871965294387386430e-02 1.879859669604577385e-02 1.879859669604577385e-02 1.624261564143001171e-02 1.786208225321976942e-02 2.064353507803841359e-02 2.064353507803842053e-02 2.064353507803842053e-02 1.732163423626788268e-02 1.995389056367178823e-02 1.995389056367178823e-02 1.995389056367178823e-02 1.562911781059503694e-02 1.872791399498332371e-02 1.872791399498332718e-02 1.498373748842326929e-02 1.495576620682988363e-02 1.459559425109097433e-02 1.560326752310532521e-02 3.281905049943621006e-02 3.281905049943622393e-02 2.904838603578072456e-02 1.572380755698303892e-02 1.509352062628202193e-02 1.549705437535086813e-02 1.668583459235595604e-02 1.939056248619710349e-02 1.769014641822874365e-02 1.939056248619710696e-02 1.686545557947521576e-02 1.606780440474667171e-02 1.666711506394187234e-02 1.655055748342017935e-02 1.484479550701340439e-02 1.727603523906036387e-02 1.492030470648325960e-02 2.456191679549466628e-02 1.914527466830744096e-02 1.672840917396478666e-02 1.914527466830743402e-02 1.876794381327593839e-02 1.783004194014507771e-02 1.876794381327593839e-02 2.064576624763484955e-02 2.064576624763485302e-02 2.064576624763485302e-02 1.419113592711385152e-02 1.487804514495708053e-02 1.889615011079380860e-02 1.889615011079380860e-02 1.618448814454575072e-02 1.618448814454575418e-02 1.482139458882342047e-02 1.905517594727223346e-02 1.905517594727223346e-02 1.888408343214761573e-02 1.654604863876085741e-02 1.629650447989275386e-02 3.044844244846409489e-02 3.044844244846408449e-02 1.722837883779293824e-02 1.692002652516577665e-02 1.967674138252879443e-02 1.967674138252879443e-02 1.728424932470910835e-02 1.806896587821044467e-02 1.492643396653249750e-02 2.748484304257120189e-02 2.063626121475789846e-02 2.063626121475790540e-02 2.063626121475790193e-02 2.331134360403765149e-02 3.028229664715734182e-02 2.272905619278330763e-02 1.975940673738899728e-02 1.975940673738900075e-02 3.142668094048846339e-02 2.608054434581605005e-02 3.142668094048845645e-02
1.979869608902851824e-02 1.653446013922296037e-02 2.007631373451153334e-02 2.375687282613995685e-02 2.655866821696681312e-02 2.243739365196534968e-02 1.981555723291966720e-02 2.243739365196536009e-02 2.243739365196535662e-02 1.636749631537087052e-02 0.000000000000000000e+00 1.748048298510646373e-02 1.765069467261420194e-02 1.582539977787808527e-02 2.168840829475614587e-02 1.951731005846457645e-02 1.951731005846457645e-02 2.168840829475614587e-02 2.083503068577174586e-02 1.919010934219204934e-02 2.133016569675515867e-02 1.919770450451109903e-02 3.366774459593414176e-02 1.854190961614413796e-02 2.571555395781331341e-02 2.215573609465124050e-02 2.139165945509300185e-02 2.139165945509300185e-02 1.941295572225967825e-02 2.066804504947437199e-02 1.810927279376151403e-02 1.966847897444918072e-02 1.876002234112545894e-02 2.077476675865631145e-02 2.077476675865631145e-02 1.641327855706281244e-02 1.880194906224537735e-02 2.075827343861113422e-02 2.075827343861113422e-02 1.692161163111430625e-02 1.649911304384107588e-02 2.077691377950749430e-02 1.876933014922264539e-02 1.887463449532218729e-02 1.882460414970982265e-02 1.686603137262507671e-02 1.588333866617151410e-02 2.077691377950749776e-02 2.683175188071644165e-02 1.773036198458717572e-02 2.683175188071644512e-02 1.982634583978547249e-02 1.771275727305946304e-02 2.244040524459455649e-02 2.244040524459455996e-02 2.244040524459455302e-02 2.597955785397009984e-02 2.151059150167914172e-02 1.976120932068846023e-02 1.892381346369422651e-02 2.083345789444444873e-02 1.665485512022544731e-02 2.083345789444444873e-02 2.089281659652934137e-02 2.089281659652934484e-02 1.874959299094030793e-02 2.006708893244506936e-02 2.250549980376533726e-02 2.250549980376534767e-02 2.250549980376534073e-02 1.962334064027536004e-02 2.189240794712200150e-02 2.189240794712199803e-02 2.189240794712199803e-02 1.821672884500692702e-02 2.084164155888991801e-02 2.084164155888992148e-02 1.771416097752614646e-02 1.769188974972717501e-02 1.740663769541806946e-02 1.825022609225202333e-02 3.411706533001739733e-02 3.411706533001742508e-02 3.048544735577843681e-02 1.834875324703323998e-02 1.779963730248284789e-02 1.811954084119027711e-02 1.911095160019192149e-02 2.140295535050266984e-02 1.992880535075795129e-02 2.140295535050266984e-02 1.926166348880272230e-02 1.862617054157519186e-02 1.909906652885246317e-02 1.900938203745161648e-02 1.760872816688513129e-02 1.958290329404719504e-02 1.766878118691857583e-02 2.611050933254261547e-02 2.119584194300261348e-02 1.915644881129765359e-02 2.119584194300259961e-02 2.087426218483369456e-02 2.004014071850288015e-02 2.087426218483370149e-02 2.250750334627202309e-02 2.250750334627201962e-02 2.250750334627204044e-02 1.705156119990509228e-02 1.763463256799076978e-02 2.098233539360069844e-02 2.098233539360069844e-02 1.871861648704406869e-02 1.871861648704406869e-02 1.759040711512840222e-02 2.111646164343026350e-02 2.111646164343026350e-02 2.097466700295258502e-02 1.900354524201017595e-02 1.879930149587402677e-02 3.178842764059024856e-02 3.178842764059023468e-02 1.956381952430523777e-02 1.938080024355220976e-02 2.166959259786207029e-02 2.166959259786207029e-02 1.959465468872357424e-02 2.029648899370922049e-02 1.767475036071345165e-02 2.893669644232314819e-02 2.249894151856133423e-02 2.249894151856133770e-02 2.249894151856133423e-02 2.494011947943118937e-02 3.163171445595659020e-02 2.441980847241432759e-02 2.172285604640481968e-02 2.172285604640481968e-02 3.274694697278091038e-02 2.761635604970123434e-02 3.274694697278090344e-02
