0.000000000000000000e+00 1.384131610500104713e-02 1.664185124575937036e-02 1.913289204912610106e-02 2.233130430208410053e-02 2.096738629010673136e-02 1.804131793239493672e-02 2.096738629010673136e-02 2.096738629010673136e-02 1.741529935649245228e-02 1.982657361781429636e-02 1.982657361781429636e-02 1.595090818533511853e-02 1.583612637529828449e-02 2.028771764015803447e-02 1.778198336135383695e-02 1.778198336135383695e-02 2.028771764015803794e-02 1.916904541969824405e-02 1.745127548879098905e-02 1.992972730935633346e-02 1.745811589561087687e-02 3.430106879417404997e-02 1.657023858555480011e-02 2.392366247065708801e-02 2.078284516755089448e-02 1.999479318895635432e-02 1.999479318895635779e-02 1.767228486231126397e-02 1.932726531149567620e-02 1.622401325803854086e-02 1.796075182566575154e-02 1.697618734640966506e-02 1.933764304774670054e-02 1.933764304774670054e-02 1.437512280074534562e-02 1.711200427276395042e-02 1.943385639763313411e-02 1.943385639763313411e-02 1.500496257996740065e-02 1.440214602376022925e-02 1.943758100635626165e-02 1.706665942248866696e-02 1.715708555444073538e-02 1.711321738171079493e-02 1.483028006104220552e-02 1.371806454227027412e-02 1.943758100635626165e-02 2.610874789719402553e-02 1.568240582230891883e-02 2.610874789719402206e-02 1.805025008670469583e-02 1.578743370503425669e-02 2.096941195656555623e-02 2.096941195656555623e-02 2.096941195656555623e-02 2.524420521603300271e-02 2.017129236123922642e-02 1.804729866481229530e-02 1.721172523289547091e-02 1.948654317417784429e-02 1.455599608425537511e-02 1.948654317417784429e-02 1.957457660182998840e-02 1.957457660182998840e-02 1.705151947443314664e-02 1.826874825278673037e-02 2.101762795953634674e-02 2.101762795953635021e-02 2.101762795953634674e-02 1.786994170189664527e-02 2.048411761872113296e-02 2.048411761872112949e-02 2.048411761872112949e-02 1.627843174018194644e-02 1.949694752637783079e-02 1.949694752637783079e-02 1.579643753942434198e-02 1.576787257052027560e-02 1.543764680469791352e-02 1.645189870666511830e-02 3.210022662892238893e-02 3.210022662892238893e-02 2.781847088399600626e-02 1.660416064631517474e-02 1.588101091710902163e-02 1.618767584690589123e-02 1.738242695195681489e-02 2.001183634850454279e-02 1.821419755574216204e-02 2.001183634850454973e-02 1.754558221040288316e-02 1.689882474828734507e-02 1.739205603116922294e-02 1.732004364500665250e-02 1.568198747810974070e-02 1.787206201604631811e-02 1.574565975539447132e-02 2.535403216117337877e-02 1.983899595000387234e-02 1.744106130276729463e-02 1.983899595000386540e-02 1.952243471817783488e-02 1.824788829874372798e-02 1.952243471817783835e-02 2.065463876465753121e-02 2.065463876465753815e-02 2.065463876465753815e-02 1.501800829744582948e-02 1.570893996164752712e-02 1.963230620413990157e-02 1.963230620413990157e-02 1.698932698446820738e-02 1.698932698446820738e-02 1.566352278034957232e-02 1.974294402537049922e-02 1.974294402537050269e-02 1.962421908657255992e-02 1.729041149209855494e-02 1.707956179888410475e-02 3.044944956106764022e-02 3.044944956106763329e-02 1.782640267058580724e-02 1.766898625798443354e-02 2.027530129619271523e-02 2.027530129619271870e-02 1.784705752330856265e-02 1.892960652145712561e-02 1.575038690835739094e-02 2.796480045343637325e-02 2.101342189771269325e-02 2.101342189771269325e-02 2.101342189771269325e-02 2.424359446232252774e-02 3.022078998520871113e-02 2.373540339521551176e-02 2.031220651139626493e-02 2.031220651139626840e-02 3.095053782723430902e-02 2.492165539900145430e-02 3.095053782723431596e-02
1.384131610500104713e-02 0.000000000000000000e+00 1.467668268840690952e-02 1.929909724535918900e-02 2.319875899637465280e-02 1.804206334666137029e-02 1.444056771860744229e-02 1.804206334666137029e-02 1.804206334666137029e-02 1.354420580809005681e-02 1.666794218924180435e-02 1.666794218924180435e-02 1.138017395567606643e-02 1.119250520113614263e-02 1.723570374384158707e-02 1.407231819051844510e-02 1.407231819051844163e-02 1.723570374384158360e-02 1.587861518955994630e-02 1.360867067157102255e-02 1.680401546839631680e-02 1.361832212286053292e-02 3.233167713320295872e-02 1.240507889414820680e-02 2.130352796269020105e-02 1.782762784120919819e-02 1.687982903867689399e-02 1.687982903867690093e-02 1.391584988975697566e-02 1.604287570320614767e-02 1.184015569605070643e-02 1.433151460171354884e-02 1.217884680032910172e-02 1.528089878316205366e-02 1.528089878316204846e-02 8.467805453423165457e-03 1.306686614315178893e-02 1.614359708025231779e-02 1.614359708025231779e-02 9.841726740389659597e-03 8.847937363318918516e-03 1.618254072011400535e-02 1.300897787528924356e-02 1.316332568663178791e-02 1.310174000625612643e-02 9.518739853934015532e-03 7.669848071005893816e-03 1.618254072011400535e-02 2.374419422710231237e-02 1.110458769174963237e-02 2.374419422710231584e-02 1.445245393157135530e-02 1.109006434845954785e-02 1.804442038355542552e-02 1.804442038355542552e-02 1.804442038355542899e-02 2.282758058461764952e-02 1.709951664669748239e-02 1.444324245721891227e-02 1.324608829407654224e-02 1.624503942953250610e-02 9.141971717878000572e-03 1.624503942953250263e-02 1.635300965760241865e-02 1.635300965760241865e-02 1.301314223464195528e-02 1.474131618188784590e-02 1.810045934515268351e-02 1.810045934515267657e-02 1.810045934515267310e-02 1.419465119250524696e-02 1.747273898719287413e-02 1.747273898719287413e-02 1.747273898719287066e-02 1.195158934212476806e-02 1.625623982898776951e-02 1.625623982898776604e-02 1.113318603500879772e-02 1.108697333528570195e-02 1.006581404961255470e-02 1.157874583773380386e-02 2.996582859042155877e-02 2.996582859042155531e-02 2.544077971895301882e-02 1.220788333936366488e-02 1.127845632056187659e-02 1.178697650951489664e-02 1.350094608651790547e-02 1.690064879640953630e-02 1.465956704720860863e-02 1.690064879640953976e-02 1.372398171054568274e-02 1.275453548591782942e-02 1.350831993947150013e-02 1.340935630141657994e-02 1.091566698117597475e-02 1.421068785164321911e-02 1.102681734008598147e-02 2.294557651067742968e-02 1.668484516161907599e-02 1.358282355707882659e-02 1.668484516161907599e-02 1.629047579320379649e-02 1.471377531882365856e-02 1.629047579320379649e-02 1.808830783637875236e-02 1.808830783637875236e-02 1.808830783637875583e-02 9.888853825716827778e-03 1.096479179397085932e-02 1.642841824669770412e-02 1.642841824669770759e-02 1.289359029863913590e-02 1.289359029863913937e-02 1.087918472496938148e-02 1.656862243881412206e-02 1.656862243881412206e-02 1.641343738943669764e-02 1.335456427051545138e-02 1.305030570415256774e-02 2.827402464250473868e-02 2.827402464250473174e-02 1.413315604411965846e-02 1.391659151793208857e-02 1.722064906534617398e-02 1.722064906534617398e-02 1.416256661190445042e-02 1.551959089564632251e-02 1.103035615144750715e-02 2.569732203714804319e-02 1.809557386558113823e-02 1.809557386558113476e-02 1.809557386558113823e-02 2.174114958576049347e-02 2.804535561457885753e-02 2.118775866541144567e-02 1.726540366749207411e-02 1.726540366749207758e-02 2.898023875417882200e-02 2.298420911858316262e-02 2.898023875417882547e-02
1.664185124575937036e-02 1.467668268840690952e-02 0.000000000000000000e+00 2.201456134679253066e-02 2.547659015302595337e-02 2.115679581749126473e-02 1.827625379717763218e-02 2.115679581749126473e-02 2.115679581749126473e-02 1.766397608839629860e-02 2.002975329722934614e-02 2.002975329722934614e-02 1.623262713416226410e-02 1.612156122365202005e-02 2.048414733694427919e-02 1.802178042522268112e-02 1.802178042522268112e-02 2.048414733694427919e-02 1.938966806911879281e-02 1.770002983610964933e-02 2.013313477622326320e-02 1.770671047514461166e-02 3.441898781773146399e-02 1.683820492529303214e-02 2.409364122659782628e-02 2.097558936554530865e-02 2.019556241405455130e-02 2.019556241405455477e-02 1.791486498100116134e-02 1.953943216067391062e-02 1.649853636567533838e-02 1.820190348220652662e-02 1.730382908256983612e-02 1.963475632901262591e-02 1.963475632901262244e-02 1.471130494525097615e-02 1.737094141444280038e-02 1.964699321574449667e-02 1.964699321574450014e-02 1.530742767075386236e-02 1.471426949618587394e-02 1.964707045276096672e-02 1.732779759035260950e-02 1.741199431111034590e-02 1.736922348030073976e-02 1.513582605748731331e-02 1.404224349008408555e-02 1.964707045276096672e-02 2.625798372949482776e-02 1.596768675268075630e-02 2.625798372949483123e-02 1.828500547459525893e-02 1.607350161134519020e-02 2.115880326894562652e-02 2.115880326894562652e-02 2.115880326894562652e-02 2.539632831145335543e-02 2.037228135031615706e-02 1.828309211920873742e-02 1.746529934928668301e-02 1.969514251220840992e-02 1.486468022347030293e-02 1.969514251220840992e-02 1.978187669621979047e-02 1.978187669621978700e-02 1.730913858365273547e-02 1.849920686557934152e-02 2.120660316580912086e-02 2.120660316580911739e-02 2.120660316580911739e-02 1.810788394323574121e-02 2.067858131108091940e-02 2.067858131108091940e-02 2.067858131108091593e-02 1.655075595762917767e-02 1.970538638362422795e-02 1.970538638362423142e-02 1.608161112465060841e-02 1.605371642942091462e-02 1.576891573003226174e-02 1.677293516443932944e-02 3.223026887584551359e-02 3.223026887584551359e-02 2.796755313716144109e-02 1.688138065460120796e-02 1.616429709444055021e-02 1.646264463541694673e-02 1.763186130807557414e-02 2.021226644628281929e-02 1.844531049056994179e-02 2.021226644628281929e-02 1.779139259056682076e-02 1.716102988166529758e-02 1.764119122363985367e-02 1.757147215866582124e-02 1.597057102685960420e-02 1.811165152939773690e-02 1.603257113467404862e-02 2.550565056627831020e-02 2.004183047709202567e-02 1.768899124252569510e-02 2.004183047709202220e-02 1.973047350696929131e-02 1.847873377026916508e-02 1.973047350696929131e-02 1.783299393659346435e-02 1.783299393659346435e-02 1.783299393659346435e-02 1.531875946838896600e-02 1.599677378813254072e-02 1.983840317847873624e-02 1.983840317847873624e-02 1.724918865292610418e-02 1.724918865292610418e-02 1.595259781049013573e-02 1.994755839171089701e-02 1.994755839171089701e-02 1.983031825209771726e-02 1.754215714095027842e-02 1.733640981674066869e-02 3.058307408333430649e-02 3.058307408333430649e-02 1.806522724024301613e-02 1.791134556257598445e-02 2.047188288336905873e-02 2.047188288336905873e-02 1.808544331739640743e-02 1.914902951299371839e-02 1.603726858188263965e-02 2.810667220647627626e-02 2.120242887647358007e-02 2.120242887647357313e-02 2.120242887647357660e-02 2.440144693880560989e-02 3.035474011514623788e-02 2.389584799420730460e-02 2.050836354289358940e-02 2.050836354289359287e-02 3.125596313822462391e-02 2.560423219124482661e-02 3.125596313822463085e-02
1.913289204912610106e-02 1.929909724535918900e-02 2.201456134679253066e-02 0.000000000000000000e+00 2.292878612139659725e-02 2.445959105602329292e-02 2.217859117695852519e-02 2.445959105602329292e-02 2.445959105602329639e-02 2.174371832019389786e-02 2.360745780795561743e-02 2.360745780795561743e-02 2.061866485829719556e-02 2.052682542275015981e-02 2.395083839456013317e-02 2.200657771831641268e-02 2.200657771831641268e-02 2.395083839456013317e-02 2.298490235387527433e-02 2.176620630921654448e-02 2.367968244269403125e-02 2.177130124091839966e-02 3.635088943197139350e-02 2.105924372608132186e-02 2.686294719168554057e-02 2.431684188961913407e-02 2.373135564516116666e-02 2.373135564516116666e-02 2.192994737567913188e-02 2.323598415819199889e-02 2.081845950052813726e-02 2.211927480493317347e-02 2.146511758695688124e-02 2.329630400032875817e-02 2.329630400032875817e-02 1.937369789776499651e-02 2.152305023056278604e-02 2.331529960622786765e-02 2.331529960622787112e-02 1.986896425939762428e-02 1.937787585937245094e-02 2.331581021896840522e-02 2.148734234718946076e-02 2.155557775560998368e-02 2.152225481132150411e-02 1.973463098878210087e-02 1.880592498504226120e-02 2.331581021896840522e-02 2.878805950062979929e-02 2.035469046195074322e-02 2.878805950062979929e-02 2.218519797621528941e-02 2.049824501213835803e-02 2.446112217255890647e-02 2.446112217255890994e-02 2.446112217255890994e-02 2.804580240812408476e-02 2.384083025455585245e-02 2.219177210656364183e-02 2.159577312928502232e-02 2.335227434126256954e-02 1.949958251510791954e-02 2.335227434126256954e-02 2.341920881601668170e-02 2.341920881601668170e-02 2.147357989939840950e-02 2.234589176814760075e-02 2.449753253863405991e-02 2.449753253863405991e-02 2.449753253863405644e-02 2.207003160621501259e-02 2.409425116092396915e-02 2.409425116092396568e-02 2.409425116092396915e-02 2.084803364441583859e-02 2.336226341538842621e-02 2.336226341538842621e-02 2.049862696704976214e-02 2.047717908951929983e-02 2.025487114126778287e-02 2.106613681458026008e-02 3.432560686416625401e-02 3.432560686416625401e-02 3.036257132520832000e-02 2.115486359012548959e-02 2.055987536912646380e-02 2.078908052810566828e-02 2.171918413471958173e-02 2.374328868447255630e-02 2.232055932888247704e-02 2.374328868447255630e-02 2.184542415103000318e-02 2.137140782785553958e-02 2.172896794171205043e-02 2.167529058661318148e-02 2.041682166822436639e-02 2.205891181826308278e-02 2.046487447597199888e-02 2.813930192311081546e-02 2.361655531078721629e-02 2.176246347033465242e-02 2.361655531078721629e-02 2.337939332354013050e-02 2.233089406913362981e-02 2.337939332354013397e-02 2.442373462579106730e-02 2.442373462579106730e-02 2.442373462579106730e-02 1.987809811885730971e-02 2.043692500032157772e-02 2.346155424328896441e-02 2.346155424328896788e-02 2.143869027902363389e-02 2.143869027902363389e-02 2.040333637264049940e-02 2.354307485087377833e-02 2.354307485087378179e-02 2.346066698263930828e-02 2.165633768884711249e-02 2.149652652124453556e-02 3.275622736989023537e-02 3.275622736989023537e-02 2.203948492152311284e-02 2.192296788714444625e-02 2.394168777612997595e-02 2.394168777612997595e-02 2.205376173996402914e-02 2.294258406673433531e-02 2.046932651735452330e-02 3.045282955088132390e-02 2.449437122202223135e-02 2.449437122202223829e-02 2.449437122202223829e-02 2.720260559449419815e-02 3.253958582366334173e-02 2.678040931761331914e-02 2.396893994464995015e-02 2.396893994464995015e-02 3.181860122687038550e-02 2.397691822059834499e-02 3.181860122687039938e-02
2.233130430208410053e-02 2.319875899637465280e-02 2.547659015302595337e-02 2.292878612139659725e-02 0.000000000000000000e+00 2.764367716107817008e-02 2.570978562253591754e-02 2.764367716107817008e-02 2.764367716107817355e-02 2.535359442725593562e-02 2.694061466549696124e-02 2.694061466549696124e-02 2.438513917282212132e-02 2.430423138755466797e-02 2.722438333408420952e-02 2.557181642407959504e-02 2.557181642407959504e-02 2.722438333408421299e-02 2.637753532143559745e-02 2.537190850110205773e-02 2.700031697412947837e-02 2.537620808490058041e-02 3.839913301929454015e-02 2.475585774873075018e-02 2.970289353232934831e-02 2.752690824084434718e-02 2.704288736222503278e-02 2.704288736222503278e-02 2.550909672932670166e-02 2.663284502384257943e-02 2.455461059594161999e-02 2.566476701419333206e-02 2.511564335819289201e-02 2.667611454760445908e-02 2.667611454760445214e-02 2.328517224784407147e-02 2.516800391872290460e-02 2.669730150090690937e-02 2.669730150090690937e-02 2.372680194153032468e-02 2.328967067868677535e-02 2.669796793600355544e-02 2.513790026323314136e-02 2.519585769071024800e-02 2.516757992385248652e-02 2.361022611320810760e-02 2.277260434068411471e-02 2.669796793600355544e-02 3.140834132148184743e-02 2.413973470013918918e-02 3.140834132148184743e-02 2.571530789190220809e-02 2.428265466907148992e-02 2.764494069067633883e-02 2.764494069067633883e-02 2.764494069067633883e-02 3.075430432298288663e-02 2.712661530259595152e-02 2.572484551084277052e-02 2.522983827240475249e-02 2.672829084263190699e-02 2.339707322565416289e-02 2.672829084263190699e-02 2.678432540875855944e-02 2.678432540875855944e-02 2.512535330842646103e-02 2.584914541318850123e-02 2.767498268782766710e-02 2.767498268782766710e-02 2.767498268782766710e-02 2.562455366220648886e-02 2.734160970184372833e-02 2.734160970184373526e-02 2.734160970184372833e-02 2.457639682292389952e-02 2.673743449649676474e-02 2.673743449649676474e-02 2.428090160136854234e-02 2.426259354270758270e-02 2.407036244771254205e-02 2.477969614158275977e-02 3.653831820858466362e-02 3.653831820858466362e-02 3.286747447707319414e-02 2.485773484099225439e-02 2.433257047922157690e-02 2.452865191546851897e-02 2.533303511092515822e-02 2.705244954556727463e-02 2.583299745003515141e-02 2.705244954556728157e-02 2.544121507653149608e-02 2.504263928838963704e-02 2.534200828877143999e-02 2.529722651819747356e-02 2.421209843621318497e-02 2.561265441890573161e-02 2.425338012388580586e-02 3.083595672117819125e-02 2.694813875229041047e-02 2.536930960674704458e-02 2.694813875229040701e-02 2.675108730401977095e-02 2.583678048104040212e-02 2.675108730401977095e-02 2.758836978694087852e-02 2.758836978694087852e-02 2.758836978694088199e-02 2.373486264163977150e-02 2.422932659189926466e-02 2.681930209426474504e-02 2.681930209426474851e-02 2.509963147131694106e-02 2.509963147131694106e-02 2.420063403962795581e-02 2.688681483807596473e-02 2.688681483807596473e-02 2.682031061112441495e-02 2.528154500489521866e-02 2.514537330999661036e-02 3.504897435970205644e-02 3.504897435970205644e-02 2.559943283915179849e-02 2.550167896863849912e-02 2.721687647488327949e-02 2.721687647488328296e-02 2.561109029656983768e-02 2.638883218993139101e-02 2.425750234759573368e-02 3.291787612308511024e-02 2.767237602636868007e-02 2.767237602636868007e-02 2.767237602636868007e-02 3.002415747248109515e-02 3.484693713437645585e-02 2.966127666438687221e-02 2.723927595003451316e-02 2.723927595003451316e-02 3.522716982965591603e-02 2.977042696748669406e-02 3.522716982965591603e-02
2.096738629010673136e-02 1.804206334666137029e-02 2.115679581749126473e-02 2.445959105602329292e-02 2.764367716107817008e-02 0.000000000000000000e+00 1.772556429078646703e-02 1.890834461219754320e-02 1.890834461219754320e-02 2.048744926721509513e-02 2.246978438553067642e-02 2.246978438553067642e-02 1.930067105670963887e-02 1.920569965914764587e-02 2.284681009512842809e-02 2.077290367684580738e-02 2.077290367684580738e-02 2.284681009512843156e-02 2.188147799918079353e-02 2.051415289814906284e-02 2.255324453121443015e-02 2.051820014983727833e-02 3.581014682857868586e-02 1.978036540248269415e-02 2.604926152256222677e-02 2.325864877002173717e-02 2.260639291060352260e-02 2.260639291060352260e-02 2.068879819247495741e-02 2.206593446722654103e-02 1.951411658109716493e-02 2.091212929154314185e-02 2.020391635009601700e-02 2.215302120585562612e-02 2.215302120585562612e-02 1.800986260918044368e-02 2.025134100467465559e-02 2.215331937373944682e-02 2.215331937373945029e-02 1.851905920372284159e-02 1.800978223047745158e-02 2.215286491436914765e-02 2.021505278511359985e-02 2.028501837247487574e-02 2.024889844210876408e-02 1.837756679348449482e-02 1.742106369346513306e-02 2.215286491436914765e-02 2.802211988669047957e-02 1.904377268486386054e-02 2.802211988669048651e-02 2.097588970256314411e-02 1.917252279580980087e-02 2.341443687964505499e-02 2.341443687964505499e-02 2.341443687964505499e-02 2.721970685935141618e-02 2.274360152047848888e-02 2.097977353860418226e-02 2.032807498972589999e-02 2.219255377728512543e-02 1.813628164733120315e-02 2.219255377728512543e-02 2.226483040742085334e-02 2.226483040742084640e-02 2.019902830086722084e-02 2.115046906540924213e-02 2.345516778410046063e-02 2.345516778410046063e-02 2.345516778410046063e-02 2.084200684358195402e-02 2.300766324493602050e-02 2.300766324493602397e-02 2.300766324493602050e-02 1.954813958499597090e-02 2.220237363759158464e-02 2.220237363759158811e-02 1.917475061229692926e-02 1.915205546743963330e-02 1.892436794358923549e-02 1.977364593687437611e-02 3.374640008927268925e-02 3.374640008927268925e-02 2.968899359711113517e-02 1.985855356502663760e-02 1.924045172174779217e-02 1.948337713866377108e-02 2.046134470849913026e-02 2.261984157260416364e-02 2.111474568871648042e-02 2.261984157260416364e-02 2.059441741921876415e-02 2.008617321486732415e-02 2.046926323953698890e-02 2.041380165555195872e-02 1.908597906436053024e-02 2.083648983617486516e-02 1.912137563498471360e-02 2.732021147986905818e-02 2.247972359043329954e-02 2.050758979354433062e-02 2.247972359043329607e-02 2.222192403926501886e-02 2.113394755388366825e-02 2.222192403926502580e-02 2.345643670773479503e-02 2.345643670773479850e-02 2.345643670773479850e-02 1.851838287122994225e-02 1.889952749766544288e-02 2.230929582142259643e-02 2.230929582142259643e-02 2.015798811584360029e-02 2.015798811584360029e-02 1.907270881546023478e-02 2.240078110582010423e-02 2.240078110582010770e-02 2.230740819177758766e-02 2.039192735457413808e-02 2.022259790132803145e-02 3.214424663209832639e-02 3.214424663209832639e-02 2.080828604403055920e-02 2.068309157714595670e-02 2.283664315979703346e-02 2.283664315979702999e-02 2.082412891537810742e-02 2.171527782680006402e-02 1.912578597352373316e-02 2.976951031063297323e-02 2.345161073791659362e-02 2.345161073791659362e-02 2.345161073791659362e-02 2.631155454863099569e-02 3.192123059842523480e-02 2.585600120934819848e-02 2.286692607016282269e-02 2.286692607016282269e-02 3.281508432289563515e-02 2.750706292869970621e-02 3.281508432289564209e-02
1.804131793239493672e-02 1.444056771860744229e-02 1.827625379717763218e-02 2.217859117695852519e-02 2.570978562253591754e-02 1.772556429078646703e-02 0.000000000000000000e+00 1.772556429078647050e-02 1.772556429078647050e-02 1.740962897890821134e-02 1.982046584697877770e-02 1.982046584697877423e-02 1.594765232560693691e-02 1.583507807284711966e-02 2.028399153598063609e-02 1.777714746123785355e-02 1.777714746123785355e-02 2.028399153598063609e-02 1.917689185506445473e-02 1.744609148750839167e-02 1.992516069446679736e-02 1.744536453473014698e-02 3.430884632714008287e-02 1.657131172221549056e-02 2.393529947810583980e-02 2.078306478956075398e-02 1.998980672521463720e-02 1.998980672521463720e-02 1.766703178677105773e-02 1.931972893436361902e-02 1.622084261025439136e-02 1.796387454543229428e-02 1.705033557820796047e-02 1.942974619124332447e-02 1.942974619124332100e-02 1.440228535728592038e-02 1.710947719706185435e-02 1.943026876072804013e-02 1.943026876072804360e-02 1.500530369438158630e-02 1.440184299863429308e-02 1.942902179389884715e-02 1.706586892921970952e-02 1.715092276626613288e-02 1.710207311828564405e-02 1.482907853867879676e-02 1.372116885446524916e-02 1.942902179389884368e-02 2.611645589782354143e-02 1.568539245143841382e-02 2.611645589782355184e-02 1.804899819796091168e-02 1.578420622333607040e-02 2.097078382244745368e-02 2.097078382244745021e-02 2.097078382244745021e-02 2.524926759193492701e-02 2.017196390263755953e-02 1.804546559460468852e-02 1.720534935321714129e-02 1.947858828244184229e-02 1.455318988733106736e-02 1.947858828244184229e-02 1.956742259737453971e-02 1.956742259737454318e-02 1.704619201704396861e-02 1.826807907411259410e-02 2.101935399343094618e-02 2.101935399343094271e-02 2.101935399343094271e-02 1.786550987133341678e-02 2.048124373447043553e-02 2.048124373447043900e-02 2.048124373447043900e-02 1.626913787030524750e-02 1.948912431605977560e-02 1.948912431605977560e-02 1.579351124161497422e-02 1.576478325520573945e-02 1.547817007829876794e-02 1.650255577159097375e-02 3.211001028104697869e-02 3.211001028104697175e-02 2.782990863305841167e-02 1.660757067240033191e-02 1.587871482978421567e-02 1.618432785465265256e-02 1.737675631591367384e-02 2.000693768975186915e-02 1.821129187841614636e-02 2.000693768975186915e-02 1.753932753602323313e-02 1.689128507870288690e-02 1.737843969924246501e-02 1.731388715786400662e-02 1.567227666296558408e-02 1.786161773228740063e-02 1.565215810620256692e-02 2.535776246499268916e-02 1.983277830050496002e-02 1.743526870936142059e-02 1.983277830050496002e-02 1.951468066603997964e-02 1.824710007461805700e-02 1.951468066603997617e-02 2.102086892725670009e-02 2.102086892725670009e-02 2.102086892725670009e-02 1.496070463405661626e-02 1.469629732199105587e-02 1.961616115402977159e-02 1.961616115402977159e-02 1.698303003668186553e-02 1.698303003668186553e-02 1.566050960147666316e-02 1.973680277769711625e-02 1.973680277769711625e-02 1.961630298046928081e-02 1.728402392329770124e-02 1.707374942347391830e-02 3.045903518199484863e-02 3.045903518199484170e-02 1.782161569542360310e-02 1.766410501156387078e-02 2.027147919981073243e-02 2.027147919981073243e-02 1.784244445266663232e-02 1.876947804889323931e-02 1.565664737241526452e-02 2.797400586678885914e-02 2.101511074193607165e-02 2.101511074193607165e-02 2.101511074193607165e-02 2.424647641853039728e-02 3.023026167190003000e-02 2.373588907217209776e-02 2.030869603247955832e-02 2.030869603247956873e-02 3.115231601217954838e-02 2.551600303177381512e-02 3.115231601217954838e-02
2.096738629010673136e-02 1.804206334666137029e-02 2.115679581749126473e-02 2.445959105602329292e-02 2.764367716107817008e-02 1.890834461219754320e-02 1.772556429078647050e-02 0.000000000000000000e+00 1.890834461219754320e-02 2.048744926721509513e-02 2.246978438553067642e-02 2.246978438553067642e-02 1.930067105670963540e-02 1.920569965914764587e-02 2.284681009512843156e-02 2.077290367684580738e-02 2.077290367684580044e-02 2.284681009512842809e-02 2.188147799918079353e-02 2.051415289814906631e-02 2.255324453121443362e-02 2.051820014983727486e-02 3.581014682857868586e-02 1.978036540248269415e-02 2.604926152256223371e-02 2.325864877002173717e-02 2.260639291060351913e-02 2.260639291060352260e-02 2.068879819247496088e-02 2.206593446722654450e-02 1.951411658109716493e-02 2.091212929154314878e-02 2.020391635009602047e-02 2.215302120585562265e-02 2.215302120585562265e-02 1.800986260918044715e-02 2.025134100467465559e-02 2.215331937373944682e-02 2.215331937373945029e-02 1.851905920372284159e-02 1.800978223047745505e-02 2.215286491436914765e-02 2.021505278511359985e-02 2.028501837247487921e-02 2.024889844210876755e-02 1.837756679348449829e-02 1.742106369346513653e-02 2.215286491436914765e-02 2.802211988669047957e-02 1.904377268486386054e-02 2.802211988669048304e-02 2.097588970256314411e-02 1.917252279580980434e-02 2.341443687964505499e-02 2.341443687964505499e-02 2.341443687964505499e-02 2.721970685935141618e-02 2.274360152047849581e-02 2.097977353860418226e-02 2.032807498972589999e-02 2.219255377728512543e-02 1.813628164733119968e-02 2.219255377728512543e-02 2.226483040742085334e-02 2.226483040742084987e-02 2.019902830086722084e-02 2.115046906540924559e-02 2.345516778410046410e-02 2.345516778410045716e-02 2.345516778410045716e-02 2.084200684358195055e-02 2.300766324493602050e-02 2.300766324493602050e-02 2.300766324493602050e-02 1.954813958499597090e-02 2.220237363759159158e-02 2.220237363759158811e-02 1.917475061229692926e-02 1.915205546743963677e-02 1.892436794358923202e-02 1.977364593687437264e-02 3.374640008927268925e-02 3.374640008927268925e-02 2.968899359711113517e-02 1.985855356502663760e-02 1.924045172174779564e-02 1.948337713866377108e-02 2.046134470849913026e-02 2.261984157260416364e-02 2.111474568871648042e-02 2.261984157260416364e-02 2.059441741921876415e-02 2.008617321486733109e-02 2.046926323953698543e-02 2.041380165555196566e-02 1.908597906436053718e-02 2.083648983617486863e-02 1.912137563498471360e-02 2.732021147986906165e-02 2.247972359043329607e-02 2.050758979354432715e-02 2.247972359043329260e-02 2.222192403926502233e-02 2.113394755388366478e-02 2.222192403926502233e-02 2.345643670773479156e-02 2.345643670773479503e-02 2.345643670773479503e-02 1.851838287122994572e-02 1.889952749766544288e-02 2.230929582142259643e-02 2.230929582142259643e-02 2.015798811584359682e-02 2.015798811584359682e-02 1.907270881546023478e-02 2.240078110582010423e-02 2.240078110582010423e-02 2.230740819177758766e-02 2.039192735457413808e-02 2.022259790132803145e-02 3.214424663209832639e-02 3.214424663209832639e-02 2.080828604403055573e-02 2.068309157714595670e-02 2.283664315979703346e-02 2.283664315979703346e-02 2.082412891537810742e-02 2.171527782680006402e-02 1.912578597352372622e-02 2.976951031063297323e-02 2.345161073791659015e-02 2.345161073791658668e-02 2.345161073791658668e-02 2.631155454863099569e-02 3.192123059842523480e-02 2.585600120934819848e-02 2.286692607016282269e-02 2.286692607016282269e-02 3.281508432289563515e-02 2.750706292869970968e-02 3.281508432289564209e-02
2.096738629010673136e-02 1.804206334666137029e-02 2.115679581749126473e-02 2.445959105602329639e-02 2.764367716107817355e-02 1.890834461219754320e-02 1.772556429078647050e-02 1.890834461219754320e-02 0.000000000000000000e+00 2.048744926721508819e-02 2.246978438553067642e-02 2.246978438553067642e-02 1.930067105670963887e-02 1.920569965914764587e-02 2.284681009512843156e-02 2.077290367684580391e-02 2.077290367684580044e-02 2.284681009512842809e-02 2.188147799918079353e-02 2.051415289814906631e-02 2.255324453121443015e-02 2.051820014983727486e-02 3.581014682857867892e-02 1.978036540248269415e-02 2.604926152256222677e-02 2.325864877002173370e-02 2.260639291060351913e-02 2.260639291060352260e-02 2.068879819247496088e-02 2.206593446722653756e-02 1.951411658109716146e-02 2.091212929154314532e-02 2.020391635009602047e-02 2.215302120585562265e-02 2.215302120585562265e-02 1.800986260918044368e-02 2.025134100467465559e-02 2.215331937373944682e-02 2.215331937373945029e-02 1.851905920372283812e-02 1.800978223047744811e-02 2.215286491436914418e-02 2.021505278511360332e-02 2.028501837247487574e-02 2.024889844210876408e-02 1.837756679348449829e-02 1.742106369346513306e-02 2.215286491436914765e-02 2.802211988669047957e-02 1.904377268486385708e-02 2.802211988669047957e-02 2.097588970256314411e-02 1.917252279580980434e-02 2.341443687964505499e-02 2.341443687964505152e-02 2.341443687964505152e-02 2.721970685935141271e-02 2.274360152047849234e-02 2.097977353860417879e-02 2.032807498972589999e-02 2.219255377728512196e-02 1.813628164733119968e-02 2.219255377728512543e-02 2.226483040742084987e-02 2.226483040742084987e-02 2.019902830086722084e-02 2.115046906540924559e-02 2.345516778410046410e-02 2.345516778410046063e-02 2.345516778410046063e-02 2.084200684358195055e-02 2.300766324493602050e-02 2.300766324493602050e-02 2.300766324493602050e-02 1.954813958499596743e-02 2.220237363759158464e-02 2.220237363759158464e-02 1.917475061229692926e-02 1.915205546743963330e-02 1.892436794358922855e-02 1.977364593687437264e-02 3.374640008927268925e-02 3.374640008927268925e-02 2.968899359711113517e-02 1.985855356502663760e-02 1.924045172174779564e-02 1.948337713866377108e-02 2.046134470849913026e-02 2.261984157260416364e-02 2.111474568871648042e-02 2.261984157260416364e-02 2.059441741921876415e-02 2.008617321486733456e-02 2.046926323953698543e-02 2.041380165555196219e-02 1.908597906436052677e-02 2.083648983617486863e-02 1.912137563498471360e-02 2.732021147986905818e-02 2.247972359043329954e-02 2.050758979354432715e-02 2.247972359043329260e-02 2.222192403926502233e-02 2.113394755388366478e-02 2.222192403926502233e-02 2.345643670773479156e-02 2.345643670773479156e-02 2.345643670773479156e-02 1.851838287122994572e-02 1.889952749766543941e-02 2.230929582142259643e-02 2.230929582142259643e-02 2.015798811584359335e-02 2.015798811584359335e-02 1.907270881546023478e-02 2.240078110582010423e-02 2.240078110582010423e-02 2.230740819177758766e-02 2.039192735457413461e-02 2.022259790132803145e-02 3.214424663209832639e-02 3.214424663209832639e-02 2.080828604403055920e-02 2.068309157714595670e-02 2.283664315979703346e-02 2.283664315979702999e-02 2.082412891537810742e-02 2.171527782680006402e-02 1.912578597352372622e-02 2.976951031063296629e-02 2.345161073791659015e-02 2.345161073791659015e-02 2.345161073791659015e-02 2.631155454863099222e-02 3.192123059842522786e-02 2.585600120934819848e-02 2.286692607016281922e-02 2.286692607016282269e-02 3.281508432289564209e-02 2.750706292869970968e-02 3.281508432289564903e-02
1.741529935649245228e-02 1.354420580809005681e-02 1.766397608839629860e-02 2.174371832019389786e-02 2.535359442725593562e-02 2.048744926721509513e-02 1.740962897890821134e-02 2.048744926721509513e-02 2.048744926721508819e-02 0.000000000000000000e+00 1.683445368314745449e-02 1.683445368314745796e-02 1.410889298413785242e-02 1.349195093037750676e-02 1.976251117451770928e-02 1.711125736748367668e-02 1.711125736748367321e-02 1.976251117451770928e-02 1.863172754309506268e-02 1.675201218679353218e-02 1.938415610602644765e-02 1.675941202590038731e-02 3.404346090206243625e-02 1.583905436968700495e-02 2.354344024932363000e-02 2.029486800558000931e-02 1.944929536346319890e-02 1.944929536346319890e-02 1.698875636946145865e-02 1.856181759601660888e-02 1.532394420431284522e-02 1.718625363396684286e-02 1.630520302198428320e-02 1.884599185455352807e-02 1.884599185455352807e-02 1.344233938631227143e-02 1.635908490721894176e-02 1.883719446300266553e-02 1.883719446300266553e-02 1.405383190369538515e-02 1.350641632543405149e-02 1.884739888186346204e-02 1.633436009656581700e-02 1.641882640247543934e-02 1.637254634157562019e-02 1.394823199864896751e-02 1.279917946287166194e-02 1.884739888186346551e-02 2.576723853518964047e-02 1.490810065615149997e-02 2.576723853518964047e-02 1.741924864275885831e-02 1.495555077470071305e-02 2.048959272895664943e-02 2.048959272895664943e-02 2.048959272895664943e-02 2.488433966850444809e-02 1.965343709915751483e-02 1.741224136361409561e-02 1.647938110876852671e-02 1.890035444787526234e-02 1.366992829327475303e-02 1.890035444787526234e-02 1.898205326942824928e-02 1.898205326942824928e-02 1.629771465949605980e-02 1.765494425446828899e-02 2.054061356263268620e-02 2.054061356263268620e-02 2.054061356263268620e-02 1.720809068743484049e-02 1.997485130462081648e-02 1.997485130462081301e-02 1.997485130462081301e-02 1.551045794419611545e-02 1.890987745967315573e-02 1.890987745967315226e-02 1.497163951788826365e-02 1.494081760595905410e-02 1.462706403588576176e-02 1.570855297334397202e-02 3.181865340198757747e-02 3.181865340198757053e-02 2.749290954555018082e-02 1.582126027340323426e-02 1.506585929990776965e-02 1.540103335454909295e-02 1.666964794100301087e-02 1.946788952911208959e-02 1.758515755061414165e-02 1.946788952911208959e-02 1.684195506913330545e-02 1.612987405144652303e-02 1.667614193291023714e-02 1.659791485434503056e-02 1.484283012713573553e-02 1.722590379787369494e-02 1.491195508188052944e-02 2.499668567738425745e-02 1.927799043059857595e-02 1.672095671812073858e-02 1.927799043059857595e-02 1.893918639245923199e-02 1.763224677453636285e-02 1.893918639245923199e-02 2.054220851755600430e-02 2.054220851755600777e-02 2.054220851755600430e-02 1.415158839379853858e-02 1.487260126460614694e-02 1.905738478326876942e-02 1.905738478326876942e-02 1.622890063395179480e-02 1.622890063395179480e-02 1.482238880932290614e-02 1.917856680239578282e-02 1.917856680239578282e-02 1.904411149557653712e-02 1.656216752960842573e-02 1.633600321731721455e-02 3.015796212944761578e-02 3.015796212944760538e-02 1.714092678076119952e-02 1.687823709742564127e-02 1.972888791901031974e-02 1.972888791901032321e-02 1.718067805119914346e-02 1.829216653998904860e-02 1.491619601470749873e-02 2.762686064804559943e-02 2.053616002720794892e-02 2.053616002720794892e-02 2.053616002720794892e-02 2.385797844668702261e-02 2.992158969912559960e-02 2.331676830002114148e-02 1.978857798716112532e-02 1.978857798716112879e-02 3.085596040987985747e-02 2.515183244525922776e-02 3.085596040987985053e-02
1.982657361781429636e-02 1.666794218924180435e-02 2.002975329722934614e-02 2.360745780795561743e-02 2.694061466549696124e-02 2.246978438553067642e-02 1.982046584697877770e-02 2.246978438553067642e-02 2.246978438553067642e-02 1.683445368314745449e-02 0.000000000000000000e+00 1.809731923874095122e-02 1.781219724205499247e-02 1.620828116951739464e-02 2.183657205281755095e-02 1.958724029311282103e-02 1.958724029311282103e-02 2.183657205281754748e-02 2.085166484111350763e-02 1.930168650843204145e-02 2.151330456083656167e-02 1.930764458678799547e-02 3.530688527733336773e-02 1.853314720662837395e-02 2.529177573077175806e-02 2.230192184537668418e-02 2.156842191975857914e-02 2.156842191975857567e-02 1.949153067811915455e-02 2.093316314444182077e-02 1.820907796227347331e-02 1.973696776846896664e-02 1.894825732032995660e-02 2.105992454078920231e-02 2.105992454078920231e-02 1.656988324747207114e-02 1.898869220141979203e-02 2.104842415014653370e-02 2.104842415014653370e-02 1.707876665387423123e-02 1.663696294837594541e-02 2.106156066059043652e-02 1.897081334593442650e-02 1.904221117527531495e-02 1.900455782706469629e-02 1.701760517281712334e-02 1.602733390049840279e-02 2.106156066059043305e-02 2.733649982231739495e-02 1.775668808604292243e-02 2.733649982231739495e-02 1.982836907328590012e-02 1.785301062104443712e-02 2.247168297760289077e-02 2.247168297760289077e-02 2.247168297760289077e-02 2.649552240480297291e-02 2.174055563952191281e-02 1.982797420920336465e-02 1.908985489501899627e-02 2.110570623577812110e-02 1.677076512379852696e-02 2.110570623577812110e-02 2.116894024602564497e-02 2.116894024602564497e-02 1.893906096082651966e-02 2.002233900817522103e-02 2.251693436375381413e-02 2.251693436375381413e-02 2.251693436375381066e-02 1.966495964396319449e-02 2.201987879291297107e-02 2.201987879291297454e-02 2.201987879291297107e-02 1.827299561043129600e-02 2.111481609927422926e-02 2.111481609927422926e-02 1.785879273693054617e-02 1.783447475197865242e-02 1.758853055796572029e-02 1.848393875766875943e-02 3.319725433468614928e-02 3.319725433468615622e-02 2.905067952722685878e-02 1.857499774999324046e-02 1.793113452529398674e-02 1.819473822791541767e-02 1.923853087260291028e-02 2.158397264575502225e-02 1.997069021850675710e-02 2.158397264575502572e-02 1.938082564130056903e-02 1.882108516251849301e-02 1.924620882676305114e-02 1.918539654576981515e-02 1.776213854967634634e-02 1.967423256030776529e-02 1.781660284791992954e-02 2.660168322777289179e-02 2.142473252006525664e-02 1.928703960064851591e-02 2.142473252006525317e-02 2.113834085986332489e-02 2.000369643581528106e-02 2.113834085986332489e-02 2.251834931827135025e-02 2.251834931827136066e-02 2.251834931827135719e-02 1.717883621563977975e-02 1.778516250919357292e-02 2.123739509671492692e-02 2.123739509671493039e-02 1.889904862450011644e-02 1.889904862450011644e-02 1.774637432534773018e-02 2.133894684152420201e-02 2.133894684152420548e-02 2.122876882310557878e-02 1.915790283064626107e-02 1.897497508725860468e-02 3.157075773821844955e-02 3.157075773821844955e-02 1.962316895932548003e-02 1.946912235884479606e-02 2.182131882199345521e-02 2.182131882199345174e-02 1.964426149459869153e-02 2.060699105286771526e-02 1.782090856371558799e-02 2.913662824008895341e-02 2.251297420757338713e-02 2.251297420757338366e-02 2.251297420757338366e-02 2.553460421072761485e-02 3.134203223416905104e-02 2.504578931458364965e-02 2.185923794494679107e-02 2.185923794494679107e-02 3.225283333656720625e-02 2.680688799254310820e-02 3.225283333656720625e-02
