0.000000000000000000e+00 1.408654237360749614e-02 1.683697827868186475e-02 1.895324178373919422e-02 2.077869002127638587e-02 2.141959435443720194e-02 1.867474632985946514e-02 2.141959435443720194e-02 2.141959435443720541e-02 1.775805535187151979e-02 1.984022335524568068e-02 1.984022335524568068e-02 1.641530114536016161e-02 1.624561086352245207e-02 2.048753044701966813e-02 1.827029420622508851e-02 1.827029420622508851e-02 2.048753044701967160e-02 1.968295534364484026e-02 1.785213116172287492e-02 2.005931161047591268e-02 1.786306690194975830e-02 3.104357565006417990e-02 1.731123939434090278e-02 2.535633941643277919e-02 2.094362742334045582e-02 2.014514164145508532e-02 2.014514164145508532e-02 1.815059701169283168e-02 1.932203647854398992e-02 1.672555494387400338e-02 1.844624118283352820e-02 1.715028202097061000e-02 1.916987284425217264e-02 1.916987284425216917e-02 1.479947580761529699e-02 1.735243656615910457e-02 1.933093193874498711e-02 1.933093193874499405e-02 1.544797377821070447e-02 1.484214889237744223e-02 1.933790289377753518e-02 1.724737053944550708e-02 1.743075792449427092e-02 1.735489421561347070e-02 1.522691482338977761e-02 1.415256948249586991e-02 1.933790289377753865e-02 2.531731719677853681e-02 1.635563176096797855e-02 2.531731719677853681e-02 1.869132787349936375e-02 1.618682758309794231e-02 2.142483471489753724e-02 2.142483471489753377e-02 2.142483471489753377e-02 2.446410741698360272e-02 2.014958723699874360e-02 1.851032244986126202e-02 1.748540834729457247e-02 1.941733189148439967e-02 1.505047132765636314e-02 1.941733189148439967e-02 1.950646768515562623e-02 1.950646768515562970e-02 1.728493437376080882e-02 1.902366841437159312e-02 2.152666077978779985e-02 2.152666077978779291e-02 2.152666077978779638e-02 1.843174665995530107e-02 2.072014461565844026e-02 2.072014461565843679e-02 2.072014461565844026e-02 1.686939179865945201e-02 1.942541354350917765e-02 1.942541354350917418e-02 1.617906152113765192e-02 1.615910154196679646e-02 1.570984548410810089e-02 1.655696037412520208e-02 3.487687122943589763e-02 3.487687122943590456e-02 3.187385903472854387e-02 1.674946509716785173e-02 1.629313340521978612e-02 1.673883047327059947e-02 1.774949896514989647e-02 2.014604219064738619e-02 1.873961151074730533e-02 2.014604219064738272e-02 1.792308777816540091e-02 1.711941282905008258e-02 1.770280736815841791e-02 1.755953956427700954e-02 1.605034728821733148e-02 1.827985688462866257e-02 1.612572335596646964e-02 2.463087592498275358e-02 1.985876353027793417e-02 1.779582426550692723e-02 1.985876353027793764e-02 1.947237665625940056e-02 1.897996181818860720e-02 1.947237665625940403e-02 2.089203679104040950e-02 2.089203679104040950e-02 2.089203679104040604e-02 1.547143858627596062e-02 1.608405164302732782e-02 1.959769712450194767e-02 1.959769712450194767e-02 1.724499062595028984e-02 1.724499062595028984e-02 1.602684498188469697e-02 1.978771951475047017e-02 1.978771951475047017e-02 1.959478291807026026e-02 1.759084573723805958e-02 1.733606201673168826e-02 3.129939230542295309e-02 3.129939230542296003e-02 1.834678457945257760e-02 1.813879838193695193e-02 2.047360003402960704e-02 2.047360003402960704e-02 1.838911611620273889e-02 1.880026687029419385e-02 1.613550951103997350e-02 2.789627083794042270e-02 2.151465666357970513e-02 2.151465666357969819e-02 2.151465666357969819e-02 2.331690207826234498e-02 3.138083913432831995e-02 2.276130742615730188e-02 2.054477336238937427e-02 2.054477336238937427e-02 3.231889388520957362e-02 2.693799729088558123e-02 3.231889388520957362e-02
1.408654237360749614e-02 0.000000000000000000e+00 1.533312994573941476e-02 2.001739033698812439e-02 2.250457584330396027e-02 1.837217998895474338e-02 1.498890440653110646e-02 1.837217998895473992e-02 1.837217998895474685e-02 1.366103411379541652e-02 1.641328465759463867e-02 1.641328465759464214e-02 1.167889467398344414e-02 1.138548694384926979e-02 1.724363860705544274e-02 1.441584917229470075e-02 1.441584917229470422e-02 1.724363860705544621e-02 1.628245985196523707e-02 1.382508226745809109e-02 1.671350391231211582e-02 1.384065076423050128e-02 2.890081937173314547e-02 1.313728986208518613e-02 2.271951180484611463e-02 1.780600488085981939e-02 1.681779240412643178e-02 1.681779240412642831e-02 1.424472011083332407e-02 1.574364746120530956e-02 1.219017687223077941e-02 1.467808024279459132e-02 1.177134878321226159e-02 1.452180193193957844e-02 1.452180193193957497e-02 8.592448222422211651e-03 1.299026006915647048e-02 1.568616642808639411e-02 1.568616642808639411e-02 1.008884860568062813e-02 9.109932942597242719e-03 1.575596081043261973e-02 1.283744483804614284e-02 1.316884802695212839e-02 1.305356890765786877e-02 9.692428356516760019e-03 7.900601005017913320e-03 1.575596081043262667e-02 2.277699071767910408e-02 1.175512237217691928e-02 2.277699071767910408e-02 1.501083274257049120e-02 1.127235045362398776e-02 1.837835347354392287e-02 1.837835347354391941e-02 1.837835347354392287e-02 2.184325131578185308e-02 1.683064349457252806e-02 1.474883600097075600e-02 1.325157816105449783e-02 1.586377445293413874e-02 9.508543061479537983e-03 1.586377445293413874e-02 1.597449608277416722e-02 1.597449608277416375e-02 1.294968637810579686e-02 1.544590806449410055e-02 1.849801823700062894e-02 1.849801823700062547e-02 1.849801823700062200e-02 1.464236379709833898e-02 1.753280938811153933e-02 1.753280938811153239e-02 1.753280938811153239e-02 1.246056227627620298e-02 1.587019696715348885e-02 1.587019696715348538e-02 1.128678633925199980e-02 1.125749098123530849e-02 9.895266057334404369e-03 1.114253673721654278e-02 3.272882263237230499e-02 3.272882263237230499e-02 2.956293550357536049e-02 1.192347953538671484e-02 1.148376977376949770e-02 1.222937825465734638e-02 1.366034699976204775e-02 1.681630865356375029e-02 1.504944871221653747e-02 1.681630865356374682e-02 1.389586537224903051e-02 1.265735721762287040e-02 1.357629547369456138e-02 1.335795973105161245e-02 1.104214584263463368e-02 1.444167938431239161e-02 1.117334009161687070e-02 2.202874361382990004e-02 1.644066238039177882e-02 1.371995608894299029e-02 1.644066238039177882e-02 1.593761577232390494e-02 1.538893693965647479e-02 1.593761577232390494e-02 1.846980857790960634e-02 1.846980857790960634e-02 1.846980857790960634e-02 1.017397246421067672e-02 1.110491331055983924e-02 1.610249232426431976e-02 1.610249232426431976e-02 1.286168505017076455e-02 1.286168505017076628e-02 1.099545929901549722e-02 1.635733341318107090e-02 1.635733341318107784e-02 1.608975493164364889e-02 1.340270085697890627e-02 1.302717733041632714e-02 2.906896936133695000e-02 2.906896936133695000e-02 1.452124056632128277e-02 1.423394489037081712e-02 1.722621988344434640e-02 1.722621988344435681e-02 1.458204490681300029e-02 1.500919890134927610e-02 1.118421460175280345e-02 2.552162429960115955e-02 1.848392483976408693e-02 1.848392483976408693e-02 1.848392483976408693e-02 2.054736542606556277e-02 2.915357242652030431e-02 1.991582099294125427e-02 1.731538743778486544e-02 1.731538743778486197e-02 3.052223420733838136e-02 2.539804562057224394e-02 3.052223420733838136e-02
1.683697827868186475e-02 1.533312994573941476e-02 0.000000000000000000e+00 2.278353162440011070e-02 2.489139652665341845e-02 2.176576433102547087e-02 1.909944191618031042e-02 2.176576433102546740e-02 2.176576433102546740e-02 1.822548635752054350e-02 2.023629553826152006e-02 2.023629553826152352e-02 1.693294454932142701e-02 1.677175371863931855e-02 2.085975678473906553e-02 1.871329996885902694e-02 1.871329996885902694e-02 2.085975678473906553e-02 2.007692839669657919e-02 1.831451696755677372e-02 2.044765362858476723e-02 1.832500014142205216e-02 3.126575924900111547e-02 1.779008247785006033e-02 2.564479832708710036e-02 2.130406101889982182e-02 2.052995702575828238e-02 2.052995702575828238e-02 1.860008294375858212e-02 1.973903965287310269e-02 1.722909891534516250e-02 1.888920990728049434e-02 1.775504793948909713e-02 1.972815058020211537e-02 1.972815058020211537e-02 1.540840849832393090e-02 1.784415064584293428e-02 1.975391653104518683e-02 1.975391653104519377e-02 1.600070157682439292e-02 1.540972270137521381e-02 1.975300940593589447e-02 1.774446295775239726e-02 1.791268100837696900e-02 1.784028138288099377e-02 1.578610482158275541e-02 1.474041679388683919e-02 1.975300940593589447e-02 2.559566366798917900e-02 1.686252559705433626e-02 2.559566366798918247e-02 1.911541015862855755e-02 1.671498837779217955e-02 2.177088147836410068e-02 2.177088147836410068e-02 2.177088147836410414e-02 2.475223285703477202e-02 2.053352531317109014e-02 1.894467298363242125e-02 1.796508539700390761e-02 1.982909591124407817e-02 1.561009977618386772e-02 1.982909591124407817e-02 1.991557245271372012e-02 1.991557245271372706e-02 1.777323649698372976e-02 1.943569432990970708e-02 2.187039573823883198e-02 2.187039573823883198e-02 2.187039573823883198e-02 1.886799972541650453e-02 2.108507233589424976e-02 2.108507233589425323e-02 2.108507233589424976e-02 1.736237680270551545e-02 1.983735513180843665e-02 1.983735513180843318e-02 1.670587525626530262e-02 1.668654205696473020e-02 1.631522949656169161e-02 1.715162676097030034e-02 3.509295401366532841e-02 3.509295401366533534e-02 3.211053564885432005e-02 1.727695460089693005e-02 1.681518854202124560e-02 1.723975271044983493e-02 1.821669351588159694e-02 2.053000836302854709e-02 1.916439376430472893e-02 2.053000836302854709e-02 1.838457889593714256e-02 1.761731490903376690e-02 1.817287277655353639e-02 1.803698006038435137e-02 1.658380022915318872e-02 1.872277867734834303e-02 1.665596573057391561e-02 2.491661836224642185e-02 2.025371060278307808e-02 1.826121869450650359e-02 2.025371060278307808e-02 1.988210626966457548e-02 1.939356932447696205e-02 1.988210626966457548e-02 1.702891821573787948e-02 1.702891821573787948e-02 1.702891821573787948e-02 1.602001200100994574e-02 1.661598498470483534e-02 2.000235412863371476e-02 2.000235412863371823e-02 1.773712767130187010e-02 1.773712767130187010e-02 1.656142226112171378e-02 2.018512973976849950e-02 2.018512973976850297e-02 2.000042194276577256e-02 1.806633477282593159e-02 1.782197741744035238e-02 3.152942405587265406e-02 3.152942405587266100e-02 1.878672753736992940e-02 1.858721768781853093e-02 2.084631261293325155e-02 2.084631261293325502e-02 1.882710946669093402e-02 1.923877286354598939e-02 1.666564228875573594e-02 2.815188568574625294e-02 2.185864232636608451e-02 2.185864232636608798e-02 2.185864232636608451e-02 2.362650833971036146e-02 3.161186752237980790e-02 2.308161165255919259e-02 2.091520557092872018e-02 2.091520557092871671e-02 3.290314403366384477e-02 2.804842755482591168e-02 3.290314403366384477e-02
1.895324178373919422e-02 2.001739033698812439e-02 2.278353162440011070e-02 0.000000000000000000e+00 2.132151714324796374e-02 2.522843069464895949e-02 2.308704608183195089e-02 2.522843069464895949e-02 2.522843069464896643e-02 2.245525451818173451e-02 2.407022806019685698e-02 2.407022806019685698e-02 2.141952222758997451e-02 2.128671223093683493e-02 2.454271475051179874e-02 2.281912899233698444e-02 2.281912899233698444e-02 2.454271475051180221e-02 2.382822223159408032e-02 2.251562223612612115e-02 2.422248975638548532e-02 2.252377340359224336e-02 3.352783450440676577e-02 2.204633190617114047e-02 2.840867759774171053e-02 2.487894633397014915e-02 2.428907189685348272e-02 2.428907189685347925e-02 2.273635205882183416e-02 2.368659287617381343e-02 2.164832342893318815e-02 2.292656785012986767e-02 2.207937807655307311e-02 2.365980062753028287e-02 2.365980062753028287e-02 2.015841953364928829e-02 2.216225639469587838e-02 2.369856143572480339e-02 2.369856143572481033e-02 2.065646585692374609e-02 2.016366498997154005e-02 2.369900774607022406e-02 2.208566706218776862e-02 2.221607352437789465e-02 2.216040929775338689e-02 2.048675526306845823e-02 1.959128798414502479e-02 2.369900774607022753e-02 2.844782966133806504e-02 2.130475575902501112e-02 2.844782966133806504e-02 2.309924337981350551e-02 2.125223868272325956e-02 2.523231654369430255e-02 2.523231654369430255e-02 2.523231654369430602e-02 2.776503013136723264e-02 2.427167054790810297e-02 2.299332478889750883e-02 2.225766092510288174e-02 2.375725612933898834e-02 2.032668287762613366e-02 2.375725612933899181e-02 2.382492168870440144e-02 2.382492168870440144e-02 2.210447390157184791e-02 2.334243050417017171e-02 2.530774993683389609e-02 2.530774993683389609e-02 2.530774993683389262e-02 2.293434173434520662e-02 2.470983743203006289e-02 2.470983743203006289e-02 2.470983743203006289e-02 2.173459492311774141e-02 2.376599120940154838e-02 2.376599120940154145e-02 2.123893591221820767e-02 2.122389136787370886e-02 2.092608223331271500e-02 2.161632175926530425e-02 3.716712725104386744e-02 3.716712725104386050e-02 3.436480215806613642e-02 2.172399356143405597e-02 2.132093300042579853e-02 2.165051685278052834e-02 2.244688412728020749e-02 2.428982096519469169e-02 2.316644579689167843e-02 2.428982096519468822e-02 2.258415172272757940e-02 2.199411295239933270e-02 2.241822687064026765e-02 2.231618137221120027e-02 2.114717484968025446e-02 2.281792431511370234e-02 2.120423978128639295e-02 2.789845545973286545e-02 2.408342009049611529e-02 2.248254456516548747e-02 2.408342009049611529e-02 2.379830387683593007e-02 2.331121334828035324e-02 2.379830387683593007e-02 2.515003606667872565e-02 2.515003606667872565e-02 2.515003606667872565e-02 2.067228397508821466e-02 2.117237751851153496e-02 2.389062392215105315e-02 2.389062392215105662e-02 2.208673619656952719e-02 2.208673619656952719e-02 2.113009012072433052e-02 2.402740171069001063e-02 2.402740171069001410e-02 2.389418111117750168e-02 2.233753913073439901e-02 2.214368653315398547e-02 3.376653904659102784e-02 3.376653904659102784e-02 2.287557878568446945e-02 2.272185372631504302e-02 2.453270247032607668e-02 2.453270247032608015e-02 2.290448984086088102e-02 2.330674800099909877e-02 2.121292300687259089e-02 3.065946749266608082e-02 2.529892195718438583e-02 2.529892195718438583e-02 2.529892195718438930e-02 2.685104323627654846e-02 3.384959542633277085e-02 2.641364711051201117e-02 2.458399795582210876e-02 2.458399795582210876e-02 3.237352415058324800e-02 2.477228031259068666e-02 3.237352415058324800e-02
2.077869002127638587e-02 2.250457584330396027e-02 2.489139652665341845e-02 2.132151714324796374e-02 0.000000000000000000e+00 2.722859345348137977e-02 2.529828458269684985e-02 2.722859345348137977e-02 2.722859345348137977e-02 2.473966575123033237e-02 2.618888050264513850e-02 2.618888050264513503e-02 2.381002146344458198e-02 2.368974963858458058e-02 2.661022594324559051e-02 2.506133667790022210e-02 2.506133667790022210e-02 2.661022594324559745e-02 2.596588952767297717e-02 2.479313977749149356e-02 2.632540613293504056e-02 2.480038961876826487e-02 3.501698961755594225e-02 2.436877975327472745e-02 3.023185899699435547e-02 2.691507583066725384e-02 2.638409916470250971e-02 2.638409916470250971e-02 2.498877815220615015e-02 2.584864827513793512e-02 2.401362835403334298e-02 2.516415728720450620e-02 2.439950670352422982e-02 2.581409951213027229e-02 2.581409951213027229e-02 2.266312435430930736e-02 2.447951994228687173e-02 2.585797066014551560e-02 2.585797066014551560e-02 2.311914546547313293e-02 2.266966702946113243e-02 2.585892336047762238e-02 2.441268186488496084e-02 2.452756874873942422e-02 2.447838222740831779e-02 2.296700332086721447e-02 2.214206419496137293e-02 2.585892336047762932e-02 3.019865298938502821e-02 2.369732279179060166e-02 3.019865298938503514e-02 2.530915169977027840e-02 2.366133796965954467e-02 2.723212850976181737e-02 2.723212850976181737e-02 2.723212850976182084e-02 2.955426533347439710e-02 2.636877269635583276e-02 2.521780548542979297e-02 2.456487570606991078e-02 2.591064429212473763e-02 2.281732634848272420e-02 2.591064429212474110e-02 2.597086936060005388e-02 2.597086936060005735e-02 2.442782765919511087e-02 2.552597826333302330e-02 2.730089236869746513e-02 2.730089236869746513e-02 2.730089236869746167e-02 2.516364923391971320e-02 2.676019967047367498e-02 2.676019967047367498e-02 2.676019967047367845e-02 2.408779686856907243e-02 2.591872816134918947e-02 2.591872816134918947e-02 2.364790864233190515e-02 2.363461205423362382e-02 2.336569916948999862e-02 2.399071476040061726e-02 3.864954981507641441e-02 3.864954981507641441e-02 3.595857845575343298e-02 2.409041177691347013e-02 2.372034968430967311e-02 2.401425942332338637e-02 2.473234208816059779e-02 2.638446008179714738e-02 2.537034303344677666e-02 2.638446008179714738e-02 2.485581600958468307e-02 2.433210146574132232e-02 2.470738594115181458e-02 2.461790152969690892e-02 2.356698661409289616e-02 2.506149733344363584e-02 2.361798462751129798e-02 2.967873310262698558e-02 2.620063418352955656e-02 2.476387296777578240e-02 2.620063418352955656e-02 2.594741178048388247e-02 2.549812580100289244e-02 2.594741178048388247e-02 2.711116610901041779e-02 2.711116610901042126e-02 2.711116610901042126e-02 2.313360531965114389e-02 2.358955106809371149e-02 2.602918362063007945e-02 2.602918362063007945e-02 2.441435918337695951e-02 2.441435918337695951e-02 2.355181122717869835e-02 2.615093910770726476e-02 2.615093910770726476e-02 2.603279512296876458e-02 2.463590430432937781e-02 2.446280287454902572e-02 3.531705414652328012e-02 3.531705414652328012e-02 2.511155011143968718e-02 2.497494413846560596e-02 2.660128520989207476e-02 2.660128520989207476e-02 2.513709569396900198e-02 2.551159292132856860e-02 2.362602518921300132e-02 3.232959420361518343e-02 2.729281104310554706e-02 2.729281104310554359e-02 2.729281104310554359e-02 2.871292055234204652e-02 3.540822604847283089e-02 2.831399878372657317e-02 2.664724713725917168e-02 2.664724713725917168e-02 3.578415479840529878e-02 3.055240161296681606e-02 3.578415479840529878e-02
2.141959435443720194e-02 1.837217998895474338e-02 2.176576433102547087e-02 2.522843069464895949e-02 2.722859345348137977e-02 0.000000000000000000e+00 1.689349621110416630e-02 1.765997034595730153e-02 1.765997034595730153e-02 2.075338571483313632e-02 2.248753630565158979e-02 2.248753630565158979e-02 1.964875430309380791e-02 1.950949567276377347e-02 2.301736683842162470e-02 2.115715386224415254e-02 2.115715386224414907e-02 2.301736683842162123e-02 2.230683618239032856e-02 2.082375102922143575e-02 2.266340730135952067e-02 2.082899198722225689e-02 3.264892378963565878e-02 2.035424877961174162e-02 2.736390713113959552e-02 2.339989793427987505e-02 2.273538653004008800e-02 2.273538653004008800e-02 2.106445184531626283e-02 2.206625956442995543e-02 1.989609573285048769e-02 2.130341161660661425e-02 2.037696100502360552e-02 2.207907846074848648e-02 2.207907846074848648e-02 1.833232284705214876e-02 2.043585587198482739e-02 2.207974719620393531e-02 2.207974719620393877e-02 1.884421961060989137e-02 1.832753391394387199e-02 2.207738675847361123e-02 2.035342980779500724e-02 2.049232615654887624e-02 2.042953254283687986e-02 1.866245296176690521e-02 1.773407571222404555e-02 2.207738675847361470e-02 2.728559097234329808e-02 1.955549416352813513e-02 2.728559097234330155e-02 2.148507838749009677e-02 1.946750486909569478e-02 2.380463698655135504e-02 2.380463698655134810e-02 2.380463698655135157e-02 2.650890698707215540e-02 2.273136006118917779e-02 2.135158185037102502e-02 2.053678676154395422e-02 2.214185497961568272e-02 1.849859097242999989e-02 2.214185497961568966e-02 2.221600694958753355e-02 2.221600694958753702e-02 2.037355570103202562e-02 2.175629544712247287e-02 2.389181728075228522e-02 2.389181728075227829e-02 2.389181728075227829e-02 2.128603490180407815e-02 2.320860732653939884e-02 2.320860732653939884e-02 2.320860732653939884e-02 1.999475909965052478e-02 2.215028361783276736e-02 2.215028361783276736e-02 1.945581683084444263e-02 1.943958427612499720e-02 1.913659030206267889e-02 1.986650047378624509e-02 3.643735805672623090e-02 3.643735805672623090e-02 3.356631288626139159e-02 1.996389131611331705e-02 1.954567965529023163e-02 1.990112818036631273e-02 2.074528554389509089e-02 2.273527294087478168e-02 2.153832155036866300e-02 2.273527294087478168e-02 2.089062965219637413e-02 2.024854273334049382e-02 2.070737620026873865e-02 2.059882058185302789e-02 1.935269945440351580e-02 2.115781043679597004e-02 1.938084769382118419e-02 2.665779872733141376e-02 2.250217285148914739e-02 2.078315058830150497e-02 2.250217285148914392e-02 2.218702664303021793e-02 2.172079832332186530e-02 2.218702664303021793e-02 2.389435355186129983e-02 2.389435355186130330e-02 2.389435355186129983e-02 1.883839426028311240e-02 1.902666192767847944e-02 2.228396700587834470e-02 2.228396700587834123e-02 2.034949285723729531e-02 2.034949285723729531e-02 1.933726881278867091e-02 2.244265449697610895e-02 2.244265449697610895e-02 2.228965466883896240e-02 2.062266952397394035e-02 2.041508309176376379e-02 3.294889452447332528e-02 3.294889452447331835e-02 2.121905209745366533e-02 2.105093019945560376e-02 2.300594719439455135e-02 2.300594719439455829e-02 2.125213949371906885e-02 2.158176276736715679e-02 1.938955517509375823e-02 2.970278127037993127e-02 2.388150831699186252e-02 2.388150831699186252e-02 2.388150831699186599e-02 2.549269705193300817e-02 3.303383177919220343e-02 2.500718360659972064e-02 2.306461125739985366e-02 2.306461125739985366e-02 3.433892812706727804e-02 2.976334999910218784e-02 3.433892812706727110e-02
1.867474632985946514e-02 1.498890440653110646e-02 1.909944191618031042e-02 2.308704608183195089e-02 2.529828458269684985e-02 1.689349621110416630e-02 0.000000000000000000e+00 1.689349621110416630e-02 1.689349621110416630e-02 1.782864652534623881e-02 1.989451877392445570e-02 1.989451877392445917e-02 1.649804278649424569e-02 1.633337466966965773e-02 2.053867720860727206e-02 1.833584945727598225e-02 1.833584945727598225e-02 2.053867720860727206e-02 1.974513340021477603e-02 1.791953664883982889e-02 2.011082640660364837e-02 1.791561617812666499e-02 3.107986368831241672e-02 1.739220953119574239e-02 2.541003860874254186e-02 2.099236966638831636e-02 2.019876026996644119e-02 2.019876026996644119e-02 1.821763354737523585e-02 1.938117148226671527e-02 1.680493901950814301e-02 1.852186431184774454e-02 1.736261358875678187e-02 1.939639297498038650e-02 1.939639297498038997e-02 1.494197654938360896e-02 1.743442178134523013e-02 1.939743328872824135e-02 1.939743328872824829e-02 1.554150682108209301e-02 1.493537567144274068e-02 1.939298805086374367e-02 1.733111166654712279e-02 1.750407352784676823e-02 1.741870112372411600e-02 1.531812647726825231e-02 1.425446014548473889e-02 1.939298805086375060e-02 2.536190277903282303e-02 1.643881050404119581e-02 2.536190277903281956e-02 1.875684331000020480e-02 1.627159276272491586e-02 2.147681548472066618e-02 2.147681548472066271e-02 2.147681548472066618e-02 2.450489914382018505e-02 2.020562633950614972e-02 1.857412731457705468e-02 1.755739579474919695e-02 1.947273432575497357e-02 1.513715620203721392e-02 1.947273432575497704e-02 1.956295132185261951e-02 1.956295132185262298e-02 1.736080258530440373e-02 1.908769026026741963e-02 2.157895519768623580e-02 2.157895519768623233e-02 2.157895519768623233e-02 1.849660368335601796e-02 2.076837550888450609e-02 2.076837550888450956e-02 2.076837550888450609e-02 1.693245581072236675e-02 1.948168537009330875e-02 1.948168537009330875e-02 1.626374542290445410e-02 1.624334278679939736e-02 1.587053495133252529e-02 1.673040524469120507e-02 3.491597368128419171e-02 3.491597368128419865e-02 3.191747165845761763e-02 1.684800009936884835e-02 1.637792591283744603e-02 1.681732888646795057e-02 1.781987061700635033e-02 2.019870770759564504e-02 1.880205089999336873e-02 2.019870770759564851e-02 1.799170076722315589e-02 1.719315445074734092e-02 1.775753416471637439e-02 1.762992949270890050e-02 1.612227567086198937e-02 1.832760002620011097e-02 1.606142854705775239e-02 2.466771913572608430e-02 1.991247078645446561e-02 1.786563558039431371e-02 1.991247078645446908e-02 1.952760273778575417e-02 1.904405179512990570e-02 1.952760273778575417e-02 2.158192486000267557e-02 2.158192486000267557e-02 2.158192486000267210e-02 1.546850956042478131e-02 1.485477131656301117e-02 1.963372368433482368e-02 1.963372368433482368e-02 1.732083554820665339e-02 1.732083554820665339e-02 1.611290221834009093e-02 1.984234966125450819e-02 1.984234966125451513e-02 1.964967774684387228e-02 1.766258397825466384e-02 1.741079726771118871e-02 3.134072584938002448e-02 3.134072584938002448e-02 1.841179336469764283e-02 1.820553458409226652e-02 2.052477944868273674e-02 2.052477944868273674e-02 1.845399070985345030e-02 1.862235539034519036e-02 1.607062749932541834e-02 2.794227105299355862e-02 2.156688172521408625e-02 2.156688172521408625e-02 2.156688172521408625e-02 2.335841720042520706e-02 3.142275085538797502e-02 2.280080592081159402e-02 2.059602757985811577e-02 2.059602757985811924e-02 3.277109055931642922e-02 2.796076639534117447e-02 3.277109055931642922e-02
2.141959435443720194e-02 1.837217998895473992e-02 2.176576433102546740e-02 2.522843069464895949e-02 2.722859345348137977e-02 1.765997034595730153e-02 1.689349621110416630e-02 0.000000000000000000e+00 1.765997034595730153e-02 2.075338571483313632e-02 2.248753630565158979e-02 2.248753630565158979e-02 1.964875430309380791e-02 1.950949567276377347e-02 2.301736683842162470e-02 2.115715386224415254e-02 2.115715386224415254e-02 2.301736683842162817e-02 2.230683618239032856e-02 2.082375102922143922e-02 2.266340730135951720e-02 2.082899198722225689e-02 3.264892378963565878e-02 2.035424877961174162e-02 2.736390713113959205e-02 2.339989793427987852e-02 2.273538653004009147e-02 2.273538653004009147e-02 2.106445184531626283e-02 2.206625956442995196e-02 1.989609573285048422e-02 2.130341161660661425e-02 2.037696100502361246e-02 2.207907846074848648e-02 2.207907846074848648e-02 1.833232284705214876e-02 2.043585587198482392e-02 2.207974719620393877e-02 2.207974719620393877e-02 1.884421961060988790e-02 1.832753391394387546e-02 2.207738675847361470e-02 2.035342980779501071e-02 2.049232615654887624e-02 2.042953254283688333e-02 1.866245296176690521e-02 1.773407571222404555e-02 2.207738675847361470e-02 2.728559097234330155e-02 1.955549416352814207e-02 2.728559097234330502e-02 2.148507838749009677e-02 1.946750486909569478e-02 2.380463698655135504e-02 2.380463698655134810e-02 2.380463698655135157e-02 2.650890698707215193e-02 2.273136006118917779e-02 2.135158185037102502e-02 2.053678676154395422e-02 2.214185497961569313e-02 1.849859097242999642e-02 2.214185497961569313e-02 2.221600694958753702e-02 2.221600694958753702e-02 2.037355570103202909e-02 2.175629544712247634e-02 2.389181728075228175e-02 2.389181728075227829e-02 2.389181728075227829e-02 2.128603490180408161e-02 2.320860732653940231e-02 2.320860732653939884e-02 2.320860732653939884e-02 1.999475909965052825e-02 2.215028361783276389e-02 2.215028361783276389e-02 1.945581683084444957e-02 1.943958427612500067e-02 1.913659030206267542e-02 1.986650047378624509e-02 3.643735805672623784e-02 3.643735805672623784e-02 3.356631288626139853e-02 1.996389131611331705e-02 1.954567965529022469e-02 1.990112818036631273e-02 2.074528554389509435e-02 2.273527294087478168e-02 2.153832155036866300e-02 2.273527294087478515e-02 2.089062965219637413e-02 2.024854273334049035e-02 2.070737620026874212e-02 2.059882058185303136e-02 1.935269945440351580e-02 2.115781043679598045e-02 1.938084769382118766e-02 2.665779872733141376e-02 2.250217285148914739e-02 2.078315058830150497e-02 2.250217285148915086e-02 2.218702664303021099e-02 2.172079832332186530e-02 2.218702664303021793e-02 2.389435355186129636e-02 2.389435355186129983e-02 2.389435355186129636e-02 1.883839426028311240e-02 1.902666192767848291e-02 2.228396700587834123e-02 2.228396700587834123e-02 2.034949285723729878e-02 2.034949285723729531e-02 1.933726881278867091e-02 2.244265449697610895e-02 2.244265449697610895e-02 2.228965466883896240e-02 2.062266952397393688e-02 2.041508309176376379e-02 3.294889452447332528e-02 3.294889452447332528e-02 2.121905209745366533e-02 2.105093019945560723e-02 2.300594719439455135e-02 2.300594719439455482e-02 2.125213949371906885e-02 2.158176276736715679e-02 1.938955517509376170e-02 2.970278127037993127e-02 2.388150831699186599e-02 2.388150831699186252e-02 2.388150831699186599e-02 2.549269705193301164e-02 3.303383177919220343e-02 2.500718360659972064e-02 2.306461125739985366e-02 2.306461125739985366e-02 3.433892812706727804e-02 2.976334999910218784e-02 3.433892812706727110e-02
2.141959435443720541e-02 1.837217998895474685e-02 2.176576433102546740e-02 2.522843069464896643e-02 2.722859345348137977e-02 1.765997034595730153e-02 1.689349621110416630e-02 1.765997034595730153e-02 0.000000000000000000e+00 2.075338571483313632e-02 2.248753630565158979e-02 2.248753630565158979e-02 1.964875430309381138e-02 1.950949567276378041e-02 2.301736683842162470e-02 2.115715386224415601e-02 2.115715386224415601e-02 2.301736683842162817e-02 2.230683618239033203e-02 2.082375102922143922e-02 2.266340730135952067e-02 2.082899198722226730e-02 3.264892378963566572e-02 2.035424877961175202e-02 2.736390713113959899e-02 2.339989793427987852e-02 2.273538653004009841e-02 2.273538653004009147e-02 2.106445184531626283e-02 2.206625956442995889e-02 1.989609573285048769e-02 2.130341161660661772e-02 2.037696100502361246e-02 2.207907846074848648e-02 2.207907846074848995e-02 1.833232284705214876e-02 2.043585587198482739e-02 2.207974719620394224e-02 2.207974719620394224e-02 1.884421961060989137e-02 1.832753391394387546e-02 2.207738675847361470e-02 2.035342980779501765e-02 2.049232615654888318e-02 2.042953254283688680e-02 1.866245296176690868e-02 1.773407571222404902e-02 2.207738675847361817e-02 2.728559097234329808e-02 1.955549416352814207e-02 2.728559097234330502e-02 2.148507838749010024e-02 1.946750486909569478e-02 2.380463698655135504e-02 2.380463698655135504e-02 2.380463698655135504e-02 2.650890698707215193e-02 2.273136006118918126e-02 2.135158185037102849e-02 2.053678676154395769e-02 2.214185497961569660e-02 1.849859097242999642e-02 2.214185497961570007e-02 2.221600694958754049e-02 2.221600694958754049e-02 2.037355570103203256e-02 2.175629544712247634e-02 2.389181728075228522e-02 2.389181728075228522e-02 2.389181728075228175e-02 2.128603490180408161e-02 2.320860732653940231e-02 2.320860732653939884e-02 2.320860732653940231e-02 1.999475909965052478e-02 2.215028361783277083e-02 2.215028361783277083e-02 1.945581683084444957e-02 1.943958427612500414e-02 1.913659030206267889e-02 1.986650047378625203e-02 3.643735805672623784e-02 3.643735805672623784e-02 3.356631288626139853e-02 1.996389131611331705e-02 1.954567965529023163e-02 1.990112818036631967e-02 2.074528554389509782e-02 2.273527294087478168e-02 2.153832155036866300e-02 2.273527294087478515e-02 2.089062965219637760e-02 2.024854273334049728e-02 2.070737620026874559e-02 2.059882058185303136e-02 1.935269945440351927e-02 2.115781043679598392e-02 1.938084769382119113e-02 2.665779872733141723e-02 2.250217285148915433e-02 2.078315058830150497e-02 2.250217285148915086e-02 2.218702664303021446e-02 2.172079832332186530e-02 2.218702664303021793e-02 2.389435355186129983e-02 2.389435355186129983e-02 2.389435355186129983e-02 1.883839426028311587e-02 1.902666192767849332e-02 2.228396700587834470e-02 2.228396700587834817e-02 2.034949285723730225e-02 2.034949285723729878e-02 1.933726881278867438e-02 2.244265449697610895e-02 2.244265449697611589e-02 2.228965466883896934e-02 2.062266952397394035e-02 2.041508309176376379e-02 3.294889452447332528e-02 3.294889452447332528e-02 2.121905209745366880e-02 2.105093019945561070e-02 2.300594719439455829e-02 2.300594719439455829e-02 2.125213949371906885e-02 2.158176276736716026e-02 1.938955517509376517e-02 2.970278127037993127e-02 2.388150831699186946e-02 2.388150831699187293e-02 2.388150831699186946e-02 2.549269705193301858e-02 3.303383177919220343e-02 2.500718360659972411e-02 2.306461125739985366e-02 2.306461125739985366e-02 3.433892812706727804e-02 2.976334999910219478e-02 3.433892812706727804e-02
1.775805535187151979e-02 1.366103411379541652e-02 1.822548635752054350e-02 2.245525451818173451e-02 2.473966575123033237e-02 2.075338571483313632e-02 1.782864652534623881e-02 2.075338571483313632e-02 2.075338571483313632e-02 0.000000000000000000e+00 1.581639686854751509e-02 1.581639686854751856e-02 1.395958646085086741e-02 1.302366106449190722e-02 1.973556476865985856e-02 1.735165868457314020e-02 1.735165868457313673e-02 1.973556476865985856e-02 1.893292585756984128e-02 1.688589095495720074e-02 1.927252880978132243e-02 1.689798544320956011e-02 3.064838957195198041e-02 1.635463495463237993e-02 2.485528249285002059e-02 2.023863180851139323e-02 1.936218975081355903e-02 1.936218975081355556e-02 1.721543700702168889e-02 1.816738961076928838e-02 1.544712202024818570e-02 1.733867871268356814e-02 1.622072230896420136e-02 1.845450137344837455e-02 1.845450137344837108e-02 1.350192319968578948e-02 1.627875267685141569e-02 1.843446608796252273e-02 1.843446608796252620e-02 1.410960944442175499e-02 1.361007069607332240e-02 1.845657816711743920e-02 1.620154037827303134e-02 1.639252569101568024e-02 1.630771286897998024e-02 1.400899955205196605e-02 1.288922715645049975e-02 1.845657816711743920e-02 2.480643662493904958e-02 1.531576549583123746e-02 2.480643662493905305e-02 1.784686708973920802e-02 1.503838235765291888e-02 2.075904129960235919e-02 2.075904129960235919e-02 2.075904129960235919e-02 2.391442333364459868e-02 1.938540199195628796e-02 1.762630854558299917e-02 1.645306296662947532e-02 1.854555680605300683e-02 1.383657816622261422e-02 1.854555680605300683e-02 1.861528318315546979e-02 1.861528318315546979e-02 1.621135315904887256e-02 1.821210563192279114e-02 2.086886183276406848e-02 2.086886183276407888e-02 2.086886183276407888e-02 1.753478499744673749e-02 1.999431571810464034e-02 1.999431571810463687e-02 1.999431571810463340e-02 1.583679841150966577e-02 1.855169947239347639e-02 1.855169947239347986e-02 1.503781719907257980e-02 1.501585100046449843e-02 1.459331710943518635e-02 1.551495167901087782e-02 3.450450014121481113e-02 3.450450014121481113e-02 3.146478208511544611e-02 1.564435472651953818e-02 1.516866100219436790e-02 1.567324944582693114e-02 1.675881248673780077e-02 1.936104327096842964e-02 1.787147349113047540e-02 1.936104327096842964e-02 1.694345028188752947e-02 1.603293179520462811e-02 1.669651569032219382e-02 1.652600601015221174e-02 1.488779006810897129e-02 1.737682348987778375e-02 1.497173715057929268e-02 2.408917573586224700e-02 1.903175074079407197e-02 1.678112380430476364e-02 1.903175074079407544e-02 1.860753112055759870e-02 1.816371484911107059e-02 1.860753112055759523e-02 2.087206926889599579e-02 2.087206926889599926e-02 2.087206926889599926e-02 1.428117308798074712e-02 1.492691476134243821e-02 1.874631826692158346e-02 1.874631826692158346e-02 1.617615520325042452e-02 1.617615520325042452e-02 1.486139537573191033e-02 1.896374164602501744e-02 1.896374164602502091e-02 1.873653096222922809e-02 1.656815641547534218e-02 1.628966309907121934e-02 3.090161148520511811e-02 3.090161148520511811e-02 1.739783347768379326e-02 1.702644933286714263e-02 1.967755399811721428e-02 1.967755399811721775e-02 1.748081087324814681e-02 1.784971068117011811e-02 1.498126198138771160e-02 2.740253248561947894e-02 2.085590909047925490e-02 2.085590909047925490e-02 2.085590909047925490e-02 2.270710986633357395e-02 3.096784757179155828e-02 2.207600781709373114e-02 1.979823464380242592e-02 1.979823464380242592e-02 3.234578040599331294e-02 2.745985112495357913e-02 3.234578040599331294e-02
1.984022335524568068e-02 1.641328465759463867e-02 2.023629553826152006e-02 2.407022806019685698e-02 2.618888050264513850e-02 2.248753630565158979e-02 1.989451877392445570e-02 2.248753630565158979e-02 2.248753630565158979e-02 1.581639686854751509e-02 0.000000000000000000e+00 1.675586284098577738e-02 1.749504175868422592e-02 1.537520018971080642e-02 2.157484771764900736e-02 1.949707374499610318e-02 1.949707374499609971e-02 2.157484771764900736e-02 2.085958638161121773e-02 1.911217652384396976e-02 2.116999220353343175e-02 1.912223655981695747e-02 3.185383605773040722e-02 1.864348306323067653e-02 2.635565043916449773e-02 2.202471297447734788e-02 2.124790630623749760e-02 2.124790630623750107e-02 1.938600385064349896e-02 2.039914749375966452e-02 1.803565085482349006e-02 1.964228327874969343e-02 1.856990537341158057e-02 2.046913713641179688e-02 2.046913713641179688e-02 1.625782607902184762e-02 1.861190856632082696e-02 2.044430003759699355e-02 2.044430003759699355e-02 1.676558317699049575e-02 1.637194011580226857e-02 2.047206883821116319e-02 1.855922149631372350e-02 1.871458505182951176e-02 1.864583845054197664e-02 1.672197943252344207e-02 1.574665308893397411e-02 2.047206883821116319e-02 2.625238607251614148e-02 1.776034913944473173e-02 2.625238607251614495e-02 1.991012837126839713e-02 1.758788670496600967e-02 2.249268642081512712e-02 2.249268642081513059e-02 2.249268642081513059e-02 2.540399147641356214e-02 2.126625329058168604e-02 1.972952717460018865e-02 1.876475767079061746e-02 2.054717720752185714e-02 1.655888661569070511e-02 2.054717720752186061e-02 2.059627588730714512e-02 2.059627588730714512e-02 1.855710192693213120e-02 2.022464873821878950e-02 2.259291493292079137e-02 2.259291493292078096e-02 2.259291493292077749e-02 1.965084224785822523e-02 2.180407545156132915e-02 2.180407545156132915e-02 2.180407545156132915e-02 1.821466353827439280e-02 2.055368769516912816e-02 2.055368769516912816e-02 1.758052904152523216e-02 1.756280642695807331e-02 1.722343040653774582e-02 1.800555654916469878e-02 3.570570439997675788e-02 3.570570439997676482e-02 3.276393652507310350e-02 1.811291861768928035e-02 1.768465555782894674e-02 1.808961421274881548e-02 1.901083003396290480e-02 2.124648695463203507e-02 1.993694573496728600e-02 2.124648695463203160e-02 1.916878602554118044e-02 1.843089271764408385e-02 1.896382135834076901e-02 1.883214876730843548e-02 1.746490285226490538e-02 1.951739210443668993e-02 1.753244851129319090e-02 2.556901692900603526e-02 2.096582591006784443e-02 1.904603887685797983e-02 2.096582591006784443e-02 2.059993921980498785e-02 2.018275914883167071e-02 2.059993921980499132e-02 2.259583358867401151e-02 2.259583358867401151e-02 2.259583358867401151e-02 1.694097451385500816e-02 1.749558211287894141e-02 2.071793536200687569e-02 2.071793536200687569e-02 1.854535253780807691e-02 1.854535253780807691e-02 1.744373065794654551e-02 2.090306583741678020e-02 2.090306583741678020e-02 2.071201485416796981e-02 1.886022680054824999e-02 1.862887037471566698e-02 3.215499697216263331e-02 3.215499697216263331e-02 1.956023076978740532e-02 1.933554709669421320e-02 2.155147293750513116e-02 2.155147293750513116e-02 1.960847563937941421e-02 1.996740511687668945e-02 1.754130070812482886e-02 2.878753096127436781e-02 2.258104094536894646e-02 2.258104094536894646e-02 2.258104094536894993e-02 2.427745840526963558e-02 3.223297189271757263e-02 2.372232763915481726e-02 2.163097695850598259e-02 2.163097695850598606e-02 3.357432097338963056e-02 2.885823768512612089e-02 3.357432097338963750e-02
