0.000000000000000000e+00 7.902224121691172123e-03 7.973741084545113433e-03 8.055110105215097793e-03 8.220450423244877319e-03 8.180842956363129984e-03 7.570881643295776682e-03 7.762257781255626869e-03 7.308483180701519019e-03 7.670504594141725266e-03 8.395117148401779264e-03 8.171941213106208302e-03 8.379139837051633594e-03 8.082965671478144903e-03 7.748814636674520966e-03 7.593010322009536087e-03 8.026179588421980884e-03 7.990715123529659389e-03 8.947974706146189297e-03 7.554662566408317133e-03 8.193402696499227020e-03 8.251325328291973793e-03 8.523001249521074477e-03 8.420200119146381210e-03 8.074270173018432625e-03 8.382708785196976015e-03 8.433572641042328885e-03 7.788084308465345086e-03 7.821519159940748880e-03 8.731073002884942938e-03 7.834630370759366330e-03 8.450173685513710092e-03 7.591695538042153232e-03 8.613348770073267144e-03 8.729663182060847654e-03 8.902726899181289885e-03 8.745730376005241002e-03 9.835870642683014475e-03 8.158653654691965657e-03 8.359619360929724033e-03 8.637054959309014082e-03 8.261860764141495950e-03 8.500454865195275836e-03 8.622463942897846956e-03 8.646940438987088529e-03 8.617573648540478165e-03 8.278505300175915613e-03 9.689567663328851541e-03 7.705465961244867441e-03 8.180599471211165777e-03 8.252594663240688314e-03 8.542971937422554410e-03 8.404187951808618495e-03 9.079628186194619796e-03 8.349482940219520380e-03 8.908189576744260374e-03 7.448221191444502273e-03 8.755836438087674992e-03 8.265584504970261218e-03 8.030882109859176915e-03 8.546695696919787491e-03 8.553404370870728787e-03 8.677108844913681771e-03 7.930149026988575489e-03 8.476465330772996534e-03 8.890901222036161691e-03 8.356796746903169190e-03 8.729037824903291762e-03 8.139570820765955686e-03 8.492590682882748127e-03 9.088660145413707259e-03 8.831616860540823094e-03 8.843667955626560023e-03 8.892708163953327513e-03 1.020293359830904897e-02 8.422067242212347496e-03 8.679202358503803477e-03 8.137084437201326514e-03 8.997308391597876390e-03 8.207861297025905931e-03 8.524446826885259676e-03 8.479051813320925834e-03 8.517895564352515395e-03 8.449623307650951445e-03 8.763023414244454704e-03 8.108617799232574475e-03 8.887609414450430012e-03 9.150043111190128350e-03 8.853964200163686599e-03 9.276703919882025445e-03 8.341147055065330912e-03 8.792530366409307199e-03 8.402771172992718959e-03 9.579949259152873570e-03 9.064539099019249327e-03 8.582398556306571752e-03 8.998188672133981131e-03 8.689264407589611730e-03 8.063038002057609094e-03 8.551905543472109600e-03 9.138217834283228133e-03 8.269316023855204784e-03 9.003529519342808041e-03 8.619033250079864705e-03 7.905721708833165010e-03 8.511230308814161580e-03 9.215001706344079155e-03 8.909212437348438401e-03 8.322971623284342729e-03 9.776467096152048619e-03 8.938237599395500166e-03 8.910288302020277426e-03 8.972955059084339324e-03 7.942355390123107331e-03 8.353338321642367337e-03 8.586701317251829377e-03 9.384071594958518989e-03 8.446525222088271251e-03 8.525606144325438562e-03 8.641355661964883819e-03 8.151065238983347741e-03 8.696277265598848991e-03 9.089982494746717476e-03 8.652863428093605924e-03 8.778533717053525753e-03 8.744922671700381539e-03 8.821003046451109456e-03 8.570282471945668556e-03
7.902224121691172123e-03 0.000000000000000000e+00 8.455531529097858046e-03 8.289183166536102931e-03 8.434160812257687767e-03 8.848258370296398917e-03 8.265845315147115832e-03 8.233763205883025751e-03 7.817060671724357368e-03 8.359793450916235685e-03 8.796125487951413774e-03 8.653977623193438024e-03 9.072314201023990582e-03 8.540586360010244890e-03 8.445345884831895189e-03 8.079179041041540527e-03 8.247671191468471108e-03 8.656115954824905590e-03 9.591724190776484277e-03 8.270683522317325703e-03 8.407603053425423412e-03 8.665144464975791869e-03 8.693072341825296839e-03 8.839644714699113059e-03 8.551390534038966554e-03 8.812421855277993363e-03 8.862629553861665205e-03 8.483642302756177339e-03 8.097879763251828594e-03 9.401816016799091971e-03 8.301669687459014429e-03 9.099232668480210923e-03 8.054558431607721641e-03 9.038498473633759661e-03 9.163332134265214993e-03 9.300669737258852182e-03 9.164724979109081099e-03 1.017185954116422292e-02 8.393336764521070956e-03 8.793695507168896100e-03 9.044426810955193130e-03 8.490322977836750606e-03 8.932008339521870649e-03 9.004237408530015377e-03 9.080253488301829462e-03 9.044623190131606538e-03 8.726243557781464960e-03 1.006919035000802994e-02 8.355855471607579951e-03 8.616269984555207512e-03 8.695032832785538554e-03 9.170790487353164613e-03 8.851937225940171780e-03 9.469301555039000284e-03 8.771804896165136256e-03 9.336655304807971525e-03 8.122076161020522211e-03 9.147974243987146148e-03 8.901369897289165833e-03 8.677594518527967371e-03 8.730593768552129957e-03 8.975994804083838735e-03 9.118907901473930974e-03 8.397999936652888672e-03 8.793932772133666864e-03 8.990232585873543167e-03 8.693016590932300947e-03 9.056801496024479911e-03 8.514771225827567555e-03 8.836953030748936205e-03 9.426153903565050521e-03 9.171106029858397055e-03 9.176354111763738303e-03 9.212350028603677812e-03 1.049678456110481051e-02 8.763853174675550334e-03 9.006581515992989270e-03 8.495347319242507744e-03 9.301439955676312279e-03 8.562857426343280232e-03 8.882308211778730186e-03 8.828241248179350895e-03 8.871013464175257768e-03 9.004021674567116648e-03 9.095445684815609347e-03 8.460480813202032879e-03 8.972307173860371091e-03 9.211167865842778690e-03 9.170249076474908112e-03 9.597850081634445515e-03 8.684951171770758857e-03 9.115484066496832433e-03 8.752475080214322176e-03 9.892862787099563140e-03 9.386301432739347500e-03 8.922779668911050288e-03 9.327462453384114879e-03 9.042191196769196193e-03 8.425748812650360464e-03 8.903793949180796585e-03 9.463369785954352936e-03 8.840367542113727189e-03 9.340640103048990228e-03 8.984426089632834359e-03 8.312917038213178678e-03 8.867861668211712844e-03 9.261892432017297672e-03 9.259105146126444391e-03 8.695678165306563664e-03 1.009616024007598672e-02 9.284321738931396867e-03 9.269994244871382003e-03 9.313599606391168712e-03 8.347810101107931702e-03 8.714454792480981829e-03 8.961567601261729785e-03 9.702048200671518907e-03 8.812512472054057078e-03 8.885549893393209636e-03 8.995670944724840773e-03 8.533633264470319446e-03 9.043989361699358506e-03 9.429795717406186037e-03 9.022193030460543342e-03 8.864369921647552095e-03 9.092852564784328906e-03 9.161990559659580896e-03 8.944203382267940788e-03
7.973741084545113433e-03 8.455531529097858046e-03 0.000000000000000000e+00 8.364482181111049242e-03 8.784655002286997569e-03 8.686976767712132480e-03 8.400657970815045283e-03 8.262306043972334965e-03 7.933247257453658260e-03 8.217607866990387505e-03 8.814330411700746840e-03 8.471722822210451739e-03 9.183042788550550145e-03 8.880979708393181571e-03 8.546260201322805616e-03 8.391557773511023471e-03 8.337502404196684910e-03 8.475344677672864979e-03 9.389109690101052341e-03 8.147461282393988341e-03 8.739720653041096327e-03 8.766557165543689342e-03 9.018917895196423493e-03 9.168360155957405375e-03 8.367572214869407193e-03 8.919857250490376491e-03 8.871152761882942356e-03 8.335133402614427686e-03 8.460411638916471092e-03 9.210232393472236184e-03 8.362251916126632253e-03 8.900827509733743106e-03 8.219864991920011743e-03 9.176053886805523099e-03 9.025986175657635738e-03 9.430870646142668068e-03 9.028760118761863449e-03 1.033273336828770261e-02 8.771132733972432372e-03 8.954682489605930718e-03 9.213886372539172379e-03 8.872424947146755406e-03 9.071621800192736923e-03 9.152550154042570982e-03 9.218506997604942674e-03 9.185833539684010174e-03 8.865483370268358032e-03 1.017108399139240657e-02 8.490943119730295918e-03 8.785843352628447053e-03 8.840588165580901339e-03 9.306656193571091404e-03 8.965857181634616022e-03 9.630262337148578697e-03 8.906514502003347669e-03 9.452789486569426747e-03 8.275525222623879990e-03 9.309654910048604723e-03 8.780866133173942378e-03 8.813173851528658884e-03 9.108548323480427505e-03 9.116027381261602655e-03 9.258215137208522516e-03 8.292794302796065165e-03 9.080456987746518896e-03 9.468628283724155048e-03 8.973272082971214120e-03 9.297460180732970703e-03 8.787742356815177527e-03 9.105191829914547133e-03 9.663518162738624073e-03 9.419826419695806821e-03 9.417707583918523764e-03 9.467096619866176982e-03 1.070581144740264702e-02 9.030585801251761816e-03 9.274683875356534365e-03 8.768654401448945993e-03 9.565876820292518873e-03 8.833334004225220845e-03 9.141975711185870712e-03 9.092784580453877261e-03 9.133418870662752750e-03 9.251044247244896365e-03 9.354279050204165544e-03 8.750745988935786437e-03 9.458713465150444741e-03 9.703291922766735592e-03 9.439797650784134686e-03 9.834463682545400293e-03 8.962874021941022798e-03 9.374977003270057452e-03 9.027270373791772273e-03 1.011952797381287898e-02 9.636645928547056192e-03 9.187507940623441255e-03 9.575902436795277750e-03 9.285607179354936694e-03 8.705281911911949208e-03 9.162505524459647194e-03 9.706567799956192580e-03 9.087323056554528003e-03 9.572652591594307467e-03 9.223802892027304148e-03 8.574106623450048273e-03 9.118860983938933268e-03 9.772375811940382795e-03 9.487347463678973830e-03 8.950388655252779213e-03 1.029473351147726021e-02 9.520142219125843006e-03 9.484095993497178301e-03 9.549406284516115395e-03 8.608272765469340837e-03 8.976449292714466441e-03 9.200401341607364336e-03 9.936788011254207853e-03 9.065282649538429147e-03 9.142541881240718107e-03 9.243135075693841365e-03 8.799574252796784485e-03 9.298837994881624033e-03 9.648390255860011741e-03 9.253555685203102704e-03 9.358288984517886683e-03 9.333386323978192303e-03 9.396697776407678462e-03 9.177965207585717447e-03
8.055110105215097793e-03 8.289183166536102931e-03 8.364482181111049242e-03 0.000000000000000000e+00 8.325822496163324052e-03 8.557280731724618839e-03 8.000276856078885473e-03 8.151604592447779865e-03 7.734036044977536141e-03 7.987965884326472810e-03 8.702496479206843147e-03 8.310764355064632208e-03 8.731114697375556497e-03 8.699993000487236602e-03 8.118838056118819410e-03 7.952167908783279102e-03 8.140897217843522105e-03 8.348958708941480247e-03 9.508824618307317594e-03 7.944505284723100275e-03 8.277122611232593657e-03 8.818945769751991223e-03 8.588834222380511627e-03 8.767100209382141726e-03 8.224796864211462305e-03 8.471395151784350333e-03 9.011228007821061106e-03 8.149141577367581199e-03 8.050696284958195476e-03 9.320160989691629941e-03 8.419491128688080459e-03 8.757181015932025830e-03 8.115961417909708236e-03 9.098977107502893152e-03 9.204404972874169477e-03 9.357433151502322910e-03 9.205973026819106939e-03 1.024884457074995599e-02 8.666871904163788581e-03 8.855711855158654444e-03 9.101199194178635765e-03 8.768872068201968850e-03 8.979049514699291232e-03 8.839125295629491133e-03 9.135308539558037108e-03 9.114734640249805633e-03 8.762579837557822951e-03 1.009072510593742901e-02 8.407767111442310259e-03 8.669456897845536497e-03 8.753760139449576205e-03 9.223229822956782037e-03 8.878992607348904290e-03 9.561512796244309512e-03 8.807749665221074539e-03 9.359624143584646325e-03 8.159288362598283648e-03 9.193492595443268633e-03 8.950642158060819614e-03 8.728924763811658771e-03 9.031624972495969420e-03 9.036084238312756464e-03 9.146408065029422788e-03 8.405409747486434699e-03 8.939349720627758067e-03 9.331095651827861839e-03 8.827051947765647902e-03 9.174898472664337265e-03 8.629403466274936096e-03 8.962791265327832088e-03 9.520426695688316218e-03 9.282155196476904457e-03 9.282478377331381675e-03 9.331583659321763050e-03 1.058699748618813913e-02 8.894361887087660207e-03 9.134348518850613982e-03 8.629623153260053414e-03 9.431315610997191221e-03 8.685008426841599530e-03 8.999178253784238454e-03 8.950227065953312092e-03 8.992139148238537452e-03 9.117809555601139038e-03 9.217537686165016772e-03 8.591723694294282551e-03 9.321679047494157294e-03 9.570924820123749913e-03 9.303716209044396446e-03 9.703992747501222205e-03 8.809390208634261185e-03 9.236576012269499467e-03 8.876122859688069175e-03 9.991935156646229374e-03 9.502164028458114781e-03 9.045787656589133335e-03 9.439842520584485613e-03 9.122731389982371292e-03 8.553373904686228241e-03 9.016049351953429880e-03 9.571543385120404382e-03 8.932011448167388734e-03 9.434990007499954520e-03 9.082531999346939861e-03 8.409213093635594521e-03 8.973620865881831374e-03 9.628504809386862623e-03 9.362180229898849418e-03 8.801972257327650428e-03 1.016861214770916483e-02 9.382129124173093151e-03 9.354744503226153363e-03 9.401710241831002027e-03 8.453585320246006368e-03 8.822232086742973212e-03 9.050068794561804894e-03 9.804619281957064128e-03 8.918561971414738776e-03 8.999711294043274620e-03 9.101438985009020419e-03 8.647277425356965017e-03 9.146241950384813649e-03 9.526724146025714393e-03 9.112920005271385807e-03 9.205494684779085696e-03 9.191314623728947739e-03 9.249158431766801511e-03 9.036183530204449504e-03
8.220450423244877319e-03 8.434160812257687767e-03 8.784655002286997569e-03 8.325822496163324052e-03 0.000000000000000000e+00 8.962587791307029608e-03 8.337021565931657455e-03 8.552940575023279188e-03 8.127541154987046046e-03 8.195986372806338474e-03 9.157054874542861281e-03 8.721869421110308232e-03 8.825509095741980795e-03 8.602249414743575601e-03 8.250211775122201149e-03 8.112642089565458986e-03 8.330464361562182202e-03 8.491904072192194702e-03 9.378402118091162809e-03 8.122558028026983720e-03 8.462464561111214187e-03 8.738155357334706150e-03 9.034023397687497917e-03 9.181620040346371789e-03 8.373886677096452347e-03 8.614619214573251971e-03 9.153776165488148112e-03 8.359388487350589286e-03 8.174501874305531435e-03 9.503201380524331846e-03 8.335695958935351868e-03 8.913066793930059586e-03 8.204304662542223278e-03 9.172521198149057378e-03 9.312831498468931643e-03 9.431743073360006682e-03 9.282281493314514104e-03 1.031373769580244334e-02 8.744928888071419257e-03 8.944856418872666748e-03 8.939559018219220971e-03 8.839073243360705961e-03 9.045374956919496889e-03 8.897326567093147287e-03 9.219007584495239951e-03 9.171571913011770244e-03 8.826165531183415361e-03 1.015764085851767959e-02 8.505210509820677889e-03 8.763124069955371964e-03 8.836887071415538281e-03 9.320364153656673575e-03 8.753153144417552198e-03 9.613406463994422432e-03 8.899421917351187442e-03 9.433538836906283850e-03 8.262766428162605578e-03 9.297686000974409240e-03 9.058987055233780339e-03 8.821770123615593068e-03 9.097949810534635209e-03 9.113293469920073081e-03 9.232701147159136715e-03 8.554268766857575992e-03 9.015087126484442465e-03 9.405621686744644952e-03 8.904053192131920064e-03 9.258536912564882537e-03 8.718639747058271397e-03 9.037816078278243861e-03 9.589863721339275324e-03 9.352625947775994666e-03 9.374518701187778066e-03 9.402370332078099566e-03 1.064396431525933481e-02 8.969732265409148877e-03 9.214970073626245137e-03 8.709191831481119875e-03 9.509430292126396997e-03 8.764344720445389411e-03 9.065553554958673266e-03 9.025027212554537909e-03 9.075613580973794850e-03 9.190456654468394035e-03 9.297284733390932462e-03 8.471372108428109823e-03 9.395020713296266257e-03 9.640939371449035872e-03 9.374260648925257858e-03 9.780190619642741001e-03 8.894510592357995557e-03 9.307847966452776484e-03 8.959512165926948601e-03 1.005566304055158927e-02 9.579263242476777560e-03 9.120808708280563754e-03 9.514610870525809158e-03 9.203443855458926307e-03 8.621475742472668388e-03 9.094904283961962460e-03 9.634070038254644031e-03 9.003527365144379027e-03 9.499594736236004547e-03 9.148573519380889113e-03 8.485017207382357027e-03 9.043437720054781082e-03 9.704782297471604979e-03 9.425775334479651393e-03 8.883311423727962078e-03 1.021624396035534892e-02 9.444647667125839405e-03 9.430801963792019224e-03 9.212590499183907419e-03 8.528524080639036248e-03 8.902420317247985992e-03 9.117142147647694372e-03 9.876879180325091531e-03 8.990596445322978150e-03 9.068292411290788252e-03 9.168257844614302945e-03 8.719672857748805503e-03 9.226072374757065750e-03 9.601145598214705368e-03 9.182610601176744575e-03 9.284810842412099391e-03 9.256063764548072559e-03 9.314656520850925908e-03 9.102656321728673852e-03
8.180842956363129984e-03 8.848258370296398917e-03 8.686976767712132480e-03 8.557280731724618839e-03 8.962587791307029608e-03 0.000000000000000000e+00 8.533373970124007515e-03 8.513374518252963749e-03 8.110805052547328045e-03 8.384943632084350743e-03 9.341836737775005214e-03 8.906148487023455435e-03 9.038832475692388374e-03 8.800664135363464938e-03 8.751272306543949123e-03 8.327466790286720127e-03 8.558074803083341731e-03 8.958934554586000382e-03 9.869670015540872934e-03 8.587283043308930469e-03 8.675447061739742852e-03 8.942830381619561175e-03 8.946953949611887932e-03 9.417043791841018044e-03 8.838243493960598954e-03 9.089609843897129490e-03 9.088221963891644078e-03 8.512195345327110835e-03 8.376936698718971328e-03 9.608660397146667753e-03 8.849181209288405417e-03 9.391521253749474454e-03 8.357365396326749477e-03 9.282018484482552553e-03 9.395470694310625870e-03 9.529670974032353539e-03 9.405075978020503713e-03 1.041194216857391219e-02 8.872918850814650107e-03 8.810209883587966084e-03 9.316142306937759410e-03 8.977911574325196653e-03 9.175238168416113144e-03 9.274201537641774129e-03 9.338274833167526864e-03 9.308164761480379468e-03 8.978616890625817915e-03 1.029151425047431824e-02 8.403855760920203588e-03 8.865517531439812138e-03 8.947857971034811619e-03 9.449193194165511622e-03 8.839176179175695786e-03 9.708541053405961296e-03 9.034249070121829622e-03 9.557138460250120746e-03 8.190461332019501745e-03 9.415104186074402942e-03 8.887597990786163735e-03 8.956508956866287771e-03 9.217047701382357489e-03 9.226398176536943288e-03 9.325180387706162935e-03 8.421577647131152020e-03 9.217329574031317072e-03 9.618605007928023379e-03 9.113210596792091500e-03 9.442871064276247769e-03 8.931942156744582598e-03 9.242980717620816536e-03 9.793705504078655324e-03 9.552150236826506893e-03 9.561459836421109040e-03 9.587514696481398702e-03 1.082143267534958070e-02 9.169626521855513829e-03 9.408690876283392138e-03 8.919327260630955517e-03 9.696491091914316227e-03 8.974475271435262275e-03 9.268983521121562305e-03 9.228354075115232855e-03 9.270544004565353657e-03 9.385992661596532019e-03 9.487823563551451428e-03 8.894465777306882759e-03 9.599577364541374280e-03 9.840796966574789570e-03 9.570339984734992089e-03 9.960026288361912769e-03 9.102567309559571329e-03 9.507511270601965922e-03 9.164374397852148232e-03 1.024079757753373378e-02 9.765916685261574401e-03 9.323500124162199809e-03 9.697743908487661824e-03 9.405956604248647684e-03 8.843543657068899874e-03 9.291358106917241982e-03 9.827421416939456297e-03 9.198811647140772707e-03 9.694783334215492307e-03 9.349037876822976351e-03 8.704158597113098583e-03 9.249133786634911383e-03 9.892252440478015857e-03 9.610960617382629384e-03 9.083491962483970089e-03 1.040817648674688400e-02 9.643943690921898126e-03 9.607146973650268484e-03 9.673379136820543789e-03 8.745960607692206124e-03 9.090264315852468122e-03 9.330384643276413634e-03 1.005575442540141556e-02 9.195591465597376113e-03 9.263090207849218605e-03 9.369262449679151283e-03 8.935013214505705195e-03 9.408253481864903983e-03 9.758305051563016114e-03 9.372823573494795668e-03 9.484353896990056071e-03 9.459798484305512525e-03 9.533461238237072449e-03 9.306483789028893380e-03
7.570881643295776682e-03 8.265845315147115832e-03 8.400657970815045283e-03 8.000276856078885473e-03 8.337021565931657455e-03 8.533373970124007515e-03 0.000000000000000000e+00 8.186677473938518482e-03 7.488597296541369200e-03 7.812807722150247325e-03 8.823177068511038612e-03 8.057249593671707982e-03 8.507459696979299130e-03 8.266507659220436247e-03 7.875178009098380075e-03 7.703213941369984989e-03 7.978300205238705173e-03 8.380319225814161430e-03 9.379924937385835174e-03 7.723531840918269539e-03 8.102064236773514824e-03 8.435708071089197124e-03 8.718756109271500951e-03 8.863929591550476564e-03 8.249294127338501620e-03 8.278810454972801783e-03 8.563781530939675382e-03 7.970166614585888140e-03 7.779164021204845042e-03 9.131023255091559251e-03 8.014843413978145828e-03 8.602426227811911519e-03 7.699572851576009375e-03 8.727026916473623261e-03 8.873388993251796197e-03 9.021155635872460041e-03 8.865150950134756055e-03 9.900640937764231334e-03 8.061204319737651919e-03 8.470814204870820083e-03 8.743729961560866085e-03 8.386130321885206310e-03 8.617793039401071276e-03 8.731742237136571466e-03 8.775350176827987486e-03 8.719967682940142281e-03 8.368690213955408755e-03 9.772646749553063131e-03 7.999532494563393881e-03 8.280465054136858932e-03 8.339690366308251390e-03 8.897249204332147859e-03 8.282365640086445518e-03 9.184925778648676820e-03 8.446140244743521874e-03 9.034395406575180393e-03 7.562310225212816317e-03 8.590033695885061771e-03 8.369557308936648524e-03 8.358224058385176070e-03 8.651700015633062568e-03 8.645325433847607724e-03 8.521088017211344776e-03 8.080160249410604442e-03 8.578860298298515014e-03 9.003307646580711171e-03 8.462137243255066915e-03 8.844478520125303306e-03 8.266838847087636458e-03 8.604588298608641106e-03 9.196204131686739128e-03 8.937712395519792699e-03 8.939795368435683384e-03 8.994660307661389229e-03 1.030102585829143803e-02 8.527476303669005719e-03 8.803628607624689253e-03 8.262471473494299723e-03 9.109236754422361110e-03 8.315986908747498296e-03 8.643911509767079893e-03 8.587598886793997716e-03 8.637462070377169635e-03 8.770449367374042252e-03 8.878645013414390372e-03 8.226013908864836591e-03 8.990124717875339413e-03 9.250868440701182777e-03 8.964330455241564452e-03 9.385432274643357511e-03 8.251408944517939562e-03 8.890403891319592633e-03 8.311918509395268759e-03 9.695225217962099781e-03 9.168455224557982286e-03 8.690138449961203743e-03 9.130345194161332625e-03 8.800850505092170165e-03 8.194812530253822724e-03 8.684446232354722447e-03 9.270897816328825883e-03 8.601295066714547202e-03 9.130313398132675409e-03 8.757237859954396936e-03 8.053397785898617350e-03 8.634997639934215152e-03 9.345766925878840753e-03 9.041716192241665284e-03 8.464585204057651149e-03 9.891469709220323051e-03 9.073820624489121675e-03 9.036542833527040630e-03 9.106517118744843556e-03 8.096879399385716741e-03 8.491510583508459289e-03 8.725069228203491054e-03 9.513531132536624454e-03 8.586264249025471820e-03 8.670299521665024781e-03 8.781905450451585327e-03 8.303349964214929921e-03 8.826470439044548436e-03 9.211359776741655930e-03 8.787582073023781845e-03 8.918855900079071877e-03 8.875312754733518522e-03 8.956462074412802413e-03 8.709468691376395094e-03
7.762257781255626869e-03 8.233763205883025751e-03 8.262306043972334965e-03 8.151604592447779865e-03 8.552940575023279188e-03 8.513374518252963749e-03 8.186677473938518482e-03 0.000000000000000000e+00 7.885255405424373629e-03 8.010578179303918037e-03 8.649452592314137156e-03 8.535790702574978794e-03 8.960529533617041242e-03 8.424598641773866844e-03 8.089077753348933655e-03 8.170900515343334017e-03 8.135956256990799912e-03 8.526820051683347765e-03 9.213928913655647368e-03 7.936012250242849980e-03 8.530777827384291093e-03 8.544154579154231502e-03 8.548769685873314206e-03 8.673071881506925693e-03 8.168841972736443080e-03 8.457620437619941048e-03 8.988012009013593775e-03 8.135652296723965005e-03 8.224521895617911693e-03 9.015649739659140072e-03 8.156731928780093163e-03 8.721499698080895785e-03 7.979202148689199317e-03 8.983950091945613545e-03 8.820055335270016866e-03 8.978677653287001764e-03 9.086854660984368046e-03 1.015525451610926021e-02 8.567000755675480486e-03 8.734568734877771329e-03 9.010263433032046979e-03 8.671523690572346260e-03 8.876641747308214661e-03 8.939865168578484469e-03 9.017621876665918648e-03 8.996645662216274167e-03 8.656705407744285166e-03 9.995051595362484595e-03 8.277872182188767899e-03 8.543706900159262971e-03 8.649416111190468340e-03 9.092109729115132113e-03 8.786755162956478432e-03 9.427481024135268145e-03 8.455195744164733726e-03 9.266316049738151234e-03 8.038940451961096648e-03 9.118010429143822218e-03 8.839619839565524689e-03 8.613328344253132901e-03 8.907411065116414492e-03 8.914932356183007112e-03 9.051423336949873666e-03 8.080821050368598366e-03 8.830728312439188599e-03 9.251215747282262244e-03 8.738384183124586757e-03 8.837028518126913146e-03 8.538079998970762516e-03 8.866338411617446374e-03 9.438895184283240675e-03 9.189065199613063659e-03 9.197502144775666910e-03 9.246391501437602883e-03 1.051640567818390611e-02 8.789758926239489567e-03 9.048433218703418046e-03 8.528590379400281113e-03 9.337618769676928748e-03 8.579467399710475131e-03 8.895122788255358653e-03 8.853590264251805925e-03 8.910367816650744191e-03 9.027383807039518482e-03 9.123921442909766269e-03 8.500895596247802499e-03 9.229251695329088526e-03 9.480156344737247429e-03 9.218320605427605952e-03 9.624019833453146058e-03 8.719759840847191024e-03 9.142836871524642056e-03 8.795012857642319631e-03 9.917506755111290748e-03 9.421640764092843040e-03 8.950003063009078635e-03 9.365800728295304786e-03 9.059548609186625356e-03 8.468971904916354140e-03 8.941136550591246776e-03 9.500250810756007483e-03 8.866292297534005690e-03 9.364070093185898613e-03 9.006494323397647508e-03 8.333573794870471896e-03 8.894780216197483227e-03 9.568218964990382602e-03 9.287994485235704853e-03 8.713743028980211816e-03 1.010255456123326789e-02 9.298538967404955044e-03 9.273857551243019914e-03 9.340607135819443269e-03 8.369288136075887438e-03 8.751635057827679073e-03 8.972237877115990176e-03 9.736256323729630333e-03 8.840408445178129723e-03 8.920462299507126228e-03 9.026176062132873837e-03 8.566523008447979662e-03 9.083067347183145304e-03 9.441125761008334338e-03 9.034864665120895949e-03 9.134933128858810369e-03 9.117378989934100605e-03 9.183049980990440342e-03 8.958306100123733171e-03
7.308483180701519019e-03 7.817060671724357368e-03 7.933247257453658260e-03 7.734036044977536141e-03 8.127541154987046046e-03 8.110805052547328045e-03 7.488597296541369200e-03 7.885255405424373629e-03 0.000000000000000000e+00 7.558341701672397807e-03 8.326975046516764747e-03 7.847414608780686057e-03 8.310338830348429351e-03 8.019754275955316355e-03 7.867984587140145272e-03 7.473861029671668814e-03 7.752048513021751915e-03 8.138165363694918955e-03 8.898914665711289002e-03 7.504158086953374544e-03 7.862423783418335740e-03 8.427034324735273307e-03 8.198385010497726694e-03 8.379507289284826577e-03 7.779365477991659165e-03 8.049567015402063833e-03 8.583370151461116107e-03 7.731603380920683971e-03 7.538884908602461535e-03 8.643792676358537722e-03 7.993456048092069735e-03 8.637528867198941349e-03 7.481411484574993290e-03 8.521947818396059457e-03 8.662691971480630457e-03 8.829274679727407843e-03 8.677758905684146429e-03 9.752483239141369192e-03 8.075924333411149333e-03 8.276485837243592256e-03 8.336759753490860861e-03 8.188126682152992511e-03 8.424427842968420718e-03 8.544719083415450861e-03 8.571812699957359269e-03 8.552070278735807163e-03 8.192530594850627040e-03 9.627656501780863449e-03 7.792324409228728807e-03 8.074962699336107885e-03 8.154801379586624002e-03 8.450871968901716227e-03 8.348327960040584361e-03 9.021908896490961685e-03 8.245015606768636707e-03 8.819118511179876996e-03 7.523943649426518589e-03 8.441451997058698614e-03 8.396816250337345994e-03 7.944132230613807147e-03 8.469391805069987830e-03 8.468593340935283431e-03 8.603650258038700663e-03 7.651534451422047946e-03 8.368311476835836246e-03 8.806508109407532731e-03 8.247611819806727890e-03 8.638783319923983711e-03 8.052217630973048518e-03 8.394183212783595804e-03 9.010785865081432158e-03 8.753067134542215702e-03 8.737606687662996183e-03 8.795609596065472394e-03 1.012829152004002080e-02 8.332230596569423567e-03 8.383589069666828181e-03 8.034069240508010662e-03 8.913204717578518399e-03 8.099451065942309472e-03 8.435076829573770474e-03 8.379942816673814979e-03 8.226374113746163369e-03 8.565587517258593103e-03 8.675141162833426359e-03 8.004316773139310420e-03 8.782883424159801042e-03 9.047331136863264248e-03 8.774553692321478832e-03 9.195015876337305633e-03 8.238866361423752976e-03 8.687507661810204423e-03 8.308388338871267736e-03 9.492385808326416971e-03 8.981956350343494808e-03 8.490826296327512804e-03 8.932105083696724110e-03 8.611546932988857483e-03 7.976013226644582121e-03 8.472547383289256648e-03 9.057276221636583607e-03 8.380695029810088931e-03 8.932183513432266977e-03 8.551136360597427766e-03 7.825163206426894238e-03 8.423427131443192092e-03 9.142746717291342848e-03 8.853115522023639536e-03 8.241216600788248137e-03 9.709033510892363730e-03 8.872628849252486502e-03 8.828004767565419617e-03 8.908040158704185960e-03 7.869309445873605077e-03 8.274604593932989235e-03 8.523633660644715226e-03 9.322535167696290731e-03 8.373865889061348280e-03 8.460654041074665982e-03 8.574749200632935178e-03 8.082266705922911548e-03 8.625580671839938596e-03 9.025300111844670667e-03 8.581247752199467824e-03 8.694686926660106369e-03 8.668277387531701447e-03 8.745150803606551240e-03 8.492588148816352170e-03
7.670504594141725266e-03 8.359793450916235685e-03 8.217607866990387505e-03 7.987965884326472810e-03 8.195986372806338474e-03 8.384943632084350743e-03 7.812807722150247325e-03 8.010578179303918037e-03 7.558341701672397807e-03 0.000000000000000000e+00 8.593340736128352378e-03 8.127797129497902826e-03 8.557374752556030917e-03 8.561167780550629075e-03 7.960013698878548941e-03 7.794536866322733515e-03 8.009331672488309573e-03 8.208299261714162992e-03 9.374060375543133081e-03 7.788035993829303151e-03 8.118955134011425837e-03 8.686879665712495327e-03 8.491377752541421145e-03 8.910620125641106198e-03 8.071597027211396130e-03 8.328926580756927309e-03 8.868957617738638249e-03 7.996554961136562167e-03 7.872120018319028398e-03 9.171092161071659962e-03 8.041778336538268901e-03 8.889676086257829873e-03 7.698729625463117572e-03 8.895019039689023438e-03 8.998694317167614878e-03 9.164360458137919829e-03 9.010603012933087602e-03 1.006123859990377782e-02 8.450748364859124798e-03 8.638310403939255047e-03 8.883301874317866068e-03 8.567619223160035866e-03 8.774995761653508336e-03 8.879410207566164684e-03 8.930413557610827197e-03 8.885546788772496346e-03 8.549304378785812369e-03 9.936922266713842794e-03 7.973928811043596784e-03 8.449110091692964980e-03 8.525226167904898650e-03 9.019548990288084669e-03 8.686515547789727329e-03 9.362888592084242512e-03 8.612250362126745371e-03 8.913018190138141325e-03 7.926232944623200910e-03 9.004675462484200421e-03 8.749826676336521988e-03 8.523254047364082348e-03 8.836259055735087506e-03 8.830317822456263538e-03 8.939781129095918794e-03 8.193444420598756592e-03 8.754618531548470639e-03 9.167082221606089390e-03 8.640006964146065491e-03 8.988906975390547477e-03 8.446102799642597400e-03 8.778501789824654650e-03 9.351815607338023056e-03 9.105863701064115245e-03 9.106276576290033009e-03 9.156255617591747137e-03 1.043724723731808204e-02 8.709371224475867188e-03 8.955913752471412678e-03 8.435881686587038200e-03 9.258823212105209491e-03 8.494092870909382767e-03 8.816636371736116806e-03 8.765610050945404214e-03 8.808792206259158375e-03 8.930609083728306349e-03 9.029348356745165935e-03 8.399253364347266521e-03 9.155945437176972110e-03 9.411843799428425833e-03 9.127455534908346380e-03 9.537284722915167004e-03 8.622950200507253915e-03 9.059501415898901441e-03 8.689301240880959246e-03 9.830720238483380002e-03 9.330726499636109519e-03 8.863937636542348897e-03 9.265760600809420933e-03 8.943661781044883602e-03 8.351257755162795962e-03 8.832770521238148334e-03 9.400692095754240030e-03 8.739900814706502014e-03 9.260993447114215793e-03 8.897024998671692123e-03 8.208410332837305645e-03 8.788106353704585108e-03 9.471243182819591780e-03 9.185817915568798495e-03 8.611638947600700617e-03 1.001054051789999032e-02 9.206265522575429044e-03 9.178218769435187580e-03 9.228207192335146497e-03 8.252666184525549870e-03 8.633361420988987581e-03 8.857117402058129266e-03 9.639122786641460272e-03 8.731832890652808585e-03 8.806860602169017463e-03 8.919642929913399951e-03 8.453290182594453903e-03 8.965753947574390398e-03 9.353291632776362247e-03 8.922299411334213073e-03 9.039425849180627096e-03 9.011657637748197308e-03 9.082001146158950530e-03 8.850906425787112564e-03
8.395117148401779264e-03 8.796125487951413774e-03 8.814330411700746840e-03 8.702496479206843147e-03 9.157054874542861281e-03 9.341836737775005214e-03 8.823177068511038612e-03 8.649452592314137156e-03 8.326975046516764747e-03 8.593340736128352378e-03 0.000000000000000000e+00 8.868694260992755068e-03 9.547479965721146489e-03 9.272012110416094285e-03 8.932224159652130818e-03 8.791706037383564820e-03 8.704495604249021939e-03 8.822394345237896326e-03 9.672527397242244515e-03 8.511521415874821750e-03 8.864277864838288057e-03 9.078222381358075702e-03 9.068514838100710101e-03 9.179715814556461961e-03 9.011543754018302987e-03 9.272182467247652368e-03 9.533619659305984928e-03 8.691571137496327190e-03 8.885721195238012460e-03 9.829109711802190910e-03 8.714482044342969358e-03 9.233879536298403648e-03 8.690653927981042276e-03 9.597120826095444437e-03 9.691024832445058537e-03 9.846590111164094106e-03 9.691965580654157003e-03 1.068246853303410522e-02 9.209184148292304251e-03 9.403169804376479771e-03 9.617883127102893129e-03 9.295240501275794931e-03 9.494833749744567911e-03 9.575805444009082706e-03 9.622647034223835369e-03 9.610394633871460063e-03 9.309970688468898956e-03 1.055244157384821121e-02 8.967892287638504906e-03 9.205306369494752408e-03 9.286310541961516341e-03 9.716293699240824075e-03 9.410790465186275391e-03 1.002099596997285680e-02 9.353142705599377590e-03 9.853003473495818010e-03 8.733195240534494252e-03 9.714860681940325898e-03 9.474970932987403574e-03 8.998848782194276627e-03 9.540910813831978907e-03 9.547657512955182862e-03 9.662835475015261327e-03 8.736516920196425728e-03 9.467705670154414471e-03 9.830281501914088158e-03 9.362960557848637108e-03 9.684414153408324802e-03 9.175741823608014533e-03 9.488870800549588369e-03 1.002023117359814378e-02 9.789005530220648565e-03 9.787133974731991246e-03 9.835812811135914713e-03 1.102342296163625820e-02 9.416300940136571734e-03 9.649277500072803854e-03 9.177934354400943059e-03 9.928297244928217455e-03 9.231174967486370508e-03 9.525787717783004011e-03 9.478309353101267709e-03 9.515512821930346976e-03 9.627359741812174451e-03 9.727751735448948028e-03 9.151629255188722251e-03 9.823767145407365578e-03 1.005741570940764211e-02 9.808182173201571499e-03 1.018520611755552654e-02 9.352957287759757279e-03 9.745761746109672663e-03 9.414994325284857524e-03 1.045823611385282570e-02 9.996404544062047551e-03 9.567241227617885244e-03 9.938982152517067403e-03 9.650579875645545064e-03 9.110875346845593095e-03 9.543002724816306015e-03 1.006323614181438286e-02 9.472410140518788130e-03 9.935762012142279262e-03 9.604080434040516284e-03 8.985438974955612876e-03 9.502135618842265721e-03 1.012359118860892138e-02 9.865527614318048491e-03 9.343107347910346167e-03 1.062849698840372635e-02 9.886158932754450859e-03 9.851159671397208620e-03 9.913925751280184412e-03 9.017599697404952638e-03 9.368777812646469222e-03 9.580681298502702337e-03 1.028222582867750236e-02 9.451890608156593779e-03 9.526866351952949577e-03 9.622050814111320072e-03 9.198392916471965705e-03 9.663265059116122463e-03 1.002279366410330740e-02 9.632517894020994551e-03 9.715458270754770767e-03 9.706302086457481784e-03 9.776834500431550237e-03 9.560701115173843995e-03
8.171941213106208302e-03 8.653977623193438024e-03 8.471722822210451739e-03 8.310764355064632208e-03 8.721869421110308232e-03 8.906148487023455435e-03 8.057249593671707982e-03 8.535790702574978794e-03 7.847414608780686057e-03 8.127797129497902826e-03 8.868694260992755068e-03 0.000000000000000000e+00 9.122537295917252514e-03 8.838744922353744538e-03 8.259986395059381453e-03 8.091166625478308366e-03 8.294235670081659059e-03 8.483416482016120294e-03 9.669231163915987040e-03 8.089662327516438517e-03 8.396149232311545321e-03 9.014546790137478033e-03 9.022336071354174897e-03 9.190574639865641340e-03 8.330744699835943706e-03 8.604493871858950871e-03 8.840685597412689667e-03 8.299637991823091004e-03 8.376923019133992662e-03 9.137027568925404006e-03 8.587339692380931491e-03 9.153307388856795138e-03 7.910751400048297161e-03 9.042908634739554863e-03 9.169424187247010236e-03 9.328747932137263291e-03 9.171254253533156486e-03 1.020870385281686180e-02 8.613790363666230451e-03 8.804587985160023875e-03 9.052039496463024776e-03 8.718131299145091134e-03 8.928975041412988076e-03 9.079906992504891208e-03 9.091610896494543501e-03 9.065424540344554569e-03 8.726587787563891765e-03 1.007301952350277661e-02 8.150221187279033455e-03 8.639424712004767359e-03 8.476856987375108385e-03 9.200984434830717165e-03 8.626803708250870006e-03 9.528367395644740320e-03 8.772377702280353268e-03 9.337932888884684784e-03 8.122523185392348591e-03 8.895218201883407436e-03 8.926379747681225871e-03 8.702619187068182105e-03 8.976173320378023207e-03 8.761025037959750336e-03 9.088321336649503313e-03 8.440969177737716461e-03 8.955127506470192400e-03 9.359525181897671020e-03 8.844757876968331253e-03 9.190965393150932541e-03 8.659137999710164388e-03 8.979476723405925565e-03 9.548102955448351664e-03 9.308189780619225209e-03 9.054011369906538390e-03 9.343913628481158307e-03 1.059972278408847016e-02 8.922812219466232098e-03 9.163329470136885591e-03 8.646863311123622817e-03 9.445647963213794907e-03 8.711556542815062504e-03 9.015847352868854372e-03 8.965062861135188535e-03 9.008339567476928919e-03 9.146149977976121212e-03 9.231564527522360258e-03 8.629192772983036025e-03 9.347145882027911926e-03 9.606545034319157947e-03 9.327457141566478094e-03 9.718064837839126419e-03 8.826340044956904746e-03 9.251845300949588027e-03 8.891146284564867275e-03 1.001906528593971696e-02 9.516931837019100907e-03 9.061794152619725637e-03 9.473430347758890827e-03 9.160795911861818047e-03 8.583458347781288550e-03 9.053428239722598192e-03 9.607932507040430059e-03 8.989550224982776130e-03 9.470795082449729937e-03 9.113752599669474805e-03 8.456386034756624426e-03 9.007598803019774281e-03 9.686618310721218858e-03 9.386517233094580567e-03 8.828413183601516168e-03 1.020253038331986502e-02 9.416926914652609670e-03 9.389720958300616649e-03 9.447975166740053138e-03 8.488728603052206334e-03 8.867226090874771871e-03 9.083948571316431339e-03 9.839451274684855517e-03 8.954872695623988105e-03 9.025455994648139829e-03 9.138101142630437879e-03 8.684517825939283217e-03 9.183530545440084236e-03 9.555583818818921826e-03 9.136336332982178399e-03 9.267782525074626590e-03 9.227433348280435904e-03 9.295581402387811248e-03 9.069321507072189772e-03
