0.000000000000000000e+00 8.904867810853617227e-03 9.477362679721766311e-03 8.531210329253569730e-03 9.119959025820613407e-03 9.689942700479063642e-03 8.784351773182076661e-03 9.106729095312522670e-03 8.432532503009513777e-03 1.001595788959875645e-02 9.745293019225779313e-03 8.961474764993688710e-03 8.685258611852817931e-03 8.781007796928270298e-03 1.281088148073697940e-02 9.063165411212737235e-03 1.002711481759476983e-02 9.279933898585454935e-03 9.635460819566298712e-03 8.954744890835364401e-03 9.302128012491344550e-03 9.412382201042946567e-03 9.103404014796038363e-03 9.083834043514251930e-03 8.801268042122091517e-03 8.778649953379104309e-03 9.419065094582250788e-03 9.109658778951933850e-03 8.789021668038949839e-03 1.032447630449821914e-02 9.440778138403389808e-03 8.669660313088436293e-03 9.168323950579468362e-03 1.028868321682718280e-02 8.966323502904877465e-03 8.999584261316450826e-03 1.026753792919491391e-02 9.952021900693375916e-03 1.133874640484735727e-02 9.019595917429309648e-03 9.311053177257487892e-03 9.776292244226089667e-03 1.354404879754922929e-02 9.717009661673738780e-03 1.025399591078530841e-02 9.017485812438401707e-03 9.334477416603374073e-03 9.708551445849202335e-03 9.547386545826871268e-03 8.821734699373333030e-03 9.745641254762696382e-03 9.320348355759755857e-03 1.032590373155824540e-02 8.964722792909980351e-03 8.982727346475321770e-03 9.363029257186300178e-03 9.201374938306203580e-03 9.316782502572167057e-03 9.506746421993145235e-03 8.603519645761677215e-03 8.612783084634673125e-03 9.006789809192483273e-03 9.117663399626637147e-03 9.531546783293057268e-03 9.372376205672215341e-03 9.370516269253661643e-03 9.336130706485102834e-03 9.161633426242207084e-03 1.001628341317829275e-02 9.335168033608955487e-03 1.064561720583764512e-02 8.876720271689933842e-03 9.549710686502212165e-03 9.565476490553450131e-03 9.752356444792635234e-03 9.166839547964581239e-03 1.031624517937813727e-02 9.360420396270198451e-03 1.004856804208682786e-02 9.774255248103751875e-03 9.162455854355813431e-03 9.548278686431240295e-03 1.030673072720994857e-02 8.610100585336103243e-03 9.537524145548597829e-03 9.367538971760918168e-03 9.184314836447271535e-03 9.540789875042983426e-03 9.348917395997732860e-03 9.351101528802389581e-03 1.005484864885422547e-02 1.063314997472902292e-02 9.166547925614526582e-03 9.344676781328218815e-03 1.000187389257914221e-02 9.348748324428245160e-03 1.027370338632905937e-02 9.554101156098828915e-03 9.975922967248605777e-03 9.332798340744996243e-03 8.848375542498874285e-03 1.098297759474069213e-02 9.527915252297234835e-03 1.002660814346400392e-02 9.327649853573415431e-03 9.173819981564317397e-03 9.165069552760855831e-03 1.004403454059673260e-02 9.538828782453925501e-03 8.504802709339058520e-03 9.155174648700787829e-03 9.162999938629158569e-03 9.987586734887119594e-03 9.153947420315326766e-03 1.030929843530688055e-02 9.757409432372020006e-03 9.158271354043550500e-03 9.170296161095298215e-03 8.860343857967793724e-03 9.554752734073711229e-03 1.064295189512167242e-02 9.348783211517216335e-03 9.333181212564278101e-03 1.026042624179815399e-02 8.726029703022088191e-03 1.030170450844001759e-02 9.766686308965280561e-03 9.162645188494817489e-03
8.904867810853617227e-03 0.000000000000000000e+00 8.263824987448445403e-03 7.147742406193161903e-03 8.009050559227261917e-03 8.522001507909510859e-03 7.692323637375753781e-03 7.998439305215047229e-03 7.152851537715096408e-03 9.086453788880106616e-03 8.894402728879492390e-03 7.820008322318812086e-03 7.470164365877455560e-03 7.583646743853855558e-03 1.206690513785367569e-02 7.879519280872722409e-03 9.108505870024846685e-03 8.323246493010076630e-03 8.463712116624480877e-03 7.804804728204311343e-03 8.227472819181827837e-03 8.195928040842627785e-03 7.994263066889802441e-03 7.973928037933158269e-03 7.615383853882715277e-03 7.531680468085400100e-03 8.200119545815776761e-03 8.002599342584966469e-03 7.607566935703699053e-03 9.453909991983439759e-03 8.231866052186344665e-03 7.455538222891987254e-03 7.999210417562284750e-03 9.311290320018183672e-03 7.753577148380922344e-03 7.796480677842880513e-03 9.287124095124979842e-03 8.925297561980129538e-03 1.048204142012342313e-02 7.819380069982164935e-03 8.168656051167363583e-03 8.719890725906913678e-03 1.283432579894756842e-02 8.649756695368200285e-03 9.271640366351804191e-03 7.816877801568681075e-03 8.196923382906862524e-03 8.639796123109068013e-03 8.452785605546818404e-03 7.578235771292793528e-03 8.681197491746643277e-03 8.181666356366992104e-03 9.353954318471949594e-03 7.753254672179068704e-03 7.774683054449067765e-03 8.233703653033677683e-03 7.938150762595420559e-03 8.177297861668365170e-03 8.403580951397968124e-03 7.314600824464992032e-03 7.327627876938903190e-03 7.803632288337104643e-03 7.937895503095888233e-03 8.431396575613142944e-03 8.245957956663095903e-03 8.243743223114005994e-03 8.202049646350026771e-03 7.993717481713702791e-03 9.001832575142532100e-03 8.199520711024541400e-03 9.718114515875335424e-03 7.649028955162342006e-03 8.456140240468958125e-03 8.475056327338937115e-03 8.694613685759315994e-03 7.999300005734887378e-03 9.345958838075546157e-03 8.231582110639236796e-03 9.039318925607227329e-03 8.720495327117494533e-03 7.993546913062511694e-03 8.454583762481395620e-03 9.335100387665475064e-03 7.325233193129844153e-03 8.441519631415152561e-03 8.240103373866445105e-03 8.020645333054897755e-03 8.445623934521376275e-03 8.218204634308801451e-03 8.220186402991089269e-03 9.046647513593695025e-03 9.704118530755477187e-03 7.998483613304041909e-03 8.212015707387439883e-03 8.985078368675063210e-03 8.217394062061844640e-03 9.297366358361839819e-03 8.461617698749722416e-03 8.956007828432298659e-03 8.197866047653415769e-03 7.614293809541350030e-03 1.009392480605347808e-02 8.430301067701906001e-03 9.011534454023783711e-03 8.191836143035010134e-03 8.007948886952402992e-03 7.997157066932535432e-03 9.034131278348057209e-03 8.443329308273682041e-03 7.197447420923826222e-03 7.984825494349997652e-03 7.994418863682720491e-03 8.968528689118890340e-03 7.984195063665787406e-03 9.338105706813679824e-03 8.701658597263206910e-03 7.989733205404123129e-03 8.003155012354167680e-03 7.629228908587123992e-03 8.462296850691108929e-03 9.715089223851941860e-03 8.216867655964629064e-03 8.198584482565343667e-03 9.282162704381169763e-03 7.466097678356282269e-03 9.329254681604596047e-03 8.711588953424645801e-03 7.994199598520532191e-03
9.477362679721766311e-03 8.263824987448445403e-03 0.000000000000000000e+00 7.869186182204439273e-03 8.621060541848623096e-03 9.082660351652043634e-03 8.379086942099898960e-03 8.617038490427905359e-03 7.872383942587194219e-03 9.604553977998198100e-03 9.469867839035469442e-03 8.451999613947961884e-03 8.152523571391212184e-03 8.260861756049236657e-03 1.226705918149602684e-02 8.427437192345040365e-03 9.773591765945588081e-03 8.815338392523672240e-03 9.037763325478526816e-03 8.442972491481666106e-03 8.824228093914608662e-03 8.796904095805527929e-03 8.616217412989349983e-03 8.716491694631661041e-03 8.382837858173822557e-03 8.120848518618849210e-03 8.795760270843612852e-03 8.742209526403373065e-03 8.383605407919898084e-03 9.940973847239719871e-03 8.819081003815074440e-03 8.245973302248348069e-03 8.658468927770741203e-03 9.857985885442179311e-03 8.439663513175182930e-03 8.475987898505022919e-03 9.835575579586586237e-03 9.502148842406349730e-03 1.096170064634944402e-02 8.497775721194257906e-03 8.811672298703433076e-03 9.312023573400085227e-03 1.323382809153062986e-02 9.248057065450504891e-03 9.821109291561498644e-03 8.495428477637151365e-03 8.837028190882417755e-03 9.238937882462680204e-03 9.066532457872120837e-03 8.283469437720071896e-03 9.275766484299329331e-03 8.821708149678451211e-03 9.897665929113992275e-03 8.437802968011621704e-03 8.459899983055846687e-03 8.868183571297748660e-03 8.691823597254066947e-03 8.817826765692383592e-03 9.022325852754749936e-03 8.048373717149004403e-03 8.058520480476474152e-03 8.483751532807040988e-03 8.602970697432413619e-03 9.049069997427565751e-03 8.875890706896958499e-03 8.876074827060922642e-03 8.838755901065276435e-03 8.652663862792437863e-03 9.568219975040571923e-03 8.836064571016670824e-03 1.023544327580224247e-02 8.343077738495690773e-03 9.068661201598210778e-03 9.085705222526848854e-03 9.286035592553688184e-03 8.656322867590734646e-03 9.887200481340849625e-03 8.865197616465904373e-03 9.602758913191400403e-03 9.309648597624333929e-03 8.651403730066875228e-03 9.067196189826685210e-03 9.877198101000841599e-03 8.055367778052558922e-03 9.055494605810400846e-03 8.872784190271059204e-03 8.675299583581047233e-03 9.056798461514213583e-03 8.852895121948482077e-03 8.855025199413316464e-03 9.609542308125071028e-03 1.022225403798458256e-02 8.655855912470311608e-03 8.847936967817937592e-03 9.552801047526380054e-03 8.852492914711155778e-03 9.842113865820546759e-03 9.073525805436690253e-03 9.525280467238604262e-03 8.834982669046516010e-03 8.312350060432720927e-03 1.058994466184504449e-02 9.045244771029510231e-03 9.570867949983326642e-03 8.829461301131547035e-03 8.663977308460021204e-03 8.654279904979038721e-03 9.597983083867939538e-03 9.057013426684237464e-03 7.941765878909157195e-03 8.643459831214837449e-03 8.651953192890710770e-03 9.537604654200431548e-03 8.642458332886952810e-03 9.879956048122655668e-03 9.291793900518083293e-03 8.647332977218568847e-03 8.659986416069078222e-03 8.325563858308952792e-03 9.074009457868218234e-03 1.023246642040186172e-02 8.852161991815552314e-03 8.835638057170773149e-03 9.827990471592631255e-03 8.180370342369245110e-03 9.871626392361158853e-03 9.301346246526315253e-03 8.651658768577489417e-03
8.531210329253569730e-03 7.147742406193161903e-03 7.869186182204439273e-03 0.000000000000000000e+00 7.592460332682227780e-03 8.142866670186163849e-03 7.150466595091755674e-03 7.674355074323527259e-03 6.650791058778758418e-03 8.747857345658152650e-03 8.422858515212728464e-03 7.386558361572210206e-03 7.000717807027143948e-03 7.136045152866254959e-03 1.164450066191629642e-02 7.352269354031278070e-03 8.762939468136448848e-03 7.819537523299299395e-03 8.084323458174254642e-03 7.369967911602388899e-03 7.831744890685143554e-03 7.798343269626435009e-03 7.583660828293223820e-03 7.557264792955603258e-03 7.159275661500810392e-03 6.974529276204260130e-03 7.800907849836102685e-03 7.589018947733593319e-03 7.242525003137839472e-03 9.237446077014190016e-03 7.828892367406681957e-03 6.986946013448298853e-03 7.560112656139954777e-03 8.949199105451459760e-03 7.293813950971303993e-03 7.338653120587298496e-03 8.923986219185156207e-03 8.544821445486867201e-03 1.016222746584787354e-02 7.365630198537099702e-03 7.741537236457265818e-03 8.328113334105586782e-03 1.256463723140151777e-02 8.253906986531778234e-03 8.907760889490757769e-03 7.362900446498672584e-03 7.771995212445858940e-03 8.243256972758197798e-03 8.042889105675490174e-03 7.102899293526219147e-03 8.287734849841471227e-03 7.753425101275922098e-03 8.993727359081226530e-03 7.291378317874571552e-03 7.317225439322390217e-03 7.809444811850482261e-03 7.600546867175136077e-03 7.748726371676992186e-03 7.990400157411108387e-03 6.814870843584090385e-03 6.827474364881286686e-03 7.348449600190550858e-03 7.491234156258637367e-03 8.022214041305996551e-03 7.818804021191571446e-03 7.817829747237171542e-03 7.771371664491168695e-03 7.548003313253746904e-03 8.619125100524293800e-03 7.681614335307650372e-03 9.368681653707692375e-03 7.174556256726851051e-03 8.044324013004859608e-03 8.062620940384068735e-03 8.295380746011132844e-03 7.553641978964562888e-03 8.979386915709566125e-03 7.804810467237801100e-03 8.658392528467711430e-03 8.322757056839786421e-03 7.547487897798103515e-03 8.040918400396798379e-03 8.969966289809960108e-03 6.820731844861313738e-03 8.027003311371693622e-03 7.812175254870023719e-03 7.576731401825828431e-03 8.031581912598098963e-03 7.789309109340827528e-03 7.790782409381739014e-03 8.667967301593432899e-03 9.352317293174199075e-03 7.552892074551401796e-03 7.782028305897646485e-03 8.601517992610113392e-03 7.789621321900106442e-03 8.931404731296384986e-03 8.051150448222113912e-03 8.574030153600295523e-03 7.769631465310487990e-03 7.139338829946997693e-03 9.758702802552605277e-03 8.017801605058058959e-03 8.628946296773869554e-03 7.763136239437924691e-03 7.565822577120418987e-03 7.554084468773756764e-03 8.655761627374240763e-03 8.031660103592262734e-03 6.682938047981559944e-03 7.540783355298035472e-03 7.551048534642398370e-03 8.586857586715587395e-03 7.540552526494318474e-03 8.973950408560563488e-03 8.306066202134872178e-03 7.546477119770130665e-03 7.560608133303484482e-03 7.155790434352410356e-03 8.051781099143996007e-03 9.366275857172543309e-03 7.789812945410140056e-03 7.770459171410754040e-03 8.915535070323199127e-03 6.977655406877787680e-03 8.964566715879753248e-03 8.316003549569706346e-03 7.550890634483634241e-03
9.119959025820613407e-03 8.009050559227261917e-03 8.621060541848623096e-03 7.592460332682227780e-03 0.000000000000000000e+00 8.863316056174071894e-03 8.010007850576298175e-03 8.379227168745661050e-03 7.595821253269238044e-03 9.544332257188099800e-03 9.242434179895415297e-03 8.207302834374406025e-03 7.886739929620883993e-03 7.996434151636408472e-03 1.212264679773538377e-02 8.288304517693722770e-03 9.419920433881996333e-03 8.577774826954287848e-03 8.815804254017046981e-03 8.194657270737466456e-03 8.707076723288029521e-03 8.687957076291075512e-03 8.374670344512100129e-03 8.354649249643405357e-03 8.119991306732261133e-03 7.864064607958074979e-03 8.569175366346583333e-03 8.497314174615463317e-03 8.017733413859804911e-03 9.898668045579345209e-03 8.584406093323020473e-03 7.872873160432719911e-03 8.405106681722219336e-03 9.647194956516091588e-03 8.176677573141718364e-03 8.214764116662102988e-03 9.624077323904507361e-03 9.278236216836507552e-03 1.077725925210540683e-02 8.237609907589312636e-03 8.564291833626030970e-03 9.083761391562973977e-03 1.308119535027943599e-02 9.017412505973848580e-03 9.609220498905448118e-03 8.235220467443307713e-03 8.590757077456609783e-03 9.007939902664853851e-03 8.829335180236696015e-03 8.013675557294023047e-03 9.046476650003442907e-03 8.574718476103167578e-03 9.688075293238134281e-03 8.174724528506340654e-03 8.197902051190491049e-03 8.623331502877074756e-03 8.440073804129288523e-03 8.570665111687627777e-03 8.783221870965347497e-03 7.768649400445723323e-03 7.779226982492245743e-03 8.222969579330821274e-03 8.346878739869820207e-03 8.811136218870696535e-03 8.633760898622899055e-03 8.631743880840746577e-03 8.592798572207327110e-03 8.399124627848761696e-03 9.348733793122662727e-03 8.590104685663893166e-03 1.003499595838691812e-02 8.076355757642515037e-03 8.831656650718050852e-03 8.849368191665894778e-03 9.057016895787846009e-03 8.402902360828490638e-03 9.677484860266059863e-03 8.620324628685966523e-03 9.384379796298943435e-03 9.081473777713049839e-03 8.397718115729941452e-03 8.830168476303733652e-03 9.667086129144387974e-03 7.776044047196398884e-03 8.817946414133045682e-03 8.628312226657034248e-03 8.422748692768067605e-03 8.821735581260363446e-03 8.609884978244575562e-03 8.609736118028177287e-03 9.391431854231307649e-03 1.002157200128265049e-02 8.402365647175781896e-03 8.602170396354375664e-03 9.332840009081213445e-03 8.607094708070363656e-03 9.630866670536539567e-03 8.836609482748407698e-03 9.304430194117816258e-03 8.588663257547965446e-03 8.044064391197799924e-03 1.039778818710768507e-02 8.807188019001432888e-03 9.352079431236235210e-03 8.582938073957976921e-03 8.410777235954715325e-03 8.400637363118952303e-03 9.379347048050139940e-03 8.819428223717059451e-03 7.657382349446717994e-03 8.389280247767159915e-03 8.398159253944220345e-03 9.316946118955230643e-03 8.388335829574907268e-03 9.669838112853887738e-03 9.062967565385285362e-03 8.393512414725632850e-03 8.406506178423407347e-03 8.057926181032787696e-03 8.837116987248653383e-03 1.003186969746726158e-02 8.606513671092989870e-03 8.589371571086865456e-03 9.616318915463205677e-03 7.906393383013592471e-03 9.661260172910636837e-03 9.072739584046812453e-03 8.397897560435947303e-03
9.689942700479063642e-03 8.522001507909510859e-03 9.082660351652043634e-03 8.142866670186163849e-03 8.863316056174071894e-03 0.000000000000000000e+00 8.518936843214914081e-03 8.855805018099129414e-03 8.146997238934902685e-03 9.964966293865038655e-03 9.529070626527087751e-03 8.821708615339115753e-03 8.404817583781120857e-03 8.628298507078540139e-03 1.241194186666482249e-02 8.677306257637002959e-03 9.821321774628187160e-03 9.179014619226027322e-03 9.395945838127320315e-03 8.807467030503265959e-03 9.054850744150858693e-03 9.160744780480734040e-03 8.980772596571987704e-03 8.964101431713691198e-03 8.536064604390342786e-03 8.389829676512111645e-03 9.032241982572119035e-03 8.863047432920422367e-03 8.531292047837538833e-03 1.012837448013323947e-02 9.183188150676898157e-03 8.401131959275668498e-03 8.904524266095678944e-03 1.005949419805506583e-02 8.689614330307954618e-03 8.727028248935215712e-03 1.003767744997909918e-02 9.715655555279508263e-03 1.114135834186437239e-02 8.747745855250130612e-03 9.047631559043469926e-03 9.533449290640193599e-03 1.338227858274206213e-02 9.468412094241186738e-03 1.002356972477794900e-02 8.743035154381236657e-03 9.071896299399662481e-03 9.459560702088400108e-03 9.296160856968518210e-03 8.539595473800615580e-03 9.353478800525913059e-03 9.057259356220939694e-03 1.010168953161532691e-02 8.688037787317396191e-03 8.709535167880854203e-03 9.101838903490437963e-03 8.931971228960711856e-03 9.053510853789501628e-03 9.250711044044741815e-03 8.313372181114058942e-03 8.325178938224021830e-03 8.731788845900152751e-03 8.846810926738311182e-03 9.276376546867163772e-03 9.113399024540043067e-03 9.113635334759879678e-03 9.077770480177745419e-03 8.896693679163739793e-03 9.782859489521027532e-03 9.075143317183240535e-03 1.043182313665026728e-02 8.600339007739070049e-03 9.299474542146300357e-03 9.315981513137635769e-03 9.509626020154695811e-03 8.901971812416848914e-03 1.009262114130146139e-02 9.103170883566531410e-03 9.816342159081026600e-03 9.532419023349256865e-03 8.897217355931307664e-03 9.298108289309055252e-03 1.008287568983733118e-02 8.323400696723520786e-03 9.286878352249602897e-03 9.110503545299132935e-03 8.920188208517740303e-03 9.288024745724864431e-03 9.091229952088053512e-03 9.093408570161158611e-03 9.822877982337094305e-03 1.041891661055920591e-02 8.901522619360483293e-03 9.086673789245044291e-03 9.767932432796245026e-03 9.090997201817866205e-03 1.004886586824605028e-02 9.304357627339393186e-03 9.741178622036964982e-03 9.074250356957127769e-03 8.570970413294088860e-03 1.077823558843122448e-02 9.277069450345122939e-03 9.785000303452204631e-03 9.068969802122900728e-03 8.909393489894071316e-03 8.900078226374796148e-03 9.811789441431770925e-03 9.288454921449796481e-03 8.214107491045050113e-03 8.889717872538668159e-03 8.897923571855004612e-03 9.753326782726405922e-03 8.890626631750612324e-03 1.008570977567649525e-02 9.517424466806444217e-03 8.893270221146703375e-03 8.905513082410977665e-03 8.583628147315345083e-03 9.304822334526622468e-03 1.042899384213011489e-02 9.090789902500378411e-03 9.074913879963978844e-03 1.003518590120543522e-02 8.443859730602347458e-03 1.007753481609498930e-02 9.524495150373965893e-03 8.897563039032314533e-03
8.784351773182076661e-03 7.692323637375753781e-03 8.379086942099898960e-03 7.150466595091755674e-03 8.010007850576298175e-03 8.518936843214914081e-03 0.000000000000000000e+00 7.994514311658061645e-03 7.153180910901673836e-03 9.213348547818528064e-03 8.771291897734694379e-03 7.817665507220504864e-03 7.468332145598054715e-03 7.683391698392240225e-03 1.206856369677412021e-02 7.781257004996401487e-03 9.106248349813474141e-03 8.213667168681604291e-03 8.465369598177821878e-03 7.801580574504148047e-03 8.224401675748864091e-03 8.198240392540195529e-03 8.095354486130211524e-03 7.967734736388084812e-03 7.614699960341363670e-03 7.445300077486068958e-03 8.204465062934429564e-03 7.997399250787179739e-03 7.604753121192141078e-03 9.452477361781402507e-03 8.233527423458678746e-03 7.456341636981444164e-03 8.006621074742087743e-03 9.316389602978911166e-03 7.759362076590939003e-03 7.800555503555323122e-03 9.292249978655742204e-03 8.930325528096355950e-03 1.048688845456560888e-02 7.825305493585080208e-03 8.174248117228216995e-03 8.725318415837698613e-03 1.283892462122597847e-02 8.655140256934545223e-03 9.276752262114789163e-03 7.822771514084213632e-03 8.202618163523507297e-03 8.645066016738565257e-03 8.456303358745718979e-03 7.584055112586292856e-03 8.686401659455646185e-03 8.185313090617494028e-03 9.359153550971121421e-03 7.757181697092444678e-03 7.780314091878138757e-03 8.237496822753685027e-03 8.044204234700180409e-03 8.180958625725417988e-03 8.407084194678069236e-03 7.320635160078859706e-03 7.332027526389666740e-03 7.809477598766567143e-03 7.941743419662774389e-03 8.436914173678670623e-03 8.246489625980853166e-03 8.246139933372106587e-03 8.204484609488443825e-03 7.996233843884259507e-03 9.003836259967158348e-03 8.202022333466698484e-03 9.719886366623176760e-03 7.651913145023506863e-03 8.458436556773314685e-03 8.477357888597493799e-03 8.696768304456484883e-03 8.001899843478169072e-03 9.347818639191030760e-03 8.234026951621094617e-03 9.041341626365594422e-03 8.722667676913127902e-03 7.996142079273117070e-03 8.456898843141000613e-03 9.337002826741581940e-03 7.328287111313154176e-03 8.443851601578950331e-03 8.242504609964793408e-03 8.023222546047830209e-03 8.445985244085995811e-03 8.220629706840079653e-03 8.222641291745165504e-03 9.048662002184307274e-03 9.705853452976946280e-03 8.001141290933039621e-03 8.214526248707847492e-03 8.987090779862601242e-03 8.219854212611834784e-03 9.299391619784621796e-03 8.464120801455771864e-03 8.958235564735158099e-03 8.200632247675794170e-03 7.617402854023582436e-03 1.009572319678219386e-02 8.432785109659035258e-03 9.015982721713821160e-03 8.194560962954481817e-03 8.010707903748552280e-03 7.999965282641458356e-03 9.036300582046945945e-03 8.445850210304682928e-03 7.200820474572091831e-03 7.987723827698228057e-03 7.997267132637179629e-03 8.970732962551228318e-03 7.988725353100365259e-03 9.340188917751063649e-03 8.705938286002900053e-03 7.992463703442694717e-03 8.005954969776404168e-03 7.632273928323717559e-03 8.464850968958064284e-03 9.717058477148860993e-03 8.219516820426488526e-03 8.201254500759416408e-03 9.284228003026390175e-03 7.469270223750672580e-03 9.331321487496548397e-03 8.713971161579320279e-03 7.997007285716581024e-03
9.106729095312522670e-03 7.998439305215047229e-03 8.617038490427905359e-03 7.674355074323527259e-03 8.379227168745661050e-03 8.855805018099129414e-03 7.994514311658061645e-03 0.000000000000000000e+00 7.584323073097485983e-03 9.534588885377170975e-03 9.100166356000895240e-03 8.197340351557386509e-03 7.977544051433648614e-03 7.991821433350322287e-03 1.231602527392769778e-02 8.168992274297345174e-03 9.548095776394153328e-03 8.568203854713999160e-03 8.803154701991318040e-03 8.291880129527183854e-03 8.579244217729249319e-03 8.553878598754579773e-03 8.358369903680532356e-03 8.452969782777156743e-03 8.012829802888849981e-03 7.855498988340798780e-03 8.677827776881570296e-03 8.367322653125683699e-03 8.004333831845532321e-03 9.738663794689192757e-03 8.586268873630294174e-03 7.867463478489992307e-03 8.394538896825958982e-03 9.638657591858211873e-03 8.165423081288146132e-03 8.203649207694861667e-03 9.615504205721492337e-03 9.269151735185629168e-03 1.077002565919194486e-02 8.226568294754859484e-03 8.553838016588774865e-03 9.074350231562463773e-03 1.307541987387691833e-02 9.007829002539075036e-03 9.600625176012518580e-03 8.224180137543222677e-03 8.580409225143982230e-03 8.998331666581958072e-03 8.819464778061487584e-03 8.002088348918278901e-03 9.037021853488010417e-03 8.564280394947108507e-03 9.679668023113222053e-03 8.163497260554044080e-03 8.184647599568236828e-03 8.613069371437537952e-03 8.429636662653623713e-03 8.560209745927376337e-03 8.773187932353706392e-03 7.756649164872663274e-03 7.767244393038026141e-03 8.211885022123024264e-03 8.335958780424456913e-03 8.801221053050331186e-03 8.621355879612250042e-03 8.621300766705900301e-03 8.582284349451026195e-03 8.386540286386195628e-03 9.339653143888100931e-03 8.581259072707155336e-03 1.002694581095684920e-02 8.065005609396155156e-03 8.821623420428369861e-03 8.839479397207363268e-03 9.047385731662740613e-03 8.392082961112965617e-03 9.668895948125599132e-03 8.609936566065371985e-03 9.375443530899588845e-03 9.071935411654262482e-03 8.386806347505980710e-03 8.820165758401502659e-03 9.658503546389867953e-03 7.763932610776200748e-03 8.807912899151485245e-03 8.617919447094612995e-03 8.411976824312968407e-03 8.809556012601006680e-03 8.597124350525130881e-03 8.599304119432247401e-03 9.382394138826978189e-03 1.001340951765451390e-02 8.391467314171367417e-03 8.591801024249555094e-03 9.323681579867437383e-03 8.596662885254496150e-03 9.622468954684479381e-03 8.826947513561706968e-03 9.297765143273449898e-03 8.578646990304313047e-03 8.032947076842713099e-03 1.039034071012022269e-02 8.797452116495251689e-03 9.351085445346655686e-03 8.572948923732327114e-03 8.400280016335998079e-03 8.390279158778834318e-03 9.370639617458136755e-03 8.809663167054006608e-03 7.645449036569557620e-03 8.378879706744392711e-03 8.387782159047684621e-03 9.308075076643508236e-03 8.378040718975830053e-03 9.661513766203708165e-03 9.054015880361511448e-03 8.384638718107691180e-03 8.395926183939769402e-03 8.046690545070624492e-03 8.827641457024956728e-03 1.002416738600218557e-02 8.596503795498797174e-03 8.579223356297648040e-03 9.607898808552469902e-03 7.894959023060770312e-03 9.653065488774505848e-03 9.063700161005508460e-03 8.387481398261474597e-03
8.432532503009513777e-03 7.152851537715096408e-03 7.872383942587194219e-03 6.650791058778758418e-03 7.595821253269238044e-03 8.146997238934902685e-03 7.153180910901673836e-03 7.584323073097485983e-03 0.000000000000000000e+00 8.748874342332353671e-03 8.421899550715350111e-03 7.382729158626958992e-03 7.082497725541367535e-03 7.140277694660131062e-03 1.164935850754883311e-02 7.357125346407072247e-03 8.873213004951150187e-03 7.824424403769909830e-03 8.091441703697330873e-03 7.370176698672174787e-03 7.927413703133762493e-03 7.802811096715551141e-03 7.584295584366028235e-03 7.558500190496817220e-03 7.164023569614793099e-03 6.977279216722232467e-03 7.807313139394669171e-03 7.590681503735358278e-03 7.163877949838123003e-03 9.124842665145625406e-03 7.836414773410000853e-03 6.993129640231111020e-03 7.566651119805521165e-03 8.954379688585470051e-03 7.300803447290673057e-03 7.345599331289994968e-03 8.929186183032646745e-03 8.550401073919376704e-03 1.016670482629512470e-02 7.372478685917900620e-03 7.747897821002304453e-03 8.333859427283501001e-03 1.256834238190736135e-02 8.259686643987204299e-03 8.912970694600218582e-03 7.369750729185223920e-03 7.778312408824510603e-03 8.249049268856983169e-03 8.048880070080820931e-03 7.110196112698469531e-03 8.293446623116549135e-03 7.759772265960617962e-03 8.998873535420967226e-03 7.298375306016710411e-03 7.324094977429038492e-03 7.815699962193157352e-03 7.607042308222631936e-03 7.755098049547264061e-03 7.996510420158614574e-03 6.822613747388534683e-03 6.835198209385196476e-03 7.355328132450093814e-03 7.497973652680431193e-03 8.028235880475324479e-03 7.825966507964479679e-03 7.825089142741915860e-03 7.780474298344127945e-03 7.557320292642812076e-03 8.627240955190233762e-03 7.778126866494928550e-03 9.374348423958853496e-03 7.184435295407984833e-03 8.051248171459447767e-03 8.071369346151800045e-03 8.303866270471112546e-03 7.563097918388307639e-03 8.987284480454754004e-03 7.812074874671909135e-03 8.666575459380912796e-03 8.331226290764250086e-03 7.556825937503019314e-03 8.049666166289477440e-03 8.975945435680282580e-03 6.831123522718806317e-03 8.035768122430923463e-03 7.821199872833251021e-03 7.586091826844615880e-03 8.038630558595851600e-03 7.800212903657835137e-03 7.799922294725715119e-03 8.674302922091599310e-03 9.359868002474442880e-03 7.562217698767781902e-03 7.791112040913459463e-03 8.609711667985023992e-03 7.796924022841115499e-03 8.936646346766944499e-03 8.057216661154551970e-03 8.580999307817607086e-03 7.776011728066367819e-03 7.146642277910056872e-03 9.763421956300205248e-03 8.023910051559236464e-03 8.634504197730118180e-03 7.769548992234431156e-03 7.572483000963347970e-03 7.560767263569150368e-03 8.661246879802962303e-03 8.037697344338614810e-03 6.690988078468034297e-03 7.547489785408603713e-03 7.557787689945461712e-03 8.592373476574852870e-03 7.547215760333433714e-03 8.979156020313685052e-03 8.311825563351093321e-03 7.554414612768148470e-03 7.567251487252343173e-03 7.163055520640884341e-03 8.057848424324233136e-03 9.371198672660579002e-03 7.796269500946710965e-03 7.776859328582677242e-03 8.920786708400178788e-03 6.985186809615041674e-03 8.969810569705879630e-03 8.321798887856729152e-03 7.557546484182713943e-03
1.001595788959875645e-02 9.086453788880106616e-03 9.604553977998198100e-03 8.747857345658152650e-03 9.544332257188099800e-03 9.964966293865038655e-03 9.213348547818528064e-03 9.534588885377170975e-03 8.748874342332353671e-03 0.000000000000000000e+00 1.017485290557596476e-02 9.256830854385654853e-03 8.984142863444209010e-03 9.079607437092001437e-03 1.299751849606924428e-02 9.364722484436814251e-03 1.027856652387823186e-02 9.562621010052309994e-03 9.754365981901148147e-03 9.377141059729674627e-03 9.724505585098687857e-03 9.550503270828011176e-03 9.530289433336908839e-03 9.515394343878672001e-03 9.103850585319563787e-03 8.973716672186778098e-03 9.560185377655088315e-03 9.393404497264752975e-03 9.096006374056933227e-03 1.056703698677381210e-02 9.729992298282415936e-03 8.983994148417471376e-03 9.464169240472055170e-03 1.054245188414496166e-02 9.270543084092990396e-03 9.302355516664532337e-03 1.052205885931644519e-02 1.021799970165403713e-02 1.156115737157015037e-02 9.321439844214346807e-03 9.601653085176999058e-03 1.004857492293654252e-02 1.372570905543607327e-02 9.991784795890367582e-03 1.050901115163900730e-02 9.319397036863298969e-03 9.624068366567017571e-03 9.983684412135979472e-03 9.828501109039981809e-03 9.131627534885751810e-03 1.001929397051719642e-02 9.610627428499487687e-03 1.057822325436381591e-02 9.269075754831499273e-03 9.286077311067880008e-03 9.651335430257215742e-03 9.493932979376455000e-03 9.607220940941471957e-03 9.789729685436676654e-03 8.921558044437930338e-03 8.930481988602721050e-03 9.309188754346791120e-03 9.416011032184107982e-03 9.813403374663439219e-03 9.660442269047591485e-03 9.658655636020809301e-03 9.625728881209256668e-03 9.458008331570569999e-03 1.027974113276811964e-02 9.623021974829731526e-03 1.088764463770862737e-02 9.184324981002871605e-03 9.830893504624826570e-03 9.845939401328605498e-03 1.002577596607035458e-02 9.463075076054554627e-03 1.056909949005366625e-02 9.648935401438421544e-03 1.031076470216761055e-02 1.004676993993788674e-02 9.458957894370975325e-03 9.829497724438078510e-03 1.055991318544539752e-02 8.927957297494445998e-03 9.819246381967452683e-03 9.655776961145534285e-03 9.479796603868741872e-03 9.822419245412578048e-03 9.640544718926172957e-03 9.640053219453676575e-03 1.031689705910270385e-02 1.087560287890191116e-02 9.462868618507340110e-03 9.633941150046204660e-03 1.026595475698207673e-02 9.637822770946217338e-03 1.052804571126847097e-02 9.835030353612939091e-03 1.024063459370655113e-02 9.622519678304639404e-03 9.157116358785554952e-03 1.121495484338470502e-02 9.809944793573964483e-03 1.028951868269714111e-02 9.617556497590492443e-03 9.469704315842052827e-03 9.461339723077603903e-03 1.030641882378374730e-02 9.820405490481383740e-03 8.826604634670116856e-03 9.451909332861548746e-03 9.459399527296269428e-03 1.025216291487643025e-02 9.450544119038870733e-03 1.056234730701920491e-02 1.003031568320023915e-02 9.454603849868677828e-03 9.466423108211718951e-03 9.168561653067609091e-03 9.835662424669822101e-03 1.088504990320486067e-02 9.637902956360730466e-03 9.622854700465872935e-03 1.051525191592041220e-02 9.039459344824923512e-03 1.055506341317377118e-02 1.003945294154765661e-02 9.459021365216542521e-03
9.745293019225779313e-03 8.894402728879492390e-03 9.469867839035469442e-03 8.422858515212728464e-03 9.242434179895415297e-03 9.529070626527087751e-03 8.771291897734694379e-03 9.100166356000895240e-03 8.421899550715350111e-03 1.017485290557596476e-02 0.000000000000000000e+00 8.954667650192352571e-03 8.674737689980531116e-03 8.890937573973724251e-03 1.280210631828763296e-02 9.052389154827785236e-03 1.002801578204806816e-02 9.420306756784216709e-03 9.485806835625255895e-03 8.943607474932160559e-03 9.427369591446783589e-03 9.260108693316613723e-03 9.098601411487938773e-03 9.078629207916038071e-03 8.790909430681186423e-03 8.770154372363109588e-03 9.271495160309509848e-03 9.099783533484532769e-03 8.782676530146121124e-03 1.031856863363016068e-02 9.438695710923804619e-03 8.663747612796080660e-03 9.161904218542940917e-03 1.028145577834944577e-02 8.957581989357541255e-03 8.990951043962379374e-03 1.026028925825017701e-02 9.944644131961145883e-03 1.133259198743076165e-02 9.010990066151384689e-03 9.302732070681345514e-03 9.768576244522318361e-03 1.353909291887988101e-02 9.709169993744394198e-03 1.024676626411368148e-02 9.008822391788285505e-03 9.326187675623997392e-03 9.700661554382592963e-03 9.539434455493257109e-03 8.812824730539551080e-03 9.734520636444145628e-03 9.312037304598366066e-03 1.031884649054928479e-02 8.955982183186437726e-03 8.974011599502245209e-03 9.354788606492038180e-03 9.192907541315006870e-03 9.308465168929001138e-03 9.498661823618994443e-03 8.594367856391423380e-03 8.603663877546772337e-03 8.998078091349715618e-03 9.109103160819937567e-03 9.523495435940866616e-03 9.364143033357140086e-03 9.362363285532099982e-03 9.327897468055812782e-03 9.153165775787374878e-03 1.000881341878647780e-02 9.325222459466313285e-03 1.063884135111949937e-02 8.867932487911095452e-03 9.541725101152366897e-03 9.557483526510479610e-03 9.744628859699308240e-03 9.158401144255758422e-03 1.030915566365217008e-02 9.352210830417252013e-03 1.004113831401341056e-02 9.766558699967167398e-03 9.154010372219233485e-03 9.540308888148088876e-03 1.029961362823753057e-02 8.600961809803601629e-03 9.529538595153081923e-03 9.359351654504650259e-03 9.175903934624149785e-03 9.532801177443818788e-03 9.343230704311795629e-03 9.342890023544828809e-03 1.004751330720525353e-02 1.062637851191878570e-02 9.158104919059203985e-03 9.336412047898349012e-03 9.994438335885485677e-03 9.340564190457201210e-03 1.026657777017097803e-02 9.546238789771385735e-03 9.968528916706582976e-03 9.324654462685710854e-03 8.839631407814638533e-03 1.097658642185080601e-02 9.519969419265835245e-03 1.001916477579194165e-02 9.319499383226115957e-03 9.165451935255169991e-03 9.156677156997351102e-03 1.003670217494475464e-02 9.530945205266474693e-03 8.495624641506707361e-03 9.146806251854431788e-03 9.154642605699387509e-03 9.980185623149359295e-03 9.147575125082088587e-03 1.030230877246002263e-02 9.752142042815525533e-03 9.149890633834542944e-03 9.161915877962865246e-03 8.851618798672798369e-03 9.546886738211388806e-03 1.063625262558799515e-02 9.340575376349755446e-03 9.325040124257917909e-03 1.025332630825015988e-02 8.717103367681887024e-03 1.029460577775052378e-02 9.759029486068333814e-03 9.154249296352908946e-03
8.961474764993688710e-03 7.820008322318812086e-03 8.451999613947961884e-03 7.386558361572210206e-03 8.207302834374406025e-03 8.821708615339115753e-03 7.817665507220504864e-03 8.197340351557386509e-03 7.382729158626958992e-03 9.256830854385654853e-03 8.954667650192352571e-03 0.000000000000000000e+00 7.784226661813220538e-03 7.906706358855371958e-03 1.202369627675256049e-02 7.995482043556590562e-03 9.411526466401882313e-03 8.409397653360489722e-03 8.773128517077163901e-03 8.004187400889340234e-03 8.536864446669900630e-03 8.389637230179313246e-03 8.192970689668442955e-03 8.170398335196933301e-03 7.827764768328413988e-03 7.663470797257332552e-03 8.393517891108990062e-03 8.204317905169948577e-03 7.828277173176200615e-03 9.602703751482151440e-03 8.417873177098298895e-03 7.774870962873873213e-03 8.221064349785931272e-03 9.492959781943850414e-03 7.983345778824212785e-03 8.022736036608968391e-03 9.469410789746071644e-03 9.118030101206436519e-03 1.064177368679122479e-02 8.046407402555225477e-03 8.383112950238427730e-03 8.916801499552264379e-03 1.296827796945511715e-02 8.848761449394854789e-03 9.454238449747335085e-03 8.043964429329754709e-03 8.410445704264904107e-03 8.838999274474476295e-03 8.655769915821164354e-03 7.814915937689232220e-03 8.881446075283247824e-03 8.393844299934335312e-03 9.534684059702380060e-03 7.981285775715135644e-03 8.003292075593295904e-03 8.444030809027631285e-03 8.255472574851529036e-03 8.389654086815400216e-03 8.608326433115879445e-03 7.561743440503377808e-03 7.572660722876598145e-03 8.031241925062004156e-03 8.158969821946672474e-03 8.637066845356179690e-03 8.452530177847064966e-03 8.452371302709465323e-03 8.412217116632125444e-03 8.211001464494960614e-03 9.187870815768321708e-03 8.409649222812327560e-03 9.887942082742210911e-03 7.879642031478525585e-03 8.657868309701308857e-03 8.676163440858192591e-03 8.889148747957728233e-03 8.216672338852270413e-03 9.523683042256316303e-03 8.440643779551792319e-03 9.224411531623755503e-03 8.914282998724404328e-03 8.211204897964443847e-03 8.656395587039218339e-03 9.513072204198416010e-03 7.569134349164879233e-03 8.643807828092299472e-03 8.448868756732777138e-03 8.237169167532865099e-03 8.645694671074104914e-03 8.429988964082981220e-03 8.429720100469724475e-03 9.231588028615430111e-03 9.874212251474482130e-03 8.216007352120437840e-03 8.421916405269257166e-03 9.171610149711094395e-03 8.427031350842398294e-03 9.476328677505181305e-03 8.663368567735729373e-03 9.144917079549712974e-03 8.408310393426409943e-03 7.846542883264003357e-03 1.025692106734804945e-02 8.633059895430290898e-03 9.192548665272410116e-03 8.402451640965239235e-03 8.225091109401444847e-03 8.214618909866716612e-03 9.219527117131795513e-03 8.645621259085587221e-03 7.446717823655247571e-03 8.202895531454765590e-03 8.212064923076373840e-03 9.155633634377581542e-03 8.203802679048011887e-03 9.516181564559586872e-03 8.897790380123889870e-03 8.208945293524774409e-03 8.220581084217795306e-03 7.860903944786603800e-03 8.663901908946421496e-03 9.884969217558870619e-03 8.426580745072935127e-03 8.409067462655041986e-03 9.461512612181472229e-03 7.704208464891623177e-03 9.507325581882988472e-03 8.905646633432925605e-03 8.211747599476459936e-03
