0.000000000000000000e+00 1.408654237362659024e-02 1.683697827869454905e-02 1.895324178382092745e-02 2.077869002129909340e-02 2.141959435444912990e-02 1.867474632987435948e-02 2.141959435444912643e-02 2.141959435444912990e-02 1.775805535188804130e-02 1.984022335526028011e-02 1.984022335526028358e-02 1.641530114537449042e-02 1.624561086354101361e-02 2.048753044703327530e-02 1.827029420624112430e-02 1.827029420624112430e-02 2.048753044703327530e-02 1.968295534365796517e-02 1.785213116173953521e-02 2.005931161049006109e-02 1.786306690196640123e-02 3.104357565007062614e-02 1.731123939436126496e-02 2.535633941649778275e-02 2.094362742335408034e-02 2.014514164147033007e-02 2.014514164147033007e-02 1.815059701170983197e-02 1.932203647854906226e-02 1.672555494388717687e-02 1.844624118277838828e-02 1.715028202098828683e-02 1.916987284426759433e-02 1.916987284426759433e-02 1.479947580763513008e-02 1.735243656617671201e-02 1.933093193876049554e-02 1.933093193876049554e-02 1.544797377823008133e-02 1.484214889239728052e-02 1.933790289379303667e-02 1.724737053946322554e-02 1.743075792451179509e-02 1.735489421563107468e-02 1.522691482340940775e-02 1.415256948251614362e-02 1.933790289379303667e-02 2.531731719678732145e-02 1.635563176098554783e-02 2.531731719678732145e-02 1.869132787351423033e-02 1.618682758311676406e-02 2.142483471490946867e-02 2.142483471490947214e-02 2.142483471490946867e-02 2.446410741699359473e-02 2.014958723701248955e-02 1.851032244987687800e-02 1.748540834731201685e-02 1.941733189149977626e-02 1.505047132767598113e-02 1.941733189149977626e-02 1.950646768517087098e-02 1.950646768517087792e-02 1.728493437377847525e-02 1.902366841438591846e-02 2.152666077979952658e-02 2.152666077979952311e-02 2.152666077979952658e-02 1.843174665997101766e-02 2.072014461567156865e-02 2.072014461567156865e-02 2.072014461567156171e-02 1.686939179867699701e-02 1.942541354352458199e-02 1.942541354352457852e-02 1.617906152115640081e-02 1.615910154198558352e-02 1.570984548412735632e-02 1.655696037414374627e-02 3.487687122592419281e-02 3.487687122592419975e-02 3.187385903130163928e-02 1.674946509718632653e-02 1.629313340523828521e-02 1.673883047328849488e-02 1.774949896516686554e-02 2.014604219066153112e-02 1.873961151076263335e-02 2.014604219066152765e-02 1.792308777818220691e-02 1.711941282906811329e-02 1.770280736817556391e-02 1.755953956429420759e-02 1.605034728823631976e-02 1.827985688464464978e-02 1.612572335598535730e-02 2.463087592499294681e-02 1.985876353029247116e-02 1.779582426552336200e-02 1.985876353029247116e-02 1.947237665627470082e-02 1.897996181820304010e-02 1.947237665627469735e-02 2.089203679105211542e-02 2.089203679105211542e-02 2.089203679105211542e-02 1.547143858629530799e-02 1.608405164304625365e-02 1.959769712451705018e-02 1.959769712451705018e-02 1.724499062596815749e-02 1.724499062596816096e-02 1.602684498190370260e-02 1.978771951476519450e-02 1.978771951476519450e-02 1.959478291808545644e-02 1.759084573725537212e-02 1.733606201674927141e-02 3.129939230550974477e-02 3.129939230550975171e-02 1.834678457946836358e-02 1.813879838195261995e-02 2.047360003404301992e-02 2.047360003404301992e-02 1.838911611621852835e-02 1.880026687031055924e-02 1.613550951105887851e-02 2.789627083728433987e-02 2.151465666359149084e-02 2.151465666359149084e-02 2.151465666359148390e-02 2.331690207827362762e-02 3.138083913264311242e-02 2.276130742616776920e-02 2.054477336240286348e-02 2.054477336240286695e-02 3.231889388566451526e-02 2.693799729125369996e-02 3.231889388566452914e-02
1.408654237362659024e-02 0.000000000000000000e+00 1.533312994574180174e-02 2.001739033708830814e-02 2.250457584334147540e-02 1.837217998895485094e-02 1.498890440653127300e-02 1.837217998895485094e-02 1.837217998895485788e-02 1.366103411379495682e-02 1.641328465759463867e-02 1.641328465759464214e-02 1.167889467397516604e-02 1.138548694384952306e-02 1.724363860705560927e-02 1.441584917229490892e-02 1.441584917229490892e-02 1.724363860705560927e-02 1.628245985196547993e-02 1.382508226745832527e-02 1.671350391231229970e-02 1.384065076423074067e-02 2.890081937173327037e-02 1.313728986209169482e-02 2.271951180490720465e-02 1.780600488086110655e-02 1.681779240412815610e-02 1.681779240412815263e-02 1.424472011083470664e-02 1.574364746118959643e-02 1.219017687222188374e-02 1.467808024269872010e-02 1.177134878321248364e-02 1.452180193193972242e-02 1.452180193193972242e-02 8.592448222422728599e-03 1.299026006915675498e-02 1.568616642808659187e-02 1.568616642808659187e-02 1.008884860568107396e-02 9.109932942597782218e-03 1.575596081043283830e-02 1.283744483804641692e-02 1.316884802695242156e-02 1.305356890765815674e-02 9.692428356517268292e-03 7.900601005018565576e-03 1.575596081043283830e-02 2.277699071767915265e-02 1.175512237217717949e-02 2.277699071767915959e-02 1.501083274257067335e-02 1.127235045362436246e-02 1.837835347354403390e-02 1.837835347354403737e-02 1.837835347354403737e-02 2.184325131578199880e-02 1.683064349457270500e-02 1.474883600097111509e-02 1.325157816105477712e-02 1.586377445293433996e-02 9.508543061480032380e-03 1.586377445293433996e-02 1.597449608277436844e-02 1.597449608277436844e-02 1.294968637810607788e-02 1.544590806449424800e-02 1.849801823700073303e-02 1.849801823700072956e-02 1.849801823700072609e-02 1.464236379709852459e-02 1.753280938811168504e-02 1.753280938811168158e-02 1.753280938811167811e-02 1.246056227627649095e-02 1.587019696715369008e-02 1.587019696715368314e-02 1.128678633925237276e-02 1.125749098123567105e-02 9.895266057334827642e-03 1.114253673721687932e-02 3.272882262877863796e-02 3.272882262877865184e-02 2.956293550003915097e-02 1.192347953538708608e-02 1.148376977376973883e-02 1.222937825465763260e-02 1.366034699976228714e-02 1.681630865356389601e-02 1.504944871221673870e-02 1.681630865356390295e-02 1.389586537224926123e-02 1.265735721762318612e-02 1.357629547369482680e-02 1.335795973105163847e-02 1.104214584263503093e-02 1.444167938431286692e-02 1.117334009161729570e-02 2.202874361383052801e-02 1.644066238039175107e-02 1.371995608894244732e-02 1.644066238039175107e-02 1.593761577232411311e-02 1.538893693965664826e-02 1.593761577232411311e-02 1.846980857791074779e-02 1.846980857791074779e-02 1.846980857791075126e-02 1.017397246421111387e-02 1.110491331056023302e-02 1.610249232426452792e-02 1.610249232426453139e-02 1.286168505017108200e-02 1.286168505017108200e-02 1.099545929901592570e-02 1.635733341318124090e-02 1.635733341318123743e-02 1.608975493164383971e-02 1.340270085697918556e-02 1.302717733041660296e-02 2.906896936142042490e-02 2.906896936142043184e-02 1.452124056632129491e-02 1.423394489037024639e-02 1.722621988344424579e-02 1.722621988344424232e-02 1.458204490681317897e-02 1.500919890134953458e-02 1.118421460175321284e-02 2.552162429890903264e-02 1.848392483976421530e-02 1.848392483976421530e-02 1.848392483976420836e-02 2.054736542606567032e-02 2.915357242478053626e-02 1.991582099293953342e-02 1.731538743778498687e-02 1.731538743778499034e-02 3.052223420781181168e-02 2.539804562096385429e-02 3.052223420781181862e-02
1.683697827869454905e-02 1.533312994574180174e-02 0.000000000000000000e+00 2.278353162448971611e-02 2.489139652668713107e-02 2.176576433102696967e-02 1.909944191618219433e-02 2.176576433102696273e-02 2.176576433102696620e-02 1.822548635752222618e-02 2.023629553826322355e-02 2.023629553826322355e-02 1.693294454931959514e-02 1.677175371864162226e-02 2.085975678474078290e-02 1.871329996886103575e-02 1.871329996886103575e-02 2.085975678474078290e-02 2.007692839669833126e-02 1.831451696755887620e-02 2.044765362858655400e-02 1.832500014142414424e-02 3.126575924900203834e-02 1.779008247785617697e-02 2.564479832714475563e-02 2.130406101890233370e-02 2.052995702576120018e-02 2.052995702576120018e-02 1.860008294376135074e-02 1.973903965286457479e-02 1.722909891534259857e-02 1.888920990721350626e-02 1.775504793949129675e-02 1.972815058020405479e-02 1.972815058020405479e-02 1.540840849832641329e-02 1.784415064584512003e-02 1.975391653104710196e-02 1.975391653104709849e-02 1.600070157682683195e-02 1.540972270137769620e-02 1.975300940593782001e-02 1.774446295775461424e-02 1.791268100837915822e-02 1.784028138288319340e-02 1.578610482158522565e-02 1.474041679388939617e-02 1.975300940593782001e-02 2.559566366799030310e-02 1.686252559705655671e-02 2.559566366799029963e-02 1.911541015863044493e-02 1.671498837779452490e-02 2.177088147836560642e-02 2.177088147836560988e-02 2.177088147836560988e-02 2.475223285703606960e-02 2.053352531317283874e-02 1.894467298363447863e-02 1.796508539700607601e-02 1.982909591124596554e-02 1.561009977618631542e-02 1.982909591124596901e-02 1.991557245271560750e-02 1.991557245271560750e-02 1.777323649698593633e-02 1.943569432991150425e-02 2.187039573824031344e-02 2.187039573824030650e-02 2.187039573824031344e-02 1.886799972541845782e-02 2.108507233589590468e-02 2.108507233589590121e-02 2.108507233589590468e-02 1.736237680270774977e-02 1.983735513181035179e-02 1.983735513181035179e-02 1.670587525626765144e-02 1.668654205696706513e-02 1.631522949656408206e-02 1.715162676097260058e-02 3.509295401016173516e-02 3.509295401016172822e-02 3.211053564543905892e-02 1.727695460089921642e-02 1.681518854202351115e-02 1.723975271045207966e-02 1.821669351588373412e-02 2.053000836303031651e-02 1.916439376430666836e-02 2.053000836303031651e-02 1.838457889593924505e-02 1.761731490903601163e-02 1.817287277655567704e-02 1.803698006038635324e-02 1.658380022915555835e-02 1.872277867735052184e-02 1.665596573057628524e-02 2.491661836224811494e-02 2.025371060278475036e-02 1.826121869450812382e-02 2.025371060278474689e-02 1.988210626966646632e-02 1.939356932447878351e-02 1.988210626966646632e-02 1.702891821573870174e-02 1.702891821573870521e-02 1.702891821573870174e-02 1.602001200101240211e-02 1.661598498470719110e-02 2.000235412863556397e-02 2.000235412863556397e-02 1.773712767130410789e-02 1.773712767130411136e-02 1.656142226112409035e-02 2.018512973977033484e-02 2.018512973977033137e-02 2.000042194276765647e-02 1.806633477282808958e-02 1.782197741744254160e-02 3.152942405595381831e-02 3.152942405595382525e-02 1.878672753737180290e-02 1.858721768782005401e-02 2.084631261293476076e-02 2.084631261293476076e-02 1.882710946669289079e-02 1.923877286354800861e-02 1.666564228875810558e-02 2.815188568508872335e-02 2.185864232636760066e-02 2.185864232636760066e-02 2.185864232636760066e-02 2.362650833971176312e-02 3.161186752069749389e-02 2.308161165255916830e-02 2.091520557093039939e-02 2.091520557093039939e-02 3.290314403412224892e-02 2.804842755519728822e-02 3.290314403412224892e-02
1.895324178382092745e-02 2.001739033708830814e-02 2.278353162448971611e-02 0.000000000000000000e+00 2.132151714329304920e-02 2.522843069473198682e-02 2.308704608192347837e-02 2.522843069473198335e-02 2.522843069473198335e-02 2.245525451827659613e-02 2.407022806028677811e-02 2.407022806028677811e-02 2.141952222768525593e-02 2.128671223103519028e-02 2.454271475059925656e-02 2.281912899243050338e-02 2.281912899243049644e-02 2.454271475059925656e-02 2.382822223168157283e-02 2.251562223622090297e-02 2.422248975647449745e-02 2.252377340368700090e-02 3.352783450445936952e-02 2.204633190626875336e-02 2.840867759785114730e-02 2.487894633405625042e-02 2.428907189694310548e-02 2.428907189694310201e-02 2.273635205891628985e-02 2.368659287625854773e-02 2.164832342902724138e-02 2.292656785017883198e-02 2.207937807664955496e-02 2.365980062762201852e-02 2.365980062762201505e-02 2.015841953374997164e-02 2.216225639479220064e-02 2.369856143581651822e-02 2.369856143581651822e-02 2.065646585702354127e-02 2.016366499007224422e-02 2.369900774616194930e-02 2.208566706228436496e-02 2.221607352447403649e-02 2.216040929784971608e-02 2.048675526316871484e-02 1.959128798424658591e-02 2.369900774616194930e-02 2.844782966140761704e-02 2.130475575912224237e-02 2.844782966140761704e-02 2.309924337990497747e-02 2.125223868282192716e-02 2.523231654377728825e-02 2.523231654377729172e-02 2.523231654377729519e-02 2.776503013144191595e-02 2.427167054799629978e-02 2.299332478899022286e-02 2.225766092519888134e-02 2.375725612943044296e-02 2.032668287772649782e-02 2.375725612943044643e-02 2.382492168879559238e-02 2.382492168879559238e-02 2.210447390166829507e-02 2.334243050426041896e-02 2.530774993691634056e-02 2.530774993691633709e-02 2.530774993691633709e-02 2.293434173443812188e-02 2.470983743211641048e-02 2.470983743211641395e-02 2.470983743211641048e-02 2.173459492321442449e-02 2.376599120949303076e-02 2.376599120949303076e-02 2.123893591231681283e-02 2.122389136797237300e-02 2.092608223341218751e-02 2.161632175936333000e-02 3.716712724771101956e-02 3.716712724771101956e-02 3.436480215486048539e-02 2.172399356153189090e-02 2.132093300052406368e-02 2.165051685287772837e-02 2.244688412737541952e-02 2.428982096528346443e-02 2.316644579698369510e-02 2.428982096528346443e-02 2.258415172282243061e-02 2.199411295249635578e-02 2.241822687073569825e-02 2.231618137230695006e-02 2.114717484977921003e-02 2.281792431520708250e-02 2.120423978138519239e-02 2.789845545980702488e-02 2.408342009058596703e-02 2.248254456526021378e-02 2.408342009058597397e-02 2.379830387692722857e-02 2.331121334837078091e-02 2.379830387692722857e-02 2.515003606676166972e-02 2.515003606676166972e-02 2.515003606676166972e-02 2.067228397518796820e-02 2.117237751861041073e-02 2.389062392224193532e-02 2.389062392224194226e-02 2.208673619666623802e-02 2.208673619666623802e-02 2.113009012082334159e-02 2.402740171078015727e-02 2.402740171078015727e-02 2.389418111126846711e-02 2.233753913083017656e-02 2.214368653325033201e-02 3.376653904671171602e-02 3.376653904671172296e-02 2.287557878577765533e-02 2.272185372640850992e-02 2.453270247041346164e-02 2.453270247041346164e-02 2.290448984095394894e-02 2.330674800109256567e-02 2.121292300697136951e-02 3.065946749212801470e-02 2.529892195726693785e-02 2.529892195726694132e-02 2.529892195726693091e-02 2.685104323635626594e-02 3.384959542478915839e-02 2.641364711059278336e-02 2.458399795590929249e-02 2.458399795590929249e-02 3.237352415096821784e-02 2.477228031286919652e-02 3.237352415096823172e-02
2.077869002129909340e-02 2.250457584334147540e-02 2.489139652668713107e-02 2.132151714329304920e-02 0.000000000000000000e+00 2.722859345351389543e-02 2.529828458273222780e-02 2.722859345351389543e-02 2.722859345351389890e-02 2.473966575126660544e-02 2.618888050268002032e-02 2.618888050268001685e-02 2.381002146347942910e-02 2.368974963862204020e-02 2.661022594327972640e-02 2.506133667793623149e-02 2.506133667793623149e-02 2.661022594327972640e-02 2.596588952770692918e-02 2.479313977752790540e-02 2.632540613296962748e-02 2.480038961880469753e-02 3.501698961757680056e-02 2.436877975331348117e-02 3.023185899706567689e-02 2.691507583070126483e-02 2.638409916473779052e-02 2.638409916473779052e-02 2.498877815224278404e-02 2.584864827516706459e-02 2.401362835406756213e-02 2.516415728719837916e-02 2.439950670356111351e-02 2.581409951216569534e-02 2.581409951216569881e-02 2.266312435434743311e-02 2.447951994232376235e-02 2.585797066018103232e-02 2.585797066018103232e-02 2.311914546551104011e-02 2.266966702949926513e-02 2.585892336051313217e-02 2.441268186492188963e-02 2.452756874877624199e-02 2.447838222744520495e-02 2.296700332090521185e-02 2.214206419499976236e-02 2.585892336051313217e-02 3.019865298941252357e-02 2.369732279182770393e-02 3.019865298941252010e-02 2.530915169980561472e-02 2.366133796969711878e-02 2.723212850979435037e-02 2.723212850979435037e-02 2.723212850979435037e-02 2.955426533350400883e-02 2.636877269639018029e-02 2.521780548546560460e-02 2.456487570610670079e-02 2.591064429216015028e-02 2.281732634852078404e-02 2.591064429216015028e-02 2.597086936063537285e-02 2.597086936063537632e-02 2.442782765923202926e-02 2.552597826336797104e-02 2.730089236872976916e-02 2.730089236872976916e-02 2.730089236872976916e-02 2.516364923395555259e-02 2.676019967050739107e-02 2.676019967050739107e-02 2.676019967050739107e-02 2.408779686860604632e-02 2.591872816138461599e-02 2.591872816138461252e-02 2.364790864236945844e-02 2.363461205427117712e-02 2.336569916952776702e-02 2.399071476043792076e-02 3.864954981178879423e-02 3.864954981178879423e-02 3.595857845260692909e-02 2.409041177695077363e-02 2.372034968434709803e-02 2.401425942336052680e-02 2.473234208819713800e-02 2.638446008183172042e-02 2.537034303348234543e-02 2.638446008183172042e-02 2.485581600962113308e-02 2.433210146577840377e-02 2.470738594118843112e-02 2.461790152973355669e-02 2.356698661413052925e-02 2.506149733347969033e-02 2.361798462754889985e-02 2.967873310265656955e-02 2.620063418356438634e-02 2.476387296781197914e-02 2.620063418356438634e-02 2.594741178051926042e-02 2.549812580103791651e-02 2.594741178051926042e-02 2.711116610904285365e-02 2.711116610904285712e-02 2.711116610904285365e-02 2.313360531968904066e-02 2.358955106813133765e-02 2.602918362066532557e-02 2.602918362066532557e-02 2.441435918341396810e-02 2.441435918341396810e-02 2.355181122721637307e-02 2.615093910774224373e-02 2.615093910774224373e-02 2.603279512300406273e-02 2.463590430436610537e-02 2.446280287458589900e-02 3.531705414661496373e-02 3.531705414661497067e-02 2.511155011147559249e-02 2.497494413850141065e-02 2.660128520992608575e-02 2.660128520992608575e-02 2.513709569400489341e-02 2.551159292136459186e-02 2.362602518925060319e-02 3.232959420305922538e-02 2.729281104313787537e-02 2.729281104313787537e-02 2.729281104313787537e-02 2.871292055237349705e-02 3.540822604694024434e-02 2.831399878375778084e-02 2.664724713729319655e-02 2.664724713729319655e-02 3.578415479882111894e-02 3.055240161328373963e-02 3.578415479882113975e-02
2.141959435444912990e-02 1.837217998895485094e-02 2.176576433102696967e-02 2.522843069473198682e-02 2.722859345351389543e-02 0.000000000000000000e+00 1.689349621110408997e-02 1.765997034595721479e-02 1.765997034595721826e-02 2.075338571483266101e-02 2.248753630565136774e-02 2.248753630565137121e-02 1.964875430309026560e-02 1.950949567276364163e-02 2.301736683842152062e-02 2.115715386224406580e-02 2.115715386224405886e-02 2.301736683842152062e-02 2.230683618239029040e-02 2.082375102922133861e-02 2.266340730135943046e-02 2.082899198722217016e-02 3.264892378963561020e-02 2.035424877961496126e-02 2.736390713119290705e-02 2.339989793428057588e-02 2.273538653004097271e-02 2.273538653004097271e-02 2.106445184531676243e-02 2.206625956442113262e-02 1.989609573284642843e-02 2.130341161654857388e-02 2.037696100502355348e-02 2.207907846074846220e-02 2.207907846074846220e-02 1.833232284705206550e-02 2.043585587198473719e-02 2.207974719620384163e-02 2.207974719620384163e-02 1.884421961060979075e-02 1.832753391394377138e-02 2.207738675847350715e-02 2.035342980779491356e-02 2.049232615654877215e-02 2.042953254283678619e-02 1.866245296176681154e-02 1.773407571222394494e-02 2.207738675847351062e-02 2.728559097234315237e-02 1.955549416352804146e-02 2.728559097234314890e-02 2.148507838748998228e-02 1.946750486909559416e-02 2.380463698655123014e-02 2.380463698655123014e-02 2.380463698655123014e-02 2.650890698707208601e-02 2.273136006118909105e-02 2.135158185037101461e-02 2.053678676154385013e-02 2.214185497961557864e-02 1.849859097242990275e-02 2.214185497961557864e-02 2.221600694958742253e-02 2.221600694958742947e-02 2.037355570103192154e-02 2.175629544712236185e-02 2.389181728075217073e-02 2.389181728075216032e-02 2.389181728075216032e-02 2.128603490180397059e-02 2.320860732653930517e-02 2.320860732653930517e-02 2.320860732653930864e-02 1.999475909965043458e-02 2.215028361783266328e-02 2.215028361783266675e-02 1.945581683084433161e-02 1.943958427612490353e-02 1.913659030206260603e-02 1.986650047378615835e-02 3.643735805328914001e-02 3.643735805328914001e-02 3.356631288293226989e-02 1.996389131611320950e-02 1.954567965529008591e-02 1.990112818036621906e-02 2.074528554389500415e-02 2.273527294087467412e-02 2.153832155036855545e-02 2.273527294087467412e-02 2.089062965219628046e-02 2.024854273334038279e-02 2.070737620026863804e-02 2.059882058185280584e-02 1.935269945440342212e-02 2.115781043679603596e-02 1.938084769382109052e-02 2.665779872733173989e-02 2.250217285148891841e-02 2.078315058830097414e-02 2.250217285148891841e-02 2.218702664303011385e-02 2.172079832332175081e-02 2.218702664303011038e-02 2.389435355186200066e-02 2.389435355186201107e-02 2.389435355186201107e-02 1.883839426028300831e-02 1.902666192767839964e-02 2.228396700587824408e-02 2.228396700587824755e-02 2.034949285723719817e-02 2.034949285723719817e-02 1.933726881278856682e-02 2.244265449697600140e-02 2.244265449697600140e-02 2.228965466883886873e-02 2.062266952397384320e-02 2.041508309176365971e-02 3.294889452455113110e-02 3.294889452455112416e-02 2.121905209745346063e-02 2.105093019945506252e-02 2.300594719439428074e-02 2.300594719439427727e-02 2.125213949371895089e-02 2.158176276736704577e-02 1.938955517509366802e-02 2.970278126974711455e-02 2.388150831699176538e-02 2.388150831699176885e-02 2.388150831699176538e-02 2.549269705193290061e-02 3.303383177755222361e-02 2.500718360659826348e-02 2.306461125739974610e-02 2.306461125739974610e-02 3.433892812751473955e-02 2.976334999945903434e-02 3.433892812751475343e-02
1.867474632987435948e-02 1.498890440653127300e-02 1.909944191618219433e-02 2.308704608192347837e-02 2.529828458273222780e-02 1.689349621110408997e-02 0.000000000000000000e+00 1.689349621110408650e-02 1.689349621110408650e-02 1.782864652534568370e-02 1.989451877392423018e-02 1.989451877392423018e-02 1.649804278648975969e-02 1.633337466966953630e-02 2.053867720860718185e-02 1.833584945727589205e-02 1.833584945727588858e-02 2.053867720860718185e-02 1.974513340021475175e-02 1.791953664883976644e-02 2.011082640660358592e-02 1.791561617812659907e-02 3.107986368831239243e-02 1.739220953119991267e-02 2.541003860879953100e-02 2.099236966638917679e-02 2.019876026996756530e-02 2.019876026996756183e-02 1.821763354737592627e-02 1.938117148225559569e-02 1.680493901950294230e-02 1.852186431177577780e-02 1.736261358875675412e-02 1.939639297498039691e-02 1.939639297498039344e-02 1.494197654938353263e-02 1.743442178134515380e-02 1.939743328872816155e-02 1.939743328872816155e-02 1.554150682108200801e-02 1.493537567144266262e-02 1.939298805086365346e-02 1.733111166654704299e-02 1.750407352784668844e-02 1.741870112372403620e-02 1.531812647726817772e-02 1.425446014548466603e-02 1.939298805086365346e-02 2.536190277903267731e-02 1.643881050404110908e-02 2.536190277903268425e-02 1.875684331000010766e-02 1.627159276272482219e-02 2.147681548472056556e-02 2.147681548472056209e-02 2.147681548472056556e-02 2.450489914382013648e-02 2.020562633950608727e-02 1.857412731457707203e-02 1.755739579474911716e-02 1.947273432575489377e-02 1.513715620203713759e-02 1.947273432575489030e-02 1.956295132185253277e-02 1.956295132185253277e-02 1.736080258530431006e-02 1.908769026026731902e-02 2.157895519768612824e-02 2.157895519768611783e-02 2.157895519768611783e-02 1.849660368335592081e-02 2.076837550888442976e-02 2.076837550888442976e-02 2.076837550888442976e-02 1.693245581072229389e-02 1.948168537009322895e-02 1.948168537009322548e-02 1.626374542290437777e-02 1.624334278679931756e-02 1.587053495133246284e-02 1.673040524469114262e-02 3.491597367776946848e-02 3.491597367776947541e-02 3.191747165502802075e-02 1.684800009936876855e-02 1.637792591283730725e-02 1.681732888646786384e-02 1.781987061700627401e-02 2.019870770759555484e-02 1.880205089999328200e-02 2.019870770759555831e-02 1.799170076722306222e-02 1.719315445074724724e-02 1.775753416471628418e-02 1.762992949270867152e-02 1.612227567086191998e-02 1.832760002620022199e-02 1.606142854705768994e-02 2.466771913572646593e-02 1.991247078645422622e-02 1.786563558039370656e-02 1.991247078645422622e-02 1.952760273778566744e-02 1.904405179512981203e-02 1.952760273778566397e-02 2.158192486000352212e-02 2.158192486000352212e-02 2.158192486000352558e-02 1.546850956042470325e-02 1.485477131656293831e-02 1.963372368433473694e-02 1.963372368433473694e-02 1.732083554820657012e-02 1.732083554820657359e-02 1.611290221834001113e-02 1.984234966125442493e-02 1.984234966125442146e-02 1.964967774684378901e-02 1.766258397825459098e-02 1.741079726771109504e-02 3.134072584946062667e-02 3.134072584946063361e-02 1.841179336469741731e-02 1.820553458409161426e-02 2.052477944868244530e-02 2.052477944868243837e-02 1.845399070985334622e-02 1.862235539034510709e-02 1.607062749932534548e-02 2.794227105233060282e-02 2.156688172521399258e-02 2.156688172521399605e-02 2.156688172521399605e-02 2.335841720042510644e-02 3.142275085369784782e-02 2.280080592080993562e-02 2.059602757985800822e-02 2.059602757985800822e-02 3.277109055977692198e-02 2.796076639571505942e-02 3.277109055977692198e-02
2.141959435444912643e-02 1.837217998895485094e-02 2.176576433102696273e-02 2.522843069473198335e-02 2.722859345351389543e-02 1.765997034595721479e-02 1.689349621110408650e-02 0.000000000000000000e+00 1.765997034595721826e-02 2.075338571483266101e-02 2.248753630565136774e-02 2.248753630565137121e-02 1.964875430309026560e-02 1.950949567276363816e-02 2.301736683842152062e-02 2.115715386224405886e-02 2.115715386224405886e-02 2.301736683842152062e-02 2.230683618239029040e-02 2.082375102922133861e-02 2.266340730135943046e-02 2.082899198722217363e-02 3.264892378963561020e-02 2.035424877961496473e-02 2.736390713119290705e-02 2.339989793428058282e-02 2.273538653004096924e-02 2.273538653004096924e-02 2.106445184531676243e-02 2.206625956442112915e-02 1.989609573284642843e-02 2.130341161654857735e-02 2.037696100502356042e-02 2.207907846074846220e-02 2.207907846074846220e-02 1.833232284705206550e-02 2.043585587198473372e-02 2.207974719620383816e-02 2.207974719620384163e-02 1.884421961060978729e-02 1.832753391394377138e-02 2.207738675847350715e-02 2.035342980779491009e-02 2.049232615654877562e-02 2.042953254283678619e-02 1.866245296176681501e-02 1.773407571222394494e-02 2.207738675847351062e-02 2.728559097234314890e-02 1.955549416352803799e-02 2.728559097234314890e-02 2.148507838748998228e-02 1.946750486909559069e-02 2.380463698655123014e-02 2.380463698655123014e-02 2.380463698655123014e-02 2.650890698707208601e-02 2.273136006118909105e-02 2.135158185037102155e-02 2.053678676154385013e-02 2.214185497961558211e-02 1.849859097242990275e-02 2.214185497961558211e-02 2.221600694958742253e-02 2.221600694958742947e-02 2.037355570103192501e-02 2.175629544712236185e-02 2.389181728075216726e-02 2.389181728075216726e-02 2.389181728075216032e-02 2.128603490180396712e-02 2.320860732653929823e-02 2.320860732653929823e-02 2.320860732653930517e-02 1.999475909965042764e-02 2.215028361783266328e-02 2.215028361783266328e-02 1.945581683084433508e-02 1.943958427612490353e-02 1.913659030206259909e-02 1.986650047378616182e-02 3.643735805328914001e-02 3.643735805328914001e-02 3.356631288293226989e-02 1.996389131611321296e-02 1.954567965529008244e-02 1.990112818036622253e-02 2.074528554389500415e-02 2.273527294087467066e-02 2.153832155036855198e-02 2.273527294087467412e-02 2.089062965219628046e-02 2.024854273334038279e-02 2.070737620026864151e-02 2.059882058185280931e-02 1.935269945440342559e-02 2.115781043679603596e-02 1.938084769382109052e-02 2.665779872733173989e-02 2.250217285148891494e-02 2.078315058830097414e-02 2.250217285148891494e-02 2.218702664303011385e-02 2.172079832332175081e-02 2.218702664303011385e-02 2.389435355186200413e-02 2.389435355186200760e-02 2.389435355186201107e-02 1.883839426028301178e-02 1.902666192767839271e-02 2.228396700587824755e-02 2.228396700587824755e-02 2.034949285723719123e-02 2.034949285723719123e-02 1.933726881278856682e-02 2.244265449697600487e-02 2.244265449697600140e-02 2.228965466883886526e-02 2.062266952397384320e-02 2.041508309176365971e-02 3.294889452455113110e-02 3.294889452455112416e-02 2.121905209745346063e-02 2.105093019945506599e-02 2.300594719439427727e-02 2.300594719439427727e-02 2.125213949371895089e-02 2.158176276736704577e-02 1.938955517509366802e-02 2.970278126974710761e-02 2.388150831699176538e-02 2.388150831699176538e-02 2.388150831699176538e-02 2.549269705193290061e-02 3.303383177755222361e-02 2.500718360659826348e-02 2.306461125739974610e-02 2.306461125739974610e-02 3.433892812751473955e-02 2.976334999945903434e-02 3.433892812751474649e-02
2.141959435444912990e-02 1.837217998895485788e-02 2.176576433102696620e-02 2.522843069473198335e-02 2.722859345351389890e-02 1.765997034595721826e-02 1.689349621110408650e-02 1.765997034595721826e-02 0.000000000000000000e+00 2.075338571483266448e-02 2.248753630565137121e-02 2.248753630565137121e-02 1.964875430309026214e-02 1.950949567276364163e-02 2.301736683842152062e-02 2.115715386224406580e-02 2.115715386224405886e-02 2.301736683842152062e-02 2.230683618239028693e-02 2.082375102922133861e-02 2.266340730135943046e-02 2.082899198722217710e-02 3.264892378963561020e-02 2.035424877961496473e-02 2.736390713119290705e-02 2.339989793428057935e-02 2.273538653004096924e-02 2.273538653004096577e-02 2.106445184531676243e-02 2.206625956442112915e-02 1.989609573284643190e-02 2.130341161654857388e-02 2.037696100502356042e-02 2.207907846074846220e-02 2.207907846074846220e-02 1.833232284705206550e-02 2.043585587198473372e-02 2.207974719620384510e-02 2.207974719620384510e-02 1.884421961060978729e-02 1.832753391394377485e-02 2.207738675847351062e-02 2.035342980779491009e-02 2.049232615654877562e-02 2.042953254283678619e-02 1.866245296176681501e-02 1.773407571222394841e-02 2.207738675847351756e-02 2.728559097234315237e-02 1.955549416352803799e-02 2.728559097234314890e-02 2.148507838748998575e-02 1.946750486909559069e-02 2.380463698655123014e-02 2.380463698655123014e-02 2.380463698655123014e-02 2.650890698707208948e-02 2.273136006118909452e-02 2.135158185037101461e-02 2.053678676154385013e-02 2.214185497961558211e-02 1.849859097242990275e-02 2.214185497961558211e-02 2.221600694958742600e-02 2.221600694958742600e-02 2.037355570103192501e-02 2.175629544712236532e-02 2.389181728075217073e-02 2.389181728075216726e-02 2.389181728075216726e-02 2.128603490180397406e-02 2.320860732653930517e-02 2.320860732653930517e-02 2.320860732653930517e-02 1.999475909965042764e-02 2.215028361783266675e-02 2.215028361783266675e-02 1.945581683084433161e-02 1.943958427612490353e-02 1.913659030206259562e-02 1.986650047378616182e-02 3.643735805328914001e-02 3.643735805328914001e-02 3.356631288293226989e-02 1.996389131611321296e-02 1.954567965529007897e-02 1.990112818036622253e-02 2.074528554389500068e-02 2.273527294087467412e-02 2.153832155036855545e-02 2.273527294087467412e-02 2.089062965219628740e-02 2.024854273334038279e-02 2.070737620026863804e-02 2.059882058185280931e-02 1.935269945440342212e-02 2.115781043679603596e-02 1.938084769382109052e-02 2.665779872733174335e-02 2.250217285148891494e-02 2.078315058830097067e-02 2.250217285148891494e-02 2.218702664303011385e-02 2.172079832332175428e-02 2.218702664303011385e-02 2.389435355186200413e-02 2.389435355186200760e-02 2.389435355186200760e-02 1.883839426028301178e-02 1.902666192767839271e-02 2.228396700587824408e-02 2.228396700587824755e-02 2.034949285723719470e-02 2.034949285723719470e-02 1.933726881278857029e-02 2.244265449697600487e-02 2.244265449697600487e-02 2.228965466883886179e-02 2.062266952397384320e-02 2.041508309176365971e-02 3.294889452455113110e-02 3.294889452455112416e-02 2.121905209745346410e-02 2.105093019945506252e-02 2.300594719439427380e-02 2.300594719439427380e-02 2.125213949371894742e-02 2.158176276736704577e-02 1.938955517509366802e-02 2.970278126974711455e-02 2.388150831699176885e-02 2.388150831699176538e-02 2.388150831699176885e-02 2.549269705193290061e-02 3.303383177755222361e-02 2.500718360659826348e-02 2.306461125739974610e-02 2.306461125739974610e-02 3.433892812751473955e-02 2.976334999945903434e-02 3.433892812751474649e-02
1.775805535188804130e-02 1.366103411379495682e-02 1.822548635752222618e-02 2.245525451827659613e-02 2.473966575126660544e-02 2.075338571483266101e-02 1.782864652534568370e-02 2.075338571483266101e-02 2.075338571483266448e-02 0.000000000000000000e+00 1.581639686854716467e-02 1.581639686854716814e-02 1.395958646084578467e-02 1.302366106449120119e-02 1.973556476865934856e-02 1.735165868457253999e-02 1.735165868457253999e-02 1.973556476865934856e-02 1.893292585756941801e-02 1.688589095495661094e-02 1.927252880978083324e-02 1.689798544320898419e-02 3.064838957195171673e-02 1.635463495463684511e-02 2.485528249290806097e-02 2.023863180851194835e-02 1.936218975081443333e-02 1.936218975081443333e-02 1.721543700702205318e-02 1.816738961075613223e-02 1.544712202024178804e-02 1.733867871260113755e-02 1.622072230896358380e-02 1.845450137344790964e-02 1.845450137344790964e-02 1.350192319968500018e-02 1.627875267685074956e-02 1.843446608796196415e-02 1.843446608796196415e-02 1.410960944442099518e-02 1.361007069607252269e-02 1.845657816711688062e-02 1.620154037827237561e-02 1.639252569101502105e-02 1.630771286897931063e-02 1.400899955205117849e-02 1.288922715644968964e-02 1.845657816711688062e-02 2.480643662493863325e-02 1.531576549583057653e-02 2.480643662493862978e-02 1.784686708973865291e-02 1.503838235765219029e-02 2.075904129960188041e-02 2.075904129960188041e-02 2.075904129960188041e-02 2.391442333364424480e-02 1.938540199195581265e-02 1.762630854558254120e-02 1.645306296662881612e-02 1.854555680605242396e-02 1.383657816622184573e-02 1.854555680605242049e-02 1.861528318315490427e-02 1.861528318315490427e-02 1.621135315904819255e-02 1.821210563192224643e-02 2.086886183276359663e-02 2.086886183276359316e-02 2.086886183276359316e-02 1.753478499744615809e-02 1.999431571810415462e-02 1.999431571810415809e-02 1.999431571810415809e-02 1.583679841150903780e-02 1.855169947239290740e-02 1.855169947239290740e-02 1.503781719907185295e-02 1.501585100046376811e-02 1.459331710943443695e-02 1.551495167901016832e-02 3.450450013767456664e-02 3.450450013767456664e-02 3.146478208165227886e-02 1.564435472651880266e-02 1.516866100219361156e-02 1.567324944582624766e-02 1.675881248673717974e-02 1.936104327096789188e-02 1.787147349112988559e-02 1.936104327096789882e-02 1.694345028188691538e-02 1.603293179520393422e-02 1.669651569032155544e-02 1.652600601015143458e-02 1.488779006810823057e-02 1.737682348987745762e-02 1.497173715057857797e-02 2.408917573586234068e-02 1.903175074079339543e-02 1.678112380430369505e-02 1.903175074079339543e-02 1.860753112055704012e-02 1.816371484911054324e-02 1.860753112055704012e-02 2.087206926889655437e-02 2.087206926889655437e-02 2.087206926889655784e-02 1.428117308797998038e-02 1.492691476134171136e-02 1.874631826692103181e-02 1.874631826692103181e-02 1.617615520324975492e-02 1.617615520324975839e-02 1.486139537573117654e-02 1.896374164602450396e-02 1.896374164602450049e-02 1.873653096222867298e-02 1.656815641547468299e-02 1.628966309907053239e-02 3.090161148528636562e-02 3.090161148528636562e-02 1.739783347768311672e-02 1.702644933286619547e-02 1.967755399811656203e-02 1.967755399811656203e-02 1.748081087324754659e-02 1.784971068116950749e-02 1.498126198138698649e-02 2.740253248494560825e-02 2.085590909047879346e-02 2.085590909047879346e-02 2.085590909047879346e-02 2.270710986633313680e-02 3.096784757008417752e-02 2.207600781709177784e-02 1.979823464380190898e-02 1.979823464380190898e-02 3.234578040645791353e-02 2.745985112533321990e-02 3.234578040645792740e-02
1.984022335526028011e-02 1.641328465759463867e-02 2.023629553826322355e-02 2.407022806028677811e-02 2.618888050268002032e-02 2.248753630565136774e-02 1.989451877392423018e-02 2.248753630565136774e-02 2.248753630565137121e-02 1.581639686854716467e-02 0.000000000000000000e+00 1.675586284098560738e-02 1.749504175867973299e-02 1.537520018971060172e-02 2.157484771764880266e-02 1.949707374499588461e-02 1.949707374499588461e-02 2.157484771764880613e-02 2.085958638161107895e-02 1.911217652384374077e-02 2.116999220353324440e-02 1.912223655981672502e-02 3.185383605773030313e-02 1.864348306323469415e-02 2.635565043922039399e-02 2.202471297447806953e-02 2.124790630623850374e-02 2.124790630623850374e-02 1.938600385064404713e-02 2.039914749374821187e-02 1.803565085481815058e-02 1.964228327867765037e-02 1.856990537341139322e-02 2.046913713641166505e-02 2.046913713641166505e-02 1.625782607902161170e-02 1.861190856632059104e-02 2.044430003759677150e-02 2.044430003759677150e-02 1.676558317699024594e-02 1.637194011580201183e-02 2.047206883821092033e-02 1.855922149631348064e-02 1.871458505182927237e-02 1.864583845054174419e-02 1.672197943252317492e-02 1.574665308893373125e-02 2.047206883821092033e-02 2.625238607251592984e-02 1.776034913944448887e-02 2.625238607251592637e-02 1.991012837126816121e-02 1.758788670496575640e-02 2.249268642081492242e-02 2.249268642081492589e-02 2.249268642081492589e-02 2.540399147641342337e-02 2.126625329058150216e-02 1.972952717460006375e-02 1.876475767079036766e-02 2.054717720752163856e-02 1.655888661569044837e-02 2.054717720752163856e-02 2.059627588730691267e-02 2.059627588730691267e-02 1.855710192693188140e-02 2.022464873821856746e-02 2.259291493292056585e-02 2.259291493292056585e-02 2.259291493292056585e-02 1.965084224785799971e-02 2.180407545156112792e-02 2.180407545156112792e-02 2.180407545156112792e-02 1.821466353827416382e-02 2.055368769516889918e-02 2.055368769516889918e-02 1.758052904152497889e-02 1.756280642695783045e-02 1.722343040653750990e-02 1.800555654916446285e-02 3.570570439648670935e-02 3.570570439648670935e-02 3.276393652167641085e-02 1.811291861768904096e-02 1.768465555782865878e-02 1.808961421274858650e-02 1.901083003396267582e-02 2.124648695463181650e-02 1.993694573496706049e-02 2.124648695463181650e-02 1.916878602554095146e-02 1.843089271764383752e-02 1.896382135834053309e-02 1.883214876730806425e-02 1.746490285226466252e-02 1.951739210443666217e-02 1.753244851129294457e-02 2.556901692900630935e-02 2.096582591006748014e-02 1.904603887685725472e-02 2.096582591006748014e-02 2.059993921980476234e-02 2.018275914883145561e-02 2.059993921980476234e-02 2.259583358867474356e-02 2.259583358867474703e-02 2.259583358867474703e-02 1.694097451385475489e-02 1.749558211287869855e-02 2.071793536200665711e-02 2.071793536200666058e-02 1.854535253780783752e-02 1.854535253780783752e-02 1.744373065794629918e-02 2.090306583741656163e-02 2.090306583741655816e-02 2.071201485416774082e-02 1.886022680054802100e-02 1.862887037471541371e-02 3.215499697224234732e-02 3.215499697224235426e-02 1.956023076978707226e-02 1.933554709669351585e-02 2.155147293750472870e-02 2.155147293750472870e-02 1.960847563937916094e-02 1.996740511687646047e-02 1.754130070812458253e-02 2.878753096061802824e-02 2.258104094536874176e-02 2.258104094536874176e-02 2.258104094536873829e-02 2.427745840526942742e-02 3.223297189104127464e-02 2.372232763915306519e-02 2.163097695850577443e-02 2.163097695850577443e-02 3.357432097384611958e-02 2.885823768549489188e-02 3.357432097384611958e-02
