0.000000000000000000e+00 9.573063403507877864e-03 1.024336485147157340e-02 9.122369906867017209e-03 9.957502956987584683e-03 1.053017574030077827e-02 9.547871659940185274e-03 9.954485819681935937e-03 9.102820372633456392e-03 1.120051578834909550e-02 1.081884993964216113e-02 9.744447758751795599e-03 9.388095582965100619e-03 9.544936526106710672e-03 1.532038158155558417e-02 9.764129901960186958e-03 1.120429423233977942e-02 1.019912946112781250e-02 1.051695982948635394e-02 9.741898177231858233e-03 1.020192961040432798e-02 1.022742029953275546e-02 9.954033173131579537e-03 9.949070583456613714e-03 9.551214960035416326e-03 9.407653639261687184e-03 1.022849103622427459e-02 9.955199847559364351e-03 9.549754532809869717e-03 1.164743111897249307e-02 1.023525824819272907e-02 9.385769230462999782e-03 9.777367720264480352e-03 1.125053690294531596e-02 9.573806516053530447e-03 9.582359143288836020e-03 1.124613129753118321e-02 1.085118904126670947e-02 1.282185888992650076e-02 9.586950212008216871e-03 9.986027499436859675e-03 1.053756712872712734e-02 1.647636339663761940e-02 1.052113164527347829e-02 1.124142772639723925e-02 9.586186872363199052e-03 9.992111927650792688e-03 1.051888176603913219e-02 1.024721480314055855e-02 9.404322378723229542e-03 1.052883548980175846e-02 9.988604848144070486e-03 1.126197558318842162e-02 9.573892446225874472e-03 9.578576126677723970e-03 9.999816443162572524e-03 9.784733072671917414e-03 9.987752672055736497e-03 1.023611515698435483e-02 9.127213429140020734e-03 9.129343081463917042e-03 9.584007843296434709e-03 9.764143523167135783e-03 1.024200134136755112e-02 9.999862715059178522e-03 9.998846681728351324e-03 9.990837176563065192e-03 9.773760400672399165e-03 1.086492135489912012e-02 9.991257434252501929e-03 1.170840893532178184e-02 9.415541479818902854e-03 1.024515356232672328e-02 1.024875422312597831e-02 1.052822064266157633e-02 9.774001817615778076e-03 1.125611333323036332e-02 9.996431808350516798e-03 1.087313432974363996e-02 1.053370223339875240e-02 9.773487434032506957e-03 1.024455142385172907e-02 1.125365194008805768e-02 9.127195786487227180e-03 1.024200347702608829e-02 9.998154423922947509e-03 9.778173047578083213e-03 1.024338312205161187e-02 9.995263841573768029e-03 9.994484147274110969e-03 1.087489111066993960e-02 1.170545129879975270e-02 9.774415338496525787e-03 9.993509820957044779e-03 1.086102016267835937e-02 9.993661709024579537e-03 1.124597443198818540e-02 1.024690077538696446e-02 1.085635793098134114e-02 9.991150640529253626e-03 9.409827795991461061e-03 1.222718329154460874e-02 1.024054296422387267e-02 1.087094195866112820e-02 9.989672364377781208e-03 9.776405382758821330e-03 9.774465167936634627e-03 1.087326655239397380e-02 1.024310120310091034e-02 9.008339253907954314e-03 9.772370315496679838e-03 9.774164201751874004e-03 1.085868808101264626e-02 9.772529909685296126e-03 1.125573255732993487e-02 1.053155179403428288e-02 9.773425608996182123e-03 9.775741481132638189e-03 9.412444951616576183e-03 1.024691535332322365e-02 1.170892740480362557e-02 9.995226215620709939e-03 9.990968090429735993e-03 1.124249242028318822e-02 9.261151223228403229e-03 1.125361742160435954e-02 1.053279932154829561e-02 9.773682259850121137e-03
9.573063403507877864e-03 0.000000000000000000e+00 8.804317930438610579e-03 7.395938268373712481e-03 8.486785517152522357e-03 9.155004993731433519e-03 7.985498140430289521e-03 8.483161421377378650e-03 7.397345235330140406e-03 9.995308800521247872e-03 9.570760443395099487e-03 8.217226577645231345e-03 7.761879197226900784e-03 7.962171156321631513e-03 1.445829884636927638e-02 8.227214905107187171e-03 1.000011432912146711e-02 8.812602109908496475e-03 9.139212157056078936e-03 8.213685019898810113e-03 8.792637270035414884e-03 8.784993251893431082e-03 8.482620058447064640e-03 8.476517577351906987e-03 7.970542120754044516e-03 7.774426362932198263e-03 8.786156879072689468e-03 8.484105767269829734e-03 7.968882110268081173e-03 1.051080765005067696e-02 8.794821325090452363e-03 7.759102582535363189e-03 8.243798118031444092e-03 1.003334885807273535e-02 7.985375222565935585e-03 7.996543517074281016e-03 1.002823180667805798e-02 9.564145064730775886e-03 1.179585549582949124e-02 8.002337740140849642e-03 8.506352632097442107e-03 9.187389811826787017e-03 1.566262421678560335e-02 9.167329782275348768e-03 1.002276347267612444e-02 8.001368594371519039e-03 8.514013955312512219e-03 9.164591561213668996e-03 8.831839146954968342e-03 7.769808598342681401e-03 9.176584361379466065e-03 8.509669881255808865e-03 1.004664477421544737e-02 7.985574865559582833e-03 7.991517125662301810e-03 8.523921888926396309e-03 8.232614814603010991e-03 8.508597384365306632e-03 8.817961003932450748e-03 7.417959788022752098e-03 7.420729503569685991e-03 7.998582543847578691e-03 8.226867771031558599e-03 8.825182429715546992e-03 8.523826906637787387e-03 8.522550285730770905e-03 8.512477705477236589e-03 8.239112138056519166e-03 9.580521846843765080e-03 8.512956306873193865e-03 1.055890360757075208e-02 7.784210554306633320e-03 8.829165019177104279e-03 8.833624158691493963e-03 9.176038096487348569e-03 8.239375223204040491e-03 1.003992318734203866e-02 8.519516504154115571e-03 9.590289366408462704e-03 9.182705025963210088e-03 8.238723150995842445e-03 8.828419943600250563e-03 1.003706377089235054e-02 7.417836357419274433e-03 8.825257678481843171e-03 8.521679491341506429e-03 8.244675509660280913e-03 8.826972237310057659e-03 8.518095584199230491e-03 8.517063956866981547e-03 9.592378335795780434e-03 1.055554656699914454e-02 8.239900260161267184e-03 8.515839293440231189e-03 9.575879289013855197e-03 8.516031508538482453e-03 1.002814446606093736e-02 8.831337696057761644e-03 9.570387676443668085e-03 8.512881081711934014e-03 7.776923605447134957e-03 1.114128632492301756e-02 8.823462227397623966e-03 9.587613331556190527e-03 8.511027303310339520e-03 8.242445117106230248e-03 8.239978991466462982e-03 9.590449971158324788e-03 8.826633487427683680e-03 7.267507291320643263e-03 8.237311178613567278e-03 8.239590531405032586e-03 9.573111523728713643e-03 8.237549209819804152e-03 1.003948346066462285e-02 9.180150478762126934e-03 8.238696755033254882e-03 8.241585748456169494e-03 7.780271181913950111e-03 8.831352739984307115e-03 1.055949197279758452e-02 8.518000705349406884e-03 8.512653274815670454e-03 1.002409737151009964e-02 7.587857508658755676e-03 1.003702486051351837e-02 9.181614584424712885e-03 8.238980561181153545e-03
1.024336485147157340e-02 8.804317930438610579e-03 0.000000000000000000e+00 8.310733445703495648e-03 9.258706489128215589e-03 9.854100037513947863e-03 8.827811430905253831e-03 9.255972935212885763e-03 8.311890830692678436e-03 1.062328582334176770e-02 1.024135925062501055e-02 9.022445360077109219e-03 8.627335271059482016e-03 8.801504754445138232e-03 1.486269540029460864e-02 9.014095491018234499e-03 1.066172440524841732e-02 9.527528667897100859e-03 9.840398747286434322e-03 9.019531014739354605e-03 9.529933495107122815e-03 9.523163965018233146e-03 9.255638111824169775e-03 9.276326837622595953e-03 8.830726320428758727e-03 8.622292745919205026e-03 9.523997577066378381e-03 9.283022333115792044e-03 8.829868353439738679e-03 1.110373309218008579e-02 9.531274000463269350e-03 8.646381456569013357e-03 9.053297563030065359e-03 1.066797931527038897e-02 8.827912969828525039e-03 8.837440376047136364e-03 1.066323114795506011e-02 1.023536709122317180e-02 1.233342492942527888e-02 8.842530898452327648e-03 9.284153899632587026e-03 9.892398389479166096e-03 1.609361549295183422e-02 9.874292710541680840e-03 1.065815590919045631e-02 8.841685701596416549e-03 9.290899540472317975e-03 9.871819713746433911e-03 9.572858975183033345e-03 8.640558885812416046e-03 9.882611547432406177e-03 9.287008475093986096e-03 1.068032683813748343e-02 8.828012218843156803e-03 8.833307307343501655e-03 9.299496740448704932e-03 9.061363243238168552e-03 9.286063950650102691e-03 9.560531422983322564e-03 8.335099741291995129e-03 8.337446080616636723e-03 8.839269092331115268e-03 9.038559792473140758e-03 9.567037712749472747e-03 9.299386464939012401e-03 9.298354301420421603e-03 9.289478733252693257e-03 9.049310251228332921e-03 1.025021459720993310e-02 9.289880163115512776e-03 1.115879120668588492e-02 8.652964762665296336e-03 9.570514452380253501e-03 9.574491231139460948e-03 9.882077863521654751e-03 9.049483951631699316e-03 1.067399169406202906e-02 9.295679913505012354e-03 1.025916275190058569e-02 9.888101158647159480e-03 9.048913692665515665e-03 9.569849910927944250e-03 1.067133839217518192e-02 8.335043029730171762e-03 9.567032580816479601e-03 9.297586630064611640e-03 9.054110620535016363e-03 9.568460085903750245e-03 9.294403811447112321e-03 9.293520115160816206e-03 1.026107705181843709e-02 1.115563683109510422e-02 9.049942395791934005e-03 9.292441038442445650e-03 1.024596272416192569e-02 9.292609470294222254e-03 1.066306045311642484e-02 9.572448943714100683e-03 1.024090421843995395e-02 9.289827512006760407e-03 8.646647775035924688e-03 1.170894954944483833e-02 9.565426445926656848e-03 1.025621474941891889e-02 9.288191537367374018e-03 9.052155683941461722e-03 9.050000546392478890e-03 1.025930951396238772e-02 9.568253218925954276e-03 8.204427732269472737e-03 9.047675126873924376e-03 9.049664675001393987e-03 1.024342720507807891e-02 9.047866277542632868e-03 1.067358420898636799e-02 9.885762866163239418e-03 9.048864305531699112e-03 9.051413816054036318e-03 8.649546475292951841e-03 9.572460526396226604e-03 1.115934189331742842e-02 9.294341113664545892e-03 9.289628788225399308e-03 1.065930498371436136e-02 8.482575010201552287e-03 1.067129998239161465e-02 9.887110908009602572e-03 9.049131040181970786e-03
9.122369906867017209e-03 7.395938268373712481e-03 8.310733445703495648e-03 0.000000000000000000e+00 7.967513493219852833e-03 8.685589578463886670e-03 7.396531097311889041e-03 7.981642983153717022e-03 6.757295780706384057e-03 9.571965414170463538e-03 9.099512368105421717e-03 7.673031859066935072e-03 7.167992220300874531e-03 7.391981122121113294e-03 1.410983799751715749e-02 7.662269912271074852e-03 9.576621761831247831e-03 8.295393051642490495e-03 8.669048862174417308e-03 7.669150696770094325e-03 8.298384888822531863e-03 8.290168842398826579e-03 7.963477399029290568e-03 7.956662600313900782e-03 7.400529996614073694e-03 7.162030890034098290e-03 8.291348219297150351e-03 7.964947960977485086e-03 7.415364140214478726e-03 1.013181093157762558e-02 8.300261129785999406e-03 7.164949950435903041e-03 7.696906994871117666e-03 9.604837711221747912e-03 7.412102219286503292e-03 7.424419871465906193e-03 9.599490407786386709e-03 9.112620016569912204e-03 1.142746641686707976e-02 7.430926433319376932e-03 7.983188722427326731e-03 8.713995691341305805e-03 1.536059599305071924e-02 8.692684833502054703e-03 9.593776563947538014e-03 7.429852913680020342e-03 7.991504110698665481e-03 8.689772742526611499e-03 8.334275599343774626e-03 7.172213631960805934e-03 8.702552429718955415e-03 7.986702909723426835e-03 9.618718813349205754e-03 7.412244888263620768e-03 7.418936455483027270e-03 8.002159097142165847e-03 7.707026274848400617e-03 7.985538960278175044e-03 8.319387739410570234e-03 6.776680269695325304e-03 6.779745898225624304e-03 7.426763621385893549e-03 7.678228859292215124e-03 8.327228981949564082e-03 8.001986974066272948e-03 8.000665197107582546e-03 7.989665428569913894e-03 7.691596294658069842e-03 9.129675362986401643e-03 7.972528908489002336e-03 1.015184337787883306e-02 7.188166753521844053e-03 8.331404302989045899e-03 8.336116942574599287e-03 8.701766267292907961e-03 7.691867140746597338e-03 9.611522827360219345e-03 7.997374439505428381e-03 9.139960610944764322e-03 8.708852053411729466e-03 7.691152356000719933e-03 8.330531838096680991e-03 9.608614374418969484e-03 6.776312385560919610e-03 8.327137169319849888e-03 7.999648652299984689e-03 7.697681622381081189e-03 8.328985300699906502e-03 7.995787242501405101e-03 7.994641208456805884e-03 9.142237178992540514e-03 1.014828085262389247e-02 7.692444104591406387e-03 7.993312518119808155e-03 9.124785780024301934e-03 7.993593759213588057e-03 9.599299389500255339e-03 8.333742014345432714e-03 9.119099015269896760e-03 7.990179452698614737e-03 7.180091785874838720e-03 1.075415161826859256e-02 8.325287977998760761e-03 9.136963225121514862e-03 7.988167668121578038e-03 7.695313348754138916e-03 7.692605738198499653e-03 9.140211426719613286e-03 8.328692238349590451e-03 6.606220985554064895e-03 7.689678746109777398e-03 7.692178760931541771e-03 9.121950565400216426e-03 7.689958119382543124e-03 9.611146004223823647e-03 8.706236080120341794e-03 7.691217042558354602e-03 7.694368734309378968e-03 7.183841854741173510e-03 8.333756465878713535e-03 1.015245707371447217e-02 7.995732807115333088e-03 7.989934191148729409e-03 9.595070553634260646e-03 6.968121329787569512e-03 9.608575864147102241e-03 8.707770870448990758e-03 7.691510174850152946e-03
9.957502956987584683e-03 8.486785517152522357e-03 9.258706489128215589e-03 7.967513493219852833e-03 0.000000000000000000e+00 9.586647823686183720e-03 8.487216373372222580e-03 8.961438097938737371e-03 7.968746867105969134e-03 1.041479267786472179e-02 9.984846793464485434e-03 8.716212847113812348e-03 8.300342273051182843e-03 8.483388161208568756e-03 1.469494672058108305e-02 8.730349418303934989e-03 1.038772112041784490e-02 9.245509851720543765e-03 9.572327393357357370e-03 8.713015308240467174e-03 9.274148903671784391e-03 9.267507925238579677e-03 8.960905930159681829e-03 8.955231245313201305e-03 8.511956958929187134e-03 8.295479289530149555e-03 9.242347410514063430e-03 8.986857173257062348e-03 8.489521895349147126e-03 1.091081150667093380e-02 9.249550963919116880e-03 8.297785474319580371e-03 8.745662007417043943e-03 1.042559726576696051e-02 8.508859060128385471e-03 8.518913190097968102e-03 1.042070562885014269e-02 9.978769144712913708e-03 1.212905116522604472e-02 8.524269158154292730e-03 8.987777904470344720e-03 9.622960987812175654e-03 1.593106902556040011e-02 9.604109630608282169e-03 1.041547720872294108e-02 8.523381628089896078e-03 8.994854007719790129e-03 9.601535754633261713e-03 9.289893545505965508e-03 8.311967990514606067e-03 9.612781389613181057e-03 8.990770694059676410e-03 1.043831630095239105e-02 8.508966802222267534e-03 8.514535166724073942e-03 9.003898117316196451e-03 8.754136693054293678e-03 8.989780058653720068e-03 9.276985990753969930e-03 7.991137595768867119e-03 7.993601884763477244e-03 8.520838775174574900e-03 8.730133853520987558e-03 9.283788310584810757e-03 9.003848597778280061e-03 9.002668992033842355e-03 8.993361648614169382e-03 8.741429331353420609e-03 9.994228490415982963e-03 8.993789964505909465e-03 1.092992688300232357e-02 8.325016054666326340e-03 9.287420274839430084e-03 9.291575634573655609e-03 9.612211234387980224e-03 8.741610768589225602e-03 1.043179207147964561e-02 8.999864312261806470e-03 1.000349221775043325e-02 9.618478502447206854e-03 8.741012116120458128e-03 9.286726057963519756e-03 1.042905789290334354e-02 7.991050592692703486e-03 9.283780601170523242e-03 9.001864009332243358e-03 8.746473252719239033e-03 9.285377076410099642e-03 8.998642514479173946e-03 8.997599279855751642e-03 1.000547438909297170e-02 1.092669392551945569e-02 8.742092921926783097e-03 8.996467030976229573e-03 9.989826353962210498e-03 8.996644616894608135e-03 1.042053000999005989e-02 9.289442659966676979e-03 9.984598149887819948e-03 8.993728167499645543e-03 8.318373408590802251e-03 1.149271471120386773e-02 9.282103913021052741e-03 1.000050411669861292e-02 8.992013604268477359e-03 8.744420869235158822e-03 8.742155810519172329e-03 1.000364415139503964e-02 9.285058460667903676e-03 7.853994996498435410e-03 8.739710779711864011e-03 8.741801641334704526e-03 9.987200696387858734e-03 8.739917459789208268e-03 1.043137122026989265e-02 9.616055537428549668e-03 8.740968680501934318e-03 8.743638083089172452e-03 8.321423000228292746e-03 9.289454442087192315e-03 1.093049135054965232e-02 8.998460185188971588e-03 8.993519936548909771e-03 1.041666101971284487e-02 8.145981437555750368e-03 1.042901835678822046e-02 9.617448835860981787e-03 8.741241302463863272e-03
1.053017574030077827e-02 9.155004993731433519e-03 9.854100037513947863e-03 8.685589578463886670e-03 9.586647823686183720e-03 0.000000000000000000e+00 9.155237984353270866e-03 9.583912658041017496e-03 8.686745005134900374e-03 1.092932142309134894e-02 1.049368431968868490e-02 9.388105454776042233e-03 8.986401404576724317e-03 9.176257872168957011e-03 1.504870429271724756e-02 9.354197287268353062e-03 1.089662016727645580e-02 9.872143097971611617e-03 1.017255914431015179e-02 9.385085534240656530e-03 9.844579515278220269e-03 9.867949420487510254e-03 9.611354631144338953e-03 9.606289381548860709e-03 9.158597520548674570e-03 8.982240662859110325e-03 9.839124383473743518e-03 9.584875582634034413e-03 9.157538616515860722e-03 1.135730126576178084e-02 9.875673527930161136e-03 8.984475973618606323e-03 9.394025766444559153e-03 1.093942905976471106e-02 9.179518695004941845e-03 9.188661386582433477e-03 1.093484164289802371e-02 1.052267160338597567e-02 1.256148198276692100e-02 9.193496018394722163e-03 9.613495531074139205e-03 1.019387490611593262e-02 1.627327532665696908e-02 1.017642674853303300e-02 1.092993963678147960e-02 9.192577568080968070e-03 9.619908207037322981e-03 1.017406170690590347e-02 9.888633250765749283e-03 9.001285115194148853e-03 1.015222150153221106e-02 9.616210497474913729e-03 1.095152160733400479e-02 9.179612047147352183e-03 9.184666479140663961e-03 9.628055266312674984e-03 9.401485404724567452e-03 9.615312149745799952e-03 9.876772315345861211e-03 8.710347209937114796e-03 8.712674704886175583e-03 9.190281548643087356e-03 9.379851803213171135e-03 9.882971008459867299e-03 9.628117770665902894e-03 9.627144014959981844e-03 9.618702513882396513e-03 9.390121428673889326e-03 1.053704154413591734e-02 9.619077496142353079e-03 1.141505380146002821e-02 9.013197184376653404e-03 9.886437071632806980e-03 9.890228709988339861e-03 1.018403375140023749e-02 9.390368140763100460e-03 1.094541225145182275e-02 9.624599881347546335e-03 1.054563994378399094e-02 1.018979420238161349e-02 9.389825279543996539e-03 9.885803983264157893e-03 1.094284910777398694e-02 8.710412680458612042e-03 9.883119872793100918e-03 9.626414160962824471e-03 9.394764186506962544e-03 9.884470210101192755e-03 9.623377681024003483e-03 9.622546325545209764e-03 1.054747920111249494e-02 1.141199004091849808e-02 9.390803456971363178e-03 9.621519925752585953e-03 1.053295669174324038e-02 9.621680166438160639e-03 1.093485327187913338e-02 9.888280801204995737e-03 1.052808564033637893e-02 9.619033029036570814e-03 9.007189432005784091e-03 1.195070963075003240e-02 9.881586466919950115e-03 1.054274538957443268e-02 9.617476425264016512e-03 9.392904518522716614e-03 9.390856827203270668e-03 1.054578058934818249e-02 9.884280869998426228e-03 8.585827991551201258e-03 9.388648321703290181e-03 9.390539096707147329e-03 1.053051951933388179e-02 9.388906617814185909e-03 1.094501893125757880e-02 1.018764755579087272e-02 9.389770311639318925e-03 9.392201487985888872e-03 9.009945211877392474e-03 9.888292364853812008e-03 1.141558878682299993e-02 9.623326752619827326e-03 9.618844163776231818e-03 1.093122639597439959e-02 8.850989041902124210e-03 1.094281157086417038e-02 1.018884571305110447e-02 9.390031250002648863e-03
9.547871659940185274e-03 7.985498140430289521e-03 8.827811430905253831e-03 7.396531097311889041e-03 8.487216373372222580e-03 9.155237984353270866e-03 0.000000000000000000e+00 8.483387880635163969e-03 7.397837833098322088e-03 1.002267919060897960e-02 9.545452463859040865e-03 8.217553006372384228e-03 7.762250163257357338e-03 7.982012132591196837e-03 1.445861237756840625e-02 8.207322800775452426e-03 1.000034750299995737e-02 8.790158759421854567e-03 9.139651715577184685e-03 8.213953361132576500e-03 8.792888296783103741e-03 8.785489332743506852e-03 8.504452317860088095e-03 8.476647062151032933e-03 7.970945944044106890e-03 7.756967184006908697e-03 8.786728734039421854e-03 8.484289602861272081e-03 7.969210542025841754e-03 1.051107678277332300e-02 8.795274436470336063e-03 7.759586634758600457e-03 8.244443947156277624e-03 1.003382591182131953e-02 7.985970020445033041e-03 7.997066971693408619e-03 1.002870938693452632e-02 9.564639620184292590e-03 1.179628558936997827e-02 8.002934591397357911e-03 8.506908292693472415e-03 9.187906297204628120e-03 1.566301240191301028e-02 9.167845400682559168e-03 1.002324090367356230e-02 8.001965181503653893e-03 8.514570389189035984e-03 9.165106295974119466e-03 8.832293206856663484e-03 7.770420553894443437e-03 9.177098206310595196e-03 8.510145989328707708e-03 1.004712303980303395e-02 7.986096309282254141e-03 7.992110504545502786e-03 8.524399975007758770e-03 8.253674497588231809e-03 8.509073613628678062e-03 8.818414359893311447e-03 7.418603059555752867e-03 7.421309883272173349e-03 7.999178817440839862e-03 8.227367566663156689e-03 8.825717877093493605e-03 8.524216373310838230e-03 8.523018492061015458e-03 8.512946716757377810e-03 8.239603354176464056e-03 9.580923303736112520e-03 8.513425969397789284e-03 1.055926401901888072e-02 7.784745282170477988e-03 8.829610803117822135e-03 8.834069921508650586e-03 9.176461708548633300e-03 8.239867128351709147e-03 1.004030337847224355e-02 8.519985291013861331e-03 9.590690667828190991e-03 9.183128544282463321e-03 8.239214808215501382e-03 8.828866066324964068e-03 1.003744442033102473e-02 7.418407353734099430e-03 8.825704057936003405e-03 8.522147769761637126e-03 8.245166906288211098e-03 8.827336734133684262e-03 8.518564085268862454e-03 8.517532906508099022e-03 9.592779524003029398e-03 1.055590675448069525e-02 8.240392254186379439e-03 8.516308687606350541e-03 9.576280981243518245e-03 8.516500576751529980e-03 1.002852588122939842e-02 8.831784654186717459e-03 9.570790867362956658e-03 8.513352099823255636e-03 7.777460060031373031e-03 1.114162864900869812e-02 8.823909378702737144e-03 9.588104802660269918e-03 8.511498222689524093e-03 8.242937512253146679e-03 8.240471948343812414e-03 9.590851912106230018e-03 8.827080779119192075e-03 7.268094898813132546e-03 8.237804924183252109e-03 8.240083864270034489e-03 9.573514341668750566e-03 8.238111579054289979e-03 1.003986500111914149e-02 9.180652689992466892e-03 8.239189190964404941e-03 8.242078262068982739e-03 7.780806864409335263e-03 8.831800144737245520e-03 1.055985352573485941e-02 8.518470491666036218e-03 8.513123618624935177e-03 1.002447921613090244e-02 7.588412507386502713e-03 1.003740633902326825e-02 9.182039298574678349e-03 8.239473602179601952e-03
9.954485819681935937e-03 8.483161421377378650e-03 9.255972935212885763e-03 7.981642983153717022e-03 8.961438097938737371e-03 9.583912658041017496e-03 8.483387880635163969e-03 0.000000000000000000e+00 7.964990885870385645e-03 1.041205453132051408e-02 9.952436612451258380e-03 8.712973481804435483e-03 8.317149624221295556e-03 8.480041441645840353e-03 1.473956277885758032e-02 8.703845499432441568e-03 1.041630835927433857e-02 9.242364710873290229e-03 9.569179729189036115e-03 8.732707026223944166e-03 9.244950551567593725e-03 9.238009973011385156e-03 8.957291555750555856e-03 8.976132841114562930e-03 8.487295631231107917e-03 8.292043219497705411e-03 9.265210381033065629e-03 8.958718705439820337e-03 8.485793248217318382e-03 1.087472442518640052e-02 9.247119263185816715e-03 8.294504375321845938e-03 8.742174678661491713e-03 1.042293158263179510e-02 8.505206812688079557e-03 8.515283964568231070e-03 1.041803827024436434e-02 9.975932073705465197e-03 1.212682372310177129e-02 8.520643640998918494e-03 8.984421232373654420e-03 9.619965426665398611e-03 1.592930261002201142e-02 9.601098465206677618e-03 1.041280796689594834e-02 8.519755729454040957e-03 8.991502982517482478e-03 9.598523240487480054e-03 9.286725442486801554e-03 8.308195721155313407e-03 9.609776257870154478e-03 8.987415829482288746e-03 1.043565648012238084e-02 8.505315732712275673e-03 8.510799818331393415e-03 9.000566118017033421e-03 8.750656603055323446e-03 8.986424518812621137e-03 9.273799778948458791e-03 7.987189150676069285e-03 7.989654821654139372e-03 8.517210956603111713e-03 8.726618371089464934e-03 9.280607065884656851e-03 9.000413388108696733e-03 8.999320688243437824e-03 8.990007336009079447e-03 8.737846085619810355e-03 9.991396561017567082e-03 8.990500063695741617e-03 1.092742041504032695e-02 8.321254416921159205e-03 9.284239406746505954e-03 9.288398050236032141e-03 9.609203164146418868e-03 8.738102297713257888e-03 1.042912789014718844e-02 8.996514988720975478e-03 1.000066495667343257e-02 9.615474026449856784e-03 8.737502767495098147e-03 9.283544948804208288e-03 1.042639303297445905e-02 7.987088552548352385e-03 9.280597670130169910e-03 8.998515674767395070e-03 8.742968248669125489e-03 9.282102129750047920e-03 8.995184235317926422e-03 8.994248130205677663e-03 1.000264698588810425e-02 1.092418564879572493e-02 8.738584291793007053e-03 8.993116063510069383e-03 9.986992079007998152e-03 8.993292956392975185e-03 1.041786327475040762e-02 9.286265175815577519e-03 9.981852008364244452e-03 8.990379451276340680e-03 8.314609266359979795e-03 1.149035416348241113e-02 9.278922104662383138e-03 9.998209840810810822e-03 8.988664280639730580e-03 8.740916404457220804e-03 8.738652850407290992e-03 1.000081804155934784e-02 9.281877866994241166e-03 7.849958532482662760e-03 8.736205796763081219e-03 8.738298178775832925e-03 9.984367134383963227e-03 8.736413537204768681e-03 1.042870835048661203e-02 9.613055954537742809e-03 8.737531860665699937e-03 8.740132167404162863e-03 8.317658048420554368e-03 9.286280016659809872e-03 1.092798804539713529e-02 8.995114445707262998e-03 8.990168161877641270e-03 1.041399292530421385e-02 8.142113885822867617e-03 1.042635699202934182e-02 9.614448848173967957e-03 8.737737075588548202e-03
9.102820372633456392e-03 7.397345235330140406e-03 8.311890830692678436e-03 6.757295780706384057e-03 7.968746867105969134e-03 8.686745005134900374e-03 7.397837833098322088e-03 7.964990885870385645e-03 0.000000000000000000e+00 9.572894348673102738e-03 9.100418162143870254e-03 7.674020591640524913e-03 7.184575768074684919e-03 7.393351931356542499e-03 1.411069864709264474e-02 7.663611504642213294e-03 9.599421219088884530e-03 8.296642419173865662e-03 8.670342340833876033e-03 7.670292162089682383e-03 8.318148097538613506e-03 8.291402857440949639e-03 7.964598380362088864e-03 7.957793549408587533e-03 7.401914909355520461e-03 7.163387108463347905e-03 8.292656286875586466e-03 7.966101589272087460e-03 7.400690149143853216e-03 1.010966660005241206e-02 8.301619226255276332e-03 7.166462183497645209e-03 7.698280369089656461e-03 9.605915075121929103e-03 7.413545821488286801e-03 7.425860255117013725e-03 9.600568336061805416e-03 9.113754331487802438e-03 1.142839746185463252e-02 7.432364819559319179e-03 7.984501212107251653e-03 8.715183563031112662e-03 1.536136543227039318e-02 8.693875535031141133e-03 9.594855085353994062e-03 7.431291574289156619e-03 7.992814933153359266e-03 8.690963872932810572e-03 8.335523157295014751e-03 7.173723844224767256e-03 8.703741509415002450e-03 7.988014695481937544e-03 9.619794755181191107e-03 7.413688426781296810e-03 7.420377548396045291e-03 8.003467763011654079e-03 7.708397462252990738e-03 7.986851000951851118e-03 8.320638109580476630e-03 6.778315429690463800e-03 6.781380004243501430e-03 7.428203100353566145e-03 7.679607110035239353e-03 8.328477739131288221e-03 8.003300685828076272e-03 8.001979796513946155e-03 7.991054169354330078e-03 7.693047226621237134e-03 9.130887869841574495e-03 7.991588333248407158e-03 1.015287236896202615e-02 7.189745822744094197e-03 8.332657409630095727e-03 8.337442956239350320e-03 8.703035497876449728e-03 7.693319167096462213e-03 9.612682722327944851e-03 7.998689512371773280e-03 9.141172811757662317e-03 8.710120367379845310e-03 7.692603507769240831e-03 8.331858552517392227e-03 9.609695745765051839e-03 6.778018292341043104e-03 8.328464537847137319e-03 8.001035384433924022e-03 7.699131827856304025e-03 8.330239885550125983e-03 7.997254495953945094e-03 7.996029612605199191e-03 9.143372590123498983e-03 1.014939046765205195e-02 7.693894914269211287e-03 7.994700711458137612e-03 9.125999365899460994e-03 7.994909647093846952e-03 9.600377544651820388e-03 8.334990151986999829e-03 9.120290400385096252e-03 7.991490865026922019e-03 7.181600168291678125e-03 1.075512818372760179e-02 8.326537566742406651e-03 9.138095046220156767e-03 7.989479668354898187e-03 7.696687962001459195e-03 7.693980987519991564e-03 9.141342231838336940e-03 8.329940776581421652e-03 6.607916852465822895e-03 7.691054676110760380e-03 7.693554413266323090e-03 9.123083357564435239e-03 7.691333729082006423e-03 9.612222916157205782e-03 8.707425028618464777e-03 7.692644215998711323e-03 7.695743280412566979e-03 7.185349097670218864e-03 8.335004603981685870e-03 1.015348186761689565e-02 7.997043710953414750e-03 7.991245832106501010e-03 9.596149149028967984e-03 6.969694196580399764e-03 9.609653154724451252e-03 8.708959858674394233e-03 7.692885384952298337e-03
1.120051578834909550e-02 9.995308800521247872e-03 1.062328582334176770e-02 9.571965414170463538e-03 1.041479267786472179e-02 1.092932142309134894e-02 1.002267919060897960e-02 1.041205453132051408e-02 9.572894348673102738e-03 0.000000000000000000e+00 1.123839784740952689e-02 1.018193051988206671e-02 9.843770030578973332e-03 9.992718649750010132e-03 1.557067231421513202e-02 1.020360463764256875e-02 1.156492792643858299e-02 1.061214651145441813e-02 1.088006733229730967e-02 1.020836997726743724e-02 1.064838452258665136e-02 1.060861564296407787e-02 1.041157792474336173e-02 1.040704357675358883e-02 9.998877748358633508e-03 9.840154618664245095e-03 1.060978454540918887e-02 1.038116247813855066e-02 9.997640334971644518e-03 1.198807954115866173e-02 1.065012547202916736e-02 9.842179308657179188e-03 1.021612688186495504e-02 1.161387793482499160e-02 1.002303252475098688e-02 1.003112824327840290e-02 1.160967639599208914e-02 1.123391236747501264e-02 1.312600234995757106e-02 1.003548199444739830e-02 1.041393217725084842e-02 1.093636894031286416e-02 1.671110672120978621e-02 1.092083392090513472e-02 1.160519544835602983e-02 1.003475731963732361e-02 1.041969083216446115e-02 1.091870330034715522e-02 1.066129721630524468e-02 9.862025225867158268e-03 1.092813226863459039e-02 1.041637317329388232e-02 1.162476054534834248e-02 1.002311284533311322e-02 1.002754829650902464e-02 1.042695923988429946e-02 1.022302503744026113e-02 1.041556649982312149e-02 1.065082402821855394e-02 9.598253410004215641e-03 9.600282411625983212e-03 1.003269098350553605e-02 1.020362717037305231e-02 1.065639306188180188e-02 1.042703208227161588e-02 1.042607030791296158e-02 1.041848772218888740e-02 1.021273450849721244e-02 1.124695837264442881e-02 1.041880952613231763e-02 1.205163907896272465e-02 9.872684220701149690e-03 1.065937980474399548e-02 1.066278784558771266e-02 1.092755118552264822e-02 1.021297094212353720e-02 1.161919398118429689e-02 1.042378337030973323e-02 1.125475436690031097e-02 1.093274288281320845e-02 1.021248353310479778e-02 1.065880981325506918e-02 1.161684789884827665e-02 9.598249560600916053e-03 1.065639935032656332e-02 1.042541476073068595e-02 1.021692272931015895e-02 1.065770472002692572e-02 1.042279554043572774e-02 1.042194029571483563e-02 1.125642298201305971e-02 1.204880429014962284e-02 1.021336281308658084e-02 1.042101745991641341e-02 1.124325659486160971e-02 1.042116170366918365e-02 1.160952904180120523e-02 1.066103169021705849e-02 1.123881615001473891e-02 1.041878267225610291e-02 9.867255074242305135e-03 1.255057352990120688e-02 1.065501345668662045e-02 1.125265729161577591e-02 1.041738235882226637e-02 1.021524594499144227e-02 1.021340782008027526e-02 1.125487860498422706e-02 1.065743459466502070e-02 9.484898233310164878e-03 1.021142381803464769e-02 1.021312343486600362e-02 1.124103894148249100e-02 1.021156761887313282e-02 1.161882879443069255e-02 1.093069156559716391e-02 1.021241489277455693e-02 1.021461903560687452e-02 9.869740977984917119e-03 1.066104606145411131e-02 1.205213597960668771e-02 1.042264198544456781e-02 1.041860966957515108e-02 1.160621045636209790e-02 9.725833801953734023e-03 1.161681324370585251e-02 1.093188479855268513e-02 1.021266650951452304e-02
1.081884993964216113e-02 9.570760443395099487e-03 1.024135925062501055e-02 9.099512368105421717e-03 9.984846793464485434e-03 1.049368431968868490e-02 9.545452463859040865e-03 9.952436612451258380e-03 9.100418162143870254e-03 1.123839784740952689e-02 0.000000000000000000e+00 9.742368724775395464e-03 9.385759463401355945e-03 9.568175320707549003e-03 1.531898511770872842e-02 9.761849909231996511e-03 1.120290110409169135e-02 1.022929810087035499e-02 1.048102081549230451e-02 9.739613306528838166e-03 1.023139717852031283e-02 1.019339307270847490e-02 9.952066253975214855e-03 9.947098756592425567e-03 9.548927683725444773e-03 9.405406946725598794e-03 1.019467342602549918e-02 9.953020106082868107e-03 9.547627123322372650e-03 1.164582021622851890e-02 1.023349139076881048e-02 9.383629117647547188e-03 9.775283418736225444e-03 1.124876185963093536e-02 9.571579585853591532e-03 9.580135250908226527e-03 1.124435522657660398e-02 1.084931697990966851e-02 1.282037727427906733e-02 9.584727598146349642e-03 9.983915151162363333e-03 1.053560983299735819e-02 1.647521598528138217e-02 1.051916918304313109e-02 1.123965088809818734e-02 9.583963523309271815e-03 9.990001327957328051e-03 1.051691833680116171e-02 1.024517698188538023e-02 9.402049784775786886e-03 1.052671597870421735e-02 9.986493229668000696e-03 1.126020450302363946e-02 9.571665556279480847e-03 9.576350608178317569e-03 9.997708241554223788e-03 9.782564314223864479e-03 9.985640808408389330e-03 1.023407327992636832e-02 9.124868993755069074e-03 9.126999405426841627e-03 9.581783629378434752e-03 9.761969025271547556e-03 1.023996115027731545e-02 9.997754288074169743e-03 9.996738765363765225e-03 9.988726711586170051e-03 9.771588920913051868e-03 1.086305116773426081e-02 9.989075233091313649e-03 1.170673544694047531e-02 9.413272322185074065e-03 1.024311461732163760e-02 1.024671603650497212e-02 1.052626074759442122e-02 9.771830574466235445e-03 1.125434063160151398e-02 9.994322773219523059e-03 1.087126629931164760e-02 1.053174386922003415e-02 9.771316049513549887e-03 1.024251250472139364e-02 1.125187842854954642e-02 9.124851308534211863e-03 1.023996382608189336e-02 9.996046057427708173e-03 9.776002993486663378e-03 1.024134374513725916e-02 9.993276496448121049e-03 9.992374727999296311e-03 1.087302436990251683e-02 1.170377743236296515e-02 9.772244210209028378e-03 9.991399696074858977e-03 1.085914947245341343e-02 9.991552306784425019e-03 1.124419913701355835e-02 1.024486312753957080e-02 1.085448644352577513e-02 9.989040823936281427e-03 9.407557540264588694e-03 1.222560811137968911e-02 1.023850307026968713e-02 1.086907263312112369e-02 9.987562127763202971e-03 9.774235076417187723e-03 9.772294201362273156e-03 1.087139925828016496e-02 1.024106247575454383e-02 9.005965565161573247e-03 9.770199121674117207e-03 9.771993516775122346e-03 1.085681696774894005e-02 9.770444340293015645e-03 1.125396046735476982e-02 1.052969988161182348e-02 9.771254544765205219e-03 9.773570968151614954e-03 9.410175411190765254e-03 1.024487769461981772e-02 1.170725457318137416e-02 9.993116855516532421e-03 9.988858226893245276e-03 1.124071667095487802e-02 9.258841508416009239e-03 1.125184393345026596e-02 1.053084087569998786e-02 9.771511068155774513e-03
9.744447758751795599e-03 8.217226577645231345e-03 9.022445360077109219e-03 7.673031859066935072e-03 8.716212847113812348e-03 9.388105454776042233e-03 8.217553006372384228e-03 8.712973481804435483e-03 7.674020591640524913e-03 1.018193051988206671e-02 9.742368724775395464e-03 0.000000000000000000e+00 8.040889974112086849e-03 8.234082696364188741e-03 1.455279866749677013e-02 8.447956553960810772e-03 1.021576657428898034e-02 9.008834888214000899e-03 9.373279863709222184e-03 8.453577151730362962e-03 9.036059539486889988e-03 9.004105987440676195e-03 8.712439935855511783e-03 8.706429469326901899e-03 8.221006010627269350e-03 8.016549754570551425e-03 9.005230994013239260e-03 8.714004397712464545e-03 8.220058465474217035e-03 1.068679466066629891e-02 9.013130592111666395e-03 8.038431273062618052e-03 8.485644328400052464e-03 1.022203887015850875e-02 8.238020012311145571e-03 8.248577675418063485e-03 1.021702953069952499e-02 9.763569379366975054e-03 1.195655995863398671e-02 8.254186611359822304e-03 8.738007022220800613e-03 9.396769852864262848e-03 1.579265511842041503e-02 9.377289892310411781e-03 1.021167467821120119e-02 8.253258644621116330e-03 8.745381179116733586e-03 9.374629937926953760e-03 9.052032159962412894e-03 8.031956668746970812e-03 9.386386339482993835e-03 8.741124564707823327e-03 1.023506175910777159e-02 8.238135772569408349e-03 8.243879990646430303e-03 8.754822102465838543e-03 8.494425374405228935e-03 8.740092341830204420e-03 9.038625718218474062e-03 7.696068083413739810e-03 7.698649128932224389e-03 8.250595276173486314e-03 8.469309907614130939e-03 9.045685861465943209e-03 8.754662819320999795e-03 8.753517350430501179e-03 8.743821014094765864e-03 8.481036761749789071e-03 9.779380931571504676e-03 8.744274934109856970e-03 1.073746788558235625e-02 8.045625732095326027e-03 9.049451254800158426e-03 9.053763482117475545e-03 9.385658315629111237e-03 8.481298608624938604e-03 1.022838172527929662e-02 8.750596348146549158e-03 9.788908666216745644e-03 9.392133621181750561e-03 8.480672637691418631e-03 9.048731376118274508e-03 1.022558180451775892e-02 7.695943734329469856e-03 9.045674286935964648e-03 8.752679040332353097e-03 8.486380169144019936e-03 9.047244433311745285e-03 8.749323719950519163e-03 8.748236154612400520e-03 9.790946747318089380e-03 1.073416932033471535e-02 8.481801896112846004e-03 8.747057034440069642e-03 9.774853230529324810e-03 8.747242124566368196e-03 1.021684930272271502e-02 9.051553204436797728e-03 9.769565604275186332e-03 8.744206674843258559e-03 8.038669764389154426e-03 1.131056786558539209e-02 9.043937785006863489e-03 9.785897725898070817e-03 8.742421376737604874e-03 8.484239507860310420e-03 8.481872293273811161e-03 9.789066477290234158e-03 9.047003636990671657e-03 7.552505481676356942e-03 8.479316408088251322e-03 8.481501464695600373e-03 9.772154632236794078e-03 8.479610987205061026e-03 1.022795250418062803e-02 9.389725283995183081e-03 8.480703871054396173e-03 8.483418327317531968e-03 8.041865933698225111e-03 9.051565394688966537e-03 1.073804485773217389e-02 8.749134965529514404e-03 8.743989953744419133e-03 1.021288708696236301e-02 7.858164340608630657e-03 1.022554229265279328e-02 9.391072590879807197e-03 8.480915574919747554e-03
