0.000000000000000000e+00 9.617214471111728419e-03 9.664623285822937157e-03 1.029554430226214436e-02 1.051852556383008584e-02 1.038116792825323834e-02 1.019510889790846073e-02 9.542376506363242986e-03 1.028839256245373326e-02 1.030626556778575439e-02 1.069686498078634314e-02 1.039089593646261300e-02 9.598878730120953204e-03 1.048697149564944454e-02 1.026756325631718487e-02 1.055247415269036648e-02 1.056251610870263292e-02 1.045621092695628307e-02 1.022895801849848900e-02 1.027573626683870624e-02 1.060774315015688453e-02 1.042233295163120382e-02 1.035124899111934324e-02 1.042805785657575403e-02 1.064908664182684199e-02 1.042598470938481056e-02 1.054752360685756903e-02 1.031135761214698084e-02 1.024224541635452082e-02 1.045463261735561644e-02 1.029970805350997019e-02 1.037502330827305003e-02 1.039225205921612098e-02 1.030068499413149506e-02 1.036199592955486769e-02 1.029411179997443207e-02 1.058691401485582946e-02 1.066359513529990463e-02 9.610850865590934641e-03 1.044706455495037455e-02 1.035754818104843607e-02 1.029694558468961449e-02 1.075765785216091161e-02 9.635286429970711664e-03 1.053557784251557723e-02 1.038856090829156503e-02 1.044787026918308354e-02 1.029658136886080384e-02 1.057615576930461335e-02 1.045188286449532343e-02 1.045516160303477417e-02 1.052346732931797209e-02 1.024389279778147553e-02 1.052376083239570277e-02 1.034929661188899522e-02 1.050341717821656057e-02 9.853289587764504920e-03 1.061535837571366860e-02 1.073835343197787097e-02 1.043732689762398233e-02 1.049844974477424746e-02 1.047353548117929342e-02 1.058624299327420165e-02 1.060845681720042934e-02 1.048921480788699706e-02 1.038463674102397920e-02 9.571855061771812265e-03 1.026608037622763793e-02 1.046182771952386403e-02 1.047682942005233146e-02 1.031518185462544299e-02 1.037450898287984973e-02 1.039829805885416486e-02 1.042532623306757604e-02 1.028710396067093920e-02 1.043296143216553354e-02 1.040219770893796754e-02 1.048142146275107822e-02 1.026472054503526146e-02 1.047078330095453300e-02 1.036014053378064848e-02 9.915880001879399594e-03 1.033372566301759762e-02 1.040002747444065088e-02 1.040003417525377227e-02 1.088314373297731216e-02 1.089858750157926721e-02 1.063374327641318680e-02 1.037040355413419539e-02 1.051795810115958678e-02 1.039392906128732905e-02 1.045737299739364808e-02 1.028311384007144121e-02 1.024942722807622303e-02 1.046862847156113455e-02 1.027781642154239859e-02 1.028282723592614627e-02 1.050467413727991343e-02 1.029508087681650814e-02 1.036848361232091051e-02 1.048157797594929594e-02 1.024035353112671791e-02 1.055388761628859445e-02 1.051646752511594014e-02 1.028562255782202416e-02 1.065630464836742584e-02 1.045540004983584736e-02 1.032090904831896826e-02 1.029357568712358992e-02 1.048922282976384387e-02 1.018362325997777471e-02 1.048689516281041921e-02 1.039783845004219921e-02 1.057401169402842969e-02 1.053109089019007259e-02 1.049558506605743208e-02 1.053760454376770871e-02 1.040693216159424735e-02 1.046658907019576250e-02 1.039273495889018323e-02 1.050012603866463945e-02 1.060338214502072260e-02 1.033534825912971189e-02 9.983205725760894295e-03 1.034475240001152610e-02 1.063403257939401526e-02 1.058670822962915620e-02 1.049124325977682931e-02
9.617214471111728419e-03 0.000000000000000000e+00 1.037847311953418381e-02 1.035581245798513489e-02 1.043798284949582628e-02 1.032671600496219873e-02 1.031628345845172004e-02 1.020618565786139513e-02 1.031470555233180222e-02 9.660869501231116388e-03 1.000851699092014484e-02 1.022598638148944188e-02 1.024513668905632086e-02 1.044873587744155584e-02 1.014726344716248944e-02 1.047196555686468085e-02 1.051902100396270162e-02 1.035567500735131916e-02 1.019376423668023890e-02 1.035148803461974874e-02 1.047958217355061429e-02 1.044999996785380726e-02 1.029700255492641339e-02 1.051107758302229599e-02 9.956301387036785300e-03 1.042997801630355520e-02 1.043913498749195722e-02 1.033786844798172469e-02 9.510701952872083198e-03 1.030649575892632341e-02 1.033662946925717127e-02 1.023679088725152307e-02 1.034230998271776399e-02 1.029112290936105324e-02 1.034676097540503104e-02 1.033349800980094997e-02 1.053637632697186806e-02 1.005679278732183289e-02 1.024904442889487850e-02 1.038848121898805141e-02 1.027262502419501108e-02 1.023302555398722218e-02 1.071322613072520254e-02 1.021291219606275218e-02 1.051812760238414468e-02 1.039524575015285564e-02 1.027405251968216762e-02 1.032736481606041923e-02 1.058910293728642683e-02 1.042058190542915000e-02 1.036800343653920820e-02 1.046266460071802740e-02 1.017795349011203256e-02 1.047931878421209419e-02 1.024947250038819521e-02 1.045887924599017867e-02 1.052825744147374912e-02 1.052389391969157061e-02 1.061387678155742247e-02 1.034523270121303490e-02 1.058916303605265258e-02 1.041987180190959497e-02 1.067161615056732779e-02 1.073574570414593046e-02 1.038282756619936936e-02 1.027817278860935005e-02 1.016418155990622338e-02 1.024357267473024330e-02 1.047946266662344063e-02 1.053062617435907185e-02 1.029602271508704009e-02 1.032491239770069735e-02 1.035159762661201459e-02 1.035650889834773339e-02 1.021678620772301614e-02 1.042098121817223826e-02 1.035496252301705382e-02 1.042567852895578961e-02 1.022498401960748350e-02 1.036131458373424664e-02 1.030867030861997401e-02 1.044285057295780625e-02 1.037882283024193358e-02 1.042807605809227024e-02 1.031652435652303731e-02 1.081753618267455516e-02 1.082933036093817157e-02 1.068678325091765823e-02 1.031579994837550536e-02 1.049351535660179163e-02 1.036673146940893762e-02 1.046428876615814428e-02 1.023027940191381657e-02 1.028151545029336138e-02 1.027933178109638294e-02 9.548107811658849628e-03 1.029345125026088527e-02 1.043012405648325279e-02 1.024720852835055845e-02 1.037020488038323425e-02 1.050747489822935650e-02 9.518018354052668745e-03 1.036671413795044530e-02 1.040749945922524525e-02 1.025499670194398444e-02 1.054929655914737738e-02 1.028909967562066999e-02 1.014818166348849596e-02 1.029741358975686319e-02 1.047110085898715452e-02 1.028373329895109628e-02 1.045710144609733085e-02 1.035952975961957137e-02 1.045523006900054598e-02 1.037386522295637332e-02 1.049438987661199287e-02 1.043413278050644467e-02 1.036181487351296900e-02 1.040773774907327240e-02 1.020623727421059515e-02 1.053331435231522929e-02 9.886273294232375553e-03 1.042384520900692738e-02 1.056732071070100136e-02 1.030563688507316576e-02 1.064444539953093849e-02 1.048631335719353574e-02 1.035301686902781113e-02
9.664623285822937157e-03 1.037847311953418381e-02 0.000000000000000000e+00 1.042087799588420696e-02 1.037227576423837942e-02 1.039631889407774054e-02 9.726780645608322853e-03 9.670260981119060961e-03 1.037225902485431131e-02 1.049592100288758260e-02 1.060614909423262218e-02 1.050975854935628714e-02 1.023815073415370799e-02 1.051477259792427642e-02 1.042378321148559016e-02 1.045025915290423262e-02 1.063263773061738984e-02 1.048371086619614631e-02 1.036870074904604894e-02 1.044921121954505566e-02 1.053396462534521294e-02 1.051839876492947044e-02 1.043520795439734430e-02 1.060516514560462704e-02 1.067879421426975138e-02 1.053536259600679377e-02 1.050787108719216170e-02 1.044829968405167411e-02 1.047954537829107538e-02 1.054638517177921772e-02 1.036805390707518960e-02 1.045677985913212767e-02 1.052121990674907866e-02 1.028272078225269358e-02 1.038404179879472318e-02 1.034071673164710208e-02 1.050192440783708110e-02 1.061575098652176030e-02 1.039470343336294095e-02 1.045102892154685555e-02 1.036216165226953694e-02 1.030350371617904520e-02 1.079248063882497048e-02 1.038899499890084434e-02 1.040338422193409600e-02 1.034711354943356615e-02 1.045897236140328965e-02 1.039334068227350943e-02 1.059926867261941526e-02 1.031406010482850862e-02 9.748721278013190716e-03 1.057244588718339075e-02 1.041022176148826035e-02 1.028203189791187730e-02 1.036365009829567051e-02 1.050730740345962207e-02 1.059159688720412267e-02 1.057353404358874448e-02 1.074349218574779073e-02 1.058812169511735672e-02 9.870779392104104058e-03 9.790276826590210008e-03 1.063472644512632528e-02 1.077497326594227534e-02 1.051101619535417531e-02 1.031243956540057322e-02 1.024637719324295211e-02 1.040759594578874805e-02 1.059955410799445948e-02 1.061696849265941940e-02 1.043048147655661895e-02 1.044141030543133120e-02 1.045902089918250566e-02 1.040676936632306017e-02 1.039726624581487069e-02 1.056653709424811016e-02 1.044516402210961779e-02 9.724941879773256817e-03 1.045502411896364128e-02 1.054728260495184367e-02 1.049128251677500755e-02 1.061833055047349018e-02 1.037920556949212952e-02 1.052327835470473656e-02 1.041759590110175569e-02 1.081770399360150112e-02 1.074030850555804210e-02 1.063571993149983567e-02 1.038273054311707883e-02 1.043776338553730962e-02 1.046583199371807840e-02 1.046312549695824212e-02 1.044369899527530787e-02 9.689581129605178214e-03 1.053638662761038382e-02 1.045173959640448118e-02 1.037454169269797812e-02 1.051017024094610779e-02 1.039712205032927890e-02 1.050491569608779166e-02 1.049110039455262468e-02 1.039397536800198800e-02 1.069460837036491883e-02 1.046815521496291014e-02 1.040562272530309515e-02 1.060654560550295007e-02 1.050261852008232966e-02 1.045377391275706912e-02 9.721989903425615892e-03 1.052946214387886700e-02 9.762997358518486421e-03 1.048866224420373812e-02 1.037044461642728718e-02 1.050402897412609955e-02 1.055673063091822593e-02 1.070066915966710712e-02 1.060549849454845220e-02 1.042918429355593583e-02 1.058256412530582391e-02 1.042955758303797283e-02 9.901529078912882365e-03 1.071567035220657299e-02 1.037125877724119974e-02 1.050444134909866642e-02 1.046231271512417307e-02 9.884954860233106586e-03 1.059559938719258597e-02 1.041346021257310434e-02
1.029554430226214436e-02 1.035581245798513489e-02 1.042087799588420696e-02 0.000000000000000000e+00 1.050090457615850299e-02 1.031783367277259653e-02 1.033303964508045479e-02 1.017381929370196440e-02 1.031104419732017594e-02 1.045050211730887656e-02 1.076581333398789024e-02 1.035948491553785773e-02 1.027748286431842337e-02 1.037684903543377966e-02 1.028306739861148227e-02 1.049911687837562675e-02 1.037248264353748776e-02 1.042815738788539434e-02 1.025827283441065746e-02 1.049871444626079321e-02 1.047694345541938868e-02 1.034748844051690958e-02 1.038088166351584449e-02 1.053194335077145723e-02 1.061963281079113947e-02 1.040671993251002930e-02 1.050650618266226778e-02 1.031929510575237477e-02 1.037466326709583775e-02 1.039528289879755076e-02 1.024041419515195686e-02 1.033408909580605696e-02 1.034467675345104518e-02 1.020211912308808047e-02 1.027669937668647740e-02 1.015347406285931758e-02 1.044672261544559062e-02 1.063095480739081715e-02 9.563481815407766026e-03 1.032590058240473972e-02 9.456298434964933997e-03 1.031546956386362318e-02 1.057102162743506560e-02 1.028827463179336765e-02 1.033120350635984702e-02 9.426296308526954659e-03 1.041803928120212802e-02 1.023665454354891202e-02 1.055695943700087763e-02 1.041796280051729591e-02 1.030184930146851689e-02 1.045523803470277749e-02 1.014845377423597740e-02 1.044298765845383913e-02 1.019012732429898718e-02 1.046641432617676296e-02 1.057637738998601883e-02 1.050004464679735704e-02 1.060282959850292195e-02 1.048376193867477449e-02 1.038260007986365613e-02 1.056175568324558590e-02 9.961355827485977171e-03 1.077528420435721820e-02 1.048585027123924256e-02 1.030838188982746012e-02 1.027690128237312983e-02 1.033919426813366925e-02 1.055737131608605606e-02 1.061836517403937086e-02 1.026491254553331053e-02 1.030681614632044524e-02 1.040234494214847469e-02 1.027591855471061272e-02 1.018628066960628430e-02 1.044308773109702861e-02 1.033716208135387199e-02 1.050948953123324522e-02 1.028551602012109205e-02 1.039269148341087808e-02 1.030979185861651860e-02 1.042774051694964239e-02 1.030823652313397031e-02 1.036411574004362894e-02 1.034427701226643681e-02 1.082923669705728592e-02 1.001546443348545583e-02 9.747561790302023549e-03 1.023837348731804729e-02 1.041218680090568414e-02 1.044945796787732223e-02 9.715872851264408319e-03 1.032097736926942781e-02 1.016741304500561396e-02 1.042413763101665732e-02 1.032335066570628547e-02 1.025215541775000710e-02 1.050349451038855991e-02 1.022019296649874509e-02 1.029977531982550695e-02 1.022085181987508924e-02 1.035582380607677835e-02 1.065536150492493207e-02 1.042532025609131663e-02 1.007133633282287014e-02 1.054074567680926729e-02 1.055919424513392969e-02 1.026521089713864840e-02 1.030473327636948974e-02 1.044539119333537901e-02 1.041061018960092073e-02 1.045002097609327128e-02 1.035259093149909666e-02 1.049787031220948859e-02 1.040043220843433515e-02 1.058855001795937223e-02 1.057341750950356943e-02 1.030313953303295740e-02 1.049034461708061444e-02 1.037830749380835686e-02 1.053137461271467894e-02 1.071983286713026201e-02 9.568798936202656952e-03 1.074856924786283738e-02 1.022437292531915530e-02 1.051041288404993938e-02 1.057194229576225754e-02 1.046192897267695862e-02
1.051852556383008584e-02 1.043798284949582628e-02 1.037227576423837942e-02 1.050090457615850299e-02 0.000000000000000000e+00 1.038406782978188586e-02 1.053856271081948792e-02 1.053823116540478569e-02 9.633307111814449000e-03 1.057795475244968468e-02 1.007767992655523963e-02 1.041562151573996627e-02 1.038359951969464699e-02 1.040444533722115379e-02 1.039013626588795348e-02 1.050515928544959281e-02 1.065629858864235863e-02 1.056230535175052380e-02 1.048063375974059991e-02 1.039015817792875163e-02 1.062523526569025475e-02 1.049465282996198470e-02 1.046163123538066189e-02 1.059848740884803374e-02 1.077997490974189933e-02 9.799782995083093987e-03 1.048018580307852332e-02 1.040589195282225730e-02 1.051357921902452627e-02 1.056019895864717187e-02 1.049888814084243109e-02 1.052153365445089236e-02 1.048204176448473343e-02 9.544165760563190840e-03 1.044905285455160517e-02 1.043459467734118504e-02 1.063439256258236383e-02 1.069615596360345630e-02 1.041248206453834931e-02 1.050031873737260375e-02 1.046578727846885805e-02 1.036386515157253913e-02 1.084039599921891514e-02 1.041500547550873283e-02 1.048089251989064302e-02 1.046448658203695883e-02 1.055990096154856353e-02 1.042136176805352928e-02 1.067461122812511654e-02 1.057819759643864946e-02 1.053125340521683141e-02 1.057768601000108090e-02 1.042965180259144628e-02 1.052862439789948798e-02 1.046991148034641904e-02 1.044252262730757663e-02 1.073292110462600694e-02 1.054452908756142032e-02 1.077098405573711365e-02 1.058083119039429643e-02 1.066080377878362087e-02 1.060679446973966829e-02 1.075748992520515236e-02 1.069145768619943378e-02 1.057332035485777054e-02 1.033669952952153380e-02 1.046930306829696108e-02 1.050791945956892383e-02 1.064244883028344149e-02 1.058741891579238238e-02 1.046376568421710992e-02 1.040885135454694757e-02 1.053082435831974827e-02 1.039323610958353857e-02 9.713534621302151451e-03 1.051729099491102194e-02 1.029961511399446646e-02 9.712241262456655297e-03 1.047715808240553756e-02 1.044697531800753247e-02 1.045502474963693265e-02 1.058587474236622784e-02 1.055732249848845457e-02 1.054472677067468285e-02 1.051074142883902558e-02 1.082656140218193723e-02 1.079522544204301882e-02 1.076517870694845141e-02 1.041574347545330681e-02 1.061857437758875408e-02 9.616500895666629453e-03 1.062332038527786550e-02 1.049897479089928302e-02 1.045092232581888887e-02 1.050322522384568996e-02 1.038218700533508239e-02 1.047252091073347900e-02 1.043713107514258019e-02 9.710851389046001522e-03 1.050463079072681306e-02 1.054454043748923042e-02 1.044812284506966768e-02 1.071918806473035751e-02 1.052453974837561611e-02 1.043144748762055499e-02 1.063641599392952872e-02 1.049945617349785226e-02 1.051737241336332673e-02 1.046029259154226433e-02 1.057684979750250949e-02 1.044220558566221098e-02 9.560968157370283022e-03 1.041566848050981542e-02 1.045028999478330584e-02 1.045654145806624094e-02 1.058574004774962864e-02 1.051547094745586969e-02 1.037874190449803238e-02 9.880257191515876003e-03 1.050311998907738423e-02 9.625846580482110698e-03 1.074886976183921442e-02 1.049729611190780912e-02 1.073647151005405198e-02 1.050236268084513494e-02 9.895175981137420418e-03 1.053746982984904261e-02 1.060239831666273322e-02
1.038116792825323834e-02 1.032671600496219873e-02 1.039631889407774054e-02 1.031783367277259653e-02 1.038406782978188586e-02 0.000000000000000000e+00 1.028183294652382229e-02 1.040825203839356068e-02 1.023172469307017350e-02 1.034673055967735324e-02 1.075042451514941072e-02 1.032251806678709943e-02 1.027305864351243242e-02 9.646169113310744045e-03 1.027125789168360261e-02 1.041632538050372980e-02 1.054886890942243263e-02 9.641378613243536608e-03 1.023985733207139447e-02 1.047022705878936262e-02 1.058990999435772962e-02 1.033166594030486898e-02 1.022292865893797281e-02 1.054809582338604897e-02 1.059199064056522491e-02 1.027560135657153324e-02 1.025342273661271515e-02 9.449264197393680148e-03 1.023974267595367631e-02 1.032989240129547973e-02 1.022755267154179699e-02 1.026439580710980862e-02 1.030826140474404989e-02 1.023133609483657495e-02 1.036792625940536824e-02 1.030243946598666596e-02 1.045023278784226739e-02 1.079691451804589385e-02 1.025864894964716688e-02 1.036029451168720035e-02 1.021903650035705345e-02 1.038918661306434225e-02 1.071954267412373284e-02 1.030154136322988974e-02 1.041576615532769333e-02 1.026935392657721269e-02 1.040655460419494076e-02 1.027086592973721138e-02 1.046526708400591713e-02 1.033124565032792104e-02 1.049584680269595449e-02 1.037323148904528702e-02 1.014630890281399342e-02 1.034668411385220206e-02 1.025534334332181031e-02 1.036604642162775036e-02 1.057400981861354207e-02 1.045466906910454304e-02 1.061415824397425427e-02 1.045136945444433661e-02 1.058488684191151961e-02 1.057553169154228784e-02 1.072105003187605841e-02 1.083966234215989408e-02 1.038812353666260062e-02 1.012254433730687235e-02 1.027707722150114633e-02 1.028326292371567301e-02 1.043925391464104249e-02 1.040972971249891181e-02 1.020159397268602386e-02 1.024565740070408452e-02 1.031871624181028568e-02 1.011310414250218143e-02 1.024403719298574468e-02 1.039764643491791762e-02 1.030636673124589106e-02 1.031190133961098175e-02 1.017565132978534917e-02 1.035279181207161142e-02 1.033622508834611611e-02 1.056094926562008152e-02 1.027310993688606081e-02 1.026500125723553251e-02 1.035523982748325598e-02 9.934434649182234678e-03 1.083051078192712006e-02 1.057536524171840547e-02 1.021859187153408184e-02 1.036082726893675608e-02 1.029579792937969189e-02 1.055888628810827679e-02 1.022179647067437622e-02 1.021725455074670372e-02 1.033206481310353780e-02 1.019483977726277739e-02 1.023404784854476876e-02 1.047230975659007440e-02 1.013118684347536803e-02 1.025430601220045368e-02 1.048586294045250090e-02 1.033556477156693035e-02 1.048658790270081027e-02 1.046846261403068523e-02 1.013889596057070304e-02 1.053633544175574394e-02 9.777899594771219741e-03 1.035034603486666843e-02 1.018574443607562705e-02 1.055430290761343037e-02 1.032361694896628476e-02 1.030097319568037614e-02 1.032449617568419534e-02 1.032388069464237369e-02 9.659402678580708210e-03 1.063626543503417600e-02 1.052350047481063165e-02 9.609777000959234330e-03 1.045994443896591450e-02 1.029470727183976614e-02 1.059850998889159263e-02 1.064846508503744169e-02 1.042773658516304124e-02 1.074808597925701326e-02 1.026943709175766849e-02 9.872157603105244025e-03 1.045611331337594103e-02 1.040040891560081032e-02
1.019510889790846073e-02 1.031628345845172004e-02 9.726780645608322853e-03 1.033303964508045479e-02 1.053856271081948792e-02 1.028183294652382229e-02 0.000000000000000000e+00 1.023524913769727554e-02 1.038547061598672598e-02 9.715533629051890593e-03 1.072093257476303303e-02 1.034477684586574027e-02 1.036129582216930960e-02 1.047801197549582709e-02 1.032853013850826632e-02 1.042921114216866126e-02 1.047956638313182406e-02 1.023630852350860231e-02 1.034747164987392248e-02 1.043121375495056728e-02 1.053262259126733213e-02 1.049215151696825804e-02 1.034796628857520551e-02 1.032595450543914717e-02 1.060193418113505870e-02 1.040760339886207843e-02 1.042084958855553183e-02 1.022779757836130010e-02 1.040221432268984350e-02 1.031506371116912464e-02 1.014159022166425013e-02 1.030417414250419349e-02 1.038072884320127495e-02 1.033297376542212376e-02 1.032014743120450093e-02 1.024472880551941315e-02 1.055689406317335786e-02 1.074444751440461164e-02 1.033372471597030808e-02 1.037110166831868921e-02 1.037592735866253724e-02 1.024777964479305775e-02 1.061251823599334253e-02 1.029865686922230503e-02 1.053870863495254620e-02 1.040485811070629256e-02 1.036912263094431040e-02 1.030947347773995305e-02 9.804945864090908875e-03 9.707965657055513120e-03 1.045760360171415528e-02 1.043113736461717157e-02 1.032021678564395105e-02 1.042809697677806943e-02 1.033910788525803370e-02 1.050583025309313571e-02 1.061231344170506831e-02 1.044535967295975865e-02 1.063591235803685447e-02 1.041058749923244771e-02 1.052953178216479990e-02 1.036178347632205586e-02 9.890346074166691398e-03 1.066924249733724669e-02 1.038600898986669768e-02 1.027067694031129699e-02 9.585127383064957068e-03 1.022575929126458630e-02 1.044856599082629595e-02 1.047184440223653847e-02 1.025199029215336649e-02 1.030076710174093746e-02 1.047082138103208951e-02 1.039540218878940749e-02 1.024757530653749686e-02 1.045002950456082151e-02 1.039028403918981942e-02 1.038338654569861616e-02 1.033280167685432863e-02 1.049068826822491772e-02 1.041115296588581048e-02 1.041814960851670038e-02 9.658307672088984816e-03 1.043817437110605185e-02 1.041599437428740275e-02 1.002705774936240440e-02 1.093941593527625843e-02 1.059141156136271696e-02 1.036394806865925840e-02 1.033459816321063117e-02 1.045592991528905211e-02 1.056590889205437193e-02 1.027801084831796684e-02 1.027619038493190161e-02 1.037388159116587119e-02 1.034115450044722356e-02 9.581080742552254559e-03 1.046337571800537089e-02 1.031987375969968534e-02 1.034053100763557623e-02 1.038317092992907704e-02 1.030551909245920605e-02 1.060491487632644718e-02 1.053466216328923302e-02 1.023225056433326591e-02 1.049250286255301937e-02 1.045895390656837072e-02 1.029144430761146783e-02 1.023786789816580854e-02 1.053790047725335077e-02 1.021040047530060411e-02 1.051055389165854101e-02 1.046406905851956365e-02 1.046994019124019432e-02 1.043934633326257071e-02 1.053399464829661569e-02 1.044131954095828783e-02 1.041381892289983298e-02 1.049133232400963414e-02 1.042112203316774253e-02 1.060666290355452568e-02 1.074333341302231327e-02 1.037388967253542217e-02 9.947558207362183422e-03 1.029103084464182312e-02 1.059943620918225686e-02 1.058752756611336214e-02 1.044434029941844824e-02
9.542376506363242986e-03 1.020618565786139513e-02 9.670260981119060961e-03 1.017381929370196440e-02 1.053823116540478569e-02 1.040825203839356068e-02 1.023524913769727554e-02 0.000000000000000000e+00 1.039567911698429346e-02 1.045189642845341729e-02 1.079433913591919085e-02 1.045643725025383573e-02 1.031222649235307397e-02 1.043764671534987143e-02 1.030011072407328171e-02 1.055359347859636567e-02 1.054819995197350813e-02 1.042038489286199222e-02 1.020753369231126861e-02 1.040868764679146741e-02 1.041107700188072249e-02 1.053615481810064695e-02 1.042107134860207826e-02 1.053237814156931726e-02 1.065528303886756172e-02 1.049430136697131200e-02 1.045863200002593828e-02 1.033532163014360891e-02 1.034040018013354482e-02 1.032560703050798730e-02 1.039989936738100473e-02 1.040964016748975769e-02 1.044882817913262742e-02 1.030825393351848980e-02 1.032705318891734975e-02 1.030227825002979353e-02 9.754571428245871131e-03 9.944271494158718472e-03 1.031975500480086100e-02 1.043891792484103430e-02 1.029223751956992970e-02 1.033727839663237981e-02 1.066415870220106116e-02 1.031365530897290078e-02 1.038566904685575901e-02 1.032556625559210781e-02 1.047194418412808470e-02 1.025179475813578663e-02 1.051593709958899107e-02 1.039191288240729968e-02 1.033999252003831894e-02 1.050126538194486557e-02 1.025377579850789145e-02 1.046695912285055055e-02 1.038301826532534930e-02 1.051868386934765205e-02 9.834165780889426653e-03 1.051368782241178697e-02 1.064384883366484812e-02 1.047615586514600086e-02 1.046675071720034114e-02 1.045378162951807362e-02 9.932162396327272672e-03 1.061947174116402264e-02 1.039997346548913321e-02 1.039064701915463039e-02 1.029790644150587083e-02 1.042040269863287773e-02 1.051391614206187604e-02 1.047244758899929136e-02 1.029364738981074223e-02 1.025410110659033189e-02 1.048361393193408993e-02 1.039949242024465134e-02 1.023810034563838595e-02 1.039868591421438428e-02 1.043292877514799370e-02 1.046887698738275217e-02 1.031312110070068885e-02 1.033458013789020566e-02 1.025847718181835747e-02 1.033223640321559444e-02 9.695561787292899386e-03 1.048556691284403819e-02 1.035526793403105869e-02 1.082756943526869478e-02 1.077175348521266195e-02 1.051897787429748043e-02 1.040655151408956779e-02 1.044038829185775508e-02 1.046512113422226956e-02 9.713046991809517680e-03 1.040637337678656897e-02 1.030284088447177247e-02 1.038735374153340087e-02 1.036199921058895447e-02 1.036294543753454346e-02 1.045929846033830622e-02 1.034614354223375478e-02 1.046919079454554022e-02 1.037426559440970952e-02 1.041370013834544243e-02 1.048551157164680746e-02 1.034627415265899561e-02 1.028091571747492480e-02 1.048640039867885197e-02 1.044910882018649546e-02 1.026847558617241182e-02 1.032310113860242413e-02 1.048500582063885238e-02 1.038025854829304623e-02 1.051887103284616237e-02 1.039117334968575959e-02 1.045768190613331414e-02 1.052914338665776085e-02 1.059270751383756780e-02 1.055926152537879636e-02 1.043631915522292251e-02 1.039509207395781891e-02 1.028742952448304104e-02 1.047221047296878482e-02 9.899403053475423070e-03 9.610896653837790182e-03 1.065800959153317094e-02 1.029610026175505413e-02 1.051862415128064325e-02 1.060718443043486871e-02 1.042958232800749938e-02
1.028839256245373326e-02 1.031470555233180222e-02 1.037225902485431131e-02 1.031104419732017594e-02 9.633307111814449000e-03 1.023172469307017350e-02 1.038547061598672598e-02 1.039567911698429346e-02 0.000000000000000000e+00 1.035069441236194897e-02 1.068116623255758145e-02 9.580294358253636441e-03 1.016193870414072720e-02 1.032309516378642281e-02 1.027840345094808289e-02 1.056800239796303921e-02 1.044694909201329333e-02 1.041039539388483384e-02 1.022929396236565633e-02 1.023853107229764740e-02 1.045843192203783391e-02 1.042739506163401983e-02 1.027468437175998832e-02 1.043982096643310611e-02 1.068871504593587804e-02 1.021549179474522465e-02 1.049018326210578514e-02 1.029977170924295700e-02 1.018408848751832518e-02 1.038738645189099356e-02 1.029594388236234476e-02 1.032204285896603374e-02 1.022929901398406984e-02 1.008612889955936252e-02 1.035540507480490688e-02 1.030170824617611218e-02 1.056518019679248029e-02 1.065513517141210113e-02 1.024314153012233046e-02 1.038564065043268321e-02 1.029964100646648881e-02 1.028112006688555041e-02 1.071424049743719721e-02 9.518085185649957994e-03 9.758107823323959595e-03 1.033464810210695493e-02 1.027381215459347713e-02 1.027633637841924436e-02 1.066478964806561076e-02 1.043017488825282064e-02 1.050181526228987847e-02 1.032516836694164289e-02 1.023840410729289462e-02 1.042089584427061122e-02 1.027624445337493517e-02 1.030041774184917158e-02 1.054297404015283601e-02 1.057451678712812565e-02 1.059720241484847676e-02 1.044582751743268478e-02 1.050021840836910629e-02 1.056199856166289454e-02 1.065599023968774248e-02 1.002786724125837026e-02 1.032137240107414838e-02 1.032276508697057421e-02 1.026630683494884899e-02 1.026817745355198229e-02 1.040197845237331165e-02 1.045832071466429834e-02 1.024839029927048298e-02 1.032379912264035429e-02 1.032997400227627857e-02 1.034657905675596609e-02 1.013152156456960558e-02 1.041799018116315069e-02 1.028230643668559541e-02 1.042793548348550613e-02 1.026150580872702174e-02 1.043367556859222008e-02 1.038792059043763989e-02 1.062243093512648187e-02 1.036785318381699961e-02 1.039198900108118280e-02 1.027285392617726528e-02 1.083757335316524496e-02 1.074348675222220814e-02 1.059241238457609563e-02 1.021245921494483809e-02 1.049760250046445111e-02 1.015207007352749921e-02 1.049428702066158674e-02 1.028467621181195987e-02 1.022219592324271308e-02 1.042333907980888194e-02 1.027298053557394557e-02 1.023250714164789660e-02 1.053086730979523045e-02 1.013488492706592081e-02 1.019113816183531314e-02 1.045590727182070696e-02 1.032699979326013803e-02 1.047690876575850180e-02 1.043627265358330544e-02 1.005713529500519218e-02 1.063641536066700123e-02 1.050584898083343870e-02 1.035160590152330549e-02 1.013848263417265090e-02 1.039957303548148457e-02 1.028743009897290818e-02 1.027652809042015059e-02 1.027984767325577573e-02 1.049586032352732047e-02 1.048619831689774802e-02 1.060883553909592984e-02 1.054946285399496926e-02 9.558237729972281216e-03 1.044958742851092789e-02 1.031917162493682129e-02 9.758557946590772081e-03 1.071238386631889576e-02 1.044411428772991889e-02 1.064989919397263049e-02 1.030289853241579852e-02 1.049433289017782760e-02 9.763982003804232146e-03 1.042898067848056776e-02
1.030626556778575439e-02 9.660869501231116388e-03 1.049592100288758260e-02 1.045050211730887656e-02 1.057795475244968468e-02 1.034673055967735324e-02 9.715533629051890593e-03 1.045189642845341729e-02 1.035069441236194897e-02 0.000000000000000000e+00 1.074229480169284351e-02 9.613706284320544179e-03 1.040281462074224561e-02 1.052884354101166729e-02 1.036620441934310057e-02 1.056695186936844159e-02 1.044177444446276956e-02 9.757240045868018075e-03 1.028132001601215866e-02 1.045714221635563566e-02 1.063520288242709652e-02 1.045938156392301269e-02 9.713667063430133156e-03 1.049626037095449313e-02 1.064141125688336173e-02 1.045794663393967427e-02 1.048369656215851486e-02 1.040315699115901965e-02 1.024148617096025046e-02 1.038102673330255216e-02 1.038165541206675056e-02 1.039382314840552220e-02 1.021673680782384484e-02 1.038558558267023771e-02 1.044631625104222583e-02 1.041370537396469655e-02 1.064529435535258896e-02 1.079212218515258545e-02 1.031418703268896682e-02 1.032542428209475872e-02 1.044668972012158074e-02 1.043413418464962140e-02 1.060134363328907835e-02 1.036048210560196886e-02 1.050763622510956889e-02 1.046644405806563920e-02 9.661489292750952487e-03 1.041565981835789780e-02 1.059646665418984002e-02 1.038283107114201277e-02 1.058579160149973261e-02 1.036926540033824250e-02 1.028031414640714035e-02 1.052960532670988054e-02 1.039354241372687955e-02 1.045301829979697686e-02 1.055974803392796882e-02 1.050281776675793428e-02 1.065271439523718909e-02 9.702296084563587913e-03 1.068781310988225867e-02 1.055776247728645346e-02 1.064815866580448057e-02 1.084349053449250484e-02 1.036088572406314474e-02 1.043138942572220153e-02 1.032119676072681784e-02 9.570584317877049371e-03 1.052264107817327612e-02 1.064061603159259517e-02 1.037597721506656849e-02 1.040333439113641512e-02 1.051486927386284694e-02 1.047307520214556947e-02 1.034740644528571625e-02 1.040211322265465269e-02 1.042143467437218682e-02 1.056357549693127430e-02 1.037227285691657078e-02 1.043723492947673699e-02 1.038839892263664251e-02 9.874175370671547936e-03 1.034720419150376297e-02 1.037297873712643946e-02 1.038445863634942200e-02 1.080676805361787535e-02 1.101143943354180275e-02 1.070520542428455776e-02 1.033250499311382138e-02 1.054633590212494462e-02 1.040172182119973587e-02 1.057887967033542195e-02 1.025724338766566095e-02 1.038154187960407988e-02 1.048026018095616838e-02 1.028650670701036773e-02 1.030704058950050565e-02 1.062639265486996047e-02 1.034592116645611376e-02 1.036468166012057164e-02 1.060324350340565054e-02 1.030257924023753741e-02 9.827640801237245288e-03 1.051484156921359166e-02 1.026540423176600103e-02 1.068261051882075235e-02 1.035861003511777748e-02 1.034638938661948740e-02 1.036118940955215416e-02 1.052871902161254918e-02 1.035891565601626194e-02 1.049586250597325972e-02 1.043105957505402817e-02 1.060446408065145868e-02 1.056011271553853118e-02 9.822091764764296837e-03 1.053594666546477099e-02 1.036472530032390635e-02 1.048106471052582395e-02 1.028911487657199232e-02 1.069326276746605971e-02 1.053995801407778612e-02 1.048074326288893354e-02 1.056635332783352824e-02 1.032805547484178833e-02 1.068499187201531024e-02 1.053340282866045523e-02 1.037317408929672342e-02
1.069686498078634314e-02 1.000851699092014484e-02 1.060614909423262218e-02 1.076581333398789024e-02 1.007767992655523963e-02 1.075042451514941072e-02 1.072093257476303303e-02 1.079433913591919085e-02 1.068116623255758145e-02 1.074229480169284351e-02 0.000000000000000000e+00 1.013674615308636506e-02 1.074865833256660567e-02 1.085881015925732260e-02 1.001796933015876127e-02 9.711780356617164336e-03 1.065123158948501347e-02 1.071392535096890933e-02 1.082620206717802361e-02 9.895415383433699141e-03 1.080188925853639743e-02 1.075405779395085040e-02 1.084874538250979285e-02 1.069777218036888078e-02 1.064842138499027396e-02 1.074605788147200980e-02 1.010673481423586713e-02 1.076862073015252483e-02 1.079003082223482443e-02 1.077274981945624405e-02 1.064969254219596401e-02 1.075235147140204267e-02 1.082537395869360292e-02 1.075527701696043018e-02 1.060273454329400435e-02 1.063392212694400270e-02 1.085724209912025499e-02 1.067267586431856416e-02 1.082287600380547540e-02 1.079923553311408491e-02 1.066428441597578117e-02 9.871556635854166276e-03 1.086951151808720518e-02 1.072558002776611771e-02 1.074783298401931625e-02 1.086736093267486221e-02 1.068063516274374118e-02 1.078507830916627420e-02 1.074600731532559389e-02 1.072772609054226459e-02 9.845876897110092743e-03 1.084871138266481697e-02 1.075603645994905808e-02 1.072055818363121769e-02 1.069420234942610945e-02 1.076203804782250098e-02 1.072274470433288648e-02 1.080675553852880610e-02 1.065610097854401660e-02 1.084517907991781188e-02 1.071108957489282955e-02 9.845184676984078051e-03 1.085254537148687068e-02 1.067921365891174625e-02 1.064565898995711336e-02 1.069122652023642844e-02 1.074590557178968508e-02 1.076332888102042064e-02 1.075416651620979443e-02 1.087149259216948355e-02 1.084440811315756821e-02 1.070053100549017179e-02 1.077628713169848963e-02 1.059483520868179443e-02 1.073084811673536039e-02 1.077390201509663588e-02 1.068774812736583008e-02 9.964015390300319519e-03 1.074821031222922794e-02 1.069355032447814359e-02 1.078265430440403586e-02 1.082983870199782060e-02 1.082045204638056035e-02 1.077631876303423650e-02 1.079408115667969056e-02 1.078007902054210071e-02 1.010001893094186406e-02 1.077173145479589332e-02 1.068753638221591092e-02 1.062393095471416034e-02 1.067673731031008010e-02 1.068395715097700260e-02 1.067842498050871128e-02 1.084312393409607791e-02 1.071344262204534763e-02 1.064847064575606163e-02 1.080516757023581784e-02 1.053250062129974622e-02 1.076729207806570096e-02 1.079549144552054488e-02 1.083025628029976942e-02 1.004116975593692500e-02 1.083672538619525998e-02 1.083566376308783309e-02 1.074028088684293378e-02 1.063600701367203687e-02 1.083445340022118342e-02 1.071864172941408913e-02 1.082941423609793882e-02 9.887667066517776687e-03 1.067260824324070025e-02 1.072450809902750386e-02 1.080216711756640594e-02 1.079013401149861787e-02 1.008189806593208331e-02 1.072635152400918529e-02 1.002915847688987463e-02 1.075146438579392162e-02 1.071823087375110665e-02 1.086024117896739263e-02 1.066162634790581744e-02 1.094034911684832120e-02 1.081019198855576527e-02 9.856825544343507384e-03 1.084420817962576666e-02 1.062461627402002187e-02 1.085252925218859257e-02 1.070755722844873338e-02
1.039089593646261300e-02 1.022598638148944188e-02 1.050975854935628714e-02 1.035948491553785773e-02 1.041562151573996627e-02 1.032251806678709943e-02 1.034477684586574027e-02 1.045643725025383573e-02 9.580294358253636441e-03 9.613706284320544179e-03 1.013674615308636506e-02 0.000000000000000000e+00 1.032000501738264582e-02 1.049563985126812996e-02 1.023073625967976970e-02 1.053023346823391167e-02 9.795277457679526026e-03 1.038199773861021684e-02 1.019893132579826472e-02 1.035608705149864556e-02 1.059171495853320627e-02 1.048778467657036570e-02 1.026307661844439584e-02 1.039227278633849359e-02 1.072383267165544218e-02 1.044701650355628515e-02 1.041472684119918238e-02 1.035225607317720106e-02 1.025360283335053149e-02 1.046517260844283086e-02 1.023674189118852114e-02 1.033563089133812500e-02 9.421681723671707087e-03 1.028837767091775671e-02 1.044134469426513147e-02 1.035503769373920593e-02 1.066620629054306976e-02 1.076719447894342561e-02 1.023890347913776130e-02 1.031975014179982268e-02 1.036829753219973421e-02 1.035885435782345036e-02 1.057670775047386824e-02 1.031107293006257482e-02 1.048130688874588171e-02 1.039248314633654108e-02 1.031578169652077291e-02 1.035596133503041347e-02 1.074171965911010010e-02 1.045598312386446412e-02 1.049938250307588458e-02 1.044517420485100052e-02 1.025489266012404380e-02 1.054471014618926956e-02 1.028825997639263266e-02 1.047916233007447490e-02 1.056987928836338776e-02 1.060931358525069035e-02 1.050987815924694924e-02 1.037878358881526991e-02 1.064199595118898826e-02 1.053734267503249507e-02 1.070028934535432671e-02 1.078520816062767014e-02 9.629141895721882866e-03 1.037867127577133709e-02 1.029771435152134623e-02 1.007377563466583734e-02 1.056795329786508475e-02 1.063457501193082466e-02 1.027679652213989332e-02 1.034288458419643092e-02 1.046282538792899300e-02 1.038954381526332148e-02 1.015594892383952369e-02 1.031425720440038406e-02 1.025997821287441547e-02 1.050527131087276855e-02 1.023774986881212552e-02 1.040844520053225974e-02 1.044319552609032122e-02 1.061053555947599758e-02 1.034199427261034074e-02 1.044807177011640095e-02 1.030511090933543782e-02 1.080562377949150464e-02 1.085572516745032627e-02 1.056310064119569264e-02 1.022414271253955544e-02 1.050323730797444489e-02 1.045835405263684757e-02 1.059567289515310484e-02 1.030435775398998687e-02 1.027293006959375567e-02 1.039304506161316775e-02 1.030081252139605774e-02 1.019547113775400547e-02 1.062909625615587883e-02 1.023452953966824848e-02 9.548402248777551615e-03 1.056769865353398771e-02 1.028699889385218877e-02 9.830365638503275189e-03 1.054919284846780880e-02 9.468534846934930846e-03 1.064775037363356255e-02 1.049814149165300727e-02 1.033099434821817784e-02 1.027983595709603196e-02 1.042111060981220846e-02 1.031998753135203277e-02 1.049395847407533222e-02 1.044632919459164561e-02 1.057586327141574536e-02 1.047243929098709558e-02 1.055927414438545368e-02 1.049044057193484689e-02 1.009864697860197828e-02 1.052564899074284223e-02 1.031853708831848536e-02 1.059628054180861492e-02 1.068503511639490658e-02 1.051543520795763034e-02 1.066516510054587794e-02 1.031572700458010909e-02 1.069709139180127951e-02 1.043179927736241110e-02 1.040159944132613631e-02
