0.000000000000000000e+00 9.133343688824797912e-03 8.815448738495207728e-03 9.203892489154671605e-03 9.356669626293674658e-03 9.015340144951249080e-03 8.652378258346183487e-03 8.721022819593858208e-03 8.477781823408692130e-03 8.699993309264249242e-03 9.113226127068017879e-03 9.307998995520908384e-03 9.241389050595212942e-03 8.971313746660559627e-03 8.840181849241407139e-03 8.656105690500669539e-03 9.148143920029189191e-03 8.872801149244990970e-03 9.517215122842506009e-03 8.563044892786142448e-03 9.345252930428428820e-03 9.047027313619960751e-03 9.493759713269923212e-03 9.168104958933335352e-03 9.184344123273879487e-03 9.399783828531968824e-03 9.200241439040461600e-03 8.711328340494400857e-03 9.108529513898625668e-03 9.384339721301447612e-03 8.766289226039931590e-03 9.178899068676252965e-03 1.030631895233689865e-02 1.109846733004348288e-02 1.072206311446208260e-02 1.096564647297756066e-02 1.083108706292074640e-02 1.136387637697197119e-02 1.081035556309898650e-02 1.078127711535818538e-02 1.078496860723935843e-02 1.077323371703443194e-02 1.089472496965227834e-02 1.065584378879613076e-02 1.088658415104722284e-02 1.077335240116721049e-02 1.038617317643408984e-02 1.127325925547191000e-02 1.013946553608653482e-02 1.079021219866383753e-02 1.081137132675048795e-02 1.032824826924798496e-02 1.038388802362837614e-02 1.091806927143872293e-02 1.063748658802728814e-02 1.083140246068157488e-02 9.864314848517323139e-03 1.072339326858758567e-02 1.025928262615229819e-02 9.897481756174202755e-03 1.097260489720530176e-02 1.090923337454861169e-02 1.067372926207356409e-02 1.006099488598806088e-02 1.292685728114733104e-02 1.262655373845585419e-02 1.311123507770075268e-02 1.248377006802716196e-02 1.293258184108488952e-02 1.307072015557564706e-02 1.287478580877174372e-02 1.300349422062303285e-02 1.275629674398079914e-02 1.288118378479074892e-02 1.290710483520380453e-02 1.288526248734132677e-02 1.272486308398563040e-02 1.296062575646712151e-02 1.298803509034306136e-02 1.271863780917404686e-02 1.267469817463234491e-02 1.290533514777275625e-02 1.267788405602520742e-02 1.242116637017347779e-02 1.287392051102611602e-02 1.293856507384919668e-02 1.282176245952340414e-02 1.287767855125600443e-02 1.295132989578700114e-02 1.296456989973411578e-02 1.293932497024875665e-02 1.304665207200375945e-02 1.277196757224533658e-02 1.289600407350639973e-02 1.289848264288607702e-02 1.305374298601158500e-02 1.290353526977931070e-02 1.254872033826357446e-02 1.283942604381562227e-02 1.298758651740545243e-02 1.288586347786545468e-02 1.200981836083527161e-02 1.299807384689432438e-02 1.270846951347708031e-02 1.289309401219847218e-02 1.292120571912955609e-02 1.252001447920737288e-02 1.259260802145223922e-02 1.293844134277554597e-02 1.292396833090609688e-02 1.289796498141114987e-02 1.273586642703843606e-02 1.266757777706820250e-02 1.293099171828273816e-02 1.281663253123381530e-02 1.263822032417069238e-02 1.291719053907928495e-02 1.296321074529537855e-02 1.275501726446576917e-02 1.298023926659497458e-02 1.300768861259654630e-02 1.267080019751920701e-02 1.260493215487488473e-02 1.281988611644571154e-02 1.266010784374974052e-02 1.303183066053281193e-02 1.262789673573399760e-02 1.283887961507257196e-02
9.133343688824797912e-03 0.000000000000000000e+00 9.334230778095484529e-03 9.313998236784332141e-03 9.125222524739453819e-03 9.639480975095593429e-03 9.451222468904684620e-03 9.212374835507412124e-03 9.127942593130006915e-03 9.636292264603090602e-03 9.341567358409035363e-03 9.665999925601145848e-03 9.660016352324244868e-03 9.202472538431649696e-03 9.460746407722861462e-03 9.293159523113063772e-03 9.139756161206864446e-03 9.633104386355317503e-03 9.919467301446797600e-03 9.575127632473872871e-03 9.171287086018680215e-03 9.188208342997820910e-03 9.245601882218429379e-03 9.285360497008565694e-03 9.581552054596074314e-03 9.664324746621879084e-03 9.372914289832815285e-03 9.632372667772776467e-03 9.074975366505998176e-03 9.854444860575125448e-03 9.283614448410025186e-03 9.733376208333073196e-03 1.052837455148137799e-02 1.119226913682326748e-02 1.077350384470696955e-02 1.091743516157972146e-02 1.084586338776415138e-02 1.108771587729777928e-02 1.069273972329220015e-02 1.078590736750935537e-02 1.084528439017900560e-02 1.063189660653552499e-02 1.097743932518300408e-02 1.061048014991500948e-02 1.089873196791670343e-02 1.084059470557536577e-02 1.046829948007948694e-02 1.113993323194608677e-02 1.067184398336717618e-02 1.096249345413112530e-02 1.099200808891301860e-02 1.057806469822295675e-02 1.057264356601703668e-02 1.085468193538908013e-02 1.065696627486213688e-02 1.078215057044060871e-02 1.055451169072592343e-02 1.068203942724160402e-02 1.066841517581103467e-02 1.045138054886477971e-02 1.072596496608614093e-02 1.101900853868233339e-02 1.079377398262752231e-02 1.033453910600437738e-02 1.229323946525008593e-02 1.173944662425137689e-02 1.250112370640024152e-02 1.188782848594866631e-02 1.238687091008926905e-02 1.248862574039050731e-02 1.232239468561442501e-02 1.243039371821831954e-02 1.218076388904911454e-02 1.227434030285108439e-02 1.232460294684641772e-02 1.229224017473038062e-02 1.212436299901909799e-02 1.237936127789724707e-02 1.236044845312167864e-02 1.213855152643303868e-02 1.212478450658194609e-02 1.233318942247294686e-02 1.211798388877669864e-02 1.217293181823552763e-02 1.228918819081669875e-02 1.234241394821877259e-02 1.189601991467790186e-02 1.194085607112645858e-02 1.234309307112657628e-02 1.238491713192924927e-02 1.235172165540469706e-02 1.244306002521440059e-02 1.219969517340974662e-02 1.231502016817067474e-02 1.230726712678998150e-02 1.247306979645911897e-02 1.234775800952867160e-02 1.202283222489359919e-02 1.227365814141022880e-02 1.245164680025479323e-02 1.233258514686488838e-02 1.183236327360331734e-02 1.246997987950647716e-02 1.221128188468512815e-02 1.241601296429137302e-02 1.237394189641716213e-02 1.159058088757213001e-02 1.207864596987335420e-02 1.242109383693847449e-02 1.238876774521523692e-02 1.237008821532203755e-02 1.223333872969294654e-02 1.214707368277093136e-02 1.246002769957670585e-02 1.230443180907300239e-02 1.215245857756100216e-02 1.236360187531559615e-02 1.244174847571875332e-02 1.223309457470168893e-02 1.247377154709757019e-02 1.250364240515117013e-02 1.215881586585558505e-02 1.207576031638711925e-02 1.231910544777978234e-02 1.176275871024397637e-02 1.249912777353258050e-02 1.208902054372653322e-02 1.234552163310538055e-02
8.815448738495207728e-03 9.334230778095484529e-03 0.000000000000000000e+00 8.931289644607062414e-03 9.512277725456368127e-03 9.059378296308193135e-03 9.375087056262335766e-03 8.770698532922253585e-03 8.908158776421511507e-03 8.865599754807072796e-03 8.988748641450820809e-03 9.001422062443146382e-03 9.824673699866937754e-03 9.496162640997634144e-03 9.448924762312687839e-03 9.285392430215391041e-03 8.888278252986608549e-03 8.832403919564310937e-03 9.532048380129838627e-03 8.885986758973233451e-03 9.461317408932431658e-03 9.161220078601053918e-03 9.481519154876530756e-03 9.614086405332384830e-03 8.858284070572047461e-03 9.445092688685929883e-03 9.161713200250123923e-03 8.884246119696568786e-03 9.483130397436138892e-03 9.451401747158564084e-03 8.879240290024568646e-03 9.132545219549604784e-03 1.057240506903205438e-02 1.124837174205074210e-02 1.050352782061952928e-02 1.105881145117265998e-02 1.058742319333783911e-02 1.145118433501950313e-02 1.107569952848217257e-02 1.100541897768027820e-02 1.096538171102623589e-02 1.102685235447578745e-02 1.105860064853832030e-02 1.073468497891734950e-02 1.106447135051795254e-02 1.094373348629009562e-02 1.059241426085358491e-02 1.132820951217227042e-02 1.069794083218928056e-02 1.103127043297518622e-02 1.101916967054177195e-02 1.078084925905726382e-02 1.052691644967704981e-02 1.107133802024988338e-02 1.077019586735026777e-02 1.096443806813579037e-02 1.051807478587309976e-02 1.086872717370527749e-02 1.036076197346013847e-02 1.040996007854051893e-02 1.112551077708737526e-02 1.106590249729451705e-02 1.086174241459537601e-02 9.913219093830666351e-03 1.316663118780737017e-02 1.286004141553528761e-02 1.336495311953763213e-02 1.267824992121333212e-02 1.323219271822188500e-02 1.333148759096035828e-02 1.311342650530791278e-02 1.324551802623433541e-02 1.297228503189292760e-02 1.309894393922630441e-02 1.307107046279309612e-02 1.313309397245508887e-02 1.297085038107117713e-02 1.322525257390860277e-02 1.320450176099446579e-02 1.297935974498081423e-02 1.295139071856502358e-02 1.316904674205709135e-02 1.294962869614457029e-02 1.298050425685159416e-02 1.311646038255381320e-02 1.322112092212269184e-02 1.303486316183027384e-02 1.307777345584708144e-02 1.319105217143873993e-02 1.318161166174579985e-02 1.320638284304456560e-02 1.327334600015296455e-02 1.305152322072298914e-02 1.309731293306618666e-02 1.312759072953901575e-02 1.330854709137224874e-02 1.314454783914433683e-02 1.280418833464475742e-02 1.311938321528367465e-02 1.325740684005445071e-02 1.311978575416047031e-02 1.260620314599871818e-02 1.322388562026881147e-02 1.297481506717817167e-02 1.321545351765619596e-02 1.317702484687660949e-02 1.274075531874184486e-02 1.283234241922756418e-02 1.321886069792885601e-02 1.310017743781501792e-02 1.314306663960335651e-02 1.296164031881087177e-02 1.290729817826243540e-02 1.325501124185701762e-02 1.309823537773478416e-02 1.292120847633110303e-02 1.313794714502432986e-02 1.323899150967863467e-02 1.303650785105691864e-02 1.324476987864897475e-02 1.331632823798023328e-02 1.294572725150869991e-02 1.281485477981941790e-02 1.307870952083750593e-02 1.289202394324335046e-02 1.327320748153511601e-02 1.285068155407087520e-02 1.310468987675603852e-02
9.203892489154671605e-03 9.313998236784332141e-03 8.931289644607062414e-03 0.000000000000000000e+00 8.963072460342350056e-03 9.193390859372617407e-03 8.953003835530914598e-03 8.842208498691422197e-03 8.735945167928717975e-03 8.579226149769874146e-03 9.053319454035795716e-03 9.033088234169409439e-03 9.326016256950739672e-03 9.513769211699845199e-03 8.898575442699686519e-03 8.664802652724883786e-03 8.663868746653782121e-03 8.926964219753721202e-03 9.866260166255197070e-03 8.621269422816322733e-03 8.850335064725250306e-03 9.417092489238667111e-03 9.038177326095145347e-03 9.228812080345677460e-03 8.845557103277177161e-03 8.938555632748564420e-03 9.565090342278564917e-03 8.632634445527125749e-03 9.036202822581978350e-03 9.835545890686279297e-03 9.062855430187755079e-03 9.160637705028930322e-03 1.084304264775183893e-02 1.157825245589513830e-02 1.118168049433337745e-02 1.139070200121991387e-02 1.126335140584933114e-02 1.172473509848380273e-02 1.134003463439425992e-02 1.128078777067818839e-02 1.121709519921075537e-02 1.129602724857696298e-02 1.135702184286523954e-02 1.072308871836372829e-02 1.137467867646022382e-02 1.127960197897923122e-02 1.084243816155478282e-02 1.161397261072452669e-02 1.100544077657454253e-02 1.127242304617190327e-02 1.131573163125791127e-02 1.108597972108180639e-02 1.082438035934943019e-02 1.140071240750249217e-02 1.104873314919203875e-02 1.124663925439185926e-02 1.075315144853229189e-02 1.109802985267477685e-02 1.104118254276384957e-02 1.070568621419708266e-02 1.145310886071213528e-02 1.138450743688808504e-02 1.111249926731329093e-02 1.050785065624560213e-02 1.323692474440194000e-02 1.292335249638071164e-02 1.342132309426341714e-02 1.278735930098967577e-02 1.326892232737102335e-02 1.339461654820108677e-02 1.316429485285706621e-02 1.331292103565362601e-02 1.304732891036168574e-02 1.317467025991023860e-02 1.316308882100385158e-02 1.320709418374550748e-02 1.303498113300790261e-02 1.330448212466173001e-02 1.327739119055538347e-02 1.303624038327211472e-02 1.301739780455044536e-02 1.323463632545714141e-02 1.301619522285694247e-02 1.306115405968541129e-02 1.319143032050809280e-02 1.325486913619526065e-02 1.310233495963147692e-02 1.315067973228139717e-02 1.326354057789517517e-02 1.325893268168858684e-02 1.324592456805172118e-02 1.333982515442687714e-02 1.309851852681189442e-02 1.317711623235071593e-02 1.319981040896945138e-02 1.337088076872424737e-02 1.321244236705510292e-02 1.281740768251607085e-02 1.317324207564470571e-02 1.330646816295804127e-02 1.318721254680869578e-02 1.264328461488619867e-02 1.328513759449365811e-02 1.304276011340225333e-02 1.323895997256335950e-02 1.323307085314959740e-02 1.278809340250406518e-02 1.291983474599110379e-02 1.327072450418817669e-02 1.317873800481037840e-02 1.320683535117217304e-02 1.304681692473964004e-02 1.295234968737368070e-02 1.330157809699378593e-02 1.313589515793095464e-02 1.296656491723536565e-02 1.320710035607083367e-02 1.329071682903840493e-02 1.310139381431409469e-02 1.330363290442095406e-02 1.336097385804505162e-02 1.298269230490176583e-02 1.291838513785737060e-02 1.314644915025765283e-02 1.292537596751210105e-02 1.332979684727028831e-02 1.290053527463608241e-02 1.316984359882555737e-02
9.356669626293674658e-03 9.125222524739453819e-03 9.512277725456368127e-03 8.963072460342350056e-03 0.000000000000000000e+00 9.556716069356733720e-03 9.258841384687252832e-03 9.392461474624242204e-03 9.337198271267195884e-03 8.977604925479882106e-03 9.591656072632664259e-03 9.451677078348211941e-03 9.088903187982723744e-03 9.047485977204273305e-03 8.825542144596900881e-03 8.941039681551174456e-03 8.913633368301794244e-03 9.038937038882794914e-03 9.439383535808599721e-03 8.950434695489745823e-03 8.902006419681163588e-03 9.028153049491711643e-03 9.477044427401050755e-03 9.567628512222512566e-03 8.942670349988822431e-03 9.008099054609086664e-03 9.504171458490903723e-03 9.074713655895525269e-03 8.934671836827279279e-03 9.819396259519495504e-03 8.938388779626301253e-03 9.173058894752532041e-03 1.063696384242647681e-02 1.131229888853031544e-02 1.094561476445830329e-02 1.107707135317619919e-02 1.096258458827531999e-02 1.134618421439132982e-02 1.111671375939006154e-02 1.098521192251789881e-02 1.063126112472638843e-02 1.104876098230826373e-02 1.105846033992781592e-02 1.040575574106538358e-02 1.106609438951680277e-02 1.095372579272213542e-02 1.052491995336587993e-02 1.126238252368789126e-02 1.080026541265443306e-02 1.107904013470774850e-02 1.109946676245128147e-02 1.079238951449480559e-02 1.032228770632131684e-02 1.104222187559494688e-02 1.078462952388933860e-02 1.090136014294368523e-02 1.061537096380363136e-02 1.085332609703430241e-02 1.083217705965671025e-02 1.053830451826880295e-02 1.117778028955137594e-02 1.113464686149948264e-02 1.085924909318592042e-02 1.044825679786525255e-02 1.281083009082146715e-02 1.250456046910904812e-02 1.299658644294807847e-02 1.237627557961426712e-02 1.286393214517083695e-02 1.296815944941307613e-02 1.273827164333975366e-02 1.287895955574877051e-02 1.266275309245940700e-02 1.274061887455003005e-02 1.272390336359609415e-02 1.278277604057580924e-02 1.262115532707589090e-02 1.287898738619874112e-02 1.286067482212067785e-02 1.261300172464145317e-02 1.257077912020402102e-02 1.280408598823568229e-02 1.260945297853449144e-02 1.262731042991662930e-02 1.277705088559391057e-02 1.253256990805802669e-02 1.267824504103131321e-02 1.272563832389521712e-02 1.283140597869675444e-02 1.284214312223250394e-02 1.284249677910271649e-02 1.290998932793390765e-02 1.268770029278331463e-02 1.273575179162617609e-02 1.278026573887077258e-02 1.294747997025570349e-02 1.278538465427790823e-02 1.240270681039742050e-02 1.271526789455012380e-02 1.288609330159470705e-02 1.274240961753275031e-02 1.221305734610404932e-02 1.284715054042967486e-02 1.259604366224723743e-02 1.280193722542854323e-02 1.278993189492807526e-02 1.237087223194544873e-02 1.247426426576603471e-02 1.284935892088119418e-02 1.271280654217914891e-02 1.275842956757152445e-02 1.262188542995726706e-02 1.217376244911093190e-02 1.286228226038369470e-02 1.272074417070982559e-02 1.252194378547069782e-02 1.278131371907828551e-02 1.285081833656161361e-02 1.265663252344784509e-02 1.286699329699187572e-02 1.292183379980355734e-02 1.257082764646581981e-02 1.248840166133991653e-02 1.270196327934034614e-02 1.251334506417266929e-02 1.288491551029430013e-02 1.245821479530631430e-02 1.272324542028280096e-02
9.015340144951249080e-03 9.639480975095593429e-03 9.059378296308193135e-03 9.193390859372617407e-03 9.556716069356733720e-03 0.000000000000000000e+00 9.320904553033255990e-03 9.114126343923480145e-03 9.048871407152839219e-03 9.050393970176264305e-03 9.637622451165820184e-03 9.408900612849874570e-03 9.337234398588708725e-03 9.089723971303569766e-03 9.589300907071178839e-03 9.059949722774308586e-03 9.180589229311636804e-03 9.480518789603502652e-03 9.959093239857127675e-03 9.531914087210916278e-03 9.205337057420340252e-03 9.228068925329759725e-03 9.167516896325897738e-03 9.812789127327341959e-03 9.472032852664678468e-03 9.505676537039899759e-03 9.284956922560533635e-03 9.106609154303042450e-03 9.059370137906625972e-03 9.667648019875610746e-03 9.597831648136226357e-03 9.651825174273834240e-03 1.037504512894026412e-02 1.096050966387705425e-02 1.056145553269255064e-02 1.073112112209476977e-02 1.066032388909186022e-02 1.109795138482481784e-02 1.078884288918407520e-02 1.033583411754763863e-02 1.066203139359198082e-02 1.074957046435615071e-02 1.075789288715021073e-02 1.046872375608973692e-02 1.077822921647311402e-02 1.067283073001438522e-02 1.030090175718051740e-02 1.104052724728891814e-02 1.012771761516741142e-02 1.069971563953069256e-02 1.074022043763666300e-02 1.054969025727054213e-02 9.932543941043897595e-03 1.070447762104832778e-02 1.052301929482417700e-02 1.064617304216896460e-02 9.953174418751148736e-03 1.054997112670446983e-02 1.008711810043560336e-02 1.022226455946960086e-02 1.084226273792825504e-02 1.078774646092260474e-02 1.047486357359833642e-02 9.716503517051618133e-03 1.301201451314322119e-02 1.273945726770473776e-02 1.321865247070616936e-02 1.253623668737349935e-02 1.309147445036382661e-02 1.318235973057152628e-02 1.295819105361728160e-02 1.308691648414352440e-02 1.283616165356271828e-02 1.291465236689741738e-02 1.288605410697145001e-02 1.298606414706906034e-02 1.281219879576716084e-02 1.309251549745739547e-02 1.304214877341341831e-02 1.283042299771270864e-02 1.277645685174866493e-02 1.300966422917112369e-02 1.279715736200900955e-02 1.282308232649952834e-02 1.295720907897044555e-02 1.307957112708123260e-02 1.289412593477121637e-02 1.293316100340994798e-02 1.302865226975101140e-02 1.301146437870460450e-02 1.306139872186110398e-02 1.311512365330193275e-02 1.289760821161923567e-02 1.291815594274979377e-02 1.296225897777219908e-02 1.315767870585434623e-02 1.294714329129923944e-02 1.260677618343103781e-02 1.294283802083059584e-02 1.307115977334407861e-02 1.292274990996462175e-02 1.238431835413253239e-02 1.302801486962000890e-02 1.277273103088141792e-02 1.302359367136646066e-02 1.299260719385435942e-02 1.254125339016510729e-02 1.263630628154830716e-02 1.303753517429827313e-02 1.289308269256276770e-02 1.294994397046379982e-02 1.276373971924306058e-02 1.271250317962025096e-02 1.307452913308087064e-02 1.287449037636776566e-02 1.273640109103306439e-02 1.294070712885228049e-02 1.305428524053483044e-02 1.282653303962717588e-02 1.305072055720164596e-02 1.313801424101260912e-02 1.271893331065875911e-02 1.258850920572524533e-02 1.286827839690523993e-02 1.270625123819673317e-02 1.308372165964338460e-02 1.268101365027280054e-02 1.291390506167971498e-02
8.652378258346183487e-03 9.451222468904684620e-03 9.375087056262335766e-03 8.953003835530914598e-03 9.258841384687252832e-03 9.320904553033255990e-03 0.000000000000000000e+00 9.290663067452405860e-03 8.661722225660306584e-03 8.784759959944312899e-03 9.639903793532947698e-03 8.792731229777263000e-03 9.197050332413775342e-03 9.031598449943169585e-03 8.794387153036559851e-03 8.651698836292026282e-03 8.877139057563843486e-03 9.332114563816773511e-03 9.981043171921237869e-03 8.730964621929199893e-03 8.947307096466844759e-03 9.157704317029930971e-03 9.610549413658691850e-03 9.699722386393716533e-03 9.262338599622284285e-03 8.984317435424190104e-03 9.179231717687277164e-03 8.895920789299285522e-03 8.760139670525978611e-03 9.770548642306482734e-03 8.932064115835991816e-03 9.227459160465922156e-03 1.016729761194228726e-02 1.095911621214478923e-02 1.063952945062782672e-02 1.082563590710285649e-02 1.069612323881038475e-02 1.111126228820153404e-02 1.033886207930586991e-02 1.061413709742403330e-02 1.062918633155821892e-02 1.066022204001597015e-02 1.075831237649720225e-02 1.050233582684328808e-02 1.076674510748205395e-02 1.060868920867453699e-02 1.017643312323242809e-02 1.107475239462421372e-02 1.031231737446524667e-02 1.062879190189266153e-02 1.061841213800350167e-02 1.054537019548768516e-02 9.870386411497858448e-03 1.075778390819488207e-02 1.044402975668376130e-02 1.070174537290151905e-02 9.767604489367661888e-03 1.011847725925348572e-02 1.010780821919395923e-02 1.011999829423667306e-02 1.081641948827620665e-02 1.072998761531454917e-02 1.009983689924933911e-02 1.002368265733190149e-02 1.273747469218733039e-02 1.247142969703971503e-02 1.292763585632567339e-02 1.232893045708739407e-02 1.279168817791961899e-02 1.290553290285084177e-02 1.270958143132975421e-02 1.283339426179837262e-02 1.256088135446723104e-02 1.269969656561905844e-02 1.274065549454027335e-02 1.270595462288626881e-02 1.259445251039118321e-02 1.281613147657702755e-02 1.283609469029929964e-02 1.253753418983043731e-02 1.252815539307698504e-02 1.273394219288586336e-02 1.252750125115961732e-02 1.258678851449263926e-02 1.272172698269046984e-02 1.277480474115236068e-02 1.264280411258076296e-02 1.270058525808285751e-02 1.278765694253071461e-02 1.280921572584964654e-02 1.245402714621409758e-02 1.285718649827133353e-02 1.229247154566876811e-02 1.276013261565320765e-02 1.273072476779001615e-02 1.287997691123730047e-02 1.282576594597759946e-02 1.242596545450771160e-02 1.273997266453101400e-02 1.290924925410294813e-02 1.281389105871693496e-02 1.224319586952992735e-02 1.291842051451632355e-02 1.264335209584212770e-02 1.283324847911144519e-02 1.281541293034529731e-02 1.244199329542877534e-02 1.251730900171511666e-02 1.287155100572645074e-02 1.282274546103092695e-02 1.283076993362326605e-02 1.264603862904555009e-02 1.259930350037067465e-02 1.288768193897077766e-02 1.275364010064122984e-02 1.256833765645627710e-02 1.284239512682582192e-02 1.289434567894328504e-02 1.269750910019200318e-02 1.292865149109479958e-02 1.296444249314585018e-02 1.259576905907695658e-02 1.250286948122496071e-02 1.274304549212001286e-02 1.260623754181728132e-02 1.295305703076499518e-02 1.255640563510020992e-02 1.277273235208056801e-02
8.721022819593858208e-03 9.212374835507412124e-03 8.770698532922253585e-03 8.842208498691422197e-03 9.392461474624242204e-03 9.114126343923480145e-03 9.290663067452405860e-03 0.000000000000000000e+00 9.085001460913498875e-03 8.795295797308158581e-03 9.030368238048088608e-03 9.413195711040401106e-03 9.737094558134658240e-03 9.079400503960994087e-03 8.940216292635501730e-03 9.198978386858534806e-03 8.796162466534836535e-03 9.243472201843997219e-03 9.515937446914984540e-03 8.779795953404273892e-03 9.396568456066031402e-03 9.050277226465997665e-03 9.035662221317561360e-03 9.101009364058696566e-03 8.793486655414082045e-03 9.029810909258679727e-03 9.622221179367463836e-03 8.830187162519416086e-03 9.352029293547220803e-03 9.418493924265297981e-03 8.798527781945625001e-03 9.141477585063093741e-03 1.049543115050383460e-02 1.126955166994796607e-02 1.046807884540759161e-02 1.069686911693299228e-02 1.093961348750198230e-02 1.145966625419253884e-02 1.107157824153838337e-02 1.095691679228853743e-02 1.096997305089174313e-02 1.102580073804655149e-02 1.106910750265406584e-02 1.070641700970305366e-02 1.105853099131848954e-02 1.096910493764169728e-02 1.056724741280408962e-02 1.134840319117174159e-02 1.067463597558903667e-02 1.094618157242645794e-02 1.103815464217615568e-02 1.074303558153411921e-02 1.057937934604019289e-02 1.106048593385338362e-02 1.036494087926390605e-02 1.097603132145949165e-02 1.045736212296225452e-02 1.088508629868238479e-02 1.074019109877418290e-02 1.041915799928803260e-02 1.112909415216872637e-02 1.107092056531583553e-02 1.085558051298468434e-02 9.869329306887936540e-03 1.300277789172061063e-02 1.274553658600443770e-02 1.323216636173223451e-02 1.222111455007320741e-02 1.307736525302576752e-02 1.318758823254092237e-02 1.297862774777551118e-02 1.310904480294061182e-02 1.285493161337520132e-02 1.298005677242507899e-02 1.298865473217965597e-02 1.298635146525499960e-02 1.285006384485790423e-02 1.308873216229515697e-02 1.306970812008908384e-02 1.281164110059622614e-02 1.279087800647805105e-02 1.302525006566117999e-02 1.283691639240477043e-02 1.286361795917008444e-02 1.298370854314241651e-02 1.306509601183183933e-02 1.289829338235974621e-02 1.294685743329717503e-02 1.307030134583108370e-02 1.307433606078222538e-02 1.305630845903039440e-02 1.313453723354304596e-02 1.292269171581539311e-02 1.300241870847643026e-02 1.301709375188195641e-02 1.316340274343839878e-02 1.305962571528745779e-02 1.269446276053906759e-02 1.301025294231171470e-02 1.316399292657823017e-02 1.303978579147122875e-02 1.251581384805459767e-02 1.314428900408842402e-02 1.289049192528533318e-02 1.310301309364582042e-02 1.307721625627792511e-02 1.266091881227266250e-02 1.276847808687829079e-02 1.310114776646849333e-02 1.303370331325064482e-02 1.303857093422514796e-02 1.288000682030437244e-02 1.282854885951719044e-02 1.314580461880783882e-02 1.300652761819594272e-02 1.281044490943035463e-02 1.306327447412991213e-02 1.313981949889495709e-02 1.294215913621464022e-02 1.315968209344385229e-02 1.321156809620185370e-02 1.286075069507769050e-02 1.273454898029602149e-02 1.298763632510051107e-02 1.278971158043762206e-02 1.318525110836167406e-02 1.276357661746276365e-02 1.301472777101608976e-02
8.477781823408692130e-03 9.127942593130006915e-03 8.908158776421511507e-03 8.735945167928717975e-03 9.337198271267195884e-03 9.048871407152839219e-03 8.661722225660306584e-03 9.085001460913498875e-03 0.000000000000000000e+00 8.606087066867731949e-03 9.124718522340462962e-03 8.876195585490685366e-03 9.264912426892689748e-03 9.023962550574266689e-03 9.196795003200416291e-03 8.536247108288826102e-03 8.801651049113063188e-03 9.283205343014602068e-03 9.571787196695644151e-03 8.623071949815102819e-03 8.886009640690669190e-03 9.502029482599922208e-03 9.063339365304925316e-03 9.250822023406603603e-03 8.806997132256504796e-03 8.936606414547359697e-03 9.568724184482556641e-03 8.755009707668128319e-03 8.773074748355371225e-03 9.360519806183119698e-03 9.200780379233188672e-03 9.644395573216290457e-03 1.027104072032242882e-02 1.111178999706857046e-02 1.078832119925372118e-02 1.101718396078098412e-02 1.089156775862253589e-02 1.138278259228142804e-02 1.085007964894322587e-02 1.082485566294989938e-02 1.047404068948514996e-02 1.083217809282355920e-02 1.094892998017431458e-02 1.069467807789377736e-02 1.094127318412324405e-02 1.085283302766028128e-02 1.042250599389939539e-02 1.134179769050695091e-02 1.046638614494693580e-02 1.077459795053656993e-02 1.081446743708536218e-02 1.032317060807174704e-02 1.047352267432473914e-02 1.100314789504847936e-02 1.062429032720198403e-02 1.084744728984381873e-02 1.017658923271849356e-02 1.038391445542707035e-02 1.063376391930310680e-02 9.912701011455672673e-03 1.102273191961112425e-02 1.094298902701061442e-02 1.072828965734223990e-02 9.751128315972561883e-03 1.287704170064542762e-02 1.262320759943609191e-02 1.306150150165581551e-02 1.247226628238268763e-02 1.293591916256863449e-02 1.304296507877006177e-02 1.287899840543873034e-02 1.301497398589634112e-02 1.270475575123818091e-02 1.285248133589662368e-02 1.291405073534984335e-02 1.287662480490024339e-02 1.239343424165162584e-02 1.292905790440591896e-02 1.298938174655938499e-02 1.267330609091385854e-02 1.266887653413951466e-02 1.288042673558369676e-02 1.234445786184982206e-02 1.273039919647867349e-02 1.286600552219711174e-02 1.290226453749284026e-02 1.277455864270383296e-02 1.283050202562034149e-02 1.295901139877276252e-02 1.296655253895924800e-02 1.290126689368719520e-02 1.300116516065760383e-02 1.275199109057533961e-02 1.288551278507624014e-02 1.290252226808042725e-02 1.303729140152972213e-02 1.296883058787607658e-02 1.259495579423648356e-02 1.287425472522435096e-02 1.303362164331994116e-02 1.291964603423285604e-02 1.234790961973684063e-02 1.305774159722812404e-02 1.278338178716026223e-02 1.294805431192000422e-02 1.294769084086202365e-02 1.256600035688461986e-02 1.267934931765389572e-02 1.298199369905112151e-02 1.297873073016626334e-02 1.296719073210227460e-02 1.276935281287150392e-02 1.274044563786180806e-02 1.300457558398061819e-02 1.287092183721252371e-02 1.271732484480755584e-02 1.298854326500895918e-02 1.302381293031011460e-02 1.283336524580327466e-02 1.305757905323072336e-02 1.308518343582902761e-02 1.273850989758089532e-02 1.267299444334103568e-02 1.288218583668063709e-02 1.269565903254542792e-02 1.308220929149873230e-02 1.267527842857968032e-02 1.288967438677808379e-02
8.699993309264249242e-03 9.636292264603090602e-03 8.865599754807072796e-03 8.579226149769874146e-03 8.977604925479882106e-03 9.050393970176264305e-03 8.784759959944312899e-03 8.795295797308158581e-03 8.606087066867731949e-03 0.000000000000000000e+00 9.096380675292956366e-03 8.865889624293250837e-03 9.235229112828860151e-03 9.475821534822976427e-03 8.855713464962626860e-03 8.539942377641969798e-03 8.694001480925033984e-03 8.869698747765669342e-03 9.852665778220399614e-03 8.551435902547501605e-03 8.814499409868290294e-03 9.434513100670054164e-03 9.110113623475623104e-03 9.660487585575621566e-03 8.787563879007427581e-03 8.900227548058038327e-03 9.551022664304903778e-03 8.612049627885486752e-03 8.910150123901186547e-03 9.768740887388256341e-03 8.674740877040083148e-03 9.542464906255355983e-03 1.022742151275228897e-02 1.133427484963771444e-02 1.094814466056282486e-02 1.118113109332173789e-02 1.104750531330079416e-02 1.154240181170496440e-02 1.106398190521333189e-02 1.102951639222137480e-02 1.095120179887922734e-02 1.105366760571542539e-02 1.111971689205363753e-02 1.084489968373322788e-02 1.115394692201640385e-02 1.099564706557812181e-02 1.059920141065914638e-02 1.147907517258719805e-02 1.037366377808993621e-02 1.098917028014793733e-02 1.101711800357241949e-02 1.086797806034518060e-02 1.060934253065479171e-02 1.118057690758278780e-02 1.084228891979163896e-02 1.068517109841743938e-02 1.044821362860557518e-02 1.090673063958215276e-02 1.081215888482573058e-02 1.046412779515542256e-02 1.122818490169822693e-02 1.114259832298699661e-02 1.087096972842336445e-02 1.025111422368632334e-02 1.318642223620202295e-02 1.289950505604750206e-02 1.337470430393038374e-02 1.271658120849272766e-02 1.323516039821778095e-02 1.334698083084884419e-02 1.312674691430768675e-02 1.326972720106767492e-02 1.299817931278898948e-02 1.312890498258429545e-02 1.313101487149386133e-02 1.316036730720814528e-02 1.299092985133971923e-02 1.324897433440310260e-02 1.323579795605153014e-02 1.298231596527152538e-02 1.296793147068000564e-02 1.318447154259408220e-02 1.296574164583596568e-02 1.299886312994390399e-02 1.312536306331298259e-02 1.320577428824252705e-02 1.307619920114364356e-02 1.312861907248102575e-02 1.321796430877670257e-02 1.321979546501334500e-02 1.319935899626153986e-02 1.329553198086871890e-02 1.304643433138725009e-02 1.313969702914654682e-02 1.315781292656268385e-02 1.332497632962997662e-02 1.316205421742024963e-02 1.276677261851223537e-02 1.309736462888889431e-02 1.325445211817277182e-02 1.313854155093634700e-02 1.256652105581737219e-02 1.323407529546645651e-02 1.297488961073885866e-02 1.317506533665864510e-02 1.317926242082008079e-02 1.276076553439548303e-02 1.286304799882850153e-02 1.321202726204577169e-02 1.313750169672248808e-02 1.315458313638455910e-02 1.299206862800940561e-02 1.289890087980093136e-02 1.323336521791256340e-02 1.307247512940100560e-02 1.289101432200557250e-02 1.316281673205571892e-02 1.323550519767384068e-02 1.302392325191920053e-02 1.324599426460117829e-02 1.330166818255838421e-02 1.292361834862908870e-02 1.285917749931809670e-02 1.307035972775563021e-02 1.289617720004937636e-02 1.327744446699159232e-02 1.286488251737814489e-02 1.310850616945049250e-02
9.113226127068017879e-03 9.341567358409035363e-03 8.988748641450820809e-03 9.053319454035795716e-03 9.591656072632664259e-03 9.637622451165820184e-03 9.639903793532947698e-03 9.030368238048088608e-03 9.124718522340462962e-03 9.096380675292956366e-03 0.000000000000000000e+00 9.271986862872609592e-03 9.814424820347854295e-03 9.653684946114234749e-03 9.556890308336420808e-03 9.531435689258124094e-03 9.042968867685182571e-03 9.047159900655618592e-03 9.431289267211914740e-03 9.049928401220992680e-03 9.182663976377299087e-03 9.104987852663389697e-03 9.054399058612400825e-03 9.086878660400976582e-03 9.473224147809732043e-03 9.529646517619616564e-03 9.602607593912796530e-03 9.050296525587855564e-03 9.718585135701210756e-03 9.808839156644084609e-03 9.047230017301470875e-03 9.135614697176950086e-03 1.095308500607285532e-02 1.154406511471638315e-02 1.109029394570748908e-02 1.129490624821828833e-02 1.117291855626565376e-02 1.153374517693548859e-02 1.140886181234946305e-02 1.131352847013542690e-02 1.121502901213332001e-02 1.133208520192678648e-02 1.134777074660918601e-02 1.100659205407513060e-02 1.128585233384228961e-02 1.122176206920569991e-02 1.090653293989170790e-02 1.148136155358867212e-02 1.108986681908475866e-02 1.132925634875557239e-02 1.136825869213696147e-02 1.099065360662373689e-02 1.087403594227860648e-02 1.125303970795463356e-02 1.109101216026132410e-02 1.114858180108177152e-02 1.088076716528496753e-02 1.108606088146378739e-02 1.104947246425235820e-02 1.039948045998308548e-02 1.144294296290437885e-02 1.138201107533762767e-02 1.110393694466708589e-02 1.028636668626374019e-02 1.316587406907021064e-02 1.283071172991191375e-02 1.335713341099148931e-02 1.269452619955243819e-02 1.321070383729198126e-02 1.332095678915001975e-02 1.308371983940366870e-02 1.322408197276232072e-02 1.295967975486152744e-02 1.308260325357587725e-02 1.301317366165227751e-02 1.312330398281950569e-02 1.295355599831566652e-02 1.324551237911523148e-02 1.317823177435744654e-02 1.298491138936291867e-02 1.294705184096868293e-02 1.316362318206638730e-02 1.294161722276434418e-02 1.296512062872921291e-02 1.310393917162746072e-02 1.322160780059500329e-02 1.301053349794043489e-02 1.304714888239124314e-02 1.317205716968150239e-02 1.314698134014897352e-02 1.320144064099093399e-02 1.325448841746467050e-02 1.304622253937854325e-02 1.305181707839104914e-02 1.309933437990931822e-02 1.329614014957820889e-02 1.312111667978030534e-02 1.277012745947445592e-02 1.312772180795427658e-02 1.324386173407632664e-02 1.309177344351007861e-02 1.260672532669011511e-02 1.320339674923718884e-02 1.297202204471295875e-02 1.322524171126541158e-02 1.316349340966488195e-02 1.270851864138881557e-02 1.283544081085210599e-02 1.321649187087222364e-02 1.305668872573120982e-02 1.312297895103770734e-02 1.294522287528552390e-02 1.289167944505552506e-02 1.326527122367807295e-02 1.310625160704477141e-02 1.291336114345575416e-02 1.309806619525227811e-02 1.323116133674885099e-02 1.303376206820829747e-02 1.323972278713557091e-02 1.331589598774530862e-02 1.291780542234558828e-02 1.282434850885823437e-02 1.307095140421632960e-02 1.285285237552586529e-02 1.325629050188872719e-02 1.285551971370940336e-02 1.310106901272454355e-02
9.307998995520908384e-03 9.665999925601145848e-03 9.001422062443146382e-03 9.033088234169409439e-03 9.451677078348211941e-03 9.408900612849874570e-03 8.792731229777263000e-03 9.413195711040401106e-03 8.876195585490685366e-03 8.865889624293250837e-03 9.271986862872609592e-03 0.000000000000000000e+00 9.754302561648098974e-03 9.441445005126725132e-03 9.072601239769816431e-03 8.929304260730228093e-03 8.967211568168657193e-03 9.028378359549019128e-03 9.986746737972852436e-03 8.974481634121513410e-03 8.985318460779236766e-03 9.631345303177012498e-03 9.604408785253329417e-03 9.780042626185567883e-03 8.910934927854347737e-03 9.057974629028690133e-03 9.185904714110293412e-03 9.036393868485096542e-03 9.357629475140757588e-03 9.339472239920276059e-03 9.428413667220671146e-03 9.601993316638008855e-03 9.969352360384103537e-03 1.090617370446275020e-02 1.055073418617926903e-02 1.076818668479137195e-02 1.062489437600848408e-02 1.111247930852123263e-02 1.069048083305752968e-02 1.060905430828094735e-02 1.056115788599014740e-02 1.064909262912771409e-02 1.069076652611087447e-02 1.051234395415697950e-02 1.072659868251157889e-02 1.061769095628372489e-02 1.022157411925303169e-02 1.103205488028306640e-02 1.003342996760981168e-02 1.067411507970858660e-02 1.033174940516859083e-02 1.048277666219858163e-02 9.909059473912075824e-03 1.077940689772634124e-02 1.041958568492129707e-02 1.063905253949792330e-02 1.017068601024445108e-02 1.009563347432907224e-02 1.043641937237469591e-02 1.014303196924330568e-02 1.078319661178179199e-02 1.041798829583721019e-02 1.044134249799992531e-02 1.008496692699272120e-02 1.290726754445368704e-02 1.262821171337817801e-02 1.310502066657031305e-02 1.244430026687034715e-02 1.297696345837195606e-02 1.307438623465282182e-02 1.286458297196755446e-02 1.300838462537024474e-02 1.238211344755106406e-02 1.283465554412831916e-02 1.282398451205845301e-02 1.291016156149674132e-02 1.273791088061498183e-02 1.297924354233973877e-02 1.294846809907467498e-02 1.273125216947817474e-02 1.268853148404300302e-02 1.290510512436090704e-02 1.269022428184024207e-02 1.276248855808772252e-02 1.285679013233831207e-02 1.297936436375375126e-02 1.279648716025909815e-02 1.286194545998000337e-02 1.294980783927908094e-02 1.292829782419391976e-02 1.292811501929334167e-02 1.301429015157657548e-02 1.277100834702303740e-02 1.286796886366277197e-02 1.287067707056468134e-02 1.304909987025022755e-02 1.293137924331851270e-02 1.255422643074232368e-02 1.288373979943259300e-02 1.304397470725918509e-02 1.291295465264507419e-02 1.241741019048863900e-02 1.301534792221788889e-02 1.275022354590660961e-02 1.299886387567275592e-02 1.295594312115920868e-02 1.255557185901928254e-02 1.262320158493351364e-02 1.298285140427470410e-02 1.289347541812885072e-02 1.293103695731071673e-02 1.276597302820061883e-02 1.269726583144962888e-02 1.303076090046314389e-02 1.288861941967317688e-02 1.268635582500237877e-02 1.292927728380917872e-02 1.302353533305765539e-02 1.279955795463539291e-02 1.303809689640767107e-02 1.309996525048214532e-02 1.271467254600763645e-02 1.260825570305898480e-02 1.283827254402382899e-02 1.271226063497887804e-02 1.306141364067651446e-02 1.264419244396767367e-02 1.288709424545252287e-02
