0.000000000000000000e+00 1.353579682438299167e-02 1.070578524907250979e-02 1.006223558436681806e-02 1.365539136305150836e-02 1.250638561556202503e-02 1.723479623380751863e-02 1.237653160123844583e-02 1.243839553835155223e-02 1.022275939743727893e-02 1.141154534187292444e-02 1.511767278934160810e-02 1.227323235619223393e-02 1.136548290094132295e-02 1.144908714663333583e-02 1.015292798839116835e-02 1.013676536430128602e-02 1.141035168329900158e-02 1.067150192873041713e-02 9.716480334601476296e-03 1.016236668063743610e-02 1.351904025078957440e-02 1.725467034164418489e-02 1.072360247816862323e-02 1.143663649800265997e-02 1.079493174159446532e-02 1.063783766257395992e-02 1.512858363935154320e-02 1.069427000769054316e-02 1.139333037930648045e-02 1.227154735518936127e-02 1.144156893699731052e-02 1.133180026672534098e-02 1.069056058989070745e-02 1.149285407110618544e-02 1.068653746006058627e-02 1.067941197169026447e-02 1.239038730836277032e-02 1.014887505831806036e-02 1.070857346292688334e-02 1.362827427187210047e-02 1.513673391047301239e-02 1.019190803754122659e-02 1.348103511878179575e-02 1.234954820521850551e-02 1.233900252528454498e-02 1.018844292846486296e-02 1.225859919340215390e-02 1.225852958452733343e-02 1.233447282294261420e-02 1.071891621801670039e-02 1.145707483065346900e-02 1.148467030520885362e-02 1.146453203233027858e-02 1.233329823662286835e-02 1.350551248412571598e-02 1.353404859248384835e-02 1.142260302391487001e-02 1.076731126954450293e-02 1.236904055773685451e-02 1.080284802089808045e-02 1.073556559044068145e-02 1.075922406774383958e-02 1.352870257626364280e-02 1.239751258579725908e-02 1.348198549807439091e-02 1.014893800458485131e-02 1.143284266059345702e-02 1.236772893705360282e-02 1.141303955402874631e-02 9.748244578370158717e-03 1.136866033840653115e-02 1.137352649852336160e-02 1.148457959894821391e-02 1.020063566097983120e-02 1.136200604679529075e-02 1.718526767795753793e-02 9.399172811387588103e-03 9.413220886083257036e-03 1.369001186132615122e-02 1.143771544690243627e-02 1.350763100922370598e-02 1.015512400693680331e-02 1.019542663557152992e-02 1.358888058129720765e-02 9.424807095006756258e-03 1.232809375763578921e-02 1.354992440613142154e-02 1.236666510335923674e-02 1.149181327230229532e-02 1.353713264867072337e-02 1.074419859376140284e-02 1.234935872387172076e-02 1.242473999638681742e-02 1.146235073515066392e-02 1.232152533497256515e-02 1.235630512953926792e-02 1.066419933754219479e-02 1.070970797955485276e-02 1.357306947373498884e-02 1.067905444686717206e-02 1.135033477075671378e-02 1.241189767720153256e-02 1.359022349715791229e-02 1.234313439615536065e-02 8.834940009214959852e-03 1.347589426383331325e-02 1.233777330155578361e-02 1.060526901676370551e-02 1.145032692339458501e-02 1.072415160533636905e-02 1.071742202315147975e-02 1.502606543184343071e-02 1.070660041469270740e-02 1.146495897920997604e-02 1.069709464049234740e-02 1.236757708036483050e-02 1.014257547077963839e-02 1.068939914085158607e-02 1.013841581740168585e-02 1.013942232087195437e-02 1.058576975136185129e-02 1.010410323225797297e-02 1.217728924253987620e-02 9.300091066185888281e-03 1.121412760908153602e-02 1.219053931528235428e-02 1.328322026268657571e-02
1.353579682438299167e-02 0.000000000000000000e+00 1.338815619872223139e-02 1.301647468655033231e-02 1.551698251740548339e-02 1.490316882850332980e-02 1.893315789874042490e-02 1.481072550894166687e-02 1.485391647422861471e-02 1.321645200025776262e-02 1.408857370732546042e-02 1.705594026332245619e-02 1.473400227016379710e-02 1.405665545625235137e-02 1.411522744364378072e-02 1.316277714707434973e-02 1.315324242217389035e-02 1.408280476000291041e-02 1.354583386972057178e-02 1.283987030594712156e-02 1.317408434391620885e-02 1.571584207903726702e-02 1.896173589998453868e-02 1.358100428469271800e-02 1.410777072719779889e-02 1.363363439208544088e-02 1.361125233204057809e-02 1.706890337546305980e-02 1.356126593703651205e-02 1.407527539952194845e-02 1.473613636205387163e-02 1.411151476047705321e-02 1.413406570840454457e-02 1.356123789305593678e-02 1.414528439173206448e-02 1.355822435899038496e-02 1.355133591397451702e-02 1.482599823070297231e-02 1.316385057595245191e-02 1.357200617904482862e-02 1.580083435832374539e-02 1.707255159175806447e-02 1.319077065703309903e-02 1.568591809468955142e-02 1.479037899246397718e-02 1.478324128936573355e-02 1.318828909699608712e-02 1.471952410900898532e-02 1.472332489865816642e-02 1.477895958916072838e-02 1.339673561651150147e-02 1.412077576730483980e-02 1.413673868724843810e-02 1.412440729701137411e-02 1.478030501135030490e-02 1.570342635490220087e-02 1.572187871826516078e-02 1.409574340687905387e-02 1.360957309244666992e-02 1.481103959999454517e-02 1.363575392843524928e-02 1.359161298354123054e-02 1.360697958917388671e-02 1.572608180210998546e-02 1.483199652490515587e-02 1.568436243921982054e-02 1.316222155870968094e-02 1.410330663145937385e-02 1.479854404080488059e-02 1.409084625026176679e-02 1.286549064967093710e-02 1.405666555803681585e-02 1.406190413963471705e-02 1.413602589954934645e-02 1.319838903699418337e-02 1.404841383411757801e-02 1.889547563923264784e-02 1.260126765529136564e-02 1.261475555485226142e-02 1.585269604570402682e-02 1.410547613454309415e-02 1.569695050370621334e-02 1.316390932617225208e-02 1.319308142646266092e-02 1.577177726319849496e-02 1.262179894702765773e-02 1.477345948712191145e-02 1.573953433245170105e-02 1.480536776903594413e-02 1.414620827528068926e-02 1.572680889925210518e-02 1.359715680037172462e-02 1.479249539050077680e-02 1.484703161068532881e-02 1.412480340474664767e-02 1.477131309867584300e-02 1.479776360087925111e-02 1.353903451456572524e-02 1.357327655590638733e-02 1.575741263718864055e-02 1.355291077823271573e-02 1.404259438070643191e-02 1.483619389089465591e-02 1.576938097020733065e-02 1.478823129190324180e-02 1.222284761798909068e-02 1.568053653559996555e-02 1.477972953796487590e-02 1.340526062621824784e-02 1.389828400661978838e-02 1.358468209659049672e-02 1.357376318210556758e-02 1.697676257851898213e-02 1.356219538624935626e-02 1.412235787020718440e-02 1.356339095957261043e-02 1.480931152582201649e-02 1.315810656417177628e-02 1.356227173602534385e-02 1.315573519885113174e-02 1.315179409175018521e-02 1.357256776376580820e-02 1.313184304640425092e-02 1.478052750001078615e-02 1.259646654684887408e-02 1.383147856328646903e-02 1.454366744957315792e-02 1.566550370579476020e-02
1.070578524907250979e-02 1.338815619872223139e-02 0.000000000000000000e+00 1.009916110028638569e-02 1.368203362963661684e-02 1.253709909336751978e-02 1.725355977378387889e-02 1.240756042568389242e-02 1.247217655333848936e-02 1.026718590375686607e-02 1.144800866092739004e-02 1.514260351858637797e-02 1.230644255212403303e-02 1.140191914461805879e-02 1.148256365302372482e-02 1.019460036467133117e-02 1.017738145943144178e-02 1.144133723389242907e-02 1.070910930980219396e-02 9.760976706781670717e-03 1.020625971692334065e-02 1.354855601249157875e-02 1.728044211438309330e-02 1.076059306547178483e-02 1.147040071415323000e-02 1.083555970164418181e-02 1.080288256113612171e-02 1.515755717277691289e-02 1.073451072039272904e-02 1.143019383076381880e-02 1.230681141260049800e-02 1.148600942028198124e-02 1.151030871917512952e-02 1.073236378897578398e-02 1.153081923789723261e-02 1.072841460232011948e-02 1.071801860322130380e-02 1.242495652627781041e-02 1.019418038824192185e-02 1.074745363724215370e-02 1.365602385752963908e-02 1.515982554067562063e-02 1.023334640559364801e-02 1.351202583975535422e-02 1.238336277924707331e-02 1.236538104527306128e-02 1.022810524900093394e-02 1.228853137151025149e-02 1.229016601364478316e-02 1.236850800780519254e-02 1.075280285353203032e-02 1.148690916451848044e-02 1.151643870470421896e-02 1.150149198843365521e-02 1.236441213714558132e-02 1.352780471434033779e-02 1.355623583962868063e-02 1.145492753570237325e-02 1.067724446840440967e-02 1.239747842699033716e-02 1.071186285127268510e-02 1.076964361424385605e-02 1.079513343824566735e-02 1.355849122443041413e-02 1.242821844995952059e-02 1.350711739394021976e-02 1.019070751937086947e-02 1.146786375117047306e-02 1.239900311668576394e-02 1.144545935089515132e-02 9.790732077136857572e-03 1.140405665217510828e-02 1.140878030465652254e-02 1.151915055683003404e-02 1.023817038324983768e-02 1.139186958327459941e-02 1.720741535143630735e-02 9.444517486287896599e-03 9.373392808748126984e-03 1.371535922699168922e-02 1.147263110313126964e-02 1.353521703086598728e-02 1.019700916847640290e-02 1.023680164892175337e-02 1.361781452896893875e-02 9.470768662166966292e-03 1.236189245063538771e-02 1.357619577519695274e-02 1.239612402263104082e-02 1.152159415764004123e-02 1.338556952145195968e-02 1.077558656615750995e-02 1.238049945625843522e-02 1.245472782483547994e-02 1.149187198608143945e-02 1.235259006716391515e-02 1.238759942349468117e-02 1.057959667797500093e-02 1.074712207615314240e-02 1.359912245899205958e-02 1.071559182749457634e-02 1.138676617456552305e-02 1.228015009267653147e-02 1.362090163549146624e-02 1.237409705394447793e-02 8.950470649372011325e-03 1.350093798215154517e-02 1.237060301337368322e-02 1.076376023942355806e-02 1.148012042861061739e-02 1.076900267198381382e-02 1.075627866866714875e-02 1.504807080804957710e-02 1.074439837481435019e-02 1.149978487164975832e-02 1.073417976648051095e-02 1.239878097029509761e-02 1.018643327477797636e-02 1.073243331866791800e-02 1.018109353445544561e-02 1.007370984674309765e-02 1.074723993609300390e-02 1.015512374977988255e-02 1.237069585235303117e-02 9.435684617696995721e-03 1.124040512180717218e-02 1.238191164206040550e-02 1.331820645826079300e-02
1.006223558436681806e-02 1.301647468655033231e-02 1.009916110028638569e-02 0.000000000000000000e+00 1.313401845939692406e-02 1.209424830149896657e-02 1.693588044708025514e-02 1.182606246889899432e-02 1.202277648853063673e-02 9.686543722882084637e-03 1.095515421056923733e-02 1.478311182383201632e-02 1.172164156561176021e-02 1.091054033285282325e-02 1.098776840437835044e-02 9.608842702513846826e-03 9.590288149530180536e-03 1.095460004842298621e-02 1.016890202508422339e-02 9.131731556941233285e-03 9.626343127030156238e-03 1.315102783195926106e-02 1.695969407365394144e-02 1.022448390218323212e-02 1.098497285148407852e-02 1.029993947911497613e-02 1.026651368978472902e-02 1.479822314292605911e-02 1.008486975178975176e-02 1.093429646095217533e-02 1.185954128216661768e-02 1.099417590837361430e-02 1.102098653418362439e-02 1.018993922953999147e-02 1.104304326432274663e-02 1.018137979936546526e-02 1.017526747618080658e-02 1.197867166984021778e-02 9.510920351666361794e-03 1.020467693395987752e-02 1.310464765674008124e-02 1.479809577476263668e-02 9.551370140881917242e-03 1.311105806428895793e-02 1.193506371260131399e-02 1.192821249034595708e-02 9.646165748785264643e-03 1.184427598437077372e-02 1.184426376887576411e-02 1.192410414608958275e-02 1.021460598465536579e-02 1.100240065188585158e-02 1.102920157893584607e-02 1.101390317727583661e-02 1.192232376841490492e-02 1.313319930265427656e-02 1.316091011007973315e-02 1.096744454649962487e-02 1.026958784267474438e-02 1.196250414916399073e-02 1.030704483275230593e-02 1.023193447996934881e-02 1.015183313249257667e-02 1.316125553643448728e-02 1.199330566803290775e-02 1.310873974310282006e-02 9.602872366049135591e-03 1.097506937873914991e-02 1.195376206807503838e-02 1.096002854699348016e-02 9.167809689136077050e-03 1.091016927822591881e-02 1.091599017036212933e-02 1.103296390909606559e-02 9.656432577625429642e-03 1.090332874979043319e-02 1.688575287613194170e-02 8.790326689244879269e-03 8.808737200495653577e-03 1.332008244581342656e-02 1.098164997378832906e-02 1.313397349327142562e-02 9.611172212939231643e-03 9.655558576205359317e-03 1.322200198571836689e-02 8.821086561430425271e-03 1.191946900778254048e-02 1.317867695936997090e-02 1.195709381520440248e-02 1.104070322991503733e-02 1.316848881464000379e-02 1.024418391758590702e-02 1.193730644305739629e-02 1.202186802293954415e-02 1.100969757084672811e-02 1.191000859378665670e-02 1.194284134380913139e-02 1.016056903128998573e-02 1.021029595247635938e-02 1.321071336913788759e-02 1.017485583580353056e-02 1.089477501534101035e-02 1.200251292953326970e-02 1.322322473368515300e-02 1.193907360614055238e-02 8.251629146840721782e-03 1.310602379384263015e-02 1.192840590128846703e-02 1.022658476962529789e-02 1.099254400405660394e-02 1.023145066067069654e-02 1.021972328584595281e-02 1.469234972776326323e-02 1.020100121570956947e-02 1.101074650200992849e-02 1.019411421563786412e-02 1.196055372229991830e-02 9.502939028756573689e-03 1.019191287153204013e-02 9.595939212404204846e-03 9.598462673307783105e-03 1.021184846282228130e-02 9.568561636740774423e-03 1.192574880208242989e-02 8.782375941801185901e-03 1.088806076703605075e-02 1.194481201921976550e-02 1.309729656628069033e-02
1.365539136305150836e-02 1.551698251740548339e-02 1.368203362963661684e-02 1.313401845939692406e-02 0.000000000000000000e+00 1.473848671188583183e-02 1.900058214078434449e-02 1.489957633401889532e-02 1.469193000468840479e-02 1.332162982988936532e-02 1.418625182711937861e-02 1.712851518141746826e-02 1.482975861974874902e-02 1.416037058618176483e-02 1.422320309043068401e-02 1.328195884758621818e-02 1.327017753069400889e-02 1.419542601858262386e-02 1.365923676557575898e-02 1.296144259494102190e-02 1.329322680526023696e-02 1.580823647059671072e-02 1.903146236857684165e-02 1.369413921920097782e-02 1.421602943570760350e-02 1.374590392697691565e-02 1.371986061563123561e-02 1.714989479406640871e-02 1.367461141527319575e-02 1.417872677612818863e-02 1.483832781414356691e-02 1.422462831963556065e-02 1.424236271483655600e-02 1.367448959289137463e-02 1.425636626844497407e-02 1.367165003557650228e-02 1.366456281340277037e-02 1.492721204503950037e-02 1.327699937984483380e-02 1.368544476518513547e-02 1.589215822397086614e-02 1.715361617161833413e-02 1.331001212951965842e-02 1.577900847178516711e-02 1.489578829923034718e-02 1.488496423567844604e-02 1.330747592121698554e-02 1.482563325228078779e-02 1.482578313499293733e-02 1.488439141979609227e-02 1.368432278188793337e-02 1.422891259030114285e-02 1.424854222576045146e-02 1.422725970402952816e-02 1.488186990863657813e-02 1.579605253832572914e-02 1.581812778666536259e-02 1.420105867777087319e-02 1.372855624193733762e-02 1.491257211847391191e-02 1.375111020181640775e-02 1.370453560794810191e-02 1.371978629147557749e-02 1.581794754555873594e-02 1.492136905480989477e-02 1.577010511966071143e-02 1.327537853548023915e-02 1.421105173798390721e-02 1.464682236959155559e-02 1.419882798764429861e-02 1.298159748398952998e-02 1.416053219935918712e-02 1.417069425097878914e-02 1.424211119088091698e-02 1.331454522399621275e-02 1.416047123068073059e-02 1.896509171958424972e-02 1.272430116692533850e-02 1.273439781961304036e-02 1.593415495681802657e-02 1.420703717932645695e-02 1.549057617398565123e-02 1.327839771430101325e-02 1.331246530182062307e-02 1.585386642371133109e-02 1.273968502389884530e-02 1.488091685737936813e-02 1.583149897414533672e-02 1.490035243624025958e-02 1.425397138347123636e-02 1.582381800742208716e-02 1.371025966433142042e-02 1.489403718951540743e-02 1.495392221792857766e-02 1.423288442283945909e-02 1.487307721559654600e-02 1.489884621125442225e-02 1.365526651989171919e-02 1.368657569850182526e-02 1.584726396154331404e-02 1.366626853585351138e-02 1.415461951007713701e-02 1.494116013869812958e-02 1.586119988391772664e-02 1.489334674875157638e-02 1.234288309990786911e-02 1.577296756989941817e-02 1.488561561575537685e-02 1.369641884628750028e-02 1.421665853137486259e-02 1.370053357519314743e-02 1.369322433940480498e-02 1.705343315307971883e-02 1.349996726110914633e-02 1.423078872435909817e-02 1.367662644769486111e-02 1.490479419653607980e-02 1.327266412905050118e-02 1.366760756077016296e-02 1.327239571761889593e-02 1.327352387416431446e-02 1.369012047102156557e-02 1.325508415715136862e-02 1.463031104274011528e-02 1.271972781552025214e-02 1.415019289137795476e-02 1.489496298134016308e-02 1.576294437873020440e-02
1.250638561556202503e-02 1.490316882850332980e-02 1.253709909336751978e-02 1.209424830149896657e-02 1.473848671188583183e-02 0.000000000000000000e+00 1.794695773694384919e-02 1.366713501949427291e-02 1.370253422288641998e-02 1.198294616957567595e-02 1.289972894439799476e-02 1.631895140022856031e-02 1.380428159751598445e-02 1.305767732210989275e-02 1.312736020309954524e-02 1.208638583808004097e-02 1.207337418357654242e-02 1.309801318737035744e-02 1.250327472987170299e-02 1.172936800898698347e-02 1.209453241161264486e-02 1.488707546368292327e-02 1.832519995264702412e-02 1.254233463944747808e-02 1.311746726236198007e-02 1.258346183502337574e-02 1.256601068433355235e-02 1.633396412910831375e-02 1.251936462896574391e-02 1.289393064912954835e-02 1.381440612758335316e-02 1.313156936794318379e-02 1.315136586417056143e-02 1.251620004590909586e-02 1.316749475224616474e-02 1.251695717191295479e-02 1.250624103501162335e-02 1.391392952131775308e-02 1.208446016909073099e-02 1.253204075193255218e-02 1.498373822031377582e-02 1.634369226950578569e-02 1.211523879656843661e-02 1.485458727598468025e-02 1.387904752713563401e-02 1.385257768190039686e-02 1.211456542418456843e-02 1.380022210356347465e-02 1.380045626110081372e-02 1.386619103630962885e-02 1.254026088576404470e-02 1.313641182457229474e-02 1.315316485608422105e-02 1.314376178603281556e-02 1.386312400846466744e-02 1.487355001569465492e-02 1.488859730093577971e-02 1.310856384157655340e-02 1.258040338866361907e-02 1.389702792056576527e-02 1.259466109050997630e-02 1.255347926815854505e-02 1.257322399253946697e-02 1.489838735249468180e-02 1.392046423856118514e-02 1.484487592468464005e-02 1.208048805345957218e-02 1.311684437457610181e-02 1.388460225434386304e-02 1.310313510019795250e-02 1.176000785270168297e-02 1.306517695944346691e-02 1.306744877445140986e-02 1.315756650318377664e-02 1.212296803443580449e-02 1.305942340496137923e-02 1.825658511655283214e-02 1.147586235490202257e-02 1.148800499428407479e-02 1.503112137688699529e-02 1.311963541599142288e-02 1.486822766093716039e-02 1.208771880046660696e-02 1.211405029938146007e-02 1.494159999554933727e-02 1.149799251664561199e-02 1.386222842880732546e-02 1.491253786934926794e-02 1.366390378902826615e-02 1.315973762355496235e-02 1.490380285590477832e-02 1.255592831454217448e-02 1.387622769104194208e-02 1.393815270399107430e-02 1.313067995507230870e-02 1.385262032945937770e-02 1.387631284981265083e-02 1.249860737033597728e-02 1.252827605473936026e-02 1.467410151212695558e-02 1.250683465504976062e-02 1.305064102416844327e-02 1.392204881144977480e-02 1.495070802567969454e-02 1.387580425815712441e-02 1.106602818802264812e-02 1.483745790943995918e-02 1.386460185440394066e-02 1.255073105015945545e-02 1.311720532051009920e-02 1.254943345113188752e-02 1.254063256067355393e-02 1.624210798103757625e-02 1.252570343860062198e-02 1.314277531127380598e-02 1.252302875371207568e-02 1.389521916768854046e-02 1.208094578853065836e-02 1.252181962911391722e-02 1.207632349496727368e-02 1.208006799004842854e-02 1.253788146523174447e-02 1.205691687039471896e-02 1.386216181907976193e-02 1.146979906056638972e-02 1.304986199070302076e-02 1.388661053511948927e-02 1.484533084481801449e-02
1.723479623380751863e-02 1.893315789874042490e-02 1.725355977378387889e-02 1.693588044708025514e-02 1.900058214078434449e-02 1.794695773694384919e-02 0.000000000000000000e+00 1.822148860088735473e-02 1.825337434738135908e-02 1.675414640137634290e-02 1.765404510921282297e-02 1.995785793603083169e-02 1.817036882766494277e-02 1.763526869705543329e-02 1.768092235947898647e-02 1.692412889208385132e-02 1.691444483695106818e-02 1.765755219410544002e-02 1.723234696731789847e-02 1.665614046780233837e-02 1.693048384982959523e-02 1.892288472861824999e-02 2.148217375271378737e-02 1.725951156284699292e-02 1.767400883456669153e-02 1.705725552135534465e-02 1.728056761114110315e-02 1.996005397285454189e-02 1.724271373893025011e-02 1.764274217350694438e-02 1.816975317012736388e-02 1.768552752155138838e-02 1.769928918425216907e-02 1.724451647294911183e-02 1.771004135232527241e-02 1.724230253314120234e-02 1.723650530090611865e-02 1.823861195972017665e-02 1.692490674304499357e-02 1.725332362138208564e-02 1.899068074332956740e-02 1.997074053416413378e-02 1.694618534264489065e-02 1.890068741600623575e-02 1.821418329984103232e-02 1.786432333247493787e-02 1.694068841407259107e-02 1.815278585060630528e-02 1.815965752460231217e-02 1.820534704888960437e-02 1.725887158359633994e-02 1.768883860163412286e-02 1.769323904534671546e-02 1.769428469520696254e-02 1.820315866370742636e-02 1.890762345268898539e-02 1.891966629135677369e-02 1.766507880193986246e-02 1.728764861963699370e-02 1.822192408519057033e-02 1.706424893371806875e-02 1.726537353442759645e-02 1.728278582245626471e-02 1.893079902467685594e-02 1.824321448395095635e-02 1.889324248870088985e-02 1.691773609732012337e-02 1.767510754242323720e-02 1.822338077127862860e-02 1.766550502654059066e-02 1.667815136469535942e-02 1.763867928348678352e-02 1.763874384438114673e-02 1.770231730315439261e-02 1.694798197952644692e-02 1.762914862593460349e-02 2.143669738587875365e-02 1.645770061732997405e-02 1.647133974173967119e-02 1.902635431337411365e-02 1.767642522573794478e-02 1.891530570836420788e-02 1.692514481222272271e-02 1.694549628393554261e-02 1.896534136032607121e-02 1.647450381425514393e-02 1.820288918113978013e-02 1.894114616750728827e-02 1.821531678257722053e-02 1.770862290818708829e-02 1.893543220724876533e-02 1.727307112157584756e-02 1.821279538517060412e-02 1.825924838724483912e-02 1.769181725973670294e-02 1.819648583106552378e-02 1.821189872846928209e-02 1.722431907624289230e-02 1.725403875369117823e-02 1.894973938602215538e-02 1.723783433504758045e-02 1.762681589404195906e-02 1.824912386893264710e-02 1.896636364733362765e-02 1.820755787596413725e-02 1.613942440049243379e-02 1.889599135564443144e-02 1.819662033865065975e-02 1.726642162154664456e-02 1.740040938880051125e-02 1.726541071405811659e-02 1.725545191960738134e-02 1.989690339694676763e-02 1.725185653815419426e-02 1.768837706519953840e-02 1.724626769392885450e-02 1.822577313572355112e-02 1.691746837432640121e-02 1.724577397577816557e-02 1.691652517693624860e-02 1.691563153260439503e-02 1.725724282130179296e-02 1.690247053289535908e-02 1.820578819164564779e-02 1.645873590284823926e-02 1.763185756128291676e-02 1.821986265351138029e-02 1.889404264424497312e-02
1.237653160123844583e-02 1.481072550894166687e-02 1.240756042568389242e-02 1.182606246889899432e-02 1.489957633401889532e-02 1.366713501949427291e-02 1.822148860088735473e-02 0.000000000000000000e+00 1.360749575758684465e-02 1.199836634269478043e-02 1.296862382572925611e-02 1.623424766043174428e-02 1.347622787855207518e-02 1.293960225663310162e-02 1.300557354544035378e-02 1.195298773298102829e-02 1.193860702919793612e-02 1.297651206730354202e-02 1.237318019215614615e-02 1.147773316179741959e-02 1.196590941027836190e-02 1.478979111176681287e-02 1.825184906484375244e-02 1.241330797068786185e-02 1.300194459781476956e-02 1.246951384588477520e-02 1.244187905751764633e-02 1.625479543684342845e-02 1.239287082720318296e-02 1.296091966881683828e-02 1.370395745702320325e-02 1.300747681639557313e-02 1.303207287391163795e-02 1.239037954874964292e-02 1.304828082366486092e-02 1.238903576398015308e-02 1.238107065348865131e-02 1.380477703661558281e-02 1.195204229137162601e-02 1.240275168250269157e-02 1.488398878964227942e-02 1.625352025514745918e-02 1.198345297288988705e-02 1.475406730105325269e-02 1.376917518554908980e-02 1.375296956313519850e-02 1.197872966626178752e-02 1.368965111230798296e-02 1.368980427778302734e-02 1.375628909038897896e-02 1.240744970139311468e-02 1.301663787396543578e-02 1.284040250655356548e-02 1.301827961710851946e-02 1.375075992717946817e-02 1.477559106286649958e-02 1.453822916047681560e-02 1.298463146286974595e-02 1.244478113398553819e-02 1.378069203402363177e-02 1.247355348517208661e-02 1.242186694515303065e-02 1.244386233125564616e-02 1.480064161741014364e-02 1.381188887762492892e-02 1.475498902029206104e-02 1.194973022486718085e-02 1.299688964913958515e-02 1.378228646088411682e-02 1.298310229247523484e-02 1.162006100403151915e-02 1.294085988390845758e-02 1.294674680321952938e-02 1.303846326364924146e-02 1.198673816926332410e-02 1.293895792949864218e-02 1.818254222813456972e-02 1.133569393358764901e-02 1.135037348145068355e-02 1.494033279616388370e-02 1.299547636308097560e-02 1.477866649246571511e-02 1.195121842540533205e-02 1.198721883628292746e-02 1.485121530656054352e-02 1.135708255153776956e-02 1.375267451955177259e-02 1.481563925087881622e-02 1.377595476083157133e-02 1.304548168836925856e-02 1.480685720487196454e-02 1.243248287293895367e-02 1.376131966985124667e-02 1.382912380049146177e-02 1.302076036664072574e-02 1.373387569608432342e-02 1.354621791365920661e-02 1.236788798050019421e-02 1.239905362434061235e-02 1.483502225598879593e-02 1.221759063121547612e-02 1.292932362188465092e-02 1.381705497672624204e-02 1.485395808817982326e-02 1.376661225970974081e-02 1.092066094981455904e-02 1.475034005169548190e-02 1.375813542828186777e-02 1.242338433540305168e-02 1.300473981069448504e-02 1.242190397123759359e-02 1.241348978844312827e-02 1.615661453879025169e-02 1.240282951860062488e-02 1.302346759094159465e-02 1.239496743034279938e-02 1.378616173490891141e-02 1.194363343506652311e-02 1.239408937215570605e-02 1.194297422237491565e-02 1.194697891992328037e-02 1.240997505555326702e-02 1.192099557225468481e-02 1.376269727873858859e-02 1.133109489474890680e-02 1.293499226186398121e-02 1.377714614444803913e-02 1.474756596097021033e-02
1.243839553835155223e-02 1.485391647422861471e-02 1.247217655333848936e-02 1.202277648853063673e-02 1.469193000468840479e-02 1.370253422288641998e-02 1.825337434738135908e-02 1.360749575758684465e-02 0.000000000000000000e+00 1.192280873997720626e-02 1.283997276115940792e-02 1.598203509633782521e-02 1.353111061741765070e-02 1.281138395616498310e-02 1.306176181294865096e-02 1.201827064460000115e-02 1.200530228746874047e-02 1.303729169955185688e-02 1.243773070540770027e-02 1.165915329503761089e-02 1.203099825325918207e-02 1.483745212552938300e-02 1.828309656128247057e-02 1.247405662308910708e-02 1.305744060107934951e-02 1.253037689585701116e-02 1.234506967224911593e-02 1.629631867636023926e-02 1.245740194916253665e-02 1.301939737983507685e-02 1.375790639726411080e-02 1.306589313117850586e-02 1.309035270527394122e-02 1.245157508742340997e-02 1.310646255701843586e-02 1.245164230477309626e-02 1.244087891193664148e-02 1.385808316911281944e-02 1.201619428989765016e-02 1.246694471567837310e-02 1.493437771829016561e-02 1.630061649486598888e-02 1.204994926200863951e-02 1.480002900325796261e-02 1.382264507202583467e-02 1.381078254322047789e-02 1.204665193035472578e-02 1.374376044071846936e-02 1.374359188435211702e-02 1.380985707332943457e-02 1.247484169641474225e-02 1.306693081258933180e-02 1.309261677673831045e-02 1.307128604916949280e-02 1.380683410819658063e-02 1.482383009583307376e-02 1.483884508242738591e-02 1.304716639227878304e-02 1.251222717364158625e-02 1.384106457502753268e-02 1.254059085830584556e-02 1.248139960678847429e-02 1.250110232340543442e-02 1.484826542764649052e-02 1.386445905041347113e-02 1.480263922088837121e-02 1.201488002725634163e-02 1.304718875748729981e-02 1.382861306213191595e-02 1.303844026774495825e-02 1.168703086589192516e-02 1.300333355733240999e-02 1.300942569953555950e-02 1.309640883570285450e-02 1.205194241183887328e-02 1.299816889058336318e-02 1.821881665596655070e-02 1.140458945495244868e-02 1.141896627563960924e-02 1.498235494665201527e-02 1.305845187481366465e-02 1.481857057271789187e-02 1.201967290537972119e-02 1.205227194170893461e-02 1.489822767589626777e-02 1.142240402133300019e-02 1.380604546769391081e-02 1.486331491329119167e-02 1.382897701684304703e-02 1.310368365241021231e-02 1.485424928892688408e-02 1.249487757509428962e-02 1.382046549093761574e-02 1.388763980783114943e-02 1.307584854482811594e-02 1.379657480558940316e-02 1.382061048098738414e-02 1.243329838484643832e-02 1.246812330901911001e-02 1.487821636629882427e-02 1.243897165837879598e-02 1.298899527520533392e-02 1.387315781811466857e-02 1.490105533354059431e-02 1.380729049213419782e-02 1.099088837139735458e-02 1.479355159365700924e-02 1.380879327009008548e-02 1.248532187166091420e-02 1.306869174067622034e-02 1.248418807069140261e-02 1.247271006991619580e-02 1.619854528138973265e-02 1.246013910139430816e-02 1.308188879290930751e-02 1.245746063742975661e-02 1.383894552359745365e-02 1.201270153420672289e-02 1.245636643420604261e-02 1.200810511820402625e-02 1.201210563577250791e-02 1.246937736089302230e-02 1.198655377889506699e-02 1.380616765939656626e-02 1.139776275920353910e-02 1.299383937675476983e-02 1.383049242009276418e-02 1.479538745334310623e-02
1.022275939743727893e-02 1.321645200025776262e-02 1.026718590375686607e-02 9.686543722882084637e-03 1.332162982988936532e-02 1.198294616957567595e-02 1.675414640137634290e-02 1.199836634269478043e-02 1.192280873997720626e-02 0.000000000000000000e+00 1.087016952044693972e-02 1.481496346138337639e-02 1.189896865073719438e-02 1.082848205587326126e-02 1.091493791223648382e-02 9.664022689356175852e-03 9.649223037767889685e-03 1.100099218318277040e-02 1.022125480171900101e-02 9.193875783628622719e-03 9.681670824665136385e-03 1.318815039440189400e-02 1.698635563460804826e-02 1.027353599090262935e-02 1.102903611800341681e-02 1.022959753192791491e-02 1.031405062993307441e-02 1.483114501577914406e-02 1.024584625378526480e-02 1.097719104108720208e-02 1.190365597669651269e-02 1.104421654562694720e-02 1.106944900065712223e-02 1.024137910126350637e-02 1.109092366900886993e-02 1.023967915802508760e-02 1.022723806756608081e-02 1.201840406083091659e-02 9.662414837576087726e-03 1.025991153641710521e-02 1.329558206389890376e-02 1.483619309695555048e-02 9.611448482318176584e-03 1.314547688580629259e-02 1.198322168131755842e-02 1.195975822868264142e-02 9.702913483399227407e-03 1.188341516965472563e-02 1.188297703371675278e-02 1.196515828611080523e-02 1.026690086493151598e-02 1.105042289699784304e-02 1.107387944566904162e-02 1.105589592040668971e-02 1.196381398817252494e-02 1.317018234594551258e-02 1.304313301164552324e-02 1.101115888868624444e-02 1.031868880217494400e-02 1.199890458765118587e-02 1.034526965333736406e-02 1.028581568689191338e-02 1.031556371969476020e-02 1.320082576982692726e-02 1.202800835957384615e-02 1.314826113066078044e-02 9.661999591686648570e-03 1.102318622169875389e-02 1.199948158149153135e-02 1.100667094038951417e-02 9.232089217251514268e-03 1.095749364894971385e-02 1.096468214929578223e-02 1.107909890166490670e-02 9.717456029834333972e-03 1.094771133720291723e-02 1.691575793843220002e-02 8.856572158236711984e-03 8.873745141726523469e-03 1.335855372069459819e-02 1.103000911469987147e-02 1.317575469880954628e-02 9.668928568004098861e-03 9.711971848015248099e-03 1.325902956232537233e-02 8.886025203986061202e-03 1.196297536514628022e-02 1.321531859763351059e-02 1.199464680160026130e-02 1.108699765051715004e-02 1.320806951289021057e-02 1.029776420706004017e-02 1.198064215353087172e-02 1.206322567143195551e-02 1.105329250324921068e-02 1.195175601034305368e-02 1.198526278583652606e-02 1.021243688199286771e-02 1.025970512677181097e-02 1.324378714277802543e-02 1.022927246280544433e-02 1.081655782086026960e-02 1.204574184535901933e-02 1.325847576138972084e-02 1.198035112585362112e-02 8.318280336644244544e-03 1.314018209774122335e-02 1.182829215458413609e-02 1.028238843685104313e-02 1.102962528799722799e-02 1.027770817379373459e-02 1.026580456399615177e-02 1.472573916573740455e-02 1.025859178996701461e-02 1.105852855304524131e-02 1.024541728253247110e-02 1.200058665738696836e-02 9.657319968279058642e-03 1.024296781290258418e-02 9.653498799097487773e-03 9.657664677506689471e-03 1.026514050417405219e-02 9.626785649832889438e-03 1.183445188312199151e-02 8.848854474658737410e-03 1.094390246083806403e-02 1.199334716671975748e-02 1.313591472843556908e-02
1.141154534187292444e-02 1.408857370732546042e-02 1.144800866092739004e-02 1.095515421056923733e-02 1.418625182711937861e-02 1.289972894439799476e-02 1.765404510921282297e-02 1.296862382572925611e-02 1.283997276115940792e-02 1.087016952044693972e-02 0.000000000000000000e+00 1.559369970902301818e-02 1.287885268180404691e-02 1.203744558208903921e-02 1.211524099691521986e-02 1.093611672711478251e-02 1.092111731869952439e-02 1.207112590190351394e-02 1.140736922876817161e-02 1.043666942574856919e-02 1.095298737878607799e-02 1.405987061322175671e-02 1.768659537296722595e-02 1.145263384839394737e-02 1.210834231528322077e-02 1.151876548411000407e-02 1.148836637415017424e-02 1.561351679022514663e-02 1.142793809623777676e-02 1.206195955269672576e-02 1.288395200320002765e-02 1.211943320374425301e-02 1.214180641978444310e-02 1.142445511770410344e-02 1.215551358181216415e-02 1.142028550758598764e-02 1.127358632382069285e-02 1.299457433049349721e-02 1.081574805545549960e-02 1.143111892407970565e-02 1.416007171121407872e-02 1.561406991444405298e-02 1.097377272873311174e-02 1.402459324799622958e-02 1.295571714569952564e-02 1.294326150736536604e-02 1.097105318813211550e-02 1.286846424749320435e-02 1.286534865910854072e-02 1.294200824067214331e-02 1.145135267355133421e-02 1.212477283384707540e-02 1.214986730654544003e-02 1.213373650881466315e-02 1.293647787359194709e-02 1.404730211927979200e-02 1.407170176602514505e-02 1.209092556387078923e-02 1.149733460972743315e-02 1.297676846046951285e-02 1.152635388594959800e-02 1.146643105653228148e-02 1.148919717018707237e-02 1.407402323844753403e-02 1.300251253468945323e-02 1.402482685322975833e-02 1.093531321483150708e-02 1.210057550209628179e-02 1.297071693553174081e-02 1.208686282442046102e-02 1.056914315282998090e-02 1.204399862865016511e-02 1.205073765544418390e-02 1.214956085242356598e-02 1.097615876702766509e-02 1.203772516049270679e-02 1.760758209306955910e-02 1.025552611597264387e-02 1.027013804597590174e-02 1.400570215229856794e-02 1.210375157620703461e-02 1.404344643164484249e-02 1.093413235102838436e-02 1.097699045295703023e-02 1.412090349046254099e-02 1.027931040778362615e-02 1.293508269738467310e-02 1.408953803433773619e-02 1.295828696207424607e-02 1.215281644117315908e-02 1.407637572214834668e-02 1.147043208755474039e-02 1.294968936322566690e-02 1.302760389936729116e-02 1.196330110557536699e-02 1.292362083490020824e-02 1.295947071325076472e-02 1.140397501128832813e-02 1.144056441161082384e-02 1.410808051015456296e-02 1.141772869615508869e-02 1.202822615314057784e-02 1.300608107719003655e-02 1.413117742160899769e-02 1.295320821447319692e-02 9.798484494299092643e-03 1.380581075652879443e-02 1.294119171441086846e-02 1.146311566849428018e-02 1.211627526297605686e-02 1.146026951369860138e-02 1.144688162778171626e-02 1.551051897810465027e-02 1.144068798386409409e-02 1.213243075872270926e-02 1.143150204373137753e-02 1.297187041455161692e-02 1.093290029382549058e-02 1.143012132364266617e-02 1.092641565104551793e-02 1.092637611626089134e-02 1.144830117933078387e-02 1.090448213008429063e-02 1.294219261658374753e-02 1.015905453385033443e-02 1.203195071080848284e-02 1.296320557330969681e-02 1.401485942290930584e-02
1.511767278934160810e-02 1.705594026332245619e-02 1.514260351858637797e-02 1.478311182383201632e-02 1.712851518141746826e-02 1.631895140022856031e-02 1.995785793603083169e-02 1.623424766043174428e-02 1.598203509633782521e-02 1.481496346138337639e-02 1.559369970902301818e-02 0.000000000000000000e+00 1.616699285883708981e-02 1.556558469132614600e-02 1.562249820760565691e-02 1.476929169365459073e-02 1.475879653139985231e-02 1.559746501416008242e-02 1.511140862269424838e-02 1.447868089897846530e-02 1.478298083637278118e-02 1.703609066848748091e-02 1.997784617445664060e-02 1.514603384987826123e-02 1.561570923192032688e-02 1.519290849756757891e-02 1.516061832235682770e-02 1.824161010608190206e-02 1.513095389121519967e-02 1.558727728573622642e-02 1.617270552306790746e-02 1.562388099268845545e-02 1.563941143194402805e-02 1.512882511294800017e-02 1.565185899799375127e-02 1.512621521898688953e-02 1.511976502471595180e-02 1.625145774247258729e-02 1.477015721533671624e-02 1.513825651380787396e-02 1.711421961795263347e-02 1.824479694103125701e-02 1.479692288010325645e-02 1.700978344026543923e-02 1.621618618995364705e-02 1.621121007870938296e-02 1.479231367622758225e-02 1.615843825343848961e-02 1.615318358307162375e-02 1.620353535299514855e-02 1.514132158054416234e-02 1.537994119372489144e-02 1.564494970039167349e-02 1.538565536792032597e-02 1.620550932572831226e-02 1.702487162357904302e-02 1.703880309966549628e-02 1.560102074443085567e-02 1.517410257489926369e-02 1.623361299530660939e-02 1.519291261998651464e-02 1.515259005340738145e-02 1.496258781352952268e-02 1.703296674598476362e-02 1.625122619681900610e-02 1.700303600009096458e-02 1.476705675873547785e-02 1.536561842935702145e-02 1.622841057198994366e-02 1.559173682148384983e-02 1.449846301661012957e-02 1.556654080307219232e-02 1.557139187742270607e-02 1.564326557823978586e-02 1.480225750631667704e-02 1.556644865718395145e-02 1.991630616448621105e-02 1.426212486222203264e-02 1.427445617478222475e-02 1.715619555620376963e-02 1.561144810166637149e-02 1.702385807855209821e-02 1.477192976054899493e-02 1.479645267254183459e-02 1.708179957259975748e-02 1.414874646634124017e-02 1.620390318921455935e-02 1.705688965553874697e-02 1.623302621152418121e-02 1.564761788992713107e-02 1.704326299572651859e-02 1.515772561503171516e-02 1.622173718097683764e-02 1.626969063227630755e-02 1.563098679736878854e-02 1.620046158542890954e-02 1.622639017594080732e-02 1.511148755215125164e-02 1.513961943631970952e-02 1.707719496503517717e-02 1.512120445605378768e-02 1.556117990353479176e-02 1.625737411195630686e-02 1.708696661788650789e-02 1.592545365816032746e-02 1.391075448543259083e-02 1.700496498919749563e-02 1.621480893851133878e-02 1.514888020850808058e-02 1.562263579737179810e-02 1.515231427781520666e-02 1.514561192712867745e-02 1.815882608602452722e-02 1.513153956157327167e-02 1.563237523237671553e-02 1.512726922822517188e-02 1.622994031042563137e-02 1.476517792226137056e-02 1.513011218701753799e-02 1.476086779813106341e-02 1.476748319769210192e-02 1.514293593088655160e-02 1.474828170932997347e-02 1.621848559713169255e-02 1.426066480153676333e-02 1.556127622644488603e-02 1.622990166476281221e-02 1.700275317828368882e-02
