0.000000000000000000e+00 8.248168190799739022e-03 8.528351024707165121e-03 8.275994391279293746e-03 8.565539983948797925e-03 9.136115561426840989e-03 7.744063020884759015e-03 8.007072717631302100e-03 7.209783102808973998e-03 7.964822633244729097e-03 9.542904703620500029e-03 8.544054179690955403e-03 9.538448029071555645e-03 8.819427148223328919e-03 7.996129526257764186e-03 7.755861217387988865e-03 8.270514937887746276e-03 8.524633503137302865e-03 1.096626369285144675e-02 7.753200886438937900e-03 8.555633453390784973e-03 9.171573678880126299e-03 9.230555558714192629e-03 9.561318411767051953e-03 8.285650275404874560e-03 8.885591804654858344e-03 9.558617082529283909e-03 8.228208932316851201e-03 7.802434225729746112e-03 1.043012459132385689e-02 8.240578439392465260e-03 9.563728215928981799e-03 6.956286773292230489e-03 8.590603471206305353e-03 9.217289299822434279e-03 9.581621234959487865e-03 9.209407099662983778e-03 1.226059442595160351e-02 7.810034028537744637e-03 8.286545226969232666e-03 8.881440695480498707e-03 8.040731578261042095e-03 8.558413858409455455e-03 8.886446174116264043e-03 8.880337907345509790e-03 8.876337715581496604e-03 8.282961454212808133e-03 1.163047637872957098e-02 7.382973081632137821e-03 7.818742270407179340e-03 8.030308450325693292e-03 9.191083648993488356e-03 8.568333874940737074e-03 1.003498541702858501e-02 8.285122508059850066e-03 9.608578543459518270e-03 7.055878860916982472e-03 9.222806667327226524e-03 8.532054204354422994e-03 8.234765150520977420e-03 8.573307629642579891e-03 8.579504806903741690e-03 9.193084690759641131e-03 7.608938632914144691e-03 8.043903134017284934e-03 9.209441189060826524e-03 7.809371090674312524e-03 8.858984716903292242e-03 7.426533007408525101e-03 8.048074589215879759e-03 9.591055289165368106e-03 8.881939275213579510e-03 8.894609957179942447e-03 9.186227346963327794e-03 1.300849794072284939e-02 8.030232311857116514e-03 8.578822703439710831e-03 7.420052765059611914e-03 9.228608267723287240e-03 7.607191740870495288e-03 8.291024284681083531e-03 8.052698348678048734e-03 8.287431738270966547e-03 8.525616153025434088e-03 8.602808480214567746e-03 7.413482887799262809e-03 9.190930778773536911e-03 9.621988427816214468e-03 8.889716646125192176e-03 1.002209691985466930e-02 7.811051588641215911e-03 8.603962628360056417e-03 8.030952160038851151e-03 1.100686965152387897e-02 9.581134217856675239e-03 8.284430710605916737e-03 9.240957261319340463e-03 8.842776258871264811e-03 7.401411782459797577e-03 8.280220610455038543e-03 9.615690964212868924e-03 8.242530043854539440e-03 9.223102411521013830e-03 8.546087664404436804e-03 7.092231967547766788e-03 8.272093317899320911e-03 1.002398327036295791e-02 9.219483347309164606e-03 7.807309143631047284e-03 1.159012837103460050e-02 9.211717233968361521e-03 9.207348385289878742e-03 9.242019320664766197e-03 7.099815553440629035e-03 7.814727598323424271e-03 8.315482057323776710e-03 1.046822684788035682e-02 8.035072139342345696e-03 8.282165834584217026e-03 8.311172998378189500e-03 7.427041540480593118e-03 8.582468960083879800e-03 9.610320184258697163e-03 8.559602967198019080e-03 8.872907095041621464e-03 8.582456820891771684e-03 8.894450521311806149e-03 8.293903280245351270e-03
8.248168190799739022e-03 0.000000000000000000e+00 9.252349068902154805e-03 8.989885926136411895e-03 9.245202361875771643e-03 9.858683211239224059e-03 8.610222676131078917e-03 8.792121298667835219e-03 8.107361709595686458e-03 8.803328343134719444e-03 1.017151632027860422e-02 9.281618289334636271e-03 1.023379808611837513e-02 9.513030987059301058e-03 8.832235534256514808e-03 8.574364956843345126e-03 8.984402712120845638e-03 9.301228574101991567e-03 1.158267157172237528e-02 8.618130394274611111e-03 9.235879057618755911e-03 9.830613991699500495e-03 9.840914922710419441e-03 1.018984711719743072e-02 9.051343789359752798e-03 9.587120925748352299e-03 1.018807675340659483e-02 9.036404125994610195e-03 8.581957268374334341e-03 1.107201893550398969e-02 8.996242221968235239e-03 1.025437509347809292e-02 7.899550254877223468e-03 9.323115881414659883e-03 9.891654385363973095e-03 1.022637599059307394e-02 9.883955116575155603e-03 1.277068009476697505e-02 8.587649310920814419e-03 9.052544352989140564e-03 9.584035293475116901e-03 8.786545979914898996e-03 9.294244627788028276e-03 9.587302675426272874e-03 9.584646328511687088e-03 9.580285308733275940e-03 9.049362619187685530e-03 1.216532709000220890e-02 8.295884582810374511e-03 8.641388931665638581e-03 8.826459948109934353e-03 9.910477451795704149e-03 9.303101075932228639e-03 1.064849216838636460e-02 9.050394851384672631e-03 1.025304391346854374e-02 8.012954670036747523e-03 9.894775138357393002e-03 9.309259721786032268e-03 9.042559056381890836e-03 9.251663050870936184e-03 9.312476467963563820e-03 9.869647369017851488e-03 8.460272476559879684e-03 8.835643827101231917e-03 9.822050980768945797e-03 8.631769407452411294e-03 9.562763328524943526e-03 8.302614264993684809e-03 8.840807514479437357e-03 1.023514507202779103e-02 9.584692052047663613e-03 9.595637293635855825e-03 9.860859991084934204e-03 1.349582448537948662e-02 8.824930227468162289e-03 9.310294969393697467e-03 8.296200972510464622e-03 9.898950394063540589e-03 8.457287547893321822e-03 9.055286389069943861e-03 8.844956448012898653e-03 9.051963021831513703e-03 9.302905043570300347e-03 9.332345583463885416e-03 8.290133159457801007e-03 9.804589484089626730e-03 1.019815520897817893e-02 9.590244711590761514e-03 1.063633443584831480e-02 8.633493742605944515e-03 9.333095899907870030e-03 8.825657069757327292e-03 1.156730047474227238e-02 1.022497743687987917e-02 9.048969293409451706e-03 9.911144000076607327e-03 9.548877027313162902e-03 8.279938436141821151e-03 9.045274521182216157e-03 1.025689658221954660e-02 9.049285898106749354e-03 9.895183412347297036e-03 9.282538171300378296e-03 8.016601123921307179e-03 9.038541800623236741e-03 1.056883555049169428e-02 9.892236843329045917e-03 8.631404617272315366e-03 1.212568138760170867e-02 9.885301371685780228e-03 9.881906516002148325e-03 9.912571857267477721e-03 8.022917764732807530e-03 8.637031647943441831e-03 9.077523933215460306e-03 1.105552059593480421e-02 8.830035455022543917e-03 9.047263400555310975e-03 9.072646538823867651e-03 8.302910738805163032e-03 9.313968694858829056e-03 1.025256610698357766e-02 9.295058736766859467e-03 9.516563927943576598e-03 9.314674019653282691e-03 9.595367418238626503e-03 9.058645712227931732e-03
8.528351024707165121e-03 9.252349068902154805e-03 0.000000000000000000e+00 9.239942187593752285e-03 9.543107814748076623e-03 1.001845918176734462e-02 8.881413257561305077e-03 9.047680608966655533e-03 8.395333896161654916e-03 9.014307021180088114e-03 1.037779628608893369e-02 9.465443948664779145e-03 1.044691717525458516e-02 9.803833349200079955e-03 9.092663024863698734e-03 8.890401067890659273e-03 9.234961122104789685e-03 9.485139250168101582e-03 1.168675313897328712e-02 8.840193306457827527e-03 9.533750203650220509e-03 1.005064410138599429e-02 1.012350121404971028e-02 1.046556199998738626e-02 9.247021905947172549e-03 9.820773856426006157e-03 1.039227150114120299e-02 9.235131300258816664e-03 8.898872247522088275e-03 1.118987186086793130e-02 9.245078681236466867e-03 1.039831381998473220e-02 8.200655000281381959e-03 9.566393959201986361e-03 1.004965903351794088e-02 1.044041214531491249e-02 1.004200432225045396e-02 1.293972412386270622e-02 8.905691997290018230e-03 9.306175969075111687e-03 9.819831843190964318e-03 9.099118107899204985e-03 9.538619666082584839e-03 9.821815832543387761e-03 9.818507102570478776e-03 9.814506605717518428e-03 9.302286568765135572e-03 1.233942784559331936e-02 8.579335139022231660e-03 8.912932086433986850e-03 9.089142159653817651e-03 1.013388669220392432e-02 9.545998703420138093e-03 1.085370545092540460e-02 9.303523276239225245e-03 1.046538540249139504e-02 8.309105536841828593e-03 1.011987639909870534e-02 9.493482267628161955e-03 9.296332082388210002e-03 9.550890279702833191e-03 9.556281055617930204e-03 1.009482572491149713e-02 8.690337283146087541e-03 9.101457551712679311e-03 1.010882728933113796e-02 8.905177165410499765e-03 9.799167701879593628e-03 8.589099659340536375e-03 9.105182279808884255e-03 1.045094421583647563e-02 9.820457942856266470e-03 9.831024181925916011e-03 1.008822358500146427e-02 1.365656788061694708e-02 9.089856420738007259e-03 9.556974434547152800e-03 8.582895398262508149e-03 1.012583938683065538e-02 8.737352633375506869e-03 9.311017024270373463e-03 9.109055860733478865e-03 9.307882202034172339e-03 9.548595996992684590e-03 9.577746761647257245e-03 8.577963012044189511e-03 1.009219180848659747e-02 1.047794006247920566e-02 9.827263630103364594e-03 1.084200415088419807e-02 8.906821913322078219e-03 9.578389883987433254e-03 9.091162424279299048e-03 1.175394746694028401e-02 1.044170109980101582e-02 9.305091981081569860e-03 1.013715276195981119e-02 9.786188875400532797e-03 8.567848465021525931e-03 9.301536253187171754e-03 1.047282876619732087e-02 9.305106539287458928e-03 1.012095284274883329e-02 9.528972091364048408e-03 8.314221847055318360e-03 9.294359897446943450e-03 1.084346350320127168e-02 1.011775957154263661e-02 8.903854436654845203e-03 1.230247347630440170e-02 1.011118832163640860e-02 1.010688029735041550e-02 1.013806321632721233e-02 8.320289058171214183e-03 8.909975294361870482e-03 9.331747827383723645e-03 1.125240962125762488e-02 9.094379791150252607e-03 9.303426109595131638e-03 9.327700654595708768e-03 8.589236730269619174e-03 9.560402200387032451e-03 1.046738193760132427e-02 9.540467279100248513e-03 9.811997292753603730e-03 9.559902963548905924e-03 9.830847617335368785e-03 9.313101609503491793e-03
8.275994391279293746e-03 8.989885926136411895e-03 9.239942187593752285e-03 0.000000000000000000e+00 9.231245433041176604e-03 9.787967465371302106e-03 8.550811356490014767e-03 8.778978905238470770e-03 8.092215862343576580e-03 8.738586563800054829e-03 1.016063865368216877e-02 9.212748891422338493e-03 1.015840992537444740e-02 9.557229017426810413e-03 8.768656807189224855e-03 8.559218466624902294e-03 8.971268878200554936e-03 9.235068585854037948e-03 1.157317140546191073e-02 8.557825233041249299e-03 9.221602165209757951e-03 9.878999688597168288e-03 9.828651387614574866e-03 1.017956617012902645e-02 8.986428725279070606e-03 9.517425454628348352e-03 1.024007709524707779e-02 8.972169879262864231e-03 8.568996126619994602e-03 1.106173412208991125e-02 9.034732126048558923e-03 1.017956271937766298e-02 7.887379570197288609e-03 9.313412561282714830e-03 9.882239423409457796e-03 1.021786712053873898e-02 9.874250905714948567e-03 1.276544999722869708e-02 8.623424344525518551e-03 9.042131316023436713e-03 9.575043450331660946e-03 8.825347732092710118e-03 9.283926871785037893e-03 9.521331149827842039e-03 9.575188823606830407e-03 9.571791142321196127e-03 9.038611001923503238e-03 1.215700753967600620e-02 8.283970207113616063e-03 8.630310279556492950e-03 8.816163364846838629e-03 9.901504800927612635e-03 9.292643710497146964e-03 1.064282266877856868e-02 9.039159203039201507e-03 1.024277049724342525e-02 8.000013138994704898e-03 9.885838967988180154e-03 9.299200499213136628e-03 9.033008984307625347e-03 9.297555223417431139e-03 9.303114299399870696e-03 9.859790945036075657e-03 8.447218133153645489e-03 8.827445773433476722e-03 9.874378862260908135e-03 8.622404370103869606e-03 9.554532703641866256e-03 8.291418798971363080e-03 8.831376131791322803e-03 1.022663473706575399e-02 9.575851764759875026e-03 9.586876534604027097e-03 9.853006523630565214e-03 1.349017277128698386e-02 8.815874868694823993e-03 9.302254930557217472e-03 8.285972392704754955e-03 9.891886240649282527e-03 8.446979580114305844e-03 9.046104112891971069e-03 8.835421308692019415e-03 9.042893407140008971e-03 9.293896657257922841e-03 9.323879174226274227e-03 8.279898495183740312e-03 9.857145302382892479e-03 1.025494664808420178e-02 9.582909431846527853e-03 1.062882394058160471e-02 8.623785345475516381e-03 9.324543833159015110e-03 8.816334412338568127e-03 1.156053570866553623e-02 1.021757603682527105e-02 9.039905014436586464e-03 9.903569524468067153e-03 9.539285247883923236e-03 8.269694559893413927e-03 9.036156647588755239e-03 1.024961074799181707e-02 9.039255519283171530e-03 9.886811775558477372e-03 9.273059102747154697e-03 8.004214707534137996e-03 9.028689371656307625e-03 1.062989997304457195e-02 9.884348411871740972e-03 8.620968826877760394e-03 1.211840242663628914e-02 9.876724620348404510e-03 9.872702152099323281e-03 9.903965514645056423e-03 8.011041874234460861e-03 8.627059376880793357e-03 9.067323872271208784e-03 1.104887586555073145e-02 8.820011537329698961e-03 9.038161868839262106e-03 9.063529820549993260e-03 8.292102237934922612e-03 9.305269481096273623e-03 1.024464591752609864e-02 9.285052266561339210e-03 9.566446407225101881e-03 9.305261497996800482e-03 9.586101590356947005e-03 9.048280889935924123e-03
8.565539983948797925e-03 9.245202361875771643e-03 9.543107814748076623e-03 9.231245433041176604e-03 0.000000000000000000e+00 1.007761648173547200e-02 8.871510088830754370e-03 9.094794164638904735e-03 8.427957281192438935e-03 9.006182124392313887e-03 1.044358426976915548e-02 9.517520803972577548e-03 1.036907677563464990e-02 9.734713873630819470e-03 9.031640991522104506e-03 8.832144790115334376e-03 9.228020707865141475e-03 9.479111368441626301e-03 1.168133088380477781e-02 8.831754281543398657e-03 9.468424541024948390e-03 1.004326701017193776e-02 1.011829829417161021e-02 1.046036559944765916e-02 9.240609525785467571e-03 9.750662349441928736e-03 1.045633863813219371e-02 9.229598853565303823e-03 8.840782472698791722e-03 1.126139069845473982e-02 9.236935399313857958e-03 1.039300568292887521e-02 8.191664144159428729e-03 9.559293281639199766e-03 1.011032966371109773e-02 1.043437829374782230e-02 1.010089048530737020e-02 1.293445839153019826e-02 8.896876189334310125e-03 9.299185763338919594e-03 9.750037123306885128e-03 9.089987164588770457e-03 9.530418507136392478e-03 9.753238250916869759e-03 9.812333465999278567e-03 9.807412590156043553e-03 9.293596368506705507e-03 1.233412137258056013e-02 8.572499108717650251e-03 8.904184800448553677e-03 9.081780299931120973e-03 1.012842260168411203e-02 9.482445640672456863e-03 1.084718822637748686e-02 9.296114195520266063e-03 1.045859784729197446e-02 8.300308343273573794e-03 1.011347613777681398e-02 9.547174162228303992e-03 9.289748450461725662e-03 9.543514480475320458e-03 9.549365184123064648e-03 1.008739853532715156e-02 8.730884938380277516e-03 9.092883058998479234e-03 1.010140489732964421e-02 8.896329299427822510e-03 9.792603546134585890e-03 8.579901913433487723e-03 9.096588554332362200e-03 1.044330685757725342e-02 9.812686523298889615e-03 9.824238658361262103e-03 1.008076086327277729e-02 1.365076544865474924e-02 9.081563727055206800e-03 9.549245861147574732e-03 8.574175488148674112e-03 1.011879971548138545e-02 8.728309954601503814e-03 9.302116932189453263e-03 9.100464102935143865e-03 9.299859679186200934e-03 9.540863297553289421e-03 9.570071215477539764e-03 8.524879459209943472e-03 1.008474635809625090e-02 1.047084070557923949e-02 9.819514461437472974e-03 1.083562332638685413e-02 8.897979827038833556e-03 9.570336542731807880e-03 9.082551411855575157e-03 1.174771363878475590e-02 1.043495641886864680e-02 9.296746082705821188e-03 1.013008912055072229e-02 9.777723913017885571e-03 8.558091962926322321e-03 9.293444615236979081e-03 1.046535665472075882e-02 9.295726424822766190e-03 1.011316086830518594e-02 9.520533752510164718e-03 8.303959597938828305e-03 9.285689716981777517e-03 1.083656530445814038e-02 1.011073235120365545e-02 8.895271734623297691e-03 1.229567823657821274e-02 1.010335303770520422e-02 1.010017873843982276e-02 1.006421710119935128e-02 8.310512511267610647e-03 8.901043248289513057e-03 9.322684649342974708e-03 1.124627917658549588e-02 9.085723220489319921e-03 9.294765431320142768e-03 9.319042145075248293e-03 8.579723063190061727e-03 9.552132416735236234e-03 1.046124645550100714e-02 9.532363356001879312e-03 9.803896842464956615e-03 9.551479720660475611e-03 9.822168770029107362e-03 9.304425450217883656e-03
9.136115561426840989e-03 9.858683211239224059e-03 1.001845918176734462e-02 9.787967465371302106e-03 1.007761648173547200e-02 0.000000000000000000e+00 9.465561733972236227e-03 9.614537208932558143e-03 9.012561732053432292e-03 9.580000814307798249e-03 1.092189564556505718e-02 1.006055317608424773e-02 1.083990566974579565e-02 1.025085187197024086e-02 9.663486514464166358e-03 9.421812471421974269e-03 9.784610024974962211e-03 1.008013388258038878e-02 1.217429873334920434e-02 9.475048851290444191e-03 1.000470034029070192e-02 1.053574597222048902e-02 1.054431339537828874e-02 1.093996994592411239e-02 9.857177748942839990e-03 1.033425217818888762e-02 1.085724072541124907e-02 9.782952249432036798e-03 9.429558004553618977e-03 1.169117419005284014e-02 9.855662747974842930e-03 1.093949029797261670e-02 8.838481445425547603e-03 1.009837876514874284e-02 1.060786911544119374e-02 1.091192461289069125e-02 1.060119034047009995e-02 1.330462343570195521e-02 9.488827006733729919e-03 9.797140063385667563e-03 1.033291980333975006e-02 9.666950059322564764e-03 1.007251370766485028e-02 1.033520937049213322e-02 1.033262561736618228e-02 1.032899562445605511e-02 9.854805860834829970e-03 1.272545804953234376e-02 9.141655235967410809e-03 9.494221499618220664e-03 9.658083589446444378e-03 1.062682480576914931e-02 1.001520455539000980e-02 1.130039012320688090e-02 9.856367442510555535e-03 1.093550092161439842e-02 8.896438208680450960e-03 1.061243457809757894e-02 1.002030694280726421e-02 9.850549484270497078e-03 1.008425990592447599e-02 1.008928414595272605e-02 1.058680515168442839e-02 9.283283898370372697e-03 9.670023533566962995e-03 1.060352838147127739e-02 9.489115855227017032e-03 1.031518358283673754e-02 9.197752375624942620e-03 9.673383018364964739e-03 1.092283451045241750e-02 1.033428770455607597e-02 1.034461931444480808e-02 1.058285857575179574e-02 1.400422151695124642e-02 9.659294425250607857e-03 1.009023723326253966e-02 9.192460519817998929e-03 1.061850630656194922e-02 9.334410982846864241e-03 9.862577256522743127e-03 9.676927895216607539e-03 9.860222625715418798e-03 1.008245046277025415e-02 1.010942257644775223e-02 9.187468374302244431e-03 1.058761731175835580e-02 1.094865243964079568e-02 1.034059545744400212e-02 1.129145743283605299e-02 9.490634499688781200e-03 1.010998234302548128e-02 9.660519162405895380e-03 1.216077031501878146e-02 1.091417688407310925e-02 9.857742109717668177e-03 1.062898284925919805e-02 1.030197972302794238e-02 9.178141533063031987e-03 9.854424660362827437e-03 1.094333097723162659e-02 9.856555994157191816e-03 1.061388639552247534e-02 1.006440294114031853e-02 8.943201691947589085e-03 9.847832161952551136e-03 1.129276538412057884e-02 1.061079528216814748e-02 9.487914242770807000e-03 1.268885627496124831e-02 1.060478874749158119e-02 1.060069528251806649e-02 1.062982313447429460e-02 8.949285129206143580e-03 9.492716358452198480e-03 9.882263954236707518e-03 1.168112552609030033e-02 9.663459170988658239e-03 9.855817071324518563e-03 9.878469304301317616e-03 9.197774266343152968e-03 1.009247731833644995e-02 1.093750048096456783e-02 1.007462142562333060e-02 1.032620052023409257e-02 1.009292124450456712e-02 1.034439884476991492e-02 9.865064448308043243e-03
7.744063020884759015e-03 8.610222676131078917e-03 8.881413257561305077e-03 8.550811356490014767e-03 8.871510088830754370e-03 9.465561733972236227e-03 0.000000000000000000e+00 8.382364068909362378e-03 7.590612971276400507e-03 8.295284282687933816e-03 9.864420579717992840e-03 8.802562734300948058e-03 9.802088470315035648e-03 9.110844649905285725e-03 8.324624817657307399e-03 8.097676387412568871e-03 8.545880879539950042e-03 8.876235782707330921e-03 1.126143422939000251e-02 8.096845936828063126e-03 8.814203795996065557e-03 9.449287092673947300e-03 9.514311097976886275e-03 9.883157472434751095e-03 8.607229588188183150e-03 9.127822615296066547e-03 9.821661983660225081e-03 8.545971918113799692e-03 8.108100366139386200e-03 1.073215808706202458e-02 8.557672180680687968e-03 9.827147807463914794e-03 7.357129327727935514e-03 8.897076728159964906e-03 9.500560398973414977e-03 9.852217670531616261e-03 9.491819422176155444e-03 1.247478250137555242e-02 8.113385825828850484e-03 8.606971040388371186e-03 9.175400281057125712e-03 8.374297437795958504e-03 8.866319003848146738e-03 9.180055632037262270e-03 9.175403822290515571e-03 9.170018901271569794e-03 8.602360134626169455e-03 1.185451772728148175e-02 7.787814540310159135e-03 8.163455210064987991e-03 8.362576265175879556e-03 9.521035991517741784e-03 8.825902121651978474e-03 1.029224475178094726e-02 8.604552007140031308e-03 9.878740701915645836e-03 7.445647384612571508e-03 9.448830263222691983e-03 8.833739764246803169e-03 8.597383100245097054e-03 8.879959117074086306e-03 8.884988073767127736e-03 9.420557011646254683e-03 7.968119158608033895e-03 8.376427870726522659e-03 9.491779975128410846e-03 8.155131555798609752e-03 9.154301778547023830e-03 7.796955184259892445e-03 8.380736728359108878e-03 9.861093392380974529e-03 9.176030015762550937e-03 9.187814917845107954e-03 9.469039205348585633e-03 1.321495989783119662e-02 8.363463738847481260e-03 8.886154082400706325e-03 7.790743695362932313e-03 9.510344190624294564e-03 7.965211922720465826e-03 8.611439956079883912e-03 8.384888413814387334e-03 8.608146206131166503e-03 8.876530932299165483e-03 8.908793765467109757e-03 7.784277089559111899e-03 9.473550434249307373e-03 9.890774271302945134e-03 9.183836486769153540e-03 1.028021496637506957e-02 8.114759977121355217e-03 8.909145781757932953e-03 8.320413387690439241e-03 1.124349545918704868e-02 9.851173428388402403e-03 8.604818388642925323e-03 9.522702987732225080e-03 9.137937737049307493e-03 7.773073564586422887e-03 8.601274234739017185e-03 9.885519431927692127e-03 8.604821415079675836e-03 9.505101110672865145e-03 8.854973107287318276e-03 7.485153445537853605e-03 8.593190529168247965e-03 1.028246684084497577e-02 9.501853360063100204e-03 8.154255433973790074e-03 1.181606585610740778e-02 9.494487331834316340e-03 9.489857348376574964e-03 9.523726086877421643e-03 7.492534447272366192e-03 8.160942950640693791e-03 8.635104082608190471e-03 1.071601893082899798e-02 8.369156957223884349e-03 8.603724199787015151e-03 8.631012486325436925e-03 7.797863082033737805e-03 8.889263986598082423e-03 9.879837057760146313e-03 8.867780677057155586e-03 9.168153810286737079e-03 8.889396188861312803e-03 9.188845435820547358e-03 8.614607662703450963e-03
8.007072717631302100e-03 8.792121298667835219e-03 9.047680608966655533e-03 8.778978905238470770e-03 9.094794164638904735e-03 9.614537208932558143e-03 8.382364068909362378e-03 0.000000000000000000e+00 7.898397855131404632e-03 8.535032464980342112e-03 9.994968155800669149e-03 9.076111652191303988e-03 1.005359291714214530e-02 9.319090034902399039e-03 8.563174065087367573e-03 8.391828508381219548e-03 8.774436054677601030e-03 9.096781782914706987e-03 1.135802890855623463e-02 8.345975146038204368e-03 9.085834140031648701e-03 9.646492521338975029e-03 9.655397581964540385e-03 1.001210285515707725e-02 8.787665899470591818e-03 9.336740302296961391e-03 1.007203721423978980e-02 8.774564112340697830e-03 8.400340350807293868e-03 1.084218792349117035e-02 8.785209733996129922e-03 1.001559756890601019e-02 7.643470101996299726e-03 9.120344247727394868e-03 9.645270272113584328e-03 9.986191348689435129e-03 9.696024483584197995e-03 1.263173100583124715e-02 8.408162206110866496e-03 8.839812705722446470e-03 9.390193319978422035e-03 8.617534584897211872e-03 9.090714957272851005e-03 9.392429852734919885e-03 9.389156036667579627e-03 9.385592556258029115e-03 8.836517389850237492e-03 1.201698998760685963e-02 8.054533107312113194e-03 8.414087955736091612e-03 8.607346443900168453e-03 9.723067328069269835e-03 9.099623528944592379e-03 1.047931502492742591e-02 8.787145814928620791e-03 1.007410933146555936e-02 7.760804490953271580e-03 9.709447134536456150e-03 9.105944009127724115e-03 8.830487266876860600e-03 9.103392238424965616e-03 9.109111586359314866e-03 9.682105535320395528e-03 8.182511014930159490e-03 8.618077664399235310e-03 9.697142468016894945e-03 8.406941593330621854e-03 9.313045786816158064e-03 8.063798735249826793e-03 8.622802082682599206e-03 1.005733234878563795e-02 9.390309596787891136e-03 9.402156743380941928e-03 9.675131181423352045e-03 1.336322121830649245e-02 8.606206396679147788e-03 9.109217245737899829e-03 8.057698738641544053e-03 9.714399875369457774e-03 8.224335733909951193e-03 8.844314955671393405e-03 8.626993621697552281e-03 8.842192468348476775e-03 9.100516808062428936e-03 9.131195278836264778e-03 8.051826232637681463e-03 9.678878181740862077e-03 1.008568421654095805e-02 9.398079794839989121e-03 1.046741873558006131e-02 8.408248778050075867e-03 9.131866774988863650e-03 8.608053883329500749e-03 1.141374572979388970e-02 1.004806334055779841e-02 8.838306477724712854e-03 9.726993009337164472e-03 9.353913171958074674e-03 8.041284920960701035e-03 8.835028998686428672e-03 1.008082568935100669e-02 8.838942948112580439e-03 9.709856153670919088e-03 9.079394531302267118e-03 7.766472023592548013e-03 8.827276172183670319e-03 1.046908507202057650e-02 9.707296165188944795e-03 8.405027185763721057e-03 1.197851148204462715e-02 9.698948588418014605e-03 9.695036419062467645e-03 9.727981917150119867e-03 7.773074238320842703e-03 8.412158253833153590e-03 8.867220976194927287e-03 1.089468704909226683e-02 8.611571014590643086e-03 8.837054821564402016e-03 8.863301833090014153e-03 8.064598781141624553e-03 9.113135267243747603e-03 1.007516338999477762e-02 9.091731238812433835e-03 9.381354581388523864e-03 9.112593316680036790e-03 9.402034873007966351e-03 8.847530304568298684e-03
7.209783102808973998e-03 8.107361709595686458e-03 8.395333896161654916e-03 8.092215862343576580e-03 8.427957281192438935e-03 9.012561732053432292e-03 7.590612971276400507e-03 7.898397855131404632e-03 0.000000000000000000e+00 7.815973113221718824e-03 9.425204038015836533e-03 8.364271898110777967e-03 9.420804857765453788e-03 8.690815360187943012e-03 7.887086711996938587e-03 7.601350775282013708e-03 8.088733736377676578e-03 8.431586712889809279e-03 1.086442451270649284e-02 7.601235459817619333e-03 8.375788930144279637e-03 9.094129579693101956e-03 9.059124700339319519e-03 9.444927019451149555e-03 8.103295260968550531e-03 8.709973854610631588e-03 9.487744657042888191e-03 8.088077507768531155e-03 7.611623339220935716e-03 1.032185455967178818e-02 8.140487237188884923e-03 9.494304256728694144e-03 6.772978319121125169e-03 8.453076054580505386e-03 9.091553633072091758e-03 9.460577679902661477e-03 9.083556820442007310e-03 1.216243141590895790e-02 7.654882329768684587e-03 8.143194402612357816e-03 8.706048443265014189e-03 7.892020024079831469e-03 8.420948060000725890e-03 8.755113854276616592e-03 8.748873811195080619e-03 8.745028723840610890e-03 8.139442336427354929e-03 1.152922443126999132e-02 7.250318947282939977e-03 7.662869333998807014e-03 7.880270995995029490e-03 9.067207865148077181e-03 8.432274177940318749e-03 9.920077013223704485e-03 8.140794558746056175e-03 9.487342972262129484e-03 6.908794811353283390e-03 9.050693218998774256e-03 8.438552558144180385e-03 8.093207207851624632e-03 8.435956286898155937e-03 8.441915982103533403e-03 9.066650947316037129e-03 7.413335904165243607e-03 7.894026154370107143e-03 9.083013056090898443e-03 7.653392425366804461e-03 8.726731095074744676e-03 7.260268054551275232e-03 7.898716297057515809e-03 9.470271254133764971e-03 8.750545696883469532e-03 8.762290291691085184e-03 9.058929906528765535e-03 1.291501967359503372e-02 7.880890035364721338e-03 8.400006534658326085e-03 7.252875570903024281e-03 9.102371406542809559e-03 7.445517644913848473e-03 8.147755664500749145e-03 7.903339211212369320e-03 8.104444925339007386e-03 8.431634357556018131e-03 8.465962299834772081e-03 7.246087186914888095e-03 9.063380331335467097e-03 9.500457566820148456e-03 8.758443543131041314e-03 9.906183750938803156e-03 7.655495779260758360e-03 8.466337686119063469e-03 7.881508739854168125e-03 1.090005795774072646e-02 9.459877730037207985e-03 8.140928465445807297e-03 9.115339349337388958e-03 8.710311043874603698e-03 7.233964946972958228e-03 8.136682098154851550e-03 9.494517092943360534e-03 8.140377869254153756e-03 9.096848068816509175e-03 8.408512412456230559e-03 6.914704012975327226e-03 8.127985940946835103e-03 9.908212071974750387e-03 9.094120764621099751e-03 7.652049276292012016e-03 1.148818490618917776e-02 9.085666503750075562e-03 9.080544006042695279e-03 9.116416538292076294e-03 6.922873492812930615e-03 7.659737560207570232e-03 8.173450535649412485e-03 1.035740644540911540e-02 7.886108287681480380e-03 8.139317807777187233e-03 8.168707749448434613e-03 7.261174401681285903e-03 8.445447074168848170e-03 9.489876621143710639e-03 8.422172574244922785e-03 8.740567006079860007e-03 8.445202956449883447e-03 8.762969263533747569e-03 8.150662223665155331e-03
7.964822633244729097e-03 8.803328343134719444e-03 9.014307021180088114e-03 8.738586563800054829e-03 9.006182124392313887e-03 9.580000814307798249e-03 8.295284282687933816e-03 8.535032464980342112e-03 7.815973113221718824e-03 0.000000000000000000e+00 9.965367084709865139e-03 8.985077064811823611e-03 9.960209104429141799e-03 9.338658096330445038e-03 8.523755644249007488e-03 8.305093420826407946e-03 8.735815018702575152e-03 9.009548825344609532e-03 1.139930252267588873e-02 8.303510679385599919e-03 8.994827978859309958e-03 9.669807927440706580e-03 9.624771399087983861e-03 1.004478036869433343e-02 8.750586639405727452e-03 9.301748218384083694e-03 1.003991135545576757e-02 8.735593042542308048e-03 8.314426366050188186e-03 1.087903541540354187e-02 8.747226898110350285e-03 1.004437319140502605e-02 7.563066612618774519e-03 9.083732588922225834e-03 9.670464150176654242e-03 1.001581751608916424e-02 9.662931085160184064e-03 1.260556054034720104e-02 8.365912315937610796e-03 8.801638186197457275e-03 9.353280338031929111e-03 8.577116487158278207e-03 9.053241760704136901e-03 9.358725946006386104e-03 9.353921896625099972e-03 9.349359891499580549e-03 8.798218386628005663e-03 1.199190595515437982e-02 7.970877346688370196e-03 8.372800590982911600e-03 8.566008670843712133e-03 9.690390311573178830e-03 9.062837565351554436e-03 1.045010117606911225e-02 8.799610964171727945e-03 9.980712982951717507e-03 7.714500887631507361e-03 9.674913112635725662e-03 9.069191717963581700e-03 8.792565338969507427e-03 9.067768504517775136e-03 9.072737357513478013e-03 9.647451534010158605e-03 8.182113535561228584e-03 8.578866020612654908e-03 9.663532256429248346e-03 8.365114408780415650e-03 9.332990480365090796e-03 8.019970675528061838e-03 8.582995518085565281e-03 1.002487398486621648e-02 9.355250076216303085e-03 9.366682887863176515e-03 9.640979401656214406e-03 1.333892042347818198e-02 8.566802410121421296e-03 9.072278012337986128e-03 8.013699793314413289e-03 9.680999578408108763e-03 8.181976222815625852e-03 8.806441489581207094e-03 8.587219466182816410e-03 8.803110410573751488e-03 9.063275809203442945e-03 9.094021588289532415e-03 8.007397802799938805e-03 9.645745558509308953e-03 1.005437468839961122e-02 9.362522400113829080e-03 1.043648660855707108e-02 8.366580969346931046e-03 9.095361393137001843e-03 8.567295713865066831e-03 1.138561428982362914e-02 1.001552522494033280e-02 8.799950771301178268e-03 9.693015359270631612e-03 9.317559825453224434e-03 7.996468238756104796e-03 8.796061105666247437e-03 1.004837134018002516e-02 8.799054943736580800e-03 9.675768141974371017e-03 9.041929440630992396e-03 7.719305000538986480e-03 8.788276755265483214e-03 1.043818253712324416e-02 9.673233076479289747e-03 8.363562612420572320e-03 1.195167888944058919e-02 9.665381784680878233e-03 9.661244898327207148e-03 9.693488768329355104e-03 7.726425575332017577e-03 8.369967239388024019e-03 8.827873021160181216e-03 1.086507610886220179e-02 8.571106033251415721e-03 8.797821147305335404e-03 8.824558909823461070e-03 8.020151838375257775e-03 9.075411943058643571e-03 1.004327893730956600e-02 9.054071334987078348e-03 9.346121125954216444e-03 9.075356339647917131e-03 9.366472788154838955e-03 8.808650653953383966e-03
9.542904703620500029e-03 1.017151632027860422e-02 1.037779628608893369e-02 1.016063865368216877e-02 1.044358426976915548e-02 1.092189564556505718e-02 9.864420579717992840e-03 9.994968155800669149e-03 9.425204038015836533e-03 9.965367084709865139e-03 0.000000000000000000e+00 1.035982946898382322e-02 1.124682519953812236e-02 1.067425597059418023e-02 1.004865409318753296e-02 9.871477700280201911e-03 1.015755202301024847e-02 1.037440966863525244e-02 1.235318382992859655e-02 9.813263184028170327e-03 1.036812894838972168e-02 1.087020039583273985e-02 1.087684104070162777e-02 1.117648815004231022e-02 1.023293474821069388e-02 1.068763257939211141e-02 1.126049409541467726e-02 1.015744304727222297e-02 9.880416894549496482e-03 1.199045620381449656e-02 1.016560675887427309e-02 1.118020363046103721e-02 9.265281610027688297e-03 1.046629068615258576e-02 1.095118006097202563e-02 1.124297775859950388e-02 1.094424824070161506e-02 1.355992712025727229e-02 9.886548663950471202e-03 1.023919808117349818e-02 1.068924626930045467e-02 1.005556455365280537e-02 1.044192196777319823e-02 1.069174861153170640e-02 1.068795371252670261e-02 1.068560136236495171e-02 1.023504648411498533e-02 1.299327064237662359e-02 9.601142602538099285e-03 9.891901344924782999e-03 1.004801876754906481e-02 1.096821363427447939e-02 1.044929917814505470e-02 1.161556677031825441e-02 1.023640267791709260e-02 1.126469311199129741e-02 9.361090135396744893e-03 1.095565452038946286e-02 1.045518634756643743e-02 1.016536196008602753e-02 1.045324195229186022e-02 1.045802020107504220e-02 1.093294975562423242e-02 9.685372749852044424e-03 1.005781455282169293e-02 1.094516984368043393e-02 9.885552643803511078e-03 1.067154077865847470e-02 9.607299616374536180e-03 1.006094237637584349e-02 1.125129409016844065e-02 1.068972396859694043e-02 1.069891787285212788e-02 1.092720641625846700e-02 1.424439799491180811e-02 1.004753469983918519e-02 1.045746628234167815e-02 9.602864726501228118e-03 1.096058999416796645e-02 9.738182467550716634e-03 1.024150446882025715e-02 1.006433883759159063e-02 1.023865876630735902e-02 1.045002957080271369e-02 1.047570890613590787e-02 9.598092754777168625e-03 1.093054930907787735e-02 1.127533129374418130e-02 1.069576017689211934e-02 1.160470671275173546e-02 9.887014417046455922e-03 1.047622443340683052e-02 1.004876016976972465e-02 1.244392109183484890e-02 1.124304394163400285e-02 1.023638023048433279e-02 1.097064657345423952e-02 1.065899829511068354e-02 9.589242544100382362e-03 1.023325324642216684e-02 1.127096404816098872e-02 1.023633394241163681e-02 1.095625315304175722e-02 1.043302878128064999e-02 9.365345485049447402e-03 1.022699262082194666e-02 1.160583582918804126e-02 1.095410838248228776e-02 9.884484263742276955e-03 1.295732415560389879e-02 1.094757447390403392e-02 1.094362894915924117e-02 1.097138980056150577e-02 9.370675801834283183e-03 9.889836525295439898e-03 1.025970584565091825e-02 1.197990634483749040e-02 1.005159864679520260e-02 1.023495044949481424e-02 1.025610133358652830e-02 9.607935350914142969e-03 1.045991648368703453e-02 1.126665193701337740e-02 1.044306763218108038e-02 1.068140872839141650e-02 1.046007222079254131e-02 1.069939262590156696e-02 1.024337850567285171e-02
8.544054179690955403e-03 9.281618289334636271e-03 9.465443948664779145e-03 9.212748891422338493e-03 9.517520803972577548e-03 1.006055317608424773e-02 8.802562734300948058e-03 9.076111652191303988e-03 8.364271898110777967e-03 8.985077064811823611e-03 1.035982946898382322e-02 0.000000000000000000e+00 1.042456476955247804e-02 9.779950273462003837e-03 9.013975248046838737e-03 8.812968453171348554e-03 9.208543432271664234e-03 9.462384395903793155e-03 1.174912460942015464e-02 8.811363814897617275e-03 9.448043336456721578e-03 1.009340072828465024e-02 1.010245649500078613e-02 1.044614800105212078e-02 9.221472332090091192e-03 9.734436855350178663e-03 1.037107772876840091e-02 9.208718792728699809e-03 8.870119606459059280e-03 1.116823321460298432e-02 9.274840079430825973e-03 1.044563424232686222e-02 8.132139090213270916e-03 9.539018940363849092e-03 1.009032866917411973e-02 1.041748420958606494e-02 1.008293883786396360e-02 1.292015471053163840e-02 8.874748081332751309e-03 9.277289949328717394e-03 9.791908946786817558e-03 9.068818228087685215e-03 9.510736161490240120e-03 9.798366086657465251e-03 9.792256865674652672e-03 9.788859617115617737e-03 9.274022349018262029e-03 1.232085960468962127e-02 8.504923789013409466e-03 8.882320055497763475e-03 9.008208576623880776e-03 1.010968963557105048e-02 9.462265929664913713e-03 1.083190434075498310e-02 9.274918877263551784e-03 1.044206779681557812e-02 8.275958203429816321e-03 1.002831980082583528e-02 9.526411128570191206e-03 9.268679094719572617e-03 9.523655096933713454e-03 9.471556866232858779e-03 1.006729999628514123e-02 8.708477608843644829e-03 9.072201544653166541e-03 1.008414669749954119e-02 8.875024352560777902e-03 9.773699159415845383e-03 8.557600954789437026e-03 9.075922405654478914e-03 1.042701959198202855e-02 9.794775652096897670e-03 9.743125425648488727e-03 1.006291316304752659e-02 1.363853728089205186e-02 9.061626324502872198e-03 9.530244068013348641e-03 8.551843820521546485e-03 1.010066841193603925e-02 8.706933554287607166e-03 9.282636782787293678e-03 9.079745382726826103e-03 9.279509024756542324e-03 9.522165915146091689e-03 9.550500967164804803e-03 8.546850874095686390e-03 1.006743282294757930e-02 1.045512594818140753e-02 9.801594602156850702e-03 1.081904444467866010e-02 8.876323264966134302e-03 9.551135560058808885e-03 9.061451793717582859e-03 1.173381221908448811e-02 1.041757300413116705e-02 9.276682194002908860e-03 1.011271333059085391e-02 9.759417676433684505e-03 8.536520868766314663e-03 9.273716519407395123e-03 1.044952724527684236e-02 9.277693097700512662e-03 1.009644924811706895e-02 9.502127802035732068e-03 8.281986980999720555e-03 9.266507909246541122e-03 1.082182174061190917e-02 1.009328743044170598e-02 8.873751553562937711e-03 1.228338208111730799e-02 1.008664896231068267e-02 1.008275240011636403e-02 1.011362573726415880e-02 8.288056500638244645e-03 8.880424124917688650e-03 9.303662121152385736e-03 1.123121101784234355e-02 9.065642752020749984e-03 9.275295706691536260e-03 9.300043368581601896e-03 8.558199805115483672e-03 9.533187889109806870e-03 1.044463281745320292e-02 9.513329247131481134e-03 9.786894619239705495e-03 9.533213345495354998e-03 9.805312050790044101e-03 9.285348384878284317e-03
