0.000000000000000000e+00 7.684673239466441839e-03 7.708514886271051851e-03 7.716801669243354006e-03 7.472446915830882261e-03 7.690501243929331356e-03 7.464603112704285351e-03 7.461284482076788530e-03 7.498550091890010885e-03 7.464776311051749685e-03 7.439947815878615242e-03 7.472738389130565914e-03 7.487945225481748915e-03 7.482756667135249083e-03 7.746083183034561427e-03 7.693972205124647613e-03 7.456137083981741534e-03 7.446150291224601196e-03 7.664747750322838116e-03 7.481362379827971240e-03 7.489565396887016419e-03 7.681709439316213722e-03 7.463089651144051012e-03 7.456132808153008787e-03 7.477265062870696796e-03 7.700584513195181564e-03 7.692524751844166848e-03 7.467095022727627922e-03 7.452858953253789845e-03 7.454336988624634189e-03 7.683272655307797280e-03 7.458603151584516922e-03 8.150469378590418160e-03 8.103482909271732954e-03 8.212203253195764219e-03 8.192717062498621264e-03 8.107571732711590234e-03 8.077760990478768249e-03 8.060089879757972517e-03 8.198525248146454683e-03 8.172241369819314288e-03 8.122488644158694024e-03 8.007167592105200737e-03 8.143997294828066516e-03 8.108261639491803549e-03 8.199556828945381293e-03 8.168412151160984666e-03 8.146042389066538575e-03 8.152763920717391588e-03 8.216415258429487362e-03 8.117768477259992843e-03 8.159066400313793807e-03 8.103838153106494857e-03 8.189049847985529346e-03 8.175195984794164303e-03 8.165506736677445934e-03 8.137115954045889485e-03 8.160443611006637510e-03 8.145604471558742440e-03 8.246985315598002672e-03 8.243765207217050930e-03 8.204711087307220430e-03 8.183159345100304849e-03 8.153009493782770872e-03 8.132088118923946202e-03 8.155487197175551387e-03 8.161557305427360326e-03 8.142900240585474944e-03 8.114167509045677393e-03 8.135307108976251242e-03 8.083346382756080237e-03 8.195080762054529275e-03 8.135412826342294790e-03 8.143249186583651281e-03 8.129695971379326952e-03 8.180215646526437651e-03 8.095509715222402869e-03 8.162220347925099734e-03 8.112840793871377992e-03 8.129307318171961547e-03 8.154518324049994660e-03 8.146805021396343049e-03 8.098986928675194763e-03 8.233760068516397107e-03 8.135114775919572230e-03 8.157436977085971708e-03 8.174330100299949386e-03 8.120322010911144514e-03 8.116609468211829007e-03 8.159965908986103328e-03 8.109177200052936421e-03 8.079190122335296390e-03 8.153095170856000315e-03 8.140512480275906640e-03 8.115241507467322105e-03 8.161755276074069559e-03 8.109903842956083311e-03 8.148115475739254460e-03 8.087885969367819908e-03 8.154703196995117392e-03 8.221942350976502514e-03 8.073059328968144877e-03 8.154755275859812066e-03 8.078148662478060529e-03 8.167254802169156280e-03 8.180644295518053541e-03 8.183799981329781606e-03 8.113421209211621118e-03 8.150616555633719007e-03 8.254784302140239297e-03 8.170064064244392243e-03 8.171433853436365496e-03 8.122683050363236484e-03 8.151711150134915637e-03 8.100554058768348956e-03 8.099233526361977395e-03 8.153695945947538049e-03 8.156548116096217285e-03 8.219959033557072692e-03 8.144798443769011090e-03 8.083000518959944369e-03 8.128190943133757271e-03 8.167009623232419913e-03 8.108483048029031803e-03 8.236955569273717373e-03 8.091440214588314223e-03 8.132688240886080944e-03 8.185561160661382687e-03
7.684673239466441839e-03 0.000000000000000000e+00 7.450734498221993699e-03 7.451820933190186208e-03 7.450841375450432610e-03 7.480353021228273828e-03 7.668883184643823271e-03 7.459514713597260697e-03 7.454430911936375109e-03 7.467269702581265205e-03 7.674887490790269565e-03 7.464825361882344856e-03 7.474033890635303073e-03 7.453075438268828325e-03 7.769119596941475962e-03 7.677808544278616476e-03 7.488767710128166680e-03 7.673554846807460923e-03 7.455570907290978364e-03 7.453343615329656446e-03 7.470472790881418218e-03 7.447332846004376880e-03 7.450343211080431675e-03 7.460073529595346101e-03 7.458917861904055743e-03 7.656077024474447490e-03 7.447726150813482361e-03 7.471357547180385722e-03 7.450771472054880558e-03 7.499231276598142260e-03 7.459213746670093070e-03 7.446306006302504284e-03 8.201485785427741620e-03 8.160930970419134206e-03 8.262378668077736271e-03 8.251860735977391628e-03 8.164392817876576711e-03 8.134699990177777021e-03 8.120838035522747952e-03 8.249577084059983925e-03 8.225004515073448472e-03 8.178639441060545426e-03 8.073131091771277093e-03 8.198299435738593682e-03 8.165226651424670537e-03 8.250560700001918074e-03 8.220997275992769290e-03 8.200814673073295730e-03 8.215024225840812655e-03 8.266476383223902297e-03 8.164449273775898491e-03 8.220505008725226617e-03 8.161703693805243479e-03 8.248994831022201518e-03 8.225443132081700429e-03 8.226035482656272185e-03 7.983934574732384770e-03 8.221470198610560109e-03 8.207524509910506944e-03 8.295041683651933201e-03 8.300199877134827736e-03 8.255520713483887121e-03 8.242660940543411127e-03 8.206947842475807026e-03 8.204985436991770603e-03 8.229872790891042816e-03 8.235242694799697200e-03 8.214756735553534889e-03 8.190038179427068868e-03 8.199854997712011442e-03 8.161194869484302353e-03 8.267273835772430760e-03 8.210363600844969301e-03 8.218015806509638976e-03 8.204747761451915491e-03 8.253330557791625083e-03 8.172234018435194786e-03 8.236449731303129018e-03 8.188963913367874881e-03 8.204523814219896391e-03 8.228237136822393050e-03 8.221233727787720380e-03 8.175961250972640926e-03 8.304405648889378808e-03 8.210074519845973057e-03 8.231493307383128816e-03 8.247681580766394807e-03 8.193493408292288477e-03 8.188801719734207021e-03 8.233813120716949874e-03 8.185640249893240752e-03 8.156641790032087558e-03 8.226252166359382736e-03 8.215406543141292109e-03 8.190975857573742566e-03 8.235961716880022335e-03 8.186502348281230260e-03 8.222802454900103239e-03 8.162229319591053286e-03 8.228124330637248338e-03 8.293293567283855500e-03 8.151332342479285231e-03 8.229204017466379417e-03 8.145463309374934013e-03 8.240711761212531766e-03 8.254038671588141002e-03 8.256721215209374479e-03 8.189710770205133397e-03 8.225259938965832560e-03 8.324786469111108284e-03 8.242776642659412067e-03 8.244827332548715706e-03 8.198522575008828500e-03 8.222847366356290932e-03 8.177407564823560571e-03 8.172580639113814424e-03 8.225656521056928100e-03 8.230358799258019262e-03 8.291762615187700525e-03 8.219305221941574160e-03 8.160535334159772780e-03 8.203343189592366205e-03 8.240812862342577691e-03 8.184988322352869036e-03 8.307921056379436939e-03 8.168663363274769260e-03 8.207717219004873055e-03 8.258546560653574203e-03
7.708514886271051851e-03 7.450734498221993699e-03 0.000000000000000000e+00 7.461401178954133080e-03 7.447743922322950377e-03 7.474942381292311137e-03 7.690332645331613912e-03 7.457781431712406407e-03 7.466562246790340272e-03 7.469787366641451876e-03 7.706740369264928649e-03 7.453838458261055795e-03 7.483767516154060141e-03 7.476134252115302324e-03 7.517536600442821342e-03 7.453964416659923133e-03 7.699128453900244175e-03 7.469644196566535728e-03 7.466430592665607158e-03 7.462429898586742799e-03 7.470207249325115650e-03 7.460055074279598256e-03 7.456985846914108464e-03 7.674849268495343227e-03 7.668283553445489654e-03 7.434527031194914509e-03 7.441145433003994343e-03 7.675304159768191713e-03 7.672874367427545521e-03 7.480608966294522398e-03 7.449446081306075780e-03 7.695573804174200144e-03 8.179353631089146537e-03 8.133987507715297396e-03 8.241047378636756973e-03 8.222401819726060310e-03 8.138220163250617714e-03 8.116343515863757782e-03 8.091649101783435216e-03 8.227851611366548967e-03 8.201739652970699637e-03 8.153126688829779797e-03 8.039668183498157455e-03 8.173681847480145438e-03 8.138578601330345372e-03 8.228381474950221403e-03 8.197727668316777058e-03 8.175743704658469668e-03 8.183170299313487217e-03 8.245195983970804443e-03 8.139508420881163414e-03 8.189105643353263367e-03 8.134376727723113126e-03 8.218107064298190573e-03 8.211045028289195788e-03 8.195398220229542507e-03 8.158345550913667990e-03 8.190390982140624554e-03 8.175790944914849978e-03 8.275070851443066047e-03 8.272745194953823669e-03 8.233480778863452518e-03 8.212720874925956080e-03 8.182360966798517612e-03 8.152485520513121434e-03 8.184187420130462423e-03 8.189815901894395567e-03 8.177223783527072173e-03 8.143373147775224974e-03 8.155449406801656975e-03 8.113593338511505826e-03 8.222797091637017858e-03 8.164514824125009007e-03 8.171983913752848411e-03 8.158573510953585559e-03 8.208232161038412841e-03 8.124844724450273198e-03 8.191097993071912511e-03 8.142155579107770297e-03 8.158494046967621274e-03 8.182945630300792958e-03 8.175643276216622291e-03 8.129062678381466719e-03 8.260869551036990888e-03 8.164184935438845853e-03 8.185606666462064140e-03 8.202461457736124478e-03 8.140812806733080387e-03 8.144773139403699638e-03 8.188546093577581120e-03 8.139021598889259121e-03 8.109104056353981169e-03 8.181617110294494427e-03 8.169765626455056939e-03 8.144394573330347720e-03 8.190421192284986357e-03 8.140335442292779070e-03 8.177766668998965108e-03 8.117295593088649439e-03 8.183946955069890464e-03 8.250028964144470386e-03 8.104189117438329384e-03 8.184299818266712115e-03 8.099594760634475435e-03 8.196215107182309653e-03 8.209744806190912361e-03 8.212534450299702540e-03 8.143735139213362229e-03 8.180235798501456906e-03 8.282459209263192540e-03 8.199012383370415588e-03 8.200350062488169500e-03 8.152805644747303238e-03 8.179905961314348772e-03 8.131110714598412115e-03 8.128369730549322297e-03 8.182289652659310852e-03 8.186163529507767267e-03 8.248402214523609111e-03 8.174186022473958410e-03 8.113655552198385107e-03 8.158017512349263756e-03 8.196280102398069423e-03 8.138896172894177772e-03 8.264884571353691908e-03 8.121940716770239752e-03 8.162292763680634167e-03 8.214324594822144943e-03
7.716801669243354006e-03 7.451820933190186208e-03 7.461401178954133080e-03 0.000000000000000000e+00 7.456146889732903973e-03 7.496394168074398123e-03 7.450062308703701841e-03 7.681992752552472929e-03 7.433875521188956087e-03 7.502713247409579199e-03 7.500978379738484740e-03 7.459468090258389653e-03 7.461928009237201766e-03 7.479897594000670807e-03 7.587277136370444361e-03 7.476274871782559971e-03 7.500210070361379260e-03 7.465889073322474687e-03 7.467762548983377172e-03 7.447382898784262080e-03 7.480247758077539742e-03 7.455122415000323827e-03 7.466263979421249725e-03 7.455994737054515153e-03 7.442311768745862172e-03 7.433536409192079662e-03 7.446946943541118795e-03 7.474827548845415157e-03 7.667541602353462188e-03 7.740693957697762119e-03 7.448392956072348754e-03 7.447749492456919029e-03 8.274133361107235615e-03 8.234397213856478603e-03 8.335259958533061328e-03 8.317246726393976580e-03 8.237994517294663921e-03 8.205771161730530602e-03 8.194627130329144513e-03 8.322921636989054003e-03 8.297965759917650536e-03 8.251632722481729021e-03 8.146287871013810009e-03 8.271727971247614872e-03 8.238666352288195535e-03 8.323684704331894488e-03 8.294530478297885284e-03 8.273734709423328712e-03 8.280588483768822061e-03 8.339280546649422907e-03 8.237048038194914532e-03 8.286168052631714964e-03 8.235187177000561493e-03 8.314373563157052144e-03 8.297293414493835811e-03 8.292173193569105094e-03 8.254047417239670364e-03 8.287048763346646293e-03 8.272973874789164156e-03 8.368185218389598279e-03 8.365797155441596564e-03 8.328571313694179898e-03 8.307843089318785526e-03 8.280281634175115646e-03 8.238477558865978795e-03 8.270605810422127294e-03 8.267755466004634082e-03 8.245865120079423627e-03 8.225586686808866732e-03 8.036522196634272169e-03 8.206174037492268078e-03 8.298919703999782169e-03 8.252440387505435501e-03 8.251975753526938698e-03 8.239039376366323608e-03 8.285012152368532307e-03 8.208731306262782856e-03 8.276970200208427775e-03 8.224560728100648033e-03 8.239133657358066465e-03 8.261852325297183372e-03 8.255148646698405243e-03 8.219786898441107728e-03 8.334324504493135360e-03 8.244602018648461428e-03 8.264816416194583487e-03 8.280106137196346916e-03 8.226354767126469944e-03 8.222194689078051941e-03 8.266470654580563085e-03 8.228706736700164975e-03 8.194574607396119120e-03 8.260623712614510727e-03 8.249413050878878079e-03 8.226142500764140747e-03 8.276499694100979479e-03 8.241529184625973406e-03 8.276749679836596651e-03 8.215785389151575302e-03 8.282629843688351506e-03 8.345299295249639440e-03 8.207397123968219327e-03 8.282953897830324860e-03 8.200455207011255951e-03 8.294090839220308320e-03 8.307151690858100360e-03 8.309734895063114815e-03 8.244644057495404896e-03 8.279217842104563338e-03 8.376493597244185144e-03 8.296818637814595485e-03 8.297534788355669447e-03 8.253196438391299794e-03 8.275620570124786815e-03 8.232711019601653829e-03 8.226813658362966061e-03 8.277506434073685429e-03 8.284956744266030321e-03 8.343862354573119630e-03 8.273284746950486379e-03 8.216398774491999804e-03 8.257210428906642044e-03 8.294223172271259631e-03 8.240067248423584012e-03 8.359670462786310610e-03 8.223680870590716410e-03 8.262087451345401581e-03 8.311546380486532423e-03
7.472446915830882261e-03 7.450841375450432610e-03 7.447743922322950377e-03 7.456146889732903973e-03 0.000000000000000000e+00 7.475308873950159590e-03 7.454954213475828775e-03 7.458362769769378946e-03 7.451808877651416689e-03 7.685751269960811732e-03 7.679387007998941979e-03 7.455964065325012581e-03 7.466029597262359256e-03 7.453098227342648194e-03 7.528583997283014133e-03 7.675026979469735076e-03 7.473646862152192108e-03 7.445162684961275160e-03 7.461820136817983243e-03 7.453521866168467090e-03 7.665350920028198185e-03 7.679824938832055525e-03 7.448856408819568703e-03 7.450108052400968538e-03 7.658237119632069906e-03 7.451076348144760469e-03 7.454923439069581492e-03 7.678114080853796521e-03 7.445269325162396160e-03 7.698027153953300276e-03 7.436125952792386681e-03 7.448702225330367833e-03 8.200796475032138405e-03 8.157712692108902430e-03 8.262915968647479084e-03 8.244651525206096038e-03 8.161601072304963331e-03 8.131496801318197770e-03 8.116053847574680388e-03 8.249945744755347518e-03 8.224144296654125816e-03 8.176388282458516357e-03 8.065024381522003724e-03 8.196750620484041794e-03 8.162198908879005760e-03 8.250716104596773903e-03 8.220229532916234483e-03 8.198809438832829061e-03 8.205889679592617489e-03 8.267023669208058839e-03 8.162371519079841473e-03 8.211720999766435047e-03 8.158127575010335614e-03 8.240632139305623799e-03 8.232789955221758368e-03 8.217938358650499209e-03 8.180752932946813022e-03 8.213044066585397859e-03 8.198665446469254742e-03 8.296823297463895575e-03 8.294339246780052521e-03 8.255778617994393581e-03 8.235058549837536573e-03 8.205343673647086389e-03 8.184552353883099360e-03 8.209365058277341004e-03 8.214871759598084411e-03 8.201622877513527546e-03 8.168804489162047669e-03 8.179797642678020980e-03 8.139209429831763612e-03 8.247272285910337009e-03 8.189728015212303924e-03 8.196880970347578468e-03 8.183992942746765378e-03 8.232870078423024790e-03 8.150751697930285963e-03 8.215773648627988993e-03 8.167406458472628236e-03 8.183694572690506167e-03 8.208121681723619043e-03 8.200642710165266178e-03 8.154490823706211228e-03 8.284960832290810123e-03 8.189338264576965370e-03 8.210757437281657883e-03 8.227202959727484416e-03 8.173233746874097524e-03 8.175880453912277510e-03 8.213397113552100767e-03 8.164537209372537893e-03 8.135171209540202966e-03 8.206744430542445637e-03 8.194449804699468001e-03 8.170003650812218687e-03 8.215280062322943833e-03 8.164268489491307429e-03 8.201060183949828927e-03 8.140291012654647315e-03 8.207155330896342277e-03 8.272343996600631591e-03 8.128638482108180296e-03 8.207527542428028761e-03 8.123534433590082204e-03 8.219227078758717386e-03 8.232648060243241347e-03 8.235370293319471680e-03 8.167563510357139442e-03 8.203553193975116065e-03 8.304476844145532860e-03 8.221993887318078745e-03 8.223363874804913431e-03 8.176504244541861824e-03 8.201817412779938837e-03 8.155115157829427586e-03 8.151001465224707448e-03 8.204399014654271960e-03 8.209428874428697370e-03 8.270759238784796546e-03 8.197523170763682671e-03 8.138011779765407308e-03 8.181853679654814415e-03 8.219307890028467942e-03 8.162804959153118975e-03 8.287101846242992190e-03 8.146248161395572285e-03 8.185815821413318372e-03 8.237175082553950881e-03
7.690501243929331356e-03 7.480353021228273828e-03 7.474942381292311137e-03 7.496394168074398123e-03 7.475308873950159590e-03 0.000000000000000000e+00 7.470171674384944865e-03 7.467695842411700181e-03 7.503780933912643225e-03 7.685700878079234494e-03 7.464364094242481248e-03 7.692181484260394997e-03 7.466394199337336030e-03 7.701841842441890622e-03 7.506848715290123999e-03 7.480175099176093918e-03 7.470562508284852611e-03 7.685247224028750497e-03 7.669517665161582759e-03 7.682805763601968999e-03 7.475781088259783949e-03 7.677144755377876897e-03 7.685152164134023862e-03 7.694487331486795333e-03 7.497737960294302388e-03 7.487637791860267573e-03 7.470408585744560924e-03 7.479444238524449347e-03 7.485616441616466110e-03 7.467494983673025714e-03 7.677671830275335958e-03 7.489850501949126514e-03 8.146410936905025546e-03 8.085831967704798159e-03 8.192137686051844184e-03 8.181256852763418505e-03 8.089559527663386582e-03 8.069444703207659039e-03 8.052326219092936777e-03 8.186214955145643818e-03 8.153416917019417134e-03 8.112378018845654154e-03 8.001972410037057684e-03 8.124892486034776540e-03 8.089920732923505317e-03 8.180028081600669576e-03 8.149130568178329995e-03 8.126446273038859594e-03 8.142455377719440626e-03 8.196655833183902687e-03 7.890707948692197993e-03 8.140696756248465976e-03 8.094892108585428209e-03 8.169933875771829071e-03 8.163116197404790206e-03 8.147106224547973410e-03 8.111157963748229574e-03 8.141682573697029898e-03 8.127586248768730454e-03 8.226734312564787724e-03 8.231052493589787952e-03 8.184539447735467849e-03 8.164142744089677994e-03 8.134150054261733709e-03 8.124713892297491524e-03 8.155453522362974064e-03 8.161227431805050114e-03 8.143041232463713378e-03 8.113997813661170955e-03 8.127896669398738602e-03 8.083793011874278178e-03 8.194690760541210872e-03 8.134800134631662780e-03 8.143225308450529470e-03 8.129475362880752079e-03 8.180106896325110843e-03 8.095319782801507769e-03 8.162438057453393764e-03 8.112921152547785536e-03 8.129388825620307776e-03 8.153610741546232776e-03 8.146792159936334932e-03 8.099340879903231885e-03 8.232708100619693173e-03 8.135114539867377079e-03 8.157149262494880690e-03 8.174206902782548204e-03 8.112875433058984800e-03 8.115845204694006540e-03 8.159887603897178140e-03 8.109497846099055635e-03 8.079104023553234162e-03 8.152091080269114470e-03 8.140767497129025587e-03 8.115079503564019345e-03 8.161937096930596547e-03 8.111878511240018519e-03 8.150556935839181963e-03 8.089344477662047117e-03 8.156149150392557473e-03 8.224105727454170470e-03 8.075316111750097808e-03 8.156941329501263965e-03 8.070948539528733853e-03 8.169341709185677300e-03 8.182792758781105152e-03 8.185677795610666468e-03 8.115561389369632325e-03 8.153035929278620517e-03 8.256083866316552347e-03 8.171502838505798408e-03 8.173540431180187013e-03 8.124838443701409493e-03 8.161246330898437595e-03 8.102990265975561907e-03 8.108809161453267231e-03 8.155549208143243745e-03 8.157451883839922716e-03 8.222422761815924644e-03 8.146909464124475753e-03 8.084838460763261320e-03 8.129193308829048975e-03 8.169395415946061750e-03 8.110649694343245383e-03 8.238846082305427421e-03 8.092977463289746307e-03 8.134529511058337728e-03 8.187494572882873106e-03
7.464603112704285351e-03 7.668883184643823271e-03 7.690332645331613912e-03 7.450062308703701841e-03 7.454954213475828775e-03 7.470171674384944865e-03 0.000000000000000000e+00 7.443946453806676161e-03 7.442003624406003451e-03 7.699585207747946559e-03 7.445007186403613912e-03 7.447838901075681979e-03 7.459923917112095716e-03 7.693680780730629935e-03 7.782769905877259635e-03 7.455298605476906419e-03 7.487518181339166204e-03 7.442811446440526606e-03 7.461726896635788309e-03 7.437740691810069277e-03 7.457619199558028489e-03 7.450277296871478730e-03 7.660524245450985210e-03 7.434324654503491302e-03 7.451481179808921475e-03 7.438257228779017634e-03 7.461840576583093736e-03 7.449683674499428879e-03 7.431081292465715679e-03 7.496261594926387391e-03 7.464253439272804450e-03 7.446681935629317212e-03 8.246367871736505137e-03 8.197048489126505105e-03 8.300325278342851262e-03 8.282231224318920351e-03 8.200789750232275604e-03 8.170077695390656064e-03 8.156617402330805511e-03 8.287698795001567642e-03 8.262301450576863687e-03 8.215317443512443543e-03 8.107073066135577280e-03 8.235493849357492305e-03 8.201672957636555253e-03 8.288466637267346074e-03 8.258779750167206946e-03 8.237250388683142743e-03 8.244265111059802600e-03 8.304453472395698782e-03 8.200442685635496790e-03 8.249966203091966058e-03 8.198095728597193724e-03 8.278725792892691407e-03 8.262022719734224419e-03 8.256067554833608491e-03 8.226233931056025142e-03 8.251171871138220440e-03 8.237090558239078958e-03 8.333809718903312930e-03 8.330887381289656460e-03 8.293177563844339809e-03 8.272731828201054793e-03 8.244217144904879627e-03 8.212530178204970749e-03 8.244981028869221434e-03 8.250315057771807556e-03 8.229318170429546567e-03 8.205606204392616385e-03 8.215296596860230047e-03 8.177406466307844679e-03 8.282601421959001273e-03 8.226088986392827984e-03 8.233561078305612346e-03 8.220156377533897538e-03 8.268477368942067640e-03 8.188015459996063686e-03 8.251766872192145552e-03 8.204823014431653766e-03 8.220162142337374134e-03 8.243824505010537151e-03 8.236709118015441214e-03 8.191936149662182309e-03 8.319214140021347070e-03 8.225739206372663023e-03 8.246599215598999014e-03 8.262900754063972827e-03 8.201125334305508705e-03 8.204264679796567303e-03 8.249175520379166057e-03 8.201471445581805936e-03 8.172573574354398060e-03 8.242519828128038600e-03 8.231350989248324007e-03 8.206504544010040023e-03 8.251329743600585576e-03 8.204244748687189795e-03 8.240804110259515938e-03 8.180197005834131951e-03 8.247139082748334779e-03 8.311071770777035683e-03 8.169574247174416978e-03 8.246895082644305208e-03 8.172425797443786874e-03 8.258900565282029094e-03 8.271601940178067297e-03 8.274526082248019956e-03 8.207713626418502301e-03 8.243326338951646737e-03 8.342526322283261991e-03 8.261645860651877643e-03 8.262930435580909810e-03 8.216495365852871310e-03 8.248410458378185525e-03 8.195771490831824102e-03 8.198671601501828637e-03 8.242799062034173244e-03 8.248880222040880575e-03 8.309253418108024716e-03 8.237592482142242975e-03 8.179098085836236653e-03 8.221706699600086696e-03 8.258724624870950395e-03 8.203052458810864908e-03 8.325385373036715483e-03 8.186890501115838548e-03 8.225897535779876438e-03 8.276289748618955930e-03
7.461284482076788530e-03 7.459514713597260697e-03 7.457781431712406407e-03 7.681992752552472929e-03 7.458362769769378946e-03 7.467695842411700181e-03 7.443946453806676161e-03 0.000000000000000000e+00 7.443183277648929806e-03 7.685537429694481483e-03 7.468992299409499616e-03 7.446266322498902579e-03 7.683428045571701753e-03 7.481125617484363916e-03 7.766961098911322886e-03 7.465693887382822413e-03 7.680240097965295235e-03 7.444388340198319735e-03 7.453300339657078881e-03 7.653679856539221532e-03 7.457072063521263255e-03 7.454021233464473359e-03 7.431688901678265569e-03 7.657757473668823194e-03 7.460363010895861707e-03 7.451337828237880774e-03 7.671563112990518150e-03 7.451824787369928926e-03 7.442599581010110946e-03 7.471284326801667236e-03 7.456349003094452782e-03 7.458271422816257525e-03 8.200557241976894063e-03 8.156453001713573001e-03 8.261655677084348351e-03 8.243350648746016959e-03 8.160326851231698708e-03 8.130240117152406215e-03 8.114874314631153815e-03 8.248698117754194037e-03 8.222898071239289827e-03 8.175087955626492153e-03 8.064129852990445380e-03 8.195517969550444523e-03 8.160983210838586299e-03 8.249475402764966381e-03 8.219232967536701726e-03 8.197544178140126966e-03 8.204643281122305301e-03 8.265825926203930474e-03 8.161168318303381811e-03 8.210503038497978315e-03 8.157185338588276297e-03 8.239719506972258828e-03 8.224094524587968053e-03 8.216690148027479615e-03 8.180073219166850845e-03 8.211737507358046403e-03 8.197374248615125342e-03 8.295632448927114933e-03 8.293073048499761263e-03 8.254499048515133094e-03 8.233742105795350402e-03 8.204343738748686582e-03 8.175102467484691646e-03 8.206726830695464797e-03 8.212513162014743046e-03 8.192501202396203566e-03 8.166735230869092560e-03 8.185437391664154502e-03 8.137454632518886788e-03 8.245384158968079719e-03 8.187342472911376956e-03 8.195238130815168248e-03 8.181680551394903897e-03 8.230977482074072066e-03 8.148710169261143277e-03 8.213596835032496365e-03 8.165839026229851014e-03 8.181628227491664213e-03 8.205787020594419376e-03 8.198538868229325247e-03 8.152409841772992674e-03 8.282713878043176936e-03 8.187300504150977695e-03 8.208626834126717467e-03 8.225259494066852056e-03 8.163555128096940464e-03 8.166725506231507781e-03 8.211295400605857914e-03 8.162200740884629352e-03 8.132918435638876800e-03 8.204403896092352100e-03 8.192950047373581679e-03 8.167708259242487806e-03 8.213147887590612622e-03 8.164897302906509724e-03 8.202080400645839903e-03 8.148663613152355711e-03 8.208213821005418825e-03 8.273810839211998003e-03 8.129183376827400775e-03 8.208540860198981770e-03 8.132514012929144276e-03 8.220579719589454423e-03 8.233699788809927672e-03 8.236734801471622472e-03 8.168457585591041431e-03 8.204108890844318339e-03 8.305703075574788832e-03 8.223328033959635686e-03 8.224675350520601128e-03 8.177203931742996201e-03 8.203954733009270750e-03 8.155753936729088355e-03 8.153010127990321931e-03 8.212487905784424114e-03 8.210127406456839763e-03 8.271928170765857624e-03 8.198794149135251591e-03 8.138589667406296788e-03 8.182599991029696276e-03 8.220388691358822969e-03 8.163445110090808074e-03 8.288295071173460565e-03 8.146809461007943273e-03 8.187078132362836380e-03 8.238263364646699130e-03
7.498550091890010885e-03 7.454430911936375109e-03 7.466562246790340272e-03 7.433875521188956087e-03 7.451808877651416689e-03 7.503780933912643225e-03 7.442003624406003451e-03 7.443183277648929806e-03 0.000000000000000000e+00 7.501856490620992940e-03 7.487881064117555933e-03 7.424386404037097882e-03 7.673554041369787769e-03 7.476851132008481039e-03 7.607914109128052424e-03 7.481360246900992973e-03 7.729203191495813592e-03 7.470423432892986555e-03 7.482651734389928096e-03 7.432370459252435335e-03 7.693805242543122480e-03 7.458380680434001375e-03 7.451262846551057716e-03 7.449050386519853913e-03 7.446780226370230786e-03 7.424595150735030340e-03 7.460160700828489394e-03 7.469817904442891364e-03 7.443262060970625218e-03 7.507454767739699282e-03 7.462879191026765106e-03 7.450950833980698323e-03 8.288043432272058572e-03 8.249145963959366584e-03 8.349248020152194236e-03 8.331997046959284392e-03 8.252719497537355439e-03 8.221286606393499174e-03 8.209665835381628127e-03 8.336983001243221739e-03 8.312226455669138522e-03 8.266913254580041809e-03 8.161792986750911194e-03 8.286163176938443967e-03 8.253333989946022575e-03 8.337754704505017864e-03 8.308829390929400177e-03 8.288169038312410281e-03 8.295000292714288861e-03 8.353271072900389504e-03 8.251474396649381704e-03 8.300568395683657202e-03 8.249951313990117052e-03 8.328595337781069877e-03 8.310994660043900112e-03 8.306451667845935957e-03 8.268279541292696336e-03 8.301730824084530003e-03 8.288038020721335414e-03 8.381960734049134776e-03 8.379683091729116240e-03 8.342617445897064152e-03 8.322693163697344673e-03 8.294685843344020912e-03 8.264460466749097220e-03 8.297312935460803701e-03 8.302420219653744438e-03 8.280194116693381789e-03 8.258683572658454680e-03 8.266461292497646884e-03 8.231402946213335625e-03 8.333732691161499506e-03 8.278694289797609157e-03 8.286019472979012229e-03 8.273043374712274120e-03 8.320221871459611979e-03 8.241847264509449128e-03 8.303753102494910651e-03 8.258022996838884286e-03 8.273100956986634280e-03 8.296155638578215849e-03 8.289204757779927019e-03 8.245468295123332611e-03 8.369503609431047653e-03 8.278553557373202407e-03 8.298897148553259495e-03 8.314807868528339974e-03 8.253520996571766383e-03 8.263478724188649469e-03 8.301360554800947186e-03 8.254972739371565019e-03 8.226759110511513290e-03 8.294842765908368165e-03 8.283847444750068803e-03 8.259769312869870775e-03 8.303549515779044821e-03 8.257091722467121975e-03 8.292248040386690847e-03 8.238124090793394819e-03 8.297889205642141469e-03 8.360408321643119853e-03 8.223126428887788872e-03 8.298442729467753187e-03 8.217060099260832182e-03 8.309523765420715607e-03 8.322484133930163619e-03 8.325059558600363119e-03 8.260352623623849061e-03 8.294296251954724059e-03 8.391242082163455004e-03 8.312226407215576179e-03 8.313524922254884528e-03 8.268651803825905269e-03 8.290618570719641284e-03 8.248267623413903932e-03 8.242118403922677958e-03 8.299267110278481588e-03 8.300227724072149760e-03 8.358928799799960480e-03 8.288829336720249935e-03 8.231914563796779993e-03 8.273917466699816370e-03 8.309632936116513255e-03 8.255603317224984375e-03 8.374491977807726681e-03 8.239812228805522276e-03 8.277698092030563726e-03 8.326636739594495129e-03
7.464776311051749685e-03 7.467269702581265205e-03 7.469787366641451876e-03 7.502713247409579199e-03 7.685751269960811732e-03 7.685700878079234494e-03 7.699585207747946559e-03 7.685537429694481483e-03 7.501856490620992940e-03 0.000000000000000000e+00 7.671780126980051913e-03 7.481970696678245589e-03 7.460225894553748800e-03 7.470340642265778548e-03 7.724249313936571056e-03 7.699812359740880637e-03 7.468342531161685158e-03 7.463095761147969624e-03 7.443794049275734639e-03 7.687052229228769420e-03 7.694197784593316373e-03 7.463575906453609292e-03 7.679904278779556281e-03 7.689827876028410177e-03 7.484916100776251371e-03 7.494069276290179007e-03 7.482670481757811888e-03 7.456253852605469225e-03 7.481701597351534012e-03 7.473952312315369599e-03 7.697741470741197890e-03 7.494085495357286596e-03 8.135215757369628278e-03 8.087716817047172976e-03 8.197356250908815686e-03 8.177929176102702313e-03 8.091887907351146339e-03 8.063501886348552541e-03 8.043917932026047740e-03 8.183545085270650318e-03 8.157098101803409232e-03 8.106901988893759972e-03 7.990486956126132898e-03 8.128577312878670566e-03 8.092540992758858256e-03 8.184550340419472630e-03 8.153212061000820673e-03 8.130658371160039144e-03 8.137701476702216552e-03 8.201585542014548647e-03 8.102412345815608596e-03 8.144046164461861068e-03 8.088051581971388362e-03 8.174201311983597673e-03 8.160181667328850891e-03 8.150526253047936723e-03 8.114568135212921543e-03 8.145432037612776802e-03 8.130472573374914955e-03 8.232292964092006310e-03 8.229333789778836214e-03 8.189747521992625165e-03 8.168316786482629141e-03 8.137652640184548161e-03 8.117752964630827253e-03 8.141027151424265820e-03 8.146898603752535453e-03 8.128728643203915472e-03 8.098862745515519185e-03 8.113393665232365715e-03 8.067938508247345444e-03 8.180668411032305729e-03 8.120515115324184255e-03 8.128153262403488635e-03 8.114779457072824817e-03 8.165663422842944774e-03 8.080251548278547663e-03 8.147561650984366452e-03 8.097463240790794478e-03 8.114374208835352376e-03 8.139788775263232315e-03 8.132015326431265081e-03 8.083766581664335663e-03 8.219412204544852135e-03 8.120203943566222868e-03 8.142729466239589931e-03 8.159757505602667493e-03 8.106136322375778747e-03 8.109126135344755723e-03 8.145268663427412612e-03 8.094299740468444485e-03 8.063808016920512300e-03 8.138302660036419653e-03 8.125358301014636020e-03 8.100211273344313720e-03 8.147299417088976412e-03 8.094629741306053755e-03 8.133152097535749706e-03 8.072046332885520620e-03 8.139766774171766292e-03 8.207551935744650598e-03 8.057443429046318509e-03 8.139855158350884148e-03 8.062135884705940239e-03 8.152441321422137024e-03 8.165944731274195345e-03 8.169114503869564017e-03 8.098154928593266286e-03 8.135704234370412513e-03 8.240613776455074646e-03 8.155238680593384151e-03 8.156632313461333744e-03 8.107527036433274589e-03 8.136860892348938765e-03 8.085189949207007704e-03 8.083927632424051796e-03 8.138453114265252128e-03 8.141622386136431258e-03 8.205566282891924371e-03 8.129792902849682437e-03 8.067459215563087260e-03 8.113002121031996292e-03 8.152207761051756194e-03 8.093199652700911254e-03 8.222683069349872795e-03 8.075962075843204011e-03 8.117581962979483062e-03 8.170906469776572159e-03
7.439947815878615242e-03 7.674887490790269565e-03 7.706740369264928649e-03 7.500978379738484740e-03 7.679387007998941979e-03 7.464364094242481248e-03 7.445007186403613912e-03 7.468992299409499616e-03 7.487881064117555933e-03 7.671780126980051913e-03 0.000000000000000000e+00 7.470698162735855616e-03 7.477631395649330347e-03 7.698473647993830417e-03 7.738317759669931760e-03 7.684440788309722034e-03 7.475247171543876294e-03 7.679563518073676334e-03 7.465708157905705591e-03 7.469358946607724224e-03 7.678211427324564513e-03 7.446132850428267141e-03 7.472433731998484943e-03 7.462969037028859866e-03 7.466281605530973413e-03 7.697797044841934999e-03 7.474751212627434721e-03 7.457504377535558587e-03 7.460162388559353312e-03 7.453286782787432903e-03 7.699580863111049785e-03 7.466097341249189161e-03 8.160399592732743568e-03 8.105693927666583060e-03 8.214487586585463713e-03 8.195309885947516318e-03 8.109776710037671851e-03 8.080945312943959777e-03 8.062919406057026533e-03 8.201098592265036041e-03 8.174605969237795644e-03 8.124957751500046579e-03 8.010143191812839000e-03 8.146366582078011162e-03 8.110686319275604850e-03 8.201878306486285256e-03 8.170783529153652358e-03 8.148150722064262386e-03 8.155454069590693800e-03 8.218750151389734443e-03 8.112227275098006507e-03 8.161477425601344413e-03 8.106620303738664574e-03 8.191468235384340851e-03 8.177238864115156033e-03 8.167910990249193856e-03 8.139226418588387316e-03 8.162817934710528758e-03 8.148020787483875593e-03 8.249271613928514657e-03 8.246071097113389162e-03 8.206766102824765083e-03 8.185496669950541662e-03 8.155407450781750403e-03 8.134082713585094604e-03 8.157982092828378051e-03 8.163768279368583888e-03 8.144812602034890228e-03 8.116265136785304549e-03 8.130159023462949983e-03 8.085775915849463882e-03 8.197300502649029416e-03 8.137724099303978928e-03 8.145308644959629515e-03 8.131979660765101606e-03 8.182408326269043422e-03 8.097871099275729539e-03 8.164496531227898729e-03 8.114947669616670231e-03 8.131610353913560837e-03 8.156797703454166798e-03 8.149065686155332680e-03 8.101375765281212601e-03 8.235657830962002726e-03 8.137420251963643769e-03 8.159684282934655253e-03 8.176562273096916675e-03 8.122538504626257774e-03 8.125495465993535366e-03 8.162189997243230952e-03 8.111770584773886350e-03 8.081586993304175001e-03 8.155339616374058728e-03 8.142631032108871986e-03 8.117567754021087767e-03 8.164242671356928757e-03 8.113029807198532742e-03 8.151732724974360134e-03 8.091240194466473717e-03 8.158337027578625028e-03 8.225518405855792789e-03 8.076457843894550154e-03 8.158113021313676341e-03 8.081464301163562847e-03 8.170855943372986804e-03 8.183990399643459313e-03 8.187148797960848434e-03 8.116784366684578686e-03 8.154240605385741636e-03 8.258098632123799659e-03 8.173662027229494642e-03 8.175018950122689768e-03 8.126061180422184532e-03 8.162596852396227648e-03 8.104196166077643967e-03 8.110260637999362754e-03 8.157011354382417978e-03 8.159904248800770726e-03 8.223532300083755131e-03 8.148393281933116045e-03 8.086385010546584193e-03 8.131279673397143540e-03 8.170612218743855334e-03 8.111868321317052336e-03 8.240272548315460618e-03 8.094554097093959941e-03 8.136060741469176502e-03 8.188900746487353527e-03
7.472738389130565914e-03 7.464825361882344856e-03 7.453838458261055795e-03 7.459468090258389653e-03 7.455964065325012581e-03 7.692181484260394997e-03 7.447838901075681979e-03 7.446266322498902579e-03 7.424386404037097882e-03 7.481970696678245589e-03 7.470698162735855616e-03 0.000000000000000000e+00 7.681092873614348872e-03 7.686117119536675819e-03 7.560102258654363520e-03 7.462798880878324798e-03 7.718973331656072030e-03 7.453841000069928550e-03 7.686705708592874754e-03 7.430915354214156013e-03 7.681810126058074423e-03 7.442460377733461398e-03 7.436598217235117908e-03 7.435549174915409044e-03 7.454769302660047177e-03 7.433817743014307748e-03 7.442381753444265828e-03 7.469199340197996660e-03 7.456309021717826696e-03 7.464456268163744204e-03 7.444879021313226090e-03 7.679801065409950014e-03 8.224853555836223254e-03 8.174380974443486159e-03 8.279333359379052390e-03 8.260929849866826408e-03 8.178461871867744384e-03 8.155845706978569545e-03 8.133047858923655310e-03 8.266250272174075972e-03 8.240818860488647798e-03 8.192894706994286944e-03 8.082651916824270741e-03 8.213404528112644432e-03 8.179098606135724175e-03 8.267013704739555047e-03 8.237190883893475910e-03 8.215207392105921061e-03 8.222490017247565189e-03 8.283497463296525185e-03 8.186044049375909570e-03 8.228555950378801942e-03 8.175093527347314717e-03 8.257364094687002706e-03 8.241544150982157285e-03 8.234679171549245252e-03 8.197737252047938156e-03 8.229758508213823667e-03 8.215481294871172790e-03 8.312882434262992490e-03 8.310149774022040220e-03 8.271789103331060600e-03 8.251599732912152929e-03 8.222174830370760495e-03 8.191019367385195954e-03 8.223192993460788289e-03 8.228641283174291388e-03 8.208192561081399663e-03 8.183048039605638271e-03 8.194025725771754073e-03 8.154338419769055143e-03 8.261073713086155082e-03 8.203797133136911737e-03 8.211342127796963930e-03 8.198090765113639003e-03 8.246979762267764302e-03 8.165459660766847400e-03 8.229783889798843177e-03 8.182186726556760215e-03 8.198065500453068782e-03 8.222085487048330990e-03 8.214820554699102037e-03 8.169132626702744343e-03 8.298135738978976855e-03 8.203706474749387217e-03 8.224839551821282527e-03 8.241344975598833764e-03 8.179779352271267581e-03 8.190509201591021984e-03 8.227456239721217882e-03 8.179080125760832334e-03 8.149798645124998325e-03 8.220716270434707054e-03 8.209094472733964934e-03 8.184259331699297521e-03 8.229573232283722214e-03 8.181922694060704201e-03 8.219247163528996605e-03 8.165461972886348466e-03 8.225154535831171246e-03 8.290166291739587204e-03 8.146736438468523550e-03 8.225423791335442422e-03 8.142259989015059735e-03 8.237315236189051218e-03 8.250381867573562678e-03 8.253145740977836306e-03 8.185652627972460349e-03 8.221253875917686887e-03 8.321687545602876601e-03 8.240115079849907181e-03 8.241391985233595049e-03 8.194332771310160191e-03 8.227220212033066818e-03 8.173306306199211793e-03 8.176785296475566969e-03 8.229055741606618873e-03 8.227136854369014249e-03 8.288554422944550970e-03 8.215698639907934378e-03 8.155803545987886510e-03 8.199297951048824251e-03 8.237375322857797694e-03 8.180705001419723635e-03 8.304343957361449285e-03 8.163723926357478039e-03 8.203859535780720982e-03 8.254685085862105073e-03
