0.000000000000000000e+00 9.342638947611663081e-03 8.773633858302159680e-03 8.247877242552874300e-03 8.137761253828356203e-03 1.017345427466396016e-02 1.031131323254106356e-02 1.017345427466396189e-02 1.017345427466396363e-02 1.030993469653793994e-02 1.017213793311263180e-02 1.017213793311263006e-02 1.046922815802297201e-02 1.047508690442341267e-02 1.018472953547301663e-02 1.033011331634583682e-02 1.033011331634586631e-02 1.018472953547301489e-02 1.030577295277771560e-02 1.032603733542978436e-02 1.018854278492431140e-02 1.032627304428792789e-02 9.776710096622108839e-03 1.044233221719049511e-02 1.005685517804543773e-02 1.007011660550157298e-02 1.018806589267214069e-02 1.018806589267213722e-02 1.031649047932755095e-02 1.020282173016146335e-02 1.045864913334621990e-02 1.032340026408151180e-02 9.959757136006807884e-03 9.777389158757027535e-03 9.777389158757025800e-03 1.063889026997232382e-02 1.033855682406846152e-02 1.013183649578674669e-02 1.013183649578674843e-02 1.067802654122335104e-02 1.084522115706846625e-02 1.020328814439336318e-02 1.019940822509437031e-02 1.034634937960391722e-02 1.034634205575457426e-02 1.069149675651468248e-02 1.111948475718444428e-02 1.020328814439336144e-02 9.948180361036250419e-03 1.063038986147048920e-02 9.948180361036252153e-03 1.031096726997902079e-02 1.048610841964611913e-02 1.017342859100640005e-02 1.017342859100639832e-02 1.017342859100639832e-02 9.929146059948094905e-03 1.006138177369063011e-02 1.019505805677934501e-02 1.034757427891263432e-02 1.021028014183031178e-02 1.081544079349297353e-02 1.021028014183031178e-02 1.017567185451906386e-02 1.017567185451906733e-02 1.031735379501387377e-02 1.030556873076638076e-02 1.017318023279444560e-02 1.017318023279444560e-02 1.017318023279444560e-02 1.031317040007839921e-02 1.018126794922566067e-02 1.018126794922566067e-02 1.018126794922566067e-02 1.045133738946197113e-02 1.019330550966185758e-02 1.019330550966185758e-02 1.048361377351514703e-02 1.048795110978979761e-02 1.027141295264653344e-02 1.012049204191781127e-02 9.923724109153967202e-03 9.923724109153965467e-03 1.003948767272979867e-02 1.034028203469787403e-02 1.051669094440871831e-02 1.045464808013663906e-02 1.033594193659126415e-02 1.018802433777411809e-02 1.030708790555514079e-02 1.018802433777411982e-02 1.021847940777758160e-02 1.035834269465537444e-02 1.033324906783643533e-02 1.034541602808051151e-02 1.054367852750732679e-02 1.026024231626536561e-02 1.053648343219100447e-02 9.937644165697298582e-03 1.018119328022070412e-02 1.031837404934969442e-02 1.018119328022070239e-02 1.014330966590815293e-02 1.030267229303632667e-02 1.014330966590815120e-02 9.787228906464351744e-03 9.787228906464353478e-03 9.787228906464355213e-03 1.062969247988920091e-02 1.049579623712305725e-02 1.019899134110442349e-02 1.019899134110442349e-02 1.036110798197971937e-02 1.036110798197970376e-02 1.049496309839762290e-02 1.019932248121826167e-02 1.019932248121826167e-02 1.018826640943526485e-02 1.033539900710355244e-02 1.034938342544549153e-02 9.924351881060300765e-03 9.924351881060295560e-03 1.031349525645586934e-02 1.031775278565385395e-02 1.018112566575038284e-02 1.018112566575038284e-02 1.031337030368952717e-02 1.021754744465752478e-02 1.049033792456639629e-02 9.892571187019213660e-03 1.017302653731808060e-02 1.017302653731808060e-02 1.017302653731808060e-02 9.888659024067750561e-03 9.884264846910453470e-03 9.909712435123186822e-03 1.018101765945442043e-02 1.018101765945441869e-02 9.861613069318958535e-03 9.734172416487614499e-03 9.861613069318960270e-03
9.342638947611663081e-03 0.000000000000000000e+00 1.074457415958966072e-02 1.050290607098937345e-02 1.040139063722221591e-02 1.090161028015897149e-02 1.101890836464370672e-02 1.090161028015897322e-02 1.090161028015897322e-02 1.093193240248427865e-02 1.081443882184036052e-02 1.081443882184036052e-02 1.113799741664816753e-02 1.076564950808642923e-02 1.090944162083119437e-02 1.103255566605410368e-02 1.103255566605413317e-02 1.090944162083119437e-02 1.101436289936013994e-02 1.102786435747798478e-02 1.091211288277567706e-02 1.102965706111663433e-02 1.057324227812886895e-02 1.113211595183819826e-02 1.080954219295598290e-02 1.081828118319309168e-02 1.091161669529039716e-02 1.091161669529039369e-02 1.101974408650113063e-02 1.091843464367384456e-02 1.113369365567197858e-02 1.102344180253815586e-02 8.361259984207001714e-03 8.544063570287264639e-03 8.544063570287269843e-03 9.453305793113906536e-03 1.054004369506576257e-02 1.042229891381737765e-02 1.042229891381737765e-02 1.085849248951404993e-02 1.128620076972766499e-02 1.087899406930735099e-02 1.059786843253272826e-02 1.098021075639358558e-02 1.100107651842707583e-02 1.125949119280824501e-02 1.099421319328302768e-02 1.087899406930735099e-02 1.071369599240992558e-02 1.128930609146834227e-02 1.071369599240992558e-02 1.101851964231923171e-02 1.116263692610292360e-02 1.090156205403049888e-02 1.090156205403049715e-02 1.090156205403049715e-02 1.067887022800673678e-02 1.068034866618055787e-02 1.090335317864441975e-02 1.104417052291171639e-02 1.092671154752627993e-02 1.144714159844210585e-02 1.092671154752627993e-02 1.077364498880744800e-02 1.077364498880745147e-02 1.078741633731969407e-02 1.101508539179085235e-02 1.090151543330814161e-02 1.090151543330813988e-02 1.090151543330814161e-02 1.102068895986384883e-02 1.090655216167192576e-02 1.090655216167192576e-02 1.090655216167192576e-02 1.113607167536700970e-02 1.088636490639410988e-02 1.088636490639410988e-02 1.102733574477183197e-02 1.113829023600342027e-02 9.175372188689133110e-03 9.059729468342584205e-03 1.069791249825412759e-02 1.069791249825412759e-02 1.079736812363837201e-02 1.032450540825683404e-02 1.095131139778941602e-02 1.114039830487918194e-02 1.103628210443158113e-02 1.091061775775177545e-02 1.100817308667308668e-02 1.091061775775177545e-02 1.094264917428729687e-02 1.103503085335116006e-02 1.103050418823687748e-02 1.102513240684434639e-02 1.119461020077270989e-02 1.097314385169615575e-02 1.120372213953095726e-02 1.070679783754620654e-02 1.085504448368432469e-02 1.097204653016697548e-02 1.085504448368432122e-02 1.087405312555209981e-02 1.101290857556108498e-02 1.087405312555209808e-02 1.084242042143008199e-02 1.084242042143008199e-02 1.084242042143008372e-02 1.128246445042932478e-02 1.117113930235546539e-02 1.091768537026276652e-02 1.091768537026276652e-02 1.105333245118023978e-02 1.105333245118022244e-02 1.115870685861795712e-02 1.091929730913353443e-02 1.091929730913353443e-02 1.087285455667545871e-02 1.098068443138726889e-02 1.090518277270627855e-02 1.069825977677817987e-02 1.069825977677817813e-02 1.102040128345110025e-02 1.102163685390879742e-02 1.090672478239200147e-02 1.090672478239200147e-02 1.102075641146652712e-02 1.093234453177757692e-02 1.116751544707078256e-02 1.067126137413663099e-02 1.090140461901993943e-02 1.090140461901994290e-02 1.090140461901993943e-02 1.061729087041354824e-02 1.066632427346725365e-02 1.067911574565467113e-02 1.090715759844968803e-02 1.090715759844968803e-02 1.068925512014730697e-02 1.075214361559602080e-02 1.068925512014730697e-02
8.773633858302159680e-03 1.074457415958966072e-02 0.000000000000000000e+00 9.825713119668339282e-03 9.707418843501194883e-03 1.025917087309994279e-02 1.039418762937534442e-02 1.025917087309994279e-02 1.025917087309994452e-02 1.041108768878914147e-02 1.027675994229298832e-02 1.027675994229298659e-02 1.055213188608471707e-02 1.062761716399697465e-02 1.027011654633427050e-02 1.041247485662437529e-02 1.041247485662440478e-02 1.027011654633426876e-02 1.038884893190089934e-02 1.040894188632911742e-02 1.027388179399413640e-02 1.040879198995352597e-02 9.873472861240363205e-03 1.052277684594641119e-02 1.014630194901913751e-02 1.015923103186620879e-02 1.027345901858401495e-02 1.027345901858401321e-02 1.039993593442745112e-02 1.028872805559652784e-02 1.054109918547711106e-02 1.040695971250768341e-02 1.044827530855185933e-02 1.024357559770146947e-02 1.024357559770147121e-02 1.102233890727861640e-02 1.051293139308703828e-02 1.030577307563794280e-02 1.030577307563794454e-02 1.083741980199320019e-02 1.095237617684760405e-02 1.029790125030849435e-02 1.034972021278274777e-02 1.044191019193171747e-02 1.043759073741937736e-02 1.078253576647985809e-02 1.130732920711513545e-02 1.029790125030849435e-02 1.004018688233397107e-02 1.070812689399249992e-02 1.004018688233397280e-02 1.039388627257263782e-02 1.056594262636286786e-02 1.025915392483461863e-02 1.025915392483461690e-02 1.025915392483461690e-02 1.002762950775664373e-02 1.018006173023628010e-02 1.028668901248601733e-02 1.042974851263373318e-02 1.029517057819887178e-02 1.089012095459816580e-02 1.029517057819887352e-02 1.028924822497038517e-02 1.028924822497038864e-02 1.044651828526294880e-02 1.038849466073903452e-02 1.025887774063564961e-02 1.025887774063565135e-02 1.025887774063564961e-02 1.039587069315312841e-02 1.026690844547281829e-02 1.026690844547281829e-02 1.026690844547281829e-02 1.053221358216227879e-02 1.028519776883740459e-02 1.028519776883740459e-02 1.058961152259646141e-02 1.057325840891406264e-02 1.066575162173229521e-02 1.052094300983602397e-02 1.001654069682939713e-02 1.001654069682939713e-02 1.012960622455082345e-02 1.054884902365931312e-02 1.064055812484589018e-02 1.053499260000798597e-02 1.041830020310939402e-02 1.027364185493884891e-02 1.039174378915231657e-02 1.027364185493884717e-02 1.030396763792212553e-02 1.044389638026582863e-02 1.041653037943979059e-02 1.043140544764218497e-02 1.062534996258088227e-02 1.034534844275710949e-02 1.061532448012509483e-02 1.003005424172636641e-02 1.027859435092553196e-02 1.041256407594630569e-02 1.027859435092553023e-02 1.023016607725239953e-02 1.038571898698600199e-02 1.023016607725239606e-02 7.951520192680075136e-03 7.951520192680073401e-03 7.951520192680076871e-03 1.070808700013697358e-02 1.057518145143441363e-02 1.028448376937941139e-02 1.028448376937941139e-02 1.044314329013152493e-02 1.044314329013150758e-02 1.057682219241768903e-02 1.028445104196947825e-02 1.028445104196947998e-02 1.028259861814022694e-02 1.042967390030342945e-02 1.045954041186601333e-02 1.001714814382313745e-02 1.001714814382313572e-02 1.039631989539906327e-02 1.040093184984916888e-02 1.026670144975586757e-02 1.026670144975586584e-02 1.039608349878082608e-02 1.030214501833950740e-02 1.056972822339314298e-02 9.986602627290402587e-03 1.025873318949597178e-02 1.025873318949597525e-02 1.025873318949597698e-02 9.994949952371268154e-03 9.978494742561041381e-03 1.000410508267267524e-02 1.026645917226458316e-02 1.026645917226458316e-02 1.000595791967491370e-02 1.007986833815766037e-02 1.000595791967491544e-02
8.247877242552874300e-03 1.050290607098937345e-02 9.825713119668339282e-03 0.000000000000000000e+00 7.941577286621112272e-03 1.001111308177058366e-02 1.015516379236065109e-02 1.001111308177058540e-02 1.001111308177058713e-02 1.017368075654355962e-02 1.003075003771678256e-02 1.003075003771678082e-02 1.032339237610991993e-02 1.040339127601329697e-02 1.002362854110841126e-02 1.017557004422773789e-02 1.017557004422776912e-02 1.002362854110840779e-02 1.014931797496056338e-02 1.017159758392214598e-02 1.002777996827829317e-02 1.017143460762210024e-02 9.590889090860277646e-03 1.029116059217852035e-02 9.886178489518596471e-03 9.901265963057752709e-03 1.002726918242455648e-02 1.002726918242455474e-02 1.016149691365348176e-02 1.004446232721102096e-02 1.031135768604512018e-02 1.016943322212001885e-02 1.020750322830673261e-02 9.988151115241768185e-03 9.988151115241766451e-03 1.081329610395891094e-02 1.028305698203618376e-02 1.006213565374499547e-02 1.006213565374499547e-02 1.062412552735223122e-02 1.074486203226726264e-02 1.005481335673227145e-02 1.010788629958082538e-02 1.020791810989887111e-02 1.020327295035041749e-02 1.056734679138423769e-02 1.111258340044164218e-02 1.005481335673227491e-02 9.773766140429178406e-03 1.048744369288667072e-02 9.773766140429180141e-03 1.015481567109531580e-02 1.033865099596838720e-02 1.001109205709811538e-02 1.001109205709811538e-02 1.001109205709811538e-02 9.758482409471443478e-03 9.924836843178344234e-03 1.003765746436960891e-02 1.019475923501521331e-02 1.005186824226856485e-02 1.067920851737643589e-02 1.005186824226856658e-02 1.004473985998447644e-02 1.004473985998447644e-02 1.021236146718543410e-02 1.014876944494227592e-02 1.001076227377777940e-02 1.001076227377778113e-02 1.001076227377778113e-02 1.015702227330621960e-02 1.001990157215797497e-02 1.001990157215797497e-02 1.001990157215797497e-02 1.030153907440663208e-02 1.004053067860587699e-02 1.004053067860587352e-02 1.036387223079245773e-02 1.034642237365094274e-02 1.044048562639236788e-02 1.028815997602278674e-02 9.745421799709202276e-03 9.745421799709207480e-03 9.866585948115298710e-03 1.032141926878489720e-02 1.041785982371170975e-02 1.030462238618898817e-02 1.018200267197355569e-02 1.002748391255798253e-02 1.015243844740599741e-02 1.002748391255798253e-02 1.005739250826860436e-02 1.021033695052973346e-02 1.018015908445826789e-02 1.019661866493839185e-02 1.040226129923826730e-02 1.010260606287113547e-02 1.039143682689001522e-02 9.761659214950493824e-03 1.003299428606046345e-02 1.017547349842090609e-02 1.003299428606046519e-02 9.980480314497101879e-03 1.014563246559573723e-02 9.980480314497101879e-03 9.931051270888589105e-03 9.931051270888590840e-03 9.931051270888589105e-03 1.048822468998371164e-02 1.034869774180481247e-02 1.003983397661918457e-02 1.003983397661918457e-02 1.020945962459586000e-02 1.020945962459584612e-02 1.035044710607040813e-02 1.003974621991245673e-02 1.003974621991245847e-02 1.003766156433378784e-02 1.019447352651107162e-02 1.022691018596625333e-02 9.746215513792507584e-03 9.746215513792505850e-03 1.015753744600013213e-02 1.016265332201763023e-02 1.001966288193250829e-02 1.001966288193250655e-02 1.015726707821114003e-02 1.005965025059132878e-02 1.034275904403306884e-02 9.712998413343769399e-03 1.001058785797269250e-02 1.001058785797269424e-02 1.001058785797269424e-02 9.722603503297082631e-03 9.703078853291045858e-03 9.733882315686691322e-03 1.001937987262737847e-02 1.001937987262737674e-02 9.428987034833085853e-03 8.390849038037939689e-03 9.428987034833089323e-03
8.137761253828356203e-03 1.040139063722221591e-02 9.707418843501194883e-03 7.941577286621112272e-03 0.000000000000000000e+00 9.889911658138661119e-03 1.003788439861163714e-02 9.889911658138664588e-03 9.889911658138666323e-03 1.005715383766615269e-02 9.910470102033185069e-03 9.910470102033186804e-03 1.021040798763061218e-02 1.029282994659314054e-02 9.902959135525229301e-03 1.005901455228377234e-02 1.005901455228380009e-02 9.902959135525231035e-03 1.003184066288000456e-02 1.005490310244160600e-02 9.907270475587783704e-03 1.005473238230201148e-02 9.453882535030431675e-03 1.017716272447738782e-02 9.759989880555810723e-03 9.775887855007188779e-03 9.906739415157591808e-03 9.906739415157588338e-03 1.004444890219076229e-02 9.924617525610860552e-03 1.019800783870582726e-02 1.005267592204349414e-02 1.009405846694613751e-02 9.868525459005404385e-03 9.868525459005402650e-03 1.071175519435422878e-02 1.017009339134242012e-02 9.943398687810857742e-03 9.943398687810857742e-03 1.051816450519605858e-02 1.064076386174640267e-02 9.935396568682388491e-03 9.989724065217080173e-03 1.009246536343072660e-02 1.008765849857454037e-02 1.045987176206194386e-02 1.101472389072244429e-02 9.935396568682383286e-03 9.644368653308853581e-03 1.037798711261044525e-02 9.644368653308857051e-03 1.003752349165754065e-02 1.022609126115270849e-02 9.889889738516687706e-03 9.889889738516685971e-03 9.889889738516687706e-03 9.628132844382082667e-03 9.800782425866034347e-03 9.916403749210715018e-03 1.007884361628358025e-02 9.932303913210285135e-03 1.057367113667524554e-02 9.932303913210285135e-03 9.925044156649798222e-03 9.925044156649799956e-03 1.009719154655540005e-02 1.003125724654167078e-02 9.889544445646132956e-03 9.889544445646132956e-03 9.889544445646132956e-03 1.003981240137745770e-02 9.899072347401007346e-03 9.899072347401007346e-03 9.899072347401009081e-03 1.018786791840912802e-02 9.920564436825993551e-03 9.920564436825993551e-03 1.025210958435205169e-02 1.023410168009014284e-02 1.033199681462912412e-02 1.017649625369495756e-02 9.614176405333607275e-03 9.614176405333609010e-03 9.739274073558616684e-03 1.020959925270177246e-02 1.030750978068822009e-02 1.019104848514045501e-02 1.006566732938548973e-02 9.906964205738376730e-03 1.003507809143008508e-02 9.906964205738376730e-03 9.936948583160016071e-03 1.009493134594218432e-02 1.006376108733088651e-02 1.008078027024246828e-02 1.029134331378758413e-02 9.983688246431761393e-03 1.028022264374581565e-02 9.631499029085815317e-03 9.912763775370399613e-03 1.005897017177593937e-02 9.912763775370399613e-03 9.858373121643004833e-03 1.002799938908731890e-02 9.858373121643001363e-03 9.808707890229997201e-03 9.808707890229997201e-03 9.808707890229997201e-03 1.037887387933328007e-02 1.023641677850679367e-02 9.919807280700392721e-03 9.919807280700390986e-03 1.009401964071857116e-02 1.009401964071855728e-02 1.023822720473934085e-02 9.919718701614330114e-03 9.919718701614330114e-03 9.917598352804299355e-03 1.007859237325462939e-02 1.011210131759758893e-02 9.615039531890433311e-03 9.615039531890428107e-03 1.004034772061457477e-02 1.004564622866720505e-02 9.898822670940516516e-03 9.898822670940516516e-03 1.004006655711710619e-02 9.940370889452345565e-03 1.023031344667518251e-02 9.580488022274052246e-03 9.889361823063045828e-03 9.889361823063045828e-03 9.889361823063045828e-03 9.590801774099407331e-03 9.569819154756570648e-03 9.602756352526338468e-03 9.898526224254858980e-03 9.898526224254858980e-03 9.546274581671241113e-03 9.423619301228234463e-03 9.546274581671241113e-03
1.017345427466396016e-02 1.090161028015897149e-02 1.025917087309994279e-02 1.001111308177058366e-02 9.889911658138661119e-03 0.000000000000000000e+00 7.967650713973319435e-03 7.803371137408997293e-03 7.803371137408995559e-03 1.028944845693237874e-02 1.015164839975469906e-02 1.015164839975469559e-02 1.043095368637981558e-02 1.052272159383702867e-02 1.014071488624920629e-02 1.028702288536620726e-02 1.028702288536623502e-02 1.014071488624920629e-02 1.025863866188492235e-02 1.027957605918711909e-02 1.014070749152356024e-02 1.026673534030761101e-02 9.729175013882217921e-03 1.039918547486463375e-02 1.001172707067844204e-02 1.002129313640140636e-02 1.014399017702163203e-02 1.014399017702163203e-02 1.027357234877599584e-02 1.016038120818676255e-02 1.041927322467516015e-02 1.028157396598920921e-02 1.040442545887847701e-02 1.019018701510768406e-02 1.019018701510768579e-02 1.097161713926474505e-02 1.040930850843915789e-02 1.019578676062655488e-02 1.019578676062655315e-02 1.073895127017570304e-02 1.084324121573432970e-02 1.016863242484757762e-02 1.023439066562021639e-02 1.031968170787063606e-02 1.030268394301756159e-02 1.066460766079957087e-02 1.122289726399707324e-02 1.016863242484757589e-02 9.902870414722783274e-03 1.058966556141550074e-02 9.902870414722786743e-03 1.026759845743731824e-02 1.044390934301830769e-02 1.012921374430965013e-02 1.012921374430964840e-02 1.012921374430964840e-02 9.890177322385321559e-03 1.005285258060119487e-02 1.015471654314995149e-02 1.030204994775437734e-02 1.016381963635100937e-02 1.076482505381228319e-02 1.016381963635100763e-02 1.016637837149166751e-02 1.016637837149166751e-02 1.033147021140002828e-02 1.026211195749801748e-02 1.012895358691305418e-02 1.012895358691305592e-02 1.012895358691305592e-02 1.026980021739069826e-02 1.013335972792426751e-02 1.013335972792426577e-02 1.013335972792426751e-02 1.039352677199453096e-02 1.015732478262456814e-02 1.015732478262456814e-02 1.047372682268557335e-02 1.045115327780582297e-02 1.060955265895203656e-02 1.046281297378495213e-02 9.877792305571316336e-03 9.877792305571316336e-03 9.994235038354965656e-03 1.045275881185048564e-02 1.053011035694414316e-02 1.041244706690828102e-02 1.029309030651797373e-02 1.014444293110574637e-02 1.026581006334814465e-02 1.014444293110574637e-02 1.017389415721611096e-02 1.031341580930724561e-02 1.027417218185926011e-02 1.030250547607369782e-02 1.048815113257051471e-02 1.019783949181376527e-02 1.040645968013847664e-02 9.887762086645605214e-03 1.015203046153947096e-02 1.028949963311866049e-02 1.015203046153947096e-02 1.009661977762297928e-02 1.025906297121544769e-02 1.009661977762297755e-02 1.012879813038385091e-02 1.012879813038385091e-02 1.012879813038385091e-02 1.052451353141742318e-02 1.007853261353196771e-02 1.013854497341344467e-02 1.013854497341344467e-02 1.031861679359342109e-02 1.031861679359340894e-02 1.045483094477443926e-02 1.015566641111380342e-02 1.015566641111380342e-02 1.015545026711920859e-02 1.030712562716544836e-02 1.034128365240912298e-02 9.878421937197999839e-03 9.878421937197999839e-03 1.027029916884420607e-02 1.027519497404778132e-02 1.013717913466284821e-02 1.013717913466284995e-02 1.027002726097975965e-02 1.008007716449789773e-02 1.035831818198358102e-02 9.846833701045954942e-03 1.012876521276435265e-02 1.012876521276435265e-02 1.012876521276435265e-02 9.858033973525541852e-03 9.838137549107086460e-03 9.864570322954516884e-03 1.013689403249090452e-02 1.013689403249090452e-02 9.877986827127952993e-03 9.999448276169952549e-03 9.877986827127952993e-03
1.031131323254106356e-02 1.101890836464370672e-02 1.039418762937534442e-02 1.015516379236065109e-02 1.003788439861163714e-02 7.967650713973319435e-03 0.000000000000000000e+00 7.967650713973319435e-03 7.967650713973317700e-03 1.042289483345794875e-02 1.028913024910504091e-02 1.028913024910504091e-02 1.056049781400514309e-02 1.064911149494772273e-02 1.027871536131040250e-02 1.042031204796016290e-02 1.042031204796019066e-02 1.027871536131040250e-02 1.038061554429237261e-02 1.040020727375862500e-02 1.026573019195557712e-02 1.034602095179466830e-02 9.880780939245499550e-03 1.052783108642100542e-02 1.015528995871349711e-02 1.015115202843460025e-02 1.028114183417539948e-02 1.028114183417539948e-02 1.040577771785500261e-02 1.029740719266815201e-02 1.054889903169989492e-02 1.041534577016731133e-02 1.053339688193516421e-02 1.032562588613838289e-02 1.032562588613838289e-02 1.108755884755944533e-02 1.053816902010285342e-02 1.033102336718391863e-02 1.033102336718392036e-02 1.085991731000737238e-02 1.095047966764947645e-02 1.029444333598629642e-02 1.036337286262932651e-02 1.044917295370819711e-02 1.039329841678012650e-02 1.076957123877519094e-02 1.133194261394982263e-02 1.029444333598629469e-02 1.004958281482400996e-02 1.071405820775691263e-02 1.004958281482401343e-02 1.040163882594041800e-02 1.057004676338521403e-02 1.026789264485344910e-02 1.026789264485344737e-02 1.026789264485344737e-02 1.003591214305288651e-02 1.019161158739924702e-02 1.028342390573275603e-02 1.042431469609579435e-02 1.028999258394327349e-02 1.084573475204862400e-02 1.028999258394327522e-02 1.030291274566576439e-02 1.030291274566576612e-02 1.046243094307415869e-02 1.039699123637581775e-02 1.026778269723937348e-02 1.026778269723937348e-02 1.026778269723937348e-02 1.040429636064790775e-02 1.025862981327301492e-02 1.025862981327301492e-02 1.025862981327301318e-02 1.046984228539521271e-02 1.029248166873153805e-02 1.029248166873153805e-02 1.059930272608460185e-02 1.057215192081231714e-02 1.073175091923615938e-02 1.058896277760682653e-02 1.002664804311070509e-02 1.002664804311070683e-02 1.013939607436218672e-02 1.057919076921284493e-02 1.065557685601929531e-02 1.054232966201064554e-02 1.042603810835543605e-02 1.028226120015430373e-02 1.040018112820060431e-02 1.028226120015430546e-02 1.030881722176424722e-02 1.042060730623907243e-02 1.034946732786684934e-02 1.041734565818815302e-02 1.055110491244831868e-02 1.026853209326012047e-02 1.022918136178990051e-02 1.002208439010094168e-02 1.028928746678438658e-02 1.042270325125348521e-02 1.028928746678439005e-02 1.022674640982837793e-02 1.039359610180515259e-02 1.022674640982837273e-02 1.026763604416216884e-02 1.026763604416217057e-02 1.026763604416217057e-02 1.042763760324549698e-02 9.021479940929067950e-03 1.021923098457558181e-02 1.021923098457558181e-02 1.044916923767025795e-02 1.044916923767024233e-02 1.057774354687582991e-02 1.029266492484189402e-02 1.029266492484189402e-02 1.029190358260198557e-02 1.043869883760602420e-02 1.047132740301940333e-02 1.002712458498188769e-02 1.002712458498188595e-02 1.040475800819743932e-02 1.040940354935038052e-02 1.027554015557989760e-02 1.027554015557989586e-02 1.040450818965078794e-02 9.907782387053041054e-03 1.018142962808827982e-02 9.996794041149297330e-03 1.026749258585094200e-02 1.026749258585094200e-02 1.026749258585094200e-02 1.000600023267749113e-02 9.988796832015223517e-03 1.000978929041926313e-02 1.027528146936190420e-02 1.027528146936190420e-02 1.002682305384195241e-02 1.014427999899505939e-02 1.002682305384195414e-02
1.017345427466396189e-02 1.090161028015897322e-02 1.025917087309994279e-02 1.001111308177058540e-02 9.889911658138664588e-03 7.803371137408997293e-03 7.967650713973319435e-03 0.000000000000000000e+00 7.803371137408995559e-03 1.028944845693238047e-02 1.015164839975469906e-02 1.015164839975469559e-02 1.043095368637981385e-02 1.052272159383702520e-02 1.014071488624920803e-02 1.028702288536620726e-02 1.028702288536623502e-02 1.014071488624920629e-02 1.025863866188492235e-02 1.027957605918711909e-02 1.014070749152356198e-02 1.026673534030761101e-02 9.729175013882217921e-03 1.039918547486463375e-02 1.001172707067844378e-02 1.002129313640140636e-02 1.014399017702163203e-02 1.014399017702163376e-02 1.027357234877599584e-02 1.016038120818676081e-02 1.041927322467516188e-02 1.028157396598920921e-02 1.040442545887847528e-02 1.019018701510768232e-02 1.019018701510768406e-02 1.097161713926474332e-02 1.040930850843915789e-02 1.019578676062655315e-02 1.019578676062655315e-02 1.073895127017570304e-02 1.084324121573432970e-02 1.016863242484757762e-02 1.023439066562021639e-02 1.031968170787063779e-02 1.030268394301756159e-02 1.066460766079956740e-02 1.122289726399707324e-02 1.016863242484757762e-02 9.902870414722783274e-03 1.058966556141550421e-02 9.902870414722786743e-03 1.026759845743731997e-02 1.044390934301830595e-02 1.012921374430965013e-02 1.012921374430964840e-02 1.012921374430964840e-02 9.890177322385321559e-03 1.005285258060119660e-02 1.015471654314995323e-02 1.030204994775437734e-02 1.016381963635100937e-02 1.076482505381228492e-02 1.016381963635100937e-02 1.016637837149166751e-02 1.016637837149166751e-02 1.033147021140003001e-02 1.026211195749801748e-02 1.012895358691305592e-02 1.012895358691305418e-02 1.012895358691305765e-02 1.026980021739069826e-02 1.013335972792426751e-02 1.013335972792426577e-02 1.013335972792426577e-02 1.039352677199453096e-02 1.015732478262456814e-02 1.015732478262456814e-02 1.047372682268557335e-02 1.045115327780582470e-02 1.060955265895203829e-02 1.046281297378495213e-02 9.877792305571316336e-03 9.877792305571316336e-03 9.994235038354967390e-03 1.045275881185048564e-02 1.053011035694414316e-02 1.041244706690828276e-02 1.029309030651797546e-02 1.014444293110574637e-02 1.026581006334814639e-02 1.014444293110574637e-02 1.017389415721611096e-02 1.031341580930724561e-02 1.027417218185926184e-02 1.030250547607369782e-02 1.048815113257051644e-02 1.019783949181376700e-02 1.040645968013847664e-02 9.887762086645606949e-03 1.015203046153946922e-02 1.028949963311866223e-02 1.015203046153947269e-02 1.009661977762297928e-02 1.025906297121544769e-02 1.009661977762297755e-02 1.012879813038385264e-02 1.012879813038385438e-02 1.012879813038385438e-02 1.052451353141742492e-02 1.007853261353196771e-02 1.013854497341344467e-02 1.013854497341344467e-02 1.031861679359342282e-02 1.031861679359340547e-02 1.045483094477444100e-02 1.015566641111380515e-02 1.015566641111380342e-02 1.015545026711920859e-02 1.030712562716544836e-02 1.034128365240912471e-02 9.878421937198003308e-03 9.878421937197999839e-03 1.027029916884420781e-02 1.027519497404778132e-02 1.013717913466284995e-02 1.013717913466285168e-02 1.027002726097976312e-02 1.008007716449789773e-02 1.035831818198358276e-02 9.846833701045956677e-03 1.012876521276435265e-02 1.012876521276435439e-02 1.012876521276435439e-02 9.858033973525541852e-03 9.838137549107086460e-03 9.864570322954522089e-03 1.013689403249090626e-02 1.013689403249090626e-02 9.877986827127952993e-03 9.999448276169954283e-03 9.877986827127954728e-03
1.017345427466396363e-02 1.090161028015897322e-02 1.025917087309994452e-02 1.001111308177058713e-02 9.889911658138666323e-03 7.803371137408995559e-03 7.967650713973317700e-03 7.803371137408995559e-03 0.000000000000000000e+00 1.028944845693238047e-02 1.015164839975470079e-02 1.015164839975470079e-02 1.043095368637981558e-02 1.052272159383702867e-02 1.014071488624920803e-02 1.028702288536620900e-02 1.028702288536623675e-02 1.014071488624920803e-02 1.025863866188492235e-02 1.027957605918711909e-02 1.014070749152356024e-02 1.026673534030761274e-02 9.729175013882219655e-03 1.039918547486463722e-02 1.001172707067844204e-02 1.002129313640140636e-02 1.014399017702163550e-02 1.014399017702163376e-02 1.027357234877599931e-02 1.016038120818676255e-02 1.041927322467516188e-02 1.028157396598920921e-02 1.040442545887847875e-02 1.019018701510768406e-02 1.019018701510768579e-02 1.097161713926474505e-02 1.040930850843915789e-02 1.019578676062655488e-02 1.019578676062655488e-02 1.073895127017570651e-02 1.084324121573433143e-02 1.016863242484757762e-02 1.023439066562021812e-02 1.031968170787063606e-02 1.030268394301756159e-02 1.066460766079957087e-02 1.122289726399707324e-02 1.016863242484757762e-02 9.902870414722785009e-03 1.058966556141550594e-02 9.902870414722786743e-03 1.026759845743732344e-02 1.044390934301830942e-02 1.012921374430965187e-02 1.012921374430964840e-02 1.012921374430964840e-02 9.890177322385325029e-03 1.005285258060119660e-02 1.015471654314995323e-02 1.030204994775437907e-02 1.016381963635100937e-02 1.076482505381228492e-02 1.016381963635100763e-02 1.016637837149166751e-02 1.016637837149166924e-02 1.033147021140003174e-02 1.026211195749801922e-02 1.012895358691305765e-02 1.012895358691305939e-02 1.012895358691305765e-02 1.026980021739069826e-02 1.013335972792426924e-02 1.013335972792426751e-02 1.013335972792426751e-02 1.039352677199453096e-02 1.015732478262456988e-02 1.015732478262456988e-02 1.047372682268557509e-02 1.045115327780582470e-02 1.060955265895204003e-02 1.046281297378495213e-02 9.877792305571318071e-03 9.877792305571318071e-03 9.994235038354969125e-03 1.045275881185048564e-02 1.053011035694414316e-02 1.041244706690828449e-02 1.029309030651797720e-02 1.014444293110574984e-02 1.026581006334814812e-02 1.014444293110574984e-02 1.017389415721611096e-02 1.031341580930724908e-02 1.027417218185926358e-02 1.030250547607369782e-02 1.048815113257051644e-02 1.019783949181376700e-02 1.040645968013847664e-02 9.887762086645608683e-03 1.015203046153947269e-02 1.028949963311866223e-02 1.015203046153947269e-02 1.009661977762298102e-02 1.025906297121545116e-02 1.009661977762297928e-02 1.012879813038385438e-02 1.012879813038385438e-02 1.012879813038385611e-02 1.052451353141742492e-02 1.007853261353196944e-02 1.013854497341344467e-02 1.013854497341344467e-02 1.031861679359342455e-02 1.031861679359340894e-02 1.045483094477444100e-02 1.015566641111380342e-02 1.015566641111380515e-02 1.015545026711920859e-02 1.030712562716544836e-02 1.034128365240912471e-02 9.878421937198001573e-03 9.878421937197999839e-03 1.027029916884420781e-02 1.027519497404778305e-02 1.013717913466285168e-02 1.013717913466285168e-02 1.027002726097976312e-02 1.008007716449789946e-02 1.035831818198358276e-02 9.846833701045956677e-03 1.012876521276435265e-02 1.012876521276435439e-02 1.012876521276435612e-02 9.858033973525543586e-03 9.838137549107086460e-03 9.864570322954522089e-03 1.013689403249090626e-02 1.013689403249090626e-02 9.877986827127952993e-03 9.999448276169954283e-03 9.877986827127954728e-03
1.030993469653793994e-02 1.093193240248427865e-02 1.041108768878914147e-02 1.017368075654355962e-02 1.005715383766615269e-02 1.028944845693237874e-02 1.042289483345794875e-02 1.028944845693238047e-02 1.028944845693238047e-02 0.000000000000000000e+00 7.965997333803013711e-03 7.965997333803015445e-03 9.017727061853279130e-03 8.361071036356765990e-03 1.029993569140023706e-02 1.044059536072889857e-02 1.044059536072892633e-02 1.029993569140023706e-02 1.041766787014539002e-02 1.043715323174448407e-02 1.030362751683453794e-02 1.043703295818865402e-02 9.909057039620430829e-03 1.055033477474778131e-02 1.017884706688674569e-02 1.019115968471808256e-02 1.030325632777655265e-02 1.030325632777655438e-02 1.042850604153755002e-02 9.921740916750434319e-03 1.017605626849354614e-02 1.004035315683141603e-02 1.044190055883762076e-02 1.030124227631802093e-02 1.030124227631802093e-02 1.063984715002359860e-02 1.035765227144787998e-02 1.021002645408215954e-02 1.021002645408216301e-02 1.040225135033535919e-02 1.097435653232595176e-02 1.032649408248296694e-02 1.038319451803510624e-02 1.046866430871806405e-02 1.046469181295076913e-02 1.080504258970036921e-02 1.132265823292454184e-02 1.032649408248296347e-02 1.007333220446463874e-02 1.073358105120884344e-02 1.007333220446464221e-02 1.042262318895232492e-02 1.059215677201617509e-02 1.028943595820481366e-02 1.028943595820481192e-02 1.028943595820481019e-02 1.006113901620726142e-02 1.020968284466069846e-02 1.031706919511893653e-02 1.045727375003282882e-02 1.032408018539444396e-02 1.091355559609837912e-02 1.032408018539444569e-02 1.020009418976398734e-02 1.020009418976399081e-02 1.036181571613275718e-02 1.041701362025051689e-02 1.028908775455601721e-02 1.028908775455601721e-02 1.028908775455601547e-02 1.042201434446278670e-02 1.029689737207307824e-02 1.029689737207307651e-02 1.029689737207307651e-02 1.055945574823403954e-02 1.031414546284417644e-02 1.031414546284417644e-02 1.061409210000778883e-02 1.059913376224447604e-02 1.072235815223209626e-02 1.057897847919858983e-02 1.005044078598838451e-02 1.005044078598838625e-02 1.016099845510071500e-02 1.058119201306568363e-02 1.065215805116111539e-02 1.056223745257204097e-02 1.044627900587081354e-02 1.030346292095850845e-02 1.042068442464021139e-02 1.030346292095850845e-02 1.033400759405557479e-02 1.046881658177303137e-02 1.044404367449819349e-02 1.044841573790413446e-02 1.064858477327085967e-02 1.037408774470408197e-02 1.064047614152361168e-02 1.006357649600640204e-02 1.029234208657491684e-02 1.037222432978025972e-02 1.029234208657491684e-02 1.026038988530654332e-02 1.041477224662118624e-02 1.026038988530653812e-02 1.028823589664957551e-02 1.028823589664957724e-02 1.028823589664957898e-02 1.073296164805958956e-02 1.060112002773411048e-02 1.031368541619732092e-02 1.031368541619731918e-02 1.047032116552073025e-02 1.047032116552071290e-02 1.060257835830193292e-02 1.031381063713860020e-02 1.031381063713860020e-02 1.031150392312585665e-02 1.045667580369417579e-02 1.048502628448161854e-02 1.005133604424343456e-02 1.005133604424343283e-02 1.035791661571197272e-02 1.014313555593460321e-02 1.022876215495025463e-02 1.022876215495025116e-02 1.041334121697084711e-02 1.033074990201468361e-02 1.059581938044717835e-02 9.949741526044971265e-03 1.028905267959434947e-02 1.028905267959435293e-02 1.028905267959435293e-02 1.003005167913041673e-02 1.000181898218587342e-02 9.965409446364146759e-03 1.029386223701558682e-02 1.029386223701558682e-02 1.005081394509044559e-02 1.016685251369348932e-02 1.005081394509044733e-02
1.017213793311263180e-02 1.081443882184036052e-02 1.027675994229298832e-02 1.003075003771678256e-02 9.910470102033185069e-03 1.015164839975469906e-02 1.028913024910504091e-02 1.015164839975469906e-02 1.015164839975470079e-02 7.965997333803013711e-03 0.000000000000000000e+00 7.803371137525290553e-03 1.006771381075051777e-02 8.244632604244000323e-03 1.016272453317759034e-02 1.030767567730089297e-02 1.030767567730091899e-02 1.016272453317759034e-02 1.028368979967191933e-02 1.030411437980985855e-02 1.016658936426173207e-02 1.030394774803667680e-02 9.757012054755539315e-03 1.041999498332736411e-02 1.003622530638912866e-02 1.004937031054802671e-02 1.016617674295654077e-02 1.016617674295653730e-02 1.029498882894525763e-02 1.008776544890839337e-02 1.034759340513065860e-02 1.020928404881214779e-02 1.031188804206701649e-02 1.016524862389960211e-02 1.016524862389960211e-02 1.052483571135616990e-02 1.022656320494588073e-02 1.007222733006008300e-02 1.007222733006008300e-02 1.028093596839501148e-02 1.085633846042865537e-02 1.019094741255167740e-02 1.024956246960965003e-02 1.033736520098562858e-02 1.033315407915176044e-02 1.068416619288214964e-02 1.121328261171956192e-02 1.019094741255167566e-02 9.927750365717441516e-03 1.060828590209859229e-02 9.927750365717443251e-03 1.028883769158682980e-02 1.046368346881008764e-02 1.015163383719606960e-02 1.015163383719606613e-02 1.015163383719606613e-02 9.914828486884286890e-03 1.006963866723759211e-02 1.017926617900353006e-02 1.032514240178794042e-02 1.018812393203142631e-02 1.079286091817496102e-02 1.018812393203143152e-02 1.006123595945061268e-02 1.006123595945061615e-02 1.022930185779221367e-02 1.028328794870706116e-02 1.015133842960089239e-02 1.015133842960089412e-02 1.015133842960089412e-02 1.029027498128814652e-02 1.015950000446032807e-02 1.015950000446032633e-02 1.015950000446032460e-02 1.042952748564404328e-02 1.017783194839288162e-02 1.017783194839287988e-02 1.048701300697480951e-02 1.047096520728005471e-02 1.059971530769398228e-02 1.045287751819483704e-02 9.903574101727796383e-03 9.903574101727799853e-03 1.001876110639648293e-02 1.045635356992361160e-02 1.053759948128615495e-02 1.043240395819909974e-02 1.031359931235362008e-02 1.016639662609289396e-02 1.028682963895914682e-02 1.016639662609289396e-02 1.019697630880144965e-02 1.033918758398356084e-02 1.031166239974262190e-02 1.032461495736356448e-02 1.052376946865950409e-02 1.023905928352636038e-02 1.051382450766646763e-02 9.917414266383935140e-03 1.016790559897866146e-02 1.029206145461962485e-02 1.016790559897865973e-02 1.012177418201723293e-02 1.028057629698050923e-02 1.012177418201723120e-02 1.015036161229655905e-02 1.015036161229655558e-02 1.015036161229655731e-02 1.060806176472201337e-02 1.047301262834434039e-02 1.017727533212230487e-02 1.017727533212230487e-02 1.033879814477512392e-02 1.033879814477510831e-02 1.047479170718581057e-02 1.017729945549422990e-02 1.017729945549423164e-02 1.017514776167654372e-02 1.032479519650999870e-02 1.035472272956691059e-02 9.904263628522784121e-03 9.904263628522782387e-03 1.027554566147860851e-02 1.022741102732121522e-02 1.014313555589840127e-02 1.014313555589839953e-02 1.028841284686733172e-02 1.019519861625301296e-02 1.046749258545601885e-02 9.855100991849595829e-03 1.015121911902926860e-02 1.015121911902927207e-02 1.015121911902927207e-02 9.882554358362865415e-03 9.861691983184078109e-03 9.872949004353171257e-03 1.015844268142494615e-02 1.015844268142494615e-02 9.903694266695697856e-03 1.002347870766046034e-02 9.903694266695699591e-03
