0.000000000000000000e+00 6.892126045328943879e-03 6.819498527574816525e-03 6.867752989489016302e-03 6.892418005702118447e-03 6.726495902062477536e-03 6.893309521245908657e-03 6.893196165704853356e-03 6.819777456513763381e-03 6.942010420599645584e-03 6.867771409509460141e-03 6.819870039422328695e-03 6.796200005102439809e-03 6.795424869306628847e-03 6.772512430202023807e-03 6.868070789581882940e-03 6.868041699163268156e-03 6.893686191178810194e-03 6.892823844432886642e-03 6.843305285906404502e-03 6.891574525540521828e-03 6.772288888663379434e-03 6.682160304416293745e-03 6.942446075386189165e-03 7.021250302025298581e-03 6.772343206705776740e-03 6.818656983206450480e-03 6.891749096421461059e-03 6.893368428574419421e-03 6.867645163700293251e-03 6.893368957768186353e-03 6.970241251592590795e-03 6.920183012283050335e-03 6.846041880975669777e-03 6.945014121313093473e-03 6.971445208434798660e-03 6.945362639553846577e-03 6.971432399767324775e-03 6.895190739628256037e-03 6.871535659634697354e-03 6.945317810071142441e-03 6.946194512029052123e-03 6.822019943352600375e-03 6.845659648763938870e-03 6.895043388671567158e-03 6.920072601591031533e-03 6.920474623974554561e-03 6.944865660088484459e-03 6.894242062596246841e-03 6.871108015363520255e-03 6.822590246294951352e-03 6.870387917957502914e-03 6.822789100625057876e-03 7.105908446453084761e-03 6.823265931365891761e-03 6.919841351979081658e-03 7.050829456455324704e-03 6.870704867288037442e-03 6.895706204810540633e-03 6.972109266878949267e-03 6.894683524493534083e-03 6.799599702367620582e-03 6.919792878125594938e-03 6.846332933351096176e-03 6.846049220487871768e-03 6.894870332928873698e-03 6.895310905381575248e-03 6.971365318478051423e-03 7.024050019854667821e-03 6.895669528001906190e-03 6.753940282665297362e-03 6.920202353941670541e-03 6.870398612114540261e-03 6.846660412693498371e-03 6.846274232312443003e-03 7.051137887833297188e-03 6.895322172393004989e-03 6.971135994292837999e-03 6.895611966292897535e-03 6.920341431636289203e-03 6.946028144807911246e-03 6.945840549933199673e-03 6.894986053000176814e-03 6.945331987089238372e-03 6.823116676408568643e-03 6.895717430608473350e-03 6.919736966783925601e-03 6.919903197121747562e-03 6.971674958840432153e-03 6.871100482640921797e-03 6.946073638285765912e-03 6.870666059871299858e-03 6.871097241892786672e-03 6.971146099153372258e-03 6.846653312660930420e-03 6.946178320862744261e-03 6.895922515973628049e-03 6.870727568156238287e-03 6.921475323273004569e-03 6.998396059635631980e-03 6.945629644773992049e-03 6.920903598241221269e-03 6.846973049490059741e-03 6.896425249879354485e-03 7.024548360647395878e-03 6.946510381740626447e-03 6.946055221586996606e-03 7.024060362481413314e-03 6.847036700765360591e-03 6.871260024148551776e-03 6.822968464319383725e-03 6.997610011899490536e-03 6.896193812573567575e-03 6.871157366716735236e-03 6.920795035929495909e-03 6.972288170734928896e-03 6.997850694632039292e-03 6.896021603887543712e-03 6.998042898125024329e-03 6.971172809117635177e-03 6.998218748916683503e-03 6.971466320628683273e-03 6.847081288825874329e-03 6.895807435169037415e-03 6.847097797033109556e-03 6.777685790388882255e-03 6.945862406537916742e-03 6.847508397524250043e-03
6.892126045328943879e-03 0.000000000000000000e+00 6.768905406506804320e-03 6.841250439957063945e-03 6.841967635494538083e-03 6.675163679758866833e-03 6.843472992157748069e-03 6.843247141141582147e-03 6.769075430778541576e-03 6.868455093926191350e-03 6.793712188289264750e-03 6.769190302102919519e-03 6.745597028754589733e-03 6.744090745365997550e-03 6.721321628203913087e-03 6.841572443689199721e-03 6.818176919162114921e-03 6.843526731418882007e-03 6.866584147991331225e-03 6.769109002461333804e-03 6.817871751305634546e-03 6.721214874359571385e-03 6.652694976986169711e-03 6.892294503321573854e-03 6.948192425232258863e-03 6.721265120408680127e-03 6.768067836892346228e-03 6.817708762107890265e-03 6.843417576178247551e-03 6.817548601363432673e-03 6.843531437871182808e-03 6.920943643868964802e-03 6.870254972554727842e-03 6.795361369489871621e-03 6.895219461373409270e-03 6.922027620844899663e-03 6.895686260618583835e-03 6.922014796756155615e-03 6.845125395776344504e-03 6.821115608279624577e-03 6.895642605381667109e-03 6.896526738572196502e-03 6.771192322043107989e-03 6.794975712154994671e-03 6.844862559259429734e-03 6.870143952586638472e-03 6.870550607313364970e-03 6.895285161114651264e-03 6.844053544651003233e-03 6.820684088078519773e-03 6.771669553555058688e-03 6.819957619897566194e-03 6.771869674821465873e-03 7.057787145649360022e-03 6.772351021517701922e-03 6.869910784743591195e-03 7.002184430721218947e-03 6.820277649222152190e-03 6.845532469535931495e-03 6.922698049647564404e-03 6.844498954759688919e-03 6.748439263296715333e-03 6.869861960468930627e-03 6.795768700208319052e-03 6.795368218461629410e-03 6.844685528956258661e-03 6.845131420200607775e-03 6.921947749963369527e-03 6.975145299936947978e-03 6.845493947684947247e-03 6.702189421804560787e-03 6.870273530385890247e-03 6.819965822260245017e-03 6.795984773447402184e-03 6.795695104402883942e-03 7.002494700864971694e-03 6.845244099524025634e-03 6.921714693628231926e-03 6.845435827962481103e-03 6.870415280569370196e-03 6.896356994272288821e-03 6.896057083729273222e-03 6.844802914191173808e-03 6.895654416298525359e-03 6.772198019850835492e-03 6.845541748482258070e-03 6.869802927675298931e-03 6.869971748561910264e-03 6.922258069849761969e-03 6.820674803439688572e-03 6.896402939271348460e-03 6.820235556336133424e-03 6.820560262511018816e-03 6.921724459945633422e-03 6.795978011599262611e-03 6.896510073639397324e-03 6.845748675214162818e-03 6.820299642383335914e-03 6.871559448823954738e-03 6.949242737283002451e-03 6.895957031754571497e-03 6.870981943841872677e-03 6.796414082489462063e-03 6.846256998872213458e-03 6.975649509964812998e-03 6.896844632089805908e-03 6.896384498958726093e-03 6.975155975918349849e-03 6.796253452771932289e-03 6.820836193444317248e-03 6.772049173070839381e-03 6.948450047847529003e-03 6.846024104495481745e-03 6.820733920192255557e-03 6.870871808838489858e-03 6.922878434128413271e-03 6.948692564628856060e-03 6.845850090284631879e-03 6.948885158824914289e-03 6.921751511958228707e-03 6.949063208345245685e-03 6.922049858049191158e-03 6.796300667776824199e-03 6.845632893111228134e-03 6.796428175126132537e-03 6.726296076905626496e-03 6.896191240292750407e-03 6.796841682555780639e-03
6.819498527574816525e-03 6.768905406506804320e-03 0.000000000000000000e+00 6.791717829736350874e-03 6.792332758331857262e-03 6.624179658972748769e-03 6.794444463587618124e-03 6.794100994686830264e-03 6.719179043384638367e-03 6.819450604527428454e-03 6.767306212364397611e-03 6.719285908843492840e-03 6.718343277559091047e-03 6.670802210307255099e-03 6.671041051203121554e-03 6.768577493216035301e-03 6.768442122847224095e-03 6.794824704248428326e-03 6.793943867137151350e-03 6.719210459054810423e-03 6.791822400737532878e-03 6.670706595576399167e-03 6.578891900132340098e-03 6.820002999307741079e-03 6.900079855603928787e-03 6.670769222454010945e-03 6.718157692899819761e-03 6.768312440657940111e-03 6.817748972596999676e-03 6.768032588580704355e-03 6.794387476916923310e-03 6.872674773113339464e-03 6.821117889402621669e-03 6.745470444107538877e-03 6.846328330564648186e-03 6.873400124849327920e-03 6.846800038719207636e-03 6.873387240597979807e-03 6.795623641641338787e-03 6.771485919357140594e-03 6.846755616586032607e-03 6.847649412229421528e-03 6.720953894834063615e-03 6.745080514587466040e-03 6.795471675079642337e-03 6.821005239724001711e-03 6.821415600821262477e-03 6.846294893290879799e-03 6.794654610226930416e-03 6.771049642905284036e-03 6.721535038034367159e-03 6.770315788421628171e-03 6.721738408370781306e-03 7.010448906081657473e-03 6.722225142969933710e-03 6.820769295613304632e-03 6.954326639213239888e-03 6.770639579125165529e-03 6.796147866404637916e-03 6.874075971755402165e-03 6.795105012593376931e-03 6.698067336284552545e-03 6.820720032225057426e-03 6.745880919930963109e-03 6.745478799473346963e-03 6.795295453258563302e-03 6.795745296251480549e-03 6.873427391003641453e-03 6.927032135411733543e-03 6.796111193730891217e-03 6.651449871739425687e-03 6.821137837073888190e-03 6.770326278716251589e-03 6.746102116642590033e-03 6.745709389647016815e-03 6.954641041744280897e-03 6.795757660253568325e-03 6.873085664002691504e-03 6.796052440490218428e-03 6.821279984111351842e-03 6.847480157692740349e-03 6.847286734249313431e-03 6.795413121388326622e-03 6.846770149302474316e-03 6.722072760222275699e-03 6.796159414152467930e-03 6.820663990585474137e-03 6.820832511757607408e-03 6.873634921152266437e-03 6.771042380501518868e-03 6.847526006836109416e-03 6.770600240659807069e-03 6.771037975214638793e-03 6.873095630797423049e-03 6.746095202163820102e-03 6.847633323761688137e-03 6.796369400756312705e-03 6.770770537224884110e-03 6.822437079389445311e-03 6.900880341499355565e-03 6.847182970663398885e-03 6.821853786815250224e-03 6.746422901314921318e-03 6.796882392685677995e-03 6.927539747930117064e-03 6.847972082726826171e-03 6.847508395079979562e-03 6.927042505257401464e-03 6.746373556814874543e-03 6.771205410417911220e-03 6.721922263084024150e-03 6.900079597840443751e-03 6.796646557679075600e-03 6.771101781788968488e-03 6.821743519563657626e-03 6.874260369338364672e-03 6.900324989439783792e-03 6.796471283215620336e-03 6.900519808517645119e-03 6.873123337288573019e-03 6.900699550644810720e-03 6.873423789655608296e-03 6.746530969889545995e-03 6.796252429273015594e-03 6.746657076927281040e-03 6.675697679552265555e-03 6.847311832032259085e-03 6.746968218442264166e-03
6.867752989489016302e-03 6.841250439957063945e-03 6.791717829736350874e-03 0.000000000000000000e+00 6.817390596385514319e-03 6.674266938628157717e-03 6.842716170547727406e-03 6.866201203382997671e-03 6.791770805317734298e-03 6.867576772100430701e-03 6.792834366106790915e-03 6.768516350699869781e-03 6.744944678449696709e-03 6.720310551989170690e-03 6.720538216606900678e-03 6.817326681932999941e-03 6.817186008842588373e-03 6.843320814253196945e-03 6.865817650285815400e-03 6.792031884589807243e-03 6.816885218284841549e-03 6.720318366304670055e-03 6.629452212731773257e-03 6.868018905225406825e-03 6.971909231705502967e-03 6.720596175076157253e-03 6.767063554523701507e-03 6.816826789030830912e-03 6.842775364379327652e-03 6.840487670651105960e-03 6.842556319457133128e-03 6.944410815162539719e-03 6.869354786885624627e-03 6.794446987796837374e-03 6.894320476926570074e-03 6.921243506807116773e-03 6.894900024553229922e-03 6.921342086713256833e-03 6.844220716987068492e-03 6.820315157225046755e-03 6.894745063981033879e-03 6.895739506807641549e-03 6.770174032296828737e-03 6.794059941155132856e-03 6.843956240669592760e-03 6.869241268726672747e-03 6.869758345978109124e-03 6.894287750913001729e-03 6.843255666923164608e-03 6.819882670685718969e-03 6.770749313501904509e-03 6.819047307174658061e-03 6.770950884517555959e-03 7.056916732858445687e-03 6.771431752145303136e-03 6.869009077371553314e-03 7.001305939039822665e-03 6.819368966097750541e-03 6.844627322640831416e-03 6.921692408068610275e-03 6.843713069137139990e-03 6.747516026371528503e-03 6.869068143793853436e-03 6.771506156480904676e-03 6.794571310173514594e-03 6.843896492095366546e-03 6.844342569566994050e-03 6.921170197776846909e-03 6.974377406844973863e-03 6.844704627253371705e-03 6.701376546236160678e-03 6.869489140219220240e-03 6.819172358343909314e-03 6.795187397093983839e-03 6.794799173455512778e-03 7.001730090311579675e-03 6.844355602380192485e-03 6.920828563114305582e-03 6.844646926737863769e-03 6.869628468052549862e-03 6.895576788543942431e-03 6.895275940955381509e-03 6.844012980859933218e-03 6.894873568982935567e-03 6.771396664692350478e-03 6.844751921627314009e-03 6.869018555760157685e-03 6.869185853504378159e-03 6.921481428716458328e-03 6.819881440086635396e-03 6.895622175345409756e-03 6.819443184065842982e-03 6.819767911099932495e-03 6.920947742534827238e-03 6.795180628619903150e-03 6.895728899067629647e-03 6.844960909508874224e-03 6.819508367117033121e-03 6.870775836489964074e-03 6.948471364929990207e-03 6.895177900019601111e-03 6.870198222738486613e-03 6.795617842638284993e-03 6.845469321444653740e-03 6.974882226795650793e-03 6.896065032112304836e-03 6.895604825236255689e-03 6.974389124722754803e-03 6.795456884477800961e-03 6.820044396286523494e-03 6.771248451614991608e-03 6.947677670181388876e-03 6.845236359424068835e-03 6.819942789151302309e-03 6.870088076276343637e-03 6.922102946804752077e-03 6.947921668622023331e-03 6.845061898412025704e-03 6.948113731809694125e-03 6.920975833409337419e-03 6.948291807589716124e-03 6.921273891097230214e-03 6.795503583257971915e-03 6.844845114828326978e-03 6.795633012550162874e-03 6.725488732337822281e-03 6.895411151098227408e-03 6.796045975521703905e-03
6.892418005702118447e-03 6.841967635494538083e-03 6.792332758331857262e-03 6.817390596385514319e-03 0.000000000000000000e+00 6.698021754906638252e-03 6.843541352923316300e-03 6.843434599301025274e-03 6.792283616385787551e-03 6.868178142315094561e-03 6.793454704939890301e-03 6.769361992218897103e-03 6.745559615934561097e-03 6.721035087799203007e-03 6.721383400438296282e-03 6.817929206340869221e-03 6.841385662567967679e-03 6.844035653508408028e-03 6.843045621435494934e-03 6.769297058429574188e-03 6.817829505783079558e-03 6.721169737941940989e-03 6.630196757914827779e-03 6.868846298271679557e-03 6.948388463890606270e-03 6.721562371440523674e-03 6.768016973770306539e-03 6.817438383669291099e-03 6.866979962481532460e-03 6.841096661250518386e-03 6.843495258315029743e-03 6.945005994646460436e-03 6.870192989805864667e-03 6.795180096644759526e-03 6.895156466770966004e-03 6.921849204461211734e-03 6.895508649507760789e-03 6.922061884374558147e-03 6.844831421105266982e-03 6.821050200798675807e-03 6.895461426961567095e-03 6.896463426757962548e-03 6.771025759956954965e-03 6.794911170275322321e-03 6.844797552194598761e-03 6.869963839570853575e-03 6.870369476604670962e-03 6.895005231593422448e-03 6.843989674820434750e-03 6.820620306555112353e-03 6.771597274992319573e-03 6.819774701445581108e-03 6.771684945880430441e-03 7.057611902831661087e-03 6.772283785177453906e-03 6.869729808937409012e-03 7.002008318533191680e-03 6.820318278073886527e-03 6.845469179051090654e-03 6.898548269377947906e-03 6.844436809153055939e-03 6.748255706183006047e-03 6.869680311281003982e-03 6.795472668873174180e-03 6.795311099809198292e-03 6.844628526203255618e-03 6.845073010887241759e-03 6.921773235553410966e-03 6.975089987571659288e-03 6.845435994078942835e-03 6.702129119821877493e-03 6.870216893671044454e-03 6.819908072099421445e-03 6.795926716382945029e-03 6.795537446540428697e-03 7.002439300002219306e-03 6.845086979586212719e-03 6.921657159277671244e-03 6.845378317874657205e-03 6.870357085610769889e-03 6.896300173423733880e-03 6.895999913086784013e-03 6.844745445991882483e-03 6.895597562826295823e-03 6.772139561225071561e-03 6.845484326945416691e-03 6.869746802616289762e-03 6.869914605603638820e-03 6.922201549714189321e-03 6.820616522339522161e-03 6.896346078422208210e-03 6.820178236302773880e-03 6.820502003445983071e-03 6.921667961820939137e-03 6.795918882446272055e-03 6.896452252035565125e-03 6.845694334783774745e-03 6.820244544570063135e-03 6.871504471857341895e-03 6.949188723876874481e-03 6.895901444698449359e-03 6.870927418210341989e-03 6.796245058815450144e-03 6.846202182955260333e-03 6.975595266070277155e-03 6.896789945120863040e-03 6.896330239981892860e-03 6.975103636517431503e-03 6.796298903226412162e-03 6.820780575831502518e-03 6.771992395907752010e-03 6.948506504347670525e-03 6.845967312399556422e-03 6.820679803269496556e-03 6.870817772292299105e-03 6.922823543909395645e-03 6.948639968818089499e-03 6.845793356301403502e-03 6.948831544553165512e-03 6.921697113680321325e-03 6.949008640236680086e-03 6.922098073547477796e-03 6.796354707129636206e-03 6.845577576435903609e-03 6.796372774836171096e-03 6.726239287372461940e-03 6.896136149709851913e-03 6.796786226589305452e-03
6.726495902062477536e-03 6.675163679758866833e-03 6.624179658972748769e-03 6.674266938628157717e-03 6.698021754906638252e-03 0.000000000000000000e+00 6.701073478701302655e-03 6.700834137413278803e-03 6.647003727856331916e-03 6.726656835760456629e-03 6.672375238692931226e-03 6.624556830480796306e-03 6.600152060489606134e-03 6.574899731530412135e-03 6.575246227132748242e-03 6.674828151070624598e-03 6.674685000158467503e-03 6.701571795341506113e-03 6.700674200845363991e-03 6.647157479232360285e-03 6.674485787323472877e-03 6.574901552520303130e-03 6.481221463331623620e-03 6.727107525111204051e-03 6.832348289559280440e-03 6.575073129180697244e-03 6.623296521439695980e-03 6.674322453816861588e-03 6.701016873083178414e-03 6.674275059285962770e-03 6.701021557202299639e-03 6.780901186074653718e-03 6.727311444291502601e-03 6.650194741084258961e-03 6.753005538354321484e-03 6.780584881814494778e-03 6.753594049298106312e-03 6.780683975121147046e-03 6.701439596073111016e-03 6.676722327337223685e-03 6.753549069510590176e-03 6.754350042230487447e-03 6.625194958354461809e-03 6.649798742055201307e-03 6.701172663818930411e-03 6.727196636532196267e-03 6.727616472238600286e-03 6.753080620121963175e-03 6.700342377770035496e-03 6.676276643133049506e-03 6.625789327138542802e-03 6.675528003300182193e-03 6.626104269468720623e-03 6.920131502513011609e-03 6.626490775630378138e-03 6.727065784896374412e-03 6.863004528409287486e-03 6.653205584765122318e-03 6.701971158551338868e-03 6.781383999178018304e-03 6.700801724586813446e-03 6.601960398588000746e-03 6.726907519598848174e-03 6.650503428044267015e-03 6.650325091121484823e-03 6.701110233889891535e-03 6.701566060218698898e-03 6.780622785914217424e-03 6.835329145089838812e-03 6.701942660809773883e-03 6.554413762103875052e-03 6.727450788153473311e-03 6.675657803211760763e-03 6.650959282701700281e-03 6.650559799346904971e-03 6.863441063911659458e-03 6.701583648960937611e-03 6.780380696943941708e-03 6.701882748150577232e-03 6.727484692645903895e-03 6.754293868078731049e-03 6.754096829385545717e-03 6.701231381109067249e-03 6.753570461630402713e-03 6.626455139485086521e-03 6.701991652137665074e-03 6.726967869012191563e-03 6.727138967321304348e-03 6.780941846162319431e-03 6.676387777620669886e-03 6.754340101530468231e-03 6.675938761142429650e-03 6.676381783709396320e-03 6.780392485484106578e-03 6.650951563790663025e-03 6.754449459956817468e-03 6.701962124443992114e-03 6.675761639718316189e-03 6.728649453801923731e-03 6.808563217331646718e-03 6.753866415923951393e-03 6.727937920103961578e-03 6.651045133378224658e-03 6.702486509225914595e-03 6.835606893800446129e-03 6.754671390099249197e-03 6.754080924581693304e-03 6.835104252299108521e-03 6.628573630540710374e-03 6.676425659951136862e-03 6.626053935737005046e-03 6.807867362507312795e-03 6.702470259953652656e-03 6.676209196142249801e-03 6.727824102739274857e-03 6.781339035089106043e-03 6.807892222128969148e-03 6.702291066513715520e-03 6.808087863408915537e-03 6.780297113408427848e-03 6.808386748906013197e-03 6.757436144027513351e-03 6.651153396118141686e-03 6.701959468126787722e-03 6.651175775231160138e-03 6.579011805928223523e-03 6.754108594710044218e-03 6.651597648190924958e-03
6.893309521245908657e-03 6.843472992157748069e-03 6.794444463587618124e-03 6.842716170547727406e-03 6.843541352923316300e-03 6.701073478701302655e-03 0.000000000000000000e+00 6.868090081937978410e-03 6.794606782698241199e-03 6.917110749297173539e-03 6.842502828352864906e-03 6.794600994633151481e-03 6.770805701895883828e-03 6.746864886565297724e-03 6.770011864937032844e-03 6.842821890442677725e-03 6.843005627843753644e-03 6.868669410210252908e-03 6.891641491298093787e-03 6.794752955166824364e-03 6.842941706949147614e-03 6.769913554728718488e-03 6.656274469995399588e-03 6.917555603712295144e-03 6.972401444456670719e-03 6.769960812671839759e-03 6.816738319057678852e-03 6.842776463989407726e-03 6.868356024701172471e-03 6.866208660206082892e-03 6.868134619729238978e-03 6.969607192871616307e-03 6.895178773543206123e-03 6.820662632607860966e-03 6.920133213623971130e-03 6.946694212292837609e-03 6.920483461864346958e-03 6.946683353491755336e-03 6.870174430543194571e-03 6.846286069579511462e-03 6.920439025548678208e-03 6.921319617563472144e-03 6.796518176186856428e-03 6.820384189896925090e-03 6.869913797607572065e-03 6.895068306197457003e-03 6.895471471185732164e-03 6.919984939004669711e-03 6.869213220872536288e-03 6.845856754597555438e-03 6.797090452171256590e-03 6.845132934496322638e-03 6.797290500896606413e-03 7.081804303438406049e-03 6.797770321059287517e-03 6.894834837530685288e-03 7.026465091295631613e-03 6.845453317717615713e-03 6.870579949188372788e-03 6.947250438603465479e-03 6.869669285168259788e-03 6.773980728285050081e-03 6.894786271177854448e-03 6.821063795281728098e-03 6.820775155103341904e-03 6.869738220149700786e-03 6.870179495583159275e-03 6.946614799995092134e-03 6.999556269098906880e-03 6.870541563793798948e-03 6.728083254074106526e-03 6.895197728061274074e-03 6.845142638070777878e-03 6.821283825890432466e-03 6.820896541800115960e-03 7.026774991312954854e-03 6.870192337497918293e-03 6.946384353409853357e-03 6.870484178948080799e-03 6.895337464910653892e-03 6.921152243257030698e-03 6.920963771254840836e-03 6.869854609874508425e-03 6.920452695490029831e-03 6.797619171862575790e-03 6.870590155324064578e-03 6.894835273550795063e-03 6.894897041390940680e-03 6.946925549884665207e-03 6.845848527488599539e-03 6.921198493447388786e-03 6.845516686845160015e-03 6.845845242831069197e-03 6.946394538100060002e-03 6.821276192003167087e-03 6.921303239985808313e-03 6.870676717593112576e-03 6.845355099792500668e-03 6.896357940373331816e-03 6.973661050078116923e-03 6.920744769818108939e-03 6.895783862627863185e-03 6.821592330244033095e-03 6.871181966935835730e-03 7.000048653784048634e-03 6.921517406310466469e-03 6.921169516023406749e-03 6.999559824187769064e-03 6.821431341151997473e-03 6.845889255329554342e-03 6.797349469628956656e-03 6.972981279785705512e-03 6.870950344497100785e-03 6.822409764194279670e-03 6.895674809612174251e-03 6.947424157160688764e-03 6.973218567032950753e-03 6.870778220742914527e-03 6.973304222703665019e-03 6.946412909172290304e-03 6.973482851199515851e-03 6.946601102837002967e-03 6.821697539422671291e-03 6.870562008690581438e-03 6.821714636091259082e-03 6.751941422820576313e-03 6.920973604077546200e-03 6.822015496352745213e-03
6.893196165704853356e-03 6.843247141141582147e-03 6.794100994686830264e-03 6.866201203382997671e-03 6.843434599301025274e-03 6.700834137413278803e-03 6.868090081937978410e-03 0.000000000000000000e+00 6.794157782918751852e-03 6.892809107400183974e-03 6.818776514487164160e-03 6.794251857428445368e-03 6.770916195823666398e-03 6.746635011000199841e-03 6.769900517218882009e-03 6.843047733998795443e-03 6.866837001093964096e-03 6.868558717540972254e-03 6.891531978334551611e-03 6.794410994521635910e-03 6.866303614951655386e-03 6.769449522336086142e-03 6.656159222599426772e-03 6.893356543797194563e-03 6.996642869163563136e-03 6.746584677696152582e-03 6.816509980560475808e-03 6.842433001213849529e-03 6.868136606920615707e-03 6.842387012618034343e-03 6.891755148008302072e-03 6.945282184078060625e-03 6.895067819317684393e-03 6.820549545588320585e-03 6.919906568620045988e-03 6.946584419419208137e-03 6.920372574455851099e-03 6.946571129902454587e-03 6.870062961753652976e-03 6.846172575388450622e-03 6.920328629170437867e-03 6.921209280375783569e-03 6.796405094947689622e-03 6.820269632241810452e-03 6.869801795542741091e-03 6.894956848651988789e-03 6.895359585981798017e-03 6.919874047240707343e-03 6.869101261468092690e-03 6.845743750160776867e-03 6.797090217877737109e-03 6.845020431081627263e-03 6.797176909283232302e-03 7.081697722655903512e-03 6.797656744219689358e-03 6.894723914879901175e-03 7.026356405560049180e-03 6.845340268464110423e-03 6.870467949672796892e-03 6.947140636646293062e-03 6.869438606679920123e-03 6.773866613947213296e-03 6.894674853996345804e-03 6.821061540332411417e-03 6.820554885457996361e-03 6.869624303397716195e-03 6.870067563601394388e-03 6.946503975391387156e-03 6.999445561121073189e-03 6.870428131371237278e-03 6.727855903717929950e-03 6.895084819719453882e-03 6.845028136636202749e-03 6.821168790490055207e-03 6.820781991696757418e-03 7.026664853476850131e-03 6.870080368305097121e-03 6.946273024253111009e-03 6.870371215402251708e-03 6.895225028471774036e-03 6.921039951257605162e-03 6.920741434338711917e-03 6.869741592564345203e-03 6.920340343247155176e-03 6.797503594059381427e-03 6.870476223503527678e-03 6.894721920922074199e-03 6.894785070601242363e-03 6.946813727117756229e-03 6.845734045342300247e-03 6.921085649083029943e-03 6.845402196587947741e-03 6.845620894894105177e-03 6.946282721465606678e-03 6.821161641856886282e-03 6.921191357177359019e-03 6.870683567765102119e-03 6.845362307517833915e-03 6.896365350397361087e-03 6.973668510932073267e-03 6.920642003736657104e-03 6.895791213680570707e-03 6.821597577869609359e-03 6.871188841485697391e-03 6.999947391620680616e-03 6.921525733831725841e-03 6.921067345947872276e-03 6.999456568496423801e-03 6.821435595792127264e-03 6.845896091885247427e-03 6.797355228996942653e-03 6.972992041823063147e-03 6.870957161316691361e-03 6.845791900630203604e-03 6.895681155199241338e-03 6.947431551884279168e-03 6.973119979619629184e-03 6.870783547259322159e-03 6.973312128732998827e-03 6.946311184965506605e-03 6.973489786474018973e-03 6.946606971264979169e-03 6.821596440909413230e-03 6.870568381875317467e-03 6.821611988730665911e-03 6.751838095759997611e-03 6.920979961912071543e-03 6.822022845358945674e-03
6.819777456513763381e-03 6.769075430778541576e-03 6.719179043384638367e-03 6.791770805317734298e-03 6.792283616385787551e-03 6.647003727856331916e-03 6.794606782698241199e-03 6.794157782918751852e-03 0.000000000000000000e+00 6.819491924365404974e-03 6.744245929379313366e-03 6.719566513135219812e-03 6.695513558644145859e-03 6.670972727942934936e-03 6.670979956084351070e-03 6.768852868200727138e-03 6.791954326866873198e-03 6.794989867231314949e-03 6.793763260629778582e-03 6.719500875580238300e-03 6.768637629796864924e-03 6.670879524965665774e-03 6.579063249068484165e-03 6.820278908014406651e-03 6.900251480124405985e-03 6.671271993112634115e-03 6.718209316417598012e-03 6.791713134697040417e-03 6.794210343597361680e-03 6.767968358537374343e-03 6.818034588839573182e-03 6.896480048119874376e-03 6.821039857009827782e-03 6.745392225821439033e-03 6.846367310232198342e-03 6.873437802989119244e-03 6.846722503807981842e-03 6.849694519054327219e-03 6.795543695262516205e-03 6.771405998530754915e-03 6.846677555389808593e-03 6.847569132876023951e-03 6.720992944924575503e-03 6.745119470243727579e-03 6.795509282735418335e-03 6.821044292786565023e-03 6.821336029170873075e-03 6.846333919282823928e-03 6.794692364587367854e-03 6.770970186660373209e-03 6.721686483176219674e-03 6.770236988527808010e-03 6.721659244440388557e-03 7.010372725188069275e-03 6.722145900196039789e-03 6.820690372005624134e-03 6.954247655325610823e-03 6.770665483954849649e-03 6.796070502357314143e-03 6.874113868056079546e-03 6.795144451976258861e-03 6.697988792483533863e-03 6.820758067573847241e-03 6.745919940439150560e-03 6.745524653997198548e-03 6.795337985032645980e-03 6.795787903085058305e-03 6.873363755877197161e-03 6.927074823798233701e-03 6.796154762802627050e-03 6.651384298350473435e-03 6.821181728695890900e-03 6.770370027490834643e-03 6.746146024918154953e-03 6.745753788608088719e-03 6.954683034851251791e-03 6.795802683102231123e-03 6.873128690183760887e-03 6.796096479601995005e-03 6.821323757188525218e-03 6.847522882150337137e-03 6.847220717716408223e-03 6.795457148975872844e-03 6.846813374015194020e-03 6.722116301663402793e-03 6.796202429771611847e-03 6.820706496575609790e-03 6.820876868939093444e-03 6.873677455328443264e-03 6.771085566725105684e-03 6.847569213698250466e-03 6.770643024159416455e-03 6.770972015807542009e-03 6.873138671830824470e-03 6.746138565363729404e-03 6.847676971640070075e-03 6.796415674441266819e-03 6.770710304444016100e-03 6.822482660767612006e-03 6.900925358840735366e-03 6.847119723741531584e-03 6.821899820834288752e-03 6.746466897584877526e-03 6.796928621334650221e-03 6.927585418552503413e-03 6.848017435314668507e-03 6.847553238074255769e-03 6.927089198840218585e-03 6.746634264073397315e-03 6.771251861015428058e-03 6.721968006655302218e-03 6.900235985449031627e-03 6.796690820116183494e-03 6.771150613954378741e-03 6.821789102405832923e-03 6.874305485751575941e-03 6.900371872202843565e-03 6.796515094374181581e-03 6.900565218131632546e-03 6.873168022931357146e-03 6.900744012090600545e-03 6.873571392437599972e-03 6.746579753860422815e-03 6.796297715330516798e-03 6.746597039090629182e-03 6.675743408762199044e-03 6.847356823723924762e-03 6.747014817832834403e-03
6.942010420599645584e-03 6.868455093926191350e-03 6.819450604527428454e-03 6.867576772100430701e-03 6.868178142315094561e-03 6.726656835760456629e-03 6.917110749297173539e-03 6.892809107400183974e-03 6.819491924365404974e-03 0.000000000000000000e+00 6.843542117582432707e-03 6.843085773441728685e-03 6.819526124255939972e-03 6.771988916531295789e-03 6.772109874032561719e-03 6.868015131078343376e-03 6.891602667586079443e-03 6.917491669720479165e-03 6.892432429814918451e-03 6.819749498101998833e-03 6.891403358502198352e-03 6.771892257565662217e-03 6.681990419812736288e-03 6.917970434613957519e-03 7.021324618580496515e-03 6.772063086731444984e-03 6.818259430914306966e-03 6.867407448072068016e-03 6.893093214266035780e-03 6.891086670200051098e-03 6.916952629383799935e-03 6.994311634071259491e-03 6.919766974226780783e-03 6.845621823854672501e-03 6.920517786446932045e-03 6.971148637369681267e-03 6.944950746516026160e-03 6.971136934564417346e-03 6.894889569674765226e-03 6.871117131859373617e-03 6.945020170048518335e-03 6.945896869797315784e-03 6.821598931476381168e-03 6.845237062676432296e-03 6.894626339626468495e-03 6.919658159792531175e-03 6.920174939884353796e-03 6.944452257632648985e-03 6.893939858747260771e-03 6.870688919778309735e-03 6.822279630015637419e-03 6.870084671814672729e-03 6.822367004963434366e-03 7.105620927434688934e-03 6.822843838647384487e-03 6.919425369782569897e-03 7.050422344424788802e-03 6.870289217071249774e-03 6.895289660645962174e-03 6.971702799608541466e-03 6.894500635452806281e-03 6.799175637007634325e-03 6.919493189264103172e-03 6.845911960400171380e-03 6.845751279155160539e-03 6.894574776506624293e-03 6.895015886686996394e-03 6.971182320342281594e-03 7.023761642092676664e-03 6.895375048027218082e-03 6.753524990002455347e-03 6.919908317931753629e-03 6.870101080134293284e-03 6.846361941288408789e-03 6.845977258246795094e-03 7.050850556198334784e-03 6.895028634193961330e-03 6.970845477206056608e-03 6.895317422726542772e-03 6.920047308787551435e-03 6.945735663213676442e-03 6.945437233746630176e-03 6.894689962326081521e-03 6.945039960547704817e-03 6.822815698544801299e-03 6.895420878904161451e-03 6.919442452564085640e-03 6.919609112987568263e-03 6.971384509996553409e-03 6.870802969663407367e-03 6.945665780229274590e-03 6.870368590860012788e-03 6.870689489126487713e-03 6.970856098275784313e-03 6.846355301871615527e-03 6.945886769830579566e-03 6.895630820395196037e-03 6.870541692405510506e-03 6.921185130158823660e-03 6.998110361227632102e-03 6.945448232216200161e-03 6.920612899003924720e-03 6.846676849376720324e-03 6.896133596901172190e-03 7.024262240114532291e-03 6.946221156945734873e-03 6.945765458429497934e-03 7.023882796013054472e-03 6.846630639914285006e-03 6.870966373155776297e-03 6.822671799093159468e-03 6.997435809341531060e-03 6.895902031849606914e-03 6.870976878997366206e-03 6.920505297748410535e-03 6.971999951367467002e-03 6.997565506291680316e-03 6.895730340656025179e-03 6.997755726699604606e-03 6.970885033362604795e-03 6.997932027819656411e-03 6.971180865676418134e-03 6.846787356988808318e-03 6.895515699188847943e-03 6.846909947451792350e-03 6.777387428352685955e-03 6.945573708011466320e-03 6.847213825430521240e-03
6.867771409509460141e-03 6.793712188289264750e-03 6.767306212364397611e-03 6.792834366106790915e-03 6.793454704939890301e-03 6.672375238692931226e-03 6.842502828352864906e-03 6.818776514487164160e-03 6.744245929379313366e-03 6.843542117582432707e-03 0.000000000000000000e+00 6.744334703436682434e-03 6.743420618839542947e-03 6.695881570961983303e-03 6.696111145613928284e-03 6.816866586469505322e-03 6.816721243976545108e-03 6.819281967695842682e-03 6.818518289118805260e-03 6.767509093802891347e-03 6.792831467693377992e-03 6.695886958432462586e-03 6.604670917430949771e-03 6.844093162483878660e-03 6.948258342203809251e-03 6.718833239546647719e-03 6.743098037580455562e-03 6.792884492652407485e-03 6.818844557059758685e-03 6.816313188600485115e-03 6.819070227768794269e-03 6.896862397595899911e-03 6.845314584881133889e-03 6.770039122603197825e-03 6.870403684973879453e-03 6.897346854931518320e-03 6.870872196538032467e-03 6.897336096530233898e-03 6.819946849555122773e-03 6.795925550024782200e-03 6.870829011018101534e-03 6.871719902552509383e-03 6.745648115284423423e-03 6.769654192558075337e-03 6.819794971758141519e-03 6.845202917249582596e-03 6.845611877111318182e-03 6.870371328746322816e-03 6.818983447986456774e-03 6.795493500955494641e-03 6.746335669630496891e-03 6.794761831890246649e-03 6.746426203922099504e-03 7.033759159292244864e-03 6.746911457083486045e-03 6.844967343911335586e-03 6.977892745511127953e-03 6.795188697589303779e-03 6.820465739760844109e-03 6.897906774185059466e-03 6.819430812850920710e-03 6.722872717767399732e-03 6.844920175231345924e-03 6.770338324033865589e-03 6.769912455090122162e-03 6.819262574103871627e-03 6.819710662365076510e-03 6.897141182470657370e-03 6.950373345045160120e-03 6.820189193460815882e-03 6.653361152102029753e-03 6.845092611644775296e-03 6.794415302452560222e-03 6.770308366664384674e-03 6.770030520643084866e-03 6.977856253423785592e-03 6.820054261766080039e-03 6.896791188878845062e-03 6.820238665965497327e-03 6.845343794881359779e-03 6.871194926665183562e-03 6.847395655674666515e-03 6.819379991749687994e-03 6.870603337715129599e-03 6.746397874368990737e-03 6.820122421032777729e-03 6.844509893647826235e-03 6.844792465419037228e-03 6.897224665106148518e-03 6.795128254620873103e-03 6.871356981171230539e-03 6.794685877550392557e-03 6.771890501992411208e-03 6.896798993250609355e-03 6.770412498541455472e-03 6.871562763253427804e-03 6.820571914269340889e-03 6.795100091457177867e-03 6.846622377517315276e-03 6.924582117434623096e-03 6.871138680097879647e-03 6.845933166465021681e-03 6.770872637908804600e-03 6.821191150226750197e-03 6.951224415340441498e-03 6.872032561052726987e-03 6.871461837977718180e-03 6.950624071694169563e-03 6.770928661906456571e-03 6.795532172917464163e-03 6.746491160401318389e-03 6.923898677843032951e-03 6.820956129555974003e-03 6.795759706298530253e-03 6.845822394581718533e-03 6.898197598188657471e-03 6.924245566341504822e-03 6.820672780887116968e-03 6.924224734398929347e-03 6.896954813984320330e-03 6.924402685653281188e-03 6.897360101583402230e-03 6.747864710774009213e-03 6.820457076785676163e-03 6.771104584182396913e-03 6.700499831357259461e-03 6.871269737584223027e-03 6.771413995704642433e-03
6.819870039422328695e-03 6.769190302102919519e-03 6.719285908843492840e-03 6.768516350699869781e-03 6.769361992218897103e-03 6.624556830480796306e-03 6.794600994633151481e-03 6.794251857428445368e-03 6.719566513135219812e-03 6.843085773441728685e-03 6.744334703436682434e-03 0.000000000000000000e+00 6.718618818412474061e-03 6.671080072712720632e-03 6.671321902248567547e-03 6.768964196845644529e-03 6.768822428050902743e-03 6.794767728986032297e-03 6.817579833024636077e-03 6.719823581961640105e-03 6.768506189479664252e-03 6.670748024331524424e-03 6.601497454586368122e-03 6.819939038732542036e-03 6.924450114062351107e-03 6.671034019175262238e-03 6.718198754563326630e-03 6.768346349095439793e-03 6.818135218012627390e-03 6.768413922421902783e-03 6.817910746686937917e-03 6.872938609406980051e-03 6.821267423724557827e-03 6.745622195486584115e-03 6.846592212478247105e-03 6.873547615034880480e-03 6.846948742290415169e-03 6.873536304745412467e-03 6.795886916825210483e-03 6.771637917239697879e-03 6.846904341850833242e-03 6.847798205502372490e-03 6.721206747578496905e-03 6.745232284729869333e-03 6.795622494020919085e-03 6.821154758682688134e-03 6.821565533658284150e-03 6.846543795622751782e-03 6.794806380247400864e-03 6.771202105495877262e-03 6.721688514099553695e-03 6.770466736507657103e-03 6.721891330575120900e-03 7.010592590284026905e-03 6.722378129608734543e-03 6.820919243900130935e-03 6.954471971102603109e-03 6.770791510068672157e-03 6.796299094454129851e-03 6.874112640963417689e-03 6.795255318905755147e-03 6.698220456006469085e-03 6.820869980017261157e-03 6.745920782408794739e-03 6.745630363737794948e-03 6.795444110132609072e-03 6.795894290273124354e-03 6.873574815978312179e-03 6.927177111771321873e-03 6.796260799003658523e-03 6.651493077510616490e-03 6.821286270371963723e-03 6.770476130897651323e-03 6.746252666900972271e-03 6.745960439263135044e-03 6.954785700816098516e-03 6.796007729594276230e-03 6.873232141515251727e-03 6.796202088035424756e-03 6.821429803020570559e-03 6.847627306520793350e-03 6.847324625527637619e-03 6.795562242088886047e-03 6.846917852378986077e-03 6.722223573095708303e-03 6.796308514538522069e-03 6.820812438304704045e-03 6.820981416472521666e-03 6.873781367054985179e-03 6.771192209748205446e-03 6.847674227913635656e-03 6.770750154095720418e-03 6.771077650269910313e-03 6.873242566793684796e-03 6.746246246103678249e-03 6.847781896257005077e-03 6.796389578732283353e-03 6.770913822067972654e-03 6.822459250796308536e-03 6.900901162941042687e-03 6.847326900297491005e-03 6.821995085400904199e-03 6.746679867931524612e-03 6.796903025599012466e-03 6.927559344564370759e-03 6.848113790853599912e-03 6.847647995921780917e-03 6.903185267079844402e-03 6.746397552650968722e-03 6.771226188099980885e-03 6.721946473738784657e-03 6.900219936283213257e-03 6.796668793639805417e-03 6.771244902606911135e-03 6.821763651861348539e-03 6.874401833165524021e-03 6.900347864712259513e-03 6.796492973717924331e-03 6.900659165710794005e-03 6.873263358704592187e-03 6.900839870326963901e-03 6.873445095195284543e-03 6.746445328391248442e-03 6.796394946666920941e-03 6.746799895299672445e-03 6.675720870330942303e-03 6.847333508887634007e-03 6.746989608795952997e-03
