0.000000000000000000e+00 9.748285585604844761e-03 1.044051662532964261e-02 9.280682407559802047e-03 1.017366734285655994e-02 1.074492480230589825e-02 9.745372895786155731e-03 1.017334780484966186e-02 9.278035609036573358e-03 1.150778327298674492e-02 1.109465317346140442e-02 9.945641870997046913e-03 9.570826990271775331e-03 9.745031568943511580e-03 1.602217156135990125e-02 9.947846233356280252e-03 1.150819934769646731e-02 1.043591625436060370e-02 1.074354951843296650e-02 9.945358978582336321e-03 1.043615309498682926e-02 1.043885298069637847e-02 1.017331080128134127e-02 1.017279158934499689e-02 9.745716874697366375e-03 9.573281049302670778e-03 1.043895261036875514e-02 1.017342444422974362e-02 9.745582971682811499e-03 1.199159731597788416e-02 1.043969502309283204e-02 9.570612739072281716e-03 9.949090876380782891e-03 1.151274594785506485e-02 9.748183460970314546e-03 9.749101614170849195e-03 1.151230879504908100e-02 1.109770485305460602e-02 1.322861995441091711e-02 9.749576001852538337e-03 1.017652483074454363e-02 1.074552092384932662e-02 1.732416137692315353e-02 1.074375710178674878e-02 1.151178564272222100e-02 9.749492271718510766e-03 1.017716720176611335e-02 1.074351868788994864e-02 1.044076428673480945e-02 9.572754921641994652e-03 1.074456446166532041e-02 1.017679727226716326e-02 1.151400544900711177e-02 9.748199675306821674e-03 9.748690013980192831e-03 1.017800382144834828e-02 9.949835612668572749e-03 1.017670832731921125e-02 1.043956130548317519e-02 9.281053143742289818e-03 9.281271634960475483e-03 9.749274560792775546e-03 9.947679962504379220e-03 1.044017278692736632e-02 1.017794235993039857e-02 1.017783265008681201e-02 1.017700673827932542e-02 9.948659891685423737e-03 1.109911641072216029e-02 1.017705754850346637e-02 1.199780002120346203e-02 9.573885891176686994e-03 1.044047947016705016e-02 1.044085241665899597e-02 1.074446743011504314e-02 9.948672605796104670e-03 1.151331087838648563e-02 1.017758447593888199e-02 1.109997954399568297e-02 1.074504224948123060e-02 9.948622326848208935e-03 1.044041564605918682e-02 1.151305352824004077e-02 9.281003232848750173e-03 1.044014685561048608e-02 1.017776185648053104e-02 9.949103851278447846e-03 1.044029785929728033e-02 1.017748192494041283e-02 1.017738664732511719e-02 1.110016514305853415e-02 1.199749050516036621e-02 9.948716668645869385e-03 1.017728940419684175e-02 1.109870218059119673e-02 1.017729646112251231e-02 1.151226156311603403e-02 1.044067541693104693e-02 1.109823843259567268e-02 1.017705574912761320e-02 9.573315598192853534e-03 1.256471638256768768e-02 1.044001573314960740e-02 1.109979643041540155e-02 1.017690059491559509e-02 9.948932890353645586e-03 9.948734787411334796e-03 1.110001413008643648e-02 1.044027815445074635e-02 9.158505966212418178e-03 9.948519246729228480e-03 9.948703769635983130e-03 1.109848115905386415e-02 9.948541834492504593e-03 1.151329719283863962e-02 1.074484650905783642e-02 9.948633667435658953e-03 9.948860981945447171e-03 9.573582757089646803e-03 1.044067168257587462e-02 1.199787364274523815e-02 1.017747624000790024e-02 1.017703477623151630e-02 1.151189229646147616e-02 9.418537280152572411e-03 1.151306500444429504e-02 1.074496321586554740e-02 9.948649797525688232e-03
9.748285585604844761e-03 0.000000000000000000e+00 8.942428556158092331e-03 7.465223904275365523e-03 8.611314122914931826e-03 9.318140631384053477e-03 8.066703840155989638e-03 8.610898087131023393e-03 7.465371229930342287e-03 1.023238749283591521e-02 9.748051168886081100e-03 8.321309081998431306e-03 7.840676772946886600e-03 8.064350085253121914e-03 1.513290848664495571e-02 8.322240137231710216e-03 1.023287618765166690e-02 8.943256218468939242e-03 9.316457347969568301e-03 8.320944402987652186e-03 8.941143895543299594e-03 8.940350649756552068e-03 8.610852170850710752e-03 8.610196858256622537e-03 8.065258335552723257e-03 7.841935425819759192e-03 8.940473330937228139e-03 8.610995788897447129e-03 8.065063193198648839e-03 1.078902901321130044e-02 8.941409920557358629e-03 7.840404098897885143e-03 8.323883444041956653e-03 1.023670035466257844e-02 8.066514456922885268e-03 8.067757925244004730e-03 1.023619107112019519e-02 9.747156318429523944e-03 1.216229570720471845e-02 8.068367890545326618e-03 8.613093915334843129e-03 9.321521882836596509e-03 1.648632389812975177e-02 9.319353119056151061e-03 1.023558142499668075e-02 8.068260433717911254e-03 8.613908240190823809e-03 9.319061481796748342e-03 8.945157693346613217e-03 7.841232297774079762e-03 9.320339039942157622e-03 8.613439644721089528e-03 1.023816858348134198e-02 8.066537824228944137e-03 8.067167116954291825e-03 8.615004732361581860e-03 8.322790578156174027e-03 8.613326984147415613e-03 8.943633877687725761e-03 7.467388185490882353e-03 7.467668497050570196e-03 8.067980525331655550e-03 8.322028149776854525e-03 8.944396465718032138e-03 8.614889549206986019e-03 8.614750622194349006e-03 8.613704656455042907e-03 8.323280860989691610e-03 9.748843372690382120e-03 8.613768784746312149e-03 1.079472886217993505e-02 7.842687297134826388e-03 8.944779245793505265e-03 8.945244417999069150e-03 9.320222594477669750e-03 8.323296629693903784e-03 1.023735947766483620e-02 8.614436420838462657e-03 9.749874583457806762e-03 9.320925669096227079e-03 8.323232605973904588e-03 8.944699608137174698e-03 1.023705962483188216e-02 7.467248646297371638e-03 8.944364153020654962e-03 8.614660981832753667e-03 8.323848336734641917e-03 8.944552673228802278e-03 8.614306712426455029e-03 8.614185775248146826e-03 9.750096312933565976e-03 1.079437696317015957e-02 8.323353194895782153e-03 8.614062861998899798e-03 9.748348434240119986e-03 8.614071628008307738e-03 1.023613687256713124e-02 8.945023934881401323e-03 9.747794668894688500e-03 8.613767114574609821e-03 7.841954624960786185e-03 1.143177500711895812e-02 8.944201053506860982e-03 9.749656655564285790e-03 8.613570886159034254e-03 8.323630412885045862e-03 8.323376999352387687e-03 9.749915993699606598e-03 8.944528500895037454e-03 7.311062982986637517e-03 8.323100922502109367e-03 8.323336994535954214e-03 9.748084561835373973e-03 8.323129895071354131e-03 1.023734358715563085e-02 9.320686788485785246e-03 8.323247944390162190e-03 8.323537751054231604e-03 7.842298345332142373e-03 8.945019135412202518e-03 1.079481256410033674e-02 8.614299525602527388e-03 8.613740565234874469e-03 1.023570660035291562e-02 7.643301241243241444e-03 1.023707304666748516e-02 9.320829252191926290e-03 8.323267977688071639e-03
1.044051662532964261e-02 8.942428556158092331e-03 0.000000000000000000e+00 8.424011966114192465e-03 9.419152149366581683e-03 1.004878184870125479e-02 8.944882649017387929e-03 9.418837336845115385e-03 8.424137498272589800e-03 1.088627318437275331e-02 1.044030316655028545e-02 9.165307676715995014e-03 8.748472443769072029e-03 8.942098346192590974e-03 1.558597374749097660e-02 9.164400899075428319e-03 1.089042059098997185e-02 9.710700266697033442e-03 1.004730132608933069e-02 9.164991580324461165e-03 9.710956679980708647e-03 9.710250353035907930e-03 9.418799403459089323e-03 9.420879604054237244e-03 8.945218444623637827e-03 8.747997443713899368e-03 9.710357820010281221e-03 9.421583520693693758e-03 8.945115943131043759e-03 1.140634337756212674e-02 9.711147348415657271e-03 8.750548110971491031e-03 9.168321978410939183e-03 1.089087042623779721e-02 8.944717665153343461e-03 8.945756957532646075e-03 1.089039769487252542e-02 1.043948123344894466e-02 1.271217890703753989e-02 8.946285220771755045e-03 9.421492595059918068e-03 1.005253827100454321e-02 1.692364905412457529e-02 1.005058345719302484e-02 1.088983180977645335e-02 8.946192086440896488e-03 9.422208044620088499e-03 1.005032031852663189e-02 9.715219839205745458e-03 8.749769870207608352e-03 1.005147290143247781e-02 9.421795848145606000e-03 1.089223376256325676e-02 8.944736203714762079e-03 8.945282840022191276e-03 9.423155299597956586e-03 9.169150524479148523e-03 9.421696823722722214e-03 9.713871304856415076e-03 8.426656046986754148e-03 8.426897591199987436e-03 8.945949768997736931e-03 9.166732775094242613e-03 9.714550374848644060e-03 9.423069665467218720e-03 9.422948362570369996e-03 9.422028915917580322e-03 9.167824795073942212e-03 1.044102432582390272e-02 9.422085085952443262e-03 1.141225459326445681e-02 8.751025919149214155e-03 9.714890487496328358e-03 9.715304441391858087e-03 1.005136730573472428e-02 9.167838072718021911e-03 1.089148141810320630e-02 9.422672122783744969e-03 1.044196839956564558e-02 1.005200171163546027e-02 9.167782167763378898e-03 9.714819630229656194e-03 1.089120308187593519e-02 8.426583719064519376e-03 9.714521186100206693e-03 9.422869557195586929e-03 9.168318493551723750e-03 9.714688036692287199e-03 9.422558037819772636e-03 9.422451842946098430e-03 1.044217139758860449e-02 1.141192382272201988e-02 9.167887229580879913e-03 9.422343690644941969e-03 1.044057122673661478e-02 9.422351472597959715e-03 1.089034655048148198e-02 9.715108128890342920e-03 1.044006413500169969e-02 9.422083622442871051e-03 8.750392705616146308e-03 1.201450409843596474e-02 9.714375880778348613e-03 1.044173733294115336e-02 9.421911010500385111e-03 9.168128319556568054e-03 9.167907612343411533e-03 1.044200629369487938e-02 9.714667222224925708e-03 8.291391452335459405e-03 9.167667382508260313e-03 9.167872947108210088e-03 1.044032961872467559e-02 9.167692602727662773e-03 1.089146666526062159e-02 1.005178595553573619e-02 9.167795115818378610e-03 9.168047975016082110e-03 8.750689504165508684e-03 9.715103887784929879e-03 1.141233326020698984e-02 9.422551683429316108e-03 9.422060302730603937e-03 1.088994716478421630e-02 8.578746694483239954e-03 1.089121552622848189e-02 1.005191462129008048e-02 9.167812831637320650e-03
9.280682407559802047e-03 7.465223904275365523e-03 8.424011966114192465e-03 0.000000000000000000e+00 8.066066125231969100e-03 8.825717477599028318e-03 7.465286944422647522e-03 8.067637990692697048e-03 6.790424152353574834e-03 9.788852095918143884e-03 9.277676487640364178e-03 7.748927687000911092e-03 7.214709099454120859e-03 7.464794408791648392e-03 1.479851058914237634e-02 7.747784985677665971e-03 9.789356674636233088e-03 8.422365609837620740e-03 8.823962611703008857e-03 7.748526715082857015e-03 8.422676351270736925e-03 8.421822850939925109e-03 8.065628251694524631e-03 8.064913792358683817e-03 7.465705757757899394e-03 7.214099892176969314e-03 8.421953798863948334e-03 8.065783102221647793e-03 7.467231031673012692e-03 1.037187430528374761e-02 8.422912176842769008e-03 7.214400186771473440e-03 7.751374238371329731e-03 9.793029707023254149e-03 7.466716722728972133e-03 7.468104868919745766e-03 9.792497589662942439e-03 9.279490764854601142e-03 1.178315219438489346e-02 7.468784662245051345e-03 8.067628162311782369e-03 8.828969871002196462e-03 1.617739144174534099e-02 8.826664690286400647e-03 9.791860665716644457e-03 7.468665138816035255e-03 8.068513673373538600e-03 8.826354457649092031e-03 8.426580777166349859e-03 7.214941386804177986e-03 8.827713577026202046e-03 8.068003246914982191e-03 9.794562855243108684e-03 7.466742207546758596e-03 7.467443236230966036e-03 8.069702429055468015e-03 7.752420382197268943e-03 8.067880737961549004e-03 8.424945061511427552e-03 6.792378427705149033e-03 6.792696503872977173e-03 7.468353706490637317e-03 7.749332849341840183e-03 8.425765745373244020e-03 8.069579034298678816e-03 8.069428732541383473e-03 8.068290448677234786e-03 7.750710059041332652e-03 9.281266371285325223e-03 8.066399267911614906e-03 1.037381574714445719e-02 7.216573938005391674e-03 8.426176391914371247e-03 8.426675538679156627e-03 8.827587771811246445e-03 7.750727312607536001e-03 9.793716382552886124e-03 8.069087090986370309e-03 9.282352845348703155e-03 8.828335647365126437e-03 7.750656917423428757e-03 8.426089847589128545e-03 9.793404118776719708e-03 6.792171076900802192e-03 8.425729211638014263e-03 8.069330329421050760e-03 7.751334312853656525e-03 8.425932044901596890e-03 8.068945226516976293e-03 8.068813605925968455e-03 9.282587422829865001e-03 1.037344970185390645e-02 7.750789579077567264e-03 8.068679970630496592e-03 9.280744902696704338e-03 8.068690424614673173e-03 9.792440050819214634e-03 8.426439452219800647e-03 9.280162447053092248e-03 8.068359308380837133e-03 7.215752146986165183e-03 1.103235520730991813e-02 8.425554811846924785e-03 9.282093342941907452e-03 8.068145939301052394e-03 7.751095615659474303e-03 7.750816768763510965e-03 9.282397435457652099e-03 8.425906838288699241e-03 6.614341289404660970e-03 7.750512986482932867e-03 7.750772719980035183e-03 9.280467826835338621e-03 7.750544910708976817e-03 9.793700777522914777e-03 8.828082536316341281e-03 7.750674880362846790e-03 7.750993575036039911e-03 7.216138429332831852e-03 8.426434272188388155e-03 1.037390255603771495e-02 8.068938231725567012e-03 8.068330469549026690e-03 9.791990508829406109e-03 6.991843934433662582e-03 9.793418118589355265e-03 8.828234004526416476e-03 7.750696789525021377e-03
1.017366734285655994e-02 8.611314122914931826e-03 9.419152149366581683e-03 8.066066125231969100e-03 0.000000000000000000e+00 9.770458875840022997e-03 8.611363853625179574e-03 9.112007487536957079e-03 8.066200770944807058e-03 1.064098146381708965e-02 1.017662343783005616e-02 8.845722072735446445e-03 8.407238098421077749e-03 8.610959130450696747e-03 1.541195867544954516e-02 8.847094253823340609e-03 1.063789851958308469e-02 9.417730608450787175e-03 9.768916486088328327e-03 8.845387618134007215e-03 9.420655871379834609e-03 9.419923890996708890e-03 9.111964757302524684e-03 9.111359717868429062e-03 8.613918045776772919e-03 8.406744994449086295e-03 9.417378981188663858e-03 9.114572044030197495e-03 8.611612020042550344e-03 1.117576613185956337e-02 9.418198195173033138e-03 8.406987701042612296e-03 8.848578703515569757e-03 1.064190983473615494e-02 8.613393762381913246e-03 8.614499428614193904e-03 1.064142291588961349e-02 1.017577393939809137e-02 1.250397985040924143e-02 8.615055596056818421e-03 9.114473193974889642e-03 9.774073809869675972e-03 1.675948117324576464e-02 9.772037422058151360e-03 1.064084002884026214e-02 8.614957610490654033e-03 9.115224115929283430e-03 9.771763504537412867e-03 9.422155631059253231e-03 8.408281672128464085e-03 9.772963340673419125e-03 9.114791393745736228e-03 1.064331404624323935e-02 8.613413593602429683e-03 8.613988797418595939e-03 9.116225711993636294e-03 8.849449832046616185e-03 9.114687478983770838e-03 9.420741156049692103e-03 8.068536989965954115e-03 8.068790845364694209e-03 8.614702568589580056e-03 8.846897042752191812e-03 9.421451394327026718e-03 9.116128882821140228e-03 9.116000728632230043e-03 9.115035909046845242e-03 8.848045142412131261e-03 1.017737246856509521e-02 9.115094935137435170e-03 1.117756906421590868e-02 8.409603427800282915e-03 9.421806942932270043e-03 9.422239813149053955e-03 9.772853334573205694e-03 8.848059067186104035e-03 1.064253917054246157e-02 9.115710875777262301e-03 1.017835004253738428e-02 9.773513712664412892e-03 8.848000339076348558e-03 9.421732841849611226e-03 1.064225247708905191e-02 8.068448186031831199e-03 9.421420721284556182e-03 9.115918037669198254e-03 8.848564270937185616e-03 9.421596115865963489e-03 9.115592379469022663e-03 9.115479703892278782e-03 1.017856024231173807e-02 1.117723004103702775e-02 8.848110799368312171e-03 9.115366262865909341e-03 1.017690328335459082e-02 9.115374394316682477e-03 1.064137022949630806e-02 9.422034585129716519e-03 1.017637824516526290e-02 9.115093390703694551e-03 8.408937195530130290e-03 1.179343183125656884e-02 9.421268862265044092e-03 1.017811173060536797e-02 9.114912315643475954e-03 8.848364444456916639e-03 8.848132352768250247e-03 1.017838929401883134e-02 9.421573543231805820e-03 7.926470111422997261e-03 8.847879664991771184e-03 8.848095834900721740e-03 1.017665312785258173e-02 8.847906192083424687e-03 1.064252398016433433e-02 9.773289215571995259e-03 8.848014110385240411e-03 8.848279821796501202e-03 8.409249565304387219e-03 9.422030121557570942e-03 1.117764969419326668e-02 9.115584526015440767e-03 9.115068925452043599e-03 1.064095884880396532e-02 8.228392324659451404e-03 1.064226530113760588e-02 9.773423099416041204e-03 8.848032624704234989e-03
1.074492480230589825e-02 9.318140631384053477e-03 1.004878184870125479e-02 8.825717477599028318e-03 9.770458875840022997e-03 0.000000000000000000e+00 9.318184196163961999e-03 9.770157045929669590e-03 8.825838735176052760e-03 1.117742935179991820e-02 1.074117823092387257e-02 9.532337215165781127e-03 9.134060580129317250e-03 9.320473500621909504e-03 1.578429242859364159e-02 9.528716463887844379e-03 1.117398175175678479e-02 1.005054878599787559e-02 1.037151083756860000e-02 9.532034174904668866e-03 1.004773421269208183e-02 1.005012072509119982e-02 9.773008534009962681e-03 9.772461745493342053e-03 9.318514321074545387e-03 9.133618050808048339e-03 1.004716701335529351e-02 9.770241037174576607e-03 9.318409936528550611e-03 1.167688474408230120e-02 1.005097370580737212e-02 9.133840556945244105e-03 9.532794197431034011e-03 1.117829776173303452e-02 9.320676667546426084e-03 9.321654565239458068e-03 1.117784156148640684e-02 1.074393265980205618e-02 1.295133893629436816e-02 9.322155447294653077e-03 9.773040820082705069e-03 1.037358912041872958e-02 1.711025374952767145e-02 1.037172452617532090e-02 1.117729551435525832e-02 9.322065615255194920e-03 9.773719743178603883e-03 1.037147332070344381e-02 1.005214313750474146e-02 9.135657840431148438e-03 1.036930232865173468e-02 9.773328678743855788e-03 1.117961469672343680e-02 9.320693999039517466e-03 9.321213055325728442e-03 9.774610899747413276e-03 9.533577876475483881e-03 9.773234690598922234e-03 1.005086490126076530e-02 8.828583443702801153e-03 8.828814626462729714e-03 9.321835795993528573e-03 9.531293978740765227e-03 1.005151069830672109e-02 9.774539259061807220e-03 9.774424182187886612e-03 9.773551466768771318e-03 9.532330599034383178e-03 1.074541395520726972e-02 9.773604691983127021e-03 1.168291852438412687e-02 9.136851589754144479e-03 1.005183588257343823e-02 1.005222965337859535e-02 1.037247442908234042e-02 9.532343934604987565e-03 1.117888895388480935e-02 9.774161963185677010e-03 1.074631978033975879e-02 1.037308007789706880e-02 9.532290863630867028e-03 1.005176848771936228e-02 1.117862036344439633e-02 8.828525396643699050e-03 1.005148464005090059e-02 9.774349379284305236e-03 9.532799536788771205e-03 1.005164325061754307e-02 9.774053647888405680e-03 9.773952901514651806e-03 1.074651455631796780e-02 1.168259750658648226e-02 9.532390517290073584e-03 9.773850196682982994e-03 1.074497922369553604e-02 9.773857618701942487e-03 1.117779381900808368e-02 1.005204284618736212e-02 1.074449261160796698e-02 9.773603316493548882e-03 9.136250441936768704e-03 1.226901736521758546e-02 1.005134631456732278e-02 1.074609733517937517e-02 9.773439422939992141e-03 9.532619048008224988e-03 9.532409741360861957e-03 1.074635611586013430e-02 1.005162342102882550e-02 8.699828823151326343e-03 9.532181977944798740e-03 9.532376922857497409e-03 1.074474735416828565e-02 9.532206590636865470e-03 1.117887470245788710e-02 1.037287475738867329e-02 9.532302994593296053e-03 9.532542970572177934e-03 9.136532136051788919e-03 1.005203884780527315e-02 1.168299487197482084e-02 9.774047611924860726e-03 9.773581176787209807e-03 1.117740842145925270e-02 8.973210729610239106e-03 1.117863235742445373e-02 1.037299687311980800e-02 9.532319907028363043e-03
9.745372895786155731e-03 8.066703840155989638e-03 8.944882649017387929e-03 7.465286944422647522e-03 8.611363853625179574e-03 9.318184196163961999e-03 0.000000000000000000e+00 8.610945027965789464e-03 7.465432050762114274e-03 1.023576914226655490e-02 9.745136715558823728e-03 8.321360583368436759e-03 7.840732650656425870e-03 8.066320043683973193e-03 1.513293881801242545e-02 8.320250230229244912e-03 1.023291552490145952e-02 8.940902502715801850e-03 9.316503739440538598e-03 8.320993961873090344e-03 8.941189704441014630e-03 8.940400237574634701e-03 8.613103311393473932e-03 8.610242614580571052e-03 8.065312468948013930e-03 7.840191819074348104e-03 8.940523596145817306e-03 8.611043299517619556e-03 8.065116535094977654e-03 1.078906709274744108e-02 8.941458343423714164e-03 7.840461020232102410e-03 8.323938112399814626e-03 1.023674226421440563e-02 8.066570846501305153e-03 8.067813579398452895e-03 1.023623298390497968e-02 9.747200493241623895e-03 1.216233166278183307e-02 8.068424321673362681e-03 8.613145409150485196e-03 9.321568441661425009e-03 1.648635426200808010e-02 9.319399664954224408e-03 1.023562333910772899e-02 8.068316865327164814e-03 8.613959731032020534e-03 9.319108028267204108e-03 8.945205913002825596e-03 7.841290957433565481e-03 9.320385578564934284e-03 8.613490347008223927e-03 1.023821050202802438e-02 8.066593435802111786e-03 8.067223501831803645e-03 8.615055465042431582e-03 8.324889121194783623e-03 8.613377687084124157e-03 8.943682075150926822e-03 7.467450871076222046e-03 7.467730410468862573e-03 8.068036958487984078e-03 8.322081349278720799e-03 8.944445459639268139e-03 8.614939444055726495e-03 8.614801305761123074e-03 8.613755348503428222e-03 8.323334040101810702e-03 9.748886685907868707e-03 8.613819477169921621e-03 1.079476767489051699e-02 7.842745156230188433e-03 8.944827427967236982e-03 8.945292597179733268e-03 9.320268309744986213e-03 8.323349809496269347e-03 1.023740048489603371e-02 8.614487107343254610e-03 9.749917891695932676e-03 9.320971380374729054e-03 8.323285785944151485e-03 8.944747791178965513e-03 1.023710063368495245e-02 7.467310485968991184e-03 8.944412338507807397e-03 8.614711666126513914e-03 8.323901511460736480e-03 8.944600058438525320e-03 8.614357399440606897e-03 8.614236463715393283e-03 9.750139620028122275e-03 1.079441577682078643e-02 8.323406374388426718e-03 8.614113551852372458e-03 9.748391750009844509e-03 8.614122317471996707e-03 1.023617788569058246e-02 8.945072116626791650e-03 9.747837988793337655e-03 8.613817808337745005e-03 7.842012492884846420e-03 1.143181174429512385e-02 8.944249240681727622e-03 9.749700819609900815e-03 8.613621581313558179e-03 8.323683590464104817e-03 8.323430179707014612e-03 9.749959302224601998e-03 8.944576686152123923e-03 7.311126507694882919e-03 8.323154105987794205e-03 8.323390175699730761e-03 9.748127879802588949e-03 8.323183730211868026e-03 1.023738459562418060e-02 9.320733202085710462e-03 8.323301125161731637e-03 8.323590929479580611e-03 7.842356208909218029e-03 8.945067317792151224e-03 1.079485137761045099e-02 8.614350214211620449e-03 8.613791258367035214e-03 1.023574761554391609e-02 7.643361195822019616e-03 1.023711405624084733e-02 9.320874965189034425e-03 8.323321159024983998e-03
1.017334780484966186e-02 8.610898087131023393e-03 9.418837336845115385e-03 8.067637990692697048e-03 9.112007487536957079e-03 9.770157045929669590e-03 8.610945027965789464e-03 0.000000000000000000e+00 8.065806045853980352e-03 1.064068312745599862e-02 1.017312623641145053e-02 8.845377237930584710e-03 8.408974517648539967e-03 8.610548488878462872e-03 1.542136012482713675e-02 8.844370082923885476e-03 1.064114678935869363e-02 9.417372917602737092e-03 9.768577742605675379e-03 8.847366112915902928e-03 9.417640900455296823e-03 9.416904453435138642e-03 9.111580925944419429e-03 9.113447680514101881e-03 8.611360221128492448e-03 8.406374386241029922e-03 9.419676523752806840e-03 9.111714706972388542e-03 8.611194345787696186e-03 1.117146889987910563e-02 9.417889348724665932e-03 8.406621287285526503e-03 8.848182355967718418e-03 1.064161284787656231e-02 8.612978558493579809e-03 8.614086839386241035e-03 1.064112591069030049e-02 1.017545732157967668e-02 1.250373385985492983e-02 8.614643050808388700e-03 9.114093354244692802e-03 9.773737019787837391e-03 1.675928773949260722e-02 9.771700023935828497e-03 1.064054300132163781e-02 8.614545060424839973e-03 9.114844352195288976e-03 9.771426090818656138e-03 9.421797971441447234e-03 8.407852464983480920e-03 9.772626009752628795e-03 9.114411576669641940e-03 1.064301715378537967e-02 8.612998420294195462e-03 8.613572706763746381e-03 9.115847864921533539e-03 8.849053572249188093e-03 9.114307654176069529e-03 9.420382282904114779e-03 8.068087991327655209e-03 8.068341861857102754e-03 8.614289997938635174e-03 8.846498208421314444e-03 9.421092579165998848e-03 9.115748351380733444e-03 9.115620998731031530e-03 9.114656107519471251e-03 8.847645732311537267e-03 1.017705591820938608e-02 9.114715608702911656e-03 1.117729036456764462e-02 8.409174345219533678e-03 9.421448139865978844e-03 9.421881039265720889e-03 9.772515981604475502e-03 8.847660315068497580e-03 1.064224220701829107e-02 9.115331125817376437e-03 1.017803353852525343e-02 9.773176397619312214e-03 8.847601583969610592e-03 9.421374033827456182e-03 1.064195550299243224e-02 8.067996709296275382e-03 9.421061891937180036e-03 9.115538302241411872e-03 8.848165558827954247e-03 9.421236471269132592e-03 9.115211422630916174e-03 9.115099935642131251e-03 1.017824374734400961e-02 1.117695133024388006e-02 8.847712052214948275e-03 9.114986488809470599e-03 1.017658671061456160e-02 9.114994618763775855e-03 1.064107322259239853e-02 9.421675800979615115e-03 1.017606233958403411e-02 9.114713625055601010e-03 8.408508072994962806e-03 1.179317009898421705e-02 9.420910027518511129e-03 1.017782783202899125e-02 9.114532541234733956e-03 8.847965725633313155e-03 8.847733646170195462e-03 1.017807279281503045e-02 9.421214728630299129e-03 7.926009752212677048e-03 8.847480933048859977e-03 8.847697120325490744e-03 1.017633654506237308e-02 8.847507462604453990e-03 1.064222701717714922e-02 9.772951910394039876e-03 8.847615955468674312e-03 8.847881088806644478e-03 8.408820432405705869e-03 9.421671358864227783e-03 1.117737100676731953e-02 9.115204795872199756e-03 9.114689130584614774e-03 1.064066182626353073e-02 8.227951216770185844e-03 1.064196833992858693e-02 9.773085800763598591e-03 8.847633904971979879e-03
9.278035609036573358e-03 7.465371229930342287e-03 8.424137498272589800e-03 6.790424152353574834e-03 8.066200770944807058e-03 8.825838735176052760e-03 7.465432050762114274e-03 8.065806045853980352e-03 0.000000000000000000e+00 9.788959799051741295e-03 9.277788850713205096e-03 7.749061469706688271e-03 7.216384909570736604e-03 7.464942955701059542e-03 1.479859411858861287e-02 7.747925528863304837e-03 9.792631911767249800e-03 8.422494766970324911e-03 8.824087240906941521e-03 7.748662652818911686e-03 8.424978910469040072e-03 8.421951350484050206e-03 8.065759619931809482e-03 8.065043919331682867e-03 7.465853024917897332e-03 7.214250648727887558e-03 8.422083229250264952e-03 8.065914474553537508e-03 7.465733627180851095e-03 1.036830514520350500e-02 8.423043333430454971e-03 7.214557134182600709e-03 7.751515990187755195e-03 9.793140080993845836e-03 7.466865479792362571e-03 7.468253582956618959e-03 9.792607969088203829e-03 9.279606878007431656e-03 1.178324717245305547e-02 7.468933357913288933e-03 8.067763155181744555e-03 8.829091963186666558e-03 1.617746957456800763e-02 8.826786815037391404e-03 9.791971051652373359e-03 7.468813837618951124e-03 8.068648648638501730e-03 8.826476586881674968e-03 8.426709172604291212e-03 7.215097172316818110e-03 8.827835686275830457e-03 8.068138232330036158e-03 9.794673213742133636e-03 7.466890963757715459e-03 7.467591972280649207e-03 8.069837380592796705e-03 7.752562109742898097e-03 8.068015725815310193e-03 8.425073484631249998e-03 6.792547834088419334e-03 6.792865899076472487e-03 7.468502413508083804e-03 7.749474650548471115e-03 8.425894154243312312e-03 8.069713996177283952e-03 8.069563698183795583e-03 8.068426368594042511e-03 7.750852780382722768e-03 9.281383433967010585e-03 8.068496167936456062e-03 1.037392069570378973e-02 7.216730669872640190e-03 8.426304801081922063e-03 8.426804870545956047e-03 8.827710830812119519e-03 7.750870035223283473e-03 9.793827765229712670e-03 8.069222062860759159e-03 9.282469896562518460e-03 8.828458695771214046e-03 7.750799640278953177e-03 8.426219188803516641e-03 9.793514494211088411e-03 6.792341578318717918e-03 8.425858559236470979e-03 8.069466229597225745e-03 7.751477021163456077e-03 8.426060459668262628e-03 8.069082301063653165e-03 8.068949516929484200e-03 9.282703504507241327e-03 1.037355572880721555e-02 7.750932298345117148e-03 8.068815883701615371e-03 9.280861972056199047e-03 8.068825403837872820e-03 9.792550431007841089e-03 8.426567850286141234e-03 9.280279166510098030e-03 8.068494287230908169e-03 7.215907909208651647e-03 1.103245502485630282e-02 8.425683224951704617e-03 9.282209430827746341e-03 8.068280922587637086e-03 7.751237376830405652e-03 7.750958536369588134e-03 9.282513512943532316e-03 8.426035244761617346e-03 6.614517121498124375e-03 7.750654761101068504e-03 7.750914489029488152e-03 9.280583927440291467e-03 7.750686684483013358e-03 9.793811144815764771e-03 8.828204641067736308e-03 7.750817178905426187e-03 7.751135338034112997e-03 7.216294180020883450e-03 8.426562670346362041e-03 1.037400749879429339e-02 8.069073199865677351e-03 8.068465449161850434e-03 9.792100893618722185e-03 6.992006649511028557e-03 9.793528488908746082e-03 8.828356107233354885e-03 7.750838559358082767e-03
1.150778327298674492e-02 1.023238749283591521e-02 1.088627318437275331e-02 9.788852095918143884e-03 1.064098146381708965e-02 1.117742935179991820e-02 1.023576914226655490e-02 1.064068312745599862e-02 9.788959799051741295e-03 0.000000000000000000e+00 1.151172305188493186e-02 1.042193318423648499e-02 1.006702063710267214e-02 1.023210335678187595e-02 1.628703434175952577e-02 1.042456153219659641e-02 1.189992319446853131e-02 1.088508789198064895e-02 1.117224899356009452e-02 1.042509413183584886e-02 1.088900196779122274e-02 1.088470795455688360e-02 1.064064808377685432e-02 1.064015925545627739e-02 1.023275299989981346e-02 1.006662414534446187e-02 1.088480360707941297e-02 1.063720761587851581e-02 1.023262948838337544e-02 1.236094265651918253e-02 1.088919616599269558e-02 1.006682438891891990e-02 1.042573294357269920e-02 1.190476004110285584e-02 1.023563175990451282e-02 1.023649577596951257e-02 1.190434432106058336e-02 1.151101707815488547e-02 1.355337215366630814e-02 1.023694475729470393e-02 1.064068073598035610e-02 1.117798908396730982e-02 1.757170433633809675e-02 1.117632783135858072e-02 1.190384696672469426e-02 1.023686547741324906e-02 1.064128729914302213e-02 1.117610263362897420e-02 1.089020078095424664e-02 1.006939502691383409e-02 1.117709049441272494e-02 1.064093805917661409e-02 1.190595578627507214e-02 1.023564694721903687e-02 1.023611110080754547e-02 1.064207203603318580e-02 1.042643637103032525e-02 1.064085405802962618e-02 1.088907056838147626e-02 9.792365039322918976e-03 9.792572811194262192e-03 1.023665938652519418e-02 1.042440453053212340e-02 1.088964771396712210e-02 1.064201957639517027e-02 1.064191596100219454e-02 1.064113593578138936e-02 1.042533100428008619e-02 1.151235350546256538e-02 1.064118331395712269e-02 1.236736518768168439e-02 1.007046737068501181e-02 1.088993737670285004e-02 1.089028947183283066e-02 1.117699885989412688e-02 1.042534313439530055e-02 1.190529718728615925e-02 1.064168155968212015e-02 1.151317062626436294e-02 1.117754182248990868e-02 1.042529556404854854e-02 1.088987712793676628e-02 1.190505249777204337e-02 9.792322533516591154e-03 1.088962340894410706e-02 1.064184909851394190e-02 1.042575081592682189e-02 1.088976593092287962e-02 1.064158590496814931e-02 1.064149474080515641e-02 1.151334633502434229e-02 1.236706909112786357e-02 1.042538476451429670e-02 1.064140285979088205e-02 1.151196137114859561e-02 1.064140955385898570e-02 1.190429947360839222e-02 1.089012230253312737e-02 1.151152222984874393e-02 1.064118215636255041e-02 1.006992658606281274e-02 1.291162035070936645e-02 1.088949951244995960e-02 1.151299600773124550e-02 1.064103557997108859e-02 1.042558909539033178e-02 1.042540181293695294e-02 1.151320332246774832e-02 1.088974723388495477e-02 9.675730720497275131e-03 1.042519808727916143e-02 1.042537252806438434e-02 1.151175202996712783e-02 1.042521938606602062e-02 1.190528412971636474e-02 1.117735675958305384e-02 1.042530613453808257e-02 1.042552120081685976e-02 1.007017987400516713e-02 1.089011880881020702e-02 1.236743561861829328e-02 1.064157930517347674e-02 1.064116234719261235e-02 1.190394837289304210e-02 9.923038886906302217e-03 1.190506336799116403e-02 1.117746708464583717e-02 1.042532150120027180e-02
1.109465317346140442e-02 9.748051168886081100e-03 1.044030316655028545e-02 9.277676487640364178e-03 1.017662343783005616e-02 1.074117823092387257e-02 9.745136715558823728e-03 1.017312623641145053e-02 9.277788850713205096e-03 1.151172305188493186e-02 0.000000000000000000e+00 9.945415471558008771e-03 9.570587956247612535e-03 9.747752946339512115e-03 1.602204395881613036e-02 9.947616680024662719e-03 1.150801752015532739e-02 1.043904395120904063e-02 1.073980839739163522e-02 9.945129402603740745e-03 1.043927339629123659e-02 1.043530040896950561e-02 1.017309048343950986e-02 1.017257125295893509e-02 9.745482834006533729e-03 9.573043007661204834e-03 1.043540181288596380e-02 1.017320252594497085e-02 9.745350442064523722e-03 1.199142372094235895e-02 1.043948339458697014e-02 9.570376068088158605e-03 9.948863362744029756e-03 1.151256062233604882e-02 9.747949546135271232e-03 9.748867729013920014e-03 1.151212345910495628e-02 1.109750904926615211e-02 1.322846649678177666e-02 9.749342130023449723e-03 1.017630307927403291e-02 1.074531547946412299e-02 1.732404370304471350e-02 1.074355160453447332e-02 1.151160029445674575e-02 9.749258396889897912e-03 1.017694546892181605e-02 1.074331318370391926e-02 1.044055015650956209e-02 9.572516185440391873e-03 1.074435743398925378e-02 1.017657552865606531e-02 1.151382015516534685e-02 9.747965761022945111e-03 9.748456113765326114e-03 1.017778211619741954e-02 9.949607374749603814e-03 1.017648658113748210e-02 1.043934713654704437e-02 9.280806701238623543e-03 9.281025198541521803e-03 9.749040679662595785e-03 9.947451659775287738e-03 1.043995863569431408e-02 1.017772064948233718e-02 1.017761093721523784e-02 1.017678500137405261e-02 9.948431617490859427e-03 1.109892064315278100e-02 1.017683528125956464e-02 1.199762549469027793e-02 9.573647186432008085e-03 1.044026532815806388e-02 1.044063828521811857e-02 1.074426195350276260e-02 9.948444331988286551e-03 1.151312556722279209e-02 1.017736275551324107e-02 1.109978379933831798e-02 1.074483678905970192e-02 9.948394051627132417e-03 1.044020150242480974e-02 1.151286821071695332e-02 9.280756786157274077e-03 1.043993270420753156e-02 1.017754014138973033e-02 9.948875589788984397e-03 1.044008371209382592e-02 1.017726143278518264e-02 1.017716492139262956e-02 1.109996940390093126e-02 1.199731597245252621e-02 9.948488396110967066e-03 1.017706767508474303e-02 1.109850640241145936e-02 1.017707473276666282e-02 1.151207622665887872e-02 1.044046128118314605e-02 1.109804264240033152e-02 1.017683401402775904e-02 9.573076878298525730e-03 1.256455256885250817e-02 1.043980157802633715e-02 1.109960067432623487e-02 1.017667885535848520e-02 9.948704624180092215e-03 9.948506515429961922e-03 1.109981838677270849e-02 1.044006400726605471e-02 9.158256416791656779e-03 9.948290968925474834e-03 9.948475497102792983e-03 1.109828537506714514e-02 9.948314301998325421e-03 1.151311188174694231e-02 1.074464185170858656e-02 9.948405392856640023e-03 9.948632713667868513e-03 9.573344044484120505e-03 1.044045754669744967e-02 1.199769911811002579e-02 1.017725451647111604e-02 1.017681304053096210e-02 1.151170695139198258e-02 9.418294416089866353e-03 1.151287968721245725e-02 1.074475775326266987e-02 9.948421523096452265e-03
9.945641870997046913e-03 8.321309081998431306e-03 9.165307676715995014e-03 7.748927687000911092e-03 8.845722072735446445e-03 9.532337215165781127e-03 8.321360583368436759e-03 8.845377237930584710e-03 7.749061469706688271e-03 1.042193318423648499e-02 9.945415471558008771e-03 0.000000000000000000e+00 8.109062892057553040e-03 8.322982585242055809e-03 1.525931605680525514e-02 8.565992121037882545e-03 1.042584318300684293e-02 9.163833334689737431e-03 9.530740731002291036e-03 8.566631188057288390e-03 9.166630394962781495e-03 9.163344350791248830e-03 8.845333316610507271e-03 8.844699593050517686e-03 8.321724476155542907e-03 8.106603254428723301e-03 9.163463056302417753e-03 8.845473399357837996e-03 8.321620435982272912e-03 1.096828030266117776e-02 9.164321433844010642e-03 8.108804823896134314e-03 8.569726638187974421e-03 1.042631722304507118e-02 8.323223403838507159e-03 8.324395976385422224e-03 1.042581826285904345e-02 9.947596445926597253e-03 1.232267053383112251e-02 8.324979790013861333e-03 8.847697986218259689e-03 9.533088415613150124e-03 1.661513127940787010e-02 9.530981368888547314e-03 1.042522096050759427e-02 8.324877005007167916e-03 8.848482000325138749e-03 9.530697998103580121e-03 9.168186924921276765e-03 8.107957218913672617e-03 9.531940768256034341e-03 8.848030140825318204e-03 1.042775595124450019e-02 8.323244560687255780e-03 8.323847082052384522e-03 8.849532585637115423e-03 8.570638162085600364e-03 8.847921661304387897e-03 9.166714612871128265e-03 7.751272805780488363e-03 7.751539328242979671e-03 8.324609366085158890e-03 8.567955614115864427e-03 9.167452950804398301e-03 8.849425493098365264e-03 8.849292514531635970e-03 8.848285343957092847e-03 8.569157139183946476e-03 9.949241372097007013e-03 8.848347030574374092e-03 1.097403606291025638e-02 8.109345221972126885e-03 9.167822456155402464e-03 9.168272399336195935e-03 9.531825409025508622e-03 8.569172350223459508e-03 1.042696211668710411e-02 8.848989954968732377e-03 9.950247731510746679e-03 9.532508563942505841e-03 8.569110899255374600e-03 9.167745428845512634e-03 1.042666833569230907e-02 7.751163812059533482e-03 9.167420972187896935e-03 8.849206196786838646e-03 8.569701457515503662e-03 9.167602495476542129e-03 8.848866226383794026e-03 8.848748618348360392e-03 9.950464118918372555e-03 1.097369009139096199e-02 8.569226566217108890e-03 8.848630236753828038e-03 9.948758365758239922e-03 8.848638697381049426e-03 1.042576427433096649e-02 9.168059114846893384e-03 9.948218555530125365e-03 8.848345412622431530e-03 8.108645723044946227e-03 1.160133497988494536e-02 9.167263181120894472e-03 9.950003398488799916e-03 8.848156431044126857e-03 8.569492326611130237e-03 8.569249254583804695e-03 9.950288144765589982e-03 9.167579896484007174e-03 7.602191326551230831e-03 8.568984549194479799e-03 8.569210948659040927e-03 9.948500854764539408e-03 8.569012994844074291e-03 1.042694655230567286e-02 9.532277103283897518e-03 8.569126029390153332e-03 8.569403574467665888e-03 8.108973800011869473e-03 9.168054458392372805e-03 1.097411834646966691e-02 8.848858087863229957e-03 8.848319876796881950e-03 1.042534271929156445e-02 7.919077077318958588e-03 1.042668147791917313e-02 9.532414850670290624e-03 8.569144752664181741e-03
