0.000000000000000000e+00 9.103270154421562455e-03 8.706753162834106677e-03 8.990099253645422034e-03 9.107716333356550772e-03 8.244466486374031969e-03 9.170964891279378625e-03 9.167968889161284829e-03 8.710762495724826138e-03 9.443963354396442411e-03 8.949066702163142178e-03 8.711322082491148103e-03 8.584532894506315126e-03 8.544581492048872878e-03 8.459557947820037227e-03 8.997776075729602141e-03 8.997250261983839176e-03 9.179618568408398974e-03 9.159880474797609667e-03 8.805747331889985166e-03 9.091127214028625614e-03 8.455447046882124534e-03 8.063348708547959584e-03 9.454495785866934288e-03 1.013566290215931094e-02 8.457547533325174977e-03 8.689340339086408516e-03 9.092117658152487625e-03 9.172813580861903862e-03 8.989694351097150815e-03 9.172955800166049736e-03 9.768842839111273324e-03 9.334740783611803275e-03 8.851627874521778711e-03 9.507852548220650096e-03 9.736394263291812609e-03 9.516335778052506869e-03 9.736920456403846610e-03 9.162607559700894702e-03 9.026662839687886464e-03 9.515304106559447500e-03 9.543070963351444475e-03 8.719651159287104478e-03 8.845868470076326609e-03 9.159578066342839026e-03 9.332881858263652325e-03 9.342364973797699298e-03 9.508763066183275811e-03 9.139885729567505737e-03 9.017966170853814259e-03 8.729183771555746110e-03 8.999175853411480255e-03 8.732659069996368331e-03 1.108563713700630449e-02 8.743136681112397696e-03 9.325474805947028129e-03 1.046767226975823563e-02 9.010330561506353989e-03 9.175094555084578954e-03 9.754187329775317397e-03 9.149376090679494158e-03 8.617478619696260916e-03 9.324227224457755370e-03 8.861580242853559289e-03 8.854083873548523886e-03 9.153943045400311437e-03 9.165171664572551238e-03 9.732706449400415141e-03 1.020495982003540719e-02 9.175136505132618428e-03 8.402298922067770112e-03 9.336091810319609510e-03 8.999728146923798022e-03 8.866069333107450337e-03 8.860247549165535877e-03 1.047963198507878557e-02 9.168586570340251860e-03 9.723617486199997301e-03 9.173567502254266481e-03 9.336699542847890290e-03 9.538116073262796132e-03 9.532324513389527076e-03 9.156957308546473384e-03 9.517071756286667183e-03 8.740255834164835022e-03 9.176061177073320529e-03 9.326109565764404905e-03 9.326797963185170029e-03 9.740992745228828700e-03 9.015316545549649507e-03 9.538027917690471494e-03 9.008750293255662206e-03 9.016223005707037566e-03 9.724677944981852465e-03 8.865932021707831692e-03 9.538842758134515737e-03 9.183393795131337273e-03 9.010123680164678142e-03 9.371463190566208662e-03 9.988792556198734449e-03 9.529438352654309718e-03 9.356295172645188660e-03 8.875001670037629964e-03 9.195871464789810365e-03 1.022338315521278442e-02 9.553242479914637528e-03 9.540424726481146547e-03 1.020945628318512509e-02 8.877874085286100239e-03 9.023174926877680635e-03 8.738145565383907340e-03 9.963222267116361025e-03 9.189836382501984785e-03 9.020986986501597360e-03 9.354071515666790779e-03 9.762866863330050063e-03 9.973165985743314213e-03 9.185558682635956360e-03 9.977161467459369840e-03 9.727851108849555270e-03 9.983331207142676078e-03 9.741377609480530997e-03 8.877608939616490891e-03 9.179901795268063935e-03 8.878517476709755704e-03 8.527805818321338924e-03 9.535571124565737564e-03 8.887628805804624263e-03
9.103270154421562455e-03 0.000000000000000000e+00 8.331947499060852677e-03 8.726590442186875005e-03 8.742711680429936585e-03 7.844710849795146976e-03 8.824233524182937410e-03 8.820299993908877270e-03 8.334840154768550016e-03 9.001894037738657553e-03 8.486241613997099961e-03 8.337454113558144878e-03 8.205305472872763059e-03 8.146382264201335044e-03 8.067957544591861790e-03 8.734251272058356913e-03 8.643395643781975543e-03 8.829815698343498886e-03 8.907453569889336314e-03 8.335945310097958583e-03 8.637538245212801613e-03 8.066142943043004901e-03 7.723940599080635246e-03 9.107973843243057088e-03 9.713138007925670170e-03 8.068089821752584892e-03 8.314795436677960977e-03 8.634007995130541305e-03 8.824592360574520788e-03 8.632472409293158802e-03 8.826284983710365115e-03 9.450285279821338952e-03 8.987030043130121021e-03 8.475822059251949744e-03 9.167713998969926822e-03 9.409653213833283139e-03 9.178353128416508536e-03 9.410248751573101894e-03 8.806816230167005544e-03 8.661494125113354189e-03 9.177358599179060578e-03 9.206630317133722430e-03 8.336661878777983092e-03 8.469766579796363798e-03 8.802060962121585966e-03 8.985100140368735069e-03 8.995162592274267080e-03 9.171243770808872389e-03 8.781158738947764802e-03 8.652298991714423362e-03 8.346116822836577298e-03 8.632292250432879038e-03 8.349820371716972292e-03 1.081097392113286766e-02 8.361034732529916760e-03 8.977245246875285856e-03 1.017229191229661323e-02 8.644205608056343415e-03 8.818481702492556723e-03 9.428288333362833812e-03 8.791175187466639465e-03 8.227702454916730954e-03 8.975957824382724964e-03 8.487957816869423633e-03 8.478466843818597068e-03 8.795911709745425633e-03 8.807846092190178486e-03 9.405788775454072478e-03 9.899199182659483912e-03 8.818502357707258543e-03 7.998017115455273440e-03 8.988437910707084560e-03 8.632761222519536731e-03 8.491193958271626291e-03 8.485759792259996159e-03 1.018464865679036442e-02 8.812335960155166445e-03 9.396164792186550985e-03 8.816840195673091712e-03 8.989062670545373487e-03 9.201294664324692965e-03 9.193890501407729274e-03 8.799143443373978746e-03 9.179129000341623712e-03 8.357824107093731261e-03 8.819436919471682762e-03 8.977875569304816575e-03 8.978588456187349201e-03 9.414389587608176097e-03 8.649309455638687361e-03 9.201189228789700969e-03 8.642400467102061626e-03 8.649005184471628485e-03 9.397272116130523517e-03 8.491041916251091878e-03 9.202078538398075075e-03 8.827271867984006967e-03 8.643903159836879499e-03 9.025875870655763675e-03 9.673829457492564773e-03 9.192278012795582209e-03 9.009836021497347539e-03 8.502229752874972471e-03 8.840519032735126917e-03 9.918433608625227410e-03 9.217272672876303599e-03 9.203764668394729884e-03 9.903957334418749328e-03 8.502450226004553552e-03 8.657781270774352403e-03 8.355579242474930890e-03 9.647169554240246289e-03 8.834125256117925443e-03 8.655512119816861916e-03 9.007474750401974622e-03 9.437419733614527476e-03 9.657549217398437441e-03 8.829580191633582334e-03 9.661636537665033511e-03 9.400628520376728969e-03 9.668105483373844178e-03 9.414941522234059404e-03 8.502297233134481144e-03 8.823569539859455607e-03 8.504549569718506882e-03 8.132780162076204064e-03 9.198729608869180008e-03 8.514255235780159373e-03
8.706753162834106677e-03 8.331947499060852677e-03 0.000000000000000000e+00 8.405706231890790192e-03 8.421464020846152962e-03 7.479663219487162062e-03 8.519615755443118998e-03 8.513742438788834618e-03 8.001280348838395173e-03 8.703070982262525040e-03 8.246558439198388782e-03 8.003640504234270023e-03 7.942061265190371658e-03 7.716309565237350170e-03 7.719342840900658698e-03 8.324878449391429416e-03 8.323068795586018379e-03 8.529217069496206061e-03 8.506710559613798669e-03 8.002525349955429135e-03 8.408895087790205225e-03 7.714423470821799717e-03 7.274477801335999839e-03 8.715955042853820375e-03 9.445218457277169272e-03 7.717450374601186706e-03 7.979928715736731015e-03 8.318060860388130917e-03 8.609321178114722264e-03 8.314537891793925481e-03 8.519982054590704082e-03 9.173392846425819022e-03 8.680363515622629630e-03 8.141979814514359315e-03 8.869592806395824175e-03 9.122155655772115276e-03 8.880679619633123287e-03 9.122808703553395709e-03 8.489523767889979589e-03 8.338114666675437714e-03 8.879642338597885931e-03 8.910320723518315791e-03 7.994152684798878222e-03 8.135612176650899169e-03 8.486057079584540322e-03 8.678321141724579246e-03 8.688884947508131867e-03 8.872519678504112856e-03 8.464016389296480022e-03 8.328415310054402762e-03 8.004861815464841754e-03 8.307199137050478091e-03 8.008871381390716623e-03 1.056875645484166640e-02 8.020839309399320494e-03 8.670039486669637793e-03 9.912343286087447677e-03 8.319893398828669823e-03 8.503331277702060390e-03 9.141529013131463599e-03 8.474605018513398785e-03 7.879725610295477967e-03 8.668694099931676875e-03 8.154874972285798204e-03 8.144946802762021917e-03 8.479653892064389561e-03 8.492220270566605556e-03 9.119285913431496651e-03 9.630375609589923724e-03 8.503492873713582034e-03 7.637719879787337879e-03 8.681916951676424757e-03 8.307815310531728448e-03 8.158451296614901635e-03 8.151972305441342742e-03 9.925149180004661648e-03 8.496207436915667252e-03 9.108152278096734444e-03 8.501731168390804991e-03 8.682512778460372421e-03 8.904841117572928968e-03 8.898375686155856126e-03 8.483047503174851248e-03 8.881616890533036365e-03 8.017523925090339759e-03 8.504462739882255248e-03 8.670897668753861642e-03 8.671533411213613873e-03 9.127179353191501240e-03 8.325296451529890993e-03 8.904697341977201377e-03 8.318119988194578804e-03 8.326319787035654091e-03 9.109318907435739326e-03 8.158272283326240340e-03 8.905602391200988580e-03 8.512765168669037333e-03 8.320650961356101244e-03 8.721253864974772355e-03 9.396863716939034272e-03 8.896482409359663182e-03 8.704410827449927252e-03 8.168582001815579557e-03 8.526713503403778732e-03 9.650220590296633774e-03 8.921525383672416348e-03 8.907431370547475025e-03 9.635314449090322947e-03 8.170456222971944280e-03 8.334300396090746355e-03 8.015090033662674099e-03 9.369207106096334031e-03 8.519928626788577167e-03 8.331936510991793873e-03 8.701968589508357957e-03 9.151140978990335295e-03 9.380011617948271277e-03 8.515161482204835347e-03 9.384229157855590586e-03 9.112817538978206303e-03 9.390940878156124605e-03 9.127755012728175701e-03 8.171493233949101570e-03 8.508851337358127112e-03 8.173656745009203264e-03 7.779535139492417366e-03 8.902141600646956351e-03 8.182952297594732124e-03
8.990099253645422034e-03 8.726590442186875005e-03 8.405706231890790192e-03 0.000000000000000000e+00 8.630454820120706666e-03 7.824197174728646231e-03 8.808552537602801560e-03 8.900456731430347879e-03 8.406364205836904316e-03 8.983799652073052450e-03 8.467891081876626966e-03 8.320264293512761797e-03 8.190153349529454355e-03 8.047571555463815460e-03 8.049263741243725331e-03 8.625919962797582233e-03 8.623837076909847063e-03 8.821113711199719126e-03 8.891014282199585783e-03 8.411141624876388931e-03 8.618231577503313035e-03 8.045694384798442178e-03 7.631506927073960708e-03 8.995442770519475675e-03 9.817857156854166087e-03 8.050662319780148637e-03 8.293286820777009266e-03 8.615144742155429053e-03 8.810361637491518835e-03 8.710317106418806465e-03 8.808425021972415142e-03 9.547247252551811086e-03 8.967457936611675229e-03 8.454512801665361663e-03 9.148590393916090566e-03 9.392433783107782125e-03 9.160600552902692026e-03 9.394359245213116869e-03 8.786679506124753583e-03 8.641987618610680322e-03 9.158313843470882940e-03 9.188877499773925178e-03 8.314162599406930282e-03 8.448405518616869045e-03 8.781819312305707073e-03 8.965414154819642892e-03 8.976772354662657799e-03 9.151386455740657955e-03 8.762071631934625904e-03 8.632746048026235935e-03 8.324277721193708637e-03 8.611516889817040846e-03 8.328058938761904312e-03 1.079544491716134466e-02 8.339274825546806949e-03 8.957585070005165406e-03 1.015569263511048419e-02 8.623527398946994119e-03 8.798351265404447813e-03 9.408480818451026018e-03 8.773230492589765769e-03 8.205481001603506103e-03 8.957463788892977563e-03 8.379335140398106244e-03 8.458769509194156988e-03 8.777234278368701431e-03 8.789231473508124851e-03 9.388909045627630984e-03 9.883561193445649165e-03 8.799903796374516224e-03 7.976693824660378157e-03 8.970401424954959485e-03 8.613548468935684072e-03 8.471514859814564466e-03 8.465403537741639228e-03 1.016957975430424731e-02 8.793007046954806616e-03 9.378037983557513738e-03 8.798244223955725696e-03 8.970925963322166213e-03 9.183894954518887280e-03 9.176453009914369019e-03 8.780455130418141074e-03 9.161634583869898707e-03 8.337689842248471178e-03 8.800816745574455841e-03 8.959823854203062890e-03 8.960463131826556724e-03 9.397551234498901715e-03 8.630151638188494206e-03 9.183756950589011536e-03 8.623282520107595356e-03 8.629908023377817414e-03 9.380387916019354566e-03 8.471364251557762792e-03 9.184640007503077144e-03 8.808773601155402144e-03 8.624851215890511416e-03 9.007994638135620805e-03 9.657698557275292903e-03 9.174924168708119623e-03 8.991901414606141146e-03 8.482656732984629466e-03 8.822066984549450583e-03 9.902861549447842041e-03 9.199946022047423427e-03 9.186399061722264059e-03 9.888379281020978281e-03 8.482892557329247546e-03 8.638735838084807966e-03 8.335485950265338756e-03 9.630958359384725331e-03 8.815642521777264026e-03 8.636519576039860396e-03 8.989533873436301656e-03 9.420696896424973418e-03 9.641409272852084766e-03 8.811076417706887459e-03 9.645476046758531125e-03 9.383802016223232942e-03 9.651961295114367539e-03 9.398163977788809298e-03 8.482725809506156539e-03 8.805057708845754477e-03 8.485043245138976231e-03 8.111992770109958603e-03 9.181349351001044309e-03 8.494740873811298248e-03
9.107716333356550772e-03 8.742711680429936585e-03 8.421464020846152962e-03 8.630454820120706666e-03 0.000000000000000000e+00 7.924677849177393096e-03 8.825641082577301288e-03 8.823693548419128327e-03 8.421435326809886129e-03 8.998281524604877235e-03 8.484302815533117589e-03 8.339912842990061109e-03 8.206111848376504772e-03 8.064752241628081811e-03 8.068680971145308217e-03 8.640414153676445608e-03 8.731938652547347607e-03 8.836817412920347503e-03 8.813409493786247481e-03 8.339326366214512912e-03 8.637882809275139462e-03 8.066149661281865960e-03 7.650579630713891938e-03 9.012871545894512310e-03 9.717169474906419205e-03 8.072715613457098760e-03 8.314150396297610365e-03 8.630764072277677737e-03 8.919857594387353358e-03 8.725360183530869035e-03 8.827035509983802153e-03 9.560258596438662645e-03 8.985769637424959391e-03 8.472350162550454020e-03 9.166480033273072953e-03 9.406494737807424150e-03 9.175248786780072080e-03 9.410271269149226778e-03 8.801914889953056653e-03 8.659929475906361432e-03 9.174080942393483817e-03 9.205291658738281799e-03 8.334285124775648451e-03 8.468292240568666210e-03 8.800583279137928761e-03 8.981790838209130490e-03 8.991803488869083705e-03 9.167224459847059595e-03 8.779772294535911209e-03 8.650838608519076378e-03 8.343830943333154643e-03 8.628768888012750340e-03 8.346123459447284468e-03 1.080817034262367138e-02 8.359311049349326186e-03 8.973937157933330883e-03 1.016941641181893195e-02 8.643676760827946962e-03 8.817136828678424215e-03 9.319656125092397325e-03 8.790010089042385455e-03 8.224017354806167218e-03 8.972579803742360485e-03 8.482947626318269180e-03 8.477545127285570498e-03 8.795045207724453556e-03 8.806927891157728325e-03 9.403004606483701330e-03 9.898549067684491234e-03 8.817600187952820065e-03 7.996943704478828852e-03 8.987622451410345534e-03 8.631854736906625566e-03 8.490259709343346214e-03 8.484091865092949561e-03 1.018402693181043837e-02 8.810715052046171405e-03 9.395349733256428554e-03 8.815948617017451555e-03 8.988150108696241550e-03 9.200490736768918848e-03 9.193103550513911579e-03 8.798261540440107525e-03 9.178315173922925799e-03 8.356844002913163191e-03 8.818568369665472431e-03 8.977077277549113873e-03 8.977745040992879746e-03 9.413623095571721847e-03 8.648368491263162122e-03 9.200375735415230669e-03 8.641491289738446185e-03 8.648074071459980680e-03 9.396506328364988628e-03 8.490038932516421818e-03 9.201225216648642111e-03 8.826556191475249877e-03 8.643143409681778785e-03 9.025164211135135867e-03 9.673229162861708696e-03 9.191565736984003837e-03 9.009134679954270211e-03 8.499879763053493770e-03 8.839789834709581642e-03 9.917835028933277494e-03 9.216591026119498598e-03 9.203085901685384082e-03 9.903423515057411392e-03 8.502416312104927459e-03 8.656996402623394829e-03 8.354700025360846730e-03 9.647937526770121106e-03 8.833305563635701976e-03 8.654782391981065415e-03 9.006791487146462161e-03 9.436748927514350058e-03 9.656991748042263735e-03 8.828773941877152490e-03 9.661034373841361281e-03 9.399975617196023106e-03 9.667470465625521703e-03 9.415185935494074093e-03 8.502802534389073200e-03 8.822814686213454119e-03 8.503764781788578780e-03 8.131909707641958585e-03 9.198041184217947003e-03 8.513459933773215998e-03
8.244466486374031969e-03 7.844710849795146976e-03 7.479663219487162062e-03 7.824197174728646231e-03 7.924677849177393096e-03 0.000000000000000000e+00 8.045495504376042398e-03 8.039721544158967559e-03 7.555627464155940769e-03 8.242186294086418716e-03 7.730824910447251300e-03 7.484734303854057198e-03 7.331112182891352975e-03 7.167105169091996485e-03 7.171030232247074983e-03 7.837033817399918778e-03 7.834537117378845283e-03 8.057148235627132477e-03 8.032709238410547237e-03 7.559173442760578829e-03 7.829083981369118483e-03 7.164444115809596135e-03 6.675601404426306437e-03 8.254765266077270305e-03 9.133886442650684251e-03 7.168714069357055331e-03 7.457354583113406758e-03 7.825278444250445206e-03 8.045686543833143259e-03 7.825778514777137831e-03 8.046391729551384542e-03 8.744519940649656334e-03 8.199767760934430216e-03 7.616015870948185384e-03 8.402859014734758922e-03 8.671766663900536132e-03 8.415799357104953096e-03 8.673801830823684236e-03 7.995455742113645112e-03 7.830002190263090842e-03 8.414717242289601953e-03 8.446209653826832614e-03 7.454102895302026736e-03 7.609145185021897427e-03 7.990291484603130254e-03 8.197577647989107846e-03 8.208998197727770257e-03 8.407152535961642456e-03 7.966557003595640257e-03 7.819432701301793839e-03 7.466007509127899761e-03 7.796287018692313157e-03 7.471581484594362610e-03 1.018681477927949920e-02 7.483545479487202848e-03 8.189886292109730889e-03 9.503965436108451070e-03 7.735655241491008749e-03 8.010200687987861431e-03 8.693667575711154505e-03 7.978134770085793318e-03 7.329593299707018450e-03 8.187282022374868171e-03 7.628947857630349189e-03 7.621193490912541585e-03 7.984946803166482684e-03 7.998441447664941806e-03 8.669327897369395047e-03 9.210107594402378375e-03 8.010863281055166998e-03 7.062904584231219883e-03 8.203145305522196312e-03 7.798690616820098953e-03 7.635951637794677511e-03 7.628916243779986124e-03 9.518935972542023546e-03 8.003037990680104963e-03 8.658489349184082806e-03 8.008952395562825288e-03 8.202474140719506757e-03 8.441957950393692497e-03 8.435087879303384412e-03 7.988708839186649605e-03 8.417142328431659326e-03 7.481721821720069797e-03 8.011893743343906360e-03 8.191333404598112253e-03 8.191935433129526184e-03 8.678757425876744078e-03 7.817726026640910500e-03 8.441791907775074433e-03 7.810073365624139313e-03 7.818820674285317449e-03 8.659788159637743857e-03 7.635707692966084079e-03 8.442754035122750425e-03 8.016590570685119474e-03 7.807415944969078522e-03 8.243197788929840578e-03 8.961488394185042339e-03 8.431006120359633288e-03 8.223162227364275850e-03 7.642727183364923273e-03 8.031718675919822040e-03 9.227086039718789684e-03 8.457693911379755153e-03 8.440656299757771930e-03 9.211623355328164842e-03 7.574993824268939913e-03 7.825087512653473160e-03 7.474217450033915529e-03 8.934429090725648157e-03 8.027424754893330155e-03 7.820884537689075724e-03 8.220488353953775765e-03 8.700243669156240700e-03 8.942702735664994490e-03 8.022251602025305683e-03 8.946992296247147439e-03 8.661517515310379958e-03 8.955920776061599559e-03 8.585516529253565954e-03 7.645867527843628816e-03 8.014325691085075545e-03 7.647217221445159509e-03 7.216147450064459672e-03 8.438285986830912355e-03 7.658278691938388665e-03
9.170964891279378625e-03 8.824233524182937410e-03 8.519615755443118998e-03 8.808552537602801560e-03 8.825641082577301288e-03 8.045495504376042398e-03 0.000000000000000000e+00 8.990805940649469058e-03 8.521575665672591685e-03 9.269339724941294198e-03 8.760995483815144785e-03 8.522523062727238932e-03 8.391118692393600281e-03 8.260398679075306796e-03 8.345512619906811022e-03 8.813745506846994496e-03 8.815241704013345586e-03 9.002073048761969482e-03 9.081235268360894272e-03 8.524677323458584172e-03 8.813785516739889789e-03 8.344590576301467305e-03 7.855297394306138756e-03 9.281009759151763808e-03 9.860874195311191207e-03 8.346278423151502063e-03 8.588613981457394672e-03 8.809899043254942538e-03 8.995109805213863732e-03 8.902598185381860318e-03 8.992884745212511091e-03 9.716717907322517181e-03 9.157550924216830215e-03 8.660518932157107441e-03 9.335286967475361908e-03 9.569695103109300202e-03 9.344003861158616669e-03 9.570332466102303426e-03 8.982139250853804838e-03 8.840807135771981337e-03 9.342988743676443331e-03 9.371515911636886173e-03 8.524678850567591129e-03 8.655598170924861529e-03 8.977534792551597823e-03 9.155667771646013725e-03 9.165403411903461778e-03 9.336276607464933514e-03 8.958194345643998718e-03 8.831874061346944860e-03 8.534453414702845853e-03 8.812445165001495453e-03 8.538086605326903472e-03 1.094552015179961479e-02 8.548957617867437159e-03 9.147977695206989043e-03 1.031697183496564814e-02 8.824046093307041233e-03 8.993499899886811186e-03 9.586514034010836655e-03 8.969085474097686361e-03 8.419498594478522918e-03 9.146728091849855649e-03 8.671973903669850242e-03 8.664031351046952781e-03 8.971606502642053005e-03 8.983118182449383732e-03 9.565926915569445549e-03 1.004897206342264884e-02 8.993486327130739352e-03 8.197890219731152756e-03 9.158929196234618514e-03 8.812965068479691397e-03 8.675421517798083057e-03 8.669443187213847490e-03 1.032916294484666035e-02 8.986720462834947576e-03 9.556602295930612459e-03 8.991883250008965781e-03 9.159524583329680184e-03 9.366381176700140643e-03 9.360450626519255940e-03 8.974735211695988174e-03 9.344773412629122505e-03 8.545901856525591617e-03 8.994444857206320559e-03 9.149652312082454803e-03 9.149350280202320218e-03 9.574415305830034223e-03 8.829044696522746899e-03 9.366314309995208906e-03 8.823266136511982022e-03 8.829992569328632898e-03 9.557696581913296269e-03 8.675255370861285897e-03 9.367130455340575562e-03 9.000220404786906866e-03 8.821950603680225877e-03 9.193521113137946565e-03 9.826386998933065928e-03 9.357106366700819466e-03 9.177950064960541110e-03 8.684352178794875823e-03 9.013059379194264878e-03 1.006739275110977647e-02 9.380126205779477574e-03 9.368269761255465164e-03 1.005325569924087753e-02 8.684441392904394125e-03 8.835383796580499952e-03 8.541851408415910077e-03 9.801597958517290279e-03 9.006876388880829046e-03 8.741600044199007713e-03 9.175682123560055525e-03 9.595099980642106743e-03 9.811482702807730258e-03 9.002503652955722718e-03 9.814414824721147748e-03 9.560540455181534142e-03 9.820797524894961730e-03 9.573192277842559189e-03 8.686811799037574833e-03 8.996651276831694327e-03 8.687771240210700671e-03 8.326603710308466688e-03 9.363098547466001606e-03 8.695845047248939794e-03
9.167968889161284829e-03 8.820299993908877270e-03 8.513742438788834618e-03 8.900456731430347879e-03 8.823693548419128327e-03 8.039721544158967559e-03 8.990805940649469058e-03 0.000000000000000000e+00 8.515035522187339168e-03 9.160037768324967231e-03 8.662749298138049808e-03 8.515715188623873555e-03 8.391319087930256340e-03 8.255955270488906164e-03 8.343215646808895686e-03 8.815959460884545754e-03 8.912838936410052981e-03 8.999911902248794102e-03 9.079182183408829668e-03 8.518888724378465699e-03 8.903343878045257356e-03 8.335991141280833447e-03 7.852475363904423342e-03 9.172198460549582308e-03 9.976544710726439891e-03 8.255086883177466944e-03 8.584091245134078257e-03 8.803797852005339902e-03 8.991770486721386776e-03 8.804165156484241445e-03 9.089295753106270762e-03 9.602287094621695177e-03 9.154737394442011636e-03 8.657450490992500691e-03 9.330786696234426650e-03 9.567064438246597122e-03 9.341249821395456246e-03 9.567616988714203533e-03 8.979260174416118026e-03 8.837791609985521518e-03 9.340254823558678809e-03 9.368806642993643061e-03 8.521575685081991119e-03 8.652472387779979596e-03 8.974615805764297322e-03 9.152827808455214764e-03 9.162563368655942883e-03 9.333528529901316192e-03 8.955286233710354690e-03 8.828872926098419935e-03 8.532784952833900177e-03 8.809462026385259104e-03 8.534962603385740781e-03 1.094331606951625541e-02 8.545840194093917014e-03 9.145167130339637573e-03 1.031456220806082832e-02 8.821034327350681450e-03 8.990585337481671671e-03 9.583888989689695256e-03 8.964010888306325753e-03 8.416318804754706340e-03 9.143895832815088567e-03 8.670249101688965940e-03 8.659947201191621827e-03 8.968639906588696947e-03 8.980229375474175352e-03 9.563262055980828805e-03 1.004643338405906972e-02 8.990544681781148517e-03 8.193301935744020520e-03 9.156058916359682484e-03 8.809917682105667530e-03 8.672308950296060692e-03 8.666350149017714583e-03 1.032671154981979963e-02 8.983834599147410074e-03 9.553908711490970151e-03 8.988956584926020149e-03 9.156668465223734288e-03 9.363608486420716900e-03 9.356358323563573887e-03 8.971790428477632168e-03 9.341983321260792159e-03 8.542725476335905760e-03 8.991480739487940979e-03 9.146771656907023290e-03 9.146505260324851172e-03 9.571707850944903562e-03 8.826004745843990876e-03 9.363506241803765118e-03 8.820230675605330445e-03 8.825688692699765539e-03 9.554986405328126653e-03 8.672159632328365481e-03 9.364357787885415133e-03 8.999145177154953962e-03 8.820818204030328458e-03 9.192545416772061190e-03 9.825581592584443219e-03 9.354817082876103196e-03 9.176950004576366754e-03 8.683114739584057648e-03 9.012001788096465210e-03 1.006530630764195314e-02 9.379226593406871440e-03 9.366019881865882135e-03 1.005108589198184556e-02 8.683158630851390072e-03 8.834258878378103974e-03 8.540580007849662633e-03 9.800920188065448055e-03 9.005801727876600049e-03 8.831961117474296935e-03 9.174631537531391726e-03 9.594225767349983530e-03 9.809584346923163473e-03 9.001361774702208024e-03 9.813614699331969088e-03 9.558336007452792465e-03 9.819963072016713035e-03 9.572236733766840283e-03 8.684497179308241221e-03 8.995555799112372325e-03 8.685344598178676087e-03 8.324092925202629736e-03 9.362107630822520676e-03 8.694710706061085925e-03
8.710762495724826138e-03 8.334840154768550016e-03 8.001280348838395173e-03 8.406364205836904316e-03 8.421435326809886129e-03 7.555627464155940769e-03 8.521575665672591685e-03 8.515035522187339168e-03 0.000000000000000000e+00 8.703004595298066345e-03 8.164976031983569443e-03 8.007763108922209133e-03 7.865428543843963616e-03 7.719283290470407670e-03 7.718501922064663345e-03 8.328345338806369264e-03 8.412404426754910985e-03 8.531770601996656669e-03 8.504072196302522521e-03 8.007366829399642852e-03 8.324010677042737588e-03 7.717452939331739641e-03 7.277448353215349060e-03 8.719776600325929855e-03 9.448173767731795486e-03 7.724214243718510731e-03 7.980481792774664698e-03 8.405977065662090589e-03 8.517332800807516507e-03 8.313451603056172187e-03 8.614074558527135342e-03 9.277648387174144626e-03 8.678083628485227033e-03 8.139517498608769483e-03 8.869358737884592767e-03 9.121863740158763292e-03 8.878522665101789418e-03 9.022259670685303656e-03 8.487093731546397485e-03 8.335585922265088474e-03 8.877459831096881290e-03 8.907960669061625036e-03 7.993643749460889111e-03 8.135161789395826612e-03 8.485619993766565367e-03 8.678017265543678735e-03 8.686538398440666470e-03 8.872287293636628436e-03 8.463636677921977311e-03 8.325894770175009188e-03 8.005757483251422016e-03 8.304780958156246506e-03 8.006295152747248955e-03 1.056686611830803639e-02 8.018216916386685170e-03 8.667757368454907102e-03 9.910308024181234757e-03 8.318334979312919097e-03 8.501038433753008161e-03 9.141288731153629846e-03 8.474442932110888907e-03 7.877111244501957751e-03 8.668362794218816350e-03 8.154413905099570925e-03 8.145072125101222513e-03 8.479693507670462913e-03 8.492281766841688201e-03 9.118380249698101320e-03 9.630571765993778052e-03 8.503591401797188851e-03 7.636522152930314000e-03 8.682055850979827558e-03 8.307891319043433573e-03 8.158510576542994663e-03 8.152046378338372382e-03 9.925333897623157819e-03 8.496355543146687922e-03 9.108304099979040030e-03 8.501844451392829086e-03 8.682617636922055140e-03 8.904962240303746293e-03 8.897297998137628297e-03 8.483153075820523692e-03 8.881755737969069392e-03 8.017538534707178977e-03 8.504522989023087856e-03 8.670992577996593925e-03 8.671682231416386055e-03 9.127318572164149976e-03 8.325332424282974597e-03 8.904833541167722633e-03 8.318163385998828332e-03 8.325184390355034117e-03 9.109475869032254702e-03 8.158294443067820242e-03 8.905745652911488397e-03 8.513019925387825537e-03 8.319856142712888855e-03 8.721503733921592144e-03 9.397156573463159163e-03 8.895614136611816949e-03 8.704669861363846517e-03 8.168658608098504359e-03 8.526961755608516297e-03 9.650533048329482111e-03 8.921779614387875118e-03 8.907660175479012801e-03 9.635668772676398569e-03 8.172837163873406668e-03 8.334536909410789757e-03 8.015235922846187383e-03 9.370884781518122250e-03 8.520090783141944651e-03 8.332245384637768093e-03 8.702215797564570934e-03 9.151399629606180725e-03 9.380356979371987439e-03 8.515314343891485990e-03 9.384515637726782364e-03 9.113069182215336253e-03 9.391197569418897884e-03 9.128890724334650167e-03 8.171879737974901622e-03 8.509064421377643059e-03 8.172860639633140398e-03 7.779693466050187009e-03 8.902400091070281074e-03 8.183173663605762538e-03
9.443963354396442411e-03 9.001894037738657553e-03 8.703070982262525040e-03 8.983799652073052450e-03 8.998281524604877235e-03 8.242186294086418716e-03 9.269339724941294198e-03 9.160037768324967231e-03 8.703004595298066345e-03 0.000000000000000000e+00 8.841428272822237158e-03 8.798207027950493211e-03 8.672061843296859432e-03 8.448914541791174501e-03 8.449821962489221724e-03 8.993444911334656788e-03 9.090323562048866629e-03 9.278840568453152610e-03 9.151338834387087381e-03 8.707348952344470816e-03 9.085369064615468615e-03 8.446457465268331771e-03 8.057379805895895086e-03 9.339424747124925111e-03 1.013498050839318348e-02 8.450311925337785843e-03 8.680128383445133780e-03 8.981834922178005137e-03 9.166046937557193949e-03 9.080823159096076611e-03 9.269233591760307409e-03 9.878691939005519382e-03 9.324425676558589435e-03 8.840699438588749126e-03 9.390668537918417727e-03 9.728421743458001009e-03 9.506409707921997451e-03 9.729014737152503339e-03 9.153877896186900232e-03 9.015949750995096504e-03 9.507082449264086035e-03 9.534858722277798557e-03 8.708571127309255172e-03 8.834810151662582031e-03 9.149071493006318001e-03 9.322670101542626653e-03 9.333866271683022992e-03 9.498765892034178454e-03 9.131095760046453388e-03 9.007213924651549797e-03 8.719439063318104935e-03 8.990200998333985200e-03 8.721518889397891425e-03 1.107910797621402578e-02 8.732004295699815136e-03 9.315175994197115450e-03 1.045874794990676697e-02 8.999715081289133556e-03 9.164609528817218090e-03 9.744891372690680717e-03 9.142818355779260692e-03 8.606159888606466565e-03 9.315725126950112275e-03 8.850622508853831297e-03 8.845334925157797429e-03 9.145563910152998757e-03 9.156827377512669758e-03 9.726252101006575834e-03 1.019784759638012878e-02 9.166839274428547138e-03 8.391651459910619976e-03 9.327956378940760809e-03 8.991118061581088519e-03 8.857305800555884817e-03 8.851541895166134891e-03 1.047276730279112118e-02 9.160308440076370129e-03 9.715998697195062095e-03 9.165252620466217068e-03 9.328538791465411373e-03 9.530247196397825457e-03 9.523134670740640920e-03 9.148551357520996741e-03 9.509195977431297159e-03 8.731267025843010912e-03 9.167658171915895118e-03 9.317946335115460249e-03 9.318642413626919419e-03 9.733402977971476744e-03 9.006723245621600649e-03 9.528385329409935420e-03 9.000165599073088954e-03 9.006375137344615339e-03 9.717085014576369931e-03 8.857180870753348853e-03 9.531000354153617432e-03 9.175273827819867625e-03 9.002867709659044537e-03 9.363587660909632182e-03 9.981655408805504073e-03 9.522875250617830398e-03 9.348377426865209575e-03 8.866380381251325743e-03 9.187772941040003166e-03 1.021641682698746015e-02 9.545568820143379360e-03 9.532704734290631254e-03 1.020374642728093424e-02 8.867964856136389962e-03 9.014825736515290344e-03 8.729385778752939834e-03 9.957493448038038514e-03 9.181701175795097675e-03 9.014180260578692414e-03 9.346191185852422215e-03 9.755421870001439177e-03 9.966041068289181737e-03 9.177443730511171058e-03 9.969948621790685958e-03 9.720386375621935596e-03 9.976136555817496226e-03 9.734004363655303013e-03 8.869186638127638661e-03 9.171765258949663921e-03 8.871056239875090704e-03 8.518837074045985946e-03 9.527913920674471390e-03 8.879122150267869037e-03
8.949066702163142178e-03 8.486241613997099961e-03 8.246558439198388782e-03 8.467891081876626966e-03 8.484302815533117589e-03 7.730824910447251300e-03 8.760995483815144785e-03 8.662749298138049808e-03 8.164976031983569443e-03 8.841428272822237158e-03 0.000000000000000000e+00 8.165448674823737318e-03 8.109414257247898883e-03 7.884500480885354989e-03 7.886976035540735688e-03 8.570356589225848129e-03 8.567980733501271220e-03 8.676354796531483837e-03 8.655826566232698027e-03 8.250591928138076639e-03 8.469793131332687547e-03 7.882582474412123258e-03 7.458211334758262090e-03 8.854153351245376558e-03 9.688812160373127744e-03 7.963654280565573076e-03 8.140746258327984791e-03 8.468390680760004910e-03 8.667009019573998496e-03 8.559325960120812288e-03 8.670142510590918977e-03 9.308687624605070307e-03 8.822724440458477521e-03 8.297009800511163588e-03 9.008006296987010331e-03 9.255767302588606762e-03 9.018865631914450495e-03 9.256489348891007787e-03 8.636249104657617998e-03 8.488246571489511602e-03 9.017898815913083510e-03 9.048000536676922140e-03 8.153081589616225158e-03 8.290918554738535909e-03 8.632818391960258089e-03 8.820724420221241757e-03 8.831109616938370363e-03 9.010909356341859772e-03 8.611363093665795956e-03 8.478877735004032579e-03 8.164768640897565252e-03 8.458157257047769356e-03 8.167310147231021319e-03 1.068168070703447853e-02 8.178971245944442053e-03 8.812640070442301354e-03 1.003333571995569662e-02 8.471389697252900558e-03 8.649536744166961763e-03 9.273354181725654635e-03 8.621716501658929430e-03 8.041453389471788643e-03 8.811379546950654298e-03 8.308253769191193197e-03 8.297152097181575633e-03 8.621178396899943641e-03 8.633405673325690588e-03 9.249726283184121767e-03 9.750301893840384801e-03 8.646050604624151703e-03 7.724314217039477022e-03 8.820561422847126437e-03 8.453298180769066097e-03 8.307369991753438265e-03 8.302425104574219505e-03 1.004088697581027520e-02 8.641220287914993733e-03 9.238192073739220564e-03 8.645528132683946709e-03 8.822382819350292615e-03 9.037213805589484547e-03 8.934429734051082747e-03 8.624465793954472909e-03 9.016297831669512278e-03 8.169883866628181723e-03 8.645265875674889439e-03 8.808199546361344251e-03 8.810632282445118174e-03 9.255365834882492773e-03 8.470288092010423014e-03 9.038903902788521932e-03 8.463149968652940516e-03 8.385767615139165868e-03 9.239233236086875217e-03 8.308514929117754438e-03 9.040270903615190909e-03 8.657316439103217298e-03 8.469798795278342049e-03 8.862445467567842128e-03 9.524170837674275636e-03 9.032872499847197437e-03 8.844804918626420973e-03 8.321433935732563958e-03 8.672101266025075000e-03 9.774732108656328244e-03 9.058559439115093995e-03 9.043553903282231313e-03 9.758920363463706102e-03 8.324109288516947855e-03 8.483055967421847254e-03 8.171687162388883985e-03 9.498482088248038149e-03 8.665489625148074110e-03 8.484531473390675635e-03 8.842359338901649088e-03 9.283948176822634860e-03 9.509912184311549235e-03 8.659628249292309829e-03 9.511805692251131331e-03 9.245064365433521003e-03 9.518373412578176596e-03 9.260694313865077895e-03 8.241213135401631584e-03 8.653583752274887630e-03 8.326309880763731533e-03 7.942255505786251918e-03 9.038495718029981515e-03 8.335323657237620615e-03
8.711322082491148103e-03 8.337454113558144878e-03 8.003640504234270023e-03 8.320264293512761797e-03 8.339912842990061109e-03 7.484734303854057198e-03 8.522523062727238932e-03 8.515715188623873555e-03 8.007763108922209133e-03 8.798207027950493211e-03 8.165448674823737318e-03 0.000000000000000000e+00 7.946975596384860119e-03 7.721708060139132260e-03 7.724809017145397097e-03 8.331185074018671033e-03 8.328850974690309855e-03 8.529983477748675352e-03 8.600922094088504777e-03 8.011999525381936424e-03 8.321758110129166483e-03 7.715234913883856245e-03 7.348738247197893723e-03 8.715683989240536819e-03 9.560663935778788286e-03 7.720963853729728363e-03 7.980724864938896351e-03 8.318464186560061910e-03 8.615583006131542765e-03 8.320350476281134985e-03 8.612850957499012389e-03 9.177348659414994933e-03 8.681975071529747165e-03 8.143662574834096418e-03 8.872860122376447292e-03 9.123680969891112200e-03 8.882234959576070649e-03 9.124417025369519971e-03 8.492670646501212714e-03 8.339819803210406224e-03 8.881211701666859998e-03 8.911906368069216419e-03 7.996577784177803794e-03 8.137305732366191188e-03 8.487722671670687447e-03 8.679927219157142562e-03 8.690493696875084204e-03 8.874863718818777267e-03 8.465712073667497686e-03 8.330134199219487584e-03 8.006625998666694333e-03 8.308840739375227338e-03 8.010596026669892025e-03 1.057013684651950114e-02 8.022583857672776347e-03 8.671649255915183166e-03 9.913806668224256144e-03 8.321585513387533273e-03 8.505003929725052716e-03 9.141717033372702764e-03 8.476257363676430179e-03 7.881455005547422649e-03 8.670302308985298675e-03 8.155193029057759488e-03 8.146594168378418904e-03 8.481195254669015443e-03 8.493743435898603450e-03 9.120806737077751664e-03 9.631811443144641313e-03 8.505075195868573926e-03 7.638209074597141802e-03 8.683466432035135893e-03 8.309397983419041997e-03 8.160054561267457776e-03 8.154317503522802782e-03 9.926567823160101570e-03 8.498515927017186861e-03 9.109638872712013530e-03 8.503320242668855472e-03 8.684102240052530772e-03 8.906336661450308528e-03 8.898652217010949092e-03 8.484608173812996368e-03 8.883145248851342587e-03 8.019141759034750447e-03 8.506022695571494735e-03 8.672450165848727063e-03 8.673096802690254473e-03 9.128662154121877648e-03 8.326876942308400129e-03 8.906254141123910034e-03 8.319724059740357322e-03 8.326677486050778829e-03 9.110818942765594453e-03 8.159893649109586922e-03 8.907146576449562897e-03 8.510958560573744433e-03 8.321565910129910190e-03 8.719680203447849332e-03 9.395467236395260366e-03 8.897624897241889971e-03 8.705284975854927013e-03 8.170978924721163106e-03 8.524920691763526737e-03 9.648803315303301764e-03 8.922499398021406167e-03 8.908272955309824367e-03 9.524787860754892546e-03 8.168709136242771965e-03 8.332431508984361121e-03 8.013318464156180682e-03 9.370206004562129168e-03 8.518238496157183939e-03 8.332793540799954962e-03 8.700273395643691107e-03 9.152119507572394064e-03 9.378714029245423592e-03 8.513422654811076545e-03 9.385184754410915223e-03 9.113760597162475982e-03 9.391923498473118623e-03 9.126252907287506905e-03 8.168554602843722603e-03 8.509753752922739889e-03 8.174461116883399714e-03 7.777530249947765123e-03 8.900656541418180967e-03 8.181038333504786139e-03
