0.000000000000000000e+00 1.054790906174370678e-02 1.005469585026726870e-02 1.051400223332086062e-02 1.054821175072188574e-02 9.403780851684077902e-03 1.080175923891543190e-02 1.080078328089035394e-02 1.005493155764957021e-02 1.115012925513533815e-02 1.029791348430660405e-02 1.005516063749912169e-02 9.863874080692744059e-03 9.715399682945146179e-03 9.690881680840614937e-03 1.051768180667850272e-02 1.051654786781773716e-02 1.080585600723222781e-02 1.079684426717805387e-02 1.008189487073703899e-02 1.054339270098386509e-02 9.690022474940752917e-03 9.171372808469954729e-03 1.115513044246040607e-02 1.247027014124028887e-02 9.691065718601909323e-03 1.004723055857732923e-02 1.054208657704643753e-02 1.080288785897871168e-02 1.051460794785007667e-02 1.080311071615202949e-02 1.192823312676760499e-02 1.084324385019747386e-02 1.008509221972245587e-02 1.116560477169619911e-02 1.155314966899306968e-02 1.116800219727945472e-02 1.155411090199595994e-02 1.055810226383040520e-02 1.031611160454628043e-02 1.116742864818502483e-02 1.118040022765629492e-02 9.893399024679670403e-03 1.008405556151244914e-02 1.055696644216679719e-02 1.084319955394221803e-02 1.084599578005686349e-02 1.116727192553069493e-02 1.054953077758294215e-02 1.031307041288482759e-02 9.896382838650847127e-03 1.030526941650343128e-02 9.896234195052668742e-03 1.451695880532651028e-02 9.900282973546763871e-03 1.083933666512894127e-02 1.306587932126277406e-02 1.031118109985257845e-02 1.056262444912396160e-02 1.156174727473449973e-02 1.055327907336416939e-02 9.727250567256696262e-03 1.083861127766301384e-02 1.009103124362397026e-02 1.008625723154486439e-02 1.055396255698192592e-02 1.055824294345491209e-02 1.155066405319564275e-02 1.248876748070055533e-02 1.056209486479301775e-02 9.437033266485208086e-03 1.084334842640768785e-02 1.030520492457147851e-02 1.008979058043270836e-02 1.008870972682612312e-02 1.307211516927039158e-02 1.056044955753642281e-02 1.154590991101818974e-02 1.056147276346994929e-02 1.084322347114584709e-02 1.117730231371365755e-02 1.117540230143055854e-02 1.055495592166396518e-02 1.116818673271342995e-02 9.898654030160807665e-03 1.056252833120690376e-02 1.084031569766101717e-02 1.083947859746522621e-02 1.155361523680409168e-02 1.031098827144615558e-02 1.117732895785305061e-02 1.030958183754187435e-02 1.031178923288182149e-02 1.154662352690798144e-02 1.008988862444635225e-02 1.117692338884830432e-02 1.056424641891450487e-02 1.030922455480313624e-02 1.085621059232129773e-02 1.199906247981961764e-02 1.117353674633274861e-02 1.085049152052346665e-02 1.009347335634405533e-02 1.056886669443968252e-02 1.249629468082328471e-02 1.118251780498180636e-02 1.117695963497319749e-02 1.249110824394593366e-02 1.009437838347493517e-02 1.031318605371677258e-02 9.897506283512295597e-03 1.198749925826165554e-02 1.056687772639589018e-02 1.031351157316401888e-02 1.084981451457960912e-02 1.156255188309870431e-02 1.199314753863073811e-02 1.056537632551415168e-02 1.199317723563750326e-02 1.154669708778188926e-02 1.199655678847805218e-02 1.155462871995193742e-02 1.009439330028859272e-02 1.056269147268997996e-02 1.009419253054807258e-02 9.579609775824157736e-03 1.117570393557090931e-02 1.009667262398456639e-02
1.054790906174370678e-02 0.000000000000000000e+00 9.350080478965573996e-03 9.880161538287869291e-03 9.886823651722869560e-03 8.634469331869964320e-03 1.017128922830872959e-02 1.017029716099331765e-02 9.350254808656553729e-03 1.051699499492249855e-02 9.588820276510822554e-03 9.350809441391201224e-03 9.140004971251166482e-03 8.969755992833568226e-03 8.949270226482012452e-03 9.884069822971833577e-03 9.858801824474357212e-03 1.017558912707926082e-02 1.019165596988544364e-02 9.351724701483325047e-03 9.857826581473567301e-03 8.948629046420807781e-03 8.397971713031790464e-03 1.055001910887402861e-02 1.191864685312207274e-02 8.949757289887743175e-03 9.342052131887136623e-03 9.856071591629609122e-03 1.017242357155798659e-02 9.856507253979737010e-03 1.017278014439460497e-02 1.138673375232724869e-02 1.021050709001044415e-02 9.377217711880376019e-03 1.056148949685976890e-02 1.098020544413448422e-02 1.056421542827702849e-02 1.098124722157555085e-02 9.898124795437217294e-03 9.631897729149281259e-03 1.056359444091258676e-02 1.057770509779307373e-02 9.166101584184457168e-03 9.376100488651317386e-03 9.896808336165015957e-03 1.021049091259396656e-02 1.021351949428515871e-02 1.056348896417731893e-02 9.888573805202452785e-03 9.628546554611304778e-03 9.169371428637614063e-03 9.619844605925827533e-03 9.169131773529709539e-03 1.408573758176646235e-02 9.173690628224673640e-03 1.020622324087236930e-02 1.258136130863320330e-02 9.626469530184226728e-03 9.902996690671286503e-03 1.098944847327041306e-02 9.892699195436751441e-03 8.983180687385849961e-03 1.020542942354501353e-02 9.383988729754632815e-03 9.378515879356079735e-03 9.893440589040765690e-03 9.898155488752559752e-03 1.097752719346916685e-02 1.197570925125633623e-02 9.902409708830522961e-03 8.664249349090116792e-03 1.021062132952347754e-02 9.619770217178592528e-03 9.382418672540962165e-03 9.381271507442678209e-03 1.258787717638992776e-02 9.900637073993070678e-03 1.097240549036363443e-02 9.901724651015976139e-03 1.021047242432596321e-02 1.057432137351855227e-02 1.057218279411023011e-02 9.894533610991650130e-03 1.056441766498867479e-02 9.171813339960907530e-03 9.902885382496649097e-03 1.020731100949338714e-02 1.020637635392710775e-02 1.098069440795369604e-02 9.626157920448434255e-03 1.057434863902022293e-02 9.624635438356248310e-03 9.626988079192887876e-03 1.097317419411492252e-02 9.382527503886949408e-03 1.057390257431609082e-02 9.904773919875322144e-03 9.624221738512336866e-03 1.022469445939823418e-02 1.145708466485369399e-02 1.057023811216912731e-02 1.021843656699219192e-02 9.386611257893313909e-03 9.909858382961824266e-03 1.198364546645908080e-02 1.057998088301245580e-02 1.057394672520094517e-02 1.197818530809275674e-02 9.387429836305642011e-03 9.628603199963451514e-03 9.170531426255139687e-03 1.144478473285025916e-02 9.907669978293927662e-03 9.628967618166277276e-03 1.021769919354773362e-02 1.099030539782414918e-02 1.145079592580349956e-02 9.906017969530944711e-03 1.145081922431662354e-02 1.097325336352577077e-02 1.145441740462665135e-02 1.098179452231900013e-02 9.387456403051098325e-03 9.903056272393474455e-03 9.387298109764557336e-03 8.820813286346523147e-03 1.057259082741721784e-02 9.390045541479652424e-03
1.005469585026726870e-02 9.350080478965573996e-03 0.000000000000000000e+00 9.364800050573598642e-03 9.371934877442764447e-03 8.009782685236131738e-03 9.682531181915362412e-03 9.681329574118791373e-03 8.793453426574050075e-03 1.005134896647312884e-02 9.073757425890116579e-03 8.794042895337894281e-03 8.581587909985267590e-03 8.355346607168518194e-03 8.354727182769181026e-03 9.347242219119051426e-03 9.345805826567682786e-03 9.687359679218660036e-03 9.676684524364301612e-03 8.795093709583477401e-03 9.366767162697828969e-03 8.353837267804756911e-03 7.731738428473131260e-03 1.005721298288152731e-02 1.152197638352489041e-02 8.355183152534324115e-03 8.784499795962656329e-03 9.343181990316341834e-03 9.707123905863444813e-03 9.343512902536177736e-03 9.683991998268843757e-03 1.096793810884284619e-02 9.720267728248240674e-03 8.818337006590163188e-03 1.009478720858760989e-02 1.053774949298769484e-02 1.009767292168740026e-02 1.053885271967107407e-02 9.384113237523094425e-03 9.095868818012492821e-03 1.009701299797592308e-02 1.011201597308636346e-02 8.587630614827961723e-03 8.817142236160490504e-03 9.382821916969923126e-03 9.720261973976520101e-03 9.723496970511304877e-03 1.009687485487000512e-02 9.373889281855044345e-03 9.092225717509776206e-03 8.591250387152334425e-03 9.082677893471452144e-03 8.590900305349067484e-03 1.374758061737979715e-02 8.596008138809948379e-03 9.715670296058905725e-03 1.220454693374542314e-02 9.089971308380868226e-03 9.389491067333133670e-03 1.054748625003975107e-02 9.378355593546446045e-03 8.387410884861876137e-03 9.714818799231013033e-03 8.825860222963157961e-03 8.819767464953155028e-03 9.379146804181127603e-03 9.384247067556392846e-03 1.053499063863040999e-02 1.157804393541105557e-02 9.388855574446339225e-03 8.038040060974027678e-03 9.720390555109259534e-03 9.082596708409199429e-03 8.824040141908720894e-03 8.822770051468906138e-03 1.221126735306346175e-02 9.386909337963463343e-03 1.052953061385799964e-02 9.388114445277370018e-03 9.720225107288650926e-03 1.010841734825628814e-02 1.010622515571508485e-02 9.380328058215387649e-03 1.009788966909302629e-02 8.593856458093622475e-03 9.389369167973976582e-03 9.716848023810417331e-03 9.715834295389929112e-03 1.053826481369724011e-02 9.089554682391861457e-03 1.010844541077678994e-02 9.087922711598412154e-03 9.090552716782883055e-03 1.053034092608728586e-02 8.824159709697467283e-03 1.010796935060381992e-02 9.391409546840442588e-03 9.087505236837153250e-03 9.735476912747431308e-03 1.103802806702464633e-02 1.010413771614735931e-02 9.728768940360382061e-03 8.828531578142406050e-03 9.396905490570876124e-03 1.158627900308869564e-02 1.011442977987421152e-02 1.010801826699091709e-02 1.158061815806181623e-02 8.829555892657157609e-03 9.092232236730821149e-03 8.592430726807201088e-03 1.102517954481516647e-02 9.394539445810541622e-03 9.092631840010405309e-03 9.727980562594423092e-03 1.054838932189753817e-02 1.103146071027809663e-02 9.392754239574413813e-03 1.103148064794393785e-02 1.053042415543336240e-02 1.103524093336548731e-02 1.053942802808356671e-02 8.829649810400182902e-03 9.389548469173961132e-03 8.829441773464145535e-03 8.209459617964863856e-03 1.010658162140913585e-02 8.832407680779986656e-03
1.051400223332086062e-02 9.880161538287869291e-03 9.364800050573598642e-03 0.000000000000000000e+00 9.855758846272048151e-03 8.626237417864309268e-03 1.016489151032524095e-02 1.018963568627689019e-02 9.364749461479074041e-03 1.051062002895324088e-02 9.581699267633870740e-03 9.343448535020238907e-03 9.132760302636433458e-03 8.942230882979776765e-03 8.941490891413248626e-03 9.853228809418653963e-03 9.851878833393775542e-03 1.016966906901406106e-02 1.018519634286280291e-02 9.366545409987710874e-03 9.850891308363602522e-03 8.940676661351953936e-03 8.371811200180240276e-03 1.051614621614694808e-02 1.195139491666795221e-02 8.941994310378885771e-03 9.334387848915914540e-03 9.849081768677027393e-03 1.016609820740520601e-02 9.874008721831514790e-03 1.016629988864125797e-02 1.141504829402042662e-02 1.020380339622779277e-02 9.369621962464535006e-03 1.055510577921977243e-02 1.097422515544344696e-02 1.055790280316075067e-02 1.097533846589343609e-02 9.891105061581124611e-03 9.624649990638665595e-03 1.055721383567185048e-02 1.057140149858239175e-02 9.158236831901020447e-03 9.368503070419311254e-03 9.889785365209948984e-03 1.020378503642324977e-02 1.020688287191008799e-02 1.055707174482677438e-02 9.881606684077981137e-03 9.621295041424169844e-03 9.161537488352489503e-03 9.612522070746793920e-03 9.161298384565362204e-03 1.408112446196088489e-02 9.165862103094573124e-03 1.019951471246327047e-02 1.257622449707421729e-02 9.619154791784342504e-03 9.895981708286488363e-03 1.098331490059259452e-02 9.885893192087644166e-03 8.975135148493757625e-03 1.019878467977013668e-02 9.354656288814123047e-03 9.370986632350111062e-03 9.886481488632050535e-03 9.891201895431292121e-03 1.097155009191561406e-02 1.197036469554142897e-02 9.895460529874810715e-03 8.655912067818592737e-03 1.020398584897564895e-02 9.612512879588263476e-03 9.374893692316020946e-03 9.373717226720659768e-03 1.258282921908999985e-02 9.893655134509377058e-03 1.096635546814557147e-02 9.894774806353007213e-03 1.020383538443235191e-02 1.056802005203343400e-02 1.056587953334663793e-02 9.887575432075742382e-03 1.055810723658111294e-02 9.164048018298235482e-03 9.895936428225777029e-03 1.020067266427387813e-02 1.019973587197812656e-02 1.097471975101819118e-02 9.618907980434314789e-03 1.056804695698633327e-02 9.617385160525501742e-03 9.619740474855888873e-03 1.096719389913120533e-02 9.375002919475213317e-03 1.056760040844527751e-02 9.897827915104795427e-03 9.616971467028643389e-03 1.021807295726713700e-02 1.145143881161376706e-02 1.056393429457753476e-02 1.021180890389097699e-02 9.379092607849340638e-03 9.902917875666123609e-03 1.197830528301578948e-02 1.057368457858030679e-02 1.056764517078275997e-02 1.197284255168589578e-02 9.379911936329180314e-03 9.621357097174092210e-03 9.162764807822283350e-03 1.143913101121998843e-02 9.900727088763244810e-03 9.621723110140511723e-03 1.021107085275981853e-02 1.098433849083815458e-02 1.144514646347052217e-02 9.899073201717800002e-03 1.144516938879863721e-02 1.096727362115642625e-02 1.144876986077032754e-02 1.097582137613867248e-02 9.379938801602944604e-03 9.896108308776173715e-03 9.379780888023480159e-03 8.812650558924297467e-03 1.056628813424209321e-02 9.382530659869329354e-03
1.054821175072188574e-02 9.886823651722869560e-03 9.371934877442764447e-03 9.855758846272048151e-03 0.000000000000000000e+00 8.653442361452797285e-03 1.017134869855279219e-02 1.017052728970771480e-02 9.371868945038863349e-03 1.051672683841981676e-02 9.588755281520063359e-03 9.350960642229563108e-03 9.140111607965035329e-03 8.949809317842104608e-03 8.949247712824711168e-03 9.859780094105183995e-03 9.882663887613916259e-03 1.017603471091785110e-02 1.016591982035456969e-02 9.351944381029701769e-03 9.857883807387212219e-03 8.948641855265835818e-03 8.380082723411445833e-03 1.052244281944213905e-02 1.191895978858403468e-02 8.950062441138523228e-03 9.341971224199734428e-03 9.855824692893885505e-03 1.019817268915188153e-02 9.880618305545214863e-03 1.017285964983545045e-02 1.142040699708866264e-02 1.021044482106171422e-02 9.376974501186031638e-03 1.056143081112883436e-02 1.097998563470538140e-02 1.056399552231866365e-02 1.098125881769735843e-02 9.897784193960833254e-03 9.631820618742075943e-03 1.056337161338407118e-02 1.057764158894312044e-02 9.165991370090772333e-03 9.376027391164281841e-03 9.896737185411751125e-03 1.021025978275681353e-02 1.021328895730062684e-02 1.056322925471656765e-02 9.888507312619353520e-03 9.628471925776180967e-03 9.169203307949659598e-03 9.619603145110310061e-03 9.168880782900378987e-03 1.408550874960234379e-02 9.173606744981908576e-03 1.020599488574171210e-02 1.258114901653748993e-02 9.626433619841912384e-03 9.902930384691071425e-03 1.095857478147473953e-02 9.892682445762135401e-03 8.982925258202288654e-03 1.020519941355950075e-02 9.383652372298829925e-03 9.378451746101652137e-03 9.893382606395034057e-03 9.898096282095775883e-03 1.097731561458065337e-02 1.197566785649560595e-02 9.902350812864368565e-03 8.664177454914481422e-03 1.021056686785106957e-02 9.619709037185094139e-03 9.382354855801472091e-03 9.381177664976540070e-03 1.258783842313397454e-02 9.900546984928079719e-03 1.097235649267756796e-02 9.901665840057815443e-03 1.021041606184617742e-02 1.057426963818481475e-02 1.057213179136200394e-02 9.894475355716433537e-03 1.056436581359881249e-02 9.171746986534385152e-03 9.902827431920788528e-03 1.020725662953531065e-02 1.020632152030026725e-02 1.098064607286944501e-02 9.626095997927656620e-03 1.057429684088427753e-02 9.624573593930714488e-03 9.626926198583405855e-03 1.097312584160643929e-02 9.382462204826618607e-03 1.057385009260246138e-02 9.904717689085226762e-03 9.624162433500269009e-03 1.022464115562998765e-02 1.145704135501415463e-02 1.057018764085799686e-02 1.021838340933198773e-02 9.386443982657531257e-03 9.909801991079561501e-03 1.198360441373123864e-02 1.057993096240182271e-02 1.057389658929600192e-02 1.197814511161544339e-02 9.387402169449948416e-03 9.628543333401221385e-03 9.170465957860595568e-03 1.144483474032969086e-02 9.907612107884388591e-03 9.628908285302061748e-03 1.021764628993154095e-02 1.099025824796570627e-02 1.145075312427926671e-02 9.905960280397158729e-03 1.145077565847795430e-02 1.097320662636456536e-02 1.145437338241058096e-02 1.098179184109573416e-02 9.387478481180296444e-03 9.902999462304724887e-03 9.387236207954629402e-03 8.820745189924096910e-03 1.057254082939646823e-02 9.389983314543680348e-03
9.403780851684077902e-03 8.634469331869964320e-03 8.009782685236131738e-03 8.626237417864309268e-03 8.653442361452797285e-03 0.000000000000000000e+00 8.999940784899343113e-03 8.998522338961522163e-03 8.025894767353740009e-03 9.400240280881520111e-03 8.320646811810819207e-03 8.010400512044910798e-03 7.746922938778095027e-03 7.505979636021978436e-03 7.505278388565851146e-03 8.631331420636481275e-03 8.629709265672563107e-03 9.005291210117427267e-03 8.993611469096184086e-03 8.027902664086934703e-03 8.628486668225366849e-03 7.503937510075050360e-03 6.773970849791191226e-03 9.406505030406939888e-03 1.099516688530995795e-02 7.505548112801241345e-03 7.999442072166098455e-03 8.626415715744991178e-03 9.001217778272835660e-03 8.627182799890234510e-03 9.001585612676030884e-03 1.037855729185296894e-02 9.035969219166843994e-03 8.032025398973191219e-03 9.442457812132497991e-03 9.917521790243317287e-03 9.445629399997683071e-03 9.918770913765770011e-03 8.666551494621779067e-03 8.345437465140855340e-03 9.444917607639463641e-03 9.461019281758440563e-03 7.768285223301906253e-03 8.030690158617435209e-03 8.665040367372738722e-03 9.035959207634747595e-03 9.039497066681813353e-03 9.444765578785208060e-03 8.655153064567357168e-03 8.341350227990566510e-03 7.772466088077935147e-03 8.330599441620817336e-03 7.772038327151861367e-03 1.326232033719079891e-02 7.777965517783975817e-03 9.031017407218233650e-03 1.166939891649766345e-02 8.321562581236820189e-03 8.672491705349973795e-03 9.927980224314974025e-03 8.660118344274462740e-03 7.537047719419542879e-03 9.030018652609798566e-03 8.040596071051850716e-03 8.033742141846463361e-03 8.661039831213229040e-03 8.666686791121404332e-03 9.914610766503626979e-03 1.101609866057967277e-02 8.671793537716099634e-03 7.128532764387657261e-03 9.036178393878484261e-03 8.330581736348850047e-03 8.038607984580285054e-03 8.037177749175800773e-03 1.167647382756563899e-02 8.669644903164472685e-03 9.908841257775663491e-03 8.670972920465659303e-03 9.035927516372898455e-03 9.457220352894021853e-03 9.454856532835790445e-03 8.662348831877582714e-03 9.445865919599526206e-03 7.775471566023551759e-03 8.672361836758226902e-03 9.032315619301076529e-03 9.031201024787931242e-03 9.918156763713619276e-03 8.338398130263064562e-03 9.457250586763202641e-03 8.336584448793284835e-03 8.339526410765511766e-03 9.909705692188823176e-03 8.038744099215289207e-03 9.456738293084309549e-03 8.674375283705647310e-03 8.335799330797801984e-03 9.052577744173328014e-03 1.044824074659399075e-02 9.452540178327696954e-03 9.045092528504177290e-03 8.043480210091812424e-03 8.680457864744849442e-03 1.102448108336988482e-02 9.463631026122932069e-03 9.456558999436256302e-03 1.101856196606243975e-02 8.028919798276679815e-03 8.341333428654387414e-03 7.773520066062493059e-03 1.043484063216213419e-02 8.678065603798496008e-03 8.341625058702671278e-03 9.044230921532947498e-03 9.928722964900443468e-03 1.044124602312012512e-02 8.676089705985259512e-03 1.044126142492303976e-02 9.909721849963418899e-03 1.044538374473046038e-02 9.893077947200691266e-03 8.044754156229783765e-03 8.672484031857224593e-03 8.044453219539704145e-03 7.329346342773189645e-03 9.455237061263227147e-03 8.047885316417169657e-03
1.080175923891543190e-02 1.017128922830872959e-02 9.682531181915362412e-03 1.016489151032524095e-02 1.017134869855279219e-02 8.999940784899343113e-03 0.000000000000000000e+00 1.046581854647003415e-02 9.682558797047631852e-03 1.082802900463563159e-02 9.934654421253090797e-03 9.683027895963407933e-03 9.481967406187171571e-03 9.300968217000819827e-03 9.322037610139149305e-03 1.016850934408170329e-02 1.016740893622183374e-02 1.047094302994667527e-02 1.048887166439862149e-02 9.684181809655545772e-03 1.016683315387028295e-02 9.321550531707935988e-03 8.756563805190653929e-03 1.083338737829169646e-02 1.215785573060690003e-02 9.322611815798626314e-03 9.697973312543196542e-03 1.016507479116047878e-02 1.046778276072461884e-02 1.019115416321464580e-02 1.046793963279758939e-02 1.167479859095813151e-02 1.050692812137793940e-02 9.710908096178376761e-03 1.084419659163689785e-02 1.124808031041809632e-02 1.084669830044724705e-02 1.124908542554342410e-02 1.020793678774842110e-02 9.953697990130943446e-03 1.084609978252668722e-02 1.085966942024815113e-02 9.509607360927973055e-03 9.709878479861398792e-03 1.020665842035257953e-02 1.050689993204661880e-02 1.050981383724370818e-02 1.084595354184829386e-02 1.019886724494504550e-02 9.950501893912364754e-03 9.512744124758306177e-03 9.942252393043192124e-03 9.512555145101572046e-03 1.428806401409469032e-02 9.516850903466260447e-03 1.050282615586205573e-02 1.280818343201411275e-02 9.948519370580952495e-03 1.021258490737898469e-02 1.125692725361932683e-02 1.020296792103303832e-02 9.335230123249127834e-03 1.050206590855943221e-02 9.717273648217693294e-03 9.712185910721695889e-03 1.020346952813778497e-02 1.020796921653598956e-02 1.124549114463229207e-02 1.221569532765465552e-02 1.021202524074805822e-02 9.031005699768510434e-03 1.050703751961950920e-02 9.942183009726447349e-03 9.715854473218757045e-03 9.714726060082697415e-03 1.281457088193522879e-02 1.021029920110382017e-02 1.124054272532316358e-02 1.021137139153867682e-02 1.050689964472875833e-02 1.085642040534307538e-02 1.085443599650957186e-02 1.020451338483502682e-02 1.084689203521189103e-02 9.515103115790724680e-03 1.021248049114194603e-02 1.050391296486138590e-02 1.050297428363818238e-02 1.124855777456405977e-02 9.948268320400483616e-03 1.085644774992855326e-02 9.946851186379630089e-03 9.949119814903087042e-03 1.124128578554147752e-02 9.715957584473928349e-03 1.085602009826099057e-02 1.021420442367770333e-02 9.946339597401376853e-03 1.052044068760919250e-02 1.171039024631939304e-02 1.085248355496799127e-02 1.051444485887423862e-02 9.719762505869936065e-03 1.021905933553852661e-02 1.222343776798626852e-02 1.086178383376889059e-02 1.085605497263850486e-02 1.221810510651301709e-02 9.720529242479913207e-03 9.950509854923451220e-03 9.513811761251168495e-03 1.169851695098633043e-02 1.021696979011037752e-02 9.926346410212043975e-03 1.051373740258047980e-02 1.125776576204440965e-02 1.170433449832717840e-02 1.021539258740252441e-02 1.170430078501062676e-02 1.124135785132478714e-02 1.170779820085966760e-02 1.124953253876008474e-02 9.720701197838478233e-03 1.021256760749710522e-02 9.720486527478233371e-03 9.180373777622230849e-03 1.085472278449274748e-02 9.723024810443943108e-03
1.080078328089035394e-02 1.017029716099331765e-02 9.681329574118791373e-03 1.018963568627689019e-02 1.017052728970771480e-02 8.998522338961522163e-03 1.046581854647003415e-02 0.000000000000000000e+00 9.681393651221120375e-03 1.079748069507227050e-02 9.908847829103095348e-03 9.681656027505324696e-03 9.481128579815275778e-03 9.299810902755197353e-03 9.321085968744339742e-03 1.016794447461397306e-02 1.019265736139608920e-02 1.047011913511867662e-02 1.048806913592128728e-02 9.682982685350149596e-03 1.019136214099662131e-02 9.319993286373952704e-03 8.755456876392708407e-03 1.080279779603876035e-02 1.219600048999762605e-02 9.299373473578068788e-03 9.696811392268271310e-03 1.016387455528101023e-02 1.046690942626135427e-02 1.016447995536153871e-02 1.049448180504767431e-02 1.163909930991466335e-02 1.050596258103303135e-02 9.709824096029221613e-03 1.084314537319598301e-02 1.124720943628766678e-02 1.084577793930638530e-02 1.124821360145022986e-02 1.020692864652160935e-02 9.952650552841663459e-03 1.084517984591011272e-02 1.085875173117844747e-02 9.508493768102279503e-03 9.708793518832421754e-03 1.020564909104421797e-02 1.050593388017301462e-02 1.050884824317111638e-02 1.084503367758197882e-02 1.019785726215052639e-02 9.949454178857699421e-03 9.511717386179938116e-03 9.941203735346402712e-03 9.511441445258891209e-03 1.428741289971430586e-02 9.515738119396559627e-03 1.050186002474776115e-02 1.280744967452380166e-02 9.947471177648103957e-03 1.021157631501110573e-02 1.125605747567756838e-02 1.020174665770156273e-02 9.334090457603399366e-03 1.050109937767694859e-02 9.716275933275585197e-03 9.711055093542472066e-03 1.020245953831848927e-02 1.020696063568716887e-02 1.124461982904800469e-02 1.221491701468114220e-02 1.021101693154763054e-02 9.029752567692801019e-03 1.050607169187796341e-02 9.941133962375116664e-03 9.714771306153911767e-03 9.713643128414155281e-03 1.281383714997305807e-02 1.020929138977225668e-02 1.123967037198245374e-02 1.021036319415534986e-02 1.050593389561146028e-02 1.085550159418578395e-02 1.085343857895619893e-02 1.020350384721659120e-02 1.084597194789078262e-02 9.513989862847809301e-03 1.021147187909336729e-02 1.050294669904019117e-02 1.050200817727800148e-02 1.124768604703022326e-02 9.947220221529107231e-03 1.085552836322590566e-02 9.945803290114865747e-03 9.947998483097674274e-03 1.124041330922807141e-02 9.714874650807362941e-03 1.085510117596846617e-02 1.021327768757942893e-02 9.945372044424506675e-03 1.051956006278717548e-02 1.170965676517793028e-02 1.085156980617502445e-02 1.051356288381369297e-02 9.718759781234757866e-03 1.021813372394858241e-02 1.222266512377312951e-02 1.086095077940305020e-02 1.085514201462949892e-02 1.221733093616227984e-02 9.719525216027558381e-03 9.949542859020424693e-03 9.512776941964760230e-03 1.169779484896959695e-02 1.021604362330427555e-02 9.949887728608098475e-03 1.051285444428607524e-02 1.125698181984030079e-02 1.170354088301878669e-02 1.021446508401147729e-02 1.170356667539689498e-02 1.124049096836331890e-02 1.170706395081259031e-02 1.124874638492896067e-02 9.719640477045835003e-03 1.021164021139827661e-02 9.719412274911061120e-03 9.179220290546137584e-03 1.085388723189898395e-02 9.722023502107371082e-03
1.005493155764957021e-02 9.350254808656553729e-03 8.793453426574050075e-03 9.364749461479074041e-03 9.371868945038863349e-03 8.025894767353740009e-03 9.682558797047631852e-03 9.681393651221120375e-03 0.000000000000000000e+00 1.005125370775724822e-02 9.053675880939948337e-03 8.794277967546461003e-03 8.563685564388365604e-03 8.355533861204198290e-03 8.354575495717232389e-03 9.347368289453036189e-03 9.367538961970131930e-03 9.687497463639189316e-03 9.676444258853333924e-03 8.795400616156858267e-03 9.345199238813847384e-03 8.354024219980778210e-03 7.731919995521726978e-03 1.005743091684160005e-02 1.152217082481519182e-02 8.355575494776987244e-03 8.784438426912569847e-03 9.364827337183205883e-03 9.683465788562167428e-03 9.343344401399082330e-03 9.707690529272998414e-03 1.099960577763087026e-02 9.720040616240051279e-03 8.818077850166607806e-03 1.009473191042269818e-02 1.053769550910409539e-02 1.009745750091268525e-02 1.051022060116364211e-02 9.383873726714894031e-03 9.095613398405578282e-03 1.009679723944384259e-02 1.011179332965429258e-02 8.587541327336894320e-03 8.817062109942768941e-03 9.382750598574504663e-03 9.720198743090794832e-03 9.723269023343085807e-03 1.009681809901392772e-02 9.373822602843872448e-03 9.091970298873390879e-03 8.591247292813823308e-03 9.082429632891641375e-03 8.590629499093361057e-03 1.374736166587007744e-02 8.595732339814499481e-03 9.715444482518056923e-03 1.220434272348284305e-02 9.089753538316381817e-03 9.389254410530690695e-03 1.054743313900484078e-02 9.378341878711305216e-03 8.387129328951272583e-03 9.714758162149369006e-03 8.825775405584148844e-03 8.819698630024469174e-03 9.379087042388288553e-03 9.384187711719697497e-03 1.053488857892879993e-02 1.157800710355815985e-02 9.388796877546443098e-03 8.037887003505824607e-03 9.720337433562289270e-03 9.082532263312761284e-03 8.823970459220332324e-03 8.822700581543512291e-03 1.221123315768219732e-02 9.386851278933339843e-03 1.052948624592668289e-02 9.388055950903913954e-03 9.720171315065090009e-03 1.010836848904307639e-02 1.010610377122616449e-02 9.380269348273979207e-03 1.009784103777955182e-02 8.593781749037224596e-03 9.389309761620402359e-03 9.716794195141468041e-03 9.715781276587197313e-03 1.053822033030603171e-02 9.089489486633925072e-03 1.010839687448019004e-02 9.087857889323551833e-03 9.090418400261261050e-03 1.053029658771396926e-02 8.824089318273366234e-03 1.010792077961648015e-02 9.391352915380790645e-03 9.087392049082557155e-03 9.735425213026999494e-03 1.103798929189073533e-02 1.010403417354496618e-02 9.728717289243078714e-03 8.828461382856350043e-03 9.396848781795863470e-03 1.158624345350919328e-02 1.011438264029161475e-02 1.010797055925793594e-02 1.158058315727299517e-02 8.829607288694812581e-03 9.092170099743350845e-03 8.592357370412400525e-03 1.102523199454170065e-02 9.394481349417433888e-03 9.092570386454985540e-03 9.727928767338901023e-03 1.054834616436488293e-02 1.103142250451168496e-02 9.392695938249769061e-03 1.103144145662758938e-02 1.053038104382375377e-02 1.103520139196636704e-02 1.053942709946092439e-02 8.829598366976483190e-03 9.389491180588566480e-03 8.829324325085968067e-03 8.209380072898850647e-03 1.010653465013739566e-02 8.832340389822739349e-03
1.115012925513533815e-02 1.051699499492249855e-02 1.005134896647312884e-02 1.051062002895324088e-02 1.051672683841981676e-02 9.400240280881520111e-03 1.082802900463563159e-02 1.079748069507227050e-02 1.005125370775724822e-02 0.000000000000000000e+00 1.026757423671369532e-02 1.007723325467525279e-02 9.885238209596632769e-03 9.687594856354739617e-03 9.686931366729604337e-03 1.051442846806918512e-02 1.054101981380748364e-02 1.083227279508901415e-02 1.079345099105430764e-02 1.005284781525759424e-02 1.054009224284595606e-02 9.686189768968988742e-03 9.167563108615862932e-03 1.112061835350016542e-02 1.246802930098693876e-02 9.687353710885370645e-03 1.004348041748674009e-02 1.051056936571126595e-02 1.079960386874271629e-02 1.053893300055697146e-02 1.082931936334067223e-02 1.196213655459039960e-02 1.083973901868516901e-02 1.008123369684903528e-02 1.113085440584366155e-02 1.155008599030127141e-02 1.116464614255462118e-02 1.155104868050413694e-02 1.055459626066718518e-02 1.031236053377658848e-02 1.116420419081241670e-02 1.117718051288214658e-02 9.889452627077403857e-03 1.008019391534603799e-02 1.055333012980873113e-02 1.083969755349817148e-02 1.084262472119115750e-02 1.116391467784832482e-02 1.054602084528918036e-02 1.030931751705813255e-02 9.892522430325746338e-03 1.030164366583732373e-02 9.892287029593861691e-03 1.451467502770636096e-02 9.896337801969377901e-03 1.083583123299815265e-02 1.306315290059834218e-02 1.030742959675762412e-02 1.055898988868570441e-02 1.155859306165331682e-02 1.054997976415985445e-02 9.723226998276992064e-03 1.083523781618364080e-02 1.008717426556302553e-02 1.008253281281660911e-02 1.055045970273350321e-02 1.055474221400462195e-02 1.154766921116212250e-02 1.248603326829979439e-02 1.055859680683290426e-02 9.432943603063785598e-03 1.083998150025221666e-02 1.030158319765952547e-02 1.008606741170132992e-02 1.008498706613291003e-02 1.306953969044487643e-02 1.055695090064032171e-02 1.154284872984853716e-02 1.055797403258781908e-02 1.083985595303957675e-02 1.117408622926150015e-02 1.117210570037837150e-02 1.055145296437162185e-02 1.116496691686619941e-02 9.894840855075711858e-03 1.055902871591431549e-02 1.083694704186139932e-02 1.083610971189325270e-02 1.155055726121802066e-02 1.030736935585732476e-02 1.117397995828438989e-02 1.030596256472095934e-02 1.030809650495040537e-02 1.154356294976578191e-02 1.008616573309333714e-02 1.117370749255032665e-02 1.056075127564754662e-02 1.030566482131973875e-02 1.085285243473563949e-02 1.199617297616070201e-02 1.117038304465795516e-02 1.084713019577390400e-02 1.008975297257026782e-02 1.056537387285946643e-02 1.249356431293441663e-02 1.117930616867152983e-02 1.117374482992542634e-02 1.248845684864324096e-02 1.009057333382933422e-02 1.030957129587298758e-02 9.893695262938864352e-03 1.198470358023290445e-02 1.056338344088052564e-02 1.031000195239071930e-02 1.084645366590083169e-02 1.155949847920795769e-02 1.199025644735049467e-02 1.056188158056067632e-02 1.199028445591960972e-02 1.154363779176870164e-02 1.199366533725199947e-02 1.155157363880296613e-02 1.009068806027627573e-02 1.055919515892328291e-02 1.009052956525545268e-02 9.575655911193718325e-03 1.117249010362840640e-02 1.009295559685159313e-02
1.029791348430660405e-02 9.588820276510822554e-03 9.073757425890116579e-03 9.581699267633870740e-03 9.588755281520063359e-03 8.320646811810819207e-03 9.934654421253090797e-03 9.908847829103095348e-03 9.053675880939948337e-03 1.026757423671369532e-02 0.000000000000000000e+00 9.053961566530679267e-03 8.852557079799049794e-03 8.633991084070069197e-03 8.633399470313269167e-03 9.609017720471112536e-03 9.607608743643115956e-03 9.914721274406089468e-03 9.904499159859520355e-03 9.075467940351867810e-03 9.583495619902656151e-03 8.632394625982970152e-03 8.037604556012850621e-03 1.027327464699619511e-02 1.174369180503552663e-02 8.652058136583772735e-03 9.044717806155486844e-03 9.581794790737686515e-03 9.911182775578300519e-03 9.605322997685520475e-03 9.911634312127066276e-03 1.116313400872243761e-02 9.948042457437918096e-03 9.078903364036852025e-03 1.031159918559187288e-02 1.074336345919049349e-02 1.031441067267152047e-02 1.074443974667050293e-02 9.623038382847301161e-03 9.345361536664795882e-03 1.031376924998257845e-02 1.032836150078800946e-02 8.857809658967995964e-03 9.077748338023765295e-03 9.621786381489303916e-03 9.948033156458957124e-03 9.951170505380645820e-03 1.031363186803231809e-02 9.613181845209954265e-03 9.341860009500548359e-03 8.861354468135955453e-03 9.332713476106237194e-03 8.860973402940338500e-03 1.390544414630191100e-02 8.865810884300677833e-03 9.943590880404636762e-03 1.238007781196094788e-02 9.339726727034721940e-03 9.628221355864673842e-03 1.075278270621013790e-02 9.617487741842466881e-03 8.666182129463120484e-03 9.942766978527178140e-03 9.085976840206089547e-03 9.080190365984478970e-03 9.617995301282159654e-03 9.622911228329948316e-03 1.074053708557093020e-02 1.176282525715132039e-02 9.627481246579286736e-03 8.314531527621224494e-03 9.948030115716578747e-03 9.332377767441149899e-03 9.084098633319406119e-03 9.082946337438634055e-03 1.238640402932617533e-02 9.625713929464400562e-03 1.073515144513580676e-02 9.626838183114676609e-03 9.947917379899879481e-03 1.032459698199808193e-02 1.029575551965329627e-02 9.619134261789235793e-03 1.031449134046642270e-02 8.863526272149894678e-03 9.627844879515597490e-03 9.944468331702227895e-03 9.943623870723538802e-03 1.074359931073383921e-02 9.339058572817915405e-03 1.032475559623884792e-02 9.337477108810781842e-03 9.318662140332750754e-03 1.073594103328936143e-02 9.084284786962991062e-03 1.032428109694656128e-02 9.630010681905437978e-03 9.337287031049038011e-03 9.962771200595632592e-03 1.123281677005366457e-02 1.032063029676378793e-02 9.956210971825790040e-03 9.088594675939910134e-03 9.635373548945018810e-03 1.177120486022576948e-02 1.033070569355796359e-02 1.032440385220949677e-02 1.176556165608715759e-02 9.089603321455917359e-03 9.341822191762784097e-03 8.862373902638043949e-03 1.122031452189914749e-02 9.633091632544686644e-03 9.342417963636211187e-03 9.955445611985096546e-03 1.075375162029665668e-02 1.122650558695827139e-02 9.631307294109138495e-03 1.122639975216284738e-02 1.073613855204791530e-02 1.123008534069168743e-02 1.074497330629033826e-02 9.069436127532444838e-03 9.628219071876914503e-03 9.089470017091228274e-03 8.495953834803967805e-03 1.032300585748572273e-02 9.092303568800620683e-03
1.005516063749912169e-02 9.350809441391201224e-03 8.794042895337894281e-03 9.343448535020238907e-03 9.350960642229563108e-03 8.010400512044910798e-03 9.683027895963407933e-03 9.681656027505324696e-03 8.794277967546461003e-03 1.007723325467525279e-02 9.053961566530679267e-03 0.000000000000000000e+00 8.582312383302889355e-03 8.356157625028367078e-03 8.355537272727473971e-03 9.348005202851002865e-03 9.346520473427523401e-03 9.687751349417050503e-03 9.700724154788351386e-03 8.796100544440474747e-03 9.345278407466458409e-03 8.354170346465693980e-03 7.747557468626588457e-03 1.005741807868852471e-02 1.155840584185829217e-02 8.355672168506689257e-03 8.784806416714030508e-03 9.343451368739779175e-03 9.707865253604480715e-03 9.344211731070528604e-03 9.707947343711669994e-03 1.096844842251926480e-02 9.720580708383668930e-03 8.818687932078291686e-03 1.009521379504291216e-02 1.053803518888970191e-02 1.009797198795757411e-02 1.053913993144053526e-02 9.384543487222309771e-03 9.096208044334594747e-03 1.009731236791487283e-02 1.011231532612057692e-02 8.588020705407350616e-03 8.817493645046735676e-03 9.383148522063304922e-03 9.720574790303809429e-03 9.723809440807990728e-03 1.009720760351339938e-02 9.374216534856661884e-03 9.092565199878022489e-03 8.591614861134421605e-03 9.083015988891969886e-03 8.591263109548297541e-03 1.374780593576923823e-02 8.596371683011581541e-03 9.715983299163621911e-03 1.220479562496582654e-02 9.090310428481070820e-03 9.389817422998983018e-03 1.054768430464082286e-02 9.378682848032768304e-03 8.387784842394788165e-03 9.715131565879065942e-03 8.826125956672361758e-03 8.820117982757348304e-03 9.379471709059736609e-03 9.384571380242156743e-03 1.053527669137400112e-02 1.157830404205605415e-02 9.389180663771291846e-03 8.038364076007191092e-03 9.720702755346385601e-03 9.082934345103732890e-03 8.824389802180639814e-03 8.823147871201275985e-03 1.221151534470029526e-02 9.387263651586224070e-03 1.052981635033621403e-02 9.388439703011420071e-03 9.720537735292860901e-03 1.010871578800051976e-02 1.010645061566268869e-02 9.380653076017689621e-03 1.009818884761067015e-02 8.594217777464835048e-03 9.389693848092727294e-03 9.717160615599363879e-03 9.716146782630432840e-03 1.053855029736386860e-02 9.089892028281067182e-03 1.010874484126870858e-02 9.088260863298293010e-03 9.090819821166410894e-03 1.053062681081407513e-02 8.824509609527950160e-03 1.010826828744271731e-02 9.391405145687089367e-03 9.087826824517425059e-03 9.735483850072355894e-03 1.103803706753520714e-02 1.010443004987131473e-02 9.729065595064489286e-03 8.828967361763570554e-03 9.396901054772862499e-03 1.158628009613596119e-02 1.011471712664101068e-02 1.010830273649153226e-02 1.154472036906725903e-02 8.829544334483742721e-03 9.092220813770573312e-03 8.592419313905686612e-03 1.102544348523222528e-02 9.394537894873709535e-03 9.092950621513506276e-03 9.727984374380948401e-03 1.054866372374329425e-02 1.103147141048673417e-02 9.392750608165703619e-03 1.103174377040258038e-02 1.053069971261227054e-02 1.103550379589402115e-02 1.053943707024146761e-02 8.829569592206152825e-03 9.389858034391790689e-03 8.829769933132485676e-03 8.209446262357198917e-03 1.010659356602461138e-02 8.832390677250057109e-03
