0.000000000000000000e+00 1.253844150178657323e-02 1.434794702311645298e-02 1.597174666409434743e-02 1.383054114904586421e-02 1.503605562014880860e-02 1.109054273631692594e-02 1.407740953464075954e-02 1.477401442002006064e-02 1.556457421093678829e-02 1.380896294628817383e-02 2.307636152558271980e-02 1.688200429875093972e-02 1.703273191906961442e-02 1.408987662293360692e-02 1.956964496806562481e-02 1.840379468352051906e-02 1.528883769812395058e-02 2.167185238097031272e-02 1.868069648166414617e-02 1.708529145837368521e-02 2.186026163630027525e-02 1.501744603833173562e-02 1.534349910361921566e-02 1.572853915504094507e-02 2.050464619074327324e-02 1.887686778192114792e-02 1.623141768784724936e-02 2.363436663715106842e-02 1.372706036327464053e-02 1.820631926848506263e-02 2.490782437769075916e-02 2.351106368909696570e-02 2.678916149605195876e-02 2.520048482572259316e-02 1.996044589520989607e-02 2.699031246334048645e-02 2.733899019784540724e-02 2.934284516654510691e-02 2.953902837571963785e-02 2.947227143325462789e-02 2.900097596236795791e-02 2.094246485217677797e-02 3.002053084447628070e-02 2.386242585172271974e-02 2.943224242054371526e-02 2.952174346122365955e-02 3.239328010234150679e-02 2.726320574352249573e-02 2.697077699422620323e-02 2.368119605422156979e-02 4.546534450305864811e-02 2.745766694148025697e-02 4.037626401129447429e-02 4.573635812425502073e-02 4.602592698909399593e-02 2.399780810951364363e-02 3.998908539223974129e-02 4.067068637937993475e-02 3.597681327486688257e-02 2.983335255210149695e-02 3.267477197585190452e-02 3.642292319070972867e-02 4.024148646257467293e-02 2.984556619268960778e-02 3.560885035985864033e-02 2.959976366723307550e-02 3.241381546623234300e-02 3.594558804644366889e-02 3.584775476507138375e-02 2.989960024582097309e-02 4.571166234691006330e-02 4.086389003240904066e-02 4.576813807512104121e-02 2.736236402041580112e-02 4.020557483617860639e-02 3.631792537635352563e-02 4.028015895964103671e-02 3.299016291900353642e-02 4.676038957296234366e-02 3.626503559435461516e-02 3.635823489116150192e-02 3.609573511192919887e-02 4.076042297968286016e-02 4.626996994096500837e-02 4.642291106140224860e-02 3.553549862016671529e-02 3.628036456709708008e-02 4.653352047174802442e-02 3.579381300326088533e-02 4.661258582758814883e-02 4.053596575456822060e-02 3.567622908685420119e-02 4.045985292097361435e-02 4.061288901393941136e-02 4.071419374599699603e-02 3.342564847001491812e-02 4.651793979713643445e-02 3.664720875194020511e-02 3.255521110773459958e-02 4.020495666673325891e-02 4.041539608557850188e-02 4.559638783833003944e-02 4.071245993917243372e-02 4.720080519421784165e-02 4.069982618479933700e-02 4.124522306952401601e-02 4.091796733742886910e-02 4.580304361460513229e-02 3.662585418141964949e-02 4.683807350972655353e-02 4.024769585015560563e-02 4.583115616958027827e-02 4.733858499254189889e-02 4.086939505997661676e-02 4.685285152806976938e-02 4.543816236583814172e-02 4.669101935794475744e-02 4.695946083510332825e-02 4.723146985715714202e-02 3.667707277964834395e-02 4.544155359416708617e-02 4.697824206469081165e-02 4.525391424737842255e-02 4.068446220107451577e-02 4.596785500530777696e-02 4.639826261030488563e-02 4.736454668007638452e-02
1.253844150178657323e-02 0.000000000000000000e+00 1.344626168816965596e-02 1.484433717077184370e-02 1.258236772785531650e-02 1.378767214759525107e-02 9.907094237038116535e-03 1.278342698731036765e-02 1.367516092473309262e-02 1.451760380584774489e-02 1.234502690099249615e-02 2.241571737918312754e-02 1.605549878759735330e-02 1.621755850131408050e-02 1.293984601913736321e-02 1.878258084357545613e-02 1.740711462047456540e-02 1.459149128354821946e-02 2.110285436166160419e-02 1.784787877525047597e-02 1.634801776128608913e-02 2.111500459499135104e-02 1.401619410488406069e-02 1.410597676359498336e-02 1.469953044350893849e-02 1.965764516225036035e-02 1.798512152328029731e-02 1.506739829324220750e-02 2.294866031206474824e-02 1.258851107693772023e-02 1.738341715386894359e-02 2.423558599836430141e-02 2.273900999676748899e-02 2.614803265547708047e-02 2.426817214288680413e-02 1.923425660033982812e-02 2.636082608681667924e-02 2.668475354308149847e-02 2.855801031530614750e-02 2.892639630780701951e-02 2.887080597185057163e-02 2.858761873006821982e-02 2.007259125132934002e-02 2.939298607577922259e-02 2.317498832308249185e-02 2.909024025698666790e-02 2.868456800997502831e-02 3.149972962085039602e-02 2.660217769669957072e-02 2.617945786266656638e-02 2.283119929180477820e-02 4.415751722324096074e-02 2.683174301214878710e-02 3.925929320997058325e-02 4.442118904937508717e-02 4.550027187477712759e-02 2.331711590184441102e-02 3.888900298965240060e-02 3.955228002553252964e-02 3.542091493932932739e-02 2.924446391014826063e-02 3.204158446764547585e-02 3.583530995504847355e-02 3.969598664515857495e-02 2.932075726872737653e-02 3.545367634851007838e-02 2.923091319276899941e-02 3.186653637587671950e-02 3.540029142134226703e-02 3.487056206495085797e-02 2.930718359173986598e-02 4.518348622443982970e-02 4.029951667784673758e-02 4.444026637238389366e-02 2.673146993265471810e-02 4.023904243088099325e-02 3.575904355331385731e-02 3.973389576662038347e-02 3.240750650110503506e-02 4.623139658574867972e-02 3.574020362181746374e-02 3.578329041772795177e-02 3.553517074369970385e-02 4.022847869069480498e-02 4.574640381946942780e-02 4.591490191015751982e-02 3.534187858346034272e-02 3.571483079602325722e-02 4.601525010517391184e-02 3.566660017583890563e-02 4.524985067775475628e-02 3.999001640656652673e-02 3.512066737119455551e-02 3.990875896533042921e-02 4.006751274404210528e-02 3.961271805223548492e-02 3.287228361530898646e-02 4.596614319901622808e-02 3.610152398729463141e-02 3.231576548443953339e-02 4.024092370729923790e-02 3.931310262702365083e-02 4.589840186074172629e-02 4.016702000988464638e-02 4.670018777555209888e-02 4.015409937673112412e-02 4.069060320189508279e-02 4.035407052474849349e-02 4.448866854994145553e-02 3.604467220001719013e-02 4.631683978667223284e-02 4.027372161575688142e-02 4.530473789739795226e-02 4.685074157534783318e-02 3.977971773137813083e-02 4.631102539141346980e-02 4.573672460406028734e-02 4.615431909315453884e-02 4.643784524868711794e-02 4.672031516244012916e-02 3.615043370897876029e-02 4.572731767141764020e-02 4.645498022651774889e-02 4.554819782393013106e-02 3.956299846168050138e-02 4.544021904901110465e-02 4.671890435012774484e-02 4.684217717568990580e-02
1.434794702311645298e-02 1.344626168816965596e-02 0.000000000000000000e+00 1.651234255184744898e-02 1.460216921520388934e-02 1.571059553331655839e-02 1.244132408178684132e-02 1.478306696525979839e-02 1.548135466023739006e-02 1.626033413401346828e-02 1.460123328183779781e-02 2.378674390761288324e-02 1.744920973082975460e-02 1.748820707790538220e-02 1.483274837059449409e-02 2.008421523231842393e-02 1.893091756483919127e-02 1.620119766494551583e-02 2.236391686225960851e-02 1.922639483982637593e-02 1.780134030171146714e-02 2.247106974122460576e-02 1.573128911281923559e-02 1.608684783331210816e-02 1.637930005921278340e-02 2.103680143701336380e-02 1.934382218369042408e-02 1.693627756422627639e-02 2.412975541328602619e-02 1.471040089262892064e-02 1.878307458834543864e-02 2.523481782928940070e-02 2.399864144201907523e-02 2.725131097462646021e-02 2.567937058900903596e-02 2.054624243636961334e-02 2.728736555004621436e-02 2.770487978034129328e-02 2.963810055308250743e-02 2.977242714395818279e-02 2.994143881708855731e-02 2.969071213501885825e-02 2.144719309872582941e-02 3.025721505713855480e-02 2.435678372901536187e-02 3.016894868391746878e-02 3.005145916968132019e-02 3.285767291746891083e-02 2.773395058408380590e-02 2.725686867952788542e-02 2.415964493471858821e-02 4.588976950659787168e-02 2.794327367115743282e-02 4.080965779586057107e-02 4.616658378083965397e-02 4.646000798978003332e-02 2.443347771788383083e-02 4.043337198651585085e-02 4.111520821780192958e-02 3.644342604550399045e-02 3.032325141401556040e-02 3.282642722658576234e-02 3.687027644104792778e-02 4.068097072473383924e-02 3.040047996728182517e-02 3.648109814197930678e-02 3.031798151644843689e-02 3.293093153733581829e-02 3.641483762774823385e-02 3.629989654382329012e-02 3.038961321187547832e-02 4.613590339176108779e-02 4.126702386935034855e-02 4.619723870854404446e-02 2.785639083711399788e-02 4.118428417290859872e-02 3.677362392655523365e-02 4.071999899672584106e-02 3.344834827522394360e-02 4.719732266438919632e-02 3.675791099433400183e-02 3.680435393168002278e-02 3.701321152826950178e-02 4.121490548359744294e-02 4.669943237766359390e-02 4.686713171264069583e-02 3.639628918914480232e-02 3.668782655786540642e-02 4.697063501107096722e-02 3.664276926533940187e-02 4.703797240294453619e-02 4.097464557230614396e-02 3.655188138971761369e-02 4.089911216015397477e-02 4.105874900225627011e-02 4.059805174330002181e-02 3.394452257603861045e-02 4.691432462506168327e-02 3.709692146981048017e-02 3.337883463174399351e-02 4.122296540084613437e-02 4.086501705607489127e-02 4.687295544863597646e-02 4.114885488074976339e-02 4.678675838832690309e-02 4.113761792135788714e-02 4.168427612075060323e-02 4.135989550867207737e-02 4.624647088591245236e-02 3.707311910472565336e-02 4.726821826971523699e-02 4.068441942263045785e-02 4.625456835981619358e-02 4.780124525350629150e-02 4.134650050647505071e-02 4.728288909424815251e-02 4.669002952247749277e-02 4.710588113486736950e-02 4.737847020135459164e-02 4.765393957579822093e-02 3.716103902139783477e-02 4.668136097379348148e-02 4.740312233910831674e-02 4.569372584613890648e-02 4.112873797931192871e-02 4.639413215432992843e-02 4.768608698442077659e-02 4.779077454360548122e-02
1.597174666409434743e-02 1.484433717077184370e-02 1.651234255184744898e-02 0.000000000000000000e+00 1.584238769166044017e-02 1.699103879756167293e-02 1.405865596757004642e-02 1.615500666256510301e-02 1.677086108343664103e-02 1.748474384539818946e-02 1.592054163993342208e-02 2.447407161934776407e-02 1.846454118973572464e-02 1.875902929416022741e-02 1.623346968924004735e-02 2.090750400477815046e-02 1.987046497852594171e-02 1.745660404933902302e-02 2.321311328937585364e-02 2.016125639072031961e-02 1.877058152962747875e-02 2.331708030697020664e-02 1.697264052589095989e-02 1.733591593370518297e-02 1.754184433209464086e-02 2.184651633740102364e-02 2.039537262050442404e-02 1.798041682388814427e-02 2.487315473981697653e-02 1.605642944892229571e-02 1.982376184171404446e-02 2.612995556475666142e-02 2.478234974115314446e-02 2.817071050199757010e-02 2.644113381728780549e-02 2.139249875664722342e-02 2.801743715604263982e-02 2.861270773314740501e-02 3.032718776639390865e-02 3.069725052356682415e-02 3.063744974522582265e-02 3.038670842011715473e-02 2.233995781540411979e-02 3.118261519540106372e-02 2.510370081450960175e-02 3.085177889095636061e-02 3.073840708496433649e-02 3.351371728502812453e-02 2.845347678820906584e-02 2.819934112056108472e-02 2.496786214504995854e-02 4.568911642390671712e-02 2.865371706443790856e-02 4.141342179748944141e-02 4.673638386162504849e-02 4.702598456677699323e-02 2.519145664015814273e-02 4.102902728023050810e-02 4.170973472333968507e-02 3.706839362729272280e-02 3.100789688855585743e-02 3.379690863503470588e-02 3.749554836140154418e-02 4.072017079067739853e-02 3.108871342514601607e-02 3.710616947866916815e-02 3.100902188559751319e-02 3.358917842831710132e-02 3.703970522484972827e-02 3.692057162792856256e-02 3.105110584530574452e-02 4.670863618897041353e-02 4.189675025985771517e-02 4.675891240899093804e-02 2.856331608424772170e-02 4.181261798937625784e-02 3.739698221891269575e-02 4.075742127247990870e-02 3.410628655880595245e-02 4.775667715439737421e-02 3.695914472714762616e-02 3.743003350246316974e-02 3.763785389734616849e-02 4.180521795772560584e-02 4.726341594557410125e-02 4.742935695500551802e-02 3.702166147140946439e-02 3.735786761930341010e-02 4.752591687830078765e-02 3.730342402875726215e-02 4.762026075913196321e-02 4.156802856356590220e-02 3.717531129084319930e-02 4.093018995575520291e-02 4.165897566256444168e-02 4.119031024163614246e-02 3.458806622558180388e-02 4.749087093506425966e-02 3.773544669275175761e-02 3.402984936779748087e-02 4.181719716264405140e-02 4.145491877571483991e-02 4.743816519142145249e-02 4.174236440529650871e-02 4.820447570922367642e-02 4.173342484024325505e-02 4.227380066889536991e-02 4.195211400736690438e-02 4.681176637028198334e-02 3.766496977884438435e-02 4.780446996843396718e-02 4.186048005772283892e-02 4.682939984275360373e-02 4.835806425201117503e-02 4.193983597155501175e-02 4.784044187489645827e-02 4.725617169151583030e-02 4.768130267679900058e-02 4.791889693561841163e-02 4.822277533619699630e-02 3.735135717185976423e-02 4.723339116729550341e-02 4.797086994374310381e-02 4.706604303913064502e-02 4.172273696050120967e-02 4.696473906444242202e-02 4.823607986196348091e-02 4.835992844909546562e-02
1.383054114904586421e-02 1.258236772785531650e-02 1.460216921520388934e-02 1.584238769166044017e-02 0.000000000000000000e+00 1.507810719940106021e-02 1.156821308631611131e-02 1.398489500578097532e-02 1.486518359426147046e-02 1.564968717461974468e-02 1.390090310189975864e-02 2.326233577641711667e-02 1.688136970197666106e-02 1.715884765315879579e-02 1.411012090549612109e-02 1.953810917825926988e-02 1.835176816067122726e-02 1.559586259107932117e-02 2.183672143194448009e-02 1.867428395689760615e-02 1.719677840036090699e-02 2.182125471914147380e-02 1.508502565884636305e-02 1.530469374410208493e-02 1.579321165874670793e-02 2.057098230095891558e-02 1.892567259933987389e-02 1.637149340570763500e-02 2.372183817101610262e-02 1.403373224863315762e-02 1.820733233465188228e-02 2.499657141591447862e-02 2.354239588771304958e-02 2.707486495573813504e-02 2.532927786475298870e-02 2.011722006243314362e-02 2.710922192128539798e-02 2.734240518564193950e-02 2.952411746435734674e-02 2.965529174232259951e-02 2.957782143108032835e-02 2.934005821494531721e-02 2.098437257520199828e-02 3.016315644848949901e-02 2.395527288467956192e-02 2.985198757129183325e-02 2.970629460522650200e-02 3.222093047628313972e-02 2.719409521975716879e-02 2.690201165568710528e-02 2.376426650277979613e-02 4.483069452387428849e-02 2.737939429835498442e-02 4.051897094058432014e-02 4.588010251439832154e-02 4.616367231840703966e-02 2.400060653528824500e-02 4.013051752464644184e-02 4.081381909123929508e-02 3.613755675467991701e-02 2.998228143560300110e-02 3.281461918742305250e-02 3.651914877363642009e-02 4.037907663273101327e-02 2.981560901079798390e-02 3.616979358647864906e-02 2.998108388590261728e-02 3.229366369008183218e-02 3.610479491602480023e-02 3.596586896826928920e-02 3.003595124899143681e-02 4.585594974583022398e-02 4.100320496004620369e-02 4.591229768369727710e-02 2.749231471305074379e-02 4.092356847142770288e-02 3.646452438758976400e-02 4.042286425819283796e-02 3.280634407092850036e-02 4.689800718644342864e-02 3.644600987271115478e-02 3.649179023841134240e-02 3.670190250878308663e-02 4.090667708797369323e-02 4.559770620579640943e-02 4.657335845666857321e-02 3.567110146065513576e-02 3.642415158322930696e-02 4.668892509814663583e-02 3.638412678184511223e-02 4.676489030755447140e-02 4.065888597533608151e-02 3.624129787486381898e-02 4.060153713952274063e-02 4.076343793149860006e-02 4.087843701169811134e-02 3.361951422479325657e-02 4.666256959084489481e-02 3.680679684864981288e-02 3.305492131206274470e-02 4.092217923067561353e-02 4.056542337673324505e-02 4.658712204916427152e-02 4.085734088054124302e-02 4.736222356109660164e-02 4.084383143801443433e-02 4.079221871713727132e-02 4.105382239096880964e-02 4.594416439076832309e-02 3.676785524131806482e-02 4.697415228376941587e-02 4.096625135432926945e-02 4.597531100850939939e-02 4.749882444436948070e-02 4.104471446438188315e-02 4.697457296310490749e-02 4.638855233812128054e-02 4.682568808256993426e-02 4.709723857773401995e-02 4.737879922788963000e-02 3.685095777595943922e-02 4.640126575638017087e-02 4.712393408542185635e-02 4.621818061439953579e-02 4.082992019427687802e-02 4.610979889951533767e-02 4.739914081820588432e-02 4.752915754459554470e-02
1.503605562014880860e-02 1.378767214759525107e-02 1.571059553331655839e-02 1.699103879756167293e-02 1.507810719940106021e-02 0.000000000000000000e+00 1.279920551360901396e-02 1.525588785253723968e-02 1.589962605889678679e-02 1.672938703853106904e-02 1.501653205180285104e-02 2.396192997036614494e-02 1.777587127869566241e-02 1.800221413252760597e-02 1.527047295158732478e-02 2.032563448721168980e-02 1.926455368642601348e-02 1.654217622654593350e-02 2.259734564821043457e-02 1.954169299824416034e-02 1.816332722151199272e-02 2.274880220499138697e-02 1.611907971182332394e-02 1.627764806783640189e-02 1.679322311185127078e-02 2.131118678155730084e-02 1.985376163630147434e-02 1.717209652842300108e-02 2.439060352892067490e-02 1.512566822795570476e-02 1.906420170926424046e-02 2.563667789050920118e-02 2.425624298241317589e-02 2.767722097793625172e-02 2.573271625986059755e-02 2.089319223701656403e-02 2.770409872494625572e-02 2.812585397029331372e-02 3.008159540444823796e-02 3.017541539674693449e-02 2.992128409980423370e-02 2.968628934168316899e-02 2.168863364500632149e-02 3.071297912493907781e-02 2.459580745361405335e-02 3.040347619525373898e-02 2.999459039644006980e-02 3.306590591703732068e-02 2.794881032656809650e-02 2.770610163518798241e-02 2.443020042348981527e-02 4.607316193750504718e-02 2.817986783956230243e-02 4.097926005418491002e-02 4.635054849843937147e-02 4.664090293616175026e-02 2.478379342447321540e-02 4.062269559352564563e-02 4.129853928608472752e-02 3.623118019256827554e-02 3.054598009315498755e-02 3.335266770456777469e-02 3.707129214304232673e-02 4.086929382560920698e-02 3.062615434097177083e-02 3.666750584602704310e-02 3.054489810389543480e-02 3.314236205687743492e-02 3.661806500861734120e-02 3.609294840997113313e-02 3.059810263078008297e-02 4.631985561646803640e-02 4.091068947117511290e-02 4.558089996819939677e-02 2.807418579361059541e-02 4.140851071666162841e-02 3.653385461386250699e-02 4.091068050389391059e-02 3.365867937834456786e-02 4.737640584576590513e-02 3.695662976004380346e-02 3.699501995153799128e-02 3.721613773925214891e-02 4.140015542114144909e-02 4.688133335734261803e-02 4.704472222453093266e-02 3.659504385186427428e-02 3.693060390269818638e-02 4.714978976371594216e-02 3.689354670499037786e-02 4.722956000756324546e-02 4.116354226621744133e-02 3.675033661976481042e-02 4.108392875513926928e-02 4.124139747074759277e-02 4.136352373101138263e-02 3.412940778717566542e-02 4.712501050695337701e-02 3.687048985516476474e-02 3.357895035139845524e-02 4.141302643946013357e-02 4.105313842639325000e-02 4.704428391001541643e-02 4.134103517054076027e-02 4.780498759537345210e-02 4.132759719310528934e-02 4.185482018585971048e-02 4.154766450039248937e-02 4.642780459937079218e-02 3.727512463279163135e-02 4.744634418554766891e-02 4.143847593001616370e-02 4.565029974015356179e-02 4.797792107163026398e-02 4.153971605845883236e-02 4.746139728975477118e-02 4.686827390158123524e-02 4.727725554559471938e-02 4.756643776769121229e-02 4.784706812499760209e-02 3.736042690329471200e-02 4.686586594666738992e-02 4.758523022630498783e-02 4.668237099745149027e-02 4.073742702687019324e-02 4.657642626100014227e-02 4.787093895322880321e-02 4.795303619800701106e-02
1.109054273631692594e-02 9.907094237038116535e-03 1.244132408178684132e-02 1.405865596757004642e-02 1.156821308631611131e-02 1.279920551360901396e-02 0.000000000000000000e+00 1.189551957290785160e-02 1.271379769250904034e-02 1.366881562010811325e-02 1.139959581025344441e-02 2.169245003628163942e-02 1.505596527939253616e-02 1.534774564514092797e-02 1.184999674438357714e-02 1.794170022324470190e-02 1.669430287931398388e-02 1.329491486143957388e-02 2.041068713056604783e-02 1.705802152050272039e-02 1.534635727115964132e-02 2.043921482425134148e-02 1.282836758255222719e-02 1.333783452266547667e-02 1.378657789349725660e-02 1.894414704053747761e-02 1.729754632532298081e-02 1.442952682900485416e-02 2.218929750027671260e-02 1.155138780962350689e-02 1.647140901247440281e-02 2.351528226229514240e-02 2.198432490514089926e-02 2.569463511969691250e-02 2.376808722202366705e-02 1.841323485978852564e-02 2.553682974724236915e-02 2.613653557619595794e-02 2.819277225595371444e-02 2.828116802479908529e-02 2.802435101157271444e-02 2.801237317629036092e-02 1.941654212877453808e-02 2.882962706920894763e-02 2.258722218052231293e-02 2.846056080146500480e-02 2.808317887997913848e-02 3.122911083407261396e-02 2.581849488392916683e-02 2.573364231902815907e-02 2.230633627902789753e-02 4.442043334429254114e-02 2.620680005327203493e-02 3.929716671277223156e-02 4.469220985671767260e-02 4.499510795235797667e-02 2.268447749481663014e-02 3.836162147394595739e-02 3.960183322087106744e-02 3.486577835566453953e-02 2.860757371404670096e-02 3.121044941579716875e-02 3.529756412722558079e-02 3.916374621576428072e-02 2.868499615032624878e-02 3.446377988132757336e-02 2.864513661852152032e-02 3.126433039126570029e-02 3.443722810544644353e-02 3.472897739681762852e-02 2.847632745686517683e-02 4.388280730206304409e-02 3.978930644834560715e-02 4.472331176026747568e-02 2.611503151794998187e-02 3.970615864900087222e-02 3.478553562492341100e-02 3.920511456397685751e-02 3.179889191897131151e-02 4.573977164732393602e-02 3.519232268825180782e-02 3.524628910584926000e-02 3.542081495716542516e-02 3.970251084673007136e-02 4.523565701724925614e-02 4.456878332320816927e-02 3.441793086957597309e-02 3.517229508554777645e-02 4.550197867521289796e-02 3.513162048592047976e-02 4.558127065293212515e-02 3.946315858725320952e-02 3.495839779110308798e-02 3.937481185416346480e-02 3.897538707082588705e-02 3.966222413866122426e-02 3.234047810889889574e-02 4.547511460581517978e-02 3.552441755366241710e-02 3.172038144545923782e-02 3.970170507418779859e-02 3.935083718023849042e-02 4.457861868146677231e-02 3.964148295269879357e-02 4.619285568065496783e-02 3.962678617406815290e-02 4.016948555268782389e-02 3.984986749413008122e-02 4.476430326617122923e-02 3.550807402689525050e-02 4.581284474806244372e-02 3.975242413129124325e-02 4.399701445931024357e-02 4.632787013248160224e-02 3.983687068378669038e-02 4.582574248161153108e-02 4.441085728312937908e-02 4.565535922707104899e-02 4.593203253526786239e-02 4.620744432667267532e-02 3.560339219454862481e-02 4.522817400688231709e-02 4.595214584037772554e-02 4.503642641712466560e-02 3.961139198921407450e-02 4.493295820768587745e-02 4.623425363990653347e-02 4.634572187292897161e-02
1.407740953464075954e-02 1.278342698731036765e-02 1.478306696525979839e-02 1.615500666256510301e-02 1.398489500578097532e-02 1.525588785253723968e-02 1.189551957290785160e-02 0.000000000000000000e+00 1.525547137252485433e-02 1.571698408843090131e-02 1.413950282536501242e-02 2.340270100374595291e-02 1.708206716238218348e-02 1.730706368009782628e-02 1.439599648693567352e-02 1.969979730106961521e-02 1.843775364111291046e-02 1.580513868181499318e-02 2.208103554657331324e-02 1.896854838402156282e-02 1.743960457435115782e-02 2.217809224201046023e-02 1.531947566941701568e-02 1.531296921701051986e-02 1.586635204837416602e-02 2.062056122137993081e-02 1.920461055512497420e-02 1.656404543489682635e-02 2.386575829714650959e-02 1.424881600599300566e-02 1.844355318234613961e-02 2.513590906734379515e-02 2.369165853416675682e-02 2.702157203205329469e-02 2.546282353775803503e-02 2.028157492869811507e-02 2.723483732803317833e-02 2.765885731041243037e-02 2.964825892894686413e-02 2.954819642069294108e-02 2.969940349063356078e-02 2.946993205653905198e-02 2.115165229644682884e-02 3.028453393757294526e-02 2.416075254368172179e-02 2.997184183442637775e-02 2.982806556818120777e-02 3.233947479004913722e-02 2.750579103717033791e-02 2.723052441733911713e-02 2.367988883329188651e-02 4.570986010812805311e-02 2.771120847957803460e-02 4.062634109804104388e-02 4.598577138138991438e-02 4.627133769898519183e-02 2.426964766345510865e-02 4.023965441607000454e-02 4.091857708597876342e-02 3.624847561514819155e-02 3.009942543950197905e-02 3.287936604295099013e-02 3.667371788610342132e-02 4.048767080187934408e-02 2.993593976864307796e-02 3.628119946740011176e-02 3.010121172486025787e-02 3.272055617128296484e-02 3.621787381049965115e-02 3.566843803181786454e-02 3.016452181752448530e-02 4.595720732565145017e-02 4.111314595416806078e-02 4.601238006665184233e-02 2.762015974304820806e-02 4.103194024557696440e-02 3.657538419520137141e-02 4.052647118964138040e-02 3.324094075629115824e-02 4.700456314686756593e-02 3.655812201783836812e-02 3.659753431451598371e-02 3.681723014791900284e-02 4.102054289342856735e-02 4.651466242870128803e-02 4.668557798165856587e-02 3.615816087274851404e-02 3.653115262265627800e-02 4.678744151879317414e-02 3.649395964551792326e-02 4.687204153999899314e-02 4.076507244228132903e-02 3.635037923091109097e-02 4.070667862442110124e-02 4.087179751725476817e-02 4.094685043515276096e-02 3.373748586866612970e-02 4.593174327950586000e-02 3.691692190679402713e-02 3.317199873885073175e-02 4.102424338753190430e-02 4.067269531549692202e-02 4.669033206747309761e-02 4.096035956288578833e-02 4.746489475585741191e-02 4.094998767441294929e-02 4.088681916873460054e-02 4.116382650508230295e-02 4.526644228463681113e-02 3.687286630018651173e-02 4.708601337920096525e-02 4.107553793744436049e-02 4.606916246647540375e-02 4.761988816931202878e-02 4.115838288084419649e-02 4.708052586918988480e-02 4.649936446498722370e-02 4.692751714001921343e-02 4.720723280320063969e-02 4.747209602806994749e-02 3.696577470545769906e-02 4.650507956231687140e-02 4.722034278855265221e-02 4.631954033278087857e-02 4.093853500791762301e-02 4.620913309054885260e-02 4.750645434302557674e-02 4.763120942573498967e-02
1.477401442002006064e-02 1.367516092473309262e-02 1.548135466023739006e-02 1.677086108343664103e-02 1.486518359426147046e-02 1.589962605889678679e-02 1.271379769250904034e-02 1.525547137252485433e-02 0.000000000000000000e+00 1.663728875560886375e-02 1.478068995638035302e-02 2.387916139647038374e-02 1.776761799503268069e-02 1.803476137650929234e-02 1.517461518902249798e-02 2.030055594244385350e-02 1.925841270985001810e-02 1.660316464242580364e-02 2.249725905317958782e-02 1.946616718687050468e-02 1.804841092365032026e-02 2.270148671279898292e-02 1.612908062865553785e-02 1.645260867034706656e-02 1.678145688739939023e-02 2.130614047240511275e-02 1.959669037211674708e-02 1.725680033754129969e-02 2.433003479063335431e-02 1.485168465148235806e-02 1.897743064759430456e-02 2.542786537865571184e-02 2.420635816033570031e-02 2.759258158022777699e-02 2.589207893691580081e-02 2.084736422455820554e-02 2.763493534378978767e-02 2.805062241935871864e-02 2.999746504765396851e-02 3.009134008528787860e-02 3.007563942108331528e-02 2.983703505100426465e-02 2.161967833422801313e-02 3.055454017410410769e-02 2.455040565719724538e-02 3.033217878493456310e-02 3.015000807662043120e-02 3.297547236164080631e-02 2.790278544854130072e-02 2.743490943034013543e-02 2.437704428132122028e-02 4.519800726538721752e-02 2.802616430523111046e-02 4.034508396626209498e-02 4.624989895870684764e-02 4.653555178048063984e-02 2.459128723034479866e-02 3.996469766449999017e-02 4.120365773977632817e-02 3.614190788631903989e-02 3.045997269664676640e-02 3.326178979160707150e-02 3.653037480718264451e-02 4.017976219170214108e-02 3.052256323069455976e-02 3.657407264823046844e-02 3.046106614064846355e-02 3.304946273850423860e-02 3.651976506834606756e-02 3.640233057319297583e-02 3.052848064405584011e-02 4.621741733929163320e-02 4.137334775685293925e-02 4.627552910988260576e-02 2.801249484003390591e-02 4.130769158815852243e-02 3.683221646200363075e-02 4.081020555968582070e-02 3.356835306539959068e-02 4.727019441814344497e-02 3.681724451656701730e-02 3.691159820006254672e-02 3.711832372639608385e-02 4.130295152449878215e-02 4.676393854155390384e-02 4.694687359870580029e-02 3.649841300849335224e-02 3.642056811221138640e-02 4.705217315634650788e-02 3.634698788308723949e-02 4.713454880306976874e-02 4.105427480865865564e-02 3.665272627825819085e-02 4.099052140144284623e-02 4.115319178417519569e-02 4.125054878438444428e-02 3.405500134049990052e-02 4.702678936367354900e-02 3.721417029546668365e-02 3.348633820704818159e-02 4.131268101806753051e-02 4.095242272443825465e-02 4.695110020383215510e-02 4.124165217637792286e-02 4.770727027798130071e-02 4.123056701369313959e-02 4.177180780288894391e-02 4.144926373443868356e-02 4.632586251120276305e-02 3.717884570251864251e-02 4.734250328634099364e-02 4.131164785943513412e-02 4.554793080044401005e-02 4.788002678735552714e-02 4.144093999417378105e-02 4.735750519262413999e-02 4.676898764384451040e-02 4.719755439251344803e-02 4.660130607288288235e-02 4.773345993675091881e-02 3.721870353259427305e-02 4.676326476023173057e-02 4.748997584742083861e-02 4.576268731820977431e-02 4.117634804847773028e-02 4.647528707721006874e-02 4.776964384533067404e-02 4.702339867696667813e-02
1.556457421093678829e-02 1.451760380584774489e-02 1.626033413401346828e-02 1.748474384539818946e-02 1.564968717461974468e-02 1.672938703853106904e-02 1.366881562010811325e-02 1.571698408843090131e-02 1.663728875560886375e-02 0.000000000000000000e+00 1.554187626864267716e-02 2.440765197697200226e-02 1.834048465526582836e-02 1.858138422684907712e-02 1.595452469956229469e-02 2.078648239921276897e-02 1.961211097967700823e-02 1.716319224360832174e-02 2.290583511833612501e-02 2.008234270291479884e-02 1.861758830019471372e-02 2.301339615535339875e-02 1.674455615488446361e-02 1.694332674512721501e-02 1.716989354923527042e-02 2.174114885077618048e-02 2.027618066125074642e-02 1.769145596669500706e-02 2.461330329395211916e-02 1.573915235279783886e-02 1.963903820411354306e-02 2.582237506605009753e-02 2.461003492586641417e-02 2.798299941422009718e-02 2.622043669657887072e-02 2.119686470475636020e-02 2.800179082876910058e-02 2.842481843079439421e-02 3.037243471361817868e-02 3.050773359686995492e-02 3.045204281855033723e-02 3.019926215921867052e-02 2.202671229964267216e-02 3.099823075970624744e-02 2.503841842310473853e-02 3.066872159946384610e-02 3.054979767604186491e-02 3.296340424471148889e-02 2.827827399682381060e-02 2.798124439195027666e-02 2.468739208639034524e-02 4.628291552791524016e-02 2.840756568292471251e-02 4.122802380633353719e-02 4.655151971887262763e-02 4.604290222889656503e-02 2.494242873543580166e-02 4.084614855806144307e-02 4.148889574441694955e-02 3.688608412163488226e-02 3.057834573105102857e-02 3.360778727360007323e-02 3.730609203204940383e-02 4.109254538693078024e-02 3.089882075989553237e-02 3.691893018956458189e-02 3.073370308841573070e-02 3.339963528096142470e-02 3.644690111456285603e-02 3.673559251084214383e-02 3.085500878827956636e-02 4.651705666935707778e-02 4.171315813734215172e-02 4.658329504187901787e-02 2.831165855368858106e-02 4.162519149387852724e-02 3.720843316799308381e-02 4.112760844076495531e-02 3.389532431030516796e-02 4.673458418863436770e-02 3.719105636607866056e-02 3.724302906948327024e-02 3.745041874059410608e-02 4.104629297785909042e-02 4.708391610441604175e-02 4.724894064949877737e-02 3.679487173913125603e-02 3.717198318341153468e-02 4.735779158008741885e-02 3.713507545920937541e-02 4.743971780628192941e-02 4.138569448568148179e-02 3.698638566157041313e-02 4.074628670658201474e-02 4.147471009506880496e-02 4.158349112930399133e-02 3.437990883574251061e-02 4.733205220471708996e-02 3.752756294874882298e-02 3.384180351991233904e-02 4.162279957727801905e-02 4.127481830017394604e-02 4.725622049914528916e-02 4.156014373324685984e-02 4.803297290422665206e-02 4.154326385239034969e-02 4.205385485290983466e-02 4.176748643498454094e-02 4.584137826990008352e-02 3.748139773950536630e-02 4.764465899122214548e-02 4.109768991398937699e-02 4.665311685322533902e-02 4.818414701168217962e-02 4.175699885017953444e-02 4.682836760784304941e-02 4.707619613320664781e-02 4.749364634449395467e-02 4.777127091716295432e-02 4.805113973139284872e-02 3.758855134258694969e-02 4.707468993854880407e-02 4.779111318375040690e-02 4.688946961501808813e-02 4.153677147899233896e-02 4.678221677700238057e-02 4.807530445587779311e-02 4.817419607948217330e-02
1.380896294628817383e-02 1.234502690099249615e-02 1.460123328183779781e-02 1.592054163993342208e-02 1.390090310189975864e-02 1.501653205180285104e-02 1.139959581025344441e-02 1.413950282536501242e-02 1.478068995638035302e-02 1.554187626864267716e-02 0.000000000000000000e+00 2.332368450194014300e-02 1.689689672946221091e-02 1.716248639851117308e-02 1.421785044246008656e-02 1.948858324651510376e-02 1.845675760510193802e-02 1.554899437583745665e-02 2.176680887813459836e-02 1.880743119630631788e-02 1.708498958683244556e-02 2.191847194181184566e-02 1.492017668582532042e-02 1.528405971073135139e-02 1.575947174016499933e-02 2.056077020771462580e-02 1.882703606043231379e-02 1.606885132425957263e-02 2.350638183871564882e-02 1.353675231582495038e-02 1.815655041540456885e-02 2.471694400795115473e-02 2.345767806508556805e-02 2.698690118180272282e-02 2.517676555164203439e-02 2.001101361380352994e-02 2.701828293251799448e-02 2.736909410923046848e-02 2.940068190086542882e-02 2.931913642379368676e-02 2.949822145590212316e-02 2.924330115363038204e-02 2.098158751850834683e-02 2.998926034539237118e-02 2.393846602649565142e-02 2.974125194458570112e-02 2.955999765254806524e-02 3.240433446108603038e-02 2.728642738811083018e-02 2.701829293570522789e-02 2.358571916384015824e-02 4.546778851394388254e-02 2.715774606229827762e-02 4.038095487168339576e-02 4.495203454279987632e-02 4.522117789795564863e-02 2.404593401325415963e-02 3.999721210977449232e-02 4.067990108782321146e-02 3.559463259761271037e-02 2.954974656724707049e-02 3.264507545473616101e-02 3.641132859880485961e-02 3.964838741211723638e-02 2.994966731997844925e-02 3.602509765276595138e-02 2.986754373154861322e-02 3.248148304863850838e-02 3.597258824991886317e-02 3.585347586590197783e-02 2.993860895419890242e-02 4.491198258977537744e-02 4.086758744776820135e-02 4.577027654187456468e-02 2.740059822866338160e-02 4.078035507509398389e-02 3.632941660704008119e-02 3.972110797329794080e-02 3.297920660800067461e-02 4.677091115936958532e-02 3.627113187782025211e-02 3.636257813097713149e-02 3.653500753066346585e-02 4.077469590899108348e-02 4.627447541847645035e-02 4.643189985953388721e-02 3.594430358748226806e-02 3.629090774803770542e-02 4.654420674978219929e-02 3.625564250508008651e-02 4.579794039127620814e-02 3.997037736900656973e-02 3.610648177292383881e-02 4.046217884111079355e-02 4.062860781752193617e-02 4.073581004065104233e-02 3.345377565760808414e-02 4.652000674261837915e-02 3.667265719206544428e-02 3.291934167659808091e-02 4.078812235434005340e-02 4.041058059702474364e-02 4.644552765046373877e-02 4.071418334182264065e-02 4.722363867162223533e-02 4.009006273537635279e-02 4.122971839355028117e-02 4.034077103828715566e-02 4.581802145625411132e-02 3.663020167554049272e-02 4.680553830910071100e-02 4.082872549174931115e-02 4.583169000401448451e-02 4.735388011719490059e-02 4.091639765411107799e-02 4.685467749621684969e-02 4.626192926265661892e-02 4.669343757561632280e-02 4.608945974680268148e-02 4.723696391041949660e-02 3.671384183777821192e-02 4.625995438457627257e-02 4.697856640320859783e-02 4.607543715925717376e-02 4.011882596498454745e-02 4.514933558400598124e-02 4.726659502561150750e-02 4.736867579812047147e-02
2.307636152558271980e-02 2.241571737918312754e-02 2.378674390761288324e-02 2.447407161934776407e-02 2.326233577641711667e-02 2.396192997036614494e-02 2.169245003628163942e-02 2.340270100374595291e-02 2.387916139647038374e-02 2.440765197697200226e-02 2.332368450194014300e-02 0.000000000000000000e+00 2.517213588101014851e-02 2.529492597106435328e-02 2.351366938512568575e-02 2.683456093211671056e-02 2.607832484288537603e-02 2.424641789103873513e-02 2.842572392594300626e-02 2.630521559773355694e-02 2.534101034353868423e-02 2.845725562540720247e-02 2.394729843837746855e-02 2.425364854247801308e-02 2.442602553872690388e-02 2.748394701651865960e-02 2.645201762795392278e-02 2.479286142529221401e-02 2.975138941498865763e-02 2.338146835864556364e-02 2.591334987947873508e-02 3.073522386064372544e-02 2.947401205427777060e-02 3.241904848022256896e-02 3.099929772251492494e-02 2.717102590278853980e-02 3.244590032852313899e-02 3.267445781835592866e-02 3.450101649718868846e-02 3.455990868770428270e-02 3.457014691861361178e-02 3.434594453509311890e-02 2.773400473185489573e-02 3.506013120085108015e-02 2.999322044471207718e-02 3.478612694734335015e-02 3.465738605502637765e-02 3.715967941915323397e-02 3.267590991615192814e-02 3.244335005700047653e-02 2.978493262006387185e-02 4.942549331437071092e-02 3.284878169578525631e-02 4.456906242791586897e-02 4.968787940553062027e-02 4.997372051058999315e-02 3.006615599041088591e-02 4.364380780074469252e-02 4.485311598886553008e-02 4.045999389175190114e-02 3.490215432087225705e-02 3.742094050689463020e-02 4.083676969913061644e-02 4.444142321343466651e-02 3.497127605849723736e-02 4.049000917169443686e-02 3.490135874412054334e-02 3.722826639942063837e-02 4.043049021794443282e-02 4.031927289604119585e-02 3.495949234338777134e-02 4.966444936358317686e-02 4.503128742317076549e-02 4.971853516546801549e-02 3.276549306355960173e-02 4.495487323029308951e-02 4.076481042372918917e-02 4.447723172496275551e-02 3.770155650541109904e-02 5.068477812609994970e-02 4.069415958015691615e-02 4.079510109220824132e-02 4.099116367842550734e-02 4.494587138516411423e-02 5.020466040471655012e-02 5.036419512979951191e-02 4.041085381032352708e-02 4.072996770658732224e-02 5.046753568461284645e-02 4.069510547221143887e-02 5.054683446646734274e-02 4.471909314307599692e-02 4.055364725326607300e-02 4.464689215809352490e-02 4.480015337658907471e-02 4.490734963253135287e-02 3.809127472587910124e-02 5.044203550666174346e-02 4.108321735263930491e-02 3.763861392512795473e-02 4.495685682769511027e-02 4.461486739988863859e-02 5.037035021298529036e-02 4.488936552643473660e-02 5.112218073231133281e-02 4.487533767811298369e-02 4.538955055525987353e-02 4.508569923679798391e-02 4.976588561083543361e-02 4.102323599709140067e-02 5.075361162417989236e-02 4.499756433953850526e-02 4.898629909917662922e-02 5.126749016799629632e-02 4.444027566373536658e-02 5.076935180933518643e-02 5.019222520254256609e-02 5.060722476729966057e-02 5.086978441653099148e-02 5.114073908693234083e-02 4.112755948630893166e-02 5.019110357671061756e-02 5.089155481937977787e-02 5.001431105064320370e-02 4.486528548756135021e-02 4.991259802977719706e-02 5.027531046538284004e-02 5.128022018584519476e-02
