0.000000000000000000e+00 8.386330752983308517e-03 8.835383849230243891e-03 8.064275025374960035e-03 8.567393379631174991e-03 8.998695221700027391e-03 8.292265059638604871e-03 8.561588651886603910e-03 7.977786535437120588e-03 9.259419478275058082e-03 9.060797501831065193e-03 8.435478629298344064e-03 8.197790229432070502e-03 8.288805011483624599e-03 1.109794297856307385e-02 8.516426179972164459e-03 9.267183324250343607e-03 8.703943523770995769e-03 8.970682801150283922e-03 8.430762032162860548e-03 8.717002120998743747e-03 8.799308917007158184e-03 8.559083414554323477e-03 8.546612796980646715e-03 8.301922440801880881e-03 8.276849576097072142e-03 8.803083697146640504e-03 8.562223407451573232e-03 8.295734506056208143e-03 9.481388920472889198e-03 8.814313153152458433e-03 8.188037624643994955e-03 8.571824881793746118e-03 9.419071474317905479e-03 8.418665432952282188e-03 8.437930173005266099e-03 9.406231511399899131e-03 9.186327364016177652e-03 1.014301124493641182e-02 8.449864550289809886e-03 8.693130470700765125e-03 9.036832997084269167e-03 1.152142825939880821e-02 9.007395589817409828e-03 9.399915000673924464e-03 8.448372636931687080e-03 8.706516686960629955e-03 9.002763178167913147e-03 8.865425423792648238e-03 8.299661069201855895e-03 9.024989779716503790e-03 8.699260408640970346e-03 9.432147261246458594e-03 8.416888330265281243e-03 8.428936616509494217e-03 8.720950627798741694e-03 8.591526397254715605e-03 8.697042531010248240e-03 8.846077071721546170e-03 8.109031594725655059e-03 8.115303287732293647e-03 8.442093419977328428e-03 8.542425844598043605e-03 8.859559397307361847e-03 8.729795275860584639e-03 8.728330382611882571e-03 8.708594698095439152e-03 8.570384144067426727e-03 9.220517637059234481e-03 8.707740715767816816e-03 9.662041510657503815e-03 8.335430047449797139e-03 8.870822336114470019e-03 8.879941510788968984e-03 9.028095328844496642e-03 8.573297970631103826e-03 9.433490087477111596e-03 8.722318636839540909e-03 9.237391396096861218e-03 9.040125348652736439e-03 8.570590826236410345e-03 8.869835543889086071e-03 9.428996699696750444e-03 8.115143271467293098e-03 8.864354611817037641e-03 8.726727882907668946e-03 8.583372595305071434e-03 8.866063492636881357e-03 8.717191632152091960e-03 8.717355887920929039e-03 9.240737505546518446e-03 9.655936413052146686e-03 8.572955524947190042e-03 8.713462556302628906e-03 9.213767978069211870e-03 8.715664734388063953e-03 9.410043754306443575e-03 8.872671151176245510e-03 9.199060380805120299e-03 8.705722004522806548e-03 8.316822179674682874e-03 9.896810430314081919e-03 8.857282894947004701e-03 9.223701562947290294e-03 8.702516872824746924e-03 8.576301641992746874e-03 8.571214175532327131e-03 9.234356369811789686e-03 8.863248251339071737e-03 8.023757492589902313e-03 8.565553446313762045e-03 8.570276316849097242e-03 9.203370917394822215e-03 8.565800262088857711e-03 9.428271141336803593e-03 9.030302946857851273e-03 8.567726552906515178e-03 8.575367323934653813e-03 8.324300396724451656e-03 8.872938465802723135e-03 9.660831754032908961e-03 8.715300547969697872e-03 8.705965028332261421e-03 9.403083851714027011e-03 8.212976269828125425e-03 9.424557860180107771e-03 9.034518190533460599e-03 8.569868209955576813e-03
8.386330752983308517e-03 0.000000000000000000e+00 7.905512785463959455e-03 7.028148570700310481e-03 7.718278467197435544e-03 8.095466414869079141e-03 7.478207256616639133e-03 7.714551560895507171e-03 7.031604797414508015e-03 8.507937930731894471e-03 8.380388140612947401e-03 7.569324052384977103e-03 7.290007243581212749e-03 7.392923243896716221e-03 1.047920339949056680e-02 7.626436871380281625e-03 8.521306668557106570e-03 7.965753835324402427e-03 8.066033936937964943e-03 7.560234051002845054e-03 7.888764612331474954e-03 7.869866966512636952e-03 7.711543979714663953e-03 7.699902526927850967e-03 7.411695369354173377e-03 7.345833892802464300e-03 7.872262659027200529e-03 7.715858123184392292e-03 7.407557504719446302e-03 8.761451651572275262e-03 7.888268692425752515e-03 7.281053931264710316e-03 7.694502355048909309e-03 8.659247191755736414e-03 7.516008550723285789e-03 7.540274560577191892e-03 8.644853747407242953e-03 8.397602724098247179e-03 9.457748483483451388e-03 7.553156251024370667e-03 7.833909047731695344e-03 8.228076050862058455e-03 1.093097959011569455e-02 8.194235324258038189e-03 8.637774366708287840e-03 7.551450629060830685e-03 7.849473075551619689e-03 8.188959979530840982e-03 8.033719878338027240e-03 7.377494072744273344e-03 8.212653327679623333e-03 7.842221199374714569e-03 8.674014543345083192e-03 7.515172913401640432e-03 7.528336922218091878e-03 7.867771555667459060e-03 7.637338049588235887e-03 7.839621282124642834e-03 8.011017366459807429e-03 7.156475675125340864e-03 7.165134333440751659e-03 7.544006001104031599e-03 7.660758005024554708e-03 8.025400580992679556e-03 7.878211371021631368e-03 7.876638265352575025e-03 7.853625104822029024e-03 7.694199025536290620e-03 8.437765374146758562e-03 7.851706620142119911e-03 8.931464165330737018e-03 7.421613452165597147e-03 8.040085395893169576e-03 8.050624758173125992e-03 8.219597657926578163e-03 7.697492462066241395e-03 8.677074124045155989e-03 7.869674980215223339e-03 8.456890310357399396e-03 8.233379533756289906e-03 7.694182006510422341e-03 8.038986483181527476e-03 8.672047371655685830e-03 7.165078720709718539e-03 8.032580824285909596e-03 7.874756798051572859e-03 7.709318280501620789e-03 8.034509014879310032e-03 7.863593426222025007e-03 7.863833921091830173e-03 8.460686967494229077e-03 8.924675071333593515e-03 7.696920500025013906e-03 7.859190905037980596e-03 8.430098942066848594e-03 7.861899513840258855e-03 8.650814440846841397e-03 8.042306961366828960e-03 8.413593833035458783e-03 7.850262019820059001e-03 7.399779294194222361e-03 9.190310309356292465e-03 8.024561786109520728e-03 8.439805318727781891e-03 7.846611384935073263e-03 7.701131944419024704e-03 7.695111818783960909e-03 8.453481233141062548e-03 8.031446223886275215e-03 7.058778340647131090e-03 7.688353455013246032e-03 7.693915279684378911e-03 8.418379990722290804e-03 7.688772043178046176e-03 8.671262347412441590e-03 8.222292341583717010e-03 7.691197783638232741e-03 7.699807748431509828e-03 7.408723011303197832e-03 8.042562816032682027e-03 8.930094640376121454e-03 7.861304187131830379e-03 7.850647329524229612e-03 8.642999031626302439e-03 7.279112464317953786e-03 8.667048008189461375e-03 8.226991367625030582e-03 7.693527728136809012e-03
8.835383849230243891e-03 7.905512785463959455e-03 0.000000000000000000e+00 7.562220242612271992e-03 8.192259615566473141e-03 8.542362010202631667e-03 7.995500411876804367e-03 8.192874197789044854e-03 7.564376167870630850e-03 8.932375807603866805e-03 8.831117156421387435e-03 8.053872310427654183e-03 7.802330236229598932e-03 7.903418021855675851e-03 1.067428456972033604e-02 8.040964407431230518e-03 9.049562106299972875e-03 8.349171878110227610e-03 8.520394509996875171e-03 8.048040661228243395e-03 8.355311780596190799e-03 8.338408322312236207e-03 8.192081511321197551e-03 8.269755718393811614e-03 7.995221505346131532e-03 7.781754226297625705e-03 8.338023358039292621e-03 8.284790050877951367e-03 7.998508363313087607e-03 9.168460826115384238e-03 8.348907353330584438e-03 7.879491403237421504e-03 8.191735276973316146e-03 9.087438723418335418e-03 8.028562526245881445e-03 8.049354358731376086e-03 9.073957328825675572e-03 8.843468608209363244e-03 9.843875801030866832e-03 8.062142120818627244e-03 8.320219371762443972e-03 8.684610467436426964e-03 1.126455759201919204e-02 8.653262360248986998e-03 9.067279984532316053e-03 8.060522797750666393e-03 8.334492742949613925e-03 8.648344382990048179e-03 8.503228069858228405e-03 7.901977841131833588e-03 8.670163603988780693e-03 8.326742514614094218e-03 9.101280263131020232e-03 8.026632937284455468e-03 8.040957758038707812e-03 8.350042081135433669e-03 8.211398555812182698e-03 8.324372071603226841e-03 8.482459375305444194e-03 7.699695599762790971e-03 7.706459204377261347e-03 8.053780372470092930e-03 8.160096303226088699e-03 8.496779792778545379e-03 8.358000609089231286e-03 8.357716134938845964e-03 8.336648128144538705e-03 8.190972634639550470e-03 8.878398239636060146e-03 8.334796683463168224e-03 9.342316545244182951e-03 7.940145540488045828e-03 8.508733284498259247e-03 8.518431114880388108e-03 8.675176467778435499e-03 8.193018382454952953e-03 9.102580031777092115e-03 8.351338698349470083e-03 8.896234144566831856e-03 8.687956108470217334e-03 8.190069085132777038e-03 8.507708958016679118e-03 9.097894525207620917e-03 7.705984992932747232e-03 8.501847686650248689e-03 8.355979456392270688e-03 8.203787379465983520e-03 8.502400671550240999e-03 8.345831825655484690e-03 8.346011071824045377e-03 8.899792364431950015e-03 9.335900925163041070e-03 8.192598127125114843e-03 8.341830379969543408e-03 8.871258580281152911e-03 8.344218330886056870e-03 9.077964442304442202e-03 8.510753198407513750e-03 8.855709650735852159e-03 8.333528564563654276e-03 7.920294233380755292e-03 9.587608095724528198e-03 8.494397027398221597e-03 8.876388253727841501e-03 8.330133424510237708e-03 8.196292008895367937e-03 8.190751063085961389e-03 8.893061315436882192e-03 8.500737468599372376e-03 7.608856395114176399e-03 8.184664099642175936e-03 8.189711570636921956e-03 8.860328729245026125e-03 8.184995597822304278e-03 9.097147315363268358e-03 8.677557771552003515e-03 8.187150132450672635e-03 8.195212366807643617e-03 7.928424412890194145e-03 8.510933710040812644e-03 9.340986013805629290e-03 8.343693753848040531e-03 8.333900154082654610e-03 9.070635839903031308e-03 7.809950720655193905e-03 9.093146875171381413e-03 8.681952669078542295e-03 8.189314020813073108e-03
8.064275025374960035e-03 7.028148570700310481e-03 7.562220242612271992e-03 0.000000000000000000e+00 7.361768515048662011e-03 7.762327430734809221e-03 7.029989092463882414e-03 7.439476023596573902e-03 6.623329807159535239e-03 8.201792361417688595e-03 7.972151675848290764e-03 7.202502270946275348e-03 6.901289733877411653e-03 7.022338698403572319e-03 1.008224203061723959e-02 7.187863770613326687e-03 8.210308269271058071e-03 7.539494481601282175e-03 7.734559940803856920e-03 7.192829510164779755e-03 7.547833093077197311e-03 7.527711074921792159e-03 7.361818238436173591e-03 7.346797527714599846e-03 7.030834507679975878e-03 6.885103263578948654e-03 7.528784291706471649e-03 7.364159584676731839e-03 7.106222870808229057e-03 8.561865963001622989e-03 7.540033900311004372e-03 6.892600069852535677e-03 7.334385644907980006e-03 8.350033921827086647e-03 7.143689940663854911e-03 7.168520392395730766e-03 8.335035463391765251e-03 8.076427278343791330e-03 9.177711378675328796e-03 7.183721715422698197e-03 7.482291353011186544e-03 7.898667421492217705e-03 1.068706195184735731e-02 7.863006477452692475e-03 8.327624897969367751e-03 7.181885445841393149e-03 7.498904304795800391e-03 7.857404749465852350e-03 7.692589090125208189e-03 6.995310238337528776e-03 7.882399935499046287e-03 7.489809358050836426e-03 8.365470032103599143e-03 7.141433428912276338e-03 7.156973555052092463e-03 7.517114064167912391e-03 7.357310452112070590e-03 7.487042601501868455e-03 7.668492372882294329e-03 6.758235289833497070e-03 6.766279867720103279e-03 7.173878928128113279e-03 7.296836308825079345e-03 7.685052239341631092e-03 7.525803008135760475e-03 7.525274492201979894e-03 7.499498410363973112e-03 7.330017423309425142e-03 8.115151154976463221e-03 7.422265003997213090e-03 8.631200012418290685e-03 7.038778982805941539e-03 7.698226728492431163e-03 7.708041090828491107e-03 7.886139227521276468e-03 7.333522501418673380e-03 8.365190580941385054e-03 7.517893310834329081e-03 8.135137768562162447e-03 7.900653473203693780e-03 7.330034020057869457e-03 7.695777557112450790e-03 8.361271969224738643e-03 6.763104984521795503e-03 7.688998546529323373e-03 7.521959429012068862e-03 7.346181995043767239e-03 7.691105540719988046e-03 7.510175475945376003e-03 7.510322735500713116e-03 8.140424825167930784e-03 8.622866361578478828e-03 7.332996821284606774e-03 7.505412934927851651e-03 8.107108439169650321e-03 7.509646346773079899e-03 8.339534323316057096e-03 7.701104787838706014e-03 8.091504886253736428e-03 7.497774575121425762e-03 7.017316647119728468e-03 8.899828049307521860e-03 7.682345907074588330e-03 8.115061831888339267e-03 7.493879089811692103e-03 7.339395001951133993e-03 7.332890258173737491e-03 8.133346443535893408e-03 7.689622288013944415e-03 6.650617407852652853e-03 7.325681339299665307e-03 7.331567628190590463e-03 8.096583553631537394e-03 7.326196473676872996e-03 8.360858062707955674e-03 7.890797558840683540e-03 7.328774441728000237e-03 7.337961659108559881e-03 7.027048112342112324e-03 7.701301401112384433e-03 8.630099598278938994e-03 7.509415232874327648e-03 7.498240630582136620e-03 8.331382823063429935e-03 6.887846736117021924e-03 8.356383273027999728e-03 7.895648460928406456e-03 7.331201745965034398e-03
8.567393379631174991e-03 7.718278467197435544e-03 8.192259615566473141e-03 7.361768515048662011e-03 0.000000000000000000e+00 8.372875700537234234e-03 7.718934695025755910e-03 8.014472688592885752e-03 7.364326050865392659e-03 8.875697269241459089e-03 8.659097544952991735e-03 7.871516167410963841e-03 7.607984131917060536e-03 7.709810523936914788e-03 1.054544901824156118e-02 7.941527181934405349e-03 8.782804491985327436e-03 8.170276456736428813e-03 8.350113116356132348e-03 7.863610275294894564e-03 8.266441928548933296e-03 8.254942320533691091e-03 8.011285886483523674e-03 7.999203262594114724e-03 7.802117837439599343e-03 7.593760775287439029e-03 8.165656987839791173e-03 8.102592977911269798e-03 7.724143538497009291e-03 9.122809343287546779e-03 8.171076941458084442e-03 7.599127073803829159e-03 8.005264869544389400e-03 8.926327522823240823e-03 7.836652964494211435e-03 7.858274158643915874e-03 8.912496921298338620e-03 8.675015970903320744e-03 9.698708165911163609e-03 7.871541369999152105e-03 8.137675974474713192e-03 8.512967771922546473e-03 1.113956383102583311e-02 8.480676862237586378e-03 8.905668818921417054e-03 7.869897731719310841e-03 8.152435088982326258e-03 8.475610864188699509e-03 8.326361849904853965e-03 7.705863032891400836e-03 8.498114162398987675e-03 8.144401134897444675e-03 8.940537628427983399e-03 7.834671700182292003e-03 7.849503744009365264e-03 8.168564632540309747e-03 8.025654636373421094e-03 8.141950779697383275e-03 8.304863903580820411e-03 7.497101908553588205e-03 7.504087742114919427e-03 7.862899964879762477e-03 7.972444137065968356e-03 8.319670829707869614e-03 8.178040490464364570e-03 8.176524028101688629e-03 8.154748716748051393e-03 8.004483752234389099e-03 8.712056356702007481e-03 8.152845594793714859e-03 9.187151896349330868e-03 7.745530618626061438e-03 8.332046184335452355e-03 8.342035189719097452e-03 8.503307071771871312e-03 8.006600715578420305e-03 8.941916782215463683e-03 8.169902115537400547e-03 8.730359075219301310e-03 8.516447848884761002e-03 8.003541632956032506e-03 8.331000737076351206e-03 8.937078157085782959e-03 7.503564755530991830e-03 8.324937493671316635e-03 8.174729136272687949e-03 8.017751795556837466e-03 8.326795101593896173e-03 8.165604229985346657e-03 8.164407626881342236e-03 8.734031310712086008e-03 9.180628032758701706e-03 8.006155964578711218e-03 8.160024557881458140e-03 8.704738128670761604e-03 8.162556710165906615e-03 8.916625223674997866e-03 8.334086673734584713e-03 8.688720980189537646e-03 8.151446527660441074e-03 7.724911203808269844e-03 9.437562485998638936e-03 8.317221569913752985e-03 8.709979826198798250e-03 8.147950899329617011e-03 8.009946692437512270e-03 8.004205596924293328e-03 8.727067732288882121e-03 8.323760758872172927e-03 7.403158784881758506e-03 7.997884661624883595e-03 8.003109575266087808e-03 8.693449161388594124e-03 7.998215978614510099e-03 8.936284195329633612e-03 8.505688222003449442e-03 8.000498989625163052e-03 8.008784836300871998e-03 7.733357326108664109e-03 8.334267673075842695e-03 9.185761620996683516e-03 8.161928009393647904e-03 8.151842608198140577e-03 8.909112642080887004e-03 7.610944664590258389e-03 8.932181922627123113e-03 8.510219582533293595e-03 8.002717130098155676e-03
8.998695221700027391e-03 8.095466414869079141e-03 8.542362010202631667e-03 7.762327430734809221e-03 8.372875700537234234e-03 0.000000000000000000e+00 8.093835118333524148e-03 8.371402327996600376e-03 7.765462941024463966e-03 9.199617927128228567e-03 8.888550052118308203e-03 8.330079557523179315e-03 7.988721256409677188e-03 8.179673747340833467e-03 1.080183683411758966e-02 8.225564279495270123e-03 9.100465051962582097e-03 8.619461447720671438e-03 8.786980473077680986e-03 8.321096694162664897e-03 8.529150379925534708e-03 8.608842629624462173e-03 8.463610557508931265e-03 8.453160165237264337e-03 8.102531479165125602e-03 7.979127428938284985e-03 8.515051850242981099e-03 8.374592333341666917e-03 8.102015151270989396e-03 9.319673512691847850e-03 8.619341791958562080e-03 7.986577104709425071e-03 8.374443710796621726e-03 9.243700524131988339e-03 8.213406865112240010e-03 8.235131089927592851e-03 9.230515810367928911e-03 9.006391611463578431e-03 9.986409333497311275e-03 8.247419504855644026e-03 8.496606650883389150e-03 8.852557381259106364e-03 1.138717948439541515e-02 8.820375314811073134e-03 9.223980120732878235e-03 8.244276073306411323e-03 8.510398949962224083e-03 8.815571129291186608e-03 8.676044800452030123e-03 8.090648999888471263e-03 8.736570702419481013e-03 8.502921528648706498e-03 9.258950485201871902e-03 8.211625209973266379e-03 8.225779879372698694e-03 8.525448917294306192e-03 8.390797359305283629e-03 8.500613867964116124e-03 8.654298100812972058e-03 7.894182474228246538e-03 7.902277346300208213e-03 8.237725655300037753e-03 8.341132456930617708e-03 8.668173448525735153e-03 8.535392255144944387e-03 8.535099921083430866e-03 8.514684454426725210e-03 8.372206209019825845e-03 9.041818355092316739e-03 8.512900066876719768e-03 9.494945121872528856e-03 8.129747456802272759e-03 8.681888404726745626e-03 8.691339586011823451e-03 8.843859403281063847e-03 8.375197390724911650e-03 9.260578683782277540e-03 8.528912124678359255e-03 9.059202774538796521e-03 8.856281304715316050e-03 8.372322361136028818e-03 8.680913558129534080e-03 9.255992579631076855e-03 7.902543390435017370e-03 8.675239977967224084e-03 8.533431030036340778e-03 8.385620153073610958e-03 8.675778049336838743e-03 8.523580738992883599e-03 8.523757839885117912e-03 9.062656551833674773e-03 9.488657160013316133e-03 8.374788681692429265e-03 8.519728141409025832e-03 9.034867934176998155e-03 8.522029089126255397e-03 9.236559839452238713e-03 8.683922536017112809e-03 9.019724024448852462e-03 8.511697390179338851e-03 8.110588041979829507e-03 9.735229353298928065e-03 8.668022641128276390e-03 9.039904020239306406e-03 8.508418333313675502e-03 8.378382301991796344e-03 8.373020081982545867e-03 9.056133592127684623e-03 8.674196777122286997e-03 7.808321962386123929e-03 8.367143207289188048e-03 8.372050834191541169e-03 9.024249544145108992e-03 8.368583565581169323e-03 9.255313601027661055e-03 8.847352618672933364e-03 8.369502955484425105e-03 8.377321753977269581e-03 8.118434933866946340e-03 8.684103226368021858e-03 9.493671128296458928e-03 8.521555101287091663e-03 8.512068967653749901e-03 9.229422183641523142e-03 8.003475781449494869e-03 9.251380937146091651e-03 8.850475981682055099e-03 8.371630652457806229e-03
8.292265059638604871e-03 7.478207256616639133e-03 7.995500411876804367e-03 7.029989092463882414e-03 7.718934695025755910e-03 8.093835118333524148e-03 0.000000000000000000e+00 7.711952591446970609e-03 7.031402753429917378e-03 8.607878666438219945e-03 8.284666541264662856e-03 7.567865013745149992e-03 7.288501685663120212e-03 7.473391635304715321e-03 1.048042801495220958e-02 7.547795439385650632e-03 8.520300610719622192e-03 7.880013183790291961e-03 8.067406276983928037e-03 7.557924856167960899e-03 7.886997985604549122e-03 7.871726995477801650e-03 7.791932680953738387e-03 7.695769295929771013e-03 7.411099743997724525e-03 7.274517501271207144e-03 7.875350471085781207e-03 7.712588666165023574e-03 7.405553455990612939e-03 8.761080406076496296e-03 7.889566091077951371e-03 7.281359180926184893e-03 7.699109109609504620e-03 8.662213233011308369e-03 7.519578180596469923e-03 7.542679731505602669e-03 8.647837870530887192e-03 8.400573799467597746e-03 9.460523284515342038e-03 7.556825798657238087e-03 7.837274245648616008e-03 8.231296162140548309e-03 1.093363036908279878e-02 8.197410934643413472e-03 8.640748008462355995e-03 7.555102204254321961e-03 7.852896286257061292e-03 8.192079405647399032e-03 8.035782944531276104e-03 7.381138462993740330e-03 8.215741017873942273e-03 7.844337777349417312e-03 8.677046121066159592e-03 7.517470868082611057e-03 7.531820142295040169e-03 7.869995379646568812e-03 7.720702674546401668e-03 7.841744373497237797e-03 8.013044777012716738e-03 7.160391251277611023e-03 7.167794566621885598e-03 7.547629433186332434e-03 7.662994800809781563e-03 8.028684796862688156e-03 7.878545424701731067e-03 7.878169182810241741e-03 7.855169450413763965e-03 7.695778594672708986e-03 8.439104519811318345e-03 7.853288958081168156e-03 8.932685465736500685e-03 7.423378091175200644e-03 8.041564327170264148e-03 8.052110901064965173e-03 8.221008828258522666e-03 7.699117846589061988e-03 8.678342775357001174e-03 7.871229802379357821e-03 8.458241015560972673e-03 8.234801952391831992e-03 7.695798814708754675e-03 8.040477589904670985e-03 8.673335144709550665e-03 7.166908174972484898e-03 8.034078109168585682e-03 7.876289342707664190e-03 7.710934821005819770e-03 8.034780274471456027e-03 7.865133348384593590e-03 7.865391422508475477e-03 8.462034680386790533e-03 8.925879851886312638e-03 7.698570320523530526e-03 7.860774641317772385e-03 8.431440883861671468e-03 7.863459829264639322e-03 8.652148006437506908e-03 8.043882670941089608e-03 8.415028246625941635e-03 7.851966093563240642e-03 7.401657695711062399e-03 9.191523471635340212e-03 8.026124489015590974e-03 8.442542604327871528e-03 7.848295726948397236e-03 7.702832831479355588e-03 7.696837745200043809e-03 8.454890266235441307e-03 8.033028846166925807e-03 7.060791721085092967e-03 7.690125250855212383e-03 7.695662992576816561e-03 8.419802069209557024e-03 7.691621280176972816e-03 8.672623825139951989e-03 8.224945902209766097e-03 7.692881762697359634e-03 7.701524077723026322e-03 7.410565772145308663e-03 8.044164682888672174e-03 8.931394291959465770e-03 7.862949147772576447e-03 7.852303075507051713e-03 8.644349993863861825e-03 7.281019830853931347e-03 8.668401293368543925e-03 8.228504779365299060e-03 7.695253287238484723e-03
8.561588651886603910e-03 7.714551560895507171e-03 8.192874197789044854e-03 7.439476023596573902e-03 8.014472688592885752e-03 8.371402327996600376e-03 7.711952591446970609e-03 0.000000000000000000e+00 7.361924457099073595e-03 8.871928527093626837e-03 8.557717945416393884e-03 7.869217958955660938e-03 7.687431213162531675e-03 7.710386445667838200e-03 1.069448757358056577e-02 7.853376388653238518e-03 8.880470920645151811e-03 8.167016014099600860e-03 8.344812811313146936e-03 7.944492284488935060e-03 8.174239778536211004e-03 8.158761596579531053e-03 8.003822562836744939e-03 8.078889637478735286e-03 7.722569509986395436e-03 7.592977091210988301e-03 8.251233635842755362e-03 8.008522050961754471e-03 7.718543552667303867e-03 9.009337325211794201e-03 8.175622564663486552e-03 7.600800998469320682e-03 8.001527709327582380e-03 8.923295840677976376e-03 7.832652707150535021e-03 7.854330062952235084e-03 8.909454584738693908e-03 8.671804924320826446e-03 9.696160004119363379e-03 7.867620549727800255e-03 8.133955033660928216e-03 8.509612854742606286e-03 1.113755139323977655e-02 8.477270884135338150e-03 8.902620907779925860e-03 7.865978285578922521e-03 8.148752239074193160e-03 8.472197901512360310e-03 8.322844851142563796e-03 7.701747988864940560e-03 8.494759410110800518e-03 8.140684801848470029e-03 8.937544909306609567e-03 7.830687789152463232e-03 7.844173797057499287e-03 8.164908108681838070e-03 8.021972346855109348e-03 8.138229114144208270e-03 8.301294277594311113e-03 7.492869815149573801e-03 7.499859163305560260e-03 7.858966053184566342e-03 7.968561517639921252e-03 8.316141252351480842e-03 8.173124262641740315e-03 8.172780591374729717e-03 8.150989959968874335e-03 7.999561577516786648e-03 8.708823298283024233e-03 8.150041645770895321e-03 9.184297340715491531e-03 7.741526265721110356e-03 8.328460901461760477e-03 8.338507855650175923e-03 8.499871076608510323e-03 8.002741141573949460e-03 8.938862308749271485e-03 8.166190645534660703e-03 8.727176738301386724e-03 8.513044025326531664e-03 7.999640475890265265e-03 8.327428097671420865e-03 8.934029248215215324e-03 7.499256853015190752e-03 8.321357030432336918e-03 8.171011278030925265e-03 8.013905394135873231e-03 8.321980969515902979e-03 8.160440815338175155e-03 8.160680157660152312e-03 8.730804634673527270e-03 9.177731568435916129e-03 8.002258956412759694e-03 8.156331755147128160e-03 8.701477546814632633e-03 8.158829968014964448e-03 8.913640142351094905e-03 8.330644960099185814e-03 8.686735064932447556e-03 8.147916545928893944e-03 7.721031672853610230e-03 9.434920929697557940e-03 8.313759120606953670e-03 8.712168813069371548e-03 8.144435608189734901e-03 8.006218540380607290e-03 8.000566470135313246e-03 8.723962284348346988e-03 8.320276826671267612e-03 7.399024769822032215e-03 7.994232050509917850e-03 7.999463842027314253e-03 8.690292013550215272e-03 7.994615902528199800e-03 8.933318501176108414e-03 8.502532512961518893e-03 7.997775181834735139e-03 8.005020748468195252e-03 7.729387134047639198e-03 8.330919141109109638e-03 9.183029735928747300e-03 8.158396953825974851e-03 8.148236159604124729e-03 8.906121647921720966e-03 7.606956603315051350e-03 8.929276691927036380e-03 8.507022367857559886e-03 7.999050255496685177e-03
7.977786535437120588e-03 7.031604797414508015e-03 7.564376167870630850e-03 6.623329807159535239e-03 7.364326050865392659e-03 7.765462941024463966e-03 7.031402753429917378e-03 7.361924457099073595e-03 0.000000000000000000e+00 8.202747875940271521e-03 7.971665830755342297e-03 7.198931144089246170e-03 6.970541875441256183e-03 7.025189175188810767e-03 1.008610169793766782e-02 7.191215267871293657e-03 8.307409583865114217e-03 7.543273298291443274e-03 7.740099664246081167e-03 7.192347206329194158e-03 7.629913481144710331e-03 7.531111998563375272e-03 7.362084022002501026e-03 7.347194997650868635e-03 7.033937819672345278e-03 6.886273244590990737e-03 7.533596623985998331e-03 7.365049954941688473e-03 7.037722647908696907e-03 8.461514081240083945e-03 7.545909259371009863e-03 6.897072118137091007e-03 7.338759317809561041e-03 8.353633935526827078e-03 7.148292894927181507e-03 7.173110565025195805e-03 8.338645081485336272e-03 8.080252198611770700e-03 9.180887912640078516e-03 7.188262833664606916e-03 7.486557134293091859e-03 7.902599125183365145e-03 1.068975564720479367e-02 7.866946000805733613e-03 8.331238303918866994e-03 7.186427312471955001e-03 7.503152050006890901e-03 7.861349421660491360e-03 7.696660535432772905e-03 7.000075122623242857e-03 7.886312688074664443e-03 7.494068540536230789e-03 8.369058790016196958e-03 7.146039257386764543e-03 7.161511178314355214e-03 7.521335709214070804e-03 7.361670120077747938e-03 7.491312491560333207e-03 7.672617479025306900e-03 6.763235352676942591e-03 6.771272549958021018e-03 7.178432344421937367e-03 7.301304687896903282e-03 7.689135457292150047e-03 7.530525152467676224e-03 7.530049169822647728e-03 7.505633318672805428e-03 7.336321474889287431e-03 8.120611026397803883e-03 7.503632102909473141e-03 8.634994187011298811e-03 7.045493572679458437e-03 7.702791717535044033e-03 7.713935885074655815e-03 7.891841170332480893e-03 7.339911799058956333e-03 8.370495285585586795e-03 7.522666597215476626e-03 8.140640221438670554e-03 7.906347972599174143e-03 7.336346051884769584e-03 7.701669722599530088e-03 8.365254925937403926e-03 6.770212057902128683e-03 7.694899880494415062e-03 7.528055657651720918e-03 7.352514536609357741e-03 7.695749810763268146e-03 7.517718883897047191e-03 7.516486037925721765e-03 8.144630690378169488e-03 8.627951126023093026e-03 7.339301082020012641e-03 7.511540623264464055e-03 8.112608728862498453e-03 7.514437135209118754e-03 8.343163278840642211e-03 7.705218381347292943e-03 8.096282288633778121e-03 7.502058579494887657e-03 7.022104342848545060e-03 8.903148784591126061e-03 7.686477735868384176e-03 8.118909528794545152e-03 7.498181486334727294e-03 7.343840242537431895e-03 7.337345787304406890e-03 8.137127253172051974e-03 7.693713509572670112e-03 6.655797294744063980e-03 7.330146577776637355e-03 7.336054415243478330e-03 8.100372816455253880e-03 7.330639885729597210e-03 8.364471806400203616e-03 7.894738361547819563e-03 7.334147478402421039e-03 7.342390019450485347e-03 7.031818122831730473e-03 7.705416077042586374e-03 8.633546742264644469e-03 7.513744300439485942e-03 7.502536810594195686e-03 8.335016161277106900e-03 6.892750399924791639e-03 8.360013680714172002e-03 7.899605734558393794e-03 7.335637552273246119e-03
9.259419478275058082e-03 8.507937930731894471e-03 8.932375807603866805e-03 8.201792361417688595e-03 8.875697269241459089e-03 9.199617927128228567e-03 8.607878666438219945e-03 8.871928527093626837e-03 8.202747875940271521e-03 0.000000000000000000e+00 9.366574238115593989e-03 8.647717357036514146e-03 8.412005570486017977e-03 8.502589121850446033e-03 1.124806948701282706e-02 8.733041757889505041e-03 9.455450037369909910e-03 8.908597431297286817e-03 9.063682376516033617e-03 8.740088610336220823e-03 9.022343796539190885e-03 8.901004192224977810e-03 8.868999380374855551e-03 8.859181715666153770e-03 8.518313358449266376e-03 8.404952215188225134e-03 8.906346893859194008e-03 8.767815911213306182e-03 8.514765225925410852e-03 9.664919698071237214e-03 9.023029983799866344e-03 8.411800527823297749e-03 8.785032935542124582e-03 9.606921907468190039e-03 8.636891501176222757e-03 8.655426549227573929e-03 9.594443990122438273e-03 9.380941332608354333e-03 1.031266675392614011e-02 8.666912810388470445e-03 8.902738483191546121e-03 9.235741859086701519e-03 1.166657779369311039e-02 9.207304535054805505e-03 9.588314840821026211e-03 8.665458723925632128e-03 8.915661823852387424e-03 9.202824187445005771e-03 9.069562431761407639e-03 8.521624820068169834e-03 9.224373216598562991e-03 8.908691732107149042e-03 9.619562531496164692e-03 8.635192203314620216e-03 8.646753665130797739e-03 8.929544252290406645e-03 8.803014022148242940e-03 8.906551070604933756e-03 9.050953595280328973e-03 8.336673112869461347e-03 8.342754517288129834e-03 8.659411586909472949e-03 8.756804014261860766e-03 9.063956476961518641e-03 8.938220278865026749e-03 8.936789679088397165e-03 8.917716626590653506e-03 8.783805926692565130e-03 9.414045985047655649e-03 8.915972665447418830e-03 9.843330465079158306e-03 8.556182317919916805e-03 9.074888815093747410e-03 9.083688683742664402e-03 9.227382025118482933e-03 8.786631954020423033e-03 9.620950605735860417e-03 8.930955949739947247e-03 9.430399318706820383e-03 9.239023426262106195e-03 8.784045582991598447e-03 9.073929059846103443e-03 9.616581797489308012e-03 8.342703671989061542e-03 9.068648545880414122e-03 8.935229489309092638e-03 8.796356325581336164e-03 9.070331445219237398e-03 8.927468508804929648e-03 8.926178661224273142e-03 9.433677003469987873e-03 9.837397207986131251e-03 8.786327486989606653e-03 8.922423094756869524e-03 9.407527769374236792e-03 8.924552496821220107e-03 9.598163625317745334e-03 9.076651514095411891e-03 9.393172472700203612e-03 8.914924605973959665e-03 8.538178507562556654e-03 1.007219910072422800e-02 9.061766525496145475e-03 9.417087470121118450e-03 8.911814013867497969e-03 8.789499369595523554e-03 8.784591567924290509e-03 9.427461225425867036e-03 9.067535841748871825e-03 8.254073975492673410e-03 8.779145972008534776e-03 8.783705492062785641e-03 9.397420539019306698e-03 8.779332606174770903e-03 9.615862926437417427e-03 9.229437310756623616e-03 8.781150283940169707e-03 8.788642481729915662e-03 8.545387125855820332e-03 9.076914378074266501e-03 9.842151026852201390e-03 8.924207550647713164e-03 8.915148835948271885e-03 9.591406211197023648e-03 8.437519658502210321e-03 9.612264564938291164e-03 9.233570584203154574e-03 8.783294423418555943e-03
9.060797501831065193e-03 8.380388140612947401e-03 8.831117156421387435e-03 7.972151675848290764e-03 8.659097544952991735e-03 8.888550052118308203e-03 8.284666541264662856e-03 8.557717945416393884e-03 7.971665830755342297e-03 9.366574238115593989e-03 0.000000000000000000e+00 8.431785687574256880e-03 8.191804389553660609e-03 8.377440887233814082e-03 1.109315114180687775e-02 8.510270001477273499e-03 9.266628720715182690e-03 8.804210100593304333e-03 8.865828595971467566e-03 8.424414347712077741e-03 8.809171063514054448e-03 8.692078390947655109e-03 8.556238528712534555e-03 8.543609676747667206e-03 8.296096325165105978e-03 8.272166335942958415e-03 8.698330004804615684e-03 8.556682449751855032e-03 8.292260719405225577e-03 9.477744820523220301e-03 8.812830989660088918e-03 8.184997245433284219e-03 8.568185744586381131e-03 9.414876792607128342e-03 8.413759486374339930e-03 8.433071232994387989e-03 9.402028720329401804e-03 9.182051965748196792e-03 1.013928250381636309e-02 8.445015758611043935e-03 8.688431226353531336e-03 9.032403445020405555e-03 1.151826074876603941e-02 9.002926231550797270e-03 9.395720085949202383e-03 8.443496645498966766e-03 8.701828562629583541e-03 8.998275522275262991e-03 8.860886184444688798e-03 8.294667684038917882e-03 9.018844872076286004e-03 8.694565492321518207e-03 9.428004545609672271e-03 8.411982422615862584e-03 8.424040601384493246e-03 8.716278658819394051e-03 8.586744809272340434e-03 8.692345350417341604e-03 8.841491493751334890e-03 8.103905743577440729e-03 8.110194771622067714e-03 8.437196824139516285e-03 8.537612385295219319e-03 8.854984682779532337e-03 8.725124676536808246e-03 8.723694261164347680e-03 8.703928932654860992e-03 8.565605474255980414e-03 9.216204366029937672e-03 8.702168824784103571e-03 9.658030118153285506e-03 8.330489087967235876e-03 8.866270914018712160e-03 8.875385534139501251e-03 9.023664176954222793e-03 8.568532314092562954e-03 9.429339291374298077e-03 8.717659338567110977e-03 9.233090699811848448e-03 9.035704152010232831e-03 8.565822880366859987e-03 8.865290192474452671e-03 9.424837071343053138e-03 8.110021525357643049e-03 8.859804549921163064e-03 8.722077839867913018e-03 8.578616581268861882e-03 8.861510804289799217e-03 8.713945839398731796e-03 8.712697679958700606e-03 9.236470494092357403e-03 9.651926626515079308e-03 8.568188510218946105e-03 8.708782589144731245e-03 9.209468548940074120e-03 8.711017972181498217e-03 9.405878375857278789e-03 8.868164162456946761e-03 9.194772626056753675e-03 8.701090164461831172e-03 8.311902713068768447e-03 9.892960501767971912e-03 8.852744755758678794e-03 9.219385573414316110e-03 8.697882520152367888e-03 8.571561853597416819e-03 8.566464653128307710e-03 9.230087627456697377e-03 8.858733827803373304e-03 8.018613222798750759e-03 8.560816546805198948e-03 8.565543421983252276e-03 9.199079917500897069e-03 8.562183888118806915e-03 9.424150935403071902e-03 9.027067486793357090e-03 8.562982525748026943e-03 8.570624258088447092e-03 8.319388329562830628e-03 8.868430151062183658e-03 9.656843308855458594e-03 8.710641300584395785e-03 8.701334094688045404e-03 9.398927712073634061e-03 8.207963145557713863e-03 9.420401219755403233e-03 9.030108426174118796e-03 8.565117426925261332e-03
8.435478629298344064e-03 7.569324052384977103e-03 8.053872310427654183e-03 7.202502270946275348e-03 7.871516167410963841e-03 8.330079557523179315e-03 7.567865013745149992e-03 7.869217958955660938e-03 7.198931144089246170e-03 8.647717357036514146e-03 8.431785687574256880e-03 0.000000000000000000e+00 7.530155007596560715e-03 7.640739719213083744e-03 1.044818845617961206e-02 7.711304860550494134e-03 8.761155212628140426e-03 8.033232714042099279e-03 8.307308541119053438e-03 7.712815660280016895e-03 8.129430641951550934e-03 8.021912790550610184e-03 7.866158543168071116e-03 7.852507909052060947e-03 7.571175858281990918e-03 7.436892092659546337e-03 8.024202385704131205e-03 7.872334057366200261e-03 7.574610905174170711e-03 8.889087560112468936e-03 8.034859641695677596e-03 7.524862940601736473e-03 7.860406550681750537e-03 8.800447221650862031e-03 7.686242146944731804e-03 7.708497318881353533e-03 8.786378802915929126e-03 8.545345887219673794e-03 9.585070501627823703e-03 7.722156092928912814e-03 7.994919820909955968e-03 8.378852067751851873e-03 1.104131527765348474e-02 8.345843219609105565e-03 8.779417596278938848e-03 7.720481999910842885e-03 8.010082056045563989e-03 8.340646890406571562e-03 8.188117098958546183e-03 7.551960982246374438e-03 8.365300624661247200e-03 8.001809922215838769e-03 8.814936941226576492e-03 7.684197369198487136e-03 7.698081452030255956e-03 8.026645339772589191e-03 7.880262190785320559e-03 7.999293032052854496e-03 8.166083164000362965e-03 7.337690779107608301e-03 7.344856972967268686e-03 7.713262100547910519e-03 7.825534952032791453e-03 8.181254580646541916e-03 8.034981383154695539e-03 8.034629528962968642e-03 8.012293230308165093e-03 7.857216311777772202e-03 8.581977007436455279e-03 8.010405628631521793e-03 9.065788300266715977e-03 7.592669496066710953e-03 8.193791921220244800e-03 8.204055451002020480e-03 8.368870731191541817e-03 7.860520011906480323e-03 8.816258884581377325e-03 8.027861237294899727e-03 8.600686763859968081e-03 8.382323710338436193e-03 7.857327095862931196e-03 8.192745804143834396e-03 8.811332029237114311e-03 7.344124939527556066e-03 8.186530127685814201e-03 8.032804834900654847e-03 7.871972980461307279e-03 8.187209161930372736e-03 8.023481677760402331e-03 8.022220084571103638e-03 8.604417850884426774e-03 9.059123938930971690e-03 7.860012778420291321e-03 8.017731127702336716e-03 8.574508241215984469e-03 8.020340504774691598e-03 8.790576842045703596e-03 8.196054778255135176e-03 8.559351981368043885e-03 8.009066863088307869e-03 7.571632021588757706e-03 9.320227919248818063e-03 8.178766379027495662e-03 8.580208572171114934e-03 8.005501756761051330e-03 7.864092257801979027e-03 7.858190876098942665e-03 8.597428318795468163e-03 8.185448932638533792e-03 7.241156184976873557e-03 7.851704321595041544e-03 7.857070283075699019e-03 8.563103898808266390e-03 7.853158464558439300e-03 8.810635518839406155e-03 8.372614270455639232e-03 7.855375527986097062e-03 7.862848826270238400e-03 7.580331824348710869e-03 8.196239278934775579e-03 9.064440024523561998e-03 8.019759196943769888e-03 8.009488987860614861e-03 8.782936637367422597e-03 7.454586028184284792e-03 8.806410924204874716e-03 8.376084604379038789e-03 7.856639455111058545e-03
