0.000000000000000000e+00 8.752489022947560968e-03 8.747665629293330941e-03 8.631534754427428249e-03 9.002151149729905460e-03 9.299290227534534603e-03 9.809816239275534130e-03 1.292724815480933431e-02 1.000661901882740103e-02 9.626366016373613319e-03 1.217968317142689022e-02 9.461882901819533565e-03 9.626350409485860682e-03 8.428864450697157867e-03 1.045131438395982201e-02 9.292648345491106784e-03 8.638132252838054068e-03 1.000812322481887950e-02 8.875445447238911739e-03 1.001062993572799861e-02 1.216914550714601195e-02 1.021332821417128035e-02 8.876399375284782511e-03 9.004450708744581033e-03 9.292266158875106194e-03 8.749380199143400733e-03 8.754152398787609993e-03 1.001139197723709823e-02 1.068155860693170527e-02 1.000460883139367256e-02 9.290640862898200125e-03 8.427660702344994675e-03 9.007679374607117234e-03 9.818801759842529439e-03 8.326957827569998055e-03 9.819452436142774021e-03 1.068937114034445961e-02 9.637823855145642021e-03 1.183262955994567218e-02 8.427811249548325043e-03 1.001459543530474131e-02 8.524727607912258032e-03 9.149920551439301095e-03 9.461970078276572826e-03 1.122851386174811283e-02 9.821415930480147799e-03 1.022461921999750188e-02 1.001362547196683189e-02 8.333201849304298914e-03 9.294430728941316389e-03 9.294087399198139310e-03 1.001296107930963082e-02 1.022620781006392844e-02 9.466234488385773249e-03 9.150193203556779981e-03 8.753379495250717540e-03 9.462610807828401166e-03 8.526736264239120205e-03 9.304507676724216650e-03 8.877163450666731778e-03 9.303313979574547032e-03 1.045072923042489332e-02 1.068770760937616353e-02 9.635482855955154746e-03 1.001778355546048029e-02 8.638677188860631115e-03 9.625890534201759011e-03 1.253922764525365087e-02 9.302421859399541068e-03 9.630486451943575180e-03 8.746439013349547112e-03 1.044803502115802460e-02 8.876072272175876063e-03 8.637061172579925741e-03 9.807682573631732251e-03 9.816237309226630639e-03 9.006793315651993176e-03 1.094560684868807997e-02 9.822298531558623647e-03 1.001993566341562863e-02 9.294601252498015109e-03 9.817912791511137702e-03 9.816990395894413871e-03 9.294676400072910544e-03 8.527500224469280327e-03 8.748451918254379622e-03 1.069002062727387320e-02 9.147832682767104845e-03 9.291399880442870185e-03 9.012651373347011288e-03 9.010014374698829473e-03 1.069476469760213128e-02 8.877589774143310186e-03 9.148499018014745118e-03 1.000707137103734080e-02 9.627406361028547147e-03 9.303040764189389120e-03 8.752339071499420572e-03 1.151318233003522859e-02 1.068499780426821789e-02 1.022507879463140784e-02 8.528573970040358165e-03 1.152123276000511370e-02 9.459633735904564994e-03 8.746687965152958807e-03 9.457739010448924441e-03 8.754963080860402730e-03 1.068829301617539411e-02 9.808134766877172478e-03 9.144375927091734704e-03 9.301202277087786477e-03 1.044867721521056114e-02 8.331852477983932651e-03 9.293165507264363259e-03 9.626871449440677769e-03 9.821156246320851893e-03 7.857779412612619918e-03 9.810076795036606900e-03 9.146012828195789965e-03 8.330896213887977603e-03 1.021508913581986762e-02 1.021516117383501447e-02 9.625107082502526445e-03 9.149871287194836014e-03 1.022730349968496016e-02 9.143056093115217026e-03 1.183664790926724358e-02 8.528440057062153593e-03
8.752489022947560968e-03 0.000000000000000000e+00 8.482011083963668721e-03 8.360576465204288057e-03 8.747684637907442509e-03 9.050385437995795215e-03 9.584972483708729951e-03 1.276098748971049752e-02 9.794590810248781851e-03 9.395536264662255124e-03 1.200401799962231772e-02 9.224770127010162996e-03 9.395543617308130951e-03 8.147857708294204207e-03 1.023597520292356643e-02 9.055620697455619636e-03 8.362011197028737866e-03 9.796133839262506984e-03 8.615518830644012735e-03 9.784336386442393091e-03 1.198175376637504279e-02 1.000013269084632991e-02 8.610751247179283807e-03 8.749988376784352193e-03 9.049424153874705001e-03 8.488824949019804431e-03 8.483207910061473650e-03 9.785138555255397733e-03 1.047976958696401548e-02 9.785567222279410379e-03 9.047746647040081844e-03 8.141929441055182834e-03 8.752881118111765710e-03 9.593723845991821916e-03 8.046207845490654584e-03 9.594364491161706116e-03 1.048737567271751207e-02 9.406909943294513438e-03 1.165190429010274850e-02 8.142116986589141570e-03 9.795341203272902794e-03 8.253535620945391671e-03 8.901005547614955146e-03 9.224920019891559922e-03 1.103754150299268884e-02 9.596421567241027531e-03 1.001123724989506046e-02 9.787473436604110164e-03 8.047552785126413019e-03 9.051687057163589067e-03 9.057172136510204669e-03 9.786780616916608208e-03 1.001287070310404211e-02 9.229341708324885138e-03 8.901248833188145707e-03 8.482488384481725804e-03 9.225571432931720106e-03 8.250347888000534105e-03 9.061600848874926464e-03 8.616754285365462937e-03 9.060404536283558560e-03 1.024312008382454765e-02 1.049430258563185427e-02 9.404422597954230356e-03 9.798595213128003314e-03 8.367442775157137372e-03 9.395059245802960327e-03 1.236836379656130504e-02 9.053727321013782525e-03 9.406080133057137180e-03 8.480782456320112850e-03 1.023265769889518569e-02 8.615566210178707621e-03 8.366366518196234267e-03 9.582742420230770317e-03 9.591089184600146492e-03 8.746564464965104688e-03 1.074908727022632314e-02 9.590674413827922004e-03 9.800852455699881130e-03 9.057674613443988249e-03 9.592794938580622918e-03 9.591739303363218394e-03 9.057753755807198062e-03 8.251702025957123252e-03 8.487916078108909829e-03 1.048804077592705927e-02 8.898812355545003897e-03 9.054345490753661768e-03 8.758016328684652824e-03 8.749927396715640598e-03 1.049288147610407014e-02 8.617211143510520796e-03 8.899544322889543779e-03 9.795070753799820645e-03 9.396616300583870290e-03 9.060147618698151037e-03 8.481267577187848530e-03 1.131730053978594400e-02 1.048289907661581824e-02 1.000445332716887181e-02 8.252252436196979429e-03 1.133542548573654787e-02 9.229022007672138886e-03 8.481072818764456497e-03 9.227076848599333886e-03 8.489048362718732560e-03 1.048622639850178492e-02 9.583191533341361978e-03 8.895809277084422428e-03 9.058120854545388678e-03 1.024103226115261056e-02 8.041639517391391614e-03 9.056209088991854644e-03 9.402406562346450961e-03 9.596099175568834072e-03 7.550002662150123028e-03 9.585224126539013470e-03 8.896950933425172917e-03 8.045179948558143015e-03 1.000923438274606975e-02 1.000197066352504112e-02 9.400531510226680515e-03 8.895383596252763939e-03 1.001399036343918192e-02 8.899940114037893993e-03 1.165595466473601412e-02 8.252065641756383546e-03
8.747665629293330941e-03 8.482011083963668721e-03 0.000000000000000000e+00 8.361146524464280888e-03 8.748161699430653110e-03 9.056670756824357696e-03 9.585402263003410528e-03 1.276134059753484574e-02 9.788105156744894911e-03 9.396012010333755146e-03 1.199278018887269849e-02 9.219178354445368637e-03 9.396012803981015904e-03 8.148388218077430578e-03 1.023635929130121795e-02 9.050328908468767072e-03 8.367488372976888272e-03 9.796547944410883765e-03 8.621223241231157353e-03 9.784746088836593012e-03 1.198206238263865853e-02 1.000788984547346452e-02 8.611231070747038877e-03 8.750540117532542086e-03 9.055716216389250381e-03 8.484311450084032133e-03 8.483708300302468183e-03 9.785586163945548741e-03 1.048834687034898815e-02 9.785981195587219184e-03 9.048220717897695331e-03 8.142515905438059073e-03 8.753429616651407091e-03 9.594158105647445853e-03 8.046777805465074596e-03 9.594839808659527333e-03 1.048780381999935528e-02 9.407340850478503741e-03 1.165227257761537218e-02 8.147302201508116112e-03 9.795800079763125265e-03 8.249403201049708770e-03 8.901565092803306878e-03 9.225398686307468427e-03 1.103790837182992701e-02 9.596889157580404395e-03 1.000435167918330322e-02 9.794822786639411499e-03 8.048162227726933862e-03 9.052171770026580175e-03 9.051871983412514144e-03 9.794153938803106321e-03 1.001331135996621179e-02 9.223789610517538901e-03 8.901792382443535559e-03 8.488026532560663182e-03 9.226023888337479828e-03 8.250910491712221476e-03 9.062128585482304155e-03 8.612086687769091378e-03 9.060857955680937451e-03 1.024352049019812416e-02 1.049470640860150801e-02 9.398594439793786157e-03 9.799072276629796144e-03 8.368005954660856852e-03 9.395523228145852279e-03 1.236870940532847248e-02 9.054182361163906970e-03 9.400222549556670748e-03 8.486296160149885484e-03 1.023310788703794133e-02 8.616062773080631482e-03 8.371832448608600846e-03 9.589769055527113881e-03 9.591513679742548135e-03 8.752411516712148634e-03 1.074949769807507019e-02 9.591123563571507180e-03 9.801325744233643084e-03 9.052357884038736771e-03 9.593236761448015529e-03 9.585625864478718172e-03 9.058238970197592110e-03 8.256982030212708587e-03 8.483432477699162297e-03 1.048842914963150214e-02 8.899306605460769251e-03 9.054835272266316057e-03 8.758529786370121070e-03 8.755771174853932415e-03 1.049328353837318192e-02 8.612554987514557669e-03 8.900032949654449257e-03 9.795477949447604221e-03 9.403359317123997224e-03 9.060651371827868270e-03 8.486872708341903701e-03 1.132762130708178487e-02 1.048331075782010270e-02 1.001217565073628593e-02 8.252850623769358157e-03 1.133582511376728108e-02 9.223492398397864847e-03 8.481605140549726071e-03 9.227565178651092256e-03 8.484599443569535923e-03 1.048661535294845466e-02 9.583678818180802611e-03 8.901851219258195488e-03 9.052880999243213475e-03 1.024142872393470245e-02 8.042186797465784159e-03 9.056700260036866165e-03 9.402859158223543165e-03 9.596597848460798261e-03 7.554705583857686257e-03 9.592237442037141251e-03 8.891913906839256018e-03 8.045766077603449043e-03 1.000967444610553064e-02 1.000241663190467624e-02 9.394702005854656604e-03 8.895900034050080452e-03 1.001442889170583994e-02 8.900441226134613026e-03 1.165627709022218003e-02 8.247951324509795665e-03
8.631534754427428249e-03 8.360576465204288057e-03 8.361146524464280888e-03 0.000000000000000000e+00 8.632052338296966262e-03 8.940209765545820489e-03 9.489411842491484242e-03 1.268510183082261107e-02 9.688283523876305842e-03 9.290847478890017566e-03 1.192391819515810705e-02 9.111331403497197751e-03 9.296966968525452804e-03 8.014935031502596480e-03 1.014939476877089672e-02 8.939687574769707504e-03 8.238602552604116364e-03 9.689814404732287334e-03 8.497341253775126182e-03 9.684955684309371621e-03 1.190167793764915390e-02 9.903365407651951169e-03 8.492413349299692341e-03 8.634436607999822905e-03 8.939263166560851293e-03 8.362935756234519610e-03 8.362298285474413853e-03 9.685721123383027320e-03 1.038808787065856852e-02 9.692989766649668174e-03 8.937476255523289781e-03 8.018114885752191875e-03 8.637135832136660571e-03 9.491587056771257080e-03 7.915499693241321438e-03 9.492265073859144225e-03 1.039557247928495076e-02 9.302086018645506355e-03 1.156959495717978237e-02 8.013795443899974710e-03 9.695909755677288924e-03 8.127504843177885824e-03 8.788038281607315344e-03 9.117353929339312019e-03 1.095059660810953142e-02 9.494356089890092568e-03 9.907159591720920977e-03 9.694932359550868101e-03 7.916883751812375802e-03 8.947216420886576482e-03 8.946884202919542714e-03 9.687445308417816717e-03 9.916078807892728456e-03 9.121881050873109631e-03 8.788276527296256385e-03 8.366362359231006504e-03 9.118009488390517100e-03 8.124208343732541512e-03 8.951430999428777388e-03 8.498301061325964911e-03 8.950148678522389101e-03 1.014887483150475785e-02 1.040256125668400852e-02 9.299662020059896658e-03 9.699191583255339227e-03 8.239147914869552128e-03 9.290305225882439927e-03 1.229037046355345095e-02 8.949181090999970209e-03 9.295125281538484802e-03 8.359830445410146652e-03 1.014605565645673550e-02 8.497078436518645805e-03 8.247770106915002647e-03 9.487147262802229225e-03 9.482471896223476637e-03 8.630955653968611085e-03 1.065110621896978027e-02 9.495218359642527278e-03 9.701448661971652510e-03 8.941701848058571100e-03 9.484157879484075848e-03 9.489612678626354464e-03 8.941793670871781702e-03 8.130439145264879708e-03 8.366834772701914683e-03 1.039623726290691760e-02 8.780320319418093850e-03 8.938352580475468143e-03 8.642344634988672475e-03 8.634313035478095519e-03 1.040117998816508099e-02 8.498785932377829477e-03 8.786466066997015295e-03 9.695581044153720601e-03 9.291874952852254010e-03 8.944231489593557072e-03 8.360439503302669398e-03 1.124264415617730502e-02 1.039105529841462434e-02 9.914867351775066492e-03 8.121603507406299077e-03 1.125091387774283108e-02 9.121536339362718016e-03 8.360140331386850532e-03 9.119612410262840224e-03 8.363198783612583315e-03 1.038633796269998466e-02 9.487660391258477197e-03 8.788362587795551031e-03 8.947887586781829578e-03 1.013912793617735737e-02 7.915454874231392726e-03 8.945895036449246981e-03 9.297568226585001608e-03 9.494087963283203216e-03 7.411939680670712703e-03 9.489662733221776100e-03 8.778465858423734058e-03 7.914431805372561593e-03 9.912380699532397435e-03 9.912430382903290524e-03 9.295717105513108883e-03 8.787921218235988929e-03 9.909987059088737685e-03 8.786936057632059247e-03 1.157362430532365462e-02 8.125997896184240787e-03
9.002151149729905460e-03 8.747684637907442509e-03 8.748161699430653110e-03 8.632052338296966262e-03 0.000000000000000000e+00 9.293600875385353566e-03 9.810244334721836268e-03 1.292752134341184841e-02 1.001426297931413620e-02 9.633416491075132496e-03 1.216822175357881036e-02 9.455960308341778559e-03 9.626792465749368227e-03 8.424391373836589980e-03 1.044372277568021007e-02 9.299153162795581809e-03 8.633413675145768656e-03 1.000848358674295141e-02 8.881433963880270080e-03 1.001103537215149858e-02 1.216944177480265565e-02 1.022137495890671974e-02 8.871372546929484973e-03 9.004907362221847497e-03 9.292723752946674756e-03 8.749840170629357913e-03 8.749293957523184007e-03 1.000459724471471946e-02 1.068190397866723707e-02 1.000501032339055039e-02 9.291113244179324479e-03 8.423239796904263832e-03 9.008191142192509965e-03 9.819249993723687051e-03 8.332419684386077954e-03 9.813048995381627379e-03 1.068975550470330910e-02 9.638274163051957846e-03 1.183304286834635857e-02 8.423326932855175128e-03 1.001503169007162374e-02 8.530335149778070156e-03 9.150463730514400013e-03 9.456089172938149032e-03 1.122888360184103040e-02 9.821861501252903207e-03 1.022503523732482510e-02 1.001403819221475047e-02 8.333752467398135647e-03 9.300952555322464579e-03 9.300709405658219575e-03 1.001338677515794737e-02 1.022661621649950843e-02 9.466722389150937500e-03 9.150702987996448684e-03 8.753879117450265659e-03 9.456751775539307472e-03 8.527294977944910315e-03 9.304991636762365362e-03 8.877659071777012703e-03 9.303746065344616761e-03 1.044315915177044911e-02 1.069657267179546616e-02 9.635919389617789155e-03 1.001821592442457901e-02 8.639149504250600090e-03 9.632908089037049357e-03 1.253954949229507849e-02 9.296816545410278854e-03 9.630878287427006509e-03 8.746926729802404626e-03 1.044844757082721842e-02 8.876573147600810496e-03 8.642844411902989368e-03 9.815014983930924961e-03 9.816693710685036461e-03 9.007248600804434666e-03 1.093702288859862634e-02 9.822693886989686957e-03 1.002032593622134357e-02 9.295006453980684397e-03 9.818288543432486179e-03 9.817381567602249948e-03 9.295149780716568597e-03 8.533102732558084380e-03 8.748882502839968808e-03 1.069038609544220760e-02 9.148335700370270954e-03 9.297965096180294681e-03 9.013188988477737265e-03 9.004790456639448840e-03 1.068673114471239624e-02 8.878113734036588434e-03 9.143143939651505320e-03 1.001467741533173389e-02 9.634437113965584401e-03 9.303532170560549833e-03 8.752845105896255723e-03 1.151354760078975893e-02 1.067696725196452118e-02 1.022552636259076858e-02 8.524039938617616538e-03 1.152155355411548301e-02 9.466472160612887654e-03 8.752594513901099452e-03 9.458213183326579648e-03 8.755454588243760314e-03 1.068868690831551414e-02 9.815453835876683866e-03 9.150784198052788060e-03 9.295589233355102537e-03 1.044906693601830097e-02 8.327501741137360858e-03 9.299735896826102910e-03 9.633964198291286238e-03 9.821607699234390434e-03 7.862824600031922614e-03 9.810532217509045777e-03 9.140673096664279212e-03 8.331431541637448687e-03 1.021550568756944381e-02 1.022315159374946256e-02 9.632198093856746829e-03 9.150387826048969955e-03 1.022770018413391400e-02 9.149429941782713169e-03 1.183694543792619160e-02 8.523884371224295028e-03
9.299290227534534603e-03 9.050385437995795215e-03 9.056670756824357696e-03 8.940209765545820489e-03 9.293600875385353566e-03 0.000000000000000000e+00 1.006843587359579524e-02 1.310296232258790702e-02 1.026598595573761236e-02 9.898708148029561685e-03 1.238057232914369608e-02 9.727642641026702092e-03 9.891712067047381957e-03 8.742492441885116317e-03 1.068161834017866164e-02 9.571455868184246263e-03 8.941542371214116977e-03 1.025982721959867519e-02 9.172689644754645003e-03 1.026291329017416272e-02 1.235822510017570326e-02 1.046645738886895285e-02 9.168305382329114406e-03 9.295732952534314572e-03 9.571019072130457911e-03 9.052466002110341747e-03 9.057667294790305162e-03 1.025606214840497563e-02 1.091329755050894981e-02 1.026404922759288456e-02 9.569451202624507102e-03 8.741287584962226589e-03 9.299626553245968208e-03 1.007774762397820045e-02 8.655546900231285423e-03 1.007117042591590926e-02 1.092145204641131045e-02 9.903448308669758615e-03 1.203963112710277825e-02 8.746857824317074911e-03 1.026676833491687452e-02 8.844032647765009969e-03 9.435600917264997181e-03 9.727739678577047855e-03 1.144755660380804112e-02 1.008029932531534674e-02 1.047001302825475641e-02 1.026582826894799697e-02 8.656770326753030279e-03 9.579637562450083257e-03 9.579374723551139018e-03 1.026522090592068073e-02 1.047158879112059654e-02 9.738590255651081995e-03 9.429515053244217487e-03 9.057022257625968811e-03 9.735060513915925681e-03 8.835589631336515648e-03 9.583501799369953389e-03 9.175030793738134932e-03 9.582340818667663129e-03 1.068111115861033154e-02 1.092810258194905002e-02 9.901191526607990012e-03 1.026980584387091923e-02 8.947543820167677339e-03 9.891319579712952101e-03 1.273445614177975797e-02 9.574941031065969249e-03 9.902691994801163244e-03 9.055508376864779274e-03 1.068677391711317544e-02 9.173953757334442002e-03 8.945436666291854341e-03 1.006640768118665513e-02 1.007530937940591051e-02 9.298662269808945224e-03 1.116195902087421289e-02 1.008110742718184086e-02 1.027185800374482740e-02 9.579781104602835828e-03 1.006959648642794490e-02 1.007591394575788751e-02 9.579891634421694099e-03 8.846577385136916716e-03 9.051612441826067598e-03 1.092209832284808148e-02 9.427262831903105919e-03 9.576758657996417221e-03 9.298245948113783785e-03 9.301741007611259368e-03 1.091798950825232858e-02 9.175439586798202554e-03 9.434192425908987864e-03 1.026646422404195805e-02 9.899776693151594170e-03 9.582113967202859212e-03 9.056017766459312224e-03 1.172627026716708057e-02 1.091722023311109471e-02 1.047051419728834212e-02 8.842870675200731334e-03 1.173410396649406627e-02 9.738311649296799849e-03 9.055776751297593338e-03 9.736454477325377430e-03 9.052653008340828811e-03 1.092040738342837415e-02 1.007412255835049564e-02 9.429634890530841015e-03 9.580312965933986125e-03 1.068739860487962108e-02 8.650152835908937049e-03 9.572020444886182242e-03 9.899317152636000552e-03 1.008002915320403356e-02 8.207934303609167384e-03 1.007597110880149860e-02 9.431842071381301221e-03 8.649296823676917365e-03 1.046811614380036004e-02 1.046823901579399356e-02 9.897572918913426568e-03 9.429272461806678662e-03 1.047263871071674006e-02 9.428275403743956520e-03 1.204349183129603540e-02 8.837184799875365260e-03
9.809816239275534130e-03 9.584972483708729951e-03 9.585402263003410528e-03 9.489411842491484242e-03 9.810244334721836268e-03 1.006843587359579524e-02 0.000000000000000000e+00 1.343981593994244585e-02 1.070951960223503682e-02 1.036618875917449598e-02 1.272623119963975716e-02 1.022067470184248594e-02 1.036617517910403546e-02 9.299719690052540844e-03 1.111759392418295092e-02 1.006794518149512971e-02 9.490625222104758993e-03 1.071906448717155520e-02 9.698129072539208792e-03 1.071486107087201746e-02 1.272868692161627062e-02 1.090644170232982386e-02 9.700854821366488787e-03 9.812229943345816829e-03 1.006763598829853515e-02 9.586828841794046291e-03 9.586331311945211001e-03 1.070723180768030219e-02 1.132840442931622692e-02 1.070766346216998378e-02 1.007342113140393194e-02 9.298632640601866076e-03 9.817041443168784964e-03 1.054121222593163917e-02 9.220399139049378565e-03 1.054182693885108955e-02 1.133728144314647031e-02 1.037831927487567994e-02 1.240905947828725188e-02 9.305054544389965501e-03 1.071852178137938302e-02 9.395074158194084354e-03 9.943086465351875375e-03 1.022083773014446917e-02 1.183958056375663051e-02 1.054361866339798698e-02 1.090976577113279659e-02 1.071761643074626083e-02 9.215415579219895376e-03 1.007684274787835899e-02 1.007659515849813198e-02 1.071698494284423729e-02 1.091127739703435726e-02 1.022461537303896023e-02 9.943277968357316574e-03 9.592337288397662781e-03 1.022137637729872948e-02 9.392380792545835036e-03 1.007319680016610132e-02 9.701605854499686585e-03 1.007933396821237074e-02 1.111709871954222849e-02 1.134358303477893404e-02 1.037619948258250435e-02 1.072136716784423925e-02 9.484566094578870607e-03 1.037347526241409572e-02 1.308208474986957172e-02 1.007850139975851808e-02 1.037758851109068375e-02 9.590883362161526163e-03 1.111462809766804172e-02 9.693905284385385956e-03 9.494231631024094634e-03 1.052940780221879938e-02 1.053890445858958642e-02 9.816178783770949240e-03 1.157522237095080266e-02 1.054433897048593673e-02 1.072329058408217663e-02 1.007698116831236279e-02 1.054036778166643658e-02 1.053957558492176101e-02 1.007708743689994177e-02 9.391075903082723650e-03 9.592652400284326641e-03 1.132846519591525387e-02 9.934145257849462396e-03 1.007415989149560223e-02 9.814545448014657530e-03 9.819012108646716849e-03 1.133288567369210471e-02 9.695285644402737435e-03 9.941799091310795158e-03 1.071815877412511143e-02 1.037486613480804488e-02 1.007910704660042178e-02 9.591397223719676235e-03 1.210706656239497053e-02 1.133319166209955167e-02 1.091025104393133008e-02 9.394008750374658809e-03 1.211464164004896933e-02 1.021693008810319915e-02 9.584574713135356541e-03 1.021518970872636878e-02 9.593628425402067617e-03 1.132688341955032964e-02 1.053782735745316911e-02 9.936320083343946549e-03 1.007742572601976958e-02 1.111519962733061202e-02 9.220280491366538572e-03 1.006848044735720281e-02 1.037441107902265652e-02 1.053542177476331394e-02 8.804444584089420739e-03 1.053160145730613548e-02 9.939621644586621105e-03 9.219507207866838375e-03 1.090792951672006975e-02 1.090807239301032870e-02 1.036513549599883850e-02 9.943000108440281509e-03 1.091225125799370060e-02 9.942108947903850746e-03 1.241276735060124932e-02 9.387494582394829978e-03
1.292724815480933431e-02 1.276098748971049752e-02 1.276134059753484574e-02 1.268510183082261107e-02 1.292752134341184841e-02 1.310296232258790702e-02 1.343981593994244585e-02 0.000000000000000000e+00 1.358394452742391068e-02 1.331989215571768685e-02 1.507802731275668072e-02 1.322267571507858633e-02 1.331984570474312006e-02 1.254788276170899428e-02 1.387501415398820215e-02 1.311660346511646195e-02 1.268600803866537161e-02 1.357012364905181394e-02 1.283113131754952917e-02 1.358176091988015297e-02 1.508800208676988608e-02 1.372105362791065097e-02 1.282821776927034821e-02 1.291522639286005192e-02 1.310237074396512248e-02 1.274876304453196815e-02 1.274843210065907013e-02 1.356764209970869224e-02 1.403639621697089224e-02 1.358253537018829123e-02 1.310134465184933927e-02 1.253366793462432419e-02 1.292752580759456288e-02 1.345571991968436652e-02 1.248352663086887450e-02 1.345611929086329775e-02 1.403602037657529153e-02 1.333736994048104370e-02 1.484033070912350524e-02 1.254722597865904656e-02 1.358443874627737052e-02 1.261471688879886935e-02 1.302005420157044402e-02 1.322277997316545148e-02 1.440849842116754750e-02 1.345740671863360563e-02 1.372356066893982811e-02 1.358381860951308334e-02 1.248435424039542191e-02 1.311784590356260445e-02 1.311762671647168262e-02 1.358336069499511273e-02 1.372458720238368436e-02 1.322556843584359043e-02 1.302016995939066224e-02 1.276159079835959519e-02 1.322320041807359056e-02 1.261268090784059721e-02 1.312042020494921281e-02 1.284242855914234475e-02 1.311958591474133781e-02 1.387471487577052881e-02 1.404066995447502721e-02 1.333578338797312100e-02 1.358643971212338507e-02 1.267276849512592382e-02 1.333384069532251616e-02 1.534796962415782735e-02 1.310502852787359673e-02 1.333680812067326166e-02 1.276045959212150117e-02 1.387290913694738323e-02 1.284174102989448993e-02 1.267514618353385303e-02 1.345289959258513281e-02 1.345399969675050225e-02 1.291308023042640751e-02 1.421155169309118102e-02 1.345792732071987054e-02 1.357327390082477964e-02 1.311787396581321971e-02 1.344059689668066805e-02 1.345445624214746880e-02 1.311797610977954824e-02 1.260305363231657011e-02 1.276180778064236673e-02 1.403641730805735982e-02 1.301863911806376561e-02 1.311585476409272109e-02 1.293067418852873740e-02 1.291513792890063017e-02 1.403969602575733978e-02 1.284267968802576924e-02 1.301905773341858336e-02 1.358417298797057540e-02 1.333484144771341848e-02 1.311948783460929746e-02 1.276087046670392085e-02 1.460992139885493486e-02 1.403308443092325664e-02 1.372383793063149289e-02 1.261389787379651843e-02 1.459901947337462029e-02 1.322540347770130575e-02 1.276072387137881271e-02 1.321000684354276325e-02 1.274894010650878297e-02 1.403532967810747212e-02 1.345324540981296044e-02 1.302020167196545238e-02 1.311823852902224176e-02 1.387333427208288159e-02 1.247006909114000903e-02 1.311698421213986117e-02 1.333455519781286645e-02 1.345719640720701750e-02 1.215293435976157882e-02 1.345443142265136116e-02 1.301746331956270958e-02 1.248284322161808714e-02 1.370738195845236894e-02 1.372228364369313183e-02 1.333338417266588527e-02 1.301994239716399576e-02 1.372529226407735725e-02 1.300545170429183266e-02 1.484317449461552973e-02 1.261379996583354528e-02
1.000661901882740103e-02 9.794590810248781851e-03 9.788105156744894911e-03 9.688283523876305842e-03 1.001426297931413620e-02 1.026598595573761236e-02 1.070951960223503682e-02 1.358394452742391068e-02 0.000000000000000000e+00 1.055651124821856135e-02 1.287669585271340386e-02 1.039944924517316287e-02 1.055651376836909926e-02 9.509801984632405142e-03 1.127347955425138382e-02 1.025800723459492809e-02 9.696326355614383330e-03 1.089326551637415270e-02 9.897935297075263761e-03 1.088903190375592467e-02 1.285402662689332128e-02 1.106730612860801904e-02 9.894014646553539460e-03 1.001621331447394986e-02 1.026523511875023463e-02 9.789529994984507918e-03 9.789066293845485184e-03 1.088974219991700049e-02 1.148872009992615330e-02 1.088157401289313771e-02 1.025622638100520331e-02 9.508790613677606599e-03 1.001414491955841118e-02 1.071137928639765216e-02 9.432971464453572888e-03 1.072022352202935645e-02 1.149783998853406639e-02 1.056077634438763908e-02 1.255145860622094121e-02 9.515544340106011842e-03 1.089261920244961532e-02 9.603212642662764878e-03 1.013685310757690347e-02 1.040733453765394466e-02 1.199077475671733208e-02 1.072197286040262043e-02 1.107060469799322003e-02 1.089175416245664538e-02 9.434116749097901100e-03 1.026710376235687172e-02 1.026683123581745294e-02 1.089116579913824295e-02 1.108091226730206769e-02 1.041103330325693355e-02 1.012968690178596941e-02 9.795331692750810712e-03 1.040782951368229153e-02 9.593892964779559759e-03 1.027056572397050394e-02 9.901753258535232402e-03 1.026953096740085628e-02 1.127298801610927652e-02 1.150399136977808996e-02 1.055871508611714790e-02 1.089539470145180211e-02 9.696726769071954688e-03 1.055608677838974774e-02 1.321586159175107932e-02 1.026878132157571163e-02 1.056011984487504121e-02 9.787062943906792156e-03 1.127979600702347027e-02 9.893687055825007778e-03 9.699859662325683793e-03 1.070766461082193685e-02 1.070917361496581330e-02 1.001336501652776503e-02 1.173119411911398464e-02 1.071444155204151309e-02 1.089732158710384619e-02 1.026722587595003955e-02 1.071883855112084304e-02 1.071800187761171030e-02 1.025979337320069920e-02 9.605568681257980676e-03 9.795688560216531462e-03 1.149842420344117724e-02 1.012766191647489732e-02 1.026449028803408901e-02 1.001116421749116345e-02 1.001610426108678030e-02 1.150270221969802546e-02 9.895082250534953383e-03 1.012827241905207669e-02 1.089231428666878783e-02 1.055741514646128289e-02 1.026932983102624500e-02 9.794444269793077876e-03 1.225397099254089094e-02 1.149384434178801762e-02 1.107987089253062614e-02 9.602182019267347171e-03 1.226146650012661585e-02 1.040298282108740105e-02 9.794172030639904103e-03 1.040916770666753741e-02 9.796640758122051804e-03 1.148716105962910121e-02 1.071630350056874612e-02 1.012980900038722674e-02 1.026768800561880801e-02 1.128035928719837294e-02 9.432997461613724932e-03 1.025848427295188332e-02 1.054899612866710620e-02 1.071346800849963879e-02 9.027254537706416032e-03 1.071803158145866533e-02 1.013351547123277942e-02 9.432155357435651616e-03 1.106886400176375004e-02 1.107778261636511302e-02 1.055541446009279107e-02 1.013681049457179108e-02 1.108187329270194851e-02 1.012864385970947342e-02 1.255513551112205639e-02 9.602023237316350060e-03
9.626366016373613319e-03 9.395536264662255124e-03 9.396012010333755146e-03 9.290847478890017566e-03 9.633416491075132496e-03 9.898708148029561685e-03 1.036618875917449598e-02 1.331989215571768685e-02 1.055651124821856135e-02 0.000000000000000000e+00 1.261103272033336359e-02 1.004029265122734042e-02 1.019700504782965200e-02 9.108762929040810710e-03 1.095615973410950933e-02 9.898279524586991313e-03 9.292033195633401729e-03 1.054986795507966389e-02 9.518181706731318123e-03 1.054557177166384578e-02 1.260087609285150470e-02 1.074098034763305669e-02 9.514078499431805405e-03 9.628865432354312415e-03 9.890907802871664115e-03 9.397494261065902563e-03 9.396992153557062744e-03 1.055419755636801023e-02 1.118931098546645415e-02 1.055465486413816392e-02 9.896348572309695418e-03 9.101699499245670399e-03 9.626685490471978413e-03 1.036815152599537652e-02 9.020891049222034067e-03 1.037644397941664409e-02 1.117962204306508466e-02 1.020895614016839592e-02 1.226573009461510814e-02 9.107810885945102908e-03 1.055722021087620623e-02 9.194102814250528985e-03 9.762624598891170291e-03 1.004752294779375985e-02 1.169959616418808288e-02 1.037822106024278816e-02 1.075271237275541442e-02 1.055629416242633012e-02 9.022190489388473567e-03 9.899842643152552760e-03 9.899592503191738738e-03 1.055571361378096658e-02 1.075423167842772323e-02 1.005141866242639445e-02 9.756051168764007936e-03 9.402549755582309890e-03 1.004810487570084558e-02 9.197420404406133135e-03 9.903522975712236373e-03 9.508356964186878701e-03 9.902426638115129076e-03 1.096434136816218721e-02 1.119513225579538314e-02 1.020679874335393006e-02 1.056019570268479021e-02 9.298618195884520224e-03 1.020400789991303923e-02 1.295818876029567954e-02 9.901554826642150475e-03 1.020827160007231442e-02 9.394882920130048776e-03 1.096182104344311375e-02 9.513831297108180443e-03 9.295772642120342030e-03 1.036424246032215633e-02 1.036585499147856665e-02 9.632377015615914070e-03 1.143092425976109314e-02 1.037907967630841491e-02 1.056210768822697828e-02 9.900020139705660929e-03 1.037495528352527091e-02 1.036648886467858924e-02 9.900121131949728495e-03 9.202616009211185902e-03 9.402975992549918172e-03 1.118023727391987548e-02 9.753944162128673837e-03 9.897148902100390624e-03 9.637734376068454387e-03 9.635289768921131634e-03 1.119384469245665419e-02 9.508757145855299686e-03 9.761320015375118259e-03 1.055695120142945490e-02 1.019799578832973966e-02 9.902225430120054767e-03 9.401655557027512738e-03 1.197115038342474493e-02 1.118462232947042313e-02 1.075319209694984915e-02 9.193024546468638730e-03 1.197879546900792146e-02 1.005122121373332525e-02 9.395134091987989572e-03 1.004937364917676650e-02 9.403962756736002071e-03 1.118773974190625901e-02 1.037232865065018314e-02 9.762908800647873350e-03 9.893544718957021297e-03 1.096239518071673649e-02 9.020891625559929877e-03 9.891821714355883768e-03 1.020499503686422664e-02 1.037034609016026024e-02 8.594669429934961857e-03 1.036645605403392796e-02 9.759091193695246594e-03 9.014229771098050334e-03 1.075091990292496857e-02 1.074264490346682824e-02 1.020333660559710753e-02 9.755815749081398619e-03 1.075523571225039596e-02 9.761603869561388813e-03 1.228106150284784780e-02 9.198969477087471508e-03
1.217968317142689022e-02 1.200401799962231772e-02 1.199278018887269849e-02 1.192391819515810705e-02 1.216822175357881036e-02 1.238057232914369608e-02 1.272623119963975716e-02 1.507802731275668072e-02 1.287669585271340386e-02 1.261103272033336359e-02 0.000000000000000000e+00 1.248054979361858455e-02 1.261106960259119822e-02 1.176801830078970899e-02 1.317375695367219678e-02 1.236822524781324394e-02 1.192490447064050926e-02 1.286493550178925346e-02 1.208088051623812040e-02 1.286168212814303019e-02 1.448233563728760359e-02 1.302283198595815053e-02 1.207773326072605555e-02 1.218154984716504109e-02 1.237989648150275915e-02 1.199390484411984141e-02 1.199346323798559759e-02 1.287492534047118310e-02 1.334565206768592756e-02 1.286256653048788515e-02 1.237878159714436883e-02 1.177852641144315482e-02 1.217996386136930946e-02 1.274028587799676086e-02 1.171162038268505450e-02 1.274071899804169253e-02 1.335887819766685448e-02 1.261444056518900084e-02 1.421816618888037224e-02 1.177872569676263921e-02 1.287726236205932739e-02 1.184975303402324535e-02 1.227785847939399412e-02 1.249279286744447298e-02 1.375676296122956173e-02 1.274205661530476014e-02 1.302544390662214828e-02 1.287658887636923370e-02 1.171259550320172607e-02 1.238148240986651494e-02 1.238127332834586432e-02 1.286337791584183168e-02 1.302654949340083246e-02 1.248360163169081813e-02 1.227803689107653633e-02 1.200462425947112707e-02 1.249322413857688330e-02 1.184762110687408859e-02 1.238420863125401332e-02 1.209000950591276012e-02 1.237136050471728671e-02 1.318667460807988745e-02 1.336380393465694955e-02 1.261279732199161070e-02 1.287943003088385351e-02 1.192518270340128458e-02 1.261074058472207680e-02 1.477876399102623362e-02 1.238270458221702244e-02 1.260153542416899558e-02 1.199193299789342096e-02 1.318474177436082702e-02 1.208922687684783025e-02 1.192769709082810298e-02 1.273727392989709196e-02 1.272593257127618491e-02 1.217924537282756743e-02 1.354639463556153202e-02 1.273012292069864403e-02 1.288087954994329536e-02 1.236953226570688610e-02 1.272702971668621640e-02 1.273897056915898086e-02 1.238162343140678315e-02 1.184014113173988657e-02 1.199325460935915001e-02 1.334571849471139805e-02 1.227632537819660016e-02 1.237935054590378302e-02 1.218327621686857154e-02 1.216967430817628149e-02 1.336279367349189201e-02 1.209033118121691230e-02 1.227678622490662591e-02 1.286426537368956166e-02 1.261175009601569162e-02 1.238325125493521840e-02 1.200390596648914440e-02 1.397209920902095157e-02 1.335570831940102211e-02 1.302577823830101608e-02 1.184890420957409804e-02 1.396324395750850496e-02 1.249554171985307188e-02 1.200376275729169752e-02 1.249420326170791462e-02 1.200566591024207659e-02 1.335815184085660003e-02 1.273763400574273903e-02 1.227807402431411489e-02 1.238194533713067071e-02 1.318522917135696304e-02 1.170023092251262949e-02 1.238061167080642400e-02 1.261146956494649599e-02 1.274189700273984684e-02 1.137853947141500253e-02 1.273897512626365365e-02 1.227515692256144278e-02 1.171096091373427170e-02 1.302406382608759308e-02 1.302413561416559430e-02 1.261025472406491869e-02 1.227779858830936426e-02 1.302736181521241439e-02 1.227713501530930569e-02 1.420573835437215389e-02 1.184877422155680010e-02
9.461882901819533565e-03 9.224770127010162996e-03 9.219178354445368637e-03 9.111331403497197751e-03 9.455960308341778559e-03 9.727642641026702092e-03 1.022067470184248594e-02 1.322267571507858633e-02 1.039944924517316287e-02 1.004029265122734042e-02 1.248054979361858455e-02 0.000000000000000000e+00 1.004740670726733849e-02 8.918522929052475484e-03 1.081501919032318987e-02 9.733858662750786289e-03 9.112618017645523344e-03 1.040856871658722010e-02 9.338025357731042503e-03 1.040411785981374543e-02 1.247022130445835271e-02 1.059585293547920387e-02 9.333775302011832961e-03 9.458102661357803073e-03 9.726808121265983348e-03 9.220769916930418933e-03 9.220249852155885592e-03 1.039715181184530657e-02 1.105186324593330528e-02 1.040526447011514560e-02 9.725208159669087790e-03 8.917437494386405358e-03 9.462249696197237714e-03 1.022268633348407188e-02 8.834143825564024291e-03 1.022330145363783971e-02 1.105138553394836159e-02 1.004486551555792972e-02 1.215516139509950980e-02 8.923258615648594488e-03 1.040791797831069378e-02 9.017958058029875573e-03 9.594867295713235128e-03 9.886765926202944685e-03 1.156008887695398994e-02 1.022516021509155271e-02 1.060738710088558398e-02 1.040706292455314923e-02 8.835382289195010952e-03 9.728805837672518247e-03 9.735236127765488703e-03 1.040636224979796937e-02 1.060895837770063112e-02 9.890774047007945893e-03 9.595069841495938376e-03 9.219582702869899907e-03 9.887344575097871402e-03 9.015096262127790180e-03 9.739308814630687899e-03 9.340699886199959820e-03 9.738133670601240716e-03 1.082299873873591653e-02 1.105787012727893828e-02 1.004980841060761423e-02 1.040315567834697828e-02 9.118966676819609957e-03 1.004698540183784038e-02 1.284336832798902046e-02 9.730567132496415611e-03 1.005126275448976932e-02 9.224058682922274544e-03 1.081192638211832431e-02 9.333452989937394972e-03 9.122331296049600649e-03 1.021867338833909802e-02 1.022023768058352711e-02 9.461297332776050228e-03 1.128800563733145697e-02 1.021848135937804963e-02 1.041294233682145583e-02 9.728922531115419964e-03 1.022176365988634004e-02 1.021343593727101241e-02 9.728996736791836047e-03 9.020443484135878473e-03 9.219939635466951541e-03 1.104305270803593135e-02 9.592813675529533735e-03 9.725951253327945467e-03 9.466772714525150886e-03 9.457931852183595542e-03 1.105652758604778671e-02 9.334916796916829795e-03 9.586996296567491457e-03 1.040756864240851426e-02 1.004836755460738681e-02 9.737922409714929936e-03 9.224612590842517362e-03 1.184537644272666210e-02 1.104720099856367106e-02 1.060791144923880699e-02 9.016823310179441359e-03 1.185312929180081312e-02 9.883631583053040237e-03 9.224425211397602187e-03 9.881877688176277097e-03 9.227035098564007401e-03 1.105031076665111481e-02 1.021912349691979707e-02 9.595184202313474658e-03 9.736150041368440630e-03 1.082107257355422250e-02 8.834126450271536507e-03 9.734376072922020298e-03 1.004795720356025171e-02 1.022492226041113970e-02 8.397469039744120609e-03 1.022098813133951595e-02 9.591227734526204529e-03 8.827700696279172296e-03 1.060560284592002023e-02 1.060566613426550467e-02 1.003913486358447293e-02 9.594791330871828283e-03 1.060999169632504367e-02 9.593878369158332503e-03 1.215899351831981924e-02 9.016689527714729160e-03
