0.000000000000000000e+00 3.358540531966563991e-02 4.704513884489294751e-02 3.379317852150455492e-02 3.706692600622469441e-02 3.417830303930782798e-02 5.677114940702403245e-02 2.754624722786016069e-02 2.921734566987473081e-02 3.369550160778132103e-02 3.086905531464896602e-02 4.163478482199497316e-02 2.888866173255845091e-02 3.729985560510337000e-02 2.814112981613203085e-02 3.374357806074999855e-02 3.676711517323073830e-02 3.678454212081661012e-02 3.389265569818069451e-02 2.619789997347462401e-02 2.535588531724665071e-02 4.189851590509157536e-02 2.791588175141273068e-02 3.176421460704678679e-02 2.354903518254638714e-02 4.174883253325126914e-02 3.636327963460044693e-02 2.449315534372979719e-02 4.712871082782908727e-02 4.745941669221883513e-02 3.351750742968476887e-02 3.671609894550816738e-02 5.658414344023114662e-02 3.414531883803571810e-02 4.015665023769261072e-02 3.694906205087539891e-02 2.928854537468196517e-02 5.630847534634522700e-02 4.879725412138042479e-02 4.740956351294506321e-02 3.394733349797251359e-02 2.823466150143514458e-02 3.090872221314558757e-02 4.769600032750963281e-02 2.088348860275353672e-02 3.665801652711633135e-02 4.769879265197900925e-02 3.166319626910201607e-02 3.415479117213677390e-02 2.932757366748545841e-02 3.104417600787629308e-02 2.706004660233000958e-02 3.555180240890418869e-02 2.175874234558469039e-02 3.390191676463037707e-02 2.681263160406210933e-02 2.372685959188679944e-02 4.293322801245567227e-02 3.651989029650486857e-02 4.265022543661542431e-02 2.321480448602556562e-02 2.858640641992159920e-02 4.303224095554782774e-02 4.694546751160173781e-02 2.689903175072558272e-02 2.849231223589787296e-02 4.069556523829909178e-02 3.129934918090973572e-02 4.087750623529994021e-02 2.488475961976521419e-02 3.115113474345262631e-02 2.957359370984194435e-02 5.539915078660256204e-02 3.388622624517918097e-02 4.716452055683703626e-02 3.392061025155185955e-02 3.356768223439341586e-02 3.684653305338346507e-02 4.245824655221366178e-02 4.091961253638599222e-02 2.972213410446641890e-02 3.392617992294531121e-02 4.064319516861415738e-02 4.106100562673481447e-02 4.156652411424566901e-02 2.921760543161405071e-02 4.690646932091972060e-02 5.548681676927659512e-02 7.114325489644753031e-02 4.188006688736147648e-02 5.672348214204966238e-02 3.702484590212820614e-02 4.169797957972250918e-02 3.398189196314636146e-02 2.959874754570094441e-02 3.392547335233357664e-02 3.389576875681243190e-02 3.413645516845763284e-02 2.601484402921096575e-02 3.160193506590288498e-02 4.177091101783109856e-02 2.701002625532480592e-02 3.738482119238729917e-02 2.950692935107756751e-02 3.714270498909386792e-02 4.193713999911938967e-02 2.621118555741152809e-02 4.134403228699860128e-02 3.153799280908915065e-02 3.749817447645378138e-02 3.737594791043519216e-02 3.438226621580031672e-02 3.782712332176950409e-02 3.449488764791681927e-02 4.274323973954890360e-02 3.465872035539724338e-02 2.893923895016432477e-02 3.442422804185163443e-02 4.195519892587180194e-02 4.205528238815135766e-02 3.774497204045985238e-02 4.816913389820066949e-02 3.383524731451473255e-02 3.430858525025884398e-02 4.240340966544441093e-02 2.986087815684378491e-02 3.773065849160071872e-02 4.877527926146863618e-02
3.358540531966563991e-02 0.000000000000000000e+00 5.108685636520948758e-02 3.840957626935683628e-02 4.088348495194669280e-02 3.843516209552678281e-02 5.941970891402757055e-02 3.262326480267562639e-02 3.438253216016928793e-02 3.789331019286956009e-02 3.589841725544242607e-02 4.415672483299547257e-02 3.406172838894672150e-02 4.039895929067668229e-02 3.351699106922399751e-02 3.802865736497496735e-02 4.060677381294400257e-02 4.062354477054128110e-02 3.815896722331606900e-02 3.199141546151564042e-02 3.135774246145572181e-02 4.519650079733260328e-02 3.336812173976631823e-02 3.592291942802735422e-02 2.960986577167382464e-02 4.508407948690944939e-02 4.067848965002354017e-02 3.039375849341963490e-02 5.009212687548141030e-02 5.044070165160210312e-02 3.780468778588264717e-02 4.100388144738153356e-02 5.925492700636645488e-02 3.781523901876490679e-02 4.426047980354052419e-02 4.122353558321465578e-02 3.443742822356191113e-02 5.891543397234579732e-02 5.173215609042492585e-02 5.041342513686515592e-02 3.826260697320005288e-02 3.356401688084550972e-02 3.569099273335053779e-02 5.067517712311216116e-02 2.741946108416219025e-02 4.095575608097439674e-02 5.073145893796990324e-02 3.628708118337967137e-02 3.834421315197640567e-02 3.444821890189254249e-02 3.580162994151935701e-02 3.266836422403616297e-02 3.956959090491020403e-02 2.825577040300401854e-02 3.813293969639957454e-02 3.248329395393596136e-02 3.003961510867039428e-02 4.620595717519854900e-02 4.037544286231413426e-02 4.594326987725486783e-02 2.951792610023324173e-02 3.383348593788414183e-02 4.627910753030972657e-02 4.995078160028119246e-02 3.255408546278247550e-02 3.374983690294781902e-02 4.411661155407407137e-02 3.602152271416013407e-02 4.428327754000020711e-02 3.091985316046819837e-02 3.588516193498537260e-02 3.463292727803356230e-02 5.806785772357207082e-02 3.811948179544956405e-02 5.015872738205794795e-02 3.815022670687380490e-02 3.785162425300416661e-02 4.066147275167291547e-02 4.574545915672884738e-02 4.432223036019600215e-02 3.474250542128669295e-02 3.815131787024121646e-02 4.406890141140965000e-02 4.445156716717697798e-02 4.491773580813616940e-02 3.436688047851918504e-02 4.991426630784275703e-02 5.815282302836927847e-02 7.347674412548210743e-02 4.520590105218578320e-02 5.935372269704342063e-02 4.081788041029992681e-02 4.503575251047786665e-02 3.819976762474820708e-02 3.465178290293262353e-02 3.816970617361407220e-02 3.812851307292224046e-02 3.832981735007875285e-02 3.186446154338487546e-02 3.624456159627498925e-02 4.510523158710307012e-02 3.264091492072298401e-02 4.113569867584594003e-02 3.459138220675209846e-02 4.092169845668663236e-02 4.525870763001881708e-02 3.200796934653387521e-02 4.471158191356670170e-02 3.619309148656689457e-02 4.123694961000347325e-02 4.112782561407984927e-02 3.855508324722120572e-02 4.153067848392551914e-02 3.864384158365203464e-02 4.602015549556019020e-02 3.877281559129495264e-02 3.410470539262559775e-02 3.857315531837001571e-02 4.527720109931015341e-02 4.538108534779362185e-02 4.146746055347073912e-02 5.111559409464333514e-02 3.841757695402224504e-02 3.851527795388078740e-02 4.569238182444743113e-02 3.486209915881000737e-02 4.144373248050292613e-02 5.169343695049550408e-02
4.704513884489294751e-02 5.108685636520948758e-02 0.000000000000000000e+00 5.137694186340181074e-02 5.307790095915375372e-02 5.024963005081038020e-02 6.719718727264802072e-02 4.746795474009095350e-02 4.873594647683712061e-02 5.114932223227737496e-02 4.975084043614351470e-02 5.584385637131225599e-02 4.821184190217132903e-02 5.317504498397325474e-02 4.808424967874429939e-02 5.120209727242743675e-02 5.289813230540498651e-02 5.289097637175576433e-02 5.126982719743052030e-02 4.696934776610076079e-02 4.644573903018305028e-02 5.602015134611954689e-02 4.801354664998786631e-02 4.985142357617067949e-02 4.419861613172941517e-02 5.588404768227876740e-02 5.291985823933079841e-02 4.602285593926932344e-02 5.959434025474896063e-02 5.984381928738431028e-02 5.105512525504257715e-02 5.313188568930572037e-02 6.497745807279985131e-02 5.133440047229750891e-02 5.533951885851916275e-02 5.328221460188106717e-02 4.875677503218624198e-02 6.681836213054656581e-02 6.084541990524030414e-02 5.982447140106211120e-02 5.016676719623543862e-02 4.813934217131435322e-02 4.964290334529118665e-02 6.002469737266887678e-02 4.345759924747048808e-02 5.310647086024251895e-02 6.004638222984958612e-02 4.997821188439725837e-02 5.137414033922343276e-02 4.877344379375943284e-02 4.971320285496462488e-02 4.747715744518357650e-02 5.201525256292533622e-02 4.387404089898932352e-02 5.126457232755274318e-02 4.736840250519970541e-02 4.545606863313414459e-02 5.664135283189127706e-02 5.274660751537304376e-02 5.645285174716104665e-02 4.492685613651119930e-02 4.826137182579141177e-02 5.673729807976686523e-02 5.947002205841656064e-02 4.740503613294828889e-02 4.815998727581362326e-02 5.525358826968330972e-02 4.986292019417519483e-02 5.536752780379045752e-02 4.609427832272931791e-02 4.976630255160535699e-02 4.886883203403927234e-02 6.606010983080520815e-02 5.124880675921090339e-02 5.962818933298012769e-02 5.122708348949499974e-02 5.108940926325235971e-02 5.293006239760295051e-02 5.636118192877632299e-02 5.539218334397391641e-02 4.895291330608494279e-02 5.127764405089606237e-02 5.522019386406579883e-02 5.548294807340556356e-02 5.580126378858602659e-02 4.872370148411656748e-02 5.944117978794232621e-02 6.613398126499143992e-02 7.996928865722209567e-02 5.600379024329378563e-02 6.716848319702749259e-02 5.303612474824866141e-02 5.588247161807802232e-02 5.130857741589239102e-02 4.890555493480863020e-02 5.129271702955082168e-02 5.126606992463062645e-02 5.139437509068015691e-02 4.689134486287570291e-02 5.000504909301041467e-02 5.593258528676121888e-02 4.746963752044454365e-02 5.323915675053129959e-02 4.888021750075972893e-02 5.310195144346378793e-02 5.604016867154540393e-02 4.699050727086496321e-02 5.566256590601571103e-02 4.997056588378664954e-02 5.331019259299202284e-02 5.323619941206754469e-02 5.153637515286015047e-02 5.348821845893163285e-02 5.158821400881822422e-02 5.656632829672738477e-02 5.166224068995318303e-02 4.843410064068962018e-02 5.152415606033357298e-02 5.605320396817689566e-02 5.612553388386247455e-02 5.345140070127941262e-02 6.036493062419770461e-02 5.143727753899990374e-02 5.150735777916402858e-02 5.633921063478220664e-02 4.903462058993950101e-02 5.344097379510646256e-02 6.081575210674641796e-02
3.379317852150455492e-02 3.840957626935683628e-02 5.137694186340181074e-02 0.000000000000000000e+00 4.071712311393604206e-02 3.862370722328186540e-02 5.786731878010372560e-02 3.361906634106794772e-02 3.460520458577690667e-02 3.849201328473503964e-02 3.647803732727215864e-02 4.534939882149038176e-02 3.465605191659541090e-02 4.150034850664704317e-02 3.374082166373863767e-02 3.804304992897891008e-02 4.107194179460928185e-02 4.108285915970857904e-02 3.868253846038279681e-02 3.264170993013523064e-02 3.197495885830480000e-02 4.559801458666132290e-02 3.401952947877095318e-02 3.693680738303184441e-02 3.030742386877244982e-02 4.545126481123983736e-02 4.111161255264862702e-02 3.146850990994178032e-02 5.042797871121854070e-02 5.073261428951709312e-02 3.834371537494374316e-02 4.144781809355396751e-02 5.953282256012540352e-02 3.883909089476027254e-02 4.386387940748080749e-02 4.163483663797091366e-02 3.503882695419175547e-02 5.919909567204235945e-02 5.185819233297336850e-02 5.071043518112215709e-02 3.878686423191586574e-02 3.419513466824702225e-02 3.629531437689107604e-02 5.097404501429170925e-02 2.809319499073253609e-02 4.138736302872729478e-02 5.102820813882480433e-02 3.684388104005612008e-02 3.885730454558302543e-02 3.507690878158766651e-02 3.640054107167942782e-02 3.332870705414411883e-02 4.001265239221746262e-02 2.895165885668906855e-02 3.866438496399193792e-02 3.316489353068878543e-02 3.074129488013895364e-02 4.654606831055713850e-02 4.084479873556352142e-02 4.628657911143310016e-02 3.018826009099587204e-02 3.444511449077192894e-02 4.662303725374079832e-02 5.025574982558223686e-02 3.322099550620150749e-02 3.434898066699848540e-02 4.449956254112017590e-02 3.661471000803181997e-02 4.466314363150123562e-02 3.158496009172715585e-02 3.648052432484759355e-02 3.525073487979205056e-02 5.832028642371787919e-02 3.864796610254135623e-02 5.046186043758875417e-02 3.865902634712927582e-02 3.839376360082222273e-02 4.112146076596615019e-02 4.609689142531418066e-02 4.470102074983503537e-02 3.535430676398568922e-02 3.868440101414755833e-02 4.445256187936544312e-02 4.482835531139931634e-02 4.528549813762748621e-02 3.500088548687241286e-02 5.021961584734796480e-02 5.840486560337763977e-02 7.368443509366862099e-02 4.556945075814954754e-02 5.960066439181996995e-02 4.127491718105550517e-02 4.540366555009684585e-02 3.872868982191671888e-02 3.527310313373024919e-02 3.870041610506063517e-02 3.866175044711010755e-02 3.885520138047417193e-02 3.254409362940582917e-02 3.682909859929404950e-02 4.547034124490038215e-02 3.330670578354089084e-02 4.158214177760424790e-02 3.522010649245840147e-02 4.137531691771702269e-02 4.562129926999058255e-02 3.268294320031386174e-02 4.508372508299365866e-02 3.677822250803017279e-02 4.166318121760015369e-02 4.157558193384915807e-02 3.907121701125369773e-02 4.196356800823504429e-02 3.915497405253526991e-02 4.636954234815122283e-02 3.927607557326719123e-02 3.470459509022820466e-02 3.908032864795396577e-02 4.563895351684445906e-02 4.574150602480601957e-02 4.190333989039996682e-02 5.141044680540337447e-02 3.893230545502128492e-02 3.899840013292512481e-02 4.604672624411926263e-02 3.547006531006519081e-02 4.188226538114452752e-02 5.198363461551445963e-02
3.706692600622469441e-02 4.088348495194669280e-02 5.307790095915375372e-02 4.071712311393604206e-02 0.000000000000000000e+00 4.137517013342272704e-02 6.112119090135535032e-02 3.654417583507275913e-02 3.780490500163730117e-02 4.095609273977424136e-02 3.913495318353649166e-02 4.729946974513422192e-02 3.747326980356692483e-02 4.370786455543823612e-02 3.701581375352578501e-02 4.099489209944734425e-02 4.328206843657263214e-02 4.332458716663195597e-02 4.112057704370118694e-02 3.517295511093819493e-02 3.457044298026632628e-02 4.752914741673951865e-02 3.691906095879785021e-02 3.954966878796089408e-02 3.378020100524525837e-02 4.739832320912017866e-02 4.336969725965381106e-02 3.456847607247762882e-02 5.214354934225353538e-02 5.244290294201544439e-02 4.082460641654361844e-02 4.365610301288047612e-02 6.100879097236624332e-02 4.126853148071869815e-02 4.661412476649538089e-02 4.313139640465445124e-02 3.733913154200903944e-02 6.067264437147790179e-02 5.369592074067029708e-02 5.243157372145935274e-02 4.121740633894982464e-02 3.657708762456632345e-02 3.897431478764352974e-02 5.267054146565515460e-02 3.169540764434489871e-02 4.361298661482436445e-02 5.270578477832107284e-02 3.946642990772929183e-02 4.128544446780250954e-02 3.787207612080237956e-02 3.906827804337068694e-02 3.627463717048167585e-02 4.235343439617905020e-02 3.216163730409505456e-02 4.111187228082899270e-02 3.612975418817919449e-02 3.387973864774614791e-02 4.844937575453191203e-02 4.310003052603540025e-02 4.820333159454440186e-02 3.335201910110356660e-02 3.728906417156490488e-02 4.850996420319102914e-02 5.197475647431382823e-02 3.617912230552325359e-02 3.719580221050779872e-02 4.649271278752829112e-02 3.926205534703927635e-02 4.665128596927347465e-02 3.466155109613575092e-02 3.913934374636109104e-02 3.802631514571990640e-02 5.982027624814883343e-02 4.109704660358182160e-02 5.218188185244683475e-02 4.111015307713428851e-02 4.087235463342817759e-02 4.335433837816732999e-02 4.801035045332768120e-02 4.668710912598447033e-02 3.811749678189510493e-02 4.112975527427090161e-02 4.645336449264928641e-02 4.680687265445462875e-02 4.723878773477832582e-02 3.780388849418911401e-02 5.194865704424168895e-02 5.990309351187943221e-02 7.495855887499154602e-02 4.750669329733921142e-02 6.107443110788420698e-02 4.349422634195130449e-02 4.735016493214205119e-02 4.114935104646132852e-02 3.804303341159930019e-02 4.112422343767630634e-02 4.110881228403828747e-02 4.126306400338010383e-02 3.555569631373942108e-02 3.945215819211589370e-02 4.741270767774381778e-02 3.625598636643163897e-02 4.375707949311485184e-02 3.798086741914283304e-02 4.358651140898352899e-02 4.755515152263169176e-02 3.568119081829268513e-02 4.704693508741206870e-02 3.938716072551269598e-02 4.314682223666212180e-02 4.377164565817561609e-02 4.146015458077825094e-02 4.413189864767329273e-02 4.155650200553932805e-02 4.826634866891463954e-02 4.166625590154318659e-02 3.752090905335603993e-02 4.148938245805402353e-02 4.757305024435055235e-02 4.766921293300983853e-02 4.407559439829814713e-02 5.309740796510690336e-02 4.135315981290069859e-02 4.144402897639366118e-02 4.796007419586267168e-02 3.822326585472703847e-02 4.405522212600244264e-02 5.365176473643976096e-02
3.417830303930782798e-02 3.843516209552678281e-02 5.024963005081038020e-02 3.862370722328186540e-02 4.137517013342272704e-02 0.000000000000000000e+00 5.788067258620697292e-02 3.364758374053072182e-02 3.465411863669425052e-02 3.852484503148998624e-02 3.653647916437766097e-02 4.535425120574224089e-02 3.468208821228097732e-02 4.091919548267361484e-02 3.419159266439809192e-02 3.860433220620827083e-02 4.111323246714728569e-02 4.051828976396113641e-02 3.871662994698375077e-02 3.273234246145154125e-02 3.208956312091826302e-02 4.562544756418088904e-02 3.407490380506834893e-02 3.696795048309136494e-02 2.994914052686282677e-02 4.548248888903272391e-02 4.113982996580911600e-02 3.115607405738753805e-02 5.044936343057721678e-02 5.076666670441593726e-02 3.840667971384398999e-02 4.149384611767602260e-02 5.947961650061804606e-02 3.888581394367701671e-02 4.466918705091583314e-02 4.169984826385568499e-02 3.512661591918233434e-02 5.921830659842525907e-02 5.188946824169266003e-02 5.073195573879665105e-02 3.873921981251088331e-02 3.426702582757086557e-02 3.635447859311191632e-02 5.100022008150790348e-02 2.852239469420422835e-02 4.144601076550773200e-02 5.105398946867111681e-02 3.689501422669441699e-02 3.890392821810099294e-02 3.513617193318024218e-02 3.645593635924864601e-02 3.339051398231020207e-02 4.005277979938431931e-02 2.901319579563704787e-02 3.871303090667879004e-02 3.322754340022879976e-02 3.080514145329206824e-02 4.657279283782389534e-02 4.088838682528666418e-02 4.631369350127902823e-02 2.989797849782781930e-02 3.450192160611078446e-02 4.665238869208494094e-02 5.028104222565846215e-02 3.328350455841594391e-02 3.440601268255914780e-02 4.453387999212370801e-02 3.667034424452485925e-02 4.469688907091227958e-02 3.164606828879967804e-02 3.653559866563168418e-02 3.530573491209688941e-02 5.833946471148226259e-02 3.869638647840186602e-02 5.048391238154689709e-02 3.870727413042115983e-02 3.844900806857815684e-02 4.116251422492107209e-02 4.612740101509407720e-02 4.473265779986540513e-02 3.541194124700823564e-02 3.873263723997129315e-02 4.448482314767299856e-02 4.486168278891750766e-02 4.531779198135963554e-02 3.506054927507109426e-02 5.024199047297232129e-02 5.841976393668635303e-02 7.369878475916749605e-02 4.560115644875040175e-02 5.961939870962766619e-02 4.131728526948503372e-02 4.543326540146912923e-02 3.877920466143103262e-02 3.533197632519190223e-02 3.875174186117605335e-02 3.871200067245643417e-02 3.890537863777920186e-02 3.260778155341035461e-02 3.688439216219207423e-02 4.550233237222935101e-02 3.336889989293872344e-02 4.162388588531153871e-02 3.528012317954003219e-02 4.141718271610472096e-02 4.565313247998551566e-02 3.274589142032580807e-02 4.511664733136595828e-02 3.683421535209745190e-02 4.172352298283654032e-02 4.161695551226144568e-02 3.912066766584974126e-02 4.200347341931550543e-02 3.920408523686974567e-02 4.639997543496144489e-02 3.932384318742034035e-02 3.476153177642678921e-02 3.912645543492759836e-02 4.567126121527975702e-02 4.577328455520630890e-02 4.194367147854501099e-02 5.143439907313732129e-02 3.898645394681635873e-02 3.908086022085992955e-02 4.607822742465102206e-02 3.552753128644935837e-02 4.192270962915227439e-02 5.200709484588714182e-02
5.677114940702403245e-02 5.941970891402757055e-02 6.719718727264802072e-02 5.786731878010372560e-02 6.112119090135535032e-02 5.788067258620697292e-02 0.000000000000000000e+00 5.622722568845376495e-02 5.730158335794962449e-02 5.947072863638295376e-02 5.824385114126515856e-02 6.348818405277617538e-02 5.697477988635950286e-02 6.121887417390205893e-02 5.664360670499360428e-02 5.949728099048368773e-02 6.099273293164017562e-02 6.097588503140752292e-02 5.957912626851360333e-02 5.572041348405187139e-02 5.523290930568660467e-02 6.363644215680655525e-02 5.668305543734460106e-02 5.847605581876522823e-02 5.238317990695709470e-02 6.353254663368745891e-02 6.093509558448888253e-02 5.484342596034107870e-02 6.661881436976964388e-02 6.682175630018004353e-02 5.939430852132486505e-02 6.119343243639344815e-02 7.294768023586557792e-02 5.962720198138698330e-02 6.304883529127207342e-02 6.132561558477546415e-02 5.736407509113328196e-02 7.269950557926435630e-02 6.547845600894958151e-02 6.672417126226991291e-02 5.962168526311053401e-02 5.679025055660320842e-02 5.814373451522536485e-02 6.697192243278726753e-02 5.240644997436964825e-02 6.117582846753851639e-02 6.701007601596681296e-02 5.843430426195791311e-02 5.966500269827566816e-02 5.736694900806856012e-02 5.820811984790176530e-02 5.618893184444306854e-02 6.015568583428914512e-02 5.280436920005944501e-02 5.957448819685312591e-02 5.609228633374487016e-02 5.431676678410543579e-02 6.408687115528935441e-02 6.086140309623486871e-02 6.393059027864007871e-02 5.379924400468491519e-02 5.689427717820523533e-02 6.422351903265192952e-02 6.651494233463667305e-02 5.612459806754943603e-02 5.679613762957930190e-02 6.299608792367311638e-02 5.834009963398794490e-02 6.309189825625305392e-02 5.490709640178735584e-02 5.825476142957718151e-02 5.746502441613331180e-02 7.204884062876334982e-02 5.955962934749961524e-02 6.664622054902628878e-02 5.953386505188271172e-02 5.942295676968457202e-02 6.101796534715641512e-02 6.391210286358919856e-02 6.311172374754024650e-02 5.752449147956095743e-02 5.958597954246289130e-02 6.296775263078416285e-02 6.318882287072788428e-02 6.345435988829908891e-02 5.732316712657677810e-02 6.648997469621187317e-02 7.211110099996692613e-02 8.456366914329245532e-02 6.362520270647527287e-02 7.300005772702339302e-02 6.110967471477696256e-02 6.352066387962232441e-02 5.961290431148207059e-02 5.748393934565859675e-02 5.959998890563135421e-02 5.957661507120433353e-02 5.968774097913478321e-02 5.565332918076049823e-02 5.846581188892661929e-02 6.356477520411041304e-02 5.618370706764442418e-02 6.128185777698302861e-02 5.746359891804092568e-02 6.116543519923187816e-02 6.365518730976350847e-02 5.574320392640157856e-02 6.333982686230124615e-02 5.843535037671999943e-02 6.134331993246112946e-02 6.127995420495205292e-02 5.981056467690848422e-02 6.149163740812507717e-02 5.985443029332606496e-02 6.409003279853055235e-02 5.991686169073878049e-02 5.704694676143005905e-02 5.979528604518253437e-02 6.366616095501127781e-02 6.372678185849846300e-02 6.146173171885669501e-02 6.725561736748218722e-02 5.973186374717636554e-02 5.978443568479881870e-02 6.390277026985238806e-02 5.759755351215154612e-02 6.145393430028624204e-02 6.762865468061013408e-02
2.754624722786016069e-02 3.262326480267562639e-02 4.746795474009095350e-02 3.361906634106794772e-02 3.654417583507275913e-02 3.364758374053072182e-02 5.622722568845376495e-02 0.000000000000000000e+00 2.865343660583888688e-02 3.310914756150614563e-02 3.059145836424229797e-02 4.106076379588514264e-02 2.778925897446132831e-02 3.622947293628743515e-02 2.711597989139541420e-02 3.322352126114969800e-02 3.622853766923123109e-02 3.625095269020681826e-02 3.334543843547337766e-02 2.545204773448884322e-02 2.399350631506956197e-02 4.136448590684933119e-02 2.728166613892666140e-02 3.078109173374463797e-02 2.279908608116364491e-02 4.100366955599210605e-02 3.621628877857418355e-02 2.384676754677029359e-02 4.657845779779830331e-02 4.692373331705857603e-02 3.294425665306059681e-02 3.617092788233056827e-02 5.440136655501686541e-02 3.285143434483196040e-02 4.030392854631086735e-02 3.692221668369322085e-02 2.871511850930700063e-02 5.405191718567007447e-02 4.715090109559950948e-02 4.681671183525621532e-02 3.346528568263980319e-02 2.756272138333280136e-02 3.005511537331333541e-02 4.718086082330785053e-02 1.996702552419676521e-02 3.662279730449882753e-02 4.721828925109929770e-02 3.105469675613393987e-02 3.358372479049782922e-02 2.871677137398705518e-02 3.046614340239799101e-02 2.636346390614108248e-02 3.493048491764597085e-02 2.076957067069772414e-02 3.334661247016949132e-02 2.610322643789240657e-02 2.289319604077396861e-02 4.237551160743657785e-02 3.597030043255811105e-02 4.209087300757836936e-02 2.228468251662477084e-02 2.790346103230561051e-02 4.248490434409175898e-02 4.641593697723923884e-02 2.621909248020375810e-02 2.777838324065711254e-02 4.014889184781091774e-02 3.074239303544958404e-02 4.033136332118077150e-02 2.404321610813637058e-02 3.058170989475586174e-02 2.895598414421498429e-02 5.489720692668715457e-02 3.332686619620559704e-02 4.663585273410420645e-02 3.333571552405391325e-02 3.264402176192024441e-02 3.629502311974547313e-02 4.190963240906656062e-02 4.037310681586080835e-02 2.910763781535793265e-02 3.337122010879734618e-02 4.009657590344996997e-02 4.051501323239919267e-02 4.102077924626028327e-02 2.862162459186677263e-02 4.637694934340048231e-02 5.498641366117599377e-02 7.068129685838164811e-02 4.133516958802993524e-02 5.622664748697217552e-02 3.647482712270536803e-02 4.115294540368837073e-02 3.342709438236616398e-02 2.899266875459228718e-02 3.339266484843411709e-02 3.334354127602814910e-02 3.358278002157955716e-02 2.529727860555610816e-02 3.103492564915957125e-02 4.122561360400757435e-02 2.633581117061703503e-02 3.683264337001004168e-02 2.891868357107113194e-02 3.659175502325412443e-02 4.139230736038876368e-02 2.549549056051404750e-02 4.079858793358897423e-02 3.096964890583763994e-02 3.694874171915329270e-02 3.682455832360057718e-02 3.384766230930720543e-02 3.727156455272954971e-02 3.394979987951382561e-02 4.221219640650776539e-02 3.409522331744562623e-02 2.826231707393975570e-02 3.385711799003591344e-02 4.141250263624619149e-02 4.152502619243047394e-02 3.720301563119848137e-02 4.764512780653488988e-02 3.368363195903591872e-02 3.379903886554930931e-02 4.185983675277057947e-02 2.926443168831623087e-02 3.717938509194956831e-02 4.825272454066564798e-02
2.921734566987473081e-02 3.438253216016928793e-02 4.873594647683712061e-02 3.460520458577690667e-02 3.780490500163730117e-02 3.465411863669425052e-02 5.730158335794962449e-02 2.865343660583888688e-02 0.000000000000000000e+00 3.448892366368604828e-02 3.174301106185167809e-02 4.228654320475495887e-02 2.992898498247096445e-02 3.749031231823592852e-02 2.918431686647005377e-02 3.416442878432977143e-02 3.751388853443098081e-02 3.753967035541984354e-02 3.474475886725907764e-02 2.712703696944662735e-02 2.660294790566457290e-02 4.256186792745694086e-02 2.896637506957359942e-02 3.267565527209715520e-02 2.502648685699558964e-02 4.242244296940837073e-02 3.761387090392607352e-02 2.568183328573302518e-02 4.773818333042832707e-02 4.807171493386899058e-02 3.432773790974912725e-02 3.797408364207375403e-02 5.720546798771060371e-02 3.495654206510382528e-02 4.152405967810031406e-02 3.767506643506941116e-02 3.026100215767318566e-02 5.686278314364880820e-02 4.942020481835561474e-02 4.804551899915845969e-02 3.487703489092079667e-02 2.922595831735007310e-02 3.180846104104752964e-02 4.829991379403111157e-02 2.234608629100927335e-02 3.790680903580528893e-02 4.835357943651434620e-02 3.255079556143652963e-02 3.496258252204746675e-02 3.029814005012613359e-02 3.193999598469302037e-02 2.815110468100465863e-02 3.634418836580705775e-02 2.311540848976839299e-02 3.471201302303673214e-02 2.791253446605642535e-02 2.502290582267277519e-02 4.359406999020232903e-02 3.727231449151569009e-02 4.331441009091693134e-02 2.431440145966331720e-02 2.960832228859488352e-02 4.368929537004983404e-02 4.756161664788676607e-02 2.799613048291027875e-02 2.952420070963738402e-02 4.137603724429559510e-02 3.220566547282789627e-02 4.155959877349817838e-02 2.610904806070198786e-02 3.204427524380749209e-02 3.054068100569747729e-02 5.595801333968035418e-02 3.469801472119359714e-02 4.777635433422156019e-02 3.473974654099074716e-02 3.438621086136579158e-02 3.759157876836674572e-02 4.312204107619271864e-02 4.159948576999037556e-02 3.068245755757929502e-02 3.473496654815350776e-02 4.132672553545407856e-02 4.174062902341082321e-02 4.224057250129047841e-02 3.018967902878313264e-02 4.752072631988498580e-02 5.604082263604835690e-02 7.164200551158210473e-02 4.254932034436070820e-02 5.727554526233936960e-02 3.776766193616306472e-02 4.237007336129271912e-02 3.479083167276968147e-02 3.055979970589442485e-02 3.475382959819864337e-02 3.470644537454650042e-02 3.494176255199325787e-02 2.716072746570665636e-02 3.248157134199276125e-02 4.244180293019086253e-02 2.810059572658228297e-02 3.812176095545021653e-02 3.046511527718637896e-02 3.788363107471653946e-02 4.260593322892555768e-02 2.734690128644662321e-02 4.202006590058247198e-02 3.241957846671048721e-02 3.823285186735610186e-02 3.811285181748463174e-02 3.518310203487578364e-02 3.855824054659909295e-02 3.530754081128498201e-02 4.341668196446015621e-02 3.545662822042093543e-02 2.995019894289081483e-02 3.522887360031730364e-02 4.262564488379626260e-02 4.273631743741666128e-02 3.848859121867590632e-02 4.877680079544152031e-02 3.504429309041225127e-02 3.515780279101613642e-02 4.306818881694748913e-02 3.082870392087508696e-02 3.846264196820442516e-02 4.937779999055454810e-02
3.369550160778132103e-02 3.789331019286956009e-02 5.114932223227737496e-02 3.849201328473503964e-02 4.095609273977424136e-02 3.852484503148998624e-02 5.947072863638295376e-02 3.310914756150614563e-02 3.448892366368604828e-02 0.000000000000000000e+00 3.599274111636716761e-02 4.422650497067956432e-02 3.415601206124662531e-02 4.047413613664464782e-02 3.323708244037235776e-02 3.811315856955227455e-02 4.007836289453669404e-02 4.070571960206015305e-02 3.824556217087527604e-02 3.211647615219778706e-02 3.148123189812925687e-02 4.526771252560932851e-02 3.347943338471098124e-02 3.648235099123493114e-02 2.972022108737320742e-02 4.515777248766012636e-02 4.075786319222330506e-02 3.084848615529517044e-02 5.018160162533008561e-02 5.048301538420860851e-02 3.789950330865612255e-02 4.108717065622357473e-02 5.933683124376060852e-02 3.842588253018418276e-02 4.433018136625668792e-02 4.128231777479633713e-02 3.452097036181129425e-02 5.900205410854813398e-02 5.178923643980021946e-02 5.047750074227742856e-02 3.835987646029755810e-02 3.327808165694754600e-02 3.532879823406759323e-02 5.073339966288934605e-02 2.753483569708423812e-02 4.103417492789605131e-02 5.079049055301075588e-02 3.638319446652061445e-02 3.843103153266889255e-02 3.455338428541690488e-02 3.590081544427737442e-02 3.277922682180366837e-02 3.965253186564760002e-02 2.837931078122641823e-02 3.822192130206025773e-02 3.260810476579462103e-02 3.015377272468698286e-02 4.627227150056299754e-02 4.045591539734104403e-02 4.601006463112106148e-02 2.963810961148668349e-02 3.393965518752844329e-02 4.634504894581945034e-02 5.000243809240951381e-02 3.266674865246314841e-02 3.385584961830057776e-02 4.418690859111245456e-02 3.611974221498919640e-02 4.435305065156281562e-02 3.103671926828506858e-02 3.598390836877065485e-02 3.473704208628115159e-02 5.811977499175768197e-02 3.820834939689883580e-02 5.021857989235476577e-02 3.823862958693828584e-02 3.794134205713193403e-02 4.074101444622518775e-02 4.581228572138852650e-02 4.439188103923265294e-02 3.484468609824924179e-02 3.824032710319744816e-02 4.413912200175042905e-02 4.452096753928333484e-02 4.498614986241629421e-02 3.447255157205369319e-02 4.997441223675290478e-02 5.820494730306906978e-02 7.352123869507549980e-02 4.527372333980842628e-02 5.940501623685376376e-02 4.089691151165079225e-02 4.510387716160905308e-02 3.828837413872991646e-02 3.475580572392703710e-02 3.825848306098495605e-02 3.821747988581161715e-02 3.841788669459701017e-02 3.197961230038180724e-02 3.634162093248326925e-02 4.517325644260988121e-02 3.275321608469960316e-02 4.121368801379433205e-02 3.469597758585722669e-02 4.100038481034386922e-02 4.532642458842284228e-02 3.212241146247071799e-02 4.478042300904327977e-02 3.629039310561181508e-02 4.131443322693705011e-02 4.120585680528850159e-02 3.864157653871311271e-02 4.160746493585581324e-02 3.873053733668332943e-02 4.608643824823061702e-02 3.885900614984904439e-02 3.420947865891009465e-02 3.866218799665772921e-02 4.534494930181433986e-02 4.544855291066692698e-02 4.154443965042273895e-02 5.117436528212857688e-02 3.850501745235035411e-02 3.860257846666642623e-02 4.575927116490489943e-02 3.496487911579571756e-02 4.152078174868507193e-02 5.175154410815723666e-02
3.086905531464896602e-02 3.589841725544242607e-02 4.975084043614351470e-02 3.647803732727215864e-02 3.913495318353649166e-02 3.653647916437766097e-02 5.824385114126515856e-02 3.059145836424229797e-02 3.174301106185167809e-02 3.599274111636716761e-02 0.000000000000000000e+00 4.341797344157700966e-02 3.174029649570817707e-02 3.932505837823382228e-02 3.109478740747748104e-02 3.606068406950958122e-02 3.885628682501564291e-02 3.887363757540143738e-02 3.620376627288125065e-02 2.895444869476512806e-02 2.848302443581324922e-02 4.287213862413950805e-02 3.093371361076929088e-02 3.428139223306941180e-02 2.702199888148044959e-02 4.356693636813903370e-02 3.892520150191211559e-02 2.804754576767315433e-02 4.876041222397780456e-02 4.901780765404196299e-02 3.583329057093961878e-02 3.927097697186442138e-02 5.810713762332978677e-02 3.640663777882734847e-02 4.269605892663826119e-02 3.949468549944020607e-02 3.211288185209631996e-02 5.775942942476461339e-02 5.042390258392440150e-02 4.907079441269308201e-02 3.633961515812689919e-02 3.085500788520948584e-02 3.350481874572237839e-02 4.819208961255950358e-02 2.454441850342525128e-02 3.921848949803486556e-02 4.939117108119531890e-02 3.416778117572944612e-02 3.641714938789140932e-02 3.212528618625933030e-02 3.362466399944299272e-02 3.016063485314468204e-02 3.772841129708626867e-02 2.544088866201575996e-02 3.618836060071489724e-02 2.996306892811069836e-02 2.729705328090292413e-02 4.471756727706757001e-02 3.860566843171250179e-02 4.444493233978789870e-02 2.676723746707234189e-02 3.146418135350639161e-02 4.480264717184272855e-02 4.858316978291159910e-02 3.003249646541458762e-02 3.137545164286165839e-02 4.255029402929416671e-02 3.386911622069686822e-02 4.272923938595649118e-02 2.826479762762881820e-02 3.371916797493550860e-02 3.233488399107808942e-02 5.687166336389419541e-02 3.617372860628630116e-02 4.880461033708242274e-02 3.620683658440086716e-02 3.588536385429690750e-02 3.891085978980630272e-02 4.424924918610910474e-02 4.276977817653117991e-02 3.245878002617253594e-02 3.616155550443984901e-02 4.250520695902320484e-02 4.290424754274924091e-02 4.339056283998726782e-02 3.203284294725940173e-02 4.855360116941161847e-02 5.695796972374073119e-02 7.244205834812098010e-02 4.369071433902479984e-02 5.817615578262250176e-02 3.907775454870972970e-02 4.351392417696482717e-02 3.626116358865481837e-02 3.235425900822291173e-02 3.622787780006252872e-02 3.618323754797433262e-02 3.640269554911630678e-02 2.927388679188224624e-02 3.411790571006675238e-02 4.358585196965533010e-02 3.012792396290795566e-02 3.941573566842399012e-02 3.228313733656916484e-02 3.918824001112680699e-02 4.374556306491519941e-02 2.943581218096952973e-02 4.317604934276492168e-02 3.406090529428043578e-02 3.952296014026242948e-02 3.940742470246928059e-02 3.664699764625719419e-02 3.983408006796482909e-02 3.674380242831468135e-02 4.453553331184520458e-02 3.688332234936579634e-02 3.177018026636598685e-02 3.666955750275454479e-02 4.376488930180339604e-02 4.387272686939822780e-02 3.976723582024752762e-02 4.978545617746000379e-02 3.649380474741243524e-02 3.660374441572950693e-02 4.419584440033866996e-02 3.259322501624922069e-02 3.974259243213282278e-02 5.037684839076016913e-02
4.163478482199497316e-02 4.415672483299547257e-02 5.584385637131225599e-02 4.534939882149038176e-02 4.729946974513422192e-02 4.535425120574224089e-02 6.348818405277617538e-02 4.106076379588514264e-02 4.228654320475495887e-02 4.422650497067956432e-02 4.341797344157700966e-02 0.000000000000000000e+00 4.192509870761691737e-02 4.652050495610024483e-02 4.156362336003077002e-02 4.510641355743818387e-02 4.707099274033509084e-02 4.709753297802146688e-02 4.519309678913234485e-02 4.030590941321873094e-02 3.978337013624569374e-02 4.974219985153317813e-02 4.148836184961382512e-02 4.376857099947727148e-02 3.785172680584806409e-02 5.066600602087226179e-02 4.713196541169718812e-02 3.858825661662682038e-02 5.498290782942553967e-02 5.526498451590049904e-02 4.494011771494547253e-02 4.738505393171461855e-02 6.336242974374389769e-02 4.527849358790729528e-02 4.998976127739534342e-02 4.755738255935493958e-02 4.233168444535272829e-02 6.304812512495759635e-02 5.642570699547896224e-02 5.524258276003955054e-02 4.526516928383838428e-02 4.159905980704513978e-02 4.330461404138639253e-02 5.543604327097720330e-02 3.660453046549214801e-02 4.734991883455039186e-02 5.552559789820176589e-02 4.371933887209644015e-02 4.531834748384698519e-02 4.233588074117699412e-02 4.339641993921935365e-02 4.089597774822747306e-02 4.618061879312669593e-02 3.704093834435879390e-02 4.518102843645525890e-02 4.077144333147119520e-02 3.869694290077711069e-02 5.159957638849318323e-02 4.690801871651260196e-02 5.137777433303491320e-02 3.817043436865773937e-02 4.178473010693011663e-02 5.165890590447768521e-02 5.483334113761231116e-02 4.081397683560254036e-02 4.168633064152921230e-02 4.987323062900254900e-02 4.356780746237783747e-02 5.000909932314027279e-02 3.939964572789917546e-02 4.345851346338266974e-02 4.246598599850778810e-02 6.222327624124204815e-02 4.516511569626550232e-02 5.501700199188040707e-02 4.515687919422389091e-02 4.497632654416704179e-02 4.712609911669820434e-02 5.121087189540011325e-02 5.003994640649422898e-02 4.254487703304504070e-02 4.516009617036301216e-02 4.983427383864187654e-02 5.014587761238287894e-02 5.052796848561839221e-02 4.227796547233993868e-02 5.480129173599021519e-02 6.230244450314614130e-02 7.693303021621776538e-02 5.076697157013496803e-02 6.342643132165518005e-02 4.724959604753205256e-02 5.062482595524928769e-02 4.523206684647114451e-02 4.248736239492659217e-02 4.521246769573578766e-02 4.518121993400522896e-02 4.533164066792424313e-02 4.024910189622495083e-02 4.373223466166786810e-02 5.068314740330696205e-02 4.088510289144110105e-02 4.749234765569548128e-02 4.245429084004809922e-02 4.732844730179563975e-02 5.081048513020433588e-02 4.036008631717622613e-02 5.035987092831373940e-02 4.369276217523627298e-02 4.757414749739697496e-02 4.748772408438586834e-02 4.549900027646693046e-02 4.779337495929227714e-02 4.556173572444886105e-02 5.144303297051466828e-02 4.565205571940120916e-02 4.198437947041289142e-02 4.549088698452960489e-02 5.082584649629091900e-02 5.091206419556521673e-02 4.774704937793526616e-02 5.586624858456249593e-02 4.539394118846182963e-02 4.546643543828982753e-02 5.116979107499160240e-02 4.263767942448019183e-02 4.773179251334951773e-02 5.638288889027553291e-02
