0.000000000000000000e+00 1.353813225314587018e-02 1.071361234667784004e-02 1.009057925358510313e-02 1.363208767224825986e-02 1.248098839005787677e-02 1.722895837029722252e-02 1.237188845032359888e-02 1.242267063191446891e-02 1.023661124997013450e-02 1.141826599634558452e-02 1.511569374306655916e-02 1.228803561821532886e-02 1.138024844561656528e-02 1.144920085293354983e-02 1.016433818199131631e-02 1.015197594954025777e-02 1.141736308409118522e-02 1.068597091035318469e-02 9.731482108058102029e-03 1.017146595603273321e-02 1.352330153568077550e-02 1.724483164564615326e-02 1.074957963930657165e-02 1.144070761121703146e-02 1.081147277201323365e-02 1.067064776046774098e-02 1.512562921276304831e-02 1.070870557545963546e-02 1.140467592436262417e-02 1.228712833043225754e-02 1.144468304377099267e-02 1.135221651046184124e-02 1.070137904771434681e-02 1.149432854821919731e-02 1.069836399448603238e-02 1.069509304843628550e-02 1.238296062943961343e-02 1.015993568589311676e-02 1.071725005587732468e-02 1.361048084079525926e-02 1.512955208923612120e-02 1.020370935022449875e-02 1.349306607250549614e-02 1.235044817607442412e-02 1.234670071472261654e-02 1.019657464056917054e-02 1.227528439012373802e-02 1.227524465854762555e-02 1.233924243435545985e-02 1.072601140493587880e-02 1.145765656427425068e-02 1.148001701355649308e-02 1.146404338136570306e-02 1.233669235587174506e-02 1.351178606289125603e-02 1.353472062088760704e-02 1.142688962891449597e-02 1.076993078369230077e-02 1.236445189404597814e-02 1.080734016420660179e-02 1.073942702095429316e-02 1.076302852220105237e-02 1.353048856611915006e-02 1.238900027325423765e-02 1.349296490513481571e-02 1.016152456599560272e-02 1.143757092282197615e-02 1.236465944172799453e-02 1.141928496916170752e-02 9.760165027846556124e-03 1.138200966664539016e-02 1.138623127768972898e-02 1.149322568198484981e-02 1.021911537110548919e-02 1.137633248854193202e-02 1.718822906321016558e-02 9.427023097463861287e-03 9.427882632735744284e-03 1.366098978535460785e-02 1.144815227706573804e-02 1.351088679146636960e-02 1.016808515669523696e-02 1.020153501619736405e-02 1.357678051561609679e-02 9.441220619912295275e-03 1.233196651842787504e-02 1.354725784146404780e-02 1.236316524443658617e-02 1.148439871173198568e-02 1.353829620250943284e-02 1.074960911702279101e-02 1.234979715904181360e-02 1.241117546743256833e-02 1.145998266120183337e-02 1.232649065025754297e-02 1.235508858721903747e-02 1.067925585518786011e-02 1.071894383852452053e-02 1.356728329245176189e-02 1.069246823080221773e-02 1.136763350447955560e-02 1.240109402098600599e-02 1.358294105301751514e-02 1.234602091724512803e-02 8.846156064450813594e-03 1.348797900602927320e-02 1.234003650476320213e-02 1.063299021582448517e-02 1.145797680890317700e-02 1.073368028710368870e-02 1.072496446501527978e-02 1.504376507997117092e-02 1.071874674772145368e-02 1.146435519651053427e-02 1.070959831672933099e-02 1.236452338476303793e-02 1.015631969016506618e-02 1.070025197845560563e-02 1.015679750719486289e-02 1.015375286929677372e-02 1.061609834232018698e-02 1.012232591171776351e-02 1.219667152384318679e-02 9.313210677425728945e-03 1.125406460772201966e-02 1.220813713419215650e-02 1.330047762645263955e-02
1.353813225314587018e-02 0.000000000000000000e+00 1.338754954727240480e-02 1.299454538616220782e-02 1.555988192728291128e-02 1.487644031156079051e-02 1.892510665471865139e-02 1.479944858309507200e-02 1.483442738052863710e-02 1.320918795286612352e-02 1.408270331344523701e-02 1.704687735652264668e-02 1.473656122543567926e-02 1.405626870932721872e-02 1.410503998854730108e-02 1.315959929602080088e-02 1.315172260078553701e-02 1.407929922666721449e-02 1.354470800165600772e-02 1.283781648649966536e-02 1.316989620250396190e-02 1.571035524226967878e-02 1.894575684468572524e-02 1.358208429382197144e-02 1.409939481266821691e-02 1.362682172372270580e-02 1.360356635402317806e-02 1.705796089704796070e-02 1.355932998132720196e-02 1.407240633639081535e-02 1.473790538525062387e-02 1.410335168859541341e-02 1.412136822847368835e-02 1.355760927745287489e-02 1.413461147755032225e-02 1.355511044060438500e-02 1.355013927845415654e-02 1.481061035035344427e-02 1.316040226561273653e-02 1.356688801499155925e-02 1.577959119578076566e-02 1.705894827482418163e-02 1.318555063384377335e-02 1.568653494258474487e-02 1.478319730844193484e-02 1.477909138648549926e-02 1.318195833905494788e-02 1.472493741424137949e-02 1.472680981504864879e-02 1.477453270598647408e-02 1.339346268300253134e-02 1.411048674591607217e-02 1.412444198818048162e-02 1.411437905886846721e-02 1.477365758020387013e-02 1.570019076758498444e-02 1.571673101076098006e-02 1.408885734305469206e-02 1.360073855407532319e-02 1.479876173999013916e-02 1.362482781034029568e-02 1.358307601643102096e-02 1.359776083617285185e-02 1.571779858769198346e-02 1.481601952301858129e-02 1.568492118259807652e-02 1.315898050221447207e-02 1.409597399707359332e-02 1.478935183335710821e-02 1.408458147285369423e-02 1.286043631242249699e-02 1.405633231784959164e-02 1.406059516720431155e-02 1.412986169008079509e-02 1.319424877043950603e-02 1.405025711638894712e-02 1.889164613975222173e-02 1.260194543341058154e-02 1.261161872771537212e-02 1.582084201320985151e-02 1.410049921192404153e-02 1.569428466191054999e-02 1.316106269485739153e-02 1.318547141715680632e-02 1.575328148873780809e-02 1.261734903848658190e-02 1.476909570180562521e-02 1.572901528916405278e-02 1.479358583115811948e-02 1.413049065826563200e-02 1.572112776931824593e-02 1.358885867465849454e-02 1.478359623578883418e-02 1.482950485873750328e-02 1.411294320962731309e-02 1.476589241193404164e-02 1.478770899752800128e-02 1.353937198160915130e-02 1.356807522700926444e-02 1.574578555486207468e-02 1.355059432525686572e-02 1.404552862489844012e-02 1.482090137985732532e-02 1.575688483060869519e-02 1.478121236133565775e-02 1.222139212069383966e-02 1.568149225268748725e-02 1.477407111642784106e-02 1.340118698125476390e-02 1.391746200700581457e-02 1.357908541190748671e-02 1.356951108912033375e-02 1.698467434007227758e-02 1.355944354395964557e-02 1.411282064482417831e-02 1.356041902997833642e-02 1.479737560129098031e-02 1.315568584242592966e-02 1.355862538158894050e-02 1.315470443733879856e-02 1.315079934847730725e-02 1.356801189111814417e-02 1.313275253424574240e-02 1.477475622629514408e-02 1.259290951803456599e-02 1.385769078575887527e-02 1.458211128803802228e-02 1.567316833099293566e-02
1.071361234667784004e-02 1.338754954727240480e-02 0.000000000000000000e+00 1.011965942400929776e-02 1.365411695901912886e-02 1.250728437054975627e-02 1.724502683039390999e-02 1.239866264335695925e-02 1.245110155375343634e-02 1.027550413475682503e-02 1.144928408958314006e-02 1.513692071630261780e-02 1.231611075666880911e-02 1.141141391107965489e-02 1.147874626310843756e-02 1.020069208738189244e-02 1.018769647621308588e-02 1.144401965821612716e-02 1.071874461940004915e-02 9.770292652926575519e-03 1.020962718300332146e-02 1.354812022216676619e-02 1.726653746540657286e-02 1.078213321805339235e-02 1.146931742750707632e-02 1.084609767934794494e-02 1.080780276484571457e-02 1.514975421792127963e-02 1.074330997774344300e-02 1.143610626359276017e-02 1.231683192835200148e-02 1.148238359554066765e-02 1.150267179913596130e-02 1.073763661850999328e-02 1.152685449372224322e-02 1.073461755342290658e-02 1.072865475595891592e-02 1.241222506727432916e-02 1.020042927917237489e-02 1.075100986010056429e-02 1.363424863460054731e-02 1.514959249223525248e-02 1.023965331852756851e-02 1.351891372194473709e-02 1.237900765772591803e-02 1.237055641787776321e-02 1.023132647754502328e-02 1.230161346063427148e-02 1.230246373716112861e-02 1.236798745020743599e-02 1.075315167934531684e-02 1.148185879003079009e-02 1.150814990632617434e-02 1.149554933162449076e-02 1.236354242910276020e-02 1.353216705232353038e-02 1.355500423624705388e-02 1.145549664115179909e-02 1.069799393113124442e-02 1.238974018985120572e-02 1.073468899117915529e-02 1.076999798800475604e-02 1.079471592570585732e-02 1.355570649708802942e-02 1.241651027478740676e-02 1.351513443287220145e-02 1.019798814977986544e-02 1.146790282348392719e-02 1.239158439698408859e-02 1.144518785121341996e-02 9.797172867851826686e-03 1.141265711319911294e-02 1.141676374637659586e-02 1.152328115376472992e-02 1.025204996639593122e-02 1.140255773784536186e-02 1.720705791557933934e-02 9.466245909528998859e-03 9.386613774594158160e-03 1.368330894147138169e-02 1.147833022559988266e-02 1.353460427834560220e-02 1.020458407557398202e-02 1.023759899148633627e-02 1.360123020087817061e-02 9.481033282455144165e-03 1.236144556199071307e-02 1.357023819925208021e-02 1.238908405099600069e-02 1.150861505836037017e-02 1.338463525339455076e-02 1.077494787889941852e-02 1.237661364006554035e-02 1.243586787145768355e-02 1.148396444253754756e-02 1.235331250464644960e-02 1.238203492231024563e-02 1.061102649816293882e-02 1.075152973787905399e-02 1.358936587680921113e-02 1.072330830724156636e-02 1.139877438059448689e-02 1.228340860238906138e-02 1.360872941969267814e-02 1.237181648434536319e-02 8.963672875108736129e-03 1.350931577046186535e-02 1.236782079395588006e-02 1.076309232420100126e-02 1.148200605353484442e-02 1.077156835464610461e-02 1.075878248550663115e-02 1.506297892202568788e-02 1.075157005526657626e-02 1.149446629183863665e-02 1.074219100304952407e-02 1.239139272456269390e-02 1.019432680520987282e-02 1.073825531834931776e-02 1.019341701321592464e-02 1.009890285542700515e-02 1.074924791643430688e-02 1.016660977071104539e-02 1.236731289100054601e-02 9.441734124060919761e-03 1.127613471621753162e-02 1.237545797573423763e-02 1.333098279403342572e-02
1.009057925358510313e-02 1.299454538616220782e-02 1.011965942400929776e-02 0.000000000000000000e+00 1.308580412767794236e-02 1.206326358892256811e-02 1.692687330231927231e-02 1.182075337680693790e-02 1.200095980124359085e-02 9.699844784832691025e-03 1.095828630017161784e-02 1.477817949863238778e-02 1.173655260032684805e-02 1.092090470389243950e-02 1.098228758887756160e-02 9.617947326036062686e-03 9.604190668389063143e-03 1.095826573192295976e-02 1.018037542137267479e-02 9.144181011132531886e-03 9.635438839309012557e-03 1.315103366836540416e-02 1.694592078260899817e-02 1.024953891512155740e-02 1.098464831452107722e-02 1.031508190572963217e-02 1.027448467366650839e-02 1.479124477154513187e-02 1.011324075943599750e-02 1.094297644822219903e-02 1.187153591250794497e-02 1.099147384202548913e-02 1.101465688391977359e-02 1.019790192486941943e-02 1.104061038236741482e-02 1.018772752760336436e-02 1.018832344718812073e-02 1.196584539023555147e-02 9.536216027032170042e-03 1.021141615193776539e-02 1.306466691408710717e-02 1.478745645025589424e-02 9.573816957037776035e-03 1.311934200471910963e-02 1.193091516614950068e-02 1.193244525732864089e-02 9.652197822932629540e-03 1.185795730057485897e-02 1.185800703408283058e-02 1.192495695316714809e-02 1.021603220313083669e-02 1.099979084865071975e-02 1.102027066144134308e-02 1.100866063914508752e-02 1.192217009588326937e-02 1.313672709160804662e-02 1.315836799755261063e-02 1.096823270113619908e-02 1.026929131760651905e-02 1.195497302134234351e-02 1.030906805544609325e-02 1.023259911549857445e-02 1.016950874723058888e-02 1.315849893052782084e-02 1.197992614497550221e-02 1.311706270974664218e-02 9.613652852614130648e-03 1.097745406268351917e-02 1.194568955928533745e-02 1.096198681267983484e-02 9.176926609174240745e-03 1.092053317208957659e-02 1.092538542288800686e-02 1.103853167028163648e-02 9.673779738948879922e-03 1.091476025281147393e-02 1.688565194527758689e-02 8.820123877038616236e-03 8.826481507374413921e-03 1.328614681815872868e-02 1.098953115324671770e-02 1.313252858235819560e-02 9.621938152017700530e-03 9.659117083538417553e-03 1.320543615705741143e-02 8.837363089642117503e-03 1.191959355448103143e-02 1.317294638829337276e-02 1.194970696708192066e-02 1.102907604686061485e-02 1.316563001391738569e-02 1.024702213840448205e-02 1.193462147187858945e-02 1.200320694206474109e-02 1.100343487955486414e-02 1.191147928967575993e-02 1.193802408975573950e-02 1.017289802520045423e-02 1.021612544901080895e-02 1.319917906990599604e-02 1.018432392419136787e-02 1.090778239666805212e-02 1.198802369065017984e-02 1.321181743942383656e-02 1.193571076650432744e-02 8.271124803718447188e-03 1.311432556515832425e-02 1.192631056864794717e-02 1.022659963036728209e-02 1.099527734733455470e-02 1.023616596923027783e-02 1.022340278823741753e-02 1.470697514817589403e-02 1.020786913549471230e-02 1.100691545336449778e-02 1.020448935214851582e-02 1.195350088117379944e-02 9.530068505966970624e-03 1.019969157925865698e-02 9.612044488853247956e-03 9.609638337287371851e-03 1.021800231991545210e-02 9.583468426483556304e-03 1.192334631438291687e-02 8.795467868371757703e-03 1.090127023087435372e-02 1.193891550420118561e-02 1.310767970548966030e-02
1.363208767224825986e-02 1.555988192728291128e-02 1.365411695901912886e-02 1.308580412767794236e-02 0.000000000000000000e+00 1.474430028466437725e-02 1.897940509728901493e-02 1.487243311325001961e-02 1.470332277754045174e-02 1.329124539626243100e-02 1.416134132358307443e-02 1.710700659168521223e-02 1.481364228010760911e-02 1.413892117694281157e-02 1.419066611064522844e-02 1.325388983122876077e-02 1.324431511371126913e-02 1.416768345343645021e-02 1.363451048306523090e-02 1.293445833666495050e-02 1.326412122859397039e-02 1.578352698457041042e-02 1.900124762445600662e-02 1.367150276400661002e-02 1.418515689433873413e-02 1.371565453147934564e-02 1.368956606109427571e-02 1.712220195300491118e-02 1.364908430758843098e-02 1.415486709368419388e-02 1.481874334212268662e-02 1.419240604314512405e-02 1.420709305207297837e-02 1.364735430664764694e-02 1.422178187676106757e-02 1.364495834191377897e-02 1.363984270330854606e-02 1.489082826206281768e-02 1.324962929852279217e-02 1.365673332837621066e-02 1.585212003160220082e-02 1.712320554236171355e-02 1.327998800949524265e-02 1.576003423326790415e-02 1.486552193461197942e-02 1.485946363766546541e-02 1.327619237287929084e-02 1.480773446741625622e-02 1.480778552352337955e-02 1.485687218432539883e-02 1.365585147644976863e-02 1.419612921270742983e-02 1.421229472112182576e-02 1.419651120521495807e-02 1.485413563412885281e-02 1.577347726877096137e-02 1.579170655832436154e-02 1.417300572260274394e-02 1.369413978119368540e-02 1.487916130300944058e-02 1.371565535790686061e-02 1.367258763150541734e-02 1.368708420806059520e-02 1.579075148558485228e-02 1.488928634574609132e-02 1.575461109055924583e-02 1.324820533205622007e-02 1.418143699272252610e-02 1.466366415526320494e-02 1.417026664533040103e-02 1.295165442031759664e-02 1.413911110356202115e-02 1.414671502126393053e-02 1.421360686350128973e-02 1.328616063303351622e-02 1.413821815153119485e-02 1.894718344855029005e-02 1.269981492270817226e-02 1.270448949416416382e-02 1.588750305383699463e-02 1.418083662299819518e-02 1.553392637267590921e-02 1.325018934607982701e-02 1.328006768656106798e-02 1.582039925502844169e-02 1.270865854467762533e-02 1.485304648355238212e-02 1.580195068754718796e-02 1.487015354132551967e-02 1.421593184033870597e-02 1.579636792520986224e-02 1.367841434641534938e-02 1.486403842087528210e-02 1.491302956762049180e-02 1.419860744352750490e-02 1.484648687131813818e-02 1.486793399456538128e-02 1.363100873061279077e-02 1.365781046880362205e-02 1.581735494950522666e-02 1.364039505991371248e-02 1.413349631372415663e-02 1.490290824966846416e-02 1.582967075463613191e-02 1.486336189644038748e-02 1.231315926943214387e-02 1.575477391857131246e-02 1.485685803548997264e-02 1.366555737179707755e-02 1.418843016657905798e-02 1.367038801178971884e-02 1.366333172586191996e-02 1.704705811828294282e-02 1.347388869329195667e-02 1.419883983347784359e-02 1.365009574026341925e-02 1.487425153212258017e-02 1.324657523840894364e-02 1.364203174230902912e-02 1.324707070116268315e-02 1.324707212814488569e-02 1.366108667323196087e-02 1.323088449301788871e-02 1.464975039610275087e-02 1.269109761698677258e-02 1.413019405640941750e-02 1.486589162783280918e-02 1.574871099872605582e-02
1.248098839005787677e-02 1.487644031156079051e-02 1.250728437054975627e-02 1.206326358892256811e-02 1.474430028466437725e-02 0.000000000000000000e+00 1.792035456181902825e-02 1.368198218400511548e-02 1.371431057292776118e-02 1.194222050740989874e-02 1.290758973933754314e-02 1.629512584922158600e-02 1.378868551951807110e-02 1.303749510494895542e-02 1.309521046078618300e-02 1.205742867296802530e-02 1.204696396622280744e-02 1.307022406577263221e-02 1.247825898611880889e-02 1.170112347553134424e-02 1.206364154531077912e-02 1.486216353012006705e-02 1.829320621319960663e-02 1.252200939572196622e-02 1.308782167604648217e-02 1.254426015872803050e-02 1.253568071573960864e-02 1.630785348792946135e-02 1.249381145988854268e-02 1.290181774987557949e-02 1.379558048354732717e-02 1.309870542744813633e-02 1.311515445796325972e-02 1.248922780780970659e-02 1.313289598658550113e-02 1.248986281391926446e-02 1.248245240305144617e-02 1.387619310178880849e-02 1.205581368831335452e-02 1.250282134060269439e-02 1.493946180112175684e-02 1.631196489473288325e-02 1.208522435360390862e-02 1.483621007759176706e-02 1.384809581620840072e-02 1.381940437194782018e-02 1.208209697311175314e-02 1.378312152114452745e-02 1.378343993331110698e-02 1.383843470363685553e-02 1.250973044614525978e-02 1.310298209187529470e-02 1.311699953034639946e-02 1.310905458165989058e-02 1.383517828099625931e-02 1.485095703463286919e-02 1.486579917966063258e-02 1.307853154303030216e-02 1.254513554006083872e-02 1.386278111618771507e-02 1.254608737526586443e-02 1.252045643116873885e-02 1.253876631334189043e-02 1.487039702325071433e-02 1.388209259905413308e-02 1.482886280471602120e-02 1.205252604456287339e-02 1.308675821387567800e-02 1.385296775395609276e-02 1.307398245472739945e-02 1.172906572398253570e-02 1.304248831138086866e-02 1.304484926775939004e-02 1.312849385987121219e-02 1.209495576425901990e-02 1.303739578368447172e-02 1.823706103524045871e-02 1.145157072655941452e-02 1.145838917329963270e-02 1.498018847461207205e-02 1.309285978277578699e-02 1.484518490805393498e-02 1.205931370391407319e-02 1.208115438292871845e-02 1.490531399018710235e-02 1.146735691751900495e-02 1.383408333773369393e-02 1.488234986157668110e-02 1.367778308645256624e-02 1.312172407062624224e-02 1.487605762255146159e-02 1.252424658651107164e-02 1.384598590628992841e-02 1.389751405061459902e-02 1.309769093039231044e-02 1.382627993532960751e-02 1.384680958896589674e-02 1.247389651673953305e-02 1.249882214566186249e-02 1.469185633563972575e-02 1.248129741867243930e-02 1.303106316103629092e-02 1.388403019524966746e-02 1.491548758681896653e-02 1.384539206125491410e-02 1.103757886982495787e-02 1.482452469015585299e-02 1.383665365708718759e-02 1.251869764831022719e-02 1.307718328732453486e-02 1.251872980400995684e-02 1.250990663749367363e-02 1.623301596837076893e-02 1.249759740024784273e-02 1.310823522182324140e-02 1.249612234131904955e-02 1.386139050262175793e-02 1.205269723785559570e-02 1.249388036655081635e-02 1.205068249458363973e-02 1.205192958671382451e-02 1.250811767045671881e-02 1.203213964470528294e-02 1.383556053784300299e-02 1.144041811257322933e-02 1.302962118243432103e-02 1.385440500932870814e-02 1.482808846809465821e-02
1.722895837029722252e-02 1.892510665471865139e-02 1.724502683039390999e-02 1.692687330231927231e-02 1.897940509728901493e-02 1.792035456181902825e-02 0.000000000000000000e+00 1.821023767856583611e-02 1.823731267967581421e-02 1.661764170379539246e-02 1.764768986384444502e-02 1.994649573587077909e-02 1.816665906079664716e-02 1.763166160621564699e-02 1.766958604625925786e-02 1.691662599683421003e-02 1.690862595959391479e-02 1.765042500718413260e-02 1.722695381732339964e-02 1.664934352529547773e-02 1.692198444872301810e-02 1.891443205585224135e-02 2.147066678375607676e-02 1.725326811057740009e-02 1.766426514379110246e-02 1.695323622827635962e-02 1.726917747489624053e-02 1.995186193516624087e-02 1.723630769666740711e-02 1.763880803641276057e-02 1.816664117535196979e-02 1.767312239993631962e-02 1.768449702857659636e-02 1.723726914484009776e-02 1.769456251085388052e-02 1.723528779564845875e-02 1.723082534923776193e-02 1.822237885160317428e-02 1.691714656026173033e-02 1.724461995374671625e-02 1.896835337213987130e-02 1.995581712846216521e-02 1.693594418309370825e-02 1.889649973217273973e-02 1.820265476263521406e-02 1.784597402720874623e-02 1.693016242865379509e-02 1.815359428701579167e-02 1.815792580437427736e-02 1.819579078141306955e-02 1.724937360060057809e-02 1.767596546356803300e-02 1.768087001618301804e-02 1.768051724891694584e-02 1.819381646287043797e-02 1.890379111002800025e-02 1.891550615335809912e-02 1.765661317620114898e-02 1.727399826758025531e-02 1.821031556295944417e-02 1.695729324924532405e-02 1.725468877122501160e-02 1.726967534630294981e-02 1.891992299316145459e-02 1.822655256857403164e-02 1.889218424810101132e-02 1.691043802287698489e-02 1.766460302043958153e-02 1.821016895992658147e-02 1.765613911479246845e-02 1.666925825993552032e-02 1.763414091358418354e-02 1.763468985915311871e-02 1.768951185204283710e-02 1.693856822400915951e-02 1.762649853006811873e-02 2.142947434624739925e-02 1.645137894322992386e-02 1.646327382136282547e-02 1.899737406664987749e-02 1.766670826736706224e-02 1.890625495017039803e-02 1.691761510291564172e-02 1.693435091207649498e-02 1.894701307981382782e-02 1.646431282635021920e-02 1.819314149803455752e-02 1.892873732398808392e-02 1.820463230720264364e-02 1.769171076567432888e-02 1.892457079725058666e-02 1.726158098764019044e-02 1.820156901428005014e-02 1.823947722515878445e-02 1.767812019522759306e-02 1.818800533513053805e-02 1.820196554209288844e-02 1.721995817362242248e-02 1.724531774870503159e-02 1.893884824585479604e-02 1.723158651885355053e-02 1.762476223570902389e-02 1.823158803338220668e-02 1.895021449453611340e-02 1.819807816964812489e-02 1.613315713549452399e-02 1.889243539141083686e-02 1.819032605238198042e-02 1.725573269419364980e-02 1.733354818563327335e-02 1.725529759109770828e-02 1.724658430594562877e-02 1.989821169223277356e-02 1.724374212793958541e-02 1.767622699716543677e-02 1.723913074248081823e-02 1.821220447149789895e-02 1.691058043440845163e-02 1.723831075965322548e-02 1.691074213818868563e-02 1.690857505756776513e-02 1.724819498389683001e-02 1.689809827035827425e-02 1.819672791714566779e-02 1.645151834411007902e-02 1.762848226788873290e-02 1.820725283856728868e-02 1.889073827875091885e-02
1.237188845032359888e-02 1.479944858309507200e-02 1.239866264335695925e-02 1.182075337680693790e-02 1.487243311325001961e-02 1.368198218400511548e-02 1.821023767856583611e-02 0.000000000000000000e+00 1.363129765041331404e-02 1.198776623380412056e-02 1.296249049737421312e-02 1.622494542011230362e-02 1.352229131939402564e-02 1.293713139491096953e-02 1.299223284152890498e-02 1.194479126460094506e-02 1.193358440844015204e-02 1.296846382453660691e-02 1.236902659118914449e-02 1.146055992024870747e-02 1.195677692518977257e-02 1.478089722797349195e-02 1.823286490139856830e-02 1.241436212860984670e-02 1.298953677365756627e-02 1.246221592287893518e-02 1.243286447334479398e-02 1.624069309324923868e-02 1.238729972396977567e-02 1.295580185925931764e-02 1.370274940342338862e-02 1.299460130313400200e-02 1.301448447664253077e-02 1.238339173397207116e-02 1.303263364895345354e-02 1.238180961163745132e-02 1.237636817265329661e-02 1.378430365886166437e-02 1.194422202017591736e-02 1.239412678465361996e-02 1.485729308679245748e-02 1.623893245285885217e-02 1.197433662582031433e-02 1.475337365294858080e-02 1.375578606698403018e-02 1.374763251172356031e-02 1.196778171907176419e-02 1.369038625626750952e-02 1.369046082153525801e-02 1.374615644526077513e-02 1.239653371882618905e-02 1.300197993798573454e-02 1.285705443410408919e-02 1.300283786148313456e-02 1.374161721925259462e-02 1.476948686825847040e-02 1.457862833258579370e-02 1.297490946929019499e-02 1.243015816592591208e-02 1.376544592262095995e-02 1.245797809538718055e-02 1.240952277455779039e-02 1.243017085482940945e-02 1.478895439962013038e-02 1.379055717788003899e-02 1.475285423951697844e-02 1.194227521483647893e-02 1.298558245551010779e-02 1.376646856426986913e-02 1.297264056617050167e-02 1.161036724128773970e-02 1.293841804222443069e-02 1.294312487145535956e-02 1.302864233328751738e-02 1.198031301215618689e-02 1.293594258890088007e-02 1.817632208725135715e-02 1.133409616766635486e-02 1.134340577209871567e-02 1.490274421015307105e-02 1.298910884480601081e-02 1.476933055290632901e-02 1.194373750719525916e-02 1.197433336442675460e-02 1.482815097182411945e-02 1.134907905295530310e-02 1.374182797387768322e-02 1.480133717747770042e-02 1.376166567883587225e-02 1.302448860457766297e-02 1.479499671124727932e-02 1.241991096098887977e-02 1.375039262137122027e-02 1.380578195146950522e-02 1.300428579868413877e-02 1.372865821325331553e-02 1.357943143982006870e-02 1.236434985687756734e-02 1.239141325014940509e-02 1.481896189174823804e-02 1.222964332555052935e-02 1.292891327685563585e-02 1.379620087559535468e-02 1.483480364534377031e-02 1.375357124907206595e-02 1.091499605201630245e-02 1.474888947874695121e-02 1.374617540775918863e-02 1.241114423969941032e-02 1.299723161674150480e-02 1.241106091011253895e-02 1.240260976608124725e-02 1.616239138639625345e-02 1.239507581346965988e-02 1.300771491007216528e-02 1.238806810870579124e-02 1.376953922578801059e-02 1.193757257732273175e-02 1.238601245608212005e-02 1.193823857058574738e-02 1.193981305937131740e-02 1.240014709326646251e-02 1.191770608926753447e-02 1.375042417386859901e-02 1.132329635119787986e-02 1.293319979918176182e-02 1.376234396599366853e-02 1.474648875101043990e-02
1.242267063191446891e-02 1.483442738052863710e-02 1.245110155375343634e-02 1.200095980124359085e-02 1.470332277754045174e-02 1.371431057292776118e-02 1.823731267967581421e-02 1.363129765041331404e-02 0.000000000000000000e+00 1.190745480718839559e-02 1.285580189871563840e-02 1.600047895978755352e-02 1.356671915754157146e-02 1.283063839974548336e-02 1.303913628348003263e-02 1.199831711551910957e-02 1.198794393986150897e-02 1.301761955390377812e-02 1.242144495244869827e-02 1.164043367967556447e-02 1.201020201206484672e-02 1.481984021403837289e-02 1.825947862188114640e-02 1.246375357451352459e-02 1.303588592438186151e-02 1.251275546954975192e-02 1.234269945287207355e-02 1.627455705344533349e-02 1.243972312874211915e-02 1.300382440799030016e-02 1.374690958510874257e-02 1.304256727089847002e-02 1.306233624426876745e-02 1.243354615102875566e-02 1.308018015197131949e-02 1.243319732988578882e-02 1.242578403544739724e-02 1.382802941390424457e-02 1.199656125419558579e-02 1.244632454011732406e-02 1.489745123207369959e-02 1.627575279590057905e-02 1.202855018524359200e-02 1.479127408292515294e-02 1.379954585988179584e-02 1.379366334035051107e-02 1.202339417906942050e-02 1.373463006321159335e-02 1.373448804241592623e-02 1.378995627885707016e-02 1.245296561863013310e-02 1.303969876973229587e-02 1.306478480335054176e-02 1.304413677542632863e-02 1.378665776481364721e-02 1.480868317064737427e-02 1.482358523193707742e-02 1.302542467258718112e-02 1.248661807482946175e-02 1.381464025554863910e-02 1.251379569579841311e-02 1.245878348043974286e-02 1.247213335226657685e-02 1.482784422207087879e-02 1.383383582232894718e-02 1.479177709425227166e-02 1.199567990399038123e-02 1.302330726742078650e-02 1.380464562407399468e-02 1.301882964985296744e-02 1.166522358958751483e-02 1.298889507089079354e-02 1.299374021104470270e-02 1.307589686686550998e-02 1.203361338128909087e-02 1.298443848484275714e-02 1.820581541865850042e-02 1.139044074694955597e-02 1.139962740193463213e-02 1.493858632124579235e-02 1.304010676231918443e-02 1.480278698892430536e-02 1.200028199524146542e-02 1.202768300821726796e-02 1.486668552294170657e-02 1.139620832520986220e-02 1.378557972542378621e-02 1.484025732321360425e-02 1.380527279065407557e-02 1.307228244493558247e-02 1.483377810219537428e-02 1.247104707165966331e-02 1.379779885746502434e-02 1.385272453227739953e-02 1.305019270408871480e-02 1.377790136874561602e-02 1.379876529666879126e-02 1.241747827724680106e-02 1.244756726774330288e-02 1.485568033767263249e-02 1.242305317152639713e-02 1.297776635818136300e-02 1.384124544616744355e-02 1.487327304790958017e-02 1.378571420961910779e-02 1.097198966586195382e-02 1.478551834320785893e-02 1.378870043415120032e-02 1.246194633274625915e-02 1.304805719079612548e-02 1.246217816580784572e-02 1.245164750503213735e-02 1.619649834096636987e-02 1.244071773950156112e-02 1.305560610505402015e-02 1.243930814601494628e-02 1.381296264898037966e-02 1.199364641141715399e-02 1.243712467297415983e-02 1.199160884356566259e-02 1.199325546530422698e-02 1.244927996633039650e-02 1.197150600522073512e-02 1.378731639195217643e-02 1.137753478040772100e-02 1.298140528624190486e-02 1.380608982508729418e-02 1.478555907634700704e-02
1.023661124997013450e-02 1.320918795286612352e-02 1.027550413475682503e-02 9.699844784832691025e-03 1.329124539626243100e-02 1.194222050740989874e-02 1.661764170379539246e-02 1.198776623380412056e-02 1.190745480718839559e-02 0.000000000000000000e+00 1.088931706092440346e-02 1.480712176200698824e-02 1.190920357055010557e-02 1.085599380888331925e-02 1.092811887590356204e-02 9.678006170456313409e-03 9.667280617879383392e-03 1.100580392161862320e-02 1.023612707383137962e-02 9.212306290240938889e-03 9.695174962669111940e-03 1.318617776507299312e-02 1.696975585846577025e-02 1.029974475315852296e-02 1.103030007135513690e-02 1.023906807092452541e-02 1.032294563925090572e-02 1.482148420959185711e-02 1.025959768279548386e-02 1.098653039023611902e-02 1.191446642475183469e-02 1.104263611770833417e-02 1.106360854025142428e-02 1.025254871219078746e-02 1.108821197055854212e-02 1.025153976531148654e-02 1.024331005587295236e-02 1.200681291614264824e-02 9.675310435321823194e-03 1.026889478207713806e-02 1.327205969222326407e-02 1.482323342789296748e-02 9.641785106543350470e-03 1.315246124387007068e-02 1.197884057630899980e-02 1.194742496742557357e-02 9.712900604954922967e-03 1.189698490813109744e-02 1.189638451085097207e-02 1.196533070733769855e-02 1.027199568283921650e-02 1.104824274992604813e-02 1.106431587175898609e-02 1.105032411763424809e-02 1.196306749276363803e-02 1.317170849131802171e-02 1.302375841578300684e-02 1.101356664202230232e-02 1.031830362283716815e-02 1.198969194938038878e-02 1.031965063162360204e-02 1.028960703058715009e-02 1.031805516791022004e-02 1.319549012924949548e-02 1.201447841497607638e-02 1.315388059043526119e-02 9.676707923362479896e-03 1.102609054457607575e-02 1.199188574900385447e-02 1.100996790880919007e-02 9.247546802446847403e-03 1.096930459859832632e-02 1.097476141474916685e-02 1.108454743575614659e-02 9.737296014241628161e-03 1.096077332483260704e-02 1.691256306385940586e-02 8.888871193457156122e-03 8.896148832915222460e-03 1.332373359644827698e-02 1.103777796894597936e-02 1.317297837952481100e-02 9.684351504424195886e-03 9.719607368898776009e-03 1.324052011675934219e-02 8.906477876736094632e-03 1.196189156282391995e-02 1.320756560976367108e-02 1.198667750508731686e-02 1.107650279724479124e-02 1.320254740600211411e-02 1.030294334337252503e-02 1.197672182644874891e-02 1.204385898035882294e-02 1.104879589806641652e-02 1.195264825479473540e-02 1.198025443017234661e-02 1.022761936428602698e-02 1.026902445711691710e-02 1.323054330404097381e-02 1.024243970499131608e-02 1.084686771330286258e-02 1.202996293481852635e-02 1.324469326661431925e-02 1.197620735535005233e-02 8.339897576614786062e-03 1.314721787937033967e-02 1.183154039180100980e-02 1.028805704249634301e-02 1.101303805543648456e-02 1.028527954952187726e-02 1.027244781172754161e-02 1.473761998622631283e-02 1.027031624720663172e-02 1.105488602776145794e-02 1.025851013315644440e-02 1.199246814084409946e-02 9.672621564760834623e-03 1.025328828816035945e-02 9.673617503111192270e-03 9.672837565716215294e-03 1.027380355360630639e-02 9.646605000218263712e-03 1.183714187143670819e-02 8.867165306953115472e-03 1.095908665667294848e-02 1.198708539311097755e-02 1.314335317680075284e-02
1.141826599634558452e-02 1.408270331344523701e-02 1.144928408958314006e-02 1.095828630017161784e-02 1.416134132358307443e-02 1.290758973933754314e-02 1.764768986384444502e-02 1.296249049737421312e-02 1.285580189871563840e-02 1.088931706092440346e-02 0.000000000000000000e+00 1.558955997504930802e-02 1.288859731526960373e-02 1.204618661639785850e-02 1.211103058597431080e-02 1.094014835990321163e-02 1.092907013114144919e-02 1.207409285747256152e-02 1.141468231194665145e-02 1.044635250012093848e-02 1.095594591934036764e-02 1.405987644831454934e-02 1.767288225538442628e-02 1.146862199249503410e-02 1.210582412240153276e-02 1.152569116267783064e-02 1.149051448639024260e-02 1.560567796854302712e-02 1.143483642804092940e-02 1.206782703112900187e-02 1.289263678881138325e-02 1.211499881894997736e-02 1.213362596430167875e-02 1.142934599552338296e-02 1.215257548646364767e-02 1.142600152006880386e-02 1.130420416726156396e-02 1.298203464017387565e-02 1.083299186340801364e-02 1.143430586810757071e-02 1.413903428269898399e-02 1.560462830396284507e-02 1.097708264977629092e-02 1.403173368876013336e-02 1.295088652348662210e-02 1.294527755294695888e-02 1.097121046640364694e-02 1.287921187107980529e-02 1.287748882026232972e-02 1.294069095612931757e-02 1.145162837696812701e-02 1.211973637978238164e-02 1.214014434342123791e-02 1.212695949280791739e-02 1.293579999140912623e-02 1.404892091181382183e-02 1.406934410309659475e-02 1.209052332309468528e-02 1.149261629722859654e-02 1.296787569683842574e-02 1.152263193796933434e-02 1.146380007417956322e-02 1.148536784627943348e-02 1.406976285742419196e-02 1.298900973391899256e-02 1.403093966586003820e-02 1.093977696133730144e-02 1.210030688820968973e-02 1.296293896632882449e-02 1.208640649719287460e-02 1.056993932000179284e-02 1.205082979331344693e-02 1.205616778652423074e-02 1.215118590954114390e-02 1.098169530009321555e-02 1.204545439054193791e-02 1.760852576015596929e-02 1.026940389776446680e-02 1.027725182352199999e-02 1.399787710936641061e-02 1.210821001596290580e-02 1.404297396747922026e-02 1.093732214031504710e-02 1.097556657876123248e-02 1.410584614937088546e-02 1.028499208179757367e-02 1.293434359750948032e-02 1.408271964611046596e-02 1.295226944915062878e-02 1.214191067953921364e-02 1.407366124258185164e-02 1.146970790898293145e-02 1.294666768985297881e-02 1.300952256100953650e-02 1.198750577312355202e-02 1.292486333108666154e-02 1.295369621290724457e-02 1.141086605385006544e-02 1.144306087429226154e-02 1.409966882254592643e-02 1.142270326594267693e-02 1.203838500109944212e-02 1.299172623208890917e-02 1.411889864681386067e-02 1.294871771813712810e-02 9.803507089476734548e-03 1.383794001916669250e-02 1.293914168382425019e-02 1.146171728363223029e-02 1.211807435974281144e-02 1.146137306102777698e-02 1.144599775456885821e-02 1.552362705965448439e-02 1.144461000141831254e-02 1.212623496213891851e-02 1.143627851541216371e-02 1.296469077012163407e-02 1.093751086212002219e-02 1.143322200307717376e-02 1.093516703652314473e-02 1.092983574818466933e-02 1.144944282074152227e-02 1.091334158151619112e-02 1.294181271764579394e-02 1.015977038833580301e-02 1.204194444178167608e-02 1.295755927977458762e-02 1.402314735533958037e-02
1.511569374306655916e-02 1.704687735652264668e-02 1.513692071630261780e-02 1.477817949863238778e-02 1.710700659168521223e-02 1.629512584922158600e-02 1.994649573587077909e-02 1.622494542011230362e-02 1.600047895978755352e-02 1.480712176200698824e-02 1.558955997504930802e-02 0.000000000000000000e+00 1.616972483548687403e-02 1.556627392808322512e-02 1.561290709170222273e-02 1.476589956743157989e-02 1.475724269747339702e-02 1.559235223369743670e-02 1.511079535523458459e-02 1.447629924578353738e-02 1.477789628476821639e-02 1.703052811314075682e-02 1.996240304294112991e-02 1.514469819893908206e-02 1.560767064156864253e-02 1.518433655604357890e-02 1.515504510900833775e-02 1.823099640514737330e-02 1.512753927978456765e-02 1.558399028858933714e-02 1.617346571167723943e-02 1.561440964675125595e-02 1.562728791524619840e-02 1.512507928081389952e-02 1.563953191184996178e-02 1.512283486221297976e-02 1.511801587863943405e-02 1.623724781076235982e-02 1.476646094609067317e-02 1.513316982219317999e-02 1.709286858072480569e-02 1.823182009844302384e-02 1.479056133630304165e-02 1.700959535303519024e-02 1.621110551758096416e-02 1.620747940082796837e-02 1.478584732762400385e-02 1.616225077392306406e-02 1.615937583817322540e-02 1.620183168625884476e-02 1.513611860425048868e-02 1.537115810260634118e-02 1.563198761937119319e-02 1.537620033907044492e-02 1.620171637704759249e-02 1.702148745060034704e-02 1.703494386779213707e-02 1.559600121233805856e-02 1.516446485216915718e-02 1.622446827847820808e-02 1.518173222586252646e-02 1.514543722666856877e-02 1.492414392149872537e-02 1.703141907234621485e-02 1.623912176211588301e-02 1.700573874416528783e-02 1.476421801837524486e-02 1.535851396639247371e-02 1.622036400519013752e-02 1.558921896537080951e-02 1.449327036506960903e-02 1.556735211002928214e-02 1.557120218759073388e-02 1.563443426376800657e-02 1.479690053334348741e-02 1.556626806346018271e-02 1.991203337485472971e-02 1.426127738059521088e-02 1.427047155657538806e-02 1.712714560481229387e-02 1.560659073108643276e-02 1.701971685010168420e-02 1.476858264070938197e-02 1.478871882424645859e-02 1.706679306434249338e-02 1.405013606094232537e-02 1.619999399774622872e-02 1.704694265741930892e-02 1.622213379423044152e-02 1.563408850198725816e-02 1.703887958361464949e-02 1.515045269821664077e-02 1.621339389690969884e-02 1.625399597297842030e-02 1.561995647565650285e-02 1.619656319688160886e-02 1.621705932114235124e-02 1.511040718709069294e-02 1.513430270832469629e-02 1.706399744744117528e-02 1.511866367064399960e-02 1.556205093639388519e-02 1.624419869466630154e-02 1.707270069772874252e-02 1.595179417480522069e-02 1.390728898808595189e-02 1.700510486961416198e-02 1.620725285636664958e-02 1.514230594453933390e-02 1.561502414402400271e-02 1.514554556309799169e-02 1.513933994265402594e-02 1.816510079503197428e-02 1.512874453898047089e-02 1.562173270111630492e-02 1.512472422812150344e-02 1.622172883268208077e-02 1.476229367508864222e-02 1.512619178447864240e-02 1.475959955829543764e-02 1.476435502090365538e-02 1.513732346069689844e-02 1.474792197840687699e-02 1.621060274539655108e-02 1.425729605506856693e-02 1.556271373001175649e-02 1.621996340770867281e-02 1.700316753406881654e-02
