0.000000000000000000e+00 1.592085133709027905e-02 1.373340017260706036e-02 1.745375711026034282e-02 1.392197796014832574e-02 1.741860573965401879e-02 1.512746180501263471e-02 1.486610072217920200e-02 1.742606256107806159e-02 1.439161500919269865e-02 1.219050045493639406e-02 1.628055442174767414e-02 1.893932638277805169e-02 1.436814471400221609e-02 1.733560520843748648e-02 1.326108507806498214e-02 1.377364472034678378e-02 1.439528669876739310e-02 2.157044792598529492e-02 1.426130413985117300e-02 1.291712239179743441e-02 1.438262322861196679e-02 1.513923971692547783e-02 1.380488030330057590e-02 1.242865677173924169e-02 1.432801620459281909e-02 1.374264699300181344e-02 1.741380606372479323e-02 1.745986401924348730e-02 1.432655190887620854e-02 1.741879482965155018e-02 1.750620125712936889e-02 1.772274588046804031e-02 2.160590107353811337e-02 1.440052953427692871e-02 1.733047809875029946e-02 1.296567174276487891e-02 1.219894687831326111e-02 1.904032242062509914e-02 1.516982688688510959e-02 1.736900750833397442e-02 1.595643379477170928e-02 1.243660911810648070e-02 1.590120568307368601e-02 1.374600477989241717e-02 1.632056830314936383e-02 1.505434189432503303e-02 1.738669121587906041e-02 1.262378246870882181e-02 1.443293015327000439e-02 1.375030681482407487e-02 1.432249496125883627e-02 2.151590442305987769e-02 1.385500412665783415e-02 1.934613050305308488e-02 1.430569061285510979e-02 1.258199273871797585e-02 1.298000918933191715e-02 1.247116402471960643e-02 1.381126179216439660e-02 1.296322763666238158e-02 1.330582128482750426e-02 1.247192125808012017e-02 1.218536965319694243e-02 1.380310476338969874e-02 1.732353338342892610e-02 1.898818959534471010e-02 1.926543701783748133e-02 1.329349468566267192e-02 1.299415017048309584e-02 2.169717954011790573e-02 1.742315373925471325e-02 1.515149817871207748e-02 1.604992524732092377e-02 2.163750829585915289e-02 1.438378711052435387e-02 1.617339232049928854e-02 1.373334007871199365e-02 1.918176081705234154e-02 1.442226604837541087e-02 1.512951099151394092e-02 1.283660122433198485e-02 1.516168819492950438e-02 1.437056737776193360e-02 1.525319589855912358e-02 1.203746934588034549e-02 1.188576411142087778e-02 1.270955366488155970e-02 1.755649846115972870e-02 1.381029438837393271e-02 1.435367661015819404e-02 1.329996441151755880e-02 1.758302593516370207e-02 2.526673999198557688e-02 1.437162744828617868e-02 1.748943933777362056e-02 2.170697633995080991e-02 1.294095285998024536e-02 2.504514007288994454e-02 1.624573925582036005e-02 1.338508589646016968e-02 1.622373692255278319e-02 1.299395375449683386e-02 1.377155653831010906e-02 2.487222848080983262e-02 1.292227563540227463e-02 1.340026724538158701e-02 1.605951089628935777e-02 1.924596066024180166e-02 1.369669053783984999e-02 1.520276403838392507e-02 1.440381946237936917e-02 1.439691483512130742e-02 1.338377689771927045e-02 1.380737300335037505e-02 1.262951606568052040e-02 1.293957039538527233e-02 1.529142823941003274e-02 1.375442954324370727e-02 1.612776854929827419e-02 1.296505843221886986e-02 1.244545413260139330e-02 1.439453213038308782e-02 1.231126762498014997e-02 1.759846826920711399e-02 1.265052753328657284e-02 1.336317579744727632e-02 1.440831376462871002e-02
1.592085133709027905e-02 0.000000000000000000e+00 1.485710559604843349e-02 1.819181018803062849e-02 1.490648545626040503e-02 1.814808496786102926e-02 1.602877195234336458e-02 1.592128370239493523e-02 1.815870712608424684e-02 1.518098410005273152e-02 1.317364467377514850e-02 1.707827224637139749e-02 1.987030535458490788e-02 1.532381941330698133e-02 1.806383484349043458e-02 1.430838928937297645e-02 1.477744259304943596e-02 1.534640601701009813e-02 2.214321015742655094e-02 1.523874065354166411e-02 1.398981327136149602e-02 1.534968840483097799e-02 1.603041522593472504e-02 1.481646149877961956e-02 1.339681437664417413e-02 1.529941833396482494e-02 1.475023874539422609e-02 1.814453921931983779e-02 1.794959131197404814e-02 1.527808302809112624e-02 1.814936872444151625e-02 1.822972424726571061e-02 1.843566756318792965e-02 2.217779644980463066e-02 1.536256226831088020e-02 1.806579902412986521e-02 1.403626877552840296e-02 1.318523068519795310e-02 1.997135099291066224e-02 1.605662671014303211e-02 1.810087388153737084e-02 1.678100803621629389e-02 1.354273557906527162e-02 1.689143876467858602e-02 1.475430416538647468e-02 1.711875457837512896e-02 1.594599056885423471e-02 1.811915313505377614e-02 1.372180211412000160e-02 1.538210866326021609e-02 1.475806483711293408e-02 1.528195128097992357e-02 2.209017779383223162e-02 1.484847197652177861e-02 1.998340209794182906e-02 1.526697398907424577e-02 1.378455947901252934e-02 1.404027685798900534e-02 1.356845513647438918e-02 1.481091255144804594e-02 1.404450477458522861e-02 1.434959941560755119e-02 1.357284357819498778e-02 1.331391854296850100e-02 1.480493228952375721e-02 1.805750261612012325e-02 1.991468244655278039e-02 1.990811862490110551e-02 1.434168924376107851e-02 1.406082959090132999e-02 2.226673453240130343e-02 1.815249705335054628e-02 1.605135579972247900e-02 1.686816748771602023e-02 2.220724062528003570e-02 1.533672727299106690e-02 1.698229142140084136e-02 1.474303754850139585e-02 1.982908804059886967e-02 1.536739017576969034e-02 1.602032025893795897e-02 1.402061756651037938e-02 1.605099618196424369e-02 1.533750145303489597e-02 1.612983651002040594e-02 1.317081733599737882e-02 1.302971943882745044e-02 1.379302011416971493e-02 1.827842360055840706e-02 1.481006597159676037e-02 1.530468058001221293e-02 1.434634483754531308e-02 1.829813992986147053e-02 2.577165396916659273e-02 1.532199547939054260e-02 1.797405614966990015e-02 2.227653589800718953e-02 1.402103021217154279e-02 2.554966888966624453e-02 1.706058178387520260e-02 1.442733753707639045e-02 1.683433925040284107e-02 1.405167003905188373e-02 1.477528684372581697e-02 2.537942611167809046e-02 1.399496969976648728e-02 1.441805089984224755e-02 1.687251452793645315e-02 1.989246462333230103e-02 1.470891316909947802e-02 1.609545783329224128e-02 1.535471797851129493e-02 1.536099927694194178e-02 1.441739287179143354e-02 1.480690542805570935e-02 1.373524264295900542e-02 1.400564788988747401e-02 1.616540792618220701e-02 1.476149025455748137e-02 1.693308985306504755e-02 1.404571551918885712e-02 1.340620426979587283e-02 1.534928863771226233e-02 1.353020938816875893e-02 1.831802358365155342e-02 1.374435888661709390e-02 1.439609737595843285e-02 1.535307906268752916e-02
1.373340017260706036e-02 1.485710559604843349e-02 0.000000000000000000e+00 1.634229045424403018e-02 1.235496030724675051e-02 1.629267105047707206e-02 1.364501562836383311e-02 1.351206276333690413e-02 1.630466918181424155e-02 1.291123085169012044e-02 1.031041071271855333e-02 1.505050007893232560e-02 1.821242157102541739e-02 1.287963230244445687e-02 1.620558477986094176e-02 1.156852959153926476e-02 1.217832783799358345e-02 1.291118808616783901e-02 2.065985628884435890e-02 1.277167892916103789e-02 1.115982070383886131e-02 1.291231439306801676e-02 1.377475141763044586e-02 1.223426649875086238e-02 1.059181329531832388e-02 1.284992746043718027e-02 1.214218713793587152e-02 1.628953945733617806e-02 1.634631248854127514e-02 1.283209748114552511e-02 1.629304111767164442e-02 1.638793158656597429e-02 1.662008468778288645e-02 2.069136362643191410e-02 1.293324029781075385e-02 1.619850468124477832e-02 1.121935183105984488e-02 1.032172781715408674e-02 1.832560169643496911e-02 1.379973742986706844e-02 1.623915439854082057e-02 1.469308557356343442e-02 1.059400210242511520e-02 1.483450457854236688e-02 1.214431453873597230e-02 1.501498410629423762e-02 1.367436152625106476e-02 1.625979723550976738e-02 1.081735092436100255e-02 1.293795419958475822e-02 1.205427964311722028e-02 1.282658281218191157e-02 2.060528258700850338e-02 1.214040096503183307e-02 1.829361409361319329e-02 1.280651673136602199e-02 1.090561623094988240e-02 1.122313356898494742e-02 1.064223624706919606e-02 1.222556023242551103e-02 1.115341871710021429e-02 1.153606161760206000e-02 1.064445023401637200e-02 1.030396131345725184e-02 1.221267577519947675e-02 1.618885872251531188e-02 1.826258336787568021e-02 1.825579683006518794e-02 1.161375694973882169e-02 1.126269736034604674e-02 2.079130395425237907e-02 1.629853270381319275e-02 1.380006242280135478e-02 1.479626220523509554e-02 2.072965395722827647e-02 1.289906486851454329e-02 1.493321875486987999e-02 1.203424660762809906e-02 1.817089778343156103e-02 1.294178065405673754e-02 1.376229953361493737e-02 1.120753530245658346e-02 1.379559718156380364e-02 1.289936764075054650e-02 1.380055832681137233e-02 1.012979949661532188e-02 9.956561523448785242e-03 1.092059548195473649e-02 1.643865088538657565e-02 1.221922833316028273e-02 1.286376399015542321e-02 1.161791867618498786e-02 1.647158456209065619e-02 2.386497778947416909e-02 1.288523522757740146e-02 1.637395633021487482e-02 2.079796649160515001e-02 1.120661297589664769e-02 2.422961543720292613e-02 1.502810687495850089e-02 1.173363739149027932e-02 1.500290148499983794e-02 1.125610636721863407e-02 1.217660849752688797e-02 2.405295814284952316e-02 1.116712545976543229e-02 1.173708028532495680e-02 1.480933349588729221e-02 1.796735612157489628e-02 1.208761411952046470e-02 1.372946715496898250e-02 1.292101744278530487e-02 1.292465564802753285e-02 1.171408517581889151e-02 1.222138362164346993e-02 1.084062105907994747e-02 1.118970048091799674e-02 1.393021009964634342e-02 1.215752088766146322e-02 1.487292305138683893e-02 1.115660280832167506e-02 1.061589627507975898e-02 1.290939802500043650e-02 1.057683221845068244e-02 1.648634864913864004e-02 1.076743324109010087e-02 1.167841414826254788e-02 1.291249508452706196e-02
1.745375711026034282e-02 1.819181018803062849e-02 1.634229045424403018e-02 0.000000000000000000e+00 1.638352028935628410e-02 1.929640754122574284e-02 1.739707731165548651e-02 1.730195466348402253e-02 1.930621874089209766e-02 1.679088676463373619e-02 1.494461568584099995e-02 1.833095925405218984e-02 2.088391437239251955e-02 1.676283971329164263e-02 1.922654780705012473e-02 1.585347169664847941e-02 1.627436038909329738e-02 1.679077503234344126e-02 2.303058234460414119e-02 1.669333042203234932e-02 1.556143814878804821e-02 1.677467827376471696e-02 1.740145536906171145e-02 1.630895355998949678e-02 1.514290324329321466e-02 1.673581611084226650e-02 1.625378700552841671e-02 1.929320141188337404e-02 1.933848440300929561e-02 1.673296010462732228e-02 1.929551314445508703e-02 1.937160020983971428e-02 1.955694676270584159e-02 2.305880031475069855e-02 1.678924418350151090e-02 1.921998453255658462e-02 1.559822331259387400e-02 1.494879399094940602e-02 2.064002873485716594e-02 1.741837760593914486e-02 1.897774171575149563e-02 1.806925540266549404e-02 1.514988426600900190e-02 1.817433048555188585e-02 1.625498487160775482e-02 1.811383419266286016e-02 1.733022277764179053e-02 1.926863574333871967e-02 1.531539266503612051e-02 1.681999559308380160e-02 1.625263282083691530e-02 1.673170441488500484e-02 2.297434938526560569e-02 1.633265609038143940e-02 2.098875477106947399e-02 1.671811438141455539e-02 1.537381364748370907e-02 1.561083501259375762e-02 1.516671961155712130e-02 1.630969681839870497e-02 1.560903835724336552e-02 1.589172574652498657e-02 1.498158322558413615e-02 1.494080532599533460e-02 1.630267774953670507e-02 1.921524677225958100e-02 2.092957171196127564e-02 2.091870663944676162e-02 1.588437896245864164e-02 1.562414529193863026e-02 2.314712518457648360e-02 1.930035524770880306e-02 1.741826946774275783e-02 1.814562424022171314e-02 2.308995343221806676e-02 1.677846930623789340e-02 1.824634301757115801e-02 1.624764872711528807e-02 2.084354025588683670e-02 1.679969616015527731e-02 1.738907342141097004e-02 1.558917668852914315e-02 1.741504802557115872e-02 1.677924878021385888e-02 1.747955106943079734e-02 1.480743694945996745e-02 1.448146783455054806e-02 1.517905702812134480e-02 1.941202430303307080e-02 1.630382008758166079e-02 1.675732415648303886e-02 1.569034354014919169e-02 1.943819576557527171e-02 2.652786230306428475e-02 1.677108849646210403e-02 1.936049661148008319e-02 2.315643466631197786e-02 1.559407049012048740e-02 2.631866888459852630e-02 1.830598233391815891e-02 1.594103486642277009e-02 1.830224168524924311e-02 1.562552995877883669e-02 1.627343461447298967e-02 2.614826725351092340e-02 1.556781398392553806e-02 1.595674786026885644e-02 1.815426759270757570e-02 2.090182136746078501e-02 1.621634852707267913e-02 1.745852829187936536e-02 1.679388088296723466e-02 1.679816286482015836e-02 1.594997591668175646e-02 1.630157665771855141e-02 1.532130767875342255e-02 1.558365406462642287e-02 1.751178035735045935e-02 1.626416156975434360e-02 1.821027241184021428e-02 1.561127300121693297e-02 1.515968716413586791e-02 1.657440967170067947e-02 1.514285632867737319e-02 1.944815404460831232e-02 1.533348614590611739e-02 1.593755104754686694e-02 1.679995108879978050e-02
1.392197796014832574e-02 1.490648545626040503e-02 1.235496030724675051e-02 1.638352028935628410e-02 0.000000000000000000e+00 1.633272487559834368e-02 1.382989511518818194e-02 1.369741346885439137e-02 1.614311340102362116e-02 1.297542616076538362e-02 1.032253755452051946e-02 1.508940767751454533e-02 1.825154151308621547e-02 1.293934636395979720e-02 1.624574631748220213e-02 1.164252249680762172e-02 1.224799852201627175e-02 1.297446311255663620e-02 2.069240663337449521e-02 1.283330635972220087e-02 1.123855077083051913e-02 1.297412346692912097e-02 1.382916259290963359e-02 1.226632000519712641e-02 1.067465749456452187e-02 1.280105770046766414e-02 1.221061381484537384e-02 1.632757369132818021e-02 1.638637019852138416e-02 1.289415605418645604e-02 1.633514941928555439e-02 1.642838681582289156e-02 1.663816217370428854e-02 2.034067182060939408e-02 1.299482558423671261e-02 1.623918808736443328e-02 1.129898882026662658e-02 1.037088886386415380e-02 1.836084436356029762e-02 1.386037843867843865e-02 1.628105958470574613e-02 1.474101809837052857e-02 1.067715389114630431e-02 1.487854725464765604e-02 1.220801591932262065e-02 1.513928381365847731e-02 1.373109352772355907e-02 1.629909484426613625e-02 1.089847041667803447e-02 1.301819878201816716e-02 1.222085205210332245e-02 1.288858688545172805e-02 2.063608826294509660e-02 1.234179876835994269e-02 1.837641244018575759e-02 1.286813535969624778e-02 1.098924431022497983e-02 1.127298799228641617e-02 1.072138970153254517e-02 1.228989106421496044e-02 1.131281100464234107e-02 1.169675686082923341e-02 1.069054889436042710e-02 1.037968511982311458e-02 1.228144250769570497e-02 1.622941359502035052e-02 1.830589516034990608e-02 1.829301752871897654e-02 1.168778757858934987e-02 1.133627743124437925e-02 2.082143257451677526e-02 1.633762304176389693e-02 1.385590416272200649e-02 1.484423000515992276e-02 2.037677313127294471e-02 1.295893408085377861e-02 1.495139036825597970e-02 1.210278473074658835e-02 1.820537229784919761e-02 1.289445522913204231e-02 1.381473206503725480e-02 1.128294402763063350e-02 1.385452622919022304e-02 1.296163889744538986e-02 1.395222275155977472e-02 1.021536973699180978e-02 1.004375759550878329e-02 1.100043121823596724e-02 1.642054093998051786e-02 1.229170958181277813e-02 1.281263537986107939e-02 1.169358375827300213e-02 1.651147414754425974e-02 2.448600869834238747e-02 1.294504245072394984e-02 1.641187694792833884e-02 2.083176788670270188e-02 1.128210037954655888e-02 2.367562914271427107e-02 1.507186871802804022e-02 1.168839912509168216e-02 1.505396727680998782e-02 1.133099149211590044e-02 1.224397050718963390e-02 2.407935625679357566e-02 1.124413670807964359e-02 1.169046347475921968e-02 1.485770983574480342e-02 1.827358941488680874e-02 1.215759222811091562e-02 1.388463172212767854e-02 1.283359918451931585e-02 1.299005802263475569e-02 1.178753161454822694e-02 1.228654662997135001e-02 1.091722424903504227e-02 1.126526475636251308e-02 1.398563754949994943e-02 1.212709146650206224e-02 1.493181516796162484e-02 1.118183098461734450e-02 1.069641968234872655e-02 1.294155514451079264e-02 1.066595495957321782e-02 1.652627224433955364e-02 1.084892513367597192e-02 1.175855002703776221e-02 1.298723023238095367e-02
1.741860573965401879e-02 1.814808496786102926e-02 1.629267105047707206e-02 1.929640754122574284e-02 1.633272487559834368e-02 0.000000000000000000e+00 1.735055998304891114e-02 1.725945009544854053e-02 1.926340265482675077e-02 1.674006087652154737e-02 1.488991741512714698e-02 1.828786947652139699e-02 2.084948296709083701e-02 1.651072444884741156e-02 1.918669897341624547e-02 1.579991255082736218e-02 1.622565926938572892e-02 1.653240163103624275e-02 2.300079061471937622e-02 1.664410447193271150e-02 1.551200392094576400e-02 1.674105520180121931e-02 1.735241722250438490e-02 1.625888881940937974e-02 1.509341242245449896e-02 1.669524140924066868e-02 1.619988228836743635e-02 1.897677384279956511e-02 1.929725290699424792e-02 1.668207275829693137e-02 1.925649684028657438e-02 1.933213395755286820e-02 1.951844367523813961e-02 2.303240225490447643e-02 1.675081972090328164e-02 1.918202658614038755e-02 1.555080870880856669e-02 1.489707445580978548e-02 2.094402218882399427e-02 1.737599742167153169e-02 1.921226957422747864e-02 1.802588984978057210e-02 1.509834461829723078e-02 1.813109367678980913e-02 1.620579580886245472e-02 1.832036026288477726e-02 1.728328219083503231e-02 1.923036956655861662e-02 1.525775394840353689e-02 1.676926253015065954e-02 1.621116798411317145e-02 1.668202506970345098e-02 2.294723550381067359e-02 1.627998219764875687e-02 2.095624183002130214e-02 1.666838694580336303e-02 1.531648681330648014e-02 1.555901581717125323e-02 1.511441826469086223e-02 1.625938814552663897e-02 1.555857278422423731e-02 1.584018699050003531e-02 1.511844816589689479e-02 1.488777338521985079e-02 1.624956600231425990e-02 1.917328648910029271e-02 2.089536866847499508e-02 2.088417359937857001e-02 1.583021597771776950e-02 1.556797747165516825e-02 2.311745327424072002e-02 1.926075331331118801e-02 1.736986122168905980e-02 1.809326338660516287e-02 2.306189185981690273e-02 1.672965562773873899e-02 1.820323612609452482e-02 1.619488243759501303e-02 2.080668192730741189e-02 1.674607226280691585e-02 1.734318622597048540e-02 1.553996014466461212e-02 1.736735238463124609e-02 1.672754523418229847e-02 1.743450807635947911e-02 1.455966553596928746e-02 1.461894324001108449e-02 1.532063453378599942e-02 1.937030365068005688e-02 1.624803319307591490e-02 1.669964603258705660e-02 1.583661552657440394e-02 1.939659450275560415e-02 2.650984075218875552e-02 1.672173127028904471e-02 1.931933264724198726e-02 2.312694208671365118e-02 1.554213422438996406e-02 2.628992665618362298e-02 1.827315137132383069e-02 1.590186790546293388e-02 1.825900052225273504e-02 1.556935061041068991e-02 1.622442602777796755e-02 2.612194045509947174e-02 1.551430782090558805e-02 1.570970152687594865e-02 1.811130965478964516e-02 2.086371422171526963e-02 1.616635747718064495e-02 1.741110915091888950e-02 1.674196866053141025e-02 1.675144881903535901e-02 1.589606759701717165e-02 1.605104909110999581e-02 1.527887845542878764e-02 1.553105484327949731e-02 1.724298262255827274e-02 1.621368529071079770e-02 1.816638117040576816e-02 1.555984743947124924e-02 1.510545946184115897e-02 1.674078891263141439e-02 1.508968000470127871e-02 1.941075394583375094e-02 1.509474503201337948e-02 1.588429118063925879e-02 1.675090439364217143e-02
1.512746180501263471e-02 1.602877195234336458e-02 1.364501562836383311e-02 1.739707731165548651e-02 1.382989511518818194e-02 1.735055998304891114e-02 0.000000000000000000e+00 1.493855638040899464e-02 1.736275934483116901e-02 1.416770596173934013e-02 1.208779862491048129e-02 1.620460546232664958e-02 1.916798378273608730e-02 1.428054863850425349e-02 1.726894171643969175e-02 1.316243779466416512e-02 1.364389968980080775e-02 1.430193589079589364e-02 2.151845916563463468e-02 1.418731449284302108e-02 1.281627767848817628e-02 1.430980607878303695e-02 1.505989942589411150e-02 1.367589119991203736e-02 1.232700168904074696e-02 1.425383976328383102e-02 1.364860550318058169e-02 1.734587336288978543e-02 1.740061111025991564e-02 1.423747217343806527e-02 1.732725439569956713e-02 1.743732455932187411e-02 1.765676110788786876e-02 2.155231039405323609e-02 1.429198199650699372e-02 1.726074088588592376e-02 1.286579497075049719e-02 1.209788536986049039e-02 1.927314780176598435e-02 1.508669372265281257e-02 1.730189101739451618e-02 1.588043692341712526e-02 1.232990275552759904e-02 1.600928144931030792e-02 1.365286083575884511e-02 1.624748347604710111e-02 1.497069013015846217e-02 1.731829947749544130e-02 1.241061620083587676e-02 1.420393409351547280e-02 1.365716857082778166e-02 1.423388434087287553e-02 2.146392903542959293e-02 1.376024081542556038e-02 1.928638262646055132e-02 1.421787793756623501e-02 1.259780512092563594e-02 1.287881242080191231e-02 1.236569615294115868e-02 1.371706147782284987e-02 1.287623154477977698e-02 1.320579584184282222e-02 1.225846845750027878e-02 1.208247192204219000e-02 1.370714323462767989e-02 1.725510704649779389e-02 1.892947003509160009e-02 1.920308212580134830e-02 1.319743450098832122e-02 1.286103062030180891e-02 2.163969734609927018e-02 1.735312100423288401e-02 1.508356721831497459e-02 1.597506991415856628e-02 2.158232909547860498e-02 1.429570434577091126e-02 1.609937409494503757e-02 1.363922148615284366e-02 1.912259177367077109e-02 1.433441695339305287e-02 1.504888672994293859e-02 1.285287209239874620e-02 1.492473644064149993e-02 1.429660834893226040e-02 1.517214866243359571e-02 1.182041555099094289e-02 1.178093271254641861e-02 1.260411038052155173e-02 1.748982080343690348e-02 1.371576547767382540e-02 1.426677359792740719e-02 1.320586345743132890e-02 1.751652380548189905e-02 2.521934197210377870e-02 1.428347916833949509e-02 1.742642347747603432e-02 2.125499230584242463e-02 1.284074832967514734e-02 2.499742593814597083e-02 1.618321252670070626e-02 1.328754317889579983e-02 1.615390879712514868e-02 1.289338586614476381e-02 1.367860185909893465e-02 2.482207685094781416e-02 1.281821847925379391e-02 1.330363762262404791e-02 1.598478766663178133e-02 1.918343345444752449e-02 1.360285405045801900e-02 1.512194175675593208e-02 1.431637077580368879e-02 1.432250705743837865e-02 1.328597479111911367e-02 1.371404585750104696e-02 1.253931676042255826e-02 1.283790095730762831e-02 1.521023909863782574e-02 1.366139942003481364e-02 1.605355631765106872e-02 1.287849678234691611e-02 1.234746133144596324e-02 1.430959724033120661e-02 1.220790808154644837e-02 1.753085525027733502e-02 1.254739600668438107e-02 1.326731040983512161e-02 1.432075265958875944e-02
1.486610072217920200e-02 1.592128370239493523e-02 1.351206276333690413e-02 1.730195466348402253e-02 1.369741346885439137e-02 1.725945009544854053e-02 1.493855638040899464e-02 0.000000000000000000e+00 1.727098474980766352e-02 1.417859114608776075e-02 1.193019696102528594e-02 1.610447129786438808e-02 1.908536655561467524e-02 1.414885243787206148e-02 1.717563992536962417e-02 1.301704629580172773e-02 1.354236223482508349e-02 1.417489734981312866e-02 2.144563743070944037e-02 1.405480548874007106e-02 1.266325450199855263e-02 1.417954328755540068e-02 1.494250983854087007e-02 1.358940735555410478e-02 1.217219167264310849e-02 1.412300516205220770e-02 1.350807599042222126e-02 1.725463783792610326e-02 1.730824949522908815e-02 1.410603874483352428e-02 1.726090806627925481e-02 1.734838789115566993e-02 1.756769134034742719e-02 2.147979838000691616e-02 1.419749121622985305e-02 1.716995813383499075e-02 1.260059859807044838e-02 1.183374499943579822e-02 1.919118905915668735e-02 1.497004311576717248e-02 1.720834940442456801e-02 1.577342177696271566e-02 1.217622306259429077e-02 1.590177902876541496e-02 1.351084171075182978e-02 1.614373920090813111e-02 1.485206843281760419e-02 1.722592024729543980e-02 1.236898327549035975e-02 1.421532521074037221e-02 1.351425805419117533e-02 1.410234972327597744e-02 2.139257623276982420e-02 1.362812214029372748e-02 1.920771277131675184e-02 1.408560630799321998e-02 1.233315282173465081e-02 1.273079999980338516e-02 1.221471163006863231e-02 1.358016088645774139e-02 1.272784687837530578e-02 1.306252905158041162e-02 1.211164738045997225e-02 1.192443828336391468e-02 1.356883088910352218e-02 1.716319108110159544e-02 1.913665957236891993e-02 1.912753908596011992e-02 1.305179385777203993e-02 1.274806602417480686e-02 2.157057867417812996e-02 1.726012170430701875e-02 1.496493958162947897e-02 1.586860828494738793e-02 2.151183656886591217e-02 1.416599806418386738e-02 1.599490461517629608e-02 1.349943894990617357e-02 1.904187585538986982e-02 1.420673288377840952e-02 1.492703263949455780e-02 1.270113333212595334e-02 1.480939843338464380e-02 1.416661192892441738e-02 1.505723533616928553e-02 1.177093941257857310e-02 1.161925057460949477e-02 1.245592045530338234e-02 1.739949923837901674e-02 1.357902326557122383e-02 1.413553577187418205e-02 1.294008523980622223e-02 1.742713783463049546e-02 2.515887802639660276e-02 1.415286241362648766e-02 1.733512905115561914e-02 2.158461025436146999e-02 1.270404944146958683e-02 2.493660876500197743e-02 1.608077377514205084e-02 1.315909944145487488e-02 1.606224032643321226e-02 1.274520844696639017e-02 1.353853914150054787e-02 2.476097214159484958e-02 1.266799474678835698e-02 1.316414592441833217e-02 1.587840007566376777e-02 1.910649672087216117e-02 1.346199598357990940e-02 1.501888455319087649e-02 1.418712792354982592e-02 1.419255509023586645e-02 1.314296163976788265e-02 1.357722379194540446e-02 1.238784119899244592e-02 1.268953676330637423e-02 1.509625607985118356e-02 1.352093543554793928e-02 1.594662219553640015e-02 1.272961541470508419e-02 1.208446822529779356e-02 1.404178660825606238e-02 1.216344740889423875e-02 1.744007357824608334e-02 1.239323866619542955e-02 1.312264421186637615e-02 1.419030538792743351e-02
1.742606256107806159e-02 1.815870712608424684e-02 1.630466918181424155e-02 1.930621874089209766e-02 1.614311340102362116e-02 1.926340265482675077e-02 1.736275934483116901e-02 1.727098474980766352e-02 0.000000000000000000e+00 1.675001914356403707e-02 1.489941354731888316e-02 1.805291444355707278e-02 2.085643669605800540e-02 1.673045646817340401e-02 1.919663177955437811e-02 1.581527165100886020e-02 1.623405726308719751e-02 1.675388024770624665e-02 2.300836339030048680e-02 1.665297581861206744e-02 1.552249787937959487e-02 1.675474781090820209e-02 1.736218083945171090e-02 1.627023518114916606e-02 1.510822214574484949e-02 1.670620672697193873e-02 1.621581959476411233e-02 1.926326021387012033e-02 1.930285311277126978e-02 1.669618129573584298e-02 1.926705975729920556e-02 1.934202120141161052e-02 1.952333153369193927e-02 2.303504808234661458e-02 1.676333678742322059e-02 1.919194621077176255e-02 1.556508603718886018e-02 1.490844933470138536e-02 2.095250320222200383e-02 1.738746863250329594e-02 1.922452626229606901e-02 1.803594333776724692e-02 1.511142096237772479e-02 1.789888315652265680e-02 1.601815293442322360e-02 1.833214825226664457e-02 1.729173507239343405e-02 1.924031509113931920e-02 1.527475738594894286e-02 1.678324727586841258e-02 1.622362749701272353e-02 1.669183403593836601e-02 2.295764930048252439e-02 1.629472024782931475e-02 2.096490586980826257e-02 1.667844565519366676e-02 1.533437142188803261e-02 1.557218805897053054e-02 1.512609992386223200e-02 1.627177130876414010e-02 1.556989823041234934e-02 1.585287883193757866e-02 1.512992824822339231e-02 1.470962880053457156e-02 1.625789845053497371e-02 1.918530218206975987e-02 2.090396007740125822e-02 2.089270031093394542e-02 1.583926352507776525e-02 1.558065064731168833e-02 2.312511017894409299e-02 1.927067857453364230e-02 1.738196451831129988e-02 1.811317422496038984e-02 2.306644171669637242e-02 1.674164398296886305e-02 1.821361005494427990e-02 1.620798443381168269e-02 2.081758915034190652e-02 1.676390462488365832e-02 1.735599966329227917e-02 1.555422151376326979e-02 1.738088391037450123e-02 1.674349832993233742e-02 1.744514574653597758e-02 1.476685540763418916e-02 1.462880573621903359e-02 1.533286823996225096e-02 1.937981527656730540e-02 1.626685521646945715e-02 1.671411309641269646e-02 1.584782472828437025e-02 1.940867954779908200e-02 2.651638461880975392e-02 1.673437674911681244e-02 1.933079087128255699e-02 2.313446905957267791e-02 1.555594079259926474e-02 2.629594266443167558e-02 1.827869495888650650e-02 1.591379157284603454e-02 1.826961886574543156e-02 1.557956097260209706e-02 1.623594633008641416e-02 2.612161760587511025e-02 1.552893448835618480e-02 1.591752532947427953e-02 1.812211922468460676e-02 2.087045941479113292e-02 1.617660686061270572e-02 1.742275903443939525e-02 1.675450486200015174e-02 1.676277921910775820e-02 1.591148515782396522e-02 1.626518987387659890e-02 1.529188417392289036e-02 1.554413491013666854e-02 1.725279119673798003e-02 1.622457193090638336e-02 1.817708828194675164e-02 1.537815340164788713e-02 1.511992002376093269e-02 1.675249591299291310e-02 1.510211243788950504e-02 1.942045376433776740e-02 1.529489300269226172e-02 1.570217487930926706e-02 1.676272905420459272e-02
1.439161500919269865e-02 1.518098410005273152e-02 1.291123085169012044e-02 1.679088676463373619e-02 1.297542616076538362e-02 1.674006087652154737e-02 1.416770596173934013e-02 1.417859114608776075e-02 1.675001914356403707e-02 0.000000000000000000e+00 1.105726913466336010e-02 1.536415814023135012e-02 1.862677811449696755e-02 1.345657616897475567e-02 1.665605206561097257e-02 1.223089841951230730e-02 1.279694887391740095e-02 1.336258954174000466e-02 2.103266382998246822e-02 1.335459962903589627e-02 1.185377408478592402e-02 1.348849174652185824e-02 1.416542730945320391e-02 1.285346612091658319e-02 1.132055063796638325e-02 1.342698632782077413e-02 1.276271102181751257e-02 1.673809721933883568e-02 1.678854680482069761e-02 1.340878786789251147e-02 1.674310482925385826e-02 1.683413525759271806e-02 1.704389594075170211e-02 2.106923543550290670e-02 1.351048351343505857e-02 1.665029025671841204e-02 1.191012755034536429e-02 1.107579465001567662e-02 1.873409525277002288e-02 1.433502913781197104e-02 1.669050162977763624e-02 1.518956999096908976e-02 1.132596085934074216e-02 1.532424544819409144e-02 1.276559358317005261e-02 1.558118819822859602e-02 1.407028759428387461e-02 1.670976518036171310e-02 1.153427485477582712e-02 1.352524768907599137e-02 1.277445063014197128e-02 1.340137193433417820e-02 2.097719080208848216e-02 1.289802200410712640e-02 1.874892509893564402e-02 1.338659842892639396e-02 1.162004923023101689e-02 1.192537127270457131e-02 1.137483883274245135e-02 1.271377976804794960e-02 1.192557249153315853e-02 1.228129566603529399e-02 1.137937920212561162e-02 1.106043333354978300e-02 1.280990853299896273e-02 1.664214086241955562e-02 1.867623443659077384e-02 1.838555546109378602e-02 1.226963443381662647e-02 1.195079781667484492e-02 2.116229127770822421e-02 1.674685492456606806e-02 1.433199775477534722e-02 1.528933518668014989e-02 2.110112760364782347e-02 1.347587323877818058e-02 1.542230489789900641e-02 1.275528502592548734e-02 1.857990154133648542e-02 1.352220284121198948e-02 1.429287554920875142e-02 1.180285187647867051e-02 1.432792709625292822e-02 1.345784942078082774e-02 1.443016958357334033e-02 1.089413848977850360e-02 1.073786511581192524e-02 1.163698618649189678e-02 1.688506880084764475e-02 1.284421476869263348e-02 1.344008747787434760e-02 1.227886052219574926e-02 1.691198908611434709e-02 2.479528594356005325e-02 1.346071519683957052e-02 1.681678332479782240e-02 2.116881851255572600e-02 1.189699388831130453e-02 2.456692644336812281e-02 1.550796560602337067e-02 1.239531742405780741e-02 1.548676650931997065e-02 1.184182839720962846e-02 1.279728302723999109e-02 2.438506151177791126e-02 1.185914247374077884e-02 1.239423675025202141e-02 1.529988645221611390e-02 1.864719988839147469e-02 1.271330460258984253e-02 1.437740524680447378e-02 1.349827601775981274e-02 1.350250849665623858e-02 1.237335152077430160e-02 1.284063754717330169e-02 1.146033508212030566e-02 1.187820828925001924e-02 1.447035496832032621e-02 1.277772623468673846e-02 1.537074020075048300e-02 1.192811085353830992e-02 1.134626739911185657e-02 1.349156137314356033e-02 1.129791088250610767e-02 1.692826439656318349e-02 1.156089175970138362e-02 1.234514144840454138e-02 1.349879706301100254e-02
1.219050045493639406e-02 1.317364467377514850e-02 1.031041071271855333e-02 1.494461568584099995e-02 1.032253755452051946e-02 1.488991741512714698e-02 1.208779862491048129e-02 1.193019696102528594e-02 1.489941354731888316e-02 1.105726913466336010e-02 0.000000000000000000e+00 1.338656395204732182e-02 1.694038990836399527e-02 1.102432958242930382e-02 1.461144695115586083e-02 9.293863963333592881e-03 1.015500295597992521e-02 1.106102271443100936e-02 1.949340831358185519e-02 1.080728015369704018e-02 8.801024572414252456e-03 1.106498841340314634e-02 1.208746825060117228e-02 1.023407445853998128e-02 8.004247641153443629e-03 1.098678352668605238e-02 1.003435126455130659e-02 1.488681619698494461e-02 1.494478604496875772e-02 1.096544424034731798e-02 1.489035680419323153e-02 1.499165068160686169e-02 1.523885906811406690e-02 1.952713090778029903e-02 1.108776840225563463e-02 1.478842162531338045e-02 8.888897386227466446e-03 7.640693969658648131e-03 1.705874975894416945e-02 1.212199572584560063e-02 1.483214205466015269e-02 1.299624740957366388e-02 8.014761855909964886e-03 1.329257388352089557e-02 1.010758140120207593e-02 1.358154908547004255e-02 1.196445530347353160e-02 1.485556429487718683e-02 8.327536450615125041e-03 1.111712792453771123e-02 1.004446519773622912e-02 1.095740673283043462e-02 1.943269111737069843e-02 1.029175697039687656e-02 1.706739857215416878e-02 1.093334077022842417e-02 8.465314805614942636e-03 8.928053059629173158e-03 8.115713835565875264e-03 1.021413417124295009e-02 8.919591712536581105e-03 9.365940453739046018e-03 8.130970460760359939e-03 7.589306765383994555e-03 1.019413437404692244e-02 1.477913049346112236e-02 1.699485974073367336e-02 1.698414826407973130e-02 9.411758478948095696e-03 8.969642551881490053e-03 1.962727512096696866e-02 1.489410483318405996e-02 1.211557652506600226e-02 1.324712700775652723e-02 1.956071367093951616e-02 1.105005112557860998e-02 1.340013165063155473e-02 1.001908682650637372e-02 1.689063918992451604e-02 1.110589293308084959e-02 1.206727643024474092e-02 8.881444145149035643e-03 1.211686357657334838e-02 1.104891123388984826e-02 1.223487147790333282e-02 7.355777343550362612e-03 7.093628761607476997e-03 8.509479010736217819e-03 1.504710301865055597e-02 1.021634683948836018e-02 1.099945242864838919e-02 9.425279993878670284e-03 1.508086784857381665e-02 2.339704535044592748e-02 1.101878032087653773e-02 1.496833395535038420e-02 1.963789611343658148e-02 8.852472261975127474e-03 2.315827549930822224e-02 1.350257441870816345e-02 9.603062821689838449e-03 1.333541276037904059e-02 8.942169954976963639e-03 1.015635282332067423e-02 2.297491120689914082e-02 8.807111501676777657e-03 9.605654387352073956e-03 1.325931940788172350e-02 1.696457595623493408e-02 9.963513789072356297e-03 1.218371119555571730e-02 1.107689142097539881e-02 1.108521825491724094e-02 9.568226104200647231e-03 1.014252436551977936e-02 8.358831445968639348e-03 8.787000099155145572e-03 1.228215758031147957e-02 1.012179026855055189e-02 1.334622282145727333e-02 8.924823464536336612e-03 8.071659929403743328e-03 1.106976982596090744e-02 7.958741256772190395e-03 1.509915149020486271e-02 8.365652012286792574e-03 9.525371256029454073e-03 1.108179935657942553e-02
1.628055442174767414e-02 1.707827224637139749e-02 1.505050007893232560e-02 1.833095925405218984e-02 1.508940767751454533e-02 1.828786947652139699e-02 1.620460546232664958e-02 1.610447129786438808e-02 1.805291444355707278e-02 1.536415814023135012e-02 1.338656395204732182e-02 0.000000000000000000e+00 1.999226652798682599e-02 1.551288632013776009e-02 1.821171918452911542e-02 1.451142435760684885e-02 1.481101808474456598e-02 1.553526439582810122e-02 2.224377990312524644e-02 1.542825092997860033e-02 1.419396676568340440e-02 1.553811609638102234e-02 1.620095552761073934e-02 1.500750962225817775e-02 1.375025785581338207e-02 1.548850067219365370e-02 1.494629561605873534e-02 1.828518764756340356e-02 1.833283879057174756e-02 1.547397802983358633e-02 1.828459389010374594e-02 1.837025860888476594e-02 1.831113144287222980e-02 2.227855656663214889e-02 1.554919843826663671e-02 1.820752736665826044e-02 1.424353045563398444e-02 1.353744179333842695e-02 2.008765066714718328e-02 1.623241379096032957e-02 1.824311535913815049e-02 1.694574140260048448e-02 1.374592045127432695e-02 1.705623526155748346e-02 1.494541158419042740e-02 1.727249451119501969e-02 1.612854638478147806e-02 1.826022474230757503e-02 1.393224522878160065e-02 1.556993725686531792e-02 1.495607838752007444e-02 1.547156940755437318e-02 2.219287298058030336e-02 1.503960569316297423e-02 2.010494542245687064e-02 1.545677182652442465e-02 1.399382798086556794e-02 1.425102876469934270e-02 1.370607904329223560e-02 1.500752053146439495e-02 1.424951899611038610e-02 1.455271230816104072e-02 1.371191703934453339e-02 1.352259969492558035e-02 1.483110618589838538e-02 1.820059103074516196e-02 2.004071916691691976e-02 2.001722739706928225e-02 1.454408712512278087e-02 1.426523546004440819e-02 2.236693892929462676e-02 1.829300687934367134e-02 1.622908135988671008e-02 1.703071513924007269e-02 2.230129242471327877e-02 1.552206754165555425e-02 1.713675758559525183e-02 1.494076177848135435e-02 1.994244071363870940e-02 1.555070265933716257e-02 1.619865909891730904e-02 1.422892128168127407e-02 1.622493416631960034e-02 1.552536571525350677e-02 1.629891553568433779e-02 1.338193454272615206e-02 1.324387930944270417e-02 1.392736085261595848e-02 1.841028966477321199e-02 1.500518308327098913e-02 1.549921667949477437e-02 1.454925602465141632e-02 1.844252674388258476e-02 2.585711061922617293e-02 1.551432171023687558e-02 1.835812416583704546e-02 2.237392492000217503e-02 1.423230410086565728e-02 2.563559492855815858e-02 1.699999688033804190e-02 1.462414289530071174e-02 1.720203746414509030e-02 1.411099680641410975e-02 1.497218661423604762e-02 2.487709938791834649e-02 1.420245452218401802e-02 1.462711104789076941e-02 1.703869035729565357e-02 2.001039239200442382e-02 1.490539720870762662e-02 1.627261043178715796e-02 1.554200388674338053e-02 1.554994630748776120e-02 1.461884361454761534e-02 1.500242932992683527e-02 1.394438531728645070e-02 1.421711453362717488e-02 1.625479288859066687e-02 1.495948849853431274e-02 1.710026838415828337e-02 1.424577280830113118e-02 1.376398675223625134e-02 1.553683764290198117e-02 1.374389218317838453e-02 1.845515465838508742e-02 1.395386229237389336e-02 1.459387723215858738e-02 1.554661584397510829e-02
