0.000000000000000000e+00 6.478571154016041049e-03 6.470975913243978174e-03 6.476036681683527453e-03 6.478574586465613884e-03 6.460894226711634721e-03 6.478583170421730979e-03 6.478581912972978217e-03 6.470979237515907950e-03 6.483649835562259323e-03 6.476038531673739690e-03 6.470980470075937685e-03 6.468455111965365489e-03 6.468447028054278951e-03 6.465929539420166121e-03 6.476040335964076619e-03 6.476039923862385306e-03 6.478587457794116912e-03 6.478577630515878344e-03 6.473504004694957681e-03 6.478564881896617389e-03 6.465926935201080951e-03 6.455878855405887580e-03 6.483654754185040094e-03 6.491314381975567260e-03 6.465927469275501056e-03 6.470966111690338272e-03 6.478567051124770396e-03 6.478583802487846571e-03 6.476035337265244156e-03 6.478583802966867908e-03 6.486223469183500373e-03 6.481144662543721589e-03 6.473534301394290140e-03 6.483682699328138961e-03 6.486237511719835508e-03 6.483686483402270259e-03 6.486237403332364634e-03 6.478604930381104410e-03 6.476080162175005574e-03 6.483685869808250048e-03 6.483695332709906757e-03 6.471004967475242967e-03 6.473529822291085485e-03 6.478603163456400638e-03 6.481143408048671214e-03 6.481147817500840062e-03 6.483680743526059644e-03 6.478594255374944995e-03 6.476075162076036160e-03 6.471011823034707698e-03 6.476067008017343148e-03 6.471013839353507123e-03 6.499034123796443470e-03 6.471019457688808457e-03 6.481140887043607655e-03 6.493902572507232775e-03 6.476070656885975739e-03 6.478610689618281848e-03 6.486245038409011072e-03 6.478599274484233769e-03 6.468494287171978017e-03 6.481140268698596177e-03 6.473537826662623465e-03 6.473534216594031311e-03 6.478601273577627197e-03 6.478606287773167743e-03 6.486236762628866566e-03 6.491344281301842517e-03 6.478610084787701263e-03 6.463463606862507316e-03 6.481144686058411784e-03 6.476067021296120531e-03 6.473541213890625021e-03 6.473536729399610376e-03 6.493905745188462489e-03 6.478606207811553157e-03 6.486234337903319484e-03 6.478609454849807749e-03 6.481146536182994834e-03 6.483693451050581008e-03 6.483691542729354274e-03 6.478602533870237053e-03 6.483685886074037376e-03 6.471017596701626393e-03 6.478610702812099414e-03 6.481139545694253150e-03 6.481141522450625456e-03 6.486240032087306658e-03 6.476075154378702937e-03 6.483694067130440879e-03 6.476070051553391334e-03 6.476075149358113958e-03 6.486234350379956395e-03 6.473541204621445846e-03 6.483695315643482095e-03 6.478612632103266343e-03 6.476070686705196616e-03 6.481158552429090204e-03 6.488797705662765342e-03 6.483688952486872832e-03 6.481152257442092390e-03 6.473544860184003366e-03 6.478618283011327271e-03 6.491349363860766594e-03 6.483698515940673410e-03 6.483693483155800533e-03 6.491344198181546281e-03 6.473545495727275889e-03 6.476076467735379823e-03 6.471015737095699681e-03 6.488789380583359113e-03 6.478615761786246999e-03 6.476075596241040455e-03 6.481151005293905171e-03 6.486246373930278433e-03 6.488791910360113512e-03 6.478613872023330535e-03 6.488793917545997159e-03 6.486234380944971324e-03 6.488795810314688939e-03 6.486237441000722651e-03 6.473546111146423823e-03 6.478611372558625882e-03 6.473546131555606847e-03 6.465989442781931024e-03 6.483691475625863974e-03 6.473550644501203065e-03
6.478571154016041049e-03 0.000000000000000000e+00 6.465889939613065143e-03 6.473481841910413460e-03 6.473489995927094939e-03 6.455800083018516794e-03 6.473505385431490601e-03 6.473502777537298337e-03 6.465891918749471987e-03 6.476045001400206926e-03 6.468428239612790571e-03 6.465893179546885507e-03 6.463369129206149311e-03 6.463352883417873909e-03 6.460836779508774552e-03 6.473485502459359019e-03 6.470962107458541439e-03 6.473505643284588849e-03 6.476025533252991948e-03 6.465892335569355283e-03 6.470958659703224085e-03 6.460835529288074149e-03 6.453290110358707830e-03 6.478572948114561837e-03 6.483714998755848655e-03 6.460836057992048846e-03 6.465880142845477005e-03 6.470956780644835163e-03 6.473504665611085063e-03 6.470954813078829207e-03 6.473506016629557505e-03 6.481151180765493819e-03 6.476065553611996123e-03 6.468447008311227139e-03 6.478604963069836339e-03 6.481163868292731840e-03 6.478610103447574389e-03 6.481163759898669885e-03 6.473524444659549230e-03 6.470995608809477877e-03 6.478609491221244861e-03 6.478618962294323443e-03 6.465916283044545639e-03 6.468442525148958636e-03 6.473521324209284729e-03 6.476064298440246600e-03 6.476068713308693117e-03 6.478605691037656912e-03 6.473512407306869498e-03 6.470990603997695857e-03 6.465921814532519900e-03 6.470982442505050086e-03 6.465923831610780395e-03 6.493974172522013616e-03 6.465929455342305995e-03 6.476061775383313950e-03 6.488837137035528661e-03 6.470986095371500380e-03 6.473528859114322312e-03 6.481171403026492368e-03 6.473517431139784277e-03 6.463401562093934460e-03 6.476061156392915082e-03 6.468451888401039428e-03 6.468446922831648863e-03 6.473519429589320341e-03 6.473524450493974187e-03 6.481163119805371207e-03 6.486276106731709429e-03 6.473528251625107130e-03 6.458364100573456106e-03 6.476065575813594322e-03 6.470982452433155299e-03 6.468453926237764315e-03 6.468450770490298887e-03 6.488840311750245470e-03 6.473525704733466835e-03 6.481160690382357752e-03 6.473527621014453157e-03 6.476067429904963473e-03 6.478617076574961532e-03 6.478613819358773791e-03 6.473520691903482394e-03 6.478609504153076681e-03 6.465927589641017222e-03 6.473528869632590860e-03 6.476060429347766170e-03 6.476062409461868369e-03 6.481166389343165357e-03 6.470990594259363321e-03 6.478617693316625348e-03 6.470985485382709998e-03 6.470989241076192770e-03 6.481160702210717224e-03 6.468453917617952853e-03 6.478618945166330842e-03 6.473530800363037040e-03 6.470986123893251313e-03 6.476079457097792813e-03 6.483726805497250917e-03 6.478612576628732522e-03 6.476073155345678754e-03 6.468458927412687291e-03 6.473536458014684560e-03 6.486281196075982698e-03 6.478622147583302203e-03 6.478617108736217829e-03 6.486276023648200606e-03 6.468456864598897717e-03 6.470991909056972649e-03 6.465925729359618679e-03 6.483718472940811807e-03 6.473533935405287147e-03 6.470991038816560799e-03 6.476071901185018014e-03 6.481172739338421536e-03 6.483721004753057772e-03 6.473532043602548379e-03 6.483723011988163330e-03 6.481160732819181772e-03 6.483724907451175572e-03 6.481163798917202214e-03 6.468457483382959033e-03 6.473529540130039221e-03 6.468458851307927644e-03 6.460894013333379551e-03 6.478615101152238563e-03 6.468463367030334761e-03
6.470975913243978174e-03 6.465889939613065143e-03 0.000000000000000000e+00 6.468406833557707562e-03 6.468413650830105201e-03 6.450708768112790696e-03 6.468435837181325809e-03 6.468431873370612990e-03 6.460812833767683172e-03 6.470975480128622094e-03 6.465873501447382335e-03 6.460814083259285370e-03 6.460804876250058303e-03 6.455750785386382348e-03 6.455753593145559417e-03 6.465886180188906013e-03 6.465884426944135295e-03 6.468440127993583394e-03 6.468430279079398319e-03 6.460813247275491895e-03 6.468407988872727429e-03 6.455749640522007171e-03 6.445682537199804059e-03 6.470981753016099777e-03 6.478655045143878050e-03 6.455750184722620563e-03 6.460801040410299630e-03 6.465883149745687598e-03 6.470958092499809640e-03 6.465879823573687443e-03 6.468435115155096206e-03 6.476089826072149898e-03 6.470994659456173574e-03 6.463367927749000263e-03 6.473536791413083726e-03 6.476098440114820033e-03 6.473541937850612465e-03 6.476098331706568040e-03 6.468449471045970706e-03 6.465919268958385605e-03 6.473541324321462238e-03 6.473550806878631408e-03 6.460833145184538898e-03 6.463363439210610337e-03 6.468447698104337791e-03 6.470993402264088763e-03 6.470997821222436441e-03 6.473536187882752112e-03 6.468438771730869279e-03 6.465914258111766892e-03 6.460840014190128051e-03 6.465906087842613822e-03 6.460842034706912318e-03 6.488922435269804841e-03 6.460847665154553429e-03 6.470990875836401049e-03 6.483779917331575562e-03 6.465909745403105278e-03 6.468455240441708769e-03 6.476105981561075704e-03 6.468443801633231953e-03 6.458317048821932485e-03 6.470990256187764827e-03 6.463372811845237952e-03 6.463367843671188710e-03 6.468445804813329446e-03 6.468450830437274222e-03 6.476099034417661347e-03 6.481216151826101751e-03 6.468454635010664928e-03 6.453275504266206553e-03 6.470994683049002653e-03 6.465906100488880669e-03 6.463374855181761372e-03 6.463370363219232001e-03 6.483783096807817746e-03 6.468450751209438125e-03 6.476095260813260167e-03 6.468454003715345957e-03 6.470996537790910455e-03 6.473548921841943901e-03 6.473547006730886316e-03 6.468447067156935827e-03 6.473541340630648878e-03 6.460845800150804771e-03 6.468455253674547205e-03 6.470989533155985414e-03 6.470991512624835532e-03 6.476100966559854982e-03 6.465914251060379640e-03 6.473549538568120106e-03 6.465909138801908922e-03 6.465914244675072427e-03 6.476095272670069972e-03 6.463374846542086459e-03 6.473550790438965807e-03 6.468457187814673909e-03 6.465911118765431051e-03 6.471008579903027823e-03 6.478664122805630546e-03 6.473545759294350305e-03 6.471002271382869306e-03 6.463378512168157369e-03 6.468462850881867045e-03 6.481221244614308527e-03 6.473553997614359991e-03 6.473548954702037887e-03 6.481216068088240488e-03 6.463377796897363387e-03 6.465915567269694790e-03 6.460843937853580354e-03 6.478655780769821022e-03 6.468460324880095577e-03 6.465914695640004491e-03 6.471001017211116743e-03 6.476107322020629824e-03 6.478658315965447369e-03 6.468458431713977781e-03 6.478660325906671243e-03 6.476095303965699254e-03 6.478662223393963533e-03 6.476098372127522818e-03 6.463379762485588556e-03 6.468455926224664365e-03 6.463381128416615697e-03 6.455806799997495030e-03 6.473546943063088720e-03 6.463384306793137739e-03
6.476036681683527453e-03 6.473481841910413460e-03 6.468406833557707562e-03 0.000000000000000000e+00 6.470952848646344471e-03 6.455789937993138862e-03 6.473496623266770250e-03 6.476021054932608149e-03 6.468407458358679807e-03 6.476034879156535203e-03 6.468418118086026285e-03 6.465885729601296254e-03 6.463361706220718123e-03 6.460825190139397184e-03 6.460827984979337392e-03 6.470952395397360120e-03 6.470950635406727720e-03 6.473503611866087554e-03 6.476016758968105615e-03 6.468410576047588061e-03 6.470947193053416466e-03 6.460825384864005150e-03 6.450769131056770765e-03 6.476039804945881058e-03 6.486241472890868186e-03 6.460828615965179093e-03 6.465868655210598066e-03 6.470946654340264254e-03 6.473497255971231122e-03 6.473473072946786186e-03 6.473494563528562999e-03 6.483674928479701144e-03 6.476055404074041247e-03 6.468436841878323282e-03 6.478594814270437381e-03 6.481155071729850087e-03 6.478601304818949226e-03 6.481156311521174378e-03 6.473514289723713427e-03 6.470986793280426343e-03 6.478599344421946508e-03 6.478610162324500293e-03 6.465904779088016072e-03 6.468432356722989343e-03 6.473511167243893583e-03 6.476054145552859881e-03 6.476059907267196422e-03 6.478594212041151844e-03 6.473503594511014446e-03 6.470981787134110277e-03 6.465911640709282905e-03 6.470972280811685719e-03 6.465913659789307606e-03 6.493964056934664955e-03 6.465919282853224009e-03 6.476051623833419847e-03 6.488827012574834366e-03 6.470975935707770285e-03 6.473518703512680557e-03 6.481159911479275962e-03 6.473508633189378747e-03 6.463391384878711989e-03 6.476052348334324429e-03 6.465918759062522225e-03 6.468438112028580822e-03 6.473510628229734755e-03 6.473515649160564711e-03 6.481154331362620757e-03 6.486267329778416801e-03 6.473519449624300093e-03 6.458355270235712972e-03 6.476056779873161709e-03 6.470973645682847990e-03 6.468445114767459175e-03 6.468440628213371728e-03 6.488831538227299127e-03 6.473515571235201500e-03 6.481150557748535483e-03 6.473518819671690051e-03 6.476058630627292388e-03 6.478608285389267189e-03 6.478605026842547410e-03 6.473511889218537714e-03 6.478600712278943449e-03 6.465918773440501068e-03 6.473520066961207381e-03 6.476051633411300870e-03 6.476053611512352752e-03 6.481157602225793950e-03 6.470981787522541752e-03 6.478608901452515348e-03 6.470976679984363766e-03 6.470980435679542231e-03 6.481151915083929738e-03 6.468445106146876629e-03 6.478610152645420707e-03 6.473522000377419233e-03 6.470977319847274686e-03 6.476070661862800247e-03 6.483718024484708825e-03 6.478603786793542089e-03 6.476064360096327015e-03 6.468450117299406020e-03 6.473527658040600062e-03 6.486272419806517198e-03 6.478613357080401959e-03 6.478608318223633492e-03 6.486267248039387194e-03 6.468448053840695697e-03 6.470983104336486096e-03 6.465916913847748713e-03 6.483709690589326002e-03 6.473525135422777965e-03 6.470982234790244661e-03 6.476063105934315792e-03 6.481163953580229391e-03 6.483712224408896829e-03 6.473523242958191017e-03 6.483714230968586935e-03 6.481151947036675742e-03 6.483716126434804945e-03 6.481155012494790521e-03 6.468448671951055468e-03 6.473520740143059657e-03 6.468450042545294265e-03 6.460885189743213741e-03 6.478606309982734394e-03 6.468454557590254568e-03
6.478574586465613884e-03 6.473489995927094939e-03 6.468413650830105201e-03 6.470952848646344471e-03 0.000000000000000000e+00 6.458317040558729863e-03 6.473506121118566964e-03 6.473504871162876796e-03 6.468412939529361201e-03 6.476041679024211947e-03 6.468424941814865207e-03 6.465895252103827547e-03 6.463368523188369949e-03 6.460833353218103231e-03 6.460837507394435152e-03 6.470959197205440432e-03 6.473483126268030248e-03 6.473511763192697777e-03 6.473500569054817244e-03 6.465894430170913455e-03 6.470958047912899955e-03 6.460834914115068731e-03 6.450777319028747417e-03 6.476049305211808299e-03 6.483717103755225718e-03 6.460839497757366913e-03 6.465879520883178501e-03 6.470953466986947150e-03 6.476029751599454015e-03 6.473479882830770159e-03 6.473505412580172341e-03 6.483681722133304362e-03 6.476064918098912125e-03 6.468445015449830401e-03 6.478604325911269113e-03 6.481161878508351175e-03 6.478608114679564739e-03 6.481164469237802456e-03 6.473521101639088081e-03 6.470994969225352632e-03 6.478607497754664685e-03 6.478618325092330883e-03 6.465914309297326155e-03 6.468441886587897836e-03 6.473520684976616195e-03 6.476062306627749544e-03 6.476066720154887921e-03 6.478602366729646622e-03 6.473511769433636966e-03 6.470989966441386028e-03 6.465921166809308028e-03 6.470980447310000980e-03 6.465921834371731770e-03 6.493972185856394276e-03 6.465928813708212916e-03 6.476059782250583041e-03 6.488835149656055866e-03 6.470986796632593845e-03 6.473528221922037265e-03 6.478639634347105672e-03 6.473516795301591416e-03 6.463399566523593542e-03 6.476059162566133454e-03 6.468448542700807810e-03 6.468446293101427769e-03 6.473518799869368810e-03 6.473523818777832117e-03 6.481161134163197085e-03 6.486275478734111061e-03 6.473527620572515871e-03 6.458363466803199344e-03 6.476064946441978734e-03 6.470981821711253509e-03 6.468453295175094313e-03 6.468448807274423430e-03 6.488839683438782716e-03 6.473523742184141526e-03 6.481160059679859711e-03 6.473526990623314561e-03 6.476066798517258333e-03 6.478616446875098966e-03 6.478613189010181891e-03 6.473520061518923605e-03 6.478608874448868633e-03 6.465926958224032552e-03 6.473528239254526875e-03 6.476059800648296949e-03 6.476061779420281758e-03 6.481165759982263422e-03 6.470989962863697535e-03 6.478617063611334832e-03 6.470984855321094270e-03 6.470988609682427374e-03 6.481160072853498974e-03 6.468453285205888297e-03 6.478618314127369306e-03 6.473530174013792868e-03 6.470985496540443589e-03 6.476078829757090857e-03 6.483726179183942409e-03 6.478611948301449090e-03 6.476072528667889232e-03 6.468456948842570518e-03 6.473535830998753196e-03 6.486280569427354745e-03 6.478621520580731680e-03 6.478616482393231672e-03 6.486275399665541661e-03 6.468457571024933440e-03 6.470991281031593552e-03 6.465925099977083007e-03 6.483719193475442899e-03 6.473533305714138097e-03 6.470990412801661158e-03 6.476071275175825613e-03 6.481172112004426888e-03 6.483720380438112545e-03 6.473531413919559468e-03 6.483722386330132738e-03 6.481160106154358440e-03 6.483724280459810495e-03 6.481164508426132120e-03 6.468458201186301840e-03 6.473528912444373624e-03 6.468458223614786257e-03 6.460893383951689557e-03 6.478614473494179356e-03 6.468462739329278698e-03
6.460894226711634721e-03 6.455800083018516794e-03 6.450708768112790696e-03 6.455789937993138862e-03 6.458317040558729863e-03 0.000000000000000000e+00 6.458350066040082979e-03 6.458347442535775085e-03 6.453225593565458870e-03 6.460896473027987266e-03 6.455770078092436595e-03 6.450713332264146165e-03 6.448179813778541145e-03 6.445636488941589720e-03 6.445640640444749193e-03 6.455796313569074109e-03 6.455794550872409263e-03 6.458355713403878332e-03 6.458345844271069607e-03 6.453227369026933759e-03 6.455792444864432746e-03 6.445636676255332362e-03 6.435547917947625693e-03 6.460901409529857739e-03 6.471116845001462746e-03 6.445638565574339160e-03 6.450698915412245507e-03 6.455790565780454050e-03 6.458349344870852743e-03 6.455789946877761067e-03 6.458349350110320457e-03 6.466021761148123444e-03 6.460903509238634379e-03 6.453260446845778854e-03 6.463451079388196803e-03 6.466018194680895996e-03 6.463457580708206057e-03 6.466019435718627778e-03 6.458354225917677278e-03 6.455817258783738341e-03 6.463456965910897509e-03 6.463465122582947968e-03 6.450720229813114784e-03 6.453255950899168189e-03 6.458351100136938000e-03 6.460902249358145381e-03 6.460906679792547541e-03 6.463451820024903281e-03 6.458342158209821708e-03 6.455812235878045403e-03 6.450727115595689988e-03 6.455804047444965374e-03 6.450730483075772098e-03 6.478869502315616133e-03 6.450734779447605920e-03 6.460901063647887105e-03 6.473716047513181776e-03 6.453292870009413700e-03 6.458360004081261166e-03 6.466027099678345498e-03 6.458347198908594156e-03 6.448200075515596666e-03 6.460899098572705536e-03 6.453263995453379330e-03 6.453261723798169903e-03 6.458350558377033701e-03 6.458355591372881045e-03 6.466018803060724282e-03 6.471148176983699749e-03 6.458359408195655550e-03 6.443147706722976778e-03 6.460904890519126274e-03 6.455805417763271249e-03 6.453268748152935289e-03 6.453264248086432696e-03 6.473720588642324636e-03 6.458355518260933126e-03 6.466016362835402993e-03 6.458358775546354548e-03 6.460905401718212808e-03 6.463464587777060025e-03 6.463462668577907126e-03 6.458351824788136422e-03 6.463456990378411461e-03 6.450734268774066874e-03 6.458360028161237026e-03 6.460899729800554173e-03 6.460901712624545108e-03 6.466022082785521582e-03 6.455813585778489433e-03 6.463465205152687208e-03 6.455808464800963722e-03 6.455813577366774532e-03 6.466016376750414497e-03 6.453268738802463503e-03 6.463466459700097609e-03 6.458359245023014353e-03 6.455806385223005969e-03 6.460917451956327447e-03 6.468589334271751187e-03 6.463460054041293874e-03 6.460909775000139507e-03 6.453269695694256736e-03 6.458364922216711275e-03 6.471150563992708604e-03 6.463468311297825182e-03 6.463461901336641814e-03 6.471145381344021660e-03 6.450756841009512230e-03 6.455813536279823850e-03 6.450729676910539438e-03 6.468582332956314060e-03 6.458365088520810239e-03 6.455811316295693297e-03 6.460908516145023872e-03 6.466025734477953528e-03 6.468582174507381266e-03 6.458363190628008989e-03 6.468584185157571012e-03 6.466015045027751797e-03 6.468587440264541438e-03 6.463497806109273422e-03 6.453270946018868810e-03 6.458359335006450853e-03 6.453270973239465247e-03 6.445683063482052742e-03 6.463462588035466354e-03 6.453275497852151502e-03
6.478583170421730979e-03 6.473505385431490601e-03 6.468435837181325809e-03 6.473496623266770250e-03 6.473506121118566964e-03 6.458350066040082979e-03 0.000000000000000000e+00 6.476040558028729743e-03 6.468437807171862827e-03 6.481111155408880546e-03 6.473495768514762362e-03 6.468437706828186751e-03 6.465910985456055360e-03 6.463382587890909720e-03 6.465902972728497511e-03 6.473497596471914327e-03 6.473499867660032110e-03 6.476047422787264800e-03 6.478565997774343548e-03 6.468439572314846862e-03 6.473499138885674409e-03 6.465901732666314364e-03 6.453329280135389548e-03 6.481116084875859253e-03 6.486245950483368085e-03 6.465902257659687791e-03 6.470946312423958222e-03 6.473497257419040876e-03 6.476043774100344493e-03 6.476020971546991162e-03 6.476041078931857667e-03 6.486217345321986134e-03 6.478604642656226632e-03 6.470990190789813017e-03 6.481144040897108063e-03 6.483700221914097568e-03 6.481147826999246464e-03 6.483700116197317620e-03 6.476064897204543425e-03 6.473537420753936594e-03 6.481147213762366785e-03 6.481156681073145867e-03 6.468459496133471300e-03 6.470987050119434737e-03 6.476061779752792687e-03 6.478603388157469153e-03 6.478607798654195671e-03 6.481142085419351780e-03 6.476054206399906900e-03 6.473532418636393504e-03 6.468466354053118393e-03 6.473524260185288710e-03 6.468468371429680203e-03 6.496503677794134013e-03 6.468473993465524013e-03 6.478600864450432401e-03 6.491369387033384813e-03 6.473527913717060100e-03 6.476069309957099146e-03 6.483706405100875259e-03 6.476059243700029062e-03 6.465947460594577770e-03 6.478600245794523781e-03 6.470995062842013062e-03 6.470991446102082947e-03 6.476059886829124181e-03 6.476064901705897575e-03 6.483699473790786004e-03 6.488809726942632722e-03 6.476068702787306404e-03 6.460914065460744357e-03 6.478604665515187017e-03 6.473524272124569004e-03 6.470997106333339736e-03 6.470992620798431821e-03 6.491372561409364771e-03 6.476064823759062825e-03 6.483697047719835099e-03 6.476068073176453367e-03 6.478606516629361288e-03 6.481154798379702882e-03 6.481152889042570905e-03 6.476061147810216294e-03 6.481147229355293908e-03 6.468472130118562910e-03 6.476069321806876382e-03 6.478600862572598575e-03 6.478601500205362004e-03 6.483702744296115233e-03 6.473532410243921890e-03 6.481155415464347549e-03 6.473528644185792477e-03 6.473532405216756574e-03 6.483697060207326175e-03 6.470997096390569171e-03 6.481156663983684077e-03 6.476069893815753278e-03 6.473526583231586570e-03 6.478617181669469281e-03 6.486260433843362046e-03 6.481150288673350607e-03 6.478610883974660929e-03 6.471000747832832307e-03 6.476075547757109176e-03 6.488814801449869010e-03 6.481158507678269967e-03 6.481154817713003467e-03 6.488809635067220929e-03 6.470998684672529117e-03 6.473532365979618730e-03 6.468468909836141978e-03 6.486253450556173951e-03 6.476073026515643573e-03 6.471008498753788585e-03 6.478609631161479608e-03 6.483707733885544361e-03 6.486255975660419441e-03 6.476071137071088765e-03 6.486256641026684130e-03 6.483697080003916757e-03 6.486258537476887603e-03 6.483698800211034133e-03 6.471001994773867977e-03 6.476068634927843563e-03 6.471002015863677563e-03 6.463441250813808416e-03 6.481152806466324717e-03 6.471005182350527199e-03
6.478581912972978217e-03 6.473502777537298337e-03 6.468431873370612990e-03 6.476021054932608149e-03 6.473504871162876796e-03 6.458347442535775085e-03 6.476040558028729743e-03 0.000000000000000000e+00 6.468432502287834243e-03 6.478577429227888596e-03 6.470968802697061283e-03 6.468433736849075674e-03 6.465912424497137836e-03 6.463379975264494162e-03 6.465901716748769304e-03 6.473500388123874273e-03 6.476028357502498951e-03 6.476046167480153069e-03 6.478564743843649026e-03 6.468435610514321199e-03 6.476022207563823449e-03 6.465896410455332539e-03 6.453328019433532403e-03 6.478583696072860373e-03 6.488778571049623120e-03 6.463379353926651874e-03 6.470943702109909976e-03 6.473493294202120434e-03 6.476041174288209822e-03 6.473492677592757906e-03 6.478566887514407291e-03 6.483683593619325204e-03 6.478603387954119663e-03 6.470988933401707922e-03 6.481141432622833549e-03 6.483698968566487843e-03 6.481146572302299430e-03 6.483698859509086712e-03 6.476063641834356281e-03 6.473536162704375367e-03 6.481145959734496524e-03 6.481155427053288294e-03 6.468458238750075980e-03 6.470985790725476694e-03 6.476060523708367968e-03 6.478602132785217689e-03 6.478606542621917486e-03 6.481140830721669223e-03 6.476052950361406262e-03 6.473531161255673128e-03 6.468466446843202169e-03 6.473523003474626093e-03 6.468467113374903529e-03 6.496502428476410088e-03 6.468472735412896663e-03 6.478599609752673516e-03 6.491368135028288862e-03 6.473526656330089515e-03 6.476068053913004892e-03 6.483705151751847397e-03 6.476056630684545387e-03 6.465946201870477125e-03 6.478598990427938790e-03 6.470995152946267849e-03 6.470988845915316527e-03 6.476058628115600145e-03 6.476063645670096167e-03 6.483698219097723016e-03 6.488808472257773241e-03 6.476067444741702948e-03 6.460911455914279157e-03 6.478603408138702835e-03 6.473523012733210444e-03 6.470995846271148863e-03 6.470991361404040097e-03 6.491371307400406465e-03 6.476063567717717240e-03 6.483695792356529604e-03 6.476066815796244734e-03 6.478605259918768927e-03 6.481153541685462025e-03 6.481150286156507970e-03 6.476059890422517125e-03 6.481145972652724643e-03 6.468470869384223068e-03 6.476068063091477978e-03 6.478599604534138710e-03 6.478600244160046505e-03 6.483701488263255049e-03 6.473531150855369246e-03 6.481154158093044987e-03 6.473527384795702000e-03 6.473529799665299692e-03 6.483695804175603969e-03 6.470995836996402961e-03 6.481155407946654484e-03 6.476069994788573661e-03 6.473526684856510324e-03 6.478617283317429296e-03 6.486260535491953499e-03 6.481149044109918260e-03 6.478610985614899689e-03 6.471000846785542049e-03 6.476075648732520368e-03 6.488813558886510381e-03 6.481158610652121635e-03 6.481153573833096405e-03 6.488808389824960929e-03 6.470998782285802484e-03 6.473532466952739220e-03 6.468469009463594099e-03 6.486253556863245603e-03 6.476073127483343919e-03 6.473531593744260605e-03 6.478609731461503103e-03 6.483707835526656554e-03 6.486254736462167617e-03 6.476071236030708778e-03 6.486256743337414331e-03 6.483695836783483907e-03 6.486258638451872054e-03 6.483698899839507139e-03 6.471000752254430811e-03 6.476068735234182319e-03 6.471000771330935944e-03 6.463440004997739186e-03 6.481152906765283959e-03 6.471005283997228671e-03
6.470979237515907950e-03 6.465891918749471987e-03 6.460812833767683172e-03 6.468407458358679807e-03 6.468412939529361201e-03 6.453225593565458870e-03 6.468437807171862827e-03 6.468432502287834243e-03 0.000000000000000000e+00 6.470976089820660269e-03 6.463353874174552864e-03 6.460817409554554108e-03 6.458287952620440919e-03 6.455752765177311635e-03 6.455752866403548229e-03 6.465889500373789116e-03 6.468409361014637940e-03 6.468442100765479756e-03 6.468428193437631389e-03 6.460816586309455281e-03 6.465886997853323957e-03 6.455751623652564511e-03 6.445684518297125840e-03 6.470985073273857746e-03 6.478657026601812412e-03 6.455756206653162459e-03 6.460801663521939173e-03 6.468406735631297526e-03 6.468433034396107485e-03 6.465879092801714995e-03 6.470961424691069538e-03 6.478617536699940449e-03 6.470993912663046237e-03 6.463367181237138388e-03 6.473537399258461923e-03 6.476099046277963150e-03 6.473541191423176112e-03 6.473571876815304403e-03 6.468448721887357956e-03 6.465918520107134630e-03 6.473540577220468321e-03 6.473550057068826018e-03 6.460833753945683690e-03 6.463364047657962734e-03 6.468448304561304034e-03 6.470994010421745810e-03 6.470997072413488434e-03 6.473536795735085683e-03 6.468439378207354630e-03 6.465913509926075539e-03 6.460841972457677038e-03 6.465905340346749137e-03 6.460841287165899720e-03 6.488921689615395963e-03 6.460846917603522803e-03 6.470990127717785381e-03 6.483779168288841474e-03 6.465910337364897363e-03 6.468454494644583323e-03 6.476106587754209588e-03 6.468444410139327291e-03 6.458316302270407025e-03 6.470990863002629677e-03 6.463373420301329886e-03 6.463368460272934934e-03 6.468446416750546490e-03 6.468451442384474601e-03 6.476098304601641230e-03 6.481216763483374325e-03 6.468455248292810482e-03 6.453274772692201185e-03 6.470995296676347770e-03 6.465906714096188862e-03 6.463375469110881587e-03 6.463370977817059493e-03 6.483783707467076149e-03 6.468451366494892656e-03 6.476095873119483252e-03 6.468454617663209859e-03 6.470997151401978661e-03 6.473549533805367413e-03 6.473546273889227431e-03 6.468447681103508227e-03 6.473541953264551688e-03 6.460846413728417968e-03 6.468455866279545184e-03 6.470990144789688300e-03 6.470992126917672616e-03 6.476101578196244088e-03 6.465914863989292126e-03 6.473550151199596037e-03 6.465909751073777544e-03 6.465913512144412165e-03 6.476095884978004362e-03 6.463375459795449481e-03 6.473551403732073946e-03 6.468457804473912338e-03 6.465910393627028602e-03 6.471009195565467255e-03 6.478664737489457821e-03 6.473545029832643988e-03 6.471002887708529085e-03 6.463379126107755314e-03 6.468463467534404238e-03 6.481221860288877146e-03 6.473554612945021415e-03 6.473549569361194793e-03 6.481216685106641270e-03 6.463381099145622082e-03 6.465916184253458349e-03 6.460844554137695241e-03 6.478657743625079561e-03 6.468460938858459387e-03 6.465915315956826705e-03 6.471001632873953427e-03 6.476107937017997092e-03 6.478658933310335252e-03 6.468459045028911343e-03 6.478660941245298517e-03 6.476095918302927912e-03 6.478662837399782812e-03 6.476100323275602727e-03 6.463380382490442437e-03 6.468456541545814301e-03 6.463380403605749856e-03 6.455807416276490747e-03 6.473547557744038956e-03 6.463384924096619508e-03
6.483649835562259323e-03 6.476045001400206926e-03 6.470975480128622094e-03 6.476034879156535203e-03 6.476041679024211947e-03 6.460896473027987266e-03 6.481111155408880546e-03 6.478577429227888596e-03 6.470976089820660269e-03 0.000000000000000000e+00 6.473505636368487477e-03 6.473501681493594624e-03 6.470977671153818438e-03 6.465923584683555200e-03 6.465925037091358601e-03 6.476039893382191416e-03 6.478565192410882731e-03 6.481115446937460965e-03 6.478573141977144942e-03 6.470979203150523280e-03 6.478563085466851161e-03 6.465922439678557267e-03 6.455877060984136634e-03 6.481119136770708070e-03 6.491315309906572732e-03 6.465924328326193120e-03 6.470961615432089739e-03 6.476032808520026593e-03 6.478580667889584192e-03 6.478559247231709985e-03 6.481109098006571263e-03 6.488754202794785528e-03 6.481140143602485623e-03 6.473529778026774519e-03 6.481147056902119771e-03 6.486234350449778148e-03 6.483681969527504106e-03 6.486234243417188759e-03 6.478601764003150305e-03 6.476075640509971858e-03 6.483682707500376154e-03 6.483692170401818625e-03 6.471000443085450464e-03 6.473525295570336374e-03 6.478598643485769353e-03 6.481138891130260732e-03 6.481144652819520978e-03 6.483676227640497447e-03 6.478591087652885508e-03 6.476070639731417583e-03 6.471008645475405212e-03 6.476063839259514968e-03 6.471009313611504610e-03 6.499030972428840834e-03 6.471014931947272585e-03 6.481136368109986258e-03 6.493898063446594884e-03 6.476066139222953419e-03 6.478606170318253893e-03 6.486240530969127061e-03 6.478597464422379028e-03 6.468489759064374733e-03 6.481137104016486926e-03 6.473533301967327944e-03 6.473531054286368186e-03 6.478598113982665663e-03 6.478603128853173236e-03 6.486234951653179447e-03 6.491341129551978818e-03 6.478606926542606996e-03 6.463459088982853595e-03 6.481141528164618970e-03 6.476063859335210414e-03 6.473538050907913337e-03 6.473533568426964417e-03 6.493902594472503523e-03 6.478603050898595547e-03 6.486231184078537423e-03 6.478606296595802207e-03 6.481143378277411972e-03 6.483690294862104637e-03 6.483687039037791359e-03 6.478599373600336248e-03 6.483682730550036424e-03 6.471014430677550673e-03 6.478607541877266091e-03 6.481136387134127028e-03 6.481138364550546871e-03 6.486236878271485311e-03 6.476071992420213627e-03 6.483689558017759549e-03 6.476066889601005648e-03 6.476070640582617770e-03 6.486231197227229628e-03 6.473538042303488872e-03 6.483692160785162195e-03 6.478609477245966461e-03 6.476068872964995185e-03 6.481155399270222515e-03 6.488794557598114368e-03 6.483687143841889051e-03 6.481149103613579807e-03 6.473541699918129722e-03 6.478615128159626209e-03 6.491346214826311523e-03 6.483695363806616166e-03 6.483690330347068563e-03 6.491342393338951459e-03 6.473540989301849492e-03 6.476073310515124623e-03 6.471012576474492219e-03 6.488787580713323115e-03 6.478612606916947167e-03 6.476073789238257807e-03 6.481147852799511166e-03 6.486243222825207981e-03 6.488788762967594159e-03 6.478610717826561310e-03 6.488790767476444732e-03 6.486231230503180199e-03 6.488792660907345515e-03 6.486234293880866267e-03 6.473542953592766915e-03 6.478608217695817385e-03 6.473544315446941484e-03 6.465986280139591168e-03 6.483688324165753740e-03 6.473547486262184666e-03
6.476038531673739690e-03 6.468428239612790571e-03 6.465873501447382335e-03 6.468418118086026285e-03 6.468424941814865207e-03 6.455770078092436595e-03 6.473495768514762362e-03 6.470968802697061283e-03 6.463353874174552864e-03 6.473505636368487477e-03 0.000000000000000000e+00 6.463355101396752594e-03 6.463345926884259129e-03 6.458291838257817878e-03 6.458294634530466205e-03 6.470948817797648848e-03 6.470947052067224127e-03 6.470974365497993847e-03 6.470965872418962123e-03 6.465875896387036914e-03 6.468417930584822485e-03 6.458292029639158341e-03 6.448231715386652275e-03 6.473511907284502237e-03 6.483716333219574808e-03 6.460810122506370490e-03 6.463340714357849494e-03 6.468418739443761514e-03 6.470969352814677673e-03 6.470942450718206174e-03 6.470972052363270152e-03 6.478621312830304575e-03 6.473526155188558465e-03 6.465903511674387164e-03 6.476066927464852255e-03 6.478627208007943158e-03 6.476072069867140103e-03 6.478627102300829090e-03 6.470982332566342643e-03 6.468453484085868489e-03 6.476071458008476542e-03 6.476080937490007877e-03 6.463370094164125682e-03 6.465899029526178156e-03 6.470980559929536205e-03 6.473524899330193247e-03 6.473529316605436748e-03 6.476066325585662538e-03 6.470971640306600117e-03 6.468448478616473617e-03 6.463378304958975265e-03 6.468440310725887508e-03 6.463378975612523586e-03 6.491444364620773538e-03 6.463384604370653319e-03 6.473522372946060102e-03 6.486304584387574818e-03 6.468445305732955196e-03 6.470988095533708115e-03 6.478633395267495085e-03 6.470976666195915085e-03 6.460855344685013761e-03 6.473521756288603234e-03 6.465907047637028775e-03 6.465902050927356884e-03 6.470974595331155030e-03 6.470979618928819621e-03 6.478625094017979175e-03 6.483738120322750202e-03 6.470984773650356389e-03 6.453296236710687368e-03 6.473523459339805032e-03 6.468436251660591822e-03 6.465906360970101463e-03 6.465903221558226034e-03 6.486303699280065831e-03 6.470983580225638833e-03 6.478621309656338277e-03 6.470985486184411585e-03 6.473526658650202367e-03 6.476074981801568931e-03 6.473547368404147101e-03 6.470975857645780253e-03 6.476068756909777666e-03 6.463378662581378310e-03 6.470984039751757379e-03 6.473516964626507483e-03 6.473520295327671141e-03 6.478625662129598554e-03 6.468444398518130231e-03 6.476076952464273132e-03 6.468439285617797081e-03 6.465922781535248659e-03 6.478621318810421151e-03 6.465907699854536207e-03 6.476079535740405201e-03 6.470988690280234448e-03 6.468443987376366368e-03 6.473540062086618682e-03 6.481190167965232389e-03 6.476074537037654864e-03 6.473532412132168394e-03 6.465912738798674890e-03 6.470995695124175454e-03 6.483747268571909278e-03 6.476084115736461221e-03 6.476077730036467264e-03 6.483740754614959051e-03 6.465913363982006209e-03 6.468448432806241273e-03 6.463379521442760497e-03 6.481183181210777890e-03 6.470993169827587294e-03 6.468451601383807398e-03 6.473531157286250247e-03 6.478636078411456438e-03 6.481187051828265870e-03 6.470989932841258140e-03 6.481186375095635867e-03 6.478622718626554818e-03 6.481188270238291520e-03 6.478627126585725232e-03 6.463393733748103512e-03 6.470987431384027551e-03 6.465915352343210194e-03 6.458345091767267281e-03 6.476075724120405538e-03 6.465918528989729810e-03
6.470980470075937685e-03 6.465893179546885507e-03 6.460814083259285370e-03 6.465885729601296254e-03 6.465895252103827547e-03 6.450713332264146165e-03 6.468437706828186751e-03 6.468433736849075674e-03 6.460817409554554108e-03 6.473501681493594624e-03 6.463355101396752594e-03 0.000000000000000000e+00 6.460808103794631919e-03 6.455754015333050114e-03 6.455756827114135857e-03 6.465890755284887763e-03 6.465888993959860963e-03 6.468439313957623227e-03 6.470956482456511304e-03 6.460820522792221771e-03 6.465885532695862456e-03 6.455750158481495839e-03 6.448196580197894726e-03 6.470980931130217509e-03 6.481189411002234030e-03 6.455753399695901215e-03 6.460801557725253524e-03 6.465883657668967423e-03 6.470962666933619684e-03 6.465884391935267095e-03 6.470959968365773071e-03 6.476093038535727167e-03 6.470996522437284966e-03 6.463369793730158915e-03 6.473540006273237855e-03 6.476100300416295398e-03 6.473543799819423371e-03 6.476100194028614615e-03 6.468452685217322522e-03 6.465921135277549921e-03 6.473543186292230779e-03 6.473552668860017324e-03 6.460836345620169820e-03 6.463365305193460343e-03 6.468449562762402030e-03 6.470995265243180937e-03 6.470999684859039119e-03 6.473539382689823783e-03 6.468440637721189004e-03 6.465916125095593978e-03 6.460841882508153514e-03 6.465907952814634388e-03 6.460843902347857860e-03 6.488924290549051045e-03 6.460849532804722496e-03 6.470992739475393309e-03 6.483781774639450768e-03 6.465911611711669567e-03 6.468457105755955582e-03 6.476106494368466873e-03 6.468445665618092512e-03 6.458318916786633807e-03 6.470992119826667749e-03 6.463373328987188741e-03 6.463369709626112271e-03 6.468447666769207988e-03 6.468452693040522943e-03 6.476100894709156848e-03 6.481218008780963331e-03 6.468456498298616811e-03 6.453276026063576622e-03 6.470996544676636819e-03 6.465907964108172541e-03 6.463376719795152145e-03 6.463373561308370131e-03 6.483784953419567502e-03 6.468453947971743515e-03 6.476097119773059629e-03 6.468455867009805654e-03 6.470998401411303010e-03 6.473550781792849866e-03 6.473547521203382171e-03 6.468448929776869985e-03 6.473543201259085791e-03 6.460847665097564294e-03 6.468457116291583507e-03 6.470991394785394202e-03 6.470993374917973807e-03 6.476102825515097326e-03 6.465916114676139616e-03 6.473551399869091963e-03 6.465911002429335780e-03 6.465914761490994082e-03 6.476097132293923316e-03 6.463376711824599975e-03 6.473552652388474445e-03 6.468457681857588126e-03 6.465912974879978702e-03 6.471009076322510600e-03 6.478664616933518458e-03 6.473547615802642020e-03 6.471004124824790080e-03 6.463381719464255347e-03 6.468463345588486464e-03 6.481221737069914335e-03 6.473555851413936510e-03 6.473550805807845587e-03 6.478688112613846008e-03 6.463378296271899900e-03 6.465916062297198154e-03 6.460844437558277246e-03 6.478657632579692266e-03 6.468460821609948140e-03 6.465916551732107422e-03 6.471001510946266730e-03 6.476109175488585327e-03 6.478658812780587611e-03 6.468458927767845902e-03 6.478662176380109786e-03 6.476097155430586040e-03 6.478664075202516387e-03 6.476098867224522673e-03 6.463378915733973551e-03 6.468457781334907737e-03 6.463382984165075111e-03 6.455807298961791126e-03 6.473547438511691871e-03 6.463384802806571190e-03
