0.000000000000000000e+00 9.575440642554283385e-03 1.024577311319006812e-02 9.124795057287755917e-03 9.961669106932783194e-03 1.053275728494354122e-02 9.549301345254815679e-03 9.958370480719158299e-03 9.101020588632505182e-03 1.120738868808437982e-02 1.082543536513519249e-02 9.747094865600394731e-03 9.388218541641386514e-03 9.546617553556405872e-03 1.532587054195951037e-02 9.766727154583303844e-03 1.121096509655076894e-02 1.020442262365949850e-02 1.052038677813235679e-02 9.744778281730072378e-03 1.020694218548466939e-02 1.023082131195187684e-02 9.957897895334627894e-03 9.953377539023781570e-03 9.552982027732859205e-03 9.410173299094404600e-03 1.023178234058443742e-02 9.958913671924120303e-03 9.551012588794682498e-03 1.165401750500723657e-02 1.023847284786815609e-02 9.386150707393469544e-03 9.780025909284258481e-03 1.125251780583149189e-02 9.576169097963993515e-03 9.585192055151042778e-03 1.124845214311167955e-02 1.085423705667930803e-02 1.282495718611896540e-02 9.589485537253014669e-03 9.988317455595877026e-03 1.053980258978846375e-02 1.648144631185544454e-02 1.052379309513797739e-02 1.124417509180172629e-02 9.588793432599069383e-03 9.993962868293227580e-03 1.052173364516512458e-02 1.024971345830919325e-02 9.406670877133720479e-03 1.053087888550760000e-02 9.990701949990183142e-03 1.126353528705551464e-02 9.576299795276719401e-03 9.580646382276377174e-03 1.000211659601027772e-02 9.786792280229637125e-03 9.989910597956697461e-03 1.023847696694024645e-02 9.130259515770575499e-03 9.132237498451935623e-03 9.586755987533990969e-03 9.766654376077590557e-03 1.024391102311486904e-02 1.000106782971128469e-02 1.000012786262531074e-02 9.992748352750142546e-03 9.775553202368251690e-03 1.086675993918554024e-02 9.993137088791263431e-03 1.170969470581593314e-02 9.417088073530123504e-03 1.024677959951391347e-02 1.025008801080915660e-02 1.053030642148255862e-02 9.775751709466790063e-03 1.125761488729010856e-02 9.997905075465373173e-03 1.087425817506987476e-02 1.053532854852576653e-02 9.775284826035559801e-03 1.024622417184709901e-02 1.125538861573654667e-02 9.129070251874257108e-03 1.024388862090151557e-02 9.999494135887914900e-03 9.779614043040672430e-03 1.024515620895752321e-02 9.996850352623010486e-03 9.996111158633403521e-03 1.087585954532438101e-02 1.170700338044472835e-02 9.776137906859104151e-03 9.995217798594052683e-03 1.086322602953985160e-02 9.995350201354127884e-03 1.124831936966726002e-02 1.024838694270512399e-02 1.085895770479778331e-02 9.993036066495722403e-03 9.411804728172315157e-03 1.222889555565058982e-02 1.024254339038022793e-02 1.087252208782434754e-02 9.991687816302389363e-03 9.777997977359089571e-03 9.776200584257332266e-03 1.087436422494076141e-02 1.024489186596259926e-02 9.010220750898315090e-03 9.774245009041280727e-03 9.775910245121043757e-03 1.086102684654209442e-02 9.774416279318163397e-03 1.125721094171434379e-02 1.053338324243054992e-02 9.775265059941458043e-03 9.777370798301328325e-03 9.414241450556659965e-03 1.024838372827547618e-02 1.171015957886292758e-02 9.996785935969849587e-03 9.992871466629200949e-03 1.124514287242539025e-02 9.263044881070468112e-03 1.125528627311279950e-02 1.053448184484612714e-02 9.775463471001600430e-03
9.575440642554283385e-03 0.000000000000000000e+00 8.807663994287548426e-03 7.400070215441496152e-03 8.491409002503318842e-03 9.157588402240303058e-03 7.987769088783186130e-03 8.487006442553915453e-03 7.401340731211418847e-03 9.995585368985775501e-03 9.573348887287334505e-03 8.221657003591852780e-03 7.766055104093613944e-03 7.966356106592646993e-03 1.446331044997137966e-02 8.229693672932822043e-03 1.000005931972701954e-02 8.815463451620349569e-03 9.142614970738397948e-03 8.218461113114822886e-03 8.796268612103048251e-03 8.789298458390968488e-03 8.486478860749659472e-03 8.480962619463516816e-03 7.975483247075912038e-03 7.777697733393819715e-03 8.790355687795030695e-03 8.487744513685578640e-03 7.972396477607146190e-03 1.050882034592360952e-02 8.799128225348918156e-03 7.763624417449048638e-03 8.247940767845728452e-03 1.003532851726092121e-02 7.988053283390722514e-03 8.001185092419885181e-03 1.003060958238611612e-02 9.567378369775964703e-03 1.179901590661437336e-02 8.006664454212839357e-03 8.508835230384186737e-03 9.190029536302816993e-03 1.566770758655716342e-02 9.170179399290096303e-03 1.002563494326348670e-02 8.005800338333654911e-03 8.515999178010011036e-03 9.167671422196637526e-03 8.835084771748378737e-03 7.772518527980795330e-03 9.178673830042522602e-03 8.511901960648758994e-03 1.004816643235211318e-02 7.988384626724931784e-03 7.993903173420399688e-03 8.527264947946691306e-03 8.237601869636793778e-03 8.510902343011638935e-03 8.820471384493657266e-03 7.423514213861303647e-03 7.426098749479338734e-03 8.003162466935550418e-03 8.229671329025523008e-03 8.827176955104768658e-03 8.524962619051744406e-03 8.523779979625724715e-03 8.514469891910219496e-03 8.241004514143666568e-03 9.582332517027352184e-03 8.514936069653382747e-03 1.056006553300928644e-02 7.785967625989405685e-03 8.830770137205682518e-03 8.834868310603738104e-03 9.178167958548375319e-03 8.241222271443493855e-03 1.004132930049622674e-02 8.520983266433452760e-03 9.591252542547182292e-03 9.184279723671922788e-03 8.240641482500218537e-03 8.830080968963881921e-03 1.003874296753414115e-02 7.420108052885476292e-03 8.827173458058182320e-03 8.522981038094706863e-03 8.246166975160396095e-03 8.828754812297136961e-03 8.519660016997865001e-03 8.518711374764554450e-03 9.593156748654312407e-03 1.055701058541383755e-02 8.241726191401347462e-03 8.517596496385820143e-03 9.578124986920606362e-03 8.517756620320907079e-03 1.003053133845834347e-02 8.832781782691445996e-03 9.573070094389506124e-03 8.514860116921886199e-03 7.779222840677517750e-03 1.114292927134240448e-02 8.825539645054924706e-03 9.589177077795130524e-03 8.513177353553180032e-03 8.244153186884848467e-03 8.241851506217073159e-03 9.591385094821290591e-03 8.828457615071430911e-03 7.269919416482226865e-03 8.239326494600093462e-03 8.241458448123281655e-03 9.575522701601927103e-03 8.239552908525210606e-03 1.004086441196171305e-02 9.181951784843954412e-03 8.240679892445791632e-03 8.243302375806624629e-03 7.782371847087827567e-03 8.832768131928228281e-03 1.056059280192425849e-02 8.519579650018161907e-03 8.514654800935080384e-03 1.002683959313088388e-02 7.590160359132465395e-03 1.003862747431690655e-02 9.183267121220809598e-03 8.240891171342796043e-03
1.024577311319006812e-02 8.807663994287548426e-03 0.000000000000000000e+00 8.310090455370133106e-03 9.262081347896678613e-03 9.857551453432502470e-03 8.830218236948432151e-03 9.260701901699220154e-03 8.311055789326770096e-03 1.062761493316618198e-02 1.024394606211703924e-02 9.024725900535270420e-03 8.627902683267794567e-03 8.805200209321812493e-03 1.484103536223475676e-02 9.018357032615734181e-03 1.066429867764809476e-02 9.532953622977147559e-03 9.846153527856026100e-03 9.022068798222565578e-03 9.535209255235698247e-03 9.528971264396822807e-03 9.260428559996354211e-03 9.279431596596068865e-03 8.831626759619046890e-03 8.623180834270001427e-03 9.529756189401201658e-03 9.285520069340302829e-03 8.832095858481990233e-03 1.110665306335020981e-02 9.535320436388943985e-03 8.646956337277439397e-03 9.056526845282304727e-03 1.066970638069906011e-02 8.830439755089930509e-03 8.840915663211795783e-03 1.066532760194820705e-02 1.023828345441966589e-02 1.233620473611883421e-02 8.845699738509297388e-03 9.286528536036814385e-03 9.894731280595406644e-03 1.609837078344412281e-02 9.876928057168601546e-03 1.066071145994244851e-02 8.844938469137713158e-03 9.292807988199166744e-03 9.874664078016548094e-03 9.575660897784298020e-03 8.643085131356620029e-03 9.884578634554802568e-03 9.289170683496670092e-03 1.068163050773802622e-02 8.830611539675407157e-03 8.835525022475995346e-03 9.302227724916962981e-03 9.063951520790331645e-03 9.288292161517455736e-03 9.562919321978193693e-03 8.338900977889111485e-03 8.341082309316924168e-03 8.842665998732046270e-03 9.041223541592211324e-03 9.568938821023392424e-03 9.300592267819025524e-03 9.299620421604747403e-03 9.291432631792086172e-03 9.051153989618193965e-03 1.025185952575431714e-02 9.291823862900490047e-03 1.115972119818942759e-02 8.654618078412413054e-03 9.572091087885311461e-03 9.575744758401442958e-03 9.884077407401785711e-03 9.051307262869368389e-03 1.067520126249809492e-02 9.297157369102158897e-03 1.026002873428794211e-02 9.889596291305702280e-03 9.050793360041282931e-03 9.571477321939041508e-03 1.067280139867555003e-02 8.337080177398509262e-03 9.568891443170602154e-03 9.298917205477461728e-03 9.055603662867985071e-03 9.570225006247360180e-03 9.295991567619970100e-03 9.295163378366288337e-03 1.026177320296692980e-02 1.115685120056361841e-02 9.051740025830933706e-03 9.294177157717690291e-03 1.024800759248979155e-02 9.294321174880116818e-03 1.066518085124525290e-02 9.573875755234492052e-03 1.024335897156073219e-02 9.291752540097546892e-03 8.648773431422842120e-03 1.171030036060253729e-02 9.567420998921697187e-03 1.025632030047709219e-02 9.290263428256697459e-03 9.053824418846901853e-03 9.051814091545939273e-03 1.026014842896049752e-02 9.570018414767372805e-03 8.206488992944198715e-03 9.049632041439529054e-03 9.051484228629357032e-03 1.024562113120988140e-02 9.049827819365169335e-03 1.067476950750900246e-02 9.887470344324083768e-03 9.050790530288592081e-03 9.053110668755560975e-03 8.651490723512629544e-03 9.573858123654349975e-03 1.116021153937210922e-02 9.295908532186635334e-03 9.291581024548618492e-03 1.066175554640745940e-02 8.484633479730612979e-03 1.067268750499488807e-02 9.888666848555107206e-03 9.050988938568437642e-03
9.124795057287755917e-03 7.400070215441496152e-03 8.310090455370133106e-03 0.000000000000000000e+00 7.968381074288247504e-03 8.683903866728525517e-03 7.400682221505133253e-03 7.984764677495677712e-03 6.759271159898880450e-03 9.568548325259463097e-03 9.098070541464501476e-03 7.674088680929657194e-03 7.169419723561291403e-03 7.396517133859593571e-03 1.407068459933526888e-02 7.666024062482353074e-03 9.572754577622662533e-03 8.297385330778098492e-03 8.669927645808025995e-03 7.670588789770263830e-03 8.300179612385062342e-03 8.292653442923358237e-03 7.966259973420011103e-03 7.960117023227934394e-03 7.402269096676252456e-03 7.163984031349066549e-03 8.293692527422607402e-03 7.967520331150989080e-03 7.418552741844614516e-03 1.013458736667375779e-02 8.300561851303555130e-03 7.166532400594504380e-03 7.702226388634785328e-03 9.606998548677740668e-03 7.416256458048241240e-03 7.430679507358828491e-03 9.602067292218687336e-03 9.116196561382891583e-03 1.143065985692035338e-02 7.436834235196667503e-03 7.986554295880384305e-03 8.717028757758264051e-03 1.536567500869779127e-02 8.696025425218930835e-03 9.596870979929025477e-03 7.435877916828072254e-03 7.994320919615939894e-03 8.693359525395615364e-03 8.338133050947237057e-03 7.176720425246475334e-03 8.705054698970801641e-03 7.989807452792591427e-03 9.620368744411873091e-03 7.416551607500409746e-03 7.422750131108452748e-03 8.006335871002990059e-03 7.711534536835309636e-03 7.988723223074985225e-03 8.322568841682777968e-03 6.785312944773098237e-03 6.788164787388781957e-03 7.432953868962061984e-03 7.682230028707153803e-03 8.329834232768281582e-03 8.003889064023385694e-03 8.002671019571343941e-03 7.992500478507793757e-03 7.694557380155137710e-03 9.131779619227450157e-03 7.974979135854411150e-03 1.015309082417528534e-02 7.191571873834824713e-03 8.333606904541861898e-03 8.337924846561036579e-03 8.704351151699367406e-03 7.694797105264036818e-03 9.613095773202750410e-03 7.999639898984355069e-03 9.141169215463828407e-03 8.710843850108160313e-03 7.694161180450615964e-03 8.332790173995394123e-03 9.610478015675140429e-03 6.780897251752152251e-03 8.329671146227925899e-03 8.001726290588683996e-03 7.700216977322284911e-03 8.331379508028050052e-03 7.998136568486705067e-03 7.997098029096117236e-03 9.143254482136835629e-03 1.014983459897699121e-02 7.695351057708355036e-03 7.995889341475419937e-03 9.127349769627559478e-03 7.996142871500357477e-03 9.601903781949914715e-03 8.335769850549023391e-03 9.122105427638933089e-03 7.992996251482122061e-03 7.184126001377914156e-03 1.075583956003853085e-02 8.328000305733877784e-03 9.137288637138243561e-03 7.991169923380420093e-03 7.698097842354519570e-03 7.695560451957406990e-03 9.141393803846662239e-03 8.331130437353072987e-03 6.611247708485366512e-03 7.692793708057368667e-03 7.695129909632424277e-03 9.124692276014209971e-03 7.693047832966321518e-03 9.612696820574397061e-03 8.708450749205037811e-03 7.694289548944751624e-03 7.697164397939334525e-03 7.187671752014535356e-03 8.335745703526709419e-03 1.015363746151831496e-02 7.998112148798921031e-03 7.992785879615946568e-03 9.598046899179795560e-03 6.972479882031095040e-03 9.610354517597938240e-03 8.709841595730970915e-03 7.694508632139111098e-03
9.961669106932783194e-03 8.491409002503318842e-03 9.262081347896678613e-03 7.968381074288247504e-03 0.000000000000000000e+00 9.589853506752300458e-03 8.491770814276126608e-03 8.966779241822367061e-03 7.969586718164733269e-03 1.041806347464713928e-02 9.987932759055401580e-03 8.719296898495274353e-03 8.302143672639338001e-03 8.488234354238585397e-03 1.466979304246553324e-02 8.733727321717893802e-03 1.039077140436539710e-02 9.251155917774868745e-03 9.577922959678363685e-03 8.716338059793056481e-03 9.277449827034050731e-03 9.271452491252434036e-03 8.966265328633480844e-03 8.961121510013580690e-03 8.513419451711102051e-03 8.297717039258717397e-03 9.248335429911241912e-03 8.989999789775438011e-03 8.493954327886611699e-03 1.091407965453414231e-02 9.253657599225069072e-03 8.299751427643383556e-03 8.749848347154287262e-03 1.042774477635092199e-02 8.512166171222135258e-03 8.523452029433026267e-03 1.042323457103812301e-02 9.982208672462449667e-03 1.213219622488821876e-02 8.528496356381577020e-03 8.990802128076319510e-03 9.625860072490794589e-03 1.593611477406187485e-02 9.607277549037042397e-03 1.041847891028403923e-02 8.527699774279638364e-03 8.997397472079891531e-03 9.604921268326963718e-03 9.293388956298512249e-03 8.315319293818649801e-03 9.615243366461516394e-03 8.993572285697764082e-03 1.044002946580067231e-02 8.512363321384216336e-03 8.517532718189306171e-03 9.007443117093037049e-03 8.757648856801135070e-03 8.992650387860729247e-03 9.279955398867353530e-03 7.996200890709697154e-03 7.998492467737349995e-03 8.525302761186048447e-03 8.733528712204913919e-03 9.286252968507940561e-03 9.005624531865695850e-03 9.004532230501832019e-03 8.995942786972774968e-03 8.743962535911902617e-03 9.996322200710505701e-03 8.996358788075517476e-03 1.093123011833791770e-02 8.327458774970899341e-03 9.289540876921053777e-03 9.293358118510746183e-03 9.614715479608553633e-03 8.744121694416902985e-03 1.043340561500643270e-02 9.001949131362572271e-03 1.000477936302382118e-02 9.620457906038038659e-03 8.743584239586477819e-03 9.288899486867988400e-03 1.043093302230303776e-02 7.993963075354666714e-03 9.286194960918068425e-03 9.003794650311142470e-03 8.748642549064636689e-03 9.287665475514548380e-03 9.000824795028391362e-03 8.999856117299660091e-03 1.000658549402846584e-02 1.092828842165500386e-02 8.744579111332289462e-03 8.998823117784071970e-03 9.992334013595035105e-03 8.998973497429946580e-03 1.042308313974101355e-02 9.291408691671757328e-03 9.987524860183756917e-03 8.996282006842737725e-03 8.321312292818853346e-03 1.149442717905474996e-02 9.284663888516278205e-03 1.000098860181088296e-02 8.994723025920612486e-03 8.746779438797766884e-03 8.744663175959331916e-03 1.000490397641379606e-02 9.287379378770240987e-03 7.856969451727442016e-03 8.742363504346829448e-03 8.744312380205976690e-03 9.989864620060538714e-03 8.742570063657265078e-03 1.043296062743397784e-02 9.618251717205142035e-03 8.743591274737380625e-03 8.746019854932399890e-03 8.324177355421236157e-03 9.291388391192742513e-03 1.093173274252609052e-02 9.000639790046383731e-03 8.996102990275353650e-03 1.041955452919626247e-02 8.148894993241465046e-03 1.043081615287461301e-02 9.619493294149785920e-03 8.743792073717759558e-03
1.053275728494354122e-02 9.157588402240303058e-03 9.857551453432502470e-03 8.683903866728525517e-03 9.589853506752300458e-03 0.000000000000000000e+00 9.157803014141711190e-03 9.588401182257171029e-03 8.684961337980681359e-03 1.093233053717222042e-02 1.049946987544470890e-02 9.388976961175106786e-03 8.986261546970729722e-03 9.178973243927756459e-03 1.503115263336132421e-02 9.357835797526969923e-03 1.090200042766149326e-02 9.875173671146281890e-03 1.017589257298488238e-02 9.386195146581682511e-03 9.849915928545227572e-03 9.871367821364766815e-03 9.613959108697832032e-03 9.609341419032883455e-03 9.159899207531029680e-03 8.982461050864481641e-03 9.844913491351688778e-03 9.589214735495099270e-03 9.159944135164868606e-03 1.136202679128262873e-02 9.877368436473955154e-03 8.984567980028985643e-03 9.396915925432023156e-03 1.094127871779278921e-02 9.181944313075425870e-03 9.191771146162574721e-03 1.093704730442227220e-02 1.052565124631577552e-02 1.256432636397485959e-02 9.196303433646463646e-03 9.615836662055374934e-03 1.019615521515488017e-02 1.627808409544887966e-02 1.017909897777220449e-02 1.093258946513534641e-02 9.195458317401917353e-03 9.621796589255968840e-03 1.017693431277851002e-02 9.891278295542964977e-03 9.003690642422013113e-03 1.015720555220553205e-02 9.618348911213950303e-03 1.095290985373338459e-02 9.182095058011610633e-03 9.186800031459638888e-03 9.630565250797537905e-03 9.403790748312806230e-03 9.617514134912207024e-03 9.879167014021300944e-03 8.713677589771404858e-03 8.715870740340619233e-03 9.193305547852064635e-03 9.382433622666211046e-03 9.884896184804467523e-03 9.629334008240123671e-03 9.628414422818927509e-03 9.620631890098027550e-03 9.391939941179389822e-03 1.053876028175613176e-02 9.620997984987623639e-03 1.141609052127659681e-02 9.014774602277324939e-03 9.888037456948542067e-03 9.891520998741697851e-03 1.018607037645054975e-02 9.392146256014182598e-03 1.094672021750321689e-02 9.626071898714717162e-03 1.054660970241592076e-02 1.019134797949486880e-02 9.391655287405107147e-03 9.887452970860166265e-03 1.094440194647017597e-02 8.712339557928355793e-03 9.884990926704997211e-03 9.627746062021578372e-03 9.396222578053618074e-03 9.886255098786137299e-03 9.624962167357767329e-03 9.624178230692993080e-03 1.054828590500702344e-02 1.141330318786638875e-02 9.392555024357875440e-03 9.623238549414008317e-03 1.053506001476636582e-02 9.623376901562811711e-03 1.093704061643475424e-02 9.889735465382087226e-03 1.053058867074474492e-02 9.620931910783579732e-03 9.009217288109695743e-03 1.195215306899361125e-02 9.883582599016756468e-03 1.054301245663462512e-02 9.619513474341185796e-03 9.394525766876596004e-03 9.392619301003417992e-03 1.054672331115815744e-02 9.886057143930763319e-03 8.587762462606455399e-03 9.390552423180214756e-03 9.392310040550836195e-03 1.053276377545397935e-02 9.390797340458695297e-03 1.094630245030534486e-02 1.018937263669561152e-02 9.391642892195935580e-03 9.393855798684111469e-03 9.011794757054894522e-03 9.889721107649480231e-03 1.141656685215471437e-02 9.624884165076456194e-03 9.620768049819778539e-03 1.093373236139769632e-02 8.852936371764296916e-03 1.094429089019718221e-02 1.019045548150649717e-02 9.391839043476067281e-03
9.549301345254815679e-03 7.987769088783186130e-03 8.830218236948432151e-03 7.400682221505133253e-03 8.491770814276126608e-03 9.157803014141711190e-03 0.000000000000000000e+00 8.487137192100998803e-03 7.401779009345767907e-03 1.002549217172427239e-02 9.547071031460544963e-03 8.221966455148594852e-03 7.766380749097774941e-03 7.984707118952393684e-03 1.446361948953633902e-02 8.211326106890301860e-03 1.000027060956708812e-02 8.794021842063539512e-03 9.143054299640747395e-03 8.218630057053583418e-03 8.796484323403904598e-03 8.789814354378129233e-03 8.506823980203205224e-03 8.480994257878236506e-03 7.975834741047817950e-03 7.761665386221238208e-03 8.790930811434217312e-03 8.487906259831697747e-03 7.972674349691535184e-03 1.050908668938941790e-02 8.799559406889454621e-03 7.764037146022143704e-03 8.248543015646319851e-03 1.003576128897291572e-02 7.988606269589462391e-03 8.001685931409303551e-03 1.003104312931456243e-02 9.567827020845725422e-03 1.179941454274418926e-02 8.007233656886327336e-03 8.509345686527506475e-03 9.190508355129528226e-03 1.566812337239767428e-02 9.170648258258735572e-03 1.002606787008195055e-02 8.006369284370715503e-03 8.516511297322211169e-03 9.168139504193222392e-03 8.835516725528300488e-03 7.773091168406008090e-03 9.179141169340985715e-03 8.512344263095932007e-03 1.004860636348046260e-02 7.988870998893433592e-03 7.994456079271456198e-03 8.527721301310499380e-03 8.257050277648203193e-03 8.511344587063287420e-03 8.820891834818071417e-03 7.424138902189673928e-03 7.426656964027682564e-03 8.003730776644546116e-03 8.230135943103220053e-03 8.827666942198155939e-03 8.525329956286097077e-03 8.524214248723358325e-03 8.514904854401874126e-03 8.241460046559824504e-03 9.582704786767544392e-03 8.515371670281839458e-03 1.056039956332190978e-02 7.786463606892363165e-03 8.831183593519744898e-03 8.835281728451407218e-03 9.178560803807472510e-03 8.241678437266943685e-03 1.004168180471899131e-02 8.521418045702267713e-03 9.591624651035610821e-03 9.184672456861029538e-03 8.241097410126194470e-03 8.830494695304299743e-03 1.003909582445164372e-02 7.420637349660176574e-03 8.827587421882584010e-03 8.523415368769488368e-03 8.246622675612392747e-03 8.829100743258032694e-03 8.520094504087789497e-03 8.519146274468456653e-03 9.593528761957351852e-03 1.055734446775593444e-02 8.242182664261729630e-03 8.518031788538667215e-03 9.578497455767762125e-03 8.518191642512178488e-03 1.003088479017580185e-02 8.833196195408711537e-03 9.573443840868851168e-03 8.515296901411117947e-03 7.779720519906141961e-03 1.114324629070745712e-02 8.825954209099673778e-03 9.589624633388180164e-03 8.513614086863180788e-03 8.244609847306606787e-03 8.242308735016898313e-03 9.591757654137746808e-03 8.828872314044762179e-03 7.270464699205126877e-03 8.239784477493423270e-03 8.241916049902967348e-03 9.575896006148828382e-03 8.240067070698223542e-03 1.004121789667048945e-02 9.182405700470326962e-03 8.241136607342438095e-03 8.243759148081092336e-03 7.782868622028059347e-03 8.833183016712625735e-03 1.056092770956928301e-02 8.520015450775407159e-03 8.515090918726863148e-03 1.002719335775062101e-02 7.590675203557640215e-03 1.003898099593013467e-02 9.183660869033789115e-03 8.241348471938712839e-03
9.958370480719158299e-03 8.487006442553915453e-03 9.260701901699220154e-03 7.984764677495677712e-03 8.966779241822367061e-03 9.588401182257171029e-03 8.487137192100998803e-03 0.000000000000000000e+00 7.967506209641986997e-03 1.041516424278119898e-02 9.956449809021496525e-03 8.717629612878802572e-03 8.319779565583516889e-03 8.484236830559392997e-03 1.474482145319741359e-02 8.708298189446498153e-03 1.041914954481096278e-02 9.247599420376116305e-03 9.574456830149617736e-03 8.735793494046956500e-03 9.249951450127599437e-03 9.243600094348202248e-03 8.962028395722233115e-03 8.979250471276439133e-03 8.491862315862873378e-03 8.295970943913622345e-03 9.268587147667610784e-03 8.963294305110735410e-03 8.489399239893819990e-03 1.087621288476739098e-02 9.252730871907956234e-03 8.298301806518141449e-03 8.745833648461154297e-03 1.042493074397266017e-02 8.507773058771447502e-03 8.519246284320703549e-03 1.042041843491164216e-02 9.979126621646331255e-03 1.212999082886840121e-02 8.524296842398535259e-03 8.986852701152538841e-03 9.622563676757818832e-03 1.593444681191417620e-02 9.603904156280349685e-03 1.041565983481009504e-02 8.523501004334278763e-03 8.993461607226646906e-03 9.601545645152738048e-03 9.289833254115786518e-03 8.310767651222718266e-03 9.611883671282423630e-03 8.989625208677898965e-03 1.043723544533002763e-02 8.507978642802237895e-03 8.513072231438966950e-03 9.003646985621702875e-03 8.753651313083249744e-03 8.988702085213188392e-03 9.276286367274245645e-03 7.991609079321834036e-03 7.993901396823635888e-03 8.521099758240530120e-03 8.729332028867525795e-03 9.282595346157511765e-03 9.001622394130834662e-03 9.000597120325682515e-03 8.991996252131500070e-03 8.739724580335884313e-03 9.993246062966336038e-03 8.992459181279508287e-03 1.092865077788204159e-02 8.322931362887923262e-03 9.285881059910907134e-03 9.289702738047238284e-03 9.611347446826800506e-03 8.739934550275049036e-03 1.043059412968389693e-02 8.998011651138804537e-03 1.000170984473760377e-02 9.617095494657246571e-03 8.739397069177414976e-03 9.285238998256058890e-03 1.042812042284449632e-02 7.989185389440189508e-03 9.282530939057105288e-03 8.999858947165208581e-03 8.744462704650008203e-03 9.283933421231139668e-03 8.996786581388607068e-03 8.995915011701853189e-03 1.000351664550407256e-02 1.092570732560891288e-02 8.740393095931013948e-03 8.994882300614877660e-03 9.989254597097473390e-03 8.995031600861437548e-03 1.042026704742818333e-02 9.287753973714500677e-03 9.984511843389286961e-03 8.992351058242567877e-03 8.316782413734978563e-03 1.149204841640776541e-02 9.281002097951461180e-03 9.999816790875287048e-03 8.990792110378856283e-03 8.742602103226384397e-03 8.740494751462183839e-03 1.000183578418105401e-02 9.283720577121089279e-03 7.852124390819410077e-03 8.738189399577721977e-03 8.740141511286473111e-03 9.986785420787434170e-03 8.738396485586616760e-03 1.043015011980176487e-02 9.614899909602139805e-03 8.739464408644155580e-03 8.741837512145557432e-03 8.319638041306351428e-03 9.287743276008279814e-03 1.092915934865310371e-02 8.996713799909742543e-03 8.992160513644731692e-03 1.041673652310438555e-02 8.144240167027921515e-03 1.042801074666290830e-02 9.616141868193706088e-03 8.739620198801052037e-03
9.101020588632505182e-03 7.401340731211418847e-03 8.311055789326770096e-03 6.759271159898880450e-03 7.969586718164733269e-03 8.684961337980681359e-03 7.401779009345767907e-03 7.967506209641986997e-03 0.000000000000000000e+00 9.569346800668631497e-03 9.098831440094292539e-03 7.674764755633601415e-03 7.184856986835434431e-03 7.397854241999654405e-03 1.407154905755620376e-02 7.667238129109408759e-03 9.601765857288254227e-03 8.298612636268857395e-03 8.671239961106733118e-03 7.671449618005509938e-03 8.321151530674572583e-03 8.293830625089279249e-03 7.967213039925766585e-03 7.960985309144647665e-03 7.403530588316168531e-03 7.165058021265768851e-03 8.294949398484486106e-03 7.968478074077550710e-03 7.404351821983726732e-03 1.010320794334739619e-02 8.301955621116442752e-03 7.168057706658324119e-03 7.703532293430647750e-03 9.608010496273203249e-03 7.417634581897927619e-03 7.432052217931264804e-03 9.603079752067483418e-03 9.117264397871997425e-03 1.143152960112927240e-02 7.438204926950451636e-03 7.987799856632492659e-03 8.718149630629421637e-03 1.536639012744691474e-02 8.697149036127505006e-03 9.597883967275422715e-03 7.437248836520844383e-03 7.995564873382253815e-03 8.694483527222835947e-03 8.339313214493195014e-03 7.178165910356366919e-03 8.706176748480015312e-03 7.991052351965045875e-03 9.621379415669996035e-03 7.417929510906572446e-03 7.424125184161102335e-03 8.007577066036048255e-03 7.712838224355972674e-03 7.989968370788627303e-03 8.323751991889463686e-03 6.786877222483952456e-03 6.789728100823962977e-03 7.434325605573010448e-03 7.683541919340813008e-03 8.331015865813688748e-03 8.005137411709778092e-03 8.003920244647846557e-03 7.993829896411550062e-03 7.695952769344725775e-03 9.132929723662131655e-03 7.994335626778606430e-03 1.015405562723196292e-02 7.193104323768260110e-03 8.334793812836995691e-03 8.339189508386302130e-03 8.705557455503616648e-03 7.696193769752807112e-03 9.614195110755105467e-03 8.000889355737998698e-03 9.142319454447968285e-03 8.712049361229450353e-03 7.695556850398418448e-03 8.334055287062908102e-03 9.611493919548347656e-03 6.782565209242341284e-03 8.330936957887339483e-03 8.003054370618933877e-03 7.701611991789567707e-03 8.332567898976725451e-03 7.999561599460573713e-03 7.998427556392880347e-03 9.144324076234016177e-03 1.015088711960852007e-02 7.696746144304787707e-03 7.997218579617347556e-03 9.128500697364819866e-03 7.997392742597437404e-03 9.602916419694037739e-03 8.336950991224514884e-03 9.123224356538206167e-03 7.994240929480096736e-03 7.185569861251269244e-03 1.075675334174082745e-02 8.329182786454020909e-03 9.138357314492036310e-03 7.992415127998074922e-03 7.699406357511409150e-03 7.696869624068405739e-03 9.142458386869480036e-03 8.332311883414282930e-03 6.612878459855029908e-03 7.694103567761856506e-03 7.696439542697938035e-03 9.125758601851070156e-03 7.694357500184659075e-03 9.613708349650034943e-03 8.709572918257222490e-03 7.695644164277043106e-03 7.698472779639269417e-03 7.189114399184817934e-03 8.336926872396824631e-03 1.015459815915688985e-02 7.999356435969551260e-03 7.994030728572734321e-03 9.599059931143776730e-03 6.973988314799817699e-03 9.611366415765256951e-03 8.710963707859710470e-03 7.695817670914248398e-03
1.120738868808437982e-02 9.995585368985775501e-03 1.062761493316618198e-02 9.568548325259463097e-03 1.041806347464713928e-02 1.093233053717222042e-02 1.002549217172427239e-02 1.041516424278119898e-02 9.569346800668631497e-03 0.000000000000000000e+00 1.124187025423234280e-02 1.018356859913980075e-02 9.842497974632434185e-03 9.993219994850310872e-03 1.557655400668223923e-02 1.020664098399106344e-02 1.157261861320574639e-02 1.061702872495374692e-02 1.088653214035581809e-02 1.021145239027120878e-02 1.065168215587145029e-02 1.061382360954690567e-02 1.041470730239075701e-02 1.041055925304968516e-02 9.999381754115032467e-03 9.839205711206153171e-03 1.061486163863042953e-02 1.038427157831573258e-02 9.997726883091218389e-03 1.199621592029048722e-02 1.065363564768215254e-02 9.841106197908511266e-03 1.021901212051129840e-02 1.161626353307296418e-02 1.002584195572770939e-02 1.003418765522698201e-02 1.161238392380612230e-02 1.123733302269432077e-02 1.312941180203263530e-02 1.003824914991035232e-02 1.041665963925705006e-02 1.093888463332976652e-02 1.671642233076007025e-02 1.092389442199465620e-02 1.160831153087043405e-02 1.003758979343974400e-02 1.042199249675928793e-02 1.092194479652012183e-02 1.066404186352947273e-02 9.864826199672499171e-03 1.093060744858662461e-02 1.041891705667188917e-02 1.162668916318102333e-02 1.002595555664651493e-02 1.003006947194268542e-02 1.042950602275189743e-02 1.022536111659626788e-02 1.041816871706939540e-02 1.065361119111045939e-02 9.601519043295906122e-03 9.603402833401317173e-03 1.003566370373206763e-02 1.020657140348344566e-02 1.065874457973231375e-02 1.042872598638556678e-02 1.042783668800918197e-02 1.042085654175943510e-02 1.021499614384091016e-02 1.124922564760706678e-02 1.042117311876066335e-02 1.205333872972914368e-02 9.874713973441109210e-03 1.066146836436233404e-02 1.066459948768723291e-02 1.093006689048508888e-02 1.021519189348144875e-02 1.162112229859405509e-02 1.042573272523165777e-02 1.125634174595044161e-02 1.093482194340609885e-02 1.021474799649483602e-02 1.066094303993010001e-02 1.161900047958544513e-02 9.600598054727791861e-03 1.065873575558073418e-02 1.042723705803734469e-02 1.021884537302532141e-02 1.065993314533810951e-02 1.042483397785695654e-02 1.042403758426903131e-02 1.125786224064247686e-02 1.205075913419771487e-02 1.021555588640017317e-02 1.042319020230590525e-02 1.124587317372854195e-02 1.042331706548893164e-02 1.161226139221424938e-02 1.066298483811443064e-02 1.124181299372126012e-02 1.042112357925305786e-02 9.869695303367353317e-03 1.255265991464336005e-02 1.065745469628975178e-02 1.125463777717467841e-02 1.041984525348161467e-02 1.021730900918705297e-02 1.021560875195245965e-02 1.125643943434161305e-02 1.065967555525168184e-02 9.487246734416289462e-03 1.021376160830198172e-02 1.021533690938315579e-02 1.124377872179327734e-02 1.021391921789763582e-02 1.162073399632658488e-02 1.093296730252193115e-02 1.021471686808648506e-02 1.021672234506095130e-02 9.872005993275395630e-03 1.066298388830714920e-02 1.205378440741911202e-02 1.042467251347572836e-02 1.042096765155869562e-02 1.160923398920405900e-02 9.728192366892419313e-03 1.161889999177464529e-02 1.093401407957923614e-02 1.021491365537709368e-02
1.082543536513519249e-02 9.573348887287334505e-03 1.024394606211703924e-02 9.098070541464501476e-03 9.987932759055401580e-03 1.049946987544470890e-02 9.547071031460544963e-03 9.956449809021496525e-03 9.098831440094292539e-03 1.124187025423234280e-02 0.000000000000000000e+00 9.745238527128113545e-03 9.386096937521883066e-03 9.571011771426496395e-03 1.532460298258985984e-02 9.764628981615577907e-03 1.120961496001770911e-02 1.023253723301964166e-02 1.048752806308262536e-02 9.742673562262075745e-03 1.023445940111023661e-02 1.019921931080905106e-02 9.956077067720727272e-03 9.951552889288672876e-03 9.550914164599265399e-03 9.408133146982860726e-03 1.020032774109237879e-02 9.956952619667154211e-03 9.549076539262450758e-03 1.165254688378463722e-02 1.023680289767567309e-02 9.384222889688152366e-03 9.778094513115327333e-03 1.125088607115151858e-02 9.574121219715269956e-03 9.583148318809518382e-03 1.124681954461091010e-02 1.085251544749300280e-02 1.282359542439487701e-02 9.587442956199268909e-03 9.986374976820120569e-03 1.053800360958677233e-02 1.648039219739240793e-02 1.052198870837994099e-02 1.124254170557654336e-02 9.586750197963948839e-03 9.992021941224017365e-03 1.051992855330504371e-02 1.024784052692861817e-02 9.404581003304260042e-03 1.052895021038387224e-02 9.988760095845766393e-03 1.126190695113526118e-02 9.574252019028450800e-03 9.578599986221852589e-03 1.000017908255154166e-02 9.784799178249099783e-03 9.987968530697270697e-03 1.023659937129297801e-02 9.128105056910792992e-03 9.130083829709728649e-03 9.584712027440798338e-03 9.764654764849979574e-03 1.024203490678846779e-02 9.999128819931962092e-03 9.998189160703238251e-03 9.990807532752974535e-03 9.773556364769803856e-03 1.086504042652934598e-02 9.991150846707600591e-03 1.170815614139950576e-02 9.415001320945529800e-03 1.024490452996035597e-02 1.024821366951654024e-02 1.052850418764255704e-02 9.773754968776558055e-03 1.125598489909720654e-02 9.995965488999654022e-03 1.087254048166314685e-02 1.053352761142987808e-02 9.773287975441469211e-03 1.024434911265158059e-02 1.125375799503762660e-02 9.126914392138764029e-03 1.024201293251251164e-02 9.997555124243611910e-03 9.777618345151284363e-03 1.024328075036002456e-02 9.995010639084136658e-03 9.994171238536662255e-03 1.087414268027486058e-02 1.170546444685112084e-02 9.774141276319309526e-03 9.993277356217694293e-03 1.086150595196564567e-02 9.993410222314622754e-03 1.124668722405845062e-02 1.024651278955188496e-02 1.085723681159350869e-02 9.991095638184828084e-03 9.409716956212331798e-03 1.222744738699391848e-02 1.024066742173288143e-02 1.087080060514932639e-02 9.989747044243081631e-03 9.776002022444229417e-03 9.774204015306977786e-03 1.087264690458404452e-02 1.024301680257184120e-02 9.008038101112723559e-03 9.772248169526138659e-03 9.773913853846948399e-03 1.085930630669856671e-02 9.772482374446524872e-03 1.125558119800948095e-02 1.053164994059248120e-02 9.773268463332261333e-03 9.775374631578341578e-03 9.412154328510714124e-03 1.024650953837923789e-02 1.170862137464297355e-02 9.994846052227576369e-03 9.990931015534306250e-03 1.124351020560670870e-02 9.260920907675834410e-03 1.125365564108461204e-02 1.053268073409936723e-02 9.773466690856469005e-03
9.747094865600394731e-03 8.221657003591852780e-03 9.024725900535270420e-03 7.674088680929657194e-03 8.719296898495274353e-03 9.388976961175106786e-03 8.221966455148594852e-03 8.717629612878802572e-03 7.674764755633601415e-03 1.018356859913980075e-02 9.745238527128113545e-03 0.000000000000000000e+00 8.041218021384547929e-03 8.237336250727891190e-03 1.452417029943271765e-02 8.452791394583996851e-03 1.021825962920422208e-02 9.013638400425976263e-03 9.376598024402127765e-03 8.456316342137691622e-03 9.039069265175937035e-03 9.009325633138847225e-03 8.717141958911411512e-03 8.711620700176132132e-03 8.223499934200840383e-03 8.018518419041682083e-03 9.010336118822419652e-03 8.718506567614777228e-03 8.224233802394214504e-03 1.068640159677075596e-02 9.016381808676025844e-03 8.039084836698665373e-03 8.489827237032482321e-03 1.022390377054954898e-02 8.241189019154311277e-03 8.253234383464293222e-03 1.021928498620237706e-02 9.766723895318097162e-03 1.195946964589234343e-02 8.258526160508402117e-03 8.740803241623504305e-03 9.399418238868703993e-03 1.579750660306349780e-02 9.380195130739977030e-03 1.021441410198612593e-02 8.257695640628510969e-03 8.747682979465477154e-03 9.377759969984101121e-03 9.055342987584988693e-03 8.035203195738234092e-03 9.388550307685799429e-03 8.743689152451291843e-03 1.023647848989199353e-02 8.241410404856892163e-03 8.246742337054318098e-03 8.758259890831662786e-03 8.497919070395633379e-03 8.742728116425379711e-03 9.041337395346535008e-03 7.701452565195491227e-03 7.703853498348798949e-03 8.255180382698502212e-03 8.472531885246634836e-03 9.047876880052626095e-03 8.756177098275075982e-03 8.755106757891871136e-03 8.746155134453346275e-03 8.483374509065326474e-03 9.781181050929224283e-03 8.746593951043012127e-03 1.073848345564432788e-02 8.047930403356348336e-03 9.051282939383450271e-03 9.055244097228439329e-03 9.387877872751110298e-03 8.483596982980037143e-03 1.022970024984910277e-02 8.752416143152056890e-03 9.789879524353560167e-03 9.393811255548162667e-03 8.483036787184655356e-03 9.050617562916918324e-03 1.022716814050050362e-02 7.698780342955773709e-03 9.047809589032449959e-03 8.754338376119014803e-03 8.488326347447231607e-03 9.049267939853295611e-03 8.751242974127470750e-03 8.750233648890794885e-03 9.791736793802328226e-03 1.073548211673110674e-02 8.484076529945459161e-03 8.749159055224919532e-03 9.777078821401613204e-03 8.749314752783570945e-03 1.021912945462051525e-02 9.053225214413547495e-03 9.772192462848248301e-03 8.746514145395524117e-03 8.041493226697782326e-03 1.131201324785248950e-02 9.046225997392683821e-03 9.786045091042793256e-03 8.744891898750580331e-03 8.486386946839197601e-03 8.484172398841912516e-03 9.790009042665871394e-03 9.049044522564650417e-03 7.555432182443406683e-03 8.481763821028878367e-03 8.483802596484433384e-03 9.774540934485338034e-03 8.482037521554132778e-03 1.022924577542553073e-02 9.391599134966828119e-03 8.483103226418032411e-03 8.485584664572316457e-03 8.044502144832297447e-03 9.053203216788404187e-03 1.073899698352621251e-02 8.751053623205913914e-03 8.746328131903218644e-03 1.021551564296317542e-02 7.860994142983936811e-03 1.022704925039832381e-02 9.392817791648676654e-03 8.483258308578763701e-03
