0.000000000000000000e+00 1.073481004715284848e-02 1.024446725222395715e-02 1.073099856042914260e-02 1.073480889884224562e-02 9.572243647998746052e-03 1.103045251172737884e-02 1.103035347664729077e-02 1.024446147954714489e-02 1.137830299678780320e-02 1.047452351837641245e-02 1.024449755135517330e-02 1.004489721371991211e-02 9.870988059010652946e-03 9.868216534086491146e-03 1.073142978446184684e-02 1.073127540563758101e-02 1.103094202585470224e-02 1.102987681975508422e-02 1.024748922963548622e-02 1.073430349238782208e-02 9.868141355487126259e-03 9.334936720035760457e-03 1.137889809099805125e-02 1.278518062875098893e-02 9.868264614124657233e-03 1.024359367956769601e-02 1.073411628468501876e-02 1.103058941728661882e-02 1.073107494167511479e-02 1.103062215831278163e-02 1.223994981964172772e-02 1.103492107582438632e-02 1.024763374428497298e-02 1.137990435408100555e-02 1.178156118493133703e-02 1.138016227343970586e-02 1.178168236035909144e-02 1.073575951798998000e-02 1.047637677819711170e-02 1.138010032870973194e-02 1.138157994638977835e-02 1.004798964639696743e-02 1.024752846279038641e-02 1.073561798719399954e-02 1.103491263000900939e-02 1.103522998531146493e-02 1.138010083358770123e-02 1.073479863511243686e-02 1.047603934577797345e-02 1.004831704284804908e-02 1.047517732087070372e-02 1.004829842648456185e-02 1.500597620393737293e-02 1.004873449642033553e-02 1.103447760104930495e-02 1.341587182568634504e-02 1.047583642772197468e-02 1.073625588506203765e-02 1.178255733525615870e-02 1.073523177523214023e-02 9.872066643305409464e-03 1.103439463236731075e-02 1.024830468265701226e-02 1.024776688154908390e-02 1.073528251928028594e-02 1.073575740658371837e-02 1.178127080285436626e-02 1.278708936214855568e-02 1.073619322108163888e-02 9.575703549322758801e-03 1.103492831631864429e-02 1.047516878905908021e-02 1.024815151075559802e-02 1.024803858572777455e-02 1.341660656100256664e-02 1.073601470602241793e-02 1.178072241829386350e-02 1.073612289764198577e-02 1.103491129780507021e-02 1.138121979195769184e-02 1.138101410439322503e-02 1.073539338539968718e-02 1.138018853874396726e-02 1.004855961001153118e-02 1.073624082729645809e-02 1.103459336871049669e-02 1.103449226306906644e-02 1.178160311285048750e-02 1.047581246416073343e-02 1.138122823763578796e-02 1.047566276755943805e-02 1.047590213499759344e-02 1.178081052292687982e-02 1.024816211695991040e-02 1.138117514714939195e-02 1.073641307460498732e-02 1.047560751954491019e-02 1.103635183546768442e-02 1.224784331963736303e-02 1.138078269081850731e-02 1.103571287623296600e-02 1.024855573552565027e-02 1.073692738177612141e-02 1.278792981966379860e-02 1.138178734298197527e-02 1.138115584771733774e-02 1.278734913258315620e-02 1.024864812660922914e-02 1.047603495173194017e-02 1.004842206799400409e-02 1.224651651283380910e-02 1.073670784017074706e-02 1.047608940520918311e-02 1.103563889483751004e-02 1.178260309088720141e-02 1.224718034837360414e-02 1.073654052871084522e-02 1.224715563692915267e-02 1.178078356533456689e-02 1.224755380185585038e-02 1.178171516759390740e-02 1.024865717289219665e-02 1.073623641807260921e-02 1.024862649172131497e-02 9.715975102240988204e-03 1.138102356112734824e-02 1.024889062258330791e-02
1.073481004715284848e-02 0.000000000000000000e+00 9.486232103205810909e-03 1.002733333182268156e-02 1.002810684264652738e-02 8.743370651717841460e-03 1.035453889565523221e-02 1.035443136398625855e-02 9.486224665569836789e-03 1.073130656898755968e-02 9.737759549963741559e-03 9.486268720449846439e-03 9.265228097418734890e-03 9.072085964848007611e-03 9.069804018579329802e-03 1.002780759213901113e-02 1.002497783588649286e-02 1.035507453807290451e-02 1.035676450961179641e-02 9.486424226407417365e-03 1.002489373814744768e-02 9.069724991619685164e-03 8.484769268418047850e-03 1.073505799615405432e-02 1.223762335609562130e-02 9.069860981845723549e-03 9.485267102823298838e-03 1.002468304507977796e-02 1.035468808405384279e-02 1.002475455396443886e-02 1.035472546600340812e-02 1.166394804550156122e-02 1.035869822783133665e-02 9.488959637931613719e-03 1.073615541217574042e-02 1.117158975652353392e-02 1.073643796920840422e-02 1.117172057495139682e-02 1.002916197038745093e-02 9.742315686659076476e-03 1.073637047399461468e-02 1.073798322797362044e-02 9.267870141139769244e-03 9.488843389693723748e-03 1.002900518642630551e-02 1.035868956377712473e-02 1.035903758328838263e-02 1.073637191780595426e-02 1.002809920752973510e-02 9.741942059371823392e-03 9.268232337853525918e-03 9.740985768347237145e-03 9.268210304646603767e-03 1.455321604073477049e-02 9.268694731471007961e-03 1.035821091256427032e-02 1.290450011659914978e-02 9.741717459898496453e-03 1.002970896680934268e-02 1.117266424006173320e-02 1.002857764255985461e-02 9.073283093149161690e-03 1.035811975523574791e-02 9.489706251415024746e-03 9.489107302438603772e-03 1.002863352814619552e-02 1.002915809187677684e-02 1.117127643677113050e-02 1.224395076454351527e-02 1.002963965762327520e-02 8.746399272653372289e-03 1.035870617975960008e-02 9.740976297860998168e-03 9.489533485719838998e-03 9.489408956925033528e-03 1.290526844998858037e-02 1.002944293988804712e-02 1.117068479986489324e-02 1.002956197747549745e-02 1.035868730871568506e-02 1.073759043380768420e-02 1.073736540596847630e-02 1.002875596623205648e-02 1.073646660942577380e-02 9.268499620558819097e-03 1.002969222340147071e-02 1.035833833573140787e-02 1.035822699392745065e-02 1.117163481052394630e-02 9.741689182970960856e-03 1.073759962084605731e-02 9.741523828684475403e-03 9.741787903953962047e-03 1.117077985490711432e-02 9.489545247589440541e-03 1.073754167896699523e-02 1.002988240530068749e-02 9.741462350212228352e-03 1.036026997264600374e-02 1.167173558998557334e-02 1.073711418653058337e-02 1.035956803710626033e-02 9.489982947418849207e-03 1.003045044906597169e-02 1.224483810126274219e-02 1.073820882412084531e-02 1.073752070798637305e-02 1.224422512695578363e-02 9.490083117529564058e-03 9.741935808445900680e-03 9.268347130495636563e-03 1.167032005745336637e-02 1.003020798355911368e-02 9.741996175504094926e-03 1.035948681746476710e-02 1.117271344030166397e-02 1.167102832305339823e-02 1.003002319327306845e-02 1.167100185542555880e-02 1.117075077107231203e-02 1.167142668818040539e-02 1.117175579496935099e-02 9.490093275586065913e-03 1.002968720098705059e-02 9.490059990688061442e-03 8.900942769113993208e-03 1.073737665318539800e-02 9.490352754567736929e-03
1.024446725222395715e-02 9.486232103205810909e-03 0.000000000000000000e+00 9.487763029773088261e-03 9.488600274319577282e-03 8.082238086587777148e-03 9.841232808277575184e-03 9.841115570539661628e-03 8.898420819088962222e-03 1.024404315751928189e-02 9.175672234127159668e-03 8.898468960962104685e-03 8.657834067561509875e-03 8.441174503696032005e-03 8.441062880967367676e-03 9.485903790612018952e-03 9.485717996216776887e-03 9.841810780264092368e-03 9.840552415382154694e-03 8.898640014978644389e-03 9.488002829286176776e-03 8.440973738173004545e-03 7.796496560462945133e-03 1.024473445895428443e-02 1.182490410942414749e-02 8.441124701095892649e-03 8.897371512638752034e-03 9.485402578521895736e-03 9.843976287579658813e-03 9.485478328999640343e-03 9.841431504510759001e-03 1.122735718949683693e-02 9.845212672794751221e-03 8.900878885688684808e-03 1.024874699082655750e-02 1.070998340099279730e-02 1.024904755220506537e-02 1.071012143435497860e-02 9.489742852649618240e-03 9.177915003789147846e-03 1.024897571926708210e-02 1.025069221613415620e-02 8.658249693368317429e-03 8.900751897731814383e-03 9.489574813430944750e-03 9.845203573508150979e-03 9.845577195910412346e-03 1.024897697195350892e-02 9.488592667935292699e-03 9.177507438181291277e-03 8.658648113583022887e-03 9.176462606860624066e-03 8.658621681728879971e-03 1.420451642117033335e-02 8.659156635804717353e-03 9.844689155813924480e-03 1.251429524672238724e-02 9.177262493796769366e-03 9.490336868388437805e-03 1.071111651962488621e-02 9.489111104490726561e-03 8.444343181492241363e-03 9.844591230637866203e-03 8.901699831016723213e-03 8.901040863741582418e-03 9.489171488984543198e-03 9.489739850825389816e-03 1.070965372194617772e-02 1.183110758057519425e-02 9.490261720564979048e-03 8.085018231280596476e-03 9.845221213847964864e-03 9.176452258581803412e-03 8.901508071641920511e-03 8.901371488918320696e-03 1.251508742987223095e-02 9.490048267875465793e-03 1.070902903119439094e-02 9.490177554776945551e-03 9.845200867391013314e-03 1.025027411875992396e-02 1.025003559864078040e-02 9.489304133880372555e-03 1.024907804144850262e-02 8.658939826490607769e-03 9.490318661798636049e-03 9.844826163421761464e-03 9.844706418684404797e-03 1.071003090849694493e-02 9.177230057499586452e-03 1.025028389026016833e-02 9.177050022427177267e-03 9.177338936023154981e-03 1.070912927917014659e-02 8.901520974717139906e-03 1.025022219908192263e-02 9.490524669548765571e-03 9.176983271099954653e-03 9.846900961879612862e-03 1.123510548528822324e-02 1.024976797280850380e-02 9.846146979743333402e-03 8.901999631687338571e-03 9.491140087930977076e-03 1.183202848173155533e-02 1.025093222785615488e-02 1.025019990014393138e-02 1.183139238491859487e-02 8.902111030622649260e-03 9.177499326983881364e-03 8.658771933328889003e-03 1.123362537659301254e-02 9.490877409890895525e-03 9.177565204937171775e-03 9.846059761432253074e-03 1.071116840291483178e-02 1.123436597099758752e-02 9.490677210021418106e-03 1.123433823807974512e-02 1.070909860650677559e-02 1.123478247551678265e-02 1.071015855558381073e-02 8.902122925079589480e-03 9.490313126366502552e-03 8.902085952953801493e-03 8.254837552688638891e-03 1.025004665175540015e-02 8.902406442547436058e-03
1.073099856042914260e-02 1.002733333182268156e-02 9.487763029773088261e-03 0.000000000000000000e+00 1.002466404943976562e-02 8.742431266651621083e-03 1.035379573267997122e-02 1.035654598002050050e-02 9.487752681553048711e-03 1.073059717196135979e-02 9.736944353488905662e-03 9.485422593286271103e-03 9.264358960897639550e-03 9.069010101430720339e-03 9.068906254754162052e-03 1.002436744953084935e-02 1.002419570586275503e-02 1.035433724114156670e-02 1.035602061103181072e-02 9.487956394703922838e-03 1.002411134759253336e-02 9.068824962829610814e-03 8.481835566365173579e-03 1.073124693576214816e-02 1.224134420114005722e-02 9.068963230577686482e-03 9.484417250375701269e-03 1.002389982457449827e-02 1.035394574316338134e-02 1.002663644839322382e-02 1.035398142702428394e-02 1.166712975643377503e-02 1.035795130202583729e-02 9.488110817249541598e-03 1.073544608557309987e-02 1.117091909610714272e-02 1.073572945224435769e-02 1.117105074190293500e-02 1.002837856788968765e-02 9.741498911994791662e-03 1.073566116943770049e-02 1.073727485150353760e-02 9.266993227781164869e-03 9.487994553731962655e-03 1.002822176285507634e-02 1.035794263365523785e-02 1.035829144771212990e-02 1.073566221117885043e-02 1.002731641779249297e-02 9.741125239115931700e-03 9.267355789884792680e-03 9.740168112556886124e-03 9.267333755378958163e-03 1.455271289862012860e-02 9.267818242205148882e-03 1.035746393453895915e-02 1.290393500553742648e-02 9.740899892977361238e-03 1.002892562690945767e-02 1.117199174946315564e-02 1.002779699212197513e-02 9.072382065222234226e-03 1.035737352248359069e-02 9.486484773763032702e-03 9.488259212636166243e-03 1.002785080318933236e-02 1.002837542810977416e-02 1.117060575806375425e-02 1.224335274080935905e-02 1.002885704927953744e-02 8.745458612369045454e-03 1.035796001387609237e-02 9.740159365104930633e-03 9.488685448942477119e-03 9.488560574996147967e-03 1.290470439494717687e-02 1.002865995190013217e-02 1.117001325882215935e-02 1.002877936023491637e-02 1.035794113909850600e-02 1.073688202757993627e-02 1.073665697858006488e-02 1.002797325510776036e-02 1.073575809732599945e-02 9.267623810493142225e-03 1.002890962077585685e-02 1.035759213143114948e-02 1.035748077631501105e-02 1.117096416075865489e-02 9.740872337436945819e-03 1.073689121501689853e-02 9.740706964697932665e-03 9.740971072238780240e-03 1.117010913618147160e-02 9.488697212679812060e-03 1.073683326761539630e-02 1.002909982575976751e-02 9.740645479399215670e-03 1.035952397235053238e-02 1.167110202210960845e-02 1.073640573708231107e-02 1.035882196252474637e-02 9.489134968877269843e-03 1.002966793524835178e-02 1.224424012794060948e-02 1.073750047588824426e-02 1.073681229530096433e-02 1.224362711933094441e-02 9.489235151028826976e-03 9.741118994210196808e-03 9.267471301462687494e-03 1.166968639315003366e-02 1.002942544170262913e-02 9.741179370315754607e-03 1.035874073433809203e-02 1.117204287819683478e-02 1.167039470749576917e-02 1.002924062989562701e-02 1.167036823758754900e-02 1.117008005059613208e-02 1.167079309927320473e-02 1.117108515578864140e-02 9.489245310912304901e-03 1.002890459875410006e-02 9.489212022568142141e-03 8.900021010293981960e-03 1.073666822705426904e-02 9.489504821841424076e-03
1.073480889884224562e-02 1.002810684264652738e-02 9.488600274319577282e-03 1.002466404943976562e-02 0.000000000000000000e+00 8.745420234579786428e-03 1.035453439092006746e-02 1.035442905357383987e-02 9.488589768662457000e-03 1.073129839645017153e-02 9.737753295392951453e-03 9.486264749952729586e-03 9.265223493599658924e-03 9.069899050583753522e-03 9.069797399929937359e-03 1.002513960323039161e-02 1.002762968027723876e-02 1.035507478881735575e-02 1.035390132628898410e-02 9.486421066065906307e-03 1.002488915671211414e-02 9.069719029212918934e-03 8.482796111327376917e-03 1.073195046813090782e-02 1.223762314314187985e-02 9.069858536451303604e-03 9.485260240001958110e-03 1.002467460560126783e-02 1.035754097612926611e-02 1.002740933444605173e-02 1.035472134897033256e-02 1.166775529479528208e-02 1.035869245062089050e-02 9.488950923760130357e-03 1.073614993195845697e-02 1.117158254854962000e-02 1.073643045327143247e-02 1.117171620346008552e-02 1.002915252408569276e-02 9.742309338997707721e-03 1.073636295417551220e-02 1.073797774128666324e-02 9.267863010822106548e-03 9.488836808032516390e-03 1.002899911196565921e-02 1.035868171271229349e-02 1.035902973454888576e-02 1.073636399461217784e-02 1.002809314042570586e-02 9.741935714887326597e-03 9.268224404941323782e-03 9.740977308503017892e-03 9.268201363121689185e-03 1.455320970708573643e-02 9.268687920342345149e-03 1.035820306656460091e-02 1.290449363493591066e-02 9.741711539167018444e-03 1.002970290100711238e-02 1.116923671706999098e-02 1.002857229435624026e-02 9.073273958593466512e-03 1.035811190688038994e-02 9.489696501892221081e-03 9.489100732350826128e-03 1.002862747220843558e-02 1.002915203459533132e-02 1.117126924028748365e-02 1.224394616021988805e-02 1.002963360113056507e-02 8.746391983890922789e-03 1.035870041262081272e-02 9.740969972323180667e-03 9.489526916491556122e-03 9.489402055211133488e-03 1.290526410990854890e-02 1.002943652585390130e-02 1.117067962514952696e-02 1.002955592101503410e-02 1.035868153904928070e-02 1.073758496346087672e-02 1.073735993653876161e-02 1.002874991001397390e-02 1.073646113824549587e-02 9.268492834534021452e-03 1.002968616829410554e-02 1.035833256838473299e-02 1.035822122600463767e-02 1.117162963716030258e-02 9.741682856996416312e-03 1.073759415046043539e-02 9.741517502522127961e-03 9.741781578038240241e-03 1.117077468104278777e-02 9.489538676336600059e-03 1.073753620764439191e-02 1.002987635239895557e-02 9.741456027379812727e-03 1.036026420799872165e-02 1.167173070939272854e-02 1.073710871747680234e-02 1.035956227216080182e-02 9.489975109645417198e-03 1.003044439639903460e-02 1.224483349762676108e-02 1.073820335651763311e-02 1.073751523960431338e-02 1.224422052418784601e-02 9.490076957592860976e-03 9.741929485198631139e-03 9.268340345302385555e-03 1.167031632129682944e-02 1.003020192876004878e-02 9.741989852922150819e-03 1.035948105278838502e-02 1.117270826899395553e-02 1.167102344278400476e-02 1.003001713853162412e-02 1.167099697410955289e-02 1.117074559928158892e-02 1.167142180646786945e-02 1.117175113770711020e-02 9.490087729582425205e-03 1.002968114719600574e-02 9.490053424257365380e-03 8.900935629126366030e-03 1.073737118495648839e-02 9.490346187904423123e-03
9.572243647998746052e-03 8.743370651717841460e-03 8.082238086587777148e-03 8.742431266651621083e-03 8.745420234579786428e-03 0.000000000000000000e+00 9.134256560307096179e-03 9.134126710324251899e-03 8.083934518371626091e-03 9.571786744339264366e-03 8.395842997825544995e-03 8.082279960516892958e-03 7.803561830632485194e-03 7.553941783734543190e-03 7.553811635566020505e-03 8.743006593218975026e-03 8.742800173547306958e-03 9.134889500263840972e-03 9.133513215574786542e-03 8.084186389614302776e-03 8.742698011702040514e-03 7.553702945237183476e-03 6.792769128661302683e-03 9.572532144405787591e-03 1.125230976912846431e-02 7.553879931393128744e-03 8.081025792959531731e-03 8.742445251758891242e-03 9.134431102664824706e-03 8.742534440069392107e-03 9.134474452656630994e-03 1.062050843055999810e-02 9.138065571967966816e-03 8.084382947908082956e-03 9.576361393739711222e-03 1.007114253862134018e-02 9.576686473476243508e-03 1.007129061285954273e-02 8.746682653358915996e-03 8.398367168772591720e-03 9.576608943024299617e-03 9.578460579357990848e-03 7.805614377438746705e-03 8.084238340346485904e-03 8.746495328949777104e-03 9.138055553152739721e-03 9.138464186110388174e-03 9.576610241690595646e-03 8.745406016256751860e-03 8.397908478603804960e-03 7.806075263829262249e-03 8.396731937184263514e-03 7.806042822964139559e-03 1.370935926910844815e-02 7.806663858908262366e-03 9.137493909174844789e-03 1.196638386352372012e-02 8.395769070879438578e-03 8.747341339872838697e-03 1.007235205676689990e-02 8.745981284627911412e-03 7.556952998530062048e-03 9.137386008315061259e-03 8.085321119505505666e-03 8.084568858500172303e-03 8.746048742864923412e-03 8.746679143832139167e-03 1.007079122219541219e-02 1.125449465720252014e-02 8.747257991132930538e-03 7.134157483974756450e-03 9.138075734221035376e-03 8.396721093400207059e-03 8.085102322742300160e-03 8.084946622815688752e-03 1.196720737342363457e-02 8.747021316555150805e-03 1.007012552699017120e-02 8.747164640006705599e-03 9.138052671675989808e-03 9.578010278843271039e-03 9.577752848628781970e-03 8.746195865223302737e-03 9.576719381673242520e-03 7.806411065091629214e-03 8.747321142014029619e-03 9.137643817981908750e-03 9.137512791034486589e-03 1.007119419050387515e-02 8.397596575131905869e-03 9.578020826692974082e-03 8.397394175124554480e-03 8.397719235456471698e-03 1.007023245259155292e-02 8.085117064397562975e-03 9.577954263031250928e-03 8.747546811271074765e-03 8.397315338862778797e-03 9.139911825630661624e-03 1.062825432377478320e-02 9.577463390204014534e-03 9.139085344568134359e-03 8.085660830985096428e-03 8.748229358380703313e-03 1.125545529442898568e-02 9.578719835130939525e-03 9.577927503862868064e-03 1.125478986152522211e-02 8.084084424153776399e-03 8.397899061602162943e-03 7.806213211460358119e-03 1.062669385606014073e-02 8.747940819646094976e-03 8.397971165648224906e-03 9.138989970530551898e-03 1.007240481538775739e-02 1.062747290975328031e-02 8.747718782068160046e-03 1.062744357787235097e-02 1.007019897846016428e-02 1.062791445392709082e-02 1.006840212306723756e-02 8.085801623915932906e-03 8.747314291086950508e-03 8.085758599959172802e-03 7.334632337915977969e-03 9.577764855877642092e-03 8.086125264954798983e-03
1.103045251172737884e-02 1.035453889565523221e-02 9.841232808277575184e-03 1.035379573267997122e-02 1.035453439092006746e-02 9.134256560307096179e-03 0.000000000000000000e+00 1.066872360525302973e-02 9.841223849718196484e-03 1.103335515704331575e-02 1.008321364356959751e-02 9.841265152193861762e-03 9.631058219117336755e-03 9.445252142461686012e-03 9.447557667576222257e-03 1.035424659561727523e-02 1.035408504858186148e-02 1.066933942026562256e-02 1.067126819448758514e-02 9.841416558471111770e-03 1.035400936884677339e-02 9.447484146270137412e-03 8.885575349854993657e-03 1.103398011550195748e-02 1.248967137305184369e-02 9.447613382157726142e-03 9.842894813715230215e-03 1.035380734557337160e-02 1.066896811851703042e-02 1.035673251866193675e-02 1.066900180794897249e-02 1.193516624527844565e-02 1.067311809155306081e-02 9.844151899310994366e-03 1.103503193391235440e-02 1.145458449465235930e-02 1.103530196103449067e-02 1.145471081687141068e-02 1.035839924659417467e-02 1.008516530969838509e-02 1.103523709736273922e-02 1.103678677039415454e-02 9.633899710008829095e-03 9.844041708836830801e-03 1.035824931462791566e-02 1.067310955799737754e-02 1.067344273160084761e-02 1.103523792375147444e-02 1.035738656609624074e-02 1.008480974345790128e-02 9.634244424703012483e-03 1.008390057926390401e-02 9.634224221845273314e-03 1.476414930639724336e-02 9.634684017478339219e-03 1.067265196076976411e-02 1.314212698144082321e-02 1.008459596657512898e-02 1.035892068811298389e-02 1.145562131009992407e-02 1.035784487549820665e-02 9.448791507679714027e-03 1.067256476154049803e-02 9.844860487419310191e-03 9.844292790572946664e-03 1.035789548729141793e-02 1.035839560132088485e-02 1.145428185010079897e-02 1.249609429646436447e-02 1.035885464921654925e-02 9.137470658879131777e-03 1.067312569935246688e-02 1.008389157771737675e-02 9.844697486518302551e-03 9.844578632458619860e-03 1.314287999029313536e-02 1.035866670948829699e-02 1.145371039029959709e-02 1.035878058976281123e-02 1.067310771832293177e-02 1.103640941813833001e-02 1.103619403789612811e-02 1.035801223027931449e-02 1.103532947599891734e-02 9.634499269984617489e-03 1.035890477483000435e-02 1.067277435146987696e-02 1.067266735611829484e-02 1.145462806855103086e-02 1.008456992163953361e-02 1.103641825343416698e-02 1.008441292943463088e-02 1.008466454416004701e-02 1.145380220492279479e-02 9.844708665520677388e-03 1.103636260464779112e-02 1.035908524052509168e-02 1.008435314087503462e-02 1.067462078546284159e-02 1.193902652827747400e-02 1.103595172076736811e-02 1.067394928623761896e-02 9.845123925731792333e-03 1.035962683876991836e-02 1.249696015825726286e-02 1.103700276551827265e-02 1.103634242256110523e-02 1.249636197259154299e-02 9.845219019198431579e-03 1.008480361901501615e-02 9.634353519392202872e-03 1.193765292606724371e-02 1.035939565495767878e-02 1.008215433132598170e-02 1.067387156701080954e-02 1.145566903823897094e-02 1.193834039168761331e-02 1.035921946695977404e-02 1.193831403113855376e-02 1.145377410705139543e-02 1.193872656659058021e-02 1.145474392245896499e-02 9.845230413559381138e-03 1.035889916557152651e-02 9.845198027295960080e-03 9.284729070567182552e-03 1.103620364038395731e-02 9.845475497508276996e-03
1.103035347664729077e-02 1.035443136398625855e-02 9.841115570539661628e-03 1.035654598002050050e-02 1.035442905357383987e-02 9.134126710324251899e-03 1.066872360525302973e-02 0.000000000000000000e+00 9.841107263084876780e-03 1.102996732052507860e-02 1.008039163982570562e-02 9.841145571086227714e-03 9.630942425141933785e-03 9.445129957226140391e-03 9.447438157180701457e-03 1.035414432231610178e-02 1.035684175741843210e-02 1.066923813337402986e-02 1.067116722733284923e-02 9.841299326885209406e-03 1.035675683844425668e-02 9.447356783931158339e-03 8.885446469482045223e-03 1.103059160046551863e-02 1.249404668357043807e-02 9.445082852646315141e-03 9.842777918858673647e-03 1.035369713797865132e-02 1.066886631675127706e-02 1.035376781033474705e-02 1.067194872194464350e-02 1.193111103474070976e-02 1.067301487157392738e-02 9.844035957066515560e-03 1.103493210912961757e-02 1.145449148994814349e-02 1.103520375822485480e-02 1.145461781228011670e-02 1.035829133390201405e-02 1.008505315730015561e-02 1.103513889440600922e-02 1.103668858856887355e-02 9.633780471638871828e-03 9.843925763776956508e-03 1.035814139814233287e-02 1.067300633712717217e-02 1.067333951569652932e-02 1.103513972093565776e-02 1.035727863721424245e-02 1.008469758572712663e-02 9.634126208938373348e-03 1.008378840778310047e-02 9.634104987864607061e-03 1.476408032569487272e-02 9.634564790986004101e-03 1.067254873400687830e-02 1.314204906673144269e-02 1.008448380523210494e-02 1.035881278173989353e-02 1.145552831757038793e-02 1.035773420852647772e-02 9.448669403899680880e-03 1.067246153312931441e-02 9.844745582486259111e-03 9.844176307023604078e-03 1.035778756531882498e-02 1.035828768789141818e-02 1.145418884177079946e-02 1.249601153091897850e-02 1.035874674246660410e-02 9.137343060993688426e-03 1.067302247918120589e-02 1.008377940571278733e-02 9.844581553123709847e-03 9.844462697719862793e-03 1.314280208022137325e-02 1.035855880081848999e-02 1.145361737470071591e-02 1.035867268214844296e-02 1.067300449800919968e-02 1.103631123046178511e-02 1.103609491758747452e-02 1.035790431048896378e-02 1.103523127404082253e-02 9.634380040555371241e-03 1.035879686836453824e-02 1.067267112624155530e-02 1.067256412967607093e-02 1.145453506323165088e-02 1.008445776030473737e-02 1.103632006511529560e-02 1.008430076623203359e-02 1.008455151638293357e-02 1.145370919012490482e-02 9.844592732577725144e-03 1.103626441628749628e-02 1.035897822948809999e-02 1.008424185305059444e-02 1.067451849982930037e-02 1.193893973550587753e-02 1.103585353383090654e-02 1.067384699020122209e-02 9.845008862306129857e-03 1.035951983656191455e-02 1.249687740605733705e-02 1.103690552370657774e-02 1.103624424114688779e-02 1.249627921402538325e-02 9.845103955151797079e-03 1.008469233804898738e-02 9.634235138477206806e-03 1.193756628077091361e-02 1.035928864891564813e-02 1.008474976679956184e-02 1.067376926867480945e-02 1.145557701567387170e-02 1.193825289202924030e-02 1.035911245675924866e-02 1.193822723122872978e-02 1.145368109871375620e-02 1.193863977014374307e-02 1.145465188746356243e-02 9.845114671459544511e-03 1.035879215112221925e-02 9.845082111792000795e-03 9.284604485796587106e-03 1.103610638588552878e-02 9.845360440578437497e-03
1.024446147954714489e-02 9.486224665569836789e-03 8.898420819088962222e-03 9.487752681553048711e-03 9.488589768662457000e-03 8.083934518371626091e-03 9.841223849718196484e-03 9.841107263084876780e-03 0.000000000000000000e+00 1.024403323561128183e-02 9.173464300606630831e-03 8.898461330079278017e-03 8.655880754560746695e-03 8.441165532240280100e-03 8.441049551796248399e-03 9.485895561166626452e-03 9.488080745741072491e-03 9.841803334565458333e-03 9.840540305672983504e-03 8.898633279519858191e-03 9.485622767418797757e-03 8.440964765774163284e-03 7.796486316519351568e-03 1.024472846156559286e-02 1.182489917166755847e-02 8.441118148456216996e-03 8.897360124821937499e-03 9.487764300253321431e-03 9.841380335432345361e-03 9.485466536894722814e-03 9.844009594473958694e-03 1.123093906637861669e-02 9.845200786521315223e-03 8.900865204626452060e-03 1.024873769482801365e-02 1.070997460479345895e-02 1.024903624502564344e-02 1.070693270318175648e-02 9.489730361966023167e-03 9.177901897132509368e-03 1.024896441160559266e-02 1.025068089935599405e-02 8.658237786427411958e-03 8.900740485797822843e-03 9.489564451039048804e-03 9.845193750166224625e-03 9.845565309080000008e-03 1.024896767336403759e-02 9.488582312791029802e-03 9.177494330938047382e-03 8.658637236150209041e-03 9.176449512233125425e-03 8.658607459055719241e-03 1.420450733722990536e-02 8.659142402280857811e-03 9.844677271122282206e-03 1.251428572550717863e-02 9.177249783669657116e-03 9.490324382369168948e-03 1.071110772548272867e-02 9.489101519254949588e-03 8.444328473055940851e-03 9.844581411780101154e-03 8.901688410001168048e-03 8.901029467113815916e-03 9.489161143211497645e-03 9.489729506320430594e-03 1.070964425524977871e-02 1.183109973158140427e-02 9.490251377644963807e-03 8.085004349525181169e-03 9.845211405067475635e-03 9.176441379337253040e-03 8.901496674653923066e-03 8.901360091946749348e-03 1.251508000819404054e-02 9.490037925473463268e-03 1.070902024759906764e-02 9.490167212005238759e-03 9.845191057744439103e-03 1.025026483275895926e-02 1.025002543976845371e-02 9.489293789653758388e-03 1.024906875448428935e-02 8.658927943901505858e-03 9.490308318024135922e-03 9.844816353207164195e-03 9.844696609421997244e-03 1.071002212565155820e-02 9.177219178418277029e-03 1.025027460473094433e-02 9.177039143518668854e-03 9.177327223741241560e-03 1.070912049567867425e-02 8.901509576799799053e-03 1.025021291341923768e-02 9.490514329552451542e-03 9.176971804560514478e-03 9.846891156885140273e-03 1.123509718539465740e-02 1.024975803867627690e-02 9.846137173890155345e-03 8.901988234507078254e-03 9.491129748689711848e-03 1.183202063488920930e-02 1.025092294470525585e-02 1.025019061543687958e-02 1.183138453838207538e-02 8.902101043903225611e-03 9.177488452154616838e-03 8.658760052011993391e-03 1.123361818689825459e-02 9.490867068467655210e-03 9.177554331038275878e-03 9.846049955284234476e-03 1.071115962268758340e-02 1.123435767126775876e-02 9.490666868008446402e-03 1.123432993700261215e-02 1.070908982453971578e-02 1.123477417432907494e-02 1.071015026333425185e-02 8.902111727321849327e-03 9.490302785242895819e-03 8.902073979095584053e-03 8.254824838454723201e-03 1.025003736791361454e-02 8.902395049950393227e-03
1.137830299678780320e-02 1.073130656898755968e-02 1.024404315751928189e-02 1.073059717196135979e-02 1.073129839645017153e-02 9.571786744339264366e-03 1.103335515704331575e-02 1.102996732052507860e-02 1.024403323561128183e-02 0.000000000000000000e+00 1.047114352300333902e-02 1.024691858873261370e-02 1.004721812771250389e-02 9.867861354259471057e-03 9.867767607420460663e-03 1.073102993249749025e-02 1.073398004531112178e-02 1.103384666362900238e-02 1.102948943872937744e-02 1.024421664101622838e-02 1.073390321634353460e-02 9.867694031076615011e-03 9.334466744497230822e-03 1.137501421126222399e-02 1.278487461879821915e-02 9.867818757568576002e-03 1.024316465048962302e-02 1.073060546082897984e-02 1.103020331395460941e-02 1.073377776692977306e-02 1.103352423863699673e-02 1.224379074946813084e-02 1.103453243537477410e-02 1.024720346724447215e-02 1.137601744168236818e-02 1.178121040851261639e-02 1.137979107481837913e-02 1.178133159072942450e-02 1.073535675959458487e-02 1.047595861168693424e-02 1.137973076329416508e-02 1.138121045219111713e-02 1.004754896271856449e-02 1.024709817650367588e-02 1.073521361863851407e-02 1.103452399324422392e-02 1.103484298207551943e-02 1.137972963084558226e-02 1.073439582601810015e-02 1.047562116081290212e-02 1.004787740200679610e-02 1.047476068063333057e-02 1.004785775574416375e-02 1.500571767713905838e-02 1.004829384848373620e-02 1.103408893942487562e-02 1.341557660717761571e-02 1.047541823494914544e-02 1.073585154885681528e-02 1.178220544972149141e-02 1.073483166331588336e-02 9.871616981416780900e-03 1.103400758733326555e-02 1.024787443913313147e-02 1.024733819168991734e-02 1.073487974205423676e-02 1.073535465467168569e-02 1.178092078319727815e-02 1.278677722902762763e-02 1.073579049350046992e-02 9.575240015592954498e-03 1.103454130428031983e-02 1.047475215315802309e-02 1.024772284062954418e-02 1.024760991099149532e-02 1.341631320221997603e-02 1.073561196914769346e-02 1.178037161145670773e-02 1.073572016581043030e-02 1.103452428416374330e-02 1.138085028639038848e-02 1.138064363262553634e-02 1.073499061329559988e-02 1.137981898296041780e-02 1.004812051961554917e-02 1.073583809993145129e-02 1.103420633883617566e-02 1.103410522817591111e-02 1.178125234534469629e-02 1.047539586264988921e-02 1.138085709480832555e-02 1.047524615847741751e-02 1.047548465010617567e-02 1.178045972041300016e-02 1.024773344770212556e-02 1.138080563985515575e-02 1.073601036098181805e-02 1.047519157378645760e-02 1.103596490079392263e-02 1.224751194594357606e-02 1.138041389477871708e-02 1.103532590768803272e-02 1.024812708777926226e-02 1.073652469565595721e-02 1.278761771610627783e-02 1.138141786789832743e-02 1.138078634066128948e-02 1.278703798340538253e-02 1.024821844545537736e-02 1.047561836597042488e-02 1.004798297377617819e-02 1.224618628732788983e-02 1.073630514171392339e-02 1.047567410126987002e-02 1.103525192354426303e-02 1.178225236893051461e-02 1.224684894961303172e-02 1.073613782164084540e-02 1.224682423489865599e-02 1.178043276309697490e-02 1.224722241545142878e-02 1.178136440813297089e-02 1.024822869906588142e-02 1.073583369444585690e-02 1.024819849835797471e-02 9.715519217732089888e-03 1.138065404970244922e-02 1.024846199496734327e-02
1.047452351837641245e-02 9.737759549963741559e-03 9.175672234127159668e-03 9.736944353488905662e-03 9.737753295392951453e-03 8.395842997825544995e-03 1.008321364356959751e-02 1.008039163982570562e-02 9.173464300606630831e-03 1.047114352300333902e-02 0.000000000000000000e+00 9.173506560875621663e-03 8.943675713066964739e-03 8.736565497854023588e-03 8.736459064358426813e-03 9.739946233214341262e-03 9.739767015393158839e-03 1.008106501985833042e-02 1.007984892842768085e-02 9.175873565840099791e-03 9.737174045250148596e-03 8.736371631502671056e-03 8.121032465224735722e-03 1.047181534443794061e-02 1.202184417110997022e-02 8.738513405820767452e-03 9.172455256506995697e-03 9.736955732614061693e-03 1.008066033383965034e-02 9.739535138919662785e-03 1.008070012738854562e-02 1.143105785568703479e-02 1.008455867026312493e-02 9.176038283564783710e-03 1.047591120422623409e-02 1.092519734133148845e-02 1.047620339302210088e-02 1.092533204603073418e-02 9.741351959348543837e-03 9.441520226935675233e-03 1.047613357699554715e-02 1.047780187845409085e-02 8.944065621816953138e-03 9.175916574802541609e-03 9.741189948742793453e-03 1.008454980774095046e-02 1.008491137336853423e-02 1.047613475526789142e-02 9.740244015213379500e-03 9.441129092576699272e-03 8.944447191062729341e-03 9.440127051675311146e-03 8.944422037224907668e-03 1.436790262334370488e-02 8.944931718929979500e-03 1.008405214886508305e-02 1.269670374482452686e-02 9.440894404410255306e-03 9.741924193034332338e-03 1.092630230817986242e-02 9.740743393007813417e-03 8.739817106444260075e-03 1.008395740264585519e-02 9.176821633672255230e-03 9.176192484808134292e-03 9.740798722171232701e-03 9.741346223387178233e-03 1.092487409648168831e-02 1.202389142601363245e-02 9.741850523213881757e-03 8.394997708621943638e-03 1.008456560136199859e-02 9.440114217255289597e-03 9.176637347528490002e-03 9.176507362880772720e-03 1.269748141838037206e-02 9.741646149796005100e-03 1.092426366332769835e-02 9.741770298817628917e-03 1.008454639040650032e-02 1.047739255474898143e-02 1.047419715984054985e-02 9.740926504594503779e-03 1.047623165085240921e-02 8.944722914459237936e-03 9.741903759383597344e-03 1.008418173216652294e-02 1.008406753004109473e-02 1.092524067188105005e-02 9.440860588723122906e-03 1.047740364468644284e-02 9.440687666319122831e-03 9.438630447002917256e-03 1.092436151291530100e-02 9.176650526423378584e-03 1.047734346180508209e-02 9.742104424660403758e-03 9.440625966284251630e-03 1.008619222096807273e-02 1.143881397913439242e-02 1.047690282056528040e-02 1.008546194410705685e-02 9.177109800330679468e-03 9.742698001106721642e-03 1.202480025006236360e-02 1.047803516419695304e-02 1.047732262335733001e-02 1.202417385017662960e-02 9.177216695050526007e-03 9.441121107295391557e-03 8.944564919142987749e-03 1.143736468652455790e-02 9.742444949852945707e-03 9.441186825179252035e-03 1.008537754407436496e-02 1.092635402383543113e-02 1.143809080191233660e-02 9.742251368102333720e-03 1.143806213914852488e-02 1.092433288167662248e-02 1.143849745601027701e-02 1.092536797934163043e-02 9.175027920896340616e-03 9.741900661639884759e-03 9.177192479316441387e-03 8.558953947872670331e-03 1.047717364973766579e-02 9.177499037785032468e-03
1.024449755135517330e-02 9.486268720449846439e-03 8.898468960962104685e-03 9.485422593286271103e-03 9.486264749952729586e-03 8.082279960516892958e-03 9.841265152193861762e-03 9.841145571086227714e-03 8.898461330079278017e-03 1.024691858873261370e-02 9.173506560875621663e-03 0.000000000000000000e+00 8.657874563221912984e-03 8.441217282602005156e-03 8.441105659027638847e-03 9.485940807268371938e-03 9.485754412448053896e-03 9.841841915294727641e-03 9.843170097298417631e-03 8.898682661538231953e-03 9.485660640222028095e-03 8.441010254509611829e-03 7.798150205869973199e-03 1.024476173180867769e-02 1.182904464405083386e-02 8.441163069806946473e-03 8.897405336919505039e-03 9.485433348713052937e-03 9.844011666217695328e-03 9.485514502652545032e-03 9.844048146518387041e-03 1.122738578298886417e-02 9.845242604418750001e-03 8.900913318849379072e-03 1.024877699202155976e-02 1.071001036260936165e-02 1.024907597977506822e-02 1.071014839765473473e-02 9.489775577088060271e-03 9.177947966050696571e-03 1.024900414745162462e-02 1.025072063903582041e-02 8.658285802106912080e-03 8.900786332070094453e-03 9.489606269514448342e-03 9.845233504893698140e-03 9.845607125474341997e-03 1.024900577574551150e-02 9.488624129004613605e-03 9.177540402609832282e-03 8.658683926714726142e-03 9.176495574468045840e-03 8.658657492934910063e-03 1.420453703025018749e-02 8.659192444812623818e-03 9.844719089364279904e-03 1.251431819091207778e-02 9.177295458846528725e-03 9.490368321071338681e-03 1.071114241222123967e-02 9.489142563732236996e-03 8.444380263076251350e-03 9.844621164154474316e-03 8.901733233995252209e-03 8.901075295619481631e-03 9.489202944698666917e-03 9.489771303434790459e-03 1.070968068496730430e-02 1.183113179528435047e-02 9.490293171965964378e-03 8.085056679943384769e-03 9.845251144471491370e-03 9.176485225780966690e-03 8.901542500055301121e-03 8.901406223698768438e-03 1.251511037197468486e-02 9.490080051308212583e-03 1.070905599544616157e-02 9.490209006746859466e-03 9.845230798617371840e-03 1.025030254188636150e-02 1.025006314918522864e-02 9.489335589142175800e-03 1.024910646917421425e-02 8.658975634147201075e-03 9.490350112414424819e-03 9.844856096044095339e-03 9.844736351520409767e-03 1.071005786981637543e-02 9.177263020728559234e-03 1.025031231463378704e-02 9.177082987542125800e-03 9.177371063812384336e-03 1.070915624334831985e-02 8.901555403367567010e-03 1.025025062294215687e-02 9.490551966130387346e-03 9.177016214087965751e-03 9.846926999967519148e-03 1.123512769347195794e-02 1.024979638973985696e-02 9.846176885936848075e-03 8.902035326462665044e-03 9.491167381847442561e-03 1.183204941894663333e-02 1.025096063409226300e-02 1.025022830460975247e-02 1.182730019827973704e-02 8.902140793863724116e-03 9.177527865591905004e-03 8.658802895726751617e-03 1.123365092069725929e-02 9.490904709051400587e-03 9.177598141053865122e-03 9.846085797951259835e-03 1.071119534626173778e-02 1.123438818299060150e-02 9.490704506761080128e-03 1.123436377959293429e-02 1.070912555713796760e-02 1.123480801551561721e-02 1.071018203762327467e-02 8.902151859527241556e-03 9.490344556588994895e-03 8.902120348551057286e-03 8.254870733908676109e-03 1.025007141912730006e-02 8.902436196181012090e-03
