0.000000000000000000e+00 8.230675388880347859e-03 8.230675388879530804e-03 8.230666027160677550e-03 8.230677393361193056e-03 8.230676827320520389e-03 8.230675390089665228e-03 8.230676853979516580e-03 8.230676854123104846e-03 8.230677452526894908e-03 8.230677396348563823e-03 8.230677459374967364e-03 8.230677460225791983e-03 8.230677460221847222e-03 8.230677394294901028e-03 8.230676844430621919e-03 8.230677397627424521e-03 8.230677402153224395e-03 8.230677403986556492e-03 8.230677393231156450e-03 8.230677460239027923e-03 8.230677402297856965e-03 8.230677451296125949e-03 8.230677461439784431e-03 8.230677452337941888e-03 8.230677452359494092e-03 8.230677393230793892e-03 8.230676854184888758e-03 8.230677393230859812e-03 8.230677393231163388e-03 8.230677393230171127e-03 8.230676855157170041e-03 8.230676828550262392e-03 8.230677402154685032e-03 8.230677393374775941e-03 8.230677393231151245e-03 8.230676854181858196e-03 8.230676851736083710e-03 8.230677393769285019e-03 8.230677455645684856e-03 8.230677395501741211e-03 8.230677394293530597e-03 8.230677394294458674e-03 8.230676844308934537e-03 8.230677393210695386e-03 8.230677393231149511e-03 8.230677393230793892e-03 8.230677393230306435e-03 8.230676854258352562e-03 8.230676850549841633e-03 8.230677393228892635e-03 8.230647423502745683e-03 8.230677393372491310e-03 8.230677393216314155e-03 8.230677393107156681e-03 8.230677393228875288e-03 8.230677393248876650e-03 8.230677393229227437e-03 8.230677393397601432e-03 8.230677393427828989e-03 8.230677393260261640e-03 8.230677393264494365e-03 8.230677393398742880e-03 8.230677393256278715e-03 8.230677402189513076e-03 8.230677393231175532e-03 8.230677393538667411e-03 8.230677401505258339e-03 8.230677393256021976e-03 8.230677393374770737e-03 8.230677393397264896e-03 8.230677393255912688e-03 8.230677393233800168e-03 8.230677393592627719e-03 8.230677393566740441e-03 8.230677393417439730e-03 8.230677393231201552e-03 8.230677393231211961e-03 8.230677393231149511e-03 8.230677393248352763e-03 8.230677394626411889e-03 8.230677393540872244e-03 8.230677393231156450e-03 8.230677393518799623e-03 8.230677393230802566e-03 8.230677393233435876e-03 8.230677393231163388e-03 8.230677393230849404e-03 8.230677393231159919e-03 8.230677393615696072e-03 8.230677393392320934e-03 8.230677393404821351e-03 8.230677393628274552e-03 8.230677393397613575e-03 8.230677393394230865e-03 8.230677393231158184e-03 8.230677393230800831e-03 8.230677393230802566e-03 8.230677393228023539e-03 8.230677393230802566e-03
8.230675388880347859e-03 0.000000000000000000e+00 8.230674462501806274e-03 8.230665100784389371e-03 8.230674462646615785e-03 8.230675901232406208e-03 8.230677394297371274e-03 8.230675927601566536e-03 8.230675927745160006e-03 8.230677452383018677e-03 8.230677396203797680e-03 8.230677459230196016e-03 8.230677460081025840e-03 8.230677460077074140e-03 8.230677394150133150e-03 8.230675918053740464e-03 8.230677397482658378e-03 8.230677402009070609e-03 8.230677403841786879e-03 8.230677393086388571e-03 8.230677460094254841e-03 8.230677402153082148e-03 8.230677451151356336e-03 8.230677461295016553e-03 8.230675986910932981e-03 8.230677452214726214e-03 8.230677393086026014e-03 8.230677393089186680e-03 8.230677393086098872e-03 8.230677393086395510e-03 8.230675927312431500e-03 8.230675928779214792e-03 8.230675902175065353e-03 8.230677402009911950e-03 8.230677393230002858e-03 8.230677393086381632e-03 8.230677393086215099e-03 8.230675925358355710e-03 8.230677393644835957e-03 8.230677455508924462e-03 8.230677395357809470e-03 8.230675928687572820e-03 8.230677394149687326e-03 8.230677393086199486e-03 8.230677393064260439e-03 8.230677393086379898e-03 8.230677393086026014e-03 8.230677393086381632e-03 8.230675927881229981e-03 8.230677393086197752e-03 8.230677393374685735e-03 8.230677393381666263e-03 8.230677393518275736e-03 8.230677393366164774e-03 8.230677393388645055e-03 8.230677393373582451e-03 8.230677393395011490e-03 8.230677393373931131e-03 8.230677393252831819e-03 8.230677393283057641e-03 8.230677393115493762e-03 8.230677393119724752e-03 8.230677393253973267e-03 8.230677393111509102e-03 8.230677402044743463e-03 8.230677393086402449e-03 8.230677393393897798e-03 8.230677401360488726e-03 8.230677393111254098e-03 8.230677393230006328e-03 8.230677393252495283e-03 8.230677393111148279e-03 8.230677393089032290e-03 8.230677393447856371e-03 8.230677393421974297e-03 8.230677393563213748e-03 8.230677393086430205e-03 8.230677393086445817e-03 8.230677393086381632e-03 8.230677393394131985e-03 8.230677394481645745e-03 8.230677393396104366e-03 8.230677393086386837e-03 8.230677393374031744e-03 8.230677393086032953e-03 8.230677393088667998e-03 8.230677393086395510e-03 8.230677393086079791e-03 8.230677393086390306e-03 8.230677393470931663e-03 8.230677393538096687e-03 8.230677393260056943e-03 8.230677393483510143e-03 8.230677393252845697e-03 8.230677393249461252e-03 8.230677393086386837e-03 8.230677393086032953e-03 8.230677393086032953e-03 8.230675927911773257e-03 8.230677393086032953e-03
8.230675388879530804e-03 8.230674462501806274e-03 0.000000000000000000e+00 8.230665100781074314e-03 8.230674462647002629e-03 8.230675901232789582e-03 8.230674463712554789e-03 8.230675927600881320e-03 8.230675927744471321e-03 8.230677452382614487e-03 8.230677396204512386e-03 8.230677459230905518e-03 8.230677460081737076e-03 8.230677460077783641e-03 8.230677394150844386e-03 8.230675918053051779e-03 8.230677397483369614e-03 8.230675936728040418e-03 8.230677403842498116e-03 8.230677393087099808e-03 8.230677460094966078e-03 8.230677402153795119e-03 8.230677451152067572e-03 8.230677461295731259e-03 8.230675986910246031e-03 8.230677452215437451e-03 8.230677393086738985e-03 8.230677393089903121e-03 8.230677393086808374e-03 8.230677393087108482e-03 8.230675927312816609e-03 8.230675928778526107e-03 8.230675902174369729e-03 8.230677402010624921e-03 8.230677393230715830e-03 8.230677393087094604e-03 8.230677393086926336e-03 8.230677394270025093e-03 8.230677393625044497e-03 8.230677455501414844e-03 8.230677395357453852e-03 8.230675928687957929e-03 8.230677394150400297e-03 8.230677393086908988e-03 8.230677393064971675e-03 8.230677393087092869e-03 8.230677393086733781e-03 8.230677393086024279e-03 8.230675927881611620e-03 8.230677393086908988e-03 8.230677393375396972e-03 8.230677393382375764e-03 8.230677393518985238e-03 8.230677393366876010e-03 8.230677393389354557e-03 8.230677393374293688e-03 8.230677393395722727e-03 8.230677393374644102e-03 8.230677393253544791e-03 8.230677393283774082e-03 8.230677393116206733e-03 8.230677393120437724e-03 8.230677393254687974e-03 8.230677393112222073e-03 8.230677402045454699e-03 8.230677393087115420e-03 8.230677393394609034e-03 8.230677401361201698e-03 8.230677393111965334e-03 8.230677393230715830e-03 8.230677393253211724e-03 8.230677393111857781e-03 8.230677393089745261e-03 8.230677393448571078e-03 8.230677393422687269e-03 8.230677393563926719e-03 8.230677393087143176e-03 8.230677393087155319e-03 8.230677393087094604e-03 8.230677393394843222e-03 8.230677394482355247e-03 8.230677393396817337e-03 8.230677393087101543e-03 8.230677393374741246e-03 8.230677393086745924e-03 8.230677393089380969e-03 8.230677393087108482e-03 8.230677393086794497e-03 8.230677393087101543e-03 8.230677393471641165e-03 8.230677393538809658e-03 8.230677393260768179e-03 8.230677393484223114e-03 8.230677393253560403e-03 8.230677393250175958e-03 8.230677393087099808e-03 8.230677393086744190e-03 8.230677393086745924e-03 8.230677393373212955e-03 8.230677393086745924e-03
8.230666027160677550e-03 8.230665100784389371e-03 8.230665100781074314e-03 0.000000000000000000e+00 8.230665100926719963e-03 8.230666539509778196e-03 8.230665101997465885e-03 8.230666565875595711e-03 8.230666566022511177e-03 8.230677452371930325e-03 8.230677396196112855e-03 8.230677459222507722e-03 8.230677460073337545e-03 8.230677460069396253e-03 8.230677394142443121e-03 8.230666556333372796e-03 8.230677397474971818e-03 8.230677401995747933e-03 8.230677403834103789e-03 8.230677393078702012e-03 8.230677460086576955e-03 8.230677402145381710e-03 8.230677451143654164e-03 8.230677461287326524e-03 8.230666625189285088e-03 8.230677452207017103e-03 8.230677393078339454e-03 8.230677393080624085e-03 8.230677393078410578e-03 8.230677393078710685e-03 8.230677393069301545e-03 8.230666567056555555e-03 8.230677394276469591e-03 8.230677402002227125e-03 8.230677393222302421e-03 8.230677393078653439e-03 8.230677393077694137e-03 8.230666563638022737e-03 8.230677393614679524e-03 8.230677455490836500e-03 8.230677395346759281e-03 8.230677394136015970e-03 8.230677394141999031e-03 8.230677393077629952e-03 8.230666566063768105e-03 8.230677393078679460e-03 8.230677393078322107e-03 8.230677393075345322e-03 8.230677393212244494e-03 8.230677393077678525e-03 8.230677393363651159e-03 8.230677393362579100e-03 8.230677393510583972e-03 8.230665101078260201e-03 8.230677393368118072e-03 8.230677393360223346e-03 8.230677393383956097e-03 8.230677393360556413e-03 8.230677393245145260e-03 8.230677393275372816e-03 8.230677393107808937e-03 8.230677393112039927e-03 8.230677393246288442e-03 8.230677393103824277e-03 8.230677402037060372e-03 8.230677393078717624e-03 8.230677393386211238e-03 8.230677401352802167e-03 8.230677393103567538e-03 8.230677393222314564e-03 8.230677393244812193e-03 8.230677393103459985e-03 8.230677393081347465e-03 8.230677393440173281e-03 8.230677393414289472e-03 8.230677393552180907e-03 8.230677393078745380e-03 8.230677393078759257e-03 8.230677393078696807e-03 8.230677393383095675e-03 8.230677394473959185e-03 8.230677393388417806e-03 8.230677393075352261e-03 8.230677393366345185e-03 8.230677393078348128e-03 8.230677393080983173e-03 8.230677393078710685e-03 8.230677393078394966e-03 8.230677393078707216e-03 8.230677393463245103e-03 8.230677393527058641e-03 8.230677393248665014e-03 8.230677393475823583e-03 8.230677393241809386e-03 8.230677393241774692e-03 8.230677393078705481e-03 8.230677393078346393e-03 8.230677393078346393e-03 8.230677393360214672e-03 8.230677393078346393e-03
8.230677393361193056e-03 8.230674462646615785e-03 8.230674462647002629e-03 8.230665100926719963e-03 0.000000000000000000e+00 8.230675901081169546e-03 8.230677394449395501e-03 8.230675927745553788e-03 8.230675927595134181e-03 8.230677452534666469e-03 8.230677396355447206e-03 8.230677459381843808e-03 8.230677460232668427e-03 8.230677460228725401e-03 8.230677394301779207e-03 8.230677393358552807e-03 8.230677397634300965e-03 8.230677402160725339e-03 8.230677403993431202e-03 8.230677393238032893e-03 8.230677460245907837e-03 8.230677402304735144e-03 8.230677451303000658e-03 8.230677461446660875e-03 8.230675987055751167e-03 8.230677452366372271e-03 8.230677393237668601e-03 8.230677393241063455e-03 8.230677393237741460e-03 8.230677393238038098e-03 8.230675927457253155e-03 8.230675928924270635e-03 8.230677394444808892e-03 8.230677402161561476e-03 8.230677393381659324e-03 8.230677393238024220e-03 8.230677393238086670e-03 8.230675925503415022e-03 8.230677393796849775e-03 8.230677455660757869e-03 8.230677395509467670e-03 8.230677394299956012e-03 8.230677394301338587e-03 8.230677393238071057e-03 8.230677393215908230e-03 8.230677393238025955e-03 8.230677393237668601e-03 8.230677393238024220e-03 8.230675927731204156e-03 8.230677393238074527e-03 8.230677393230167657e-03 8.230677393088898716e-03 8.230677393669911385e-03 8.230674462634734664e-03 8.230646497259885494e-03 8.230675926606175266e-03 8.230677393250134324e-03 8.230675927451152132e-03 8.230677393404474407e-03 8.230677393434701963e-03 8.230677393267138084e-03 8.230677393271372544e-03 8.230677393405619324e-03 8.230677393263156894e-03 8.230677402196389519e-03 8.230677393238045036e-03 8.230677393545542120e-03 8.230677401512134783e-03 8.230677393262896685e-03 8.230677393381647181e-03 8.230677393404141340e-03 8.230677393262789132e-03 8.230677393240674877e-03 8.230677393599504163e-03 8.230677393573616885e-03 8.230677393713784276e-03 8.230677393238072792e-03 8.230677393238086670e-03 8.230677393238024220e-03 8.230677393249626050e-03 8.230677394633288332e-03 8.230677393547748688e-03 8.230677393236962569e-03 8.230677393525674332e-03 8.230677393237675540e-03 8.230677393240312320e-03 8.230677393238038098e-03 8.230677393237724113e-03 8.230677393238034628e-03 8.230677393622572516e-03 8.230677393688665480e-03 8.230677393108030981e-03 8.230677393635150996e-03 8.230677393403417960e-03 8.230677393401105574e-03 8.230677393238032893e-03 8.230677393237677275e-03 8.230677393237677275e-03 8.230675927761511509e-03 8.230677393237677275e-03
8.230676827320520389e-03 8.230675901232406208e-03 8.230675901232789582e-03 8.230666539509778196e-03 8.230675901081169546e-03 0.000000000000000000e+00 8.230677394585921708e-03 8.230677393350812471e-03 8.230677366188439426e-03 8.230677452668483038e-03 8.230677396489262040e-03 8.230677459515656907e-03 8.230677460366484996e-03 8.230677460362540235e-03 8.230677394435594041e-03 8.230677356784718568e-03 8.230677397768119269e-03 8.230677402294890588e-03 8.230677404127247770e-03 8.230677393371847728e-03 8.230677460379722671e-03 8.230677402438553447e-03 8.230677451436818962e-03 8.230677461580482648e-03 8.230677452479932474e-03 8.230677452500188840e-03 8.230677393371483436e-03 8.230677366536960984e-03 8.230677393371545886e-03 8.230677393371854667e-03 8.230677366041034768e-03 8.230677367510546780e-03 8.230677394579225675e-03 8.230677402295378045e-03 8.230677393515472423e-03 8.230677339696530065e-03 8.230677393371804360e-03 8.230677394559272886e-03 8.230677393930714916e-03 8.230677455794546682e-03 8.230677395643285973e-03 8.230677367415836082e-03 8.230677394435155156e-03 8.230677356661011967e-03 8.230677393352313007e-03 8.230677393371842523e-03 8.230677393371485170e-03 8.230677393371840789e-03 8.230677366321919458e-03 8.230677393371792216e-03 8.230677393083307702e-03 8.230647935414928465e-03 8.230677393515689264e-03 8.230675900932233127e-03 8.230647935411327179e-03 8.230677364908596874e-03 8.230677393102936099e-03 8.230677365753578945e-03 8.230677393538290976e-03 8.230677393568520267e-03 8.230677393400954653e-03 8.230677393405187378e-03 8.230677393539432424e-03 8.230677393396971728e-03 8.230677402330206088e-03 8.230677393371859871e-03 8.230677393679356954e-03 8.230677401645953087e-03 8.230677393396716723e-03 8.230677393515463749e-03 8.230677393537959644e-03 8.230677393396610905e-03 8.230677393374489711e-03 8.230677393733317262e-03 8.230677393707435188e-03 8.230677393559916039e-03 8.230677393371889361e-03 8.230677393371903239e-03 8.230677393371840789e-03 8.230677393102786912e-03 8.230677394767106636e-03 8.230677393681563522e-03 8.230677393371127817e-03 8.230677393659492636e-03 8.230677393371492109e-03 8.230677393374128889e-03 8.230677393371854667e-03 8.230677393371538947e-03 8.230677393371849462e-03 8.230677393756387350e-03 8.230677393534792038e-03 8.230677393249232268e-03 8.230677393768971034e-03 8.230677393537588413e-03 8.230677393534920408e-03 8.230677393371847728e-03 8.230677393371488640e-03 8.230677393371488640e-03 8.230677366063940056e-03 8.230677393371488640e-03
8.230675390089665228e-03 8.230677394297371274e-03 8.230674463712554789e-03 8.230665101997465885e-03 8.230677394449395501e-03 8.230677394585921708e-03 0.000000000000000000e+00 8.230675928811879635e-03 8.230675928955545964e-03 8.230675787539703386e-03 8.230677394231300861e-03 8.230677460165142581e-03 8.230677461313833099e-03 8.230677461309884868e-03 8.230677395383783485e-03 8.230675918967853000e-03 8.230677398716303508e-03 8.230675937936903289e-03 8.230677405075416397e-03 8.230677394320038906e-03 8.230677461327003119e-03 8.230677400944724081e-03 8.230677452384167064e-03 8.230677460084457123e-03 8.230675988120411679e-03 8.230677451300637965e-03 8.230677394319672879e-03 8.230677394322845689e-03 8.230677394319742268e-03 8.230677394320044110e-03 8.230677394319672879e-03 8.230675927842769427e-03 8.230675900941899006e-03 8.230677403243560550e-03 8.230677394168439687e-03 8.230677394320037171e-03 8.230677394319865434e-03 8.230675924126629184e-03 8.230595927470383752e-03 8.230646555013942239e-03 8.230675927507882794e-03 8.230677393236140310e-03 8.230677393236445621e-03 8.230677394319853291e-03 8.230677394297909039e-03 8.230677394320028498e-03 8.230677394319672879e-03 8.230675927678558768e-03 8.230677394463448496e-03 8.230677394319842882e-03 8.230677394608336070e-03 8.230677394615451906e-03 8.230677394751922601e-03 8.230677394601254929e-03 8.230677394630672369e-03 8.230677394608311784e-03 8.230677394628661825e-03 8.230677394608660463e-03 8.230677394486482154e-03 8.230677394516709711e-03 8.230677394349144096e-03 8.230677394353375087e-03 8.230677394487621867e-03 8.230677394345161171e-03 8.230677403278326143e-03 8.230677394320051049e-03 8.230677394627546398e-03 8.230677402594140796e-03 8.230677394344902698e-03 8.230677394463649724e-03 8.230677394190994561e-03 8.230677394344793410e-03 8.230677394322682625e-03 8.230677394681506706e-03 8.230677394655622897e-03 8.230677394796864083e-03 8.230677394320078805e-03 8.230677394320092682e-03 8.230677394320033702e-03 8.230677394627780585e-03 8.230677395715294345e-03 8.230677394629754701e-03 8.230677394320037171e-03 8.230677394607678610e-03 8.230677394319681553e-03 8.230677394322318333e-03 8.230677394319985130e-03 8.230677394319728390e-03 8.230677394320038906e-03 8.230677394704578528e-03 8.230677394771745287e-03 8.230677394493707277e-03 8.230677394717157008e-03 8.230677394486496032e-03 8.230677394483109852e-03 8.230677394320038906e-03 8.230677394319681553e-03 8.230677394319681553e-03 8.230677394608301375e-03 8.230677394319681553e-03
8.230676853979516580e-03 8.230675927601566536e-03 8.230675927600881320e-03 8.230666565875595711e-03 8.230675927745553788e-03 8.230677393350812471e-03 8.230675928811879635e-03 0.000000000000000000e+00 8.230677392844935880e-03 8.230677253873797464e-03 8.230677396181879449e-03 8.230677459227736179e-03 8.230677460078593757e-03 8.230677460074652466e-03 8.230677394147706272e-03 8.230677383153162455e-03 8.230677397479877616e-03 8.230677401825006040e-03 8.230677403839210815e-03 8.230677393083966897e-03 8.230677460091819289e-03 8.230677402150667413e-03 8.230677451148929458e-03 8.230677461292572328e-03 8.230677452010530179e-03 8.230677452212281989e-03 8.230677393083602605e-03 8.230677393086902049e-03 8.230677393083663321e-03 8.230677393083972102e-03 8.230677393082530546e-03 8.230677393878999340e-03 8.230677367271833217e-03 8.230677391953249850e-03 8.230677393227575980e-03 8.230677366065626208e-03 8.230677393083925264e-03 8.230677390457762088e-03 8.230677393619557566e-03 8.230677455497633146e-03 8.230677393837638328e-03 8.230677393784932225e-03 8.230677394147255244e-03 8.230677393083913121e-03 8.230677392874643020e-03 8.230677393083958224e-03 8.230677393083602605e-03 8.230677393083241783e-03 8.230677392979080312e-03 8.230677393083907917e-03 8.230677393371547620e-03 8.230677393371618744e-03 8.230677393515852328e-03 8.230675927891813529e-03 8.230677393378826520e-03 8.230677391853805092e-03 8.230677393391856028e-03 8.230677393371159042e-03 8.230677393250406676e-03 8.230677393280637702e-03 8.230677393113068618e-03 8.230677393117301344e-03 8.230677393251549859e-03 8.230677393109087428e-03 8.230677402042297502e-03 8.230677393083979040e-03 8.230677393391472654e-03 8.230677401358067052e-03 8.230677393108828954e-03 8.230677393227577715e-03 8.230677393250070140e-03 8.230677393108723136e-03 8.230677393086607146e-03 8.230677393445434697e-03 8.230677393419549154e-03 8.230677393560079103e-03 8.230677393084006796e-03 8.230677393084022408e-03 8.230677393083958224e-03 8.230677393143641385e-03 8.230677394479218867e-03 8.230677393393680957e-03 8.230677393083248722e-03 8.230677393371604866e-03 8.230677393083609544e-03 8.230677393086244589e-03 8.230677393083958224e-03 8.230677393083656382e-03 8.230677383030168826e-03 8.230677393468506520e-03 8.230677393534956837e-03 8.230677393256563210e-03 8.230677393481086734e-03 8.230677393249709317e-03 8.230677393247037843e-03 8.230677393083966897e-03 8.230677393083607810e-03 8.230677393083607810e-03 8.230677393009137865e-03 8.230677393083607810e-03
8.230676854123104846e-03 8.230675927745160006e-03 8.230675927744471321e-03 8.230666566022511177e-03 8.230675927595134181e-03 8.230677366188439426e-03 8.230675928955545964e-03 8.230677392844935880e-03 0.000000000000000000e+00 8.230677452523425461e-03 8.230677396344967742e-03 8.230677459371364343e-03 8.230677460222190697e-03 8.230677460218245936e-03 8.230677394291301477e-03 8.230677393350619916e-03 8.230677397623467617e-03 8.230677401968611653e-03 8.230677403982823367e-03 8.230677389414662454e-03 8.230677460235430107e-03 8.230677402294262618e-03 8.230677451292528132e-03 8.230677461436181411e-03 8.230677452154137527e-03 8.230677452355892806e-03 8.230677393227192606e-03 8.230677393230495520e-03 8.230677393227253322e-03 8.230677393227563837e-03 8.230677393226118813e-03 8.230677394022589341e-03 8.230677394434225344e-03 8.230677392096836381e-03 8.230677393371178124e-03 8.230677366209219678e-03 8.230677393046621770e-03 8.230677394414329801e-03 8.230677393766221497e-03 8.230677455642414903e-03 8.230677395498275234e-03 8.230677393928536104e-03 8.230677394290862592e-03 8.230677393227501387e-03 8.230677393208065545e-03 8.230677393227548225e-03 8.230677393227192606e-03 8.230677393226836988e-03 8.230677392834765196e-03 8.230677393227499652e-03 8.230677393227926394e-03 8.230677393091093141e-03 8.230677392142426649e-03 8.230677393215250770e-03 8.230647962363901032e-03 8.230677391710194274e-03 8.230677393247910409e-03 8.230677392555167671e-03 8.230677393393998412e-03 8.230677393424231172e-03 8.230677393256662089e-03 8.230677393260893079e-03 8.230677393395139860e-03 8.230677393252679164e-03 8.230677402185913524e-03 8.230677393227570776e-03 8.230677393535064390e-03 8.230677401501657053e-03 8.230677393252420690e-03 8.230677392698790631e-03 8.230677393393665345e-03 8.230677393252316607e-03 8.230677393230202352e-03 8.230677393589021229e-03 8.230677393563140889e-03 8.230677393704380340e-03 8.230677393227595062e-03 8.230677393227610675e-03 8.230677393227548225e-03 8.230677393247386522e-03 8.230677394622808868e-03 8.230677393537270958e-03 8.230677393227555164e-03 8.230677393515198337e-03 8.230677393227197811e-03 8.230677393229838060e-03 8.230677393037726108e-03 8.230677393227248118e-03 8.230677383173760561e-03 8.230677393612089582e-03 8.230677393679258075e-03 8.230677393106148806e-03 8.230677393624676735e-03 8.230677393394014024e-03 8.230677393390627844e-03 8.230677393227556898e-03 8.230677393227199545e-03 8.230677393227199545e-03 8.230677392864814076e-03 8.230677393227199545e-03
8.230677452526894908e-03 8.230677452383018677e-03 8.230677452382614487e-03 8.230677452371930325e-03 8.230677452534666469e-03 8.230677452668483038e-03 8.230675787539703386e-03 8.230677253873797464e-03 8.230677452523425461e-03 0.000000000000000000e+00 8.230086140495250155e-03 8.230676664567608547e-03 8.230677403201354728e-03 8.230677403200013786e-03 8.230677453423365306e-03 8.230677452233336328e-03 8.230677456726460950e-03 8.230677262956986526e-03 8.230677463111381320e-03 8.230677452359641544e-03 8.230677204825590995e-03 8.230677459006418423e-03 8.230677394274337616e-03 8.230677130701431060e-03 8.230677197032621600e-03 8.230677194390854587e-03 8.230677452359278987e-03 8.230677452362680779e-03 8.230677452359348376e-03 8.230677452359648483e-03 8.230677452360345842e-03 8.230677451313072462e-03 8.230677451147545148e-03 8.230677461283159718e-03 8.230677253707440952e-03 8.230677452359639809e-03 8.230677452359698790e-03 8.230677249209684618e-03 8.230597252495175029e-03 8.230647761005687943e-03 8.230677252549105372e-03 8.230677252787553522e-03 8.230677252943277913e-03 8.230677452359686647e-03 8.230677452379119019e-03 8.230677452359636340e-03 8.230677452359278987e-03 8.230677452358871327e-03 8.230677452504352176e-03 8.230677452359684912e-03 8.230677452647940442e-03 8.230677452657922041e-03 8.230677452791528709e-03 8.230677452685096485e-03 8.230677452670275007e-03 8.230677452647916156e-03 8.230677452668264463e-03 8.230677452648263101e-03 8.230677452526084792e-03 8.230677452556163162e-03 8.230677452388746734e-03 8.230677452392825069e-03 8.230677452527200219e-03 8.230677452384737788e-03 8.230677064679180893e-03 8.230677452359636340e-03 8.230677452667150770e-03 8.230677460633361794e-03 8.230677452384482784e-03 8.230677452503235014e-03 8.230677452235947086e-03 8.230677452384402987e-03 8.230677452362285262e-03 8.230677452721112813e-03 8.230677452695078083e-03 8.230677452836452843e-03 8.230677452359683177e-03 8.230677452359547869e-03 8.230677452359636340e-03 8.230677452667384958e-03 8.230677453754896983e-03 8.230677452669359073e-03 8.230677452359639809e-03 8.230677452647286452e-03 8.230677452359285926e-03 8.230677452361924440e-03 8.230677254025436582e-03 8.230677452359206128e-03 8.230677452359643279e-03 8.230677452744184636e-03 8.230677452811351394e-03 8.230677452533308180e-03 8.230677452756763116e-03 8.230677452526098670e-03 8.230677452522714224e-03 8.230677452359643279e-03 8.230677452359285926e-03 8.230677452359285926e-03 8.230677452647905748e-03 8.230677452359285926e-03
8.230677396348563823e-03 8.230677396203797680e-03 8.230677396204512386e-03 8.230677396196112855e-03 8.230677396355447206e-03 8.230677396489262040e-03 8.230677394231300861e-03 8.230677396181879449e-03 8.230677396344967742e-03 8.230086140495250155e-03 0.000000000000000000e+00 8.230085806549351443e-03 8.230086322876013424e-03 8.230086349532449164e-03 8.230677397244090532e-03 8.230677393165233488e-03 8.230677400490700110e-03 8.230677405084657269e-03 8.230677406924650705e-03 8.230677396180413607e-03 8.230086349697520245e-03 8.230677402011919025e-03 8.230086340790173163e-03 8.230086274768545762e-03 8.230086341851230655e-03 8.230086341338703135e-03 8.230677396179988600e-03 8.230677396183406005e-03 8.230677396180120439e-03 8.230677396180354627e-03 8.230677396181078007e-03 8.230677397211613039e-03 8.230677394209755596e-03 8.230677405094114982e-03 8.230677393125168315e-03 8.230677396180418812e-03 8.230677396180470853e-03 8.230677394202235569e-03 8.230677393138234252e-03 8.230056908355737333e-03 8.230677395243088737e-03 8.230677397164666217e-03 8.230677397216955987e-03 8.230677396180465649e-03 8.230677396199847715e-03 8.230677396180366770e-03 8.230677396177402128e-03 8.230677396180365035e-03 8.230677396325129444e-03 8.230677396180463914e-03 8.230677396468717710e-03 8.230677396478699309e-03 8.230677396612304242e-03 8.230677396505873752e-03 8.230677396491052275e-03 8.230677396468691689e-03 8.230677396489043465e-03 8.230677396469043838e-03 8.230677396346863794e-03 8.230677396377091351e-03 8.230677396209524002e-03 8.230677396211086988e-03 8.230677396347987895e-03 8.230677396195710399e-03 8.230677405066172056e-03 8.230677396177771624e-03 8.230677396487929773e-03 8.230677404454510293e-03 8.230677396198106052e-03 8.230677396324033099e-03 8.230677393167139949e-03 8.230677396202540005e-03 8.230677396180410138e-03 8.230677396541890081e-03 8.230677396462925469e-03 8.230677396657247458e-03 8.230677396180455241e-03 8.230677396124715106e-03 8.230677396180415342e-03 8.230677396488162226e-03 8.230677397575674251e-03 8.230677396490132872e-03 8.230677396180418812e-03 8.230677396468061985e-03 8.230677396180063193e-03 8.230677396182699973e-03 8.230677396160923989e-03 8.230677396127004941e-03 8.230677396180422281e-03 8.230677396564960169e-03 8.230677396632126927e-03 8.230677396354087183e-03 8.230677396577540383e-03 8.230677396346877672e-03 8.230677396343496696e-03 8.230677396180418812e-03 8.230677396180063193e-03 8.230677396180014621e-03 8.230677396468683016e-03 8.230677396180063193e-03
8.230677459374967364e-03 8.230677459230196016e-03 8.230677459230905518e-03 8.230677459222507722e-03 8.230677459381843808e-03 8.230677459515656907e-03 8.230677460165142581e-03 8.230677459227736179e-03 8.230677459371364343e-03 8.230676664567608547e-03 8.230085806549351443e-03 0.000000000000000000e+00 8.230676828319535496e-03 8.230676854979473642e-03 8.230677460270098555e-03 8.230677459079628958e-03 8.230459458212369822e-03 8.230677452392094751e-03 8.230677451328769975e-03 8.230677459206815413e-03 8.230677394292465476e-03 8.230676911792687497e-03 8.230676861969805566e-03 8.230676783113590606e-03 8.230676863056930748e-03 8.230676862544772723e-03 8.230677459206451121e-03 8.230677459209851179e-03 8.230677459206523980e-03 8.230677459206824087e-03 8.230677459207521446e-03 8.230676921109531669e-03 8.230677460124163208e-03 8.230677452391529231e-03 8.230677459058970136e-03 8.230677459206813679e-03 8.230677459206839700e-03 8.230677460143283330e-03 8.230677459079190073e-03 8.230647429558958506e-03 8.230677461186339597e-03 8.230676920974944882e-03 8.230677460270058657e-03 8.230677459206860516e-03 8.230677459226289419e-03 8.230677459206808474e-03 8.230677459206447652e-03 8.230677459206808474e-03 8.230677459351526046e-03 8.230677459206857047e-03 8.230677459495117781e-03 8.230677459505094176e-03 8.230677459638700844e-03 8.230677459532270354e-03 8.230677459517448877e-03 8.230677459495091761e-03 8.230677459515438332e-03 8.230677459495440440e-03 8.230677459373229171e-03 8.230677459403121926e-03 8.230677459235800908e-03 8.230677459239766486e-03 8.230677459374323782e-03 8.230677459231849208e-03 8.230676714990954601e-03 8.230677459206796331e-03 8.230677459514324640e-03 8.230677451350783616e-03 8.230677459231562978e-03 8.230677459350400210e-03 8.230677459081417457e-03 8.230677459231524815e-03 8.230677459209453928e-03 8.230677459567285748e-03 8.230676722120699312e-03 8.230677459683539976e-03 8.230677459206855312e-03 8.230676920091729507e-03 8.230677459206808474e-03 8.230677459514558827e-03 8.230677460601599008e-03 8.230677459516529473e-03 8.230677459206785923e-03 8.230677459494460321e-03 8.230677459206459795e-03 8.230677459209094840e-03 8.230677459206785923e-03 8.230676920091297560e-03 8.230677459206818883e-03 8.230677459590355835e-03 8.230677459658523529e-03 8.230677459380407457e-03 8.230677459603548407e-03 8.230677459373243049e-03 8.230677459369889828e-03 8.230677459206815413e-03 8.230677459206459795e-03 8.230677459206459795e-03 8.230677459495079618e-03 8.230677459206459795e-03
8.230677460225791983e-03 8.230677460081025840e-03 8.230677460081737076e-03 8.230677460073337545e-03 8.230677460232668427e-03 8.230677460366484996e-03 8.230677461313833099e-03 8.230677460078593757e-03 8.230677460222190697e-03 8.230677403201354728e-03 8.230086322876013424e-03 8.230676828319535496e-03 0.000000000000000000e+00 8.230677366040255877e-03 8.230677458993182483e-03 8.230677460221101291e-03 8.230459966324391030e-03 8.230677451133263170e-03 8.230597421672418423e-03 8.230677460057640032e-03 8.230677366177139437e-03 8.230677425226009397e-03 8.230677375145534908e-03 8.230677294469667879e-03 8.230677374104896846e-03 8.230677375720559311e-03 8.230677460057279210e-03 8.230677460060675799e-03 8.230677460057350334e-03 8.230677460057648706e-03 8.230677460058347800e-03 8.230677461141833531e-03 8.230677461265743095e-03 8.230677414417943150e-03 8.230677460200432061e-03 8.230677460057640032e-03 8.230677460057700748e-03 8.230677461284785154e-03 8.230677460614616373e-03 8.230677403453371885e-03 8.230677432022629955e-03 8.230677461121589308e-03 8.230677461120937052e-03 8.230677460057685135e-03 8.230677460077117508e-03 8.230677460057633094e-03 8.230677429584037225e-03 8.230677460057631359e-03 8.230677460202354134e-03 8.230677460057685135e-03 8.230677460345940666e-03 8.230677460355920530e-03 8.230677460489528932e-03 8.230677460383094973e-03 8.230677460368275231e-03 8.230677460345916380e-03 8.230677460366264686e-03 8.230677460346266794e-03 8.230677460224085015e-03 8.230677460246346722e-03 8.230677460080448177e-03 8.230673450202306840e-03 8.230677460219765554e-03 8.230677432744698194e-03 8.230677451152457885e-03 8.230677429584410190e-03 8.230677460365152728e-03 8.230677452208035386e-03 8.230677460077148733e-03 8.230677460201259524e-03 8.230677460217588476e-03 8.230677433211411667e-03 8.230677433189339046e-03 8.230677460419113037e-03 8.230677460387631275e-03 8.230677460529139608e-03 8.230677460057683401e-03 8.230677433216338282e-03 8.230677460057633094e-03 8.230677460365386916e-03 8.230677459323687203e-03 8.230677460367357562e-03 8.230677460057640032e-03 8.230677460345286675e-03 8.230677460057284414e-03 8.230677460054630287e-03 8.230677460057641767e-03 8.230677460057216760e-03 8.230677460057643502e-03 8.230677460442181390e-03 8.230677460509349883e-03 8.230677460231310139e-03 8.230677460454761604e-03 8.230677460224098893e-03 8.230677460220716182e-03 8.230677460057640032e-03 8.230677460057284414e-03 8.230677460057284414e-03 8.230677460345905971e-03 8.230677460057284414e-03
8.230677460221847222e-03 8.230677460077074140e-03 8.230677460077783641e-03 8.230677460069396253e-03 8.230677460228725401e-03 8.230677460362540235e-03 8.230677461309884868e-03 8.230677460074652466e-03 8.230677460218245936e-03 8.230677403200013786e-03 8.230086349532449164e-03 8.230676854979473642e-03 8.230677366040255877e-03 0.000000000000000000e+00 8.230677458799710508e-03 8.230677460217159999e-03 8.230459992973953795e-03 8.230677450949333909e-03 8.230597448327114235e-03 8.230677460053700475e-03 8.230677392837441875e-03 8.230677451883357601e-03 8.230677401804531099e-03 8.230677321129991134e-03 8.230677400764257329e-03 8.230677403052021057e-03 8.230677458536320504e-03 8.230677460056736242e-03 8.230677460053407307e-03 8.230677459381293901e-03 8.230677460054406508e-03 8.230677461137892240e-03 8.230677434242971921e-03 8.230677441075650441e-03 8.230677460196489034e-03 8.230677460053697006e-03 8.230677460053755987e-03 8.230677461280845597e-03 8.230677460610326401e-03 8.230677403451916452e-03 8.230677458679371006e-03 8.230677461117649751e-03 8.230677461116999230e-03 8.230677460053745578e-03 8.230677460073172746e-03 8.230677460053691802e-03 8.230677456240419188e-03 8.230677460053690067e-03 8.230677460198409373e-03 8.230677460053742109e-03 8.230677460341999374e-03 8.230677460351980973e-03 8.230677460485573763e-03 8.230677460379153682e-03 8.230677460364333939e-03 8.230677460341973353e-03 8.230677460362321660e-03 8.230677460342325502e-03 8.230677460220141989e-03 8.230677460242275326e-03 8.230677460076458313e-03 8.230673476858406043e-03 8.230677261729773750e-03 8.230677459401071483e-03 8.230677252655520248e-03 8.230677456240767867e-03 8.230677460361207967e-03 8.230677452204336955e-03 8.230677460073197033e-03 8.230677460197287007e-03 8.230677460213648919e-03 8.230677460073125909e-03 8.230677459845729682e-03 8.230677460415164806e-03 8.230677460383707331e-03 8.230677460525198316e-03 8.230677460053740374e-03 8.230677459872711571e-03 8.230677460053691802e-03 8.230677460361442155e-03 8.230677459320092856e-03 8.230677460363416270e-03 8.230677460053700475e-03 8.230677460341343649e-03 8.230677460053344857e-03 8.230677460050690730e-03 8.230677460053700475e-03 8.230677460053277203e-03 8.230677460053702210e-03 8.230677460437258244e-03 8.230677460505408591e-03 8.230677460227365377e-03 8.230677460450820312e-03 8.230677460220159336e-03 8.230677460216771421e-03 8.230677460053698741e-03 8.230677460053343122e-03 8.230677460053330979e-03 8.230677460341962945e-03 8.230677460053343122e-03
8.230677394294901028e-03 8.230677394150133150e-03 8.230677394150844386e-03 8.230677394142443121e-03 8.230677394301779207e-03 8.230677394435594041e-03 8.230677395383783485e-03 8.230677394147706272e-03 8.230677394291301477e-03 8.230677453423365306e-03 8.230677397244090532e-03 8.230677460270098555e-03 8.230677458993182483e-03 8.230677458799710508e-03 0.000000000000000000e+00 8.230677394291044738e-03 8.230677393496995883e-03 8.230677400913212829e-03 8.230597401182579431e-03 8.230677390484959083e-03 8.230677458930486107e-03 8.230677403193057545e-03 8.230677452179395101e-03 8.230677460206564308e-03 8.230677451139532461e-03 8.230677452754492363e-03 8.230677394126388255e-03 8.230677394120059984e-03 8.230675928839595312e-03 8.230677393626182475e-03 8.230677394127456845e-03 8.230677395211058803e-03 8.230677395335686541e-03 8.230677400922301046e-03 8.230677394270375508e-03 8.230677394126030902e-03 8.230677394117003401e-03 8.230677395354737275e-03 8.230677394685611062e-03 8.230677456549493134e-03 8.230677394270718983e-03 8.230677395190821519e-03 8.230677395190056506e-03 8.230677384244109232e-03 8.230677394145513581e-03 8.230677394117022483e-03 8.230677394126388255e-03 8.230677392781580309e-03 8.230677394271461444e-03 8.230677390485014594e-03 8.230677394415051445e-03 8.230677394425027840e-03 8.230677394558625834e-03 8.230677394452205753e-03 8.230677394437386010e-03 8.230677394415025425e-03 8.230677394435375466e-03 8.230677394415375839e-03 8.230677394293183652e-03 8.230677394323135387e-03 8.230677394155734572e-03 8.230677394159655047e-03 8.230677195980119765e-03 8.230677393650581361e-03 8.230677202632142447e-03 8.230677390484945205e-03 8.230677394434260039e-03 8.230677402399336554e-03 8.230677394151574705e-03 8.230677394270325201e-03 8.230677394258641838e-03 8.230677394151496643e-03 8.230677394095890081e-03 8.230677394487235024e-03 8.230677196146733016e-03 8.230677394603553437e-03 8.230677195813183855e-03 8.230677394117714638e-03 8.230677394126743873e-03 8.230677394434494226e-03 8.230677393393573404e-03 8.230677394436464872e-03 8.230677394126736934e-03 8.230677394414395720e-03 8.230677394126383051e-03 8.230677394129018096e-03 8.230677394108024472e-03 8.230677394117261875e-03 8.230677394126025698e-03 8.230677394509324993e-03 8.230677394578458927e-03 8.230677394300360203e-03 8.230677394523501153e-03 8.230677394293195795e-03 8.230677394289823492e-03 8.230677394126736934e-03 8.230677394126383051e-03 8.230677394126383051e-03 8.230677394415013282e-03 8.230677384244412809e-03
8.230676844430621919e-03 8.230675918053740464e-03 8.230675918053051779e-03 8.230666556333372796e-03 8.230677393358552807e-03 8.230677356784718568e-03 8.230675918967853000e-03 8.230677383153162455e-03 8.230677393350619916e-03 8.230677452233336328e-03 8.230677393165233488e-03 8.230677459079628958e-03 8.230677460221101291e-03 8.230677460217159999e-03 8.230677394291044738e-03 0.000000000000000000e+00 8.230677397623517924e-03 8.230677392276147808e-03 8.230677403982681120e-03 8.230677393227301894e-03 8.230677460234340700e-03 8.230677390796702769e-03 8.230677441415092457e-03 8.230677461146709839e-03 8.230677452334593872e-03 8.230677441990156759e-03 8.230677393226937602e-03 8.230677393230240516e-03 8.230677393227005256e-03 8.230677393227305363e-03 8.230677393226573310e-03 8.230677384330798568e-03 8.230677357434794048e-03 8.230677402150828742e-03 8.230677383029046459e-03 8.230677393227298425e-03 8.230677393227258526e-03 8.230677380621548647e-03 8.230677393086164792e-03 8.230648011891942423e-03 8.230677384000744876e-03 8.230677394289915433e-03 8.230677394290585036e-03 8.230677393227248118e-03 8.230677383325757032e-03 8.230677383354251600e-03 8.230677379721841255e-03 8.230677393226575045e-03 8.230677393370477296e-03 8.230677393227246383e-03 8.230677393515600793e-03 8.230677393522707955e-03 8.230677393659185589e-03 8.230677393511126941e-03 8.230677393537798314e-03 8.230677393515573037e-03 8.230677393535923078e-03 8.230677383151335791e-03 8.230677393393741673e-03 8.230677393423972699e-03 8.230677393256405350e-03 8.230677393260634606e-03 8.230677393394884855e-03 8.230677393252420690e-03 8.230677402185655051e-03 8.230677393227314037e-03 8.230677393534807651e-03 8.230677401501400314e-03 8.230677393252167420e-03 8.230677393370910977e-03 8.230677393105394202e-03 8.230677393252056398e-03 8.230677393229945613e-03 8.230677393588769694e-03 8.230677393562882416e-03 8.230677393704128805e-03 8.230677393227341793e-03 8.230677393227353936e-03 8.230677393227293220e-03 8.230677393535043573e-03 8.230677394622553864e-03 8.230677393537014219e-03 8.230677393227298425e-03 8.230677393514943332e-03 8.230677393226944541e-03 8.230677393229577851e-03 8.230677393227307098e-03 8.230677393226991378e-03 8.230677393227303629e-03 8.230677393611839782e-03 8.230677393679004805e-03 8.230677393400968531e-03 8.230677393624419996e-03 8.230677393393755550e-03 8.230677393390371105e-03 8.230677393227300159e-03 8.230677393226944541e-03 8.230677393226944541e-03 8.230677393514846188e-03 8.230677393226944541e-03
