0.000000000000000000e+00 6.430000459742252032e-03 6.430000459430065124e-03 6.430000459495445984e-03 6.430000459552921710e-03 6.430000459554138618e-03 6.430000459493175231e-03 6.430000459552960741e-03 6.430000459616091665e-03 6.430000459674721849e-03 6.430000459802058359e-03 6.430000459432296846e-03 6.430000459432277764e-03 6.430000459492101438e-03 6.430000459493175231e-03 6.430000459493250692e-03 6.430000459490969530e-03 6.430000459371435807e-03 6.430000459431200500e-03 6.430000459550715142e-03 6.430000459431262951e-03 6.430000459552939057e-03 6.430000459613801830e-03 6.430000459736738214e-03 6.430000459676931887e-03 6.430000459491202851e-03 6.430000459494335761e-03 6.430000459675819062e-03 6.430000459568143908e-03 6.430000459619459631e-03 6.430000459616031817e-03 6.430000459594908090e-03 6.430000459507263788e-03 6.430000459490967796e-03 6.430000459655769128e-03 6.430000459735581153e-03 6.430000460258993196e-03 6.430000460200347399e-03 6.430000465044177597e-03 6.430000465226879541e-03 6.430000465106141920e-03 6.430000459431183153e-03 6.430000459494589031e-03 6.430000465227959407e-03 6.430000459568144776e-03 6.430000459371442746e-03 6.430000465046419728e-03 6.430000501484963750e-03 6.430000460261225785e-03 6.430000460196991577e-03 6.430000459568123959e-03 6.430017376350453083e-03 6.430000460380726549e-03 6.430002748875568962e-03 6.430017376350453083e-03 6.430017376350458287e-03 6.430000459687655080e-03 6.430002748872606921e-03 6.430002748949035368e-03 6.430000769272124252e-03 6.430000465226868266e-03 6.430000501484963750e-03 6.430000769337960477e-03 6.430002748949031031e-03 6.430000465103944893e-03 6.430000459492060672e-03 6.430000459552965945e-03 6.430000501301861085e-03 6.430000769271206583e-03 6.430000769273584889e-03 6.430000465165967329e-03 6.430017376350492982e-03 6.430002748952292312e-03 6.430017376350453083e-03 6.430000460258992329e-03 6.430000459498074958e-03 6.430000769335209206e-03 6.430002748949031031e-03 6.430000501426102848e-03 6.430017376350769670e-03 6.430000769275298796e-03 6.430000769335215277e-03 6.430000459431165806e-03 6.430002748872381407e-03 6.430017376352620620e-03 6.430017376351753258e-03 6.430000459554035402e-03 6.430000769398173596e-03 6.430017376350512064e-03 6.430000459370429668e-03 6.430017376351759330e-03 6.430002748875869936e-03 6.430000459431295043e-03 6.430002748872612993e-03 6.430002748872726617e-03 6.430002748949152462e-03 6.430000501305353083e-03 6.430017376367713582e-03 6.430000769335636815e-03 6.430000459431375708e-03 6.430000459498247563e-03 6.430002748875575901e-03 6.430000459369184136e-03 6.430002748949031031e-03 6.430017376376089694e-03 6.430002748949077002e-03 6.430002748952608031e-03 6.430002748952332210e-03 6.430017376351465294e-03 6.430000769275052465e-03 6.430017376367468118e-03 6.430000459498241491e-03 6.430017376350493849e-03 6.430017376374937838e-03 6.430002748819343104e-03 6.430017376384392948e-03 6.430000459369360211e-03 6.430017376352948483e-03 6.430017376369634788e-03 6.430017376352844399e-03 6.430000769275357776e-03 6.430000459370340329e-03 6.430017376369592287e-03 6.430000459369164187e-03 6.430002748949077002e-03 6.430017376367423883e-03 6.430000459379829267e-03 6.430017376378255496e-03
6.430000459742252032e-03 0.000000000000000000e+00 6.430000459556246308e-03 6.430000459375874965e-03 6.430000459435620576e-03 6.430000459434524231e-03 6.430000459738968201e-03 6.430000459435579810e-03 6.430000459616090798e-03 6.430000459559612538e-03 6.430000459560726231e-03 6.430000459554016320e-03 6.430000459436776769e-03 6.430000459496523248e-03 6.430000459493175231e-03 6.430000459497669900e-03 6.430000459373625028e-03 6.430000459619376364e-03 6.430000459557055556e-03 6.430000459435646597e-03 6.430000459557440665e-03 6.430000459435272764e-03 6.430000459618260937e-03 6.430000459499826161e-03 6.430000459679161007e-03 6.430000459495324554e-03 6.430000459376994729e-03 6.430000459434525965e-03 6.430000459572563117e-03 6.430000459741179106e-03 6.430000459620451025e-03 6.430000459599325563e-03 6.430000459389921888e-03 6.430000459495388739e-03 6.430000459314954078e-03 6.430000459737805936e-03 6.430000460263411537e-03 6.430000460202536620e-03 6.430000459495405218e-03 6.430000465231300484e-03 6.430000465110601894e-03 6.430000465108326804e-03 6.430000459496522380e-03 6.430000465230145158e-03 6.430000459572523218e-03 6.430000465170386537e-03 6.430000459493176099e-03 6.430000459556547282e-03 6.430000460263414139e-03 6.430000459435621443e-03 6.430000459556246308e-03 6.430000459373604212e-03 6.430000460385187390e-03 6.430000459435604096e-03 6.430000459373605079e-03 6.430017376354875761e-03 6.430000459692074288e-03 6.430000459433541510e-03 6.430000459502492431e-03 6.430000769276609379e-03 6.430000465233521798e-03 6.430000501367470929e-03 6.430000769339997042e-03 6.430002748953451974e-03 6.430000465232421115e-03 6.430000769339626679e-03 6.430000465232380349e-03 6.430000501428194057e-03 6.430000769278006699e-03 6.430000459435772364e-03 6.430000465172618258e-03 6.430017376354913924e-03 6.430002748953367840e-03 6.430000459373605946e-03 6.430000460263411537e-03 6.430002748953462383e-03 6.430000769339628414e-03 6.430002748953451974e-03 6.430000501430519454e-03 6.430017376355055304e-03 6.430000769402592804e-03 6.430000769339572902e-03 6.430000459435584147e-03 6.430002748876808422e-03 6.430017376357038093e-03 6.430017376357328659e-03 6.430000769279718871e-03 6.430000769402592804e-03 6.430017376354950354e-03 6.430000769338591916e-03 6.430000459373737785e-03 6.430002748880289144e-03 6.430000459435775834e-03 6.430002748877033936e-03 6.430002748877148427e-03 6.430000459502662434e-03 6.430000501429431782e-03 6.430017376361663733e-03 6.430000769342439533e-03 6.430000501488311766e-03 6.430002748953768561e-03 6.430000459435619709e-03 6.430017376356192416e-03 6.430002748953451107e-03 6.430017376390977091e-03 6.430002748953496210e-03 6.430002748956836420e-03 6.430002748953409474e-03 6.430000459374738721e-03 6.430000769277090765e-03 6.430017376371886459e-03 6.430002748953763357e-03 6.430017376354913057e-03 6.430017376390981428e-03 6.430000459502661567e-03 6.430017376378342232e-03 6.430017376355243522e-03 6.430017376357215902e-03 6.430017376374054863e-03 6.430017376357415396e-03 6.430000769402655254e-03 6.430017376357055441e-03 6.430017376374009760e-03 6.430017376357037226e-03 6.430000459502509778e-03 6.430017376371842223e-03 6.430017376363835607e-03 6.430017376382674704e-03
6.430000459430065124e-03 6.430000459556246308e-03 0.000000000000000000e+00 6.430000459309358728e-03 6.430000459369105206e-03 6.430000459370280481e-03 6.430000459552919975e-03 6.430000459369105206e-03 6.430000459432276029e-03 6.430000459490864580e-03 6.430000459618200222e-03 6.430000459384266689e-03 6.430000459248495955e-03 6.430000459188709577e-03 6.430000459309358728e-03 6.430000459309392555e-03 6.430000459307111393e-03 6.430000459431098152e-03 6.430000459371006463e-03 6.430000459369125156e-03 6.430000459369165922e-03 6.430000459370986514e-03 6.430000459429985327e-03 6.430000459555110931e-03 6.430000459493116251e-03 6.430000459307384612e-03 6.430000459310473288e-03 6.430000459492039855e-03 6.430000459384287506e-03 6.430000459559592589e-03 6.430000459434444433e-03 6.430000459307107057e-03 6.430000459323404784e-03 6.430000459307107924e-03 6.430000459471910124e-03 6.430000459549529458e-03 6.430000459307107924e-03 6.430000459370225838e-03 6.430000459307125271e-03 6.430000459368030545e-03 6.430000464922321080e-03 6.430000464922278579e-03 6.430000459310730894e-03 6.430000459369150309e-03 6.430000459384286639e-03 6.430000464982108324e-03 6.430000464984340913e-03 6.430000501301104746e-03 6.430000460077367648e-03 6.430000459245109774e-03 6.430000459384265822e-03 6.430017376166596681e-03 6.430000460196907443e-03 6.430002748691706488e-03 6.430017376166596681e-03 6.430017376166600150e-03 6.430000459384266689e-03 6.430002748688747917e-03 6.430002748765181568e-03 6.430000769088330299e-03 6.430000465045240983e-03 6.430000459368269070e-03 6.430000769154100605e-03 6.430002748765175496e-03 6.430000465044142903e-03 6.430000769151411784e-03 6.430000465044142036e-03 6.430000501239960080e-03 6.430000769089726752e-03 6.430000769089726752e-03 6.430000464984341781e-03 6.430017376166634845e-03 6.430002748638435732e-03 6.430017376166596681e-03 6.430000460075174958e-03 6.430002748635184860e-03 6.430000769151353671e-03 6.430002748765175496e-03 6.430000501242245578e-03 6.430017376166932350e-03 6.430000769214315459e-03 6.430000769151358875e-03 6.430000769214321531e-03 6.430002748688529342e-03 6.430017376168760748e-03 6.430017376169052182e-03 6.430000769214316327e-03 6.430000769091438056e-03 6.430017376166672141e-03 6.430000769027441505e-03 6.430017376168904730e-03 6.430002748692009197e-03 6.430000769089732823e-03 6.430002748688754856e-03 6.430002748689060167e-03 6.430000459314384222e-03 6.430000501243451211e-03 6.430017376173232865e-03 6.430000769151781280e-03 6.430000501302286092e-03 6.430002748765490349e-03 6.430002748691737713e-03 6.430017376169090346e-03 6.430002748765175496e-03 6.430000459205168634e-03 6.430002748765217997e-03 6.430002748768751629e-03 6.430002748768475808e-03 6.430017376168760748e-03 6.430000769091193460e-03 6.430017376183610849e-03 6.430000459314381620e-03 6.430017376166615763e-03 6.430017376202706685e-03 6.430002748765486012e-03 6.430017376200533943e-03 6.430017376166966177e-03 6.430017376169071264e-03 6.430017376185754967e-03 6.430017376169114632e-03 6.430000769214374440e-03 6.430017376168779830e-03 6.430017376185731548e-03 6.430000459186457039e-03 6.430002748765218865e-03 6.430017376183564011e-03 6.430017376186024716e-03 6.430017376194395624e-03
6.430000459495445984e-03 6.430000459375874965e-03 6.430000459309358728e-03 0.000000000000000000e+00 6.430000459188731261e-03 6.430000459311667645e-03 6.430000459494311475e-03 6.430000459310494104e-03 6.430000459371435807e-03 6.430000459432256080e-03 6.430000459555129146e-03 6.430000459311587847e-03 6.430000459185425746e-03 6.430000459251862185e-03 6.430000459250745891e-03 6.430000459248515036e-03 6.430000459248495087e-03 6.430000459372490519e-03 6.430000459312396228e-03 6.430000459188755547e-03 6.430000459308242433e-03 6.430000459312376279e-03 6.430000459371373357e-03 6.430000459496501564e-03 6.430000459432234396e-03 6.430000459248515036e-03 6.430000459251867390e-03 6.430000459431159734e-03 6.430000459323403916e-03 6.430000459498751500e-03 6.430000459373605079e-03 6.430000459352395482e-03 6.430000459264752916e-03 6.430000460016522222e-03 6.430000459413299889e-03 6.430000459490881927e-03 6.430000459248499424e-03 6.430000460079642738e-03 6.430000459248515036e-03 6.430000464984412037e-03 6.430000464863713447e-03 6.430000464863670079e-03 6.430000459252119792e-03 6.430000464985532668e-03 6.430000459433369772e-03 6.430000464923497222e-03 6.430000464925728944e-03 6.430000501242496246e-03 6.430000460018717515e-03 6.430000459956753192e-03 6.430000459325656455e-03 6.430000459126715764e-03 6.430000460138297208e-03 6.430002748633100590e-03 6.430017376107983844e-03 6.430017376107989915e-03 6.430000459433350690e-03 6.430002748630138550e-03 6.430002748706569599e-03 6.430000769029720065e-03 6.430000464986630748e-03 6.430000501242495378e-03 6.430000769095488636e-03 6.430000459255600515e-03 6.430000464985530934e-03 6.430000769092798947e-03 6.430000464985531801e-03 6.430000501181351580e-03 6.430000769031118252e-03 6.430000769031118252e-03 6.430000464923497222e-03 6.430017376108024610e-03 6.430002748709827409e-03 6.430017376107985579e-03 6.430000460016522222e-03 6.430002748706574803e-03 6.430000769092739099e-03 6.430000459255600515e-03 6.430000501183636211e-03 6.430017376108320380e-03 6.430000459311566163e-03 6.430000769092743436e-03 6.430000769155711296e-03 6.430002748629918240e-03 6.430017376110152248e-03 6.430017376110440212e-03 6.430000769155703490e-03 6.430000769155703490e-03 6.430017376108063641e-03 6.430000769091703469e-03 6.430017376110447151e-03 6.430002748633400697e-03 6.430000769031124323e-03 6.430000459186653063e-03 6.430002748630452535e-03 6.430000459255775722e-03 6.430000501184840109e-03 6.430017376114776154e-03 6.430000769095550218e-03 6.430000501243674123e-03 6.430002748706878379e-03 6.430002748633129213e-03 6.430017376110481846e-03 6.430002748706563527e-03 6.430017376144089511e-03 6.430002748706608630e-03 6.430002748710139659e-03 6.430002748709864706e-03 6.430017376110152248e-03 6.430000769030144205e-03 6.430017376114530690e-03 6.430002748706874910e-03 6.430017376108024610e-03 6.430017376144093848e-03 6.430002748706874910e-03 6.430017376141925443e-03 6.430017376108355942e-03 6.430017376110481846e-03 6.430017376115542034e-03 6.430017376110524346e-03 6.430000459311608664e-03 6.430017376109013402e-03 6.430017376127126517e-03 6.430017376110152248e-03 6.430002748706608630e-03 6.430017376124956378e-03 6.430017376126261758e-03 6.430017376145100855e-03
6.430000459552921710e-03 6.430000459435620576e-03 6.430000459369105206e-03 6.430000459188731261e-03 0.000000000000000000e+00 6.430000459369185004e-03 6.430000459551785466e-03 6.430000459365775405e-03 6.430000459431181419e-03 6.430000459491999956e-03 6.430000459617105611e-03 6.430000459369106074e-03 6.430000459247402211e-03 6.430000459309378677e-03 6.430000459308222484e-03 6.430000459308261515e-03 6.430000459306011579e-03 6.430000459430005276e-03 6.430000459368007994e-03 6.430000459246271172e-03 6.430000459368070444e-03 6.430000459246226069e-03 6.430000459428888114e-03 6.430000459432255212e-03 6.430000459491979140e-03 6.430000459306290002e-03 6.430000459309383881e-03 6.430000459490946112e-03 6.430000459383191161e-03 6.430000459558496244e-03 6.430000459311587847e-03 6.430000459409955342e-03 6.430000459320076717e-03 6.430000460074038714e-03 6.430000459473046368e-03 6.430000459550663967e-03 6.430000460074038714e-03 6.430000459369132094e-03 6.430000464981005907e-03 6.430000465041927661e-03 6.430000464918998217e-03 6.430000464921184836e-03 6.430000459309638018e-03 6.430000465043048292e-03 6.430000459383190294e-03 6.430000464983248037e-03 6.430000464983248037e-03 6.430000459367173592e-03 6.430000459308249372e-03 6.430000459246246886e-03 6.430000459383172079e-03 6.430000459184229654e-03 6.430000459427744064e-03 6.430002748690617949e-03 6.430017376165499468e-03 6.430017376165501203e-03 6.430000459490865447e-03 6.430002748687655909e-03 6.430002748764086958e-03 6.430000769087237424e-03 6.430000465044148975e-03 6.430000501300011002e-03 6.430000769030130327e-03 6.430002748764079151e-03 6.430000459368054831e-03 6.430000769150315439e-03 6.430000465043048292e-03 6.430000459306166836e-03 6.430000769088633876e-03 6.430000769086252101e-03 6.430000464983247170e-03 6.430017376165541101e-03 6.430002748767342166e-03 6.430017376165500335e-03 6.430000460074081214e-03 6.430002748764090427e-03 6.430000769150256458e-03 6.430002748764079151e-03 6.430000459308415038e-03 6.430017376165683349e-03 6.430000769213220849e-03 6.430000769150261662e-03 6.430000769213226053e-03 6.430002748687414782e-03 6.430000459185365898e-03 6.430017376167804916e-03 6.430000459369085257e-03 6.430000769213219981e-03 6.430017376165579265e-03 6.430000769151604338e-03 6.430017376167960173e-03 6.430002748687571774e-03 6.430000769088641682e-03 6.430002748687660245e-03 6.430002748687966424e-03 6.430002748764397473e-03 6.430000501242356600e-03 6.430017376182760834e-03 6.430000769153065843e-03 6.430000501301191482e-03 6.430002748764394004e-03 6.430002748690643970e-03 6.430017376167996603e-03 6.430002748764079151e-03 6.430017376201608605e-03 6.430002748764125121e-03 6.430000459315519598e-03 6.430002748767359513e-03 6.430017376166509945e-03 6.430000769090099717e-03 6.430017376182510166e-03 6.430002748764390534e-03 6.430017376165540234e-03 6.430017376200452411e-03 6.430002748764389667e-03 6.430017376188970277e-03 6.430017376165698961e-03 6.430017376167844814e-03 6.430017376184678571e-03 6.430017376168020889e-03 6.430000769213281564e-03 6.430017376167705169e-03 6.430017376184643009e-03 6.430017376167666138e-03 6.430002748764125121e-03 6.430017376182469400e-03 6.430017376184930973e-03 6.430017376203773539e-03
6.430000459554138618e-03 6.430000459434524231e-03 6.430000459370280481e-03 6.430000459311667645e-03 6.430000459369185004e-03 0.000000000000000000e+00 6.430000459431199633e-03 6.430000459369143370e-03 6.430000459432315060e-03 6.430000459493175231e-03 6.430000459616011001e-03 6.430000459262584511e-03 6.430000459248534986e-03 6.430000459310514054e-03 6.430000459309438525e-03 6.430000459309438525e-03 6.430000459307193793e-03 6.430000459428949697e-03 6.430000459368858008e-03 6.430000459369205820e-03 6.430000459369247454e-03 6.430000459371068913e-03 6.430000459430065124e-03 6.430000459431159734e-03 6.430000459493196048e-03 6.430000459307424511e-03 6.430000459432320264e-03 6.430000459370322115e-03 6.430000459384368171e-03 6.430000459559632488e-03 6.430000459312763122e-03 6.430000459411130617e-03 6.430000459323485448e-03 6.430000460075215724e-03 6.430000459248516771e-03 6.430000459551839243e-03 6.430000460075214856e-03 6.430000460138332770e-03 6.430000464982140417e-03 6.430000464921321879e-03 6.430000459247403946e-03 6.430000459247403946e-03 6.430000459308581572e-03 6.430000465044224435e-03 6.430000459384327405e-03 6.430000464984381679e-03 6.430000459307167772e-03 6.430000501301186278e-03 6.430000460075218326e-03 6.430000460015444959e-03 6.430000459384347354e-03 6.430017376166678213e-03 6.430000460196988107e-03 6.430002748688444340e-03 6.430017376166678213e-03 6.430017376166682549e-03 6.430000459506108462e-03 6.430002748688829449e-03 6.430002748765258763e-03 6.430000459246310203e-03 6.430000465045322515e-03 6.430000501301186278e-03 6.430000769154180403e-03 6.430002748765255294e-03 6.430000465044224435e-03 6.430000769151430866e-03 6.430000465044224435e-03 6.430000501240042479e-03 6.430000769089808284e-03 6.430000459247573082e-03 6.430000464984382547e-03 6.430017376166716377e-03 6.430000459316524003e-03 6.430000459185405796e-03 6.430000460075214856e-03 6.430002748765264835e-03 6.430000459308242433e-03 6.430002748765255294e-03 6.430000501242325375e-03 6.430017376167011280e-03 6.430000769214396124e-03 6.430000769151377957e-03 6.430000769214403930e-03 6.430002748688610006e-03 6.430017376168844015e-03 6.430017376169131979e-03 6.430000769214396124e-03 6.430000769214396124e-03 6.430017376166753673e-03 6.430000769152776144e-03 6.430017376169139785e-03 6.430002748692091596e-03 6.430000769089814355e-03 6.430002748688836388e-03 6.430002748688949145e-03 6.430002748765571881e-03 6.430000501241279337e-03 6.430017376183938711e-03 6.430000459310775129e-03 6.430000501302322521e-03 6.430002748765571881e-03 6.430002748691820980e-03 6.430017376169151928e-03 6.430002748765255294e-03 6.430017376192311354e-03 6.430002748765300397e-03 6.430002748768638005e-03 6.430002748768556473e-03 6.430017376168844015e-03 6.430000769091274992e-03 6.430017376183692381e-03 6.430002748765376724e-03 6.430000459185426613e-03 6.430017376202787349e-03 6.430002748765565809e-03 6.430017376200616343e-03 6.430017376167046841e-03 6.430017376168015684e-03 6.430017376185857315e-03 6.430017376169217848e-03 6.430000769214454237e-03 6.430017376168883046e-03 6.430017376185817417e-03 6.430017376168843148e-03 6.430000459314312231e-03 6.430017376183646410e-03 6.430017376186108850e-03 6.430017376193321831e-03
6.430000459493175231e-03 6.430000459738968201e-03 6.430000459552919975e-03 6.430000459494311475e-03 6.430000459551785466e-03 6.430000459431199633e-03 0.000000000000000000e+00 6.430000459551826232e-03 6.430000459612768803e-03 6.430000459675777429e-03 6.430000459679161874e-03 6.430000459428928880e-03 6.430000459431140652e-03 6.430000459493196915e-03 6.430000459489810735e-03 6.430000459492080621e-03 6.430000459489829817e-03 6.430000459370258797e-03 6.430000459553686723e-03 6.430000459551807150e-03 6.430000459430125839e-03 6.430000459551806283e-03 6.430000459490902744e-03 6.430000459735603704e-03 6.430000459675798245e-03 6.430000459489849766e-03 6.430000459614916390e-03 6.430000459674763483e-03 6.430000459445250026e-03 6.430000459620552507e-03 6.430000459493174364e-03 6.430000459472009870e-03 6.430000459489830685e-03 6.430000460257856085e-03 6.430000459552922577e-03 6.430000459612719363e-03 6.430000459489790786e-03 6.430000460318744011e-03 6.430000465164824146e-03 6.430000465103963107e-03 6.430000459430048644e-03 6.430000465105003941e-03 6.430000459491224535e-03 6.430000465226866531e-03 6.430000459688768773e-03 6.430000465045240983e-03 6.430000459370305635e-03 6.430000501483828373e-03 6.430000459492065876e-03 6.430000460198088789e-03 6.430000459566988583e-03 6.430017376349318574e-03 6.430000460379592039e-03 6.430002748874430116e-03 6.430017376349318574e-03 6.430017376349324645e-03 6.430000459688749691e-03 6.430000459427986925e-03 6.430002748947902594e-03 6.430000769270989742e-03 6.430000465106183553e-03 6.430000459550991830e-03 6.430000769334440723e-03 6.430002748947896522e-03 6.430000465105084606e-03 6.430000459368111210e-03 6.430000465226865664e-03 6.430000501300771679e-03 6.430000459430216045e-03 6.430000769272450380e-03 6.430000459492089294e-03 6.430000459368070444e-03 6.430002748951159537e-03 6.430017376349318574e-03 6.430000460257856085e-03 6.430002748947903461e-03 6.430000459490946979e-03 6.430002748947896522e-03 6.430000501303053707e-03 6.430017376349655110e-03 6.430000769397039087e-03 6.430000769334079033e-03 6.430000769274169491e-03 6.430002748871251235e-03 6.430017376351484376e-03 6.430000459368177997e-03 6.430000459552899159e-03 6.430000769397039087e-03 6.430017376349375820e-03 6.430000769335419107e-03 6.430017376351628358e-03 6.430002748874731090e-03 6.430000769270014828e-03 6.430002748871475014e-03 6.430000459428156928e-03 6.430002748948213977e-03 6.430000501426172237e-03 6.430017376366424682e-03 6.430000769334439856e-03 6.430000501363097691e-03 6.430002748948020555e-03 6.430002748874459606e-03 6.430000459369336792e-03 6.430002748947896522e-03 6.430017376385422506e-03 6.430002748947942492e-03 6.430002748951469185e-03 6.430002748951197701e-03 6.430017376350329050e-03 6.430000769273854638e-03 6.430017376366331874e-03 6.430002748948207905e-03 6.430000459368070444e-03 6.430017376384268915e-03 6.430002748948208773e-03 6.430017376383257571e-03 6.430000459368242181e-03 6.430017376351813106e-03 6.430017376368500279e-03 6.430017376351857342e-03 6.430000769397099802e-03 6.430017376351523407e-03 6.430017376368458645e-03 6.430017376351483509e-03 6.430002748947939023e-03 6.430017376366285904e-03 6.430017376368750946e-03 6.430017376386432983e-03
6.430000459552960741e-03 6.430000459435579810e-03 6.430000459369105206e-03 6.430000459310494104e-03 6.430000459365775405e-03 6.430000459369143370e-03 6.430000459551826232e-03 0.000000000000000000e+00 6.430000459552940792e-03 6.430000459370237981e-03 6.430000459617105611e-03 6.430000459369106074e-03 6.430000459247402211e-03 6.430000459309378677e-03 6.430000459308263250e-03 6.430000459308261515e-03 6.430000459184253940e-03 6.430000459430004409e-03 6.430000459369910985e-03 6.430000459368033147e-03 6.430000459368069576e-03 6.430000459369891903e-03 6.430000459428888114e-03 6.430000459310452471e-03 6.430000459370258797e-03 6.430000459305989895e-03 6.430000459431144122e-03 6.430000459490946112e-03 6.430000459383189426e-03 6.430000459558495376e-03 6.430000459433349823e-03 6.430000459409955342e-03 6.430000459320076717e-03 6.430000459306013313e-03 6.430000459473045500e-03 6.430000459550664835e-03 6.430000460074037846e-03 6.430000460137157495e-03 6.430000464981005040e-03 6.430000459366936802e-03 6.430000464918994747e-03 6.430000464921186570e-03 6.430000459309638018e-03 6.430000465043046558e-03 6.430000459504910636e-03 6.430000464983248037e-03 6.430000464983247170e-03 6.430000459367172724e-03 6.430000460076273038e-03 6.430000460014272286e-03 6.430000459247338894e-03 6.430017376165499468e-03 6.430000460195811965e-03 6.430002748690617081e-03 6.430017376165499468e-03 6.430017376165504672e-03 6.430000459504933187e-03 6.430002748687654174e-03 6.430002748764086090e-03 6.430000769087237424e-03 6.430000465044148107e-03 6.430000501178098106e-03 6.430000769153005995e-03 6.430002748764078284e-03 6.430000459368053096e-03 6.430000769150312837e-03 6.430000465043048292e-03 6.430000501238864602e-03 6.430000769088633876e-03 6.430000459244016899e-03 6.430000464983247170e-03 6.430017376165539367e-03 6.430002748767341299e-03 6.430017376165500335e-03 6.430000460074081214e-03 6.430002748764090427e-03 6.430000769150255591e-03 6.430002748764077417e-03 6.430000501241149233e-03 6.430017376165682481e-03 6.430000769213220849e-03 6.430000769150200080e-03 6.430000769213227788e-03 6.430002748687434731e-03 6.430017376167666138e-03 6.430017376167954969e-03 6.430000769090343446e-03 6.430000769213219114e-03 6.430017376165579265e-03 6.430000769151601736e-03 6.430017376167961908e-03 6.430002748687570907e-03 6.430000769088640815e-03 6.430002748687660245e-03 6.430002748687965557e-03 6.430002748634394694e-03 6.430000501242354866e-03 6.430000459193735939e-03 6.430000769153064975e-03 6.430000501301191482e-03 6.430002748764392269e-03 6.430002748690643102e-03 6.430017376167995735e-03 6.430002748764078284e-03 6.430017376201607737e-03 6.430002748764125121e-03 6.430000459315329646e-03 6.430002748767380330e-03 6.430000459185365898e-03 6.430000769090098850e-03 6.430017376182513636e-03 6.430002748764390534e-03 6.430017376165520285e-03 6.430017376201612074e-03 6.430002748764390534e-03 6.430017376188970277e-03 6.430017376165850750e-03 6.430017376167843947e-03 6.430017376184682908e-03 6.430017376168000072e-03 6.430000769213281564e-03 6.430017376167705169e-03 6.430017376184641274e-03 6.430017376167666138e-03 6.430002748764125121e-03 6.430017376182468533e-03 6.430017376184933575e-03 6.430017376203773539e-03
6.430000459616091665e-03 6.430000459616090798e-03 6.430000459432276029e-03 6.430000459371435807e-03 6.430000459431181419e-03 6.430000459432315060e-03 6.430000459612768803e-03 6.430000459552940792e-03 0.000000000000000000e+00 6.430000459676931887e-03 6.430000459678006548e-03 6.430000459444112915e-03 6.430000459430065124e-03 6.430000459494270709e-03 6.430000459488736941e-03 6.430000459490958255e-03 6.430000459490950449e-03 6.430000459614937207e-03 6.430000459552939057e-03 6.430000459431165806e-03 6.430000459550730754e-03 6.430000459554826436e-03 6.430000459613820045e-03 6.430000459738949119e-03 6.430000459676951836e-03 6.430000459491224535e-03 6.430000459372556439e-03 6.430000459675839879e-03 6.430000459568123959e-03 6.430000459619356415e-03 6.430000459496521513e-03 6.430000459490946112e-03 6.430000459507244706e-03 6.430000460258930746e-03 6.430000459657980033e-03 6.430000459735595898e-03 6.430000460258971512e-03 6.430000460322088558e-03 6.430000465165898807e-03 6.430000465105082004e-03 6.430000465106121103e-03 6.430000465106119369e-03 6.430000459492258430e-03 6.430000465103965709e-03 6.430000459568123959e-03 6.430000465168180836e-03 6.430000465165905746e-03 6.430000501484942933e-03 6.430000460261205836e-03 6.430000459431141520e-03 6.430000459568104010e-03 6.430000459369165922e-03 6.430000460258981920e-03 6.430000459431167541e-03 6.430017376350433134e-03 6.430017376350439205e-03 6.430000459675799113e-03 6.430000459428908931e-03 6.430002748949018021e-03 6.430000459430068593e-03 6.430000465229081773e-03 6.430000501484942933e-03 6.430000459492171694e-03 6.430000459368047892e-03 6.430000465227939457e-03 6.430000769335184919e-03 6.430000465227982825e-03 6.430000501423798268e-03 6.430000769273564072e-03 6.430000769273564072e-03 6.430000465168180836e-03 6.430017376350473032e-03 6.430002748948926948e-03 6.430017376350434001e-03 6.430000460259011411e-03 6.430002748949022358e-03 6.430000769212313588e-03 6.430002748949011082e-03 6.430000501426080296e-03 6.430017376350768803e-03 6.430000769275277112e-03 6.430000769335193593e-03 6.430000769398162321e-03 6.430002748872366662e-03 6.430017376351443610e-03 6.430017376352889502e-03 6.430000769398152780e-03 6.430000459554015453e-03 6.430017376350512064e-03 6.430000459370409718e-03 6.430017376352896441e-03 6.430002748875656565e-03 6.430000769273571011e-03 6.430002748872593044e-03 6.430002748872899222e-03 6.430002748949135982e-03 6.430000501427287664e-03 6.430017376367693632e-03 6.430000769337998641e-03 6.430000501486078310e-03 6.430002748949328537e-03 6.430002748875576768e-03 6.430017376352928533e-03 6.430002748949011082e-03 6.430017376385383475e-03 6.430002748949057052e-03 6.430002748952587215e-03 6.430002748952313128e-03 6.430017376352598936e-03 6.430000769275032516e-03 6.430017376367448169e-03 6.430002748819322288e-03 6.430000459369185871e-03 6.430017376386541403e-03 6.430002748949323332e-03 6.430017376384372131e-03 6.430017376350804365e-03 6.430017376352928533e-03 6.430000459369209290e-03 6.430017376351817443e-03 6.430000769275336960e-03 6.430017376352638835e-03 6.430017376369573205e-03 6.430000459369144238e-03 6.430002748819057742e-03 6.430017376367402199e-03 6.430017376369866373e-03 6.430000459390142198e-03
6.430000459674721849e-03 6.430000459559612538e-03 6.430000459490864580e-03 6.430000459432256080e-03 6.430000459491999956e-03 6.430000459493175231e-03 6.430000459675777429e-03 6.430000459370237981e-03 6.430000459676931887e-03 0.000000000000000000e+00 6.430000459619336466e-03 6.430000459507164041e-03 6.430000459369166789e-03 6.430000459433370640e-03 6.430000459432256080e-03 6.430000459430059052e-03 6.430000459308247637e-03 6.430000459553955605e-03 6.430000459372103676e-03 6.430000459492025977e-03 6.430000459492060672e-03 6.430000459491979140e-03 6.430000459552880077e-03 6.430000459556246308e-03 6.430000459492020773e-03 6.430000459430281097e-03 6.430000459555094451e-03 6.430000459493175231e-03 6.430000459493114516e-03 6.430000459680259087e-03 6.430000459557340051e-03 6.430000459430005276e-03 6.430000459446303003e-03 6.430000460198031544e-03 6.430000459592577489e-03 6.430000459552893087e-03 6.430000460197990778e-03 6.430000460261147723e-03 6.430000465104997870e-03 6.430000465165921358e-03 6.430000465045219299e-03 6.430000465045176798e-03 6.430000459311865403e-03 6.430000465167039388e-03 6.430000459628943364e-03 6.430000465105006544e-03 6.430000465107238265e-03 6.430000459369256127e-03 6.430000460200265000e-03 6.430000460136030792e-03 6.430000459385401199e-03 6.430017376289491431e-03 6.430000460198040217e-03 6.430002748814609044e-03 6.430017376289491431e-03 6.430000459308225086e-03 6.430000459385401199e-03 6.430002748811646136e-03 6.430002748758077875e-03 6.430000769211227651e-03 6.430000459493140537e-03 6.430000501424002098e-03 6.430000769276995355e-03 6.430002748888068512e-03 6.430000465167038520e-03 6.430000769274304799e-03 6.430000465043024874e-03 6.430000501362855697e-03 6.430000459370388902e-03 6.430000769212623236e-03 6.430000465105005676e-03 6.430017376289512247e-03 6.430002748891332394e-03 6.430017376289492298e-03 6.430000460076307732e-03 6.430002748888077185e-03 6.430000769274245818e-03 6.430002748888068512e-03 6.430000501362889524e-03 6.430000459308245035e-03 6.430000769337211076e-03 6.430000769274249288e-03 6.430000769337218015e-03 6.430000459368036617e-03 6.430017376291655498e-03 6.430017376291946064e-03 6.430000769214334541e-03 6.430000769337210209e-03 6.430017376289570361e-03 6.430000769275592831e-03 6.430017376291953003e-03 6.430002748814907416e-03 6.430000769212630175e-03 6.430000459368162384e-03 6.430002748811960121e-03 6.430002748888387701e-03 6.430000501364096892e-03 6.430017376306751929e-03 6.430000769274676897e-03 6.430000501425179975e-03 6.430002748888195147e-03 6.430002748814635932e-03 6.430017376291986830e-03 6.430002748888068512e-03 6.430017376325597098e-03 6.430002748888111880e-03 6.430002748761646202e-03 6.430002748891372293e-03 6.430000459309358728e-03 6.430000769211650057e-03 6.430017376306483914e-03 6.430000459437281574e-03 6.430017376289530462e-03 6.430017376325601434e-03 6.430002748888382497e-03 6.430000459326931476e-03 6.430017376289862661e-03 6.430017376291835909e-03 6.430017376308670533e-03 6.430017376292031933e-03 6.430000769337271792e-03 6.430017376291696264e-03 6.430017376308629767e-03 6.430017376291655498e-03 6.430002748888115349e-03 6.430017376306459628e-03 6.430017376308921201e-03 6.430017376317291242e-03
6.430000459802058359e-03 6.430000459560726231e-03 6.430000459618200222e-03 6.430000459555129146e-03 6.430000459617105611e-03 6.430000459616011001e-03 6.430000459679161874e-03 6.430000459617105611e-03 6.430000459678006548e-03 6.430000459619336466e-03 0.000000000000000000e+00 6.430000459632266227e-03 6.430000459494270709e-03 6.430000459558434661e-03 6.430000459557360867e-03 6.430000459555129146e-03 6.430000459555114400e-03 6.430000459676872039e-03 6.430000459495017508e-03 6.430000459617131632e-03 6.430000459493175231e-03 6.430000459497229280e-03 6.430000459553994636e-03 6.430000459679121975e-03 6.430000459738887536e-03 6.430000459555388487e-03 6.430000459554020657e-03 6.430000459494288924e-03 6.430000459615990184e-03 6.430000459557381684e-03 6.430000459558454610e-03 6.430000459433350690e-03 6.430000459449646683e-03 6.430000460323134596e-03 6.430000459600382010e-03 6.430000459799725156e-03 6.430000460323134596e-03 6.430000460264490535e-03 6.430000465230064494e-03 6.430000459616032685e-03 6.430000465170324087e-03 6.430000465170281586e-03 6.430000459558734768e-03 6.430000465170362250e-03 6.430000459751819900e-03 6.430000465232345655e-03 6.430000465230072300e-03 6.430000501549106885e-03 6.430000460325370655e-03 6.430000460263369036e-03 6.430000459508277734e-03 6.430017376414596218e-03 6.430000459433354160e-03 6.430002748939713832e-03 6.430000459433331608e-03 6.430000459433330741e-03 6.430000459754029937e-03 6.430002748936751791e-03 6.430002749013181973e-03 6.430000459494235147e-03 6.430000459494235147e-03 6.430000501427195723e-03 6.430000769399722704e-03 6.430000459432214446e-03 6.430000465292145043e-03 6.430000769399349739e-03 6.430000465292146777e-03 6.430000501487960485e-03 6.430000769337729759e-03 6.430000769337728891e-03 6.430000465232346522e-03 6.430000459433329874e-03 6.430002749016437182e-03 6.430017376414597953e-03 6.430000460323177097e-03 6.430002749013183708e-03 6.430000769399352341e-03 6.430000459562214624e-03 6.430000501487996047e-03 6.430017376414931887e-03 6.430000769339440196e-03 6.430000769399358412e-03 6.430000769339448870e-03 6.430002748936530614e-03 6.430017376416763755e-03 6.430017376417054321e-03 6.430000769462318466e-03 6.430000769462317599e-03 6.430017376414676016e-03 6.430000769400697619e-03 6.430000459434617906e-03 6.430000459495495424e-03 6.430000769337734096e-03 6.430002748936756996e-03 6.430002748937062307e-03 6.430002749013490754e-03 6.430000501486950876e-03 6.430017376431859319e-03 6.430000769402164328e-03 6.430000501550241394e-03 6.430002749013490754e-03 6.430002748936397908e-03 6.430017376417094220e-03 6.430002749013175034e-03 6.430017376450701018e-03 6.430000459432235263e-03 6.430002749013407487e-03 6.430000459564465427e-03 6.430017376416763755e-03 6.430000769339194733e-03 6.430017376421117911e-03 6.430002749013487284e-03 6.430017376414617035e-03 6.430017376440237166e-03 6.430002749013486417e-03 6.430017376448534348e-03 6.430017376414966582e-03 6.430017376417094220e-03 6.430000459433372374e-03 6.430017376417119374e-03 6.430000769462378314e-03 6.430017376416802787e-03 6.430017376433736290e-03 6.430017376416762888e-03 6.430000459562239777e-03 6.430000459432215314e-03 6.430017376434029458e-03 6.430017376442397764e-03
6.430000459432296846e-03 6.430000459554016320e-03 6.430000459384266689e-03 6.430000459311587847e-03 6.430000459369106074e-03 6.430000459262584511e-03 6.430000459428928880e-03 6.430000459369106074e-03 6.430000459444112915e-03 6.430000459507164041e-03 6.430000459632266227e-03 0.000000000000000000e+00 6.430000459262564562e-03 6.430000459324540160e-03 6.430000459321196481e-03 6.430000459323457693e-03 6.430000459321179133e-03 6.430000459431099886e-03 6.430000459385075071e-03 6.430000459383194630e-03 6.430000459383232794e-03 6.430000459382825134e-03 6.430000459429983592e-03 6.430000459569176936e-03 6.430000459504953136e-03 6.430000459321454087e-03 6.430000459446304738e-03 6.430000459506108462e-03 6.430000459398352644e-03 6.430000459573658594e-03 6.430000459326748463e-03 6.430000459425113356e-03 6.430000459309339646e-03 6.430000460089201064e-03 6.430000459488206116e-03 6.430000459565826318e-03 6.430000460089201064e-03 6.430000460028326148e-03 6.430000464996166523e-03 6.430000464935308954e-03 6.430000464936388820e-03 6.430000464936346319e-03 6.430000459322568647e-03 6.430000465058211510e-03 6.430000459520114620e-03 6.430000464998408653e-03 6.430000464998408653e-03 6.430000501315171618e-03 6.430000460091433653e-03 6.430000460029432034e-03 6.430000459398332695e-03 6.430017376180661819e-03 6.430000460210976050e-03 6.430002748705776830e-03 6.430017376180661819e-03 6.430017376180666155e-03 6.430000459520095538e-03 6.430000459245260695e-03 6.430002748779248441e-03 6.430000769102397172e-03 6.430000465059309590e-03 6.430000501315171618e-03 6.430000769165786570e-03 6.430002748779239767e-03 6.430000465058210643e-03 6.430000769165476054e-03 6.430000465058210643e-03 6.430000501254027820e-03 6.430000769103796227e-03 6.430000769103794492e-03 6.430000464998408653e-03 6.430017376180703452e-03 6.430002748782501915e-03 6.430017376180662686e-03 6.430000460089242698e-03 6.430002748779251043e-03 6.430000769165417941e-03 6.430002748779241502e-03 6.430000501256310716e-03 6.430017376180997488e-03 6.430000769105506664e-03 6.430000769165424013e-03 6.430000769228391005e-03 6.430002748702597082e-03 6.430017376182828488e-03 6.430017376183119054e-03 6.430000769228383199e-03 6.430000769228383199e-03 6.430017376180740749e-03 6.430000769166763219e-03 6.430017376183124259e-03 6.430002748706076937e-03 6.430000769103803165e-03 6.430002748702822596e-03 6.430002748703129642e-03 6.430002748779558089e-03 6.430000501135601718e-03 6.430017376197922317e-03 6.430000769168228193e-03 6.430000501316352098e-03 6.430002748779558089e-03 6.430002748705804586e-03 6.430017376183156351e-03 6.430002748779239767e-03 6.430017376216767486e-03 6.430002748779284870e-03 6.430002748782817634e-03 6.430002748782544415e-03 6.430017376182828488e-03 6.430000769102879425e-03 6.430017376197675986e-03 6.430002748779553752e-03 6.430000459185345948e-03 6.430017376216770955e-03 6.430000459184381442e-03 6.430017376214602551e-03 6.430017376181033049e-03 6.430017376183156351e-03 6.430017376199844391e-03 6.430017376183203189e-03 6.430000769228442180e-03 6.430017376182867520e-03 6.430017376199802757e-03 6.430017376182828488e-03 6.430002748779284870e-03 6.430017376197632618e-03 6.430000459185502074e-03 6.430017376218935890e-03
