0.000000000000000000e+00 9.276686595687448286e-03 9.267932886515086593e-03 9.159264594426883010e-03 9.564115180969182117e-03 9.429799829657040111e-03 9.299469322254828169e-03 9.523170883009754797e-03 9.530428163716712572e-03 9.693523862193851801e-03 9.419856813162198056e-03 9.693767404747507047e-03 9.752621694543064934e-03 9.803253610817783126e-03 9.760090023694281691e-03 9.453834090830882247e-03 9.479814672657186497e-03 9.753862412185166503e-03 9.511214610833752109e-03 9.708588475327711853e-03 9.814887416620839827e-03 9.749235656103834649e-03 9.770093852792286968e-03 9.758921975279589989e-03 9.758440351624637563e-03 9.756220867958723467e-03 9.712862052752695499e-03 9.619501849623453976e-03 9.607202639722223561e-03 9.726331346639156133e-03 9.690345088865369438e-03 9.538982272292785211e-03 9.457501664270361041e-03 9.725571182571484535e-03 9.728143314471139960e-03 9.675653521117056829e-03 9.616117700269101801e-03 9.510674757213569835e-03 9.472613051411549884e-03 9.537121658073305017e-03 9.738239209489749429e-03 9.709177463388042606e-03 9.742362521120435936e-03 9.500544106063957620e-03 9.718481247197421555e-03 9.745492287881317439e-03 9.703913464602463915e-03 9.703920196858452710e-03 9.559278534188321227e-03 9.521230838362919335e-03 9.712335340345433152e-03 9.160023723233007981e-03 9.730943844009224200e-03 9.586617685271506609e-03 9.501719205211053496e-03 9.707785787513608169e-03 9.679620186855001848e-03 9.721035022256758334e-03 9.760656817530570517e-03 9.630808234390402303e-03 9.645092182890781587e-03 9.619597821785756328e-03 9.688118571850794919e-03 9.764769733059570911e-03 9.719954124466084408e-03 9.715850020337070403e-03 9.740598152040808380e-03 9.606307259540753166e-03 9.730017798525060838e-03 9.739353377159748817e-03 9.768615540969994085e-03 9.773523130555916011e-03 9.752093163121625455e-03 9.553746719482350547e-03 9.728904733372187655e-03 9.840554313468896294e-03 9.656410587478346172e-03 9.760286562461622378e-03 9.732851980119819335e-03 9.748013233511159878e-03 9.748241187700300986e-03 9.753233974713122756e-03 9.717441216435522555e-03 9.718440353316705818e-03 9.724626223342507786e-03 9.746843741089927099e-03 9.742223455757039255e-03 9.749426051161559637e-03 9.696350609676279361e-03 9.561148334855343323e-03 9.759734611927129572e-03 9.633716380154911524e-03 9.593854094949224448e-03 9.742020385336285990e-03 9.755275335588637492e-03 9.737043042953114069e-03 9.751811133738989487e-03 9.739782946736183153e-03 9.707401324863007205e-03 9.695297575854348870e-03
9.276686595687448286e-03 0.000000000000000000e+00 9.213442448694363421e-03 9.108131650078116551e-03 9.235757724928550169e-03 9.391345842425740872e-03 9.546172363291952415e-03 9.472148378169863159e-03 9.479553302493705369e-03 9.673646220187454361e-03 9.386755750907384982e-03 9.661058925498133138e-03 9.720169038468610967e-03 9.771300822381442583e-03 9.731484100601497933e-03 9.416535710794374930e-03 9.445784330872215515e-03 9.730905779953911983e-03 9.477128971821451031e-03 9.678166718645063796e-03 9.783607609412450778e-03 9.719168199469911326e-03 9.737911794685156358e-03 9.727897509867281314e-03 9.579215602965211046e-03 9.723121128251523484e-03 9.680842171556682321e-03 9.715493562202704922e-03 9.579502620468497917e-03 9.695493528762623436e-03 9.475402446720258831e-03 9.488132200342072609e-03 9.422924167320812644e-03 9.692708096276625093e-03 9.696942279154944014e-03 9.643624454277223423e-03 9.715303442132729519e-03 9.461797715078316962e-03 9.453880179725409477e-03 9.520342665510866248e-03 9.717808024739817488e-03 9.510518436207197890e-03 9.711300023620535182e-03 9.647301961547716936e-03 9.687037907795084668e-03 9.715459414670966909e-03 9.671145786974720548e-03 9.681506706828834491e-03 9.502724839019569686e-03 9.659264646067054760e-03 9.702443849115009039e-03 9.480812336263496135e-03 9.720274954846735635e-03 9.566958983091339644e-03 9.480575025945080919e-03 9.686466816343245953e-03 9.671461399945931528e-03 9.702042935436847038e-03 9.729633135673093972e-03 9.597900394681821434e-03 9.612121132913816618e-03 9.586342113568234111e-03 9.655435950933415751e-03 9.732542464339709321e-03 9.687671377778020801e-03 9.683429283959644335e-03 9.709376166478414852e-03 9.573081635758018057e-03 9.697549893606254717e-03 9.707492551306711945e-03 9.739358052246438122e-03 9.741264960068071396e-03 9.719757724715725675e-03 9.520703123327711043e-03 9.696866141138854242e-03 9.830043477461712642e-03 9.623608441346959488e-03 9.729776880376139053e-03 9.700094536295394629e-03 9.736281800009785256e-03 9.716162682321321381e-03 9.720778923373916622e-03 9.686937902433618783e-03 9.686164781017244513e-03 9.692981042367963124e-03 9.714659282061648832e-03 9.711223093796109498e-03 9.717052565479004228e-03 9.662837942642756028e-03 9.528171026525717596e-03 9.749611404436137399e-03 9.603289775095717740e-03 9.561568778191186294e-03 9.711611830051826086e-03 9.723344433437954015e-03 9.705482949552129285e-03 9.720024069058417690e-03 9.707355155047350803e-03 9.519145079705413834e-03 9.664071542313941790e-03
9.267932886515086593e-03 9.213442448694363421e-03 0.000000000000000000e+00 9.098776432165606512e-03 9.243054047764723280e-03 9.394675769621637154e-03 9.253786491051557012e-03 9.464888623101517726e-03 9.471214269644888384e-03 9.666020889593533380e-03 9.390099851753744634e-03 9.663985104579391958e-03 9.724130196965420636e-03 9.774692160240428321e-03 9.735509346997574601e-03 9.407107824464456397e-03 9.449726657369750954e-03 9.575292877035105135e-03 9.481005314320521682e-03 9.682284230608347725e-03 9.786842001349346440e-03 9.723253156735094799e-03 9.741456924949482357e-03 9.732259462020881671e-03 9.571988614545352131e-03 9.727944410814761203e-03 9.685309833884585967e-03 9.719582378067460199e-03 9.584175829788425804e-03 9.699640965142154389e-03 9.480679750492640792e-03 9.479168881852675574e-03 9.413108250105418906e-03 9.698518137043404125e-03 9.701432425425260409e-03 9.648910642012170982e-03 9.719950020010571096e-03 9.646793386586249852e-03 9.445126556994599618e-03 9.511546958116210565e-03 9.710596124829763004e-03 9.513617975815891886e-03 9.716046557938777528e-03 9.651553565130534598e-03 9.690324978838057643e-03 9.719635602315004203e-03 9.675019273016035107e-03 9.674956467275312375e-03 9.506125037313468973e-03 9.664309374986291418e-03 9.708314694774065542e-03 9.487180764637826585e-03 9.724846651736725883e-03 9.571388759771681451e-03 9.487402199340057296e-03 9.692338928077462099e-03 9.675946337426815161e-03 9.707737571685639069e-03 9.733821704519442924e-03 9.602423839284772444e-03 9.616647701719129721e-03 9.590862602334163795e-03 9.659910809218796857e-03 9.736922936600271583e-03 9.691547577439379307e-03 9.687932773031536146e-03 9.713872134535301434e-03 9.577516030354319213e-03 9.701985952760713849e-03 9.711961481832597984e-03 9.742708250028162334e-03 9.745588517151787880e-03 9.724147985749531306e-03 9.525367322026028968e-03 9.701211104364771548e-03 9.835239104361504642e-03 9.628239635863507923e-03 9.734098312171680922e-03 9.705609902408674286e-03 9.741889636237545391e-03 9.720505574369965596e-03 9.726259907545166741e-03 9.691496344414737146e-03 9.690698388016928677e-03 9.697453564455272429e-03 9.719082099875434727e-03 9.716031190846413299e-03 9.722306073335039434e-03 9.668389838299054628e-03 9.532812823682583828e-03 9.754183832434018889e-03 9.608099973557125695e-03 9.566193641332118233e-03 9.716101580750324124e-03 9.727765397304598272e-03 9.710971767374159541e-03 9.725306086790765081e-03 9.711784595294562991e-03 9.691809091747939989e-03 9.669793436868216394e-03
9.159264594426883010e-03 9.108131650078116551e-03 9.098776432165606512e-03 0.000000000000000000e+00 9.116442154716217910e-03 9.272334103754071438e-03 9.148410516554126778e-03 9.343965384260344981e-03 9.360530243781349860e-03 9.608758354547384736e-03 9.332638764671670473e-03 9.609986583118939468e-03 9.669350033463038063e-03 9.724050213996516395e-03 9.680692424603653742e-03 9.298344869884780581e-03 9.393423563444922367e-03 9.670285043433713909e-03 9.424747950024554496e-03 9.626699773499747606e-03 9.736077077954754730e-03 9.669525150370464339e-03 9.686256130511113061e-03 9.676380650249356147e-03 9.462569912520776491e-03 9.671815149497586458e-03 9.630225705016867005e-03 9.664752439359269864e-03 9.527200952775809195e-03 9.644533663872528403e-03 9.593978516457124864e-03 9.371598762682394751e-03 9.571206323355761075e-03 9.643748380578014145e-03 9.646495133951736578e-03 9.592843272203039826e-03 9.664943151479183855e-03 9.347109186939097161e-03 9.390993056474592621e-03 9.456085589000727890e-03 9.656838076531074067e-03 9.627482532217266492e-03 9.663269692030252919e-03 9.596728257584402275e-03 9.430663952026629993e-03 9.664718220167118137e-03 9.618739630359599002e-03 9.618255136045824813e-03 9.610815366219075881e-03 9.614043635535654553e-03 9.637448226472415322e-03 9.410564773494304799e-03 9.667509120744542314e-03 9.166325392084785986e-03 9.410716671587226329e-03 9.620650243748933919e-03 9.605426291900077268e-03 9.635443163012772164e-03 9.677445831164142517e-03 9.546168045196952792e-03 9.560599503385084838e-03 9.534700957496519691e-03 9.604233461457967538e-03 9.681837782514184088e-03 9.636483868265811187e-03 9.632424725905905372e-03 9.657959504694229799e-03 9.521399794126628874e-03 9.646500676112286510e-03 9.656713187791239952e-03 9.688009477587484347e-03 9.690292080077782602e-03 9.668836325911988466e-03 9.468193033468443043e-03 9.645103879117610662e-03 9.768700200833504294e-03 9.572202427214911158e-03 9.678886818412044124e-03 9.650308538359074137e-03 9.672363299042467666e-03 9.665055227200396171e-03 9.670514436894770208e-03 9.624171698820630644e-03 9.634213867332245065e-03 9.640492348580267587e-03 9.663472534792270571e-03 9.661015065455122452e-03 9.667366828458999473e-03 9.612682399078486400e-03 9.475885760392668833e-03 9.685206230601666258e-03 9.535752142206015830e-03 9.508403639280555916e-03 9.649133756947161911e-03 9.671370444512212075e-03 9.656097477954816988e-03 9.669859142107420716e-03 9.656242684042068425e-03 9.631472096730759117e-03 9.613480099997928977e-03
9.564115180969182117e-03 9.235757724928550169e-03 9.243054047764723280e-03 9.116442154716217910e-03 0.000000000000000000e+00 9.363679604646167956e-03 9.579301416471007122e-03 9.481666490097327010e-03 9.466886855176864096e-03 9.688264850920197402e-03 9.398565508931797097e-03 9.673595497524422812e-03 9.730270538096604666e-03 9.785032999816627858e-03 9.740938772620680308e-03 9.645207229645902380e-03 9.456149932920732484e-03 9.747309315822233824e-03 9.487352786099016722e-03 9.687101040429418539e-03 9.796918238637888909e-03 9.738200661848528047e-03 9.750644809066795482e-03 9.741328360296921257e-03 9.588525045883580442e-03 9.738224046118073088e-03 9.691441568510801227e-03 9.732709811065977379e-03 9.589165839512216877e-03 9.705129837007163071e-03 9.482386208773533817e-03 9.512587626203663008e-03 9.667636524405994608e-03 9.706811822716638824e-03 9.714749906454557202e-03 9.647965415823205396e-03 9.727015204800754794e-03 9.489243244418316819e-03 9.475634773390063936e-03 9.544281938118633069e-03 9.739000003307064085e-03 9.695308849521352274e-03 9.727202427345635338e-03 9.665528864753494126e-03 9.700575877789260892e-03 9.727555634907864707e-03 9.684011979447661178e-03 9.692101136537822556e-03 9.487182144955778537e-03 9.680171398107735581e-03 9.664684052046200458e-03 9.445623430669852424e-03 9.720401583569678733e-03 9.237118487443036347e-03 9.080273001448308304e-03 9.465672537503206502e-03 9.633700946363473946e-03 9.487726322550724123e-03 9.733002628461814854e-03 9.606738509224124756e-03 9.621231801852328513e-03 9.595623947875425025e-03 9.664522594379573381e-03 9.741751421989571641e-03 9.697158259219374257e-03 9.692746939684627333e-03 9.714075588871835809e-03 9.582355552486760200e-03 9.704745654635821978e-03 9.713462957725361654e-03 9.747915104709400230e-03 9.750124735028209075e-03 9.728899821019300342e-03 9.529149393919704794e-03 9.703582219122645902e-03 9.818009392253950612e-03 9.632865471596811086e-03 9.739168069787314252e-03 9.705289379079086454e-03 9.699957391196927653e-03 9.724348134863440574e-03 9.728101296626471065e-03 9.682512987679841449e-03 9.694697262646092759e-03 9.700146346078143342e-03 9.723461116436678958e-03 9.717486215562363971e-03 9.724515496060150838e-03 9.667363795578181457e-03 9.536788654520690287e-03 9.739785736980574593e-03 9.565374748423529500e-03 9.566979399835938425e-03 9.705702233612174823e-03 9.731275318703921928e-03 9.711575192287021444e-03 9.727548281372540642e-03 9.716577727832940298e-03 9.491760999719567674e-03 9.668221631105125904e-03
9.429799829657040111e-03 9.391345842425740872e-03 9.394675769621637154e-03 9.272334103754071438e-03 9.363679604646167956e-03 0.000000000000000000e+00 9.669572506538709825e-03 9.744229960516727004e-03 9.620395363849322534e-03 9.786589631293713537e-03 9.499239302945002017e-03 9.768725819398445601e-03 9.825530526151267374e-03 9.879194721153944717e-03 9.834119930367462431e-03 9.595976525713135336e-03 9.555402913740863521e-03 9.839226117600990973e-03 9.586641282880553963e-03 9.780146863024481718e-03 9.890698346802513641e-03 9.832939830205627077e-03 9.843804828469884111e-03 9.837782326254287252e-03 9.833559799398710818e-03 9.833070322168249722e-03 9.784238801842171443e-03 9.735142769883237471e-03 9.680327408732208525e-03 9.800937871922413627e-03 9.644932100298332298e-03 9.667789983152926675e-03 9.756156517406721837e-03 9.803310418332955925e-03 9.810302228280309497e-03 9.599125511406035594e-03 9.813389510519548997e-03 9.774496056992336770e-03 9.576416547042073887e-03 9.641121273179214385e-03 9.833952815916778556e-03 9.686532799842080890e-03 9.822809327328867190e-03 9.618609012225252247e-03 9.793869971454000761e-03 9.819724246858065400e-03 9.778004871942186718e-03 9.787929795174041964e-03 9.638569167986287684e-03 9.763178079548790259e-03 9.738838131069172538e-03 9.220843481960465729e-03 9.794422045966677190e-03 9.375035158631941229e-03 9.215159331163643927e-03 9.603861237437956444e-03 9.706980092149746636e-03 9.621673165210771136e-03 9.826743028920064890e-03 9.703279848844798688e-03 9.717859607149633219e-03 9.692747149460492415e-03 9.760469747445968750e-03 9.836565758466659509e-03 9.792585541828591894e-03 9.788507747815849286e-03 9.807912810173015708e-03 9.679429231032545336e-03 9.800242890329017784e-03 9.806280058154245860e-03 9.840214039107682276e-03 9.844952415736492671e-03 9.824161766065951651e-03 9.626594539203250228e-03 9.798282267202682028e-03 9.890163351499199965e-03 9.729559270664111387e-03 9.832808940125141103e-03 9.798388543245389534e-03 9.775617473438372174e-03 9.818793789759500124e-03 9.822373610043391365e-03 9.776287074141763733e-03 9.789992785580816509e-03 9.794990385466884053e-03 9.818610147243606381e-03 9.810845809978013810e-03 9.819010153389458664e-03 9.762409677136221764e-03 9.634017367947611543e-03 9.813117407544629661e-03 9.661195709389790859e-03 9.663207155454824407e-03 9.798785015307781912e-03 9.825951015013087431e-03 9.804949456506756311e-03 9.820712939231176011e-03 9.812114434096887161e-03 9.631124639093846876e-03 9.761620386307618205e-03
9.299469322254828169e-03 9.546172363291952415e-03 9.253786491051557012e-03 9.148410516554126778e-03 9.579301416471007122e-03 9.669572506538709825e-03 0.000000000000000000e+00 9.488706413122756020e-03 9.516684434708162776e-03 9.340085586393544539e-03 9.350944138715204176e-03 9.631077232376708194e-03 9.727368518069122449e-03 9.777165349039957515e-03 9.750818099203280645e-03 9.398018476440412466e-03 9.461884263396400443e-03 9.572305130804169282e-03 9.491936733568274998e-03 9.699597605456732399e-03 9.785492749245944602e-03 9.668310161053487659e-03 9.746605199877909562e-03 9.661588021218176989e-03 9.582447142032648676e-03 9.692631979308164239e-03 9.702499026112641409e-03 9.744738206942965553e-03 9.603332805729674834e-03 9.715444435380363869e-03 9.699666526220028506e-03 9.481163831227809591e-03 9.362452252765707944e-03 9.705356467619987923e-03 9.673713520851253203e-03 9.674308848044821385e-03 9.739349682643861153e-03 9.404790360223853896e-03 8.983626916001708276e-03 9.061830665706552268e-03 9.455401291764283303e-03 9.668218244572139575e-03 9.685461307051968297e-03 9.678952737977695661e-03 9.710020334446589976e-03 9.737132824000155340e-03 9.687754396604649973e-03 9.505539970948592710e-03 9.721655008781854637e-03 9.686211940413023622e-03 9.731204409085245088e-03 9.518064065467318757e-03 9.745723818339971714e-03 9.615201572890488824e-03 9.533709403413298880e-03 9.731927097205810701e-03 9.699704685086796285e-03 9.746642003632873322e-03 9.752376846211198436e-03 9.620477837823826484e-03 9.634990005780661934e-03 9.608440017699284089e-03 9.677713900660345897e-03 9.751789528624462203e-03 9.696543295628329284e-03 9.705484165970888408e-03 9.733610681276368831e-03 9.594717143586057109e-03 9.717496079445726853e-03 9.731328406239725046e-03 9.732707284755193547e-03 9.761261664120578219e-03 9.740696949240970626e-03 9.544557971171397162e-03 9.717608198076292322e-03 9.855680300392502882e-03 9.646939667038677974e-03 9.747783766437567374e-03 9.726668506786894514e-03 9.765799101592496922e-03 9.737599463574012071e-03 9.744777598728130916e-03 9.712612825488570537e-03 9.708895904656632964e-03 9.714518846920183401e-03 9.735875031528085435e-03 9.727703661298261681e-03 9.738827754051639085e-03 9.689062119670802803e-03 9.551841939879932714e-03 9.774412410220485736e-03 9.630436040006387990e-03 9.585442128931110153e-03 9.737114604125575792e-03 9.744529999260880676e-03 9.731868807374921548e-03 9.742550682280531546e-03 9.727591915435367109e-03 9.740408163085549284e-03 9.689460161931394075e-03
9.523170883009754797e-03 9.472148378169863159e-03 9.464888623101517726e-03 9.343965384260344981e-03 9.481666490097327010e-03 9.744229960516727004e-03 9.488706413122756020e-03 0.000000000000000000e+00 9.720070702815943389e-03 9.645676502234339783e-03 9.513340953570315062e-03 9.783813399158047472e-03 9.845883647888374612e-03 9.897037922722154782e-03 9.864174946761977703e-03 9.658199821588038178e-03 9.577704810218322373e-03 9.808753143034773178e-03 9.607056681281681346e-03 9.809635267715423323e-03 9.905290990125797945e-03 9.845570606844067721e-03 9.869319933090118721e-03 9.842823347188233568e-03 9.807852380426463484e-03 9.849274879190966434e-03 9.814554111586890409e-03 9.855023295969468633e-03 9.711354873877477492e-03 9.830528503203692092e-03 9.794867333646971666e-03 9.734027207845353039e-03 9.653457235207022966e-03 9.728579030299397759e-03 9.824820256751310918e-03 9.679002262388341007e-03 9.849426031097030868e-03 9.689294933815213728e-03 9.565534558284554539e-03 9.629028884075779143e-03 9.754902936834944013e-03 9.753650731807174748e-03 9.837808425035789520e-03 9.790441870286610559e-03 9.777946894695268426e-03 9.852319729948332688e-03 9.803815215894089510e-03 9.807582712904286404e-03 9.753311886310744167e-03 9.797189542977851467e-03 9.824206605217938523e-03 9.609487510002323249e-03 9.851551919334289309e-03 9.521064968484366578e-03 9.609393229469785982e-03 9.739160929876726144e-03 9.793533643347826501e-03 9.827021130185546391e-03 9.861727465050927274e-03 9.733835214289505988e-03 9.748496113504818983e-03 9.722690103455992883e-03 9.790689027440239306e-03 9.865221758081261366e-03 9.813241857094924872e-03 9.816540395069255423e-03 9.842092936460062474e-03 9.708614467650873714e-03 9.830942250833746635e-03 9.836890199606511051e-03 9.864987708856846893e-03 9.874679982670648767e-03 9.854208427213056315e-03 9.658405635847230886e-03 9.829439352329355506e-03 9.951139025024202667e-03 9.758026611511615156e-03 9.861802606077016073e-03 9.833419900619887188e-03 9.801998508342599919e-03 9.846284840242873829e-03 9.854292884788473997e-03 9.814478416997136218e-03 9.820434423871539711e-03 9.826939780945840794e-03 9.849330461425470640e-03 9.837099740047948460e-03 9.850604030970058766e-03 9.707175844737783374e-03 9.665625630096584889e-03 9.871773480040198917e-03 9.726256978485357807e-03 9.696441978386028532e-03 9.837166248132954774e-03 9.857004015221673687e-03 9.838878996363280630e-03 9.854171535499722800e-03 9.842274983789115958e-03 9.762661709165360718e-03 9.794450383293145171e-03
9.530428163716712572e-03 9.479553302493705369e-03 9.471214269644888384e-03 9.360530243781349860e-03 9.466886855176864096e-03 9.620395363849322534e-03 9.516684434708162776e-03 9.720070702815943389e-03 0.000000000000000000e+00 9.802744193787953086e-03 9.528378371161059027e-03 9.796882943240716249e-03 9.851769315482145420e-03 9.905196503876119440e-03 9.863784783611783541e-03 9.764034085166489740e-03 9.580734406679938461e-03 9.820241854069098816e-03 9.611824766332112066e-03 9.729479050175940738e-03 9.915004797540398138e-03 9.860177074504527031e-03 9.874290211871323414e-03 9.861506464594136517e-03 9.821764010414683194e-03 9.864187339300119206e-03 9.814314474842602068e-03 9.852052072065397084e-03 9.709326532777298735e-03 9.831012325492310272e-03 9.794957680089309490e-03 9.745497733003111868e-03 9.777515175485879811e-03 9.736823327303488484e-03 9.840809245336019570e-03 9.671841581892274414e-03 9.810149377612561658e-03 9.799161437135505553e-03 9.592336682262210187e-03 9.660160146088499905e-03 9.851795507452840162e-03 9.766838313788363257e-03 9.852253763851910595e-03 9.788132216097845950e-03 9.828457829969978674e-03 9.853933493378921535e-03 9.808423942337126875e-03 9.808734718030164348e-03 9.728940654516644165e-03 9.797890939678907674e-03 9.808006893444859084e-03 9.586965422933907757e-03 9.772620525343783324e-03 9.676256731615900941e-03 9.344564281870073805e-03 9.720188758701051035e-03 9.776272216191065831e-03 9.741987033452512157e-03 9.857356647355793380e-03 9.733861483907918846e-03 9.748581280885690661e-03 9.723222149782471263e-03 9.788288417493799104e-03 9.866237263228872650e-03 9.819991055689685638e-03 9.815418892908834778e-03 9.838741217031798589e-03 9.709289504562668843e-03 9.829816880572271251e-03 9.766860948352598312e-03 9.864969889996053759e-03 9.875285652137702486e-03 9.852947482670501578e-03 9.655868389488361445e-03 9.828968286654360398e-03 9.952555494618429630e-03 9.755064761919850919e-03 9.862355364997571830e-03 9.832221382095860523e-03 9.842760128686843177e-03 9.846367292292493995e-03 9.851818037160798777e-03 9.820795425225958830e-03 9.819817110230447815e-03 9.827388160520115698e-03 9.848070281731138853e-03 9.794020283330328452e-03 9.851026583588374380e-03 9.703532611764513136e-03 9.661399265098914377e-03 9.874049138972306947e-03 9.710722511724030961e-03 9.695783207091832751e-03 9.843250847445453658e-03 9.857285428294896429e-03 9.838669176952020284e-03 9.854304614932314632e-03 9.841382206861960802e-03 9.738335333544387296e-03 9.791598433942004173e-03
9.693523862193851801e-03 9.673646220187454361e-03 9.666020889593533380e-03 9.608758354547384736e-03 9.688264850920197402e-03 9.786589631293713537e-03 9.340085586393544539e-03 9.645676502234339783e-03 9.802744193787953086e-03 0.000000000000000000e+00 8.920588051170848937e-03 9.365882927151339063e-03 9.709460868589382329e-03 9.761323555790487119e-03 9.798615817206885598e-03 9.721445149659301010e-03 9.477400536858983024e-03 9.683843260412099141e-03 9.523652776147585944e-03 9.760954671618072426e-03 9.642404196151376644e-03 9.714532362995091999e-03 9.751909181934817483e-03 9.429559813940960322e-03 9.648120533220304329e-03 9.544466207506048516e-03 9.760187776327053019e-03 9.812324166581900056e-03 9.662451990087923825e-03 9.772838986441930581e-03 9.776429148805903038e-03 9.762043487875373543e-03 9.676699061194405857e-03 9.754298432345535896e-03 9.601945962701080931e-03 9.737907003329052819e-03 9.808339855023514783e-03 9.535439133567674003e-03 9.073906137405069600e-03 9.086609702656404247e-03 9.546417745665464888e-03 9.592962441050404548e-03 9.613658059805917783e-03 9.749567867769424676e-03 9.792097459062931372e-03 9.800177021044062520e-03 9.750241659566309324e-03 9.749097106090724718e-03 9.811515555706459835e-03 9.760037790413511605e-03 9.793736837744353857e-03 9.596633619516166044e-03 9.807713433903257963e-03 9.704284261189631208e-03 9.603799701793936869e-03 9.799206519415612493e-03 9.762932217830306084e-03 9.816631969995666396e-03 9.810332614457212275e-03 9.668699722512930778e-03 9.691327879533978215e-03 9.654703479057454019e-03 9.726513681133868924e-03 9.790963484149978538e-03 9.510847014679050734e-03 9.754329361843193380e-03 9.792943797787910520e-03 9.636405542540143684e-03 9.757371947511476323e-03 9.785218723236972088e-03 9.778491495606228198e-03 9.817076940127117748e-03 9.798290737556539579e-03 9.605207705684230823e-03 9.760724676676466732e-03 9.906568131574535266e-03 9.705534819832620230e-03 9.788466471511643105e-03 9.785147361276350098e-03 9.829519947138348757e-03 9.791509227033156487e-03 9.803026614690246027e-03 9.773313860456534635e-03 9.767613351013127929e-03 9.774914956468561469e-03 9.794799325056819869e-03 9.663794335432686691e-03 9.787862943471316302e-03 9.751222840627378832e-03 9.611363151848805603e-03 9.835568769362595595e-03 9.692627562832144272e-03 9.645807464528354316e-03 9.796961615314778160e-03 9.804339079211956895e-03 9.790204646016164441e-03 9.801561719545324666e-03 9.785681354398074322e-03 9.809005586363415269e-03 9.749979447225170723e-03
9.419856813162198056e-03 9.386755750907384982e-03 9.390099851753744634e-03 9.332638764671670473e-03 9.398565508931797097e-03 9.499239302945002017e-03 9.350944138715204176e-03 9.513340953570315062e-03 9.528378371161059027e-03 8.920588051170848937e-03 0.000000000000000000e+00 8.870540434374013863e-03 9.028487112865562353e-03 9.135254998176849106e-03 9.507275593560952920e-03 9.450003624479291417e-03 9.166473776100903664e-03 9.522875281581869022e-03 9.218872851747498404e-03 9.463458530071857180e-03 9.157712567461317663e-03 9.445686065147512397e-03 9.133346720580000702e-03 8.971205931511651993e-03 9.173962360502614655e-03 9.078739987724909408e-03 9.462409140260615373e-03 9.520589998082073027e-03 9.360709016605303981e-03 9.473248864285254561e-03 9.486417660676789779e-03 9.518850894045059047e-03 9.435067483997363127e-03 9.458815624055266422e-03 9.446685468221485693e-03 9.442037207775911406e-03 9.516433103496438339e-03 9.457628558445939707e-03 9.172879400119814119e-03 8.655413486083897781e-03 9.447484778389365900e-03 9.468791953999262240e-03 9.479648412175124134e-03 9.454724283545341140e-03 9.501739985922170659e-03 9.505730033081334976e-03 9.448546168901455697e-03 9.464443414340429489e-03 9.522559198102671305e-03 9.466466784916213392e-03 9.499804660670928269e-03 9.294180766790895512e-03 9.514219181580761686e-03 9.410085821222992711e-03 9.301729146228886538e-03 9.507233850852326446e-03 9.467816887510293114e-03 9.524988752854924093e-03 9.518048860008707784e-03 9.378632890138441716e-03 9.392824132230182671e-03 9.354856130959324917e-03 9.434340818401261083e-03 9.494619849477112933e-03 9.431037222031805889e-03 9.455343911700032911e-03 9.498908251819381671e-03 9.345357362110912752e-03 9.468223161202150157e-03 9.496440796242254512e-03 9.490369296633849663e-03 9.519485809588902267e-03 9.495873426557154343e-03 9.302275117933810761e-03 9.464585620962912352e-03 9.626195854683489497e-03 9.405540608263686375e-03 9.489426567324387579e-03 9.491746028440961949e-03 9.538811875373563037e-03 9.500034527340044110e-03 9.509816042362125021e-03 9.477606108598098794e-03 9.472803474933991566e-03 9.479738277448874345e-03 9.499758735389494599e-03 9.489756418171339802e-03 9.489074763954174346e-03 9.455448056522394382e-03 9.309737717273362453e-03 9.543867087045500297e-03 9.393651591867589051e-03 9.345016928912520948e-03 9.503291493876441995e-03 9.511110254462683267e-03 9.497150563141208354e-03 9.508483373282305973e-03 9.489601003375114710e-03 9.517886449560773732e-03 9.452624682158142222e-03
9.693767404747507047e-03 9.661058925498133138e-03 9.663985104579391958e-03 9.609986583118939468e-03 9.673595497524422812e-03 9.768725819398445601e-03 9.631077232376708194e-03 9.783813399158047472e-03 9.796882943240716249e-03 9.365882927151339063e-03 8.870540434374013863e-03 0.000000000000000000e+00 9.428414005828958389e-03 9.526780657425759982e-03 9.763704505775098672e-03 9.724583983521157063e-03 8.995587259355985674e-03 9.756009325068575738e-03 9.445854525415093433e-03 9.739820918277890954e-03 9.697790930750490104e-03 9.513420849899778889e-03 9.580219862528806252e-03 9.375969173527337955e-03 9.616486830299338442e-03 9.527492620510386381e-03 9.738113614314909336e-03 9.790292804788510925e-03 9.641553788362228553e-03 9.746910845083910091e-03 9.758883380781079725e-03 9.637522360415245321e-03 9.708258824534913428e-03 9.690242325500156295e-03 9.725301525060099997e-03 9.717593180970166000e-03 9.783082869474310495e-03 9.731293132996728448e-03 9.457542019989767859e-03 9.109671411547795583e-03 9.718661164428720606e-03 9.588432274676589664e-03 9.752053096829312040e-03 9.728847432660205075e-03 9.773602426799157805e-03 9.777520244760213447e-03 9.722776215195625890e-03 9.738308343616025597e-03 9.793214733674282524e-03 9.740507853188463266e-03 9.772042954493185760e-03 9.575338842401963368e-03 9.783488017497177225e-03 9.685146444179882491e-03 9.581905453619856891e-03 9.779560557036232754e-03 9.740231041089312744e-03 9.795410230138402313e-03 9.778207767348771895e-03 9.628382741176678625e-03 9.653021399132249297e-03 9.607869534782854937e-03 9.694026038997390071e-03 9.754865228345092551e-03 9.416097252790411876e-03 9.724423224695270471e-03 9.767379555502674754e-03 9.555755488704090195e-03 9.719722571604179004e-03 9.759534045980912051e-03 9.753403499666609203e-03 9.782169547452774366e-03 9.767909555759003021e-03 9.570118685917110291e-03 9.487843290132465940e-03 9.868504829906052031e-03 9.684092898994221127e-03 9.622825031654380287e-03 9.764388133434052583e-03 9.807760559992773075e-03 9.750182138223930164e-03 9.776896323232550298e-03 9.744796476549123093e-03 9.745219650499492223e-03 9.754088462763601045e-03 9.771166921999261193e-03 9.766284648098639068e-03 9.631391857878130944e-03 9.730692116564791661e-03 9.575389334044882156e-03 9.810596960613975070e-03 9.660954526334105882e-03 9.610871791412803344e-03 9.764834477424972833e-03 9.781590617437878332e-03 9.769459253851756758e-03 9.779206570714533281e-03 9.761687962312463884e-03 9.789709602986857231e-03 9.728081120319111846e-03
9.752621694543064934e-03 9.720169038468610967e-03 9.724130196965420636e-03 9.669350033463038063e-03 9.730270538096604666e-03 9.825530526151267374e-03 9.727368518069122449e-03 9.845883647888374612e-03 9.851769315482145420e-03 9.709460868589382329e-03 9.028487112865562353e-03 9.428414005828958389e-03 0.000000000000000000e+00 9.595800169027304122e-03 9.799863262155443858e-03 9.805622635052741246e-03 9.065638204071585146e-03 9.788724629581618125e-03 9.152471006778078663e-03 9.790832647557444479e-03 9.636978893650416725e-03 9.641599223580777853e-03 9.686036725903573660e-03 9.491859606969618723e-03 9.710929407406022201e-03 9.653305528561922574e-03 9.791866104853989838e-03 9.842976334449981407e-03 9.690729565006789975e-03 9.796326351856440851e-03 9.815947029834300175e-03 9.851186914194039537e-03 9.791300220903470172e-03 9.570933680430278312e-03 9.809564645533857055e-03 9.768321736229899910e-03 9.839280209047653047e-03 9.823313824230210309e-03 9.561863692435836407e-03 9.563481837290412763e-03 9.660568870257183610e-03 9.813455813735860386e-03 9.816845437460168175e-03 9.783985021360366852e-03 9.826145267562898591e-03 9.831010770936400925e-03 9.647446082948743853e-03 9.792107994557326667e-03 9.848009175609155272e-03 9.795476113387074912e-03 9.825890699541853582e-03 9.630421194230886703e-03 9.837610234369320930e-03 9.740137615556799383e-03 9.637225165529558074e-03 9.833290202671601463e-03 9.794872900541260960e-03 9.849500665937326732e-03 9.838245968071044137e-03 9.680251739404992922e-03 9.696497441594873617e-03 9.422040900213757286e-03 9.735980583233374772e-03 9.683835144139327222e-03 9.672567782182723076e-03 9.654355792975896633e-03 9.822279654443225039e-03 9.603982894995021294e-03 9.769769137474449555e-03 9.815148574067383141e-03 9.817838453606781215e-03 9.723566798901897221e-03 9.708410449848743975e-03 9.634848953256211490e-03 9.770669264972242987e-03 9.919261483655987185e-03 9.734480578812770499e-03 9.728128180564274419e-03 9.819676125381445950e-03 9.862705810308613000e-03 9.780553576346580694e-03 9.829034077264479918e-03 9.804289601956513167e-03 9.797516085706255498e-03 9.804846936746191774e-03 9.810596104349221525e-03 9.824539152136924774e-03 9.818970623935781294e-03 9.782745036719123211e-03 9.639425917183285994e-03 9.865325691330932914e-03 9.723871456006050878e-03 9.675369324881661140e-03 9.825098911304402591e-03 9.833987162657374312e-03 9.823243814660353665e-03 9.832317141972494665e-03 9.812743878791272897e-03 9.843459157128517378e-03 9.781820611158700135e-03
9.803253610817783126e-03 9.771300822381442583e-03 9.774692160240428321e-03 9.724050213996516395e-03 9.785032999816627858e-03 9.879194721153944717e-03 9.777165349039957515e-03 9.897037922722154782e-03 9.905196503876119440e-03 9.761323555790487119e-03 9.135254998176849106e-03 9.526780657425759982e-03 9.595800169027304122e-03 0.000000000000000000e+00 9.797423460348689273e-03 9.857764828789814318e-03 9.158781220551996324e-03 9.798880129248033546e-03 9.246200874788388854e-03 9.844727805165445766e-03 9.731115159948721186e-03 9.741318527266279795e-03 9.785574506004188211e-03 9.596833047680147083e-03 9.815005418615701041e-03 9.824255174879040556e-03 9.777588368527424106e-03 9.896492748145307647e-03 9.746305975100786820e-03 9.783159382042159666e-03 9.871219482673120743e-03 9.902459882375164862e-03 9.735491032908613965e-03 9.671226779148870203e-03 9.861332240003524430e-03 9.822574971260969803e-03 9.893129579343344637e-03 9.875596205911352579e-03 9.615531586191491259e-03 9.617342859665211491e-03 9.758651695263836218e-03 9.866203588041733835e-03 9.870271131835120851e-03 9.838642474257464771e-03 9.881386175877865038e-03 9.886187039965087936e-03 9.748857261730851931e-03 9.847175492123253285e-03 9.901503746269248521e-03 9.845789751614278384e-03 9.880396919753509088e-03 9.686370823282497433e-03 9.886637939823148327e-03 9.795196319846407110e-03 9.693276099898942219e-03 9.887736325948410024e-03 9.849246492249642826e-03 9.903301194388860682e-03 9.891099211694504359e-03 9.726335297264293925e-03 9.743408761825280220e-03 9.506508417179015610e-03 9.643104952974202587e-03 9.771932073650150749e-03 9.572315047907052968e-03 9.744075493144939426e-03 9.875517934261687433e-03 9.644228394615747546e-03 9.812400473793034955e-03 9.859440968791717552e-03 9.865931768972947477e-03 9.869918884747010124e-03 9.804436135133530808e-03 9.689822761694969963e-03 9.822301829714078988e-03 9.965058903635512499e-03 9.788957971420901225e-03 9.825414517235829884e-03 9.874571863578752301e-03 9.916749511503062872e-03 9.833003017502445556e-03 9.882356289725509335e-03 9.859472150586499201e-03 9.851559683006272383e-03 9.859484124521556217e-03 9.860542150899339817e-03 9.879051051420194296e-03 9.874541449258705458e-03 9.837876251944287220e-03 9.686759120672416151e-03 9.918463270962270609e-03 9.779017044896655061e-03 9.730040992563365396e-03 9.879207412738906513e-03 9.888295151378088954e-03 9.877505048628117124e-03 9.886899421895916848e-03 9.863754782752681000e-03 9.897534217316433444e-03 9.836636295037450364e-03
9.760090023694281691e-03 9.731484100601497933e-03 9.735509346997574601e-03 9.680692424603653742e-03 9.740938772620680308e-03 9.834119930367462431e-03 9.750818099203280645e-03 9.864174946761977703e-03 9.863784783611783541e-03 9.798615817206885598e-03 9.507275593560952920e-03 9.763704505775098672e-03 9.799863262155443858e-03 9.797423460348689273e-03 0.000000000000000000e+00 9.830162226573038037e-03 9.515828193703943991e-03 9.823977335052920534e-03 9.295934232295027452e-03 9.720034924221718914e-03 9.801180209727861428e-03 9.846749135348682042e-03 9.820751072878993598e-03 9.818545323221371246e-03 9.865560289123080293e-03 9.800213559882699557e-03 9.802100465200023691e-03 9.823662549712024530e-03 9.532830957769368105e-03 9.753138246652392693e-03 9.824460012609422324e-03 9.877814062614481694e-03 9.819599752298674780e-03 9.791482838949426212e-03 9.833372690320456994e-03 9.767748767176433200e-03 9.809020612895900590e-03 9.861789107967170939e-03 9.601665265614726941e-03 9.665998071189566693e-03 9.835270876182616168e-03 9.847105058761709134e-03 9.844976351863547054e-03 9.710496251995730591e-03 9.832074524519469200e-03 9.814840047191577058e-03 9.796196431163275292e-03 9.750539713905617689e-03 9.854570481086007833e-03 9.726598768716525692e-03 9.833074881792878974e-03 9.639397186319148547e-03 9.841018562391459779e-03 9.749493247866813581e-03 9.646276324346851963e-03 9.840727965469718563e-03 9.803045195825501462e-03 9.855807173988689190e-03 9.838512733631650867e-03 9.694521407980381464e-03 9.710790218711875393e-03 9.675916205140210058e-03 9.633262426126935896e-03 9.769063299419334517e-03 9.625355615019197397e-03 9.711081217976407637e-03 9.829103912485813097e-03 9.656298300116746350e-03 9.790474877899713393e-03 9.814145216128236648e-03 9.797246913491311146e-03 9.848300330254040197e-03 9.790522939754176673e-03 9.634553188056111175e-03 9.671396976147179220e-03 9.931344010066523939e-03 9.616111270844844919e-03 9.810981379347830794e-03 9.825885615363962391e-03 9.869701205252408641e-03 9.795221501933421698e-03 9.837382108130982017e-03 9.808257452710897328e-03 9.807630723400469208e-03 9.811838902588682423e-03 9.828633233380484890e-03 9.790556015767237080e-03 9.809922915233391244e-03 9.776590047910599032e-03 9.633050497220413053e-03 9.869585825552792957e-03 9.726198638978144836e-03 9.675258284256428240e-03 9.827433280362949872e-03 9.843502765797783327e-03 9.825034161592811899e-03 9.838811446012053069e-03 9.823042844285555242e-03 9.850013723007507507e-03 9.709636915959130379e-03
9.453834090830882247e-03 9.416535710794374930e-03 9.407107824464456397e-03 9.298344869884780581e-03 9.645207229645902380e-03 9.595976525713135336e-03 9.398018476440412466e-03 9.658199821588038178e-03 9.764034085166489740e-03 9.721445149659301010e-03 9.450003624479291417e-03 9.724583983521157063e-03 9.805622635052741246e-03 9.857764828789814318e-03 9.830162226573038037e-03 0.000000000000000000e+00 9.542496621587320815e-03 9.746976724985203025e-03 9.575278322271014997e-03 9.780475151889284416e-03 9.873994753999399895e-03 9.675463742480605242e-03 9.750484712486262931e-03 9.786850391203152921e-03 9.819980981334892542e-03 9.712314405262469086e-03 9.779701307794945800e-03 9.820732522119277053e-03 9.682399670083363316e-03 9.793746062317318715e-03 9.767461813186202255e-03 9.669680108093459472e-03 9.557849055733454516e-03 9.786873183068046586e-03 9.676747607364000539e-03 9.749973585170062032e-03 9.819033458907958090e-03 9.607509882133033474e-03 9.500819147197823999e-03 9.279389207378972368e-03 9.664110292646698602e-03 9.777153941361362358e-03 9.802613393570832126e-03 9.754839439565732295e-03 9.711494798366247447e-03 9.747810983074292959e-03 9.657543554580339321e-03 9.767062471813527449e-03 9.789362437167301728e-03 9.765398413275802256e-03 9.806281688112667566e-03 9.590094405610351258e-03 9.823672769701495555e-03 9.686829837817873337e-03 9.605508705475912512e-03 9.804478536792332957e-03 9.775032179895441764e-03 9.720349611543237581e-03 9.829301397373348126e-03 9.700041679117449300e-03 9.713785996000303888e-03 9.688158982438738534e-03 9.756404662527251581e-03 9.830879763915091607e-03 9.783993906705847066e-03 9.784205649414578349e-03 9.811406475891426907e-03 9.674469210397208113e-03 9.796047187309708110e-03 9.809701431447492848e-03 9.815596224021699845e-03 9.838211039166069177e-03 9.818744677187006900e-03 9.624578188783769819e-03 9.796145726042853469e-03 9.930388130309724878e-03 9.726270085225547507e-03 9.825557533748457278e-03 9.804301147990990631e-03 9.841247275784297324e-03 9.815794491754879086e-03 9.822688286112438855e-03 9.790221191437709428e-03 9.785110661016702821e-03 9.792201844449318140e-03 9.813487559639615110e-03 9.814021374284607677e-03 9.817234330540542189e-03 9.767883411268524219e-03 9.631791234597609358e-03 9.850780277847718744e-03 9.706809057322077910e-03 9.664829668280538327e-03 9.814507534859000931e-03 9.821989365348938322e-03 9.809300803926298759e-03 9.819358499300226417e-03 9.804011322628173805e-03 9.805351064330624505e-03 9.766933239593185781e-03
