0.000000000000000000e+00 8.230675388880314899e-03 8.230675388879499579e-03 8.230666027160644591e-03 8.230677393361158362e-03 8.230676827320489164e-03 8.230675390089634003e-03 8.230676853979483620e-03 8.230676854123071887e-03 8.230677452526861948e-03 8.230677396348532598e-03 8.230677459374932670e-03 8.230677460225757289e-03 8.230677460221810793e-03 8.230677394294864599e-03 8.230676844430590694e-03 8.230677397627389827e-03 8.230677402153191435e-03 8.230677403986523533e-03 8.230677393231125225e-03 8.230677460238993229e-03 8.230677402297820536e-03 8.230677451296089520e-03 8.230677461439751472e-03 8.230677452337910663e-03 8.230677452359459398e-03 8.230677393230760933e-03 8.230676854184854063e-03 8.230677393230825117e-03 8.230677393231130429e-03 8.230677393230138167e-03 8.230676855157137081e-03 8.230676828550227697e-03 8.230677402154650338e-03 8.230677393374741246e-03 8.230677393231120020e-03 8.230676854181823501e-03 8.230676851736049016e-03 8.230677393769248590e-03 8.230677455645650162e-03 8.230677395501706517e-03 8.230677394293495902e-03 8.230677394294425714e-03 8.230676844308903312e-03 8.230677393210660692e-03 8.230677393231114816e-03 8.230677393230759198e-03 8.230677393230271741e-03 8.230676854258317868e-03 8.230676850549806939e-03 8.230677393228856206e-03 8.230647423502714458e-03 8.230677393372458350e-03 8.230677393216281196e-03 8.230677393107123721e-03 8.230677393228840594e-03 8.230677393248840221e-03 8.230677393229196212e-03 8.230677393397566738e-03 8.230677393427794294e-03 8.230677393260228680e-03 8.230677393264461406e-03 8.230677393398709921e-03 8.230677393256244020e-03 8.230677402189478381e-03 8.230677393231137368e-03 8.230677393538632716e-03 8.230677401505223645e-03 8.230677393255987281e-03 8.230677393374734307e-03 8.230677393397230202e-03 8.230677393255881463e-03 8.230677393233768943e-03 8.230677393592591290e-03 8.230677393566707481e-03 8.230677393417406770e-03 8.230677393231168593e-03 8.230677393231180736e-03 8.230677393231116551e-03 8.230677393248318069e-03 8.230677394626378929e-03 8.230677393540837550e-03 8.230677393231123490e-03 8.230677393518766663e-03 8.230677393230767872e-03 8.230677393233402916e-03 8.230677393231130429e-03 8.230677393230812974e-03 8.230677393231126959e-03 8.230677393615663112e-03 8.230677393392284505e-03 8.230677393404786657e-03 8.230677393628243327e-03 8.230677393397580616e-03 8.230677393394196170e-03 8.230677393231123490e-03 8.230677393230766137e-03 8.230677393230766137e-03 8.230677393227990579e-03 8.230677393230766137e-03
8.230675388880314899e-03 0.000000000000000000e+00 8.230674462501773314e-03 8.230665100784354676e-03 8.230674462646577622e-03 8.230675901232373248e-03 8.230677394297336580e-03 8.230675927601531841e-03 8.230675927745127046e-03 8.230677452382982248e-03 8.230677396203764720e-03 8.230677459230163057e-03 8.230677460080985941e-03 8.230677460077037710e-03 8.230677394150098455e-03 8.230675918053705770e-03 8.230677397482623683e-03 8.230677402009035915e-03 8.230677403841755654e-03 8.230677393086353877e-03 8.230677460094220146e-03 8.230677402153047453e-03 8.230677451151319907e-03 8.230677461294983593e-03 8.230675986910898287e-03 8.230677452214691520e-03 8.230677393085993054e-03 8.230677393089155455e-03 8.230677393086060709e-03 8.230677393086359081e-03 8.230675927312398540e-03 8.230675928779180098e-03 8.230675902175027189e-03 8.230677402009878990e-03 8.230677393229969899e-03 8.230677393086346938e-03 8.230677393086182139e-03 8.230675925358319281e-03 8.230677393644799528e-03 8.230677455508891502e-03 8.230677395357773041e-03 8.230675928687536391e-03 8.230677394149654366e-03 8.230677393086163057e-03 8.230677393064227479e-03 8.230677393086343469e-03 8.230677393085989585e-03 8.230677393086346938e-03 8.230675927881193552e-03 8.230677393086161323e-03 8.230677393374652775e-03 8.230677393381631568e-03 8.230677393518241042e-03 8.230677393366130079e-03 8.230677393388606891e-03 8.230677393373549491e-03 8.230677393394976796e-03 8.230677393373892967e-03 8.230677393252795390e-03 8.230677393283024681e-03 8.230677393115459067e-03 8.230677393119690058e-03 8.230677393253938573e-03 8.230677393111472673e-03 8.230677402044707033e-03 8.230677393086366020e-03 8.230677393393863103e-03 8.230677401360454032e-03 8.230677393111217668e-03 8.230677393229968164e-03 8.230677393252462323e-03 8.230677393111111850e-03 8.230677393089001065e-03 8.230677393447821677e-03 8.230677393421939603e-03 8.230677393563179053e-03 8.230677393086395510e-03 8.230677393086409388e-03 8.230677393086346938e-03 8.230677393394097291e-03 8.230677394481611051e-03 8.230677393396067937e-03 8.230677393086353877e-03 8.230677393373993581e-03 8.230677393085998259e-03 8.230677393088635038e-03 8.230677393086359081e-03 8.230677393086045096e-03 8.230677393086355612e-03 8.230677393470895234e-03 8.230677393538061992e-03 8.230677393260022248e-03 8.230677393483473714e-03 8.230677393252809268e-03 8.230677393249428292e-03 8.230677393086353877e-03 8.230677393085998259e-03 8.230677393085998259e-03 8.230675927911735093e-03 8.230677393085998259e-03
8.230675388879499579e-03 8.230674462501773314e-03 0.000000000000000000e+00 8.230665100781041355e-03 8.230674462646966200e-03 8.230675901232758357e-03 8.230674463712521829e-03 8.230675927600846625e-03 8.230675927744438361e-03 8.230677452382579792e-03 8.230677396204479426e-03 8.230677459230874293e-03 8.230677460081700647e-03 8.230677460077750682e-03 8.230677394150809692e-03 8.230675918053020554e-03 8.230677397483336655e-03 8.230675936728007458e-03 8.230677403842466891e-03 8.230677393087068583e-03 8.230677460094933118e-03 8.230677402153762159e-03 8.230677451152032878e-03 8.230677461295694830e-03 8.230675986910211336e-03 8.230677452215404491e-03 8.230677393086702556e-03 8.230677393089868427e-03 8.230677393086775415e-03 8.230677393087075522e-03 8.230675927312783649e-03 8.230675928778493147e-03 8.230675902174335035e-03 8.230677402010590227e-03 8.230677393230682870e-03 8.230677393087059909e-03 8.230677393086895111e-03 8.230677394269992134e-03 8.230677393625011537e-03 8.230677455501381884e-03 8.230677395357419157e-03 8.230675928687919765e-03 8.230677394150365603e-03 8.230677393086877763e-03 8.230677393064940450e-03 8.230677393087058175e-03 8.230677393086700822e-03 8.230677393085989585e-03 8.230675927881578660e-03 8.230677393086874294e-03 8.230677393375364012e-03 8.230677393382342805e-03 8.230677393518954013e-03 8.230677393366841316e-03 8.230677393389319862e-03 8.230677393374260728e-03 8.230677393395689767e-03 8.230677393374609407e-03 8.230677393253510096e-03 8.230677393283742857e-03 8.230677393116173773e-03 8.230677393120403029e-03 8.230677393254655014e-03 8.230677393112187379e-03 8.230677402045421739e-03 8.230677393087078991e-03 8.230677393394576075e-03 8.230677401361167003e-03 8.230677393111930640e-03 8.230677393230682870e-03 8.230677393253175295e-03 8.230677393111824822e-03 8.230677393089712301e-03 8.230677393448536383e-03 8.230677393422656044e-03 8.230677393563893759e-03 8.230677393087106747e-03 8.230677393087124094e-03 8.230677393087061644e-03 8.230677393394810262e-03 8.230677394482324022e-03 8.230677393396784378e-03 8.230677393087068583e-03 8.230677393374708287e-03 8.230677393086709495e-03 8.230677393089348010e-03 8.230677393087075522e-03 8.230677393086758067e-03 8.230677393087070318e-03 8.230677393471606471e-03 8.230677393538778433e-03 8.230677393260733485e-03 8.230677393484188420e-03 8.230677393253525709e-03 8.230677393250141263e-03 8.230677393087068583e-03 8.230677393086711230e-03 8.230677393086711230e-03 8.230677393373179995e-03 8.230677393086711230e-03
8.230666027160644591e-03 8.230665100784354676e-03 8.230665100781041355e-03 0.000000000000000000e+00 8.230665100926685268e-03 8.230666539509746971e-03 8.230665101997429456e-03 8.230666565875559282e-03 8.230666566022474748e-03 8.230677452371893896e-03 8.230677396196078160e-03 8.230677459222474762e-03 8.230677460073302851e-03 8.230677460069358090e-03 8.230677394142410161e-03 8.230666556333339837e-03 8.230677397474938858e-03 8.230677401995713238e-03 8.230677403834069095e-03 8.230677393078669052e-03 8.230677460086542260e-03 8.230677402145347016e-03 8.230677451143621204e-03 8.230677461287290095e-03 8.230666625189250393e-03 8.230677452206984143e-03 8.230677393078306495e-03 8.230677393080589391e-03 8.230677393078374149e-03 8.230677393078675991e-03 8.230677393069268585e-03 8.230666567056520860e-03 8.230677394276434897e-03 8.230677402002192430e-03 8.230677393222265992e-03 8.230677393078620480e-03 8.230677393077655973e-03 8.230666563637986308e-03 8.230677393614643095e-03 8.230677455490801805e-03 8.230677395346724587e-03 8.230677394135979541e-03 8.230677394141964337e-03 8.230677393077596993e-03 8.230666566063731676e-03 8.230677393078644766e-03 8.230677393078289147e-03 8.230677393075310627e-03 8.230677393212209800e-03 8.230677393077645565e-03 8.230677393363616465e-03 8.230677393362546140e-03 8.230677393510551013e-03 8.230665101078228976e-03 8.230677393368086847e-03 8.230677393360190386e-03 8.230677393383921403e-03 8.230677393360521718e-03 8.230677393245110565e-03 8.230677393275338122e-03 8.230677393107774242e-03 8.230677393112005233e-03 8.230677393246255483e-03 8.230677393103789583e-03 8.230677402037022208e-03 8.230677393078682930e-03 8.230677393386176544e-03 8.230677401352769207e-03 8.230677393103532843e-03 8.230677393222281604e-03 8.230677393244777498e-03 8.230677393103428760e-03 8.230677393081312770e-03 8.230677393440135117e-03 8.230677393414256512e-03 8.230677393552146212e-03 8.230677393078712420e-03 8.230677393078722828e-03 8.230677393078662113e-03 8.230677393383059245e-03 8.230677394473922756e-03 8.230677393388383112e-03 8.230677393075319301e-03 8.230677393366310490e-03 8.230677393078313434e-03 8.230677393080948478e-03 8.230677393078675991e-03 8.230677393078356802e-03 8.230677393078670787e-03 8.230677393463208674e-03 8.230677393527025681e-03 8.230677393248628584e-03 8.230677393475788889e-03 8.230677393241774692e-03 8.230677393241739997e-03 8.230677393078669052e-03 8.230677393078313434e-03 8.230677393078313434e-03 8.230677393360176508e-03 8.230677393078313434e-03
8.230677393361158362e-03 8.230674462646577622e-03 8.230674462646966200e-03 8.230665100926685268e-03 0.000000000000000000e+00 8.230675901081138321e-03 8.230677394449360806e-03 8.230675927745517359e-03 8.230675927595097752e-03 8.230677452534630040e-03 8.230677396355409042e-03 8.230677459381807379e-03 8.230677460232628528e-03 8.230677460228688971e-03 8.230677394301742777e-03 8.230677393358518112e-03 8.230677397634266271e-03 8.230677402160690645e-03 8.230677403993394772e-03 8.230677393237996464e-03 8.230677460245871407e-03 8.230677402304700449e-03 8.230677451302965963e-03 8.230677461446627916e-03 8.230675987055714737e-03 8.230677452366337576e-03 8.230677393237633907e-03 8.230677393241028761e-03 8.230677393237701561e-03 8.230677393238005138e-03 8.230675927457218460e-03 8.230675928924234205e-03 8.230677394444772463e-03 8.230677402161528516e-03 8.230677393381622894e-03 8.230677393237987791e-03 8.230677393238051975e-03 8.230675925503378593e-03 8.230677393796813346e-03 8.230677455660721439e-03 8.230677395509429506e-03 8.230677394299921318e-03 8.230677394301303892e-03 8.230677393238036363e-03 8.230677393215871801e-03 8.230677393237992995e-03 8.230677393237633907e-03 8.230677393237991260e-03 8.230675927731167726e-03 8.230677393238038098e-03 8.230677393230129493e-03 8.230677393088864022e-03 8.230677393669878425e-03 8.230674462634699970e-03 8.230646497259850800e-03 8.230675926606138837e-03 8.230677393250096160e-03 8.230675927451115703e-03 8.230677393404441447e-03 8.230677393434667269e-03 8.230677393267103389e-03 8.230677393271332645e-03 8.230677393405588099e-03 8.230677393263118730e-03 8.230677402196351355e-03 8.230677393238010342e-03 8.230677393545503956e-03 8.230677401512098354e-03 8.230677393262860256e-03 8.230677393381610751e-03 8.230677393404106645e-03 8.230677393262754438e-03 8.230677393240640183e-03 8.230677393599465999e-03 8.230677393573582190e-03 8.230677393713749582e-03 8.230677393238038098e-03 8.230677393238051975e-03 8.230677393237991260e-03 8.230677393249589621e-03 8.230677394633253638e-03 8.230677393547712259e-03 8.230677393236927875e-03 8.230677393525641372e-03 8.230677393237640846e-03 8.230677393240275891e-03 8.230677393238003403e-03 8.230677393237687683e-03 8.230677393237999934e-03 8.230677393622537821e-03 8.230677393688632520e-03 8.230677393107996287e-03 8.230677393635118036e-03 8.230677393403385000e-03 8.230677393401070879e-03 8.230677393237996464e-03 8.230677393237639111e-03 8.230677393237640846e-03 8.230675927761476815e-03 8.230677393237640846e-03
8.230676827320489164e-03 8.230675901232373248e-03 8.230675901232758357e-03 8.230666539509746971e-03 8.230675901081138321e-03 0.000000000000000000e+00 8.230677394585888748e-03 8.230677393350779511e-03 8.230677366188406466e-03 8.230677452668451813e-03 8.230677396489227346e-03 8.230677459515625682e-03 8.230677460366452036e-03 8.230677460362507275e-03 8.230677394435561081e-03 8.230677356784689078e-03 8.230677397768086309e-03 8.230677402294861097e-03 8.230677404127216545e-03 8.230677393371813033e-03 8.230677460379691446e-03 8.230677402438522222e-03 8.230677451436786002e-03 8.230677461580449689e-03 8.230677452479899514e-03 8.230677452500157615e-03 8.230677393371452211e-03 8.230677366536929759e-03 8.230677393371511191e-03 8.230677393371823442e-03 8.230677366041003543e-03 8.230677367510512085e-03 8.230677394579190981e-03 8.230677402295346820e-03 8.230677393515441198e-03 8.230677339696495370e-03 8.230677393371773135e-03 8.230677394559241661e-03 8.230677393930678487e-03 8.230677455794515457e-03 8.230677395643253014e-03 8.230677367415801388e-03 8.230677394435123931e-03 8.230677356660979008e-03 8.230677393352280047e-03 8.230677393371809564e-03 8.230677393371453945e-03 8.230677393371806094e-03 8.230677366321888233e-03 8.230677393371757522e-03 8.230677393083273008e-03 8.230647935414897240e-03 8.230677393515654569e-03 8.230675900932200167e-03 8.230647935411294219e-03 8.230677364908563914e-03 8.230677393102901404e-03 8.230677365753545985e-03 8.230677393538258016e-03 8.230677393568487307e-03 8.230677393400923428e-03 8.230677393405154418e-03 8.230677393539404668e-03 8.230677393396938768e-03 8.230677402330173129e-03 8.230677393371828646e-03 8.230677393679323994e-03 8.230677401645916658e-03 8.230677393396682029e-03 8.230677393515430790e-03 8.230677393537924949e-03 8.230677393396577946e-03 8.230677393374458486e-03 8.230677393733284303e-03 8.230677393707400494e-03 8.230677393559883079e-03 8.230677393371856401e-03 8.230677393371872014e-03 8.230677393371806094e-03 8.230677393102753953e-03 8.230677394767073676e-03 8.230677393681530563e-03 8.230677393371094858e-03 8.230677393659459676e-03 8.230677393371459150e-03 8.230677393374095929e-03 8.230677393371821707e-03 8.230677393371507722e-03 8.230677393371818237e-03 8.230677393756354390e-03 8.230677393534759079e-03 8.230677393249197574e-03 8.230677393768938074e-03 8.230677393537551984e-03 8.230677393534889183e-03 8.230677393371813033e-03 8.230677393371459150e-03 8.230677393371459150e-03 8.230677366063908831e-03 8.230677393371459150e-03
8.230675390089634003e-03 8.230677394297336580e-03 8.230674463712521829e-03 8.230665101997429456e-03 8.230677394449360806e-03 8.230677394585888748e-03 0.000000000000000000e+00 8.230675928811846676e-03 8.230675928955511270e-03 8.230675787539666957e-03 8.230677394231264432e-03 8.230677460165109621e-03 8.230677461313796670e-03 8.230677461309848439e-03 8.230677395383747055e-03 8.230675918967820040e-03 8.230677398716268814e-03 8.230675937936870329e-03 8.230677405075383438e-03 8.230677394320004212e-03 8.230677461326968425e-03 8.230677400944689387e-03 8.230677452384132370e-03 8.230677460084424163e-03 8.230675988120375250e-03 8.230677451300605005e-03 8.230677394319639920e-03 8.230677394322809259e-03 8.230677394319707574e-03 8.230677394320011150e-03 8.230677394319638185e-03 8.230675927842732997e-03 8.230675900941864312e-03 8.230677403243524121e-03 8.230677394168401523e-03 8.230677394320000742e-03 8.230677394319829004e-03 8.230675924126594489e-03 8.230595927470349057e-03 8.230646555013907545e-03 8.230675927507851569e-03 8.230677393236103881e-03 8.230677393236410927e-03 8.230677394319820331e-03 8.230677394297874344e-03 8.230677394319995538e-03 8.230677394319636450e-03 8.230675927678524073e-03 8.230677394463415536e-03 8.230677394319811657e-03 8.230677394608301375e-03 8.230677394615417211e-03 8.230677394751887907e-03 8.230677394601221969e-03 8.230677394630635940e-03 8.230677394608277089e-03 8.230677394628623661e-03 8.230677394608622299e-03 8.230677394486445725e-03 8.230677394516673281e-03 8.230677394349111137e-03 8.230677394353340393e-03 8.230677394487587173e-03 8.230677394345124742e-03 8.230677403278289714e-03 8.230677394320016355e-03 8.230677394627509968e-03 8.230677402594106101e-03 8.230677394344868003e-03 8.230677394463618499e-03 8.230677394190958132e-03 8.230677394344760450e-03 8.230677394322646195e-03 8.230677394681472012e-03 8.230677394655589937e-03 8.230677394796831123e-03 8.230677394320044110e-03 8.230677394320059723e-03 8.230677394319995538e-03 8.230677394627745891e-03 8.230677395715259650e-03 8.230677394629718271e-03 8.230677394320004212e-03 8.230677394607643915e-03 8.230677394319646858e-03 8.230677394322281903e-03 8.230677394319950435e-03 8.230677394319691961e-03 8.230677394320007681e-03 8.230677394704542099e-03 8.230677394771710592e-03 8.230677394493667379e-03 8.230677394717122314e-03 8.230677394486461337e-03 8.230677394483075157e-03 8.230677394320002477e-03 8.230677394319646858e-03 8.230677394319646858e-03 8.230677394608264946e-03 8.230677394319646858e-03
8.230676853979483620e-03 8.230675927601531841e-03 8.230675927600846625e-03 8.230666565875559282e-03 8.230675927745517359e-03 8.230677393350779511e-03 8.230675928811846676e-03 0.000000000000000000e+00 8.230677392844901186e-03 8.230677253873762769e-03 8.230677396181846489e-03 8.230677459227701484e-03 8.230677460078555593e-03 8.230677460074616036e-03 8.230677394147673312e-03 8.230677383153132964e-03 8.230677397479842922e-03 8.230677401824973080e-03 8.230677403839177855e-03 8.230677393083932203e-03 8.230677460091786329e-03 8.230677402150632718e-03 8.230677451148893028e-03 8.230677461292537633e-03 8.230677452010493750e-03 8.230677452212252498e-03 8.230677393083567911e-03 8.230677393086869090e-03 8.230677393083626892e-03 8.230677393083939142e-03 8.230677393082495852e-03 8.230677393878964646e-03 8.230677367271796788e-03 8.230677391953213420e-03 8.230677393227541286e-03 8.230677366065593248e-03 8.230677393083888835e-03 8.230677390457727394e-03 8.230677393619519402e-03 8.230677455497598452e-03 8.230677393837607103e-03 8.230677393784895796e-03 8.230677394147220549e-03 8.230677393083880161e-03 8.230677392874608325e-03 8.230677393083925264e-03 8.230677393083567911e-03 8.230677393083208823e-03 8.230677392979047352e-03 8.230677393083873222e-03 8.230677393371512926e-03 8.230677393371585784e-03 8.230677393515817633e-03 8.230675927891777099e-03 8.230677393378791826e-03 8.230677391853772132e-03 8.230677393391819599e-03 8.230677393371124348e-03 8.230677393250373716e-03 8.230677393280603008e-03 8.230677393113037393e-03 8.230677393117263180e-03 8.230677393251516899e-03 8.230677393109052734e-03 8.230677402042266277e-03 8.230677393083946081e-03 8.230677393391436225e-03 8.230677401358030623e-03 8.230677393108794260e-03 8.230677393227543021e-03 8.230677393250037180e-03 8.230677393108688442e-03 8.230677393086575921e-03 8.230677393445396534e-03 8.230677393419517929e-03 8.230677393560044408e-03 8.230677393083973836e-03 8.230677393083985979e-03 8.230677393083926999e-03 8.230677393143606690e-03 8.230677394479185907e-03 8.230677393393644528e-03 8.230677393083215762e-03 8.230677393371571907e-03 8.230677393083574850e-03 8.230677393086211630e-03 8.230677393083925264e-03 8.230677393083623422e-03 8.230677383030134131e-03 8.230677393468470091e-03 8.230677393534923877e-03 8.230677393256528515e-03 8.230677393481052040e-03 8.230677393249674623e-03 8.230677393247003149e-03 8.230677393083932203e-03 8.230677393083574850e-03 8.230677393083574850e-03 8.230677393009103171e-03 8.230677393083574850e-03
8.230676854123071887e-03 8.230675927745127046e-03 8.230675927744438361e-03 8.230666566022474748e-03 8.230675927595097752e-03 8.230677366188406466e-03 8.230675928955511270e-03 8.230677392844901186e-03 0.000000000000000000e+00 8.230677452523392501e-03 8.230677396344931313e-03 8.230677459371331384e-03 8.230677460222152533e-03 8.230677460218211242e-03 8.230677394291266782e-03 8.230677393350586957e-03 8.230677397623432923e-03 8.230677401968575224e-03 8.230677403982788673e-03 8.230677389414629494e-03 8.230677460235395412e-03 8.230677402294226189e-03 8.230677451292493438e-03 8.230677461436148451e-03 8.230677452154102833e-03 8.230677452355859847e-03 8.230677393227157912e-03 8.230677393230460825e-03 8.230677393227215158e-03 8.230677393227529143e-03 8.230677393226087588e-03 8.230677394022552912e-03 8.230677394434188915e-03 8.230677392096801687e-03 8.230677393371143430e-03 8.230677366209183249e-03 8.230677393046588811e-03 8.230677394414296841e-03 8.230677393766185068e-03 8.230677455642381943e-03 8.230677395498242274e-03 8.230677393928499674e-03 8.230677394290831367e-03 8.230677393227468427e-03 8.230677393208030851e-03 8.230677393227515265e-03 8.230677393227157912e-03 8.230677393226798824e-03 8.230677392834730502e-03 8.230677393227464958e-03 8.230677393227891700e-03 8.230677393091060182e-03 8.230677392142393689e-03 8.230677393215214341e-03 8.230647962363869807e-03 8.230677391710157845e-03 8.230677393247875714e-03 8.230677392555134711e-03 8.230677393393965452e-03 8.230677393424194743e-03 8.230677393256629129e-03 8.230677393260858385e-03 8.230677393395108635e-03 8.230677393252642735e-03 8.230677402185877095e-03 8.230677393227536082e-03 8.230677393535027961e-03 8.230677401501622359e-03 8.230677393252387730e-03 8.230677392698755937e-03 8.230677393393628916e-03 8.230677393252280177e-03 8.230677393230167657e-03 8.230677393588983065e-03 8.230677393563104460e-03 8.230677393704345646e-03 8.230677393227560368e-03 8.230677393227575980e-03 8.230677393227515265e-03 8.230677393247353563e-03 8.230677394622774173e-03 8.230677393537234529e-03 8.230677393227520469e-03 8.230677393515165377e-03 8.230677393227164851e-03 8.230677393229803365e-03 8.230677393037691414e-03 8.230677393227215158e-03 8.230677383173725867e-03 8.230677393612056622e-03 8.230677393679223380e-03 8.230677393106112377e-03 8.230677393624642041e-03 8.230677393393977595e-03 8.230677393390594884e-03 8.230677393227520469e-03 8.230677393227163116e-03 8.230677393227163116e-03 8.230677392864777647e-03 8.230677393227163116e-03
8.230677452526861948e-03 8.230677452382982248e-03 8.230677452382579792e-03 8.230677452371893896e-03 8.230677452534630040e-03 8.230677452668451813e-03 8.230675787539666957e-03 8.230677253873762769e-03 8.230677452523392501e-03 0.000000000000000000e+00 8.230086140495211991e-03 8.230676664567570383e-03 8.230677403201320033e-03 8.230677403199979092e-03 8.230677453423328876e-03 8.230677452233299898e-03 8.230677456726426255e-03 8.230677262956948362e-03 8.230677463111346626e-03 8.230677452359608584e-03 8.230677204825554566e-03 8.230677459006381994e-03 8.230677394274301187e-03 8.230677130701394631e-03 8.230677197032586906e-03 8.230677194390821627e-03 8.230677452359246027e-03 8.230677452362640881e-03 8.230677452359313681e-03 8.230677452359612054e-03 8.230677452360312882e-03 8.230677451313036033e-03 8.230677451147510454e-03 8.230677461283121554e-03 8.230677253707406257e-03 8.230677452359606849e-03 8.230677452359662361e-03 8.230677249209649923e-03 8.230597252495142069e-03 8.230647761005651514e-03 8.230677252549068942e-03 8.230677252787515358e-03 8.230677252943243219e-03 8.230677452359651952e-03 8.230677452379082590e-03 8.230677452359601645e-03 8.230677452359244292e-03 8.230677452358834897e-03 8.230677452504314012e-03 8.230677452359651952e-03 8.230677452647905748e-03 8.230677452657889082e-03 8.230677452791495749e-03 8.230677452685061790e-03 8.230677452670242047e-03 8.230677452647879727e-03 8.230677452668228034e-03 8.230677452648228407e-03 8.230677452526046628e-03 8.230677452556130202e-03 8.230677452388712040e-03 8.230677452392788640e-03 8.230677452527165525e-03 8.230677452384701359e-03 8.230677064679144464e-03 8.230677452359601645e-03 8.230677452667114341e-03 8.230677460633325365e-03 8.230677452384444620e-03 8.230677452503198585e-03 8.230677452235910657e-03 8.230677452384366558e-03 8.230677452362248833e-03 8.230677452721076384e-03 8.230677452695045124e-03 8.230677452836416413e-03 8.230677452359648483e-03 8.230677452359511440e-03 8.230677452359601645e-03 8.230677452667350263e-03 8.230677453754860554e-03 8.230677452669324379e-03 8.230677452359606849e-03 8.230677452647250023e-03 8.230677452359251231e-03 8.230677452361888011e-03 8.230677254025401887e-03 8.230677452359171434e-03 8.230677452359610319e-03 8.230677452744146472e-03 8.230677452811318434e-03 8.230677452533271751e-03 8.230677452756726686e-03 8.230677452526062240e-03 8.230677452522676060e-03 8.230677452359606849e-03 8.230677452359251231e-03 8.230677452359251231e-03 8.230677452647867584e-03 8.230677452359251231e-03
8.230677396348532598e-03 8.230677396203764720e-03 8.230677396204479426e-03 8.230677396196078160e-03 8.230677396355409042e-03 8.230677396489227346e-03 8.230677394231264432e-03 8.230677396181846489e-03 8.230677396344931313e-03 8.230086140495211991e-03 0.000000000000000000e+00 8.230085806549311545e-03 8.230086322875975260e-03 8.230086349532411000e-03 8.230677397244055837e-03 8.230677393165200528e-03 8.230677400490663681e-03 8.230677405084620840e-03 8.230677406924617745e-03 8.230677396180378913e-03 8.230086349697480347e-03 8.230677402011882596e-03 8.230086340790136734e-03 8.230086274768507598e-03 8.230086341851192491e-03 8.230086341338664971e-03 8.230677396179955640e-03 8.230677396183373046e-03 8.230677396180082275e-03 8.230677396180319932e-03 8.230677396181045047e-03 8.230677397211578344e-03 8.230677394209719167e-03 8.230677405094078553e-03 8.230677393125133620e-03 8.230677396180384117e-03 8.230677396180436159e-03 8.230677394202200875e-03 8.230677393138197823e-03 8.230056908355700904e-03 8.230677395243054043e-03 8.230677397164628054e-03 8.230677397216921293e-03 8.230677396180432689e-03 8.230677396199809551e-03 8.230677396180332075e-03 8.230677396177367433e-03 8.230677396180330341e-03 8.230677396325093015e-03 8.230677396180427485e-03 8.230677396468683016e-03 8.230677396478664615e-03 8.230677396612271282e-03 8.230677396505839058e-03 8.230677396491015846e-03 8.230677396468658730e-03 8.230677396489007036e-03 8.230677396469005674e-03 8.230677396346827365e-03 8.230677396377056657e-03 8.230677396209489308e-03 8.230677396211050559e-03 8.230677396347953201e-03 8.230677396195675705e-03 8.230677405066135627e-03 8.230677396177736929e-03 8.230677396487895078e-03 8.230677404454475599e-03 8.230677396198073092e-03 8.230677396324000139e-03 8.230677393167106989e-03 8.230677396202503576e-03 8.230677396180375444e-03 8.230677396541853652e-03 8.230677396462892509e-03 8.230677396657212763e-03 8.230677396180422281e-03 8.230677396124680412e-03 8.230677396180377178e-03 8.230677396488129266e-03 8.230677397575641291e-03 8.230677396490099912e-03 8.230677396180385852e-03 8.230677396468027290e-03 8.230677396180030234e-03 8.230677396182667013e-03 8.230677396160889295e-03 8.230677396126970247e-03 8.230677396180389321e-03 8.230677396564923740e-03 8.230677396632092233e-03 8.230677396354047284e-03 8.230677396577503954e-03 8.230677396346841243e-03 8.230677396343456798e-03 8.230677396180385852e-03 8.230677396180028499e-03 8.230677396179976457e-03 8.230677396468648321e-03 8.230677396180028499e-03
8.230677459374932670e-03 8.230677459230163057e-03 8.230677459230874293e-03 8.230677459222474762e-03 8.230677459381807379e-03 8.230677459515625682e-03 8.230677460165109621e-03 8.230677459227701484e-03 8.230677459371331384e-03 8.230676664567570383e-03 8.230085806549311545e-03 0.000000000000000000e+00 8.230676828319500801e-03 8.230676854979437213e-03 8.230677460270065596e-03 8.230677459079597733e-03 8.230459458212336862e-03 8.230677452392065260e-03 8.230677451328737015e-03 8.230677459206780719e-03 8.230677394292434251e-03 8.230676911792654538e-03 8.230676861969770872e-03 8.230676783113555911e-03 8.230676863056897788e-03 8.230676862544741498e-03 8.230677459206416427e-03 8.230677459209818220e-03 8.230677459206487551e-03 8.230677459206787658e-03 8.230677459207488486e-03 8.230676921109498709e-03 8.230677460124130249e-03 8.230677452391496271e-03 8.230677459058937176e-03 8.230677459206780719e-03 8.230677459206806740e-03 8.230677460143248636e-03 8.230677459079153643e-03 8.230647429558923811e-03 8.230677461186308372e-03 8.230676920974908453e-03 8.230677460270023962e-03 8.230677459206827556e-03 8.230677459226254725e-03 8.230677459206775515e-03 8.230677459206416427e-03 8.230677459206773780e-03 8.230677459351493086e-03 8.230677459206820618e-03 8.230677459495083087e-03 8.230677459505062951e-03 8.230677459638669619e-03 8.230677459532235660e-03 8.230677459517414182e-03 8.230677459495057066e-03 8.230677459515403638e-03 8.230677459495409215e-03 8.230677459373194477e-03 8.230677459403088966e-03 8.230677459235766213e-03 8.230677459239730057e-03 8.230677459374290822e-03 8.230677459231816248e-03 8.230676714990918172e-03 8.230677459206761637e-03 8.230677459514289945e-03 8.230677451350748922e-03 8.230677459231526549e-03 8.230677459350367250e-03 8.230677459081382763e-03 8.230677459231490120e-03 8.230677459209420968e-03 8.230677459567251053e-03 8.230676722120666353e-03 8.230677459683503547e-03 8.230677459206820618e-03 8.230676920091696547e-03 8.230677459206777249e-03 8.230677459514525868e-03 8.230677460601566048e-03 8.230677459516494779e-03 8.230677459206751229e-03 8.230677459494427362e-03 8.230677459206425101e-03 8.230677459209061880e-03 8.230677459206751229e-03 8.230676920091264601e-03 8.230677459206782454e-03 8.230677459590322875e-03 8.230677459658492304e-03 8.230677459380369293e-03 8.230677459603515447e-03 8.230677459373208354e-03 8.230677459369858603e-03 8.230677459206782454e-03 8.230677459206425101e-03 8.230677459206425101e-03 8.230677459495044923e-03 8.230677459206425101e-03
8.230677460225757289e-03 8.230677460080985941e-03 8.230677460081700647e-03 8.230677460073302851e-03 8.230677460232628528e-03 8.230677460366452036e-03 8.230677461313796670e-03 8.230677460078555593e-03 8.230677460222152533e-03 8.230677403201320033e-03 8.230086322875975260e-03 8.230676828319500801e-03 0.000000000000000000e+00 8.230677366040221182e-03 8.230677458993146053e-03 8.230677460221070066e-03 8.230459966324356336e-03 8.230677451133226741e-03 8.230597421672387198e-03 8.230677460057605338e-03 8.230677366177101273e-03 8.230677425225974703e-03 8.230677375145496744e-03 8.230677294469634919e-03 8.230677374104862151e-03 8.230677375720524616e-03 8.230677460057242781e-03 8.230677460060641104e-03 8.230677460057310435e-03 8.230677460057612277e-03 8.230677460058311370e-03 8.230677461141797102e-03 8.230677461265706665e-03 8.230677414417908455e-03 8.230677460200393897e-03 8.230677460057605338e-03 8.230677460057664319e-03 8.230677461284750460e-03 8.230677460614579943e-03 8.230677403453335456e-03 8.230677432022595261e-03 8.230677461121551144e-03 8.230677461120904093e-03 8.230677460057653910e-03 8.230677460077079344e-03 8.230677460057598399e-03 8.230677429584000795e-03 8.230677460057596664e-03 8.230677460202319440e-03 8.230677460057648706e-03 8.230677460345905971e-03 8.230677460355885836e-03 8.230677460489492503e-03 8.230677460383060279e-03 8.230677460368240536e-03 8.230677460345881685e-03 8.230677460366228257e-03 8.230677460346230365e-03 8.230677460224048586e-03 8.230677460246308558e-03 8.230677460080411748e-03 8.230673450202268676e-03 8.230677460219727390e-03 8.230677432744658295e-03 8.230677451152417987e-03 8.230677429584373761e-03 8.230677460365116299e-03 8.230677452208000691e-03 8.230677460077112303e-03 8.230677460201221360e-03 8.230677460217552047e-03 8.230677433211375238e-03 8.230677433189302616e-03 8.230677460419074873e-03 8.230677460387596581e-03 8.230677460529103179e-03 8.230677460057648706e-03 8.230677433216303587e-03 8.230677460057598399e-03 8.230677460365350487e-03 8.230677459323649039e-03 8.230677460367322867e-03 8.230677460057601869e-03 8.230677460345248511e-03 8.230677460057251454e-03 8.230677460054595593e-03 8.230677460057607073e-03 8.230677460057183800e-03 8.230677460057608807e-03 8.230677460442146695e-03 8.230677460509315188e-03 8.230677460231273709e-03 8.230677460454725175e-03 8.230677460224064199e-03 8.230677460220678018e-03 8.230677460057605338e-03 8.230677460057249720e-03 8.230677460057249720e-03 8.230677460345869542e-03 8.230677460057249720e-03
8.230677460221810793e-03 8.230677460077037710e-03 8.230677460077750682e-03 8.230677460069358090e-03 8.230677460228688971e-03 8.230677460362507275e-03 8.230677461309848439e-03 8.230677460074616036e-03 8.230677460218211242e-03 8.230677403199979092e-03 8.230086349532411000e-03 8.230676854979437213e-03 8.230677366040221182e-03 0.000000000000000000e+00 8.230677458799677548e-03 8.230677460217128774e-03 8.230459992973917366e-03 8.230677450949300950e-03 8.230597448327081275e-03 8.230677460053664046e-03 8.230677392837407180e-03 8.230677451883321172e-03 8.230677401804492935e-03 8.230677321129958174e-03 8.230677400764224369e-03 8.230677403051986363e-03 8.230677458536287544e-03 8.230677460056701547e-03 8.230677460053370878e-03 8.230677459381257471e-03 8.230677460054371813e-03 8.230677461137859280e-03 8.230677434242937227e-03 8.230677441075614012e-03 8.230677460196452605e-03 8.230677460053664046e-03 8.230677460053719557e-03 8.230677461280809168e-03 8.230677460610286503e-03 8.230677403451881757e-03 8.230677458679336311e-03 8.230677461117611587e-03 8.230677461116962801e-03 8.230677460053709149e-03 8.230677460073138052e-03 8.230677460053658842e-03 8.230677456240382758e-03 8.230677460053657107e-03 8.230677460198376413e-03 8.230677460053707414e-03 8.230677460341962945e-03 8.230677460351944544e-03 8.230677460485537333e-03 8.230677460379120722e-03 8.230677460364300979e-03 8.230677460341936924e-03 8.230677460362285230e-03 8.230677460342289073e-03 8.230677460220105560e-03 8.230677460242240631e-03 8.230677460076423618e-03 8.230673476858367879e-03 8.230677261729740790e-03 8.230677459401035054e-03 8.230677252655483819e-03 8.230677456240731438e-03 8.230677460361171538e-03 8.230677452204300526e-03 8.230677460073162338e-03 8.230677460197250578e-03 8.230677460213612490e-03 8.230677460073092949e-03 8.230677459845694988e-03 8.230677460415131846e-03 8.230677460383674371e-03 8.230677460525165356e-03 8.230677460053705680e-03 8.230677459872676877e-03 8.230677460053658842e-03 8.230677460361407460e-03 8.230677459320058162e-03 8.230677460363381576e-03 8.230677460053664046e-03 8.230677460341308954e-03 8.230677460053311897e-03 8.230677460050657770e-03 8.230677460053665781e-03 8.230677460053239039e-03 8.230677460053665781e-03 8.230677460437223550e-03 8.230677460505373896e-03 8.230677460227332418e-03 8.230677460450785618e-03 8.230677460220122907e-03 8.230677460216738461e-03 8.230677460053664046e-03 8.230677460053310163e-03 8.230677460053298020e-03 8.230677460341926516e-03 8.230677460053310163e-03
8.230677394294864599e-03 8.230677394150098455e-03 8.230677394150809692e-03 8.230677394142410161e-03 8.230677394301742777e-03 8.230677394435561081e-03 8.230677395383747055e-03 8.230677394147673312e-03 8.230677394291266782e-03 8.230677453423328876e-03 8.230677397244055837e-03 8.230677460270065596e-03 8.230677458993146053e-03 8.230677458799677548e-03 0.000000000000000000e+00 8.230677394291011778e-03 8.230677393496962924e-03 8.230677400913178135e-03 8.230597401182546471e-03 8.230677390484922654e-03 8.230677458930451412e-03 8.230677403193021116e-03 8.230677452179360407e-03 8.230677460206533083e-03 8.230677451139496031e-03 8.230677452754457668e-03 8.230677394126355295e-03 8.230677394120027024e-03 8.230675928839558883e-03 8.230677393626149516e-03 8.230677394127423885e-03 8.230677395211024108e-03 8.230677395335650112e-03 8.230677400922268086e-03 8.230677394270339078e-03 8.230677394125996207e-03 8.230677394116966972e-03 8.230677395354700845e-03 8.230677394685574633e-03 8.230677456549461909e-03 8.230677394270684288e-03 8.230677395190786824e-03 8.230677395190023546e-03 8.230677384244076272e-03 8.230677394145478887e-03 8.230677394116984319e-03 8.230677394126355295e-03 8.230677392781545615e-03 8.230677394271426750e-03 8.230677390484979900e-03 8.230677394415015016e-03 8.230677394424994880e-03 8.230677394558591140e-03 8.230677394452171058e-03 8.230677394437353050e-03 8.230677394414990730e-03 8.230677394435337302e-03 8.230677394415341144e-03 8.230677394293147223e-03 8.230677394323100693e-03 8.230677394155699877e-03 8.230677394159620353e-03 8.230677195980088540e-03 8.230677393650546667e-03 8.230677202632107753e-03 8.230677390484910511e-03 8.230677394434225344e-03 8.230677402399301859e-03 8.230677394151541745e-03 8.230677394270290506e-03 8.230677394258607144e-03 8.230677394151463683e-03 8.230677394095857122e-03 8.230677394487200330e-03 8.230677196146700056e-03 8.230677394603518743e-03 8.230677195813152630e-03 8.230677394117679943e-03 8.230677394126709179e-03 8.230677394434461266e-03 8.230677393393538710e-03 8.230677394436430178e-03 8.230677394126702240e-03 8.230677394414362760e-03 8.230677394126348356e-03 8.230677394128981667e-03 8.230677394107989778e-03 8.230677394117228915e-03 8.230677394125991003e-03 8.230677394509288564e-03 8.230677394578425968e-03 8.230677394300323774e-03 8.230677394523468193e-03 8.230677394293162835e-03 8.230677394289790533e-03 8.230677394126702240e-03 8.230677394126348356e-03 8.230677394126348356e-03 8.230677394414980322e-03 8.230677384244379849e-03
8.230676844430590694e-03 8.230675918053705770e-03 8.230675918053020554e-03 8.230666556333339837e-03 8.230677393358518112e-03 8.230677356784689078e-03 8.230675918967820040e-03 8.230677383153132964e-03 8.230677393350586957e-03 8.230677452233299898e-03 8.230677393165200528e-03 8.230677459079597733e-03 8.230677460221070066e-03 8.230677460217128774e-03 8.230677394291011778e-03 0.000000000000000000e+00 8.230677397623486699e-03 8.230677392276114848e-03 8.230677403982648160e-03 8.230677393227268934e-03 8.230677460234307741e-03 8.230677390796671544e-03 8.230677441415061232e-03 8.230677461146676879e-03 8.230677452334559177e-03 8.230677441990125534e-03 8.230677393226904642e-03 8.230677393230207556e-03 8.230677393226972297e-03 8.230677393227274138e-03 8.230677393226538616e-03 8.230677384330767343e-03 8.230677357434761088e-03 8.230677402150797517e-03 8.230677383029015234e-03 8.230677393227267200e-03 8.230677393227227301e-03 8.230677380621515687e-03 8.230677393086131832e-03 8.230648011891907728e-03 8.230677384000710181e-03 8.230677394289884208e-03 8.230677394290553811e-03 8.230677393227215158e-03 8.230677383325725807e-03 8.230677383354218640e-03 8.230677379721808296e-03 8.230677393226540350e-03 8.230677393370444336e-03 8.230677393227213423e-03 8.230677393515566098e-03 8.230677393522676730e-03 8.230677393659150895e-03 8.230677393511093981e-03 8.230677393537767089e-03 8.230677393515540077e-03 8.230677393535888384e-03 8.230677383151304566e-03 8.230677393393708713e-03 8.230677393423938004e-03 8.230677393256374125e-03 8.230677393260601646e-03 8.230677393394855365e-03 8.230677393252387730e-03 8.230677402185622091e-03 8.230677393227279343e-03 8.230677393534772956e-03 8.230677401501369089e-03 8.230677393252132726e-03 8.230677393370878017e-03 8.230677393105362977e-03 8.230677393252023438e-03 8.230677393229910918e-03 8.230677393588735000e-03 8.230677393562849456e-03 8.230677393704095846e-03 8.230677393227308833e-03 8.230677393227320976e-03 8.230677393227261995e-03 8.230677393535008879e-03 8.230677394622520904e-03 8.230677393536979525e-03 8.230677393227267200e-03 8.230677393514910373e-03 8.230677393226913316e-03 8.230677393229546626e-03 8.230677393227274138e-03 8.230677393226958419e-03 8.230677393227270669e-03 8.230677393611808557e-03 8.230677393678975315e-03 8.230677393400932101e-03 8.230677393624387037e-03 8.230677393393724325e-03 8.230677393390338145e-03 8.230677393227268934e-03 8.230677393226913316e-03 8.230677393226913316e-03 8.230677393514811493e-03 8.230677393226913316e-03
