0.000000000000000000e+00 9.237052626459671401e-03 9.227230478137586275e-03 9.195382250365523660e-03 9.619403943236199545e-03 9.322182481739205856e-03 9.288978446330749955e-03 9.354941283979040234e-03 9.366869631799669763e-03 9.752526785320497077e-03 9.771492665118753154e-03 9.796467521714686752e-03 9.792959603152174425e-03 9.784514306088738789e-03 9.691900268730417947e-03 9.317611116496801738e-03 9.807370052981861236e-03 9.644896236886614516e-03 9.774076376051217541e-03 9.672501481334958018e-03 9.792239050850408411e-03 9.714462008899513168e-03 9.696053207393804871e-03 9.833709057371372783e-03 9.647028631732805157e-03 9.708804907316395325e-03 9.659621043687102726e-03 9.464425764672939820e-03 9.681514947455609199e-03 9.672671053944280339e-03 9.595545719416655184e-03 9.361375523722147152e-03 9.354259478928577537e-03 9.715417266957957973e-03 9.653982182372809751e-03 9.652232891215705574e-03 9.469564131106018162e-03 9.394643146663368347e-03 9.707321434013989336e-03 9.756158304390636846e-03 9.698379473610541437e-03 9.616027900309152832e-03 9.660179116541297087e-03 9.390045112974528679e-03 9.613460099090934130e-03 9.635223957196565117e-03 9.662904027477138558e-03 9.645252083746275532e-03 9.399723971913803364e-03 9.403693872971652726e-03 9.694002945154277934e-03 9.287790857164605549e-03 9.708518100272806733e-03 9.680279098014093336e-03 9.700650970378326202e-03 9.654095143850498911e-03 9.714053741306977879e-03 9.667600506056821599e-03 9.763009627747169794e-03 9.810675220151634374e-03 9.772428704099528352e-03 9.785154146086678245e-03 9.760588039199840152e-03 9.754924454365340378e-03 9.814902813015351571e-03 9.690536979245142901e-03 9.763354885377741738e-03 9.826856667341283061e-03 9.781204563577479763e-03 9.700264306386102361e-03 9.717563357649765948e-03 9.732488045852961261e-03 9.693187501850979854e-03 9.790302693865094580e-03 9.844802826280609626e-03 9.811448260701927451e-03 9.686298859106190137e-03 9.676031196024283479e-03 9.659434414234136304e-03 9.697393025335693945e-03 9.841211964310933938e-03 9.762203773257364936e-03 9.674097360074306734e-03 9.711921455356365557e-03 9.672610000646396020e-03 9.684343752390045870e-03 9.658983762910937007e-03 9.654378087718363741e-03 9.667892696725582588e-03 9.809762906939302821e-03 9.752021986293643585e-03 9.751266307784042797e-03 9.799467251009509258e-03 9.741434001592857994e-03 9.703337240572464106e-03 9.657773026835196964e-03 9.654504672706575724e-03 9.668579584155619772e-03 9.623415475116204806e-03 9.668375753520358842e-03
9.237052626459671401e-03 0.000000000000000000e+00 9.187869135177263030e-03 9.164171456377982750e-03 9.230101139436517124e-03 9.302086192403514336e-03 9.632663744102480663e-03 9.321246377138884404e-03 9.332824073792005473e-03 9.757386871127024519e-03 9.759108749380568729e-03 9.781479906007466141e-03 9.779079890948593964e-03 9.771514886073712908e-03 9.687457944669401744e-03 9.309317886295237834e-03 9.793685381773119952e-03 9.646427278753895787e-03 9.759711075525196247e-03 9.665169609065061770e-03 9.780938614704417014e-03 9.705245523341402697e-03 9.683365043085347124e-03 9.820803960612934161e-03 9.439909914839670832e-03 9.692166913554633306e-03 9.647741156854605302e-03 9.623210258365284125e-03 9.680203852761810890e-03 9.663991634939915129e-03 9.336791226825956122e-03 9.327706672182497008e-03 9.350066701095848670e-03 9.701383572362429208e-03 9.643206878128489715e-03 9.640321003537108413e-03 9.635351354665583692e-03 9.364250350699898987e-03 9.715467998832954047e-03 9.768303473051860586e-03 9.703408548042948001e-03 9.380984452506882856e-03 9.648357225309135698e-03 9.618805505243809700e-03 9.602373489652470465e-03 9.627523734282689150e-03 9.649830248188768014e-03 9.648334950282276209e-03 9.359547780138267534e-03 9.622711234386722642e-03 9.710335773725486952e-03 9.694139459696715644e-03 9.724682282786403786e-03 9.681694105728869473e-03 9.698542074124910303e-03 9.651581929169178453e-03 9.734006673599278694e-03 9.670388627855467517e-03 9.753406185364511122e-03 9.798372845160467290e-03 9.759815450339975190e-03 9.771943350144267695e-03 9.747890168853140178e-03 9.742380067843441072e-03 9.802363860918327648e-03 9.678532970955913001e-03 9.753134096048656984e-03 9.813874051801608350e-03 9.768461918597452429e-03 9.688867125498580590e-03 9.711252074665313941e-03 9.719938398867847620e-03 9.680696348533041756e-03 9.778416919436136445e-03 9.833294837348524955e-03 9.826776467452722971e-03 9.674030246008338829e-03 9.667074528964668401e-03 9.644467828431889378e-03 9.709452393093289183e-03 9.829235861341167196e-03 9.749192027288102608e-03 9.664693147406498708e-03 9.699755852278162116e-03 9.661802789899906485e-03 9.672290445531455533e-03 9.649057243768317110e-03 9.640678365069897671e-03 9.652970794230946935e-03 9.797926901537761316e-03 9.769024057449660764e-03 9.742521272592837706e-03 9.788569976859564162e-03 9.732162762040369106e-03 9.691696262675459153e-03 9.645748594666915532e-03 9.642254365375090702e-03 9.655932708147877894e-03 9.400140870499607698e-03 9.658544094209339792e-03
9.227230478137586275e-03 9.187869135177263030e-03 0.000000000000000000e+00 9.154037513553420560e-03 9.247934710360202273e-03 9.311881719485944064e-03 9.269934436472598155e-03 9.313756184360923521e-03 9.322922633862204891e-03 9.748708827011225153e-03 9.765943211750317821e-03 9.787876435197169142e-03 9.787068675929233921e-03 9.777963426723261520e-03 9.695334458052932286e-03 9.297284859422218564e-03 9.800578774027377676e-03 9.442643985462411890e-03 9.766494082273693630e-03 9.673246244156963672e-03 9.787157743446357749e-03 9.715004063168669254e-03 9.690221494171634767e-03 9.831092439143082617e-03 9.431852373235977832e-03 9.703327465153895742e-03 9.657037745569061610e-03 9.632040787282015321e-03 9.689664562976742224e-03 9.672173771305600173e-03 9.350207677371508846e-03 9.316483333701362085e-03 9.337672391208983597e-03 9.713076164290443404e-03 9.652976152615795613e-03 9.651514942967754154e-03 9.645430677537958006e-03 9.612622315273411031e-03 9.706315864491169704e-03 9.758825468197335554e-03 9.694691841951893693e-03 9.389967984335303303e-03 9.659334550610174097e-03 9.627957662051227564e-03 9.609213684663506574e-03 9.636239786033718585e-03 9.657281118868786540e-03 9.639740128352102325e-03 9.368793364764892162e-03 9.633968831824629708e-03 9.723415991000666087e-03 9.707741118603086319e-03 9.734331674955191277e-03 9.691531621196222690e-03 9.713074589230728806e-03 9.664977427595054793e-03 9.743070214030339835e-03 9.683334184208429798e-03 9.761730247621957374e-03 9.807285271203322607e-03 9.768784015224964493e-03 9.780799509544770703e-03 9.756846824938155555e-03 9.751334472954535301e-03 9.809998855420781413e-03 9.687768507667414430e-03 9.762456209342258023e-03 9.822420981562361014e-03 9.777501718169497036e-03 9.698179269990616150e-03 9.718392831934123330e-03 9.728817379122435549e-03 9.689726812625762756e-03 9.787564980102050199e-03 9.841984510759573326e-03 9.838099640547787877e-03 9.683524140113239365e-03 9.676080283000595278e-03 9.656785804369693443e-03 9.722033685129059105e-03 9.837962430271234016e-03 9.761043873357270681e-03 9.674296572607774328e-03 9.709167965353190932e-03 9.671127451724825796e-03 9.681457447711460870e-03 9.659416915347898702e-03 9.652233721520180054e-03 9.665127894679685291e-03 9.807017563387117678e-03 9.778677456128134771e-03 9.752456344254832599e-03 9.797735274741687858e-03 9.741544120964402975e-03 9.700929967027652895e-03 9.658000168574478947e-03 9.653879974315000834e-03 9.665162380446335605e-03 9.634648118317379328e-03 9.671174851044737550e-03
9.195382250365523660e-03 9.164171456377982750e-03 9.154037513553420560e-03 0.000000000000000000e+00 9.185879007999143975e-03 9.258353208243474963e-03 9.242049441159248466e-03 9.261887564463177486e-03 9.287552712743181449e-03 9.764108543818792590e-03 9.784071645071654166e-03 9.809041510640192571e-03 9.805390075959789439e-03 9.804271119434949597e-03 9.714304053706386555e-03 9.263311711591913633e-03 9.820505310559848877e-03 9.660170764324328696e-03 9.786171421483566557e-03 9.691487833367101387e-03 9.812854195543839128e-03 9.735547430415212797e-03 9.708522325897689723e-03 9.847033922265798281e-03 9.395894599268667796e-03 9.719580714213462910e-03 9.676201841925113553e-03 9.652863485542818867e-03 9.705934238227967997e-03 9.691218605759738952e-03 9.592634606355020938e-03 9.287353240025077866e-03 9.639451245022429698e-03 9.731880749917128440e-03 9.671600436928617234e-03 9.670056608530189571e-03 9.665425697121466514e-03 9.326549348439459527e-03 9.730513626505846864e-03 9.778614793684468551e-03 9.716932712781930007e-03 9.636446168668362164e-03 9.682674600863236392e-03 9.649887275502169043e-03 9.378190707890966121e-03 9.655698257054820891e-03 9.674062236549266919e-03 9.656080465400302543e-03 9.602084191367279975e-03 9.664735124287181928e-03 9.715005762832204170e-03 9.694555163714967463e-03 9.747593880583564976e-03 9.284284495783258484e-03 9.700516257742217499e-03 9.656789254466561362e-03 9.737292939670329217e-03 9.673728209174578194e-03 9.776204039929035916e-03 9.823767808919147554e-03 9.785812314306238657e-03 9.798052404193896905e-03 9.774178391245650147e-03 9.768762093674020208e-03 9.828038949953699782e-03 9.705681523529933671e-03 9.778269338386158527e-03 9.839731760271754404e-03 9.794273444644854831e-03 9.716352788379021069e-03 9.737077435294172467e-03 9.745520640544156482e-03 9.707212962875737261e-03 9.803265643028259355e-03 9.857062652742935860e-03 9.835571526436244841e-03 9.701182322910039887e-03 9.693923971715466895e-03 9.674860310383878725e-03 9.715827146167444264e-03 9.853912410420639575e-03 9.776521066788151221e-03 9.673205279389135783e-03 9.723802388181112394e-03 9.684866337571481493e-03 9.698181955561482534e-03 9.678621037385809825e-03 9.670857288389960935e-03 9.683201437610797213e-03 9.823067963283920942e-03 9.772496387603883325e-03 9.743630589281553761e-03 9.811484797796620957e-03 9.740730532645314535e-03 9.715152630532176287e-03 9.677282358193241285e-03 9.671194793469299958e-03 9.682434029215524277e-03 9.645346212755525825e-03 9.687226012246056769e-03
9.619403943236199545e-03 9.230101139436517124e-03 9.247934710360202273e-03 9.185879007999143975e-03 0.000000000000000000e+00 9.265474194610495359e-03 9.696722466208501992e-03 9.347167251440536770e-03 9.320363658300346438e-03 9.787578828188541955e-03 9.780258157538915947e-03 9.806199468189839147e-03 9.798392641670867001e-03 9.798717464480001527e-03 9.704485991242050788e-03 9.630457024927183834e-03 9.811862160841547734e-03 9.680050714218631225e-03 9.777718258791178937e-03 9.679937349915136366e-03 9.806648387451034204e-03 9.744582973493674458e-03 9.708809913792077265e-03 9.848204657965244080e-03 9.464037214413599519e-03 9.723655328670352538e-03 9.667724941887627724e-03 9.654267922954068437e-03 9.696580874696818231e-03 9.681517749150200802e-03 9.353123139583349732e-03 9.381477820047542937e-03 9.693828708946541917e-03 9.729327465503635058e-03 9.679657446943235391e-03 9.644058423771426428e-03 9.651583377289139204e-03 9.424060966746871520e-03 9.758206351983426952e-03 9.814879990178985991e-03 9.748747421995730342e-03 9.641530995370177493e-03 9.681590534271663703e-03 9.651081083705883093e-03 9.630120071719058469e-03 9.650863292551952258e-03 9.674833406984792092e-03 9.668303985965680247e-03 9.338892675015674980e-03 9.659859748894531264e-03 9.648896322927513411e-03 9.640372257357428254e-03 9.720182144845200892e-03 9.257328272594532448e-03 9.209466149586930869e-03 9.347348240934028052e-03 9.674918780712282382e-03 9.374328673877023108e-03 9.754823441309594043e-03 9.812200673472914678e-03 9.774621348209708294e-03 9.787233180300976623e-03 9.762948010840674304e-03 9.758479051859662856e-03 9.819063666046668609e-03 9.694704326341950160e-03 9.757662031013084741e-03 9.828993192043295607e-03 9.778915149447522936e-03 9.696000603466124051e-03 9.725013338907377222e-03 9.735010799908929563e-03 9.696449442286142820e-03 9.790516921772702413e-03 9.843325897289116264e-03 9.802346136200347851e-03 9.689354777993991127e-03 9.683871852134585262e-03 9.650759947082589510e-03 9.650166191902068841e-03 9.841778463572072033e-03 9.759127849637932312e-03 9.656689393913956559e-03 9.713261388811421371e-03 9.672344997330922095e-03 9.686815992401761125e-03 9.657234088152989032e-03 9.652660882304061815e-03 9.656383337142382742e-03 9.810554864764514313e-03 9.749888700649833248e-03 9.684492202667144625e-03 9.794662458734120988e-03 9.721000424837165921e-03 9.703961879286973624e-03 9.654783945672431103e-03 9.654255652565269658e-03 9.672059378038673494e-03 9.357264121422242606e-03 9.660692604778713458e-03
9.322182481739205856e-03 9.302086192403514336e-03 9.311881719485944064e-03 9.258353208243474963e-03 9.265474194610495359e-03 0.000000000000000000e+00 9.707148566329563619e-03 9.585254463084625851e-03 9.388035941886075514e-03 9.815927602129546209e-03 9.804392717974542981e-03 9.826640723744346773e-03 9.821263836358878202e-03 9.820570060140768054e-03 9.722013223761302725e-03 9.434989946996466884e-03 9.834380084124794141e-03 9.694580821845502627e-03 9.801635845498493649e-03 9.695234559790953666e-03 9.827932803378416904e-03 9.765960612712711042e-03 9.726629002058673201e-03 9.873758737629195412e-03 9.679333920644957873e-03 9.744843207334635132e-03 9.682637767011278290e-03 9.530415842359744871e-03 9.705889577831843668e-03 9.703835387355601652e-03 9.439683780013577094e-03 9.454867068555335499e-03 9.701183177727758233e-03 9.754580586751505564e-03 9.702193648606399073e-03 9.456381372189577583e-03 9.655330921999258353e-03 9.693582780798687057e-03 9.783734259853935772e-03 9.835355474817049012e-03 9.770852814122509000e-03 9.502154249569523536e-03 9.703787570196509976e-03 9.459569172199457088e-03 9.645166239487617393e-03 9.665035496466274981e-03 9.692680637920034897e-03 9.690682423323195016e-03 9.402704689299375834e-03 9.655247838625154178e-03 9.638907993982356870e-03 9.259732260647609084e-03 9.711825094999829502e-03 9.308624424483441170e-03 9.254719325362018370e-03 9.399081471492461495e-03 9.663420955759253680e-03 9.415807074499724094e-03 9.772925033190433056e-03 9.832884189929981533e-03 9.796052702695729267e-03 9.809204742308607131e-03 9.784464669430528033e-03 9.779866548330211004e-03 9.840762525411749992e-03 9.716478528321675218e-03 9.775693243342072417e-03 9.850471120909453857e-03 9.800355613237467928e-03 9.711695999431797094e-03 9.740718776858101058e-03 9.756450767064465610e-03 9.718287887639572020e-03 9.810779294172398621e-03 9.863184111578741572e-03 9.791079905406892964e-03 9.711367439119088577e-03 9.702390922624939962e-03 9.665977003718764088e-03 9.643819542877520370e-03 9.861715088535095985e-03 9.778462171750991819e-03 9.673313378712803529e-03 9.734099429751157800e-03 9.692303568691825605e-03 9.708049003463675372e-03 9.673916254644213120e-03 9.672259935107240664e-03 9.675583189389606181e-03 9.830637456958168929e-03 9.740485299221288487e-03 9.701878339319408226e-03 9.813612426523477331e-03 9.736588736923471044e-03 9.724288546708162451e-03 9.670496362418498637e-03 9.670279923009788767e-03 9.694101773978131692e-03 9.410822616568221069e-03 9.676047109615433170e-03
9.288978446330749955e-03 9.632663744102480663e-03 9.269934436472598155e-03 9.242049441159248466e-03 9.696722466208501992e-03 9.707148566329563619e-03 0.000000000000000000e+00 9.358327340502414077e-03 9.413884802971013432e-03 9.321724385162323892e-03 9.712310228559622657e-03 9.741909405945034517e-03 9.789318184972757575e-03 9.778706248114579086e-03 9.721075428144454814e-03 9.292221999901787918e-03 9.817044080998142686e-03 9.437714486552508178e-03 9.780445798123083706e-03 9.704495402961929931e-03 9.783195762166196213e-03 9.636351463373047863e-03 9.696642516733085249e-03 9.730039574853665760e-03 9.448244586204876047e-03 9.653791709222637324e-03 9.687404283175705261e-03 9.682152449248056583e-03 9.724032716837860413e-03 9.698722273425521706e-03 9.663944718387499494e-03 9.338661293577119049e-03 9.271456553300822662e-03 9.718991428540558683e-03 9.609000689301927522e-03 9.701754540954812128e-03 9.683417279506216502e-03 9.289774310319673378e-03 9.153187475177734095e-03 9.208553411231199665e-03 9.344897928168982223e-03 9.602508131120682938e-03 9.614937730503640700e-03 9.683052251868544402e-03 9.645689786745742164e-03 9.668384363069571288e-03 9.675963015467916109e-03 9.422538173196612701e-03 9.685748644453109901e-03 9.677976457001698229e-03 9.767826228085351239e-03 9.766158220817730898e-03 9.775143437755243539e-03 9.771189428591769283e-03 9.796643352249031003e-03 9.741148480634431381e-03 9.789124138788336468e-03 9.758045455778529415e-03 9.795920874168783862e-03 9.838147469458369959e-03 9.800422669912685694e-03 9.810022571069309735e-03 9.787500839805262851e-03 9.775758014721781797e-03 9.816847002158610169e-03 9.718317779355693450e-03 9.799826627221503231e-03 9.850718148326706447e-03 9.803784804409954728e-03 9.734968134531788581e-03 9.712177100347127098e-03 9.755275598027652456e-03 9.718290761755928389e-03 9.821004357794474102e-03 9.870524064544245260e-03 9.877118335662465540e-03 9.716928659350906883e-03 9.698636032206987140e-03 9.698201901948651227e-03 9.769684780503069127e-03 9.867578600850851825e-03 9.795017686286400585e-03 9.714737185167977504e-03 9.741809504335645006e-03 9.701585383136403229e-03 9.710920603758497680e-03 9.683223597525296086e-03 9.682682451789954153e-03 9.705721919699950365e-03 9.839981362924975911e-03 9.816866673047611180e-03 9.794069036489563840e-03 9.831840029346531826e-03 9.781628483698647653e-03 9.730652113393271560e-03 9.698888717565324127e-03 9.685324786898980368e-03 9.692024548322469499e-03 9.725348587856902025e-03 9.708781418903404681e-03
9.354941283979040234e-03 9.321246377138884404e-03 9.313756184360923521e-03 9.261887564463177486e-03 9.347167251440536770e-03 9.585254463084625851e-03 9.358327340502414077e-03 0.000000000000000000e+00 9.436061857264867528e-03 9.513365290718462514e-03 9.733837752155607287e-03 9.757267372837467520e-03 9.759520031094655323e-03 9.752375447736646996e-03 9.683365875557981353e-03 9.415447603806040289e-03 9.777061171745963022e-03 9.531607735789171879e-03 9.739625974491884774e-03 9.655810950014741267e-03 9.755389201832356111e-03 9.685637900722148322e-03 9.675796206211392109e-03 9.781314664922059407e-03 9.522089883850674147e-03 9.675666786248164966e-03 9.644259138932763376e-03 9.632386048758349514e-03 9.669447242009323457e-03 9.664171410426527012e-03 9.585739013964160796e-03 9.442263665856593172e-03 9.436093436630255821e-03 9.534470278220661538e-03 9.626195182048626758e-03 9.480744725151601243e-03 9.630293985142536831e-03 9.443572661736945525e-03 9.666256048123598663e-03 9.715578205817034310e-03 9.529316020482687943e-03 9.492961101432918769e-03 9.629099569696101396e-03 9.633986339207816982e-03 9.517177942754521947e-03 9.631891083871097631e-03 9.641309060994069854e-03 9.632601309481346116e-03 9.484560142220264597e-03 9.625976338448088629e-03 9.685787994559680661e-03 9.676656506890505757e-03 9.716702064998960012e-03 9.432681076826586811e-03 9.681243377636794198e-03 9.508320550554871450e-03 9.710010811608842454e-03 9.649221567883850548e-03 9.747786766790502225e-03 9.797439337747234495e-03 9.760515224278745738e-03 9.771124740884951435e-03 9.747531794944985090e-03 9.738611794700658894e-03 9.784304543208393809e-03 9.673633643927606607e-03 9.748320861113319094e-03 9.811077813990369545e-03 9.765003663058463568e-03 9.675688343579923190e-03 9.691416564363682096e-03 9.718617246863535397e-03 9.680680009236110675e-03 9.777793735911330039e-03 9.829060357085573491e-03 9.804875363010358974e-03 9.670118990075603216e-03 9.660946540679933234e-03 9.639447616152752724e-03 9.582809470886867118e-03 9.820019537294820758e-03 9.746594818550446959e-03 9.653108254179452313e-03 9.697424606715916717e-03 9.658615386377281467e-03 9.672561662600488025e-03 9.628270967207901848e-03 9.637638118206918666e-03 9.503057578343108297e-03 9.797166311991767004e-03 9.747438908937122379e-03 9.718788235816448740e-03 9.783110165532314662e-03 9.717261911033081914e-03 9.689669912605461399e-03 9.641348893360443886e-03 9.639967796032941974e-03 9.656482241643336503e-03 9.512563003240654194e-03 9.645728705573324707e-03
9.366869631799669763e-03 9.332824073792005473e-03 9.322922633862204891e-03 9.287552712743181449e-03 9.320363658300346438e-03 9.388035941886075514e-03 9.413884802971013432e-03 9.436061857264867528e-03 0.000000000000000000e+00 9.745069438454503907e-03 9.755020015598310501e-03 9.777204861193544705e-03 9.766876916067611381e-03 9.765142588235929677e-03 9.673358995919104086e-03 9.591285238863364593e-03 9.777526252542932672e-03 9.551996895162891826e-03 9.743734555482530188e-03 9.511916786996529177e-03 9.767783389543571379e-03 9.714786296067130442e-03 9.680591415347461828e-03 9.815669074188775739e-03 9.550364601551897259e-03 9.702520885750789623e-03 9.635874330241737604e-03 9.617047289543470892e-03 9.655411260837423737e-03 9.656968381464660356e-03 9.580465140313920019e-03 9.467936421324906968e-03 9.638695706991539172e-03 9.549177237399050777e-03 9.656833473957106284e-03 9.453617526372311286e-03 9.543367551256173170e-03 9.637701904050704343e-03 9.715032907067554929e-03 9.773050458907391394e-03 9.702169804901412953e-03 9.518956041687755970e-03 9.656811210517717362e-03 9.620724804342145609e-03 9.607299738424661395e-03 9.628239965761786756e-03 9.646198345834265664e-03 9.628039089183488414e-03 9.434539501260677530e-03 9.617678579121179128e-03 9.651654772616600000e-03 9.633507414253561496e-03 9.571471986643481991e-03 9.628255237851917475e-03 9.345364324819426666e-03 9.467650666713445934e-03 9.674310796329672543e-03 9.494306461431404470e-03 9.727026728408961348e-03 9.788792442476627539e-03 9.751940311483348403e-03 9.763992763360101676e-03 9.732645997133635915e-03 9.732931736518410717e-03 9.788921205931742919e-03 9.661580216995558149e-03 9.731094936533724732e-03 9.804343935069508020e-03 9.753032990737297778e-03 9.538979344035337926e-03 9.680178253028802124e-03 9.711769463312862338e-03 9.668102813154081862e-03 9.763191846025587317e-03 9.819701310909706091e-03 9.794589714862531396e-03 9.653083214624234853e-03 9.653397636975973028e-03 9.628047033693944157e-03 9.653359919090954630e-03 9.811670379109202131e-03 9.730856133934314561e-03 9.653506426539283994e-03 9.687708945427236235e-03 9.651736399718075649e-03 9.659789799671476829e-03 9.537528423280710807e-03 9.629808955666133152e-03 9.483325757065490941e-03 9.778651867911720974e-03 9.739374630306871228e-03 9.687955264429668964e-03 9.773298311250538939e-03 9.717364001416583033e-03 9.682046246860507438e-03 9.632675067400287006e-03 9.631863300197185743e-03 9.645267200072703967e-03 9.464806472707480017e-03 9.628269113793492054e-03
9.752526785320497077e-03 9.757386871127024519e-03 9.748708827011225153e-03 9.764108543818792590e-03 9.787578828188541955e-03 9.815927602129546209e-03 9.321724385162323892e-03 9.513365290718462514e-03 9.745069438454503907e-03 0.000000000000000000e+00 9.131340377789474994e-03 9.306926065195409922e-03 9.677779196867922207e-03 9.671532175185012375e-03 9.699605755095160042e-03 9.674043572632760879e-03 9.738537651727302569e-03 9.509646359610463007e-03 9.728549867868413817e-03 9.711905374440676225e-03 9.495198606088033760e-03 9.616942066010537166e-03 9.629909307240693689e-03 9.324187181169524968e-03 9.454346146883408838e-03 9.364293326078403090e-03 9.685544175623806221e-03 9.701113275052675872e-03 9.723703558808397332e-03 9.695487416180896198e-03 9.701617809418153215e-03 9.666949473496350836e-03 9.629160761591312040e-03 9.702716951310608531e-03 9.432724795062585182e-03 9.716489091692323901e-03 9.705533291664453568e-03 9.390713996519924056e-03 9.176969509707798636e-03 9.154824566908446176e-03 9.375246140889269275e-03 9.418336869154183763e-03 9.429212154503931534e-03 9.707427014180130403e-03 9.687108432976368130e-03 9.680955924361142953e-03 9.685315947485541310e-03 9.666370740706945949e-03 9.752278684091812352e-03 9.709194170182703851e-03 9.779487504285642660e-03 9.803344045495720332e-03 9.786500630201174292e-03 9.824085596314379581e-03 9.822457663512177209e-03 9.765554812222514147e-03 9.802127416438721069e-03 9.788568170125891768e-03 9.796987798533725311e-03 9.818371908728274269e-03 9.794617151870417537e-03 9.785124692638662650e-03 9.768455507615937672e-03 9.736497260441788135e-03 9.478738870326575139e-03 9.698157128560619400e-03 9.804108203220553847e-03 9.817619651729886723e-03 9.767076201866769364e-03 9.729634280048820097e-03 9.688730683825703960e-03 9.750934212674169238e-03 9.716997297009014392e-03 9.824105420304391628e-03 9.843421481218531804e-03 9.866408626118847863e-03 9.715904509410842535e-03 9.666119041094095934e-03 9.699720456642503541e-03 9.785989376730417841e-03 9.859989373359580658e-03 9.796510826730397276e-03 9.720996780896834152e-03 9.743446591086243544e-03 9.706908376691782137e-03 9.712673815922725010e-03 9.514361771505155593e-03 9.667651816398472459e-03 9.716654205515358120e-03 9.840650366412233285e-03 9.825759572543368500e-03 9.802913678811349049e-03 9.835371502396918209e-03 9.786874181783106891e-03 9.735282639288522777e-03 9.699880808509158195e-03 9.687470674253408423e-03 9.691252654685308596e-03 9.753164137358445729e-03 9.714962188639385959e-03
9.771492665118753154e-03 9.759108749380568729e-03 9.765943211750317821e-03 9.784071645071654166e-03 9.780258157538915947e-03 9.804392717974542981e-03 9.712310228559622657e-03 9.733837752155607287e-03 9.755020015598310501e-03 9.131340377789474994e-03 0.000000000000000000e+00 9.096814604127494500e-03 9.203393124502081205e-03 9.266200111500899270e-03 9.672990004319724500e-03 9.699036135891148450e-03 9.703278963904474544e-03 9.676952755794413982e-03 9.700802180188013504e-03 9.679388353146975779e-03 9.290136643482134818e-03 9.628544733061451116e-03 9.236966974222217755e-03 9.165323708504747452e-03 9.281825605719370986e-03 9.191363841471089993e-03 9.653059310672959872e-03 9.677804396179559565e-03 9.691386393032103141e-03 9.656118808521321067e-03 9.687021299451358328e-03 9.724921595019959605e-03 9.695175794793713803e-03 9.679433178017955719e-03 9.613087473648302198e-03 9.691503651811150810e-03 9.682171692698885931e-03 9.690009444648374839e-03 9.653302581416327299e-03 9.056011483367279458e-03 9.638518506896759375e-03 9.644820850906767051e-03 9.637066591314757263e-03 9.682756717973863350e-03 9.670444122094000103e-03 9.652381253188142135e-03 9.646883682036861210e-03 9.656027259610266630e-03 9.736486513948525157e-03 9.686437974434566889e-03 9.750898831356694454e-03 9.775736570104574807e-03 9.756979617670606328e-03 9.803619666074642885e-03 9.795081450692555078e-03 9.742410768151982953e-03 9.773720425477472329e-03 9.763897148172993520e-03 9.770019087649050790e-03 9.803382928557457729e-03 9.763452692127791432e-03 9.753290502759586963e-03 9.744060976494722456e-03 9.700768830254655195e-03 9.735341561850881578e-03 9.660414626992776255e-03 9.774459533948193918e-03 9.802668084142979535e-03 9.748482909517306241e-03 9.710315612102672980e-03 9.672360653862914839e-03 9.711892377039940683e-03 9.669669807554145610e-03 9.793220539938599090e-03 9.812221367136400585e-03 9.852411340019165756e-03 9.682751465988317235e-03 9.627943508097380060e-03 9.675105288860043340e-03 9.762223455117782431e-03 9.834121750194810274e-03 9.767285028954179882e-03 9.691043665122134332e-03 9.715499245601050618e-03 9.678121074910934693e-03 9.680978148933481672e-03 9.655074741652357184e-03 9.631605569028017094e-03 9.689669148923519063e-03 9.811392349719779554e-03 9.797087740413858159e-03 9.772646103364323461e-03 9.804936521244039457e-03 9.757734179680678868e-03 9.707593989180984123e-03 9.675490716954693662e-03 9.661490281302311314e-03 9.658786606750228987e-03 9.731802050966846529e-03 9.683651768964024117e-03
9.796467521714686752e-03 9.781479906007466141e-03 9.787876435197169142e-03 9.809041510640192571e-03 9.806199468189839147e-03 9.826640723744346773e-03 9.741909405945034517e-03 9.757267372837467520e-03 9.777204861193544705e-03 9.306926065195409922e-03 9.096814604127494500e-03 0.000000000000000000e+00 9.328429384933280624e-03 9.377110446142759154e-03 9.675758496408164155e-03 9.724774063810765964e-03 9.199522084481952591e-03 9.659276799691345755e-03 9.659011510605230305e-03 9.714439573990518370e-03 9.606547752993554665e-03 9.378538165997126266e-03 9.420973289495572500e-03 9.296107088784786449e-03 9.461107499592204262e-03 9.376480391883119242e-03 9.685417149931379796e-03 9.701227156744308272e-03 9.727294193740899236e-03 9.684616791851568748e-03 9.713361627656975222e-03 9.541740619760395725e-03 9.717037314909793971e-03 9.654832458078495619e-03 9.646972131375778498e-03 9.722848607492942316e-03 9.701656953763930155e-03 9.712759260340552564e-03 9.675832167141708989e-03 9.236275582455114042e-03 9.657869962788312099e-03 9.460513550898859772e-03 9.661178258523845860e-03 9.710935534985181555e-03 9.697328789577496985e-03 9.679144958607614063e-03 9.674330438881342809e-03 9.684567490954656965e-03 9.762876881750344807e-03 9.715979732828177937e-03 9.780254561720564538e-03 9.806544229934804208e-03 9.781200209742445945e-03 9.831623355607896700e-03 9.824670437895765412e-03 9.772410483166460438e-03 9.800927113732083723e-03 9.790929846112690627e-03 9.777089096358678941e-03 9.784570194518322703e-03 9.762837533437427814e-03 9.738130746430406423e-03 9.745971097470110950e-03 9.706595561197383856e-03 9.386333597340385665e-03 9.680703666426164825e-03 9.795816442449513384e-03 9.738352244443937780e-03 9.737446317473566829e-03 9.721572790135390649e-03 9.682406919140788826e-03 9.722191572851108382e-03 9.696149263873231686e-03 9.800996757243265675e-03 9.509945665772907841e-03 9.834604786372540264e-03 9.717309087325152681e-03 9.465824353621992218e-03 9.703351572567141953e-03 9.787175551110723418e-03 9.825234337454505709e-03 9.786503577425938877e-03 9.708938924921360278e-03 9.743165379162130324e-03 9.709678683839343891e-03 9.707264069138927393e-03 9.691080380193978216e-03 9.488845200606398772e-03 9.721020605575220533e-03 9.815584943019964662e-03 9.818726035256018433e-03 9.785713543309492585e-03 9.812048283717926186e-03 9.766725109916208486e-03 9.733722766248472866e-03 9.703477820885712118e-03 9.686391114047452830e-03 9.684962921984641496e-03 9.761273221574082865e-03 9.715218583067312605e-03
9.792959603152174425e-03 9.779079890948593964e-03 9.787068675929233921e-03 9.805390075959789439e-03 9.798392641670867001e-03 9.821263836358878202e-03 9.789318184972757575e-03 9.759520031094655323e-03 9.766876916067611381e-03 9.677779196867922207e-03 9.203393124502081205e-03 9.328429384933280624e-03 0.000000000000000000e+00 9.354214323772071238e-03 9.637564130881485711e-03 9.748375816980417441e-03 9.186903898758636694e-03 9.617630102630369757e-03 9.221996405278985384e-03 9.691250337465333667e-03 9.416494734580208373e-03 9.443296247505646515e-03 9.451092943092287771e-03 9.349432931285673112e-03 9.492514653888443898e-03 9.450834324123195268e-03 9.669361666607652339e-03 9.683989060509793842e-03 9.698528794813376236e-03 9.655689106421663434e-03 9.708004980671732301e-03 9.751351339783343938e-03 9.742199825066603577e-03 9.383727211869436619e-03 9.674411850714203023e-03 9.700122919936899485e-03 9.688533847878379526e-03 9.756596311991612425e-03 9.733040939900027694e-03 9.704829520167013515e-03 9.479041816393378797e-03 9.688098863461612129e-03 9.665698352628003531e-03 9.699354254656428198e-03 9.680473108409280020e-03 9.662446688956497637e-03 9.461018902346410991e-03 9.666549800878988102e-03 9.752334201637589961e-03 9.703424428895600015e-03 9.765927345517330660e-03 9.792289585359157875e-03 9.766228913167755016e-03 9.819380878063485585e-03 9.811218065432898705e-03 9.758556229249377989e-03 9.787815625869666913e-03 9.777862362267426138e-03 9.773448114981635876e-03 9.765132970317485367e-03 9.727969116425719265e-03 9.414776626134671589e-03 9.706806714289212962e-03 9.495769652858906951e-03 9.630422606908845690e-03 9.477663753674947858e-03 9.782819592464847905e-03 9.710452226281408167e-03 9.714006386359920475e-03 9.706564104546115679e-03 9.673445374397841856e-03 9.530909591182388368e-03 9.500543548345346742e-03 9.802025891652289130e-03 9.789941650033516518e-03 9.816355805682018196e-03 9.691681036892520890e-03 9.499783606681503137e-03 9.692560983864517005e-03 9.776378679602569163e-03 9.780421809027058100e-03 9.765860130646852183e-03 9.703041102129337028e-03 9.722411203499169152e-03 9.685850234056008271e-03 9.665176762728022383e-03 9.682129822023977789e-03 9.648853829337779645e-03 9.701213837456973757e-03 9.815052009252481918e-03 9.806356174485383187e-03 9.785921005443730045e-03 9.813749579440591078e-03 9.763087144672477277e-03 9.714593563837241319e-03 9.688918783728741116e-03 9.668771280262018070e-03 9.660826069218969928e-03 9.747605067754695415e-03 9.699433100032019486e-03
9.784514306088738789e-03 9.771514886073712908e-03 9.777963426723261520e-03 9.804271119434949597e-03 9.798717464480001527e-03 9.820570060140768054e-03 9.778706248114579086e-03 9.752375447736646996e-03 9.765142588235929677e-03 9.671532175185012375e-03 9.266200111500899270e-03 9.377110446142759154e-03 9.354214323772071238e-03 0.000000000000000000e+00 9.529840039048376871e-03 9.743544436431987588e-03 9.223055590240735596e-03 9.529321891585949486e-03 9.259504963074842096e-03 9.689097082774801584e-03 9.451709894002876047e-03 9.495356879179074963e-03 9.501309612183232375e-03 9.409469010410072276e-03 9.551302437629050415e-03 9.625955361001418270e-03 9.555582665021010447e-03 9.682574460928948870e-03 9.699068676234367040e-03 9.538434271830553007e-03 9.711303837011471540e-03 9.744572225673943031e-03 9.569895137213397032e-03 9.434235298768618369e-03 9.668489149246220146e-03 9.698986708877836357e-03 9.686616064372632548e-03 9.752385562014171880e-03 9.729098282641044509e-03 9.699574656134276121e-03 9.526683766231726705e-03 9.684209271623851062e-03 9.663897124923130286e-03 9.700157727204426067e-03 9.682916430406245112e-03 9.664748715983984689e-03 9.517543319773278873e-03 9.667915286367010849e-03 9.750986569944703961e-03 9.693667557680972144e-03 9.767520495281362819e-03 9.793774213365608050e-03 9.757159840661933786e-03 9.820842652101952064e-03 9.813132261776595644e-03 9.760042743392696382e-03 9.788229601490288853e-03 9.777661427491750323e-03 9.770913892132127715e-03 9.748617099016847892e-03 9.712353567668660301e-03 9.438651529671363352e-03 9.487759345075940168e-03 9.523408863247038655e-03 9.398741803118015187e-03 9.510199641998850345e-03 9.781411073342313398e-03 9.681956364923487504e-03 9.690440321653686143e-03 9.687117550969197646e-03 9.659363469684633871e-03 9.668487219768007526e-03 9.545289727325817833e-03 9.801619411990192959e-03 9.783194324515612564e-03 9.800374078318683721e-03 9.690412744839095593e-03 9.548167205584346187e-03 9.695023169059282728e-03 9.777377660985716104e-03 9.776529190801937566e-03 9.764946703146005005e-03 9.706070741048022227e-03 9.722665119087866431e-03 9.686684057766858230e-03 9.655721964951515315e-03 9.682407684157604347e-03 9.651610287447747599e-03 9.702932682811526988e-03 9.801095493944615364e-03 9.805626672631250623e-03 9.787181074412983420e-03 9.813424275039756006e-03 9.764171118579110381e-03 9.715748767217350160e-03 9.689304213857968806e-03 9.669788573302385074e-03 9.654833319282862120e-03 9.748001461977229970e-03 9.700499266887943617e-03
9.691900268730417947e-03 9.687457944669401744e-03 9.695334458052932286e-03 9.714304053706386555e-03 9.704485991242050788e-03 9.722013223761302725e-03 9.721075428144454814e-03 9.683365875557981353e-03 9.673358995919104086e-03 9.699605755095160042e-03 9.672990004319724500e-03 9.675758496408164155e-03 9.637564130881485711e-03 9.529840039048376871e-03 0.000000000000000000e+00 9.684143963348497419e-03 9.636304362116276251e-03 9.538092321579441646e-03 9.313523463306104186e-03 9.446694474897236390e-03 9.518517630729885631e-03 9.650866154153732446e-03 9.523209431082367213e-03 9.711563390450718078e-03 9.603991339770877322e-03 9.546375897308598257e-03 9.569556577670747938e-03 9.520424002518753856e-03 9.363583966716087365e-03 9.459144191666348650e-03 9.605462471328637952e-03 9.689043559075176393e-03 9.686181092589989799e-03 9.607288656624428727e-03 9.605628987062164378e-03 9.578605108712039823e-03 9.501311499928066090e-03 9.722313673555303334e-03 9.697038565030546495e-03 9.746304826519181994e-03 9.654395494004829742e-03 9.637423314643463190e-03 9.608514788151457583e-03 9.461483230642348669e-03 9.575947895486014785e-03 9.508476472273043670e-03 9.580231046646844190e-03 9.479615862108249635e-03 9.644236874374394544e-03 9.463417996847786617e-03 9.659682646401580863e-03 9.692752572194821697e-03 9.654588133861835217e-03 9.721261278618159932e-03 9.712500689129932585e-03 9.652741008757030963e-03 9.685039720161140245e-03 9.669283215982611007e-03 9.652179269195993935e-03 9.670394389789662912e-03 9.632147665897351774e-03 9.626683990544981570e-03 9.445146347154164540e-03 9.498270463347106840e-03 9.448789752184124854e-03 9.426137354240728128e-03 9.678161424694549722e-03 9.660827279923256752e-03 9.631265785376416644e-03 9.583858714012969196e-03 9.503099211249975073e-03 9.610189424400011546e-03 9.494991027759448754e-03 9.686900440127876877e-03 9.538248674584441297e-03 9.715904383912926656e-03 9.398079837192912372e-03 9.497483106156645247e-03 9.582587136932113267e-03 9.670371691323887547e-03 9.689594613321651437e-03 9.664491758120882792e-03 9.591145837168435842e-03 9.625403036787716360e-03 9.579987287977095173e-03 9.576047664192226250e-03 9.490016247501233473e-03 9.501499525603959717e-03 9.567442434576139618e-03 9.689808181761905281e-03 9.695562447286467864e-03 9.673452989834135582e-03 9.698677702156648095e-03 9.648903818792587891e-03 9.614610153963053241e-03 9.568842502698758634e-03 9.560984143408531380e-03 9.563228929821008389e-03 9.638970484280832626e-03 9.458819023645594418e-03
9.317611116496801738e-03 9.309317886295237834e-03 9.297284859422218564e-03 9.263311711591913633e-03 9.630457024927183834e-03 9.434989946996466884e-03 9.292221999901787918e-03 9.415447603806040289e-03 9.591285238863364593e-03 9.674043572632760879e-03 9.699036135891148450e-03 9.724774063810765964e-03 9.748375816980417441e-03 9.743544436431987588e-03 9.684143963348497419e-03 0.000000000000000000e+00 9.778072192628677398e-03 9.506291692986914427e-03 9.747898237669836569e-03 9.669911947772761099e-03 9.764081785330917460e-03 9.474044319878197756e-03 9.534987212837126372e-03 9.757060123031256749e-03 9.617810627444581609e-03 9.514456843796679358e-03 9.642587319328871712e-03 9.635317539937814091e-03 9.683131570074852978e-03 9.657503649905819706e-03 9.601942427219636866e-03 9.413633303440291367e-03 9.357287709524663571e-03 9.684734365847871493e-03 9.447379745259226400e-03 9.654710941270596564e-03 9.644682754064300492e-03 9.388869597756909283e-03 9.627232366443855618e-03 9.328890583842959494e-03 9.456405573070704798e-03 9.601383630020852988e-03 9.628142264395078004e-03 9.635039668483065534e-03 9.479169564827572697e-03 9.518511328690229881e-03 9.467631831610567525e-03 9.617808970504819130e-03 9.623393482412498021e-03 9.635750492964955533e-03 9.720547008224942817e-03 9.708446720376254224e-03 9.735661217017983066e-03 9.713806926490698573e-03 9.739981903124115409e-03 9.688266540757200368e-03 9.742219581698999611e-03 9.549454297077292209e-03 9.754041076796249668e-03 9.800616850639846597e-03 9.760682525398103188e-03 9.772165390316125966e-03 9.748281726277462783e-03 9.738707606356054869e-03 9.794608944892780125e-03 9.679090028011502408e-03 9.759819982480452336e-03 9.813365231560454080e-03 9.764963532053392431e-03 9.695332564925454588e-03 9.678492741985606981e-03 9.712562933605022389e-03 9.677620930948576533e-03 9.782450848075078739e-03 9.833051148740844932e-03 9.832709498678730495e-03 9.678092771804468544e-03 9.656916835038178992e-03 9.655892885206183648e-03 9.723655977726911037e-03 9.829840071424832473e-03 9.755667874435505760e-03 9.672229243826761802e-03 9.696445021483876894e-03 9.658762522097553982e-03 9.668654285646666527e-03 9.658401205031117570e-03 9.641524822870098724e-03 9.665660038848033694e-03 9.801711821779678438e-03 9.774727882276946361e-03 9.748158735469185376e-03 9.792772272810168488e-03 9.740392964205790358e-03 9.688470102250648294e-03 9.655858152908047137e-03 9.640122998578679048e-03 9.645817602305683733e-03 9.660251372857101004e-03 9.665443193961082563e-03
