0.000000000000000000e+00 1.037374482856580696e-02 1.037621680699223753e-02 1.047635587793953153e-02 1.091273050687951301e-02 1.049671384861743106e-02 1.053436345796249403e-02 1.077561921970417863e-02 1.087606186638805442e-02 1.125114229039617803e-02 1.145925467354704137e-02 1.137336339676836734e-02 1.166770747358563537e-02 1.192447328424120316e-02 1.235532331311049378e-02 1.067224406959458791e-02 1.150733094823803461e-02 1.192797123972380233e-02 1.142154083041897229e-02 1.177540689425366806e-02 1.187977608699258662e-02 1.179136128812369871e-02 1.244902477988157029e-02 1.142822315818997625e-02 1.219297859187643170e-02 1.189704723325187702e-02 1.217508632517070449e-02 1.252405695464111485e-02 1.140343576856766433e-02 1.224751163523060855e-02 1.164242008927299406e-02 1.090547195364080339e-02 1.063995423549949498e-02 1.138947097813017804e-02 1.209632055529740596e-02 1.135584008265437539e-02 1.217396579310325855e-02 1.076811947872116475e-02 1.124661919289817597e-02 1.129332246978655141e-02 1.143454634826932687e-02 1.146506992270982135e-02 1.207552968908757150e-02 1.133182259508259439e-02 1.218947864324070388e-02 1.318521121323549400e-02 1.204301690876089653e-02 1.222134633660609294e-02 1.106114362603579163e-02 1.118734642343095775e-02 1.185907836830933475e-02 1.091709104822584375e-02 1.185709990255923336e-02 1.128613411478352445e-02 1.126973226263958822e-02 1.166672671872077439e-02 1.155193589714459575e-02 1.156769078081998359e-02 1.187364532435023975e-02 1.155815080047339904e-02 1.159841956885564705e-02 1.159216310427650665e-02 1.170375744462234108e-02 1.209944011657280820e-02 1.159793378867944938e-02 1.201809395471229412e-02 1.185542398107776625e-02 1.158621358735770039e-02 1.176164120953682862e-02 1.186938933096571766e-02 1.213940169660147027e-02 1.249989154738299912e-02 1.258216969901618590e-02 1.160127712654989394e-02 1.156841584496238334e-02 1.395070335630387882e-02 1.173393945209580055e-02 1.299682665559002623e-02 1.227258496629278321e-02 1.193282235572292252e-02 1.169648856174263125e-02 1.193185786241532896e-02 1.213630295845965525e-02 1.202033809710383386e-02 1.227500156071252915e-02 1.259964950489494105e-02 1.225011291648308957e-02 1.301706756286586698e-02 1.165615059793735642e-02 1.159176842184609160e-02 1.202916445364863272e-02 1.154785907826851900e-02 1.160752668898995706e-02 1.191180639527008103e-02 1.243797349610360065e-02 1.234929713843538161e-02 1.332244957103250436e-02 1.267766414245416300e-02 1.172055485330143927e-02 1.187379951514612800e-02
1.037374482856580696e-02 0.000000000000000000e+00 1.023624643523424887e-02 1.037298245660804585e-02 1.034771349515651445e-02 1.051820149631385072e-02 1.089672247892603356e-02 1.072294392643011011e-02 1.088804862893384857e-02 1.123829464790150265e-02 1.140021555516576926e-02 1.135976639871960105e-02 1.170299777477080624e-02 1.198179200795533583e-02 1.254779030188556133e-02 1.073284494036433508e-02 1.147766400203574337e-02 1.201444290699601840e-02 1.138193718596354834e-02 1.197185123794743296e-02 1.197843530143308764e-02 1.186361334874855462e-02 1.255492389872245665e-02 1.138721559884295527e-02 1.181153366985758513e-02 1.193254395330502378e-02 1.230208721363997698e-02 1.304125289921082877e-02 1.161241833546615941e-02 1.243212316974008982e-02 1.132258107926892125e-02 1.088621067274803643e-02 1.068183250264985971e-02 1.140947688813934678e-02 1.215997550118718198e-02 1.145423109015684775e-02 1.273343299487344343e-02 1.069209722073841476e-02 1.119601560371968722e-02 1.127536312215813435e-02 1.146210782920138033e-02 1.110461586519604152e-02 1.212389903229474201e-02 1.188054883269312224e-02 1.227717772953584689e-02 1.335091117062102949e-02 1.213967075107022682e-02 1.235409554386780046e-02 1.117385758692449223e-02 1.173655917588659753e-02 1.198198095678058503e-02 1.133120502452932693e-02 1.197432151598193384e-02 1.130909810908533111e-02 1.123753978695814920e-02 1.175273356875203637e-02 1.168456947738829438e-02 1.168555487021324772e-02 1.201127295931288946e-02 1.163164835695323744e-02 1.171198746652577470e-02 1.165450197379899917e-02 1.180099200083456305e-02 1.221617339584237134e-02 1.167601740567087917e-02 1.218906555405055089e-02 1.195224255616793990e-02 1.161899447007075370e-02 1.185440926909856613e-02 1.201197322968915009e-02 1.231291524950643354e-02 1.263838819595569478e-02 1.273064775751672935e-02 1.163117427673480975e-02 1.166420135970993796e-02 1.410661112394663921e-02 1.188784861961931713e-02 1.316250060493736815e-02 1.233691726661542004e-02 1.200374777412638837e-02 1.177360345952905597e-02 1.203818332320089751e-02 1.224760747438345329e-02 1.211942627867770156e-02 1.240837761761162152e-02 1.274100979939471120e-02 1.239532221063376419e-02 1.314653855264925376e-02 1.177084096894380136e-02 1.161658748815770636e-02 1.214909696188141812e-02 1.161089560920142150e-02 1.164081670566585215e-02 1.201428043213127912e-02 1.256750991406369554e-02 1.246395471612327631e-02 1.345086998715740514e-02 1.281725231795769609e-02 1.144429994172045315e-02 1.201708948589694931e-02
1.037621680699223753e-02 1.023624643523424887e-02 0.000000000000000000e+00 1.036778437636685229e-02 1.041990014454173552e-02 1.056900242698877342e-02 1.043012127550068183e-02 1.072148262406398198e-02 1.087574941916723791e-02 1.120482667328733320e-02 1.138849738520731660e-02 1.135158472567245232e-02 1.168867862169222990e-02 1.194148635153699338e-02 1.251934220031875739e-02 1.069565859783612113e-02 1.144337980675032458e-02 1.158210866036521978e-02 1.134182339893700757e-02 1.194723306950415051e-02 1.193872408727995015e-02 1.187109629676995869e-02 1.252157695665705173e-02 1.139461945550731582e-02 1.178370464068490171e-02 1.194817578508923679e-02 1.230678664251944228e-02 1.305088319831306833e-02 1.161182243178521083e-02 1.240791107474442656e-02 1.136750554850322024e-02 1.085902685479227248e-02 1.064099903296424933e-02 1.139065284721318787e-02 1.215482630403736525e-02 1.146333738176964767e-02 1.274172161905918338e-02 1.109161152173769246e-02 1.118836174770353013e-02 1.126186051177161668e-02 1.142052388883744302e-02 1.113490573011714432e-02 1.214758765020733031e-02 1.189944001854410967e-02 1.226248508055949316e-02 1.335323409770178445e-02 1.211044046130872395e-02 1.230963678613818287e-02 1.119329009298758969e-02 1.176559092102737875e-02 1.202937218084843517e-02 1.137612841057166792e-02 1.199471052220841411e-02 1.133701964949029341e-02 1.128254999607776823e-02 1.180826611813399173e-02 1.168264449441292624e-02 1.173243855536187756e-02 1.200260013516100607e-02 1.163700076747195382e-02 1.171187383303509341e-02 1.165294057822072529e-02 1.179572494261551391e-02 1.221138894827040675e-02 1.166693626347929322e-02 1.218638653751612753e-02 1.196883201712072020e-02 1.161581005809623861e-02 1.185934530709031355e-02 1.201874216418886629e-02 1.229555701278951807e-02 1.264165541669504296e-02 1.272950759623304659e-02 1.164052528665216954e-02 1.166753674870026763e-02 1.414383100145353775e-02 1.189176877236656875e-02 1.316666015191213061e-02 1.238259645513606171e-02 1.205469907974911214e-02 1.177916430398728669e-02 1.207187798359757661e-02 1.226409411035324012e-02 1.213120999110590958e-02 1.241697943130508873e-02 1.274527154265423304e-02 1.240496795937075410e-02 1.317343647460244953e-02 1.180854552272280790e-02 1.162497935359070068e-02 1.216864047665152174e-02 1.163289564024083678e-02 1.165193647836571499e-02 1.203385013867088772e-02 1.257903136135602937e-02 1.250613104415476511e-02 1.348074870637263646e-02 1.282194396523223673e-02 1.186097117977653360e-02 1.205979524885220609e-02
1.047635587793953153e-02 1.037298245660804585e-02 1.036778437636685229e-02 0.000000000000000000e+00 1.043610006421813972e-02 1.069540633582884148e-02 1.044912371351393657e-02 1.088423185405649335e-02 1.108129031374722323e-02 1.126655044131809683e-02 1.124118679608451105e-02 1.138458617421232374e-02 1.172106569893770558e-02 1.205180832432165353e-02 1.264910667635101710e-02 1.078886378702236318e-02 1.131866156043118306e-02 1.216104763682906119e-02 1.124928095603828712e-02 1.205894367389971286e-02 1.205997647668426674e-02 1.194062777099046992e-02 1.263601755143325261e-02 1.140884700074511725e-02 1.197006213882173715e-02 1.204062159184579421e-02 1.238870390848807387e-02 1.322950352293728211e-02 1.164606143476778696e-02 1.251307605684711007e-02 1.190197786765017328e-02 1.108177004152803222e-02 1.117739681024083540e-02 1.146892848118927569e-02 1.224359108800703033e-02 1.160039013203183721e-02 1.293607190418644311e-02 1.081870453919153534e-02 1.108343475057757196e-02 1.112762673200264410e-02 1.155739996020396440e-02 1.168516227858888354e-02 1.227413599086887332e-02 1.203646344172873590e-02 1.204141202004392966e-02 1.349984438643018862e-02 1.217178971084462505e-02 1.238415220547391983e-02 1.178779874291479429e-02 1.193791835103265482e-02 1.204260814201403053e-02 1.125295259210781426e-02 1.203959191124223498e-02 1.086605960033770572e-02 1.115810580353436381e-02 1.189010587583491305e-02 1.170854914305851334e-02 1.180182041594816239e-02 1.205347715963117627e-02 1.157637970969823717e-02 1.169747105071962563e-02 1.160688198563811051e-02 1.179481916436051631e-02 1.225412580920077175e-02 1.166722101898059506e-02 1.226284551011453533e-02 1.199164478578588003e-02 1.151985362301968276e-02 1.185854667545283535e-02 1.210466588587874766e-02 1.240506917232815122e-02 1.269781255764181917e-02 1.280054271990400949e-02 1.152931266644761921e-02 1.163686194293484660e-02 1.424166911206905042e-02 1.194577439024261181e-02 1.328094405865359699e-02 1.249274819572907154e-02 1.210868542767181213e-02 1.174793364042045138e-02 1.208683550828854210e-02 1.229582447380567906e-02 1.213641529379203346e-02 1.245045449614322688e-02 1.280551534492448129e-02 1.257039905376786636e-02 1.329770025714043305e-02 1.191365603190019072e-02 1.149670788251443143e-02 1.215804500139657830e-02 1.157185068239129783e-02 1.155364519148738452e-02 1.205781658789543097e-02 1.261656627783078709e-02 1.262591423438570379e-02 1.358969810976667046e-02 1.289365694475699299e-02 1.200756087196824980e-02 1.213266710981659308e-02
1.091273050687951301e-02 1.034771349515651445e-02 1.041990014454173552e-02 1.043610006421813972e-02 0.000000000000000000e+00 1.044403340603365649e-02 1.106324115843875487e-02 1.081854216478931457e-02 1.083658911986129514e-02 1.134005402522797294e-02 1.141218427049466543e-02 1.142401679754769146e-02 1.173843079735092422e-02 1.204712492390179121e-02 1.255436834124938443e-02 1.128592880447890773e-02 1.147667719867050476e-02 1.209932923941860368e-02 1.138805977155537240e-02 1.194041764360766894e-02 1.201330603636493848e-02 1.197602466748136883e-02 1.261836829805849935e-02 1.147338273234580104e-02 1.192379261097359366e-02 1.204174002640133467e-02 1.233759136648136800e-02 1.309768080289564623e-02 1.158835066812208096e-02 1.244454278134792327e-02 1.136201490762337243e-02 1.108074895561147501e-02 1.129955172018244636e-02 1.148562130869204036e-02 1.225762563557622996e-02 1.135855103263308866e-02 1.266271311165320830e-02 1.092028265808059166e-02 1.130549341152418605e-02 1.136763962891653226e-02 1.163564699904216619e-02 1.163395423168363425e-02 1.223926795165147796e-02 1.191391443934802612e-02 1.237029885855382011e-02 1.339706443214892101e-02 1.219339693267929535e-02 1.238454876711798588e-02 1.107905016915461914e-02 1.176616423972756502e-02 1.176145387781397586e-02 1.111693521029393297e-02 1.184279604909505880e-02 1.066918781314693879e-02 1.058465813362805159e-02 1.114788720174592941e-02 1.148754243566924189e-02 1.108572280583541847e-02 1.188945161274170860e-02 1.156780491478980911e-02 1.167007995750062553e-02 1.160922505872685750e-02 1.176943515424754352e-02 1.219561889548562497e-02 1.164629831734169049e-02 1.216452389404318497e-02 1.184699307878220483e-02 1.156465031490101422e-02 1.177721568712152000e-02 1.191167176974338229e-02 1.225050959119749344e-02 1.262222776789087737e-02 1.271530459734095814e-02 1.154422418755489226e-02 1.159277629664940551e-02 1.396659020263880946e-02 1.184396053469425301e-02 1.315534239267476639e-02 1.228286511189601547e-02 1.179699325367055719e-02 1.170184696585935789e-02 1.194538367531032888e-02 1.218395041748564916e-02 1.208105535685713092e-02 1.237480812900540982e-02 1.271687303270108670e-02 1.232243704427796877e-02 1.311822176281815001e-02 1.164403226964849485e-02 1.153287559713516396e-02 1.201589912652959065e-02 1.141280652463667541e-02 1.153594765311167537e-02 1.191849995495966770e-02 1.253954356358091132e-02 1.243670604472105548e-02 1.343560202118114499e-02 1.281226777841109471e-02 1.127213559980202312e-02 1.188043268892672796e-02
1.049671384861743106e-02 1.051820149631385072e-02 1.056900242698877342e-02 1.069540633582884148e-02 1.044403340603365649e-02 0.000000000000000000e+00 1.128539436552388614e-02 1.111894674157765973e-02 1.067888765596152791e-02 1.147717305299989984e-02 1.168214309350300295e-02 1.151330717997044520e-02 1.176762658362188151e-02 1.201895388657595390e-02 1.237655919766561009e-02 1.084673500402688097e-02 1.172788760099824877e-02 1.196554388236806439e-02 1.164069435706045937e-02 1.176251935873517777e-02 1.197026458727449769e-02 1.190997079718989979e-02 1.246918940680211835e-02 1.162754616526499515e-02 1.216081875911528137e-02 1.191424203504874366e-02 1.212106012931264166e-02 1.241602459440471068e-02 1.144895510960417667e-02 1.228474870168567122e-02 1.115160924756514703e-02 1.093725042632003042e-02 1.130879135472369346e-02 1.151652983845770015e-02 1.214675058446544262e-02 1.083263166372159386e-02 1.238802874304393252e-02 1.132745517537944897e-02 1.154498314949455040e-02 1.161327512075492965e-02 1.163538250210908315e-02 1.110588284348909723e-02 1.207477901142914138e-02 1.125758243162136053e-02 1.214791160534927153e-02 1.313152265426245809e-02 1.207160192047225522e-02 1.224820626185961145e-02 1.081662455897148579e-02 1.148347490610099851e-02 1.162406270811721515e-02 1.082968060983187375e-02 1.172418131674757800e-02 1.078484162419092451e-02 1.075774548356576987e-02 1.096098638782328806e-02 1.141666746030495228e-02 1.088170152861710031e-02 1.180070927424544877e-02 1.166737373895259181e-02 1.166189716703506206e-02 1.171605657120461212e-02 1.176672549622975218e-02 1.211620736956509764e-02 1.169187548478320578e-02 1.202444682765256567e-02 1.178485232942037657e-02 1.173525612109160322e-02 1.176391460295100888e-02 1.177540282741084375e-02 1.209185779674359223e-02 1.246516953079078449e-02 1.255007985801385312e-02 1.170465011697184934e-02 1.165968559598456154e-02 1.370828149630916662e-02 1.174187804017128023e-02 1.294334363286234017e-02 1.205767190435492152e-02 1.165701130044204982e-02 1.174570916886505736e-02 1.187233945109694537e-02 1.201615856468306320e-02 1.197894630824722709e-02 1.220829791602723487e-02 1.254595388284915000e-02 1.211298653970110072e-02 1.288429828720396957e-02 1.150319110237258378e-02 1.170984587822824184e-02 1.190879175161853321e-02 1.147021711281418464e-02 1.168670647951387288e-02 1.178988141792169063e-02 1.236414594125366181e-02 1.217982578638542555e-02 1.316347225179232902e-02 1.262963597218700988e-02 1.106558856616707276e-02 1.170744828122829810e-02
1.053436345796249403e-02 1.089672247892603356e-02 1.043012127550068183e-02 1.044912371351393657e-02 1.106324115843875487e-02 1.128539436552388614e-02 0.000000000000000000e+00 1.083689956968082908e-02 1.113601257300530535e-02 1.059128880716794091e-02 1.121479417614670675e-02 1.123418740338319108e-02 1.157048140871114877e-02 1.183303902318591332e-02 1.250143053326291387e-02 1.064879085010075541e-02 1.132244827637087121e-02 1.154153846709597350e-02 1.120505692906730889e-02 1.195962419786045922e-02 1.186446896183500355e-02 1.166638525362397386e-02 1.242255709802508185e-02 1.118171164473023491e-02 1.181618272689191965e-02 1.185695530534505195e-02 1.230061607359147699e-02 1.318794620102046664e-02 1.163709108235822139e-02 1.236456456938624278e-02 1.196599639483453097e-02 1.099911211546950214e-02 1.052003515714735812e-02 1.128709223710260869e-02 1.200039880659326680e-02 1.159878064585137362e-02 1.284931198610513026e-02 1.060016889647815916e-02 1.053643384404162435e-02 1.057387275765746953e-02 1.082244909955775228e-02 1.157226665244655284e-02 1.206767084498053429e-02 1.205850862522391161e-02 1.231193111862284063e-02 1.339366401749151128e-02 1.200801583714018045e-02 1.186600665352551681e-02 1.185893389248997634e-02 1.190741341891050388e-02 1.210806549534754889e-02 1.144713910118885444e-02 1.207505907845422659e-02 1.145488701578668313e-02 1.141227353950815399e-02 1.200240162055801404e-02 1.176726763862464935e-02 1.192023829242520004e-02 1.203938631182615605e-02 1.161435955482735885e-02 1.168541092425988068e-02 1.160319290130144149e-02 1.175451382074679633e-02 1.217135987160462320e-02 1.159619148456948919e-02 1.218436887084501340e-02 1.202375027040682165e-02 1.155604860036871760e-02 1.183945224385089812e-02 1.208304012319664708e-02 1.229302532489623921e-02 1.260593366324663268e-02 1.269785707275074976e-02 1.161776053395828859e-02 1.165600069868603234e-02 1.423115176254938739e-02 1.189884195296003928e-02 1.315853244307710855e-02 1.249387971926781138e-02 1.217830231367538624e-02 1.176541295338793050e-02 1.209696243506931147e-02 1.232134256708073382e-02 1.212397451237698029e-02 1.240420129030101425e-02 1.272121179005378938e-02 1.248071496837360565e-02 1.321107175769819196e-02 1.191681776557526086e-02 1.159584632821627527e-02 1.221096870260195665e-02 1.167909382348947256e-02 1.164171482804592962e-02 1.210098102954944299e-02 1.257070588832012899e-02 1.260814598465791712e-02 1.350479244813553720e-02 1.278715602382706797e-02 1.207914696819625475e-02 1.213268227993468534e-02
1.077561921970417863e-02 1.072294392643011011e-02 1.072148262406398198e-02 1.088423185405649335e-02 1.081854216478931457e-02 1.111894674157765973e-02 1.083689956968082908e-02 0.000000000000000000e+00 1.051575012382429015e-02 1.100653606469827357e-02 1.191830881638836735e-02 1.163293001875455486e-02 1.175016866859470918e-02 1.179587948119317081e-02 1.226223095205679348e-02 1.067317025303514931e-02 1.196753031709764555e-02 1.108138864645699315e-02 1.180225665763035177e-02 1.172639099356390276e-02 1.176664221120111466e-02 1.168533133036499944e-02 1.226038602885945634e-02 1.162995699410109690e-02 1.126670424436203820e-02 1.171573319618967636e-02 1.204555243457213799e-02 1.267872007824162768e-02 1.162452141125423603e-02 1.221973608430057361e-02 1.147488667656655290e-02 1.053230145248641725e-02 1.075521302393031738e-02 1.088670183468007542e-02 1.181790890206753722e-02 1.083126228487088852e-02 1.231118707422300916e-02 1.069968339900546211e-02 1.165493397213742711e-02 1.172390615487775740e-02 1.082832054009937907e-02 1.083290842183135157e-02 1.178074897482139609e-02 1.172412182445893569e-02 1.153646902210228066e-02 1.298145782026908189e-02 1.188969147844368655e-02 1.208994401986469153e-02 1.086945396608880211e-02 1.152309565645220045e-02 1.183160710270660804e-02 1.175180277203833994e-02 1.188787999028565953e-02 1.127018216780307711e-02 1.169150374961972980e-02 1.108298533312830972e-02 1.174524409735489688e-02 1.147872369541615492e-02 1.194490234697272515e-02 1.205569703281828865e-02 1.197946312508748126e-02 1.204006508819635210e-02 1.200052928345067375e-02 1.214177401438821212e-02 1.191029183814981164e-02 1.201290056413905141e-02 1.198181870358891975e-02 1.208905869486794071e-02 1.201298612273902187e-02 1.181918792349684159e-02 1.200596850743962385e-02 1.246785410461898752e-02 1.252550227041031652e-02 1.209702416792483859e-02 1.199813624445209351e-02 1.370863630034550688e-02 1.179632192517592916e-02 1.281065695455680525e-02 1.199717527807512944e-02 1.139051465297585136e-02 1.203740043750738467e-02 1.202159325119217699e-02 1.208338319626825821e-02 1.200724475453628787e-02 1.218808954183452781e-02 1.254012238800113373e-02 1.193674126566558920e-02 1.275353361132582249e-02 1.112590836260091316e-02 1.210642820710780901e-02 1.207806044342666328e-02 1.189065153444601730e-02 1.206538968642538456e-02 1.195360809030988902e-02 1.234989763307818567e-02 1.212439651460808614e-02 1.305363047678954197e-02 1.258561900982865453e-02 1.109252086118871217e-02 1.175822771769721546e-02
1.087606186638805442e-02 1.088804862893384857e-02 1.087574941916723791e-02 1.108129031374722323e-02 1.083658911986129514e-02 1.067888765596152791e-02 1.113601257300530535e-02 1.051575012382429015e-02 0.000000000000000000e+00 1.161436154508402145e-02 1.203820413314004613e-02 1.176206664182618405e-02 1.184215831630275849e-02 1.185656687065163306e-02 1.206752927107098729e-02 1.133934822810766900e-02 1.204710542779533107e-02 1.109147811210424266e-02 1.190034896658492651e-02 1.106865296185921034e-02 1.169081457061608119e-02 1.185749238741778781e-02 1.225665909557546035e-02 1.184081368500659870e-02 1.139664450353509821e-02 1.184621244904496100e-02 1.200320809628739258e-02 1.250870360249836492e-02 1.148870190860163884e-02 1.210168878599394635e-02 1.145442328969530597e-02 1.077993357288238238e-02 1.145821499201659342e-02 1.106196869325570646e-02 1.199037473754626694e-02 1.055568965971853158e-02 1.160609944716465766e-02 1.146704255595081337e-02 1.190974668159814308e-02 1.197483585963485080e-02 1.152556496074422059e-02 1.102237365725216266e-02 1.195923492325071461e-02 1.160329152568007928e-02 1.197449094202327272e-02 1.291018901455952619e-02 1.195972611947648812e-02 1.206655886747179905e-02 1.050189626501926189e-02 1.133477260873090239e-02 1.159096630678549920e-02 1.166087602307659850e-02 1.133021910455287405e-02 1.159768797372696600e-02 1.122794707210723539e-02 1.076530151855366498e-02 1.157142370819260954e-02 1.080185829868300293e-02 1.168231603830414966e-02 1.202404085859481477e-02 1.193591657668718192e-02 1.202060974706401462e-02 1.191445942001062575e-02 1.203968382616189478e-02 1.188030682961300176e-02 1.180065981382385880e-02 1.184748100254189550e-02 1.207495074135315170e-02 1.190353610736321309e-02 1.110841690636784132e-02 1.171202913728237351e-02 1.237635207671827602e-02 1.236634306452173183e-02 1.205521803220507664e-02 1.193359813015269777e-02 1.346212909982587996e-02 1.156219706047935565e-02 1.262129138857364524e-02 1.187731790856800737e-02 1.156095218434888099e-02 1.199230366535358576e-02 1.184563674180654468e-02 1.201332353617537950e-02 1.196494128060820311e-02 1.214346505633604606e-02 1.239859131035170141e-02 1.130382829740829605e-02 1.259458770975304884e-02 1.079683573210633504e-02 1.204048626543521329e-02 1.194312099491664537e-02 1.180576193032150181e-02 1.204894993281313033e-02 1.187490014236576748e-02 1.229108749478481817e-02 1.202427551679219331e-02 1.294529253939978933e-02 1.246643079083602917e-02 1.077349936604157093e-02 1.147657705056230257e-02
1.125114229039617803e-02 1.123829464790150265e-02 1.120482667328733320e-02 1.126655044131809683e-02 1.134005402522797294e-02 1.147717305299989984e-02 1.059128880716794091e-02 1.100653606469827357e-02 1.161436154508402145e-02 0.000000000000000000e+00 1.071795708610706784e-02 1.051848551896300728e-02 1.122699578265224860e-02 1.148714519264769363e-02 1.218797305847340966e-02 1.115526097710107384e-02 1.127453403446249981e-02 1.145206267470137360e-02 1.115520257983771898e-02 1.179002261924666679e-02 1.112852244435020774e-02 1.143018308484073688e-02 1.213778445141185103e-02 1.042308259508949522e-02 1.151201755722299803e-02 1.112647810514230153e-02 1.203208524334719969e-02 1.293695578625162282e-02 1.145173779728664125e-02 1.211054278069454565e-02 1.182658913873259679e-02 1.146919292143926648e-02 1.094313077610058887e-02 1.110436176210226160e-02 1.142920892784721372e-02 1.152528384438079173e-02 1.267150817570337866e-02 1.056223260241635070e-02 1.059461700245304880e-02 1.061442746043953465e-02 1.064249088439459499e-02 1.101337738851683457e-02 1.142012062252340671e-02 1.188304425911883636e-02 1.213381144722109652e-02 1.316600501656757689e-02 1.183484328434990240e-02 1.199686697018802900e-02 1.190577907922700518e-02 1.177400492256857473e-02 1.199776454307651709e-02 1.159572419983590126e-02 1.200229169176248757e-02 1.157027979315914529e-02 1.160096735596433636e-02 1.193754872205967515e-02 1.173296048369618441e-02 1.191969491161512691e-02 1.191201690765518982e-02 1.156540267772388983e-02 1.156357993835644901e-02 1.150195715862782457e-02 1.158615582469946746e-02 1.187486973903674123e-02 1.096534406672589057e-02 1.189089798956765275e-02 1.193467528365710524e-02 1.150564761229330366e-02 1.163443545614569960e-02 1.194758820458945506e-02 1.202232402166297266e-02 1.240676450930950844e-02 1.248347617342649915e-02 1.166964148982592431e-02 1.153647355989413127e-02 1.399542490329742234e-02 1.167462805786632744e-02 1.282640990358790804e-02 1.223380020377363119e-02 1.209376887160554769e-02 1.168757154055712066e-02 1.198300528596141397e-02 1.213396967180081776e-02 1.194085750448014606e-02 1.220412430418664138e-02 1.251721253450412477e-02 1.189088943302516084e-02 1.290422956428443485e-02 1.179954936587962466e-02 1.165795770449865564e-02 1.211028281916075658e-02 1.167252139305855613e-02 1.169088983450247005e-02 1.197112151042961821e-02 1.236639197904365085e-02 1.233189460317844592e-02 1.321482400451185618e-02 1.254030884470453029e-02 1.201033468911814547e-02 1.196278099003601769e-02
1.145925467354704137e-02 1.140021555516576926e-02 1.138849738520731660e-02 1.124118679608451105e-02 1.141218427049466543e-02 1.168214309350300295e-02 1.121479417614670675e-02 1.191830881638836735e-02 1.203820413314004613e-02 1.071795708610706784e-02 0.000000000000000000e+00 1.059149570358882027e-02 1.089101653210618192e-02 1.130068515040830689e-02 1.247984306437170676e-02 1.158691248574629171e-02 1.081728501373764237e-02 1.234505465147867076e-02 1.087714735141170723e-02 1.203667095704977902e-02 1.135274471939999238e-02 1.175479610647262897e-02 1.204138831371111447e-02 1.061888086428924155e-02 1.215870763562008731e-02 1.151425436108597516e-02 1.234301214023758066e-02 1.338626513622974239e-02 1.159441359974502581e-02 1.231214792829056492e-02 1.225065056953493318e-02 1.204762945873089248e-02 1.143492173441530181e-02 1.144748915942633144e-02 1.226812026710379956e-02 1.182340773613485205e-02 1.306510182977895819e-02 1.152287232504208871e-02 1.093918131886694595e-02 1.046777109630631086e-02 1.156906424140503008e-02 1.196792236054176201e-02 1.235616841844877460e-02 1.220688053986995238e-02 1.264067727967381309e-02 1.357714484588091672e-02 1.207866697370007375e-02 1.232389367024310650e-02 1.227544978277587788e-02 1.209780965345963639e-02 1.215754190024349347e-02 1.139154749393883614e-02 1.211387178714495340e-02 1.150998484508091238e-02 1.135375999786938407e-02 1.221023358860211586e-02 1.180652795775154890e-02 1.210633857968928563e-02 1.205794622865057932e-02 1.141142331052638972e-02 1.149756013821821160e-02 1.132838027584660845e-02 1.154157561774310677e-02 1.194647122087300235e-02 1.134011285724864128e-02 1.204813119036578055e-02 1.199860702301482757e-02 1.125150709529835862e-02 1.165762597894830048e-02 1.213141591652245818e-02 1.231501449001958827e-02 1.256014771640567157e-02 1.262618462581764633e-02 1.142043028503171055e-02 1.145504839055270889e-02 1.431629062304949455e-02 1.183731183988085724e-02 1.314057092563711802e-02 1.263116532755717385e-02 1.233840850461771083e-02 1.163593689063203984e-02 1.205456512265441413e-02 1.236783988068563232e-02 1.213289297217287795e-02 1.247036013555091229e-02 1.272796477506734150e-02 1.263890402493888197e-02 1.327642446977874563e-02 1.205924079576717670e-02 1.135521609062417787e-02 1.220831005984509415e-02 1.160729467397892886e-02 1.147172221282438849e-02 1.210810874954575470e-02 1.265032590008263215e-02 1.273459085039331876e-02 1.362653624835022739e-02 1.278928572529880632e-02 1.234853062914185312e-02 1.219106009773259294e-02
1.137336339676836734e-02 1.135976639871960105e-02 1.135158472567245232e-02 1.138458617421232374e-02 1.142401679754769146e-02 1.151330717997044520e-02 1.123418740338319108e-02 1.163293001875455486e-02 1.176206664182618405e-02 1.051848551896300728e-02 1.059149570358882027e-02 0.000000000000000000e+00 1.056342888502197035e-02 1.088848662530277588e-02 1.203613656663588515e-02 1.130190722536516222e-02 1.072835480475804217e-02 1.195192917958782554e-02 1.108339375724590875e-02 1.177107227421473994e-02 1.139427844248468505e-02 1.093588887497226082e-02 1.158244718657862847e-02 1.044762932393907690e-02 1.165732942105243350e-02 1.102771010465440973e-02 1.194393997972145564e-02 1.286686542010225150e-02 1.141618398215481049e-02 1.189635040278534325e-02 1.184087337323060443e-02 1.130265365984712243e-02 1.119890263972830521e-02 1.116548704410983382e-02 1.185529922310306350e-02 1.160347905907363128e-02 1.264849808734495179e-02 1.123466369709839180e-02 1.112958976770818051e-02 1.073479950974073373e-02 1.120987086558631468e-02 1.118748076005066094e-02 1.190450078989982799e-02 1.181562825738672294e-02 1.218751083412976215e-02 1.304293267882038199e-02 1.169636312524851250e-02 1.189878579384922967e-02 1.198238573672628059e-02 1.178180781159795382e-02 1.196858148926238478e-02 1.155422948447058090e-02 1.191550336623438747e-02 1.155762057256931770e-02 1.158463457821983476e-02 1.195145417005824898e-02 1.169922584354475895e-02 1.190875736931153173e-02 1.185175616711979171e-02 1.139311541549262521e-02 1.131456643481236479e-02 1.125134372542405635e-02 1.134550832520095538e-02 1.162875286087895407e-02 1.073920268169756623e-02 1.168722223997556778e-02 1.184639567534230033e-02 1.132647266044020835e-02 1.147185033090358623e-02 1.183637455862732862e-02 1.195494138844437060e-02 1.214183643377133789e-02 1.221371583879193694e-02 1.155443951154675082e-02 1.100322819684357127e-02 1.383340150806505048e-02 1.156531513600294117e-02 1.223952193742442948e-02 1.222177727566661938e-02 1.209068117765868706e-02 1.154329016740262247e-02 1.186879728872483261e-02 1.202644397413248079e-02 1.188041609661415025e-02 1.215232973996940684e-02 1.235937892083937076e-02 1.226871994247396951e-02 1.242170962027129046e-02 1.177403350313088910e-02 1.153054898501316115e-02 1.203382809552574866e-02 1.158221306916752333e-02 1.158078376063641571e-02 1.185771659673635382e-02 1.231895955278658993e-02 1.230329500460472861e-02 1.311519123034363479e-02 1.234513675594808325e-02 1.205691577686665225e-02 1.188812559872623291e-02
1.166770747358563537e-02 1.170299777477080624e-02 1.168867862169222990e-02 1.172106569893770558e-02 1.173843079735092422e-02 1.176762658362188151e-02 1.157048140871114877e-02 1.175016866859470918e-02 1.184215831630275849e-02 1.122699578265224860e-02 1.089101653210618192e-02 1.056342888502197035e-02 0.000000000000000000e+00 1.048445640939305555e-02 1.179804948245155582e-02 1.139896508938007327e-02 1.090528281095902267e-02 1.178067592015329124e-02 1.081425798515606336e-02 1.164563159818445166e-02 1.077984003709918370e-02 1.074908648717577166e-02 1.124198195376290531e-02 1.061398391050615356e-02 1.158445115395089625e-02 1.101809101648670852e-02 1.183682200888587152e-02 1.271601546021266377e-02 1.135626496671793273e-02 1.160072420829825861e-02 1.191434131814843658e-02 1.176834482875335416e-02 1.138189032138706321e-02 1.063079517656784212e-02 1.177022147541393823e-02 1.161161985805950377e-02 1.250341928765915864e-02 1.145316864073957740e-02 1.151130513348594051e-02 1.146414325204766355e-02 1.081268299332678595e-02 1.167515994441575833e-02 1.187276723608433372e-02 1.182583690382844367e-02 1.212684900802563082e-02 1.283863909511069948e-02 1.101937799048095801e-02 1.169457615168178512e-02 1.202988943431455154e-02 1.178260859587513046e-02 1.197573334318265820e-02 1.180504000053592649e-02 1.186943437360028428e-02 1.179387308245312058e-02 1.186420911200449825e-02 1.199435654190404363e-02 1.177961969969605095e-02 1.194470066392090864e-02 1.184649909715545027e-02 1.150887170797850259e-02 1.126136454636891306e-02 1.088403432363391037e-02 1.118595391778919902e-02 1.092593569077993966e-02 1.110811869939833975e-02 1.107437112753846715e-02 1.184645759699669287e-02 1.142604285080307293e-02 1.137641326379671206e-02 1.171372926984823142e-02 1.176347226826013337e-02 1.148002669580842211e-02 1.148046592617979998e-02 1.177322395291315743e-02 1.150364576535129954e-02 1.360244875792496547e-02 1.144134560466517764e-02 1.195479000916895886e-02 1.221223671613679007e-02 1.211653807109721627e-02 1.158668349355626223e-02 1.175519919884055603e-02 1.194897816124999498e-02 1.173751311729247931e-02 1.197010489523722340e-02 1.208225608281049239e-02 1.218001159515559075e-02 1.258371784344125034e-02 1.176233212672786119e-02 1.174689170755060900e-02 1.202059087921894705e-02 1.179134854557751730e-02 1.180432914838241282e-02 1.184191596186255288e-02 1.216539874251906621e-02 1.225234873831668528e-02 1.291225376990890426e-02 1.208132939618802165e-02 1.207843905455825706e-02 1.187478201104067918e-02
1.192447328424120316e-02 1.198179200795533583e-02 1.194148635153699338e-02 1.205180832432165353e-02 1.204712492390179121e-02 1.201895388657595390e-02 1.183303902318591332e-02 1.179587948119317081e-02 1.185656687065163306e-02 1.148714519264769363e-02 1.130068515040830689e-02 1.088848662530277588e-02 1.048445640939305555e-02 0.000000000000000000e+00 1.109447174698565547e-02 1.156825648584230461e-02 1.123587329666530556e-02 1.111010223740422319e-02 1.109965988349997934e-02 1.149405549736902746e-02 1.054341494759557588e-02 1.070177611931776886e-02 1.095587109512834514e-02 1.095104038151400137e-02 1.136978906030580196e-02 1.127765886164654868e-02 1.133618858877115908e-02 1.247387377612882084e-02 1.149970994407795849e-02 1.097771881377067153e-02 1.187072492534397249e-02 1.170713042278987391e-02 1.118558972818726668e-02 1.077590729643682251e-02 1.159428068553878394e-02 1.165091993634845106e-02 1.224608290438409901e-02 1.167803148940194970e-02 1.187113114286858506e-02 1.180556001925768192e-02 1.087016572926704366e-02 1.162163581806386313e-02 1.174730737612867532e-02 1.174674831548317908e-02 1.196530954880866554e-02 1.258947423362610611e-02 1.090373665323745092e-02 1.151785173675136387e-02 1.197340523240352818e-02 1.164141541418176745e-02 1.205157620796973653e-02 1.214464296116002547e-02 1.193161456720521173e-02 1.211670965618333491e-02 1.221137665270899397e-02 1.200898716565585063e-02 1.199265579868388255e-02 1.201583324688232889e-02 1.191352518709859649e-02 1.182779836170224155e-02 1.150793274487558679e-02 1.116940739965844274e-02 1.094673881155256746e-02 1.075039443164454989e-02 1.089567212457220879e-02 1.084822835448547886e-02 1.201483823783287483e-02 1.172912862158318609e-02 1.157121160558977589e-02 1.163596731190724709e-02 1.155207350728416557e-02 1.172424429331189212e-02 1.126353936384419559e-02 1.212029836754386670e-02 1.177752021058439853e-02 1.338405395037350898e-02 1.140735462937742667e-02 1.169583891599635002e-02 1.212338962244120452e-02 1.214035652152367466e-02 1.189034763415460806e-02 1.187653640129807293e-02 1.193626281971543225e-02 1.176028254307374260e-02 1.187568180935568915e-02 1.191220987231974594e-02 1.197722355208629373e-02 1.234222305958572810e-02 1.175525043315491826e-02 1.207603542381660913e-02 1.212136880768797595e-02 1.209655027354402529e-02 1.214435064657781727e-02 1.193333634704880561e-02 1.209127065182206279e-02 1.211146700275195220e-02 1.269067879272307853e-02 1.190256914994205530e-02 1.202070019301222994e-02 1.182327380321386567e-02
1.235532331311049378e-02 1.254779030188556133e-02 1.251934220031875739e-02 1.264910667635101710e-02 1.255436834124938443e-02 1.237655919766561009e-02 1.250143053326291387e-02 1.226223095205679348e-02 1.206752927107098729e-02 1.218797305847340966e-02 1.247984306437170676e-02 1.203613656663588515e-02 1.179804948245155582e-02 1.109447174698565547e-02 0.000000000000000000e+00 1.216643920637059187e-02 1.249581565494589132e-02 1.101540889506699185e-02 1.193840558628086503e-02 1.082965552359974395e-02 1.092587314283086260e-02 1.173227923370966097e-02 1.078916577076233230e-02 1.222529349693193650e-02 1.122217273033009922e-02 1.109975171535816652e-02 1.142174855703316158e-02 1.121802783068715989e-02 1.113835324465863377e-02 1.054395803250589118e-02 1.165200661888579972e-02 1.205579235762226087e-02 1.227207094655579506e-02 1.196125786263065212e-02 1.163709527371563704e-02 1.176987818381083212e-02 1.091321036525374003e-02 1.237831507463491194e-02 1.263673362660029144e-02 1.262080588032067976e-02 1.204215480517413679e-02 1.190081856260809604e-02 1.171632708207526880e-02 1.107770538363090675e-02 1.154705453253871382e-02 1.143860980871461500e-02 1.158712649189659084e-02 1.094698940285514059e-02 1.187049840231047503e-02 1.102354409512138096e-02 1.213293564287165095e-02 1.261748610010018229e-02 1.214996764608545186e-02 1.256983279561096380e-02 1.270183445763196223e-02 1.197388702430966095e-02 1.230210485835385968e-02 1.209344189512182380e-02 1.198278651038681142e-02 1.231284946312286369e-02 1.195429759553729571e-02 1.213145320020794088e-02 1.146892491975674486e-02 1.103421924988134094e-02 1.150029016873443249e-02 1.061272598805577255e-02 1.230663819353420251e-02 1.230713400020140048e-02 1.202092847660277825e-02 1.165405542560300420e-02 1.078712088762262371e-02 1.150960462356901207e-02 1.085990241864075515e-02 1.260341813209257117e-02 1.185644941943000616e-02 1.264536865202854111e-02 1.095470653331930347e-02 1.089968329940875155e-02 1.163526301565931398e-02 1.214936674587497288e-02 1.233226803899979164e-02 1.211383813862341313e-02 1.180607770375922960e-02 1.200566343668239833e-02 1.168353958633252393e-02 1.158602912017599879e-02 1.080773032930856456e-02 1.106636855661649772e-02 1.162108756494304070e-02 1.258689218729172957e-02 1.228365791054443663e-02 1.248129970307154495e-02 1.260535377414776122e-02 1.204876755229784477e-02 1.183250274886420497e-02 1.146797022469255196e-02 1.195427357476395655e-02 1.148774696779848031e-02 1.183706275606277031e-02 1.118876119119433139e-02
1.067224406959458791e-02 1.073284494036433508e-02 1.069565859783612113e-02 1.078886378702236318e-02 1.128592880447890773e-02 1.084673500402688097e-02 1.064879085010075541e-02 1.067317025303514931e-02 1.133934822810766900e-02 1.115526097710107384e-02 1.158691248574629171e-02 1.130190722536516222e-02 1.139896508938007327e-02 1.156825648584230461e-02 1.216643920637059187e-02 0.000000000000000000e+00 1.167533072047814355e-02 1.121033578352338862e-02 1.157189264510898388e-02 1.172964955042356608e-02 1.170309931451417665e-02 1.087863973019351747e-02 1.156215481065936239e-02 1.138416040262741312e-02 1.181161461112642357e-02 1.111391501568911346e-02 1.183699830367527031e-02 1.270489718119479847e-02 1.149897469798727596e-02 1.197386712474489759e-02 1.156900878768741744e-02 1.065968336944686685e-02 1.047505829306984160e-02 1.113607458148196255e-02 1.116234386830335275e-02 1.144554430995322128e-02 1.249753084309426429e-02 1.049775164172380044e-02 1.133094550248867766e-02 1.095948190340696390e-02 1.058780667735476598e-02 1.128395408141327425e-02 1.167786216493809336e-02 1.169908402098179985e-02 1.146133795376361696e-02 1.246180506373038843e-02 1.116942558804502779e-02 1.175684536852335260e-02 1.156221084673622786e-02 1.158375321027545549e-02 1.193382208000464545e-02 1.167534414362616894e-02 1.193327154724041148e-02 1.160476645409320474e-02 1.170017177812680484e-02 1.178550104583723189e-02 1.171713446076177827e-02 1.136936743493307395e-02 1.190210249190790277e-02 1.180159712913735406e-02 1.167615779728806494e-02 1.174695627422931224e-02 1.168909500653220190e-02 1.194028840362648843e-02 1.168225854733241989e-02 1.192641088397786327e-02 1.191997522808538497e-02 1.181687702500715774e-02 1.178037686724166949e-02 1.188879901278155210e-02 1.203604537359440584e-02 1.220860130928712838e-02 1.231241822251311589e-02 1.186972143083510345e-02 1.177676437987154080e-02 1.380328350655819422e-02 1.172498279889643870e-02 1.272590467570904917e-02 1.215723010498181295e-02 1.196236573991722729e-02 1.184281751720732065e-02 1.196420620162252056e-02 1.199026268844491025e-02 1.182126737266463515e-02 1.201850461435131218e-02 1.231109273931461565e-02 1.224493265611621348e-02 1.273790980968290097e-02 1.173903117755165960e-02 1.187791386818805653e-02 1.206719831726853209e-02 1.178671381566159283e-02 1.188120568771836374e-02 1.188879112745954217e-02 1.217651233620320635e-02 1.219850211555147286e-02 1.297203885743312968e-02 1.230450913436576671e-02 1.180586530721283722e-02 1.190194853399510755e-02
