0.000000000000000000e+00 6.429996221844339228e-03 6.429995912770420860e-03 6.429995911234421234e-03 6.429996221844413822e-03 6.429995953996144216e-03 6.430012828914597259e-03 6.429995953934948376e-03 6.429995953936099365e-03 6.429995912167224548e-03 6.429995917677374176e-03 6.429998201443519121e-03 6.429995953934918018e-03 6.429995917677355961e-03 6.429995917677374176e-03 6.429995912106320141e-03 6.429995912106361775e-03 6.429995917677374176e-03 6.429995912770421727e-03 6.429995912016467537e-03 6.429995912106339223e-03 6.429996221844344433e-03 6.430012828916227899e-03 6.429995912892173295e-03 6.429995917678471389e-03 6.429995912893289589e-03 6.429995911295263190e-03 6.429998201443483559e-03 6.429995912771538022e-03 6.429995917678451439e-03 6.429995953934917151e-03 6.429995917678451439e-03 6.429995911235495895e-03 6.429995912770401778e-03 6.429995917739371458e-03 6.429995912770421727e-03 6.429995912771515471e-03 6.429995953934949243e-03 6.429995912106320141e-03 6.429995912770424329e-03 6.429996221845752161e-03 6.429998201444055150e-03 6.429995912107498018e-03 6.429996221844288921e-03 6.429995953934971795e-03 6.429995953996089572e-03 6.429995912106362642e-03 6.429995953934918018e-03 6.429995953934918886e-03 6.429995953936073344e-03 6.429995912770442544e-03 6.429995917678473123e-03 6.429995917678472256e-03 6.429995917678471389e-03 6.429995953934947509e-03 6.429996221844343565e-03 6.429996221844289789e-03 6.429995917677355961e-03 6.429995912771577053e-03 6.429995953934927559e-03 6.429995912831349553e-03 6.429995912770424329e-03 6.429995912771557971e-03 6.429996221845687109e-03 6.429995953934947509e-03 6.429996221844342698e-03 6.429995912106339223e-03 6.429995917678473123e-03 6.429995953934969193e-03 6.429995917677354227e-03 6.429995912016489221e-03 6.429995917677332543e-03 6.429995917677332543e-03 6.429995917799171713e-03 6.429995912167224548e-03 6.429995917677332543e-03 6.430012828916218358e-03 6.429995912065186378e-03 6.429995912005421685e-03 6.429996221907484030e-03 6.429995917738293328e-03 6.429996221844455455e-03 6.429995912106361775e-03 6.429995912106340958e-03 6.429996221844461526e-03 6.429995912005443369e-03 6.429995953934946641e-03 6.429996221844349637e-03 6.429995953934971795e-03 6.429995917677396727e-03 6.429996221844284585e-03 6.429995912771538889e-03 6.429995953934945774e-03 6.429995953934972662e-03 6.429995917677373309e-03 6.429995953934921488e-03 6.429995953934923222e-03 6.429995912770401778e-03 6.429995912770442544e-03 6.429996221844348769e-03 6.429995912770401778e-03 6.429995917677332543e-03 6.429995953934971795e-03 6.429996221907308823e-03 6.429995953936075079e-03 6.429995911234441183e-03 6.429996221844289789e-03 6.429995953934945774e-03 6.429995911234400417e-03 6.429995917738272511e-03 6.429995912771538889e-03 6.429995912770424329e-03 6.429998201443432385e-03 6.429995912771557104e-03 6.429995917678494807e-03 6.429995912771515471e-03 6.429995953934947509e-03 6.429995912106339223e-03 6.429995912770401778e-03 6.429995912107457252e-03 6.429995912106339223e-03 6.429995911234400417e-03 6.429995912106319274e-03 6.429995911234363121e-03 6.429995911234357917e-03 6.429995911234402152e-03 6.429995911234363121e-03 6.429995911234341437e-03
6.429996221844339228e-03 0.000000000000000000e+00 6.429995911234426438e-03 6.429995911234364855e-03 6.429995911234396948e-03 6.429996263069997532e-03 6.430013137987388057e-03 6.429996263008865010e-03 6.429996263009955283e-03 6.429996221241143783e-03 6.429996226751297748e-03 6.429998510517292640e-03 6.429996263008835519e-03 6.429996226751276932e-03 6.429996226751297748e-03 6.429996221180242846e-03 6.429996221180281878e-03 6.429996226751296881e-03 6.429996221844344433e-03 6.429996221090390242e-03 6.429996221180302694e-03 6.429996530918248923e-03 6.430013137989038646e-03 6.429996221966096867e-03 6.429996226752394094e-03 6.429996221967212294e-03 6.429996221905228890e-03 6.429998510517261415e-03 6.429996221845458125e-03 6.429996226752373277e-03 6.429996263008833784e-03 6.429996226752369808e-03 6.429996226752393226e-03 6.429996221844324483e-03 6.429996226813294163e-03 6.429996221844344433e-03 6.429996221845439910e-03 6.429996263008865877e-03 6.429996221180242846e-03 6.429996221844345300e-03 6.429996530919655784e-03 6.429998510517828669e-03 6.429996221181417254e-03 6.429996530918191677e-03 6.429996263008887561e-03 6.429996263070009675e-03 6.429996221180281878e-03 6.429996263008835519e-03 6.429996263008836387e-03 6.429996263009992580e-03 6.429995911234405621e-03 6.429996226752394094e-03 6.429996226752393226e-03 6.429996226752393226e-03 6.429996263008862407e-03 6.429996530918245454e-03 6.429996530918193412e-03 6.429996226751276932e-03 6.429996221845498024e-03 6.429996263008886694e-03 6.429996221905270523e-03 6.429996221844345300e-03 6.429996221845480676e-03 6.429996530919591599e-03 6.429996263008865010e-03 6.429996530918246321e-03 6.429996221180261928e-03 6.429996226752394094e-03 6.429996263008824244e-03 6.429996226751276932e-03 6.429996221090410191e-03 6.429996226751253513e-03 6.429996226751253513e-03 6.429996226873093551e-03 6.429996221241143783e-03 6.429996226751253513e-03 6.430013137989026503e-03 6.429996221139108216e-03 6.429996221079383421e-03 6.429996530981384184e-03 6.429996226812217767e-03 6.429996530918279281e-03 6.429996221180281878e-03 6.429996221180263663e-03 6.429996530918365150e-03 6.429996221079363472e-03 6.429996263008858938e-03 6.429996530918254127e-03 6.429996263008887561e-03 6.429996226751317698e-03 6.429996530918188208e-03 6.429996221845459860e-03 6.429996263008862407e-03 6.429996263008886694e-03 6.429996226751296014e-03 6.429996263008839856e-03 6.429996263008839856e-03 6.429996221844324483e-03 6.429996221844364382e-03 6.429996530918252393e-03 6.429996221844325351e-03 6.429996226751253513e-03 6.429996263008887561e-03 6.429996530981211579e-03 6.429996263009992580e-03 6.429996221076418779e-03 6.429996530918193412e-03 6.429996263008863275e-03 6.429995911234405621e-03 6.429995911295284874e-03 6.429996221845458125e-03 6.429996221844344433e-03 6.429998510517205904e-03 6.429996221845419094e-03 6.429996226752416645e-03 6.429996221845439043e-03 6.429996263008864142e-03 6.429996221180261928e-03 6.429996221844325351e-03 6.429996221181377355e-03 6.429996221180261928e-03 6.429996221844360045e-03 6.429996221180239377e-03 6.429996263008824244e-03 6.429996221078245443e-03 6.429995911234405621e-03 6.429995911234405621e-03 6.429996530918189943e-03
6.429995912770420860e-03 6.429995911234426438e-03 0.000000000000000000e+00 6.429995911234421234e-03 6.429996221844395607e-03 6.429995953996184115e-03 6.430012828914636290e-03 6.429995953934989142e-03 6.429995953936140131e-03 6.429995912167265314e-03 6.429995917677414075e-03 6.429998201443558152e-03 6.429995953934958784e-03 6.429995917677394125e-03 6.429995917677414942e-03 6.429995912106361775e-03 6.429995912106402541e-03 6.429995917677414075e-03 6.429995912770461626e-03 6.429995912016508303e-03 6.429995912106380856e-03 6.429996221844385199e-03 6.430012828916269532e-03 6.429995912892214061e-03 6.429995917678513022e-03 6.429995912893331222e-03 6.429995912831349553e-03 6.429998201443526927e-03 6.429995912771577921e-03 6.429995917678493073e-03 6.429995953934957049e-03 6.429995917678493940e-03 6.429995917678514757e-03 6.429995912770442544e-03 6.429995917739412224e-03 6.429995912770461626e-03 6.429995912771557104e-03 6.429995953934989142e-03 6.429995912106361775e-03 6.429995912770462493e-03 6.429996221845792059e-03 6.429998201444095916e-03 6.429995912107537050e-03 6.429996221844328820e-03 6.429995953935010826e-03 6.429995953996130338e-03 6.429995912106402541e-03 6.429995953934958784e-03 6.429995953934960519e-03 6.429995953936114110e-03 6.429995912770442544e-03 6.429995917678471389e-03 6.429995917678514757e-03 6.429995917678514757e-03 6.429995953934986540e-03 6.429996221844382596e-03 6.429996221844330555e-03 6.429995917677394125e-03 6.429995911235575692e-03 6.429995953934967458e-03 6.429995911295343855e-03 6.429995912770462493e-03 6.429995912771598737e-03 6.429996221845727007e-03 6.429995953934990009e-03 6.429996221844381729e-03 6.429995912106380856e-03 6.429995917678515624e-03 6.429995953935009959e-03 6.429995917677355094e-03 6.429995912016529987e-03 6.429995917677372441e-03 6.429995917677371574e-03 6.429995917799210745e-03 6.429995912167265314e-03 6.429995917677371574e-03 6.430012828916258256e-03 6.429995912065227144e-03 6.429995911235535794e-03 6.429996221907522194e-03 6.429995917738334961e-03 6.429996221844497088e-03 6.429995912106402541e-03 6.429995912106382591e-03 6.429996221844502292e-03 6.429995912005484135e-03 6.429995953934986540e-03 6.429996221844387801e-03 6.429995953935011693e-03 6.429995917677393258e-03 6.429995911234385672e-03 6.429995912771538889e-03 6.429995953934986540e-03 6.429995953934970060e-03 6.429995917677373309e-03 6.429995953934963121e-03 6.429995953934961386e-03 6.429995911234401285e-03 6.429995912770482443e-03 6.429996221844385199e-03 6.429995912770442544e-03 6.429995917677372441e-03 6.429995911234448989e-03 6.429996221907348722e-03 6.429995953936114110e-03 6.429995912002540309e-03 6.429996221844327085e-03 6.429995953934986540e-03 6.429995912770442544e-03 6.429995917738272511e-03 6.429995912771577921e-03 6.429995912770461626e-03 6.429998201443473151e-03 6.429995912771597003e-03 6.429995917678535573e-03 6.429995912771557104e-03 6.429995953934985672e-03 6.429995912106380856e-03 6.429995912770443411e-03 6.429995912107497151e-03 6.429995911234421234e-03 6.429995912770442544e-03 6.429995912106361775e-03 6.429995953934968325e-03 6.429995912004327074e-03 6.429995911234401285e-03 6.429995953934924090e-03 6.429995911234388274e-03
6.429995911234421234e-03 6.429995911234364855e-03 6.429995911234421234e-03 0.000000000000000000e+00 6.429995911234412560e-03 6.429995953332059977e-03 6.430012828250558990e-03 6.429995911234427305e-03 6.429995953272015126e-03 6.429995911503179340e-03 6.429995917013335040e-03 6.429998200779476515e-03 6.429995911234399550e-03 6.429995917013314223e-03 6.429995917013293406e-03 6.429995911442283607e-03 6.429995911442325240e-03 6.429995917013335040e-03 6.429995912106382591e-03 6.429995911352427533e-03 6.429995911442344322e-03 6.429996221180303562e-03 6.430012828252189630e-03 6.429995912228133291e-03 6.429995917014433120e-03 6.429995912229249586e-03 6.429995912167270518e-03 6.429998200779446157e-03 6.429995911235534059e-03 6.429995917014412303e-03 6.429995953270878015e-03 6.429995917014412303e-03 6.429995917014433120e-03 6.429995912106361775e-03 6.429995917075334057e-03 6.429995912106339223e-03 6.429995912107478069e-03 6.429995953270863270e-03 6.429995911234401285e-03 6.429995912106383459e-03 6.429995911235692786e-03 6.429998200779823460e-03 6.429995911235534059e-03 6.429996221180247183e-03 6.429995953270887556e-03 6.429995953332048701e-03 6.429995911442325240e-03 6.429995953270878882e-03 6.429995953270880617e-03 6.429995953272033340e-03 6.429995912106361775e-03 6.429995917014433987e-03 6.429995917014433987e-03 6.429995917014433120e-03 6.429995953270905770e-03 6.429996221180300960e-03 6.429996221180246316e-03 6.429995917013314223e-03 6.429995912107538784e-03 6.429995953270930056e-03 6.429995912167310416e-03 6.429995912106382591e-03 6.429995911235556610e-03 6.429996221181650574e-03 6.429995953270909240e-03 6.429996221180300960e-03 6.429995911442305291e-03 6.429995917014433987e-03 6.429995953270886688e-03 6.429995917013314223e-03 6.429995911352447482e-03 6.429995917013293406e-03 6.429995917013291672e-03 6.429995917135131710e-03 6.429995911503180207e-03 6.429995917013293406e-03 6.430012828252177487e-03 6.429995911401147242e-03 6.429995911341421580e-03 6.429996221243380709e-03 6.429995917074255926e-03 6.429996221180355603e-03 6.429995911442325240e-03 6.429995911442305291e-03 6.429996221180422390e-03 6.429995911341402498e-03 6.429995953270905770e-03 6.429996221180307898e-03 6.429995953270931791e-03 6.429995917013355856e-03 6.429996221180245448e-03 6.429995912107499753e-03 6.429995953270905770e-03 6.429995953270934393e-03 6.429995917013335040e-03 6.429995953270883219e-03 6.429995953270881484e-03 6.429995912106361775e-03 6.429995912106402541e-03 6.429996221180307898e-03 6.429995912106361775e-03 6.429995917013293406e-03 6.429995953270931791e-03 6.429996221243268820e-03 6.429995953272035075e-03 6.429995911338458672e-03 6.429996221180248918e-03 6.429995953270907505e-03 6.429995912106361775e-03 6.429995917074193476e-03 6.429995912107498886e-03 6.429995912106381724e-03 6.429998200779391514e-03 6.429995912107478069e-03 6.429995917014454804e-03 6.429995912107478069e-03 6.429995953270906638e-03 6.429995911234420367e-03 6.429995912106361775e-03 6.429995911443417249e-03 6.429995911442304424e-03 6.429995912106401673e-03 6.429995911442283607e-03 6.429995953270888423e-03 6.429995911340286203e-03 6.429995917013293406e-03 6.429995953270887556e-03 6.429996221180250653e-03
6.429996221844413822e-03 6.429995911234396948e-03 6.429996221844395607e-03 6.429995911234412560e-03 0.000000000000000000e+00 6.429995911295483500e-03 6.430013137987327342e-03 6.429996263008930929e-03 6.429995911235562682e-03 6.429996221241207101e-03 6.429996226751362801e-03 6.429998510517340345e-03 6.429996263008904041e-03 6.429996226751345453e-03 6.429996226751371474e-03 6.429996221180316572e-03 6.429996221180356471e-03 6.429996226751370607e-03 6.429996221844416424e-03 6.429996221090464835e-03 6.429996221180377287e-03 6.429996530918320047e-03 6.430013137989111505e-03 6.429996221966168858e-03 6.429996226752468687e-03 6.429996221967286020e-03 6.429996221905299146e-03 6.429998510517333406e-03 6.429996221845532718e-03 6.429996226752443533e-03 6.429996263008906643e-03 6.429996226752447870e-03 6.429996226752467819e-03 6.429996221844395607e-03 6.429996226813367889e-03 6.429996221844418158e-03 6.429996221845512769e-03 6.429996263008938735e-03 6.429996221180313103e-03 6.429996221844418158e-03 6.429996530919730377e-03 6.429998510517902395e-03 6.429996221181492715e-03 6.429996530918265403e-03 6.429996263008962154e-03 6.429996263070082534e-03 6.429996221180358205e-03 6.429996263008910112e-03 6.429996263008911847e-03 6.429996263010066306e-03 6.429996221844376525e-03 6.429996226752468687e-03 6.429996226752467819e-03 6.429996226752464350e-03 6.429996263008935266e-03 6.429996530918318312e-03 6.429996530918267138e-03 6.429996226751349790e-03 6.429996221845572617e-03 6.429996263008961287e-03 6.429996221905344249e-03 6.429996221844418158e-03 6.429996221845554402e-03 6.429996530919665325e-03 6.429996263008932664e-03 6.429996530918313108e-03 6.429996221180333919e-03 6.429996226752468687e-03 6.429995911234451592e-03 6.429996226751349790e-03 6.429996221090482182e-03 6.429996226751323769e-03 6.429996226751327239e-03 6.429996226873163807e-03 6.429996221241217509e-03 6.429996226751327239e-03 6.430013137989100229e-03 6.429996221139180207e-03 6.429996221079396432e-03 6.429996530981377245e-03 6.429996226812229911e-03 6.429995911234473276e-03 6.429996221180295755e-03 6.429996221180338256e-03 6.429996530918358211e-03 6.429996221079377350e-03 6.429996263008937001e-03 6.429996530918324384e-03 6.429996263008958685e-03 6.429996226751391424e-03 6.429996530918261934e-03 6.429996221845532718e-03 6.429996263008937001e-03 6.429996263008963889e-03 6.429996226751370607e-03 6.429996263008913582e-03 6.429996263008912714e-03 6.429996221844395607e-03 6.429996221844437240e-03 6.429996530918319179e-03 6.429996221844398209e-03 6.429996226751327239e-03 6.429996263008963021e-03 6.429996530981285305e-03 6.429996263010067173e-03 6.429996221076433524e-03 6.429996530918267138e-03 6.429996263008937001e-03 6.429996221844377392e-03 6.429996226812207359e-03 6.429996221845532718e-03 6.429996221844418158e-03 6.429998510517278762e-03 6.429995911235567019e-03 6.429996226752489503e-03 6.429996221845511901e-03 6.429996263008934398e-03 6.429996221180335654e-03 6.429996221844389535e-03 6.429996221181451949e-03 6.429996221180336521e-03 6.429996221844437240e-03 6.429996221180316572e-03 6.429995911234453326e-03 6.429996221078320036e-03 6.429996226751308157e-03 6.429996263008897102e-03 6.429996530918262801e-03
6.429995953996144216e-03 6.429996263069997532e-03 6.429995953996184115e-03 6.429995953332059977e-03 6.429995911295483500e-03 0.000000000000000000e+00 6.429995911234565216e-03 6.429995911295442734e-03 6.429995911296531273e-03 6.429995911234407356e-03 6.429995911295460949e-03 6.429998242669199109e-03 6.429995995160637037e-03 6.429995958903075848e-03 6.429995958903097532e-03 6.429995953332041762e-03 6.429995953332084263e-03 6.429995958903097532e-03 6.429995953996142481e-03 6.429995953242188290e-03 6.429995953332059977e-03 6.429996263070063452e-03 6.430012870141800334e-03 6.429995954117894048e-03 6.429995958904195612e-03 6.429995953997093977e-03 6.429995954056987040e-03 6.429998242669186098e-03 6.429995953997256174e-03 6.429995911296537345e-03 6.429995995160637037e-03 6.429995958904173060e-03 6.429995958904193877e-03 6.429995953996121665e-03 6.429995958965093947e-03 6.429995953996142481e-03 6.429995953997235357e-03 6.429995995160669130e-03 6.429995953332041762e-03 6.429995953996145083e-03 6.429996263071470312e-03 6.429998242669757690e-03 6.429995953333219640e-03 6.429996263070005338e-03 6.429995995160692548e-03 6.429995995099746509e-03 6.429995953332084263e-03 6.429995995160640507e-03 6.429995995160641374e-03 6.429995995161794965e-03 6.429995953996162431e-03 6.429995958904194744e-03 6.429995958904192142e-03 6.429995958904193877e-03 6.429995995160667395e-03 6.429996263070060850e-03 6.429996263070003604e-03 6.429995958903077583e-03 6.429995953997299542e-03 6.429995995160690814e-03 6.429995953935154808e-03 6.429995953996145083e-03 6.429995953997278725e-03 6.429996263071407862e-03 6.429995995160669130e-03 6.429996263069995797e-03 6.429995953332061712e-03 6.429995958904195612e-03 6.429995995160644844e-03 6.429995958903078450e-03 6.429995953242209974e-03 6.429995958903055898e-03 6.429995958903055898e-03 6.429995959024893334e-03 6.429995953392946169e-03 6.429995958903055898e-03 6.430012870141789058e-03 6.429995953290906265e-03 6.429995953231182337e-03 6.429996263133199580e-03 6.429995958964014949e-03 6.429996263070111157e-03 6.429995953332084263e-03 6.429995953332062579e-03 6.429996263070177076e-03 6.429995953231162388e-03 6.429995995160667395e-03 6.429996263070067788e-03 6.429995911295466153e-03 6.429995958903117481e-03 6.429996263070004471e-03 6.429995953997256174e-03 6.429995995160667395e-03 6.429995995160692548e-03 6.429995958903053296e-03 6.429995995160643109e-03 6.429995995160642241e-03 6.429995953996123399e-03 6.429995953996120797e-03 6.429995911295441867e-03 6.429995953996121665e-03 6.429995958903055898e-03 6.429995995160644844e-03 6.429996263133028710e-03 6.429995995161794965e-03 6.429995953228219430e-03 6.429996263070003604e-03 6.429995995160667395e-03 6.429995953996163298e-03 6.429995958842061286e-03 6.429995953997257908e-03 6.429995953996145083e-03 6.429998242669134924e-03 6.429995953997232755e-03 6.429995958904217296e-03 6.429995953997236224e-03 6.429995995160668262e-03 6.429995953332061712e-03 6.429995953996124267e-03 6.429995953333177139e-03 6.429995953332061712e-03 6.429995953996161563e-03 6.429995953332041762e-03 6.429995995160644844e-03 6.429995953230048696e-03 6.429995958903054164e-03 6.429995995160691681e-03 6.429996263070012277e-03
6.430012828914597259e-03 6.430013137987388057e-03 6.430012828914636290e-03 6.430012828250558990e-03 6.430013137987327342e-03 6.429995911234565216e-03 0.000000000000000000e+00 6.430012870078822065e-03 6.430012870079973922e-03 6.429995911234534858e-03 6.430012833821381439e-03 6.430015117579455583e-03 6.430012870078946098e-03 6.430012833821510676e-03 6.430012833821533227e-03 6.430012828250499142e-03 6.430012828250539908e-03 6.430012833821513278e-03 6.430012828914596391e-03 6.430012828160623119e-03 6.430012828250556388e-03 6.430013137987408874e-03 6.430029744999521575e-03 6.430012829036347959e-03 6.430012833822627838e-03 6.429995911296665714e-03 6.430012828975481716e-03 6.430015117579420889e-03 6.430012828915710084e-03 6.430012833822455233e-03 6.430012870078944363e-03 6.430012833822609623e-03 6.430012833822630440e-03 6.430012828914577309e-03 6.430012833883529642e-03 6.430012828914596391e-03 6.430012828915693604e-03 6.430012870078973854e-03 6.430012828250499142e-03 6.430012828914598993e-03 6.430013137988817469e-03 6.430015117579992480e-03 6.430012828251673550e-03 6.430013137987353362e-03 6.430012870078997272e-03 6.429995911234516644e-03 6.430012828250387252e-03 6.430012870078791708e-03 6.430012870078946098e-03 6.430012870080099689e-03 6.430012828914618943e-03 6.430012833822630440e-03 6.430012833822460437e-03 6.430012833822630440e-03 6.430012870078971252e-03 6.430013137987405404e-03 6.430013137987351628e-03 6.430012833821509809e-03 6.430012828915753452e-03 6.430012870078992936e-03 6.429995911234725678e-03 6.430012828914595524e-03 6.430012828915734370e-03 6.430013137988752417e-03 6.430012870078975588e-03 6.430013137987402802e-03 6.430012828250367303e-03 6.430012833822631307e-03 6.430012870078994670e-03 6.430012833821512411e-03 6.430012828160664752e-03 6.430012833821489859e-03 6.430012833821485523e-03 6.430012833943326428e-03 6.430012828311397477e-03 6.430012833821339806e-03 6.430029744999516371e-03 6.430012828209342828e-03 6.430012828149640584e-03 6.430013138050545869e-03 6.430012833882452379e-03 6.430013137987521631e-03 6.430012828250539908e-03 6.430012828250500009e-03 6.430013137987527702e-03 6.430012828149467979e-03 6.430012870078972119e-03 6.430013137987414078e-03 6.430012870078844617e-03 6.430012833821554044e-03 6.430013137987349893e-03 6.430012828915713553e-03 6.430012870078972986e-03 6.430012870078999875e-03 6.430012833821533227e-03 6.430012870078948700e-03 6.430012870078946098e-03 6.430012828914426389e-03 6.430012828914619810e-03 6.430013137987259687e-03 6.430012828914578177e-03 6.430012833821489859e-03 6.430012870078997272e-03 6.430013138050371529e-03 6.430012870080097954e-03 6.430012828146675075e-03 6.430013137987354230e-03 6.430012870078950435e-03 6.430012828914618943e-03 6.429995911234667565e-03 6.430012828915712686e-03 6.430012828914578177e-03 6.430015117579369714e-03 6.430012828915733503e-03 6.430012833822631307e-03 6.430012828915692737e-03 6.430012870078973854e-03 6.430012828250515622e-03 6.430012828914578177e-03 6.430012828251632784e-03 6.430012828250367303e-03 6.430012828914618075e-03 6.430012828250499142e-03 6.430012870078996405e-03 6.430012828148504340e-03 6.430012833821533227e-03 6.430012870078996405e-03 6.430013137987357699e-03
6.429995953934948376e-03 6.429996263008865010e-03 6.429995953934989142e-03 6.429995911234427305e-03 6.429996263008930929e-03 6.429995911295442734e-03 6.430012870078822065e-03 0.000000000000000000e+00 6.429995911235521049e-03 6.429995953331702624e-03 6.429995958841897355e-03 6.429998242608004136e-03 6.429995911234363121e-03 6.429995958841878273e-03 6.429995958841899090e-03 6.429995953270847657e-03 6.429995953270887556e-03 6.429995958841899957e-03 6.429995953934948376e-03 6.429995911234386539e-03 6.429995953270907505e-03 6.429996263008865010e-03 6.430012870080602759e-03 6.429995954056698208e-03 6.429995958842997170e-03 6.429995954057814503e-03 6.429995953995832833e-03 6.429998242607994595e-03 6.429995953936062068e-03 6.429995958842975486e-03 6.429995995099438595e-03 6.429995958842976353e-03 6.429995958842997170e-03 6.429995953934927559e-03 6.429995958903896372e-03 6.429995953934948376e-03 6.429995953936041252e-03 6.429995995099468953e-03 6.429995953270846790e-03 6.429995953934949243e-03 6.429996263010274472e-03 6.429998242608560982e-03 6.429995953272021197e-03 6.429996263008809498e-03 6.429995995099494106e-03 6.429995995160613619e-03 6.429995953270888423e-03 6.429995995099440330e-03 6.429995995099441197e-03 6.429995995100595656e-03 6.429995953934924957e-03 6.429995958842997170e-03 6.429995911235458599e-03 6.429995958842955536e-03 6.429995995099466351e-03 6.429996263008862407e-03 6.429995911234346641e-03 6.429995958841879140e-03 6.429995953936058599e-03 6.429995995099445534e-03 6.429995953995830231e-03 6.429995953934948376e-03 6.429995953936083752e-03 6.429996263010211155e-03 6.429995995099469820e-03 6.429996263008863275e-03 6.429995953270868474e-03 6.429995958842998037e-03 6.429995995099493239e-03 6.429995958841880008e-03 6.429995953181011532e-03 6.429995958841856589e-03 6.429995958841855722e-03 6.429995958963695760e-03 6.429995953331746859e-03 6.429995958841856589e-03 6.430012870080593218e-03 6.429995953229710424e-03 6.429995953169986497e-03 6.429996263072003740e-03 6.429995958902816507e-03 6.429996263008976899e-03 6.429995953270887556e-03 6.429995953270868474e-03 6.429996263008982971e-03 6.429995953169966548e-03 6.429995995099467218e-03 6.429996263008869346e-03 6.429995995099492372e-03 6.429995958841919906e-03 6.429996263008806896e-03 6.429995953936063803e-03 6.429995995099466351e-03 6.429995995099494106e-03 6.429995958841898222e-03 6.429995995099442932e-03 6.429995911234366590e-03 6.429995953934927559e-03 6.429995953934966590e-03 6.429996263008865010e-03 6.429995911234366590e-03 6.429995958841857456e-03 6.429995995099494106e-03 6.429996263071829400e-03 6.429995995100598258e-03 6.429995953167021855e-03 6.429996263008811233e-03 6.429995995099467218e-03 6.429995953934967458e-03 6.429995958902798292e-03 6.429995953936063803e-03 6.429995953934949243e-03 6.429998242607939084e-03 6.429995953936082885e-03 6.429995958843017986e-03 6.429995953936042119e-03 6.429995995099468085e-03 6.429995953270867606e-03 6.429995953934927559e-03 6.429995953271980431e-03 6.429995953270868474e-03 6.429995953934966590e-03 6.429995953270847657e-03 6.429995995099494106e-03 6.429995953168849386e-03 6.429995958841898222e-03 6.429995995099494106e-03 6.429996263008814703e-03
6.429995953936099365e-03 6.429996263009955283e-03 6.429995953936140131e-03 6.429995953272015126e-03 6.429995911235562682e-03 6.429995911296531273e-03 6.430012870079973922e-03 6.429995911235521049e-03 0.000000000000000000e+00 6.429995911296399434e-03 6.429995911235538396e-03 6.429995911234392611e-03 6.429995911235496762e-03 6.429995911235518447e-03 6.429995958843050946e-03 6.429995953271998646e-03 6.429995953272040279e-03 6.429995958843052681e-03 6.429995953936098498e-03 6.429995953182144307e-03 6.429995953272060229e-03 6.429996263010019468e-03 6.430012870081752881e-03 6.429995954057850065e-03 6.429995958844149893e-03 6.429995954058968094e-03 6.429995911296401169e-03 6.429998242609148186e-03 6.429995953937214792e-03 6.429995958844128209e-03 6.429995995100593054e-03 6.429995958844128209e-03 6.429995958844151628e-03 6.429995953936080283e-03 6.429995958905049963e-03 6.429995953936098498e-03 6.429995953937195710e-03 6.429995995100625146e-03 6.429995953271999513e-03 6.429995953936100232e-03 6.429996263011427196e-03 6.429998242609717175e-03 6.429995953273175656e-03 6.429996263009963957e-03 6.429995995100648565e-03 6.429995995161767210e-03 6.429995953272042014e-03 6.429995995100594788e-03 6.429995995100595656e-03 6.429995995101748379e-03 6.429995953936120182e-03 6.429995958841898222e-03 6.429995958844149026e-03 6.429995958841896488e-03 6.429995995100621677e-03 6.429996263010015131e-03 6.429996263009962222e-03 6.429995958843031864e-03 6.429995953937254691e-03 6.429995995100646830e-03 6.429995953997026323e-03 6.429995953936099365e-03 6.429995953934986540e-03 6.429996263011363011e-03 6.429995995100626013e-03 6.429996263010015999e-03 6.429995953272021197e-03 6.429995958841897355e-03 6.429995995100598258e-03 6.429995958843031864e-03 6.429995953182164256e-03 6.429995958843009313e-03 6.429995958843009313e-03 6.429995958964848483e-03 6.429995953332898716e-03 6.429995958843010180e-03 6.430012870081744207e-03 6.429995953230864016e-03 6.429995953171138354e-03 6.429996263073157331e-03 6.429995958903972700e-03 6.429996263010067173e-03 6.429995953272042014e-03 6.429995953272021197e-03 6.429996263010136562e-03 6.429995953168869335e-03 6.429995995100623411e-03 6.429996263010022070e-03 6.429995995100646830e-03 6.429995958843070895e-03 6.429996263009962222e-03 6.429995953937215659e-03 6.429995995100622544e-03 6.429995995100651167e-03 6.429995958843050946e-03 6.429995995100598258e-03 6.429995995100595656e-03 6.429995953936080283e-03 6.429995953936121916e-03 6.429996263010018601e-03 6.429995953936080283e-03 6.429995958843009313e-03 6.429995995100648565e-03 6.429996263072982124e-03 6.429995995099480229e-03 6.429995953168174579e-03 6.429996263009963957e-03 6.429995995100620809e-03 6.429995953936121049e-03 6.429995958903951016e-03 6.429995953937214792e-03 6.429995953936099365e-03 6.429998242609093542e-03 6.429995953937191373e-03 6.429995958844171577e-03 6.429995953937193975e-03 6.429995995100624279e-03 6.429995953272020330e-03 6.429995953936081150e-03 6.429995953273134890e-03 6.429995953272021197e-03 6.429995953936120182e-03 6.429995953271999513e-03 6.429995995100599993e-03 6.429995953170002110e-03 6.429995958843050946e-03 6.429995995100649432e-03 6.429996263009968294e-03
6.429995912167224548e-03 6.429996221241143783e-03 6.429995912167265314e-03 6.429995911503179340e-03 6.429996221241207101e-03 6.429995911234407356e-03 6.429995911234534858e-03 6.429995953331702624e-03 6.429995911296399434e-03 0.000000000000000000e+00 6.429995911295280538e-03 6.429998200840297655e-03 6.429995953331717369e-03 6.429995911295260588e-03 6.429995911295282272e-03 6.429995911503121227e-03 6.429995911503160258e-03 6.429995917074176996e-03 6.429995912167224548e-03 6.429995911413266887e-03 6.429995911503180207e-03 6.429996221241145518e-03 6.430012828313026382e-03 6.429995912288973513e-03 6.429995917075275076e-03 6.429995911296358668e-03 6.429995912228107270e-03 6.429998200840287247e-03 6.429995912168338240e-03 6.429995917075251657e-03 6.429995953331717369e-03 6.429995917075255127e-03 6.429995917075275944e-03 6.429995912167204598e-03 6.429995917136173411e-03 6.429995912167224548e-03 6.429995912168317423e-03 6.429995953331745992e-03 6.429995911503120359e-03 6.429995912167226282e-03 6.429996221242554114e-03 6.429998200840856236e-03 6.429995911296417649e-03 6.429996221241088272e-03 6.429995953331768543e-03 6.429995953270979496e-03 6.429995911503161125e-03 6.429995953331718236e-03 6.429995953331718236e-03 6.429995953332874430e-03 6.429995912167203731e-03 6.429995917075275944e-03 6.429995917075234310e-03 6.429995917075234310e-03 6.429995953331744257e-03 6.429996221241143783e-03 6.429995911295228496e-03 6.429995917074157914e-03 6.429995912168336505e-03 6.429995953331725175e-03 6.429995912106340958e-03 6.429995912167226282e-03 6.429995912168359057e-03 6.429996221242490796e-03 6.429995953331745992e-03 6.429996221241142049e-03 6.429995911503140309e-03 6.429995917075276811e-03 6.429995953331766809e-03 6.429995917074158782e-03 6.429995911413287704e-03 6.429995917074134495e-03 6.429995917074134495e-03 6.429995917195972799e-03 6.429995911564022164e-03 6.429995917074135363e-03 6.430012828313019443e-03 6.429995911461985729e-03 6.429995911402260067e-03 6.429996221304280779e-03 6.429995917135094413e-03 6.429996221241256540e-03 6.429995911503161125e-03 6.429995911503141176e-03 6.429996221241264347e-03 6.429995911402240985e-03 6.429995953331745992e-03 6.429996221241149855e-03 6.429995953331769411e-03 6.429995917074198680e-03 6.429996221241084803e-03 6.429995912168338240e-03 6.429995953331745992e-03 6.429995953331772880e-03 6.429995917074176996e-03 6.429995953331720838e-03 6.429995953331720838e-03 6.429995912167204598e-03 6.429995912167245364e-03 6.429996221241146385e-03 6.429995912167204598e-03 6.429995911295239772e-03 6.429995953331770278e-03 6.429996221304103837e-03 6.429995953332875297e-03 6.429995911399298027e-03 6.429996221241090007e-03 6.429995911295265792e-03 6.429995912167245364e-03 6.429995917013289937e-03 6.429995912168335638e-03 6.429995912167224548e-03 6.429998200840231735e-03 6.429995912168358189e-03 6.429995917075295893e-03 6.429995912168317423e-03 6.429995953331745125e-03 6.429995911503140309e-03 6.429995912167204598e-03 6.429995911504256603e-03 6.429995911503140309e-03 6.429995912167244497e-03 6.429995911503121227e-03 6.429995911295287477e-03 6.429995911401124691e-03 6.429995917074176129e-03 6.429995953331770278e-03 6.429996221241089140e-03
6.429995917677374176e-03 6.429996226751297748e-03 6.429995917677414075e-03 6.429995917013335040e-03 6.429996226751362801e-03 6.429995911295460949e-03 6.430012833821381439e-03 6.429995958841897355e-03 6.429995911235538396e-03 6.429995911295280538e-03 0.000000000000000000e+00 6.429998206350447283e-03 6.429995958841870467e-03 6.429995922584307542e-03 6.429995922584330094e-03 6.429995917013275192e-03 6.429995917013314223e-03 6.429995922584288461e-03 6.429995917677374176e-03 6.429995911234403019e-03 6.429995917013335040e-03 6.429996226751297748e-03 6.430012833823161265e-03 6.429995917799124008e-03 6.429995922585425572e-03 6.429995917800243772e-03 6.429995917738259500e-03 6.429998206350436007e-03 6.429995917678492205e-03 6.429995922585404755e-03 6.429995958841869599e-03 6.429995922585408225e-03 6.429995922585428174e-03 6.429995917677355961e-03 6.429995922646330846e-03 6.429995917677374176e-03 6.429995911235495895e-03 6.429995958841899957e-03 6.429995911234383070e-03 6.429995917677335145e-03 6.429996226752643027e-03 6.429998206351004997e-03 6.429995917014450467e-03 6.429996226751241370e-03 6.429995958841921641e-03 6.429995958903043755e-03 6.429995917013316825e-03 6.429995958841872201e-03 6.429995958841873069e-03 6.429995958843025793e-03 6.429995917677395860e-03 6.429995922585428174e-03 6.429995922585428174e-03 6.429995922585427306e-03 6.429995958841897355e-03 6.429996226751294279e-03 6.429996226751243105e-03 6.429995922584307542e-03 6.429995917678531236e-03 6.429995958841921641e-03 6.429995917738302001e-03 6.429995917677376778e-03 6.429995917678513022e-03 6.429996226752640424e-03 6.429995958841900824e-03 6.429996226751295146e-03 6.429995917013294274e-03 6.429995922585428174e-03 6.429995958841920774e-03 6.429995922584309277e-03 6.429995916923401771e-03 6.429995922584286726e-03 6.429995922584286726e-03 6.429995922706125897e-03 6.429995917074137098e-03 6.429995922584286726e-03 6.430012833821995531e-03 6.429995916972141429e-03 6.429995916912414899e-03 6.429995911296480099e-03 6.429995922645247511e-03 6.429996226751347188e-03 6.429995917013273457e-03 6.429995917013296008e-03 6.429996226751354127e-03 6.429995916912394950e-03 6.429995958841898222e-03 6.429996226751302085e-03 6.429995958841878273e-03 6.429995922584350911e-03 6.429996226751238768e-03 6.429995917678493073e-03 6.429995958841898222e-03 6.429995958841925111e-03 6.429995911234423836e-03 6.429995958841875671e-03 6.429995958841875671e-03 6.429995917677355961e-03 6.429995917677395860e-03 6.429996226751296881e-03 6.429995917677355961e-03 6.429995922584286726e-03 6.429995958841880875e-03 6.429996226814263006e-03 6.429995958843025793e-03 6.429995916909410358e-03 6.429995911234368325e-03 6.429995958841898222e-03 6.429995917677395860e-03 6.429995922645226694e-03 6.429995917678491338e-03 6.429995917677335145e-03 6.429998206350381364e-03 6.429995917678511287e-03 6.429995922585449858e-03 6.429995917678469654e-03 6.429995958841899090e-03 6.429995917013294274e-03 6.429995917677355961e-03 6.429995917014409701e-03 6.429995917013254375e-03 6.429995917677394993e-03 6.429995917013273457e-03 6.429995958841921641e-03 6.429995911234423836e-03 6.429995922584329227e-03 6.429995958841921641e-03 6.429996226751245707e-03
6.429998201443519121e-03 6.429998510517292640e-03 6.429998201443558152e-03 6.429998200779476515e-03 6.429998510517340345e-03 6.429998242669199109e-03 6.430015117579455583e-03 6.429998242608004136e-03 6.429995911234392611e-03 6.429998200840297655e-03 6.429998206350447283e-03 0.000000000000000000e+00 6.429998242607975513e-03 6.429998206350426466e-03 6.429998206350468100e-03 6.429998200779412330e-03 6.429998200779453096e-03 6.429998206350468967e-03 6.429998201443515651e-03 6.429998200689564930e-03 6.429998200779476515e-03 6.429998510517291772e-03 6.430015117581083621e-03 6.429998201565267218e-03 6.429998206351564445e-03 6.429998201566384380e-03 6.429998201504355873e-03 6.430000490115468127e-03 6.429998201444632813e-03 6.429998206351544496e-03 6.429998242607994595e-03 6.429998206351545363e-03 6.429998206351566180e-03 6.429998201443497437e-03 6.429998206412465382e-03 6.429998201443518253e-03 6.429998201444611997e-03 6.429998242608027555e-03 6.429998200779412330e-03 6.429998201443519121e-03 6.429998510518698633e-03 6.430000490116038851e-03 6.429998200780587606e-03 6.429998510517234526e-03 6.429998242608050106e-03 6.429998242669167016e-03 6.429998200779453096e-03 6.429998242607996330e-03 6.429998242607995462e-03 6.429998242609148186e-03 6.429998201443535601e-03 6.429995911234406489e-03 6.429998206351566180e-03 6.429995911234405621e-03 6.429998242608019748e-03 6.429998510517290038e-03 6.429998510517233659e-03 6.429998206350443814e-03 6.429998201444673579e-03 6.429998242608050106e-03 6.429998201504420058e-03 6.429998201443519121e-03 6.429995911234429040e-03 6.429998510518630112e-03 6.429998242608025820e-03 6.429998510517290038e-03 6.429998200779435749e-03 6.429995911234406489e-03 6.429998242608045769e-03 6.429998206350441212e-03 6.429998200689582277e-03 6.429998206350421262e-03 6.429998206350420395e-03 6.429998206472264770e-03 6.429998200840318472e-03 6.429998206350426466e-03 6.430015117581073213e-03 6.429998200738281169e-03 6.429998200678556375e-03 6.429998510580429635e-03 6.429998206411387252e-03 6.429998510517403662e-03 6.429998200779458301e-03 6.429998200779416667e-03 6.429998510517410601e-03 6.429995911234430775e-03 6.429998242608002401e-03 6.429998510517296977e-03 6.429998242608050973e-03 6.429998206350488049e-03 6.429998510517230190e-03 6.429998201444632813e-03 6.429998242608024953e-03 6.429998242608050106e-03 6.429998206350468100e-03 6.429998242608000666e-03 6.429998242607999799e-03 6.429998201443497437e-03 6.429998201443539070e-03 6.429998510517296977e-03 6.429998201443498304e-03 6.429998206350425599e-03 6.429998242608031024e-03 6.429998510580255296e-03 6.429995911234370060e-03 6.429998200675570916e-03 6.429998510517236261e-03 6.429998242608026687e-03 6.429998201443517386e-03 6.429998206411367302e-03 6.429998201444631946e-03 6.429998201443519121e-03 6.430000490115413483e-03 6.429998201444649293e-03 6.429998206351587864e-03 6.429998201444608527e-03 6.429998242608004136e-03 6.429998200779433147e-03 6.429998201443499171e-03 6.429998200780548574e-03 6.429998200779436617e-03 6.429998201443538203e-03 6.429998200779416667e-03 6.429998242608050106e-03 6.429998200677421866e-03 6.429998206350467232e-03 6.429998242608050106e-03 6.429998510517239731e-03
