0.000000000000000000e+00 8.945037442090466098e-03 8.940242304344205374e-03 8.896820918168013570e-03 9.176982537724523090e-03 9.008335044320820578e-03 8.967504337431214320e-03 9.039277068140963434e-03 9.044480645158996246e-03 9.238475350736212108e-03 9.229393930249596770e-03 9.255413452928394971e-03 9.253030126729686403e-03 9.249622929559326093e-03 9.204042070737496542e-03 9.015410628200389020e-03 9.246801505014645359e-03 9.198720174476739120e-03 9.232588162618416902e-03 9.193022448276246331e-03 9.253739160862755816e-03 9.221771207217718813e-03 9.211240680125420272e-03 9.276508725952987977e-03 9.198407021179138762e-03 9.220364004499676663e-03 9.188810734650493597e-03 9.084926987825288694e-03 9.192631407537772345e-03 9.193055982260294259e-03 9.171840775642465735e-03 9.047584185478468530e-03 9.027642126568782149e-03 9.219230318842898397e-03 9.192303339016782288e-03 9.188020200717877950e-03 9.083403970288273649e-03 9.048746668712944266e-03 9.205990599413961875e-03 9.239380417567199730e-03 9.213791407386304200e-03 9.182196927764009822e-03 9.195647342948996827e-03 9.039545809176242896e-03 9.176175025814680211e-03 9.185329836228352945e-03 9.189181989265248970e-03 9.183294914123250885e-03 9.059801934332952292e-03 9.048091009959872630e-03 9.197395266245482828e-03 8.907510457197904963e-03 9.204394821223369980e-03 9.192521840812976908e-03 9.198870951270823881e-03 9.188943365743348565e-03 9.205647554995598919e-03 9.193021632502646617e-03 9.223644407209869583e-03 9.240697216918596774e-03 9.224908028788440795e-03 9.228799049043773586e-03 9.223427034236054284e-03 9.219713976523347468e-03 9.254039261165341451e-03 9.197486114486598530e-03 9.225982323560881840e-03 9.251709593354865563e-03 9.226385602777139108e-03 9.203610518600077034e-03 9.212398154395985694e-03 9.213546937221085004e-03 9.199550428634349283e-03 9.232801397823193340e-03 9.259145234040248862e-03 9.239628811034926448e-03 9.194998115584985393e-03 9.195372142934327836e-03 9.190050306803717803e-03 9.201232660883811379e-03 9.258483736171951167e-03 9.225977456426460652e-03 9.192744354478516941e-03 9.208939447507944950e-03 9.191954288340513368e-03 9.195971437099950685e-03 9.191304036609766401e-03 9.189655001264085757e-03 9.192385656220927390e-03 9.242470487611186697e-03 9.218122537219299029e-03 9.220083637227493439e-03 9.237985972903133697e-03 9.218400933715278564e-03 9.205543082518155562e-03 9.190165055977255956e-03 9.188891173784853941e-03 9.191206739123445116e-03 9.178960502257992038e-03 9.190680247710504569e-03
8.945037442090466098e-03 0.000000000000000000e+00 8.912747332519919963e-03 8.871777145368469827e-03 8.929285607365751790e-03 8.992690548395841990e-03 9.183038998842348380e-03 9.013295533801478007e-03 9.018800956132805302e-03 9.238312267978778317e-03 9.221444151954220556e-03 9.246752710045524556e-03 9.244403081689781670e-03 9.241058669611603923e-03 9.197783627505354276e-03 8.998633332207238086e-03 9.238114817698966225e-03 9.196075600558630339e-03 9.223734354696670398e-03 9.185739236415687431e-03 9.245527841062662136e-03 9.214438796489617459e-03 9.202613199602870803e-03 9.268689414890377357e-03 9.070157626151143654e-03 9.211174839300433764e-03 9.180562189146132535e-03 9.178494267026960154e-03 9.187564053816757101e-03 9.185499642304546103e-03 9.017517723484577002e-03 9.021660399473262551e-03 9.012783705857582359e-03 9.210280174979547721e-03 9.184278263482848967e-03 9.179811382015649543e-03 9.179184166059131678e-03 9.024166674882627345e-03 9.207726579650557866e-03 9.242041533292017635e-03 9.212885974769572869e-03 9.039191575993310579e-03 9.187740479079758299e-03 9.173076307898408652e-03 9.168023234992694545e-03 9.178137174963173564e-03 9.180418920629054846e-03 9.181502199402009901e-03 9.030279389465588682e-03 9.174440118507539571e-03 9.205433385203692573e-03 9.197468071621766120e-03 9.211775565981782446e-03 9.194299815098245371e-03 9.200389132699257622e-03 9.189229566700034268e-03 9.214981393510400173e-03 9.194653092216956841e-03 9.215778174524891925e-03 9.232169356061449561e-03 9.216291508991635018e-03 9.220092790422474913e-03 9.214839052512425674e-03 9.211130318911785533e-03 9.245600514585186613e-03 9.188953341957418683e-03 9.218057574727767101e-03 9.243084432284793400e-03 9.217774280003265125e-03 9.195304664023842486e-03 9.205643249900603148e-03 9.204922753137357097e-03 9.190952215057300589e-03 9.224424476063359038e-03 9.250816300324564076e-03 9.246776035376430905e-03 9.186433755159349041e-03 9.187915801356784373e-03 9.181238888938864778e-03 9.207908979140479525e-03 9.250067068977827628e-03 9.217267738187642431e-03 9.185412287595860759e-03 9.200483248754498522e-03 9.183840048027363742e-03 9.187470121611819238e-03 9.183507377293115628e-03 9.181063843807100305e-03 9.183195223036379196e-03 9.234117210306449358e-03 9.225765758122317015e-03 9.213111002130940780e-03 9.229927721659748202e-03 9.211046258126938738e-03 9.197162934834532746e-03 9.182125359566221598e-03 9.180636635902848439e-03 9.182588161912643224e-03 9.044539152909690863e-03 9.182963760878196102e-03
8.940242304344205374e-03 8.912747332519919963e-03 0.000000000000000000e+00 8.866318854875175626e-03 8.934998491077565316e-03 8.995997255177549598e-03 8.946722357453263871e-03 9.009637435026833160e-03 9.014376634290440643e-03 9.234312540016014273e-03 9.224737096716837878e-03 9.249969244104941368e-03 9.248286560437394069e-03 9.244647007469476360e-03 9.201748850804930893e-03 8.993587485579128057e-03 9.241768694792817929e-03 9.071993377821652854e-03 9.227393978086235668e-03 9.189731935624979864e-03 9.249025677146322649e-03 9.218449482914956375e-03 9.206316066722180710e-03 9.272817295657393571e-03 9.066472672272250788e-03 9.215643343641685345e-03 9.184772357179186303e-03 9.182508643412407370e-03 9.191819670380648941e-03 9.189522633295570814e-03 9.022041715823799282e-03 9.016923414352765245e-03 9.007427169289487084e-03 9.215364052075455253e-03 9.188598519213582796e-03 9.184507209607929712e-03 9.183556619442916069e-03 9.174391823674866650e-03 9.202485972945310955e-03 9.236901923418113294e-03 9.209314170710055161e-03 9.042461061163986971e-03 9.192187204666628364e-03 9.177139501598478855e-03 9.171548374410882359e-03 9.182213495241118781e-03 9.184286660176562561e-03 9.178280904623166772e-03 9.033672244128989129e-03 9.179026673506998288e-03 9.210476908856693457e-03 9.202757406863026554e-03 9.216033351170408935e-03 9.198352089142176197e-03 9.205936002686602310e-03 9.194267335483652034e-03 9.219138288516509280e-03 9.199599108148069637e-03 9.219810059735253360e-03 9.236320464989802859e-03 9.220466735017604151e-03 9.224249219631894606e-03 9.219012017867117895e-03 9.215302198444070073e-03 9.249425757049074825e-03 9.193181050618165831e-03 9.222260175433080742e-03 9.247156836773001015e-03 9.221949063288973139e-03 9.199515685857763067e-03 9.209172507484942802e-03 9.209070950645333042e-03 9.195135941332586646e-03 9.228608206062596797e-03 9.254908809884882306e-03 9.251481912650173084e-03 9.190692667899028057e-03 9.192074012189171278e-03 9.186097362919996845e-03 9.212819932454090199e-03 9.254162892676380536e-03 9.222100439413747144e-03 9.189665672066861871e-03 9.204710964567021370e-03 9.188054245433903422e-03 9.191669805567648580e-03 9.187968744067503274e-03 9.185794494059774593e-03 9.188063874762807115e-03 9.238285118649033900e-03 9.230027975160676190e-03 9.217428617190709730e-03 9.234107145204914144e-03 9.215253432790585994e-03 9.201354156804954568e-03 9.186972274066420446e-03 9.185382780414159259e-03 9.186791968059770941e-03 9.184118937955692077e-03 9.187922800954867811e-03
8.896820918168013570e-03 8.871777145368469827e-03 8.866318854875175626e-03 0.000000000000000000e+00 8.880073234330911058e-03 8.942895164955440984e-03 8.905627359195016773e-03 8.956946181419830899e-03 8.968895425919474335e-03 9.239117184907068639e-03 9.231315905762274565e-03 9.257213911363866565e-03 9.254831973576918558e-03 9.253544787595052376e-03 9.208447949996671419e-03 8.949552981721597619e-03 9.248757077897705459e-03 9.199364859670055433e-03 9.234311752224421896e-03 9.196245922994722780e-03 9.257795216383599493e-03 9.225557004799045391e-03 9.212578925278689518e-03 9.278382187163043693e-03 9.021543456532436778e-03 9.221252865813224162e-03 9.191608241178305175e-03 9.188944777527883329e-03 9.197921413997979523e-03 9.196276473606580792e-03 9.164495471730312731e-03 8.973063636810791471e-03 9.183894396418259068e-03 9.222010586537633670e-03 9.195214921374627801e-03 9.190742109782190292e-03 9.190074456919111387e-03 8.977047565362520840e-03 9.210675604099254760e-03 9.243618308511801496e-03 9.216057893758580755e-03 9.184291439384907607e-03 9.200122217732528002e-03 9.183977774554734005e-03 9.005454269923584762e-03 9.188882857262999082e-03 9.190325995488649036e-03 9.183882218768039257e-03 9.168886117886028420e-03 9.188730844886264237e-03 9.206621175595963019e-03 9.195580106826483496e-03 9.221259731620435121e-03 8.915425870664728941e-03 9.198676570895278348e-03 9.189519991678102642e-03 9.215559575946994861e-03 9.194342553769486309e-03 9.225607868376168100e-03 9.242639023109112256e-03 9.226903468037015235e-03 9.230708206860472123e-03 9.225480422708117953e-03 9.221772371838209137e-03 9.255956992972177652e-03 9.199734773931107779e-03 9.228429091341113291e-03 9.253615477763653049e-03 9.228319737755787469e-03 9.206090579699913179e-03 9.215862489690194656e-03 9.215427416739285435e-03 9.201646197689154066e-03 9.234805081844465677e-03 9.260808715195403482e-03 9.249491969102630051e-03 9.197227702235903635e-03 9.198582085207912193e-03 9.192812097830287132e-03 9.209576723362013217e-03 9.260374459412138576e-03 9.228262948107015737e-03 9.188146725928124370e-03 9.210628992315700314e-03 9.193762077982744682e-03 9.198063329530846433e-03 9.194691215480325919e-03 9.192561469828995288e-03 9.194563649466270042e-03 9.244544289253199890e-03 9.227041162468576849e-03 9.212943749024255294e-03 9.239754073668383222e-03 9.213737153733997376e-03 9.207186877320767265e-03 9.193887491649475885e-03 9.191858698056257562e-03 9.193266406554956652e-03 9.186930813648989599e-03 9.194153986228014233e-03
9.176982537724523090e-03 8.929285607365751790e-03 8.934998491077565316e-03 8.880073234330911058e-03 0.000000000000000000e+00 8.976462580520740142e-03 9.207868057328249048e-03 9.022601316206860927e-03 9.012444883247370739e-03 9.251259805317213480e-03 9.232552820335504160e-03 9.258563422041794777e-03 9.254824744867990241e-03 9.253823692922108143e-03 9.208059030245702853e-03 9.180873774720184691e-03 9.248428255139455947e-03 9.210494003168165009e-03 9.234041364357233744e-03 9.195733024474765302e-03 9.258087958825584815e-03 9.230356599122562650e-03 9.214818527048118310e-03 9.280984123623820317e-03 9.079464554859598135e-03 9.224705213003496496e-03 9.191521547885073487e-03 9.193943819773167311e-03 9.197824575824603555e-03 9.195856442155309410e-03 9.025712020776279973e-03 9.040640651498029964e-03 9.207259516164812904e-03 9.223247126846511115e-03 9.199553644727891805e-03 9.186973513187278451e-03 9.191381298490812132e-03 9.044842069789170089e-03 9.225294712863919139e-03 9.260985873531897214e-03 9.230016233271198106e-03 9.188896074352900789e-03 9.201822664585659201e-03 9.189122193004318345e-03 9.180752175257605660e-03 9.190066515136839642e-03 9.192727055300964692e-03 9.192347400417945347e-03 9.022400326942632554e-03 9.192158860443149643e-03 9.183473184600395023e-03 9.175873947644906312e-03 9.216545615374152275e-03 8.934540074297401060e-03 8.870331426065527006e-03 9.020245363973396213e-03 9.192785052782011593e-03 9.030892068445791135e-03 9.222600750610893822e-03 9.241933615369578997e-03 9.226245131011698991e-03 9.230085023408210118e-03 9.224820282472437696e-03 9.221245303950785857e-03 9.255702579529036939e-03 9.199132321680984423e-03 9.225677921006579865e-03 9.253000562020248856e-03 9.226652018081248421e-03 9.203602910543970048e-03 9.215362871845701048e-03 9.214894399815988860e-03 9.201085487072706293e-03 9.233945068012838764e-03 9.259416731431359404e-03 9.243415554183075783e-03 9.196537240104092278e-03 9.198175275633586542e-03 9.189131511034774949e-03 9.186940451730619267e-03 9.259580834741886618e-03 9.226408927270250346e-03 9.186706604602228737e-03 9.210257484255125054e-03 9.192897628946790703e-03 9.197445901584557285e-03 9.191937822780873665e-03 9.190151510982309119e-03 9.190520508876285494e-03 9.243709259950268903e-03 9.223810440312875392e-03 9.190354399613366240e-03 9.237723593913995876e-03 9.211428308124687894e-03 9.206665807884146027e-03 9.190486560657757514e-03 9.189856135476077992e-03 9.192763316540527793e-03 9.029097338712146689e-03 9.190118102557874244e-03
9.008335044320820578e-03 8.992690548395841990e-03 8.995997255177549598e-03 8.942895164955440984e-03 8.976462580520740142e-03 0.000000000000000000e+00 9.214196907728160885e-03 9.169352527978964773e-03 9.076844626697545132e-03 9.262939635135424704e-03 9.242758509289364377e-03 9.267976772509917832e-03 9.264763071118621920e-03 9.263629672022957035e-03 9.216775722762976172e-03 9.081741489326711908e-03 9.258304799302279064e-03 9.219162782249743643e-03 9.244205168197848141e-03 9.203888569211502932e-03 9.267781615967678882e-03 9.240173550239478076e-03 9.223661931706934880e-03 9.291918504209845456e-03 9.212552281161865211e-03 9.234586687598720506e-03 9.199462199416388181e-03 9.134617512370084985e-03 9.203677546328751721e-03 9.205810024508199324e-03 9.094501646477836168e-03 9.105901667179065045e-03 9.213256032699391335e-03 9.233826680987820487e-03 9.209584794695122034e-03 9.084896947472444542e-03 9.195972964814081232e-03 9.208726901823527725e-03 9.236559981891564672e-03 9.270378090286846701e-03 9.240146091879865992e-03 9.120064801005118779e-03 9.212069582524918740e-03 9.090229514132724259e-03 9.189833069406037891e-03 9.198166528652660517e-03 9.201380384391156381e-03 9.202222076998962247e-03 9.085037328599540607e-03 9.194020886716636545e-03 9.178585520074942702e-03 8.917221268346771368e-03 9.211227731405667585e-03 8.984815169034522653e-03 8.916346970823251991e-03 9.071996373251249926e-03 9.186887623463813046e-03 9.080391910938371766e-03 9.231871452362930969e-03 9.251613043968128294e-03 9.236054162254137695e-03 9.239969829592227166e-03 9.234589643691219762e-03 9.231038186316811375e-03 9.265488300983721129e-03 9.208966909270852041e-03 9.234810953988792023e-03 9.262768939514935684e-03 9.236628091697098031e-03 9.212001152967221398e-03 9.223689178828101826e-03 9.224756124413169625e-03 9.210946453321466540e-03 9.243462497402750097e-03 9.268950264169488126e-03 9.238427072599982026e-03 9.206387889401295571e-03 9.207132089444916567e-03 9.197680092488088113e-03 9.183530930063644668e-03 9.269106269712459878e-03 9.235867446038551615e-03 9.195633035279525760e-03 9.219883326151194491e-03 9.202287630187351922e-03 9.207201478485497678e-03 9.200735074853565870e-03 9.199620313222850801e-03 9.199943192420781055e-03 9.253181799370987018e-03 9.218509441712492702e-03 9.200165658498340657e-03 9.246919160095521187e-03 9.220271003383505651e-03 9.216266077534913254e-03 9.199237984609155358e-03 9.198537754851717277e-03 9.202655264469974256e-03 9.081729616485002127e-03 9.198434496697540860e-03
8.967504337431214320e-03 9.183038998842348380e-03 8.946722357453263871e-03 8.905627359195016773e-03 9.207868057328249048e-03 9.214196907728160885e-03 0.000000000000000000e+00 9.032912243936340457e-03 9.050848915803339639e-03 8.986197348322880543e-03 9.201888750323860416e-03 9.234353795482567670e-03 9.258792664033656250e-03 9.254852093418194231e-03 9.220034104473478695e-03 8.993228405187467592e-03 9.257496195085932258e-03 9.078076069484068700e-03 9.242313184654871519e-03 9.208977166455462396e-03 9.256597459844606926e-03 9.186077690788031769e-03 9.218011512077519190e-03 9.229611316795159962e-03 9.081710981245189052e-03 9.197860634885564671e-03 9.204077914314578654e-03 9.206736119305232446e-03 9.211992168872138939e-03 9.208032343463842112e-03 9.199407238572350834e-03 9.022608556584153436e-03 8.977058801699352303e-03 9.228565249957786445e-03 9.177224950544579998e-03 9.208598996517476307e-03 9.204148610246910833e-03 8.991340833261494969e-03 8.819763443833195452e-03 8.871597131465586844e-03 9.018657308144160598e-03 9.174563816720399806e-03 9.177845496881682080e-03 9.202530926086575913e-03 9.192385378361180026e-03 9.201802089653210448e-03 9.200951038328143358e-03 9.047950419326100668e-03 9.207001011271071997e-03 9.201061260127749164e-03 9.232854546633034384e-03 9.229665926770316484e-03 9.237332628981938590e-03 9.234054269417294250e-03 9.243507391867203382e-03 9.227474208600219829e-03 9.241960865817994142e-03 9.232403031463698104e-03 9.239831662247207159e-03 9.255788236597629545e-03 9.240194660549771316e-03 9.243517719629720103e-03 9.238561006704794007e-03 9.233426942195662943e-03 9.260974764455398231e-03 9.212781261310774850e-03 9.242922981609105401e-03 9.266063286121400608e-03 9.240284610299159818e-03 9.220108532689509986e-03 9.208739856165800222e-03 9.227543588217139436e-03 9.214117359598001517e-03 9.248491329577444506e-03 9.273522046485318387e-03 9.272705468619147837e-03 9.210735108500602009e-03 9.209482886803859250e-03 9.207712460923356615e-03 9.235894530288325105e-03 9.273241927782675115e-03 9.242090654422316365e-03 9.211225408447702712e-03 9.224531236422934405e-03 9.207208854591517055e-03 9.210759344862378892e-03 9.203666233580742526e-03 9.204786106448308025e-03 9.209268808114115176e-03 9.258062725523890160e-03 9.250929934442996688e-03 9.239280666081966381e-03 9.254066070562332047e-03 9.236700567111037416e-03 9.220359190014645531e-03 9.208519079182431524e-03 9.204765767891868317e-03 9.205333959501403249e-03 9.223551454549352990e-03 9.208533114577328177e-03
9.039277068140963434e-03 9.013295533801478007e-03 9.009637435026833160e-03 8.956946181419830899e-03 9.022601316206860927e-03 9.169352527978964773e-03 9.032912243936340457e-03 0.000000000000000000e+00 9.111407512518016061e-03 9.116814782527859345e-03 9.212936147832266956e-03 9.240507243194357248e-03 9.240683909809168511e-03 9.238232334202668011e-03 9.198065888549475377e-03 9.091424470446210493e-03 9.234362105606786636e-03 9.158721631877347197e-03 9.219007013291008468e-03 9.184471666818776886e-03 9.240280082465961164e-03 9.211575491977583297e-03 9.202420522649938303e-03 9.258841363258572821e-03 9.156240360897696662e-03 9.207859395194105401e-03 9.180612508454947737e-03 9.183263179738575255e-03 9.185045447886964684e-03 9.186578807963535417e-03 9.165914837930520809e-03 9.118195270958535936e-03 9.098214581789380861e-03 9.138227208231181065e-03 9.181654506577312247e-03 9.104311361829009810e-03 9.180684902552411000e-03 9.109060558741199562e-03 9.190499098553472218e-03 9.224401714810802691e-03 9.145302843451890915e-03 9.132853788641833934e-03 9.184543279653451311e-03 9.179107979770803269e-03 9.137113721276990050e-03 9.180844905258601224e-03 9.179965016693270030e-03 9.176542505719552378e-03 9.128686368363191084e-03 9.177502782609340756e-03 9.198521961756913126e-03 9.191917649671964632e-03 9.211352906926035047e-03 9.050898901653121886e-03 9.195172713137730880e-03 9.130563261470475006e-03 9.207851938466975542e-03 9.190602975546179401e-03 9.215930291944625374e-03 9.233042145907303933e-03 9.217441419358192098e-03 9.220994615848182932e-03 9.215826782480269694e-03 9.211617110564625233e-03 9.241237094364725471e-03 9.188771650272571992e-03 9.218353379763063321e-03 9.243447728886912754e-03 9.218346322505595672e-03 9.193337548613173330e-03 9.201858520704797248e-03 9.205816253796950815e-03 9.192030478011930725e-03 9.225328809249882037e-03 9.251055759672272352e-03 9.241509833105242960e-03 9.186192060060729969e-03 9.187748563438999372e-03 9.181549624347791136e-03 9.160304051320877425e-03 9.248964720111052529e-03 9.218125788130717563e-03 9.181470557410097849e-03 9.201107264356947826e-03 9.184284659598192929e-03 9.188583983094775892e-03 9.179358875423858713e-03 9.181628108394982932e-03 9.115462949430674228e-03 9.235027760968432184e-03 9.219761447459834738e-03 9.205409858982877350e-03 9.229682557363149895e-03 9.206469552862023634e-03 9.197895271836002695e-03 9.182515741112829560e-03 9.181609837927087389e-03 9.183717129197440168e-03 9.138031374668023621e-03 9.180832880047300540e-03
9.044480645158996246e-03 9.018800956132805302e-03 9.014376634290440643e-03 8.968895425919474335e-03 9.012444883247370739e-03 9.076844626697545132e-03 9.050848915803339639e-03 9.111407512518016061e-03 0.000000000000000000e+00 9.236626050042096719e-03 9.224138116307251806e-03 9.249531408438857460e-03 9.245198507492278714e-03 9.244088827589612423e-03 9.199032139023795296e-03 9.169893490086318891e-03 9.237202070462975645e-03 9.166540375855330297e-03 9.223086475375957480e-03 9.125419475782090006e-03 9.247285504120609026e-03 9.221106785866845304e-03 9.206483641479849822e-03 9.271044977477060217e-03 9.165286048370659827e-03 9.217868176881548192e-03 9.181666551803939133e-03 9.182675492976376252e-03 9.185059562234068956e-03 9.188092918720212887e-03 9.167014778788016086e-03 9.125625395081169225e-03 9.190225453355179569e-03 9.144059681922432972e-03 9.192283711102720856e-03 9.101273075756232886e-03 9.153324268196955105e-03 9.188010957045914667e-03 9.208820625670761234e-03 9.245278790121588819e-03 9.215022581296522866e-03 9.141590391352448497e-03 9.194190339618199537e-03 9.178923699430525940e-03 9.175040004310783259e-03 9.182972068231095436e-03 9.183841443437755145e-03 9.178303351079487166e-03 9.112755094415937035e-03 9.179180720689456355e-03 9.187988483200336745e-03 9.176587078568219577e-03 9.154333947331817767e-03 9.178247700104865195e-03 8.971916193623502567e-03 9.118359098019206826e-03 9.196564106118056137e-03 9.129187606321087500e-03 9.214604407440178321e-03 9.234306336746463464e-03 9.218765243191366643e-03 9.222532431688076210e-03 9.215610977842006099e-03 9.213375119640550281e-03 9.246580218606225907e-03 9.189323947599060960e-03 9.217656645835735005e-03 9.245053160129676484e-03 9.218861661465108451e-03 9.143139194557711735e-03 9.203035908311502436e-03 9.207394209584534445e-03 9.192550493426520850e-03 9.224984021083681984e-03 9.251958360348717242e-03 9.244083287941542298e-03 9.185654224481604874e-03 9.189233257005892039e-03 9.182094089294164097e-03 9.191707696629971072e-03 9.250254737729444662e-03 9.217969417399609136e-03 9.187126405453029110e-03 9.202011686930170256e-03 9.185816850380109505e-03 9.189123749445339551e-03 9.148380332939581513e-03 9.183105094918469352e-03 9.114606273387577257e-03 9.233560753612387803e-03 9.222892894911228351e-03 9.195033596968571823e-03 9.230616044593732000e-03 9.211976665065573985e-03 9.199327348700056875e-03 9.183642321174112153e-03 9.182932815022349510e-03 9.184425331720161290e-03 9.122060998985945593e-03 9.180458946546869378e-03
9.238475350736212108e-03 9.238312267978778317e-03 9.234312540016014273e-03 9.239117184907068639e-03 9.251259805317213480e-03 9.262939635135424704e-03 8.986197348322880543e-03 9.116814782527859345e-03 9.236626050042096719e-03 0.000000000000000000e+00 8.776909221385574209e-03 8.992777894420388857e-03 9.212827016809501529e-03 9.210792356135035289e-03 9.224727204712014975e-03 9.207113950998865870e-03 9.238058660591625185e-03 9.132903528243991459e-03 9.234484605418423128e-03 9.221525037466309083e-03 9.112895873886998552e-03 9.189669829842836077e-03 9.186723984610310756e-03 9.018047075822110265e-03 9.099996704953939794e-03 9.048786827553704018e-03 9.214361437496225785e-03 9.223549254423858007e-03 9.222537136360686033e-03 9.218411796762457366e-03 9.221507922071586066e-03 9.204534522167441557e-03 9.186579520446977454e-03 9.233759559571926359e-03 9.085585286608233863e-03 9.222094809059220785e-03 9.221902614213819266e-03 9.059017199696556971e-03 8.858901847488468914e-03 8.858338011275631793e-03 9.060739689068050828e-03 9.081145129246492517e-03 9.088085500467682140e-03 9.220727826857025300e-03 9.219352588311642560e-03 9.215539450730883195e-03 9.214259925781408817e-03 9.207522185357502886e-03 9.237444924661341455e-03 9.221405586185669676e-03 9.245988551353711074e-03 9.252090282548336431e-03 9.250380473061070238e-03 9.264762158827688152e-03 9.259993179586126569e-03 9.243273357035796528e-03 9.255351819185667420e-03 9.250033583260935596e-03 9.250669998908623778e-03 9.259859559490315681e-03 9.249646015636362253e-03 9.246399927014248982e-03 9.243425035785887700e-03 9.233018629776603217e-03 9.084049412426598372e-03 9.217740094539147652e-03 9.254393989746916016e-03 9.265799462720186730e-03 9.240053164534901137e-03 9.228192540566644911e-03 9.212174667010091314e-03 9.237433544071582681e-03 9.224820294919429051e-03 9.259722054250137113e-03 9.274851358009081337e-03 9.279782932424538930e-03 9.221261737289605798e-03 9.209443214500283303e-03 9.218474669126851956e-03 9.249930030455644908e-03 9.281713512343055597e-03 9.253074135071245876e-03 9.223322802464174047e-03 9.235429762000467793e-03 9.219219851414004255e-03 9.222182049074338986e-03 9.118624898681095339e-03 9.209669344973170010e-03 9.222079491544942983e-03 9.268724700450543807e-03 9.263626839481307884e-03 9.251753439692362094e-03 9.265336181291787890e-03 9.248510264466717340e-03 9.232216840198615229e-03 9.219246187288053507e-03 9.216092114607882593e-03 9.216156069070328971e-03 9.240126816688525382e-03 9.220344488587281853e-03
9.229393930249596770e-03 9.221444151954220556e-03 9.224737096716837878e-03 9.231315905762274565e-03 9.232552820335504160e-03 9.242758509289364377e-03 9.201888750323860416e-03 9.212936147832266956e-03 9.224138116307251806e-03 8.776909221385574209e-03 0.000000000000000000e+00 8.757901264128536978e-03 8.833901938235650536e-03 8.871706884290070025e-03 9.201848282336970095e-03 9.194777700333306436e-03 9.209734364013975882e-03 9.208026864946438489e-03 9.209972687058186683e-03 9.196827055829095987e-03 8.883248917889342497e-03 9.180245311737672206e-03 8.856138938811224451e-03 8.806836465934431840e-03 8.874759376398925342e-03 8.835307500018331137e-03 9.189246101444671980e-03 9.200559284412719585e-03 9.198204419121721459e-03 9.191591542792308320e-03 9.200285729525034886e-03 9.213225522358698197e-03 9.196885968568711475e-03 9.207398969281728116e-03 9.166679667246813851e-03 9.199150669993631443e-03 9.199027669907270527e-03 9.193048869090909153e-03 9.173091359809372805e-03 8.676089779336837796e-03 9.179914356592502878e-03 9.184477971481174938e-03 9.185485355163650403e-03 9.198130142738635689e-03 9.197633223020895352e-03 9.191310737202475559e-03 9.186447485752719661e-03 9.191001350119829688e-03 9.216073145060907704e-03 9.199139383239327700e-03 9.222554367895752919e-03 9.228928831537386648e-03 9.226806209758416089e-03 9.243239757543901189e-03 9.236769140658707480e-03 9.220724347515991265e-03 9.231972673521377307e-03 9.227013374730202652e-03 9.227580448002998398e-03 9.241999840961783591e-03 9.225936380080193566e-03 9.222124583638054499e-03 9.222500217741879877e-03 9.205730168589297546e-03 9.227987808306234441e-03 9.191439408392128307e-03 9.230809091452709531e-03 9.247897920976893421e-03 9.218897345664838969e-03 9.208167893897783660e-03 9.189283576195703476e-03 9.210171153363392801e-03 9.195350840460376346e-03 9.236034368304241876e-03 9.248841717368276594e-03 9.260735238308687861e-03 9.196798972664050817e-03 9.180606915603435961e-03 9.195814117712116167e-03 9.227286560146938724e-03 9.259177832943990202e-03 9.229676271436733359e-03 9.199627851864860054e-03 9.212361657469785720e-03 9.195869402741233337e-03 9.198144206139166612e-03 9.188726754094054053e-03 9.181966469136073478e-03 9.198946759259959971e-03 9.245509045129029699e-03 9.240201697206231954e-03 9.228043615167902738e-03 9.241720785820511236e-03 9.225043122634246986e-03 9.209056007207313058e-03 9.196681112501457755e-03 9.193063986730056619e-03 9.191505632827102340e-03 9.217798511421175511e-03 9.196435286319706859e-03
9.255413452928394971e-03 9.246752710045524556e-03 9.249969244104941368e-03 9.257213911363866565e-03 9.258563422041794777e-03 9.267976772509917832e-03 9.234353795482567670e-03 9.240507243194357248e-03 9.249531408438857460e-03 8.992777894420388857e-03 8.757901264128536978e-03 0.000000000000000000e+00 9.013245028511591983e-03 9.047830484050089703e-03 9.219373373689073933e-03 9.225448211898495954e-03 8.841788837334002213e-03 9.206479940180183758e-03 9.194300131862512965e-03 9.225171805153756927e-03 9.177422003405962328e-03 9.049784280001575698e-03 9.072071375543470581e-03 8.992777719266733388e-03 9.091040360212314722e-03 9.053394454708992012e-03 9.217418377769176843e-03 9.226535109482469216e-03 9.226566411831827602e-03 9.219213918384957032e-03 9.227006617788068368e-03 9.121440285378335303e-03 9.226665666408815497e-03 9.203390394965949364e-03 9.200130954961100588e-03 9.226183726177443478e-03 9.222717928171465102e-03 9.225826542031195440e-03 9.204145196114192976e-03 8.890712007303909481e-03 9.211304365518327431e-03 9.093338323558556105e-03 9.214471426105375063e-03 9.224546735250195931e-03 9.224296839868788983e-03 9.218097949539559577e-03 9.213914599751576659e-03 9.217992804406082916e-03 9.242362352003029649e-03 9.225865734408492114e-03 9.249220624727046841e-03 9.255798818391301752e-03 9.252173128729317825e-03 9.269542423852033738e-03 9.263326880041220998e-03 9.247557771681952712e-03 9.258050080183452199e-03 9.253369231164116498e-03 9.247643096530960144e-03 9.251752809856050516e-03 9.242847920660530667e-03 9.234099010848135711e-03 9.240303372929983827e-03 9.227441365761040667e-03 9.029940129289197592e-03 9.216015854607503832e-03 9.255496862215346204e-03 9.224797106006836847e-03 9.233523744648790971e-03 9.229081704524664392e-03 9.213298811977320424e-03 9.232678032413685690e-03 9.222938888251408160e-03 9.254801310700477499e-03 9.081038182518451352e-03 9.272716469840023082e-03 9.224863137974241220e-03 9.099839393367283383e-03 9.222330392504619889e-03 9.253028703832925916e-03 9.272497471466434674e-03 9.253876045028825575e-03 9.222348859715878353e-03 9.238417820678758094e-03 9.223102567741600644e-03 9.224471754668429890e-03 9.218875276432536223e-03 9.105486886410911126e-03 9.226062206159367507e-03 9.263287110576360825e-03 9.264934740045248016e-03 9.248875769548817183e-03 9.260531704742985121e-03 9.245440584829777222e-03 9.234972562862524964e-03 9.223095702201498935e-03 9.218919086964694892e-03 9.218104295462553263e-03 9.244573754022974987e-03 9.223562868660287184e-03
9.253030126729686403e-03 9.244403081689781670e-03 9.248286560437394069e-03 9.254831973576918558e-03 9.254824744867990241e-03 9.264763071118621920e-03 9.258792664033656250e-03 9.240683909809168511e-03 9.245198507492278714e-03 9.212827016809501529e-03 8.833901938235650536e-03 9.013245028511591983e-03 0.000000000000000000e+00 9.061117804280966956e-03 9.200211278824137195e-03 9.239979652881390171e-03 8.850937302756746450e-03 9.184980565210908166e-03 8.890287944833442577e-03 9.218312561133980634e-03 9.085073413500574860e-03 9.105545852390643791e-03 9.112104556015836881e-03 9.038249923501544270e-03 9.120398425487317301e-03 9.105725415504863432e-03 9.212218790782799802e-03 9.220915044315663653e-03 9.218086379868640351e-03 9.211582934985607443e-03 9.223771983787419984e-03 9.241683457905635821e-03 9.242650474237808569e-03 9.066968347848002041e-03 9.216756498654010005e-03 9.219013218510561936e-03 9.219390379129012089e-03 9.247630779711244961e-03 9.234158609672670978e-03 9.217226648698999270e-03 9.119041528179572600e-03 9.221252526901830421e-03 9.216492816756389692e-03 9.220067941079029133e-03 9.218437299431796531e-03 9.212907813781629970e-03 9.110346243344179945e-03 9.212810631003794451e-03 9.237939019128244694e-03 9.221363634999665479e-03 9.244219825243567626e-03 9.250710381820376194e-03 9.247434258513664157e-03 9.264881205032436326e-03 9.258433415669148348e-03 9.242518670230454383e-03 9.253406483915514041e-03 9.248620326844583447e-03 9.246704586047437696e-03 9.244616542033066639e-03 9.230311241740648057e-03 9.033535802628956876e-03 9.227169652746036385e-03 9.128790074934674259e-03 9.187340144178707604e-03 9.115942059022415569e-03 9.251152125530610545e-03 9.215298199918904587e-03 9.225846451615169960e-03 9.225416294552663682e-03 9.217291115840336307e-03 9.143595942282357197e-03 9.133246580633500727e-03 9.256240882318342300e-03 9.258821044076655932e-03 9.266040354558574901e-03 9.217368568203368126e-03 9.138620741058723143e-03 9.218075016009708370e-03 9.248840224077445327e-03 9.249281847795666825e-03 9.247951951254204661e-03 9.220848326009901605e-03 9.232351677963634637e-03 9.216098568628932827e-03 9.209844883600000476e-03 9.216744422290094191e-03 9.207279456303767845e-03 9.219766858095029827e-03 9.264399515559056802e-03 9.260685431922967281e-03 9.249291068911261876e-03 9.261910004265962518e-03 9.244546779364329336e-03 9.229080845067775055e-03 9.217952112527716055e-03 9.213497873205417008e-03 9.211439344609032367e-03 9.239562616926830577e-03 9.218268888520744775e-03
9.249622929559326093e-03 9.241058669611603923e-03 9.244647007469476360e-03 9.253544787595052376e-03 9.253823692922108143e-03 9.263629672022957035e-03 9.254852093418194231e-03 9.238232334202668011e-03 9.244088827589612423e-03 9.210792356135035289e-03 8.871706884290070025e-03 9.047830484050089703e-03 9.061117804280966956e-03 0.000000000000000000e+00 9.158792893240595007e-03 9.237941281102746496e-03 8.879760900263281020e-03 9.152822366942505589e-03 8.919837289873193062e-03 9.216985390596363001e-03 9.118369384138774042e-03 9.141171511538863370e-03 9.147698871065918294e-03 9.077774780641142266e-03 9.159510702347209085e-03 9.193896392377892343e-03 9.159183184925777377e-03 9.219732820481990956e-03 9.217278842255727592e-03 9.160498616404255320e-03 9.223394040012898587e-03 9.239422428481171290e-03 9.158700807500728264e-03 9.102904257224320173e-03 9.214331286149542513e-03 9.217761190688034470e-03 9.218377840530001324e-03 9.245960340424458704e-03 9.231598964923724837e-03 9.215454681399292552e-03 9.153764395789066449e-03 9.219669892483593754e-03 9.215180706082175266e-03 9.219101919534761214e-03 9.218111458380934958e-03 9.212545367239475744e-03 9.146235803027169889e-03 9.212188079458187920e-03 9.236734963114091868e-03 9.217822241216470924e-03 9.243447963576839968e-03 9.249861299214628615e-03 9.243353891832372868e-03 9.264091058816202248e-03 9.257693884139828189e-03 9.241740216589543200e-03 9.252448505077922117e-03 9.247627240108574967e-03 9.245202219531796495e-03 9.238310217726596746e-03 9.224532072275012928e-03 9.058515398651163786e-03 9.113690778464373504e-03 9.157305605917896718e-03 9.069301301126625470e-03 9.144668323248091382e-03 9.249730749309084676e-03 9.205007707440808484e-03 9.218062037970469608e-03 9.218345466660395407e-03 9.213095915959486348e-03 9.214239179530991572e-03 9.166274677325617765e-03 9.254913940595903277e-03 9.256799293116745736e-03 9.261133565955582264e-03 9.216083561382927905e-03 9.172414746601388613e-03 9.217400518813536128e-03 9.248008756144870945e-03 9.247840208763095579e-03 9.246699840888121871e-03 9.220323278975180517e-03 9.231155783018144684e-03 9.215242620274488247e-03 9.206370190711408649e-03 9.215984538754894845e-03 9.207190149412819435e-03 9.219115712701576523e-03 9.258038695874586804e-03 9.259405560214616082e-03 9.248449594149402153e-03 9.260620165098142412e-03 9.243653800081200189e-03 9.228225916494400827e-03 9.216942090223482001e-03 9.212761000315781990e-03 9.208415014109197494e-03 9.238620846073320250e-03 9.217366995146832401e-03
9.204042070737496542e-03 9.197783627505354276e-03 9.201748850804930893e-03 9.208447949996671419e-03 9.208059030245702853e-03 9.216775722762976172e-03 9.220034104473478695e-03 9.198065888549475377e-03 9.199032139023795296e-03 9.224727204712014975e-03 9.201848282336970095e-03 9.219373373689073933e-03 9.200211278824137195e-03 9.158792893240595007e-03 0.000000000000000000e+00 9.201541820808522426e-03 9.181912118624697278e-03 9.156609521395240800e-03 8.944456254345036286e-03 9.111379016905847561e-03 9.158679887563190777e-03 9.202685570998432943e-03 9.160589749045152524e-03 9.231073235482752451e-03 9.181898253126782525e-03 9.161890504272901872e-03 9.164598451497340745e-03 9.152472140647609916e-03 9.037226873804433958e-03 9.124250675145327213e-03 9.175149353668350313e-03 9.204533352041516583e-03 9.206484580053134886e-03 9.176868317844939088e-03 9.177570395466976352e-03 9.164516730206167389e-03 9.143819876288639820e-03 9.217745629237012600e-03 9.206168563556549334e-03 9.240228875640936132e-03 9.191063653764182731e-03 9.188213751498440496e-03 9.179523367898829653e-03 9.109681182070155508e-03 9.167730268350944567e-03 9.146099884685624654e-03 9.166716870771635453e-03 9.125408237417692928e-03 9.188443665311978384e-03 9.115593718875545856e-03 9.195293696329945310e-03 9.203154952872176844e-03 9.196175940657289050e-03 9.217615194097406733e-03 9.211015709529984594e-03 9.193667712829501140e-03 9.205296634077072063e-03 9.199193817185348510e-03 9.193649995005903977e-03 9.201388525406561589e-03 9.186787724538342595e-03 9.184473873712337144e-03 9.091502780602922149e-03 9.138036865513461671e-03 9.093085535499426802e-03 9.106299399385248822e-03 9.202200488578659091e-03 9.202926051627738704e-03 9.186037130158277580e-03 9.170978673107841803e-03 9.147429672028044648e-03 9.182065187094114178e-03 9.140518575503251211e-03 9.202703485438726988e-03 9.125585110802005018e-03 9.221607157365214330e-03 9.070823732377801193e-03 9.145667707475019226e-03 9.168114542855751448e-03 9.199852726918819959e-03 9.206119824341463601e-03 9.199890159900444078e-03 9.169470721009351927e-03 9.185052309548207353e-03 9.166469751804207436e-03 9.167893066375274944e-03 9.137634234016962440e-03 9.145156379451475220e-03 9.161792160365386101e-03 9.206784071518321622e-03 9.210261742177124414e-03 9.197395285008095819e-03 9.208637486416829110e-03 9.192641741583495660e-03 9.181341289906060077e-03 9.165210491159134221e-03 9.163445228366077014e-03 9.163718172416698490e-03 9.190113578670205258e-03 9.109116083776057707e-03
9.015410628200389020e-03 8.998633332207238086e-03 8.993587485579128057e-03 8.949552981721597619e-03 9.180873774720184691e-03 9.081741489326711908e-03 8.993228405187467592e-03 9.091424470446210493e-03 9.169893490086318891e-03 9.207113950998865870e-03 9.194777700333306436e-03 9.225448211898495954e-03 9.239979652881390171e-03 9.237941281102746496e-03 9.201541820808522426e-03 0.000000000000000000e+00 9.238034729974415118e-03 9.139443317418069826e-03 9.224853031126079017e-03 9.191068931334638037e-03 9.244859323662585684e-03 9.113486067693018361e-03 9.142614524246035768e-03 9.245522749649072794e-03 9.191827471684867884e-03 9.133674935091649558e-03 9.183846625272426567e-03 9.186464789270563924e-03 9.192265986942458125e-03 9.188604941565864728e-03 9.173638397999041294e-03 9.097166173555028268e-03 9.055462200605452622e-03 9.211574916598592316e-03 9.099669038090818160e-03 9.187429522608907967e-03 9.186122481502969131e-03 9.075072754053403051e-03 9.172074017919560479e-03 8.963843591138997979e-03 9.105679791015315952e-03 9.178996629771736526e-03 9.187346380945201479e-03 9.181679515180478021e-03 9.115173026860722699e-03 9.131383647231846104e-03 9.098318056142340113e-03 9.176272748408358798e-03 9.181849910418244873e-03 9.182428536749425579e-03 9.211964243336813810e-03 9.205579863784566635e-03 9.218228937531613293e-03 9.211058000468168305e-03 9.219380223690849807e-03 9.205208425423700921e-03 9.221107837105431068e-03 9.135598354414034561e-03 9.220100980491611684e-03 9.236903574460135144e-03 9.220793187242492042e-03 9.224539328662087478e-03 9.219319152072791984e-03 9.214858513771040718e-03 9.247835990446101259e-03 9.193463473798138552e-03 9.223623988826786316e-03 9.247187981475212329e-03 9.221264339143019073e-03 9.200925054144170473e-03 9.193134377253624548e-03 9.207776161288327293e-03 9.194716222904101774e-03 9.229374195407522019e-03 9.254806235224477887e-03 9.252703254633495855e-03 9.191419773093404549e-03 9.189928218633651100e-03 9.187927375895488594e-03 9.215585983031767195e-03 9.254429227595624419e-03 9.222888434308389866e-03 9.191401065774030404e-03 9.203847333752160700e-03 9.187381980455541081e-03 9.191034900866937307e-03 9.189520358758305682e-03 9.185554763758974756e-03 9.190061082044793939e-03 9.239026364506360001e-03 9.231183732237720554e-03 9.218512652992581768e-03 9.234898525939120445e-03 9.217158119815861694e-03 9.200711410551658948e-03 9.188642569594611398e-03 9.184600385245537957e-03 9.184799139107018007e-03 9.196178225407865281e-03 9.188408583442820438e-03
