0.000000000000000000e+00 9.074329492385995594e-03 9.068453469653025428e-03 9.090616318481780159e-03 9.399774521931742247e-03 9.078836764663785266e-03 9.122120428547106710e-03 9.053546155952510444e-03 9.062299347198666741e-03 9.460918647097461137e-03 9.714237834863786308e-03 9.514892158843681752e-03 9.453290417171548651e-03 9.391085085702325849e-03 9.297369536227152731e-03 9.061530294258091783e-03 9.708755324924874669e-03 9.260518205809043987e-03 9.632427052594923905e-03 9.322150468679407317e-03 9.390787891121903097e-03 9.355362894582820027e-03 9.299588296053451844e-03 9.512133712304193800e-03 9.253436248080514764e-03 9.340878050375967662e-03 9.301510620219126738e-03 9.096040540679074110e-03 9.421828819811087219e-03 9.303171529807020140e-03 9.254029438710438191e-03 9.053633025101816625e-03 9.102468989133511920e-03 9.376262910744228088e-03 9.287795258805242593e-03 9.333635192415229431e-03 9.101287541499658920e-03 9.110252631540532650e-03 9.585863440080026263e-03 9.608225743551617598e-03 9.343727620730319164e-03 9.265494274146168427e-03 9.281704582358362918e-03 9.101269807411400264e-03 9.242158794820510073e-03 9.239201557134641210e-03 9.313726360575721661e-03 9.291572129862327167e-03 9.079159805776067238e-03 9.103815324828026800e-03 9.340397044823107314e-03 9.172829628446566019e-03 9.342856186647225530e-03 9.443846325387609750e-03 9.544427057548793281e-03 9.304737137043357989e-03 9.399158904756982347e-03 9.307473055564886161e-03 9.381296228526679257e-03 9.562577672742898771e-03 9.498778812996213142e-03 9.537234865939051703e-03 9.449356279049839560e-03 9.364928246881690233e-03 9.503048931290029519e-03 9.333827587781057603e-03 9.405216819308954979e-03 9.611591332070075488e-03 9.429490860071275057e-03 9.326973682007971486e-03 9.321365890231572346e-03 9.328321792654076586e-03 9.299880317066702706e-03 9.606054507664907663e-03 9.525494696581600362e-03 9.344343729711780330e-03 9.383529568547299346e-03 9.268991861851866645e-03 9.281989807295916786e-03 9.311710973169842406e-03 9.502628515423612587e-03 9.391515280722873352e-03 9.313217271501712108e-03 9.363863804769763030e-03 9.303187241339999289e-03 9.293053689924207078e-03 9.273263222821898424e-03 9.256893180453690598e-03 9.330591624174919274e-03 9.628236625149787925e-03 9.365492726804668100e-03 9.488094660652927198e-03 9.583856987887773293e-03 9.376849826806671340e-03 9.313864000737826290e-03 9.276412822538120453e-03 9.251274787078657760e-03 9.281815615606326883e-03 9.267027820575696531e-03 9.328354396252356087e-03
9.074329492385995594e-03 0.000000000000000000e+00 9.052931728042007062e-03 9.080834555260154997e-03 9.085741603854084400e-03 9.079497958404897720e-03 9.433767341729695777e-03 9.041788625032798343e-03 9.050668413605899090e-03 9.482156166192995395e-03 9.722470863793951715e-03 9.521259039054950912e-03 9.460458198507168751e-03 9.398725644423623973e-03 9.311322051786219758e-03 9.068105214031712408e-03 9.715970597865341424e-03 9.278963373200789164e-03 9.639230076732700422e-03 9.334037300982513108e-03 9.399501762607811312e-03 9.365735959070954630e-03 9.307650511661109960e-03 9.519881912512698219e-03 9.095801875890947158e-03 9.346282067981980315e-03 9.310459749040709762e-03 9.248848638553006096e-03 9.438216856344499792e-03 9.314234394964277658e-03 9.055362277161596585e-03 9.041883217945219722e-03 9.112165723453476140e-03 9.383286652668966846e-03 9.297175070649022627e-03 9.342483044422816504e-03 9.259227530213106142e-03 9.100751619856930347e-03 9.609925031656585404e-03 9.634830487636298138e-03 9.364789580923883749e-03 9.084883608985924383e-03 9.290538269306506877e-03 9.312641908258322693e-03 9.251481440113512242e-03 9.250939219107129699e-03 9.321669750954402270e-03 9.311719226629577503e-03 9.062622048588720933e-03 9.306476914816275842e-03 9.372186865531553779e-03 9.553912122445318983e-03 9.374216575276331231e-03 9.464303639097915513e-03 9.562714204213463784e-03 9.322550593918531303e-03 9.433499763696095650e-03 9.328775807911457441e-03 9.391292801044474545e-03 9.570682491899823452e-03 9.506790941042361429e-03 9.544808771761940924e-03 9.457341255327215285e-03 9.373015699842545193e-03 9.511002025077170546e-03 9.342483514818982968e-03 9.414811614187420033e-03 9.619191940620486908e-03 9.437376163614863769e-03 9.335951379057082916e-03 9.333876253383702540e-03 9.336473680012821741e-03 9.308207541161598805e-03 9.614453568647887693e-03 9.534017973284420605e-03 9.374827592428969236e-03 9.392023178538206132e-03 9.279905320008812603e-03 9.288828200144620337e-03 9.340369523310123809e-03 9.510828449726812031e-03 9.399209309228368989e-03 9.323845630342138605e-03 9.372346261586630978e-03 9.312709349253146113e-03 9.301682343256350780e-03 9.283417846296562748e-03 9.264639382941751086e-03 9.337281890606449059e-03 9.636620292122647508e-03 9.397329155468659920e-03 9.498971496415131374e-03 9.592910922520861416e-03 9.387326777966943994e-03 9.322703812067343818e-03 9.285326002365385661e-03 9.259955336705887399e-03 9.290124423398630690e-03 9.097032354634297310e-03 9.338653701366774265e-03
9.068453469653025428e-03 9.052931728042007062e-03 0.000000000000000000e+00 9.074276759111278221e-03 9.099839903196687771e-03 9.088156121739377272e-03 9.122454381000974152e-03 9.037924559886828871e-03 9.045001187691872890e-03 9.477210763646983990e-03 9.729058845983800871e-03 9.527913036491635068e-03 9.468362323676184078e-03 9.405724182065667086e-03 9.319330673902526466e-03 9.061023220566935890e-03 9.722655579253893302e-03 9.108070614183658154e-03 9.645958687922314215e-03 9.342095618321735739e-03 9.406341240926869088e-03 9.374864007005202088e-03 9.315012807441068118e-03 9.529219687786451287e-03 9.091557335523733907e-03 9.356390229258678901e-03 9.319341449211961115e-03 9.257460503015959088e-03 9.447024974040069134e-03 9.322408034451730441e-03 9.066650053580364854e-03 9.035444869804952137e-03 9.104693328757455795e-03 9.393864265602706529e-03 9.306480651250814348e-03 9.352571406596692574e-03 9.268713852455534585e-03 9.313191203878990257e-03 9.603913924553050818e-03 9.628735692778264688e-03 9.360173674183607656e-03 9.093276364944821721e-03 9.300585752663754341e-03 9.321324056020083293e-03 9.258739510066296696e-03 9.259530846905608334e-03 9.329357363904807257e-03 9.307238214241076932e-03 9.071112417387804105e-03 9.316649717297538838e-03 9.383518639282689699e-03 9.565391443652480549e-03 9.383264216296746674e-03 9.473121712618022897e-03 9.574791342012979600e-03 9.334039384060599867e-03 9.442042432717803746e-03 9.339997774386304269e-03 9.399485540585927543e-03 9.579063221130479019e-03 9.515278219081619443e-03 9.553181825694190971e-03 9.465892153762176658e-03 9.381699507385415221e-03 9.518639479962254582e-03 9.351330304003284064e-03 9.423620755938826032e-03 9.627270872680159311e-03 9.446019568303747754e-03 9.344832961932850179e-03 9.341270057683120909e-03 9.345138507796023342e-03 9.316981529853161567e-03 9.622871679714367979e-03 9.542344271113601534e-03 9.385169373130502687e-03 9.400922542676286645e-03 9.288687806001475963e-03 9.299725495783849744e-03 9.351412732865271860e-03 9.519195464746322416e-03 9.409796460568534485e-03 9.332892382667873701e-03 9.381240754237196028e-03 9.321611432001719599e-03 9.310533226184346603e-03 9.293072801877745939e-03 9.275123088871524424e-03 9.348041589569729484e-03 9.644988597204333033e-03 9.406388152983127804e-03 9.508008551359728791e-03 9.601377628225729599e-03 9.396195001347898770e-03 9.331560193620122567e-03 9.296194237942615943e-03 9.270488635386495493e-03 9.299013550137864154e-03 9.296557372367991040e-03 9.349710522060222101e-03
9.090616318481780159e-03 9.080834555260154997e-03 9.074276759111278221e-03 0.000000000000000000e+00 9.100084735648912918e-03 9.094500827562889897e-03 9.147197494330397069e-03 9.045965685632696013e-03 9.065838222540112748e-03 9.547941519402280627e-03 9.800137483771365413e-03 9.602890138430117406e-03 9.542124681614893786e-03 9.485576715204927303e-03 9.395326586865197782e-03 9.082452726274899135e-03 9.795144896930358530e-03 9.351890854063493394e-03 9.719029218876285708e-03 9.417408727048673378e-03 9.485806495655077150e-03 9.450800608923238741e-03 9.390244660406164498e-03 9.600297711432295711e-03 9.112115340189054502e-03 9.429539798897566827e-03 9.395561824875995824e-03 9.334675502139833797e-03 9.519868476226413245e-03 9.398536865571857982e-03 9.332276789013341234e-03 9.060080217816620513e-03 9.417262284329958044e-03 9.468443260664788363e-03 9.382012450120691058e-03 9.427604340790093213e-03 9.345642780678278458e-03 9.120363094583829738e-03 9.679896548482334537e-03 9.701102834907103165e-03 9.436594288436074909e-03 9.360257600766938232e-03 9.379423941766554945e-03 9.398789240293499783e-03 9.113651407291943618e-03 9.336315184319385688e-03 9.403644408624976803e-03 9.381238433255213033e-03 9.328048521268186843e-03 9.400397416601643380e-03 9.438871888812379318e-03 9.614224437996157779e-03 9.454828831681695925e-03 9.173588985502984655e-03 9.623836206564328338e-03 9.389153862476207549e-03 9.498399481867014424e-03 9.393942656583510395e-03 9.471829609979118617e-03 9.650781102986760382e-03 9.588026873471822142e-03 9.625644353283266397e-03 9.539327221791420522e-03 9.456013231058033042e-03 9.591804154590597917e-03 9.426404391913891304e-03 9.496643163132581153e-03 9.698986625739848544e-03 9.519260867855450572e-03 9.420105403073924730e-03 9.416815007497116030e-03 9.419454577795090267e-03 9.392182822282319279e-03 9.693733339374559221e-03 9.613431379010039038e-03 9.444266204253724817e-03 9.475366830037773580e-03 9.364318660204875092e-03 9.375633546280879443e-03 9.408465638668865594e-03 9.591138361857945438e-03 9.482688759540893256e-03 9.393938111088843967e-03 9.453860618473544641e-03 9.394384351928273397e-03 9.385383945483305110e-03 9.369537448575174232e-03 9.351481501331183194e-03 9.423154099278624810e-03 9.715821726722362328e-03 9.463014985821704278e-03 9.561525645645661473e-03 9.671155785031256003e-03 9.456669371401606530e-03 9.404462023463263168e-03 9.372862575209825117e-03 9.346097228851052083e-03 9.374324959102913260e-03 9.365861587395185942e-03 9.423725041858684037e-03
9.399774521931742247e-03 9.085741603854084400e-03 9.099839903196687771e-03 9.100084735648912918e-03 0.000000000000000000e+00 9.056299115827471172e-03 9.483983296741438362e-03 9.064422061529544411e-03 9.045221646514937930e-03 9.508497539982783617e-03 9.742500317938957571e-03 9.544243557924826996e-03 9.479994812164865142e-03 9.423870287829507614e-03 9.330100314604376430e-03 9.337120514586972828e-03 9.734159704022960630e-03 9.308470349420198617e-03 9.657511300638247503e-03 9.351473062002468167e-03 9.423839524745495147e-03 9.398852755389508831e-03 9.331777331425599939e-03 9.544487023281167729e-03 9.117396646783029746e-03 9.374113528588844460e-03 9.331161934124330981e-03 9.277898251037867278e-03 9.456270942901839199e-03 9.333253339439686116e-03 9.072649252904125064e-03 9.084193081217249027e-03 9.399314304803764453e-03 9.408818623590419969e-03 9.328632470901883356e-03 9.352371634810030879e-03 9.278724063893111634e-03 9.146910374578560293e-03 9.645075391067679457e-03 9.672717981796167749e-03 9.401613006714725634e-03 9.305649608118651828e-03 9.319656568657970486e-03 9.342480585552079275e-03 9.277228099400658054e-03 9.274018504734877349e-03 9.345592733197438315e-03 9.332168015204251113e-03 9.052343969181055744e-03 9.339735859235013052e-03 9.333155936807179670e-03 9.518385761847561466e-03 9.378946722341907627e-03 9.110935253730068767e-03 9.140317138908312170e-03 9.077640430879578212e-03 9.395518727749381863e-03 9.090874912149899539e-03 9.400156864653260239e-03 9.586993956565301178e-03 9.523818722096788481e-03 9.561962920404591323e-03 9.474629736341569353e-03 9.391105860614725603e-03 9.529018207463707882e-03 9.360670532229099089e-03 9.425752232350309914e-03 9.636069347402667976e-03 9.451669349764128467e-03 9.348542069404448818e-03 9.350565994232763745e-03 9.354098463818114051e-03 9.326305836137742389e-03 9.629668402761103196e-03 9.547953673884661263e-03 9.364738595182754699e-03 9.409617552264180895e-03 9.298610678529878673e-03 9.300975639265386674e-03 9.303056292945914574e-03 9.526616458882000010e-03 9.413731311810481783e-03 9.324944354258690032e-03 9.389000507553049713e-03 9.327610074729167366e-03 9.319134801311900265e-03 9.296629105581074096e-03 9.280160199939744420e-03 9.347180613141416183e-03 9.652093380439414824e-03 9.390932751526125458e-03 9.461008734131604384e-03 9.604239611734932333e-03 9.386218802498999536e-03 9.338745928554168310e-03 9.299084635561040424e-03 9.275734115097333463e-03 9.308446620551788508e-03 9.071217722006169604e-03 9.347893158812821748e-03
9.078836764663785266e-03 9.079497958404897720e-03 9.088156121739377272e-03 9.094500827562889897e-03 9.056299115827471172e-03 0.000000000000000000e+00 9.418317056285215039e-03 9.192309208825737155e-03 9.036569098029826816e-03 9.454826409613429489e-03 9.686711989236353182e-03 9.485137736303618158e-03 9.421967897490224342e-03 9.364978390264044536e-03 9.266886183453325668e-03 9.103668899857130306e-03 9.677387278296282688e-03 9.244365352269906869e-03 9.601032848859212751e-03 9.286764949653329368e-03 9.364662960921605467e-03 9.339284217643097769e-03 9.268953960860830052e-03 9.489357164054723279e-03 9.225133156605593021e-03 9.314180508501105835e-03 9.265719202074975194e-03 9.101857247669429760e-03 9.387668409375451994e-03 9.273013217091676322e-03 9.074965236003474517e-03 9.079180325149364961e-03 9.330982021199044074e-03 9.351831626082066085e-03 9.268831208908128588e-03 9.120613512280549215e-03 9.206050716910137502e-03 9.300758537496562131e-03 9.590144401003215108e-03 9.614664660956600412e-03 9.342999766131294959e-03 9.116460930457769701e-03 9.259844033369251520e-03 9.109645740099765743e-03 9.212634359421522853e-03 9.208169953426628002e-03 9.282321955543109543e-03 9.271880875350030013e-03 9.040209619983552783e-03 9.261203258211163358e-03 9.249529183034389118e-03 9.109891141127066799e-03 9.296013424907417083e-03 9.087620485104865378e-03 9.111893308635394401e-03 9.053689156459826179e-03 9.311094124174034564e-03 9.060612544979420105e-03 9.338724368530320480e-03 9.528310006979347560e-03 9.464930698630420747e-03 9.503735568044386836e-03 9.415408665400235022e-03 9.331323673149165623e-03 9.470661119341210535e-03 9.300359835874447145e-03 9.364356950968433235e-03 9.578260452820942100e-03 9.392651724839084712e-03 9.284550607894816870e-03 9.286606202794551318e-03 9.293987344533363726e-03 9.265863847714524495e-03 9.570848531169460702e-03 9.488877363923273189e-03 9.281457218742503179e-03 9.349716032929035470e-03 9.235694517639746193e-03 9.236154698679501299e-03 9.222322082722163999e-03 9.467418047758458660e-03 9.353024556755016802e-03 9.261354273600714421e-03 9.328497094142972762e-03 9.265833037307219175e-03 9.258231845257697615e-03 9.232825283996054164e-03 9.217924143850959526e-03 9.285493513227757734e-03 9.593410431246937597e-03 9.307853183198343261e-03 9.400084802328484423e-03 9.544548108315380891e-03 9.323022179014213429e-03 9.277620041337053883e-03 9.234580168338026723e-03 9.211108600736470087e-03 9.247818907899186050e-03 9.048468987395044683e-03 9.283344767921742485e-03
9.122120428547106710e-03 9.433767341729695777e-03 9.122454381000974152e-03 9.147197494330397069e-03 9.483983296741438362e-03 9.418317056285215039e-03 0.000000000000000000e+00 9.081540279384269984e-03 9.119796456344499841e-03 9.131712139105109538e-03 9.695166089740614099e-03 9.503735699764643066e-03 9.483166711934847351e-03 9.419969416058920214e-03 9.350885854318083043e-03 9.066294509146336986e-03 9.746116008139073597e-03 9.117260405894866623e-03 9.667766835481659063e-03 9.376593027417196025e-03 9.416711361052659476e-03 9.325464928349597171e-03 9.333059917202681313e-03 9.462066459784496814e-03 9.116963034663010806e-03 9.330003245485720201e-03 9.353681909838247252e-03 9.305195400297111910e-03 9.483151431197826137e-03 9.354372503012513274e-03 9.333880884729578789e-03 9.058726633769529496e-03 9.062732884716701368e-03 9.412039723802535784e-03 9.285974278672885773e-03 9.399510250581319393e-03 9.307885643005629761e-03 9.055212095444327772e-03 9.124273045861674286e-03 9.158858399098810180e-03 9.084258239639713892e-03 9.284470429045640558e-03 9.278768570126045070e-03 9.371808885999737687e-03 9.297280778351638131e-03 9.295318853246067881e-03 9.356101311539955639e-03 9.131900847567497176e-03 9.337706748035121129e-03 9.359559980900204745e-03 9.426263585234734635e-03 9.616628535015320570e-03 9.423811097389682076e-03 9.540514797206807451e-03 9.644960025651847998e-03 9.399223199806435239e-03 9.485680493225403034e-03 9.404240705637383069e-03 9.435917045388615004e-03 9.612669118908673607e-03 9.549693793425144753e-03 9.585967997658560724e-03 9.500019358410381407e-03 9.412473812237271559e-03 9.536024090436598030e-03 9.385962273998878572e-03 9.461967855662558116e-03 9.659057259325537145e-03 9.477451467762951220e-03 9.383205251163456717e-03 9.346435037920925240e-03 9.377073892789369869e-03 9.350351168286228504e-03 9.657549712292837207e-03 9.574629438743723076e-03 9.425134979231511792e-03 9.436786443359929458e-03 9.318331164693365726e-03 9.341184486067905315e-03 9.396480452354525822e-03 9.552381452753267582e-03 9.446083347372031397e-03 9.373605314086047233e-03 9.416773015887905385e-03 9.355782411455369763e-03 9.344365528189535822e-03 9.322183532492769875e-03 9.309642105393818590e-03 9.388442993615003090e-03 9.679325225387452533e-03 9.445269578340331415e-03 9.548393650288396553e-03 9.636575805675857281e-03 9.436484845511889860e-03 9.365320158908931047e-03 9.337407577112112264e-03 9.305667723329375668e-03 9.331251080593233951e-03 9.372795678878841769e-03 9.388197260470094313e-03
9.053546155952510444e-03 9.041788625032798343e-03 9.037924559886828871e-03 9.045965685632696013e-03 9.064422061529544411e-03 9.192309208825737155e-03 9.081540279384269984e-03 0.000000000000000000e+00 9.019132403350317573e-03 9.159143593436881031e-03 9.578700063361101844e-03 9.376969723537272386e-03 9.318502033029026771e-03 9.256808239764154761e-03 9.176197256483442644e-03 9.039235166890874015e-03 9.579177442591079589e-03 9.063258470867415623e-03 9.498579789292284359e-03 9.195279103103618304e-03 9.253022236890043675e-03 9.222982392220045733e-03 9.170810010296426631e-03 9.366238408233916110e-03 9.050406676230013381e-03 9.204470076084089736e-03 9.174925567751110456e-03 9.122549833871214028e-03 9.299584742731457562e-03 9.181405969141919615e-03 9.132377096683774384e-03 9.019221372453362431e-03 9.069464609101518526e-03 9.122871770608154823e-03 9.153908219715891845e-03 9.082666433398826900e-03 9.123802895010548614e-03 9.054951131846398701e-03 9.447896586149792664e-03 9.471777030638816805e-03 9.103363751554198816e-03 9.058237643665202968e-03 9.146072720974255874e-03 9.190936756046156481e-03 9.052665398540098163e-03 9.120506434730049281e-03 9.183624261278161907e-03 9.167215328768645380e-03 9.044717745786393440e-03 9.176916518812716986e-03 9.224056651912931198e-03 9.413577306477915324e-03 9.238336472931147139e-03 9.128099217603612842e-03 9.423208042553296582e-03 9.080227728070315585e-03 9.286742431326537595e-03 9.184226272834458346e-03 9.257312857338101733e-03 9.442575372276940104e-03 9.378310081407392057e-03 9.416154252104675174e-03 9.327350568614696871e-03 9.239762716743690762e-03 9.370332446081066496e-03 9.206874145569150791e-03 9.281722134530266330e-03 9.490687649930676373e-03 9.305614988556878964e-03 9.195329341370399312e-03 9.188908122314794549e-03 9.203832967926027855e-03 9.175386414828764006e-03 9.487014434195107163e-03 9.403661028343245076e-03 9.230549719193799352e-03 9.257534843798424784e-03 9.142787978140417063e-03 9.152622781424204004e-03 9.112754312927294140e-03 9.376640225497610490e-03 9.267256896866762905e-03 9.182599059648906964e-03 9.239218185084269522e-03 9.177701086889531942e-03 9.168836689625732908e-03 9.136484602773824182e-03 9.129056115534122176e-03 9.085904639918812933e-03 9.509604455914383997e-03 9.252068177984401967e-03 9.352923407474055331e-03 9.462042020851936866e-03 9.245818039307461197e-03 9.189031732838132474e-03 9.149366020960865778e-03 9.124956446993450973e-03 9.157052659954444118e-03 9.069653472822222784e-03 9.197535269414820053e-03
9.062299347198666741e-03 9.050668413605899090e-03 9.045001187691872890e-03 9.065838222540112748e-03 9.045221646514937930e-03 9.036569098029826816e-03 9.119796456344499841e-03 9.019132403350317573e-03 0.000000000000000000e+00 9.345760020481647459e-03 9.595968291281524801e-03 9.391846782793571852e-03 9.324435030881891504e-03 9.266226382440340484e-03 9.171277277907263423e-03 9.176124302289763446e-03 9.580860145955437043e-03 9.077565297589469673e-03 9.503008565111832617e-03 9.084304782901113373e-03 9.262832645335837209e-03 9.242894040055800453e-03 9.175181280707328177e-03 9.390234366793353410e-03 9.069126289475962568e-03 9.223499751771963712e-03 9.170997919899224679e-03 9.113998182732232015e-03 9.292247637031176080e-03 9.178360669465462224e-03 9.130058715071952963e-03 9.035863395436693687e-03 9.227228037379173187e-03 9.133353820559592801e-03 9.175418745343163346e-03 9.066710423772795027e-03 9.060101934316085528e-03 9.201710088918920935e-03 9.483433722322780896e-03 9.513156045737642882e-03 9.234434370659749119e-03 9.075903267736969496e-03 9.165329644667744372e-03 9.183869370924569592e-03 9.124034544020128909e-03 9.119558511082398455e-03 9.188191170462862642e-03 9.165554163396771176e-03 9.010075704717243963e-03 9.173378235481949305e-03 9.200887560952126371e-03 9.383170937017029645e-03 9.127777077769565206e-03 9.299515313165702957e-03 9.131231329464136598e-03 9.052708970567738614e-03 9.262352987985699934e-03 9.066422698823796769e-03 9.245614656837668546e-03 9.438813468601030265e-03 9.374620718068134642e-03 9.413281252352641293e-03 9.319319127397923327e-03 9.237566839289085285e-03 9.375427595907389819e-03 9.200707425470220496e-03 9.272392376696182020e-03 9.488089066713469716e-03 9.299441075951032226e-03 9.092548156903612275e-03 9.183388980863649645e-03 9.201007346032291992e-03 9.168953587942913624e-03 9.479269822576996338e-03 9.399228170584960143e-03 9.226388089344506049e-03 9.248213034366042917e-03 9.139375437253866724e-03 9.146983953126205588e-03 9.171032664298103473e-03 9.372988709228560061e-03 9.258935586430172907e-03 9.185940861440287236e-03 9.234688653894297661e-03 9.175030065266848167e-03 9.162366732183168175e-03 9.068332267585830359e-03 9.125666936817326130e-03 9.075108451743195068e-03 9.499054694685302169e-03 9.249580323089468675e-03 9.331684200356973879e-03 9.457736839030488757e-03 9.248927032302010562e-03 9.185855847004219948e-03 9.145489921471426642e-03 9.121368060592372623e-03 9.151412545817107919e-03 9.036376350998333307e-03 9.188226422210003796e-03
9.460918647097461137e-03 9.482156166192995395e-03 9.477210763646983990e-03 9.547941519402280627e-03 9.508497539982783617e-03 9.454826409613429489e-03 9.131712139105109538e-03 9.159143593436881031e-03 9.345760020481647459e-03 0.000000000000000000e+00 9.127131141370724288e-03 9.104854337736462827e-03 9.356551291218578176e-03 9.296627104245631240e-03 9.296290450703771635e-03 9.333402503563834052e-03 9.650235866161429102e-03 9.136693616296912360e-03 9.591811803547881446e-03 9.341120428307692763e-03 9.143620410041375726e-03 9.271956636706215130e-03 9.236791151965736274e-03 9.093147997322158227e-03 9.082984834206726810e-03 9.052557551454488982e-03 9.311736955418222980e-03 9.277416197205063178e-03 9.442790003097344814e-03 9.312194306182764239e-03 9.318343091539220413e-03 9.281219903773160751e-03 9.315147868353438818e-03 9.361027882803600250e-03 9.096985090695309042e-03 9.368155688141917986e-03 9.282473857743890958e-03 9.096502649116405825e-03 9.111509585433238620e-03 9.079550305687557332e-03 9.075935611987035953e-03 9.089970195144313203e-03 9.085883143363325878e-03 9.347714285558323538e-03 9.286543184927175537e-03 9.262692106232279371e-03 9.322139826800650633e-03 9.298578111515319600e-03 9.341967734853908259e-03 9.340308898864226397e-03 9.393299411848320124e-03 9.602753794929436842e-03 9.390994461499728788e-03 9.538771428984465714e-03 9.622112067301789515e-03 9.373996929994415570e-03 9.453953368066364896e-03 9.383503296252166531e-03 9.396749202794173195e-03 9.560073373718874085e-03 9.506961995150898723e-03 9.529962078500278655e-03 9.447650565963406494e-03 9.346475332937448366e-03 9.220297939096731496e-03 9.332141670276969739e-03 9.424877262244162057e-03 9.597318233982979341e-03 9.413145201559679903e-03 9.338916805380355346e-03 9.290395718090904351e-03 9.334690207981671470e-03 9.309612332877352514e-03 9.620570526629625488e-03 9.516659160894334543e-03 9.378156679985306249e-03 9.395896965455083003e-03 9.255352071115299090e-03 9.301029750679338723e-03 9.366404785432148189e-03 9.508380080683567770e-03 9.407331869609561123e-03 9.337085481796675648e-03 9.377473808050248993e-03 9.318733143682429720e-03 9.305401541082837860e-03 9.140375276805667859e-03 9.257928724494187203e-03 9.354786113948840298e-03 9.640997405496655459e-03 9.411113803820888787e-03 9.514347331393448529e-03 9.599769330178730894e-03 9.399919423320173689e-03 9.328037560977496187e-03 9.296986391018131207e-03 9.266245038100468304e-03 9.290416263204055031e-03 9.349562769870332912e-03 9.351430697746142967e-03
9.714237834863786308e-03 9.722470863793951715e-03 9.729058845983800871e-03 9.800137483771365413e-03 9.742500317938957571e-03 9.686711989236353182e-03 9.695166089740614099e-03 9.578700063361101844e-03 9.595968291281524801e-03 9.127131141370724288e-03 0.000000000000000000e+00 9.121046082173813602e-03 9.159332637677718852e-03 9.157162948266047223e-03 9.524588742058538379e-03 9.589690035813717983e-03 9.858551560782529907e-03 9.518012466970076496e-03 9.808858503235455203e-03 9.565633914870409066e-03 9.169101567698349081e-03 9.522831000673486271e-03 9.114011877208560986e-03 9.146490432730075906e-03 9.128726767976139481e-03 9.105979847853445594e-03 9.536957841485164955e-03 9.508898523155633400e-03 9.664986035026669475e-03 9.532349415647267329e-03 9.553765397784051011e-03 9.566390597794995065e-03 9.603704343589239759e-03 9.585275827784393854e-03 9.490958498821318312e-03 9.596826777124044944e-03 9.513891309707880883e-03 9.573624714258058277e-03 9.767120593192089861e-03 9.177796046126968782e-03 9.527459402553555001e-03 9.516951704788816774e-03 9.501903276052324140e-03 9.577584171272664551e-03 9.521942823274573767e-03 9.491553854952870448e-03 9.542011935021372376e-03 9.539878587284715550e-03 9.575507463761448110e-03 9.571260391412175078e-03 9.618150491340907854e-03 9.822362713308536650e-03 9.615167490008586643e-03 9.763907852173608209e-03 9.840952045120499384e-03 9.602573850764118540e-03 9.676937988229810522e-03 9.610111439985557710e-03 9.622038945008456329e-03 9.789232562195090970e-03 9.726627877517150800e-03 9.747453317400149239e-03 9.673661696639844834e-03 9.564509441142055729e-03 9.678115861857435401e-03 9.552419371277445781e-03 9.647761950392798672e-03 9.824819572686264990e-03 9.641932679666455688e-03 9.572256186112921422e-03 9.523181884363365879e-03 9.553040471993578392e-03 9.524027313715682785e-03 9.837558186958136192e-03 9.732694480258392150e-03 9.610328339657832689e-03 9.619023503557734556e-03 9.475474472838694637e-03 9.532315902623097331e-03 9.594456403003485956e-03 9.730063521627812725e-03 9.631022845267534285e-03 9.563846934955764698e-03 9.604088432763174463e-03 9.547101982614769611e-03 9.531743304715581400e-03 9.508809512716284371e-03 9.480890092059914009e-03 9.582939994815605281e-03 9.858187731817459956e-03 9.634478319426747345e-03 9.734695670117360713e-03 9.817322541646083742e-03 9.624053390514277634e-03 9.556090662713031744e-03 9.528630361015234806e-03 9.497524231565855277e-03 9.516519689310432711e-03 9.579944012066261144e-03 9.577275228240041127e-03
9.514892158843681752e-03 9.521259039054950912e-03 9.527913036491635068e-03 9.602890138430117406e-03 9.544243557924826996e-03 9.485137736303618158e-03 9.503735699764643066e-03 9.376969723537272386e-03 9.391846782793571852e-03 9.104854337736462827e-03 9.121046082173813602e-03 0.000000000000000000e+00 9.090431324295209989e-03 9.077832062826947726e-03 9.304394492622191856e-03 9.391784732453693427e-03 9.185662274645487596e-03 9.278990816321859916e-03 9.557216057515775451e-03 9.367690096754935358e-03 9.261696905823837631e-03 9.094322139171946706e-03 9.088743699562102513e-03 9.088096295058656696e-03 9.104846969963598796e-03 9.084410154774178944e-03 9.336566817006798288e-03 9.302409282121408898e-03 9.469870960573993635e-03 9.330209381808647964e-03 9.350293235689935423e-03 9.192012447804421421e-03 9.404081357105967959e-03 9.343319109484155352e-03 9.295035681006709460e-03 9.396755412233412028e-03 9.304275163867919973e-03 9.377146438455231589e-03 9.572709905555629173e-03 9.161140154223699691e-03 9.327570948434836182e-03 9.141485601125884722e-03 9.298876845071558928e-03 9.374632969853587128e-03 9.317666437733575571e-03 9.286378635279483179e-03 9.339259297427097636e-03 9.336818769078502472e-03 9.372884983096484157e-03 9.369283534805395233e-03 9.418460670592538123e-03 9.628554333787196773e-03 9.412313055647778329e-03 9.567605311192833514e-03 9.647112649506687371e-03 9.402739457627339037e-03 9.477596241079102451e-03 9.409308351769939474e-03 9.408031064913223093e-03 9.560874208042828212e-03 9.509620422016895266e-03 9.521473465029609354e-03 9.457275267961879478e-03 9.351132270236248156e-03 9.167537757230573292e-03 9.345293771616478354e-03 9.444242998545434101e-03 9.557472462283942913e-03 9.417450436080746987e-03 9.358484055761652487e-03 9.311144841029099159e-03 9.340471780826486298e-03 9.321070850695228546e-03 9.628262829336174666e-03 9.262267019983404931e-03 9.380836556950966285e-03 9.421681374219550639e-03 9.115327415568957176e-03 9.328438184612064879e-03 9.391727775348135410e-03 9.508223033237455865e-03 9.425777173565456912e-03 9.353597257534693177e-03 9.402292623865073778e-03 9.345779093073765947e-03 9.327395927914367349e-03 9.311348685664501412e-03 9.131997872363448177e-03 9.382327664334305650e-03 9.647359468420581285e-03 9.431190506955620598e-03 9.526461922126144496e-03 9.607480128814174444e-03 9.410925425989044926e-03 9.352262160957637918e-03 9.324382544309195789e-03 9.290662384993467540e-03 9.311595636804861215e-03 9.379103189043920888e-03 9.376461626617690892e-03
9.453290417171548651e-03 9.460458198507168751e-03 9.468362323676184078e-03 9.542124681614893786e-03 9.479994812164865142e-03 9.421967897490224342e-03 9.483166711934847351e-03 9.318502033029026771e-03 9.324435030881891504e-03 9.356551291218578176e-03 9.159332637677718852e-03 9.090431324295209989e-03 0.000000000000000000e+00 9.012051075285710047e-03 9.214517833035038713e-03 9.352195863348736898e-03 9.126563989581141720e-03 9.185794353417528479e-03 9.114300992121184344e-03 9.291823715954690768e-03 9.051086889999400420e-03 9.095983068161206039e-03 9.063420481861565389e-03 9.080487943421660171e-03 9.075463605314575133e-03 9.089463626126739748e-03 9.265221290206904214e-03 9.229839950277268432e-03 9.391106909008160170e-03 9.250739426534442325e-03 9.285681883386513735e-03 9.307209836544205750e-03 9.366339530516376924e-03 9.067124297109053696e-03 9.257613162900356005e-03 9.321236128255468850e-03 9.234996510421858082e-03 9.352407264428071534e-03 9.561474676596843150e-03 9.518451283178882075e-03 9.122596401542802658e-03 9.269861802731199987e-03 9.241991885301274745e-03 9.306282888928126343e-03 9.245245446625841371e-03 9.214121905013673841e-03 9.109323515395891663e-03 9.264284001021867720e-03 9.305047541684012199e-03 9.300359409602143232e-03 9.348825764317378328e-03 9.560948583724648148e-03 9.342441923204712270e-03 9.500699593731622497e-03 9.580221743365723019e-03 9.333176281986198600e-03 9.409387197644421622e-03 9.340406050537460383e-03 9.346350688883689473e-03 9.489464735626789924e-03 9.426506756111945051e-03 9.188954709592593931e-03 9.371083800620176596e-03 9.125757254175430669e-03 9.320853135670270628e-03 9.122994008183917675e-03 9.376029673329556308e-03 9.480764111095784513e-03 9.342385669952824045e-03 9.288782081610489835e-03 9.248368341499123985e-03 9.130079074705768627e-03 9.107671053217823720e-03 9.572516264475002326e-03 9.445280594879933850e-03 9.308588334107900653e-03 9.344719172588960079e-03 9.091134875715233682e-03 9.260166723418561396e-03 9.324190736139926355e-03 9.414780470375477481e-03 9.352451306295772940e-03 9.289617972335264401e-03 9.328415255276228599e-03 9.269155055836010570e-03 9.237223488370195981e-03 9.245009002014614383e-03 9.209513683316681784e-03 9.308709155581800995e-03 9.590889931946778441e-03 9.363232207428873535e-03 9.468570012421708565e-03 9.551821174349814370e-03 9.349158150029361972e-03 9.278877556043133024e-03 9.253564475446755463e-03 9.217828118735553466e-03 9.234903442865920187e-03 9.309385185794121290e-03 9.305464208709087609e-03
9.391085085702325849e-03 9.398725644423623973e-03 9.405724182065667086e-03 9.485576715204927303e-03 9.423870287829507614e-03 9.364978390264044536e-03 9.419969416058920214e-03 9.256808239764154761e-03 9.266226382440340484e-03 9.296627104245631240e-03 9.157162948266047223e-03 9.077832062826947726e-03 9.012051075285710047e-03 0.000000000000000000e+00 9.074576905356162432e-03 9.292238284062307938e-03 9.104956483970841688e-03 9.061485552854164557e-03 9.093115388122446213e-03 9.232477193636193236e-03 9.030044687291101727e-03 9.084492494244122626e-03 9.050261185318654936e-03 9.076905806022290274e-03 9.069542456387240381e-03 9.174166696202263466e-03 9.115589429475356650e-03 9.170791199115539347e-03 9.334203248248105350e-03 9.100473042868205062e-03 9.229858795230886856e-03 9.245836829127185644e-03 9.171922926431768860e-03 9.054903950331321880e-03 9.195652456439107336e-03 9.262673888962397531e-03 9.175777781528646898e-03 9.293386539916691919e-03 9.503084854389949598e-03 9.460032783068946655e-03 9.108618251186828899e-03 9.209963640747699520e-03 9.182906839950591080e-03 9.248722015739351682e-03 9.188641920172414823e-03 9.157166669794318536e-03 9.099395172598487291e-03 9.206977251973797599e-03 9.246627056864740665e-03 9.235729284370504388e-03 9.292413982649320656e-03 9.505896010352146014e-03 9.278721769389149804e-03 9.445413290396477424e-03 9.525646373294682084e-03 9.276577298844308067e-03 9.352734383864825043e-03 9.283053819622704220e-03 9.287668970907100169e-03 9.422378048488600638e-03 9.359485218765397144e-03 9.158471494071106569e-03 9.137632705702952371e-03 9.097813777229974558e-03 9.079038264263017063e-03 9.096851852570092198e-03 9.318111596379900774e-03 9.405492798901442936e-03 9.269935785989336097e-03 9.217661448146534028e-03 9.181801639459771444e-03 9.185824371462146185e-03 9.090118374319859293e-03 9.516471977451484640e-03 9.385458426219397618e-03 9.241744326914992994e-03 9.286194470753260377e-03 9.075738009960757774e-03 9.203328662929674900e-03 9.267377347667846155e-03 9.356630129927583778e-03 9.294893941536075052e-03 9.233503945298855362e-03 9.270834388842191451e-03 9.211440916504656448e-03 9.172783406655830862e-03 9.187026886595044822e-03 9.152930820242172888e-03 9.251930974239735983e-03 9.525197279617359652e-03 9.305720446507877511e-03 9.412842684935371698e-03 9.495751451517771280e-03 9.292635199654513886e-03 9.221597345041042393e-03 9.195379186384817355e-03 9.159956785862170825e-03 9.172385312273779664e-03 9.251938327318102659e-03 9.248050264667006040e-03
9.297369536227152731e-03 9.311322051786219758e-03 9.319330673902526466e-03 9.395326586865197782e-03 9.330100314604376430e-03 9.266886183453325668e-03 9.350885854318083043e-03 9.176197256483442644e-03 9.171277277907263423e-03 9.296290450703771635e-03 9.524588742058538379e-03 9.304394492622191856e-03 9.214517833035038713e-03 9.074576905356162432e-03 0.000000000000000000e+00 9.219457595085543689e-03 9.462369429899615894e-03 9.043870054955853097e-03 9.117612836839095181e-03 9.022856245695411170e-03 9.062218621029507690e-03 9.179348039075977198e-03 9.044231296954233570e-03 9.296252207143184190e-03 9.084235835716561458e-03 9.087484197765133970e-03 9.107013015333585704e-03 9.023107791979569428e-03 9.041629999081481420e-03 9.016654848110799286e-03 9.125564383004040880e-03 9.174898898156568991e-03 9.239513177626798232e-03 9.165849343654011716e-03 9.119900342785099145e-03 9.149236466481296126e-03 9.011853027644617722e-03 9.240016836785058113e-03 9.455082494421918407e-03 9.478528776392790289e-03 9.176442178337079411e-03 9.145223506640567240e-03 9.111201404547466035e-03 9.039527751334069938e-03 9.082212683971165393e-03 9.012963885059940838e-03 9.124504979070500316e-03 9.035335841597120360e-03 9.141910471594903373e-03 9.034174359167592219e-03 9.188306149784599905e-03 9.410055325448047486e-03 9.177844016594882692e-03 9.348914781461903703e-03 9.430164503045320237e-03 9.172443168611578435e-03 9.252674707110606842e-03 9.178039784761258396e-03 9.175732899361431494e-03 9.342325939025059381e-03 9.277193373986648492e-03 9.303896072977976828e-03 9.082670138708648019e-03 9.051494862269722844e-03 9.096547361370017210e-03 9.009883963944774476e-03 9.217193912029221503e-03 9.373898147636094622e-03 9.199972620709356147e-03 9.115617452709248031e-03 9.037557709605034337e-03 9.114922986647367234e-03 9.026785043912766496e-03 9.410608175539694753e-03 9.164865178846331312e-03 9.152953202501905999e-03 9.032296932803133768e-03 9.010929700514884802e-03 9.095031788107639861e-03 9.163092355251405835e-03 9.268089222121215706e-03 9.195467866906580079e-03 9.123592800000059067e-03 9.173588161156646936e-03 9.106805434865573173e-03 9.087313613893628281e-03 9.017123365332247245e-03 9.014005454265269779e-03 9.128060690101087726e-03 9.421783401778214412e-03 9.199777157358333957e-03 9.306324274094170471e-03 9.389480777718317225e-03 9.183088223647684414e-03 9.120884548024472266e-03 9.081408214452914643e-03 9.052879828893139677e-03 9.077316824418512828e-03 9.146203153418099724e-03 9.037889280205354051e-03
9.061530294258091783e-03 9.068105214031712408e-03 9.061023220566935890e-03 9.082452726274899135e-03 9.337120514586972828e-03 9.103668899857130306e-03 9.066294509146336986e-03 9.039235166890874015e-03 9.176124302289763446e-03 9.333402503563834052e-03 9.589690035813717983e-03 9.391784732453693427e-03 9.352195863348736898e-03 9.292238284062307938e-03 9.219457595085543689e-03 0.000000000000000000e+00 9.620411860727835079e-03 9.081123884419964321e-03 9.545447683471396105e-03 9.247274434295271392e-03 9.300308563410134705e-03 9.096944923976769265e-03 9.102603427711573533e-03 9.386338443498421294e-03 9.163173193265684857e-03 9.117594568699030275e-03 9.216916232205791398e-03 9.167019625155590698e-03 9.351216782265888219e-03 9.220073683059958058e-03 9.185800048285982025e-03 9.033765347413276123e-03 9.046338755809844520e-03 9.284762323399371742e-03 9.054042915142782727e-03 9.262457209816726475e-03 9.175375691230912290e-03 9.048808761802740880e-03 9.457087146654224660e-03 9.172176388134015146e-03 9.085115414912218676e-03 9.184504032952794592e-03 9.188121307051974607e-03 9.233792784236968115e-03 9.062836077723047945e-03 9.073417796871333096e-03 9.086714908620759437e-03 9.200314005611788179e-03 9.190471517254715159e-03 9.225717563260002474e-03 9.289719122251162420e-03 9.476687141580395976e-03 9.292361643652822731e-03 9.400455100227349259e-03 9.506111674388901742e-03 9.258862779506066981e-03 9.350528636290210069e-03 9.139162082935884876e-03 9.302931565510062784e-03 9.485651850255148732e-03 9.419968729694109741e-03 9.458211271318345617e-03 9.369709042989459585e-03 9.282107799520031288e-03 9.419035995552622192e-03 9.253280998506377419e-03 9.330709077977046226e-03 9.532980625165910285e-03 9.347167366679526995e-03 9.250623331782227912e-03 9.218589879377646346e-03 9.242401904663849824e-03 9.216297375927624130e-03 9.530708556066630824e-03 9.447145131011431413e-03 9.290921726351566295e-03 9.305305944405969920e-03 9.183065169285475199e-03 9.205901591685721960e-03 9.260632978623013767e-03 9.424310699031837602e-03 9.314883743087852899e-03 9.238827243158241609e-03 9.280726938766293427e-03 9.220415764985835996e-03 9.209129758597570103e-03 9.199153404385236946e-03 9.174631927346412266e-03 9.255744930899850037e-03 9.553069011553474293e-03 9.312493158794310846e-03 9.414833826634230740e-03 9.509095005965384831e-03 9.303949284182993704e-03 9.230689630541447435e-03 9.201558407265289508e-03 9.167932680810578217e-03 9.193142442705684245e-03 9.222859207787890978e-03 9.253020138442997339e-03
