0.000000000000000000e+00 1.064575698099544040e-02 1.064906161255019940e-02 1.096075217765254614e-02 1.150233216576452590e-02 1.115806200683211978e-02 1.103666241212568865e-02 1.221026114194835241e-02 1.234001746644661744e-02 1.228862534946801796e-02 1.309196053389816150e-02 1.255826730725853081e-02 1.317885042067031345e-02 1.393868190500373132e-02 1.464656528369445189e-02 1.150665415821708511e-02 1.315951236723159577e-02 1.447209006443327464e-02 1.289952410740143746e-02 1.337586249589073524e-02 1.396614858088012293e-02 1.334430929286478662e-02 1.485898786701595614e-02 1.271797712395725602e-02 1.504860067724424558e-02 1.350629947487630954e-02 1.374432738197549179e-02 1.540949177629829907e-02 1.247796486178252839e-02 1.408845546478825796e-02 1.302255935200814958e-02 1.241591328612930319e-02 1.151267689120722033e-02 1.279520606405994305e-02 1.384216109096012177e-02 1.258805240093276850e-02 1.499369342696199418e-02 1.187251224870854854e-02 1.246125911999162138e-02 1.254916957707965901e-02 1.302575923358854915e-02 1.300204076840469521e-02 1.404350578535404175e-02 1.234406839549856416e-02 1.418691886209219946e-02 1.622593886526709980e-02 1.362369607366041221e-02 1.383083677242193284e-02 1.269476791874429335e-02 1.240090212806197086e-02 1.359831141292811019e-02 1.210210253762669490e-02 1.369252029229257352e-02 1.242449590801629825e-02 1.252269606119047439e-02 1.320243798180075791e-02 1.299859912364787623e-02 1.326450206241302360e-02 1.381264402748595861e-02 1.326710135517982815e-02 1.312057899793978889e-02 1.323219227606916432e-02 1.322575263294302125e-02 1.411922822555778528e-02 1.305397309010574401e-02 1.370960760180107117e-02 1.364100194081372362e-02 1.333346149237153375e-02 1.344228464895252072e-02 1.375114523993260784e-02 1.430597490799930850e-02 1.468472648634698390e-02 1.481198545226256567e-02 1.337049903717039794e-02 1.315311834957252554e-02 1.905203735818762623e-02 1.300029582731119376e-02 1.587377740789991387e-02 1.424082158389524885e-02 1.402430926052184411e-02 1.334040241634487124e-02 1.383468613225390456e-02 1.382330939676921187e-02 1.363771195520509412e-02 1.411718571608247194e-02 1.486249933999916374e-02 1.453158727145319878e-02 1.567508984241077971e-02 1.309843498979123243e-02 1.337446151158118608e-02 1.409346689865203887e-02 1.302041600797794116e-02 1.333572295700736349e-02 1.359323542645384485e-02 1.452347854588047216e-02 1.433791923333769397e-02 1.644440593977236631e-02 1.485030211009352036e-02 1.342965119985878308e-02 1.336989631704014851e-02
1.064575698099544040e-02 0.000000000000000000e+00 1.042225436069956282e-02 1.082050424453799391e-02 1.072605266887778110e-02 1.117231306962446734e-02 1.154087638453916119e-02 1.211526044727454475e-02 1.233215253146271312e-02 1.229803527949548982e-02 1.304427067329594347e-02 1.252154790762448691e-02 1.324709528761467206e-02 1.402839901152518921e-02 1.489835882090452188e-02 1.158763540553008932e-02 1.315256518937285048e-02 1.458045033004490287e-02 1.287994795601795847e-02 1.364740069509044577e-02 1.410982375908697087e-02 1.344159745760826336e-02 1.499816259370504237e-02 1.269550350606554051e-02 1.454812352392998755e-02 1.353443409512980825e-02 1.391366747566734861e-02 1.599616739460434436e-02 1.276590746935228442e-02 1.432997150398510403e-02 1.257752421248044608e-02 1.233754316327408986e-02 1.158279339067853561e-02 1.284179112796562244e-02 1.393175532046643864e-02 1.273539833619930645e-02 1.565475699770844942e-02 1.175714486770281994e-02 1.241922203673891806e-02 1.255829137799543797e-02 1.306371082871826857e-02 1.250858772584068600e-02 1.408779159584649943e-02 1.304858502304005047e-02 1.428854503496992251e-02 1.642226393010429858e-02 1.376460254760645055e-02 1.402503724948758052e-02 1.280543287038392319e-02 1.310634804594690110e-02 1.379502271524327660e-02 1.268921618784983434e-02 1.389206154380513702e-02 1.247486486249002775e-02 1.251441707865086177e-02 1.331815732428053012e-02 1.321959068366349715e-02 1.343616354414910001e-02 1.402734542263749627e-02 1.337046053269568859e-02 1.325080590458444819e-02 1.331619696355157249e-02 1.338656716527654444e-02 1.429581133823992940e-02 1.317571008054852118e-02 1.393926328594903737e-02 1.381144809678843711e-02 1.340476530220140877e-02 1.360398668511680724e-02 1.396054855328426360e-02 1.454820980110487633e-02 1.487424619516009190e-02 1.501267563564425041e-02 1.344386340295152145e-02 1.328355821175735210e-02 1.925668976838548416e-02 1.322548041154102128e-02 1.607728632085938386e-02 1.432898669155928048e-02 1.414987326324645446e-02 1.348253375864567546e-02 1.400751487273426375e-02 1.399341432121667568e-02 1.379949649745004954e-02 1.430845402583449250e-02 1.505876899817236263e-02 1.471794407094050884e-02 1.582775871238851009e-02 1.326504697682631510e-02 1.344612890304299271e-02 1.430002453181802684e-02 1.311805316979155339e-02 1.341491912833379756e-02 1.376081004261895356e-02 1.470567347594865099e-02 1.448543155133458042e-02 1.660140391495137577e-02 1.503649229606715369e-02 1.308630527559038331e-02 1.357951665206946941e-02
1.064906161255019940e-02 1.042225436069956282e-02 0.000000000000000000e+00 1.080067542087963586e-02 1.085248414618230663e-02 1.126935177011328948e-02 1.088125343935360603e-02 1.212049999350737171e-02 1.232597697029141036e-02 1.224011780153321481e-02 1.301343864229541868e-02 1.249351528757290664e-02 1.321860899655953776e-02 1.397013136655379101e-02 1.486255420586497268e-02 1.152860046444135166e-02 1.309361419079147631e-02 1.404720602124229743e-02 1.281313805769484539e-02 1.362155333711403266e-02 1.405524664512967231e-02 1.344670167923061287e-02 1.495128231114371646e-02 1.269716774594596698e-02 1.451202304136275413e-02 1.355676691666920543e-02 1.392145420571031141e-02 1.601719516757027159e-02 1.276527302646596716e-02 1.429754339086416505e-02 1.266066607537593910e-02 1.230283620987658588e-02 1.151490684238520336e-02 1.281785381568852945e-02 1.392816949128484159e-02 1.276336432295752457e-02 1.567849285223871583e-02 1.226825049577028037e-02 1.238720332875376841e-02 1.251672949361865884e-02 1.299861385726649304e-02 1.255785458335264768e-02 1.412534287308664892e-02 1.308374965309324484e-02 1.427522277240159468e-02 1.642955120508660105e-02 1.372314793403124275e-02 1.395749419400698146e-02 1.285550204150604642e-02 1.315620236288874215e-02 1.387509501873838112e-02 1.275424950074572836e-02 1.393114480661000222e-02 1.252200800562247758e-02 1.258459088611441588e-02 1.341603399668186286e-02 1.323403839888763825e-02 1.352004671474400961e-02 1.402767883052260037e-02 1.336686570329434151e-02 1.323989994563195063e-02 1.330001168767900796e-02 1.337535270839207424e-02 1.428643204186733420e-02 1.315280731620726944e-02 1.393348770370017413e-02 1.384191560197448219e-02 1.338692668837716988e-02 1.360927646197021383e-02 1.397654795504381375e-02 1.452951224915984170e-02 1.487807655420164687e-02 1.501005204550876979e-02 1.345038972019241968e-02 1.328165496806856145e-02 1.931513213011832111e-02 1.323181050716567761e-02 1.608431058716954659e-02 1.440536248608830817e-02 1.423627640403148965e-02 1.348913881222519456e-02 1.405915033167820689e-02 1.402379253911349537e-02 1.382044084763380323e-02 1.432580867232392460e-02 1.506681672536870631e-02 1.474335457298735219e-02 1.587028074988204238e-02 1.332859462185363719e-02 1.345045217164994068e-02 1.433765864372254367e-02 1.315101873834821633e-02 1.342586478212289859e-02 1.379535101326755109e-02 1.472739273149520876e-02 1.455535038324761409e-02 1.664899399237434671e-02 1.504393706519754556e-02 1.363508207997264632e-02 1.365008636536103881e-02
1.096075217765254614e-02 1.082050424453799391e-02 1.080067542087963586e-02 0.000000000000000000e+00 1.093164074094228090e-02 1.160944517358228692e-02 1.098191685094817953e-02 1.258633147324816036e-02 1.282855125069161731e-02 1.244971152386915164e-02 1.255229385648506425e-02 1.256292765065872979e-02 1.337022229318914068e-02 1.428211106181199661e-02 1.519454726149853732e-02 1.187245922233602473e-02 1.267608335325447547e-02 1.500885714179993856e-02 1.244324123098539646e-02 1.390108482641669654e-02 1.438378227147174039e-02 1.370004066183041873e-02 1.527696785356370129e-02 1.283542997856446273e-02 1.499881024929584222e-02 1.384625601477466016e-02 1.416812369257101217e-02 1.646070224225438042e-02 1.283845387479704177e-02 1.456510609693474102e-02 1.354079280463578623e-02 1.285891486751485242e-02 1.244650427977618025e-02 1.310574334987426454e-02 1.422005596902393108e-02 1.310145340839566526e-02 1.612540859284200892e-02 1.215038255195625277e-02 1.201421820829573668e-02 1.210973224509913869e-02 1.339064102264867634e-02 1.350589941926349201e-02 1.449608668976497955e-02 1.340094293915056016e-02 1.421832697849184646e-02 1.682025806414262636e-02 1.393612785548894485e-02 1.418814277235960070e-02 1.382357539357377020e-02 1.355627671998672033e-02 1.397386046710013402e-02 1.230279773035654681e-02 1.408715605042180213e-02 1.176838410451288772e-02 1.216086377622925541e-02 1.365912560039356412e-02 1.331046770358025946e-02 1.375388729259837024e-02 1.418541663906343342e-02 1.302131730208099317e-02 1.311209884477572592e-02 1.301931900272176174e-02 1.339652891374056021e-02 1.445717191304534202e-02 1.316959148465727918e-02 1.414852737562584568e-02 1.393611668787225234e-02 1.299599549536234640e-02 1.366826249220566905e-02 1.422164082569113940e-02 1.482638607640850842e-02 1.506977702504637764e-02 1.523323521326964448e-02 1.302581726669255376e-02 1.317778660484388194e-02 1.961504198109264782e-02 1.336472204244311401e-02 1.640957822932586838e-02 1.470247400125514539e-02 1.443611940953141819e-02 1.345389795849990903e-02 1.415676666108300202e-02 1.415958183353776059e-02 1.390633934447419243e-02 1.448245037493794268e-02 1.527049458240003869e-02 1.513995796702829501e-02 1.621454559656185929e-02 1.360414254919105163e-02 1.301479587896724709e-02 1.440576318027156529e-02 1.296428674476934884e-02 1.303117189268096325e-02 1.388935206400300666e-02 1.489605889533535989e-02 1.487495754691015026e-02 1.697325738816366988e-02 1.527283575941730184e-02 1.399952170873868668e-02 1.385263907438667383e-02
1.150233216576452590e-02 1.072605266887778110e-02 1.085248414618230663e-02 1.093164074094228090e-02 0.000000000000000000e+00 1.100411463480591677e-02 1.191703741433151539e-02 1.235616254584606145e-02 1.226937183035788428e-02 1.255210818418935753e-02 1.303704575094410782e-02 1.265081383326868356e-02 1.335008798438227021e-02 1.419342157417187791e-02 1.492862129284256399e-02 1.249305633008650045e-02 1.311922337818282984e-02 1.478740577559464579e-02 1.285906630419821062e-02 1.357392439109095413e-02 1.420989886672077186e-02 1.370949603367445715e-02 1.515344202524660996e-02 1.290494272265420468e-02 1.482534030196020793e-02 1.378520057443788881e-02 1.398115013307737325e-02 1.610988692927670454e-02 1.268264211844822437e-02 1.436643954235334274e-02 1.266815311556030756e-02 1.276563175903962927e-02 1.259548613961593289e-02 1.303460150383746116e-02 1.415535432640149457e-02 1.255344646314617875e-02 1.554019237168766457e-02 1.226878792979314327e-02 1.261694187716701915e-02 1.273172694811645564e-02 1.345903037808080654e-02 1.332920146327535790e-02 1.434739163268151409e-02 1.309148277211061827e-02 1.448460469426304971e-02 1.653263643979825323e-02 1.388464709677434718e-02 1.410135214250673140e-02 1.263069279813824539e-02 1.315049685012182647e-02 1.333741267808343997e-02 1.219976388808006670e-02 1.360414289557188711e-02 1.138972744242626282e-02 1.140573575967682683e-02 1.238455445591084975e-02 1.278623732979050111e-02 1.251901378750280326e-02 1.376679115974949012e-02 1.318234668820568098e-02 1.310684716771565693e-02 1.317973425292199088e-02 1.329958684662961230e-02 1.426854105689277785e-02 1.311416247863663072e-02 1.390124400592123756e-02 1.355924387417653358e-02 1.325428819772178114e-02 1.344957232852261354e-02 1.376127346833420570e-02 1.445254082065263943e-02 1.484211491237379457e-02 1.498744619741709805e-02 1.320146170155679123e-02 1.308236681824507391e-02 1.901015821611144740e-02 1.311772054860669071e-02 1.608938507790634576e-02 1.420097566030520397e-02 1.373868649897747561e-02 1.330087593831352256e-02 1.379500754563568396e-02 1.383640882846232274e-02 1.369209320832512518e-02 1.421698691714076007e-02 1.500226883026937325e-02 1.458828897292824452e-02 1.579894740334477146e-02 1.301590317483285707e-02 1.321406057857366784e-02 1.400119421403128901e-02 1.264857069938638348e-02 1.313131648938323758e-02 1.352899258246572159e-02 1.462651381260127170e-02 1.441669879734903958e-02 1.657876851014933664e-02 1.503157296754248536e-02 1.274936478275855850e-02 1.329631081263951860e-02
1.115806200683211978e-02 1.117231306962446734e-02 1.126935177011328948e-02 1.160944517358228692e-02 1.100411463480591677e-02 0.000000000000000000e+00 1.247305451313301429e-02 1.248883962021291906e-02 1.179715897573615363e-02 1.287497795980131234e-02 1.374274438968184874e-02 1.310105742777828604e-02 1.339489708189690008e-02 1.405237114639767797e-02 1.456423319303844048e-02 1.179798733207355205e-02 1.378878847873108576e-02 1.439797368097434603e-02 1.352556439100801103e-02 1.322548840264687643e-02 1.402682961233806327e-02 1.355456804258993800e-02 1.482511328699489747e-02 1.323525183014286413e-02 1.490558255059538408e-02 1.353815721525448990e-02 1.360905387217191745e-02 1.508979243741388407e-02 1.276304401468288975e-02 1.408049768641809855e-02 1.223471392171918658e-02 1.238497220130163785e-02 1.248470560450967194e-02 1.296560570538896756e-02 1.389037498348443325e-02 1.172659687885092838e-02 1.496699213351624508e-02 1.264298230508759634e-02 1.328052949495308645e-02 1.339146435418116579e-02 1.333088198175231415e-02 1.251601962780354675e-02 1.400182250738232943e-02 1.214634390298544551e-02 1.402881771326480904e-02 1.600793461838067797e-02 1.364930344147814376e-02 1.384138412505617546e-02 1.203765162237973099e-02 1.262588838658632202e-02 1.302273874898065772e-02 1.211105485746280172e-02 1.331669150192228354e-02 1.182739436574924141e-02 1.192360696396737099e-02 1.193946074874615952e-02 1.267207230895698276e-02 1.202021466250272237e-02 1.353792994491463501e-02 1.366465214650715645e-02 1.350900002043441822e-02 1.367929689502860036e-02 1.349550000419755952e-02 1.409158925244441939e-02 1.345550396752959177e-02 1.365764470684456729e-02 1.342106923237441386e-02 1.380808018027076915e-02 1.346328804875924698e-02 1.344160135181383248e-02 1.409927264198242332e-02 1.455257132599055772e-02 1.467619852906087811e-02 1.373299856515544821e-02 1.347942918680673438e-02 1.845325540648280055e-02 1.300425901039344891e-02 1.566371680294837213e-02 1.374272956748168704e-02 1.335286258238630244e-02 1.357166635890861422e-02 1.362295230276407837e-02 1.352031095893379935e-02 1.350789305430674485e-02 1.390207246107838350e-02 1.467294761900036354e-02 1.412548058951840907e-02 1.533201186498655069e-02 1.268535281293687450e-02 1.376334076246179573e-02 1.373364608381200287e-02 1.302376465400205928e-02 1.363509387449464427e-02 1.329820664331368002e-02 1.429041729326007391e-02 1.392473832118752697e-02 1.605298552111715515e-02 1.468939456814314336e-02 1.225251996824601106e-02 1.295025056168464840e-02
1.103666241212568865e-02 1.154087638453916119e-02 1.088125343935360603e-02 1.098191685094817953e-02 1.191703741433151539e-02 1.247305451313301429e-02 0.000000000000000000e+00 1.238537122278709351e-02 1.287444655737174197e-02 1.122885453338731514e-02 1.260835327356439259e-02 1.216454778568625342e-02 1.295165086807504272e-02 1.373879439564937820e-02 1.483452275935367645e-02 1.145467119493715977e-02 1.279222174623601514e-02 1.399504579269183861e-02 1.248504363711578843e-02 1.368041882774706335e-02 1.389675595246884013e-02 1.302947724376917783e-02 1.476610722434796609e-02 1.222737453553934817e-02 1.454660592732614534e-02 1.332789529517938200e-02 1.390577657081037109e-02 1.626260729881386091e-02 1.279650661367484447e-02 1.421331252831955876e-02 1.356006213356369776e-02 1.256801260052235053e-02 1.125109726787750300e-02 1.260919199381539853e-02 1.363573099189798084e-02 1.306079715332447884e-02 1.590540811155072287e-02 1.153653322102412074e-02 1.126613474333548227e-02 1.133740524018957835e-02 1.206459592272153547e-02 1.311702945447146967e-02 1.394625787649103089e-02 1.337665240990185307e-02 1.436871188602250986e-02 1.650428565921396515e-02 1.353072934175118640e-02 1.335999301798726849e-02 1.391803000234394239e-02 1.342562697656494303e-02 1.409038027323368698e-02 1.289266784324319230e-02 1.412670667916193952e-02 1.275886122224940446e-02 1.283977205767490061e-02 1.385290822592083991e-02 1.344467081294798035e-02 1.394089957467987452e-02 1.413943635828328327e-02 1.325511011029535148e-02 1.312289548796625321e-02 1.312494403008952065e-02 1.328841298481711446e-02 1.420270629367037518e-02 1.297938278555438307e-02 1.391770066951568928e-02 1.397754084187941524e-02 1.321508546157211354e-02 1.357234400739855754e-02 1.412659546621358557e-02 1.453614161405946716e-02 1.482190044757469155e-02 1.496239940561962592e-02 1.337813776762347695e-02 1.322435438167365515e-02 1.950903644281653734e-02 1.324862074852992642e-02 1.607218989418970900e-02 1.463225928806263960e-02 1.452765326606365349e-02 1.346866292463344029e-02 1.414131075238089091e-02 1.415000087848016300e-02 1.383009238547465262e-02 1.433495481009293242e-02 1.504731604340204219e-02 1.491414981175051731e-02 1.595196943160359995e-02 1.357628324963689077e-02 1.336637002796404149e-02 1.447251636538607160e-02 1.323342355122898023e-02 1.338359217963568625e-02 1.394279104496488030e-02 1.474406020844647516e-02 1.475806615723133756e-02 1.671654197095120628e-02 1.499024946248076438e-02 1.411156701295043087e-02 1.383379545311515420e-02
1.221026114194835241e-02 1.211526044727454475e-02 1.212049999350737171e-02 1.258633147324816036e-02 1.235616254584606145e-02 1.248883962021291906e-02 1.238537122278709351e-02 0.000000000000000000e+00 1.118952924819089680e-02 1.272973180004747205e-02 1.474825582256633801e-02 1.384633028285699174e-02 1.385670955583162035e-02 1.355545795906546239e-02 1.407243605475537104e-02 1.173484030709420062e-02 1.479300306488170839e-02 1.260462660841891319e-02 1.441520319109316009e-02 1.326302071154612794e-02 1.348970322310760056e-02 1.320923099801992254e-02 1.410532365741713930e-02 1.366287860170534163e-02 1.299866930340682486e-02 1.298377625517543182e-02 1.337438662684892719e-02 1.486720928780724781e-02 1.385017720894480241e-02 1.382040392511529360e-02 1.235285400084142234e-02 1.113403714605418551e-02 1.195749476127547055e-02 1.228474959074945388e-02 1.305421220732803055e-02 1.217180823899073096e-02 1.443494893049976184e-02 1.175572246604937934e-02 1.400444212407986160e-02 1.410752121726750914e-02 1.202188041807461527e-02 1.158886822745479675e-02 1.306529779327453115e-02 1.301823042388431870e-02 1.279557235020302094e-02 1.529541489206637239e-02 1.337572617650436592e-02 1.347819188651552640e-02 1.184937897977880392e-02 1.276755571674160518e-02 1.377111901568981583e-02 1.424454596232494624e-02 1.388922837372241585e-02 1.338389413203435775e-02 1.409214303894794178e-02 1.233458282017145524e-02 1.392538977213366586e-02 1.296316555590272014e-02 1.408680724574391460e-02 1.492431525208675995e-02 1.468254895403772915e-02 1.482930080517407337e-02 1.451260776632168868e-02 1.420528482416209479e-02 1.438434358966996125e-02 1.374653533075841788e-02 1.430642539570814269e-02 1.500840609219525681e-02 1.443878980003939806e-02 1.351405177373126744e-02 1.374140141650562891e-02 1.439062992150980970e-02 1.442258002216896713e-02 1.505036833323787279e-02 1.465372049215009007e-02 1.803424929086107353e-02 1.385555106407517813e-02 1.504401558936494139e-02 1.346114225193520246e-02 1.302508620745246835e-02 1.464839998708618481e-02 1.427891109763032053e-02 1.373739485131627788e-02 1.399573106495272806e-02 1.382507583682360611e-02 1.447426581880237838e-02 1.353799265062926964e-02 1.473546721822873579e-02 1.253074981127279448e-02 1.508120780699009726e-02 1.430132201829936549e-02 1.441734066059260563e-02 1.493675196028652896e-02 1.404411883723919417e-02 1.414881520552434963e-02 1.359726154729296206e-02 1.547137583700299371e-02 1.437751866075882498e-02 1.220625767392444043e-02 1.335560938445722913e-02
1.234001746644661744e-02 1.233215253146271312e-02 1.232597697029141036e-02 1.282855125069161731e-02 1.226937183035788428e-02 1.179715897573615363e-02 1.287444655737174197e-02 1.118952924819089680e-02 0.000000000000000000e+00 1.357375542347930182e-02 1.486858383492737322e-02 1.402011844382018355e-02 1.398203972910955391e-02 1.370327644945738658e-02 1.378291126177874117e-02 1.270174821080810590e-02 1.483747190895262809e-02 1.272694797081940811e-02 1.449132221542699661e-02 1.236419993795988791e-02 1.342427790527838706e-02 1.357969217476127921e-02 1.414472781273127741e-02 1.398895276736115273e-02 1.337105513333432943e-02 1.330110865070701157e-02 1.328672749181041349e-02 1.462376321560062212e-02 1.358465488221884815e-02 1.363790868422829275e-02 1.231218675881377150e-02 1.170811786305479135e-02 1.299897645011194487e-02 1.254921762770648541e-02 1.338401427368087968e-02 1.167003310170920335e-02 1.348561161220477103e-02 1.294114120709187812e-02 1.438178277297953722e-02 1.448121971324672734e-02 1.309726223381327964e-02 1.203733115630915666e-02 1.343536928710997724e-02 1.282380659655747365e-02 1.336310174966775371e-02 1.522492894120454007e-02 1.350988809149144404e-02 1.344642150881955080e-02 1.114677466549480502e-02 1.246345462176151782e-02 1.329845862749985674e-02 1.394563957755350948e-02 1.304160781792050930e-02 1.361321016033337737e-02 1.330798804068860502e-02 1.173407708270605976e-02 1.351698713713760623e-02 1.190457109140665749e-02 1.360200947254291970e-02 1.475611399619754412e-02 1.452150955433577188e-02 1.470057903851757636e-02 1.429173487318442098e-02 1.403023977891507297e-02 1.427403476764533587e-02 1.344014577077465820e-02 1.396520736307371030e-02 1.487734704852042462e-02 1.417594300353934578e-02 1.248266840859208436e-02 1.326134330955195534e-02 1.420010871822679870e-02 1.414065598685544309e-02 1.484750353354727034e-02 1.444698523246439048e-02 1.761776936050470782e-02 1.349637300927767486e-02 1.478126031138159158e-02 1.318241498181841991e-02 1.299838420258566177e-02 1.445101053976503500e-02 1.391312568962032974e-02 1.355223310931412233e-02 1.385898780341253411e-02 1.366184958577037166e-02 1.419311667499447566e-02 1.265727976157034543e-02 1.449283999198045479e-02 1.197494990685817051e-02 1.484392603720059885e-02 1.396923031570044063e-02 1.412874211413555139e-02 1.475957707390274792e-02 1.383415491423152510e-02 1.396566605604475202e-02 1.336575131355921368e-02 1.528901049648081524e-02 1.416570961276653919e-02 1.156022491483515990e-02 1.286475200495911485e-02
1.228862534946801796e-02 1.229803527949548982e-02 1.224011780153321481e-02 1.244971152386915164e-02 1.255210818418935753e-02 1.287497795980131234e-02 1.122885453338731514e-02 1.272973180004747205e-02 1.357375542347930182e-02 0.000000000000000000e+00 1.189260319872341952e-02 1.109390896114893083e-02 1.216910552023059595e-02 1.296083469996525857e-02 1.421029523558498160e-02 1.222707159046263446e-02 1.266728282568360502e-02 1.381089500065576549e-02 1.237580077720642872e-02 1.333484298990388929e-02 1.265141727509582793e-02 1.250066148126125105e-02 1.415734065946935502e-02 1.083963705656103109e-02 1.406218594735205579e-02 1.214065558871246092e-02 1.341092864093018124e-02 1.585079573113161444e-02 1.250134998792039841e-02 1.367741832892594746e-02 1.339143757164650006e-02 1.327866901660504882e-02 1.181449302768118256e-02 1.215758217155036083e-02 1.278940433220893645e-02 1.293851598056949999e-02 1.559357789815866285e-02 1.150157684863620418e-02 1.142657185559449624e-02 1.141324720891600565e-02 1.167369395375570870e-02 1.236621999870265477e-02 1.298908652721088991e-02 1.311202398173121585e-02 1.408169065309407449e-02 1.609650386295175678e-02 1.313582279618754831e-02 1.335289437510205415e-02 1.404845465231550558e-02 1.321217868439154494e-02 1.390424322335349037e-02 1.327006473283566697e-02 1.395276372891185446e-02 1.310781419243305101e-02 1.326925894607867626e-02 1.379160971161158544e-02 1.336965126698316450e-02 1.392783808749128473e-02 1.386012818627032142e-02 1.323167434821816146e-02 1.301927771476069258e-02 1.300884947005983075e-02 1.291242943304357106e-02 1.354814903020787158e-02 1.201063100101916296e-02 1.332441304039654398e-02 1.377354617540739630e-02 1.313402545458688779e-02 1.309978756484003574e-02 1.381757299773927160e-02 1.399239825043491724e-02 1.437173725315608538e-02 1.448667325310792897e-02 1.352476238349589570e-02 1.306575031141611089e-02 1.906468494455290652e-02 1.283673119962325249e-02 1.543041989904904085e-02 1.422411907372880292e-02 1.437804466058335492e-02 1.329730639257916715e-02 1.386911974834248960e-02 1.381158860933642471e-02 1.348580489213240668e-02 1.395366420513049176e-02 1.461944805780117200e-02 1.409227191926213166e-02 1.540440470205568964e-02 1.337507621764648380e-02 1.350831127599934518e-02 1.424965458090382726e-02 1.334624860116140517e-02 1.352810979500778700e-02 1.368953215232641615e-02 1.435920287779206966e-02 1.431040819104430553e-02 1.621428709255613720e-02 1.449618379253748111e-02 1.404488659199296802e-02 1.355085166492423117e-02
1.309196053389816150e-02 1.304427067329594347e-02 1.301343864229541868e-02 1.255229385648506425e-02 1.303704575094410782e-02 1.374274438968184874e-02 1.260835327356439259e-02 1.474825582256633801e-02 1.486858383492737322e-02 1.189260319872341952e-02 0.000000000000000000e+00 1.140571299100243650e-02 1.220410064636236885e-02 1.335016497738308709e-02 1.515710249314543984e-02 1.360769919588487864e-02 1.127347857210564235e-02 1.574822720230347264e-02 1.151383610915903202e-02 1.414195684044701647e-02 1.354770494025203144e-02 1.362483657645020135e-02 1.469079430881467876e-02 1.177373663905872773e-02 1.576168672660857931e-02 1.335244381267722616e-02 1.433268306939584555e-02 1.710658771419634044e-02 1.287432386438548161e-02 1.442015482993656145e-02 1.461028771689238878e-02 1.490090201353251077e-02 1.333398874817579710e-02 1.333505595843553770e-02 1.456153281104596679e-02 1.387346698741030032e-02 1.674606965521029459e-02 1.366729342049973102e-02 1.167179981822199369e-02 1.098606703950872655e-02 1.375972897511970085e-02 1.443254516423166274e-02 1.496344351680662862e-02 1.402254760963271910e-02 1.544289534205259447e-02 1.730151716568759102e-02 1.398429279223803619e-02 1.431479887716800153e-02 1.519268316053556424e-02 1.418834964297041763e-02 1.449679245553198159e-02 1.266013732297665423e-02 1.450182406594066088e-02 1.306231252191074159e-02 1.266704464818362540e-02 1.466666751243396807e-02 1.376901675631586781e-02 1.471963353405604177e-02 1.443304593450446538e-02 1.264467161107504095e-02 1.275280108670518407e-02 1.244955440262661937e-02 1.302231369153079507e-02 1.406964772646366983e-02 1.261939118705467967e-02 1.395194955028706239e-02 1.416484542307110996e-02 1.229169154765344732e-02 1.341969485760173553e-02 1.454289598165487557e-02 1.491930183598077185e-02 1.501288908865781521e-02 1.513058165242396613e-02 1.266973733731369643e-02 1.291297222543454255e-02 2.009362727019509826e-02 1.333259525730207291e-02 1.643225706615538892e-02 1.528282278796761796e-02 1.521703912147487521e-02 1.334671681414712451e-02 1.430170205846965914e-02 1.452689526360253017e-02 1.408181692617174394e-02 1.474289483875821337e-02 1.535654468622539050e-02 1.562589566020341006e-02 1.649611835189905562e-02 1.420324189355701323e-02 1.254071817735965752e-02 1.475766840175238986e-02 1.320555412114448116e-02 1.284066922455164364e-02 1.420006970395906905e-02 1.518286160415776263e-02 1.539066242882440594e-02 1.736330878477142237e-02 1.532111162480986888e-02 1.506684123615878793e-02 1.425695479000425869e-02
1.255826730725853081e-02 1.252154790762448691e-02 1.249351528757290664e-02 1.256292765065872979e-02 1.265081383326868356e-02 1.310105742777828604e-02 1.216454778568625342e-02 1.384633028285699174e-02 1.402011844382018355e-02 1.109390896114893083e-02 1.140571299100243650e-02 0.000000000000000000e+00 1.127889731011060687e-02 1.227229383757778153e-02 1.413411281327098257e-02 1.273801727242648667e-02 1.156157857138624158e-02 1.468655486358957409e-02 1.194708436393426138e-02 1.341177209342379710e-02 1.304081847042748953e-02 1.205491670502540844e-02 1.361261015641848302e-02 1.091201568893846764e-02 1.459109832740905326e-02 1.224886142582636700e-02 1.343131377139726926e-02 1.598558499606503314e-02 1.239865177198245377e-02 1.348268038179492069e-02 1.365879908510377397e-02 1.344763200086091653e-02 1.247147800086566109e-02 1.240259922786845874e-02 1.356791979120789034e-02 1.318567576663650688e-02 1.576617199324813201e-02 1.273661890785051862e-02 1.204483575556257111e-02 1.144526062732412718e-02 1.272617143881409063e-02 1.293437777481212109e-02 1.388018992270731791e-02 1.318062975411317568e-02 1.440156134647984504e-02 1.616248526713589748e-02 1.306286729657260212e-02 1.337009362751331518e-02 1.436749487863479488e-02 1.338657711304824284e-02 1.392886911902858557e-02 1.301484788658080309e-02 1.388989632468762454e-02 1.294999352667421111e-02 1.305653540527719134e-02 1.397398755624318888e-02 1.332683040078988350e-02 1.405006176083201282e-02 1.379105952436286524e-02 1.269442374246420452e-02 1.241894205736324315e-02 1.234711612624535965e-02 1.245625572385582192e-02 1.322961142807036264e-02 1.147369692091084782e-02 1.310740573177006374e-02 1.365304233338132667e-02 1.254646350788022474e-02 1.279913925342013141e-02 1.375623180509197643e-02 1.401637234433085119e-02 1.408053878685890103e-02 1.420705633681856352e-02 1.308986503552537345e-02 1.210766759871192630e-02 1.901322276539259976e-02 1.271340762150472911e-02 1.486811650489061436e-02 1.438024041046995910e-02 1.449901728169153241e-02 1.292876312702864391e-02 1.371935843891054080e-02 1.374852196236977381e-02 1.343681537894695320e-02 1.397331384303656526e-02 1.449818327772764079e-02 1.473577486500193996e-02 1.502964892717942487e-02 1.348275353892421959e-02 1.304212203326771992e-02 1.418383823936779191e-02 1.303203002561763649e-02 1.311380447112290432e-02 1.355704216790083912e-02 1.438599422902815846e-02 1.445100789166237076e-02 1.627870577828383417e-02 1.435506443656558821e-02 1.429748958763458339e-02 1.355939003829162610e-02
1.317885042067031345e-02 1.324709528761467206e-02 1.321860899655953776e-02 1.337022229318914068e-02 1.335008798438227021e-02 1.339489708189690008e-02 1.295165086807504272e-02 1.385670955583162035e-02 1.398203972910955391e-02 1.216910552023059595e-02 1.220410064636236885e-02 1.127889731011060687e-02 0.000000000000000000e+00 1.138140737834160594e-02 1.354245292655836298e-02 1.279026688797999661e-02 1.209453066459688364e-02 1.422057190475738836e-02 1.186482442002508367e-02 1.307363203107661173e-02 1.194038050242304631e-02 1.162932703311626501e-02 1.287219929063092815e-02 1.117220749032962236e-02 1.428490268529889091e-02 1.209859997558204552e-02 1.312168481865469243e-02 1.556814353955490206e-02 1.253506801330090889e-02 1.283154242827822845e-02 1.366374629413992861e-02 1.390968916555547670e-02 1.256327083423886860e-02 1.144668177490845880e-02 1.329512932303657941e-02 1.307817392786987838e-02 1.535569340727502632e-02 1.289433779332058508e-02 1.297307910655520237e-02 1.283864539075245913e-02 1.205133559795512448e-02 1.344432002538498150e-02 1.367928874352433884e-02 1.312389293675121638e-02 1.414379204381295205e-02 1.566707284837432976e-02 1.197973525676237182e-02 1.291011295543895675e-02 1.430179593562051418e-02 1.327336160656573255e-02 1.384786373329055346e-02 1.367077292709663501e-02 1.370800993538824966e-02 1.354796822927094996e-02 1.374853111689354132e-02 1.393115455602686806e-02 1.343559418514074684e-02 1.396703594531912770e-02 1.364320363907518992e-02 1.309872532100339257e-02 1.262632543323829321e-02 1.210450345532145151e-02 1.230609142059809619e-02 1.204467433168898878e-02 1.207158182373578234e-02 1.209395717427268549e-02 1.356791722823742774e-02 1.291987925963253812e-02 1.255997503377253265e-02 1.340879478651458775e-02 1.350863040402977555e-02 1.299646713658410627e-02 1.300601716647031836e-02 1.367500507435451089e-02 1.295557208662404675e-02 1.845914798719702765e-02 1.247741991554309274e-02 1.422528424567474914e-02 1.422496118288551874e-02 1.439450916816964986e-02 1.308115326153479543e-02 1.343884923445757412e-02 1.353707016533002051e-02 1.314606776590825088e-02 1.357556857758115444e-02 1.389682339266316499e-02 1.442474333626020400e-02 1.495521441489499129e-02 1.334098068043348961e-02 1.361570275455264468e-02 1.404039224839600739e-02 1.356666137718678770e-02 1.369446531500755938e-02 1.346111123887902029e-02 1.401942352024126807e-02 1.422387951844201331e-02 1.578499517440781416e-02 1.377316282816917412e-02 1.420081756207815411e-02 1.343724991014562387e-02
1.393868190500373132e-02 1.402839901152518921e-02 1.397013136655379101e-02 1.428211106181199661e-02 1.419342157417187791e-02 1.405237114639767797e-02 1.373879439564937820e-02 1.355545795906546239e-02 1.370327644945738658e-02 1.296083469996525857e-02 1.335016497738308709e-02 1.227229383757778153e-02 1.138140737834160594e-02 0.000000000000000000e+00 1.233106598862633053e-02 1.312746400418388429e-02 1.311168626684379446e-02 1.299938577866680336e-02 1.282159651763870901e-02 1.280881598692514695e-02 1.123950737488819268e-02 1.156940139843595436e-02 1.212152686974393712e-02 1.210532760373353792e-02 1.361628109542053350e-02 1.221771723410204104e-02 1.237750411044407674e-02 1.489553956897617971e-02 1.331086369168434785e-02 1.182950559977333053e-02 1.343417544914286485e-02 1.352779702533356276e-02 1.256827582111400173e-02 1.166230678268224616e-02 1.281436079448538927e-02 1.325484939245759504e-02 1.468364755524236009e-02 1.321904302419068568e-02 1.397822495462309328e-02 1.382177339589671199e-02 1.191259593233991512e-02 1.311572600921650372e-02 1.322017533574309373e-02 1.313904767790825476e-02 1.364768965899757977e-02 1.498718982530512257e-02 1.174397630493590958e-02 1.252156895132625590e-02 1.398201919704310930e-02 1.304181988291614955e-02 1.408071573366353503e-02 1.463416755294016935e-02 1.384405649276832483e-02 1.445060296459004315e-02 1.470985963585254991e-02 1.388817478711524243e-02 1.411948327376588014e-02 1.392115013979873528e-02 1.380343355422560675e-02 1.403056354122506587e-02 1.348635892012637824e-02 1.300734655297940828e-02 1.250327194580497930e-02 1.172550902944492768e-02 1.230374114527780192e-02 1.176221048133129637e-02 1.409321502958834661e-02 1.383147445487822348e-02 1.320501586159307170e-02 1.313626994737414344e-02 1.293796795279360257e-02 1.305296951172072936e-02 1.247140028472052374e-02 1.466092902286051519e-02 1.380637078999873146e-02 1.778539365221542753e-02 1.304045659815218638e-02 1.352458299473162893e-02 1.391094003986690156e-02 1.424256120249412123e-02 1.392659225610349757e-02 1.377783029698989928e-02 1.348349001630931923e-02 1.343793276488030979e-02 1.333395459073632300e-02 1.344297378162795549e-02 1.387513418450089624e-02 1.431518458640632790e-02 1.338759879716072514e-02 1.457107633482923777e-02 1.422621992771931458e-02 1.445201543573403948e-02 1.465642271703916817e-02 1.385042798283465243e-02 1.376190918648042064e-02 1.381830695293405006e-02 1.516279314133139357e-02 1.328394019772979537e-02 1.394171945514092320e-02 1.346827593328424680e-02
1.464656528369445189e-02 1.489835882090452188e-02 1.486255420586497268e-02 1.519454726149853732e-02 1.492862129284256399e-02 1.456423319303844048e-02 1.483452275935367645e-02 1.407243605475537104e-02 1.378291126177874117e-02 1.421029523558498160e-02 1.515710249314543984e-02 1.413411281327098257e-02 1.354245292655836298e-02 1.233106598862633053e-02 0.000000000000000000e+00 1.413755539645721038e-02 1.504370964451527508e-02 1.251708467224890882e-02 1.422284893419964794e-02 1.212154666692438765e-02 1.192359436936067316e-02 1.341084020378146592e-02 1.185249835504162061e-02 1.418291743288997188e-02 1.335689976593427628e-02 1.261752317034035148e-02 1.287340236335514192e-02 1.311925709420199218e-02 1.302067393288494981e-02 1.166201950983262840e-02 1.329465328658369083e-02 1.389461955551437623e-02 1.421804851092216097e-02 1.352232897618829005e-02 1.310610653170066718e-02 1.343530151740946789e-02 1.266545669928980690e-02 1.439633764193812802e-02 1.524990967846638450e-02 1.518700721659467859e-02 1.376555911969522088e-02 1.357512463622450628e-02 1.317832015782830456e-02 1.277052486817781794e-02 1.293198895874374948e-02 1.341897213967553626e-02 1.314576547413642826e-02 1.233634589571517941e-02 1.356327808956963275e-02 1.249328369053147141e-02 1.417994576378116094e-02 1.528197215672046951e-02 1.408933880126179462e-02 1.505908688318466533e-02 1.536434379152181069e-02 1.386191342517246496e-02 1.451361490624807765e-02 1.389028005327398382e-02 1.383251035063600733e-02 1.476988628372158906e-02 1.422311990069622181e-02 1.440862966945890070e-02 1.334250069473956468e-02 1.235640220550557854e-02 1.334557260237585405e-02 1.185054967899697338e-02 1.446668393907357859e-02 1.472997585336516778e-02 1.389384854734572461e-02 1.310215270502703040e-02 1.176658398552798968e-02 1.292370036338090326e-02 1.197030525781308391e-02 1.533308672030575526e-02 1.403245775231764039e-02 1.649467406352151180e-02 1.267779071859885358e-02 1.231298252956481917e-02 1.310995515729965893e-02 1.399749897260625653e-02 1.455404794187585907e-02 1.409367283508931173e-02 1.357756515258636693e-02 1.395883009303214642e-02 1.327387614069404365e-02 1.294341477380903799e-02 1.203089991956552730e-02 1.251707619413381344e-02 1.324686478018623562e-02 1.528233412295193494e-02 1.436756907106772653e-02 1.495577124310508779e-02 1.528083770117128967e-02 1.408865564331074870e-02 1.345239597533600187e-02 1.275390286261413909e-02 1.395256493148441281e-02 1.264438859457953264e-02 1.354471226934230756e-02 1.285926779913370947e-02
1.150665415821708511e-02 1.158763540553008932e-02 1.152860046444135166e-02 1.187245922233602473e-02 1.249305633008650045e-02 1.179798733207355205e-02 1.145467119493715977e-02 1.173484030709420062e-02 1.270174821080810590e-02 1.222707159046263446e-02 1.360769919588487864e-02 1.273801727242648667e-02 1.279026688797999661e-02 1.312746400418388429e-02 1.413755539645721038e-02 0.000000000000000000e+00 1.372501684190934566e-02 1.318636114165061372e-02 1.343724869735792374e-02 1.319473425719338948e-02 1.340943460219474331e-02 1.181217537492271902e-02 1.340929456127627414e-02 1.268654433369096821e-02 1.411929015061976975e-02 1.215752461993032003e-02 1.311194426982858000e-02 1.529854529534071736e-02 1.308579346657834375e-02 1.351354092860599168e-02 1.273143409807097302e-02 1.173527347041701530e-02 1.093392967384579188e-02 1.211716631589263363e-02 1.230419432348647119e-02 1.262834704666639454e-02 1.511637943104757360e-02 1.097989854591655164e-02 1.286228840615026223e-02 1.237812229876139591e-02 1.143777581584674852e-02 1.238237293173209512e-02 1.313885175158334417e-02 1.275553210487492123e-02 1.297907861593625665e-02 1.504728524173639878e-02 1.228031065087545858e-02 1.300846020823027277e-02 1.317098488482575970e-02 1.278179275008242341e-02 1.370258630009528814e-02 1.361356083494071924e-02 1.376638610574438572e-02 1.333047456991943991e-02 1.360588170845273247e-02 1.331718523958701043e-02 1.347231098437884876e-02 1.294988954747700732e-02 1.378840214895024792e-02 1.398533150973944698e-02 1.367786152877882230e-02 1.381958942407753368e-02 1.353250222134814995e-02 1.373279387887004627e-02 1.348376306998568842e-02 1.342897658189870155e-02 1.381116269628144232e-02 1.401900684840657642e-02 1.361327588503393957e-02 1.364305285605723478e-02 1.393748211859270961e-02 1.411377366664831948e-02 1.425108964547999735e-02 1.416461580074692729e-02 1.379446349637352374e-02 1.861859819080099662e-02 1.315658713565368183e-02 1.521150100685289205e-02 1.393266354693281119e-02 1.396080925053105708e-02 1.386546481070726269e-02 1.385272098254267288e-02 1.357547767841688936e-02 1.336095873436399760e-02 1.365805124145584928e-02 1.430738946450900613e-02 1.430462432292278763e-02 1.504514401373972105e-02 1.314161444210182328e-02 1.418311586700817667e-02 1.411284987703826342e-02 1.378375648799389647e-02 1.413180522369441965e-02 1.359956347821667660e-02 1.403993153827499257e-02 1.397084478934240703e-02 1.572325636040717081e-02 1.413934508204765100e-02 1.344135001676341826e-02 1.338047162448314543e-02
