0.000000000000000000e+00 6.429996065210124082e-03 6.429996068535451074e-03 6.429996380726023079e-03 6.429996074435018368e-03 6.429996380726997994e-03 6.429996076619795900e-03 6.429996065210075509e-03 6.429996380726945952e-03 6.429996071654172501e-03 6.429996070885061164e-03 6.429996116144022673e-03 6.429996065208963552e-03 6.429996071653100442e-03 6.429996380726996259e-03 6.429996070899121098e-03 6.429996071049857292e-03 6.429996071653100442e-03 6.430012987799105240e-03 6.429996071651937310e-03 6.429996070886959819e-03 6.429996071651959862e-03 6.429996076560030339e-03 6.429996071109620251e-03 6.429996070886246848e-03 6.429996071651939912e-03 6.429996070989014469e-03 6.429996380727003198e-03 6.429996380727004066e-03 6.429996071654194185e-03 6.429996380789969324e-03 6.429996380727003198e-03 6.429996380792787382e-03 6.430012987796953315e-03 6.429996071713963215e-03 6.429996380726996259e-03 6.429996070887001453e-03 6.429996070945918733e-03 6.429996065209154371e-03 6.429996076561129287e-03 6.429996380726997994e-03 6.429996112817572447e-03 6.429996070886266797e-03 6.429996065210122347e-03 6.429996070988993652e-03 6.429996116205169941e-03 6.429996076559986971e-03 6.429996380726937279e-03 6.429996070885332649e-03 6.429996071654235819e-03 6.429996070988993652e-03 6.429996071653057074e-03 6.430012987797192707e-03 6.429996074313258994e-03 6.429998363767570890e-03 6.429996071653057074e-03 6.429996065272133507e-03 6.429996070948975316e-03 6.429996074270222239e-03 6.429996070990130763e-03 6.429996070946722778e-03 6.429996070899142782e-03 6.429996074270223107e-03 6.429996070885059430e-03 6.429996070990109946e-03 6.429996380726996259e-03 6.429996065208985236e-03 6.429998360326435493e-03 6.429996070899100281e-03 6.429996071009815538e-03 6.430012987799109576e-03 6.429996380726939013e-03 6.429996076558913178e-03 6.429996112817598468e-03 6.430012987799356775e-03 6.429996071713944134e-03 6.429996112878743134e-03 6.429996070988993652e-03 6.429998360326429421e-03 6.429996074977370989e-03 6.429996076560031207e-03 6.429996065270957364e-03 6.429996076620929542e-03 6.429996071653055340e-03 6.429996079945452490e-03 6.429996070885119278e-03 6.429996070886230368e-03 6.429996074209605797e-03 6.429996384067051922e-03 6.429996071051014353e-03 6.429996071653100442e-03 6.429996070899160997e-03 6.429996380727175803e-03 6.430121076656117665e-03 6.429996071653120392e-03 6.429996380727005800e-03 6.430012987799111311e-03 6.429996070885841790e-03 6.430121076551323887e-03 6.429996112816552430e-03 6.429996074222278819e-03 6.429996112817629693e-03 6.429996070947839940e-03 6.429996071049855558e-03 6.430121076537836412e-03 6.429996070886959819e-03 6.429996074223417665e-03 6.429996112817601070e-03 6.429998360326164876e-03 6.429996070988993652e-03 6.429996076620914797e-03 6.429996071713964083e-03 6.429996071651959862e-03 6.429996070961138330e-03 6.429996071050993536e-03 6.429996070884174721e-03 6.429996070886959819e-03 6.429996079885712083e-03 6.429996070989014469e-03 6.429996112818752059e-03 6.429996070946722778e-03 6.429996071006850895e-03 6.429996071713964083e-03 6.429996065211254254e-03 6.429996380852989225e-03 6.429996070885334383e-03 6.429996070900258209e-03 6.429996071654233217e-03
6.429996065210124082e-03 0.000000000000000000e+00 6.429996110568627493e-03 6.429996416982679611e-03 6.429996110689295725e-03 6.429996416981270148e-03 6.429996112876303245e-03 6.429996112814262595e-03 6.429996416981220708e-03 6.429996065207886288e-03 6.429996065206788208e-03 6.429996152398301766e-03 6.429998396580385855e-03 6.429996107907372596e-03 6.429996416981205963e-03 6.429996107153399323e-03 6.429996107304132916e-03 6.429996107907372596e-03 6.430013024053251626e-03 6.429996107908446390e-03 6.429996107141236310e-03 6.429996107908468941e-03 6.429996112814305963e-03 6.429996107366131065e-03 6.429996065207945269e-03 6.429996107908448125e-03 6.429996107243290959e-03 6.429996416981274485e-03 6.429996065206789076e-03 6.429996107908425573e-03 6.429996417044244079e-03 6.429996416981276219e-03 6.429996417047059536e-03 6.430013024051097099e-03 6.429996107970472295e-03 6.429996416981268413e-03 6.429996107141277943e-03 6.429996065267650114e-03 6.429998396580728463e-03 6.429996112815404910e-03 6.429996416981269280e-03 6.429996149071848938e-03 6.429996107140543288e-03 6.429996149071852407e-03 6.429996107243269275e-03 6.429996152459449034e-03 6.429996112814262595e-03 6.429996416981210300e-03 6.429996107139610874e-03 6.429996107908508840e-03 6.429996107243270143e-03 6.429996107907331830e-03 6.430013024051337359e-03 6.429996110567533750e-03 6.429998400021808350e-03 6.429996107907331830e-03 6.429996107201623769e-03 6.429996107203208439e-03 6.429996110524500465e-03 6.429996107244407254e-03 6.429996107203232725e-03 6.429996107153419273e-03 6.429996110524500465e-03 6.429996107139337655e-03 6.429996107244385570e-03 6.429996416981268413e-03 6.429998396580404937e-03 6.429998396580691167e-03 6.429996107153378507e-03 6.429996107264092028e-03 6.430013024053255963e-03 6.429996416981210300e-03 6.429996112815424859e-03 6.429996149071874958e-03 6.430013024053502294e-03 6.429996107968218889e-03 6.429996149133020492e-03 6.429996107243269275e-03 6.429998396580685095e-03 6.429996111231648347e-03 6.429996112814306830e-03 6.429996107202094746e-03 6.429996112875203430e-03 6.429996107909567021e-03 6.429996116199730716e-03 6.429996107139396636e-03 6.429996107140509461e-03 6.429996110463882288e-03 6.429996420321325810e-03 6.429996107305289109e-03 6.429996107907330095e-03 6.429996107153439222e-03 6.429996416981383772e-03 6.430121112909432252e-03 6.429996107907393413e-03 6.429996065206789076e-03 6.430013024053259432e-03 6.429996107142350002e-03 6.430121112804633270e-03 6.429996149073081459e-03 6.429996110478787032e-03 6.429996065209042481e-03 6.429996107202073062e-03 6.429996107304132048e-03 6.430121112791148397e-03 6.429996107141236310e-03 6.429996110477605685e-03 6.429996149071874958e-03 6.429998396580420550e-03 6.429996107243270143e-03 6.429996112877423876e-03 6.429996107968239706e-03 6.429996107908468941e-03 6.429996107215414820e-03 6.429996107305267425e-03 6.429996107140683800e-03 6.429996107141195544e-03 6.429996116139990309e-03 6.429996107243290959e-03 6.429996149072981712e-03 6.429996107203231857e-03 6.429996065328509418e-03 6.429996107968239706e-03 6.429996107140523338e-03 6.429996417107263981e-03 6.429996107139610874e-03 6.429996107154491332e-03 6.429996107908464605e-03
6.429996068535451074e-03 6.429996110568627493e-03 0.000000000000000000e+00 6.429996378479410461e-03 6.429996072186018770e-03 6.429996378477999264e-03 6.429996068594114218e-03 6.429996068532094385e-03 6.429996378477948957e-03 6.429996069405176373e-03 6.429996068636064169e-03 6.429996113895026545e-03 6.429998358077128849e-03 6.429996069404101712e-03 6.429996378477998396e-03 6.429996068650123235e-03 6.429996068800859430e-03 6.429996069404101712e-03 6.430012985550109979e-03 6.429996069405174638e-03 6.429996068637962824e-03 6.429996069405197190e-03 6.429996074311033344e-03 6.429996068862857579e-03 6.429996068637248985e-03 6.429996069405176373e-03 6.429996068740015738e-03 6.429996378478003601e-03 6.429996378478010539e-03 6.429996069405197190e-03 6.429996378540973195e-03 6.429996378478005335e-03 6.429996378543790386e-03 6.430012985547938972e-03 6.429996069467197942e-03 6.429996378477998396e-03 6.429996068638002722e-03 6.429996068696926075e-03 6.429998358077473192e-03 6.429996074312126220e-03 6.429996378477998396e-03 6.429996110568574584e-03 6.429996068637262863e-03 6.429996110568624024e-03 6.429996068739997524e-03 6.429996107306545049e-03 6.429996074310990843e-03 6.429996378477938548e-03 6.429996068636336520e-03 6.429996069403006234e-03 6.429996068532113467e-03 6.429996069404060079e-03 6.430012985548198313e-03 6.429996065415744325e-03 6.429998354809178703e-03 6.429996069404060079e-03 6.429996068698352885e-03 6.429996068697748333e-03 6.429996072021226979e-03 6.429996068741133768e-03 6.429996068594110749e-03 6.429996068532134283e-03 6.429996072021228713e-03 6.429996068636064169e-03 6.429996068741114686e-03 6.429996378477998396e-03 6.429998358077166146e-03 6.429998358077435028e-03 6.429996068650104153e-03 6.429996068760816808e-03 6.430012985550116050e-03 6.429996378477940283e-03 6.429996074312151373e-03 6.429996110568600605e-03 6.430012985550363248e-03 6.429996069464948005e-03 6.429996110629749607e-03 6.429996068532113467e-03 6.429998358077428956e-03 6.429996072728371391e-03 6.429996074311034211e-03 6.429996068698824729e-03 6.429996074371929944e-03 6.429996069406291800e-03 6.429996071047791237e-03 6.429996068636120547e-03 6.429996068637231638e-03 6.429996071960606199e-03 6.429996381818054059e-03 6.429996068802011286e-03 6.429996069404102579e-03 6.429996068650164869e-03 6.429996378478176206e-03 6.429996065271104816e-03 6.429996069404120794e-03 6.429996378478009672e-03 6.430012985550097836e-03 6.429996068639077383e-03 6.430121074302348576e-03 6.429996110569807972e-03 6.429996071975513545e-03 6.429996110570881766e-03 6.429996068698847281e-03 6.429996068800859430e-03 6.430121074288861968e-03 6.429996068637962824e-03 6.429996071974418935e-03 6.429996110568601472e-03 6.429996068531004111e-03 6.429996068739997524e-03 6.429996068595231380e-03 6.429996069464966220e-03 6.429996069405197190e-03 6.429996068712137865e-03 6.429996068801996541e-03 6.429996068637411182e-03 6.429996068637962824e-03 6.429996077634483366e-03 6.429996068740015738e-03 6.429996110567504260e-03 6.429996068594110749e-03 6.429996068757853900e-03 6.429996069464966220e-03 6.429996068637248985e-03 6.429996378603993097e-03 6.429996068532135151e-03 6.429996068649031227e-03 6.429996069403006234e-03
6.429996380726023079e-03 6.429996416982679611e-03 6.429996378479410461e-03 0.000000000000000000e+00 6.429996378600075224e-03 6.429996684892037503e-03 6.429996380787088815e-03 6.429996380725044695e-03 6.429996684891988931e-03 6.429996375819230225e-03 6.429996375050119756e-03 6.429996420309079530e-03 6.429998664491041321e-03 6.429996375818095716e-03 6.429996684892036636e-03 6.429996375064181424e-03 6.429996375214917619e-03 6.429996375818155564e-03 6.430013291963067486e-03 6.429996375819230225e-03 6.429996375052020145e-03 6.429996375816808551e-03 6.429996380725086329e-03 6.429996375276911431e-03 6.429996375051246459e-03 6.429996375816851052e-03 6.429996375154074795e-03 6.429996684892041840e-03 6.429996684892050514e-03 6.429996375819253644e-03 6.429996684955007966e-03 6.429996684892043575e-03 6.429996684957823422e-03 6.430013291960912092e-03 6.429996375878870019e-03 6.429996684892035769e-03 6.429996375052000196e-03 6.429996375110979927e-03 6.429996065206787341e-03 6.429996380726185276e-03 6.429996065207991239e-03 6.429996416982626702e-03 6.429996375051327123e-03 6.429996416982676141e-03 6.429996375154052243e-03 6.429996068594430805e-03 6.429996380725044695e-03 6.429996684891977655e-03 6.429996375050388638e-03 6.429996375819292675e-03 6.429996375153992395e-03 6.429996375818113931e-03 6.430013291961001430e-03 6.429996378478315851e-03 6.429998667932482030e-03 6.429996375818114798e-03 6.429996375112408472e-03 6.429996375114033040e-03 6.429996378435284300e-03 6.429996375155190222e-03 6.429996375114013958e-03 6.429996375064203976e-03 6.429996068593165325e-03 6.429996375050118021e-03 6.429996375155168538e-03 6.429996684892035769e-03 6.429998664491082955e-03 6.429998664491344898e-03 6.429996375064163210e-03 6.429996375174874997e-03 6.430013291963073557e-03 6.429996684891978523e-03 6.429996380726206960e-03 6.429996416982652722e-03 6.430013291963320755e-03 6.429996375879001858e-03 6.429996417043797388e-03 6.429996375154052243e-03 6.429998664491337959e-03 6.429996379142429580e-03 6.429996380725088063e-03 6.429996375112881184e-03 6.429996380785987266e-03 6.429996375820347387e-03 6.429996384110511949e-03 6.429996375050176134e-03 6.429996065209148300e-03 6.429996068532321633e-03 6.429996688232089697e-03 6.429996375216073812e-03 6.429996375818155564e-03 6.429996065208071036e-03 6.429996684892213578e-03 6.430121380811972681e-03 6.429996375818177248e-03 6.429996684892048779e-03 6.430013291963074425e-03 6.429996375053134705e-03 6.430121380708289126e-03 6.429996416981459233e-03 6.429996378389504080e-03 6.429996416984938221e-03 6.429996375112901133e-03 6.429996375214916751e-03 6.430121380694805988e-03 6.429996375052020145e-03 6.429996378388473655e-03 6.429996416982654457e-03 6.429998664491072546e-03 6.429996375154052243e-03 6.429996380788208579e-03 6.429996375879020939e-03 6.429996375819248440e-03 6.429996375126198656e-03 6.429996375216053862e-03 6.429996375049084126e-03 6.429996375052020145e-03 6.429996384050770675e-03 6.429996375154074795e-03 6.429996416983806314e-03 6.429996375114013958e-03 6.429996375171912089e-03 6.429996065268914728e-03 6.429996375051307174e-03 6.429996685018030469e-03 6.429996375050387770e-03 6.429996375065317668e-03 6.429996375819291808e-03
6.429996074435018368e-03 6.429996110689295725e-03 6.429996072186018770e-03 6.429996378600075224e-03 0.000000000000000000e+00 6.429996378598664894e-03 6.429996074493697124e-03 6.429996074431656473e-03 6.429996068652746137e-03 6.429996069525843738e-03 6.429996068652779097e-03 6.429996114015647940e-03 6.429998358197802286e-03 6.429996069524767342e-03 6.429996378598664027e-03 6.429996068770790600e-03 6.429996068921525060e-03 6.429996069524767342e-03 6.430012985670775609e-03 6.429996069525840269e-03 6.429996068758628454e-03 6.429996069525862820e-03 6.429996074431699842e-03 6.429996068861762969e-03 6.429996068757916350e-03 6.429996068653877177e-03 6.429996068860684838e-03 6.429996378598670098e-03 6.429996378598677037e-03 6.429996069525863688e-03 6.429996378661637091e-03 6.429996378598670098e-03 6.429996378541576879e-03 6.429996068591904181e-03 6.429996069587864439e-03 6.429996378598664027e-03 6.429996068758670955e-03 6.429996068695829729e-03 6.429998358198142291e-03 6.429996074432797054e-03 6.429996378598665761e-03 6.429996110689240214e-03 6.429996068757935432e-03 6.429996110689247153e-03 6.429996068860624123e-03 6.429996114076839443e-03 6.429996074431656473e-03 6.429996378598605046e-03 6.429996068757001283e-03 6.429996069525903586e-03 6.429996068860664889e-03 6.429996069524727444e-03 6.430012985668861342e-03 6.429996072184924159e-03 6.429998361639240392e-03 6.429996069524727444e-03 6.429996068819017647e-03 6.429996068698883710e-03 6.429996072141892609e-03 6.429996068861799398e-03 6.429996068820623134e-03 6.429996068770811417e-03 6.429996072020128899e-03 6.429996068756688166e-03 6.429996068861781183e-03 6.429996378598664027e-03 6.429998358197842184e-03 6.429998358198103260e-03 6.429996068770769783e-03 6.429996068881485907e-03 6.430012985670781681e-03 6.429996378598605913e-03 6.429996074432819606e-03 6.429996110689266235e-03 6.429996068593167927e-03 6.429996069585612768e-03 6.429996110628501474e-03 6.429996068652776495e-03 6.429998358198096321e-03 6.429996066200509806e-03 6.429996074431700709e-03 6.429996068819490360e-03 6.429996074492594707e-03 6.429996069526956563e-03 6.429996077817121125e-03 6.429996068756787045e-03 6.429996068757901605e-03 6.429996072081276166e-03 6.429996375281971620e-03 6.429996068922683855e-03 6.429996068652801648e-03 6.429996068770833101e-03 6.429996378598845305e-03 6.430121074527809719e-03 6.429996069524786424e-03 6.429996378598675302e-03 6.430012985670783415e-03 6.429996068759743881e-03 6.429996065336788386e-03 6.429996110690474470e-03 6.429996065447671910e-03 6.429996110691552601e-03 6.429996068819511176e-03 6.429996068921525927e-03 6.430121074409524129e-03 6.429996068758629321e-03 6.429996065446576432e-03 6.429996110689267103e-03 6.429998358197832643e-03 6.429996068860663154e-03 6.429996074373034963e-03 6.429996068591900711e-03 6.429996069525863688e-03 6.429996068832809566e-03 6.429996068922662171e-03 6.429996068758076812e-03 6.429996068758629321e-03 6.429996077757339085e-03 6.429996068652800781e-03 6.429996110690420694e-03 6.429996068592973638e-03 6.429996068878521265e-03 6.429996069463867273e-03 6.429996068757915482e-03 6.429996378724658727e-03 6.429996068652801648e-03 6.429996068771886945e-03 6.429996069525901851e-03
6.429996380726997994e-03 6.429996416981270148e-03 6.429996378477999264e-03 6.429996684892037503e-03 6.429996378598664894e-03 0.000000000000000000e+00 6.429996380785678485e-03 6.429996380723635233e-03 6.429996684890575132e-03 6.429996375817822497e-03 6.429996375048709426e-03 6.429996420307669200e-03 6.429998664489630991e-03 6.429996065206782137e-03 6.429996684890623704e-03 6.429996375062771961e-03 6.429996375213505554e-03 6.429996065206782137e-03 6.430013291961656288e-03 6.429996375817821630e-03 6.429996375050608080e-03 6.429996375817842447e-03 6.429996380723676866e-03 6.429996375275501101e-03 6.429996375049895109e-03 6.429996375817822497e-03 6.429996375152665332e-03 6.429996065206725758e-03 6.429996684890636714e-03 6.429996375817843314e-03 6.429996684953596768e-03 6.429996684890630643e-03 6.429996684956414826e-03 6.430013291959505231e-03 6.429996375879842331e-03 6.429996684890623704e-03 6.429996375050649714e-03 6.429996375109568729e-03 6.429998664489974466e-03 6.429996380724778415e-03 6.429996684890624571e-03 6.429996416981217239e-03 6.429996375049914191e-03 6.429996416981267546e-03 6.429996375152643648e-03 6.429996420368814733e-03 6.429996380723635233e-03 6.429996684890565591e-03 6.429996375048922796e-03 6.429996375817884080e-03 6.429996375152644515e-03 6.429996375816704468e-03 6.430013291959744623e-03 6.429996378476906388e-03 6.429998667931071700e-03 6.429996375816704468e-03 6.429996375110936559e-03 6.429996375112625312e-03 6.429996378433873970e-03 6.429996375153780759e-03 6.429996375112607097e-03 6.429996375062791911e-03 6.429996378433873970e-03 6.429996375048707691e-03 6.429996375153756473e-03 6.429996684890623704e-03 6.429998664489671757e-03 6.429998664489936303e-03 6.429996375062751145e-03 6.429996375173464666e-03 6.430013291961664094e-03 6.429996684890567325e-03 6.429996380724797497e-03 6.429996416981180810e-03 6.430013291961910425e-03 6.429996375877593262e-03 6.429996417042387925e-03 6.429996375152643648e-03 6.429998664489929364e-03 6.429996379140958535e-03 6.429996380723677733e-03 6.429996375111469986e-03 6.429996380784578670e-03 6.429996375818937925e-03 6.429996384109099884e-03 6.429996065206762187e-03 6.429996375049879496e-03 6.429996378373254058e-03 6.429996688230678499e-03 6.429996375214601032e-03 6.429996375816684519e-03 6.429996375062811860e-03 6.429996684890804115e-03 6.430121380811679513e-03 6.429996375816766918e-03 6.429996684890634980e-03 6.430013291961666697e-03 6.429996375051723508e-03 6.430121380706881398e-03 6.429996416982449760e-03 6.429996378388159670e-03 6.429996416983529625e-03 6.429996375111490803e-03 6.429996375213505554e-03 6.430121380693243870e-03 6.429996375050608948e-03 6.429996068531058755e-03 6.429996416981244994e-03 6.429998664489660481e-03 6.429996375152643648e-03 6.429996380786798249e-03 6.429996375877612344e-03 6.429996375817843314e-03 6.429996375124787458e-03 6.429996065268760337e-03 6.429996375050053836e-03 6.429996375050608948e-03 6.429996068532325103e-03 6.429996375152665332e-03 6.429996416982395983e-03 6.429996375112606230e-03 6.429996375170501759e-03 6.429996375877612344e-03 6.429996375049893374e-03 6.429996685016620139e-03 6.429996065206782137e-03 6.429996375063907338e-03 6.429996375817883213e-03
6.429996076619795900e-03 6.429996112876303245e-03 6.429996068594114218e-03 6.429996380787088815e-03 6.429996074493697124e-03 6.429996380785678485e-03 0.000000000000000000e+00 6.429996076618667462e-03 6.429996380785629913e-03 6.429996065269858417e-03 6.429996070943740788e-03 6.429996116202704899e-03 6.429998360384809805e-03 6.429996071711776597e-03 6.429996380785676750e-03 6.429996070957801589e-03 6.429996070986752389e-03 6.429996071711776597e-03 6.430012987857783129e-03 6.429996071712849523e-03 6.429996070945639443e-03 6.429996071712871207e-03 6.429996076618711698e-03 6.429996071046520552e-03 6.429996070944926471e-03 6.429996071712852125e-03 6.429996071047694092e-03 6.429996380785681087e-03 6.429996380785689761e-03 6.429996071712872942e-03 6.429996380725750728e-03 6.429996380785682822e-03 6.429996380851464403e-03 6.430012987855629469e-03 6.429996071653090901e-03 6.429996380785676750e-03 6.429996070945680209e-03 6.429996071004600959e-03 6.429998360385152413e-03 6.429996076619810645e-03 6.429996380785676750e-03 6.429996112876250336e-03 6.429996070944946421e-03 6.429996112876300643e-03 6.429996071047674143e-03 6.429996116263850432e-03 6.429996076618670064e-03 6.429996380785619504e-03 6.429996065268782889e-03 6.429996065269919132e-03 6.429996071047675010e-03 6.429996071711736698e-03 6.430012987855871463e-03 6.429996074371936016e-03 6.429998363826252249e-03 6.429996071711736698e-03 6.429996071006028636e-03 6.429996071007654940e-03 6.429996074328902730e-03 6.429996071048810387e-03 6.429996071007633256e-03 6.429996070957821538e-03 6.429996068653894524e-03 6.429996070943739921e-03 6.429996071048789570e-03 6.429996380785676750e-03 6.429996065267650114e-03 6.429998360385113382e-03 6.429996070957779905e-03 6.429996070946714104e-03 6.430012987857768383e-03 6.429996380785619504e-03 6.429996076619830594e-03 6.429996112876278092e-03 6.430012987858032929e-03 6.429996071772624625e-03 6.429996112937424492e-03 6.429996071047674143e-03 6.429998360385106443e-03 6.429996075036048878e-03 6.429996076618710830e-03 6.429996071006501349e-03 6.429996065329662142e-03 6.429996071713968420e-03 6.429996080004132114e-03 6.429996065268822787e-03 6.429996070944911726e-03 6.429996074268283686e-03 6.429996384125730678e-03 6.429996071109689640e-03 6.429996071711778331e-03 6.429996070957841488e-03 6.429996380785855427e-03 6.430121076714795554e-03 6.429996071711796546e-03 6.429996380785688893e-03 6.429996065208981766e-03 6.429996070944520546e-03 6.430121076610000909e-03 6.429996112877483724e-03 6.429996074280956708e-03 6.429996112876307582e-03 6.429996071006519563e-03 6.429996071108536049e-03 6.430121076596512567e-03 6.429996070945640310e-03 6.429996074282094687e-03 6.429996112876278959e-03 6.429998360384840163e-03 6.429996071047674143e-03 6.429996076679592686e-03 6.429996071772642839e-03 6.429996071712872942e-03 6.429996071019818821e-03 6.429996071109670558e-03 6.429996070945086066e-03 6.429996070945640310e-03 6.429996079944391707e-03 6.429996071047694092e-03 6.429996112877429081e-03 6.429996071007633256e-03 6.429996071065531386e-03 6.429996071772643706e-03 6.429996065269918265e-03 6.429996380911667982e-03 6.429996070944014007e-03 6.429996070958936966e-03 6.429996071712912840e-03
6.429996065210075509e-03 6.429996112814262595e-03 6.429996068532094385e-03 6.429996380725044695e-03 6.429996074431656473e-03 6.429996380723635233e-03 6.429996076618667462e-03 0.000000000000000000e+00 6.429996380723584926e-03 6.429996071650811475e-03 6.429996070881698403e-03 6.429996116140660779e-03 6.429998360322764818e-03 6.429996071649736814e-03 6.429996380723632630e-03 6.429996070895759204e-03 6.429996071046495398e-03 6.429996071649736814e-03 6.430012987795741611e-03 6.429996071650808873e-03 6.429996070883597058e-03 6.429996071650830557e-03 6.429996076556670180e-03 6.429996071108492681e-03 6.429996070882883219e-03 6.429996071650811475e-03 6.429996070985652575e-03 6.429996380723638702e-03 6.429996380723645641e-03 6.429996071650830557e-03 6.429996380786609164e-03 6.429996380723639569e-03 6.429996380789422886e-03 6.430012987793585350e-03 6.429996071712833043e-03 6.429996380723633498e-03 6.429996065206782137e-03 6.429996065267600674e-03 6.429998360323108293e-03 6.429996076557767393e-03 6.429996380723633498e-03 6.429996112814211420e-03 6.429996070882902301e-03 6.429996112814259993e-03 6.429996070985632625e-03 6.429996116201807180e-03 6.429996076556625945e-03 6.429996380723575385e-03 6.429996070881971622e-03 6.429996071650871323e-03 6.429996070985632625e-03 6.429996071649695180e-03 6.430012987793827343e-03 6.429996074309894498e-03 6.429998363764207261e-03 6.429996071649695180e-03 6.429996065268778552e-03 6.429996070945615157e-03 6.429996074266860345e-03 6.429996070986766267e-03 6.429996070945592605e-03 6.429996070895779153e-03 6.429996068591874690e-03 6.429996070881697535e-03 6.429996070986747185e-03 6.429996380723633498e-03 6.429998360322806451e-03 6.429998360323071864e-03 6.429996070895739255e-03 6.429996071006453644e-03 6.430012987795725131e-03 6.429996380723576252e-03 6.429996076557789077e-03 6.429996112814236574e-03 6.430012987795995748e-03 6.429996071710583974e-03 6.429996112875380372e-03 6.429996070985632625e-03 6.429998360323064925e-03 6.429996074974005625e-03 6.429996076556671047e-03 6.429996070944457229e-03 6.429996065267642308e-03 6.429996071651925167e-03 6.429996079942090596e-03 6.429996070881754781e-03 6.429996070882871076e-03 6.429996074206243035e-03 6.429996384063687426e-03 6.429996071047650724e-03 6.429996071649736814e-03 6.429996065206780402e-03 6.429996380723813909e-03 6.430121076652756638e-03 6.429996071649756763e-03 6.429996380723643906e-03 6.430012987795747682e-03 6.429996070884712485e-03 6.430121076547961126e-03 6.429996112815442207e-03 6.429996074221147780e-03 6.429996112816522072e-03 6.429996070944477178e-03 6.429996071046496266e-03 6.430121076534475386e-03 6.429996070883597058e-03 6.429996074220053169e-03 6.429996112814237441e-03 6.429998360322800380e-03 6.429996070985633493e-03 6.429996076619788094e-03 6.429996071710603056e-03 6.429996071650830557e-03 6.429996070957776436e-03 6.429996071047629908e-03 6.429996070883046283e-03 6.429996070883597058e-03 6.429996079882351057e-03 6.429996070985652575e-03 6.429996112815388430e-03 6.429996070945592605e-03 6.429996065328503346e-03 6.429996065267624961e-03 6.429996070882883219e-03 6.429996380849629066e-03 6.429996070881971622e-03 6.429996070896894581e-03 6.429996071650870455e-03
6.429996380726945952e-03 6.429996416981220708e-03 6.429996378477948957e-03 6.429996684891988931e-03 6.429996068652746137e-03 6.429996684890575132e-03 6.429996380785629913e-03 6.429996380723584926e-03 0.000000000000000000e+00 6.429996375817773058e-03 6.429996375048659119e-03 6.429996068532116069e-03 6.429998664489583286e-03 6.429996375816697529e-03 6.429996684890575132e-03 6.429996375062723389e-03 6.429996375213454379e-03 6.429996375816697529e-03 6.430013291961609451e-03 6.429996375817774792e-03 6.429996375050559508e-03 6.429996375817796476e-03 6.429996380723626559e-03 6.429996375275454264e-03 6.429996375049846537e-03 6.429996375817774792e-03 6.429996375152615892e-03 6.429996684890582070e-03 6.429996684890581203e-03 6.429996375817796476e-03 6.429996684953548196e-03 6.429996684890582070e-03 6.429996684956359315e-03 6.430013291959454924e-03 6.429996375879793759e-03 6.429996684890575132e-03 6.429996375050601141e-03 6.429996375109521892e-03 6.429998664489926762e-03 6.429996380724731578e-03 6.429996684890575999e-03 6.429996416981167799e-03 6.429996375049865619e-03 6.429996065206746575e-03 6.429996065206728360e-03 6.429996420368767028e-03 6.429996380723585793e-03 6.429996684890517886e-03 6.429996375048930603e-03 6.429996375817835508e-03 6.429996375152594208e-03 6.429996375816656763e-03 6.430013291959696051e-03 6.429996378476857816e-03 6.429998667931023995e-03 6.429996375816656763e-03 6.429996375110950436e-03 6.429996375112577607e-03 6.429996378433824530e-03 6.429996375153731319e-03 6.429996375112557658e-03 6.429996375062743338e-03 6.429996378433824530e-03 6.429996065206724891e-03 6.429996375153705299e-03 6.429996684890575132e-03 6.429998664489624052e-03 6.429998664489887730e-03 6.429996375062699970e-03 6.429996375173412625e-03 6.430013291961617257e-03 6.429996684890519620e-03 6.429996380724748925e-03 6.429996416981195555e-03 6.430013291961861853e-03 6.429996375877542955e-03 6.429996417042341088e-03 6.429996375152594208e-03 6.429998664489878189e-03 6.429996379140970678e-03 6.429996380723630896e-03 6.429996375111421414e-03 6.429996380784528363e-03 6.429996375818889352e-03 6.429996384109053914e-03 6.429996375048717232e-03 6.429996375049826587e-03 6.429996378373204619e-03 6.429996688230630794e-03 6.429996375214614909e-03 6.429996375816697529e-03 6.429996375062765022e-03 6.429996684890755543e-03 6.430121380811630941e-03 6.429996375816717478e-03 6.429996684890587275e-03 6.430013291961618124e-03 6.429996375051673201e-03 6.430121380706828489e-03 6.429996416982396851e-03 6.429996378388111097e-03 6.429996416983481053e-03 6.429996375111437894e-03 6.429996375213456981e-03 6.430121380692079003e-03 6.429996375050559508e-03 6.429996378387015619e-03 6.429996416981196422e-03 6.429998664489611042e-03 6.429996375152594208e-03 6.429996380786748809e-03 6.429996375877562904e-03 6.429996375817795609e-03 6.429996375124739753e-03 6.429996375214594960e-03 6.429996375050006999e-03 6.429996375050559508e-03 6.429996068532291276e-03 6.429996375152615892e-03 6.429996416982346544e-03 6.429996065268727377e-03 6.429996375170453186e-03 6.429996375877563772e-03 6.429996375049845669e-03 6.429996685016571567e-03 6.429996375048934940e-03 6.429996065207864604e-03 6.429996375817835508e-03
6.429996071654172501e-03 6.429996065207886288e-03 6.429996069405176373e-03 6.429996375819230225e-03 6.429996069525843738e-03 6.429996375817822497e-03 6.429996065269858417e-03 6.429996071650811475e-03 6.429996375817773058e-03 0.000000000000000000e+00 6.429996065975886535e-03 6.429996068533251445e-03 6.429998355416957287e-03 6.429996066743923211e-03 6.429996375817822497e-03 6.429996065989948204e-03 6.429996066140680061e-03 6.429996065207878482e-03 6.430012982889945355e-03 6.429996066744995270e-03 6.429996065977785190e-03 6.429996066745016954e-03 6.429996065207881951e-03 6.429996066202679945e-03 6.429996065977073953e-03 6.429996066744997005e-03 6.429996066079838972e-03 6.429996375817827702e-03 6.429996375817832038e-03 6.429996066745016954e-03 6.429996375880791225e-03 6.429996375817828569e-03 6.429996375881223171e-03 6.430012982887791696e-03 6.429996066807021175e-03 6.429996375817822497e-03 6.429996065977827691e-03 6.429996066036745839e-03 6.429998355417301630e-03 6.429996071651952055e-03 6.429996375817822497e-03 6.429996107908394348e-03 6.429996065977093035e-03 6.429996107908445523e-03 6.429996066079818155e-03 6.429996111295994445e-03 6.429996065207836849e-03 6.429996375817762649e-03 6.429996065976159754e-03 6.429996066745058587e-03 6.429996066079818155e-03 6.429996066743882445e-03 6.430012982888032823e-03 6.429996069404082630e-03 6.429998358858397128e-03 6.429996066743881578e-03 6.429996066038173516e-03 6.429996066039801554e-03 6.429996069361049345e-03 6.429996065206761320e-03 6.429996066039780737e-03 6.429996065989968153e-03 6.429996069361049345e-03 6.429996065975887402e-03 6.429996066078704463e-03 6.429996375817822497e-03 6.429998355416997186e-03 6.429996065206898363e-03 6.429996065989929122e-03 6.429996066100640041e-03 6.430012982889953162e-03 6.429996375817765251e-03 6.429996071651974607e-03 6.429996107908422104e-03 6.430012982890196890e-03 6.429996066804769504e-03 6.429996107969567637e-03 6.429996066079818155e-03 6.429998355417253057e-03 6.429996070068195492e-03 6.429996071650856578e-03 6.429996065268721306e-03 6.429996071711753178e-03 6.429996066743883312e-03 6.429996075036278728e-03 6.429996065975945516e-03 6.429996065977060075e-03 6.429996069300431168e-03 6.429996379157876425e-03 6.429996066141837989e-03 6.429996066743923211e-03 6.429996065989990704e-03 6.429996375818002041e-03 6.430121071747074007e-03 6.429996066743943160e-03 6.429996375817831171e-03 6.430012982889934080e-03 6.429996065978900617e-03 6.430121071642276760e-03 6.429996107909629471e-03 6.429996069315335912e-03 6.429996107910706735e-03 6.429996065268741255e-03 6.429996066140680928e-03 6.430121071627675593e-03 6.429996065977785190e-03 6.429996069314239567e-03 6.429996107908422971e-03 6.429998355416988512e-03 6.429996066079818155e-03 6.429996071711740167e-03 6.429996066804787719e-03 6.429996066745017821e-03 6.429996066051964568e-03 6.429996066141818907e-03 6.429996065208953143e-03 6.429996065977785190e-03 6.429996074976538321e-03 6.429996066079838972e-03 6.429996107909575695e-03 6.429996066039779870e-03 6.429996066097676266e-03 6.429996066804787719e-03 6.429996065974843099e-03 6.429996375943813729e-03 6.429996065976159754e-03 6.429996065991083580e-03 6.429996066745058587e-03
6.429996070885061164e-03 6.429996065206788208e-03 6.429996068636064169e-03 6.429996375050119756e-03 6.429996068652779097e-03 6.429996375048709426e-03 6.429996070943740788e-03 6.429996070881698403e-03 6.429996375048659119e-03 6.429996065975886535e-03 0.000000000000000000e+00 6.429996068532158569e-03 6.429998354647845082e-03 6.429996065974809272e-03 6.429996065206762187e-03 6.429996065206761320e-03 6.429996065371570459e-03 6.429996065974809272e-03 6.430012982120838355e-03 6.429996065207858533e-03 6.429996065208672118e-03 6.429996065975907352e-03 6.429996070881741771e-03 6.429996065433568608e-03 6.429996065207958279e-03 6.429996065975887402e-03 6.429996065206781269e-03 6.429996375048712895e-03 6.429996375048718099e-03 6.429996065975907352e-03 6.429996375111684224e-03 6.429996375048714630e-03 6.429996375114494477e-03 6.430012982118681227e-03 6.429996066037866470e-03 6.429996375048707691e-03 6.429996065208712017e-03 6.429996065267631032e-03 6.429998354648188558e-03 6.429996070882842453e-03 6.429996375048707691e-03 6.429996065206740503e-03 6.429996065207937463e-03 6.429996107139335920e-03 6.429996065310706818e-03 6.429996110526882240e-03 6.429996070881697535e-03 6.429996375048649578e-03 6.429996065207044947e-03 6.429996065975948985e-03 6.429996065206761320e-03 6.429996065974768506e-03 6.430012982118922353e-03 6.429996068634968691e-03 6.429998358089266709e-03 6.429996065974768506e-03 6.429996065269020546e-03 6.429996065270687615e-03 6.429996068591895507e-03 6.429996065311843929e-03 6.429996065270668533e-03 6.429996065206780402e-03 6.429996068591934538e-03 6.429996065206770861e-03 6.429996065311822245e-03 6.429996375048707691e-03 6.429998354647864164e-03 6.429998354648149526e-03 6.429996065220814315e-03 6.429996065331527837e-03 6.430012982120844427e-03 6.429996375048652180e-03 6.429996070882861535e-03 6.429996107139310767e-03 6.430012982121090757e-03 6.429996066035655565e-03 6.429996107200453698e-03 6.429996065206760453e-03 6.429998354648143455e-03 6.429996069299081553e-03 6.429996070881740036e-03 6.429996065269533156e-03 6.429996070942640973e-03 6.429996065977003697e-03 6.429996074267162187e-03 6.429996065206829842e-03 6.429996065207940932e-03 6.429996068531319831e-03 6.429996378388762486e-03 6.429996065372726652e-03 6.429996065974809272e-03 6.429996065220875030e-03 6.429996375048888102e-03 6.430121070977984354e-03 6.429996065974789322e-03 6.429996375048655649e-03 6.430012982120846161e-03 6.429996065209744177e-03 6.430121070873182770e-03 6.429996107140517267e-03 6.429996068546223707e-03 6.429996065209014726e-03 6.429996065269553106e-03 6.429996065371569591e-03 6.430121070858584205e-03 6.429996065208672118e-03 6.429996068545129097e-03 6.429996107139309899e-03 6.429998354647874573e-03 6.429996065206760453e-03 6.429996070944860552e-03 6.429996066035674647e-03 6.429996065975908219e-03 6.429996065282851496e-03 6.429996065268760337e-03 6.429996065208118741e-03 6.429996065206763055e-03 6.429996074207425250e-03 6.429996065310729370e-03 6.429996107140463490e-03 6.429996065270667666e-03 6.429996065328564929e-03 6.429996066035676382e-03 6.429996065207916646e-03 6.429996375174701524e-03 6.429996065207045815e-03 6.429996065221971376e-03 6.429996065975948118e-03
6.429996116144022673e-03 6.429996152398301766e-03 6.429996113895026545e-03 6.429996420309079530e-03 6.429996114015647940e-03 6.429996420307669200e-03 6.429996116202704899e-03 6.429996116140660779e-03 6.429996068532116069e-03 6.429996068533251445e-03 6.429996068532158569e-03 0.000000000000000000e+00 6.429998399906784040e-03 6.429996111233773383e-03 6.429996420307667465e-03 6.429996110479797508e-03 6.429996068593017006e-03 6.429996111233773383e-03 6.430013027379630729e-03 6.429996111234847177e-03 6.429996110467633627e-03 6.429996111234867993e-03 6.429996116140659912e-03 6.429996110692528383e-03 6.429996110466922390e-03 6.429996111234848044e-03 6.429996110569687409e-03 6.429996420307673537e-03 6.429996420307681343e-03 6.429996111234867993e-03 6.429996420370636193e-03 6.429996420307673537e-03 6.429996068596641710e-03 6.430013027377476202e-03 6.429996111296871347e-03 6.429996420307667465e-03 6.429996110467675260e-03 6.429996110526595143e-03 6.429998399907104097e-03 6.429996116141801360e-03 6.429996420307668333e-03 6.429996152398245388e-03 6.429996110466897237e-03 6.429996152398251459e-03 6.429996110569624959e-03 6.429996155785842882e-03 6.429996116140660779e-03 6.429996420307607617e-03 6.429996110466009059e-03 6.429996111234910494e-03 6.429996110569668327e-03 6.429996111233731750e-03 6.430013027377716461e-03 6.429996113893931067e-03 6.429998403348225616e-03 6.429996111233731750e-03 6.429996110528024555e-03 6.429996110529649991e-03 6.429996107201276824e-03 6.429996110570805438e-03 6.429996110529630042e-03 6.429996110479818325e-03 6.429996107201277691e-03 6.429996110465691604e-03 6.429996068533228026e-03 6.429996420307667465e-03 6.429998399906825673e-03 6.429998399906894195e-03 6.429996110479777559e-03 6.429996110590491948e-03 6.430013027379636800e-03 6.429996420307609352e-03 6.429996116141820442e-03 6.429996152398275745e-03 6.430013027378725203e-03 6.429996111294617941e-03 6.429996152459416074e-03 6.429996110569668327e-03 6.429998399906887256e-03 6.429996114558046531e-03 6.429996116140704147e-03 6.429996110528495533e-03 6.429996116201603350e-03 6.429996111235965206e-03 6.429996119526128033e-03 6.429996110465791351e-03 6.429996110466907645e-03 6.429996107140662116e-03 6.429996423647717924e-03 6.429996110631689896e-03 6.429996111233773383e-03 6.429996110479838274e-03 6.429996420307847009e-03 6.430121116235706404e-03 6.429996111233794200e-03 6.429996420307680476e-03 6.430013027379638535e-03 6.429996110468751656e-03 6.430121116130907422e-03 6.429996068533296548e-03 6.429996113805184349e-03 6.429996152400558641e-03 6.429996068593037822e-03 6.429996110630533702e-03 6.429996065206920915e-03 6.429996110467635362e-03 6.429996113804090606e-03 6.429996152398275745e-03 6.429998399906815265e-03 6.429996110569668327e-03 6.429996116203823796e-03 6.429996111294637023e-03 6.429996111234867126e-03 6.429996110541814740e-03 6.429996110631669946e-03 6.429996110467081985e-03 6.429996110467634494e-03 6.429996112816572379e-03 6.429996110569687409e-03 6.429996152399427602e-03 6.429996110529585807e-03 6.429996110587526438e-03 6.429996111294637023e-03 6.429996110466921523e-03 6.429996420433662166e-03 6.429996110466009059e-03 6.429996110480889517e-03 6.429996111234908759e-03
