0.000000000000000000e+00 8.230662736770902668e-03 8.230662736770125512e-03 8.230653743961639790e-03 8.230664701555230958e-03 8.230664118527309878e-03 8.230662737933269746e-03 8.230664144135766205e-03 8.230664144273720090e-03 8.230664733564154248e-03 8.230676263362964387e-03 8.230664746824547032e-03 8.230664737599450650e-03 8.230664737073010648e-03 8.230664673727081451e-03 8.230664134963181638e-03 8.230668940058381844e-03 8.230664681277121905e-03 8.230666251416862353e-03 8.230664672776074817e-03 8.230664737087282218e-03 8.230664681442279723e-03 8.230664728493777837e-03 8.230664739669992305e-03 8.230664729494680323e-03 8.230664729525022372e-03 8.230664672730717002e-03 8.230664144333044163e-03 8.230664701429817390e-03 8.230664672714512950e-03 8.230664672713557117e-03 8.230664145267217041e-03 8.230664119708830037e-03 8.230664681472075334e-03 8.230664672846405711e-03 8.230664673230990436e-03 8.230664144330133297e-03 8.230664141980967297e-03 8.230666241556118187e-03 8.230665309690608084e-03 8.230664674912617496e-03 8.230664673729133629e-03 8.230664673726963490e-03 8.230664134846266480e-03 8.230664672685392147e-03 8.230664672704860949e-03 8.230664672775722668e-03 8.230664672730248627e-03 8.230664144403640470e-03 8.230664140841240095e-03 8.230664672773896004e-03 8.230635873400211563e-03 8.230664672866863305e-03 8.230664701416159912e-03 8.230665249548048748e-03 8.230664672728872991e-03 8.230664674152059213e-03 8.230664672712651592e-03 8.230664672890982900e-03 8.230664750977617281e-03 8.230664701458147159e-03 8.230664750820340311e-03 8.230664676753450537e-03 8.230664672738644688e-03 8.230664685199706385e-03 8.230664672776083490e-03 8.230664673193874292e-03 8.230664892913887309e-03 8.230664673254886252e-03 8.230664672852491121e-03 8.230664672864949905e-03 8.230664672729138404e-03 8.230664672707891510e-03 8.230665250015055390e-03 8.230664676914887373e-03 8.230664672883851452e-03 8.230664676592452586e-03 8.230664672704925133e-03 8.230664672706168930e-03 8.230664672722699110e-03 8.230664675475599448e-03 8.230664673073644078e-03 8.230664672731065681e-03 8.230664673174787130e-03 8.230664672714162536e-03 8.230664672707539362e-03 8.230664672705053503e-03 8.230664672704576454e-03 8.230664672898424863e-03 8.230665250037589448e-03 8.230664672869350898e-03 8.230664701597138408e-03 8.230664885340409007e-03 8.230664672936009382e-03 8.230664672862854359e-03 8.230664672705348406e-03 8.230664672704527882e-03 8.230664672705008400e-03 8.230664672705407386e-03 8.230664672898076184e-03
8.230662736770902668e-03 0.000000000000000000e+00 8.230661846897541906e-03 8.230652854090443962e-03 8.230661847036800302e-03 8.230663228932981121e-03 8.230664720612838881e-03 8.230663254262965758e-03 8.230663254400933521e-03 8.230664751583719255e-03 8.230676281381637746e-03 8.230664764843248146e-03 8.230664755618153500e-03 8.230664755091715232e-03 8.230664691745786035e-03 8.230663245091415087e-03 8.230668958077076020e-03 8.230664699296414560e-03 8.230666269435565202e-03 8.230664690794782870e-03 8.230664755105981598e-03 8.230664699460979103e-03 8.230664746512484156e-03 8.230664757688700359e-03 8.230663311247369066e-03 8.230664747543726956e-03 8.230664690749421586e-03 8.230664690726269966e-03 8.230664719448525443e-03 8.230664690733221003e-03 8.230663253985227856e-03 8.230663255394416594e-03 8.230663229838676778e-03 8.230664699490774713e-03 8.230664690865103356e-03 8.230664691249689816e-03 8.230664690723414612e-03 8.230663252108390629e-03 8.230666259594345349e-03 8.230665327717009636e-03 8.230664692932128726e-03 8.230663255306394990e-03 8.230664691745666339e-03 8.230664690916943832e-03 8.230664690702492112e-03 8.230664690723567267e-03 8.230664690794425517e-03 8.230664690749763326e-03 8.230663254531639730e-03 8.230664690794595520e-03 8.230664691071776576e-03 8.230665267969379181e-03 8.230664691164724794e-03 8.230664719717929734e-03 8.230665267976293789e-03 8.230664691025707524e-03 8.230664692450258973e-03 8.230664691009480921e-03 8.230664690909687484e-03 8.230664768996320130e-03 8.230664719476855212e-03 8.230664768839046630e-03 8.230664694772155121e-03 8.230664690757351007e-03 8.230664703218407499e-03 8.230664690794791544e-03 8.230664691212578876e-03 8.230664910932595363e-03 8.230664691273589101e-03 8.230664690871195704e-03 8.230664690883652754e-03 8.230664690747844722e-03 8.230664690726599564e-03 8.230665268033758239e-03 8.230664694933593692e-03 8.230664691181706002e-03 8.230664694611155435e-03 8.230664690723633187e-03 8.230664690724875249e-03 8.230664691020555396e-03 8.230664693494305767e-03 8.230664691092350396e-03 8.230664690749772000e-03 8.230664691193491714e-03 8.230664690732870589e-03 8.230664690726247415e-03 8.230664690723759822e-03 8.230664690723284507e-03 8.230664690917129447e-03 8.230665268056292297e-03 8.230664691167208918e-03 8.230664719615844727e-03 8.230664903359115325e-03 8.230664690954712231e-03 8.230664690881560677e-03 8.230664690724058194e-03 8.230664690723235935e-03 8.230664690723716453e-03 8.230663254561008599e-03 8.230664690916784237e-03
8.230662736770125512e-03 8.230661846897541906e-03 0.000000000000000000e+00 8.230652854087264214e-03 8.230661847037176737e-03 8.230663228933354086e-03 8.230661848061286354e-03 8.230663254262315237e-03 8.230663254400277795e-03 8.230664751583335881e-03 8.230676281382324697e-03 8.230664764843938566e-03 8.230664755618845654e-03 8.230664755092403917e-03 8.230664691746478190e-03 8.230663245090761096e-03 8.230668958077766439e-03 8.230663263031569657e-03 8.230666269436253887e-03 8.230664690795469821e-03 8.230664755106675487e-03 8.230664699461669523e-03 8.230664746513172841e-03 8.230664757689392513e-03 8.230663311246716810e-03 8.230664747544419110e-03 8.230664690750115475e-03 8.230664690726958652e-03 8.230664719449217598e-03 8.230664690733911423e-03 8.230663253985606026e-03 8.230663255393766073e-03 8.230663229838015849e-03 8.230664699491465133e-03 8.230664690865797245e-03 8.230664691250380235e-03 8.230664690724105031e-03 8.230664691932015539e-03 8.230666259575336249e-03 8.230665327709801860e-03 8.230664692931792190e-03 8.230663255306769691e-03 8.230664691746358494e-03 8.230664690917634252e-03 8.230664690703186001e-03 8.230664690724261157e-03 8.230664690795119406e-03 8.230664690749426790e-03 8.230663254532017900e-03 8.230664690795285940e-03 8.230664691072465261e-03 8.230665267970073071e-03 8.230664691165415214e-03 8.230664719718618419e-03 8.230665267976982474e-03 8.230664691026399679e-03 8.230664692450951128e-03 8.230664691010173076e-03 8.230664690910377904e-03 8.230664768997010550e-03 8.230664719477542163e-03 8.230664768839738785e-03 8.230664694772849010e-03 8.230664690758043162e-03 8.230664703219099654e-03 8.230664690795481964e-03 8.230664691213269296e-03 8.230664910933287517e-03 8.230664691274281256e-03 8.230664690871884390e-03 8.230664690884343174e-03 8.230664690748538612e-03 8.230664690727289984e-03 8.230665268034450394e-03 8.230664694934285847e-03 8.230664691182396422e-03 8.230664694611849325e-03 8.230664690724323607e-03 8.230664690725565669e-03 8.230664691021249285e-03 8.230664693494996187e-03 8.230664691093039081e-03 8.230664690750460685e-03 8.230664691194185603e-03 8.230664690733561009e-03 8.230664690726941304e-03 8.230664690724450241e-03 8.230664690723971458e-03 8.230664690917819867e-03 8.230665268056982717e-03 8.230664691167901073e-03 8.230664719616538616e-03 8.230664903359807480e-03 8.230664690955404386e-03 8.230664690882252832e-03 8.230664690724748614e-03 8.230664690723924620e-03 8.230664690724403404e-03 8.230664691002708561e-03 8.230664690917474657e-03
8.230653743961639790e-03 8.230652854090443962e-03 8.230652854087264214e-03 0.000000000000000000e+00 8.230652854227322318e-03 8.230654236120881970e-03 8.230652855256419265e-03 8.230654261447652165e-03 8.230654261588808349e-03 8.230664935100074145e-03 8.230676464900913911e-03 8.230664948362878194e-03 8.230664939137783548e-03 8.230664938611348749e-03 8.230664875265416083e-03 8.230654252281482605e-03 8.230669141596577698e-03 8.230664882810627067e-03 8.230666452955148413e-03 8.230664874314412918e-03 8.230664938625618585e-03 8.230664882980593539e-03 8.230664930032093388e-03 8.230664941208319998e-03 8.230654318436208400e-03 8.230664931063336187e-03 8.230664874269053369e-03 8.230664874245055204e-03 8.230664902968153757e-03 8.230664874252851052e-03 8.230664874243813142e-03 8.230654262582282749e-03 8.230664875920137152e-03 8.230664883010406496e-03 8.230664874384721261e-03 8.230664874769283434e-03 8.230664874242241483e-03 8.230654259298492842e-03 8.230666443092332987e-03 8.230665511226621656e-03 8.230664876448525250e-03 8.230664875262609301e-03 8.230664875265292918e-03 8.230664874435727335e-03 8.230654261628410351e-03 8.230664874243186907e-03 8.230664874314045157e-03 8.230664874266178932e-03 8.230664874372817588e-03 8.230664874313427595e-03 8.230664874588185242e-03 8.230665451478042308e-03 8.230664874684356577e-03 8.230652854373046029e-03 8.230665451483572606e-03 8.230664874539888806e-03 8.230664875966653762e-03 8.230664874523648325e-03 8.230664874429319267e-03 8.230664952515950178e-03 8.230664902996483526e-03 8.230664952358676678e-03 8.230664878291788639e-03 8.230664874276981055e-03 8.230664886738039282e-03 8.230664874314423327e-03 8.230664874732208924e-03 8.230665094452215003e-03 8.230664874793219149e-03 8.230664874390825753e-03 8.230664874403284537e-03 8.230664874267474770e-03 8.230664874246227877e-03 8.230665451553374409e-03 8.230664878453225475e-03 8.230664874698121608e-03 8.230664878130787218e-03 8.230664874243261500e-03 8.230664874244505297e-03 8.230664874536969267e-03 8.230664877013937550e-03 8.230664874611982179e-03 8.230664874266184136e-03 8.230664874713123497e-03 8.230664874252500637e-03 8.230664874245877463e-03 8.230664874243391604e-03 8.230664874242916290e-03 8.230664874436757761e-03 8.230665451575904998e-03 8.230664874683622789e-03 8.230664903131911653e-03 8.230665086878740169e-03 8.230664874471126102e-03 8.230664874401194195e-03 8.230664874243686507e-03 8.230664874242864248e-03 8.230664874243344767e-03 8.230664874517228113e-03 8.230664874436412551e-03
8.230664701555230958e-03 8.230661847036800302e-03 8.230661847037176737e-03 8.230652854227322318e-03 0.000000000000000000e+00 8.230663228787807317e-03 8.230664720759032701e-03 8.230663254401438325e-03 8.230663254256915043e-03 8.230664751729547049e-03 8.230676281527463806e-03 8.230664764989077675e-03 8.230664755763981294e-03 8.230664755237548230e-03 8.230664691891615564e-03 8.230664691178750034e-03 8.230668958222902079e-03 8.230664699442251028e-03 8.230666269581389527e-03 8.230664690940608930e-03 8.230664755251818065e-03 8.230664699606820775e-03 8.230664746658315420e-03 8.230664757834526418e-03 8.230663311386643075e-03 8.230664747689559954e-03 8.230664690895251115e-03 8.230664690872318071e-03 8.230664719594356707e-03 8.230664690879048798e-03 8.230663254124501865e-03 8.230663255533919587e-03 8.230664692554994638e-03 8.230664699636611181e-03 8.230664691010943293e-03 8.230664691395521079e-03 8.230664690869459246e-03 8.230663252247891887e-03 8.230666259740525292e-03 8.230665327863017841e-03 8.230664693077968663e-03 8.230664691893241000e-03 8.230664691891502807e-03 8.230664691062993671e-03 8.230664690848326845e-03 8.230664690869398531e-03 8.230664690940258515e-03 8.230664690895594590e-03 8.230663254387628192e-03 8.230664690940648828e-03 8.230664690933049005e-03 8.230665267688222139e-03 8.230664691310547385e-03 8.230661847025639091e-03 8.230634983657544868e-03 8.230663253306966590e-03 8.230664692311193131e-03 8.230663254118643704e-03 8.230664691055518747e-03 8.230664769142151393e-03 8.230664719622683007e-03 8.230664768984874424e-03 8.230664694917986385e-03 8.230664690903180536e-03 8.230664703364240498e-03 8.230664690940619338e-03 8.230664691358406670e-03 8.230664911078426627e-03 8.230664691419415160e-03 8.230664691017025233e-03 8.230664691029480548e-03 8.230664690893672517e-03 8.230664690872423889e-03 8.230665268179589503e-03 8.230664695079423221e-03 8.230664691326503371e-03 8.230664694756986699e-03 8.230664690869460981e-03 8.230664690870701308e-03 8.230664690881850376e-03 8.230664693640135296e-03 8.230664691238178191e-03 8.230664690894571103e-03 8.230664691339321243e-03 8.230664690878700118e-03 8.230664690872076944e-03 8.230664690869587616e-03 8.230664690869114036e-03 8.230664691062957242e-03 8.230665268202120091e-03 8.230664691312006287e-03 8.230664719469912849e-03 8.230664903504943120e-03 8.230664691099513069e-03 8.230664691027390206e-03 8.230664690869887723e-03 8.230664690869063729e-03 8.230664690869542513e-03 8.230663254416771546e-03 8.230664691062612032e-03
8.230664118527309878e-03 8.230663228932981121e-03 8.230663228933354086e-03 8.230654236120881970e-03 8.230663228787807317e-03 0.000000000000000000e+00 8.230664692690906753e-03 8.230664662782017152e-03 8.230664636160315781e-03 8.230664723658825954e-03 8.230676253456799957e-03 8.230664736918354846e-03 8.230664727693258464e-03 8.230664727166821931e-03 8.230664663820894469e-03 8.230664627127223798e-03 8.230668930152201801e-03 8.230664671371868205e-03 8.230666241510675371e-03 8.230664662869887835e-03 8.230664727181093501e-03 8.230664671536094476e-03 8.230664718587590856e-03 8.230664729763807058e-03 8.230664719589733669e-03 8.230664719618833655e-03 8.230664662824526551e-03 8.230664636495139963e-03 8.230664691523625204e-03 8.230664662808327703e-03 8.230664636018757141e-03 8.230664637430558372e-03 8.230664664484847737e-03 8.230664671565890086e-03 8.230664662940222198e-03 8.230664610712390764e-03 8.230664662798642742e-03 8.230664664010754750e-03 8.230666231669854505e-03 8.230665299792270725e-03 8.230664665007245834e-03 8.230664637339589473e-03 8.230664663820779978e-03 8.230664627008364015e-03 8.230664662780089874e-03 8.230664662798677436e-03 8.230664662869537421e-03 8.230664662824871761e-03 8.230664636288541336e-03 8.230664662869832324e-03 8.230664662592659941e-03 8.230636365139666275e-03 8.230664662963075445e-03 8.230663228644836613e-03 8.230636365136417137e-03 8.230664634930886028e-03 8.230664663970476205e-03 8.230664635742570082e-03 8.230664662984792448e-03 8.230664741071425095e-03 8.230664691551958442e-03 8.230664740914151595e-03 8.230664666847263555e-03 8.230664662832457706e-03 8.230664675293515933e-03 8.230664662869898243e-03 8.230664663287685576e-03 8.230664883007700328e-03 8.230664663348697535e-03 8.230664662946302404e-03 8.230664662958759453e-03 8.230664662822949687e-03 8.230664662801702794e-03 8.230665240108868408e-03 8.230664667008700391e-03 8.230664662979374907e-03 8.230664666686265604e-03 8.230664662798741621e-03 8.230664662799980213e-03 8.230664662541476925e-03 8.230664665569410732e-03 8.230664663167457096e-03 8.230664662824184810e-03 8.230664663268600148e-03 8.230664662807977289e-03 8.230664662801354114e-03 8.230664662798864786e-03 8.230664662798391207e-03 8.230664662992236147e-03 8.230665240131398996e-03 8.230664662964874354e-03 8.230664691406279834e-03 8.230664875434223759e-03 8.230664663029125042e-03 8.230664662956667377e-03 8.230664662799164893e-03 8.230664662798342635e-03 8.230664662798821418e-03 8.230664636040701393e-03 8.230664662991889202e-03
8.230662737933269746e-03 8.230664720612838881e-03 8.230661848061286354e-03 8.230652855256419265e-03 8.230664720759032701e-03 8.230664692690906753e-03 0.000000000000000000e+00 8.230663255426293873e-03 8.230663255564325820e-03 8.230663119733314451e-03 8.230676279486931132e-03 8.230664765742018787e-03 8.230664756803104942e-03 8.230664756276670144e-03 8.230664692931528512e-03 8.230663245970156611e-03 8.230668959262816761e-03 8.230663264193492645e-03 8.230666270621290331e-03 8.230664691980525347e-03 8.230664756290877529e-03 8.230664698300473384e-03 8.230664747697440803e-03 8.230664756526093889e-03 8.230663312409909615e-03 8.230664746665969020e-03 8.230664691935167532e-03 8.230664691912017647e-03 8.230664720634269654e-03 8.230664691918963480e-03 8.230664691918606127e-03 8.230663254495156761e-03 8.230663228654337693e-03 8.230664700676520659e-03 8.230664691767211605e-03 8.230664692435442700e-03 8.230664691909158823e-03 8.230663250925428914e-03 8.230586406578810355e-03 8.230635039203570980e-03 8.230663254173653520e-03 8.230664690871468056e-03 8.230664690868699437e-03 8.230664692102694982e-03 8.230664691888238058e-03 8.230664691909313213e-03 8.230664691980171463e-03 8.230663254337636930e-03 8.230664692048412015e-03 8.230664691980339731e-03 8.230664692257517318e-03 8.230665269155255231e-03 8.230664692350465536e-03 8.230664720905056519e-03 8.230665269170083648e-03 8.230664692212485631e-03 8.230664693636001450e-03 8.230664692196260762e-03 8.230664692095431695e-03 8.230664770182062606e-03 8.230664720662599423e-03 8.230664770024790841e-03 8.230664695957899332e-03 8.230664691943093483e-03 8.230664704404089260e-03 8.230664691980539224e-03 8.230664692398319618e-03 8.230664912118337839e-03 8.230664692459336781e-03 8.230664692056941650e-03 8.230664691785816514e-03 8.230664691933588933e-03 8.230664691912340306e-03 8.230665269219502450e-03 8.230664696119337903e-03 8.230664692367453683e-03 8.230664695796904851e-03 8.230664691909375663e-03 8.230664691910621195e-03 8.230664692206301342e-03 8.230664694680048243e-03 8.230664692278092873e-03 8.230664691935517946e-03 8.230664692379237660e-03 8.230664691918614800e-03 8.230664691911993361e-03 8.230664691909446787e-03 8.230664691909028718e-03 8.230664692102871924e-03 8.230665269242033039e-03 8.230664692352953130e-03 8.230664720801592407e-03 8.230664904544861271e-03 8.230664692140456443e-03 8.230664692067304888e-03 8.230664691909804140e-03 8.230664691908980146e-03 8.230664691909457195e-03 8.230664692189824938e-03 8.230664692102526714e-03
8.230664144135766205e-03 8.230663254262965758e-03 8.230663254262315237e-03 8.230654261447652165e-03 8.230663254401438325e-03 8.230664662782017152e-03 8.230663255426293873e-03 0.000000000000000000e+00 8.230664661766371251e-03 8.230664528284198020e-03 8.230676252638888246e-03 8.230664736119138250e-03 8.230664726894073094e-03 8.230664726367636561e-03 8.230664663021716038e-03 8.230664652456518016e-03 8.230668929352681629e-03 8.230664670394304688e-03 8.230666240711354692e-03 8.230664662070707668e-03 8.230664726381894253e-03 8.230664670736914310e-03 8.230664717788405485e-03 8.230664728964606075e-03 8.230664718612645467e-03 8.230664718819639611e-03 8.230664662025349854e-03 8.230664662002326604e-03 8.230664690724441568e-03 8.230664662009145802e-03 8.230664662007759758e-03 8.230664662759868203e-03 8.230664637201231398e-03 8.230664660911567176e-03 8.230664662141029889e-03 8.230664636042312951e-03 8.230664661999467779e-03 8.230664659473479680e-03 8.230666230848315487e-03 8.230665298984416942e-03 8.230664662720378957e-03 8.230664662669508191e-03 8.230664663021584199e-03 8.230664662193002204e-03 8.230664661794879697e-03 8.230664661999497270e-03 8.230664662070355519e-03 8.230664662025006378e-03 8.230664661895235185e-03 8.230664662070655627e-03 8.230664662347014424e-03 8.230665239237988651e-03 8.230664662440651327e-03 8.230663254542084500e-03 8.230665239245116629e-03 8.230664660814335926e-03 8.230664663725482944e-03 8.230664662285076122e-03 8.230664662185615751e-03 8.230664740272248397e-03 8.230664690752780011e-03 8.230664740114971428e-03 8.230664666048086858e-03 8.230664662033277540e-03 8.230664674494318420e-03 8.230664662070718077e-03 8.230664662488505409e-03 8.230664882208520161e-03 8.230664662549515634e-03 8.230664662147123972e-03 8.230664662159579287e-03 8.230664662023767786e-03 8.230664662002524362e-03 8.230665239309691711e-03 8.230664666209520225e-03 8.230664662456952524e-03 8.230664665887083703e-03 8.230664661999559720e-03 8.230664662000800047e-03 8.230664662053343086e-03 8.230664664770232300e-03 8.230664662368276929e-03 8.230664662025013317e-03 8.230664662469416512e-03 8.230664662008797122e-03 8.230664662002172213e-03 8.230664661999675946e-03 8.230664661999212775e-03 8.230664652338348652e-03 8.230665239332220565e-03 8.230664662442450236e-03 8.230664690890742569e-03 8.230664874635043593e-03 8.230664662229955283e-03 8.230664662157488945e-03 8.230664661999986462e-03 8.230664661999162468e-03 8.230664661999642986e-03 8.230664661924137412e-03 8.230664662192709036e-03
8.230664144273720090e-03 8.230663254400933521e-03 8.230663254400277795e-03 8.230654261588808349e-03 8.230663254256915043e-03 8.230664636160315781e-03 8.230663255564325820e-03 8.230664661766371251e-03 0.000000000000000000e+00 8.230664722996872823e-03 8.230676252795577144e-03 8.230664736257135503e-03 8.230664727032039121e-03 8.230664726505604323e-03 8.230664663159673392e-03 8.230664662449252086e-03 8.230668929490637248e-03 8.230664670532281124e-03 8.230666240849331128e-03 8.230664658471279621e-03 8.230664726519874158e-03 8.230664670874876868e-03 8.230664717926371513e-03 8.230664729102585980e-03 8.230664718750623637e-03 8.230664718957612577e-03 8.230664662163312412e-03 8.230664662140287427e-03 8.230664690862404126e-03 8.230664662147106625e-03 8.230664662145722316e-03 8.230664662897827291e-03 8.230664663822953586e-03 8.230664661049529734e-03 8.230664662279002855e-03 8.230664636180273774e-03 8.230664661960117312e-03 8.230664663348903967e-03 8.230666230989230545e-03 8.230665299123524417e-03 8.230664664345339540e-03 8.230664662807488097e-03 8.230664663159558900e-03 8.230664662330964762e-03 8.230664662118915634e-03 8.230664662137459828e-03 8.230664662208319812e-03 8.230664662162967202e-03 8.230664661756578737e-03 8.230664662208616450e-03 8.230664662209024110e-03 8.230665238968457725e-03 8.230664661091634943e-03 8.230664690851190873e-03 8.230636391026936033e-03 8.230664660676350816e-03 8.230664663587178645e-03 8.230664661488027931e-03 8.230664662323576575e-03 8.230664740410209221e-03 8.230664690890739099e-03 8.230664740252933986e-03 8.230664666186044212e-03 8.230664662171238363e-03 8.230664674632294855e-03 8.230664662208680635e-03 8.230664662626466233e-03 8.230664882346479250e-03 8.230664662687476457e-03 8.230664661626018244e-03 8.230664662297541845e-03 8.230664662161732079e-03 8.230664662140483451e-03 8.230665239447643861e-03 8.230664666347481048e-03 8.230664662595586420e-03 8.230664666025044526e-03 8.230664662137522278e-03 8.230664662138764340e-03 8.230664662157822012e-03 8.230664664908191389e-03 8.230664662506237753e-03 8.230664662163661091e-03 8.230664662607377335e-03 8.230664662146757946e-03 8.230664662140136506e-03 8.230664661951570329e-03 8.230664662137170129e-03 8.230664652476304272e-03 8.230665239470170980e-03 8.230664662581092805e-03 8.230664690746226225e-03 8.230664874773004416e-03 8.230664662368599588e-03 8.230664662295448034e-03 8.230664662137947285e-03 8.230664662137125026e-03 8.230664662137603810e-03 8.230664661785472291e-03 8.230664662330669859e-03
8.230664733564154248e-03 8.230664751583719255e-03 8.230664751583335881e-03 8.230664935100074145e-03 8.230664751729547049e-03 8.230664723658825954e-03 8.230663119733314451e-03 8.230664528284198020e-03 8.230664722996872823e-03 0.000000000000000000e+00 8.230096704368462107e-03 8.230663962191301503e-03 8.230664676130790627e-03 8.230664675606855565e-03 8.230664723858157825e-03 8.230664722908176412e-03 8.230668990161128448e-03 8.230664537011199780e-03 8.230666301544425911e-03 8.230664722907166803e-03 8.230664481158578641e-03 8.230664729248358263e-03 8.230664667027669593e-03 8.230664409955351299e-03 8.230664473671142622e-03 8.230664471133060031e-03 8.230664722861808988e-03 8.230664722838877678e-03 8.230664751560914580e-03 8.230664722845604936e-03 8.230664722846276274e-03 8.230664721831733657e-03 8.230664722197541736e-03 8.230664731603167319e-03 8.230664528124377946e-03 8.230664723362084156e-03 8.230664722836018854e-03 8.230664523803658816e-03 8.230587679401026036e-03 8.230636197658850600e-03 8.230664527011684675e-03 8.230664527240541539e-03 8.230664527390128479e-03 8.230664723029555013e-03 8.230664722854851012e-03 8.230664722835956404e-03 8.230664722906814654e-03 8.230664722861415206e-03 8.230664722976304207e-03 8.230664722907204967e-03 8.230664723184162243e-03 8.230665300084651428e-03 8.230664723277110462e-03 8.230664751874205640e-03 8.230665300096725104e-03 8.230664723139128822e-03 8.230664724562648110e-03 8.230664723122909157e-03 8.230664723022076620e-03 8.230664801108565284e-03 8.230664751589240880e-03 8.230664800951290050e-03 8.230664726884521706e-03 8.230664722869710653e-03 8.230664346547005017e-03 8.230664722907156394e-03 8.230664723324964543e-03 8.230664943044616738e-03 8.230664723385948747e-03 8.230664722983565759e-03 8.230664722717613568e-03 8.230664722860230390e-03 8.230664722838983496e-03 8.230665300146149110e-03 8.230664727045840581e-03 8.230664723294076057e-03 8.230664726723546307e-03 8.230664722835874872e-03 8.230664722837260916e-03 8.230664723132946267e-03 8.230664725606694904e-03 8.230664723204737798e-03 8.230664722862155933e-03 8.230664723305879116e-03 8.230664722845257991e-03 8.230664722838634817e-03 8.230664528429855811e-03 8.230664722835547009e-03 8.230664723029515115e-03 8.230665300168676229e-03 8.230664723279599790e-03 8.230664751728235598e-03 8.230664935471502727e-03 8.230664723067101368e-03 8.230664722993948079e-03 8.230664722836442126e-03 8.230664722835619868e-03 8.230664722836102121e-03 8.230664723116471598e-03 8.230664723029168170e-03
8.230676263362964387e-03 8.230676281381637746e-03 8.230676281382324697e-03 8.230676464900913911e-03 8.230676281527463806e-03 8.230676253456799957e-03 8.230676279486931132e-03 8.230676252638888246e-03 8.230676252795577144e-03 8.230096704368462107e-03 0.000000000000000000e+00 8.230096383584389191e-03 8.230096879564052781e-03 8.230096905169983351e-03 8.230676253656072847e-03 8.230676249930513055e-03 8.230680519896614242e-03 8.230676261189031478e-03 8.230677831332154637e-03 8.230676252705135601e-03 8.230096905328563098e-03 8.230676258262965839e-03 8.230096896770497383e-03 8.230096833352051541e-03 8.230096897789940594e-03 8.230096897297610459e-03 8.230676252659720540e-03 8.230676252636806578e-03 8.230676281358822663e-03 8.230676252643509550e-03 8.230676252644208643e-03 8.230676253625997946e-03 8.230676251266661261e-03 8.230676261391673201e-03 8.230676249702013544e-03 8.230676253160058159e-03 8.230676252633984183e-03 8.230676250804506641e-03 8.230677818042224717e-03 8.230068624208712602e-03 8.230676251759536100e-03 8.230676253583138133e-03 8.230676253630310468e-03 8.230676252827530751e-03 8.230676252652781646e-03 8.230676252633885304e-03 8.230676252702238613e-03 8.230676252660077893e-03 8.230676252774276475e-03 8.230676252705180704e-03 8.230676252982134511e-03 8.230676829881516943e-03 8.230676253075084464e-03 8.230676281672118927e-03 8.230676829893592353e-03 8.230676252937104559e-03 8.230676254360616909e-03 8.230676252920877956e-03 8.230676252820048888e-03 8.230676330906530613e-03 8.230676281387154167e-03 8.230676330746689723e-03 8.230676256682493974e-03 8.230676252658268577e-03 8.230676265058979243e-03 8.230676252702595966e-03 8.230676253122936811e-03 8.230676472842514413e-03 8.230676253177054980e-03 8.230676252781555374e-03 8.230676249739277139e-03 8.230676252655671696e-03 8.230676252634407455e-03 8.230676829943012890e-03 8.230676256792945553e-03 8.230676253092067407e-03 8.230676256521504697e-03 8.230676252580419391e-03 8.230676252635233184e-03 8.230676252930916800e-03 8.230676255404656763e-03 8.230676253002710066e-03 8.230676252660131670e-03 8.230676253103854853e-03 8.230676252643233728e-03 8.230676252636608820e-03 8.230676252615382743e-03 8.230676252582619021e-03 8.230676252827489117e-03 8.230676829965543478e-03 8.230676253077568588e-03 8.230676281526150620e-03 8.230676465269067335e-03 8.230676252865071901e-03 8.230676252791920347e-03 8.230676252634417864e-03 8.230676252633595605e-03 8.230676252634027551e-03 8.230676252914438662e-03 8.230676252827145642e-03
8.230664746824547032e-03 8.230664764843248146e-03 8.230664764843938566e-03 8.230664948362878194e-03 8.230664764989077675e-03 8.230664736918354846e-03 8.230664765742018787e-03 8.230664736119138250e-03 8.230664736257135503e-03 8.230663962191301503e-03 8.230096383584389191e-03 0.000000000000000000e+00 8.230664119488478522e-03 8.230664145097774456e-03 8.230664737117270383e-03 8.230664736166858758e-03 8.230455314652277560e-03 8.230664729547962355e-03 8.230666296904595725e-03 8.230664736166695694e-03 8.230664673727142167e-03 8.230664199684174093e-03 8.230664151814002724e-03 8.230664076064259441e-03 8.230664152858514424e-03 8.230664152366520825e-03 8.230664736121337879e-03 8.230664736098411774e-03 8.230664764820446941e-03 8.230664736105137297e-03 8.230664736105810370e-03 8.230664208635456516e-03 8.230664737503020842e-03 8.230664729740971158e-03 8.230664735957005790e-03 8.230664736621613048e-03 8.230664736095518255e-03 8.230664737066465536e-03 8.230666304307085804e-03 8.230635879276002737e-03 8.230664738023621765e-03 8.230664208506167576e-03 8.230664737117527122e-03 8.230664736289089109e-03 8.230664736114383373e-03 8.230664736095485295e-03 8.230664736166343545e-03 8.230664736121679620e-03 8.230664736235831364e-03 8.230664736166735593e-03 8.230664736443689400e-03 8.230665313344176851e-03 8.230664736536641088e-03 8.230664765133732796e-03 8.230665313356253995e-03 8.230664736398655978e-03 8.230664737822175267e-03 8.230664736382436314e-03 8.230664736281576022e-03 8.230664814367886009e-03 8.230664764848655279e-03 8.230664814210588223e-03 8.230664740143998556e-03 8.230664736129185768e-03 8.230664010637890257e-03 8.230664736166674877e-03 8.230664736584493435e-03 8.230664940806800903e-03 8.230664736645396107e-03 8.230664736243080773e-03 8.230664735975515289e-03 8.230664736119715913e-03 8.230664736098512388e-03 8.230665313404711761e-03 8.230664017487959380e-03 8.230664736553525151e-03 8.230664739983075198e-03 8.230664207657547790e-03 8.230664736096791542e-03 8.230664736392471689e-03 8.230664738865777971e-03 8.230664736464268424e-03 8.230664736121658803e-03 8.230664736565408007e-03 8.230664736104788617e-03 8.230664736098165443e-03 8.230664736095641421e-03 8.230664207657134926e-03 8.230664736289045741e-03 8.230665313427245819e-03 8.230664736539128681e-03 8.230664764987688162e-03 8.230664948730660388e-03 8.230664736326597300e-03 8.230664736253476971e-03 8.230664736095976222e-03 8.230664736095150494e-03 8.230664736095629277e-03 8.230664736375998755e-03 8.230664736288700531e-03
8.230664737599450650e-03 8.230664755618153500e-03 8.230664755618845654e-03 8.230664939137783548e-03 8.230664755763981294e-03 8.230664727693258464e-03 8.230664756803104942e-03 8.230664726894073094e-03 8.230664727032039121e-03 8.230664676130790627e-03 8.230096879564052781e-03 8.230664119488478522e-03 0.000000000000000000e+00 8.230664636018007740e-03 8.230664725847863100e-03 8.230664727221018162e-03 8.230455802739386484e-03 8.230664718295938737e-03 8.230587841954878359e-03 8.230664726941601048e-03 8.230664636149501515e-03 8.230664692883932904e-03 8.230664644766245985e-03 8.230664567268213688e-03 8.230664643766419028e-03 8.230664645318823067e-03 8.230664726896241498e-03 8.230664726873315393e-03 8.230664755595345355e-03 8.230664726880039181e-03 8.230664726880712254e-03 8.230664727913384465e-03 8.230664728557275656e-03 8.230664682501317997e-03 8.230664727011146112e-03 8.230664727396520136e-03 8.230664726870453099e-03 8.230664728120649226e-03 8.230666295739749727e-03 8.230665249502847058e-03 8.230664699414073915e-03 8.230664727896172539e-03 8.230664727892482782e-03 8.230664727063989258e-03 8.230664726889286992e-03 8.230664726870390649e-03 8.230664697071524150e-03 8.230664726896584973e-03 8.230664727010734982e-03 8.230664726941639212e-03 8.230664727218594753e-03 8.230665304119083939e-03 8.230664727311542972e-03 8.230664755908638150e-03 8.230665304131157614e-03 8.230664727173564801e-03 8.230664728597080620e-03 8.230664727157339933e-03 8.230664727056510865e-03 8.230664805135486442e-03 8.230664755617620940e-03 8.230660874502885790e-03 8.230664730913725760e-03 8.230664700107638912e-03 8.230664722202098854e-03 8.230664697071883237e-03 8.230664727359398788e-03 8.230664931587887076e-03 8.230664727415267293e-03 8.230664727018013882e-03 8.230664727024567667e-03 8.230664700555964317e-03 8.230664700534759057e-03 8.230665304180578151e-03 8.230664731075041166e-03 8.230664727323406746e-03 8.230664730757975348e-03 8.230664700560689703e-03 8.230664726871695161e-03 8.230664727167378777e-03 8.230664727595406183e-03 8.230664727239170309e-03 8.230664726896590178e-03 8.230664727340313361e-03 8.230664726879690501e-03 8.230664726867986322e-03 8.230664726870576264e-03 8.230664726869993397e-03 8.230664727063949360e-03 8.230665304203107005e-03 8.230664727314030565e-03 8.230664755762668108e-03 8.230664939505936972e-03 8.230664727101533878e-03 8.230664727028384059e-03 8.230664726870879841e-03 8.230664726870055847e-03 8.230664726870532896e-03 8.230664727150904109e-03 8.230664727063604150e-03
8.230664737073010648e-03 8.230664755091715232e-03 8.230664755092403917e-03 8.230664938611348749e-03 8.230664755237548230e-03 8.230664727166821931e-03 8.230664756276670144e-03 8.230664726367636561e-03 8.230664726505604323e-03 8.230664675606855565e-03 8.230096905169983351e-03 8.230664145097774456e-03 8.230664636018007740e-03 0.000000000000000000e+00 8.230664725135641152e-03 8.230664726694579894e-03 8.230455828338714697e-03 8.230664717593060009e-03 8.230587867559140125e-03 8.230664726415169719e-03 8.230664661759156536e-03 8.230664718490741244e-03 8.230664670374631189e-03 8.230664592877877384e-03 8.230664669375163320e-03 8.230664671586358089e-03 8.230664724882832961e-03 8.230664726346880594e-03 8.230664755068912292e-03 8.230664725694508341e-03 8.230664726354277455e-03 8.230664727386949667e-03 8.230664701547060411e-03 8.230664708108466343e-03 8.230664726484714783e-03 8.230664726870083603e-03 8.230664726344020035e-03 8.230664727594207489e-03 8.230666295212976658e-03 8.230665248978806178e-03 8.230664725020297653e-03 8.230664727369741210e-03 8.230664727366047984e-03 8.230664726537552725e-03 8.230664726362848724e-03 8.230664726343957585e-03 8.230664722677406148e-03 8.230664726370151910e-03 8.230664726484301918e-03 8.230664726415207882e-03 8.230664726692159955e-03 8.230665303592643936e-03 8.230664726785101235e-03 8.230664755382205086e-03 8.230665303604724550e-03 8.230664726647128268e-03 8.230664728070645822e-03 8.230664726630906869e-03 8.230664726530074332e-03 8.230664804608928478e-03 8.230664755091144508e-03 8.230660900108490233e-03 8.230664535831780371e-03 8.230664725713513971e-03 8.230664527113483453e-03 8.230664722677742684e-03 8.230664726832963990e-03 8.230664931061684730e-03 8.230664726888820351e-03 8.230664726491554797e-03 8.230664726498134603e-03 8.230664726363110667e-03 8.230664726140641055e-03 8.230665303654143353e-03 8.230664730548625449e-03 8.230664726796977151e-03 8.230664730231545753e-03 8.230664726166564762e-03 8.230664726345262097e-03 8.230664726640943979e-03 8.230664727069314859e-03 8.230664726712735510e-03 8.230664726370158849e-03 8.230664726813878562e-03 8.230664726353255703e-03 8.230664726341554993e-03 8.230664726344143201e-03 8.230664726343560333e-03 8.230664726537511092e-03 8.230665303675728517e-03 8.230664726787595767e-03 8.230664755236235045e-03 8.230664938979503908e-03 8.230664726575100815e-03 8.230664726501947526e-03 8.230664726344445042e-03 8.230664726343621049e-03 8.230664726344087689e-03 8.230664726624469310e-03 8.230664726537165882e-03
8.230664673727081451e-03 8.230664691745786035e-03 8.230664691746478190e-03 8.230664875265416083e-03 8.230664691891615564e-03 8.230664663820894469e-03 8.230664692931528512e-03 8.230664663021716038e-03 8.230664663159673392e-03 8.230664723858157825e-03 8.230676253656072847e-03 8.230664737117270383e-03 8.230664725847863100e-03 8.230664725135641152e-03 0.000000000000000000e+00 8.230664663349433058e-03 8.230668925522596074e-03 8.230664669518239843e-03 8.230587822262578485e-03 8.230664659499573391e-03 8.230664725261273296e-03 8.230664671735067259e-03 8.230664718774852520e-03 8.230664727917818418e-03 8.230664717775768024e-03 8.230664719327495521e-03 8.230664663023877503e-03 8.230664662991427766e-03 8.230663255452358093e-03 8.230664662517010385e-03 8.230664663008346524e-03 8.230664664041126288e-03 8.230664664685688817e-03 8.230664669720709828e-03 8.230664663139571416e-03 8.230664663523458782e-03 8.230664662988489144e-03 8.230664664249071061e-03 8.230666231869195049e-03 8.230665299991663311e-03 8.230664663162549563e-03 8.230664664023924770e-03 8.230664664020127461e-03 8.230664653504651818e-03 8.230664663016232577e-03 8.230664662988503022e-03 8.230664663068883169e-03 8.230664661705694093e-03 8.230664663138370987e-03 8.230664659499627167e-03 8.230664663346227289e-03 8.230665240246719944e-03 8.230664663439165099e-03 8.230664692036270685e-03 8.230665240258800558e-03 8.230664663301195602e-03 8.230664664724713156e-03 8.230664663284974203e-03 8.230664663184131258e-03 8.230664741270498491e-03 8.230664691751189699e-03 8.230664741113087948e-03 8.230664472659528219e-03 8.230664662540453438e-03 8.230664479050905230e-03 8.230664659499557778e-03 8.230664663487034793e-03 8.230664883205602786e-03 8.230664663548005119e-03 8.230664663145615192e-03 8.230664663124583405e-03 8.230664663022285027e-03 8.230664662968213696e-03 8.230665240307275671e-03 8.230664472819632788e-03 8.230664663456135899e-03 8.230664472499114870e-03 8.230664662989179564e-03 8.230664662999329431e-03 8.230664663295014782e-03 8.230664663723782914e-03 8.230664663366804579e-03 8.230664663024214039e-03 8.230664663467947631e-03 8.230664663007310894e-03 8.230664663000689454e-03 8.230664662979869303e-03 8.230664662988738944e-03 8.230664663190882802e-03 8.230665240328859100e-03 8.230664663441663101e-03 8.230664691890245133e-03 8.230664875633215624e-03 8.230664663229152536e-03 8.230664663156014860e-03 8.230664662998498499e-03 8.230664662997677974e-03 8.230664662998156758e-03 8.230664663278536644e-03 8.230664653504944986e-03
8.230664134963181638e-03 8.230663245091415087e-03 8.230663245090761096e-03 8.230654252281482605e-03 8.230664691178750034e-03 8.230664627127223798e-03 8.230663245970156611e-03 8.230664652456518016e-03 8.230664662449252086e-03 8.230664722908176412e-03 8.230676249930513055e-03 8.230664736166858758e-03 8.230664727221018162e-03 8.230664726694579894e-03 8.230664663349433058e-03 0.000000000000000000e+00 8.230668929680697021e-03 8.230664661221760020e-03 8.230666241039198347e-03 8.230664662398426423e-03 8.230664726708849729e-03 8.230664659800603425e-03 8.230664708434577009e-03 8.230664729014484579e-03 8.230664719117533265e-03 8.230664708987188785e-03 8.230664662353068609e-03 8.230664662330045359e-03 8.230664691052168996e-03 8.230664662336861087e-03 8.230664662336161994e-03 8.230664653587954974e-03 8.230664627751807516e-03 8.230664671094430410e-03 8.230664652337267920e-03 8.230664662853343777e-03 8.230664662327186534e-03 8.230664650024850301e-03 8.230666230525844271e-03 8.230636438671055585e-03 8.230664653271093853e-03 8.230664663351722893e-03 8.230664663349299484e-03 8.230664662520722694e-03 8.230664652622309008e-03 8.230664652649684679e-03 8.230664649160415042e-03 8.230664662352723399e-03 8.230664662466094517e-03 8.230664662398372647e-03 8.230664662675420129e-03 8.230665239573154573e-03 8.230664662768366613e-03 8.230664691325464272e-03 8.230665239587861559e-03 8.230664662630386708e-03 8.230664664053904261e-03 8.230664652454826660e-03 8.230664662513331037e-03 8.230664740599967152e-03 8.230664691080498765e-03 8.230664740442691918e-03 8.230664666375802144e-03 8.230664662360996295e-03 8.230664674822056256e-03 8.230664662398438566e-03 8.230664662816224164e-03 8.230664882536238916e-03 8.230664662877234389e-03 8.230664662474839258e-03 8.230664662210580157e-03 8.230664662351488275e-03 8.230664662330243117e-03 8.230665239637405262e-03 8.230664666537238980e-03 8.230664662785354760e-03 8.230664666214802458e-03 8.230664662327278475e-03 8.230664662328520537e-03 8.230664662624202418e-03 8.230664665097949320e-03 8.230664662695993949e-03 8.230664662353415553e-03 8.230664662797135267e-03 8.230664662336515877e-03 8.230664662329892703e-03 8.230664662327406844e-03 8.230664662326929795e-03 8.230664662520774735e-03 8.230665239659935850e-03 8.230664662770855941e-03 8.230664691219490015e-03 8.230664874962760613e-03 8.230664662558357519e-03 8.230664662485202496e-03 8.230664662327705217e-03 8.230664662326879488e-03 8.230664662327360007e-03 8.230664662607039064e-03 8.230664662520427791e-03
