0.000000000000000000e+00 1.035383008552745801e-02 1.034226881206890512e-02 1.039270840797830442e-02 1.113963744859886723e-02 1.063036945632277706e-02 1.060338544618950364e-02 1.087827929251036253e-02 1.090849361028278612e-02 1.173906307963845826e-02 1.198019270832269452e-02 1.195444787803335435e-02 1.220206262936084432e-02 1.234300895644282504e-02 1.214031761724284134e-02 1.065839096592608760e-02 1.207811532953647835e-02 1.183694584430800868e-02 1.199826128979329665e-02 1.185074388864731931e-02 1.234749202995636015e-02 1.191229188408878675e-02 1.220111651169902660e-02 1.209449350965551701e-02 1.201076542894998801e-02 1.184202942036727269e-02 1.182094861015933925e-02 1.154698516059469125e-02 1.180961773558442639e-02 1.202637999493855192e-02 1.128644341287068226e-02 1.084404004693432372e-02 1.082024134120947861e-02 1.179428821345968742e-02 1.176391394822644265e-02 1.152090089789611742e-02 1.167704872923347459e-02 1.100884121117091420e-02 1.160323303950144304e-02 1.168032230366917133e-02 1.179539702899785013e-02 1.141491623958864471e-02 1.179828315762792949e-02 1.099372895342265975e-02 1.160337860322742561e-02 1.199595740286787601e-02 1.190300452095223623e-02 1.185307185828049677e-02 1.100849549242657703e-02 1.102162229497560993e-02 1.215821317704695627e-02 1.120961182334647907e-02 1.221850363690995395e-02 1.171580555452278981e-02 1.169972431131950825e-02 1.171377100043866255e-02 1.205945536120671228e-02 1.184979647574040465e-02 1.241585076827939060e-02 1.233707016832300170e-02 1.226381438980030970e-02 1.230303306901822831e-02 1.228787830401208842e-02 1.246099253770500612e-02 1.227494499400018542e-02 1.207704246491957470e-02 1.239958976424447405e-02 1.233469653549177161e-02 1.241661591221092376e-02 1.209842393035738192e-02 1.221829451588229282e-02 1.240233146522764889e-02 1.229971087415022979e-02 1.230059075711470440e-02 1.236767230880132101e-02 1.358433665643754736e-02 1.194728413126734667e-02 1.226983940097602609e-02 1.189874524576942788e-02 1.219488668451042430e-02 1.247901851709356386e-02 1.243566883057459563e-02 1.203644385755687184e-02 1.215964450561293417e-02 1.208060130595437105e-02 1.231076340659068707e-02 1.191373725234569705e-02 1.201250220437610587e-02 1.173574334824826863e-02 1.229622213311236216e-02 1.253493895291880184e-02 1.216653806612252690e-02 1.232135711250398336e-02 1.224801101409910692e-02 1.225511423021068136e-02 1.186271890660232226e-02 1.223842056707762950e-02 1.216291836351402096e-02 1.162599642880078263e-02 1.187512584849285957e-02
1.035383008552745801e-02 0.000000000000000000e+00 1.022112269747812822e-02 1.033800093232228878e-02 1.043688491856815601e-02 1.058357289571163970e-02 1.117737738566809517e-02 1.077513633081734687e-02 1.084433618341470486e-02 1.174237500252192472e-02 1.198198711664719487e-02 1.193218663688361096e-02 1.221063821062169132e-02 1.236057577660187173e-02 1.225726666834814176e-02 1.069311120979314286e-02 1.210014121798693235e-02 1.187679623522892164e-02 1.201058068598744033e-02 1.197289280753202276e-02 1.239373323446404593e-02 1.193952849846271688e-02 1.224546988597094085e-02 1.206213492249532705e-02 1.153021101212821017e-02 1.181339497909549875e-02 1.188365206778929130e-02 1.197246954605565503e-02 1.194815362556652868e-02 1.213116045170000053e-02 1.079165017750025220e-02 1.074429759465113030e-02 1.085883606663454702e-02 1.179311520639003165e-02 1.178882863376683882e-02 1.156797309870116752e-02 1.215176062789454295e-02 1.090913122501004952e-02 1.162877278540273493e-02 1.173830639806260762e-02 1.180686518060226550e-02 1.091700077843097555e-02 1.178879378835060929e-02 1.153951447100078943e-02 1.163191813440919188e-02 1.208055530196272716e-02 1.195247771929940604e-02 1.194687996864390346e-02 1.100706209029226126e-02 1.156344240211776286e-02 1.225149794877457288e-02 1.181095307648411495e-02 1.231830352882733702e-02 1.175366882014346540e-02 1.171041634245984127e-02 1.173735747063942188e-02 1.217552284046308740e-02 1.191214881549521216e-02 1.250450033293981113e-02 1.240302001766404628e-02 1.233297544662718091e-02 1.235599676403411132e-02 1.235053529814803333e-02 1.252347840648964684e-02 1.232325156321530460e-02 1.216695144659865266e-02 1.246759386087451481e-02 1.238774679706218518e-02 1.247512702954874965e-02 1.217891231350600595e-02 1.232429897497475287e-02 1.247266666688542219e-02 1.237624843720214717e-02 1.235917274056398153e-02 1.243816509409156196e-02 1.367787292607345120e-02 1.203371964414187006e-02 1.235194516812632322e-02 1.190957545206104695e-02 1.224318011488935085e-02 1.253973902781936253e-02 1.249659771347928945e-02 1.210272181585607745e-02 1.222068292526779648e-02 1.215829626750397456e-02 1.238784812679130827e-02 1.198547726478705472e-02 1.205830297537916103e-02 1.178689810664585585e-02 1.235513060363200265e-02 1.264049216313878170e-02 1.222708856305552289e-02 1.238199330938527520e-02 1.231280606396263112e-02 1.232648092113992379e-02 1.190953317155055841e-02 1.229135283824169672e-02 1.223369690474180281e-02 1.121760028922855895e-02 1.195866326540190143e-02
1.034226881206890512e-02 1.022112269747812822e-02 0.000000000000000000e+00 1.032293739433073725e-02 1.053134901970767881e-02 1.064638100452720837e-02 1.056029718725494566e-02 1.077376766049064662e-02 1.082980178329604089e-02 1.170304038426080856e-02 1.197052629343176196e-02 1.192125643962810462e-02 1.219718269677502222e-02 1.232771109563100646e-02 1.223540726399238547e-02 1.064763188395566156e-02 1.207132569182436770e-02 1.140781003428559780e-02 1.197787959971853035e-02 1.195645361277560687e-02 1.236240841396534298e-02 1.195010374563632537e-02 1.221649508346678292e-02 1.207596223749242068e-02 1.150205097575594630e-02 1.183473040805338612e-02 1.188635944977438699e-02 1.198591239862087550e-02 1.194740515781621271e-02 1.211077747375041529e-02 1.085348263492882763e-02 1.071344427009071794e-02 1.081000666084027881e-02 1.178980958188310425e-02 1.179058430368262571e-02 1.158856182800649219e-02 1.216971501475653909e-02 1.139675786184174422e-02 1.160733203814102998e-02 1.171123787478935488e-02 1.176142009122651058e-02 1.095317045997118433e-02 1.181736529639744807e-02 1.155675799555814891e-02 1.162156594188338242e-02 1.208429835868873869e-02 1.192593180521663368e-02 1.188945487697323777e-02 1.104389385421760197e-02 1.159643485081298699e-02 1.230131798771024257e-02 1.185813738882111890e-02 1.233868070656795636e-02 1.178480184199762887e-02 1.176327618473575580e-02 1.180099579404572316e-02 1.218125959309296173e-02 1.196795945623809615e-02 1.250156785728390174e-02 1.240344423008245961e-02 1.232917844597319901e-02 1.235039496702780223e-02 1.234468045226546663e-02 1.251851666022810693e-02 1.231031197446654304e-02 1.216262011066147203e-02 1.248198801226059647e-02 1.238114968177797710e-02 1.247759570412607620e-02 1.218734496515678188e-02 1.231170327005613394e-02 1.247279785194525814e-02 1.237307996777711229e-02 1.236491825828905412e-02 1.243856580080648748e-02 1.371560667969407010e-02 1.203528860472062936e-02 1.235488190045439492e-02 1.195771827787906437e-02 1.229734480955457093e-02 1.254215218478190938e-02 1.252821261716553086e-02 1.211732431716021699e-02 1.222998189346560967e-02 1.216606909846396946e-02 1.239056290128125529e-02 1.200365024235219326e-02 1.208739251761763688e-02 1.182675802433949715e-02 1.236021284899710762e-02 1.266017426680845007e-02 1.224667608493239766e-02 1.239003933330949311e-02 1.232883304285669473e-02 1.233656696065385007e-02 1.195451343272948587e-02 1.232349009581358915e-02 1.223627908802068023e-02 1.171194940680483215e-02 1.200182698762397408e-02
1.039270840797830442e-02 1.033800093232228878e-02 1.032293739433073725e-02 0.000000000000000000e+00 1.045258572900657594e-02 1.068317965002822494e-02 1.058126137142429736e-02 1.087382809200222039e-02 1.096254198611480192e-02 1.171260300855602766e-02 1.186266441058080913e-02 1.189449817222943372e-02 1.217175148497116020e-02 1.238635146667736546e-02 1.226206216329973377e-02 1.070067836521651841e-02 1.199095540527937709e-02 1.196862442961136794e-02 1.190518835740726755e-02 1.195185959581626482e-02 1.242424065213033543e-02 1.196335303479431102e-02 1.225058306964078338e-02 1.206848080752162024e-02 1.161810362632424362e-02 1.184610910940749745e-02 1.185773709137783946e-02 1.208229461379576979e-02 1.185288416578061076e-02 1.210055464520079331e-02 1.137145787631048052e-02 1.089262243872782428e-02 1.144447741832665955e-02 1.182100957133687055e-02 1.180026652851881401e-02 1.162298854865188857e-02 1.226520628960012585e-02 1.100207140966022804e-02 1.156047911445302195e-02 1.164154373709586250e-02 1.186068736545177645e-02 1.154211669186600529e-02 1.188521489343091243e-02 1.156818131374374309e-02 1.126237468026340498e-02 1.214193473206586632e-02 1.188996657733714692e-02 1.185070298291092568e-02 1.162256666590463956e-02 1.168029239315422803e-02 1.219429767844857834e-02 1.168522736205194167e-02 1.229367423275900227e-02 1.108584508638776368e-02 1.161930575369445572e-02 1.176055350978028047e-02 1.209403262625630658e-02 1.193548678255988531e-02 1.245918996912490778e-02 1.229534977626732875e-02 1.222788032150617064e-02 1.225035322688698518e-02 1.226611334293974467e-02 1.248453021041652511e-02 1.225013038863220598e-02 1.212747233743331071e-02 1.242334806102060075e-02 1.227788640016318211e-02 1.241612921082832673e-02 1.218453574242819686e-02 1.232929272464561993e-02 1.242968119652564964e-02 1.234103977122296553e-02 1.223755197635078076e-02 1.234917683385217124e-02 1.371035090513640121e-02 1.195531252083964664e-02 1.237238003853137654e-02 1.195551299355798042e-02 1.224324560223927737e-02 1.246037062988941506e-02 1.246077630454100853e-02 1.202037727961352380e-02 1.213325633908195894e-02 1.208774125274878625e-02 1.234681040402390954e-02 1.206238226917493231e-02 1.210849778883818680e-02 1.182211365555632145e-02 1.223605804165866021e-02 1.255368556357691449e-02 1.209366615280736690e-02 1.226481216946516059e-02 1.223554169028124271e-02 1.226834986124226978e-02 1.196696232419374242e-02 1.233686046826279817e-02 1.220014714888257613e-02 1.175784724336614330e-02 1.194851080804500316e-02
1.113963744859886723e-02 1.043688491856815601e-02 1.053134901970767881e-02 1.045258572900657594e-02 0.000000000000000000e+00 1.042392884451596828e-02 1.148185949615270797e-02 1.094784605743416919e-02 1.077207011498526601e-02 1.190165827967016275e-02 1.200487017271323169e-02 1.201712331828322725e-02 1.226290231179421111e-02 1.246315214712976835e-02 1.225074275377221675e-02 1.148223663322333644e-02 1.210573924288052203e-02 1.202369006643238918e-02 1.201845588832654854e-02 1.189526131371576763e-02 1.245627359925388644e-02 1.212763203935376261e-02 1.233816486938719807e-02 1.219427517962828368e-02 1.172070924516741691e-02 1.197547816678303130e-02 1.189781098969158561e-02 1.203171778999968279e-02 1.188604994098838366e-02 1.212763980676391691e-02 1.082953884799243462e-02 1.106892474763921351e-02 1.172587028357370033e-02 1.191239507776819390e-02 1.194266575457890965e-02 1.140797306988582463e-02 1.204131050447929639e-02 1.127974406356871059e-02 1.181139119323480584e-02 1.191737182372751974e-02 1.208382884912904270e-02 1.161003139813611591e-02 1.196493500955730059e-02 1.154892826098499227e-02 1.175035603682314696e-02 1.213474380415981331e-02 1.201428347777541011e-02 1.196921326657533757e-02 1.083502196921661345e-02 1.158535153299520074e-02 1.187360205590567465e-02 1.147472329761424492e-02 1.209576346339926237e-02 1.081949198203959947e-02 1.074242920049037903e-02 1.088340345864358648e-02 1.183342501711367491e-02 1.108739376377849105e-02 1.231176399769729791e-02 1.231149544887165728e-02 1.225997344902118695e-02 1.229525085323029780e-02 1.228859488909875113e-02 1.249224476508749640e-02 1.229206248479089957e-02 1.212237178727241724e-02 1.228816994058549994e-02 1.232189298719076065e-02 1.237136065115149522e-02 1.202242758005185597e-02 1.224332067398820230e-02 1.242552111753897175e-02 1.233203379174699181e-02 1.223162108397992005e-02 1.233143821867439816e-02 1.344620739247032702e-02 1.194835875277712456e-02 1.233560958750607416e-02 1.177156932814847276e-02 1.188814243158276690e-02 1.243362447301087081e-02 1.234650996018430390e-02 1.194593242274240297e-02 1.212499665488869262e-02 1.205609866105536616e-02 1.231813526833217161e-02 1.185703683539310847e-02 1.200017105895011954e-02 1.158595300114250749e-02 1.223522927231391645e-02 1.240374055604138472e-02 1.189734059640678437e-02 1.222226982032223984e-02 1.212305708880614605e-02 1.223597779698616834e-02 1.181386621919705560e-02 1.223342957604810211e-02 1.219889296024440767e-02 1.091255882809072549e-02 1.173317446711508866e-02
1.063036945632277706e-02 1.058357289571163970e-02 1.064638100452720837e-02 1.068317965002822494e-02 1.042392884451596828e-02 0.000000000000000000e+00 1.165780158678911618e-02 1.137614025241400449e-02 1.068951246678668740e-02 1.212203286307932809e-02 1.226806726174029666e-02 1.221036602558291280e-02 1.244211531099135085e-02 1.258381153495627576e-02 1.228738313789684046e-02 1.106274702735947878e-02 1.234429152733881700e-02 1.200976808594284018e-02 1.226641846993759000e-02 1.194019575623173762e-02 1.255783182350363181e-02 1.225048937083867730e-02 1.238249947836425786e-02 1.238773630144459834e-02 1.213344706127574869e-02 1.207314807070950305e-02 1.195395731886652463e-02 1.155543963026513590e-02 1.199283800214474491e-02 1.222543495090120010e-02 1.085691433026408047e-02 1.105742852055957744e-02 1.178863544213253588e-02 1.206636946580106826e-02 1.204211154832063486e-02 1.100294968917625571e-02 1.192579540327120061e-02 1.183502322609434818e-02 1.205014344583054536e-02 1.214515940768809768e-02 1.219975696434998959e-02 1.121670035222037745e-02 1.201398425400634906e-02 1.111630078209060839e-02 1.173074062400776899e-02 1.207872497572814487e-02 1.212067810587590111e-02 1.209108016968199299e-02 1.069332700736214115e-02 1.151743469720179457e-02 1.187498173853359165e-02 1.101479914025508926e-02 1.210682502611328676e-02 1.094997598902788978e-02 1.087445035633266034e-02 1.084749509854246105e-02 1.187439811719346455e-02 1.097321689814863624e-02 1.236986541635837038e-02 1.248150370252577857e-02 1.243042732911730369e-02 1.248585655941926616e-02 1.245125525478592288e-02 1.259911859954594184e-02 1.246803050459112036e-02 1.223374385811359412e-02 1.237380326713037604e-02 1.251721896247968632e-02 1.250133761982101521e-02 1.205237274873960374e-02 1.226667830284079025e-02 1.250231912968593866e-02 1.240677455513230013e-02 1.241224303313061966e-02 1.248429216368062387e-02 1.332422657464168818e-02 1.210663969330765324e-02 1.234726755605601925e-02 1.175908319164205296e-02 1.185717781116022405e-02 1.257302032044279802e-02 1.243246719208194150e-02 1.200780423963052589e-02 1.224585371361482100e-02 1.212948396579513997e-02 1.237880385629077859e-02 1.183375517619109432e-02 1.199851141890069528e-02 1.164830060819615001e-02 1.241900083629048773e-02 1.241278328608621043e-02 1.202633150044271973e-02 1.238908807395786189e-02 1.218922827594189247e-02 1.229234592242205160e-02 1.178907957318137655e-02 1.217975900748770324e-02 1.226681402412792971e-02 1.084467969215452583e-02 1.178829208327845587e-02
1.060338544618950364e-02 1.117737738566809517e-02 1.056029718725494566e-02 1.058126137142429736e-02 1.148185949615270797e-02 1.165780158678911618e-02 0.000000000000000000e+00 1.091422860047016816e-02 1.122815296825119095e-02 1.073885222276938986e-02 1.172120486835048075e-02 1.166638345271532075e-02 1.197990843342401635e-02 1.210957946116228770e-02 1.216284588947058598e-02 1.054179276350700363e-02 1.193198217485909492e-02 1.127922785163785677e-02 1.181719705008866216e-02 1.196013768206081844e-02 1.218305718798812221e-02 1.154699330907178745e-02 1.201976275515188181e-02 1.166573926636601567e-02 1.143726285983749993e-02 1.155952980950603233e-02 1.183473038847998073e-02 1.212415478496345518e-02 1.195373226795439121e-02 1.201201272954378896e-02 1.159769867191784605e-02 1.085097412135348736e-02 1.052613239845639342e-02 1.158305354364024854e-02 1.147046075805208641e-02 1.176890488604318517e-02 1.228253834639658586e-02 1.063967350277834033e-02 1.062303808393087572e-02 1.067913140724641684e-02 1.083606772422806945e-02 1.136107939818715475e-02 1.156139616473553580e-02 1.173750697681106431e-02 1.163720041052413064e-02 1.207996157498070211e-02 1.174970630605878287e-02 1.131500877270050567e-02 1.191574228583088327e-02 1.174646922992494263e-02 1.243141280310173201e-02 1.203732074648650001e-02 1.245449747368247533e-02 1.202783336254391669e-02 1.204162828591315813e-02 1.210726069415978511e-02 1.231809597670039357e-02 1.226065961071497006e-02 1.255068165284309832e-02 1.238426115472597219e-02 1.229343145061953871e-02 1.229082458447168513e-02 1.229279679535153630e-02 1.242997190085309844e-02 1.217852077522765634e-02 1.211314929887203663e-02 1.255908680671670614e-02 1.232918900341898119e-02 1.243697883730949562e-02 1.225986623581439700e-02 1.224773683287231490e-02 1.239929419319223125e-02 1.230372319587934998e-02 1.237994290871300210e-02 1.242375832363862981e-02 1.381241571693582817e-02 1.202346016713640338e-02 1.227959820403051565e-02 1.207781293570987270e-02 1.247499309052708602e-02 1.252960841197106948e-02 1.256371500918295261e-02 1.218219441851720909e-02 1.221816448967255435e-02 1.214266353854804789e-02 1.234429630522129381e-02 1.206425376213899302e-02 1.208960436513025968e-02 1.196280293576161384e-02 1.236993272935450229e-02 1.273482189256126308e-02 1.233952912098668087e-02 1.242050806390673605e-02 1.241054995880097600e-02 1.231462059318560835e-02 1.205768810471811135e-02 1.232186044193077368e-02 1.215656551286452801e-02 1.205760051677115183e-02 1.209379689043395961e-02
1.087827929251036253e-02 1.077513633081734687e-02 1.077376766049064662e-02 1.087382809200222039e-02 1.094784605743416919e-02 1.137614025241400449e-02 1.091422860047016816e-02 0.000000000000000000e+00 1.067942535082015525e-02 1.143774117653739535e-02 1.244086287835385191e-02 1.226195081171597978e-02 1.243141768989219909e-02 1.239936475336817119e-02 1.236858050086826061e-02 1.083402855729574676e-02 1.252042488967448040e-02 1.110010060172233505e-02 1.238296465913888908e-02 1.218306971513039710e-02 1.239171217057626583e-02 1.205921588049688360e-02 1.227140597224567198e-02 1.220202050261077510e-02 1.112937864426115364e-02 1.197912183137583852e-02 1.217692698468816372e-02 1.195143377033643095e-02 1.234593582561202725e-02 1.240940291672634060e-02 1.150662746888934246e-02 1.056635955562180117e-02 1.093676626192722698e-02 1.138158544480521311e-02 1.185115663325976218e-02 1.132681048664309527e-02 1.201210429924658846e-02 1.086406528674360543e-02 1.196957757570381829e-02 1.204569093084210084e-02 1.123526024957282633e-02 1.095254046728733922e-02 1.174364895588139550e-02 1.199885091583658032e-02 1.130946639624010909e-02 1.206596887310227954e-02 1.216826489127808067e-02 1.220310288286988870e-02 1.103494441784236800e-02 1.185596083656472767e-02 1.241104098966379528e-02 1.222766564727246520e-02 1.251326158571327771e-02 1.164090284120444969e-02 1.211757630557799489e-02 1.141500398727737439e-02 1.241470399092997612e-02 1.191942348905463897e-02 1.270716772342620447e-02 1.286586883662282216e-02 1.279771774927183567e-02 1.281285529947009602e-02 1.275952000943027242e-02 1.276584454898363821e-02 1.265659253821935400e-02 1.245479907151341749e-02 1.273984305589297150e-02 1.285223072481924203e-02 1.279819482048569906e-02 1.230088542058837067e-02 1.234489688460760175e-02 1.270717872105369545e-02 1.260111009791738991e-02 1.283584818152522407e-02 1.283129163404272965e-02 1.347167684413499468e-02 1.242874010361841482e-02 1.235793739342041370e-02 1.202881726184287098e-02 1.186968396942532020e-02 1.286566045297637961e-02 1.275980519404837886e-02 1.239566082501880433e-02 1.254358504012269802e-02 1.240762660179076278e-02 1.260841724267697771e-02 1.189055130616202723e-02 1.208670008145579754e-02 1.156479761511353815e-02 1.283520205637850471e-02 1.279651358746421164e-02 1.256224930904637112e-02 1.280684065438011422e-02 1.259833576477741371e-02 1.254677172039785418e-02 1.204181232852820707e-02 1.225684251424206082e-02 1.246336285620434220e-02 1.128956638020771341e-02 1.218437448399682654e-02
1.090849361028278612e-02 1.084433618341470486e-02 1.082980178329604089e-02 1.096254198611480192e-02 1.077207011498526601e-02 1.068951246678668740e-02 1.122815296825119095e-02 1.067942535082015525e-02 0.000000000000000000e+00 1.208160716128773085e-02 1.244773362262673738e-02 1.231380200122908324e-02 1.245198373659974975e-02 1.246398873528327400e-02 1.217475929500873646e-02 1.153289552950751383e-02 1.246305983756961465e-02 1.124163044825580125e-02 1.235033315209180596e-02 1.147987773185611335e-02 1.234873526198621008e-02 1.226809888407239327e-02 1.229082032037669484e-02 1.238031671171912866e-02 1.144566336942174842e-02 1.214534994446777628e-02 1.206772374846689852e-02 1.177358431078294812e-02 1.210301974129259807e-02 1.226653420940139114e-02 1.144633524261437843e-02 1.094108421457669691e-02 1.171696516018122525e-02 1.149890379400431151e-02 1.205753099756128044e-02 1.094131943233188700e-02 1.135556234863678050e-02 1.174758235316544254e-02 1.218659564014277358e-02 1.227959845776636048e-02 1.201947001593777452e-02 1.121749094999932410e-02 1.198258889495105138e-02 1.181198585830257018e-02 1.171032108878584423e-02 1.201400542387076782e-02 1.219368973273331908e-02 1.213133097067986034e-02 1.056096675776986571e-02 1.162881385785050591e-02 1.205384676656991345e-02 1.190785351014227861e-02 1.181123050358594620e-02 1.181593992631636315e-02 1.132074866902015378e-02 1.098985069907864633e-02 1.206846292528435290e-02 1.110547356154434166e-02 1.235559141774203104e-02 1.267265882990209307e-02 1.261378601755211784e-02 1.264900558236495970e-02 1.253361586345815709e-02 1.261663758211112839e-02 1.253057974486854013e-02 1.222545216707113074e-02 1.245405665765393632e-02 1.268371811176836027e-02 1.256502732864548874e-02 1.151901379850310374e-02 1.205166844151339157e-02 1.256007829690473226e-02 1.239294287909134019e-02 1.260479503821601913e-02 1.262468771043438569e-02 1.321167531521092245e-02 1.214105891320299731e-02 1.219214567495007298e-02 1.182309630811470905e-02 1.192357801987833747e-02 1.266669138024118652e-02 1.247384714975701726e-02 1.222946207694250963e-02 1.238277521949867135e-02 1.226637674567938180e-02 1.239357704985519747e-02 1.126923233871852080e-02 1.191594676716022788e-02 1.118447974653831618e-02 1.257679514160711491e-02 1.253849055730027300e-02 1.227710118046013328e-02 1.260127518929546157e-02 1.241026983679619465e-02 1.239465244668425288e-02 1.186538181472245740e-02 1.211858303436566010e-02 1.229087297627175397e-02 1.086274151977827639e-02 1.184428967797692724e-02
1.173906307963845826e-02 1.174237500252192472e-02 1.170304038426080856e-02 1.171260300855602766e-02 1.190165827967016275e-02 1.212203286307932809e-02 1.073885222276938986e-02 1.143774117653739535e-02 1.208160716128773085e-02 0.000000000000000000e+00 1.075363287614377293e-02 1.063868484132017567e-02 1.146947039585589564e-02 1.162138812322463001e-02 1.185137567671210208e-02 1.148950504265430078e-02 1.156945524027623400e-02 1.137470425865656082e-02 1.150822251578104832e-02 1.186854797997626346e-02 1.127072272191519814e-02 1.130352280806735943e-02 1.169933200619770880e-02 1.053317592697954400e-02 1.129495541263243058e-02 1.070540048428033492e-02 1.164938752845507720e-02 1.204506967530186851e-02 1.182598743423452468e-02 1.177679053885781132e-02 1.170740302276413770e-02 1.174916214019693095e-02 1.128042848791378956e-02 1.138227021169324615e-02 1.096096275151293639e-02 1.183167455666607817e-02 1.225626048809945294e-02 1.084082192487566612e-02 1.053026302297411718e-02 1.048454104449438040e-02 1.072025067192298314e-02 1.092792238465750514e-02 1.095684047367082199e-02 1.174536134466817525e-02 1.166224293937218742e-02 1.199045068367006472e-02 1.162709514020510669e-02 1.159017885088681026e-02 1.223173693010547007e-02 1.178794660901689301e-02 1.242498438991321806e-02 1.217632023280708353e-02 1.245155627253486004e-02 1.219943352467017621e-02 1.219811099728177958e-02 1.223222768830781876e-02 1.234237731352576251e-02 1.240616741296254356e-02 1.245812343495747952e-02 1.220912633448331848e-02 1.213626913636637293e-02 1.205972890633282696e-02 1.206730739093873732e-02 1.205372125751542033e-02 1.130336566293452076e-02 1.181769441472173797e-02 1.250176586127201006e-02 1.208189772408371603e-02 1.214040740591059570e-02 1.216272828093422666e-02 1.198322567593482040e-02 1.221287867867887171e-02 1.210799933196544075e-02 1.232625449775985246e-02 1.221068898302795150e-02 1.365344017566298349e-02 1.186467902712024652e-02 1.195181368604997067e-02 1.196697156112154665e-02 1.252006629758079144e-02 1.239051635796419373e-02 1.246815457032971440e-02 1.209490206359357597e-02 1.210446044968494991e-02 1.202920282482660384e-02 1.218798327611036320e-02 1.157458460006239274e-02 1.186611068703920420e-02 1.197145285268198800e-02 1.230127297639257641e-02 1.269038381620837472e-02 1.233266928355063879e-02 1.237433444033296352e-02 1.234522287675769020e-02 1.219826697024499473e-02 1.192303154864081220e-02 1.214936274015089579e-02 1.195938309882048009e-02 1.220004691622473408e-02 1.204196934131985391e-02
1.198019270832269452e-02 1.198198711664719487e-02 1.197052629343176196e-02 1.186266441058080913e-02 1.200487017271323169e-02 1.226806726174029666e-02 1.172120486835048075e-02 1.244086287835385191e-02 1.244773362262673738e-02 1.075363287614377293e-02 0.000000000000000000e+00 1.047687793984405751e-02 1.078530649545318167e-02 1.118199287730414597e-02 1.186002348116731511e-02 1.195807994205255916e-02 1.110454114240175087e-02 1.223410165735335300e-02 1.115259685091801040e-02 1.178937886524480255e-02 1.128683099518839987e-02 1.155685394684996710e-02 1.132075344986078168e-02 1.074502023718107609e-02 1.188119050408923370e-02 1.093449112193024472e-02 1.159839911658653959e-02 1.226509389890225767e-02 1.152259534078923890e-02 1.162493654020546434e-02 1.193859479851051321e-02 1.236654898209763563e-02 1.187898697898935596e-02 1.163481275555845393e-02 1.169918866981066279e-02 1.188460019943062690e-02 1.242938987068673354e-02 1.202359846142831042e-02 1.126681635851313479e-02 1.059410108217341724e-02 1.179412598102642235e-02 1.193563296094670226e-02 1.186417392208849453e-02 1.170751138536094832e-02 1.196746604335959321e-02 1.216950722457538735e-02 1.157195498762745960e-02 1.160087245862062404e-02 1.245556574573396767e-02 1.183436829585582210e-02 1.231290118985788398e-02 1.187885747318761197e-02 1.232242719676388508e-02 1.205127339071265791e-02 1.194309992671569592e-02 1.227530972470950235e-02 1.218203359323511738e-02 1.243510592984392073e-02 1.234680727298963741e-02 1.185631651283881351e-02 1.173316514003670472e-02 1.163526152070864031e-02 1.173953425451865901e-02 1.186607032949457512e-02 1.155307324584027746e-02 1.161154797551425949e-02 1.231577475324255148e-02 1.169799971120833067e-02 1.195451843330007716e-02 1.211321829639331119e-02 1.203601633223749801e-02 1.204260587064974117e-02 1.190779928602538063e-02 1.192168497562517450e-02 1.191697215709256429e-02 1.377164880172032820e-02 1.158053342390500187e-02 1.198392434904972659e-02 1.204124948258391420e-02 1.255601469377917896e-02 1.214647521546305745e-02 1.228257001801827050e-02 1.197492600332624758e-02 1.194072469931861148e-02 1.194064507960487624e-02 1.207257481870972760e-02 1.207361782425211624e-02 1.193890283786808865e-02 1.194372115272324120e-02 1.188604768785888471e-02 1.255646855235469789e-02 1.205691051076112144e-02 1.200921001497502402e-02 1.217449963455836254e-02 1.213889461737915898e-02 1.200291044102729833e-02 1.228407765364592646e-02 1.187671368073862053e-02 1.232297969410996348e-02 1.191043506442906325e-02
1.195444787803335435e-02 1.193218663688361096e-02 1.192125643962810462e-02 1.189449817222943372e-02 1.201712331828322725e-02 1.221036602558291280e-02 1.166638345271532075e-02 1.226195081171597978e-02 1.231380200122908324e-02 1.063868484132017567e-02 1.047687793984405751e-02 0.000000000000000000e+00 1.061368266555490908e-02 1.090451271373027442e-02 1.167229421017339924e-02 1.180142336945592778e-02 1.063265626116160524e-02 1.197848049972966011e-02 1.124215600687026272e-02 1.181072585441593145e-02 1.150514757567576950e-02 1.081614311908970713e-02 1.112238020613703915e-02 1.055731969954134923e-02 1.160523781624611846e-02 1.072584363727749172e-02 1.154813597302261664e-02 1.204398003068878065e-02 1.169844087130596580e-02 1.153232219772416800e-02 1.180702017194449477e-02 1.172515782475775335e-02 1.169842404225675432e-02 1.142500702726586062e-02 1.154482381028274114e-02 1.189109616475094236e-02 1.227423316014219362e-02 1.179911734816141596e-02 1.129438443901112019e-02 1.067827715638546351e-02 1.153249329485285177e-02 1.127561639561582701e-02 1.162795318155079166e-02 1.168467183321210412e-02 1.179338778134864617e-02 1.194510555816561022e-02 1.146928873680177693e-02 1.151478301274002497e-02 1.236101044105183261e-02 1.180334857093093444e-02 1.235890714435630526e-02 1.207351796994500862e-02 1.233236243752109870e-02 1.215768992058560878e-02 1.211863652113116981e-02 1.227122459160847820e-02 1.225306723188180485e-02 1.240822457601159501e-02 1.230996201917686043e-02 1.189432428157176889e-02 1.178215112971889647e-02 1.165730746569674028e-02 1.173304546901431794e-02 1.174388417211327112e-02 1.093427150386977464e-02 1.155571154728905064e-02 1.235201444562832387e-02 1.171947704671839202e-02 1.187773226726051949e-02 1.203160109908238060e-02 1.189516602237325298e-02 1.190496283794678645e-02 1.180810623171154976e-02 1.208214878573534573e-02 1.143718327149478679e-02 1.350464877907072737e-02 1.169518818931615523e-02 1.135624480210399925e-02 1.196477279945937049e-02 1.251390782977233017e-02 1.213242961919790835e-02 1.229261383647370538e-02 1.194663824452225041e-02 1.198454106903302369e-02 1.194235236929905818e-02 1.200786527946473038e-02 1.200032527212753150e-02 1.142258851769488784e-02 1.194931726873910659e-02 1.203886649005500402e-02 1.256987925416289467e-02 1.215098963270743251e-02 1.214055739304978516e-02 1.216020048063217590e-02 1.210988565957299250e-02 1.191291520130732112e-02 1.209477648743336950e-02 1.176193780598649465e-02 1.228163981234834008e-02 1.194638686849726003e-02
1.220206262936084432e-02 1.221063821062169132e-02 1.219718269677502222e-02 1.217175148497116020e-02 1.226290231179421111e-02 1.244211531099135085e-02 1.197990843342401635e-02 1.243141768989219909e-02 1.245198373659974975e-02 1.146947039585589564e-02 1.078530649545318167e-02 1.061368266555490908e-02 0.000000000000000000e+00 1.050688786204239528e-02 1.151282855906351522e-02 1.198445046422344160e-02 1.067730882585415236e-02 1.188436593363578070e-02 1.068337153376020497e-02 1.179533601293718953e-02 1.086287561723508523e-02 1.079847672452141812e-02 1.089000807148315757e-02 1.060088335148882954e-02 1.164911339304970303e-02 1.092036206346226265e-02 1.160177479060613484e-02 1.202659553212944571e-02 1.173898327969243732e-02 1.135154737417036486e-02 1.202507910859713404e-02 1.234300570587642219e-02 1.186219362975039250e-02 1.077610592902759901e-02 1.164117625257784019e-02 1.196387570942065472e-02 1.224031020742645005e-02 1.204485973191710829e-02 1.167873710154590863e-02 1.156877136100312696e-02 1.114974266585589888e-02 1.195161901773256902e-02 1.174251256435617126e-02 1.186744934099510235e-02 1.186229506073948475e-02 1.188995567806703027e-02 1.087743941894243893e-02 1.148408087038898379e-02 1.250075634172866275e-02 1.193101077239748335e-02 1.245179859196347133e-02 1.226593646243944770e-02 1.236898772493741534e-02 1.234234983634069187e-02 1.232249512454103822e-02 1.240367241981835643e-02 1.236728029789123384e-02 1.250460439989545605e-02 1.237185825888909713e-02 1.193380858220819893e-02 1.174035104584906196e-02 1.111777087349778009e-02 1.160269794147129017e-02 1.104512426055707583e-02 1.133690267139637366e-02 1.100179869665281196e-02 1.241072827832060896e-02 1.170649006587546476e-02 1.178543651727626852e-02 1.199708296083486919e-02 1.176871669891211593e-02 1.130882768587490768e-02 1.114393977584378359e-02 1.224710089190726714e-02 1.197324771762505076e-02 1.337860155212457387e-02 1.171399222839874556e-02 1.120061243345040966e-02 1.209016804980496580e-02 1.261734086482116032e-02 1.209921134076657502e-02 1.225200314927682964e-02 1.202881712343834009e-02 1.198217322125510152e-02 1.190690484353288184e-02 1.183566541441559081e-02 1.202807509408874813e-02 1.173531158003475114e-02 1.202541325536606899e-02 1.218479278785498769e-02 1.262250518511734941e-02 1.233177596792503147e-02 1.230936078076066455e-02 1.225601647794227755e-02 1.209394377749780508e-02 1.199959034262560766e-02 1.203305923243016586e-02 1.163161701046275080e-02 1.240083858498420254e-02 1.205326995177576944e-02
1.234300895644282504e-02 1.236057577660187173e-02 1.232771109563100646e-02 1.238635146667736546e-02 1.246315214712976835e-02 1.258381153495627576e-02 1.210957946116228770e-02 1.239936475336817119e-02 1.246398873528327400e-02 1.162138812322463001e-02 1.118199287730414597e-02 1.090451271373027442e-02 1.050688786204239528e-02 0.000000000000000000e+00 1.101890123214460671e-02 1.204657615404380183e-02 1.095967362606423828e-02 1.134690662822417095e-02 1.093667005340502943e-02 1.187748335706448506e-02 1.068271529956905594e-02 1.092175378956947336e-02 1.078868898002086768e-02 1.083354626240743378e-02 1.157108316866751335e-02 1.143935701526055566e-02 1.141154784390502851e-02 1.196634793748905211e-02 1.195662885889884307e-02 1.102955037421558641e-02 1.215655703029872546e-02 1.231007501385398412e-02 1.145866881495731862e-02 1.083312235965656553e-02 1.166427740775762174e-02 1.207937719772517356e-02 1.215442274829241741e-02 1.208804091537605402e-02 1.193760210313440408e-02 1.180302124147202501e-02 1.114987901032475290e-02 1.196633295411248486e-02 1.175826768688326314e-02 1.206349331241040115e-02 1.189621669380391301e-02 1.184373789067749531e-02 1.107990156972427087e-02 1.163196322913905359e-02 1.252899102473960420e-02 1.199713097428428688e-02 1.261779159163255518e-02 1.253305233320800571e-02 1.248050816283367490e-02 1.258072290181496550e-02 1.258388416293504918e-02 1.253467005932630725e-02 1.255035108219392306e-02 1.259063112937166586e-02 1.248304462470169185e-02 1.214996026838541937e-02 1.193560055046549197e-02 1.132660456127317257e-02 1.125160605059575929e-02 1.101890791351888867e-02 1.095690251058538227e-02 1.107053821799812952e-02 1.258114816507668703e-02 1.188385494822144679e-02 1.187537129931969491e-02 1.200893354357684267e-02 1.168971843787039964e-02 1.175253339305599130e-02 1.118174630437802387e-02 1.252125809165383075e-02 1.216147058844619863e-02 1.325566349163751108e-02 1.190283535376930948e-02 1.114895913232607540e-02 1.221156757501561455e-02 1.271540443338013519e-02 1.230045643344069781e-02 1.241272831428101922e-02 1.222845577261889340e-02 1.218810418769931611e-02 1.205056307307597781e-02 1.186498187511139495e-02 1.202045030607912061e-02 1.172740379697429815e-02 1.217668762765855561e-02 1.241771535522151471e-02 1.276077883507064671e-02 1.257449771112362745e-02 1.257208782286793614e-02 1.245952508998967971e-02 1.222877033767716913e-02 1.208694684744907218e-02 1.201292507624032897e-02 1.168640961130549411e-02 1.247540965421501530e-02 1.222219347370015648e-02
1.214031761724284134e-02 1.225726666834814176e-02 1.223540726399238547e-02 1.226206216329973377e-02 1.225074275377221675e-02 1.228738313789684046e-02 1.216284588947058598e-02 1.236858050086826061e-02 1.217475929500873646e-02 1.185137567671210208e-02 1.186002348116731511e-02 1.167229421017339924e-02 1.151282855906351522e-02 1.101890123214460671e-02 0.000000000000000000e+00 1.212001405818961645e-02 1.175457945713316230e-02 1.138699294731838375e-02 1.121670527394103521e-02 1.084512757056555442e-02 1.079254187097395019e-02 1.172193045523772272e-02 1.095953554731265815e-02 1.180769003083832237e-02 1.182959318445359932e-02 1.126733736570444816e-02 1.147472666035774871e-02 1.114728102441907981e-02 1.095123005621762707e-02 1.070942821614274953e-02 1.179437737996630840e-02 1.233001257556355645e-02 1.206137944350037933e-02 1.162079398500693445e-02 1.170388756169328179e-02 1.160423329452181691e-02 1.113843421082371526e-02 1.232052618310876951e-02 1.209757146966650675e-02 1.207133726604798715e-02 1.198824821835191810e-02 1.199010861182437521e-02 1.180931781048870713e-02 1.122716459385830930e-02 1.161129994329087797e-02 1.116574195980598455e-02 1.155522719700106601e-02 1.108354341171130693e-02 1.207673358202043627e-02 1.107764924446964956e-02 1.214981139185697216e-02 1.221445246110126372e-02 1.209473494999002523e-02 1.226210682791488947e-02 1.226721833914302950e-02 1.206320243662885663e-02 1.216106067504951066e-02 1.208973897604058087e-02 1.194187477709123327e-02 1.189589844779129733e-02 1.169467168807931251e-02 1.166368448926457038e-02 1.111992603947327581e-02 1.094279860660973824e-02 1.102493053254168832e-02 1.064116385346188659e-02 1.221009149654127095e-02 1.174790209648519240e-02 1.167307361986123608e-02 1.154431728120399250e-02 1.082294664990978567e-02 1.158265972299519185e-02 1.096151712897860259e-02 1.219138477774803393e-02 1.149554952530892210e-02 1.279247282577835633e-02 1.092379134536786318e-02 1.080392805904383316e-02 1.172315114798447126e-02 1.225369067441579862e-02 1.201124023360492649e-02 1.204146288161405190e-02 1.182040208028592096e-02 1.193678892430438503e-02 1.169678013583067520e-02 1.158612711025152307e-02 1.101199897981607750e-02 1.089435163716838406e-02 1.154837257473700224e-02 1.210391559151802361e-02 1.231334004610301451e-02 1.218409416800798201e-02 1.222065418981588270e-02 1.202157868219604943e-02 1.188390221260248424e-02 1.152640817180552828e-02 1.155522713538126821e-02 1.142320521670759509e-02 1.198081237281646214e-02 1.124521038992137324e-02
1.065839096592608760e-02 1.069311120979314286e-02 1.064763188395566156e-02 1.070067836521651841e-02 1.148223663322333644e-02 1.106274702735947878e-02 1.054179276350700363e-02 1.083402855729574676e-02 1.153289552950751383e-02 1.148950504265430078e-02 1.195807994205255916e-02 1.180142336945592778e-02 1.198445046422344160e-02 1.204657615404380183e-02 1.212001405818961645e-02 0.000000000000000000e+00 1.210627474444391470e-02 1.118890533719750328e-02 1.202807173806627432e-02 1.201528628744624565e-02 1.220615398087893620e-02 1.103643577633334032e-02 1.146956210558213243e-02 1.184281329877815390e-02 1.167076749190538477e-02 1.114445233055739656e-02 1.177342986253806373e-02 1.191793369555488834e-02 1.207687555210336036e-02 1.197798814262849773e-02 1.143077310546734664e-02 1.069971723528393565e-02 1.050501777555666594e-02 1.156275634740439040e-02 1.095976952316305049e-02 1.177691246256546906e-02 1.215842933272722956e-02 1.060660609053977466e-02 1.147840764667844293e-02 1.098985955813137384e-02 1.084920473687060391e-02 1.127296337946686634e-02 1.149442905937192623e-02 1.173752211620494000e-02 1.107471367391366784e-02 1.150908209019888342e-02 1.124545377336680536e-02 1.167791161976949703e-02 1.172954647063895184e-02 1.170843196915203298e-02 1.241256566009075156e-02 1.209705932163587620e-02 1.246959037965328886e-02 1.204396685551037925e-02 1.211015198018398735e-02 1.203824277553304338e-02 1.233947215441574125e-02 1.173981573876325957e-02 1.255034571397666693e-02 1.252306464045277977e-02 1.240405654512858821e-02 1.242534135934604024e-02 1.237636906325590910e-02 1.243368231057444089e-02 1.233473651553031528e-02 1.215857184301271689e-02 1.259450734855965814e-02 1.248299012403157604e-02 1.248708704804862846e-02 1.225200896555897652e-02 1.221220806221185590e-02 1.232174420527316905e-02 1.224709894240496103e-02 1.252769855456446063e-02 1.253159155626431924e-02 1.361771924699232104e-02 1.214928714664115054e-02 1.214649859785466024e-02 1.201987324947573904e-02 1.239130944861973997e-02 1.261559889575062168e-02 1.259264495518578990e-02 1.217010738917744493e-02 1.221189276264179890e-02 1.209565204222230218e-02 1.226438046945466966e-02 1.206927291989878977e-02 1.194716490077864582e-02 1.199858449616476863e-02 1.252290019805691289e-02 1.272798674697955650e-02 1.241032937953621962e-02 1.255274801501451640e-02 1.243167148101702833e-02 1.224803003679393598e-02 1.196717846625257320e-02 1.211376427974271766e-02 1.203169686801297024e-02 1.192154544321837040e-02 1.212321315733175774e-02
