0.000000000000000000e+00 8.230692279539290543e-03 8.230692279538433589e-03 8.230682537670125018e-03 8.230694324519519101e-03 8.230693776390161226e-03 8.230692280797457724e-03 8.230693804131704663e-03 8.230693804281151091e-03 8.230694411950309139e-03 8.230682297086608368e-03 8.230694412124317516e-03 8.230694423462353929e-03 8.230694424002224160e-03 8.230694355388958050e-03 8.230693794195083693e-03 8.230689921753613775e-03 8.230694363568149749e-03 8.230692733087652604e-03 8.230694354207875041e-03 8.230694424022440628e-03 8.230694363691419199e-03 8.230694414715876428e-03 8.230694423784828614e-03 8.230694415800281563e-03 8.230694415812674428e-03 8.230694354254344813e-03 8.230693804345415657e-03 8.230694324384070157e-03 8.230694354271962665e-03 8.230694354270930505e-03 8.230693805357390883e-03 8.230693777670083575e-03 8.230694363368217664e-03 8.230694354427780732e-03 8.230694353734390942e-03 8.230693804342260195e-03 8.230693801797412182e-03 8.230692722501181668e-03 8.230693818672892362e-03 8.230694356617971469e-03 8.230694355384027966e-03 8.230694355388180894e-03 8.230693794068431532e-03 8.230694354260508286e-03 8.230694354281980693e-03 8.230694354207496871e-03 8.230694354253838274e-03 8.230693804421894411e-03 8.230693800562757442e-03 8.230694354205515817e-03 8.230663178581917525e-03 8.230694354401825799e-03 8.230694324368596423e-03 8.230693753643008106e-03 8.230694354252349881e-03 8.230694352811899692e-03 8.230694354269950386e-03 8.230694354427957674e-03 8.230694273216009049e-03 8.230694324414587412e-03 8.230694273046379114e-03 8.230694350410185448e-03 8.230694354298106682e-03 8.230694359559524720e-03 8.230694354207890653e-03 8.230694354400592411e-03 8.230694141971098277e-03 8.230694353760271281e-03 8.230694354421429909e-03 8.230694354454377512e-03 8.230694354307259084e-03 8.230694354284241038e-03 8.230693754147659982e-03 8.230694350585005675e-03 8.230694354475874205e-03 8.230694350235828391e-03 8.230694354282044878e-03 8.230694354280620670e-03 8.230694354298528220e-03 8.230694354245636501e-03 8.230694354530228296e-03 8.230694354254724718e-03 8.230694354379916242e-03 8.230694354271587965e-03 8.230694354283864603e-03 8.230694354281808955e-03 8.230694354281663239e-03 8.230694354080542868e-03 8.230693754171285181e-03 8.230694354439696547e-03 8.230694324564934161e-03 8.230694133778455532e-03 8.230694354381130548e-03 8.230694354450358158e-03 8.230694354281486297e-03 8.230694354281616401e-03 8.230694354281113331e-03 8.230694354275038330e-03 8.230694354080166433e-03
8.230692279539290543e-03 0.000000000000000000e+00 8.230691315543338035e-03 8.230681573676535204e-03 8.230691315693925911e-03 8.230692812696494692e-03 8.230694306594650914e-03 8.230692840136371452e-03 8.230692840285830023e-03 8.230694392901678411e-03 8.230682278037009664e-03 8.230694393074760445e-03 8.230694404412791654e-03 8.230694404952661886e-03 8.230694336339400979e-03 8.230692830200869378e-03 8.230689902704041092e-03 8.230694344519225852e-03 8.230692714038088595e-03 8.230694335158316235e-03 8.230694404972876618e-03 8.230694344641853455e-03 8.230694395666308949e-03 8.230694404735269809e-03 8.230692901865475919e-03 8.230694396763115622e-03 8.230694335204784273e-03 8.230694335235339693e-03 8.230694305334513086e-03 8.230694335222405594e-03 8.230692839835501012e-03 8.230692841362061141e-03 8.230692813677617861e-03 8.230694344318653655e-03 8.230694335378216722e-03 8.230694334684825197e-03 8.230694335232243211e-03 8.230692837802320097e-03 8.230692703472763938e-03 8.230693799631665433e-03 8.230694337569288699e-03 8.230692841266703391e-03 8.230694336338623823e-03 8.230694335030779366e-03 8.230694335209211288e-03 8.230694335232418418e-03 8.230694335157936331e-03 8.230694335205158974e-03 8.230692840427428561e-03 8.230694335158115008e-03 8.230694335458383498e-03 8.230693735030056649e-03 8.230694335654674398e-03 8.230694305625676013e-03 8.230693735037096156e-03 8.230694335504081319e-03 8.230694334065117787e-03 8.230694335521676619e-03 8.230694335378398868e-03 8.230694254166446774e-03 8.230694305365026872e-03 8.230694253996820309e-03 8.230694331360626642e-03 8.230694335248547877e-03 8.230694340509965914e-03 8.230694335158331848e-03 8.230694335351033605e-03 8.230694122921539471e-03 8.230694334710710741e-03 8.230694335371872838e-03 8.230694335404818707e-03 8.230694335257698543e-03 8.230694335234677028e-03 8.230693735098097708e-03 8.230694331535452074e-03 8.230694335728717601e-03 8.230694331186264381e-03 8.230694335232484338e-03 8.230694335231061864e-03 8.230694335551375085e-03 8.230694335196074227e-03 8.230694335480669491e-03 8.230694335205164178e-03 8.230694335330359171e-03 8.230694335222025690e-03 8.230694335234300593e-03 8.230694335232246681e-03 8.230694335232104433e-03 8.230694335030980593e-03 8.230693735121724641e-03 8.230694335692541677e-03 8.230694305515378825e-03 8.230694114728893257e-03 8.230694335331571743e-03 8.230694335400799352e-03 8.230694335231929226e-03 8.230694335232059330e-03 8.230694335231556261e-03 8.230692840459241655e-03 8.230694335030604158e-03
8.230692279538433589e-03 8.230691315543338035e-03 0.000000000000000000e+00 8.230681573673077900e-03 8.230691315694323162e-03 8.230692812696888475e-03 8.230691316802997079e-03 8.230692840135653277e-03 8.230692840285108378e-03 8.230694392901249934e-03 8.230682278037745186e-03 8.230694393075494233e-03 8.230694404413527177e-03 8.230694404953397408e-03 8.230694336340136502e-03 8.230692830200147733e-03 8.230689902704774880e-03 8.230692849635248831e-03 8.230692714038822383e-03 8.230694335159051758e-03 8.230694404973612141e-03 8.230694344642588978e-03 8.230694395667044472e-03 8.230694404736005332e-03 8.230692901864756009e-03 8.230694396763852880e-03 8.230694335205521531e-03 8.230694335236076950e-03 8.230694305335250344e-03 8.230694335223137648e-03 8.230692839835896529e-03 8.230692841361337761e-03 8.230692813676889277e-03 8.230694344319387443e-03 8.230694335378952245e-03 8.230694334685562455e-03 8.230694335232980469e-03 8.230694336390254398e-03 8.230692703452162362e-03 8.230693799623845300e-03 8.230694337568907060e-03 8.230692841267095439e-03 8.230694336339357611e-03 8.230694335031514888e-03 8.230694335209946810e-03 8.230694335233152206e-03 8.230694335158671854e-03 8.230694335204779069e-03 8.230692840427818874e-03 8.230694335158852265e-03 8.230694335459117286e-03 8.230693735030790437e-03 8.230694335655408186e-03 8.230694305626409801e-03 8.230693735037833414e-03 8.230694335504815107e-03 8.230694334065851575e-03 8.230694335522412142e-03 8.230694335379134391e-03 8.230694254167184032e-03 8.230694305365760660e-03 8.230694253997555832e-03 8.230694331361360430e-03 8.230694335249281665e-03 8.230694340510699702e-03 8.230694335159067371e-03 8.230694335351770863e-03 8.230694122922273259e-03 8.230694334711446264e-03 8.230694335372606626e-03 8.230694335405552495e-03 8.230694335258432331e-03 8.230694335235412551e-03 8.230693735098833230e-03 8.230694331536187597e-03 8.230694335729456593e-03 8.230694331187005108e-03 8.230694335233216391e-03 8.230694335231795652e-03 8.230694335552110608e-03 8.230694335196811484e-03 8.230694335481405013e-03 8.230694335205899700e-03 8.230694335331092959e-03 8.230694335222761213e-03 8.230694335235034381e-03 8.230694335232983938e-03 8.230694335232838221e-03 8.230694335031717851e-03 8.230693735122458429e-03 8.230694335693277200e-03 8.230694305516112613e-03 8.230694114729630514e-03 8.230694335332305531e-03 8.230694335401536610e-03 8.230694335232663014e-03 8.230694335232791384e-03 8.230694335232291783e-03 8.230694335527264163e-03 8.230694335031339681e-03
8.230682537670125018e-03 8.230681573676535204e-03 8.230681573673077900e-03 0.000000000000000000e+00 8.230681573824534872e-03 8.230683070824260442e-03 8.230681574938608983e-03 8.230683098260657346e-03 8.230683098413569751e-03 8.230694201872784319e-03 8.230682087011274503e-03 8.230694202049410393e-03 8.230694213387438132e-03 8.230694213927320507e-03 8.230694145314045723e-03 8.230683088330983943e-03 8.230689711678545323e-03 8.230694153488003761e-03 8.230692523012683032e-03 8.230694144132964449e-03 8.230694213947535240e-03 8.230694153616484321e-03 8.230694204640943284e-03 8.230694213709914553e-03 8.230683159994263420e-03 8.230694205737741284e-03 8.230694144179430752e-03 8.230694144209073707e-03 8.230694114309157830e-03 8.230694144197048603e-03 8.230694144187261294e-03 8.230683099489788726e-03 8.230694144906118559e-03 8.230694153293300133e-03 8.230694144352847588e-03 8.230694143659426573e-03 8.230694144206018859e-03 8.230683095932469356e-03 8.230692512423974302e-03 8.230693608595468155e-03 8.230694146540427567e-03 8.230694145303847284e-03 8.230694145313266832e-03 8.230694144004508175e-03 8.230683098456469463e-03 8.230694144207051019e-03 8.230694144132567197e-03 8.230694144176316923e-03 8.230694144344711735e-03 8.230694144131895859e-03 8.230694144429539713e-03 8.230693543992823741e-03 8.230694144629320877e-03 8.230681573982131030e-03 8.230693543998360978e-03 8.230694144472826268e-03 8.230694143036253185e-03 8.230694144490404221e-03 8.230694144353047081e-03 8.230694063141091518e-03 8.230694114339669881e-03 8.230694062971463318e-03 8.230694140335271386e-03 8.230694144223192621e-03 8.230694149484612393e-03 8.230694144132981796e-03 8.230694144325681819e-03 8.230693931896179011e-03 8.230694143685358954e-03 8.230694144346515848e-03 8.230694144379461716e-03 8.230694144232341553e-03 8.230694144209326976e-03 8.230693544072726839e-03 8.230694140510096818e-03 8.230694144699879020e-03 8.230694140160914329e-03 8.230694144207127347e-03 8.230694144205708343e-03 8.230694144522538239e-03 8.230694144170720705e-03 8.230694144455321173e-03 8.230694144176325597e-03 8.230694144305007384e-03 8.230694144196670434e-03 8.230694144208945337e-03 8.230694144206896629e-03 8.230694144206749177e-03 8.230694144005625337e-03 8.230693544096355507e-03 8.230694144663703096e-03 8.230694114486163809e-03 8.230693923703538001e-03 8.230694144302733162e-03 8.230694144375449300e-03 8.230694144206572235e-03 8.230694144206705809e-03 8.230694144206202739e-03 8.230694144496385548e-03 8.230694144005250637e-03
8.230694324519519101e-03 8.230691315693925911e-03 8.230691315694323162e-03 8.230681573824534872e-03 0.000000000000000000e+00 8.230692812538947106e-03 8.230694306752739733e-03 8.230692840286097170e-03 8.230692840129540111e-03 8.230694393059373448e-03 8.230682278194704701e-03 8.230694393232452014e-03 8.230694404570484957e-03 8.230694405110362127e-03 8.230694336497092548e-03 8.230694335314108281e-03 8.230689902861732660e-03 8.230694344676929564e-03 8.230692714195780163e-03 8.230694335316013008e-03 8.230694405130576860e-03 8.230694344799558901e-03 8.230694395824007456e-03 8.230694404892963112e-03 8.230692902016065529e-03 8.230694396920812395e-03 8.230694335362479311e-03 8.230694335393274122e-03 8.230694305492208124e-03 8.230694335380098897e-03 8.230692839986092357e-03 8.230692841512897082e-03 8.230694336098543298e-03 8.230694344476353896e-03 8.230694335535920433e-03 8.230694334842518500e-03 8.230694335390175906e-03 8.230692837953157773e-03 8.230692703630842350e-03 8.230693799789556495e-03 8.230694337726988941e-03 8.230694336491694088e-03 8.230694336496322330e-03 8.230694335188712060e-03 8.230694335366909795e-03 8.230694335390115191e-03 8.230694335315631369e-03 8.230694335362852276e-03 8.230692840271140384e-03 8.230694335316056376e-03 8.230694335307821644e-03 8.230693734725199814e-03 8.230694335812365967e-03 8.230691315681293654e-03 8.230662214726829767e-03 8.230692839100458777e-03 8.230694333914186436e-03 8.230692839979745004e-03 8.230694335536092171e-03 8.230694254324141812e-03 8.230694305522720175e-03 8.230694254154511877e-03 8.230694331518318210e-03 8.230694335406241180e-03 8.230694340667660952e-03 8.230694335316025151e-03 8.230694335508728643e-03 8.230694123079231039e-03 8.230694334868404044e-03 8.230694335529566141e-03 8.230694335562510275e-03 8.230694335415390112e-03 8.230694335392373800e-03 8.230693735255794480e-03 8.230694331693141907e-03 8.230694335885293741e-03 8.230694331343961154e-03 8.230694335390175906e-03 8.230694335388755167e-03 8.230694335400832312e-03 8.230694335353767530e-03 8.230694335638366263e-03 8.230694335361743788e-03 8.230694335488052474e-03 8.230694335379720727e-03 8.230694335391995631e-03 8.230694335389943453e-03 8.230694335389796001e-03 8.230694335188673896e-03 8.230693735279414475e-03 8.230694335849116083e-03 8.230694305357010715e-03 8.230694114886586560e-03 8.230694335488151353e-03 8.230694335558492655e-03 8.230694335389620794e-03 8.230694335389752633e-03 8.230694335389249564e-03 8.230692840302708882e-03 8.230694335188295727e-03
8.230693776390161226e-03 8.230692812696494692e-03 8.230692812696888475e-03 8.230683070824260442e-03 8.230692812538947106e-03 0.000000000000000000e+00 8.230694336245052839e-03 8.230694364854034342e-03 8.230694337139929026e-03 8.230694422548872832e-03 8.230682307684261331e-03 8.230694422721947928e-03 8.230694434059977402e-03 8.230694434599854573e-03 8.230694365986588462e-03 8.230694327354411144e-03 8.230689932351251126e-03 8.230694374166789770e-03 8.230692743685286486e-03 8.230694364805507188e-03 8.230694434620069305e-03 8.230694374289054815e-03 8.230694425313503371e-03 8.230694434382459027e-03 8.230694426399256386e-03 8.230694426410308309e-03 8.230694364851975225e-03 8.230694337502642358e-03 8.230694334981691895e-03 8.230694364869596547e-03 8.230694336986572532e-03 8.230694338515970668e-03 8.230694365588663713e-03 8.230694373965851546e-03 8.230694365025416348e-03 8.230694309572296821e-03 8.230694364879569472e-03 8.230694366041391846e-03 8.230692733120393775e-03 8.230693829279022919e-03 8.230694367216486590e-03 8.230694338417421027e-03 8.230694365985818245e-03 8.230694327225656498e-03 8.230694364859098000e-03 8.230694364879609370e-03 8.230694364805127283e-03 8.230694364852344722e-03 8.230694337278831804e-03 8.230694364805448207e-03 8.230694364505186655e-03 8.230663711281298658e-03 8.230694365002060031e-03 8.230692812383803847e-03 8.230663711277327876e-03 8.230694335808093343e-03 8.230694363111199299e-03 8.230694336687384774e-03 8.230694365025589820e-03 8.230694283813637727e-03 8.230694335012212620e-03 8.230694283644006057e-03 8.230694361007814125e-03 8.230694364895733625e-03 8.230694370157151663e-03 8.230694364805519331e-03 8.230694364998226292e-03 8.230694152568726954e-03 8.230694364357901693e-03 8.230694365019062056e-03 8.230694365052006189e-03 8.230694364904887761e-03 8.230694364881867980e-03 8.230693764745292129e-03 8.230694361182637822e-03 8.230694365075360772e-03 8.230694360833458803e-03 8.230694364879671820e-03 8.230694364878251082e-03 8.230694364598218141e-03 8.230694364843265179e-03 8.230694365127862178e-03 8.230694364851603995e-03 8.230694364977551858e-03 8.230694364869213173e-03 8.230694364881491545e-03 8.230694364879437633e-03 8.230694364879290181e-03 8.230694364678166342e-03 8.230693764768915593e-03 8.230694365039183114e-03 8.230694334854184516e-03 8.230694144376084209e-03 8.230694364978011560e-03 8.230694365047992039e-03 8.230694364879114974e-03 8.230694364879246813e-03 8.230694364878743743e-03 8.230694337010348652e-03 8.230694364677793376e-03
8.230692280797457724e-03 8.230694306594650914e-03 8.230691316802997079e-03 8.230681574938608983e-03 8.230694306752739733e-03 8.230694336245052839e-03 0.000000000000000000e+00 8.230692841395581202e-03 8.230692841545105692e-03 8.230692694397219802e-03 8.230682275983520341e-03 8.230694394047333162e-03 8.230694405695390681e-03 8.230694406235264382e-03 8.230694337622886450e-03 8.230692831151780603e-03 8.230689903987531766e-03 8.230692850892944168e-03 8.230692715321556718e-03 8.230694336441806910e-03 8.230694406255411461e-03 8.230694343383679334e-03 8.230694396948911445e-03 8.230694403474781567e-03 8.230692903123788817e-03 8.230694395811203462e-03 8.230694336488271479e-03 8.230694336518839041e-03 8.230694306617998557e-03 8.230694336505892800e-03 8.230694336505505956e-03 8.230692840386888073e-03 8.230692812393622382e-03 8.230694345602142595e-03 8.230694336354441032e-03 8.230694335968322811e-03 8.230694336515733886e-03 8.230692836519816480e-03 8.230609591522237284e-03 8.230662274776612622e-03 8.230692840038595498e-03 8.230694335384093965e-03 8.230694335387603311e-03 8.230694336314275245e-03 8.230694336492701962e-03 8.230694336515909093e-03 8.230694336441427006e-03 8.230692840216236386e-03 8.230694336663825494e-03 8.230694336441605682e-03 8.230694336741870704e-03 8.230693736313687836e-03 8.230694336938165073e-03 8.230694306910667224e-03 8.230693736329305552e-03 8.230694336788692625e-03 8.230694335348603258e-03 8.230694336806287925e-03 8.230694336661886074e-03 8.230694255449933980e-03 8.230694306648514078e-03 8.230694255280305779e-03 8.230694332644113848e-03 8.230694336532033348e-03 8.230694341793383731e-03 8.230694336441820788e-03 8.230694336634522545e-03 8.230694124205026677e-03 8.230694335994197947e-03 8.230694336655363513e-03 8.230694336381108936e-03 8.230694336541184014e-03 8.230694336518167703e-03 8.230693736381586648e-03 8.230694332818939279e-03 8.230694337012204806e-03 8.230694332469756791e-03 8.230694336515971543e-03 8.230694336514550805e-03 8.230694336834862290e-03 8.230694336479563167e-03 8.230694336764160166e-03 8.230694336488654853e-03 8.230694336613846376e-03 8.230694336505516365e-03 8.230694336517787799e-03 8.230694336515673171e-03 8.230694336515591639e-03 8.230694336314471268e-03 8.230693736405211847e-03 8.230694336976032352e-03 8.230694306798867765e-03 8.230694116012385667e-03 8.230694336615062418e-03 8.230694336684288293e-03 8.230694336515418166e-03 8.230694336515546536e-03 8.230694336515043466e-03 8.230694336812253639e-03 8.230694336314093099e-03
8.230693804131704663e-03 8.230692840136371452e-03 8.230692840135653277e-03 8.230683098260657346e-03 8.230692840286097170e-03 8.230694364854034342e-03 8.230692841395581202e-03 0.000000000000000000e+00 8.230694364878872113e-03 8.230694220275478618e-03 8.230682307908245357e-03 8.230694422966184851e-03 8.230694434304245549e-03 8.230694434844124455e-03 8.230694366230865283e-03 8.230694354793541972e-03 8.230689932595156716e-03 8.230694374225373117e-03 8.230692743929403712e-03 8.230694365049780539e-03 8.230694434864327044e-03 8.230694374533328167e-03 8.230694425557771518e-03 8.230694434626709827e-03 8.230694426458330659e-03 8.230694426654562579e-03 8.230694365096250312e-03 8.230694365126951448e-03 8.230694335225966982e-03 8.230694365113868163e-03 8.230694365112367628e-03 8.230694365955113639e-03 8.230694338267533980e-03 8.230694363952744882e-03 8.230694365269675822e-03 8.230694337012109396e-03 8.230694365123844558e-03 8.230694362394977079e-03 8.230692733340453857e-03 8.230693829513901008e-03 8.230694365912324950e-03 8.230694365857231867e-03 8.230694366230079453e-03 8.230694364922385917e-03 8.230694364909753660e-03 8.230694365123884457e-03 8.230694365049402370e-03 8.230694365095879081e-03 8.230694365018468781e-03 8.230694365049723293e-03 8.230694365349105340e-03 8.230693764913589797e-03 8.230694365546138702e-03 8.230692840438197724e-03 8.230693764920868696e-03 8.230694363847532169e-03 8.230694363955817078e-03 8.230694365412780100e-03 8.230694365269864907e-03 8.230694284057912813e-03 8.230694335256489441e-03 8.230694283888282878e-03 8.230694361252089211e-03 8.230694365140006977e-03 8.230694370401407667e-03 8.230694365049796152e-03 8.230694365242499644e-03 8.230694152813002040e-03 8.230694364602175045e-03 8.230694365263335407e-03 8.230694365296281276e-03 8.230694365149161112e-03 8.230694365126144801e-03 8.230693764989567215e-03 8.230694361426912908e-03 8.230694365619441177e-03 8.230694361077728685e-03 8.230694365123946907e-03 8.230694365122526168e-03 8.230694365189744968e-03 8.230694365087536796e-03 8.230694365372137264e-03 8.230694365095886020e-03 8.230694365221825209e-03 8.230694365113488259e-03 8.230694365125764897e-03 8.230694365123698841e-03 8.230694365123567002e-03 8.230694354665528054e-03 8.230693765013188945e-03 8.230694365583263519e-03 8.230694335405724232e-03 8.230694144620361030e-03 8.230694365222293585e-03 8.230694365292265391e-03 8.230694365123388326e-03 8.230694365123520165e-03 8.230694365123018830e-03 8.230694365049773600e-03 8.230694364922066728e-03
8.230693804281151091e-03 8.230692840285830023e-03 8.230692840285108378e-03 8.230683098413569751e-03 8.230692840129540111e-03 8.230694337139929026e-03 8.230692841545105692e-03 8.230694364878872113e-03 0.000000000000000000e+00 8.230694422941805047e-03 8.230682308077988049e-03 8.230694423115674646e-03 8.230694434453704120e-03 8.230694434993584760e-03 8.230694366380315180e-03 8.230694365199981571e-03 8.230689932744606613e-03 8.230694374374840361e-03 8.230692744078876161e-03 8.230694361309309065e-03 8.230694435013799493e-03 8.230694374682779799e-03 8.230694425707230089e-03 8.230694434776184010e-03 8.230694426607803107e-03 8.230694426804036762e-03 8.230694365245700209e-03 8.230694365276404814e-03 8.230694335375420348e-03 8.230694365263323264e-03 8.230694365261824463e-03 8.230694366104563536e-03 8.230694365981656643e-03 8.230694364102196514e-03 8.230694365419143066e-03 8.230694337161561028e-03 8.230694365088752837e-03 8.230694366434442022e-03 8.230692733493104318e-03 8.230693829664596436e-03 8.230694367609469111e-03 8.230694366006697377e-03 8.230694366379543228e-03 8.230694365071839283e-03 8.230694365252873290e-03 8.230694365273336088e-03 8.230694365198857471e-03 8.230694365245332447e-03 8.230694364868260809e-03 8.230694365199178394e-03 8.230694365199620749e-03 8.230693764621616754e-03 8.230694364147930764e-03 8.230694335362592068e-03 8.230663739324432446e-03 8.230694363698056251e-03 8.230694363805999419e-03 8.230694364577345948e-03 8.230694365419318273e-03 8.230694284207364445e-03 8.230694335405944542e-03 8.230694284037734509e-03 8.230694361401540843e-03 8.230694365289462078e-03 8.230694370550880115e-03 8.230694365199251253e-03 8.230694365391953010e-03 8.230694152962455407e-03 8.230694364751624942e-03 8.230694364726828804e-03 8.230694365445734642e-03 8.230694365298611009e-03 8.230694365275596433e-03 8.230693765139011908e-03 8.230694361576368009e-03 8.230694365769630066e-03 8.230694361227187256e-03 8.230694365273398538e-03 8.230694365271981269e-03 8.230694365292629683e-03 8.230694365236991897e-03 8.230694365521588896e-03 8.230694365246081848e-03 8.230694365371276841e-03 8.230694365262946829e-03 8.230694365275216529e-03 8.230694365079498087e-03 8.230694365273022103e-03 8.230694354814983155e-03 8.230693765162631903e-03 8.230694365733455878e-03 8.230694335249175847e-03 8.230694144769816131e-03 8.230694365372489413e-03 8.230694365441720492e-03 8.230694365272845162e-03 8.230694365272973531e-03 8.230694365272472196e-03 8.230694364899563895e-03 8.230694365071523563e-03
8.230694411950309139e-03 8.230694392901678411e-03 8.230694392901249934e-03 8.230694201872784319e-03 8.230694393059373448e-03 8.230694422548872832e-03 8.230692694397219802e-03 8.230694220275478618e-03 8.230694422941805047e-03 0.000000000000000000e+00 8.230079108246255229e-03 8.230693607028292946e-03 8.230694371063536005e-03 8.230694371606122814e-03 8.230694423881974864e-03 8.230694422442091929e-03 8.230689990216063026e-03 8.230694229729300024e-03 8.230692801576912007e-03 8.230694422700912671e-03 8.230694169226214843e-03 8.230694429665752834e-03 8.230694362319820184e-03 8.230694092091607114e-03 8.230694161115209920e-03 8.230694158365726987e-03 8.230694422747380709e-03 8.230694422778184194e-03 8.230694392877107787e-03 8.230694422765002030e-03 8.230694422765728879e-03 8.230694421684385531e-03 8.230694420965838781e-03 8.230694431861248356e-03 8.230694220102316785e-03 8.230694422227428572e-03 8.230694422775082508e-03 8.230694215421701515e-03 8.230610970363533632e-03 8.230663529728387065e-03 8.230694218896937239e-03 8.230694219144900348e-03 8.230694219306947806e-03 8.230694422573620397e-03 8.230694422795109891e-03 8.230694422775016589e-03 8.230694422700534502e-03 8.230694422746957437e-03 8.230694422924282605e-03 8.230694422700956039e-03 8.230694423000974730e-03 8.230693822575782526e-03 8.230694423197270834e-03 8.230694393215817750e-03 8.230693822588421721e-03 8.230694423047798386e-03 8.230694421607709019e-03 8.230694423065393686e-03 8.230694422920993569e-03 8.230694341708888820e-03 8.230694392907623308e-03 8.230694341539258885e-03 8.230694418903195322e-03 8.230694422791111353e-03 8.230694023399849971e-03 8.230694422700905732e-03 8.230694422893630041e-03 8.230694210463745594e-03 8.230694422253277687e-03 8.230694422914444988e-03 8.230694422645760608e-03 8.230694422800291510e-03 8.230694422777275199e-03 8.230693822640704552e-03 8.230694419077892385e-03 8.230694423271294954e-03 8.230694418728864287e-03 8.230694422774924648e-03 8.230694422773658300e-03 8.230694423093973255e-03 8.230694422738668928e-03 8.230694423023265927e-03 8.230694422747758879e-03 8.230694422872952137e-03 8.230694422764620391e-03 8.230694422776898764e-03 8.230694220433270800e-03 8.230694422774565561e-03 8.230694422573575295e-03 8.230693822664328016e-03 8.230694423235138113e-03 8.230694393057971792e-03 8.230694202271493162e-03 8.230694422874168178e-03 8.230694422943395788e-03 8.230694422774525662e-03 8.230694422774654032e-03 8.230694422774154431e-03 8.230694423071359400e-03 8.230694422573202329e-03
8.230682297086608368e-03 8.230682278037009664e-03 8.230682278037745186e-03 8.230682087011274503e-03 8.230682278194704701e-03 8.230682307684261331e-03 8.230682275983520341e-03 8.230682307908245357e-03 8.230682308077988049e-03 8.230079108246255229e-03 0.000000000000000000e+00 8.230078760740226068e-03 8.230079298035554089e-03 8.230079325774502380e-03 8.230682309017311321e-03 8.230682304570738003e-03 8.230677875283670675e-03 8.230682317178035154e-03 8.230680686701217358e-03 8.230682307836292497e-03 8.230079325946288576e-03 8.230682313952646448e-03 8.230079316675374679e-03 8.230079247974054005e-03 8.230079317779741277e-03 8.230079317246397075e-03 8.230682307882703289e-03 8.230682307913522386e-03 8.230682278012433836e-03 8.230682307900312467e-03 8.230682307901067071e-03 8.230682308982330622e-03 8.230682305311740748e-03 8.230682316986431477e-03 8.230682304726798931e-03 8.230682307362817071e-03 8.230682307910462334e-03 8.230682305777406449e-03 8.230680672399926304e-03 8.230048689026474990e-03 8.230682306907583998e-03 8.230682308931138932e-03 8.230682308988752569e-03 8.230682307709008896e-03 8.230682307930448083e-03 8.230682307910356516e-03 8.230682307833159586e-03 8.230682307883090132e-03 8.230682308059671104e-03 8.230682307836346273e-03 8.230682308136364964e-03 8.230681707709963657e-03 8.230682308332659333e-03 8.230682278351143799e-03 8.230681707722597648e-03 8.230682308183186885e-03 8.230682306743097518e-03 8.230682308200787389e-03 8.230682308056383803e-03 8.230682226844268645e-03 8.230682278042951092e-03 8.230682226671861418e-03 8.230682304038582087e-03 8.230682307916297943e-03 8.230682313112398438e-03 8.230682307833546429e-03 8.230682308029018540e-03 8.230682095599095929e-03 8.230682307381225957e-03 8.230682308049856039e-03 8.230682304773678098e-03 8.230682307932935676e-03 8.230682307909900283e-03 8.230681707774887418e-03 8.230682304158177393e-03 8.230682308406700801e-03 8.230682303864235438e-03 8.230682307852434099e-03 8.230682307909046799e-03 8.230682308229361754e-03 8.230682307874060896e-03 8.230682308158656160e-03 8.230682307883149113e-03 8.230682308008344106e-03 8.230682307900010625e-03 8.230682307912285528e-03 8.230682307889937085e-03 8.230682307854814139e-03 8.230682307708965528e-03 8.230681707798509147e-03 8.230682308370526612e-03 8.230682278193303045e-03 8.230682087406437572e-03 8.230682308009554943e-03 8.230682308078784287e-03 8.230682307909914161e-03 8.230682307910040796e-03 8.230682307909489154e-03 8.230682308206749634e-03 8.230682307708590828e-03
8.230694412124317516e-03 8.230694393074760445e-03 8.230694393075494233e-03 8.230694202049410393e-03 8.230694393232452014e-03 8.230694422721947928e-03 8.230694394047333162e-03 8.230694422966184851e-03 8.230694423115674646e-03 8.230693607028292946e-03 8.230078760740226068e-03 0.000000000000000000e+00 8.230693777428511188e-03 8.230693805171102398e-03 8.230694424054585054e-03 8.230694422614252825e-03 8.230467581172714112e-03 8.230694415855277501e-03 8.230692782359952386e-03 8.230694422873991237e-03 8.230694355383890923e-03 8.230693864302448051e-03 8.230693812446652352e-03 8.230693730386914875e-03 8.230693813578143087e-03 8.230693813045189197e-03 8.230694422920457540e-03 8.230694422951262759e-03 8.230694393050188087e-03 8.230694422938077126e-03 8.230694422938805710e-03 8.230693873999255644e-03 8.230694423355262510e-03 8.230694415653241197e-03 8.230694422790514608e-03 8.230694422400507138e-03 8.230694422948124644e-03 8.230694423848659499e-03 8.230692790474378184e-03 8.230663184823499429e-03 8.230694424981121679e-03 8.230693873859195805e-03 8.230694424054232905e-03 8.230694422746698963e-03 8.230694422968183252e-03 8.230694422948095154e-03 8.230694422873609598e-03 8.230694422920828771e-03 8.230694423097359436e-03 8.230694422874034605e-03 8.230694423174056765e-03 8.230693822748864560e-03 8.230694423370347665e-03 8.230694393388892846e-03 8.230693822761498551e-03 8.230694423220875217e-03 8.230694421780789319e-03 8.230694423238475721e-03 8.230694423094039175e-03 8.230694341881743606e-03 8.230694393080571769e-03 8.230694341712089385e-03 8.230694419076214907e-03 8.230694422964125734e-03 8.230693659509050533e-03 8.230694422873966951e-03 8.230694423066706872e-03 8.230694193848845167e-03 8.230694422426260842e-03 8.230694423087509676e-03 8.230694422817071490e-03 8.230694422973321503e-03 8.230694422950346825e-03 8.230693822812740548e-03 8.230693666929887048e-03 8.230694423444281579e-03 8.230694418901941117e-03 8.230693872939903385e-03 8.230694422946733396e-03 8.230694423267048351e-03 8.230694422911242689e-03 8.230694423196344492e-03 8.230694422920806219e-03 8.230694423046032437e-03 8.230694422937700691e-03 8.230694422949977329e-03 8.230694422947885253e-03 8.230693872939452357e-03 8.230694422746655595e-03 8.230693822836364013e-03 8.230694423408214944e-03 8.230694393230968825e-03 8.230694202444167537e-03 8.230694423047210315e-03 8.230694423116474354e-03 8.230694422947602493e-03 8.230694422947727393e-03 8.230694422947229527e-03 8.230694423244439700e-03 8.230694422746279160e-03
8.230694423462353929e-03 8.230694404412791654e-03 8.230694404413527177e-03 8.230694213387438132e-03 8.230694404570484957e-03 8.230694434059977402e-03 8.230694405695390681e-03 8.230694434304245549e-03 8.230694434453704120e-03 8.230694371063536005e-03 8.230079298035554089e-03 8.230693777428511188e-03 0.000000000000000000e+00 8.230694336985630577e-03 8.230694433178033578e-03 8.230694434254795522e-03 8.230468109918140027e-03 8.230694424997544306e-03 8.230611146362708935e-03 8.230694434212020710e-03 8.230694337128072191e-03 8.230694398586327343e-03 8.230694346462445743e-03 8.230694262508789216e-03 8.230694345379332977e-03 8.230694347061045038e-03 8.230694434258487013e-03 8.230694434289288763e-03 8.230694404388217561e-03 8.230694434276106600e-03 8.230694434276836918e-03 8.230694435413209165e-03 8.230694434995911024e-03 8.230694387338919824e-03 8.230694434431039958e-03 8.230694433738534876e-03 8.230694434286187078e-03 8.230694435489231686e-03 8.230692802524952265e-03 8.230693774802386176e-03 8.230694405660295490e-03 8.230694435389806010e-03 8.230694435392321359e-03 8.230694434084728436e-03 8.230694434306216195e-03 8.230694434286122893e-03 8.230694403122674335e-03 8.230694434258859979e-03 8.230694434435388909e-03 8.230694434212064078e-03 8.230694434512086238e-03 8.230693834086897503e-03 8.230694434708378873e-03 8.230694404726920585e-03 8.230693834099529760e-03 8.230694434558906425e-03 8.230694433118815323e-03 8.230694434576503460e-03 8.230694434432098139e-03 8.230694353211854067e-03 8.230694404412168888e-03 8.230690262150414799e-03 8.230694430408639489e-03 8.230694406411684025e-03 8.230694420971127953e-03 8.230694403123068117e-03 8.230694434404734611e-03 8.230694205193556795e-03 8.230694433758838080e-03 8.230694434425572109e-03 8.230694434452085623e-03 8.230694406897354556e-03 8.230694406874378144e-03 8.230693834151814325e-03 8.230694430583324409e-03 8.230694434776867491e-03 8.230694430239972326e-03 8.230694406902473725e-03 8.230694434284766339e-03 8.230694434605074356e-03 8.230694432033652114e-03 8.230694434534370496e-03 8.230694434258866918e-03 8.230694434384061911e-03 8.230694434275730165e-03 8.230694434282495586e-03 8.230694434285947686e-03 8.230694434285687477e-03 8.230694434084685068e-03 8.230693834175436055e-03 8.230694434746242683e-03 8.230694404569079831e-03 8.230694213782602936e-03 8.230694434385272748e-03 8.230694434454503827e-03 8.230694434285631966e-03 8.230694434285762071e-03 8.230694434285260735e-03 8.230694434582465704e-03 8.230694434084308633e-03
8.230694424002224160e-03 8.230694404952661886e-03 8.230694404953397408e-03 8.230694213927320507e-03 8.230694405110362127e-03 8.230694434599854573e-03 8.230694406235264382e-03 8.230694434844124455e-03 8.230694434993584760e-03 8.230694371606122814e-03 8.230079325774502380e-03 8.230693805171102398e-03 8.230694336985630577e-03 0.000000000000000000e+00 8.230694433524561940e-03 8.230694434794672693e-03 8.230468137649932583e-03 8.230694425353825283e-03 8.230611174099853114e-03 8.230694434751897881e-03 8.230694364871050245e-03 8.230694426326227997e-03 8.230694374204062039e-03 8.230694290251789821e-03 8.230694373121329177e-03 8.230694375488706305e-03 8.230694433250702879e-03 8.230694434829169404e-03 8.230694404928094732e-03 8.230694434129989107e-03 8.230694434816715824e-03 8.230694435953089805e-03 8.230694407971098081e-03 8.230694415079191709e-03 8.230694434970917128e-03 8.230694434278413782e-03 8.230694434826067718e-03 8.230694436029107122e-03 8.230692803064466878e-03 8.230693775344853289e-03 8.230694433399559501e-03 8.230694435929686650e-03 8.230694435932200265e-03 8.230694434624607342e-03 8.230694434846093366e-03 8.230694434826005268e-03 8.230694430861570585e-03 8.230694434798740619e-03 8.230694434975269549e-03 8.230694434751941249e-03 8.230694435051963409e-03 8.230693834626772940e-03 8.230694435248243901e-03 8.230694405266802960e-03 8.230693834639408665e-03 8.230694435098785330e-03 8.230694433658697698e-03 8.230694435116380631e-03 8.230694434971980514e-03 8.230694353751604603e-03 8.230694404952000956e-03 8.230690289889012676e-03 8.230694228452451605e-03 8.230694434150571601e-03 8.230694219007706272e-03 8.230694430861934877e-03 8.230694434944616986e-03 8.230694205733683766e-03 8.230694434298704842e-03 8.230694434965424994e-03 8.230694434991969732e-03 8.230694434845730809e-03 8.230694434613283067e-03 8.230693834691696700e-03 8.230694431123225865e-03 8.230694435316748131e-03 8.230694430779846027e-03 8.230694434641359566e-03 8.230694434824645245e-03 8.230694435144956730e-03 8.230694432573900515e-03 8.230694435074254606e-03 8.230694434798747558e-03 8.230694434923937347e-03 8.230694434815609070e-03 8.230694434822381431e-03 8.230694434825826591e-03 8.230694434825564648e-03 8.230694434624565708e-03 8.230693834714293208e-03 8.230694435286121588e-03 8.230694405108958736e-03 8.230694214322483576e-03 8.230694434925153388e-03 8.230694434994380998e-03 8.230694434825512606e-03 8.230694434825637507e-03 8.230694434825125763e-03 8.230694435122344610e-03 8.230694434624185804e-03
8.230694355388958050e-03 8.230694336339400979e-03 8.230694336340136502e-03 8.230694145314045723e-03 8.230694336497092548e-03 8.230694365986588462e-03 8.230694337622886450e-03 8.230694366230865283e-03 8.230694366380315180e-03 8.230694423881974864e-03 8.230682309017311321e-03 8.230694424054585054e-03 8.230694433178033578e-03 8.230694433524561940e-03 0.000000000000000000e+00 8.230694366182287822e-03 8.230689928453239004e-03 8.230694373276323250e-03 8.230611125031891614e-03 8.230694362423247867e-03 8.230694433660652731e-03 8.230694375621754391e-03 8.230694426634049474e-03 8.230694433499876825e-03 8.230694425551753762e-03 8.230694427232718158e-03 8.230694366185099808e-03 8.230694366205963328e-03 8.230692841424962214e-03 8.230694365692028946e-03 8.230694366203449713e-03 8.230694367339941656e-03 8.230694366923405059e-03 8.230694373084138440e-03 8.230694366358539196e-03 8.230694365664398271e-03 8.230694366202780110e-03 8.230694367416732660e-03 8.230692734453514889e-03 8.230693830612196074e-03 8.230694366335316453e-03 8.230694367316547175e-03 8.230694367318942828e-03 8.230694355928977468e-03 8.230694366232084794e-03 8.230694366202797457e-03 8.230694366138251866e-03 8.230694364813129563e-03 8.230694366361999970e-03 8.230694362423306848e-03 8.230694366438693829e-03 8.230693766013496421e-03 8.230694366634977790e-03 8.230694336653531645e-03 8.230693766026128677e-03 8.230694366485517485e-03 8.230694365045428118e-03 8.230694366503112785e-03 8.230694366358697056e-03 8.230694285146462202e-03 8.230694336345210568e-03 8.230694284976684816e-03 8.230694160020174399e-03 8.230694365717423563e-03 8.230694166943469670e-03 8.230694362423233990e-03 8.230694366331347406e-03 8.230694153900267734e-03 8.230694365690981174e-03 8.230694366352143271e-03 8.230694366350205585e-03 8.230694366237996731e-03 8.230694366180813307e-03 8.230693766077393225e-03 8.230694160193556541e-03 8.230694366709005380e-03 8.230694159846450517e-03 8.230694366203520837e-03 8.230694366211373930e-03 8.230694366531685416e-03 8.230694363961087168e-03 8.230694366460986761e-03 8.230694366185464100e-03 8.230694366310671237e-03 8.230694366202325613e-03 8.230694366214602251e-03 8.230694366193436889e-03 8.230694366203047257e-03 8.230694366010536320e-03 8.230693766099993203e-03 8.230694366672857212e-03 8.230694336495626706e-03 8.230694145708823684e-03 8.230694366311869931e-03 8.230694366381113153e-03 8.230694366212229149e-03 8.230694366212354049e-03 8.230694366211856183e-03 8.230694366509076765e-03 8.230694355929293188e-03
8.230693794195083693e-03 8.230692830200869378e-03 8.230692830200147733e-03 8.230683088330983943e-03 8.230694335314108281e-03 8.230694327354411144e-03 8.230692831151780603e-03 8.230694354793541972e-03 8.230694365199981571e-03 8.230694422442091929e-03 8.230682304570738003e-03 8.230694422614252825e-03 8.230694434254795522e-03 8.230694434794672693e-03 8.230694366182287822e-03 0.000000000000000000e+00 8.230689932546900178e-03 8.230694364288792045e-03 8.230692743880963294e-03 8.230694365001204812e-03 8.230694434814889160e-03 8.230694362749231899e-03 8.230694415432442124e-03 8.230694434277114474e-03 8.230694426594119609e-03 8.230694416031074379e-03 8.230694365047672850e-03 8.230694365078372252e-03 8.230694335177401663e-03 8.230694365065288967e-03 8.230694365064532628e-03 8.230694356019217783e-03 8.230694328031008811e-03 8.230694374161550905e-03 8.230694354664358850e-03 8.230694364527722448e-03 8.230694365075268831e-03 8.230694352159312333e-03 8.230692732587524887e-03 8.230663790814824257e-03 8.230694355675950702e-03 8.230694366177612742e-03 8.230694366181493318e-03 8.230694364873811925e-03 8.230694354973143098e-03 8.230694355002801665e-03 8.230694351222887784e-03 8.230694365047298150e-03 8.230694365222984005e-03 8.230694365001147567e-03 8.230694365301270340e-03 8.230693764873085738e-03 8.230694365497564710e-03 8.230694335472778234e-03 8.230693764888569880e-03 8.230694365348090527e-03 8.230694363908004629e-03 8.230694354791708370e-03 8.230694365221285710e-03 8.230694284009333617e-03 8.230694335207913714e-03 8.230694283839705416e-03 8.230694361203511750e-03 8.230694365091432985e-03 8.230694370352849287e-03 8.230694365001220425e-03 8.230694365193923917e-03 8.230694152764428048e-03 8.230694364553597583e-03 8.230694365214759681e-03 8.230694364947936659e-03 8.230694365100581916e-03 8.230694365077567340e-03 8.230693764940988019e-03 8.230694361378335447e-03 8.230694365571609647e-03 8.230694361029154693e-03 8.230694365075367711e-03 8.230694365073950441e-03 8.230694365394263662e-03 8.230694365038962804e-03 8.230694365323563272e-03 8.230694365048051020e-03 8.230694365173249483e-03 8.230694365064914267e-03 8.230694365077187435e-03 8.230694365075136992e-03 8.230694365074991276e-03 8.230694364873869170e-03 8.230693764964613218e-03 8.230694365535431989e-03 8.230694335358262198e-03 8.230694144571785303e-03 8.230694365174462054e-03 8.230694365243687929e-03 8.230694365074816068e-03 8.230694365074944438e-03 8.230694365074444838e-03 8.230694365370909080e-03 8.230694364873492735e-03
