0.000000000000000000e+00 9.527794864688830107e-03 9.511299885506896076e-03 9.405854192196467026e-03 9.993912503465597966e-03 9.743696286811740631e-03 9.584029752348299097e-03 9.899345426215523311e-03 9.917255236333041499e-03 1.024580614619830833e-02 9.981944077971946147e-03 1.027545687951453117e-02 1.037983719282976024e-02 1.048586373710474334e-02 1.041532705765997255e-02 9.766403815125043741e-03 1.005808114195725321e-02 1.034874993893721874e-02 1.007403868724298344e-02 1.029966129255700108e-02 1.050993420781178196e-02 1.034677553236430791e-02 1.042392218183504742e-02 1.037321082665686872e-02 1.037874098350455472e-02 1.036357290601893667e-02 1.030621518650573151e-02 1.015786600593932519e-02 1.014692874292976582e-02 1.034321363064806543e-02 1.020492332955080968e-02 9.920265130713147930e-03 9.791335472083426139e-03 1.030546158781321664e-02 1.031373322698285466e-02 1.021213172662160419e-02 1.016359278409671024e-02 9.892711863191443883e-03 9.967071155778104916e-03 1.003886721072991435e-02 1.032030603367012356e-02 1.024015520331755282e-02 1.034705122464294087e-02 9.912229051932461635e-03 1.029099717202169688e-02 1.037150834463212816e-02 1.028964858399859794e-02 1.028420986033570274e-02 9.983473138873136601e-03 9.944894861594390581e-03 1.032486695916574014e-02 9.542223701213756182e-03 1.036145955412271120e-02 1.008942615236385620e-02 1.000403167817821154e-02 1.027491739694172575e-02 1.026349823036390961e-02 1.030846982301063253e-02 1.044467211998592431e-02 1.024992076579502032e-02 1.025533025251500197e-02 1.022730622383968314e-02 1.030418972135664635e-02 1.045710220438419817e-02 1.034781444265018245e-02 1.033172536078365462e-02 1.039500344964348899e-02 1.021835077119180937e-02 1.039771501104066846e-02 1.037164587834493723e-02 1.043890093801179073e-02 1.047259000928817477e-02 1.041582902095493889e-02 1.014663349011551974e-02 1.038645858231085177e-02 1.070778078006821843e-02 1.022575487038693449e-02 1.043479534841578425e-02 1.034790016904632917e-02 1.039704988178674801e-02 1.042043558152604479e-02 1.042090868496655005e-02 1.032499445898175591e-02 1.033142323419364468e-02 1.034339932564530898e-02 1.040461328893630896e-02 1.036557051963225146e-02 1.039139250950676073e-02 1.026687693356554375e-02 1.015883699712529648e-02 1.044571389118815509e-02 1.021324093935573052e-02 1.019386432270074326e-02 1.038797893463185365e-02 1.041446323953948254e-02 1.035450335127396405e-02 1.040747772527535892e-02 1.037988176146898041e-02 1.026364128587651213e-02 1.027653747999524025e-02
9.527794864688830107e-03 0.000000000000000000e+00 9.437421565648911048e-03 9.343849339450545355e-03 9.496446274005816701e-03 9.693752548145207967e-03 9.972995290198412299e-03 9.837054565905426276e-03 9.853462859405626856e-03 1.022769652366551860e-02 9.938228528181953375e-03 1.022960334489577197e-02 1.033679885363584378e-02 1.044544200693775342e-02 1.038844061710558590e-02 9.741244412383189694e-03 1.001326561679063282e-02 1.032951407688815181e-02 1.002847123206831309e-02 1.026787235001222140e-02 1.047260389182075313e-02 1.031163724022110539e-02 1.038427866271525793e-02 1.033086641331138963e-02 1.010177065145803285e-02 1.031622129841191018e-02 1.026658598890388061e-02 1.032995925973911704e-02 1.012245152658234823e-02 1.030923495031884664e-02 9.858218788164540766e-03 9.858074405530421400e-03 9.771362470731492431e-03 1.026279177285419238e-02 1.027657395215518174e-02 1.017197376687558469e-02 1.034627192156983670e-02 9.834529342591569537e-03 9.951237929174818614e-03 1.002998022764965344e-02 1.030465223556934623e-02 9.926023277608119616e-03 1.030771652636147152e-02 1.017118857434503448e-02 1.025347011875785488e-02 1.033972226178641284e-02 1.024851073918451802e-02 1.026541738280215693e-02 9.912889552646828722e-03 1.019318942114468170e-02 1.031999549601856324e-02 9.975496601122792531e-03 1.035751033461360798e-02 1.006246080974516378e-02 9.969976830810951471e-03 1.024327794398997675e-02 1.026367678958229820e-02 1.028590935610738076e-02 1.040980640875319337e-02 1.020902404257504129e-02 1.021410456496963867e-02 1.018480961427778268e-02 1.026318642706942896e-02 1.041743640094242723e-02 1.030697513231306969e-02 1.029243766768724207e-02 1.035864344055420321e-02 1.017603575432594019e-02 1.035720240723803087e-02 1.033366644744766402e-02 1.040911658901843596e-02 1.043314351244058538e-02 1.037623994646396687e-02 1.010580778286400763e-02 1.034768296179390881e-02 1.070415828346823854e-02 1.018526399251636419e-02 1.040072754829958479e-02 1.030326433825505539e-02 1.038623394777728887e-02 1.038118433017936985e-02 1.038025940099958529e-02 1.028919765579417583e-02 1.029162122658841896e-02 1.030603742162815133e-02 1.036575800222908246e-02 1.032982320879212781e-02 1.034927904459887089e-02 1.022241681351115927e-02 1.011808569966976372e-02 1.044340507937736515e-02 1.017717750471078611e-02 1.015483118698789003e-02 1.035267499560175303e-02 1.037621872704617282e-02 1.031467267608326965e-02 1.036801892945622347e-02 1.033983012315243567e-02 9.962179991584491426e-03 1.023999972269909291e-02
9.511299885506896076e-03 9.437421565648911048e-03 0.000000000000000000e+00 9.328014608870517296e-03 9.520749317907471407e-03 9.705215535767107438e-03 9.538151087341496803e-03 9.823626063908446476e-03 9.836227765720918434e-03 1.021246795488462908e-02 9.943907748274244743e-03 1.023417847330095228e-02 1.034330942797228453e-02 1.044911044750431069e-02 1.039411438589693017e-02 9.720580379597746831e-03 1.001867329608642498e-02 1.007484802152821581e-02 1.003344731574615581e-02 1.027405203595947551e-02 1.047596304215338975e-02 1.032145583898019282e-02 1.038825789565792773e-02 1.034195868309634690e-02 1.008714065275249233e-02 1.032816240318515724e-02 1.027482945022344107e-02 1.033754190227630446e-02 1.013128694721464329e-02 1.031545154502962539e-02 9.874719937874193790e-03 9.838707937755007682e-03 9.750468568551549572e-03 1.027491656333506115e-02 1.028571520365749795e-02 1.018365368384918299e-02 1.035584902426308490e-02 1.013672580039516082e-02 9.936893243867312223e-03 1.001488785502136110e-02 1.028849684757541030e-02 9.935382575241534509e-03 1.031920202861771191e-02 1.017962434780352379e-02 1.025780091170898356e-02 1.034683722874197610e-02 1.025352000543280559e-02 1.024852572533226439e-02 9.922574080208376376e-03 1.020501801101867181e-02 1.033496614031052807e-02 9.991579913666422466e-03 1.036669999295438717e-02 1.007300676934446380e-02 9.987636524278843686e-03 1.025906786071374005e-02 1.027207915240958315e-02 1.030088816355912915e-02 1.041665293853942346e-02 1.021718314525573226e-02 1.022216524793329029e-02 1.019274700070060304e-02 1.027109050525668553e-02 1.042512811396461951e-02 1.031292801583236392e-02 1.030051436637451773e-02 1.036730965518443612e-02 1.018366771231882240e-02 1.036531346367851672e-02 1.034206306578986170e-02 1.041415712813261937e-02 1.044062823412329061e-02 1.038385443026135745e-02 1.011453847787161485e-02 1.035541070763867054e-02 1.071588748512337409e-02 1.019403176615209933e-02 1.040832247110238390e-02 1.031676324030525969e-02 1.040037798688004875e-02 1.038896673494972209e-02 1.039293723223014797e-02 1.029811942700888105e-02 1.030026459179214128e-02 1.031435046188148262e-02 1.037365702487000677e-02 1.033986889666078414e-02 1.036117649058157335e-02 1.023566764461915531e-02 1.012676190860984857e-02 1.045262237877536173e-02 1.018719911279742513e-02 1.016359239571017724e-02 1.036139648648974447e-02 1.038440724221479337e-02 1.032800303130472844e-02 1.038002776804341880e-02 1.034783718971935343e-02 1.024885455517918730e-02 1.025406442638019354e-02
9.405854192196467026e-03 9.343849339450545355e-03 9.328014608870517296e-03 0.000000000000000000e+00 9.369420603609374121e-03 9.571785041564362384e-03 9.437062316625744254e-03 9.695403068923115486e-03 9.729261680506827437e-03 1.014664499038576452e-02 9.876383317926906019e-03 1.017540112068718132e-02 1.028043483150301377e-02 1.040022784329541934e-02 1.033163423133658110e-02 9.613525660577396104e-03 9.954851902311802336e-03 1.026007521080145139e-02 9.969130351567597609e-03 1.020893568795562013e-02 1.042624150964396174e-02 1.026277763876829417e-02 1.032583953420891654e-02 1.027708984546386699e-02 9.979731711359024135e-03 1.026278441579486257e-02 1.021086012237013528e-02 1.027986992715381256e-02 1.006154240223713740e-02 1.025174502492455508e-02 1.008737941128408019e-02 9.743642126627739819e-03 1.004114577795846633e-02 1.021307052094259753e-02 1.022268067063845064e-02 1.011964288142506822e-02 1.029597950251162110e-02 9.722145233874338044e-03 9.880449464359718562e-03 9.953378368478182567e-03 1.023524767160275198e-02 1.015871698172209764e-02 1.026446729802033171e-02 1.012131962501729501e-02 9.907635927260896244e-03 1.028517361253139008e-02 1.018618550953503954e-02 1.018074086169062399e-02 1.012798132399111289e-02 1.016078171208154718e-02 1.023260033657706278e-02 9.881763908740731975e-03 1.029496295411291319e-02 9.513824360418905376e-03 9.879565974916331567e-03 1.015921599862068363e-02 1.017414806837292629e-02 1.020002713730652245e-02 1.034687261783426813e-02 1.014921631008318739e-02 1.015479669585664553e-02 1.012577135775618795e-02 1.020470538062261123e-02 1.036058156358248689e-02 1.024908020100155984e-02 1.023482235800225390e-02 1.029912612211857960e-02 1.011705259531547017e-02 1.029922476502109600e-02 1.027773422118701853e-02 1.035167885177767401e-02 1.037446334324426157e-02 1.031802553329740600e-02 1.004376675525834109e-02 1.028691757971856441e-02 1.062765545791002561e-02 1.012652054030524842e-02 1.034380383877587378e-02 1.025109204020472307e-02 1.030300750329840413e-02 1.032192739191736125e-02 1.032426903104184147e-02 1.020581156094841832e-02 1.022884539418643032e-02 1.024113371988781204e-02 1.030612831701886549e-02 1.027726504777468422e-02 1.029711761159353076e-02 1.017009610590793520e-02 1.005695242884789217e-02 1.035494878460223658e-02 1.008345224191756727e-02 1.009031722936999317e-02 1.027093478336055070e-02 1.031306001272700064e-02 1.026470358832699131e-02 1.031382271627467005e-02 1.028094386810332779e-02 1.017634708687469372e-02 1.018422809656941048e-02
9.993912503465597966e-03 9.496446274005816701e-03 9.520749317907471407e-03 9.369420603609374121e-03 0.000000000000000000e+00 9.633684067658696351e-03 1.006075981519324175e-02 9.869670879903450975e-03 9.828035652627934923e-03 1.026333220116160128e-02 9.957092005062386994e-03 1.025487140899278282e-02 1.035301498902868426e-02 1.047419859274453281e-02 1.039848013509307723e-02 1.014369395279933819e-02 1.002730737402157506e-02 1.036902708576397172e-02 1.004193248074583371e-02 1.027293868222492641e-02 1.049809877920930209e-02 1.036097730796939689e-02 1.040966987779597813e-02 1.036156873223486631e-02 1.013080004861578905e-02 1.035279029843842735e-02 1.028154622766820799e-02 1.036063065350597417e-02 1.013103127655339691e-02 1.032024763154486616e-02 9.870511225756196938e-03 9.933254063134017847e-03 1.020384564314536988e-02 1.029302873534184044e-02 1.032023903170435457e-02 1.015901700217113589e-02 1.035064738949737807e-02 9.920187617079412323e-03 1.000509835649840591e-02 1.008975951281024588e-02 1.036532422180471043e-02 1.024850147789391208e-02 1.034702298463488837e-02 1.020332802638895288e-02 1.028249020019437673e-02 1.036028029998471017e-02 1.027242398246822411e-02 1.028101778481019940e-02 9.871474900658297816e-03 1.023282001313553791e-02 1.021566242348295912e-02 9.886633000327915352e-03 1.033056793774367842e-02 9.529665014989972469e-03 9.383451787434366961e-03 9.840690381899474745e-03 1.016468168981535941e-02 9.893785908368799009e-03 1.039201807739630577e-02 1.021336780223134830e-02 1.022011721352080946e-02 1.019216260332019008e-02 1.026967083767179462e-02 1.042609579688088574e-02 1.031751582610153546e-02 1.030070704268152247e-02 1.034583979533132587e-02 1.018329513765688955e-02 1.035602622001029205e-02 1.032530914528418872e-02 1.041298929976027139e-02 1.043939649397724288e-02 1.038341600060999591e-02 1.010642249250204294e-02 1.034603052993443052e-02 1.065038261566722717e-02 1.019153813701192263e-02 1.041021134453433070e-02 1.029340216416228804e-02 1.028516343118355235e-02 1.038300642631783365e-02 1.037632347182729405e-02 1.026048793249406156e-02 1.029432061166720043e-02 1.030342291800691486e-02 1.037017099015305130e-02 1.032355486273892585e-02 1.035040168237577780e-02 1.020801060931999897e-02 1.011988616063796281e-02 1.039703682366800025e-02 1.008128025580296017e-02 1.014566940919752608e-02 1.031915259111756793e-02 1.037659094520558371e-02 1.031024001704248030e-02 1.036847801138513110e-02 1.034769761961955997e-02 9.885911679198406549e-03 1.022276719544255516e-02
9.743696286811740631e-03 9.693752548145207967e-03 9.705215535767107438e-03 9.571785041564362384e-03 9.633684067658696351e-03 0.000000000000000000e+00 1.020027176710742306e-02 1.027515422312084807e-02 1.000510693696747382e-02 1.042973774525841543e-02 1.012638502709259543e-02 1.041003400104884707e-02 1.051026383330543913e-02 1.062624545878932715e-02 1.054498588306799697e-02 1.000756561579610980e-02 1.019230517473454153e-02 1.050577844905734373e-02 1.020871805953974150e-02 1.041845735308796934e-02 1.064850806910289278e-02 1.051391592677027205e-02 1.055584059075827946e-02 1.052187079202371138e-02 1.050832180039581662e-02 1.050522597306225402e-02 1.042716584108999839e-02 1.031510119864863587e-02 1.027256105174610690e-02 1.047701897594370893e-02 1.008531710926934694e-02 1.012017471913577091e-02 1.033391677539016208e-02 1.045376189495960187e-02 1.047605049377502151e-02 1.004458749553042117e-02 1.047274481595903209e-02 1.036961145466781288e-02 1.017315217288874279e-02 1.024847847226346455e-02 1.051761725939426989e-02 1.018453655568087902e-02 1.050029330195408409e-02 1.007899080789922790e-02 1.042351636109972203e-02 1.050030023925083329e-02 1.042307273155572249e-02 1.043889732202749575e-02 1.004405626538020999e-02 1.034683123027614962e-02 1.032524422480400432e-02 9.574800684995863481e-03 1.044329383418311080e-02 9.703657611501569080e-03 9.555458878717499119e-03 1.000740198426883047e-02 1.027458548830126155e-02 1.004075882173020504e-02 1.053772673934021652e-02 1.036984369619058446e-02 1.037783654104663597e-02 1.035157610112385183e-02 1.042636457811704428e-02 1.057847195957470690e-02 1.047357422764070428e-02 1.045699666856182014e-02 1.049300287019147224e-02 1.034218828015602380e-02 1.050937327828571459e-02 1.046881880057276386e-02 1.055532070813048652e-02 1.059130696680398234e-02 1.053764774088171083e-02 1.026473897474858982e-02 1.049754930957608363e-02 1.074785971131327067e-02 1.035110378498509121e-02 1.055789265867152979e-02 1.043636116555005447e-02 1.039653365805224931e-02 1.053383109267493935e-02 1.052537006436665180e-02 1.040686860234439279e-02 1.044894163052201806e-02 1.045606617337364874e-02 1.052335436798251637e-02 1.046805473914187018e-02 1.050027111062224947e-02 1.035945450320203964e-02 1.027769860173774821e-02 1.050606309551137263e-02 1.023093140790340243e-02 1.030045399808379378e-02 1.046183346130928962e-02 1.052777264150811347e-02 1.045374459333846956e-02 1.051156959235622669e-02 1.050313458104795532e-02 1.005390920143445742e-02 1.036861809014184323e-02
9.584029752348299097e-03 9.972995290198412299e-03 9.538151087341496803e-03 9.437062316625744254e-03 1.006075981519324175e-02 1.020027176710742306e-02 0.000000000000000000e+00 9.864674877036705772e-03 9.953048049144090637e-03 9.657575105972697471e-03 9.852601041035692966e-03 1.014640984301193663e-02 1.031502344496981576e-02 1.041777870242474417e-02 1.040178584115144557e-02 9.693919813420170256e-03 1.001365739641605496e-02 1.003866498581550137e-02 1.002430360343130669e-02 1.029290948476514755e-02 1.043960889666989585e-02 1.018794264142739055e-02 1.036577793904255515e-02 1.018022798395779201e-02 1.008076214296272852e-02 1.023357135380604729e-02 1.029069967628846137e-02 1.038655221867402188e-02 1.015553930050940891e-02 1.032429408205333583e-02 1.025624183738751798e-02 9.857782233068351774e-03 9.640218478603733779e-03 1.024973838599810803e-02 1.019422207576685391e-02 1.023514004935308433e-02 1.038641636384395051e-02 9.708816801989225351e-03 9.277375120127124425e-03 9.347580421279240090e-03 9.816444125347972144e-03 1.017345910571242421e-02 1.022956688132970610e-02 1.023826777949374614e-02 1.028373395526117375e-02 1.036555860201078712e-02 1.024876276079332398e-02 9.959851301378714120e-03 1.031665275088112545e-02 1.024613955540169645e-02 1.037745546145402674e-02 1.005738032142032383e-02 1.040310262066935186e-02 1.016880742160090889e-02 1.008888160970651017e-02 1.035081562899893559e-02 1.031752454744644908e-02 1.039017946695594379e-02 1.044108596849731979e-02 1.023598480254081164e-02 1.024153390661534241e-02 1.020780202623479058e-02 1.028812314971332478e-02 1.043050767084327014e-02 1.029397779323534302e-02 1.031607400369414888e-02 1.039748643287781785e-02 1.019806958594651064e-02 1.037542727898147984e-02 1.037020773886024490e-02 1.038422711030144788e-02 1.044987342999602851e-02 1.039618328316019129e-02 1.013883095055875642e-02 1.037083383211270110e-02 1.074820192271834333e-02 1.021593888589870762e-02 1.041041077828827946e-02 1.035283951111553268e-02 1.044836313956538573e-02 1.040570338093500975e-02 1.041676156372648571e-02 1.033220089936990292e-02 1.032098626118607525e-02 1.033132628552971798e-02 1.038804565078493142e-02 1.034903693809834969e-02 1.037772145666662239e-02 1.027161035055697627e-02 1.015027489254587134e-02 1.048425795100927510e-02 1.022531857567550093e-02 1.018926108040062173e-02 1.039559721015914477e-02 1.040016320577066312e-02 1.036280557876765110e-02 1.039808658797204688e-02 1.035731704623611173e-02 1.036064637340232755e-02 1.028457772774163566e-02
9.899345426215523311e-03 9.837054565905426276e-03 9.823626063908446476e-03 9.695403068923115486e-03 9.869670879903450975e-03 1.027515422312084807e-02 9.864674877036705772e-03 0.000000000000000000e+00 1.018323844342708222e-02 1.014441217800718560e-02 1.016089372989750425e-02 1.043644465392181038e-02 1.054574420012804013e-02 1.064768007707530412e-02 1.062247549737144713e-02 1.008147971513501627e-02 1.024285933621736644e-02 1.038791167982108278e-02 1.025210868738715871e-02 1.049863685751373753e-02 1.066454627931751227e-02 1.051668121993646829e-02 1.060970900971505183e-02 1.050558846634852030e-02 1.039079319636979776e-02 1.052919505595129035e-02 1.050837417970342837e-02 1.058236141322599182e-02 1.035961681169777528e-02 1.055521390686912052e-02 1.041068784259604856e-02 1.020058092583525644e-02 1.008236617144614954e-02 1.026969587231253700e-02 1.048945862099523972e-02 1.020353192021381146e-02 1.057312427175592304e-02 1.012575364425698059e-02 1.013408131339876839e-02 1.020208309163363539e-02 1.028732813014553681e-02 1.027512483030678520e-02 1.051358355397811854e-02 1.044298214671411651e-02 1.037278988459981732e-02 1.058760127103865883e-02 1.047980523249315322e-02 1.048972575500518346e-02 1.028147610407041494e-02 1.044289696443937918e-02 1.052381548054446420e-02 1.020480903025572199e-02 1.058392948010163093e-02 9.997868047106801132e-03 1.019803392986722707e-02 1.028176798320879111e-02 1.047140390559966709e-02 1.048743384367421642e-02 1.063875961715074134e-02 1.045521895909864822e-02 1.046371354684046129e-02 1.043237760839627916e-02 1.050894826770593267e-02 1.064998702800894551e-02 1.052220328436412160e-02 1.053035396415343862e-02 1.059112704417607478e-02 1.042056865131673130e-02 1.059208185779984129e-02 1.055317668242538101e-02 1.061510317204735279e-02 1.067028462911753448e-02 1.061877296303214563e-02 1.035697877104136549e-02 1.058217496386992980e-02 1.089357688914830390e-02 1.043040717585488712e-02 1.063044852383931461e-02 1.053786023698709100e-02 1.044024207430787991e-02 1.060625773698775816e-02 1.061583941971558538e-02 1.051859959782559112e-02 1.053346641350063652e-02 1.054600426009332827e-02 1.060924005089119819e-02 1.053693602586550787e-02 1.058670581176980596e-02 1.026409287150834189e-02 1.036832040120807576e-02 1.064728443836873879e-02 1.039076876626926320e-02 1.039572709588941837e-02 1.057241189153607271e-02 1.061481699848987846e-02 1.055045273659337493e-02 1.060498759144955228e-02 1.058534020032019310e-02 1.031585708904967334e-02 1.046632014717353149e-02
9.917255236333041499e-03 9.853462859405626856e-03 9.836227765720918434e-03 9.729261680506827437e-03 9.828035652627934923e-03 1.000510693696747382e-02 9.953048049144090637e-03 1.018323844342708222e-02 0.000000000000000000e+00 1.045154567317891671e-02 1.018540945977725216e-02 1.046446776922505505e-02 1.055565783003867796e-02 1.066758370933272582e-02 1.060079336604434833e-02 1.032978415911527115e-02 1.023890980349290852e-02 1.042180018725499986e-02 1.025362314925480980e-02 1.029191309207385871e-02 1.068104109304921986e-02 1.056544574218016772e-02 1.061561964540638087e-02 1.055976785149134040e-02 1.044134613157012351e-02 1.057187276287777783e-02 1.048997120944738549e-02 1.055233412114241036e-02 1.032967792830287446e-02 1.053843645602400153e-02 1.039950351109082856e-02 1.024816571707416919e-02 1.036733439710804498e-02 1.029380755747408629e-02 1.053899976610984078e-02 1.015102843918531082e-02 1.043895616355144419e-02 1.041085941064983679e-02 1.020526311773899651e-02 1.028730236756214382e-02 1.054053731572237793e-02 1.031987352438338418e-02 1.055963745168214847e-02 1.041572394818166512e-02 1.049827134202082832e-02 1.057819961956036822e-02 1.048539290782156061e-02 1.047856025671718011e-02 1.020050550908438089e-02 1.042288406712072596e-02 1.046672881223146070e-02 1.013629986850053503e-02 1.037242462962524245e-02 1.022375892849577798e-02 9.795258090749620755e-03 1.021362843215644668e-02 1.041212996968312633e-02 1.026175421183100726e-02 1.059702923435089372e-02 1.043428981357855806e-02 1.044299220206448310e-02 1.041452597853117362e-02 1.047811264447955949e-02 1.063612663153468661e-02 1.052323948723629318e-02 1.050459563813696366e-02 1.055549304493475123e-02 1.040310578953155055e-02 1.056635635710890218e-02 1.034955053799074993e-02 1.058970155686566987e-02 1.065412290797200512e-02 1.059208099933380692e-02 1.032594453692332014e-02 1.056080681114522288e-02 1.086852263577293108e-02 1.039530103932095363e-02 1.061348431338198298e-02 1.051312850246635851e-02 1.053156172133556945e-02 1.058629175236166890e-02 1.058265018403577520e-02 1.050989126774161744e-02 1.051155202903845606e-02 1.052917322653384308e-02 1.058180608609209095e-02 1.040065917777569134e-02 1.056854659577287359e-02 1.022314081534899874e-02 1.033125356639509086e-02 1.062487990363160037e-02 1.033987137255984803e-02 1.037215593172314751e-02 1.056321716852761175e-02 1.059672779397316869e-02 1.053063873159939753e-02 1.058664717789342506e-02 1.056143833497150651e-02 1.023941569619304763e-02 1.042943367955631757e-02
1.024580614619830833e-02 1.022769652366551860e-02 1.021246795488462908e-02 1.014664499038576452e-02 1.026333220116160128e-02 1.042973774525841543e-02 9.657575105972697471e-03 1.014441217800718560e-02 1.045154567317891671e-02 0.000000000000000000e+00 9.267981768348882571e-03 9.657073429534151696e-03 1.022119012010206350e-02 1.032867662200485058e-02 1.042443934084292222e-02 1.025946243401107058e-02 9.962342269159794178e-03 1.018909388276240634e-02 1.000907166811005472e-02 1.036561468840179606e-02 1.011942091118637164e-02 1.021752598087373454e-02 1.034098774744680177e-02 9.712462027708821180e-03 1.014261129627310604e-02 9.919569827377194143e-03 1.034813968875191413e-02 1.047612025784673724e-02 1.021720285153705256e-02 1.037662549583475043e-02 1.037958035731322698e-02 1.035497762559895590e-02 1.016328725645610463e-02 1.028381020963120389e-02 1.003595468699243660e-02 1.032411237089426136e-02 1.048061491204711239e-02 9.901070872103503659e-03 9.358009355765707291e-03 9.337266906329817068e-03 9.899889305082381491e-03 1.000390428158359248e-02 1.004901666637576969e-02 1.033935716568918500e-02 1.040564314267963288e-02 1.044658469738964958e-02 1.032374155484125020e-02 1.031793854050649245e-02 1.048605369460932704e-02 1.035754727020207419e-02 1.045866099471764142e-02 1.018018256177737925e-02 1.048277300534333593e-02 1.031089200012074575e-02 1.019749229026944461e-02 1.045572567189805013e-02 1.040148239727225685e-02 1.050358920664752095e-02 1.050188789989408081e-02 1.026548631126616463e-02 1.029102888475268672e-02 1.022832759236408894e-02 1.031693764190002617e-02 1.042353429762701150e-02 9.918753213035196026e-03 1.034227735734395172e-02 1.046462259897775089e-02 1.020746462448077381e-02 1.037481093316133286e-02 1.042275388334204175e-02 1.040471654023205315e-02 1.049915025629822272e-02 1.045107934624344738e-02 1.020627757498142156e-02 1.038824815840950350e-02 1.078752026250129857e-02 1.027530296694840334e-02 1.041738811082166746e-02 1.041710374197098860e-02 1.053714567169190125e-02 1.045188436867922066e-02 1.047811660573074941e-02 1.040343569519096810e-02 1.038452251312241802e-02 1.040033857988908496e-02 1.044885722115474966e-02 1.019745759506293474e-02 1.041530031926642119e-02 1.035289635767690404e-02 1.021319568563942154e-02 1.055836386606834841e-02 1.030266715587910969e-02 1.025714556394237767e-02 1.046416264515831474e-02 1.046704564658351884e-02 1.042565932186466024e-02 1.046096860303918387e-02 1.041423435215790144e-02 1.047143130208908444e-02 1.035737215324541299e-02
9.981944077971946147e-03 9.938228528181953375e-03 9.943907748274244743e-03 9.876383317926906019e-03 9.957092005062386994e-03 1.012638502709259543e-02 9.852601041035692966e-03 1.016089372989750425e-02 1.018540945977725216e-02 9.267981768348882571e-03 0.000000000000000000e+00 9.180877029930699026e-03 9.408992816516041982e-03 9.613962941543039917e-03 1.009336833137462058e-02 1.002157106596408311e-02 9.597967466790254670e-03 1.012914354344307023e-02 9.655567513224598553e-03 1.001662163571544889e-02 9.661736769213601431e-03 9.951705174861153261e-03 9.635006744640812332e-03 9.319801514743257520e-03 9.755542249755517342e-03 9.500829462969467148e-03 9.999590718831203803e-03 1.015361588142542348e-02 9.857773260735596538e-03 1.001898195996845861e-02 1.006895961313762460e-02 1.016361952899895275e-02 9.977509745175866182e-03 9.966284902428909978e-03 9.982453321122373990e-03 9.986804329056197388e-03 1.015803855394545839e-02 1.002729462766931666e-02 9.604957435534059243e-03 9.001739610921259682e-03 9.974029351266941457e-03 1.002324278957729409e-02 1.003515696953342744e-02 1.000152081394965059e-02 1.009243130249719636e-02 1.011309949758497188e-02 9.968138497974831161e-03 1.000180291668597080e-02 1.017808697501466561e-02 1.002564510952983455e-02 1.012052844410595183e-02 9.828138824347004004e-03 1.014435370861895003e-02 9.980192764972625752e-03 9.847568802932261597e-03 1.012938277826995991e-02 1.006049444145763055e-02 1.017839428459420617e-02 1.016958319923289000e-02 9.937352992421728121e-03 9.939177285201460099e-03 9.875008699985648661e-03 9.977758477490283190e-03 1.008277006443249191e-02 9.935486992442161755e-03 9.985987533399182450e-03 1.012484472389833627e-02 9.877922590153784266e-03 1.005492801518492220e-02 1.009837821656718940e-02 1.009511668079692871e-02 1.015034498787371203e-02 1.008500104458228200e-02 9.848711241032618788e-03 1.004846870305292801e-02 1.049284745095774123e-02 9.917352890637873286e-03 1.007334689486083339e-02 1.008427976074826281e-02 1.021379805599844509e-02 1.011918691319079258e-02 1.013977246140682596e-02 1.005920156830726261e-02 1.004203415152995008e-02 1.005751381294559162e-02 1.010503172978124628e-02 1.007706548798114644e-02 1.006970527095193448e-02 1.001173113127152431e-02 9.858898676651062926e-03 1.022553552976200944e-02 9.952500108084657085e-03 9.903653414055593740e-03 1.012535831434665037e-02 1.013061853859562565e-02 1.009328508139594772e-02 1.012947004712674327e-02 1.006855233652322740e-02 1.015017261341418300e-02 1.000716750476393808e-02
1.027545687951453117e-02 1.022960334489577197e-02 1.023417847330095228e-02 1.017540112068718132e-02 1.025487140899278282e-02 1.041003400104884707e-02 1.014640984301193663e-02 1.043644465392181038e-02 1.046446776922505505e-02 9.657073429534151696e-03 9.180877029930699026e-03 0.000000000000000000e+00 9.741410586603703806e-03 9.915654812613455132e-03 1.034618170827380536e-02 1.030240883390017015e-02 9.315381658429251407e-03 1.035706943680166775e-02 9.881099404234929343e-03 1.032738480771227402e-02 1.022114091519692701e-02 9.885517829830499370e-03 1.003416262127187174e-02 9.650685397799457430e-03 1.013440187707245234e-02 9.900410520689149896e-03 1.030549100191269392e-02 1.043566977636145067e-02 1.017913527615884987e-02 1.031461280771277592e-02 1.036024460969523289e-02 1.017903258886552337e-02 1.025229319498100963e-02 1.019117579854330810e-02 1.027799294329299895e-02 1.029411071615265495e-02 1.043553426401313752e-02 1.029317429229969008e-02 9.898631141155227881e-03 9.415584611620259059e-03 1.023446040609485817e-02 1.003718483049581556e-02 1.031273703161409046e-02 1.030354676340777820e-02 1.038383560488152606e-02 1.040258604742878498e-02 1.026437970536704831e-02 1.030157679655518965e-02 1.046608181022979679e-02 1.032799882050417471e-02 1.041814277890628672e-02 1.014273386662651634e-02 1.043184898800647749e-02 1.028189378860847221e-02 1.015900455522454962e-02 1.042763313634208037e-02 1.035739405874945389e-02 1.046787918439690164e-02 1.042838435501037761e-02 1.016938354115945291e-02 1.019693820992509901e-02 1.011168106807294222e-02 1.023634563239613805e-02 1.033303177610089829e-02 9.762224773415399334e-03 1.027068114040769788e-02 1.040819719637441597e-02 1.006152517485544781e-02 1.028588259998864524e-02 1.036728115949334290e-02 1.035278095376233193e-02 1.040971045484208497e-02 1.037278374277678279e-02 1.012718016202058570e-02 9.931178062977856144e-03 1.069904259988798886e-02 1.023376551220366894e-02 1.011939369486892365e-02 1.038146108080644815e-02 1.049894621298081560e-02 1.035698086811966470e-02 1.041836242040197064e-02 1.034232039305957654e-02 1.034089896231444802e-02 1.036175467224347523e-02 1.039566130703406012e-02 1.038188562138115008e-02 1.015341320674358061e-02 1.031856511772339703e-02 1.013086432666234632e-02 1.050515946592659247e-02 1.023364738868104591e-02 1.017788468444057529e-02 1.039004062349503134e-02 1.042166155957913697e-02 1.038998744712802888e-02 1.041732584785862864e-02 1.036000457811795013e-02 1.044612635655639381e-02 1.031512743413997603e-02
1.037983719282976024e-02 1.033679885363584378e-02 1.034330942797228453e-02 1.028043483150301377e-02 1.035301498902868426e-02 1.051026383330543913e-02 1.031502344496981576e-02 1.054574420012804013e-02 1.055565783003867796e-02 1.022119012010206350e-02 9.408992816516041982e-03 9.741410586603703806e-03 0.000000000000000000e+00 9.958107745821159068e-03 1.039821678519905861e-02 1.043615439828280388e-02 9.394256411322446723e-03 1.040572963817367087e-02 9.482812530558907757e-03 1.039778977993672214e-02 1.006504213590726088e-02 1.005074301651848710e-02 1.015063511035319867e-02 9.803932806924698512e-03 1.026487950460576622e-02 1.009058398302262703e-02 1.038822122547280839e-02 1.051495081158279957e-02 1.024262637743343467e-02 1.037287843854713988e-02 1.046232739686025343e-02 1.054709641670964482e-02 1.038664511381994122e-02 9.935248342687792028e-03 1.041678898494170953e-02 1.036694898581778934e-02 1.051932993265052713e-02 1.045487048608424729e-02 1.008128004866191973e-02 1.005982560808897641e-02 1.010281619941144800e-02 1.043223399358729139e-02 1.042475702482224126e-02 1.039547741719522994e-02 1.046547778781782741e-02 1.048263672134727362e-02 1.008304909012296656e-02 1.038001165800482399e-02 1.055774674014426512e-02 1.041723569403877475e-02 1.050286717058398871e-02 1.023108172855283389e-02 1.051398146121741359e-02 1.037182003326394056e-02 1.024831731171747112e-02 1.051372240780095238e-02 1.044447350719953163e-02 1.055403858494063755e-02 1.052678635358749240e-02 1.024610929108455901e-02 1.025083465696006307e-02 9.822291725005578497e-03 1.028144089602750326e-02 1.014702324331148882e-02 1.015506651454907081e-02 1.010398199742845553e-02 1.049354278678623839e-02 1.012506711882096497e-02 1.035278313942226622e-02 1.044767312494442393e-02 1.043325662974674967e-02 1.025200719773295549e-02 1.020811614708443463e-02 1.023497104802205057e-02 1.036877428856376043e-02 1.077046584353669872e-02 1.030124145417952650e-02 1.024618992175039406e-02 1.047353193228305404e-02 1.058848801696341164e-02 1.040097162725958993e-02 1.048994889613367662e-02 1.043983525148443718e-02 1.041470926180006890e-02 1.043101058652241321e-02 1.043703645578010486e-02 1.047332840614235462e-02 1.044966096668090670e-02 1.039563280039149454e-02 1.023538957913032107e-02 1.059051982411654720e-02 1.034104409161098678e-02 1.028649523532776562e-02 1.048954987498267911e-02 1.049759976648054552e-02 1.047550954042048010e-02 1.049564086325023744e-02 1.042671718967272745e-02 1.053248216210770152e-02 1.039915377194474029e-02
1.048586373710474334e-02 1.044544200693775342e-02 1.044911044750431069e-02 1.040022784329541934e-02 1.047419859274453281e-02 1.062624545878932715e-02 1.041777870242474417e-02 1.064768007707530412e-02 1.066758370933272582e-02 1.032867662200485058e-02 9.613962941543039917e-03 9.915654812613455132e-03 9.958107745821159068e-03 0.000000000000000000e+00 1.035835350836229046e-02 1.054440253042841086e-02 9.560007155879872084e-03 1.038906903922368237e-02 9.649018229225684098e-03 1.051366033373483770e-02 1.020418532270611633e-02 1.022587728455138199e-02 1.032045774524576430e-02 9.989407219491729106e-03 1.044212510052549246e-02 1.043739831764082908e-02 1.035522392550887634e-02 1.062880857449423691e-02 1.036662131434360444e-02 1.032880774824502731e-02 1.058683236083067178e-02 1.064910862590255636e-02 1.027161662105575100e-02 1.010800929303893973e-02 1.052511637689165953e-02 1.048561520148902880e-02 1.063133682831217397e-02 1.056171377626886378e-02 1.020022466101253716e-02 1.017378066776043755e-02 1.026807151683935618e-02 1.054117082224224206e-02 1.053852089173149160e-02 1.051800467880947658e-02 1.058761684440453696e-02 1.060397883023754366e-02 1.027050733658084296e-02 1.050250987234564032e-02 1.067149864247436165e-02 1.052117197047349600e-02 1.062402704118723014e-02 1.035759322295385330e-02 1.061759269658963355e-02 1.049511849690670968e-02 1.037506430566108653e-02 1.063442099305314352e-02 1.056448618451586406e-02 1.066996050418589186e-02 1.063874121857370791e-02 1.034121674125732492e-02 1.034701948079914599e-02 9.960675096499541428e-03 1.011140599020158085e-02 1.028054349012689009e-02 9.965546015599076324e-03 1.025205147598465608e-02 1.060894738320176771e-02 1.020323521454056213e-02 1.043137062832415543e-02 1.053461706484382782e-02 1.052439023460620404e-02 1.054499546904735623e-02 1.037246033139923099e-02 1.035781872713396543e-02 1.047403650134583197e-02 1.085220460397810609e-02 1.042126642582110602e-02 1.041584052229824718e-02 1.059737796936463007e-02 1.070642847801080155e-02 1.051062484675114282e-02 1.060541477970669208e-02 1.056494782545484672e-02 1.053552653669338757e-02 1.055215773759113178e-02 1.053911138726638247e-02 1.059137507133226484e-02 1.057212789316673909e-02 1.051893062337831003e-02 1.033812770186736188e-02 1.070534254002096855e-02 1.046461409025876282e-02 1.040832076236460069e-02 1.060944511212719155e-02 1.061788575329078617e-02 1.059539658443937361e-02 1.061504489796004369e-02 1.053603646815678800e-02 1.065060816487818640e-02 1.052200617494460089e-02
1.041532705765997255e-02 1.038844061710558590e-02 1.039411438589693017e-02 1.033163423133658110e-02 1.039848013509307723e-02 1.054498588306799697e-02 1.040178584115144557e-02 1.062247549737144713e-02 1.060079336604434833e-02 1.042443934084292222e-02 1.009336833137462058e-02 1.034618170827380536e-02 1.039821678519905861e-02 1.035835350836229046e-02 0.000000000000000000e+00 1.053178217356852235e-02 1.006983393026705115e-02 1.046435508730933842e-02 9.769785777537443733e-03 1.022797488534284496e-02 1.034748566424377805e-02 1.051139443621522916e-02 1.041289594453471447e-02 1.044817467565808608e-02 1.058375731485749344e-02 1.038904057898489691e-02 1.042830299896730338e-02 1.045693493625815366e-02 9.978934367062854138e-03 1.027605912024047961e-02 1.049694778795173811e-02 1.064365510996840777e-02 1.049576947873744233e-02 1.041219265594061673e-02 1.050839639406012278e-02 1.037027976328956311e-02 1.042240583932362713e-02 1.059748857979301434e-02 1.021797864838316222e-02 1.028563626614261046e-02 1.052935886177925641e-02 1.054890094574337765e-02 1.053665965696735062e-02 1.024497005456999517e-02 1.050037174482705907e-02 1.044429382577119828e-02 1.042401684076760086e-02 1.030403711353893893e-02 1.057857110308771560e-02 1.025646060489511166e-02 1.052533954015150326e-02 1.026561518536010624e-02 1.052885940220193300e-02 1.040723619189914441e-02 1.028344064803526046e-02 1.053780551113072533e-02 1.047204800094613322e-02 1.057145673576140830e-02 1.052293777161198221e-02 1.028179907274131590e-02 1.028659971840612149e-02 1.023047968108283835e-02 1.010704854034773573e-02 1.031220631491899624e-02 1.008446983591779547e-02 1.019056360558033905e-02 1.051823324505841983e-02 1.021192649560602982e-02 1.040803015269523707e-02 1.044620794426565601e-02 1.035972513797387903e-02 1.052796425282836144e-02 1.036405704662522742e-02 1.024593377421883361e-02 1.020688085070788065e-02 1.079069994711819025e-02 1.008086103061726913e-02 1.040946051607558563e-02 1.049439320382700158e-02 1.061086093089438735e-02 1.044239749420414892e-02 1.052009951634091077e-02 1.045842951814472503e-02 1.045684059722512549e-02 1.046010619081520418e-02 1.048817255361812230e-02 1.037271481448619539e-02 1.041703460373060407e-02 1.037857123665602080e-02 1.023124576377011132e-02 1.060359802286910298e-02 1.035504911341748879e-02 1.029631226246805094e-02 1.050013984585025997e-02 1.053409888058308430e-02 1.047971666493139470e-02 1.052181572192633328e-02 1.047073896622305669e-02 1.055219352774670188e-02 1.023986630880149677e-02
9.766403815125043741e-03 9.741244412383189694e-03 9.720580379597746831e-03 9.613525660577396104e-03 1.014369395279933819e-02 1.000756561579610980e-02 9.693919813420170256e-03 1.008147971513501627e-02 1.032978415911527115e-02 1.025946243401107058e-02 1.002157106596408311e-02 1.030240883390017015e-02 1.043615439828280388e-02 1.054440253042841086e-02 1.053178217356852235e-02 0.000000000000000000e+00 1.014670740593699716e-02 1.027763192724697253e-02 1.016723085987496916e-02 1.042938441607319140e-02 1.059066447725385239e-02 1.013918255156296029e-02 1.032356768568839893e-02 1.038790093027716112e-02 1.044994655479350790e-02 1.022083889097153732e-02 1.041057490936045035e-02 1.049787601651087053e-02 1.028540270603985930e-02 1.044928568237626226e-02 1.034585807823904142e-02 1.008857963301465661e-02 9.893231972453836801e-03 1.038178026504400428e-02 1.015571454855884216e-02 1.035101904570553434e-02 1.051043306185878677e-02 9.975835696710719236e-03 9.988025959505068482e-03 9.657532938849413065e-03 1.010689222669389035e-02 1.034065350977405456e-02 1.042063300570198262e-02 1.035248940496829619e-02 1.023614522489918292e-02 1.034124542627016738e-02 1.015274195862099667e-02 1.037006548538838176e-02 1.040055917882629598e-02 1.036759098755073508e-02 1.048902622518695961e-02 1.015815985416004125e-02 1.052728708442985002e-02 1.026449102215502666e-02 1.019054591053917061e-02 1.045221619330637813e-02 1.043048689007364943e-02 1.028085087606121079e-02 1.056049244028751423e-02 1.036671048515981630e-02 1.036942805188693570e-02 1.033907053605976831e-02 1.041620175950653746e-02 1.055870967453724149e-02 1.044507671925389188e-02 1.044549829473991227e-02 1.052102585097124121e-02 1.032972461892583786e-02 1.050104833441001077e-02 1.049583235621878025e-02 1.051513270122405100e-02 1.056826906532016760e-02 1.052061537300058580e-02 1.027008646051482538e-02 1.049798124287043555e-02 1.085455673814912647e-02 1.034847691088457665e-02 1.053209530835113455e-02 1.047540429871763809e-02 1.055875714111524644e-02 1.053184443191854808e-02 1.054144669714950772e-02 1.045472652189676811e-02 1.043913300483727789e-02 1.045354022865514244e-02 1.050994594902491044e-02 1.049772596141225131e-02 1.050146159498945020e-02 1.039889254034593799e-02 1.028145293985868215e-02 1.060181146624490298e-02 1.034238741329325702e-02 1.031816188857786164e-02 1.051737295485631607e-02 1.052125532865298002e-02 1.048401954198863346e-02 1.051415328566668132e-02 1.047329877042358498e-02 1.044436813409627823e-02 1.040720709308566409e-02
