0.000000000000000000e+00 8.563197602137542774e-03 8.563190864968815361e-03 8.563258932371319715e-03 8.631729451720887569e-03 8.564709963751736613e-03 8.564826391881708717e-03 8.566609622787072983e-03 8.567377663450580216e-03 8.637160949678828262e-03 8.636642486346469971e-03 8.638400570078487092e-03 8.640596292152675703e-03 8.641827819555593024e-03 8.640911181654097398e-03 8.565919255580832503e-03 8.637059064536482811e-03 8.637655573303627821e-03 8.637352546153326607e-03 8.638234278118703258e-03 8.641396101312311812e-03 8.639442365375147453e-03 8.642769165932430789e-03 8.639267958455841556e-03 8.638902850281952872e-03 8.639671443912531543e-03 8.640332020861549167e-03 8.574362657238553814e-03 8.635920149073958094e-03 8.640179703034107928e-03 8.634241955870624805e-03 8.565558753394496988e-03 8.566351204818259402e-03 8.637609810141390690e-03 8.640240789841239707e-03 8.635631402573399479e-03 8.574630090923541018e-03 8.567913707813125737e-03 8.634217152733025466e-03 8.634652006442752187e-03 8.636237388357519487e-03 8.633850234931459908e-03 8.639442227401449015e-03 8.569307183261350505e-03 8.638290176534365108e-03 8.641740927545675868e-03 8.640731496546516163e-03 8.641147036448464103e-03 8.567111607064978665e-03 8.569453735360187119e-03 8.639982794763047952e-03 8.569207757303290082e-03 8.639620580323630061e-03 8.635803825678984441e-03 8.634631225718536127e-03 8.637068459339414944e-03 8.637926170921930019e-03 8.636683212737200285e-03 8.641051976275949259e-03 8.638045292991307009e-03 8.638413127034580072e-03 8.638819052070166593e-03 8.639945503363700985e-03 8.642092720905674222e-03 8.639847416689881363e-03 8.640058090129923429e-03 8.640467413958533016e-03 8.638418692142411232e-03 8.640732138181119251e-03 8.639770733910997688e-03 8.641757701235423805e-03 8.643043859990607800e-03 8.643068400686152938e-03 8.638079153004591532e-03 8.639082262977998070e-03 8.650456240011556580e-03 8.639073533981697986e-03 8.643878558417410207e-03 8.641340130918847770e-03 8.640564526749305516e-03 8.640378854805876030e-03 8.640847271093090795e-03 8.641092496441852427e-03 8.641219385801490044e-03 8.641632957705334961e-03 8.643125005767682972e-03 8.639942418488966852e-03 8.643363617862132378e-03 8.637804609656733745e-03 8.637979179112031253e-03 8.641787468346248668e-03 8.639031085952630570e-03 8.638455170041524009e-03 8.640693927059397636e-03 8.642609250159543136e-03 8.641037405237285418e-03 8.645547618617313579e-03 8.643121154632657510e-03 8.636272669841051075e-03 8.639432297232470248e-03
8.563197602137542774e-03 0.000000000000000000e+00 8.560657984321590544e-03 8.562120906112361679e-03 8.562184726300943460e-03 8.563674375258895424e-03 8.630734894038639277e-03 8.564050284133211885e-03 8.565618823168997045e-03 8.636069440014458587e-03 8.635591263236791493e-03 8.636655983516988364e-03 8.639591062639898761e-03 8.640890691805024754e-03 8.642979207235829478e-03 8.566288797381948691e-03 8.636734212907360222e-03 8.637431260835329999e-03 8.636346697715090170e-03 8.640286347251398269e-03 8.641244411202999784e-03 8.639187427218085122e-03 8.642610678083122860e-03 8.637476228044426926e-03 8.570852532530542564e-03 8.638006372605219405e-03 8.640852950277956232e-03 8.641149641274660856e-03 8.638663200421288491e-03 8.642197719028174574e-03 8.567672960058171985e-03 8.563715838523710058e-03 8.566710797245863027e-03 8.636546097457396473e-03 8.639289177864667088e-03 8.635439614697979979e-03 8.642212732969292710e-03 8.565344848720443660e-03 8.633874634356705768e-03 8.635043268859816587e-03 8.635860644601551367e-03 8.567194891593256020e-03 8.638427053198883404e-03 8.636786181239985288e-03 8.638034980381639749e-03 8.643092172103730361e-03 8.640543344715494525e-03 8.641723548151916678e-03 8.567570841323752032e-03 8.636334922027793376e-03 8.640513795267024816e-03 8.635196584976505968e-03 8.640116153044512595e-03 8.635504506073261866e-03 8.633639672136157739e-03 8.636787010125124633e-03 8.639155303160860055e-03 8.637183231087797869e-03 8.641659272137719797e-03 8.638552808459444218e-03 8.638966795182402222e-03 8.638624886808228542e-03 8.639805558601852675e-03 8.642711762126649086e-03 8.639652779808475874e-03 8.641402776866306812e-03 8.640290918413763566e-03 8.638222306766205408e-03 8.640556484199412093e-03 8.640359138245826479e-03 8.643110027481481356e-03 8.643621478927322049e-03 8.643700294070053719e-03 8.637866201098430563e-03 8.639590792372480940e-03 8.651152100347956134e-03 8.639728511517640042e-03 8.645192375786869832e-03 8.639731847718467792e-03 8.639624671827723923e-03 8.640184444810924611e-03 8.640702630378910634e-03 8.640945391625642208e-03 8.641021519298283660e-03 8.642192121191050180e-03 8.643718749527530207e-03 8.640540548234251772e-03 8.643281193619213598e-03 8.637658150670498095e-03 8.637766155041783078e-03 8.642319832921043637e-03 8.638811042885455316e-03 8.638242617620356736e-03 8.640516979145229301e-03 8.643140127681166532e-03 8.640880021140866923e-03 8.645472301303497309e-03 8.643707228271976448e-03 8.570505778255559787e-03 8.640014489497041539e-03
8.563190864968815361e-03 8.560657984321590544e-03 0.000000000000000000e+00 8.562106239425331874e-03 8.563654653697405639e-03 8.564445749339039127e-03 8.563684637615000955e-03 8.564028748377666700e-03 8.564928203285152031e-03 8.635354457608872270e-03 8.635573270844626795e-03 8.636651757443731398e-03 8.639555830536332567e-03 8.640116840762322378e-03 8.642224355563325744e-03 8.565540720516578652e-03 8.636012074780825831e-03 8.570389478396714042e-03 8.635595739799330553e-03 8.639541060608700931e-03 8.640458068237759359e-03 8.639847332435956345e-03 8.641845423288045669e-03 8.638158322561685643e-03 8.570120132158354220e-03 8.638698031097756524e-03 8.640866958616724713e-03 8.641187299113067474e-03 8.638648373868932848e-03 8.641477749305957398e-03 8.568470907119679625e-03 8.562985243053770207e-03 8.565968421692536985e-03 8.636482812475249418e-03 8.639258129018938248e-03 8.635455833062865433e-03 8.642222823589789868e-03 8.631600613400194910e-03 8.633878805322970848e-03 8.635018480145082928e-03 8.635100462928164272e-03 8.567938681102716530e-03 8.639143039705367635e-03 8.636854823233029721e-03 8.637347439468992527e-03 8.643085516368513924e-03 8.639794947692975430e-03 8.640289613754410791e-03 8.567619467868447386e-03 8.637047672535052081e-03 8.641295245551341639e-03 8.635963183255745620e-03 8.640166255514357407e-03 8.635582612700525018e-03 8.634406726241512092e-03 8.637612341668132396e-03 8.638488150384635023e-03 8.637957655120155967e-03 8.640969066829713718e-03 8.638567882608815668e-03 8.638959189310872408e-03 8.638623112172283403e-03 8.639781502136378508e-03 8.642693514065985863e-03 8.639614403019624939e-03 8.641385980042305681e-03 8.640325043677232753e-03 8.638213841893607400e-03 8.640576911161535617e-03 8.640361254066218633e-03 8.642413957259424337e-03 8.643628089100038533e-03 8.643684193279104963e-03 8.637883544349684098e-03 8.639584534353615675e-03 8.651930078851238423e-03 8.639735437018798703e-03 8.645206537670688252e-03 8.640527737636283928e-03 8.640422011963917737e-03 8.640185836727263743e-03 8.641436203912776157e-03 8.640987697467792869e-03 8.641052969898628186e-03 8.642202743011508093e-03 8.643719579134760342e-03 8.640558513822059125e-03 8.644006567631184329e-03 8.638407811051147106e-03 8.637789539287600571e-03 8.642362918158176879e-03 8.638861193163160229e-03 8.638260859774433975e-03 8.640566816005230966e-03 8.643165796381037033e-03 8.641673330213525683e-03 8.646212456517239284e-03 8.643721389769836241e-03 8.636802976804618809e-03 8.640792987090225100e-03
8.563258932371319715e-03 8.562120906112361679e-03 8.562106239425331874e-03 0.000000000000000000e+00 8.562931642562962228e-03 8.565179321055483436e-03 8.563676525731462805e-03 8.564127520366992055e-03 8.566469697559557159e-03 8.635316897693813901e-03 8.634744153627017110e-03 8.636558153892680625e-03 8.638760851015963096e-03 8.640776065402177783e-03 8.642251936089332884e-03 8.564846948319245271e-03 8.635892640508659179e-03 8.637448905910481006e-03 8.635502571992024687e-03 8.639560304831305285e-03 8.641150225806958421e-03 8.639086658578973288e-03 8.641808774031010248e-03 8.637399972402433346e-03 8.570282432489875757e-03 8.637960252907951608e-03 8.640100788521754352e-03 8.641977304394322587e-03 8.637234198987155456e-03 8.641443607440589536e-03 8.634760070753869782e-03 8.564551468784886018e-03 8.632964142554185386e-03 8.635803752420590298e-03 8.638495453082815564e-03 8.636188758331563714e-03 8.643733194584330218e-03 8.566056155504422551e-03 8.633801513325871368e-03 8.634215087039529002e-03 8.635825383392897042e-03 8.634274415685445209e-03 8.639131679801948654e-03 8.637561952621677919e-03 8.571867760098487998e-03 8.643106526923859806e-03 8.638974392552539738e-03 8.639487427132504227e-03 8.635403048612738663e-03 8.638518747163571876e-03 8.639752897649982666e-03 8.634395144891901866e-03 8.640021960339723875e-03 8.567765098760851683e-03 8.633572949936323127e-03 8.636884806461549505e-03 8.638351284645710490e-03 8.637227908894462222e-03 8.640857274374367028e-03 8.637699022155999676e-03 8.638109102266887385e-03 8.637755711666982722e-03 8.638947684234170310e-03 8.641886952699066871e-03 8.638812774785646284e-03 8.640643569451340184e-03 8.640154617812654050e-03 8.637352214722173252e-03 8.639728971778315100e-03 8.640328320515247226e-03 8.642392837898140237e-03 8.642769894593158031e-03 8.642873267249572000e-03 8.636987860356130572e-03 8.638740477365281639e-03 8.651128530694787711e-03 8.638952164433577954e-03 8.644499322446395906e-03 8.640461215292542796e-03 8.639607971343572085e-03 8.639311419336470274e-03 8.640587788129715924e-03 8.639452263267089274e-03 8.639468517216400759e-03 8.640640888217187079e-03 8.642868658421183625e-03 8.641334600887772346e-03 8.643330528694183335e-03 8.638399129002221830e-03 8.636901724765591939e-03 8.640756604512732711e-03 8.637284430023537893e-03 8.637366350262340453e-03 8.639699253667892931e-03 8.641612006556437589e-03 8.641638486572388381e-03 8.645460263387477404e-03 8.642882798825688925e-03 8.637542734033932385e-03 8.640041346539870798e-03
8.631729451720887569e-03 8.562184726300943460e-03 8.563654653697405639e-03 8.562931642562962228e-03 0.000000000000000000e+00 8.562845591893866737e-03 8.633074365471792716e-03 8.565556699515112712e-03 8.564813098233248906e-03 8.636949160345561149e-03 8.635618910853149269e-03 8.637434987935916492e-03 8.639652152745966318e-03 8.641692420918363829e-03 8.642984203890910488e-03 8.634201588707580283e-03 8.636742260313369154e-03 8.638935736850770000e-03 8.636364736192008937e-03 8.640191507380256056e-03 8.641956579474703581e-03 8.640779139236580073e-03 8.643434219483802847e-03 8.638305431391702510e-03 8.571823506024724842e-03 8.639572236293241794e-03 8.641593659944343461e-03 8.642618391620953897e-03 8.638615423416361530e-03 8.642226937831436889e-03 8.568439448150359447e-03 8.566826797132408300e-03 8.636076473005146678e-03 8.637363789193379382e-03 8.640869154282115536e-03 8.633872553672088113e-03 8.641311870644700910e-03 8.568503688601956589e-03 8.635470661945707574e-03 8.636592190385910389e-03 8.638243654439018912e-03 8.635093392370028764e-03 8.640077082767025352e-03 8.638176461192406327e-03 8.639619489913562267e-03 8.643881846884585857e-03 8.641334386787387356e-03 8.641805578836880136e-03 8.566018429234600884e-03 8.637709061292875648e-03 8.637276029045421605e-03 8.632740480088597207e-03 8.639086958629488971e-03 8.566091530664272577e-03 8.564175874980114664e-03 8.567331034574359946e-03 8.636683785529699481e-03 8.568408809435998710e-03 8.640694825072041049e-03 8.638445304336567904e-03 8.638879710395732173e-03 8.638524165133594154e-03 8.639728488847380275e-03 8.642629108078059286e-03 8.639570778569381770e-03 8.641304349065090026e-03 8.640014839317637640e-03 8.638119602714003364e-03 8.639724646651879281e-03 8.639417898389935291e-03 8.642265938069075212e-03 8.643556016494658226e-03 8.643632722870919424e-03 8.637729088303762112e-03 8.639445736487139441e-03 8.648655721614407002e-03 8.639594896205377711e-03 8.645127991476127607e-03 8.639528962612828475e-03 8.636431261142994351e-03 8.640050792078537989e-03 8.640464030384131452e-03 8.640122342388400697e-03 8.640931940101351932e-03 8.642076212190907478e-03 8.643639427629322414e-03 8.639615406110382964e-03 8.642501470168728953e-03 8.635979072406027579e-03 8.637637052057048001e-03 8.641294604557809081e-03 8.636375836408057352e-03 8.638037091483917115e-03 8.639619906806917174e-03 8.643066816512841311e-03 8.640771821014320980e-03 8.645382813442436740e-03 8.643673489490239295e-03 8.568015001075998671e-03 8.638300866753368529e-03
8.564709963751736613e-03 8.563674375258895424e-03 8.564445749339039127e-03 8.565179321055483436e-03 8.562845591893866737e-03 0.000000000000000000e+00 8.635347212459032820e-03 8.632614006662124237e-03 8.565507156745295544e-03 8.639968920674728770e-03 8.637957581913203314e-03 8.639029809929522213e-03 8.641951408302988788e-03 8.643953994406223390e-03 8.643604198025489280e-03 8.569464518381256918e-03 8.638393464917073009e-03 8.640396385640618238e-03 8.638714338187622466e-03 8.640124951178473553e-03 8.644190666830600667e-03 8.642292540792306105e-03 8.644163560165981156e-03 8.640663373668438021e-03 8.639476971856976939e-03 8.640322708764308288e-03 8.640798722060194503e-03 8.574761541196978046e-03 8.637871263881163539e-03 8.642880687226940639e-03 8.568987217262515402e-03 8.567531741848138233e-03 8.636914210391938990e-03 8.640342099814034282e-03 8.642980522176761660e-03 8.568996318010474456e-03 8.640393228561724787e-03 8.636291230106092967e-03 8.637074510959205295e-03 8.638226199461158245e-03 8.640540222318611810e-03 8.570229982353917350e-03 8.640753676705279634e-03 8.570374492164512664e-03 8.639489907823937748e-03 8.643594934995548970e-03 8.642099755088011523e-03 8.643182703766847871e-03 8.565132388389145104e-03 8.635399476653682002e-03 8.637942108630627946e-03 8.566528764769635110e-03 8.639793494172763252e-03 8.567560813842979225e-03 8.564936777259529732e-03 8.567934799851625177e-03 8.637398262095056720e-03 8.567620497068998558e-03 8.642104560110813044e-03 8.639253700213320869e-03 8.639661091390119299e-03 8.640064856199452734e-03 8.641232745039886115e-03 8.644075052320813676e-03 8.641130843629607483e-03 8.641992080357863842e-03 8.641463786831964436e-03 8.639671854031059223e-03 8.641228239988710258e-03 8.640128166963049680e-03 8.642934886937238617e-03 8.644230342199582182e-03 8.644303529359765106e-03 8.639269302214683602e-03 8.640959187290858309e-03 8.648425937069690456e-03 8.640980265447422218e-03 8.645689587621950903e-03 8.639423103931079262e-03 8.637794261032690976e-03 8.641585168594362668e-03 8.641918538778157674e-03 8.640744853327043257e-03 8.642346207547516035e-03 8.642725889030717507e-03 8.644286948437905627e-03 8.640189614172712196e-03 8.643003336412751619e-03 8.637315294044345740e-03 8.639180493577619524e-03 8.642022499717596368e-03 8.637835046219564591e-03 8.639575227130253873e-03 8.640294959124501795e-03 8.643686084679101655e-03 8.639909357158867889e-03 8.644480792674857569e-03 8.644289357219690773e-03 8.568585296645786151e-03 8.638915494270321335e-03
8.564826391881708717e-03 8.630734894038639277e-03 8.563684637615000955e-03 8.563676525731462805e-03 8.633074365471792716e-03 8.635347212459032820e-03 0.000000000000000000e+00 8.564863752056960794e-03 8.568795549466238712e-03 8.565894935052723730e-03 8.633891307530415504e-03 8.635652468441213508e-03 8.638511791702092532e-03 8.639042708516101246e-03 8.641402529554869857e-03 8.564675770481158801e-03 8.635758606122683617e-03 8.568807864244434164e-03 8.634655774744422890e-03 8.638818708392406731e-03 8.639463081919294268e-03 8.635885727526059624e-03 8.640082990734774052e-03 8.634973226254644141e-03 8.570735488821682249e-03 8.637014277657490899e-03 8.640715509006573203e-03 8.644109059221347091e-03 8.638655069238958609e-03 8.640581070894225862e-03 8.638467266754894583e-03 8.565239832644016768e-03 8.564271548655076269e-03 8.634828381678682357e-03 8.635388479996777486e-03 8.637031602108385595e-03 8.643090757297218832e-03 8.564367337799279681e-03 8.564440306226977356e-03 8.564820511288123717e-03 8.565587120826403944e-03 8.634209094879883792e-03 8.636823783435037399e-03 8.639834991888169571e-03 8.638031195671917045e-03 8.643709109615213895e-03 8.638049619264948423e-03 8.573103633805092064e-03 8.637808774063509762e-03 8.639306564036082839e-03 8.641390108335011630e-03 8.636798778237340241e-03 8.640945262733434537e-03 8.637137894267061036e-03 8.636723857432592605e-03 8.640014279703837896e-03 8.639257028996599405e-03 8.640334414342502531e-03 8.640920603843112516e-03 8.638499390805067998e-03 8.638849488378204725e-03 8.638473264205932117e-03 8.639616050209502490e-03 8.642469769333471774e-03 8.638731056180711312e-03 8.641266886357374527e-03 8.641016713788484543e-03 8.638087423377313265e-03 8.640447216721325666e-03 8.641076982678061458e-03 8.641604681326759546e-03 8.642748541867509640e-03 8.642825133672921503e-03 8.637812856084659680e-03 8.639497247285641071e-03 8.652741287926136310e-03 8.639624828170851603e-03 8.644393688548069471e-03 8.642020623378350933e-03 8.641317899735982688e-03 8.640068487791259522e-03 8.641394477380744468e-03 8.641704285007340697e-03 8.640884924988479626e-03 8.641377759996220903e-03 8.642865642739239879e-03 8.640657533676703028e-03 8.643999922655879950e-03 8.639248244409061112e-03 8.637724776609687419e-03 8.642344433517421334e-03 8.638915485760572874e-03 8.638202136602293052e-03 8.641317231227376577e-03 8.642349150400817359e-03 8.643159708525454538e-03 8.646110252719137537e-03 8.642813661987446688e-03 8.639929070346890824e-03 8.640870833610325014e-03
8.566609622787072983e-03 8.564050284133211885e-03 8.564028748377666700e-03 8.564127520366992055e-03 8.565556699515112712e-03 8.632614006662124237e-03 8.564863752056960794e-03 0.000000000000000000e+00 8.565095521149080487e-03 8.570239595695597346e-03 8.638364526297778734e-03 8.639335012959648702e-03 8.641505881636179706e-03 8.641975031558534956e-03 8.645444747584581438e-03 8.567373473722357871e-03 8.638782601518542673e-03 8.569083162376874008e-03 8.637610846171846560e-03 8.641342497577978593e-03 8.642258718550191454e-03 8.640995894761836077e-03 8.644400339050789181e-03 8.638643869315131701e-03 8.569477805385925309e-03 8.640578666696478727e-03 8.642722734404416005e-03 8.644297624965683810e-03 8.639950809572532683e-03 8.644861302437507541e-03 8.637205123418957575e-03 8.564727363808985819e-03 8.567063120401044798e-03 8.569884569093038154e-03 8.639567623024991747e-03 8.569485220246621238e-03 8.643084884397937359e-03 8.566391038851997597e-03 8.635161154452697732e-03 8.636293031506184562e-03 8.569133720515383079e-03 8.569676353870346250e-03 8.639436551740336048e-03 8.640884383999096127e-03 8.573565275683991266e-03 8.646191808143986746e-03 8.640984506316505206e-03 8.642894778773092812e-03 8.569311480702553746e-03 8.638882681308785935e-03 8.641612125778215872e-03 8.637220898617235451e-03 8.642049599854645728e-03 8.571299220695789006e-03 8.635642239093528627e-03 8.570880853829619325e-03 8.640351759841130228e-03 8.637518223442955390e-03 8.644210410609268203e-03 8.642184294090339558e-03 8.642580603021692010e-03 8.642217091639488313e-03 8.643369033920735717e-03 8.646100556197187578e-03 8.642401319507697285e-03 8.643989166554351400e-03 8.642992403881413072e-03 8.641813888189265117e-03 8.644049380488095027e-03 8.641516975173842846e-03 8.643432180286939395e-03 8.647038077904765224e-03 8.647055481973331750e-03 8.641443098892989672e-03 8.643137143558530036e-03 8.652789096475922009e-03 8.642323643195082630e-03 8.647598585024124027e-03 8.640754720639855571e-03 8.574488041506582794e-03 8.642984892766962177e-03 8.643429169504378631e-03 8.643639536928043529e-03 8.643013673975822805e-03 8.644104791392598700e-03 8.647062947748569359e-03 8.639274901295058290e-03 8.644966439241227180e-03 8.571771463661219392e-03 8.641347856263000352e-03 8.644246249257357337e-03 8.640820481355256447e-03 8.641084429480931986e-03 8.643255722234004235e-03 8.645734853807087936e-03 8.641972164754142122e-03 8.647125239406644112e-03 8.647021292496125805e-03 8.570717034957025388e-03 8.640383305514351409e-03
8.567377663450580216e-03 8.565618823168997045e-03 8.564928203285152031e-03 8.566469697559557159e-03 8.564813098233248906e-03 8.565507156745295544e-03 8.568795549466238712e-03 8.565095521149080487e-03 0.000000000000000000e+00 8.638247677289698223e-03 8.639222796959424022e-03 8.640259804438455912e-03 8.642352022992513122e-03 8.643489537945570761e-03 8.643041677679846879e-03 8.636167240816779861e-03 8.638887035825047397e-03 8.570523895318786153e-03 8.638410183504344544e-03 8.571913197840017387e-03 8.641458169818726220e-03 8.644166072281149818e-03 8.645192396809189134e-03 8.641079457835184122e-03 8.571980280330758484e-03 8.643616526095245292e-03 8.642778761038446070e-03 8.642019672132295049e-03 8.638196474947110182e-03 8.643967169520559712e-03 8.637964764056756811e-03 8.568624815648278464e-03 8.636605925254198235e-03 8.572215533397551171e-03 8.644135100772503896e-03 8.565534836746222305e-03 8.573475459788757955e-03 8.636753410257144714e-03 8.638377499562433989e-03 8.640119697121504544e-03 8.638714909532840130e-03 8.572864101907069073e-03 8.643397490377666137e-03 8.640049110271143251e-03 8.641422243890006447e-03 8.646189324228311171e-03 8.643268540850745224e-03 8.642999753914021657e-03 8.563974061824426026e-03 8.637181757387880562e-03 8.639150663320317031e-03 8.635582951596056447e-03 8.574844833042159428e-03 8.636618554590304656e-03 8.568418868446723777e-03 8.567599056266002669e-03 8.637935904984874597e-03 8.569331316670819251e-03 8.640356657245025843e-03 8.642015253118043305e-03 8.642383593544652673e-03 8.642073703723086864e-03 8.641756498037146683e-03 8.645144248114597016e-03 8.642209529847046101e-03 8.641526713770162835e-03 8.641987434706035337e-03 8.641670045612195178e-03 8.642413794770317098e-03 8.571259229895577744e-03 8.639495138182790371e-03 8.646931583329381388e-03 8.645409905339886125e-03 8.640618286215316288e-03 8.642258501887491520e-03 8.650840740820158609e-03 8.639141660767098510e-03 8.645239031528207871e-03 8.640645354906663703e-03 8.638983401419117816e-03 8.642835143358666705e-03 8.641702965571597742e-03 8.644283673783224528e-03 8.643707703205136955e-03 8.645446229457821874e-03 8.645528926393220362e-03 8.571837111494512093e-03 8.643972751239327457e-03 8.568385762067700154e-03 8.639789585683585113e-03 8.643981216680236487e-03 8.639917367543142185e-03 8.641615584216572749e-03 8.643854496910048993e-03 8.646427591905762183e-03 8.642509434877744534e-03 8.647005114404266585e-03 8.645561385175791827e-03 8.567450083099219238e-03 8.637801172055635870e-03
8.637160949678828262e-03 8.636069440014458587e-03 8.635354457608872270e-03 8.635316897693813901e-03 8.636949160345561149e-03 8.639968920674728770e-03 8.565894935052723730e-03 8.570239595695597346e-03 8.638247677289698223e-03 0.000000000000000000e+00 8.564460617369712078e-03 8.566169892418205520e-03 8.635265250834439632e-03 8.636462644246816617e-03 8.639576334248156436e-03 8.634833858419826286e-03 8.633398429630024726e-03 8.571630890184443741e-03 8.632990224773748333e-03 8.639353681125019890e-03 8.570648164930180779e-03 8.635620722523842940e-03 8.639065592539567351e-03 8.563984148661069745e-03 8.567679514228513857e-03 8.568241765488105940e-03 8.639053914507106163e-03 8.643176828432545464e-03 8.637783012629973028e-03 8.640282685740980489e-03 8.638480375775846667e-03 8.635359233547225399e-03 8.632160015962510660e-03 8.634648558610846791e-03 8.570364445509149123e-03 8.637792593035868716e-03 8.643629545441218129e-03 8.565189592942071273e-03 8.563628381208009815e-03 8.563969057565578441e-03 8.565464775045607618e-03 8.567863631826362278e-03 8.569566967301068053e-03 8.639724591538409937e-03 8.638602771663308338e-03 8.644145807655150004e-03 8.639302413141331655e-03 8.638386224933614771e-03 8.640992750839513944e-03 8.639949934962752251e-03 8.641355722273560275e-03 8.638363801632954059e-03 8.642353140160647165e-03 8.638752548803297487e-03 8.638320582362244912e-03 8.640815421149179373e-03 8.640040583562916612e-03 8.642579767790337444e-03 8.640879531639930611e-03 8.638379460348698247e-03 8.639399160825688567e-03 8.638277670049460122e-03 8.639436075007500548e-03 8.640656389473023308e-03 8.570755240162271360e-03 8.639484986850768863e-03 8.641672358466596232e-03 8.637196012136258774e-03 8.638831988900110698e-03 8.641719635628423990e-03 8.639902033493396943e-03 8.643884533613213628e-03 8.643912034024226268e-03 8.638495984500511871e-03 8.638629426276037138e-03 8.652408313104353529e-03 8.638675674194904938e-03 8.642469466699789771e-03 8.639677270343548016e-03 8.642046793796220178e-03 8.640656379174800963e-03 8.642032231731308634e-03 8.641529892072624328e-03 8.640111261592685679e-03 8.641210174506619088e-03 8.643357111778745064e-03 8.574225155262699821e-03 8.642167866782110575e-03 8.639880301524426043e-03 8.638407957809958806e-03 8.642988751572530659e-03 8.639588783994801499e-03 8.638893166436133891e-03 8.641897435875092043e-03 8.642152067358839160e-03 8.640787623942170967e-03 8.644365874108328462e-03 8.642517773818273949e-03 8.640778494774542517e-03 8.640696336842059247e-03
8.636642486346469971e-03 8.635591263236791493e-03 8.635573270844626795e-03 8.634744153627017110e-03 8.635618910853149269e-03 8.637957581913203314e-03 8.633891307530415504e-03 8.638364526297778734e-03 8.639222796959424022e-03 8.564460617369712078e-03 0.000000000000000000e+00 8.562508654550439816e-03 8.564502009667115945e-03 8.567252584006139482e-03 8.637362859601482867e-03 8.635826070079210756e-03 8.630266369081309938e-03 8.638248014655730903e-03 8.630659494888823224e-03 8.637183008166912992e-03 8.567748992194345811e-03 8.634289599268745591e-03 8.569946421499415393e-03 8.563332330529803069e-03 8.570403394504226904e-03 8.566988184780537433e-03 8.636995959491583150e-03 8.642716110477540251e-03 8.635503672857086990e-03 8.636533918773441065e-03 8.638063855410877193e-03 8.637998408534524816e-03 8.635338108275431371e-03 8.634112541059835166e-03 8.636892566753906139e-03 8.637145505779103213e-03 8.643023987252163379e-03 8.634768333670833282e-03 8.631483537471925163e-03 8.564772988434348269e-03 8.633555540015073679e-03 8.636008652541257713e-03 8.637682782639816495e-03 8.638384122694965986e-03 8.639692079651449530e-03 8.642271881355518062e-03 8.636415216950946508e-03 8.637625988961467743e-03 8.640460875368731475e-03 8.638638247546376325e-03 8.639104613464882940e-03 8.635273719634498427e-03 8.639312794735388296e-03 8.636421072882191630e-03 8.635277877574610433e-03 8.639437598678169350e-03 8.637717611779253610e-03 8.639751965129277914e-03 8.639262560708460548e-03 8.635884404767139866e-03 8.635470373886922416e-03 8.634318162531892660e-03 8.635464954952576030e-03 8.636103872769220618e-03 8.633808445983926633e-03 8.635706108703239056e-03 8.638627077958023134e-03 8.634673629581930687e-03 8.636357562264017351e-03 8.639437612365330130e-03 8.639120479537288483e-03 8.639398682036773802e-03 8.638684388994262789e-03 8.635329354973398513e-03 8.635477990249450925e-03 8.650263207670412166e-03 8.636350830341957621e-03 8.639604725662462792e-03 8.639832889047939501e-03 8.640618692426394951e-03 8.637537537555948358e-03 8.638928200357328530e-03 8.639336811175584233e-03 8.638517220915544609e-03 8.639707679376164642e-03 8.640317018723864262e-03 8.639141247014155145e-03 8.640156893202695365e-03 8.638470806250370809e-03 8.635214181709543677e-03 8.639960629435693151e-03 8.636506105225408639e-03 8.635737454157920573e-03 8.638920083791449059e-03 8.640719567690474320e-03 8.640910759020448834e-03 8.643804462640226199e-03 8.639553966447959324e-03 8.640174603326927077e-03 8.638522847047110445e-03
8.638400570078487092e-03 8.636655983516988364e-03 8.636651757443731398e-03 8.636558153892680625e-03 8.637434987935916492e-03 8.639029809929522213e-03 8.635652468441213508e-03 8.639335012959648702e-03 8.640259804438455912e-03 8.566169892418205520e-03 8.562508654550439816e-03 0.000000000000000000e+00 8.565426318611551321e-03 8.567400457690917473e-03 8.637484927797475093e-03 8.636772907154855600e-03 8.565145847003078489e-03 8.639794454979761451e-03 8.632491522553333019e-03 8.640285834158682385e-03 8.634933601535318970e-03 8.568150805536847367e-03 8.570680889840653210e-03 8.565028216557890248e-03 8.570341601580329371e-03 8.566312249666403408e-03 8.637866282231671314e-03 8.641966667743103056e-03 8.638684154940927049e-03 8.637337183876908631e-03 8.638167344731231823e-03 8.572665946140542795e-03 8.636312945039647387e-03 8.635771739790071636e-03 8.637723311583831581e-03 8.639623964660921376e-03 8.643839275478626405e-03 8.634995950032451489e-03 8.631876928078109287e-03 8.566589258503853194e-03 8.633765495588143282e-03 8.570592182010661891e-03 8.637727111180243389e-03 8.638543772690297426e-03 8.639772471557819258e-03 8.641469545267389113e-03 8.637301311821905109e-03 8.637777775465508776e-03 8.642135492035867353e-03 8.640309062831570339e-03 8.641637281881197827e-03 8.637923651899191355e-03 8.641801907886938541e-03 8.639019559392889167e-03 8.637931344099101377e-03 8.641165811746414141e-03 8.640303097375609531e-03 8.642227427409698501e-03 8.641080837162213452e-03 8.636994487727941636e-03 8.636514685049292983e-03 8.635400130328631241e-03 8.637200197860423617e-03 8.637719918792960416e-03 8.568590880031061105e-03 8.636634288836353077e-03 8.641161806271219561e-03 8.635787507898671708e-03 8.638114957710000402e-03 8.640475689787045083e-03 8.640060111933712053e-03 8.639507110353838309e-03 8.639489942481752560e-03 8.637276212918921364e-03 8.571781108613901398e-03 8.649539912290589785e-03 8.638079569691127502e-03 8.572612940203136120e-03 8.639974071987006551e-03 8.642389684818851253e-03 8.639364928514307179e-03 8.641432890121423724e-03 8.640273027114739671e-03 8.640942690346313515e-03 8.642048329109671204e-03 8.641898901633027208e-03 8.640734006905861908e-03 8.574623696552478858e-03 8.639511333350995137e-03 8.637142129382826064e-03 8.642508760982100385e-03 8.638408169904358141e-03 8.637669946222902712e-03 8.640621969138369621e-03 8.642998155657621168e-03 8.641001883935288397e-03 8.643056002006030414e-03 8.639636062884297613e-03 8.641864749380721508e-03 8.639538112485946331e-03
8.640596292152675703e-03 8.639591062639898761e-03 8.639555830536332567e-03 8.638760851015963096e-03 8.639652152745966318e-03 8.641951408302988788e-03 8.638511791702092532e-03 8.641505881636179706e-03 8.642352022992513122e-03 8.635265250834439632e-03 8.564502009667115945e-03 8.565426318611551321e-03 0.000000000000000000e+00 8.562502702846870595e-03 8.636952440709376802e-03 8.638149903005577779e-03 8.564818396722333887e-03 8.638763987650368431e-03 8.565186331640210760e-03 8.640019499653152704e-03 8.568151486406995823e-03 8.567075100847859961e-03 8.567944637647593661e-03 8.564845033912868791e-03 8.571648635044365472e-03 8.569716398332913321e-03 8.639645397389240922e-03 8.643087524503646063e-03 8.637772339011962758e-03 8.635351563607807437e-03 8.641776292414079380e-03 8.641038627167169084e-03 8.637664771985683471e-03 8.567076260915422806e-03 8.639566206982602498e-03 8.640219473994127999e-03 8.643538445334669404e-03 8.637891155064776963e-03 8.635442155925831392e-03 8.634952284125814448e-03 8.568713371860802938e-03 8.639773070078115083e-03 8.639785778968601948e-03 8.641294142536162445e-03 8.641739796251282635e-03 8.641761395042022939e-03 8.568432558573833846e-03 8.637356919907001815e-03 8.644268780465069399e-03 8.642334869956408774e-03 8.642937155132469212e-03 8.639310548810764934e-03 8.642308998879849949e-03 8.640428451134116519e-03 8.639368143602081315e-03 8.643248277679515743e-03 8.641599731892572397e-03 8.643589728495638946e-03 8.642973615454846784e-03 8.637433854706898922e-03 8.635419215013815861e-03 8.568726335781335496e-03 8.635282211746747941e-03 8.569403452570638693e-03 8.633717746289317624e-03 8.569889253575062663e-03 8.642384545007715524e-03 8.635454252780613155e-03 8.637689289576812660e-03 8.640792842747289926e-03 8.639619332646399433e-03 8.572000072599825216e-03 8.570466725617715761e-03 8.639254126543045864e-03 8.638479672306041690e-03 8.649078672267848308e-03 8.637748947443249503e-03 8.571351386377922335e-03 8.642762010764561131e-03 8.644453436455513951e-03 8.639096107881071018e-03 8.640438848076243197e-03 8.641475658396839676e-03 8.639955056002674230e-03 8.641024237459634175e-03 8.639946035373623212e-03 8.641954040422552760e-03 8.640448042454052652e-03 8.640779506630207746e-03 8.639079683286686809e-03 8.643749507939217647e-03 8.640486918443251313e-03 8.639692584625298724e-03 8.641927675118805247e-03 8.642734724210197894e-03 8.643056730620412784e-03 8.643346881210186086e-03 8.638403353655947636e-03 8.643929614176391885e-03 8.641516081261450821e-03
8.641827819555593024e-03 8.640890691805024754e-03 8.640116840762322378e-03 8.640776065402177783e-03 8.641692420918363829e-03 8.643953994406223390e-03 8.639042708516101246e-03 8.641975031558534956e-03 8.643489537945570761e-03 8.636462644246816617e-03 8.567252584006139482e-03 8.567400457690917473e-03 8.562502702846870595e-03 0.000000000000000000e+00 8.569489416862677636e-03 8.639319097256865226e-03 8.565366681164979928e-03 8.571350172725804295e-03 8.564977307071577894e-03 8.639633518562924233e-03 8.566241208376896080e-03 8.568940683240901940e-03 8.567458743147470662e-03 8.567481399441479947e-03 8.572653090647521998e-03 8.636415410951930188e-03 8.575349345455764161e-03 8.644073677050922652e-03 8.638863956059511170e-03 8.569397065122212609e-03 8.644400384698774573e-03 8.641507599256156510e-03 8.571915438277677435e-03 8.567498704946082191e-03 8.639312953808464188e-03 8.640678298905954402e-03 8.643066565923396283e-03 8.639821934532151970e-03 8.637468679380911479e-03 8.636273385968052524e-03 8.569118601737465979e-03 8.640975502072977335e-03 8.640993663546363279e-03 8.642516249226312591e-03 8.642868844805919396e-03 8.642758335456673241e-03 8.569581361919072562e-03 8.637743738305489472e-03 8.645418103944202404e-03 8.641355489231150253e-03 8.644950736367255570e-03 8.641398905813521200e-03 8.643615485916956304e-03 8.642534544101554070e-03 8.641463900808827106e-03 8.645208147901959489e-03 8.642907096468291708e-03 8.645515148542406991e-03 8.644222512841642433e-03 8.639445605286134519e-03 8.636652897345775681e-03 8.569940131245453591e-03 8.568772766743903285e-03 8.568284638226952854e-03 8.567168873776623977e-03 8.568739553438283613e-03 8.644418479071118780e-03 8.636676997773859443e-03 8.638888769152103936e-03 8.641211568382968500e-03 8.639172682196698955e-03 8.639348430931139550e-03 8.570788995492005860e-03 8.641365431749720855e-03 8.639764730528827832e-03 8.650142168810852003e-03 8.638145395276818073e-03 8.572319878866007867e-03 8.644724469899897970e-03 8.646476173909695834e-03 8.641813620881563102e-03 8.643109661191958337e-03 8.644173671394698305e-03 8.641945409131157607e-03 8.642241316180958310e-03 8.640375763274987103e-03 8.642255807866537284e-03 8.641448659559980774e-03 8.642636625053393140e-03 8.640452546804266651e-03 8.645795965918573814e-03 8.642571809189241588e-03 8.641803208096774172e-03 8.644687238375758226e-03 8.644708882667821725e-03 8.644246738493364945e-03 8.644431169037526327e-03 8.639500038605635659e-03 8.645131124778309556e-03 8.642697769352239434e-03
8.640911181654097398e-03 8.642979207235829478e-03 8.642224355563325744e-03 8.642251936089332884e-03 8.642984203890910488e-03 8.643604198025489280e-03 8.641402529554869857e-03 8.645444747584581438e-03 8.643041677679846879e-03 8.639576334248156436e-03 8.637362859601482867e-03 8.637484927797475093e-03 8.636952440709376802e-03 8.569489416862677636e-03 0.000000000000000000e+00 8.642315701899242961e-03 8.637694684705344086e-03 8.572494783790457831e-03 8.570322386287168928e-03 8.566701747493321931e-03 8.566746017693742388e-03 8.640390845958348040e-03 8.570110583857771733e-03 8.639918792054125316e-03 8.574684555480424630e-03 8.572164925479281924e-03 8.638846031709775802e-03 8.571628615126105841e-03 8.566044531713654098e-03 8.565154743726117320e-03 8.640219100192079657e-03 8.643555375598655291e-03 8.641952959590666963e-03 8.640422961286371717e-03 8.642015029690260086e-03 8.637850298074614339e-03 8.568318340014117671e-03 8.644423949661821441e-03 8.641348194409381039e-03 8.641559528179201810e-03 8.641504260021318218e-03 8.642891476221391950e-03 8.642931112048602565e-03 8.571829258059313061e-03 8.640215325530919629e-03 8.571988900507244297e-03 8.640041697328128614e-03 8.571092630411206517e-03 8.641847530549296580e-03 8.569808398831833818e-03 8.643635379080945660e-03 8.642587930628758269e-03 8.644655230540157498e-03 8.643748178544153130e-03 8.642665295834218997e-03 8.643016000027847409e-03 8.643218436282396749e-03 8.643419516783722861e-03 8.640793910773984787e-03 8.639980270585800523e-03 8.637103369707646583e-03 8.637594349290241003e-03 8.570763843575674931e-03 8.569328939711746973e-03 8.569944289799817302e-03 8.564307507567241878e-03 8.645481516743394601e-03 8.638074400124332031e-03 8.640175106430648955e-03 8.639875382408859772e-03 8.569185317313376959e-03 8.640377907177046457e-03 8.570248203198443243e-03 8.641947224455126877e-03 8.574735724268289436e-03 8.646879864081262815e-03 8.566657942178881879e-03 8.567757224475048422e-03 8.641723416454518900e-03 8.645890712852443566e-03 8.642398645656771891e-03 8.643450423973990035e-03 8.642925844179315947e-03 8.644510753848352880e-03 8.641751227449718381e-03 8.640608890567431574e-03 8.569072468042520166e-03 8.569012454573605303e-03 8.637373075511475817e-03 8.641090846528184932e-03 8.645361726140988329e-03 8.642977411218643810e-03 8.642335796759350458e-03 8.643455855378911340e-03 8.644849713871223876e-03 8.639624035349700859e-03 8.640613197815488061e-03 8.638988627378822727e-03 8.642169446317290310e-03 8.571890015450984654e-03
8.565919255580832503e-03 8.566288797381948691e-03 8.565540720516578652e-03 8.564846948319245271e-03 8.634201588707580283e-03 8.569464518381256918e-03 8.564675770481158801e-03 8.567373473722357871e-03 8.636167240816779861e-03 8.634833858419826286e-03 8.635826070079210756e-03 8.636772907154855600e-03 8.638149903005577779e-03 8.639319097256865226e-03 8.642315701899242961e-03 0.000000000000000000e+00 8.637013843878445229e-03 8.570445157723103127e-03 8.637318925794805133e-03 8.640541342485102624e-03 8.641998445838286122e-03 8.568324342593035964e-03 8.571766518626228529e-03 8.638285503328086562e-03 8.637191501791114528e-03 8.571637141421617478e-03 8.638601810712982082e-03 8.643332077572393052e-03 8.639078629184344937e-03 8.639964265061216009e-03 8.637247549508890454e-03 8.565470308398973401e-03 8.564674328025906336e-03 8.635933941790359392e-03 8.568430269639869604e-03 8.638829975800975391e-03 8.643982198605702771e-03 8.565466235978211676e-03 8.632657768673926771e-03 8.566746472384933336e-03 8.566624873807890742e-03 8.635867499570909142e-03 8.637579056885722958e-03 8.639297832183727086e-03 8.571095342205988302e-03 8.575180523756512074e-03 8.569706711672576624e-03 8.636441311589242165e-03 8.637438580128919616e-03 8.638833515533078308e-03 8.642462572777178179e-03 8.637277522732109830e-03 8.643387853834918338e-03 8.637587740299112332e-03 8.637882860539302515e-03 8.641061475895292152e-03 8.640381886382296484e-03 8.575234127051484939e-03 8.642100879868304733e-03 8.640403129394924955e-03 8.639942949570142416e-03 8.640321383875309430e-03 8.640689461517442327e-03 8.643455045367121059e-03 8.641345040090965199e-03 8.642287636878614315e-03 8.642796987619327798e-03 8.640019753965727176e-03 8.641611726007162805e-03 8.642860527452299324e-03 8.642699042715810270e-03 8.642048304683444537e-03 8.642850543389054771e-03 8.639743418291991398e-03 8.641406396763008646e-03 8.652694143922459724e-03 8.641410245355363173e-03 8.644386835617145354e-03 8.642923434059552462e-03 8.642369000198109330e-03 8.641959066658851454e-03 8.643190291631040745e-03 8.641839578646648076e-03 8.640371664140875096e-03 8.640730386461063783e-03 8.642157499476488952e-03 8.644449181695455786e-03 8.643220942980091651e-03 8.641067395238533413e-03 8.639687957533462304e-03 8.644109254385278981e-03 8.640093607018325961e-03 8.640126351824005402e-03 8.642287182923851646e-03 8.641677474019764799e-03 8.642544621902132490e-03 8.643828720373957636e-03 8.640622096004316188e-03 8.640253746369560423e-03 8.641934716745496708e-03
