0.000000000000000000e+00 8.945037442093487987e-03 8.940242304347317467e-03 8.896820918171259238e-03 9.176982537726294242e-03 9.008335044323611748e-03 8.967504337434104369e-03 9.039277068143579397e-03 9.044480645161594862e-03 9.238475350737814992e-03 9.229393930251173633e-03 9.255413452930103674e-03 9.253030126731459290e-03 9.249622929561140613e-03 9.204042070739175754e-03 9.015410628203121210e-03 9.246801505016492839e-03 9.198720174478652520e-03 9.232588162620215810e-03 9.193022448277852685e-03 9.253739160864592889e-03 9.221771207219420577e-03 9.211240680127069994e-03 9.276508725954703619e-03 9.198407021181072979e-03 9.220364004501293426e-03 9.188810734652101686e-03 9.084926987827549039e-03 9.192631407539368291e-03 9.193055982261914491e-03 9.171840775644252500e-03 9.047584185481070615e-03 9.027642126571333928e-03 9.219230318844718122e-03 9.192303339018425071e-03 9.188020200719525937e-03 9.083403970290490625e-03 9.048746668715490840e-03 9.205990599415597719e-03 9.239380417568816492e-03 9.213791407388014637e-03 9.182196927765822608e-03 9.195647342950632672e-03 9.039545809178477220e-03 9.176175025816446160e-03 9.185329836229995729e-03 9.189181989266886549e-03 9.183294914124916219e-03 9.059801934335347945e-03 9.048091009962124301e-03 9.197395266247071835e-03 8.907510457200540008e-03 9.204394821225252155e-03 9.192521840814631834e-03 9.198870951272386867e-03 9.188943365744953184e-03 9.205647554997246906e-03 9.193021632504256441e-03 9.223644407211748289e-03 9.240697216920536194e-03 9.224908028790251846e-03 9.228799049045572495e-03 9.223427034237858396e-03 9.219713976525094334e-03 9.254039261167249647e-03 9.197486114488210088e-03 9.225982323562821261e-03 9.251709593356810188e-03 9.226385602778969242e-03 9.203610518601797880e-03 9.212398154397661437e-03 9.213546937222840544e-03 9.199550428635995536e-03 9.232801397825212558e-03 9.259145234042375633e-03 9.239628811037049749e-03 9.194998115586572665e-03 9.195372142935956741e-03 9.190050306805325891e-03 9.201232660885483652e-03 9.258483736174138654e-03 9.225977456428419154e-03 9.192744354480151051e-03 9.208939447509740389e-03 9.191954288342124926e-03 9.195971437101588264e-03 9.191304036611376224e-03 9.189655001265695580e-03 9.192385656222538948e-03 9.242470487613261426e-03 9.218122537221255797e-03 9.220083637229132753e-03 9.237985972905144241e-03 9.218400933717119106e-03 9.205543082519924980e-03 9.190165055978867514e-03 9.188891173786468969e-03 9.191206739125063613e-03 9.178960502259697271e-03 9.190680247712093576e-03
8.945037442093487987e-03 0.000000000000000000e+00 8.912747332523153487e-03 8.871777145371821313e-03 8.929285607368872557e-03 8.992690548398704284e-03 9.183038998844157696e-03 9.013295533804203258e-03 9.018800956135516675e-03 9.238312267980346507e-03 9.221444151955837318e-03 9.246752710047274892e-03 9.244403081691592722e-03 9.241058669613461812e-03 9.197783627507071652e-03 8.998633332209978949e-03 9.238114817700857073e-03 9.196075600560529861e-03 9.223734354698517879e-03 9.185739236417331949e-03 9.245527841064533903e-03 9.214438796491348713e-03 9.202613199604562158e-03 9.268689414892124223e-03 9.070157626153730127e-03 9.211174839302095629e-03 9.180562189147780522e-03 9.178494267028748654e-03 9.187564053818384271e-03 9.185499642306206233e-03 9.017517723487132250e-03 9.021660399475970454e-03 9.012783705860127198e-03 9.210280174981416018e-03 9.184278263484526444e-03 9.179811382017349572e-03 9.179184166060871605e-03 9.024166674885269329e-03 9.207726579652145138e-03 9.242041533293580621e-03 9.212885974771252082e-03 9.039191575995782560e-03 9.187740479081439246e-03 9.173076307900162457e-03 9.168023234994510801e-03 9.178137174964863185e-03 9.180418920630735793e-03 9.181502199403656153e-03 9.030279389468149134e-03 9.174440118509272560e-03 9.205433385205224334e-03 9.197468071623349922e-03 9.211775565983616049e-03 9.194299815099919379e-03 9.200389132700848363e-03 9.189229566701664909e-03 9.214981393511989180e-03 9.194653092218585747e-03 9.215778174526810529e-03 9.232169356063437554e-03 9.216291508993494641e-03 9.220092790424324128e-03 9.214839052514271420e-03 9.211130318913577503e-03 9.245600514587139912e-03 9.188953341959073609e-03 9.218057574729751624e-03 9.243084432286779659e-03 9.217774280005142096e-03 9.195304664025608435e-03 9.205643249902308381e-03 9.204922753139156005e-03 9.190952215058986741e-03 9.224424476065423359e-03 9.250816300326741154e-03 9.246776035378510838e-03 9.186433755160981415e-03 9.187915801358458381e-03 9.181238888940521439e-03 9.207908979142103226e-03 9.250067068980061952e-03 9.217267738189651241e-03 9.185412287597536501e-03 9.200483248756333859e-03 9.183840048029020403e-03 9.187470121613505389e-03 9.183507377294768820e-03 9.181063843808760436e-03 9.183195223038039326e-03 9.234117210308567456e-03 9.225765758124221741e-03 9.213111002132613053e-03 9.229927721661807319e-03 9.211046258128822647e-03 9.197162934836347267e-03 9.182125359567883463e-03 9.180636635904510304e-03 9.182588161914308558e-03 9.044539152912088251e-03 9.182963760879828477e-03
8.940242304347317467e-03 8.912747332523153487e-03 0.000000000000000000e+00 8.866318854878629460e-03 8.934998491080665267e-03 8.995997255180422300e-03 8.946722357456244126e-03 9.009637435029638208e-03 9.014376634293243956e-03 9.234312540017611953e-03 9.224737096718416476e-03 9.249969244106655275e-03 9.248286560439165221e-03 9.244647007471290881e-03 9.201748850806599697e-03 8.993587485581960861e-03 9.241768694794661940e-03 9.071993377824187285e-03 9.227393978088038046e-03 9.189731935626581014e-03 9.249025677148157987e-03 9.218449482916642526e-03 9.206316066723832167e-03 9.272817295659095335e-03 9.066472672274911854e-03 9.215643343643300373e-03 9.184772357180785718e-03 9.182508643414157706e-03 9.191819670382229274e-03 9.189522633297185841e-03 9.022041715826351060e-03 9.016923414355565089e-03 9.007427169292122129e-03 9.215364052077266305e-03 9.188598519215213437e-03 9.184507209609575965e-03 9.183556619444607425e-03 9.174391823676780050e-03 9.202485972946932921e-03 9.236901923419712709e-03 9.209314170711763864e-03 9.042461061166467626e-03 9.192187204668255535e-03 9.177139501600184088e-03 9.171548374412663920e-03 9.182213495242763299e-03 9.184286660178198405e-03 9.178280904624828637e-03 9.033672244131558254e-03 9.179026673508682704e-03 9.210476908858176645e-03 9.202757406864561784e-03 9.216033351172193966e-03 9.198352089143808571e-03 9.205936002688135805e-03 9.194267335485225429e-03 9.219138288518047980e-03 9.199599108149649970e-03 9.219810059737125127e-03 9.236320464991742279e-03 9.220466735019413468e-03 9.224249219633696983e-03 9.219012017868918538e-03 9.215302198445813470e-03 9.249425757050983021e-03 9.193181050619777389e-03 9.222260175435018428e-03 9.247156836774940436e-03 9.221949063290803272e-03 9.199515685859478709e-03 9.209172507486606402e-03 9.209070950647086848e-03 9.195135941334227694e-03 9.228608206064617750e-03 9.254908809887007343e-03 9.251481912652199241e-03 9.190692667900615329e-03 9.192074012190800184e-03 9.186097362921606668e-03 9.212819932455658389e-03 9.254162892678569757e-03 9.222100439415707382e-03 9.189665672068495980e-03 9.204710964568813339e-03 9.188054245435511511e-03 9.191669805569286159e-03 9.187968744069107893e-03 9.185794494061382681e-03 9.188063874764413469e-03 9.238285118651103425e-03 9.230027975162535814e-03 9.217428617192336901e-03 9.234107145206922954e-03 9.215253432792426536e-03 9.201354156806720516e-03 9.186972274068032004e-03 9.185382780415770818e-03 9.186791968061384234e-03 9.184118937957378229e-03 9.187922800956444674e-03
8.896820918171259238e-03 8.871777145371821313e-03 8.866318854878629460e-03 0.000000000000000000e+00 8.880073234334252136e-03 8.942895164958532261e-03 8.905627359198114990e-03 8.956946181422854522e-03 8.968895425922430303e-03 9.239117184908621216e-03 9.231315905763792448e-03 9.257213911365519757e-03 9.254831973578627261e-03 9.253544787596788834e-03 9.208447949998277773e-03 8.949552981724569201e-03 9.248757077899487020e-03 9.199364859671921996e-03 9.234311752226158354e-03 9.196245922996258010e-03 9.257795216385356768e-03 9.225557004800676031e-03 9.212578925280287198e-03 9.278382187164696884e-03 9.021543456535253969e-03 9.221252865814788882e-03 9.191608241179842140e-03 9.188944777529567745e-03 9.197921413999500875e-03 9.196276473608135105e-03 9.164495471732158477e-03 8.973063636813737032e-03 9.183894396420057976e-03 9.222010586539389210e-03 9.195214921376197725e-03 9.190742109783782768e-03 9.190074456920742027e-03 8.977047565365377929e-03 9.210675604100816011e-03 9.243618308513341930e-03 9.216057893760230477e-03 9.184291439386680495e-03 9.200122217734096192e-03 9.183977774556375054e-03 9.005454269926065416e-03 9.188882857264579415e-03 9.190325995490224165e-03 9.183882218769650815e-03 9.168886117887879370e-03 9.188730844887858448e-03 9.206621175597465290e-03 9.195580106828069034e-03 9.221259731622171579e-03 8.915425870667599909e-03 9.198676570896865620e-03 9.189519991679726343e-03 9.215559575948556112e-03 9.194342553771108276e-03 9.225607868377984355e-03 9.242639023110989227e-03 9.226903468038762102e-03 9.230708206862208581e-03 9.225480422709854411e-03 9.221772371839886615e-03 9.255956992974021663e-03 9.199734773932656887e-03 9.228429091342985058e-03 9.253615477765530020e-03 9.228319737757556887e-03 9.206090579701566370e-03 9.215862489691797541e-03 9.215427416740971586e-03 9.201646197690734399e-03 9.234805081846420710e-03 9.260808715197469537e-03 9.249491969104666617e-03 9.197227702237426722e-03 9.198582085209475179e-03 9.192812097831831036e-03 9.209576723363610898e-03 9.260374459414261877e-03 9.228262948108911790e-03 9.188146725929755010e-03 9.210628992317431568e-03 9.193762077984297260e-03 9.198063329532421561e-03 9.194691215481864618e-03 9.192561469830539192e-03 9.194563649467815680e-03 9.244544289255208699e-03 9.227041162470445146e-03 9.212943749025901546e-03 9.239754073670334786e-03 9.213737153735834448e-03 9.207186877322474233e-03 9.193887491651016319e-03 9.191858698057804936e-03 9.193266406556509229e-03 9.186930813650649730e-03 9.194153986229532116e-03
9.176982537726294242e-03 8.929285607368872557e-03 8.934998491080665267e-03 8.880073234334252136e-03 0.000000000000000000e+00 8.976462580523822746e-03 9.207868057329832850e-03 9.022601316209579239e-03 9.012444883250201808e-03 9.251259805318677587e-03 9.232552820337030716e-03 9.258563422043454907e-03 9.254824744869726699e-03 9.253823692923861949e-03 9.208059030247340432e-03 9.180873774721947170e-03 9.248428255141270468e-03 9.210494003169939631e-03 9.234041364358999693e-03 9.195733024476333492e-03 9.258087958827359437e-03 9.230356599124169004e-03 9.214818527049714256e-03 9.280984123625468304e-03 9.079464554862184608e-03 9.224705213005050808e-03 9.191521547886634738e-03 9.193943819774829176e-03 9.197824575826152663e-03 9.195856442156889743e-03 9.025712020778850833e-03 9.040640651500638988e-03 9.207259516166394972e-03 9.223247126848280533e-03 9.199553644729451321e-03 9.186973513188929907e-03 9.191381298492454915e-03 9.044842069791692377e-03 9.225294712865369368e-03 9.260985873533309279e-03 9.230016233272735071e-03 9.188896074354645921e-03 9.201822664587230860e-03 9.189122193005933373e-03 9.180752175259317832e-03 9.190066515138432118e-03 9.192727055302546760e-03 9.192347400419499659e-03 9.022400326945331783e-03 9.192158860444731711e-03 9.183473184602117603e-03 9.175873947646653178e-03 9.216545615375951184e-03 8.934540074300395193e-03 8.870331426068580119e-03 9.020245363976024319e-03 9.192785052783772337e-03 9.030892068448396690e-03 9.222600750612763854e-03 9.241933615371487193e-03 9.226245131013478817e-03 9.230085023409974332e-03 9.224820282474207114e-03 9.221245303952496294e-03 9.255702579530906970e-03 9.199132321682561286e-03 9.225677921008500204e-03 9.253000562022160522e-03 9.226652018083054269e-03 9.203602910545673546e-03 9.215362871847331688e-03 9.214894399817713175e-03 9.201085487074310912e-03 9.233945068014821553e-03 9.259416731433458420e-03 9.243415554185197350e-03 9.196537240105648325e-03 9.198175275635179018e-03 9.189131511036376099e-03 9.186940451732423379e-03 9.259580834744042879e-03 9.226408927272184562e-03 9.186706604603902745e-03 9.210257484256885799e-03 9.192897628948376240e-03 9.197445901586163639e-03 9.191937822782464407e-03 9.190151510983906799e-03 9.190520508877897052e-03 9.243709259952307203e-03 9.223810440314802669e-03 9.190354399615201578e-03 9.237723593915987338e-03 9.211428308126570069e-03 9.206665807885880751e-03 9.190486560659358664e-03 9.189856135477668733e-03 9.192763316542111596e-03 9.029097338714773061e-03 9.190118102559456312e-03
9.008335044323611748e-03 8.992690548398704284e-03 8.995997255180422300e-03 8.942895164958532261e-03 8.976462580523822746e-03 0.000000000000000000e+00 9.214196907729696115e-03 9.169352527980815723e-03 9.076844626700114257e-03 9.262939635136769115e-03 9.242758509290788585e-03 9.267976772511477349e-03 9.264763071120250826e-03 9.263629672024615430e-03 9.216775722764511403e-03 9.081741489329086744e-03 9.258304799303987767e-03 9.219162782251429794e-03 9.244205168199511741e-03 9.203888569212975712e-03 9.267781615969354625e-03 9.240173550240978612e-03 9.223661931708440620e-03 9.291918504211384156e-03 9.212552281163658915e-03 9.234586687600174204e-03 9.199462199417860961e-03 9.134617512372137163e-03 9.203677546330215828e-03 9.205810024509673839e-03 9.094501646480075696e-03 9.105901667181403453e-03 9.213256032700921361e-03 9.233826680989473679e-03 9.209584794696573998e-03 9.084896947474541823e-03 9.195972964815673709e-03 9.208726901825135813e-03 9.236559981892900409e-03 9.270378090288166825e-03 9.240146091881302343e-03 9.120064801007233407e-03 9.212069582526372438e-03 9.090229514134746946e-03 9.189833069407651184e-03 9.198166528654162788e-03 9.201380384392648243e-03 9.202222077000417680e-03 9.085037328601979628e-03 9.194020886718187388e-03 9.178585520076667018e-03 8.917221268349536517e-03 9.211227731407454350e-03 8.984815169037325966e-03 8.916346970826143775e-03 9.071996373253675069e-03 9.186887623465584199e-03 9.080391910940803848e-03 9.231871452364696917e-03 9.251613043969932407e-03 9.236054162255809968e-03 9.239969829593890766e-03 9.234589643692883362e-03 9.231038186318419464e-03 9.265488300985488812e-03 9.208966909272328291e-03 9.234810953990611748e-03 9.262768939516741531e-03 9.236628091698801529e-03 9.212001152968826018e-03 9.223689178829638791e-03 9.224756124414788122e-03 9.210946453322968810e-03 9.243462497404630537e-03 9.268950264171484793e-03 9.238427072602105328e-03 9.206387889402745800e-03 9.207132089446406695e-03 9.197680092489593853e-03 9.183530930065436637e-03 9.269106269714512056e-03 9.235867446040386952e-03 9.195633035281099155e-03 9.219883326152847683e-03 9.202287630188840314e-03 9.207201478487003418e-03 9.200735074855059467e-03 9.199620313224344398e-03 9.199943192422283325e-03 9.253181799372921235e-03 9.218509441714416511e-03 9.200165658500077115e-03 9.246919160097408566e-03 9.220271003385288947e-03 9.216266077536547363e-03 9.199237984610657629e-03 9.198537754853212609e-03 9.202655264471453975e-03 9.081729616487415127e-03 9.198434496699030988e-03
8.967504337434104369e-03 9.183038998844157696e-03 8.946722357456244126e-03 8.905627359198114990e-03 9.207868057329832850e-03 9.214196907729696115e-03 0.000000000000000000e+00 9.032912243938930399e-03 9.050848915805809886e-03 8.986197348325411505e-03 9.201888750325589936e-03 9.234353795484411681e-03 9.258792664035463832e-03 9.254852093420052120e-03 9.220034104475166581e-03 8.993228405190229272e-03 9.257496195087797086e-03 9.078076069486577110e-03 9.242313184656692979e-03 9.208977166457075689e-03 9.256597459846497775e-03 9.186077690789929556e-03 9.218011512079214015e-03 9.229611316797104587e-03 9.081710981247681849e-03 9.197860634887328884e-03 9.204077914316195416e-03 9.206736119306939414e-03 9.211992168873733150e-03 9.208032343465476222e-03 9.199407238574017903e-03 9.022608556586772868e-03 8.977058801702082758e-03 9.228565249959639130e-03 9.177224950546365029e-03 9.208598996519079191e-03 9.204148610248602189e-03 8.991340833264244506e-03 8.819763443835896416e-03 8.871597131468277400e-03 9.018657308146701967e-03 9.174563816722242082e-03 9.177845496883461907e-03 9.202530926088234309e-03 9.192385378362952914e-03 9.201802089654863639e-03 9.200951038329805223e-03 9.047950419328319380e-03 9.207001011272699167e-03 9.201061260129421437e-03 9.232854546634491552e-03 9.229665926771763243e-03 9.237332628983718416e-03 9.234054269418739275e-03 9.243507391868539119e-03 9.227474208601638833e-03 9.241960865819510290e-03 9.232403031465118842e-03 9.239831662249091068e-03 9.255788236599582844e-03 9.240194660551596245e-03 9.243517719631529420e-03 9.238561006706608528e-03 9.233426942197421952e-03 9.260974764457341121e-03 9.212781261312402020e-03 9.242922981611043087e-03 9.266063286123352172e-03 9.240284610301003829e-03 9.220108532691229097e-03 9.208739856167554028e-03 9.227543588218908854e-03 9.214117359599659912e-03 9.248491329579475867e-03 9.273522046487453832e-03 9.272705468621154912e-03 9.210735108502204893e-03 9.209482886805503768e-03 9.207712460924962969e-03 9.235894530289869009e-03 9.273241927784871275e-03 9.242090654424281806e-03 9.211225408449335086e-03 9.224531236424741987e-03 9.207208854593145961e-03 9.210759344864037287e-03 9.203666233582371431e-03 9.204786106449926522e-03 9.209268808115725000e-03 9.258062725525973563e-03 9.250929934444847638e-03 9.239280666083579674e-03 9.254066070564346061e-03 9.236700567112871019e-03 9.220359190016425358e-03 9.208519079184039613e-03 9.204765767893490283e-03 9.205333959503037358e-03 9.223551454550813627e-03 9.208533114578915449e-03
9.039277068143579397e-03 9.013295533804203258e-03 9.009637435029638208e-03 8.956946181422854522e-03 9.022601316209579239e-03 9.169352527980815723e-03 9.032912243938930399e-03 0.000000000000000000e+00 9.111407512520318039e-03 9.116814782529814379e-03 9.212936147833918413e-03 9.240507243196126666e-03 9.240683909810981297e-03 9.238232334204520696e-03 9.198065888551189284e-03 9.091424470448550635e-03 9.234362105608663607e-03 9.158721631879454886e-03 9.219007013292847275e-03 9.184471666820426608e-03 9.240280082467841605e-03 9.211575491979316285e-03 9.202420522651634863e-03 9.258841363260350912e-03 9.156240360899910169e-03 9.207859395195779409e-03 9.180612508456597459e-03 9.183263179740320387e-03 9.185045447888603998e-03 9.186578807965197283e-03 9.165914837932354411e-03 9.118195270960810159e-03 9.098214581791585695e-03 9.138227208233117016e-03 9.181654506579000133e-03 9.104311361830963109e-03 9.180684902554140520e-03 9.109060558743492866e-03 9.190499098555175717e-03 9.224401714812480169e-03 9.145302843453847683e-03 9.132853788643872234e-03 9.184543279655140932e-03 9.179107979772499828e-03 9.137113721278938144e-03 9.180844905260275232e-03 9.179965016694945773e-03 9.176542505721254142e-03 9.128686368365286630e-03 9.177502782611052928e-03 9.198521961758514276e-03 9.191917649673588334e-03 9.211352906927873854e-03 9.050898901655429069e-03 9.195172713139351112e-03 9.130563261472450856e-03 9.207851938468623529e-03 9.190602975547836062e-03 9.215930291946550917e-03 9.233042145909288456e-03 9.217441419360046517e-03 9.220994615850026943e-03 9.215826782482113705e-03 9.211617110566415467e-03 9.241237094366682239e-03 9.188771650274230388e-03 9.218353379765046110e-03 9.243447728888899012e-03 9.218346322507470908e-03 9.193337548614935809e-03 9.201858520706523298e-03 9.205816253798747989e-03 9.192030478013620345e-03 9.225328809251944623e-03 9.251055759674442491e-03 9.241509833107367997e-03 9.186192060062371018e-03 9.187748563440673380e-03 9.181549624349454736e-03 9.160304051322747457e-03 9.248964720113274710e-03 9.218125788132722903e-03 9.181470557411815225e-03 9.201107264358784898e-03 9.184284659599854794e-03 9.188583983096455104e-03 9.179358875425536191e-03 9.181628108396644797e-03 9.115462949432566811e-03 9.235027760970548547e-03 9.219761447461789772e-03 9.205409858984613808e-03 9.229682557365205542e-03 9.206469552863945707e-03 9.197895271837812012e-03 9.182515741114494895e-03 9.181609837928752724e-03 9.183717129199100299e-03 9.138031374670011614e-03 9.180832880048948527e-03
9.044480645161594862e-03 9.018800956135516675e-03 9.014376634293243956e-03 8.968895425922430303e-03 9.012444883250201808e-03 9.076844626700114257e-03 9.050848915805809886e-03 9.111407512520318039e-03 0.000000000000000000e+00 9.236626050043687461e-03 9.224138116308859894e-03 9.249531408440590449e-03 9.245198507494077622e-03 9.244088827591435617e-03 9.199032139025502264e-03 9.169893490088201066e-03 9.237202070464843942e-03 9.166540375857411965e-03 9.223086475377782409e-03 9.125419475783968712e-03 9.247285504122456506e-03 9.221106785868515843e-03 9.206483641481516891e-03 9.271044977478775859e-03 9.165286048372840375e-03 9.217868176883163220e-03 9.181666551805581916e-03 9.182675492978138732e-03 9.185059562235708269e-03 9.188092918721862609e-03 9.167014778789856627e-03 9.125625395083415692e-03 9.190225453356916027e-03 9.144059681924351576e-03 9.192283711104342822e-03 9.101273075758248635e-03 9.153324268198880648e-03 9.188010957047704902e-03 9.208820625672355445e-03 9.245278790123139662e-03 9.215022581298179527e-03 9.141590391354469450e-03 9.194190339619828442e-03 9.178923699432236377e-03 9.175040004312542269e-03 9.182972068232752097e-03 9.183841443439404867e-03 9.178303351081173317e-03 9.112755094418192175e-03 9.179180720691154649e-03 9.187988483202012488e-03 9.176587078569964709e-03 9.154333947333758922e-03 9.178247700106684920e-03 8.971916193626031794e-03 9.118359098021316250e-03 9.196564106119776982e-03 9.129187606323177842e-03 9.214604407442102130e-03 9.234306336748434110e-03 9.218765243193212389e-03 9.222532431689908078e-03 9.215610977843832763e-03 9.213375119642326638e-03 9.246580218608163593e-03 9.189323947600714151e-03 9.217656645837700446e-03 9.245053160131648864e-03 9.218861661466976748e-03 9.143139194559611257e-03 9.203035908313218078e-03 9.207394209586322945e-03 9.192550493428191388e-03 9.224984021085725489e-03 9.251958360350875238e-03 9.244083287943641314e-03 9.185654224483235514e-03 9.189233257007555639e-03 9.182094089295822492e-03 9.191707696631726612e-03 9.250254737731652965e-03 9.217969417401598864e-03 9.187126405454704853e-03 9.202011686931991716e-03 9.185816850381762697e-03 9.189123749447010089e-03 9.148380332941456750e-03 9.183105094920126013e-03 9.114606273389501065e-03 9.233560753614478145e-03 9.222892894913148690e-03 9.195033596970368997e-03 9.230616044595782443e-03 9.211976665067452691e-03 9.199327348701859253e-03 9.183642321175777487e-03 9.182932815024006171e-03 9.184425331721814481e-03 9.122060998988100120e-03 9.180458946548526039e-03
9.238475350737814992e-03 9.238312267980346507e-03 9.234312540017611953e-03 9.239117184908621216e-03 9.251259805318677587e-03 9.262939635136769115e-03 8.986197348325411505e-03 9.116814782529814379e-03 9.236626050043687461e-03 0.000000000000000000e+00 8.776909221387773838e-03 8.992777894422456647e-03 9.212827016811548503e-03 9.210792356137094405e-03 9.224727204713930109e-03 9.207113951000638757e-03 9.238058660593654811e-03 9.132903528246140781e-03 9.234484605420437142e-03 9.221525037468170441e-03 9.112895873889194712e-03 9.189669829844886520e-03 9.186723984612243238e-03 9.018047075824381018e-03 9.099996704955959012e-03 9.048786827555848136e-03 9.214361437498104490e-03 9.223549254425734978e-03 9.222537136362542187e-03 9.218411796764348215e-03 9.221507922073360689e-03 9.204534522169165872e-03 9.186579520448896058e-03 9.233759559573957720e-03 9.085585286610332878e-03 9.222094809061054388e-03 9.221902614215677155e-03 9.059017199698763539e-03 8.858901847490959977e-03 8.858338011278124591e-03 9.060739689070316377e-03 9.081145129248582859e-03 9.088085500469798503e-03 9.220727826858864107e-03 9.219352588313490041e-03 9.215539450732763635e-03 9.214259925783304869e-03 9.207522185359440572e-03 9.237444924662984239e-03 9.221405586187515421e-03 9.245988551355407634e-03 9.252090282549927172e-03 9.250380473063080783e-03 9.264762158829171340e-03 9.259993179587651391e-03 9.243273357037406351e-03 9.255351819187416021e-03 9.250033583262526338e-03 9.250669998910755754e-03 9.259859559492487555e-03 9.249646015638428309e-03 9.246399927016280343e-03 9.243425035787929470e-03 9.233018629778586006e-03 9.084049412428640141e-03 9.217740094541017684e-03 9.254393989749103502e-03 9.265799462722339522e-03 9.240053164536963723e-03 9.228192540568591271e-03 9.212174667012072368e-03 9.237433544073598429e-03 9.224820294921340716e-03 9.259722054252418275e-03 9.274851358011433622e-03 9.279782932426743763e-03 9.221261737291474095e-03 9.209443214502160274e-03 9.218474669128725457e-03 9.249930030457409122e-03 9.281713512345485945e-03 9.253074135073459383e-03 9.223322802466057957e-03 9.235429762002530379e-03 9.219219851415895103e-03 9.222182049076255855e-03 9.118624898683121496e-03 9.209669344975034838e-03 9.222079491546793933e-03 9.268724700452870072e-03 9.263626839483396491e-03 9.251753439694213044e-03 9.265336181294060378e-03 9.248510264468790334e-03 9.232216840200656999e-03 9.219246187289921804e-03 9.216092114609766503e-03 9.216156069072228493e-03 9.240126816690164696e-03 9.220344488589131068e-03
9.229393930251173633e-03 9.221444151955837318e-03 9.224737096718416476e-03 9.231315905763792448e-03 9.232552820337030716e-03 9.242758509290788585e-03 9.201888750325589936e-03 9.212936147833918413e-03 9.224138116308859894e-03 8.776909221387773838e-03 0.000000000000000000e+00 8.757901264130670688e-03 8.833901938237812002e-03 8.871706884292290471e-03 9.201848282339043089e-03 9.194777700335049833e-03 9.209734364016152960e-03 9.208026864948480258e-03 9.209972687060349883e-03 9.196827055831097858e-03 8.883248917891623658e-03 9.180245311739738262e-03 8.856138938813342548e-03 8.806836465936645347e-03 8.874759376400857824e-03 8.835307500020433621e-03 9.189246101446689463e-03 9.200559284414728395e-03 9.198204419123725065e-03 9.191591542794337946e-03 9.200285729526915326e-03 9.213225522360332306e-03 9.196885968570522527e-03 9.207398969283856621e-03 9.166679667248886845e-03 9.199150669995596885e-03 9.199027669909258520e-03 9.193048869092638672e-03 9.173091359811346920e-03 8.676089779339129365e-03 9.179914356594511687e-03 9.184477971483067521e-03 9.185485355165664417e-03 9.198130142740609805e-03 9.197633223022859059e-03 9.191310737204491307e-03 9.186447485754742348e-03 9.191001350121838498e-03 9.216073145062658040e-03 9.199139383241298346e-03 9.222554367897586522e-03 9.228928831539104025e-03 9.226806209760572350e-03 9.243239757545495400e-03 9.236769140660357202e-03 9.220724347517720784e-03 9.231972673523262951e-03 9.227013374731920028e-03 9.227580448005281294e-03 9.241999840964127202e-03 9.225936380082417482e-03 9.222124583640250658e-03 9.222500217744084711e-03 9.205730168591434726e-03 9.227987808308515602e-03 9.191439408394142321e-03 9.230809091455051407e-03 9.247897920979224889e-03 9.218897345667069823e-03 9.208167893899891349e-03 9.189283576197833717e-03 9.210171153365554267e-03 9.195350840462430259e-03 9.236034368306673958e-03 9.248841717370783269e-03 9.260735238311057493e-03 9.196798972666059627e-03 9.180606915605453444e-03 9.195814117714128447e-03 9.227286560148827838e-03 9.259177832946573206e-03 9.229676271439102991e-03 9.199627851866889680e-03 9.212361657471995757e-03 9.195869402743268167e-03 9.198144206141227464e-03 9.188726754096066332e-03 9.181966469138080553e-03 9.198946759261946229e-03 9.245509045131513823e-03 9.240201697208462808e-03 9.228043615169894201e-03 9.241720785822929440e-03 9.225043122636470902e-03 9.209056007209497074e-03 9.196681112503470035e-03 9.193063986732075837e-03 9.191505632829144110e-03 9.217798511422932786e-03 9.196435286321701791e-03
9.255413452930103674e-03 9.246752710047274892e-03 9.249969244106655275e-03 9.257213911365519757e-03 9.258563422043454907e-03 9.267976772511477349e-03 9.234353795484411681e-03 9.240507243196126666e-03 9.249531408440590449e-03 8.992777894422456647e-03 8.757901264130670688e-03 0.000000000000000000e+00 9.013245028513475893e-03 9.047830484052004837e-03 9.219373373691174683e-03 9.225448211900353843e-03 8.841788837335461115e-03 9.206479940182201241e-03 9.194300131864582490e-03 9.225171805155868085e-03 9.177422003408068282e-03 9.049784280003435322e-03 9.072071375545474187e-03 8.992777719268660666e-03 9.091040360214118835e-03 9.053394454710976536e-03 9.217418377771305349e-03 9.226535109484582109e-03 9.226566411833940495e-03 9.219213918387087273e-03 9.227006617790068504e-03 9.121440285380076965e-03 9.226665666410737571e-03 9.203390394968031032e-03 9.200130954963265523e-03 9.226183726179523412e-03 9.222717928173536361e-03 9.225826542033029043e-03 9.204145196116269440e-03 8.890712007306103906e-03 9.211304365520402160e-03 9.093338323560492056e-03 9.214471426107491425e-03 9.224546735252282803e-03 9.224296839870867182e-03 9.218097949541686348e-03 9.213914599753701695e-03 9.217992804408201013e-03 9.242362352004903150e-03 9.225865734410575517e-03 9.249220624728989731e-03 9.255798818393133620e-03 9.252173128731566026e-03 9.269542423853742441e-03 9.263326880042992151e-03 9.247557771683803662e-03 9.258050080185441927e-03 9.253369231165950101e-03 9.247643096533284673e-03 9.251752809858381985e-03 9.242847920662780603e-03 9.234099010850330136e-03 9.240303372932235498e-03 9.227441365763222950e-03 9.029940129291032930e-03 9.216015854609604582e-03 9.255496862217769613e-03 9.224797106009024333e-03 9.233523744651027029e-03 9.229081704526844940e-03 9.213298811979494032e-03 9.232678032415907871e-03 9.222938888253557482e-03 9.254801310702947745e-03 9.081038182520468835e-03 9.272716469842384041e-03 9.224863137976364522e-03 9.099839393369240151e-03 9.222330392506739721e-03 9.253028703834924318e-03 9.272497471469007269e-03 9.253876045031264597e-03 9.222348859717982572e-03 9.238417820681063541e-03 9.223102567743744762e-03 9.224471754670591356e-03 9.218875276434650851e-03 9.105486886412888711e-03 9.226062206161463053e-03 9.263287110578869235e-03 9.264934740047560402e-03 9.248875769550878034e-03 9.260531704745438020e-03 9.245440584832047975e-03 9.234972562864802656e-03 9.223095702203622237e-03 9.218919086966825133e-03 9.218104295464695647e-03 9.244573754024850223e-03 9.223562868662389669e-03
9.253030126731459290e-03 9.244403081691592722e-03 9.248286560439165221e-03 9.254831973578627261e-03 9.254824744869726699e-03 9.264763071120250826e-03 9.258792664035463832e-03 9.240683909810981297e-03 9.245198507494077622e-03 9.212827016811548503e-03 8.833901938237812002e-03 9.013245028513475893e-03 0.000000000000000000e+00 9.061117804282895968e-03 9.200211278826298661e-03 9.239979652883249794e-03 8.850937302758231373e-03 9.184980565212894424e-03 8.890287944835033318e-03 9.218312561136181998e-03 9.085073413502564588e-03 9.105545852392548517e-03 9.112104556017946305e-03 9.038249923503409097e-03 9.120398425489133556e-03 9.105725415506936427e-03 9.212218790785016778e-03 9.220915044317859813e-03 9.218086379870845185e-03 9.211582934987824420e-03 9.223771983789499918e-03 9.241683457907441668e-03 9.242650474239720235e-03 9.066968347849898094e-03 9.216756498656194022e-03 9.219013218512728605e-03 9.219390379131197841e-03 9.247630779713049073e-03 9.234158609674716217e-03 9.217226648701011549e-03 9.119041528181510287e-03 9.221252526903880864e-03 9.216492816758556361e-03 9.220067941081207946e-03 9.218437299433947588e-03 9.212907813783836539e-03 9.110346243346226919e-03 9.212810631005987141e-03 9.237939019130194523e-03 9.221363635001835618e-03 9.244219825245607661e-03 9.250710381822301737e-03 9.247434258516014707e-03 9.264881205034235234e-03 9.258433415671007971e-03 9.242518670232397274e-03 9.253406483917604383e-03 9.248620326846502052e-03 9.246704586049895799e-03 9.244616542035524742e-03 9.230311241743000342e-03 9.033535802631052422e-03 9.227169652748369588e-03 9.128790074936799295e-03 9.187340144180865600e-03 9.115942059024497238e-03 9.251152125533138038e-03 9.215298199921196157e-03 9.225846451617518776e-03 9.225416294554944843e-03 9.217291115842535937e-03 9.143595942284509989e-03 9.133246580635584130e-03 9.256240882320958263e-03 9.258821044079282303e-03 9.266040354561064230e-03 9.217368568205578164e-03 9.138620741060816954e-03 9.218075016011923611e-03 9.248840224079539138e-03 9.249281847798294931e-03 9.247951951256746031e-03 9.220848326012125520e-03 9.232351677966037229e-03 9.216098568631165416e-03 9.209844883602229595e-03 9.216744422292288616e-03 9.207279456305969209e-03 9.219766858097220782e-03 9.264399515561714399e-03 9.260685431925385486e-03 9.249291068913456301e-03 9.261910004268562868e-03 9.244546779366733663e-03 9.229080845070148156e-03 9.217952112529926093e-03 9.213497873207637454e-03 9.211439344611264957e-03 9.239562616928790814e-03 9.218268888522944404e-03
9.249622929561140613e-03 9.241058669613461812e-03 9.244647007471290881e-03 9.253544787596788834e-03 9.253823692923861949e-03 9.263629672024615430e-03 9.254852093420052120e-03 9.238232334204520696e-03 9.244088827591435617e-03 9.210792356137094405e-03 8.871706884292290471e-03 9.047830484052004837e-03 9.061117804282895968e-03 0.000000000000000000e+00 9.158792893242668001e-03 9.237941281104652957e-03 8.879760900264776352e-03 9.152822366944476234e-03 8.919837289874799416e-03 9.216985390598585182e-03 9.118369384140796730e-03 9.141171511540839220e-03 9.147698871068065882e-03 9.077774780643066074e-03 9.159510702349087791e-03 9.193896392380067686e-03 9.159183184927937108e-03 9.219732820484207933e-03 9.217278842257948038e-03 9.160498616406383826e-03 9.223394040015001072e-03 9.239422428483022240e-03 9.158700807502841157e-03 9.102904257226276941e-03 9.214331286151759490e-03 9.217761190690220222e-03 9.218377840532207892e-03 9.245960340426306184e-03 9.231598964925818648e-03 9.215454681401351669e-03 9.153764395791078728e-03 9.219669892485677157e-03 9.215180706084369691e-03 9.219101919536959108e-03 9.218111458383106832e-03 9.212545367241704863e-03 9.146235803029270639e-03 9.212188079460406631e-03 9.236734963116071187e-03 9.217822241218674023e-03 9.243447963578895615e-03 9.249861299216573240e-03 9.243353891834721683e-03 9.264091058818020238e-03 9.257693884141705160e-03 9.241740216591503437e-03 9.252448505080029806e-03 9.247627240110516122e-03 9.245202219534266741e-03 9.238310217729035767e-03 9.224532072277351336e-03 9.058515398653254128e-03 9.113690778466417008e-03 9.157305605920025224e-03 9.069301301128474685e-03 9.144668323250188663e-03 9.249730749311619107e-03 9.205007707443056686e-03 9.218062037972785464e-03 9.218345466662660956e-03 9.213095915961685978e-03 9.214239179533276203e-03 9.166274677327737597e-03 9.254913940598529648e-03 9.256799293119370373e-03 9.261133565958057715e-03 9.216083561385153555e-03 9.172414746603515384e-03 9.217400518815775656e-03 9.248008756146987308e-03 9.247840208765723685e-03 9.246699840890673650e-03 9.220323278977426984e-03 9.231155783020557684e-03 9.215242620276738184e-03 9.206370190713637769e-03 9.215984538757108352e-03 9.207190149415038147e-03 9.219115712703783092e-03 9.258038695877227053e-03 9.259405560217042960e-03 9.248449594151610456e-03 9.260620165100756640e-03 9.243653800083621863e-03 9.228225916496791276e-03 9.216942090225714590e-03 9.212761000318019783e-03 9.208415014111424879e-03 9.238620846075304774e-03 9.217366995149049377e-03
9.204042070739175754e-03 9.197783627507071652e-03 9.201748850806599697e-03 9.208447949998277773e-03 9.208059030247340432e-03 9.216775722764511403e-03 9.220034104475166581e-03 9.198065888551189284e-03 9.199032139025502264e-03 9.224727204713930109e-03 9.201848282339043089e-03 9.219373373691174683e-03 9.200211278826298661e-03 9.158792893242668001e-03 0.000000000000000000e+00 9.201541820810276232e-03 9.181912118626883029e-03 9.156609521397268692e-03 8.944456254346793561e-03 9.111379016908009026e-03 9.158679887565279384e-03 9.202685571000512876e-03 9.160589749047235927e-03 9.231073235484790751e-03 9.181898253128609189e-03 9.161890504274950581e-03 9.164598451499479659e-03 9.152472140649708932e-03 9.037226873806567667e-03 9.124250675147393269e-03 9.175149353670340041e-03 9.204533352043230490e-03 9.206484580054947672e-03 9.176868317847091880e-03 9.177570395469056286e-03 9.164516730208266404e-03 9.143819876290712814e-03 9.217745629238705690e-03 9.206168563558478346e-03 9.240228875642818307e-03 9.191063653766097866e-03 9.188213751500411142e-03 9.179523367900906117e-03 9.109681182072257993e-03 9.167730268353021031e-03 9.146099884687739281e-03 9.166716870773774367e-03 9.125408237419781535e-03 9.188443665313846681e-03 9.115593718877686505e-03 9.195293696331893404e-03 9.203154952874010447e-03 9.196175940659525108e-03 9.217615194099106762e-03 9.211015709531754012e-03 9.193667712831355560e-03 9.205296634079066995e-03 9.199193817187183847e-03 9.193649995008245854e-03 9.201388525408913874e-03 9.186787724540587327e-03 9.184473873714545447e-03 9.091502780604941367e-03 9.138036865515584972e-03 9.093085535501426939e-03 9.106299399387302734e-03 9.202200488581080765e-03 9.202926051630047621e-03 9.186037130160518843e-03 9.170978673110018881e-03 9.147429672030157541e-03 9.182065187096343298e-03 9.140518575505338084e-03 9.202703485441200704e-03 9.125585110804156075e-03 9.221607157367601310e-03 9.070823732379908882e-03 9.145667707477118241e-03 9.168114542857881688e-03 9.199852726920823565e-03 9.206119824344001501e-03 9.199890159902888304e-03 9.169470721011468289e-03 9.185052309550516270e-03 9.166469751806355024e-03 9.167893066377424266e-03 9.137634234019084006e-03 9.145156379453584644e-03 9.161792160367500729e-03 9.206784071520814419e-03 9.210261742179447209e-03 9.197395285010170549e-03 9.208637486419295887e-03 9.192641741585782025e-03 9.181341289908348177e-03 9.165210491161267931e-03 9.163445228368219397e-03 9.163718172418835670e-03 9.190113578672083963e-03 9.109116083778233050e-03
9.015410628203121210e-03 8.998633332209978949e-03 8.993587485581960861e-03 8.949552981724569201e-03 9.180873774721947170e-03 9.081741489329086744e-03 8.993228405190229272e-03 9.091424470448550635e-03 9.169893490088201066e-03 9.207113951000638757e-03 9.194777700335049833e-03 9.225448211900353843e-03 9.239979652883249794e-03 9.237941281104652957e-03 9.201541820810276232e-03 0.000000000000000000e+00 9.238034729976342396e-03 9.139443317420279864e-03 9.224853031127964662e-03 9.191068931336310310e-03 9.244859323664511228e-03 9.113486067695065335e-03 9.142614524248008148e-03 9.245522749650942826e-03 9.191827471686852408e-03 9.133674935093616734e-03 9.183846625274107514e-03 9.186464789272354159e-03 9.192265986944123460e-03 9.188604941567564757e-03 9.173638398000859284e-03 9.097166173557366675e-03 9.055462200607853479e-03 9.211574916600483165e-03 9.099669038092833909e-03 9.187429522610607996e-03 9.186122481504721202e-03 9.075072754055807378e-03 9.172074017921371530e-03 8.963843591141282610e-03 9.105679791017453131e-03 9.178996629773594415e-03 9.187346380946932733e-03 9.181679515182231827e-03 9.115173026862780081e-03 9.131383647233795933e-03 9.098318056144224023e-03 9.176272748410105665e-03 9.181849910420022964e-03 9.182428536751165507e-03 9.211964243338361183e-03 9.205579863786148703e-03 9.218228937533462508e-03 9.211058000469743434e-03 9.219380223692317383e-03 9.205208425425232682e-03 9.221107837107035687e-03 9.135598354415953165e-03 9.220100980493573656e-03 9.236903574462157832e-03 9.220793187244386360e-03 9.224539328663971388e-03 9.219319152074672424e-03 9.214858513772870852e-03 9.247835990448089252e-03 9.193463473799835112e-03 9.223623988828800330e-03 9.247187981477236751e-03 9.221264339144939412e-03 9.200925054145957238e-03 9.193134377255433864e-03 9.207776161290162631e-03 9.194716222905826089e-03 9.229374195409622769e-03 9.254806235226684455e-03 9.252703254635593136e-03 9.191419773095075088e-03 9.189928218635363272e-03 9.187927375897171275e-03 9.215585983033397835e-03 9.254429227597896906e-03 9.222888434310426431e-03 9.191401065775740842e-03 9.203847333754030732e-03 9.187381980457235905e-03 9.191034900868661622e-03 9.189520358759979690e-03 9.185554763760657437e-03 9.190061082046467947e-03 9.239026364508512792e-03 9.231183732239651302e-03 9.218512652994283532e-03 9.234898525941209052e-03 9.217158119817775094e-03 9.200711410553506428e-03 9.188642569596294080e-03 9.184600385247227577e-03 9.184799139108719770e-03 9.196178225409490717e-03 9.188408583444485772e-03
