0.000000000000000000e+00 8.910349038547576289e-03 8.910299637540294859e-03 8.910922414921598755e-03 9.056240508430206046e-03 8.917074343879158316e-03 8.918139076090689579e-03 8.925631041013066050e-03 8.929157557359944722e-03 9.080870364094837180e-03 9.079896707320836077e-03 9.086937145227572815e-03 9.098253063775317215e-03 9.104354037515506592e-03 9.101967973439321208e-03 8.922878382847382675e-03 9.081980238050887944e-03 9.084343655263178718e-03 9.082772701477845670e-03 9.087581658052812719e-03 9.102053319568816428e-03 9.093238421162249188e-03 9.110118393465658007e-03 9.091259495652872016e-03 9.090752217769799276e-03 9.093685178878620906e-03 9.098256341172264797e-03 8.966639900433306248e-03 9.076956863971296155e-03 9.098858148186323921e-03 9.069074863543915080e-03 8.921659774264555434e-03 8.925020614026543675e-03 9.083211284911367825e-03 9.097260942630983060e-03 9.074197916000649455e-03 8.964271467665036255e-03 8.932155975160602224e-03 9.068403435856979902e-03 9.070605189476816863e-03 9.078022884886184987e-03 9.067066883966079516e-03 9.093544645478927532e-03 8.940084072072768812e-03 9.088749954601812661e-03 9.109348542269812138e-03 9.099906920274358074e-03 9.102203585865432239e-03 8.928787918723425990e-03 8.939457299717162159e-03 9.096508380882823222e-03 8.938787894613843196e-03 9.095098953686072199e-03 9.075838056917091834e-03 9.070446917197104095e-03 9.082232168457281957e-03 9.086481618924856229e-03 9.080484583813205890e-03 9.100927433382735923e-03 9.087724244305440610e-03 9.089345993660591719e-03 9.091215284988969636e-03 9.096204116137372384e-03 9.108226170299032337e-03 9.095077708800514832e-03 9.097350121531995112e-03 9.099245391620823173e-03 9.089288364266080028e-03 9.099783197113362268e-03 9.094612898584993055e-03 9.103988870925047716e-03 9.112696440562428543e-03 9.113097867270018512e-03 9.087998462956744031e-03 9.091694969528378578e-03 9.151892836995030589e-03 9.091642270789054847e-03 9.117398419610379945e-03 9.102118918554752414e-03 9.098334976424600484e-03 9.098214275761504211e-03 9.101027577290836043e-03 9.101669901471010418e-03 9.102602929138659676e-03 9.104958233853327129e-03 9.113630166832671978e-03 9.096509815309872585e-03 9.114633145078319607e-03 9.085289894618478121e-03 9.087116799118237845e-03 9.105973166330206398e-03 9.091191130508845253e-03 9.089612654449002321e-03 9.099525737072318779e-03 9.110332587796437023e-03 9.101313859082811597e-03 9.126005737294546130e-03 9.113688360715837405e-03 9.078683880756090174e-03 9.093235307406187171e-03
8.910349038547576289e-03 0.000000000000000000e+00 8.899633233952469052e-03 8.905881866077309736e-03 8.906478173549376917e-03 8.913014977252499763e-03 9.052540495283218497e-03 8.914803155355095765e-03 8.922151006140230378e-03 9.076322099277802508e-03 9.075714664597493708e-03 9.080032796750358431e-03 9.094517086106914880e-03 9.101216164611647744e-03 9.111922953090843824e-03 8.924482572893563392e-03 9.080853385046964640e-03 9.084171865581058478e-03 9.078993184052969526e-03 9.097470840609219248e-03 9.102468231706916518e-03 9.092778453661864296e-03 9.110563323528140384e-03 9.083858467516027838e-03 8.947790847654296317e-03 9.087544837451168658e-03 9.101405746975181274e-03 9.105519293729252145e-03 9.089482532688198529e-03 9.108404667690918680e-03 8.932442459851485522e-03 8.913824055661958429e-03 8.926500574068045243e-03 9.078968455928388553e-03 9.094090814946729009e-03 9.074332525930109417e-03 9.106800568274259211e-03 8.921209810537239146e-03 9.067025090628370518e-03 9.072349467888693453e-03 9.076403396800779982e-03 8.929528898616959434e-03 9.089797715332626621e-03 9.081798207287147817e-03 9.088389417848818583e-03 9.116415817044963912e-03 9.100096696541748117e-03 9.105784668570921295e-03 8.931353225045570235e-03 9.079229247439687955e-03 9.099696100580135366e-03 9.073981438741857142e-03 9.097999672894967887e-03 9.074992935052350260e-03 9.066802489290237341e-03 9.081669844179301662e-03 9.092416923460687125e-03 9.083397748425266205e-03 9.104773152467177805e-03 9.090612219672269609e-03 9.092649076322144308e-03 9.091278677032001154e-03 9.096757649964854961e-03 9.109173706568276033e-03 9.095133413854174925e-03 9.104308972043295006e-03 9.099569107216367789e-03 9.089307936073884667e-03 9.100045985289123909e-03 9.098338460356724181e-03 9.111019146991028439e-03 9.116353089983389446e-03 9.117173768106891577e-03 9.087932542549376908e-03 9.094661097376163100e-03 9.156526422366797688e-03 9.095926429049929970e-03 9.124152218031250997e-03 9.096609592205600822e-03 9.095310801731442199e-03 9.098343228817463296e-03 9.101585295275245804e-03 9.102260920158826776e-03 9.102761035028406403e-03 9.108382767326138330e-03 9.117381855435421206e-03 9.100348581881557986e-03 9.115886922355612154e-03 9.085889773484694468e-03 9.087045351905173596e-03 9.109175259265762242e-03 9.091076377869327860e-03 9.089553652903611600e-03 9.099853356717311700e-03 9.113587300658297988e-03 9.101870270886968858e-03 9.127311007615476757e-03 9.117375113687663929e-03 8.945809210083472199e-03 9.096927817045491471e-03
8.910299637540294859e-03 8.899633233952469052e-03 0.000000000000000000e+00 8.905756255560165827e-03 8.912771758198559380e-03 8.916508557423376627e-03 8.913028392823119442e-03 8.914625314150581223e-03 8.919434224383578080e-03 9.073324909682206965e-03 9.075524283837127157e-03 9.079950508424170647e-03 9.094158546005044752e-03 9.097727647588810598e-03 9.108646494665381330e-03 8.921204887323704383e-03 9.077801274529798126e-03 8.944875281318032806e-03 9.075701620882090787e-03 9.094293063269070360e-03 9.098897099276619799e-03 9.095193938689573668e-03 9.107170008058843025e-03 9.086460164024149494e-03 8.944665172705939041e-03 9.090247938913159978e-03 9.101520221234201194e-03 9.105845631842229143e-03 9.089358159992816377e-03 9.105402839015081656e-03 8.936122981613640534e-03 8.910724979287068179e-03 8.923253396515631874e-03 9.078384444765484965e-03 9.093814256270711660e-03 9.074489961518631895e-03 9.106922569575572404e-03 9.056974720142923346e-03 9.067024161986991446e-03 9.072105109379186710e-03 9.073011864988642095e-03 8.932718434273201683e-03 9.092731304897218314e-03 9.082407532283724716e-03 9.085690170989830367e-03 9.116370283112094908e-03 9.096861970652951601e-03 9.099884243404333939e-03 8.931820490368534010e-03 9.082180763742165458e-03 9.103255330647683913e-03 9.077418671692314908e-03 9.098486435324402641e-03 9.075709658332313523e-03 9.070248380069763361e-03 9.085602099237151397e-03 9.089948809686118972e-03 9.086903682108567887e-03 9.102100598298032766e-03 9.090745366560286367e-03 9.092582469405453838e-03 9.091246082643354709e-03 9.096535915052821053e-03 9.108986856391944678e-03 9.094791565187944696e-03 9.104149717546703227e-03 9.099910512071814755e-03 9.089225494198901675e-03 9.100204986948901703e-03 9.098382727121642755e-03 9.108237007582037359e-03 9.116404006487322659e-03 9.117029146360821484e-03 9.088111376332990224e-03 9.094623685547604391e-03 9.159995967909610737e-03 9.095984309001410931e-03 9.124265491940756687e-03 9.100280768933113884e-03 9.099015709612561648e-03 9.098373599772011447e-03 9.104702609995858620e-03 9.102673815866536150e-03 9.103050971027749211e-03 9.108508520885114090e-03 9.117401581329504304e-03 9.100535362913258347e-03 9.118912388310054101e-03 9.089157218730010285e-03 9.087261722101218353e-03 9.109606371418891430e-03 9.091565743813166678e-03 9.089749489992211134e-03 9.100334316967620407e-03 9.113842359010226532e-03 9.105492687100534208e-03 9.130461038800960147e-03 9.117490953124786357e-03 9.081953283659845860e-03 9.100433404905561990e-03
8.910922414921598755e-03 8.905881866077309736e-03 8.905756255560165827e-03 0.000000000000000000e+00 8.909745264910251886e-03 8.919700113995737353e-03 8.912955774979480078e-03 8.915737822592429904e-03 8.926537431554523033e-03 9.073018571252887410e-03 9.071414780626072330e-03 9.079114348938668866e-03 9.090528489816311272e-03 9.100261998160332280e-03 9.109100747006024928e-03 8.918552491608085567e-03 9.076584051520498325e-03 9.084613268522360660e-03 9.074762837391316117e-03 9.094570504785659190e-03 9.101743425540985075e-03 9.091942089604478777e-03 9.107038632889873780e-03 9.083114298445969098e-03 8.946481225346976374e-03 9.087288906862727930e-03 9.098273432505459002e-03 9.109763631405259562e-03 9.083620997748930934e-03 9.105230751144588117e-03 9.072368791985805855e-03 8.918094111740718782e-03 9.062334063016942373e-03 9.075805725468323593e-03 9.090632890008729441e-03 9.077720886525600386e-03 9.113749528739455846e-03 8.924217025748760676e-03 9.066229659081178824e-03 9.068256529993986431e-03 9.076174487451876827e-03 9.069407173753060367e-03 9.092846811063471507e-03 9.085409306817917446e-03 8.953747861564022997e-03 9.116906182632887254e-03 9.093108134567104775e-03 9.096339707955414938e-03 9.074531710905112819e-03 9.088560319093254292e-03 9.096431244370980357e-03 9.070183243797890621e-03 9.097197474890666297e-03 8.932798220485416857e-03 9.066133041473290605e-03 9.082670795377736916e-03 9.088694247713365038e-03 9.083913958507503286e-03 9.101110620955983610e-03 9.086295894161652148e-03 9.088354828141863989e-03 9.086832256397449695e-03 9.092470642452145368e-03 9.105099786956951172e-03 9.091018334259097153e-03 9.101089541563932295e-03 9.098346197875386426e-03 9.084828378918765809e-03 9.096029921792545339e-03 9.098129600900671174e-03 9.108216008457924173e-03 9.112347156298741119e-03 9.113406277032302591e-03 9.083380422433524198e-03 9.090425684723279012e-03 9.156677326904300723e-03 9.092518636029608275e-03 9.121698998760467691e-03 9.099895950481497534e-03 9.095295058665339716e-03 9.093917924189284102e-03 9.100541129130796519e-03 9.095937944605843317e-03 9.095830773338130573e-03 9.101588019351262646e-03 9.113411165649024093e-03 9.104242094465175503e-03 9.116638783764466347e-03 9.089206318545159716e-03 9.082594075865133010e-03 9.102192672758954717e-03 9.084272431693872496e-03 9.085044891855546464e-03 9.096054587289979787e-03 9.107010698081050015e-03 9.105403307932842180e-03 9.127533195748447140e-03 9.113664637265053714e-03 9.085266119624995501e-03 9.097278067072073898e-03
9.056240508430206046e-03 8.906478173549376917e-03 8.912771758198559380e-03 8.909745264910251886e-03 0.000000000000000000e+00 8.908957542228292115e-03 9.063242968489986992e-03 8.921493999635566122e-03 8.918317230304211723e-03 9.080843524785076407e-03 9.076013288974201301e-03 9.083637465105405887e-03 9.095147469636440454e-03 9.105015107853598605e-03 9.111951582432080074e-03 9.068362691275285228e-03 9.080932847632316660e-03 9.090812508882223017e-03 9.079183524844240336e-03 9.096526465750449236e-03 9.105418063386865740e-03 9.100218211103171598e-03 9.114533227862882392e-03 9.087952205215158938e-03 8.953213168552985601e-03 9.094801945792034548e-03 9.104577511605468909e-03 9.111692251085316829e-03 9.088961479528027965e-03 9.108657179127810713e-03 8.935831543277084760e-03 8.928050143111298728e-03 9.076484017586792380e-03 9.082923682088800063e-03 9.101373690250937412e-03 9.067120843530080548e-03 9.102084966920834935e-03 8.935884248103188876e-03 9.074483392391067063e-03 9.079371762407376090e-03 9.087533172712165819e-03 9.073230748136471013e-03 9.097714225107925157e-03 9.087260482324215072e-03 9.095681917323296742e-03 9.120031188890192347e-03 9.103759490256100803e-03 9.106563023008695454e-03 8.924190962190811649e-03 9.084545110025783049e-03 9.084344566088496664e-03 9.062146003200826846e-03 9.092053861879173179e-03 8.924541580082642755e-03 8.915899937748146195e-03 8.930889990990951641e-03 9.080463576859520644e-03 8.935249465875629016e-03 9.099363975385306447e-03 9.089484312692557716e-03 9.091761273238605640e-03 9.090289281700249593e-03 9.095990010216993896e-03 9.108464057074008857e-03 9.094350661898013138e-03 9.103382045836314052e-03 9.096875427258364899e-03 9.088277543432696920e-03 9.095915896602966774e-03 9.093213388325398910e-03 9.106826397382441346e-03 9.115731767095305860e-03 9.116525608505560499e-03 9.086467459443071243e-03 9.093204682776568487e-03 9.144573427043438396e-03 9.094632832255023641e-03 9.123574648068080717e-03 9.094701839521004971e-03 9.080334080347944245e-03 9.096950890328782402e-03 9.099221943475682348e-03 9.098223388240202908e-03 9.101828794603559342e-03 9.107272059167611372e-03 9.116584801299988661e-03 9.095473237718474865e-03 9.112387637821012590e-03 9.077642803588007250e-03 9.085655871871246847e-03 9.103242742658701134e-03 9.079426011326510726e-03 9.087486692027879967e-03 9.095098195623785645e-03 9.112815216582793171e-03 9.100833633226232747e-03 9.126488007471313807e-03 9.117052900811190019e-03 8.933706042412982440e-03 9.088345813478110671e-03
8.917074343879158316e-03 8.913014977252499763e-03 8.916508557423376627e-03 8.919700113995737353e-03 8.908957542228292115e-03 0.000000000000000000e+00 9.073375172748867137e-03 9.060888001206248224e-03 8.920863874594625251e-03 9.094083945504271432e-03 9.086793100744611565e-03 9.091049850953854608e-03 9.105319338888542835e-03 9.114744900702414707e-03 9.113728438077773469e-03 8.939210631214328587e-03 9.089007395030214778e-03 9.096640789540741401e-03 9.090001142043545659e-03 9.095720586336966673e-03 9.114867674294589370e-03 9.106709908683978047e-03 9.117288275775283987e-03 9.098739006466632570e-03 9.094104561975385054e-03 9.097836592363579833e-03 9.100652132682927886e-03 8.968169778802173586e-03 9.085691523989502735e-03 9.110775799032968039e-03 8.936953275260501109e-03 8.930721555471768380e-03 9.080564372187403463e-03 9.095727534970260431e-03 9.109607374342030064e-03 8.936586637136884753e-03 9.096884030472611807e-03 9.078477536019046584e-03 9.082125865620863103e-03 9.087275455104192740e-03 9.097645299350882314e-03 8.942820940246204442e-03 9.100016838405774328e-03 8.944297789620503022e-03 9.094169173796219641e-03 9.116996315091422179e-03 9.106917191130910541e-03 9.111675131196796118e-03 8.919404802456214892e-03 9.074038977266198069e-03 9.086643465157535904e-03 8.926840498920795425e-03 9.094738566738102409e-03 8.930823143107719311e-03 8.919390758729899352e-03 8.932549227566725578e-03 9.083333562422911053e-03 8.931436075950229675e-03 9.104908398208355277e-03 9.093333154833233359e-03 9.095305054517260207e-03 9.097221530166260672e-03 9.102512436147168831e-03 9.114539126563405216e-03 9.101403524866203548e-03 9.105854353657813136e-03 9.102785979037552808e-03 9.095370707738447899e-03 9.102417588626631612e-03 9.095881373959035718e-03 9.109083029887983171e-03 9.117997641823191030e-03 9.118720291172442358e-03 9.093403680387650637e-03 9.099845831538729002e-03 9.141941399994288342e-03 9.099947968957883271e-03 9.124674588342556250e-03 9.093333555842452245e-03 9.085341576301701055e-03 9.103742459370465015e-03 9.105155130053664211e-03 9.100060006926015410e-03 9.107363272881235233e-03 9.109313893508177995e-03 9.118570900530354600e-03 9.096744435001245452e-03 9.112886231439788071e-03 9.082466500984254926e-03 9.092660355205861925e-03 9.106103957743525920e-03 9.085575788341024653e-03 9.094381511336215029e-03 9.097495552125377249e-03 9.114577135997073420e-03 9.096151951510226749e-03 9.121348482960461163e-03 9.118741042572885841e-03 8.935020477250602000e-03 9.090117754062081862e-03
8.918139076090689579e-03 9.052540495283218497e-03 8.913028392823119442e-03 8.912955774979480078e-03 9.063242968489986992e-03 9.073375172748867137e-03 0.000000000000000000e+00 8.918820912873845139e-03 8.937021011668145470e-03 8.922534869659413254e-03 9.067200017606580342e-03 9.074325873485110036e-03 9.088097319269869065e-03 9.091425168705855042e-03 9.104746992444155002e-03 8.916864601442350824e-03 9.075366462338550766e-03 8.937681776215582533e-03 9.070581167412519047e-03 9.091344380729404068e-03 9.093402109939821565e-03 9.076922073734765978e-03 9.098262100711079423e-03 9.071611698189997394e-03 8.946693367984091469e-03 9.082014261669385177e-03 9.100153752135069218e-03 9.118140429106200498e-03 9.089416881199931936e-03 9.100780326869778794e-03 9.088157571084576683e-03 8.920620433511168568e-03 8.914878201331738819e-03 9.070372956381064777e-03 9.076475231530177490e-03 9.081806412543658516e-03 9.111393146146869529e-03 8.915800973521204389e-03 8.916389954846812987e-03 8.918118713207886031e-03 8.921749287481697821e-03 9.068642131746776705e-03 9.082339687321886942e-03 9.095286511009773728e-03 9.088354265773750107e-03 9.118525666081837844e-03 9.088099426842521922e-03 8.959309999130454089e-03 9.085710924128570856e-03 9.092111767513124179e-03 9.104305293876065880e-03 9.081552792811115049e-03 9.102095131852155213e-03 9.082853606634532645e-03 9.080735207075266158e-03 9.096929405969862020e-03 9.093522899554421987e-03 9.097990147023391969e-03 9.101830565913909474e-03 9.090064142299366864e-03 9.091507873821494737e-03 9.089791312675843393e-03 9.094947546978003616e-03 9.106832893448539579e-03 9.090232183642342825e-03 9.103075413539312571e-03 9.102720487263205387e-03 9.087982847193356792e-03 9.098996380104092119e-03 9.101414865648305152e-03 9.104568936486956074e-03 9.111961931103274362e-03 9.112748121404789375e-03 9.087477768834844802e-03 9.093827130573750236e-03 9.163891828974687903e-03 9.095064974226109433e-03 9.120483489705108471e-03 9.106868376193599443e-03 9.103762737605308047e-03 9.097324686554907058e-03 9.104399843173583903e-03 9.105647346118329877e-03 9.101597556136103648e-03 9.104632434890840009e-03 9.113220481740062773e-03 9.101593319955697189e-03 9.118906754306717322e-03 9.093392650817296377e-03 9.086658073991938506e-03 9.109594846227513781e-03 9.092149706894580088e-03 9.089266913466363673e-03 9.103635957208621940e-03 9.110056308982435180e-03 9.111956902340838382e-03 9.129670053224498913e-03 9.112837123616209650e-03 9.096298642162240974e-03 9.101315609257939684e-03
8.925631041013066050e-03 8.914803155355095765e-03 8.914625314150581223e-03 8.915737822592429904e-03 8.921493999635566122e-03 9.060888001206248224e-03 8.918820912873845139e-03 0.000000000000000000e+00 8.918896406757439305e-03 8.942804069178430723e-03 9.089041557617756617e-03 9.092143669985279508e-03 9.103100139821282411e-03 9.105617567557277095e-03 9.121327238392679115e-03 8.929007559020376086e-03 9.091155271507890892e-03 8.937717362782711394e-03 9.085651171842075435e-03 9.101530649458041203e-03 9.106239817799873307e-03 9.100179454358777939e-03 9.117402298625329471e-03 9.089380742152987705e-03 8.939816105092821333e-03 9.098106038078547161e-03 9.109081911150441330e-03 9.117051769559420676e-03 9.095873581717388648e-03 9.119644790276930368e-03 9.081531466845656209e-03 8.917261805297895319e-03 8.928027202505678731e-03 8.941303221560958220e-03 9.094508870958608465e-03 8.939442403473298743e-03 9.108658573647985396e-03 8.925409253672893922e-03 9.073904760941949033e-03 9.078918885068582717e-03 8.938040310006740291e-03 8.939263826098593421e-03 9.093178169077136344e-03 9.099074337893387279e-03 8.959350038296318847e-03 9.127487124840965790e-03 9.102101484207215584e-03 9.110707358868678704e-03 8.937865754657542752e-03 9.089651631473603249e-03 9.104295903667021517e-03 9.083928400814537604e-03 9.106625729442487452e-03 8.949302883742226225e-03 9.076601275205476577e-03 8.947086830740682770e-03 9.098103700305854719e-03 9.084552393594550260e-03 9.115499968667456140e-03 9.107897619783844254e-03 9.109618140011301046e-03 9.108191846248772303e-03 9.113218968097547626e-03 9.123997982382458377e-03 9.107836877932214137e-03 9.115078638235487446e-03 9.111687909071497157e-03 9.106330862238630475e-03 9.115863243667034557e-03 9.103335190603552632e-03 9.111845623051012186e-03 9.130886408774607430e-03 9.131076478257416432e-03 9.104833727119048675e-03 9.111090464323000696e-03 9.161449383197788066e-03 9.107001062262403551e-03 9.132721518915656866e-03 9.100076357447622194e-03 8.964223746592140871e-03 9.111554475203313339e-03 9.113848636925610258e-03 9.113952269025215117e-03 9.111842782571089733e-03 9.116505210576950416e-03 9.131230729781347061e-03 9.093660193931631108e-03 9.121389288867800052e-03 8.951563023048818984e-03 9.104051132725119247e-03 9.117748979677988211e-03 9.100740566910781731e-03 9.103308724866367510e-03 9.112159082197280116e-03 9.124284584472935195e-03 9.105856698255414272e-03 9.132505882834374145e-03 9.130860391969137027e-03 8.945614585013066805e-03 9.098284515998551064e-03
8.929157557359944722e-03 8.922151006140230378e-03 8.919434224383578080e-03 8.926537431554523033e-03 8.918317230304211723e-03 8.920863874594625251e-03 8.937021011668145470e-03 8.918896406757439305e-03 0.000000000000000000e+00 9.087526548529989076e-03 9.093388916157687032e-03 9.097049731709935111e-03 9.107335451675892257e-03 9.112349384585730072e-03 9.110155708500841318e-03 9.077366592652647351e-03 9.092162404846554705e-03 8.943740565817313512e-03 9.089422734363802187e-03 8.950996894376249402e-03 9.102549374267519464e-03 9.114778114212932977e-03 9.121048980538339415e-03 9.101015333023147746e-03 8.951967667284338806e-03 9.111588094775963445e-03 9.109494825938339521e-03 9.106918936350960614e-03 9.087047109407138737e-03 9.115105247115425427e-03 9.084806243606620077e-03 8.935186528463522418e-03 9.079663503827078985e-03 8.951938052090524164e-03 9.114606518153579862e-03 8.921128447063211495e-03 8.956446782960699599e-03 9.080982045487705212e-03 9.089038895499265691e-03 9.096059161256395478e-03 9.089978257235070344e-03 8.954144280921876725e-03 9.111330991446797006e-03 9.094929286753455910e-03 9.102447750282471189e-03 9.127315868041843694e-03 9.112144309908816464e-03 9.111586571232567835e-03 8.913960864630728412e-03 9.081200835947891847e-03 9.092302259290243813e-03 9.075998985086314655e-03 8.965621790217313467e-03 9.079966632736011234e-03 8.935522532740743443e-03 8.931150592359785034e-03 9.086593757337467492e-03 8.938079754073464944e-03 9.098011199707789834e-03 9.106315585251732736e-03 9.107819537534356941e-03 9.106878320004556382e-03 9.105715172512152469e-03 9.121953780908992337e-03 9.106142089656992997e-03 9.103334238470142323e-03 9.105963880437377422e-03 9.105007935454240142e-03 9.108069989789397899e-03 8.948862189407361459e-03 9.093709340850237091e-03 9.129786307562965525e-03 9.123241052436649456e-03 9.100762434888281724e-03 9.106543104669408487e-03 9.150732099750657350e-03 9.092176860114107098e-03 9.121902253844018163e-03 9.098802592893103988e-03 9.090751113824419721e-03 9.110031337399017784e-03 9.105162604136738877e-03 9.116032085411314781e-03 9.114408400936906129e-03 9.121459396029823682e-03 9.124324352953142037e-03 8.950507081995195263e-03 9.115809513442279036e-03 8.934765152604646696e-03 9.096882206199124327e-03 9.115104240191051685e-03 9.095867602132186661e-03 9.104435978549601724e-03 9.113773996268557595e-03 9.126805598293569188e-03 9.106989607101410172e-03 9.131196673358286942e-03 9.124651333113308754e-03 8.929794889520566159e-03 9.085232962435208295e-03
9.080870364094837180e-03 9.076322099277802508e-03 9.073324909682206965e-03 9.073018571252887410e-03 9.080843524785076407e-03 9.094083945504271432e-03 8.922534869659413254e-03 8.942804069178430723e-03 9.087526548529989076e-03 0.000000000000000000e+00 8.916773882498167658e-03 8.923249752297541387e-03 9.072581110178758179e-03 9.078351460954005997e-03 9.094873579629706925e-03 9.070272236738693636e-03 9.064559482006340901e-03 8.948744185580169083e-03 9.062518281581256885e-03 9.092394262408006952e-03 8.944775172239479918e-03 9.074190008192645554e-03 9.092046385575158068e-03 8.913982915948755192e-03 8.932813029812036038e-03 8.933740388818896261e-03 9.091831236551432827e-03 9.112759496195310324e-03 9.084872402457136106e-03 9.097580112110408707e-03 9.088085943184626841e-03 9.073668171607303032e-03 9.058360776398335923e-03 9.068601151683368042e-03 8.944458875495829228e-03 9.085081246713963554e-03 9.112574079170435853e-03 8.919695131442946859e-03 8.912628372553988224e-03 8.913982012581882566e-03 8.920438011973706033e-03 8.931928970002268181e-03 8.940816189849321027e-03 9.094040024785119553e-03 9.089657028824200957e-03 9.118357405994710618e-03 9.091936439508991816e-03 9.089255283590249451e-03 9.100204271173127982e-03 9.094213997973799382e-03 9.103915876885819783e-03 9.088727483251055062e-03 9.107599794137045263e-03 9.090419926720239366e-03 9.088286806044209784e-03 9.100565822331641713e-03 9.097015586999013595e-03 9.107660866595906207e-03 9.101243251154749955e-03 9.088859149190081643e-03 9.092719610646284381e-03 9.087839986338060172e-03 9.093034359669190103e-03 9.097175137800802766e-03 8.945754796984456067e-03 9.093673459307258927e-03 9.105001652837679468e-03 9.083340512224074431e-03 9.091234940448682592e-03 9.103429084676118235e-03 9.095893366747086553e-03 9.114682006215190507e-03 9.115000931363149636e-03 9.090102061394381844e-03 9.089392178051507523e-03 9.160471445096907139e-03 9.089741544685480887e-03 9.109698640340176123e-03 9.096054567154955930e-03 9.106722207364083624e-03 9.098974095540198273e-03 9.106418986980875305e-03 9.103805529286504786e-03 9.097804637600766589e-03 9.102752952710521997e-03 9.113650265709961895e-03 8.964045557653309293e-03 9.108996907481336017e-03 9.095454184078571175e-03 9.089285887930799099e-03 9.111740536733621207e-03 9.094735745907946145e-03 9.091966746269301500e-03 9.105178590315895354e-03 9.107926972164915105e-03 9.100822795265930965e-03 9.120492791977460184e-03 9.109675365572727709e-03 9.100296354975423094e-03 9.099577951414165519e-03
9.079896707320836077e-03 9.075714664597493708e-03 9.075524283837127157e-03 9.071414780626072330e-03 9.076013288974201301e-03 9.086793100744611565e-03 9.067200017606580342e-03 9.089041557617756617e-03 9.093388916157687032e-03 8.916773882498167658e-03 0.000000000000000000e+00 8.907815938654081028e-03 8.917332471948527170e-03 8.930362137275455608e-03 9.086146157890722871e-03 9.076209479529129959e-03 9.049998920854581894e-03 9.088629190460266460e-03 9.051795872879089822e-03 9.083751090337495449e-03 8.933039508550070368e-03 9.069669612075571472e-03 8.945355485825345551e-03 8.911751187261809232e-03 8.948076132911165700e-03 8.930166141433869623e-03 9.084390245586377102e-03 9.113179486145289721e-03 9.074987820210848530e-03 9.081919075056480925e-03 9.088534863496174412e-03 9.087701296020128661e-03 9.073423153338261091e-03 9.067608175409101745e-03 9.083320335065800388e-03 9.083143800033549944e-03 9.111606817056961544e-03 9.071990296362724554e-03 9.055796893851175006e-03 8.917571229395470506e-03 9.066369374787356869e-03 9.078494278565702943e-03 9.087076375970181558e-03 9.089520669409448250e-03 9.096803586628770394e-03 9.113130837554786479e-03 9.080444763610069289e-03 9.086523733163180336e-03 9.099567820404044424e-03 9.089909581019035151e-03 9.094393034884462601e-03 9.074759740143441278e-03 9.094439373612171751e-03 9.079919952011506618e-03 9.074744001892356970e-03 9.095602097524673607e-03 9.086676505438120305e-03 9.096522028693470457e-03 9.093849617525413820e-03 9.076618094209025836e-03 9.074705459163268789e-03 9.069426336614254056e-03 9.074703497807694308e-03 9.077150297857461761e-03 9.066595704051218577e-03 9.077537393048782863e-03 9.091635130892904842e-03 9.070777553452855080e-03 9.079392035009663936e-03 9.093657129079309523e-03 9.092802673803390343e-03 9.095840255525200826e-03 9.093077280582747765e-03 9.075285845712479857e-03 9.074835062523460213e-03 9.152725962019615455e-03 9.079518150852951622e-03 9.098888273942045551e-03 9.098114919473525991e-03 9.101255592964221930e-03 9.084741525697732217e-03 9.092574236530211185e-03 9.094983449449331112e-03 9.090730615836933523e-03 9.096712245873224412e-03 9.100876494399119665e-03 9.095418774959182842e-03 9.102419137459481779e-03 9.090116431372353284e-03 9.074167814706882856e-03 9.098652435268774624e-03 9.080879478499982727e-03 9.077291197040100734e-03 9.092595937209053611e-03 9.102532720886102532e-03 9.102670452292438083e-03 9.119933729115035914e-03 9.097682374927701029e-03 9.098926426741987469e-03 9.090877619278191907e-03
9.086937145227572815e-03 9.080032796750358431e-03 9.079950508424170647e-03 9.079114348938668866e-03 9.083637465105405887e-03 9.091049850953854608e-03 9.074325873485110036e-03 9.092143669985279508e-03 9.097049731709935111e-03 8.923249752297541387e-03 8.907815938654081028e-03 0.000000000000000000e+00 8.920067885190605117e-03 8.929357115597433281e-03 9.084647431456358002e-03 9.079190650911886026e-03 8.919386503110762754e-03 9.093030279582338393e-03 9.059705375230698438e-03 9.095452447168509216e-03 9.071391609841241571e-03 8.932614815893002644e-03 8.945767682661070336e-03 8.918143993819063406e-03 8.944762398829906799e-03 8.925079173546622210e-03 9.086225424706509401e-03 9.107077908036519120e-03 9.087648048990659005e-03 9.083174705439629737e-03 9.087130367912898618e-03 8.954450366910175069e-03 9.076741970548090829e-03 9.073522284883945091e-03 9.084795138772498377e-03 9.092864476550980082e-03 9.112898725020787682e-03 9.071993477351839030e-03 9.057714549274674051e-03 8.925375999555028306e-03 9.066053674892587261e-03 8.944463138204411176e-03 9.084972230634849946e-03 9.088651617744808106e-03 9.094905331520165837e-03 9.106484948038968269e-03 9.082537743465828733e-03 9.085380648547983218e-03 9.105412711652724825e-03 9.095671776792910862e-03 9.104588003931338158e-03 9.086505175554666219e-03 9.104275159833611838e-03 9.091120009411641015e-03 9.086574561841011255e-03 9.102011820719433516e-03 9.097553878154364740e-03 9.106260481686010225e-03 9.101154746941101173e-03 9.081423042843700735e-03 9.078745705343111219e-03 9.073914681126780610e-03 9.081414325495114695e-03 9.082631845554344288e-03 8.934766903200951765e-03 9.080058732026007745e-03 9.101976572942725718e-03 9.075682534708032906e-03 9.086290671999177129e-03 9.097302725675245408e-03 9.095380848703116597e-03 9.094353344262048888e-03 9.094294429086290099e-03 9.084183468322381758e-03 8.949821346044505715e-03 9.146955875800822505e-03 9.085948676957320003e-03 8.957334862193957678e-03 9.096932842531338381e-03 9.108009432931800028e-03 9.092390612848505124e-03 9.102569573130065567e-03 9.097588721259458611e-03 9.099868634638184559e-03 9.104874845974754438e-03 9.105572277972283357e-03 9.100228434649160550e-03 8.966934845378613655e-03 9.093819806546731693e-03 9.082953974022088192e-03 9.108992194530650052e-03 9.089260680861736830e-03 9.086060085504032643e-03 9.098835013834752350e-03 9.110126463082917139e-03 9.100987937555123433e-03 9.113855959553914324e-03 9.095815153244519655e-03 9.104896166748220609e-03 9.094307236536251782e-03
9.098253063775317215e-03 9.094517086106914880e-03 9.094158546005044752e-03 9.090528489816311272e-03 9.095147469636440454e-03 9.105319338888542835e-03 9.088097319269869065e-03 9.103100139821282411e-03 9.107335451675892257e-03 9.072581110178758179e-03 8.917332471948527170e-03 8.920067885190605117e-03 0.000000000000000000e+00 8.907657689141866217e-03 9.081338063722297835e-03 9.086462947753119052e-03 8.918462780630236064e-03 9.088937145274878990e-03 8.919888453910085682e-03 9.094703797595827047e-03 8.932473414660404773e-03 8.928012917564048107e-03 8.932909919262585485e-03 8.918362565359326186e-03 8.951082734368604951e-03 8.939794395601221091e-03 9.093291730618740729e-03 9.111529509356156367e-03 9.084722150560404358e-03 9.073741644389027999e-03 9.103836514218116571e-03 9.100617425665143839e-03 9.083865454335348852e-03 8.928010755779555371e-03 9.092464519667595169e-03 9.096552606132929375e-03 9.114792660150191489e-03 9.086004197118736220e-03 9.074409334950973502e-03 9.071709311621666688e-03 8.936022804183948662e-03 9.094317135608660785e-03 9.094561631450715639e-03 9.101118595004014863e-03 9.103667691040404769e-03 9.106934569923891623e-03 8.935257950936817406e-03 9.083043883655075174e-03 9.115914095449588472e-03 9.105150231727308571e-03 9.111081661406636098e-03 9.093991955181242315e-03 9.107021282008570875e-03 9.098770868591099167e-03 9.094556393826115984e-03 9.112081495453283608e-03 9.104108359516195972e-03 9.113343482538342061e-03 9.109433586942650846e-03 9.083651124081168829e-03 9.074044515757759277e-03 8.936072185965621140e-03 9.072744287652216924e-03 8.936818419988631565e-03 9.065578702236896588e-03 8.941442107337264911e-03 9.107665498462955839e-03 9.074457438590843514e-03 9.084105993720980807e-03 9.098364926539308228e-03 9.092997473249190069e-03 8.952236500739181591e-03 8.945496897899645958e-03 9.093376902302748380e-03 9.087918971215891081e-03 9.144059757923714629e-03 9.084681486729414418e-03 8.950743000136844249e-03 9.109534933922736749e-03 9.117797995589703094e-03 9.091725028824167165e-03 9.098819636705224312e-03 9.102986233998376642e-03 9.096069254137284163e-03 9.100666438842915443e-03 9.096396279701927934e-03 9.105788949697010345e-03 9.100016576977417934e-03 9.100042048996680871e-03 9.091783499384558861e-03 9.114839347327008748e-03 9.099338811316397962e-03 9.095635820858266260e-03 9.105215355237001110e-03 9.109219703088726125e-03 9.110409590240559422e-03 9.114239239861869624e-03 9.089557650182435514e-03 9.114777057873795288e-03 9.103326744025794226e-03
9.104354037515506592e-03 9.101216164611647744e-03 9.097727647588810598e-03 9.100261998160332280e-03 9.105015107853598605e-03 9.114744900702414707e-03 9.091425168705855042e-03 9.105617567557277095e-03 9.112349384585730072e-03 9.078351460954005997e-03 8.930362137275455608e-03 8.929357115597433281e-03 8.907657689141866217e-03 0.000000000000000000e+00 8.939611740986640187e-03 9.091881423880312368e-03 8.922167612844790485e-03 8.947721417313800329e-03 8.920194739738832035e-03 9.092934068397274389e-03 8.923911168227039586e-03 8.936037150583277591e-03 8.929955266788884224e-03 8.930153561090533113e-03 8.954491555435772215e-03 9.077686908906465457e-03 8.966179257376040088e-03 9.114651958254220421e-03 9.089457605476681384e-03 8.938664866925124380e-03 9.115081116251403173e-03 9.103025037876227160e-03 8.951082092170149079e-03 8.930172525172560063e-03 9.091757690134785047e-03 9.098964607887899056e-03 9.112220000296444161e-03 9.094768349378067746e-03 9.084317088128519846e-03 9.078741850676088146e-03 8.937987380317409178e-03 9.099825478705168141e-03 9.099964994769354013e-03 9.106757004455822910e-03 9.108322397244255145e-03 9.110082026831634386e-03 8.940251706154509620e-03 9.084604726711341741e-03 9.120965034849158257e-03 9.101521275908807523e-03 9.120497082440979369e-03 9.104395098742749590e-03 9.113597510170762597e-03 9.109256119618514350e-03 9.105031343347806325e-03 9.120934253862919214e-03 9.110827339199828109e-03 9.121960576039291058e-03 9.115482882052322947e-03 9.093318012529790981e-03 9.080114436818558996e-03 8.942090002347181238e-03 8.936589863628587038e-03 8.932157411472026187e-03 8.929089804891744697e-03 8.936214472352104962e-03 9.117338057530989526e-03 9.080602118931838454e-03 9.089814933168724465e-03 9.100373245498212180e-03 9.090586713137012442e-03 9.092357724840165883e-03 8.946360378545811440e-03 9.103985779135759585e-03 9.094505630510826832e-03 9.147785847310177174e-03 9.086523850446172682e-03 8.953643336821493284e-03 9.118201537559348854e-03 9.127203937235749479e-03 9.104173372109173462e-03 9.110708594245507316e-03 9.114927483704411693e-03 9.105267543708332051e-03 9.106259062197240642e-03 9.098289958322349283e-03 9.106509340081069687e-03 9.103253410904588519e-03 9.107980240400477198e-03 9.099281181496905041e-03 9.124561904323409342e-03 9.109638138660790946e-03 9.106222408264698712e-03 9.117823292787787665e-03 9.118040166869650909e-03 9.115599688678270932e-03 9.118190539537865749e-03 9.093896369007349600e-03 9.120259676740471305e-03 9.108679042253049751e-03
9.101967973439321208e-03 9.111922953090843824e-03 9.108646494665381330e-03 9.109100747006024928e-03 9.111951582432080074e-03 9.113728438077773469e-03 9.104746992444155002e-03 9.121327238392679115e-03 9.110155708500841318e-03 9.094873579629706925e-03 9.086146157890722871e-03 9.084647431456358002e-03 9.081338063722297835e-03 8.939611740986640187e-03 0.000000000000000000e+00 9.107089253648323335e-03 9.087398221398406556e-03 8.952637798092332941e-03 8.946630770780625644e-03 8.926546692702642255e-03 8.927038464605366319e-03 9.096241454186132849e-03 8.941443963770237535e-03 9.096265012380798723e-03 8.963776769035210201e-03 8.951357362828883321e-03 9.089140772206922431e-03 8.948540926255214509e-03 8.924571336787555376e-03 8.919404635553448979e-03 9.096578773276433466e-03 9.112931783559010540e-03 9.105800957968777920e-03 9.096822432983660278e-03 9.103735531383076382e-03 9.085832263432638833e-03 8.936038838346562624e-03 9.117497672020344335e-03 9.104459325360657329e-03 9.104598977510289931e-03 9.103226266011000406e-03 9.108480875626915121e-03 9.108530099705296201e-03 8.950165538730320280e-03 9.096326547345450278e-03 8.952034131913869791e-03 9.094685090493158028e-03 8.946833191773926122e-03 9.104474422963935998e-03 8.940753039701172106e-03 9.113789617017040504e-03 9.110328957322581453e-03 9.117596244590027432e-03 9.115308015793445462e-03 9.111142021735879615e-03 9.109783007004965821e-03 9.112045284504098272e-03 9.111816874529821836e-03 9.100407168684604073e-03 9.097027622183917819e-03 9.082970345515336066e-03 9.085858876457316921e-03 8.946319354663171547e-03 8.940312312343799001e-03 8.942526326039326734e-03 8.915289081045756764e-03 9.121731352201517193e-03 9.088694687441134859e-03 9.096516058702840135e-03 9.093457733425311038e-03 8.936602878976710948e-03 9.096021770344459370e-03 8.942765754284027688e-03 9.108033135463796184e-03 8.965060258833264240e-03 9.129649288672644913e-03 8.926318668635807238e-03 8.930792914966387275e-03 9.102972896683008200e-03 9.123430486455818417e-03 9.108068842614223601e-03 9.112103950819946951e-03 9.108703351578300439e-03 9.116035330167309922e-03 9.103337655070441875e-03 9.098226687521309905e-03 8.937501219589050541e-03 8.937071454728473183e-03 9.083239957120669075e-03 9.103882920021573455e-03 9.122355849638682720e-03 9.111846659615657068e-03 9.109790050232468780e-03 9.111992667768768414e-03 9.117205754863988779e-03 9.092732539150492552e-03 9.098548051550260293e-03 9.090552733887336326e-03 9.105586380199740329e-03 8.950919979532874840e-03
8.922878382847382675e-03 8.924482572893563392e-03 8.921204887323704383e-03 8.918552491608085567e-03 9.068362691275285228e-03 8.939210631214328587e-03 8.916864601442350824e-03 8.929007559020376086e-03 9.077366592652647351e-03 9.070272236738693636e-03 9.076209479529129959e-03 9.079190650911886026e-03 9.086462947753119052e-03 9.091881423880312368e-03 9.107089253648323335e-03 0.000000000000000000e+00 9.081746217451378000e-03 8.943081917907148154e-03 9.082580958034625410e-03 9.097768564018841181e-03 9.103694484962655820e-03 8.934255898119896483e-03 8.952092713629095089e-03 9.085757050076002234e-03 9.081709329607813574e-03 8.948363442671559975e-03 9.089303615820353011e-03 9.111977491903185122e-03 9.091341765250579229e-03 9.096428073802502456e-03 9.081917283791436646e-03 8.920550662408512771e-03 8.916700671521298263e-03 9.074971318857321875e-03 8.935538198252872266e-03 9.089106237028063418e-03 9.113549463723710775e-03 8.920345929799207776e-03 9.061415968494922896e-03 8.927069664128957707e-03 8.925613216359677346e-03 9.074441700059051458e-03 9.083286453561543669e-03 9.091761449399802381e-03 8.947488984734906434e-03 8.970248338833860385e-03 8.941837213561901893e-03 9.080408901645454361e-03 9.083758469330491941e-03 9.089276364711816603e-03 9.108470363956159069e-03 9.084334940258471242e-03 9.111580636452650331e-03 9.085291975021414848e-03 9.086255934525949360e-03 9.100826011191800319e-03 9.098355330295333429e-03 8.967259330939818945e-03 9.106959564754615877e-03 9.098541945661052857e-03 9.096070392660972684e-03 9.097749760948440137e-03 9.099270332821807888e-03 9.110230190538033679e-03 9.101501565826931872e-03 9.106595345467540306e-03 9.109842689633005156e-03 9.096795283715807326e-03 9.104108333027764732e-03 9.108392542651822660e-03 9.108683013163631007e-03 9.106892447765978921e-03 9.110628681295059386e-03 9.096253127933207755e-03 9.102307629300129821e-03 9.160845028092138784e-03 9.102104963830556783e-03 9.117840258615178203e-03 9.109099403021287192e-03 9.107647175526889863e-03 9.105591265800053527e-03 9.111574451755559065e-03 9.104640987243721451e-03 9.098351633805295754e-03 9.100028486326057139e-03 9.107997194423485612e-03 9.115864772935518973e-03 9.112793247295573884e-03 9.100743203230614309e-03 9.095755607276094501e-03 9.116482181830165912e-03 9.097569911461472064e-03 9.097991133518825921e-03 9.106856910419845394e-03 9.105215080268475730e-03 9.107526784136378561e-03 9.117000133547117913e-03 9.101214681186173272e-03 9.097103780698858472e-03 9.105276573558923267e-03
