0.000000000000000000e+00 8.742090346749253546e-03 8.739555024149595064e-03 8.743912963129088153e-03 8.931984852590646104e-03 8.746322547342666801e-03 8.762308810928914199e-03 8.742302594868607904e-03 8.746101256564418197e-03 8.948146932052959690e-03 9.154419276261592173e-03 8.975135407229401646e-03 8.936538970672515403e-03 8.904219062807187945e-03 8.861213962968213578e-03 8.743708487873109308e-03 9.128157368019931828e-03 8.855791397129430045e-03 9.074261016095198223e-03 8.872831933763532936e-03 8.904090835037211174e-03 8.891760975015247648e-03 8.866306340384537410e-03 8.966899835326612098e-03 8.853545492399575098e-03 8.886422494289947238e-03 8.864324354603898143e-03 8.759847817340547099e-03 8.934531261699203003e-03 8.863275323683259335e-03 8.850180370259563487e-03 8.746050900528372363e-03 8.759884957530295405e-03 8.901219443275073043e-03 8.860460772880773828e-03 8.883518757499301102e-03 8.759537423554635341e-03 8.762100992556616855e-03 9.055035587808632838e-03 9.057926104988482316e-03 8.885788827894355868e-03 8.854981055667218715e-03 8.857850534511576071e-03 8.756329845746918875e-03 8.841988640136449334e-03 8.841438366064165166e-03 8.869757656067619317e-03 8.860818817347808699e-03 8.753635675247147321e-03 8.757442358371184121e-03 8.876930450606465225e-03 8.768728519603224969e-03 8.876965011638144123e-03 8.943287690054209371e-03 9.017707738685303703e-03 8.866330810565658388e-03 8.907602514142314368e-03 8.865092635069647675e-03 8.889828700192165326e-03 8.995639000205397917e-03 8.961122387563696598e-03 8.984524924565934906e-03 8.930808193908477965e-03 8.882062113798662797e-03 8.957374047409805834e-03 8.875710977627498249e-03 8.903948636354647866e-03 9.030990155162260669e-03 8.911067007982375124e-03 8.871519130354299856e-03 8.868910632855955822e-03 8.868557663563913021e-03 8.859174717497456455e-03 9.040172380004795824e-03 8.960096176828843961e-03 8.873385314653559411e-03 8.907016427121808647e-03 8.848809204216032120e-03 8.855159879954561941e-03 8.863421195270853106e-03 8.947727406564427027e-03 8.897095955701843015e-03 8.867540651430335166e-03 8.891059966430253300e-03 8.862562334888390500e-03 8.856693869517276441e-03 8.851961730283332275e-03 8.845875915619217170e-03 8.878659997036120882e-03 9.050310785571251057e-03 8.881930810755077343e-03 8.959551356836828809e-03 9.017565649121133536e-03 8.891895676683088390e-03 8.866080502763717952e-03 8.853034760909650469e-03 8.843581764051242078e-03 8.853370750413919535e-03 8.851668244674322505e-03 8.876957186997444862e-03
8.742090346749253546e-03 0.000000000000000000e+00 8.731401664944593924e-03 8.737354412145801122e-03 8.743884084864301728e-03 8.747100980678183466e-03 8.953155834494835180e-03 8.735128536943944158e-03 8.739211251930625868e-03 8.962048043715946030e-03 9.162907266338855133e-03 8.983242794754316835e-03 8.944766911282337613e-03 8.912479554354941352e-03 8.871174152104045404e-03 8.742726304611158489e-03 9.136215832189402072e-03 8.868110511503296545e-03 9.082270903274493323e-03 8.882106913170199902e-03 8.912552338655706577e-03 8.900802186574715072e-03 8.874640236474119412e-03 8.975493553923030027e-03 8.763296727701964939e-03 8.894303076334125757e-03 8.873012311089245943e-03 8.851232478591319897e-03 8.945288025236069335e-03 8.872407046712297782e-03 8.740028147039596157e-03 8.738884602573476074e-03 8.760201224462331113e-03 8.909275047011689166e-03 8.869141770055178134e-03 8.892167231717184803e-03 8.852521791327895920e-03 8.755747964069263145e-03 9.070406875170964819e-03 9.073767081193079981e-03 8.899201649161709443e-03 8.752946349058305861e-03 8.866642988659289085e-03 8.879839903837016130e-03 8.850656818612644833e-03 8.850804959531045207e-03 8.878065314857066723e-03 8.873915360772938882e-03 8.744136634761569271e-03 8.875013426102080008e-03 8.897501231120862400e-03 9.029506591026970064e-03 8.897067841905602348e-03 8.959449337331958779e-03 9.033853370705618654e-03 8.881580624763527401e-03 8.929033266508255851e-03 8.881174366223041836e-03 8.898607201958896873e-03 9.003916902628618379e-03 8.969406929137413789e-03 8.992723539334682159e-03 8.939132025656645886e-03 8.890428883254834422e-03 8.965698641896112028e-03 8.884172291193793980e-03 8.912666031801434394e-03 9.039157731951769081e-03 8.919381038673353246e-03 8.880085633721619687e-03 8.878467091308527709e-03 8.876928950234527424e-03 8.867602813123789257e-03 9.048506719805990417e-03 8.968477569198281263e-03 8.893256932382850172e-03 8.915436459004732334e-03 8.858017408772872470e-03 8.863453147503381341e-03 8.883058061327091942e-03 8.956063004802816349e-03 8.905328193570892503e-03 8.876784916209846249e-03 8.899520000248345789e-03 8.871287904785857617e-03 8.865186223998323956e-03 8.860893870893999172e-03 8.854351323593294409e-03 8.886672322407284871e-03 9.058634708652568354e-03 8.902169402047507840e-03 8.968873457742479807e-03 9.026096961661197668e-03 8.901047894845130759e-03 8.874612613413091627e-03 8.861860803967020611e-03 8.852266831283654019e-03 8.861807358958138578e-03 8.756404368588396533e-03 8.885953774129828203e-03
8.739555024149595064e-03 8.731401664944593924e-03 0.000000000000000000e+00 8.734223866155932728e-03 8.748393962954285896e-03 8.750096329909503104e-03 8.759327309119444363e-03 8.733457094998372042e-03 8.736981382081090292e-03 8.960095809009954032e-03 9.165817470637549480e-03 8.986261160872293513e-03 8.948213895132041407e-03 8.915771269452544764e-03 8.874688719355355165e-03 8.740143324193266547e-03 9.139339524507133702e-03 8.767172170819287694e-03 9.085436400331268689e-03 8.885619796954848451e-03 8.915792600428178172e-03 8.904399421759606748e-03 8.878010460379774649e-03 8.979141358071977830e-03 8.761581700722820970e-03 8.898182937883527058e-03 8.876666824466075342e-03 8.854789657997059679e-03 8.948916265039697990e-03 8.875946298665950487e-03 8.743799526984162920e-03 8.736520508821850328e-03 8.757387301370820817e-03 8.913526677133166987e-03 8.872949311714001600e-03 8.896125463763235666e-03 8.856317620548014719e-03 8.879663855638377304e-03 9.067304893179950129e-03 9.070824837740375235e-03 8.897621750621151696e-03 8.755986470201669591e-03 8.870518437253303856e-03 8.883397289282390918e-03 8.853908965433351930e-03 8.854401993307552121e-03 8.881512150427740837e-03 8.872476641232784553e-03 8.747196872099590945e-03 8.878930117662400812e-03 8.901677882369085984e-03 9.033787400480077640e-03 8.900747030680418795e-03 8.962936084954046742e-03 9.038281880958580830e-03 8.885753284117847012e-03 8.932616882778856085e-03 8.885298801265949231e-03 8.902145780143151665e-03 9.007469626352538131e-03 8.972990126748058362e-03 8.996282213032237227e-03 8.942735765578397819e-03 8.894069414991306183e-03 8.969100007144365644e-03 8.887834009092210330e-03 8.916304437020142193e-03 9.042642744533022081e-03 8.923004335833498168e-03 8.883742528238659439e-03 8.881709483160681387e-03 8.880560916327100152e-03 8.871252791514752656e-03 9.052037930971972013e-03 8.972034189774579990e-03 8.897264461279520004e-03 8.919088103414782309e-03 8.861661757444454224e-03 8.867530128672166875e-03 8.887168036458160253e-03 8.959626680451911879e-03 8.909386473808907081e-03 8.880461193567768668e-03 8.903173572213955375e-03 8.874946230324427809e-03 8.868844270139768921e-03 8.864739291137964383e-03 8.858364455708662294e-03 8.890747340785041739e-03 9.062155134739091969e-03 8.905855240583472263e-03 8.972532064268035415e-03 9.029644596880654142e-03 8.904694209320683507e-03 8.878263017625466144e-03 8.865932853030866409e-03 8.856288354622422060e-03 8.865468178508664060e-03 8.870997231864609367e-03 8.890078432082521714e-03
8.743912963129088153e-03 8.737354412145801122e-03 8.734223866155932728e-03 0.000000000000000000e+00 8.744929043881813358e-03 8.748074587632702695e-03 8.765030085572439802e-03 8.731870815783686346e-03 8.740466839836296548e-03 9.008176049431304219e-03 9.213778829772541201e-03 9.035945290076067421e-03 8.997760269191544535e-03 8.967099509687657607e-03 8.925000154849625084e-03 8.744381396017799138e-03 9.187782639131657561e-03 8.916577184867114855e-03 9.134238844329551840e-03 8.935738112355704962e-03 8.967042175504761486e-03 8.954590355155870110e-03 8.927924076097980624e-03 9.027707465478816348e-03 8.765379534622433355e-03 8.947453647929728276e-03 8.927069434521284555e-03 8.904916297461982697e-03 8.998260331150659957e-03 8.926306885284094467e-03 8.905625962317049310e-03 8.740917147802906156e-03 8.945570341218371177e-03 8.963382627815983869e-03 8.923132882945683866e-03 8.945917241524992125e-03 8.906587230712382022e-03 8.758638062335417224e-03 9.116926190199679814e-03 9.119323775842874680e-03 8.947427520920118657e-03 8.916727581661005111e-03 8.921606012322965892e-03 8.933588470755458172e-03 8.757951247843438411e-03 8.904824524102150987e-03 8.931309830123097121e-03 8.921954315181361214e-03 8.903076872445112033e-03 8.931063855817182248e-03 8.944662643020353035e-03 9.073127468849561880e-03 8.949976078708822558e-03 8.770554344059206323e-03 9.077537159232812805e-03 8.928038645032271639e-03 8.975502896885664481e-03 8.927250058743342945e-03 8.951728404481452614e-03 9.056494278348313151e-03 9.022364391034803227e-03 9.045482955351702783e-03 8.992361955152019040e-03 8.944075109350125424e-03 9.018498768546955036e-03 8.937972419142828709e-03 8.966009938309689106e-03 9.091461613461623847e-03 8.972724208404636928e-03 8.933927021494016130e-03 8.931948184390792883e-03 8.930620078860347297e-03 8.921497414076433319e-03 9.100669601475857434e-03 9.021062264129638131e-03 8.941401060371830661e-03 8.968975638211413096e-03 8.911972858562383290e-03 8.917998943674452714e-03 8.930645299599963838e-03 9.008932807414922125e-03 8.959100079954693263e-03 8.925080716260670732e-03 8.952776366694979032e-03 8.924686310971631509e-03 8.919051257933989160e-03 8.915170490653635815e-03 8.908878981966079913e-03 8.940817780851931934e-03 9.110735053319470381e-03 8.949320065585540662e-03 9.014447030028637647e-03 9.078124578099030367e-03 8.949108205254364609e-03 8.928024952925755348e-03 8.916523897787367869e-03 8.906651851498519068e-03 8.915750547359492864e-03 8.918522158244934425e-03 8.940032619856866022e-03
8.931984852590646104e-03 8.743884084864301728e-03 8.748393962954285896e-03 8.744929043881813358e-03 0.000000000000000000e+00 8.737761427970882830e-03 8.971998620961650281e-03 8.743612901457597369e-03 8.736471167034760149e-03 8.973025563527515375e-03 9.172415253363744650e-03 8.993561319033832949e-03 8.954286492272976392e-03 8.923585145989716347e-03 8.880738066414295070e-03 8.890634657951250464e-03 9.145331177852787652e-03 8.880296847855078876e-03 9.091465443939010516e-03 8.891489832622999009e-03 8.923554160218236456e-03 8.913857140465514944e-03 8.885408430368328669e-03 8.986110574113250274e-03 8.771816270849221511e-03 8.905847601926366111e-03 8.882993349200741726e-03 8.864333498719687357e-03 8.954695923590287945e-03 8.881997880043285623e-03 8.747972126389631092e-03 8.753789318316534257e-03 8.917705435433137193e-03 8.920485058432781750e-03 8.881845181043261303e-03 8.899728605104482992e-03 8.863604710516935839e-03 8.771645102849454437e-03 9.084350519243552385e-03 9.088639534567070216e-03 8.912979966909423749e-03 8.875889461733536476e-03 8.878576065988807303e-03 8.893289727645846757e-03 8.861778937683150587e-03 8.861453736142747492e-03 8.888892232323327910e-03 8.883761067736369033e-03 8.740541800580802281e-03 8.889550352998664556e-03 8.884713661584421607e-03 9.016103494044610048e-03 8.903289099974143542e-03 8.750727082749957739e-03 8.758597512306509625e-03 8.748588914437853414e-03 8.915951132716639846e-03 8.752488179036167076e-03 8.906129979079507181e-03 9.013002348883764753e-03 8.978640665722700462e-03 9.001932874961536199e-03 8.948432653785243912e-03 8.899883790815030574e-03 8.975024276984176763e-03 8.893650915450539499e-03 8.920683488364613070e-03 9.048259876824267176e-03 8.928022522887119755e-03 8.888462837703366495e-03 8.887659431666637341e-03 8.886331194270740905e-03 8.877095975342089856e-03 9.057380058380297416e-03 8.976966376704871575e-03 8.894004774549929895e-03 8.924815872095393302e-03 8.867585680750576446e-03 8.871629073618136560e-03 8.870989397650547170e-03 8.965126887052570631e-03 8.914247733109930544e-03 8.880376304349976366e-03 8.908774016660342757e-03 8.880166203566563013e-03 8.874601474998626560e-03 8.869337437597933291e-03 8.863173227907878565e-03 8.894361377984326064e-03 9.067537434669752094e-03 8.903801998844549856e-03 8.955094534777160303e-03 9.034002766787120955e-03 8.904074372339360402e-03 8.883763215425992399e-03 8.870294926331517490e-03 8.861226745775859295e-03 8.871322302288835518e-03 8.747853554817471358e-03 8.893560436395298377e-03
8.746322547342666801e-03 8.747100980678183466e-03 8.750096329909503104e-03 8.748074587632702695e-03 8.737761427970882830e-03 0.000000000000000000e+00 8.926038880113604246e-03 8.811840849359648190e-03 8.740287650443649692e-03 8.930312400908578183e-03 9.129764852818991056e-03 8.949461177616824595e-03 8.910251121700329610e-03 8.879297643015659353e-03 8.835263944113857723e-03 8.760947471989266946e-03 9.102351825236916841e-03 8.835133455988887496e-03 9.048306738195838542e-03 8.845682087425933357e-03 8.879218636507920509e-03 8.869455494059158215e-03 8.840101357900195106e-03 8.943068234113614109e-03 8.828836635282222289e-03 8.861421671344890671e-03 8.836930462671317710e-03 8.765883582653595865e-03 8.907684816835374428e-03 8.837260858127346519e-03 8.754023623131804502e-03 8.757991388355869725e-03 8.871120041773606843e-03 8.876572762785313320e-03 8.837233447420831181e-03 8.766044034486714445e-03 8.815410726286334112e-03 8.853642237329414910e-03 9.041970331709532974e-03 9.045146812456841823e-03 8.868840562709258760e-03 8.769345965569462498e-03 8.834115571783844253e-03 8.763096929810016908e-03 8.816671074128213867e-03 8.815455314814096485e-03 8.843351931268315230e-03 8.838989815242195153e-03 8.742942761555086428e-03 8.839645177840841153e-03 8.829776916423231689e-03 8.747533709488707412e-03 8.847776087874615475e-03 8.744404507128584678e-03 8.749228115980141676e-03 8.742678309975136092e-03 8.860499671773203884e-03 8.745237185136376171e-03 8.861348539981096090e-03 8.969106627374882207e-03 8.934547038967382421e-03 8.958043409398167012e-03 8.904126665869515830e-03 8.855284201610420791e-03 8.931019018749083993e-03 8.848931530516525659e-03 8.875910980653999721e-03 9.004668979556257682e-03 8.883769679777732062e-03 8.842886316067109440e-03 8.842036559770310999e-03 8.841663797310625114e-03 8.832297068694911976e-03 9.013638136730887929e-03 8.932870152730443616e-03 8.839037929231434096e-03 8.880293841706679223e-03 8.822128655636411743e-03 8.826026413226453760e-03 8.817029679039273260e-03 8.920941966064275391e-03 8.869612461589675145e-03 8.835169908192087862e-03 8.864088796471859821e-03 8.835089828962068223e-03 8.829714625709760706e-03 8.823874391565410952e-03 8.818056885387887470e-03 8.849477970043886921e-03 9.023863283872207014e-03 8.848473184723409241e-03 8.911379455884325604e-03 8.989967340335684731e-03 8.859095980348289517e-03 8.838898640455393127e-03 8.824802674305902428e-03 8.815590250476686152e-03 8.826469966386795221e-03 8.742448151989330729e-03 8.847914441598752483e-03
8.762308810928914199e-03 8.953155834494835180e-03 8.759327309119444363e-03 8.765030085572439802e-03 8.971998620961650281e-03 8.926038880113604246e-03 0.000000000000000000e+00 8.754171360899112506e-03 8.766022418254058174e-03 8.766560132477722866e-03 9.152396072156464973e-03 8.979985742793914275e-03 8.960754200943134989e-03 8.928263184898900529e-03 8.892303052516448494e-03 8.743913637719986920e-03 9.154657954677090925e-03 8.776563689225448661e-03 9.100248601067215115e-03 8.903669355305057417e-03 8.926464057709020128e-03 8.885418093984277788e-03 8.891329818528762030e-03 8.952666471182979535e-03 8.777397042583182790e-03 8.889998425595331197e-03 8.894835892525741056e-03 8.876168459868384944e-03 8.967352800349017578e-03 8.893637134157044224e-03 8.888729126980611517e-03 8.743566816345534065e-03 8.739363744613584326e-03 8.927971533197435680e-03 8.869924051439033105e-03 8.917212078769682498e-03 8.875312200312903202e-03 8.737282699733367464e-03 8.746492899140619406e-03 8.770489642986914816e-03 8.750957249300670565e-03 8.868589885681826129e-03 8.864749364384338567e-03 8.905367822734376257e-03 8.873065466751931668e-03 8.872845349887322972e-03 8.898031151317530377e-03 8.768565877297448963e-03 8.888133978415027267e-03 8.898780632036622923e-03 8.921566498560445230e-03 9.056142057196120768e-03 8.920067408936385028e-03 8.991481365780823118e-03 9.068113607083698458e-03 8.912886666241986999e-03 8.952715604117195483e-03 8.912195999144775088e-03 8.920729931036319726e-03 9.025419746104233754e-03 8.991177736550615140e-03 9.014148690913343503e-03 8.960938397935954911e-03 8.911650647305750794e-03 8.982201105294603319e-03 8.906217873487531564e-03 8.935241864753740854e-03 9.060178431346047750e-03 8.940595624729055779e-03 8.902725080620406406e-03 8.885673215654345258e-03 8.898275314515018825e-03 8.889260017980323350e-03 9.070007557630788489e-03 8.989647105789677281e-03 8.916683482666332150e-03 8.937567460094091726e-03 8.878803145229130153e-03 8.887170240780251432e-03 8.907570568727728177e-03 8.977560229717603327e-03 8.927937299939538857e-03 8.899990130207416014e-03 8.921610619038650158e-03 8.892982416679554372e-03 8.886899773250644258e-03 8.880547191232501109e-03 8.876432934309449324e-03 8.910000836896641782e-03 9.080054045070527768e-03 8.924925398018743183e-03 8.991887833697823074e-03 9.047742603498144798e-03 8.924131783199557369e-03 8.896238786567655515e-03 8.885546533741035119e-03 8.874566195411459982e-03 8.883208707365886428e-03 8.902492752825815273e-03 8.908957185822718658e-03
8.742302594868607904e-03 8.735128536943944158e-03 8.733457094998372042e-03 8.731870815783686346e-03 8.743612901457597369e-03 8.811840849359648190e-03 8.754171360899112506e-03 0.000000000000000000e+00 8.737755784217043561e-03 8.788602414693889864e-03 9.080529637308260363e-03 8.900949575006042794e-03 8.863599442697950997e-03 8.831620093993818033e-03 8.791366105296240588e-03 8.741681069742908775e-03 9.056936432627000003e-03 8.760751511228319008e-03 9.001677112091098151e-03 8.801321222353723078e-03 8.830118717533788977e-03 8.819841141495301726e-03 8.794712520224613056e-03 8.891054938336973024e-03 8.757822820930303079e-03 8.812806396567573336e-03 8.792919480030022411e-03 8.774235240582364814e-03 8.864330588873019917e-03 8.792994627944862931e-03 8.780417860533646507e-03 8.740207480391885830e-03 8.754438974673367860e-03 8.773901568108742957e-03 8.787665626678226732e-03 8.752506000585934254e-03 8.773464550148050295e-03 8.749960542932470886e-03 8.981180410426801985e-03 8.984700505450596286e-03 8.769118525816519891e-03 8.751946616450496583e-03 8.784812595080352532e-03 8.803961857259188020e-03 8.746439708425902959e-03 8.772288921183604704e-03 8.797824496228633800e-03 8.790467494465976570e-03 8.746128562052783370e-03 8.797200488077723882e-03 8.813336413204855488e-03 8.947711354361781791e-03 8.817276265933236129e-03 8.764491143352886107e-03 8.952458275334416668e-03 8.756789203415230038e-03 8.845109412633313239e-03 8.799039945543783714e-03 8.819164760975587228e-03 8.926172618457758542e-03 8.891340363496079771e-03 8.914816653907076810e-03 8.860613610930923728e-03 8.811064840954471386e-03 8.884251764672133900e-03 8.804126435101564813e-03 8.833499379301289894e-03 8.961553860144072861e-03 8.840445160822793177e-03 8.798929113014650194e-03 8.796232137537499801e-03 8.797585223666037207e-03 8.788163715053582195e-03 8.971260363360775494e-03 8.890059040058044190e-03 8.810382884149250624e-03 8.835670893582010799e-03 8.777715209971850840e-03 8.783538592514636770e-03 8.767350891563933935e-03 8.876610184697542039e-03 8.826396365485680157e-03 8.794043963314884110e-03 8.820227780952857866e-03 8.791481995720806450e-03 8.785718433329866434e-03 8.778070169573415002e-03 8.774447130976043702e-03 8.753505471713629929e-03 8.981545045004219602e-03 8.818702955162663684e-03 8.884900827626928191e-03 8.947904054584883068e-03 8.818355182104831158e-03 8.795098212625761941e-03 8.781966122299244074e-03 8.772597691451184537e-03 8.782283834644523737e-03 8.755089661247172222e-03 8.804643250687886266e-03
8.746101256564418197e-03 8.739211251930625868e-03 8.736981382081090292e-03 8.740466839836296548e-03 8.736471167034760149e-03 8.740287650443649692e-03 8.766022418254058174e-03 8.737755784217043561e-03 0.000000000000000000e+00 8.882662732708148864e-03 9.088668641093828465e-03 8.907237386396333473e-03 8.867006846219733368e-03 8.835880670956135219e-03 8.792670520550957200e-03 8.802225670337011920e-03 9.059234225825925010e-03 8.766256841952287451e-03 9.004887078434877998e-03 8.755631453082278123e-03 8.835201575248091341e-03 8.826289035672774813e-03 8.797904542613423431e-03 8.899247027807082044e-03 8.763968573568176046e-03 8.819705087524767548e-03 8.794276769733894855e-03 8.774569483656294994e-03 8.865017862649673258e-03 8.794659696246631339e-03 8.781753020423851627e-03 8.745267749517152481e-03 8.825376637336847588e-03 8.778126829988845692e-03 8.794968026779904913e-03 8.751301122549150907e-03 8.753128671011191700e-03 8.809371742083250620e-03 8.993836923562228275e-03 8.998915576097325786e-03 8.821622916353107427e-03 8.757956175121284562e-03 8.791472581045626372e-03 8.804539908625291442e-03 8.775930296733730832e-03 8.774318157980265723e-03 8.800931739727948719e-03 8.792198015358781288e-03 8.735364669338305937e-03 8.798980197292154484e-03 8.806250340587627387e-03 8.936992377925471673e-03 8.773932231908804572e-03 8.870239540432036177e-03 8.763070305602957411e-03 8.748651294942302870e-03 8.837474043802411028e-03 8.752704859439552551e-03 8.819084358693964759e-03 8.927662373936296261e-03 8.892883805484677953e-03 8.916460582665266046e-03 8.861171812724161559e-03 8.812848912906637300e-03 8.888329819690392319e-03 8.805175711205119257e-03 8.833830060300749618e-03 8.963218005424272369e-03 8.841452933283061588e-03 8.760882547111390264e-03 8.797626514304549700e-03 8.799291180539124332e-03 8.789226613450534104e-03 8.971678130164546100e-03 8.891318898466359089e-03 8.813045236691637030e-03 8.836021019661188802e-03 8.779326608652764097e-03 8.784624269156094539e-03 8.792563785659030656e-03 8.878136054154269624e-03 8.827064375494252796e-03 8.798655297790478752e-03 8.821533027696065385e-03 8.793184403902759225e-03 8.786800506002138619e-03 8.754402293322324433e-03 8.776092180473470464e-03 8.753713438068563835e-03 8.981197297051221953e-03 8.821718347318523862e-03 8.877731780484780788e-03 8.949239345789087793e-03 8.822879486391295781e-03 8.796737033232139916e-03 8.783415318663423052e-03 8.774161760457368023e-03 8.783447986878018324e-03 8.744290388034418882e-03 8.805162963791435607e-03
8.948146932052959690e-03 8.962048043715946030e-03 8.960095809009954032e-03 9.008176049431304219e-03 8.973025563527515375e-03 8.930312400908578183e-03 8.766560132477722866e-03 8.788602414693889864e-03 8.882662732708148864e-03 0.000000000000000000e+00 8.746547715631030478e-03 8.758959124722147729e-03 8.896904297635096007e-03 8.865760661308782348e-03 8.867339399371659131e-03 8.882700558856253259e-03 9.113637831436909725e-03 8.791863468493725173e-03 9.067297851988178128e-03 8.883599300462570458e-03 8.783904913449509105e-03 8.859999128797950083e-03 8.836663889860443821e-03 8.757688832570376808e-03 8.763362845219242053e-03 8.742437628335287050e-03 8.873259268571943859e-03 8.858831535180196337e-03 8.946109322626908528e-03 8.872232125587466503e-03 8.874712311484699023e-03 8.857211008359427984e-03 8.876609674184292309e-03 8.903557243810049718e-03 8.766258252574089110e-03 8.897638157388480101e-03 8.858626778077064237e-03 8.761538550811499848e-03 8.751848662513505434e-03 8.734260191046951463e-03 8.758215665442348544e-03 8.763970396547160827e-03 8.763538827368695661e-03 8.888926073430886490e-03 8.862980270184981496e-03 8.853409905399562199e-03 8.878485698047304184e-03 8.868928069284246624e-03 8.879566359700566403e-03 8.883768987065025421e-03 8.901802962431388383e-03 9.042969132400172083e-03 8.900361733597768332e-03 8.984163283596453484e-03 9.050758593896125748e-03 8.894651958625389085e-03 8.933222464876490812e-03 8.895187961531469609e-03 8.899739855069820765e-03 9.000386790399238224e-03 8.969612897511240746e-03 8.988342100614693519e-03 8.936264761138477952e-03 8.883607105301899107e-03 8.813238213250168540e-03 8.881338374518796958e-03 8.914646848632796008e-03 9.032462709892908129e-03 8.912716469656105020e-03 8.879801774917523913e-03 8.859937062613138653e-03 8.876769076881148648e-03 8.868112083538970056e-03 9.049594959795112525e-03 8.962785039359313574e-03 8.893398254660546398e-03 8.916266947390866227e-03 8.850568314495613209e-03 8.865818632909494915e-03 8.888351862641320419e-03 8.955447219893129807e-03 8.907070233343505547e-03 8.879548791511752970e-03 8.900528370068100728e-03 8.872514884405399357e-03 8.866149647974969072e-03 8.782347133765898775e-03 8.851242178785297815e-03 8.890031610960393016e-03 9.059376233043212392e-03 8.905033912176249164e-03 8.971952494515322840e-03 9.027313060696573119e-03 8.903699468074812579e-03 8.875742426231099727e-03 8.864181369120802123e-03 8.853611088925360945e-03 8.862025048843933175e-03 8.884667098308030725e-03 8.888342900776658589e-03
9.154419276261592173e-03 9.162907266338855133e-03 9.165817470637549480e-03 9.213778829772541201e-03 9.172415253363744650e-03 9.129764852818991056e-03 9.152396072156464973e-03 9.080529637308260363e-03 9.088668641093828465e-03 8.746547715631030478e-03 0.000000000000000000e+00 8.745820915491303929e-03 8.771375721156158753e-03 8.772486606865328301e-03 9.067159049032965171e-03 9.086538653312003361e-03 9.301221060536058946e-03 9.068264569035103251e-03 9.259515334207673101e-03 9.082336661636224856e-03 8.777783554053359555e-03 9.067014426444464786e-03 8.752604621936220172e-03 8.761513923149038402e-03 8.760007382681029436e-03 8.749425784925175115e-03 9.071920000623571317e-03 9.059160336438717293e-03 9.143378772093133100e-03 9.069671595162712152e-03 9.075606533479135818e-03 9.078249247269591996e-03 9.096960017713566146e-03 9.098834029175472890e-03 9.047872120354714248e-03 9.097181964000798648e-03 9.059140235052793449e-03 9.079762326689120103e-03 9.230460667254412541e-03 8.757054374001524422e-03 9.065923164075256890e-03 9.061855672598935485e-03 9.057761551964957358e-03 9.088958732058571161e-03 9.063968302338040392e-03 9.053212837380149314e-03 9.074981877386808365e-03 9.073345839785437392e-03 9.080200271595681785e-03 9.084083585518605564e-03 9.100612438689942990e-03 9.237925441607428706e-03 9.099062156804981968e-03 9.181503404786031663e-03 9.245363538478936286e-03 9.094180483916441959e-03 9.131055965198902474e-03 9.094256125519463094e-03 9.098711076756386615e-03 9.199733118285282479e-03 9.166159310570935401e-03 9.183552204624662041e-03 9.135471274501949859e-03 9.079221924387153794e-03 9.143620569033183293e-03 9.078632504104089743e-03 9.112868403407071299e-03 9.230606407947185288e-03 9.111838291312767887e-03 9.081597456067409813e-03 9.058332711677797092e-03 9.073424696301951933e-03 9.063818181639531069e-03 9.243985427520447565e-03 9.156740770475081323e-03 9.094450107695327065e-03 9.114320686444540506e-03 9.046322832535199504e-03 9.066519735436874908e-03 9.087915034975193110e-03 9.152647346114905699e-03 9.105608571778070481e-03 9.079185834440603453e-03 9.099777939250153214e-03 9.072633273070691146e-03 9.065879255151332999e-03 9.057467137666898316e-03 9.048227884267807247e-03 9.089725974092133232e-03 9.253647323444221320e-03 9.103476185227893022e-03 9.168577299226102900e-03 9.222278829427235647e-03 9.102376667415545269e-03 9.075665431334888067e-03 9.064997186850160329e-03 9.054394081645385228e-03 9.061388289854740985e-03 9.084638119533193154e-03 9.087673419072236219e-03
8.975135407229401646e-03 8.983242794754316835e-03 8.986261160872293513e-03 9.035945290076067421e-03 8.993561319033832949e-03 8.949461177616824595e-03 8.979985742793914275e-03 8.900949575006042794e-03 8.907237386396333473e-03 8.758959124722147729e-03 8.745820915491303929e-03 0.000000000000000000e+00 8.753990842671890288e-03 8.752447828834291135e-03 8.880135216328868819e-03 8.910528015734086801e-03 8.784443602787352437e-03 8.865814029442999761e-03 9.051577227182205226e-03 8.902275148416287365e-03 8.853285227679235508e-03 8.762426825917770182e-03 8.760568342787981855e-03 8.751538059855536872e-03 8.769905158285363697e-03 8.760180213669708019e-03 8.891570576259069658e-03 8.877154841967736798e-03 8.964872554640337596e-03 8.889176231299903211e-03 8.894435119169291637e-03 8.802532212823441227e-03 8.920896087299949595e-03 8.895761537390842189e-03 8.872649911452824487e-03 8.916519417166009556e-03 8.875468011240927532e-03 8.906460165909201032e-03 9.059362851314940041e-03 8.770571592227797628e-03 8.891599018887653624e-03 8.786587407116996581e-03 8.878948222680670133e-03 8.907636744937032225e-03 8.882411027053963015e-03 8.871426441018494258e-03 8.894569303858450293e-03 8.892207075029566823e-03 8.898891648453753286e-03 8.902867863768417975e-03 8.920165880230354616e-03 9.061155754795267511e-03 8.917899049981629911e-03 9.003187498637592323e-03 9.068702125609551939e-03 8.913619394515551533e-03 8.951178880975383528e-03 8.913574800726783987e-03 8.914236015035860439e-03 9.011250170228031486e-03 8.981419727525004684e-03 8.996431000428226077e-03 8.950614983352719531e-03 8.896500986423432414e-03 8.786526408303442504e-03 8.896607765957043404e-03 8.931766225412536564e-03 9.017051625072660184e-03 8.924888766128277751e-03 8.896799250678743762e-03 8.877051528608109060e-03 8.890246241983822822e-03 8.883421273213084821e-03 9.062197325198105557e-03 8.823147415921668568e-03 8.905331409641441265e-03 8.934833258821940974e-03 8.778688000709954434e-03 8.884690206321878628e-03 8.906668869764856888e-03 8.965645849901792558e-03 8.924054841077111444e-03 8.895244282928075133e-03 8.918817013271575569e-03 8.891402252235582754e-03 8.884129138543516227e-03 8.878478890141988308e-03 8.782642195824889517e-03 8.908878336061947650e-03 9.071657731918716938e-03 8.922278035323895351e-03 8.986128469057094725e-03 9.040119078540966371e-03 8.918112667617498351e-03 8.893979218194238492e-03 8.883052093655119039e-03 8.871842904699623819e-03 8.879713850982901349e-03 8.903751414213491311e-03 8.906733420332837992e-03
8.936538970672515403e-03 8.944766911282337613e-03 8.948213895132041407e-03 8.997760269191544535e-03 8.954286492272976392e-03 8.910251121700329610e-03 8.960754200943134989e-03 8.863599442697950997e-03 8.867006846219733368e-03 8.896904297635096007e-03 8.771375721156158753e-03 8.753990842671890288e-03 0.000000000000000000e+00 8.730357255700650979e-03 8.828277710357506150e-03 8.884082384983010491e-03 8.759509826100620594e-03 8.812315424205659567e-03 8.755623850127599098e-03 8.860491930495865975e-03 8.744005019343418367e-03 8.771150993601732268e-03 8.757929488690028783e-03 8.752315497814914386e-03 8.758080284213785871e-03 8.765502778314254728e-03 8.850782293775638979e-03 8.836008636025535420e-03 8.922414360085232504e-03 8.846899017042017185e-03 8.854840480238136691e-03 8.862097612830070748e-03 8.895548740420547440e-03 8.752871575110111185e-03 8.847388403929630496e-03 8.874616346353603885e-03 8.835847481969989065e-03 8.884802350970505067e-03 9.045092318501191803e-03 9.007954178505672357e-03 8.780890829280362658e-03 8.851635621532016884e-03 8.842784708785269426e-03 8.867377401719280308e-03 8.841095960899731515e-03 8.830501886024525598e-03 8.776328896368605983e-03 8.851392004948053713e-03 8.858578596873735098e-03 8.862564640602926466e-03 8.879657058437941120e-03 9.021482563328265050e-03 8.877542460807743077e-03 8.963402177909527910e-03 9.029195970392726520e-03 8.873053292276677356e-03 8.911081882225517850e-03 8.873175498585728765e-03 8.876390320974395995e-03 8.969754914785103492e-03 8.936113932383787234e-03 8.795238800919173358e-03 8.904806732294759039e-03 8.783096950916561424e-03 8.879343802056157212e-03 8.780762655597233735e-03 8.891733720346560801e-03 8.974332660693213476e-03 8.882606899413473742e-03 8.857164415159856849e-03 8.843450424310535588e-03 8.784445367877794300e-03 8.777183887369364654e-03 9.027008769996111570e-03 8.931479636873209532e-03 8.863467623342334220e-03 8.892846565116485982e-03 8.774733393957380445e-03 8.844408602596717101e-03 8.866575402555221599e-03 8.911424456580340631e-03 8.882998925137908577e-03 8.856917934908416917e-03 8.877602390365087540e-03 8.849428953410983303e-03 8.836815181589945806e-03 8.839639198517433225e-03 8.828540438411964023e-03 8.867484050721363004e-03 9.036349382803185795e-03 8.882245539653881028e-03 8.949656821258216224e-03 9.004684100313220182e-03 8.880304163100882081e-03 8.852708711909587636e-03 8.842191031636857310e-03 8.830773770999847394e-03 8.837939592762765473e-03 8.863130127148554152e-03 8.865966048692764528e-03
8.904219062807187945e-03 8.912479554354941352e-03 8.915771269452544764e-03 8.967099509687657607e-03 8.923585145989716347e-03 8.879297643015659353e-03 8.928263184898900529e-03 8.831620093993818033e-03 8.835880670956135219e-03 8.865760661308782348e-03 8.772486606865328301e-03 8.752447828834291135e-03 8.730357255700650979e-03 0.000000000000000000e+00 8.766627628074180265e-03 8.852476880401300222e-03 8.754343689960265504e-03 8.757612977172694879e-03 8.750729506989733675e-03 8.829095942203489186e-03 8.741583198737679777e-03 8.769750835265708797e-03 8.756354309277241885e-03 8.754167833114572320e-03 8.759067992058732627e-03 8.804494904561312521e-03 8.778640268073035005e-03 8.804654235514266375e-03 8.891640160011374944e-03 8.776883352891659551e-03 8.824024978735887231e-03 8.830283580388967324e-03 8.799711113021833203e-03 8.751767610478579720e-03 8.815277256284496932e-03 8.843319419162729358e-03 8.804580616034750340e-03 8.853520788388056367e-03 9.013788156024006223e-03 8.977396208508731448e-03 8.778926214114773918e-03 8.820179017321089915e-03 8.811386230217418958e-03 8.836219995239215017e-03 8.810253849272461912e-03 8.799573514489698878e-03 8.774694216019394630e-03 8.820398241683348808e-03 8.827299411794666331e-03 8.829736905121135515e-03 8.848719760752184887e-03 8.991149764400952621e-03 8.844476699071518108e-03 8.932869252316092898e-03 8.998970423527397414e-03 8.842078872898916087e-03 8.880194424704000375e-03 8.842107398471361901e-03 8.845071234871840216e-03 8.935894227606124701e-03 8.902381406559250684e-03 8.787177717612705552e-03 8.785296392693405301e-03 8.777041911641756192e-03 8.757030363228049050e-03 8.774538975439160129e-03 8.860511582827227187e-03 8.937991411468136638e-03 8.847444421429626754e-03 8.822087944534002385e-03 8.810415192037283905e-03 8.810271756925936587e-03 8.773766564158562431e-03 8.996448837117188707e-03 8.900382283006909659e-03 8.830181257738420331e-03 8.861615899001102498e-03 8.771729835245213949e-03 8.813315008424778621e-03 8.835559206382251340e-03 8.880652991777003569e-03 8.851888409237135963e-03 8.826000401248956448e-03 8.846393696598408435e-03 8.818261002576054802e-03 8.804014671514585888e-03 8.808521021730082723e-03 8.797819507797895872e-03 8.836541965258105924e-03 9.002408331887637102e-03 8.851069276667049984e-03 8.919014571266040831e-03 8.974054724240627945e-03 8.849352825274605164e-03 8.821588885690739498e-03 8.810886234262210737e-03 8.799599501118152145e-03 8.805326129102668264e-03 8.832012073492616702e-03 8.834831610676040572e-03
8.861213962968213578e-03 8.871174152104045404e-03 8.874688719355355165e-03 8.925000154849625084e-03 8.880738066414295070e-03 8.835263944113857723e-03 8.892303052516448494e-03 8.791366105296240588e-03 8.792670520550957200e-03 8.867339399371659131e-03 9.067159049032965171e-03 8.880135216328868819e-03 8.828277710357506150e-03 8.766627628074180265e-03 0.000000000000000000e+00 8.814924288660576368e-03 9.013001173465184576e-03 8.750845180266036624e-03 8.761190027994194066e-03 8.739886736475636214e-03 8.764186501970439372e-03 8.806347254829014620e-03 8.757813331411196806e-03 8.863462338415860342e-03 8.766484107164618927e-03 8.770521135945915855e-03 8.775470137819027516e-03 8.744965494596136993e-03 8.739925736233838602e-03 8.740722725075124322e-03 8.778852146565825632e-03 8.793447387744079274e-03 8.827894038632154092e-03 8.798912313818902167e-03 8.777357605019506237e-03 8.794987286174444155e-03 8.739962606956207941e-03 8.820939661927011330e-03 8.985202602206372735e-03 8.988546289743448020e-03 8.795889743828890286e-03 8.785530451999130561e-03 8.773879778360494167e-03 8.743329708567906811e-03 8.763374831636607659e-03 8.740386094260206573e-03 8.782086812090843936e-03 8.744445086081856916e-03 8.782094077226708373e-03 8.742713472010360531e-03 8.803838247444451676e-03 8.948476022907303137e-03 8.800188224353694064e-03 8.889695884135401585e-03 8.956338107500827136e-03 8.797178152786508387e-03 8.836218578354414557e-03 8.796915231720485451e-03 8.797892089722130632e-03 8.899383126470710934e-03 8.865099567276678305e-03 8.884728564089491853e-03 8.759125340692732256e-03 8.751782214422959907e-03 8.764577258603937701e-03 8.736854107361850807e-03 8.816111096057111657e-03 8.928719294543540491e-03 8.813108498651965259e-03 8.777432323440768902e-03 8.750594935995755289e-03 8.775609252191405099e-03 8.744617034765754179e-03 8.950049108237830009e-03 8.787499931205221271e-03 8.790770594544937422e-03 8.739537603451419390e-03 8.741481870868627810e-03 8.767523785566801869e-03 8.790535793494222080e-03 8.840146834740696818e-03 8.807829363828921510e-03 8.779236447999988827e-03 8.802882932771829982e-03 8.772766159041824399e-03 8.765425942365154960e-03 8.740562718462602243e-03 8.741447401254162988e-03 8.785499245815920136e-03 8.956604190139837857e-03 8.805504535576987729e-03 8.872814815828831275e-03 8.927625025481160381e-03 8.802580182447328899e-03 8.777356614722691200e-03 8.763450739433414557e-03 8.753548718773002807e-03 8.762321714532035968e-03 8.786743812490688949e-03 8.742926006559577357e-03
8.743708487873109308e-03 8.742726304611158489e-03 8.740143324193266547e-03 8.744381396017799138e-03 8.890634657951250464e-03 8.760947471989266946e-03 8.743913637719986920e-03 8.741681069742908775e-03 8.802225670337011920e-03 8.882700558856253259e-03 9.086538653312003361e-03 8.910528015734086801e-03 8.884082384983010491e-03 8.852476880401300222e-03 8.814924288660576368e-03 0.000000000000000000e+00 9.079753602033722656e-03 8.765634857015916145e-03 9.026136217483224713e-03 8.826845215384038559e-03 8.854105364711900572e-03 8.765158847624306138e-03 8.769296989991843053e-03 8.901802987326517744e-03 8.805226096387269025e-03 8.775707378290729249e-03 8.816370120635302551e-03 8.797628602048799748e-03 8.890112263334037229e-03 8.815682854282089545e-03 8.806733268442792917e-03 8.743879657373061776e-03 8.742567120093264893e-03 8.852139403481217375e-03 8.745166088569546192e-03 8.838501407635953114e-03 8.798220858515226617e-03 8.743963431874118494e-03 8.987899694634428685e-03 8.785296997440465022e-03 8.759489003117730543e-03 8.808696227603158083e-03 8.808039466168215287e-03 8.826813736447541164e-03 8.749629449347044036e-03 8.754620029699958922e-03 8.754300780887420280e-03 8.811664432655758744e-03 8.806767496984432841e-03 8.821627920320904842e-03 8.843148957719959222e-03 8.977391051758798132e-03 8.842727624737135167e-03 8.912986906705597234e-03 8.989423241146286825e-03 8.833574080976803675e-03 8.874719015937728231e-03 8.774418201439969714e-03 8.842943613912026060e-03 8.949448078304372139e-03 8.914450780638983121e-03 8.937973162855253687e-03 8.883925056835354980e-03 8.834419810701790027e-03 8.909551339361419103e-03 8.828440593862818195e-03 8.857920764039687450e-03 8.984638024882788190e-03 8.863449835824743425e-03 8.825044221286415178e-03 8.810478082292067317e-03 8.820172756783798210e-03 8.811260518549241319e-03 8.994466356548325159e-03 8.913355995254397535e-03 8.838768662025136419e-03 8.860208209197433307e-03 8.800547130826582784e-03 8.808897191649237707e-03 8.829393536731660469e-03 8.901064832885359837e-03 8.850570906870797519e-03 8.821877180239579008e-03 8.843178402277910785e-03 8.814764038128775417e-03 8.808661717725128210e-03 8.805948155069151170e-03 8.798384017710528596e-03 8.832428649578479354e-03 9.004683368160914386e-03 8.847249669914540246e-03 8.914382251616460515e-03 8.971906583081765141e-03 8.846528518656525050e-03 8.818187201941629985e-03 8.807191168762046676e-03 8.795902669219330533e-03 8.804401620969728656e-03 8.819526425272726164e-03 8.830745245269538274e-03
