0.000000000000000000e+00 1.076995901323200833e-02 1.097124869294448246e-02 1.195163560418106147e-02 1.245705983587368226e-02 1.214549832099605896e-02 1.167599629537970259e-02 1.060071563753072800e-02 1.198591669434637651e-02 1.208203010071695789e-02 1.247947488038351690e-02 1.231236373606358313e-02 1.078509247674146014e-02 1.238522877724563577e-02 1.187883441668696922e-02 1.217498496945452514e-02 1.232482369354983252e-02 1.235546768541646509e-02 1.197143480238819536e-02 1.171040406903463629e-02 1.241369586059186056e-02 1.218797968728725124e-02 1.208535216397661066e-02 1.211891705654278249e-02 1.261540148375432484e-02 1.212666295634696328e-02 1.235509172786294733e-02 1.205128482464051798e-02 1.185656599407032899e-02 1.207707429133489212e-02 1.200195434873973371e-02 1.220090686943906683e-02 1.238848794257105951e-02 1.206753537242437335e-02 1.194400479761096104e-02 1.196015874737161103e-02 1.260221979166988374e-02 1.239956886156210261e-02 1.084935658592851848e-02 1.237088652576312162e-02 1.204337703509263113e-02 1.179289846829278954e-02 1.295358382591474053e-02 1.080871114487557544e-02 1.229458949663805693e-02 1.224956411156667875e-02 1.214951757274382489e-02 1.200975217658365943e-02 1.225098771202062613e-02 1.240311793147894429e-02 1.211838824026115549e-02 1.233987973676678798e-02 1.197642818678959671e-02 1.242842934186631949e-02 1.217623127109899138e-02 1.225509426511599796e-02 1.148900373512771501e-02 1.254563633700969683e-02 1.272054987572246443e-02 1.236187477720882867e-02 1.217743905446212575e-02 1.223316666309410758e-02 1.238919794355804876e-02 1.237781483111839893e-02 1.244234463176135085e-02 1.206342729991143059e-02 1.073738961248206676e-02 1.206052744436914188e-02 1.225149510029200153e-02 1.231481593157091915e-02 1.216429479901846161e-02 1.216441190064408880e-02 1.215044800710143695e-02 1.214028793428906759e-02 1.211516433043719615e-02 1.228039324543651022e-02 1.221109416418695616e-02 1.220827533503521072e-02 1.199974130681243784e-02 1.224791353178572573e-02 1.210795031151946574e-02 1.146447130577767613e-02 1.203792081075791796e-02 1.215064285349601661e-02 1.218844447212495338e-02 1.302954846485348053e-02 1.281321546438753817e-02 1.255559055055389256e-02 1.221218112815117100e-02 1.231061918794499818e-02 1.215451604838130480e-02 1.208361095708863561e-02 1.210255413563347815e-02 1.210057176363879029e-02 1.221995557147767530e-02 1.195514210605034579e-02 1.207545030598656914e-02 1.221085617494007368e-02 1.214786375596417327e-02 1.220014108865534984e-02 1.224800740730498314e-02 1.183891760406033736e-02 1.270999361005426508e-02 1.228991944291879176e-02 1.212405297210212424e-02 1.242932745916002293e-02 1.234115225076838629e-02 1.195044993191944453e-02 1.205810464489075889e-02 1.202048299172989859e-02 1.177618252063504858e-02 1.239012386825093411e-02 1.219458892119180612e-02 1.254840809489310600e-02 1.231855489192082952e-02 1.231457325844973610e-02 1.235325597070977867e-02 1.229364773850502406e-02 1.226400614000519064e-02 1.214983276887082395e-02 1.229004562081410790e-02 1.265623866318510947e-02 1.203899559265629755e-02 1.163023639416885073e-02 1.217033395918248884e-02 1.254833907037551134e-02 1.260692931097273477e-02 1.241846705429837730e-02
1.076995901323200833e-02 0.000000000000000000e+00 1.209071078724250486e-02 1.203733840869662328e-02 1.234401497405872815e-02 1.191828373572138139e-02 1.184068871123879554e-02 1.165386708519701095e-02 1.192163059038743415e-02 1.097377776422143146e-02 1.156788058261707004e-02 1.193978008818992985e-02 1.180107153493775880e-02 1.230439441668423547e-02 1.151370407327371483e-02 1.203549787792835418e-02 1.219427960411437022e-02 1.211833495174449368e-02 1.175313192830004620e-02 1.182747909208591713e-02 1.226589800934183364e-02 1.229612228492836870e-02 1.189450191974881534e-02 1.221477125464263090e-02 1.172033659964994388e-02 1.213209277969655962e-02 1.216911871381767991e-02 1.192969912423712253e-02 1.048737890276397154e-02 1.172923293966202096e-02 1.194011670503702244e-02 1.183799346476475771e-02 1.216750044487642859e-02 1.194356668712689279e-02 1.199528881294966570e-02 1.187208716984833323e-02 1.251603122034676552e-02 1.170002022551417005e-02 1.185772183008202037e-02 1.217016943413434457e-02 1.187737547734014389e-02 1.161621222728482540e-02 1.281038302290792366e-02 1.155075745963875244e-02 1.223625504206035837e-02 1.219856392489017047e-02 1.170322217117331608e-02 1.195238256593865282e-02 1.227547011979460839e-02 1.229390521159250300e-02 1.206783218903925009e-02 1.216767366245650323e-02 1.173767368071903204e-02 1.234697902960192606e-02 1.183451988767663526e-02 1.214586100053299464e-02 1.236025251253436257e-02 1.230315854754121876e-02 1.251579102187381533e-02 1.210108974992109808e-02 1.239930524429254388e-02 1.216293392235776906e-02 1.251507440906136567e-02 1.258581749704640318e-02 1.225511333156953722e-02 1.178941748896159512e-02 1.159433425833448876e-02 1.183471505557846110e-02 1.229892429218422574e-02 1.239487138063424983e-02 1.198498954496480563e-02 1.196517392643725933e-02 1.212627051540408202e-02 1.193344155600663606e-02 1.189410380480837755e-02 1.215152769932916106e-02 1.205503290851513316e-02 1.212933146354715393e-02 1.181486791877793020e-02 1.201543620743190065e-02 1.195686546229325804e-02 1.207428008264744938e-02 1.207528474128619599e-02 1.222641548496260222e-02 1.200509423907928849e-02 1.292160047374141599e-02 1.282169216656256494e-02 1.263870793767101625e-02 1.197690727076880339e-02 1.219727479850027559e-02 1.198264719066790412e-02 1.214191620105006635e-02 1.176808951592326485e-02 1.202540816343993305e-02 1.182720385111393421e-02 1.054824180208081309e-02 1.197850453331922825e-02 1.215948983011226441e-02 1.190022468868790623e-02 1.215412114134553981e-02 1.229638667001125424e-02 1.062552934339213752e-02 1.225851416121994178e-02 1.210529839387636426e-02 1.190346077637215519e-02 1.227079334726622478e-02 1.191304735520280766e-02 1.154180732747074958e-02 1.190413490575201010e-02 1.195534281228687913e-02 1.187006495684435857e-02 1.233594055241672705e-02 1.218196069162404485e-02 1.233268567372318089e-02 1.211926562220193987e-02 1.229549287939666474e-02 1.214120610246357049e-02 1.211712306697983882e-02 1.211496518506264761e-02 1.169539609535349620e-02 1.248050371195163523e-02 1.163476593580341396e-02 1.218006418220342509e-02 1.240309954088452370e-02 1.195985636128043747e-02 1.257534811159276983e-02 1.239193055042130814e-02 1.203851129715410168e-02
1.097124869294448246e-02 1.209071078724250486e-02 0.000000000000000000e+00 1.225480169675724831e-02 1.219375568396428682e-02 1.220120694191266682e-02 1.102800475682457100e-02 1.085496732499167082e-02 1.217850999771787242e-02 1.228384040736413968e-02 1.226749902828994619e-02 1.252695435170903850e-02 1.193866682846389353e-02 1.230361844687535150e-02 1.220413656509877071e-02 1.190777362705809465e-02 1.237160026918522095e-02 1.225661313849419308e-02 1.222439208646880840e-02 1.197629488733790125e-02 1.220351884436259200e-02 1.231382609849777411e-02 1.224595027011761254e-02 1.234410097069672113e-02 1.257677258325556359e-02 1.229185667700917299e-02 1.220545957285567966e-02 1.228313366566640558e-02 1.232157048897955173e-02 1.222709253226884722e-02 1.213396175879155603e-02 1.231631929108632437e-02 1.262293188870189896e-02 1.204101926850926346e-02 1.211991188237927612e-02 1.205556903545500561e-02 1.228853202840774102e-02 1.227254713519231911e-02 1.223765566643713470e-02 1.222818957455173126e-02 1.211631843050763567e-02 1.187789094851193945e-02 1.284787302840480726e-02 1.209116336043836518e-02 1.200793797092341783e-02 1.210622041751683101e-02 1.213454270091084489e-02 1.212523404271038940e-02 1.217058421493869176e-02 1.194023507399960896e-02 1.106426288837847327e-02 1.233928191325423321e-02 1.226206782300767566e-02 1.183835083181390344e-02 1.213509123056296518e-02 1.221008414345096937e-02 1.237385332830292020e-02 1.226381046874314672e-02 1.259418489692603477e-02 1.244152063435927623e-02 1.131012963555883509e-02 1.115725550625492474e-02 1.232062396727326599e-02 1.247675726133983844e-02 1.235756566204361875e-02 1.202601281575424799e-02 1.188088138369408284e-02 1.226835847642116992e-02 1.237066022185884413e-02 1.244969516593883753e-02 1.237161915685885960e-02 1.225883256240139704e-02 1.226230911428831220e-02 1.217954977905204988e-02 1.234049214629445897e-02 1.239099663554364163e-02 1.230403098633447816e-02 1.104716256365503857e-02 1.235616077440698617e-02 1.233319190922532380e-02 1.229378925633637341e-02 1.230415184933667146e-02 1.206953481518266771e-02 1.229942259109022967e-02 1.212104472812692256e-02 1.277723705430406156e-02 1.251405737827545987e-02 1.242617686848252433e-02 1.224631555330878314e-02 1.209338581465920111e-02 1.219205780935782649e-02 1.202541803212148382e-02 1.234814023962452906e-02 1.112975278709806004e-02 1.230737743695624505e-02 1.229010252453055681e-02 1.225411998358421142e-02 1.220128673686143861e-02 1.233786559583599333e-02 1.249130036767501055e-02 1.215867906673666343e-02 1.217658303124467996e-02 1.274631061305666301e-02 1.217952405290325356e-02 1.235167350479872243e-02 1.227102933046060780e-02 1.228701126054192530e-02 1.218870361884682313e-02 1.109488158245918073e-02 1.202441052120341997e-02 1.118626296221372080e-02 1.231734553408973115e-02 1.207612641270542145e-02 1.229299029365302047e-02 1.233036178127942979e-02 1.252839741538016097e-02 1.231361882356173804e-02 1.224783826299353368e-02 1.231845441708333960e-02 1.211816445580741856e-02 1.149103855402487488e-02 1.272796771226836210e-02 1.200513950972867915e-02 1.211561524472116839e-02 1.239513044045459714e-02 1.146231037741851470e-02 1.247933173962745973e-02 1.214167727114608131e-02
1.195163560418106147e-02 1.203733840869662328e-02 1.225480169675724831e-02 0.000000000000000000e+00 1.243994408013019033e-02 1.191872834343514140e-02 1.202232416969317708e-02 1.162098764512583399e-02 1.196763633050535250e-02 1.241716981437946885e-02 1.276665622564323449e-02 1.221865570780637095e-02 1.184878427326220736e-02 1.216250274228512264e-02 1.178258979204693802e-02 1.215703971585089214e-02 1.213168403619840560e-02 1.235147927262181256e-02 1.181274601611526087e-02 1.213556987602651058e-02 1.227056835253788683e-02 1.204134022040177950e-02 1.219139380799146716e-02 1.237111429591864972e-02 1.264103226150649871e-02 1.208771810190769833e-02 1.229981760167478747e-02 1.189715445943133505e-02 1.211107730038834748e-02 1.201240740408011237e-02 1.174753429435819452e-02 1.203314693695943863e-02 1.221302621158433001e-02 1.169562750916500367e-02 1.184928277595866282e-02 1.164950957927506255e-02 1.235735391314327601e-02 1.257733297152567251e-02 1.052650357369470241e-02 1.207925178698177754e-02 1.036098614688707106e-02 1.172337641618698828e-02 1.278498745111291551e-02 1.192413471151411268e-02 1.203941587352335037e-02 1.040971407669564683e-02 1.214402542373910730e-02 1.179517791815325525e-02 1.233323645292415567e-02 1.235580354117366865e-02 1.183092178684318728e-02 1.224731781885769928e-02 1.148192541374939112e-02 1.231452222229554791e-02 1.179744670726524773e-02 1.220316914054327823e-02 1.261743370239787852e-02 1.243034681375951647e-02 1.256359059427526390e-02 1.247595109218183236e-02 1.221103663266897080e-02 1.240231224147043433e-02 1.159436159252592857e-02 1.277830535862170547e-02 1.252521385354724362e-02 1.178546063020300023e-02 1.190110035850692853e-02 1.206662824975029101e-02 1.247525000019612806e-02 1.261452473532328686e-02 1.187323259835643303e-02 1.189643610554862868e-02 1.219785415345117814e-02 1.186222198913770495e-02 1.177329342124559461e-02 1.226861901505995646e-02 1.200677910046292658e-02 1.227877375718131395e-02 1.183978499298086323e-02 1.213808066751643003e-02 1.193986025976998336e-02 1.221463739092271822e-02 1.204425830898884532e-02 1.220437407076122721e-02 1.203920677848228753e-02 1.302749455866383278e-02 1.179656307834399225e-02 1.131815629059187457e-02 1.192444615164578794e-02 1.218823035685591069e-02 1.223447434172339476e-02 1.107485187424897370e-02 1.202781459621720013e-02 1.166107340470553567e-02 1.218496709513816438e-02 1.197310785006825209e-02 1.185176106697571896e-02 1.241016514351705839e-02 1.179104164248008339e-02 1.200110122799828705e-02 1.179020993453779032e-02 1.213820814036071886e-02 1.294581642387294083e-02 1.219044668099964791e-02 1.158497186427903322e-02 1.236540941737138133e-02 1.258982950518876959e-02 1.183081048338450667e-02 1.196083694951468115e-02 1.201245338924137457e-02 1.225323249203087196e-02 1.231525858602025049e-02 1.214466941930421491e-02 1.243069803982662161e-02 1.211383161069609291e-02 1.249061540243000257e-02 1.246535895353691019e-02 1.217975089585404506e-02 1.229114134617405665e-02 1.210697827108181066e-02 1.255145736854055595e-02 1.296784378297471778e-02 1.065912238268860307e-02 1.281156917855064484e-02 1.184295766540799898e-02 1.242828617310655012e-02 1.266342044937899571e-02 1.241278060792417974e-02
1.245705983587368226e-02 1.234401497405872815e-02 1.219375568396428682e-02 1.243994408013019033e-02 0.000000000000000000e+00 1.217403771430488994e-02 1.242710031164056574e-02 1.230022954031684615e-02 1.096214395620514863e-02 1.253722768506421170e-02 1.178545076779492946e-02 1.236044909714815489e-02 1.225590158597711192e-02 1.212527644114984489e-02 1.220986461254186875e-02 1.213790376727799311e-02 1.248083482346389397e-02 1.252989329745130172e-02 1.244894969614871588e-02 1.196745659150730452e-02 1.238299540826709629e-02 1.230399699278970048e-02 1.232055063685983005e-02 1.237625209193770823e-02 1.282518096780178342e-02 1.118774216435967049e-02 1.228703453496188605e-02 1.219145340950569291e-02 1.243860021361147851e-02 1.227743433206461045e-02 1.239553273089662698e-02 1.251689010568137091e-02 1.248432374565412901e-02 1.076775646055612261e-02 1.222942200546040838e-02 1.227691254110634470e-02 1.264913674878240593e-02 1.243174554014883811e-02 1.231640595322781861e-02 1.244538779064370722e-02 1.231092705120293007e-02 1.200263480228709427e-02 1.299801691849162243e-02 1.216669740589866253e-02 1.216418303142194172e-02 1.246133029749605173e-02 1.236994454894461103e-02 1.220980098146462814e-02 1.239092550397529087e-02 1.259783389227354597e-02 1.228294564663320355e-02 1.234971151028731520e-02 1.233462699329523383e-02 1.242645147224749960e-02 1.247576838830951121e-02 1.213705089678681487e-02 1.273807372631881492e-02 1.227635723979721150e-02 1.269155448030375756e-02 1.250637272579897125e-02 1.250621276427808272e-02 1.246628950587787797e-02 1.258260200061574186e-02 1.237262873891460148e-02 1.251898110831871185e-02 1.209775534696484571e-02 1.244017385682847331e-02 1.249418732920546185e-02 1.250782163705854017e-02 1.248568337197331415e-02 1.246461552940217148e-02 1.226749384211831169e-02 1.242133495771214659e-02 1.217053142984462176e-02 1.115187407274966999e-02 1.233755396914375420e-02 1.191049623284435623e-02 1.116383082615177158e-02 1.239280928459711092e-02 1.210923217712515064e-02 1.224809123491050686e-02 1.235103958639615154e-02 1.248367974326207615e-02 1.241931714280536045e-02 1.243304370694243467e-02 1.285383398745141084e-02 1.270550692352732589e-02 1.274041542104164225e-02 1.222288324340333951e-02 1.245916377364081860e-02 1.082150537542248339e-02 1.236029743030717110e-02 1.251082559787783204e-02 1.252344555098849205e-02 1.230480725394616191e-02 1.219167959157604550e-02 1.249080095029160564e-02 1.217855068390669149e-02 1.114188870969340904e-02 1.244010016981545418e-02 1.227031980975217679e-02 1.246286831292188479e-02 1.286644549542263240e-02 1.227143836711807809e-02 1.238530960719494076e-02 1.237025963369732875e-02 1.227921653922198209e-02 1.236957216472573187e-02 1.236711644133615777e-02 1.222058644774452058e-02 1.224699305657424124e-02 1.071859335548710698e-02 1.228321658179674404e-02 1.225353594514909730e-02 1.218597094417129406e-02 1.237056101747932568e-02 1.227085235412769294e-02 1.215145409881428391e-02 1.136730366838836943e-02 1.234915141756959440e-02 1.085987123715183821e-02 1.289249177011724326e-02 1.223051955331463936e-02 1.273920032595680062e-02 1.249135232843533172e-02 1.155419396556757981e-02 1.241331354665787742e-02 1.257976911647408318e-02
1.214549832099605896e-02 1.191828373572138139e-02 1.220120694191266682e-02 1.191872834343514140e-02 1.217403771430488994e-02 0.000000000000000000e+00 1.190918036148121313e-02 1.197038389078206901e-02 1.169949896269598458e-02 1.212786822393205864e-02 1.257411638689082817e-02 1.207790018384677366e-02 1.184796182433307116e-02 1.095722410745565874e-02 1.172752460729505411e-02 1.189081066431425283e-02 1.225228749719418572e-02 1.096596126806687922e-02 1.179352598929017323e-02 1.196340669244930384e-02 1.236452784709474347e-02 1.206790295352950550e-02 1.187154632989710808e-02 1.230040811109233898e-02 1.254045486053456671e-02 1.192354913208618084e-02 1.185825287476601798e-02 1.034464461108920014e-02 1.179446355196269759e-02 1.178659337570226937e-02 1.176545430422495410e-02 1.187449494738030201e-02 1.212951602164429564e-02 1.180839319872597874e-02 1.196435163462659414e-02 1.175960187155904169e-02 1.237070303528077335e-02 1.265459039213443111e-02 1.189981379041644104e-02 1.214536704296733174e-02 1.165370336630850052e-02 1.174356904209036823e-02 1.287290188706299680e-02 1.179459391680496433e-02 1.207456769565239292e-02 1.199669463848848129e-02 1.205013606283536660e-02 1.177482045561069161e-02 1.209514743669237724e-02 1.211323455110811104e-02 1.215344745556497935e-02 1.208811815465477175e-02 1.160971546452393977e-02 1.206072258181930396e-02 1.188293979945075594e-02 1.200050082329156415e-02 1.244693306617484542e-02 1.229499982627845281e-02 1.253935079607895915e-02 1.232213958902341616e-02 1.238083136286902662e-02 1.231543962996797803e-02 1.260677179729307977e-02 1.271140159181657556e-02 1.221921411938281694e-02 1.151999882040473724e-02 1.195922503176296073e-02 1.193887902900469741e-02 1.213608355439327845e-02 1.216430191975747394e-02 1.178106039074997870e-02 1.178373369403198923e-02 1.201249378019317304e-02 1.138295012702885550e-02 1.185587840208119845e-02 1.211505863722499993e-02 1.195198207103029785e-02 1.190598858261532160e-02 1.165285763205944555e-02 1.187990260539560465e-02 1.195930079257672904e-02 1.234776032791119922e-02 1.185627584717820551e-02 1.191196992724245958e-02 1.199847949116852192e-02 1.169278802084228013e-02 1.268261181085142582e-02 1.242258483455399402e-02 1.173548846131226842e-02 1.197188759559670961e-02 1.175410749228105074e-02 1.222645991216092867e-02 1.177958438777310969e-02 1.189930592247297539e-02 1.204014372172227711e-02 1.168503152982844177e-02 1.186372847350764675e-02 1.227146704341028349e-02 1.164826064208115269e-02 1.202408650909879938e-02 1.228348744984440050e-02 1.208530760524756560e-02 1.250910851143707293e-02 1.215465296616856025e-02 1.161931779225575459e-02 1.216189905254909213e-02 1.127437842421603713e-02 1.187507349352674192e-02 1.167381632767935766e-02 1.202864262224870827e-02 1.206912250815614721e-02 1.199196362849609503e-02 1.207700325808635372e-02 1.207475433874512401e-02 1.090145335031613393e-02 1.253065487517357468e-02 1.223957043500061015e-02 1.077954789745175397e-02 1.214963154003198716e-02 1.188972909935355135e-02 1.248402184631466905e-02 1.276869972266268805e-02 1.217799850805646386e-02 1.271141317707472594e-02 1.190538434397259496e-02 1.142956697006263476e-02 1.237563314588983540e-02 1.219671659965790474e-02
1.167599629537970259e-02 1.184068871123879554e-02 1.102800475682457100e-02 1.202232416969317708e-02 1.242710031164056574e-02 1.190918036148121313e-02 0.000000000000000000e+00 1.159198088230426783e-02 1.207164899537794059e-02 1.106123714803084260e-02 1.247960474914594671e-02 1.207089662292786143e-02 1.202971129624096427e-02 1.228963660291570135e-02 1.187789783362762884e-02 1.191233611337792590e-02 1.196447764703718192e-02 1.178867216765512073e-02 1.202155739916943057e-02 1.194992378275294177e-02 1.228613033950147135e-02 1.231422594795790471e-02 1.198397231564665363e-02 1.170383834084686749e-02 1.254332182837612948e-02 1.214797568714449938e-02 1.206433463845815214e-02 1.188716647985807971e-02 1.208872819359601072e-02 1.182994750079578890e-02 1.159263179244306510e-02 1.192299459088426612e-02 1.221422087879960733e-02 1.202830652893897324e-02 1.183449964199810057e-02 1.169214065396212074e-02 1.243820785757740466e-02 1.248600672850824073e-02 1.203909557942464681e-02 1.204668993369757343e-02 1.199778772806157738e-02 1.165547883383522866e-02 1.261278891373873896e-02 1.185587785316674289e-02 1.220713131334820109e-02 1.217982715552612394e-02 1.189998456717345464e-02 1.186772438781994767e-02 1.131084303875828576e-02 1.106259040246009365e-02 1.204837248821810300e-02 1.214620997022581791e-02 1.198774655081662373e-02 1.212825872796712001e-02 1.201992565207567892e-02 1.221908446024420197e-02 1.246252258032895695e-02 1.228251955092961312e-02 1.252754111502286938e-02 1.214122424288454835e-02 1.220663947521273204e-02 1.189351921618174088e-02 1.147432344134989568e-02 1.245305116605619454e-02 1.209733439130330698e-02 1.182756914914947187e-02 1.067349342461423531e-02 1.181260240083813369e-02 1.216725469303901394e-02 1.210151014109120057e-02 1.186609176084419716e-02 1.186075423981100899e-02 1.225321243301232856e-02 1.199337518454199683e-02 1.192963451742969951e-02 1.213482710273963011e-02 1.210444157645572567e-02 1.199914203399044497e-02 1.196962586334499035e-02 1.218953067547829359e-02 1.207073702608243287e-02 1.214001014835745969e-02 1.079908823425666277e-02 1.217625132715699499e-02 1.208936786515521847e-02 1.195083374455867958e-02 1.281920500247061417e-02 1.234237638832781127e-02 1.206938498895040665e-02 1.197145576046169599e-02 1.217436052277016435e-02 1.218989257577863389e-02 1.192177823533072285e-02 1.199888788639089446e-02 1.202912813349891162e-02 1.200977220336238611e-02 1.068232740976265797e-02 1.215782369506322735e-02 1.206402622311364761e-02 1.214873759149509222e-02 1.206755636120677121e-02 1.187322042884429892e-02 1.266298829266740596e-02 1.225387696064864952e-02 1.191796936076565221e-02 1.205952090018073096e-02 1.230983459275910262e-02 1.179988604895621310e-02 1.180057275078501278e-02 1.194954316850635467e-02 1.171193219916671566e-02 1.236912314818532782e-02 1.224923567568045150e-02 1.231778957040318041e-02 1.215893774468190108e-02 1.235188201372335037e-02 1.213385563145852331e-02 1.215805743212110442e-02 1.217138389254937038e-02 1.207779615109688155e-02 1.248865881484501061e-02 1.287828463241999337e-02 1.208381771166874147e-02 1.147780066148200440e-02 1.199720378170276644e-02 1.240936383083489185e-02 1.258701282393146458e-02 1.222195262859902473e-02
1.060071563753072800e-02 1.165386708519701095e-02 1.085496732499167082e-02 1.162098764512583399e-02 1.230022954031684615e-02 1.197038389078206901e-02 1.159198088230426783e-02 0.000000000000000000e+00 1.201438214128154602e-02 1.214012678453643169e-02 1.249562478564835398e-02 1.223862625358120883e-02 1.181092197389327358e-02 1.211702750031927282e-02 1.176972703637679633e-02 1.195232037554573058e-02 1.213813592363960185e-02 1.204777423499088160e-02 1.173041957172227430e-02 1.179800320492984528e-02 1.200038679542297058e-02 1.225482767692241161e-02 1.201099841805693472e-02 1.214707356313203188e-02 1.249645183395426545e-02 1.212654575711228505e-02 1.199875756508347185e-02 1.187644170523849581e-02 1.192133315924981916e-02 1.177675413805044126e-02 1.195789753583361217e-02 1.204214502280623496e-02 1.229883318966836815e-02 1.186151729999193258e-02 1.187191376815103713e-02 1.174510596667030504e-02 1.127275385526678615e-02 1.148726415889018103e-02 1.187086143480795865e-02 1.207134500300759139e-02 1.175332444174921262e-02 1.168683191070515708e-02 1.266397453551957111e-02 1.174247250199638055e-02 1.190525323072266946e-02 1.188721163298406616e-02 1.202391944514417249e-02 1.173984349180087761e-02 1.201348668464986662e-02 1.204760697028354859e-02 1.172764081065170126e-02 1.211557829423300613e-02 1.177175549019778000e-02 1.212845823140288812e-02 1.203119531729067437e-02 1.211769255929072593e-02 1.132984945930430587e-02 1.220493337575699784e-02 1.242475496056351554e-02 1.223450493809759634e-02 1.200942528029471691e-02 1.202215989316368985e-02 1.144533002781027500e-02 1.236375707106057882e-02 1.215923685302753091e-02 1.187941654107213009e-02 1.181601067785267856e-02 1.210982533526320550e-02 1.214807385701504282e-02 1.212094445350960989e-02 1.183649267104030720e-02 1.167979421789518135e-02 1.215453658650280516e-02 1.191135287755156272e-02 1.190101392303523874e-02 1.198263395022380884e-02 1.206870537846027602e-02 1.197584581831759483e-02 1.188551472833132908e-02 1.186088452749433156e-02 1.170689966137049634e-02 1.182562770844835034e-02 1.084427387379248951e-02 1.215927367571025680e-02 1.196020433051528213e-02 1.279724527658451620e-02 1.254213733931158238e-02 1.217060568311439939e-02 1.207657549842774437e-02 1.199244468338056535e-02 1.206925469001504138e-02 1.093380897844514060e-02 1.205719456951623650e-02 1.193478845705188592e-02 1.194230649588555286e-02 1.192350713109641309e-02 1.200844926409571495e-02 1.215024907441035473e-02 1.200170402283830436e-02 1.224357409396018698e-02 1.194040133932853555e-02 1.207038649359742748e-02 1.245002506223089056e-02 1.187067644000149892e-02 1.191990857542973327e-02 1.200667261239584532e-02 1.217787794552475066e-02 1.177243030282338135e-02 1.186756158214511032e-02 1.184731867516707234e-02 1.198517088943646357e-02 1.225833666814981487e-02 1.204267986996321836e-02 1.216911157473775373e-02 1.213787095482214695e-02 1.237890114163520475e-02 1.219464379272834111e-02 1.214035929411917160e-02 1.191730095513571404e-02 1.180277085234248888e-02 1.222404687210217229e-02 1.168900180154290765e-02 1.074875972227068086e-02 1.237743151100130327e-02 1.186246477389975643e-02 1.220373872488338812e-02 1.251181608533063344e-02 1.211792698518050944e-02
1.198591669434637651e-02 1.192163059038743415e-02 1.217850999771787242e-02 1.196763633050535250e-02 1.096214395620514863e-02 1.169949896269598458e-02 1.207164899537794059e-02 1.201438214128154602e-02 0.000000000000000000e+00 1.210112823830727762e-02 1.244361431928590889e-02 1.071389227295199698e-02 1.170964267593637212e-02 1.209741489897301313e-02 1.178439076574596713e-02 1.218123472305812464e-02 1.206424863396887877e-02 1.228899079547920992e-02 1.181975212406644396e-02 1.167552933511524678e-02 1.218223587871108959e-02 1.227447433123712676e-02 1.189560054241975591e-02 1.218945246259748455e-02 1.275358318808154576e-02 1.181495993116394791e-02 1.223720655419151086e-02 1.184774049504535437e-02 1.168212097065543000e-02 1.199308225315387673e-02 1.183128998810100384e-02 1.203364227026894329e-02 1.188104364429878705e-02 1.155692926790963769e-02 1.201926520922197601e-02 1.184440163727227234e-02 1.260213709788278284e-02 1.253635606414247282e-02 1.186456080504110638e-02 1.224600825580359799e-02 1.188288008589666322e-02 1.167888021978641909e-02 1.287766126213423304e-02 1.052087719549462883e-02 1.107813668357119329e-02 1.214987691881876976e-02 1.181908288561120575e-02 1.187017091035359045e-02 1.241476886781340931e-02 1.236775532040653228e-02 1.221903526669494873e-02 1.196712079459532133e-02 1.181328995171735535e-02 1.229631949998725819e-02 1.197368732841612438e-02 1.188614049229318528e-02 1.254316822023274387e-02 1.243068197781233529e-02 1.245251503110901201e-02 1.234093785988325115e-02 1.231117669721953217e-02 1.234341009851037951e-02 1.257578908158507938e-02 1.164822395027525700e-02 1.205385886634052078e-02 1.184991928667440686e-02 1.196571273012956606e-02 1.191210505532355919e-02 1.209246727801838173e-02 1.232526405092012299e-02 1.192316778216528234e-02 1.198273449569251664e-02 1.208367875725512020e-02 1.191138109490767760e-02 1.164101918786471061e-02 1.218345966222506883e-02 1.187306711871834175e-02 1.210452802342793996e-02 1.184201391615410937e-02 1.212496853769550430e-02 1.210550374491589816e-02 1.248701287497540162e-02 1.210096469989262007e-02 1.219988466089289188e-02 1.197801185707561035e-02 1.296003637620216434e-02 1.257621300922213102e-02 1.249689836306103023e-02 1.170559775478579624e-02 1.226002831254993305e-02 1.165916416488836475e-02 1.219095303478891050e-02 1.198180552507434327e-02 1.196001623218167186e-02 1.216974936021698699e-02 1.186684221562148318e-02 1.188805252176346368e-02 1.239362325033063414e-02 1.167129447060057633e-02 1.174191006291792731e-02 1.233841435856698233e-02 1.209762571910156029e-02 1.246275895268322657e-02 1.217522725790731730e-02 1.140835375118366690e-02 1.240945046511200515e-02 1.239518763481849833e-02 1.195081955129142885e-02 1.159722091245303857e-02 1.187979591255827749e-02 1.207411213940131657e-02 1.199163608005984760e-02 1.208900550634476635e-02 1.242054238574808768e-02 1.222638536500142772e-02 1.251275929937925406e-02 1.233905868374339347e-02 1.066145283543284104e-02 1.217253588408872753e-02 1.196542217189512300e-02 1.124693729298223248e-02 1.290640943736635037e-02 1.223914020381423710e-02 1.264195470807600100e-02 1.198947970486669880e-02 1.233263219902258102e-02 1.129579450197483112e-02 1.224177762265954775e-02
1.208203010071695789e-02 1.097377776422143146e-02 1.228384040736413968e-02 1.241716981437946885e-02 1.253722768506421170e-02 1.212786822393205864e-02 1.106123714803084260e-02 1.214012678453643169e-02 1.210112823830727762e-02 0.000000000000000000e+00 1.235165318635659051e-02 1.094437252319050910e-02 1.231738590738805546e-02 1.243224374380814956e-02 1.213156110408024867e-02 1.207559498177986253e-02 1.198753859861866750e-02 1.118117892574642391e-02 1.212984393056084492e-02 1.200305569793777213e-02 1.237850632413662992e-02 1.235776630077885067e-02 1.104164223908151235e-02 1.211025889197593630e-02 1.250362619201846395e-02 1.219283857564787757e-02 1.211738214163755011e-02 1.227790896792190466e-02 1.191332695065137198e-02 1.194031378521655598e-02 1.217170721610894880e-02 1.227533929390271436e-02 1.189107353769392784e-02 1.235560961907156835e-02 1.224426017153171752e-02 1.219114395437684122e-02 1.260861523699938896e-02 1.248760351721022073e-02 1.225811197614531771e-02 1.209923874109471512e-02 1.234145117716519899e-02 1.208415394488104345e-02 1.244907187163159061e-02 1.202602925520726042e-02 1.216755156425820827e-02 1.249249920551268912e-02 1.092628012195314205e-02 1.229366091759389115e-02 1.222721501486331158e-02 1.219036092921605904e-02 1.234480018340854308e-02 1.195296422236553739e-02 1.217487172161331455e-02 1.239321825407762971e-02 1.234135274952569833e-02 1.217991891020259697e-02 1.235835514450591387e-02 1.226158919144147708e-02 1.241100719234311707e-02 1.096836109804853569e-02 1.250988305248971512e-02 1.221585369223694359e-02 1.241582497803573118e-02 1.260565506010226551e-02 1.189351012440970599e-02 1.223513367289906159e-02 1.216419353201801494e-02 1.079711053740421353e-02 1.220847970745253010e-02 1.246053590128195013e-02 1.234036971438857294e-02 1.225805843588536996e-02 1.246999823174631608e-02 1.228935718325844390e-02 1.225691529279729873e-02 1.211162379460062159e-02 1.228361619751561044e-02 1.228845415700796292e-02 1.221808692004621409e-02 1.218420007618774455e-02 1.218370292632509760e-02 1.141039346674430598e-02 1.202964027843132257e-02 1.202840655509257624e-02 1.215481311698043965e-02 1.275056050419832825e-02 1.288747739065709309e-02 1.253845692976422212e-02 1.214158028784547913e-02 1.230885221472856859e-02 1.219398441298206147e-02 1.228059316466095265e-02 1.202788719152286280e-02 1.245578004027151839e-02 1.220981435118855853e-02 1.204380426124360137e-02 1.220533225912790246e-02 1.243176415818000695e-02 1.233511652467704847e-02 1.217353893826039410e-02 1.248071645881329746e-02 1.207749718895465528e-02 1.141625105732803173e-02 1.222380632793650286e-02 1.210544150220810647e-02 1.235486292565091300e-02 1.205685249159841980e-02 1.207684701867370661e-02 1.222207653675449861e-02 1.200896430147688383e-02 1.206451791377929905e-02 1.247268887841590859e-02 1.225140492081325250e-02 1.253236299637693930e-02 1.235912682721953051e-02 1.138124333124962938e-02 1.222036320235785067e-02 1.216156310085419502e-02 1.222390830035453846e-02 1.198615469824898701e-02 1.263760848112841992e-02 1.247668635649212127e-02 1.237793968704501910e-02 1.219289999855266253e-02 1.218560198667448420e-02 1.252281691696271841e-02 1.241523747874194623e-02 1.212372053929502633e-02
1.247947488038351690e-02 1.156788058261707004e-02 1.226749902828994619e-02 1.276665622564323449e-02 1.178545076779492946e-02 1.257411638689082817e-02 1.247960474914594671e-02 1.249562478564835398e-02 1.244361431928590889e-02 1.235165318635659051e-02 0.000000000000000000e+00 1.188656965575394207e-02 1.262592094369050129e-02 1.259809073664547828e-02 1.163491362826420648e-02 1.118552148882189651e-02 1.230473811128479991e-02 1.244428033061096076e-02 1.278195048533616041e-02 1.143914111163374207e-02 1.228948583950358400e-02 1.250215265297368282e-02 1.266030922944951301e-02 1.240967049797527845e-02 1.208883984067870600e-02 1.239794757123851947e-02 1.168647589086687852e-02 1.262956221539554384e-02 1.257756084871631576e-02 1.242213590372908717e-02 1.249252482572146654e-02 1.258120442806734060e-02 1.278045225120786992e-02 1.264460999991440238e-02 1.230346520274688479e-02 1.249489105251317539e-02 1.253295607289715147e-02 1.200939224351292405e-02 1.276042298098514251e-02 1.260698821498520972e-02 1.253054833104786867e-02 1.147963736152746161e-02 1.248374570339086734e-02 1.257612528626871236e-02 1.234741864061841138e-02 1.286498794672658388e-02 1.226327379260352263e-02 1.260234432245855435e-02 1.218326109769066884e-02 1.252686826221773193e-02 1.142420856937009267e-02 1.252247842841157019e-02 1.267562935753767557e-02 1.241846972548208208e-02 1.261900553563824988e-02 1.242886893676745617e-02 1.228156880772930323e-02 1.240204147473036693e-02 1.209621238150333615e-02 1.254013432015220995e-02 1.230184575500294780e-02 1.139201769115966330e-02 1.235677562418174141e-02 1.204394399672587164e-02 1.231276821935288826e-02 1.248571560320116056e-02 1.258340081224563513e-02 1.266450855560287934e-02 1.238930950132855618e-02 1.255613610294505425e-02 1.285361040897834393e-02 1.254019824094931845e-02 1.256932188700522757e-02 1.241794600443749119e-02 1.265595989561477640e-02 1.249274719716782743e-02 1.247862445693497489e-02 1.151500486205732365e-02 1.261735646509415387e-02 1.240821584592133493e-02 1.256484855146800146e-02 1.237669841903340194e-02 1.263850145655615737e-02 1.251230872933794397e-02 1.267754925121171265e-02 1.230695223624088744e-02 1.173608857976246936e-02 1.241212460134381856e-02 1.260781467948604052e-02 1.230229808122087175e-02 1.230447802844538210e-02 1.231839813592033872e-02 1.258331625109476541e-02 1.291477155248908597e-02 1.229970985301706739e-02 1.236653397963492426e-02 1.279891250510930070e-02 1.193582531858652235e-02 1.273077878043783751e-02 1.266633772498842840e-02 1.252250525370033479e-02 1.167674458042755256e-02 1.250971378745584749e-02 1.250724220391799535e-02 1.267749606534581373e-02 1.214963699800518208e-02 1.248676381801473723e-02 1.241747509161155935e-02 1.272597871156554497e-02 1.144859857706553158e-02 1.241146821948066817e-02 1.244164089776320960e-02 1.259361536090914530e-02 1.251879755569353624e-02 1.175851839078007749e-02 1.220461152850731840e-02 1.150104829715254025e-02 1.262961691481714714e-02 1.233223326244783924e-02 1.264363963290204666e-02 1.228495260809947878e-02 1.257905346066612133e-02 1.261499761917553135e-02 1.139684716259481076e-02 1.281172063992464666e-02 1.214555167261518152e-02 1.256894972101830522e-02 1.247435681896196490e-02
1.231236373606358313e-02 1.193978008818992985e-02 1.252695435170903850e-02 1.221865570780637095e-02 1.236044909714815489e-02 1.207790018384677366e-02 1.207089662292786143e-02 1.223862625358120883e-02 1.071389227295199698e-02 1.094437252319050910e-02 1.188656965575394207e-02 0.000000000000000000e+00 1.219631644813237367e-02 1.254051545795239336e-02 1.191363519855090890e-02 1.227885415075622051e-02 1.112059416168334133e-02 1.233732297304888058e-02 1.195820389419461824e-02 1.200113878964397494e-02 1.242620082262209033e-02 1.251596945508604355e-02 1.188130251638129520e-02 1.206697216103060424e-02 1.287294610258726997e-02 1.226925988525251303e-02 1.224489353702489132e-02 1.214471099818031224e-02 1.200687074308104223e-02 1.213333189765803365e-02 1.181821192218988903e-02 1.223512391578553474e-02 1.039125711099747607e-02 1.214703286471972149e-02 1.222581376836154483e-02 1.211246624133394817e-02 1.287919734619234584e-02 1.267669704474556902e-02 1.199832989848312326e-02 1.224043427724704619e-02 1.220305283229690223e-02 1.196798391233059103e-02 1.258051074661745497e-02 1.191250210381688927e-02 1.226687959519876144e-02 1.240101831914085413e-02 1.196747315397467086e-02 1.220175285526936028e-02 1.265587186263744321e-02 1.254175591913191633e-02 1.240353638857607382e-02 1.222946754440619281e-02 1.205983766554920983e-02 1.262497048054191280e-02 1.217384625205223010e-02 1.232449456290437076e-02 1.259239379816279314e-02 1.260393709441413705e-02 1.229769549020784565e-02 1.221490946789839487e-02 1.263650472431399052e-02 1.242802501814914418e-02 1.257705107825051946e-02 1.268105449030681661e-02 1.088851776157421201e-02 1.213692837060157542e-02 1.217800740731637965e-02 1.153952051717686313e-02 1.247763908199312280e-02 1.263305756319607447e-02 1.215042391366912868e-02 1.218911425676203093e-02 1.248115374198914551e-02 1.214775608452931324e-02 1.175608155071257953e-02 1.209696548519742336e-02 1.191900841650639538e-02 1.243174523588191915e-02 1.186399316652653885e-02 1.223642513339532993e-02 1.232738738660336085e-02 1.255355810513279075e-02 1.213421945728786200e-02 1.239508004405037722e-02 1.207939813929511871e-02 1.292595756871883945e-02 1.287608293698256495e-02 1.244944896733045717e-02 1.186468602249739386e-02 1.237814945209867769e-02 1.230142129993766140e-02 1.246115042449350008e-02 1.218583128393354274e-02 1.225475564379184881e-02 1.220628441672067487e-02 1.210574333098709925e-02 1.197164861775796250e-02 1.267152013477699894e-02 1.208495904155414309e-02 1.062527555316317325e-02 1.258623226382574525e-02 1.219838126921535260e-02 1.159559069299961540e-02 1.245337382779757723e-02 1.057066077328996587e-02 1.248889214174517953e-02 1.250143213984989538e-02 1.203506274150216090e-02 1.207427378121566329e-02 1.200139210040729494e-02 1.215256074381729917e-02 1.252872244966122921e-02 1.246497511062579465e-02 1.267182105487941329e-02 1.236655098323339100e-02 1.250253549915590970e-02 1.236425181090662455e-02 1.159342083562204737e-02 1.242936640234097029e-02 1.213586325307176340e-02 1.261426954267334637e-02 1.295270894945596898e-02 1.250809649120217942e-02 1.267735966886865580e-02 1.215857619743008176e-02 1.277828539454632303e-02 1.234345961394225921e-02 1.234556047851122218e-02
