0.000000000000000000e+00 8.902424239518154370e-03 8.902376040393886192e-03 8.902979229511444673e-03 9.046694954107401682e-03 8.909002042059103663e-03 8.910033174388584665e-03 8.917367761886587502e-03 8.920815012412227837e-03 9.070775289020139090e-03 9.069791750500700439e-03 9.076693790769876924e-03 9.087670996039461796e-03 9.093625857811546767e-03 9.091345087213778542e-03 8.914667602272266164e-03 9.071823326978456156e-03 9.074143434992071669e-03 9.072610091640948352e-03 9.077303938548220152e-03 9.091465527699472624e-03 9.082819496064317016e-03 9.099229859394398004e-03 9.080854965122913194e-03 9.080379411543756940e-03 9.083264934997496709e-03 9.087701234669585959e-03 8.957333752145087147e-03 9.066929275997150095e-03 9.088287657814131740e-03 9.059207700267064498e-03 8.913462772864260905e-03 8.916758676693524455e-03 9.073054743373599323e-03 9.086743092910290129e-03 9.064243970390763877e-03 8.957416289575758500e-03 8.923736911126158716e-03 9.058568786984562068e-03 9.060715592171343646e-03 9.067965722255336147e-03 9.057249006424388654e-03 9.083112844585241111e-03 8.931453550864441523e-03 9.078410114077188967e-03 9.098449306892136476e-03 9.089319149021522770e-03 9.091553919724456798e-03 8.920433606098294999e-03 8.930868675024093706e-03 9.086011667329314812e-03 8.930206717973634967e-03 9.084618477953759069e-03 9.065833502045039793e-03 9.060564946298865774e-03 9.072071581770414089e-03 9.076221459275675418e-03 9.070363983443172073e-03 9.090342500449915403e-03 9.077353817448065645e-03 9.078938388029591036e-03 9.080759479676315041e-03 9.085641060958994999e-03 9.096386817228163321e-03 9.084560948445402281e-03 9.086841870983228264e-03 9.088669412171243925e-03 9.078882357970111810e-03 9.089146327485623025e-03 9.084177329021466893e-03 9.093358624789615180e-03 9.101767696198177424e-03 9.102110281253555230e-03 9.077684827526820432e-03 9.081320083868735238e-03 9.140023430696295192e-03 9.081271185164057833e-03 9.106383588777453020e-03 9.091496789244216115e-03 9.087806994431669311e-03 9.087672979197269907e-03 9.090420252750757921e-03 9.091042541352426995e-03 9.091949762661788101e-03 9.094189284993446296e-03 9.102623832531747325e-03 9.086006547302925840e-03 9.103666126557569821e-03 9.075070138224162336e-03 9.076827588903128505e-03 9.095235477980492117e-03 9.080831555354386755e-03 9.079265744914920971e-03 9.088959024081941923e-03 9.099476928827694017e-03 9.090695381579442721e-03 9.114737908154521562e-03 9.102679105689738884e-03 9.068598662629739904e-03 9.082826274534107694e-03
8.902424239518154370e-03 0.000000000000000000e+00 8.891928427468588636e-03 8.898046048096597618e-03 8.898623193416232285e-03 8.905018862309065086e-03 9.043059437961900246e-03 8.906763353369409955e-03 8.913945909699695289e-03 9.066323289791008294e-03 9.065696089011735306e-03 9.069930083669904691e-03 9.084071103385538831e-03 9.090611097805624888e-03 9.101147081451687812e-03 8.916239478694801962e-03 9.070721736279577577e-03 9.073970976130716834e-03 9.068906399041173211e-03 9.086975743683235393e-03 9.091927632554803324e-03 9.082365670208964945e-03 9.099717547026008047e-03 9.073667016187877965e-03 8.938966787963858671e-03 9.077242943336888761e-03 9.090775205761195132e-03 9.094750638751435828e-03 9.079243945381145625e-03 9.097693031354469814e-03 8.923986931632928860e-03 8.905791290183824593e-03 8.918211956248631167e-03 9.068901068511844507e-03 9.083626999997705329e-03 9.064359316843181164e-03 9.098405690548372338e-03 8.913019705146451102e-03 9.057218095728901061e-03 9.062424256346289161e-03 9.066387798883260296e-03 8.921150902920340145e-03 9.079435352386713842e-03 9.071636195002234088e-03 9.078046048201081353e-03 9.105362077032859783e-03 9.089496574184955519e-03 9.095050218429937688e-03 8.922935238896662763e-03 9.069137638378792221e-03 9.089119770719444533e-03 9.064000050472583586e-03 9.087450386956730936e-03 9.064996797027439351e-03 9.056982749500447696e-03 9.071510108922943225e-03 9.082023396727825770e-03 9.073206106367047441e-03 9.094092077971259458e-03 9.080234919430373378e-03 9.082226088557575003e-03 9.080877663094351349e-03 9.086235832905119672e-03 9.100272449438315953e-03 9.084672178862343572e-03 9.093709420966263751e-03 9.088970943349206077e-03 9.078954663598702221e-03 9.089458561658854754e-03 9.087816477636997958e-03 9.100291931574052209e-03 9.105345550858543607e-03 9.106153071956574890e-03 9.077605054799729734e-03 9.084220337943340468e-03 9.144606661466667466e-03 9.085450536963315948e-03 9.113050361872298763e-03 9.086077778633029275e-03 9.084828812899129608e-03 9.087788976767204735e-03 9.091009548223264250e-03 9.091603868134014513e-03 9.092092093136518866e-03 9.097586008708089325e-03 9.106345680949843452e-03 9.089750791393173823e-03 9.104879145410908758e-03 9.075639888139900094e-03 9.076745218631124268e-03 9.098357290894953583e-03 9.080702886036899624e-03 9.079192513198764553e-03 9.089262045573323623e-03 9.102651502465445785e-03 9.091220508479715481e-03 9.115998139319727786e-03 9.106337021181330066e-03 8.937051815096181198e-03 9.086423759073345569e-03
8.902376040393886192e-03 8.891928427468588636e-03 0.000000000000000000e+00 8.897924282643800489e-03 8.904784893655438502e-03 8.908435184568373744e-03 8.905033763896747639e-03 8.906590758560848503e-03 8.911280688067868896e-03 9.063387928405825314e-03 9.065512293379041076e-03 9.069851281512275598e-03 9.083724630506452222e-03 9.087199005821236519e-03 9.097939650967891770e-03 8.913032060940798834e-03 9.067732951004530556e-03 8.936151528400408314e-03 9.065685293210459794e-03 9.083863476192530900e-03 9.088435075647542660e-03 9.084739266983363898e-03 9.096397225602900066e-03 9.076221340103133792e-03 8.935906237304938257e-03 9.079895152139978720e-03 9.090886276863217527e-03 9.095066896145186444e-03 9.079123193480373791e-03 9.094752344357172336e-03 8.927585394231661239e-03 8.902756396422829843e-03 8.915034522710607937e-03 9.068335677557003843e-03 9.083359002198036075e-03 9.064511510286902066e-03 9.098518297372857125e-03 9.047384400485884368e-03 9.057218010527718147e-03 9.062188057655479884e-03 9.063070145065327265e-03 8.924273992031968653e-03 9.082310600259763458e-03 9.072226444587246433e-03 9.075398156003632033e-03 9.105317545394663384e-03 9.086329754815608215e-03 9.089267777839271992e-03 8.923387054128232784e-03 9.072029160087374464e-03 9.092600182431666289e-03 9.067362134071769997e-03 9.087921186480158245e-03 9.065690692491114311e-03 9.060353125228430213e-03 9.075352251515971316e-03 9.079598401738867355e-03 9.076634649888398396e-03 9.091469004228450515e-03 9.080363945626312647e-03 9.082161543682824509e-03 9.080846428885753358e-03 9.086021141446846972e-03 9.100093198140360093e-03 9.084340998077871862e-03 9.093555198824414959e-03 9.089300946394521588e-03 9.078874943028990632e-03 9.089613043007684079e-03 9.087858704218770844e-03 9.097563955613082939e-03 9.105394997315602659e-03 9.106012914151039722e-03 9.077777799401299044e-03 9.084183599857655750e-03 9.148001284946020994e-03 9.085506538002170729e-03 9.113160251447061447e-03 9.089667194616117551e-03 9.088450422141515841e-03 9.087818004339286854e-03 9.094061992808070635e-03 9.092003228297946063e-03 9.092372789516424067e-03 9.097707231404074738e-03 9.106364519888731496e-03 9.089931088172761506e-03 9.107843135375421825e-03 9.078837723345056787e-03 9.076954651821815198e-03 9.098774046418553474e-03 9.081176144097424796e-03 9.079381551678393156e-03 9.089727304795234761e-03 9.102898101604545850e-03 9.094763174945204656e-03 9.119083108652710143e-03 9.106449440685681490e-03 9.071783135955732713e-03 9.089852698517581278e-03
8.902979229511444673e-03 8.898046048096597618e-03 8.897924282643800489e-03 0.000000000000000000e+00 8.901820190877296132e-03 8.911557824164775127e-03 8.904963402201709552e-03 8.907662779413436788e-03 8.918222982386297265e-03 9.063090673184896057e-03 9.061502136052987377e-03 9.069041746067030979e-03 9.080179389346468982e-03 9.089690218424772289e-03 9.098380444486785582e-03 8.910426942653329463e-03 9.066557844703310165e-03 9.074392708929877177e-03 9.064778934138812208e-03 9.084130549985644856e-03 9.091228461317296672e-03 9.081553961479665871e-03 9.096270415139235538e-03 9.072952170613261813e-03 8.937657811176119224e-03 9.076991692810516821e-03 9.087704458864925491e-03 9.098889727630319474e-03 9.073504557613500110e-03 9.094587851608597340e-03 9.062411639633744659e-03 8.909954736706885911e-03 9.052641011308929647e-03 9.065803768288289641e-03 9.080239648302420793e-03 9.067671570284202912e-03 9.105205114364916738e-03 8.915963456175421062e-03 9.056450860431143612e-03 9.058429707939227860e-03 9.066164388418677250e-03 9.059528592881914422e-03 9.082417295551524841e-03 9.075164709633713050e-03 8.944762039024724623e-03 9.105829998958680713e-03 9.082657471765247584e-03 9.085797261494865315e-03 9.064542691946373548e-03 9.078272733213927151e-03 9.085922229798901878e-03 9.060289554068267845e-03 9.086672395935470672e-03 8.924338807117121811e-03 9.056336003308551250e-03 9.072476909426535271e-03 9.078383989830546286e-03 9.073703908344879152e-03 9.090510228032618392e-03 9.076028358988760467e-03 9.078039846763519966e-03 9.076545280050073508e-03 9.082056541463632421e-03 9.096520615789220263e-03 9.080659347719949662e-03 9.090560650864290548e-03 9.087786269246823229e-03 9.074590631100136126e-03 9.085541724370975458e-03 9.087613447757124374e-03 9.097545258365150739e-03 9.101429010413440365e-03 9.102471423496913752e-03 9.073165478697308578e-03 9.080087091982777872e-03 9.144750190948434249e-03 9.082115351739326881e-03 9.110639597897393291e-03 9.089289357201570801e-03 9.084810431921473001e-03 9.083470888610877328e-03 9.090003010369763353e-03 9.085409545559130010e-03 9.085311070026821575e-03 9.090937836715712664e-03 9.102466577701627884e-03 9.093550714013531183e-03 9.105601550847497450e-03 9.078882998129911980e-03 9.072404116208222791e-03 9.091524831295147435e-03 9.074046723327679545e-03 9.074794401132737012e-03 9.085547395231352227e-03 9.096210127823202082e-03 9.094671427322420856e-03 9.116206543901640702e-03 9.102709266804972707e-03 9.075022194723602123e-03 9.086760780187721001e-03
9.046694954107401682e-03 8.898623193416232285e-03 8.904784893655438502e-03 8.901820190877296132e-03 0.000000000000000000e+00 8.901057463038691137e-03 9.053523203108797962e-03 8.913308291982550979e-03 8.910200480105037388e-03 9.070733865480649916e-03 9.065984140882294567e-03 9.073452892621845442e-03 9.084678168494219122e-03 9.094320607626443440e-03 9.101172984712057809e-03 9.058527214416810941e-03 9.070798327693179591e-03 9.080467711578244297e-03 9.069089968592368434e-03 9.086062375377668837e-03 9.094815284582365503e-03 9.089636423634242166e-03 9.103593304271516071e-03 9.077661386186574796e-03 8.944248752372142147e-03 9.084335791801368201e-03 9.093880537027698718e-03 9.100797191242172152e-03 9.078739352389526146e-03 9.097935714402186416e-03 8.927303198085649594e-03 8.919700158890962044e-03 9.066477820599111101e-03 9.072763358439735540e-03 9.090747008484938163e-03 9.057309035159130314e-03 9.093811216329532668e-03 8.927362375071272102e-03 9.064507282318579398e-03 9.069291377016133748e-03 9.077264632588318352e-03 9.063267278195449167e-03 9.087169170384361977e-03 9.076994766339822884e-03 9.085176075368506937e-03 9.108896989759932006e-03 9.093076759712243051e-03 9.095803080011743286e-03 8.915934378959535986e-03 9.074354366122775947e-03 9.074119852820528020e-03 9.052440429726743912e-03 9.081660869287052143e-03 8.916278326177095453e-03 8.907827250921044465e-03 8.922471906794914726e-03 9.070348856550818767e-03 8.926750821983065604e-03 9.088823367195415781e-03 9.079143892423443760e-03 9.081366339417003622e-03 9.079919008957777760e-03 9.085491713299632260e-03 9.099509381431707816e-03 9.083912889490265707e-03 9.092810281980950524e-03 9.086365571874650826e-03 9.077956896261828515e-03 9.085425406546053170e-03 9.082821357894682243e-03 9.096197351697154349e-03 9.104743646332588355e-03 9.105523758763122560e-03 9.076190579087496310e-03 9.082812432874813255e-03 9.132925452826960028e-03 9.084198846203499558e-03 9.112488638515207906e-03 9.084231038307813422e-03 9.070192302202906287e-03 9.086443863647130845e-03 9.088722929867495970e-03 9.087661703000640689e-03 9.091191269948650441e-03 9.096509617620257906e-03 9.105573145607798874e-03 9.084995283250405992e-03 9.101455029629340263e-03 9.067587198284619843e-03 9.075403838834834175e-03 9.092580996750511402e-03 9.069322299161181392e-03 9.077194754313459152e-03 9.084625943578953505e-03 9.101905451572422229e-03 9.090217175986587544e-03 9.115200493011586802e-03 9.106023272977334729e-03 8.925231247711455998e-03 9.078046879194326055e-03
8.909002042059103663e-03 8.905018862309065086e-03 8.908435184568373744e-03 8.911557824164775127e-03 8.901057463038691137e-03 0.000000000000000000e+00 9.063433987264536695e-03 9.051224343076536005e-03 8.912705124002882548e-03 9.083691139004972104e-03 9.076520391049162917e-03 9.080697876928259596e-03 9.094626519614205581e-03 9.103842758082444919e-03 9.102928109855957378e-03 8.930636401496249918e-03 9.078680944868255248e-03 9.086186429331703437e-03 9.079664033681166674e-03 9.085285398774914367e-03 9.104065390263673535e-03 9.095994176406883500e-03 9.106296897616715166e-03 9.088203655275482740e-03 9.083655993463403064e-03 9.087313388980005832e-03 9.090050748200805691e-03 8.958858989346823315e-03 9.075534380657552039e-03 9.100021028476380780e-03 8.928430087819320612e-03 8.922325869379868490e-03 9.070462736181483451e-03 9.085299237332384453e-03 9.098828967422721570e-03 8.928082206590559275e-03 9.088724053369306652e-03 9.068407450224542227e-03 9.071972037256514909e-03 9.077009243628269067e-03 9.087160537178475689e-03 8.934161309921464719e-03 9.089439844472958080e-03 8.935597372222953833e-03 9.083718878913635622e-03 9.105965737036226040e-03 9.096173670204061451e-03 9.100827559595394897e-03 8.911271907554130928e-03 9.064081863114057530e-03 9.076383826551698980e-03 8.918518907072452151e-03 9.084298428976711123e-03 8.922428351354977707e-03 8.911238430282143394e-03 8.924118514546856493e-03 9.073162932961084323e-03 8.923027826729424544e-03 9.094262921746826961e-03 9.082898228036389091e-03 9.084826383357828827e-03 9.086693282895286911e-03 9.091870851034104459e-03 9.105213470673551371e-03 9.090805125127643035e-03 9.095236762625559523e-03 9.092160201365669103e-03 9.084885940015720654e-03 9.091784792962903997e-03 9.085442638557350223e-03 9.098416315320967049e-03 9.106977388863707334e-03 9.107684680399841942e-03 9.082974173003889595e-03 9.089310107623437690e-03 9.130381759821580567e-03 9.089416054973185194e-03 9.113591439981789596e-03 9.082915069787485252e-03 9.075115606738798010e-03 9.093089012907024787e-03 9.094534429374169504e-03 9.089479971916314058e-03 9.096623162243400867e-03 9.098522824620739261e-03 9.107532530142698618e-03 9.086267926225948671e-03 9.101981213434803125e-03 9.072330256834196249e-03 9.082252469650308954e-03 9.095389968632957428e-03 9.075345658943658605e-03 9.083938720212444973e-03 9.086985539431470527e-03 9.103652303985779529e-03 9.085658091185687402e-03 9.110199096259860574e-03 9.107694453164887072e-03 8.926544829581078977e-03 9.079801790754540164e-03
8.910033174388584665e-03 9.043059437961900246e-03 8.905033763896747639e-03 8.904963402201709552e-03 9.053523203108797962e-03 9.063433987264536695e-03 0.000000000000000000e+00 8.910684041064795974e-03 8.928476625632723873e-03 8.914339995741652617e-03 9.057386513945445833e-03 9.064372745190403535e-03 9.077825675683900628e-03 9.081065682732810534e-03 9.094130920034009663e-03 8.908795645619744033e-03 9.065378133509913866e-03 8.929115164563395518e-03 9.060695750608952284e-03 9.080972288351814303e-03 9.083082095121468996e-03 9.066875518466667450e-03 9.087704439892978214e-03 9.061710975142113489e-03 8.937904175535664117e-03 9.071854344963428338e-03 9.089562487109100267e-03 9.107109659112305050e-03 9.079181749818114253e-03 9.090244314962908981e-03 9.077873901816019622e-03 8.912439503483339520e-03 8.906857557921813578e-03 9.060511261760322010e-03 9.066396157998033931e-03 9.071662384392867665e-03 9.102852312243456603e-03 8.907749540920497158e-03 8.908321749496706313e-03 8.910011623916224907e-03 8.913563975594911495e-03 9.058791767386312546e-03 9.072144377960458805e-03 9.084833622340795709e-03 9.078011623852622752e-03 9.107437319607636708e-03 9.077775999413739000e-03 8.950209893954253274e-03 9.075470681763526254e-03 9.081746371776215632e-03 9.093612851877548586e-03 9.071397732372846537e-03 9.091448287700537242e-03 9.072674480789345158e-03 9.070608619362974939e-03 9.086419874792982937e-03 9.083090251047741884e-03 9.087469219310619073e-03 9.091203653017486397e-03 9.079707721720496963e-03 9.081124814769064163e-03 9.079441968303599356e-03 9.084487069264879019e-03 9.098114798243994369e-03 9.079895863302290052e-03 9.092516570206737869e-03 9.092054499676007623e-03 9.077675834628687671e-03 9.088445555119726779e-03 9.090827083128957820e-03 9.093977083102279882e-03 9.101059332695164705e-03 9.101835658354949510e-03 9.077164009984001886e-03 9.083412150322987474e-03 9.151808156947986717e-03 9.084614276490356188e-03 9.109464317723655821e-03 9.096111923587113512e-03 9.093078308533779353e-03 9.086801975580587054e-03 9.093768871900533013e-03 9.094916369329368935e-03 9.090963665906262939e-03 9.093919963023125441e-03 9.102282776849730112e-03 9.090952043641624403e-03 9.107836136984563680e-03 9.082969797476237589e-03 9.076370495238437336e-03 9.098759727006335007e-03 9.081739799249092387e-03 9.078913179359418897e-03 9.092957800969723309e-03 9.099195725884502706e-03 9.101089658889411488e-03 9.118314052730877584e-03 9.101909433239362829e-03 9.085807548915015436e-03 9.090703088512208305e-03
8.917367761886587502e-03 8.906763353369409955e-03 8.906590758560848503e-03 8.907662779413436788e-03 8.913308291982550979e-03 9.051224343076536005e-03 8.910684041064795974e-03 0.000000000000000000e+00 8.910782709442552352e-03 8.934147315407425793e-03 9.078706856318128141e-03 9.081771622321578585e-03 9.092459339500206378e-03 9.094919926540497024e-03 9.110377006180930132e-03 8.920672758898967256e-03 9.080768758917247968e-03 8.929181891053090264e-03 9.075392307135339565e-03 9.090961199293210240e-03 9.095624704190514997e-03 9.089621143002754589e-03 9.106430855092620402e-03 9.079053225736224975e-03 8.931211716180940605e-03 9.087597857070693272e-03 9.098304015076372209e-03 9.106093751172331802e-03 9.085474908959197474e-03 9.108700002756181524e-03 9.071417714242384009e-03 8.909182358436469606e-03 8.919704594944290535e-03 8.932678511071122374e-03 9.084057447697925156e-03 8.930861004665840638e-03 9.100201525344625911e-03 8.917137017683257963e-03 9.063918688461394466e-03 9.068823755398486980e-03 8.929491074490206876e-03 8.930706946534153201e-03 9.082771667282118350e-03 9.088561601163225312e-03 8.950294848511800017e-03 9.116258949935474379e-03 9.091460406853131906e-03 9.099877373171761860e-03 8.929335784889146782e-03 9.079354912666984939e-03 9.093625185366417674e-03 9.073707268829866654e-03 9.095890217880091277e-03 8.940466027262705326e-03 9.066545161847726700e-03 8.938311425885425016e-03 9.087576781538320159e-03 9.074342269564446284e-03 9.104597483099692926e-03 9.097113925261380088e-03 9.098802004161738247e-03 9.097396092972453302e-03 9.102320936658246306e-03 9.114458001280204003e-03 9.097081626622984321e-03 9.104255088216621841e-03 9.100825503716450382e-03 9.095576903873093741e-03 9.104919877549738985e-03 9.092708407569878581e-03 9.101108449178881704e-03 9.119583387111529146e-03 9.119775511875840429e-03 9.094116243957150666e-03 9.100276412773637344e-03 9.149473608027969967e-03 9.096293424171864386e-03 9.121478636738821963e-03 9.089498205243269971e-03 8.955049746519011186e-03 9.100696613356780429e-03 9.102997906171729492e-03 9.103053210603773843e-03 9.100975412049438704e-03 9.105539814676601520e-03 9.119915922941580072e-03 9.083233245557332733e-03 9.110311376102867009e-03 8.942687387390608686e-03 9.093356067733060835e-03 9.106746400286299531e-03 9.090140217856895744e-03 9.092623437847115533e-03 9.101301593251317004e-03 9.113140213560624522e-03 9.095146348204786318e-03 9.121134214710502341e-03 9.119557268333923147e-03 8.936887140997553172e-03 9.087758326827009500e-03
8.920815012412227837e-03 8.913945909699695289e-03 8.911280688067868896e-03 8.918222982386297265e-03 8.910200480105037388e-03 8.912705124002882548e-03 8.928476625632723873e-03 8.910782709442552352e-03 0.000000000000000000e+00 9.077248738272661321e-03 9.082944440081716642e-03 9.086548199865682879e-03 9.096521030317232873e-03 9.101427669889260857e-03 9.099376427891580840e-03 9.067331112991423164e-03 9.081736785535626105e-03 8.935069320110624116e-03 9.079070872906410197e-03 8.942149913448988255e-03 9.091936001712404639e-03 9.103885654958182236e-03 9.109918718519101691e-03 9.090353858566414813e-03 8.943069819562382908e-03 9.100777961899109841e-03 9.098696437146438706e-03 9.096161111962848891e-03 9.076790436052386418e-03 9.104189713071249995e-03 9.074620894731905141e-03 8.926704061099547879e-03 9.069569279808115461e-03 8.943070038104451031e-03 9.103719555877244976e-03 8.912956920390046819e-03 8.949754654576869140e-03 9.070848539935623400e-03 9.078709738455068706e-03 9.085589600373063582e-03 9.079643002239011149e-03 8.945249550873125496e-03 9.100519023514714104e-03 9.084507935796208231e-03 9.091826558331041891e-03 9.116077225568846795e-03 9.101277253862938982e-03 9.100718036553170909e-03 8.905952045200664358e-03 9.071097425421151619e-03 9.081908528912675457e-03 9.065964373700963544e-03 8.956413363195754596e-03 9.069860468411645310e-03 8.927005036657817416e-03 8.922746205766130326e-03 9.076329022616605804e-03 8.929540105482242432e-03 9.087486856072041902e-03 9.095513096721985838e-03 9.096985956906713730e-03 9.096047884900171701e-03 9.094906797610536470e-03 9.109344058910855482e-03 9.095362288608728127e-03 9.092698927941518516e-03 9.095244496077839122e-03 9.094223766266519224e-03 9.097227201936834706e-03 8.940042592256119622e-03 9.083299580589730346e-03 9.118498269056548797e-03 9.112036585793714324e-03 9.090140835935983654e-03 9.095828866749682690e-03 9.138945311998870197e-03 9.081789186342221001e-03 9.110819460123377803e-03 9.088266141259930195e-03 9.080403528092651985e-03 9.099215539170481606e-03 9.094450685382129973e-03 9.105098107028893398e-03 9.103489370659596097e-03 9.110341084504676792e-03 9.113085406495113547e-03 8.941671430697762171e-03 9.104856290271870489e-03 8.926281028860911376e-03 9.086343780507086243e-03 9.104184447706770503e-03 9.085391531886338745e-03 9.093750617699321651e-03 9.102900399776360160e-03 9.115611786807691075e-03 9.096275238497769297e-03 9.119854556448701507e-03 9.113402749275970743e-03 8.921433471062336154e-03 9.075015108396394803e-03
9.070775289020139090e-03 9.066323289791008294e-03 9.063387928405825314e-03 9.063090673184896057e-03 9.070733865480649916e-03 9.083691139004972104e-03 8.914339995741652617e-03 8.934147315407425793e-03 9.077248738272661321e-03 0.000000000000000000e+00 8.908688307916782026e-03 8.915049389765609955e-03 9.062667998921082949e-03 9.068308325161957006e-03 9.084503457693680548e-03 9.060416689175808391e-03 9.054810823781667822e-03 8.939966478343355089e-03 9.052820110602573592e-03 9.082022452173172528e-03 8.936163772813900119e-03 9.064237088506231152e-03 9.081660748654671322e-03 8.905972493867092901e-03 8.924332890955654837e-03 8.925280444327355137e-03 9.081441979761540120e-03 9.101868742038736818e-03 9.074744269818987505e-03 9.087149437198583854e-03 9.077804041769471644e-03 9.063712715009103818e-03 9.048764186606446380e-03 9.058798562736182156e-03 8.935737242051346868e-03 9.074868726388135229e-03 9.103791854663612418e-03 8.911555571539832646e-03 8.904643729203682093e-03 8.905970609605127694e-03 8.912293944427482351e-03 8.923512050013720359e-03 8.932174054420830012e-03 9.083626460918592382e-03 9.079314529091988759e-03 9.107314607040464804e-03 9.081569165094970086e-03 9.078915364763072079e-03 9.089641325884500675e-03 9.083814548085154469e-03 9.093232345992449672e-03 9.078412011660168604e-03 9.096850567436434720e-03 9.080069503754242821e-03 9.077986080003638825e-03 9.089972304032257686e-03 9.086503115257901428e-03 9.096932421823336959e-03 9.090633735774001495e-03 9.078541936730126494e-03 9.082335701786752383e-03 9.077554705596430074e-03 9.082638949570233725e-03 9.088667127406796845e-03 8.937029048020741009e-03 9.083344472625820565e-03 9.094299991190865629e-03 9.073146859633863040e-03 9.080864056943674725e-03 9.092811767223596409e-03 9.085507992240478628e-03 9.103770907147715197e-03 9.104093905772993670e-03 9.079739820180303747e-03 9.079080402828103996e-03 9.148497010052256129e-03 9.079424550264060881e-03 9.098954506470356349e-03 9.085541125767237700e-03 9.095980273175511763e-03 9.088435759628839608e-03 9.095757094627076461e-03 9.093138029934362890e-03 9.087263565768886539e-03 9.092106462397834404e-03 9.102741666896504297e-03 8.954859167181443078e-03 9.098172985621929415e-03 9.084997057979625479e-03 9.078949580270931352e-03 9.100874613398320101e-03 9.084277428870296892e-03 9.081561937966211792e-03 9.094489256613514164e-03 9.097140607303363935e-03 9.090209645542303776e-03 9.109366216055183110e-03 9.098856066538452483e-03 9.089711220782947798e-03 9.089017781294159160e-03
9.069791750500700439e-03 9.065696089011735306e-03 9.065512293379041076e-03 9.061502136052987377e-03 9.065984140882294567e-03 9.076520391049162917e-03 9.057386513945445833e-03 9.078706856318128141e-03 9.082944440081716642e-03 8.908688307916782026e-03 0.000000000000000000e+00 8.899931214397091908e-03 8.909233219028112397e-03 8.921965697195690520e-03 9.075936014798778248e-03 9.066188272684818500e-03 9.040582667583851179e-03 9.078298823323220634e-03 9.042339786359177359e-03 9.073537520767593553e-03 8.924657756254167698e-03 9.059779543577554939e-03 8.936564718031260457e-03 8.903779688813876284e-03 8.939189058977437680e-03 8.921733396689736015e-03 9.074118897056769953e-03 9.102215749055479407e-03 9.065069325944597953e-03 9.071802235325965649e-03 9.078186171707115781e-03 9.077386949739148225e-03 9.063476410026909125e-03 9.057794313830911867e-03 9.073084945637261561e-03 9.072947929996598437e-03 9.102719251103653930e-03 9.062050627310669002e-03 9.046246714547651058e-03 8.909484279214719554e-03 9.056555370203323713e-03 9.068385615778704056e-03 9.076753051197048242e-03 9.079166047334361750e-03 9.086249679856002459e-03 9.102123947782789909e-03 9.070291493140179157e-03 9.076220585038546548e-03 9.088973459162562329e-03 9.079563289380740421e-03 9.083899049370892237e-03 9.064751277419074924e-03 9.083962958885081693e-03 9.069798035786259816e-03 9.064737050200701030e-03 9.085083995159056597e-03 9.076383363594236683e-03 9.085998899068978632e-03 9.083398323883636397e-03 9.066596094846456760e-03 9.064727940744201143e-03 9.059563403592997208e-03 9.064723197637741467e-03 9.069367745106238915e-03 9.056811568426866021e-03 9.067542157099503161e-03 9.081216329680907168e-03 9.060891582320236906e-03 9.069299084735922556e-03 9.083236964400123736e-03 9.082472816943328378e-03 9.085306319117214882e-03 9.082613833209856810e-03 9.065260814344956383e-03 9.064848605753149380e-03 9.140873744038916296e-03 9.069413848001132983e-03 9.088329943312861009e-03 9.087519809432434773e-03 9.090607685380334632e-03 9.074518733729924208e-03 9.082213550441088981e-03 9.084480965781823250e-03 9.080336857507946210e-03 9.086180726740188118e-03 9.090225227235187652e-03 9.084883398676153049e-03 9.091675231607386498e-03 9.079748346077444812e-03 9.064179840237449395e-03 9.088057742207491727e-03 9.070723115458600300e-03 9.067218141659430866e-03 9.082160763834629807e-03 9.091835481433633778e-03 9.091980611322974387e-03 9.108767867296080692e-03 9.087093633818236690e-03 9.088334650268392947e-03 9.080477936948876116e-03
9.076693790769876924e-03 9.069930083669904691e-03 9.069851281512275598e-03 9.069041746067030979e-03 9.073452892621845442e-03 9.080697876928259596e-03 9.064372745190403535e-03 9.081771622321578585e-03 9.086548199865682879e-03 8.915049389765609955e-03 8.899931214397091908e-03 0.000000000000000000e+00 8.911936734845686547e-03 8.921018170397093314e-03 9.074513382450178495e-03 9.069134092640410497e-03 8.911253882075399757e-03 9.082660764612967771e-03 9.050080593805754844e-03 9.085030791765610556e-03 9.061579895343228538e-03 8.924196892927050567e-03 8.937031414644852970e-03 8.910054343164370769e-03 8.936018944593036167e-03 8.916807635877236834e-03 9.075964669259415848e-03 9.096310095698582551e-03 9.077480487792277675e-03 9.073078618172041379e-03 9.076854360940590435e-03 8.945521187973832361e-03 9.066746995565339029e-03 9.063613855948858544e-03 9.074582094596727461e-03 9.082489033821479485e-03 9.103899928241570780e-03 9.062078376415866679e-03 9.048118267768242434e-03 8.917123231558526583e-03 9.056275069818037551e-03 8.935764966256002848e-03 9.074750133805585886e-03 9.078351752881692882e-03 9.084448301184655516e-03 9.095692342644436101e-03 9.072384429777848036e-03 9.075147992876439473e-03 9.094727442253182359e-03 9.085238018603461474e-03 9.093897270124169652e-03 9.076242564440348617e-03 9.093615203228778629e-03 9.080763245875632730e-03 9.076309580599540086e-03 9.091383492378044343e-03 9.087037937349792469e-03 9.095553406775865740e-03 9.090562543264011849e-03 9.071294558904307095e-03 9.068689576401696775e-03 9.063956246430866781e-03 9.071306175817415648e-03 9.074540159293679673e-03 8.926308737260711668e-03 9.070040665266135282e-03 9.091356284091012957e-03 9.065685000653604317e-03 9.076064067101645427e-03 9.086825840454311812e-03 9.085027461220994416e-03 9.083898739278324294e-03 9.083856203496710330e-03 9.073960625190313420e-03 8.941013053849446862e-03 9.135282675727459875e-03 9.075732203567913811e-03 8.948359296079842415e-03 9.086408283575136274e-03 9.097243923623763925e-03 9.082012871470330345e-03 9.092012460027965384e-03 9.087068535237070172e-03 9.089316454092345385e-03 9.094215914379470689e-03 9.094871134197352047e-03 9.089640566271352251e-03 8.957651874373199347e-03 9.083392710060400263e-03 9.072770086093076211e-03 9.098198791683147907e-03 9.078925638665538700e-03 9.075793330065296677e-03 9.088296356285033642e-03 9.099323989956897146e-03 9.090385219990853097e-03 9.102887360887617144e-03 9.085317092854601484e-03 9.094209920165609307e-03 9.083858462588065286e-03
9.087670996039461796e-03 9.084071103385538831e-03 9.083724630506452222e-03 9.080179389346468982e-03 9.084678168494219122e-03 9.094626519614205581e-03 9.077825675683900628e-03 9.092459339500206378e-03 9.096521030317232873e-03 9.062667998921082949e-03 8.909233219028112397e-03 8.911936734845686547e-03 0.000000000000000000e+00 8.899781177542453667e-03 9.071210572591159940e-03 9.076225537034444957e-03 8.910342320288675705e-03 9.078572077991576769e-03 8.911739984051760335e-03 9.084211332414689546e-03 8.924072158010160419e-03 8.919693239761017703e-03 8.924456487702781687e-03 8.910247851770585967e-03 8.942182918548141971e-03 8.931210816966506788e-03 9.082892599772801265e-03 9.100600974848644872e-03 9.074518968272682687e-03 9.063788567102741209e-03 9.093121342709686167e-03 9.090038056123159876e-03 9.073693075312770639e-03 8.919689532546359184e-03 9.082097217091675279e-03 9.086060815486705911e-03 9.102593670237220727e-03 9.075765496031602472e-03 9.064439753657959481e-03 9.061806908948819364e-03 8.927451770641864001e-03 9.083890636739110069e-03 9.084124334266167541e-03 9.090473890800986750e-03 9.093016391646885702e-03 9.096076863409546798e-03 8.926753619373620913e-03 9.072868346486587243e-03 9.104906023483292851e-03 9.094425729632140895e-03 9.100168724556479544e-03 9.083537525993536088e-03 9.096287549335009548e-03 9.088219909654025527e-03 9.084083263964575633e-03 9.101149160581861394e-03 9.093369739981753408e-03 9.102389356829894418e-03 9.098593598092074436e-03 9.073465738511383299e-03 9.064082057403794607e-03 8.927562504480714145e-03 9.062824124952167243e-03 8.930256005195553320e-03 9.055818485484073282e-03 8.932821440127180004e-03 9.096914394779588575e-03 9.064479093005416155e-03 9.073925895183484677e-03 9.087798267838360228e-03 9.082621409590936612e-03 8.943331505740359857e-03 8.936742647936118944e-03 9.082948984609868007e-03 9.077590655993537233e-03 9.132385222458783841e-03 9.074413259318667158e-03 8.941847458140850941e-03 9.098724431223821282e-03 9.106799607840131150e-03 9.081350870116128640e-03 9.088265019647405116e-03 9.092345833713476669e-03 9.085591699139538430e-03 9.090087182766336954e-03 9.085896745825119969e-03 9.094994365650917872e-03 9.089329215890456712e-03 9.089391084057891340e-03 9.081405804844122631e-03 9.103909930800129988e-03 9.088767466046861893e-03 9.085150824596599506e-03 9.094526268265233290e-03 9.098430696526415770e-03 9.099585910579157527e-03 9.103266886380431341e-03 9.079203876282110341e-03 9.103789153011718899e-03 9.092602986148159636e-03
9.093625857811546767e-03 9.090611097805624888e-03 9.087199005821236519e-03 9.089690218424772289e-03 9.094320607626443440e-03 9.103842758082444919e-03 9.081065682732810534e-03 9.094919926540497024e-03 9.101427669889260857e-03 9.068308325161957006e-03 8.921965697195690520e-03 8.921018170397093314e-03 8.899781177542453667e-03 0.000000000000000000e+00 8.931022015998258540e-03 9.081527652528238737e-03 8.913941804854714004e-03 8.938879867854149924e-03 8.912015705850494934e-03 9.082480000261428446e-03 8.915690316051211664e-03 8.927556784456287808e-03 8.921585620627718594e-03 8.921779938250034431e-03 8.945549475582272037e-03 9.067662156941248830e-03 8.957004407241911381e-03 9.103685468721516710e-03 9.079146361276692334e-03 8.930107148320898594e-03 9.104134261918221324e-03 9.092394699483278761e-03 8.942236130900583016e-03 8.921804001006304607e-03 9.081406834922846338e-03 9.088418223897783144e-03 9.099792751533736929e-03 9.084342102971997707e-03 9.074117587353885614e-03 9.068666404999863040e-03 8.929370974359302285e-03 9.089284620610968424e-03 9.089420300532599639e-03 9.095988253998718923e-03 9.097587660087726527e-03 9.099187525278207983e-03 8.931650000878475423e-03 9.074406995912009249e-03 9.109849621137495329e-03 9.090860972485093408e-03 9.109372211456991802e-03 9.093696346430613434e-03 9.102712085533386580e-03 9.098460174185077007e-03 9.094311568612048827e-03 9.109809253225268841e-03 9.099924515575438799e-03 9.110818827954159788e-03 9.104501688174540877e-03 9.082906335086397831e-03 9.070006619177378021e-03 8.933433855029404222e-03 8.928061768885742558e-03 8.925412902475511612e-03 8.920731069780614766e-03 8.927703143263118757e-03 9.106370569693407815e-03 9.070472469615797201e-03 9.079501653598165412e-03 9.089759414020549821e-03 9.080265711734611042e-03 9.081976465760139075e-03 8.937601621131390991e-03 9.093307231113010800e-03 9.084014776426105331e-03 9.136050410508736105e-03 9.076212675098491167e-03 8.944712707733407098e-03 9.107214282476317271e-03 9.116001065780733603e-03 9.093526069479079821e-03 9.099891067610521925e-03 9.104037961046527669e-03 9.094591083464003897e-03 9.095558522692712144e-03 9.087753336028464232e-03 9.095712588373957783e-03 9.092524721555131015e-03 9.097163789977975520e-03 9.088715899024196049e-03 9.113416153187413327e-03 9.098827562565083363e-03 9.095487791380923656e-03 9.106861710731830109e-03 9.107068931570129477e-03 9.104675056345292589e-03 9.107161434434742422e-03 9.083463764182937369e-03 9.109151807590171179e-03 9.097838050375863655e-03
9.091345087213778542e-03 9.101147081451687812e-03 9.097939650967891770e-03 9.098380444486785582e-03 9.101172984712057809e-03 9.102928109855957378e-03 9.094130920034009663e-03 9.110377006180930132e-03 9.099376427891580840e-03 9.084503457693680548e-03 9.075936014798778248e-03 9.074513382450178495e-03 9.071210572591159940e-03 8.931022015998258540e-03 0.000000000000000000e+00 9.096458335339584200e-03 9.077161217692326228e-03 8.943782443538167079e-03 8.937905887967450766e-03 8.918257515693679346e-03 8.918727068410689865e-03 9.085886166353002169e-03 8.932836253215505409e-03 9.085784746708120210e-03 8.954721336786824679e-03 8.942605261382878187e-03 9.078940353603773619e-03 8.939767322454493167e-03 8.916296743343788203e-03 8.911273938439908185e-03 9.086121884914911268e-03 9.102163040586880999e-03 9.095187851928768219e-03 9.086442098549240079e-03 9.093216278474848535e-03 9.075671017111817604e-03 8.925845909486388938e-03 9.106623645176250420e-03 9.093851408795247671e-03 9.093999665973913349e-03 9.092614145586621482e-03 9.097842193465382685e-03 9.097894354085500970e-03 8.941357434912488439e-03 9.085950593013637083e-03 8.943148104213857752e-03 9.084361175207771033e-03 8.938171851886944630e-03 9.093818949990147352e-03 8.932149106680574435e-03 9.102913735500846662e-03 9.099576722744530735e-03 9.106721427662098356e-03 9.104456994754385121e-03 9.100363757714433066e-03 9.099017252349588317e-03 9.101205969540854951e-03 9.100996541902755393e-03 9.089830300315314415e-03 9.086512065934155419e-03 9.072781983211106530e-03 9.075588686471049160e-03 8.937556871364745262e-03 8.929516457643990601e-03 8.933848889357378850e-03 8.907252934526963678e-03 9.110759382596044648e-03 9.078351242989300685e-03 9.086034313260538814e-03 9.083089117410314897e-03 8.928112723757380617e-03 9.085652390842188092e-03 8.934108337930570312e-03 9.097322922735445044e-03 8.955890776640471757e-03 9.118379537254604761e-03 8.918037462558552411e-03 8.922415955172515248e-03 9.092446852272881297e-03 9.112422879673369100e-03 9.097389927927281017e-03 9.101268094104336334e-03 9.098049828945527218e-03 9.105223348976143952e-03 9.092731995204222581e-03 9.087721166021724140e-03 8.928957701687265103e-03 8.928541899656465552e-03 9.073069714039164180e-03 9.093264507433942295e-03 9.111349959017073577e-03 9.101068959900480634e-03 9.099039676551776146e-03 9.101252220123590142e-03 9.106369628732079863e-03 9.082441483826043591e-03 9.088083219069951688e-03 9.080223996422796817e-03 9.094915309195230474e-03 8.942077591984261623e-03
8.914667602272266164e-03 8.916239478694801962e-03 8.913032060940798834e-03 8.910426942653329463e-03 9.058527214416810941e-03 8.930636401496249918e-03 8.908795645619744033e-03 8.920672758898967256e-03 9.067331112991423164e-03 9.060416689175808391e-03 9.066188272684818500e-03 9.069134092640410497e-03 9.076225537034444957e-03 9.081527652528238737e-03 9.096458335339584200e-03 0.000000000000000000e+00 9.071599383400685834e-03 8.934441144182696595e-03 9.072428939264923220e-03 9.087283412855277562e-03 9.093168657116141446e-03 8.925785481371174140e-03 8.943189535001843868e-03 9.075557940761485795e-03 9.071578972859197995e-03 8.939600406209995132e-03 9.078982316903471544e-03 9.101140919832908377e-03 9.081060095792159101e-03 9.086019171826963114e-03 9.071789213788679709e-03 8.912398937403248969e-03 8.908640759607054996e-03 9.065018052091039155e-03 8.927019328187986782e-03 9.078820042040067206e-03 9.104882239945259748e-03 8.912204821933906312e-03 9.051731865097023891e-03 8.918756228544303180e-03 8.917360137241368487e-03 9.064502873060504423e-03 9.073126375074258912e-03 9.081410294388039817e-03 8.938706961856619782e-03 8.960885222789776242e-03 8.933170499701492684e-03 9.070265722876552986e-03 9.073568910286022512e-03 9.078988430925557032e-03 9.097700424947015307e-03 9.074103840928063325e-03 9.100758791578058768e-03 9.075049731594708388e-03 9.075998365097516507e-03 9.090248594131692186e-03 9.087819769724499869e-03 8.958031901924784837e-03 9.096224691953432029e-03 9.087997557099856266e-03 9.085591434226707175e-03 9.087228974862270048e-03 9.088722754436489443e-03 9.101310093159110243e-03 9.090925111589367655e-03 9.095979670493196251e-03 9.099040288998928167e-03 9.086287873632220569e-03 9.093446278506746999e-03 9.097673945125634570e-03 9.098017348290471026e-03 9.096143142098021828e-03 9.099809267849184174e-03 9.085744067074115124e-03 9.091706163543145786e-03 9.148886780078609518e-03 9.091520241273047184e-03 9.106934011690777375e-03 9.098337777268455939e-03 9.096898556900082436e-03 9.094892507950265437e-03 9.100801793204981241e-03 9.093968994748020951e-03 9.087811367974629392e-03 9.089452870064844425e-03 9.097216787587132647e-03 9.104970653227083960e-03 9.101913741982336353e-03 9.090176956603161426e-03 9.085261763456699627e-03 9.105520170465184263e-03 9.087038590740514205e-03 9.087443640430164365e-03 9.096133951856226821e-03 9.094501910611367188e-03 9.096796316769035357e-03 9.105976346424807244e-03 9.090579323706106732e-03 9.086610290299890202e-03 9.094595700199832600e-03
