0.000000000000000000e+00 8.230577368604167360e-03 8.230577368603666025e-03 8.230571236869073729e-03 8.230579009697522319e-03 8.230578310751794635e-03 8.230577369418061451e-03 8.230578328212863684e-03 8.230578328309113081e-03 8.230578841902440670e-03 8.230675563987446819e-03 8.230578902294083746e-03 8.230578818984278511e-03 8.230578814616253472e-03 8.230578770392054516e-03 8.230578321960738131e-03 8.230614381562882664e-03 8.230578775658338453e-03 8.230591876999154496e-03 8.230578770272270125e-03 8.230578814609049165e-03 8.230578775974063330e-03 8.230578808604005481e-03 8.230578827349937371e-03 8.230578809301815346e-03 8.230578809396761966e-03 8.230578769896081462e-03 8.230578328347748843e-03 8.230579009608817234e-03 8.230578769758030433e-03 8.230578769757364299e-03 8.230578329000514878e-03 8.230578311576131761e-03 8.230578777275955951e-03 8.230578769803417738e-03 8.230578774072032713e-03 8.230578328345722686e-03 8.230578326761996480e-03 8.230591869842643002e-03 8.230583631071687611e-03 8.230578771418342945e-03 8.230578770419281001e-03 8.230578770394299248e-03 8.230578321879167963e-03 8.230578769665297320e-03 8.230578769677532325e-03 8.230578770272023795e-03 8.230578769895757069e-03 8.230578328398019394e-03 8.230578325966826994e-03 8.230578770270753977e-03 8.230559051831575629e-03 8.230578769991067981e-03 8.230579009601255575e-03 8.230583588759365563e-03 8.230578769894801236e-03 8.230578781635007266e-03 8.230578769756729390e-03 8.230578770007896533e-03 8.230579422014419957e-03 8.230579009629101356e-03 8.230579421902533763e-03 8.230578802261256238e-03 8.230578769774865924e-03 8.230578808155076392e-03 8.230578770272277064e-03 8.230578771500324242e-03 8.230580548140832564e-03 8.230578774088713814e-03 8.230578769854293708e-03 8.230578769792886232e-03 8.230578769698139105e-03 8.230578769683315893e-03 8.230583589088798224e-03 8.230578802374056632e-03 8.230578769802402925e-03 8.230578802148769829e-03 8.230578769677586101e-03 8.230578769688426388e-03 8.230578769699958830e-03 8.230578782558534146e-03 8.230578770479878362e-03 8.230578769896327793e-03 8.230578771487008505e-03 8.230578769757791041e-03 8.230578769683071297e-03 8.230578769679012044e-03 8.230578769677355383e-03 8.230578771294187052e-03 8.230583589106792511e-03 8.230578769866056868e-03 8.230579009726684755e-03 8.230580542823377754e-03 8.230578770383851009e-03 8.230578769797743457e-03 8.230578769681543005e-03 8.230578769677299872e-03 8.230578769681305348e-03 8.230578769705045039e-03 8.230578771293944190e-03
8.230577368604167360e-03 0.000000000000000000e+00 8.230576761843428485e-03 8.230570630109767735e-03 8.230576761941370972e-03 8.230577704185693469e-03 8.230579161992948589e-03 8.230577721452485632e-03 8.230577721548736764e-03 8.230578993471539956e-03 8.230675715553519012e-03 8.230579053862588021e-03 8.230578970552781051e-03 8.230578966184754278e-03 8.230578921960560526e-03 8.230577715201076519e-03 8.230614533130493557e-03 8.230578927227257327e-03 8.230592028567332644e-03 8.230578921840776135e-03 8.230578966177551706e-03 8.230578927542564135e-03 8.230578960172508021e-03 8.230578978918436442e-03 8.230577761209769902e-03 8.230578960965262772e-03 8.230578921464585737e-03 8.230578921247917040e-03 8.230579161177316305e-03 8.230578921326532973e-03 8.230577721263437202e-03 8.230577722240135091e-03 8.230577704817592516e-03 8.230578928844455022e-03 8.230578921371915074e-03 8.230578925640540458e-03 8.230578921245939455e-03 8.230577720001769348e-03 8.230592021424440463e-03 8.230583782645439425e-03 8.230578922987414475e-03 8.230577722180460604e-03 8.230578921962805258e-03 8.230578922862559488e-03 8.230578921232682699e-03 8.230578921246038335e-03 8.230578921840526335e-03 8.230578921464825129e-03 8.230577721638192984e-03 8.230578921840642562e-03 8.230578922034033004e-03 8.230583740607349402e-03 8.230578921754336599e-03 8.230579161367237301e-03 8.230583740613476446e-03 8.230578921657346475e-03 8.230578933398513541e-03 8.230578921519278099e-03 8.230578921576404278e-03 8.230579573582908620e-03 8.230579161197600427e-03 8.230579573471020691e-03 8.230578953829758779e-03 8.230578921343370200e-03 8.230578959723580668e-03 8.230578921840781340e-03 8.230578923068830252e-03 8.230580699709295206e-03 8.230578925657221559e-03 8.230578921422801453e-03 8.230578921361392242e-03 8.230578921266646850e-03 8.230578921251820168e-03 8.230583740657182804e-03 8.230578953942559173e-03 8.230578921565668074e-03 8.230578953717274104e-03 8.230578921246090376e-03 8.230578921256928929e-03 8.230578921463225714e-03 8.230578934127040155e-03 8.230578922048387841e-03 8.230578921464832068e-03 8.230578923055514515e-03 8.230578921326293582e-03 8.230578921251577307e-03 8.230578921247519789e-03 8.230578921245861393e-03 8.230578922862689592e-03 8.230583740675180560e-03 8.230578921629322017e-03 8.230579161295185561e-03 8.230580694391835192e-03 8.230578921952357019e-03 8.230578921366249467e-03 8.230578921250047281e-03 8.230578921245804147e-03 8.230578921249809624e-03 8.230577721660421731e-03 8.230578922862450200e-03
8.230577368603666025e-03 8.230576761843428485e-03 0.000000000000000000e+00 8.230570630107590657e-03 8.230576761941672814e-03 8.230577704185997046e-03 8.230576762658280143e-03 8.230577721452067563e-03 8.230577721548320430e-03 8.230578993471310972e-03 8.230675715554041164e-03 8.230579053863108438e-03 8.230578970553303203e-03 8.230578966185276429e-03 8.230578921961080943e-03 8.230577715200663655e-03 8.230614533131013974e-03 8.230577727567505580e-03 8.230592028567856530e-03 8.230578921841294818e-03 8.230578966178072123e-03 8.230578927543084553e-03 8.230578960173031908e-03 8.230578978918960328e-03 8.230577761209355303e-03 8.230578960965786658e-03 8.230578921465109624e-03 8.230578921248440927e-03 8.230579161177841926e-03 8.230578921327056860e-03 8.230577721263742513e-03 8.230577722239717023e-03 8.230577704817174448e-03 8.230578928844977174e-03 8.230578921372440696e-03 8.230578925641059140e-03 8.230578921246458138e-03 8.230578922634242123e-03 8.230592021411218401e-03 8.230583782640452095e-03 8.230578922987216717e-03 8.230577722180762446e-03 8.230578921963329145e-03 8.230578922863081640e-03 8.230578921233206585e-03 8.230578921246560486e-03 8.230578921841050222e-03 8.230578921464627370e-03 8.230577721638496561e-03 8.230578921841166448e-03 8.230578922034555156e-03 8.230583740607871554e-03 8.230578921754857016e-03 8.230579161367761187e-03 8.230583740613998597e-03 8.230578921657870362e-03 8.230578933399033958e-03 8.230578921519800251e-03 8.230578921576924695e-03 8.230579573583432507e-03 8.230579161198120844e-03 8.230579573471544577e-03 8.230578953830279196e-03 8.230578921343892351e-03 8.230578959724102819e-03 8.230578921841303491e-03 8.230578923069352404e-03 8.230580699709817358e-03 8.230578925657740241e-03 8.230578921423321870e-03 8.230578921361914393e-03 8.230578921267167267e-03 8.230578921252340585e-03 8.230583740657706690e-03 8.230578953943081325e-03 8.230578921566190226e-03 8.230578953717794521e-03 8.230578921246612528e-03 8.230578921257452815e-03 8.230578921463747866e-03 8.230578934127564042e-03 8.230578922048909993e-03 8.230578921465352485e-03 8.230578923056038401e-03 8.230578921326813999e-03 8.230578921252097724e-03 8.230578921248041940e-03 8.230578921246383545e-03 8.230578922863215213e-03 8.230583740675702711e-03 8.230578921629842434e-03 8.230579161295707713e-03 8.230580694392359078e-03 8.230578921952879171e-03 8.230578921366771619e-03 8.230578921250569432e-03 8.230578921246328034e-03 8.230578921250335245e-03 8.230578921467964978e-03 8.230578922862972352e-03
8.230571236869073729e-03 8.230570630109767735e-03 8.230570630107590657e-03 0.000000000000000000e+00 8.230570630206089991e-03 8.230571572448643070e-03 8.230570630926177175e-03 8.230571589713190500e-03 8.230571589811669017e-03 8.230580526400077535e-03 8.230677248459699474e-03 8.230580586793389414e-03 8.230580503483615404e-03 8.230580499115592100e-03 8.230580454891403552e-03 8.230571583465542268e-03 8.230616066052263979e-03 8.230580460154316921e-03 8.230593561494838062e-03 8.230580454771619162e-03 8.230580499108384324e-03 8.230580460473396753e-03 8.230580493103331965e-03 8.230580511849260386e-03 8.230571629473347472e-03 8.230580493896081512e-03 8.230580454395432233e-03 8.230580454178177199e-03 8.230580694108100351e-03 8.230580454257379469e-03 8.230580454251078953e-03 8.230571590503060406e-03 8.230580459374329735e-03 8.230580461775296314e-03 8.230580454302751162e-03 8.230580458571352259e-03 8.230580454176218697e-03 8.230571588266252445e-03 8.230593554336883277e-03 8.230585315568068536e-03 8.230580455915997157e-03 8.230580454915242122e-03 8.230580454893648285e-03 8.230580455792810973e-03 8.230571589836687199e-03 8.230580454176870953e-03 8.230580454771360688e-03 8.230580454393426892e-03 8.230580454277295829e-03 8.230580454770930476e-03 8.230580454962627829e-03 8.230585273529321053e-03 8.230580454685176156e-03 8.230570630308518473e-03 8.230585273534483590e-03 8.230580454584388722e-03 8.230580466327094488e-03 8.230580454446308203e-03 8.230580454507247304e-03 8.230581106513588582e-03 8.230580694128384472e-03 8.230581106401702388e-03 8.230580486760596601e-03 8.230580454274214960e-03 8.230580492654416755e-03 8.230580454771626100e-03 8.230580455999673278e-03 8.230582232639688939e-03 8.230580458588061116e-03 8.230580454353642744e-03 8.230580454292235268e-03 8.230580454197488141e-03 8.230580454182664929e-03 8.230585273586795911e-03 8.230580486873398730e-03 8.230580454494264633e-03 8.230580486648104988e-03 8.230580454176933403e-03 8.230580454187775424e-03 8.230580454391818804e-03 8.230580467057877977e-03 8.230580454979227398e-03 8.230580454393430362e-03 8.230580455986357541e-03 8.230580454257136608e-03 8.230580454182423802e-03 8.230580454178362815e-03 8.230580454176704419e-03 8.230580455793530884e-03 8.230585273604793667e-03 8.230580454557916842e-03 8.230580694223485483e-03 8.230582227322228925e-03 8.230580454880955313e-03 8.230580454297092494e-03 8.230580454180897246e-03 8.230580454176648908e-03 8.230580454180656119e-03 8.230580454395198045e-03 8.230580455793296696e-03
8.230579009697522319e-03 8.230576761941370972e-03 8.230576761941672814e-03 8.230570630206089991e-03 0.000000000000000000e+00 8.230577704085237367e-03 8.230579162095770854e-03 8.230577721549914641e-03 8.230577721449087308e-03 8.230578993574107216e-03 8.230675715656081068e-03 8.230579053965153546e-03 8.230578970655348311e-03 8.230578966287326742e-03 8.230578922063129521e-03 8.230578923046051598e-03 8.230614533233059082e-03 8.230578927329831526e-03 8.230592028669901639e-03 8.230578921943341661e-03 8.230578966280122435e-03 8.230578927645140069e-03 8.230578960275078751e-03 8.230578979021001967e-03 8.230577761307762696e-03 8.230578961067831767e-03 8.230578921567154732e-03 8.230578921350640426e-03 8.230579161279887035e-03 8.230578921429103703e-03 8.230577721361429996e-03 8.230577722338285745e-03 8.230578926552096011e-03 8.230578928947024017e-03 8.230578921474492743e-03 8.230578925743105984e-03 8.230578921348657637e-03 8.230577720099920003e-03 8.230592021527254054e-03 8.230583782748133320e-03 8.230578923089985205e-03 8.230578922090052429e-03 8.230578922065379457e-03 8.230578922965281138e-03 8.230578921335251694e-03 8.230578921348603860e-03 8.230578921943097065e-03 8.230578921567394124e-03 8.230577721538545263e-03 8.230578921943369416e-03 8.230578921938071571e-03 8.230583740412017804e-03 8.230578921856898655e-03 8.230576761935169336e-03 8.230558445163998343e-03 8.230577720803898545e-03 8.230578933302317921e-03 8.230577721357341253e-03 8.230578921678969803e-03 8.230579573685474146e-03 8.230579161300165952e-03 8.230579573573586216e-03 8.230578953932324304e-03 8.230578921445939194e-03 8.230578959826147928e-03 8.230578921943348600e-03 8.230578923171399247e-03 8.230580699811864201e-03 8.230578925759788819e-03 8.230578921525368713e-03 8.230578921463959502e-03 8.230578921369212375e-03 8.230578921354387428e-03 8.230583740759753533e-03 8.230578954045129902e-03 8.230578921667513689e-03 8.230578953819837895e-03 8.230578921348657637e-03 8.230578921359499658e-03 8.230578921367276424e-03 8.230578934229605681e-03 8.230578922150953367e-03 8.230578921566681153e-03 8.230578923158083510e-03 8.230578921428860842e-03 8.230578921354146302e-03 8.230578921350088784e-03 8.230578921348428653e-03 8.230578922965258587e-03 8.230583740777747820e-03 8.230578921731169367e-03 8.230579161194200369e-03 8.230580694494404187e-03 8.230578922054206104e-03 8.230578921468814993e-03 8.230578921352614541e-03 8.230578921348369673e-03 8.230578921352376884e-03 8.230577721560616150e-03 8.230578922965020930e-03
8.230578310751794635e-03 8.230577704185693469e-03 8.230577704185997046e-03 8.230571572448643070e-03 8.230577704085237367e-03 0.000000000000000000e+00 8.230578926649016747e-03 8.230578685915538456e-03 8.230578663698437034e-03 8.230578758125528180e-03 8.230675480211287198e-03 8.230578818516577980e-03 8.230578735206774479e-03 8.230578730838751175e-03 8.230578686614545281e-03 8.230578657543629467e-03 8.230614297785869560e-03 8.230578691881484943e-03 8.230591793221827407e-03 8.230578686494759155e-03 8.230578730831545134e-03 8.230578692196561033e-03 8.230578724826499715e-03 8.230578743572428135e-03 8.230578725525173472e-03 8.230578725619252731e-03 8.230578686118573961e-03 8.230578663929287095e-03 8.230578925831309733e-03 8.230578685980521197e-03 8.230578663604399409e-03 8.230578664582922227e-03 8.230578691103914227e-03 8.230578693498448450e-03 8.230578686025908502e-03 8.230578646349325303e-03 8.230578685900012681e-03 8.230578687290721410e-03 8.230591786079212782e-03 8.230583547299722552e-03 8.230578687641400965e-03 8.230578664521190357e-03 8.230578686616793482e-03 8.230578657460699277e-03 8.230578685888403911e-03 8.230578685900026559e-03 8.230578686494514559e-03 8.230578686118813353e-03 8.230578663786162000e-03 8.230578686494720991e-03 8.230578686301349631e-03 8.230559387118311504e-03 8.230578686215236223e-03 8.230577703986247107e-03 8.230559387117343528e-03 8.230578662858261882e-03 8.230578697665365262e-03 8.230578663411709794e-03 8.230578686230387297e-03 8.230579338236921130e-03 8.230578925851592120e-03 8.230579338125034936e-03 8.230578718483743533e-03 8.230578685997360158e-03 8.230578724377567157e-03 8.230578686494769564e-03 8.230578687722813272e-03 8.230580464363347615e-03 8.230578690311206314e-03 8.230578686076786207e-03 8.230578686015376996e-03 8.230578685920629869e-03 8.230578685905810127e-03 8.230583505311354908e-03 8.230578718596549131e-03 8.230578686026090648e-03 8.230578718371257124e-03 8.230578685900076866e-03 8.230578685910917153e-03 8.230578685730566627e-03 8.230578698781021441e-03 8.230578686702370861e-03 8.230578686118334569e-03 8.230578687709495800e-03 8.230578685980283540e-03 8.230578685905563796e-03 8.230578685901508013e-03 8.230578685899849617e-03 8.230578687516676081e-03 8.230583505329352664e-03 8.230578686089741122e-03 8.230578925750575703e-03 8.230580459045891070e-03 8.230578686605857786e-03 8.230578686020235957e-03 8.230578685904037239e-03 8.230578685899792371e-03 8.230578685903797848e-03 8.230578663614986426e-03 8.230578687516434955e-03
8.230577369418061451e-03 8.230579161992948589e-03 8.230576762658280143e-03 8.230570630926177175e-03 8.230579162095770854e-03 8.230578926649016747e-03 0.000000000000000000e+00 8.230577722267047591e-03 8.230577722363345561e-03 8.230577630615604212e-03 8.230675714234485588e-03 8.230579054492669078e-03 8.230578971382527045e-03 8.230578967014496802e-03 8.230578922790762753e-03 8.230577715817102846e-03 8.230614533960687110e-03 8.230577728381049257e-03 8.230592029397520992e-03 8.230578922670976627e-03 8.230578967007250862e-03 8.230578926735846595e-03 8.230578961002252281e-03 8.230578978110343266e-03 8.230577762023875629e-03 8.230578960355890844e-03 8.230578922294789698e-03 8.230578922078129675e-03 8.230579162007520266e-03 8.230578922156736935e-03 8.230578922156488869e-03 8.230577721615672804e-03 8.230577703994249386e-03 8.230578929674657249e-03 8.230578922004242598e-03 8.230578926470747889e-03 8.230578922076143417e-03 8.230577719179385521e-03 8.230525322652875592e-03 8.230558484271573161e-03 8.230577721410675326e-03 8.230578921379296323e-03 8.230578921353896502e-03 8.230578923692766918e-03 8.230578922062888395e-03 8.230578922076242296e-03 8.230578922670730296e-03 8.230577721525082074e-03 8.230578922183269530e-03 8.230578922670846523e-03 8.230578922864235231e-03 8.230583741437641834e-03 8.230578922584535356e-03 8.230579162198407503e-03 8.230583741449293972e-03 8.230578922488270346e-03 8.230578934228712298e-03 8.230578922350201970e-03 8.230578922406604769e-03 8.230579574413110847e-03 8.230579162027800919e-03 8.230579574301226387e-03 8.230578954659964475e-03 8.230578922173574161e-03 8.230578960553737791e-03 8.230578922670985301e-03 8.230578923899034213e-03 8.230580700539495698e-03 8.230578926487425520e-03 8.230578922253001944e-03 8.230578921993759664e-03 8.230578922096849076e-03 8.230578922082025864e-03 8.230583741487381561e-03 8.230578954772763134e-03 8.230578922395868566e-03 8.230578954547474596e-03 8.230578922076294338e-03 8.230578922087134625e-03 8.230578922293426206e-03 8.230578934957240647e-03 8.230578922878588333e-03 8.230578922295036029e-03 8.230578923885715006e-03 8.230578922156497543e-03 8.230578922081781268e-03 8.230578922077682116e-03 8.230578922076067089e-03 8.230578923692893553e-03 8.230583741505382786e-03 8.230578922459520774e-03 8.230579162125389522e-03 8.230580695222035684e-03 8.230578922782562715e-03 8.230578922196451694e-03 8.230578922080254711e-03 8.230578922076008108e-03 8.230578922080013585e-03 8.230578922299081404e-03 8.230578923692654161e-03
8.230578328212863684e-03 8.230577721452485632e-03 8.230577721452067563e-03 8.230571589713190500e-03 8.230577721549914641e-03 8.230578685915538456e-03 8.230577722267047591e-03 0.000000000000000000e+00 8.230578681157833809e-03 8.230578591048724399e-03 8.230675475640384514e-03 8.230578813958645823e-03 8.230578730648864874e-03 8.230578726280839835e-03 8.230578682056639145e-03 8.230578674809944581e-03 8.230614293227751788e-03 8.230578687174677083e-03 8.230591788663834535e-03 8.230578681936853019e-03 8.230578726273626855e-03 8.230578687638654897e-03 8.230578720268593579e-03 8.230578739014508122e-03 8.230578720818755925e-03 8.230578721061332717e-03 8.230578681560664356e-03 8.230578681344091069e-03 8.230578921273400128e-03 8.230578681422615062e-03 8.230578681421647086e-03 8.230578681849237341e-03 8.230578664424679017e-03 8.230578680708960232e-03 8.230578681467991958e-03 8.230578663616070628e-03 8.230578681342103076e-03 8.230578679610620063e-03 8.230591781505720156e-03 8.230583542735770905e-03 8.230578681840985261e-03 8.230578681787935683e-03 8.230578682058878673e-03 8.230578682958730047e-03 8.230578681175109920e-03 8.230578681342116953e-03 8.230578681936608423e-03 8.230578681560428433e-03 8.230578681245999395e-03 8.230578681936816590e-03 8.230578682129629370e-03 8.230583500698513549e-03 8.230578681850411749e-03 8.230577721648799083e-03 8.230583500704791514e-03 8.230578680511184408e-03 8.230578693494099499e-03 8.230578681615120795e-03 8.230578681672481162e-03 8.230579333679013260e-03 8.230578921293689454e-03 8.230579333567128800e-03 8.230578713925839132e-03 8.230578681439448818e-03 8.230578719819648878e-03 8.230578681936861693e-03 8.230578683164910606e-03 8.230580459805444948e-03 8.230578685753298443e-03 8.230578681518878337e-03 8.230578681457472595e-03 8.230578681362721999e-03 8.230578681347900522e-03 8.230583500753455711e-03 8.230578714038639526e-03 8.230578681661269644e-03 8.230578713813350988e-03 8.230578681342170730e-03 8.230578681353011017e-03 8.230578681356310461e-03 8.230578694223117039e-03 8.230578682144466460e-03 8.230578681560431903e-03 8.230578683151593133e-03 8.230578681422372200e-03 8.230578681347657660e-03 8.230578681343591468e-03 8.230578681341941746e-03 8.230578674727489705e-03 8.230583500771451733e-03 8.230578681724921852e-03 8.230578921390556413e-03 8.230580454487984934e-03 8.230578682047956854e-03 8.230578681462324617e-03 8.230578681346127634e-03 8.230578681341882766e-03 8.230578681345889977e-03 8.230578681267898544e-03 8.230578682958528819e-03
8.230578328309113081e-03 8.230577721548736764e-03 8.230577721548320430e-03 8.230571589811669017e-03 8.230577721449087308e-03 8.230578663698437034e-03 8.230577722363345561e-03 8.230578681157833809e-03 0.000000000000000000e+00 8.230578753663363167e-03 8.230675475749705053e-03 8.230578814054922976e-03 8.230578730745117741e-03 8.230578726377092702e-03 8.230578682152888542e-03 8.230578683137517587e-03 8.230614293324002920e-03 8.230578687270940358e-03 8.230591788760099545e-03 8.230578678911398133e-03 8.230578726369888395e-03 8.230578687734906029e-03 8.230578720364844711e-03 8.230578739110771397e-03 8.230578720915020935e-03 8.230578721157595992e-03 8.230578681656917223e-03 8.230578681440342201e-03 8.230578921369651260e-03 8.230578681518866194e-03 8.230578681517901687e-03 8.230578681945488473e-03 8.230578686641790848e-03 8.230578680805209629e-03 8.230578681564255233e-03 8.230578663712325230e-03 8.230578681290255660e-03 8.230578682828629256e-03 8.230591781604030405e-03 8.230583542832821745e-03 8.230578683179270646e-03 8.230578681884197223e-03 8.230578682155138479e-03 8.230578683054982914e-03 8.230578681426781867e-03 8.230578681438366351e-03 8.230578682032859555e-03 8.230578681656677831e-03 8.230578681149262540e-03 8.230578682033064253e-03 8.230578682033357421e-03 8.230583500510466055e-03 8.230578680704654648e-03 8.230578921363793099e-03 8.230559404775213486e-03 8.230578680414917664e-03 8.230578693397608975e-03 8.230578680968362107e-03 8.230578681768734028e-03 8.230579333775262657e-03 8.230578921389940586e-03 8.230579333663379932e-03 8.230578714022090264e-03 8.230578681535699950e-03 8.230578719915913888e-03 8.230578682033111090e-03 8.230578683261160003e-03 8.230580459901697815e-03 8.230578685849549575e-03 8.230578681064637525e-03 8.230578681553721992e-03 8.230578681458974866e-03 8.230578681444149919e-03 8.230583500849701639e-03 8.230578714134892393e-03 8.230578681757994355e-03 8.230578713909603855e-03 8.230578681438418392e-03 8.230578681449260414e-03 8.230578681462558804e-03 8.230578694319366437e-03 8.230578682240715857e-03 8.230578681657161819e-03 8.230578683247842531e-03 8.230578681518623332e-03 8.230578681443905323e-03 8.230578681284428724e-03 8.230578681438192878e-03 8.230578674823739102e-03 8.230583500867695926e-03 8.230578681821648299e-03 8.230578921289732550e-03 8.230580454584234332e-03 8.230578682144685035e-03 8.230578681558577483e-03 8.230578681442378766e-03 8.230578681438132163e-03 8.230578681442139374e-03 8.230578681171156485e-03 8.230578683054783420e-03
8.230578841902440670e-03 8.230578993471539956e-03 8.230578993471310972e-03 8.230580526400077535e-03 8.230578993574107216e-03 8.230578758125528180e-03 8.230577630615604212e-03 8.230578591048724399e-03 8.230578753663363167e-03 0.000000000000000000e+00 8.230191398816179282e-03 8.230578204297534298e-03 8.230578724963546339e-03 8.230578720597268166e-03 8.230578754238472572e-03 8.230578755056065093e-03 8.230614365389582118e-03 8.230578597134684260e-03 8.230591860843138735e-03 8.230578754118696855e-03 8.230578558165344352e-03 8.230578758198478506e-03 8.230578714585047931e-03 8.230578509598089967e-03 8.230578552940450918e-03 8.230578551177172159e-03 8.230578753742508191e-03 8.230578753526000824e-03 8.230578993455243964e-03 8.230578753604458897e-03 8.230578753604925538e-03 8.230578752833320536e-03 8.230578757106138746e-03 8.230578761122375742e-03 8.230578590937320457e-03 8.230578757918464647e-03 8.230578753524014565e-03 8.230578587975337368e-03 8.230526191409980041e-03 8.230559273230632703e-03 8.230578590178581899e-03 8.230578590320593302e-03 8.230578590422577695e-03 8.230578755140639802e-03 8.230578753538490833e-03 8.230578753523959054e-03 8.230578754118452259e-03 8.230578753742237574e-03 8.230578753631864058e-03 8.230578754118722876e-03 8.230578754311953724e-03 8.230583572887405566e-03 8.230578754032255584e-03 8.230578993675786298e-03 8.230583572897133895e-03 8.230578753935992309e-03 8.230578765676434261e-03 8.230578753797923933e-03 8.230578753854326732e-03 8.230579405860746073e-03 8.230578993475528085e-03 8.230579405748859878e-03 8.230578786107665620e-03 8.230578753621277041e-03 8.230578467268599360e-03 8.230578754118691651e-03 8.230578755346750972e-03 8.230580531987009493e-03 8.230578757935126666e-03 8.230578753700708294e-03 8.230578753445162710e-03 8.230578753544567569e-03 8.230578753529746092e-03 8.230583572935226688e-03 8.230578786220389687e-03 8.230578753843578385e-03 8.230578785995196558e-03 8.230578753523913951e-03 8.230578753534853118e-03 8.230578753741146433e-03 8.230578766404959140e-03 8.230578754326306826e-03 8.230578753742752787e-03 8.230578755333436969e-03 8.230578753604216036e-03 8.230578753529499761e-03 8.230578591147735476e-03 8.230578753523697111e-03 8.230578755140612046e-03 8.230583572953224444e-03 8.230578753907244471e-03 8.230578993573113220e-03 8.230580526669806218e-03 8.230578754230279473e-03 8.230578753644171922e-03 8.230578753527973204e-03 8.230578753523724866e-03 8.230578753527730343e-03 8.230578753746805101e-03 8.230578755140374389e-03
8.230675563987446819e-03 8.230675715553519012e-03 8.230675715554041164e-03 8.230677248459699474e-03 8.230675715656081068e-03 8.230675480211287198e-03 8.230675714234485588e-03 8.230675475640384514e-03 8.230675475749705053e-03 8.230191398816179282e-03 0.000000000000000000e+00 8.230191180198390480e-03 8.230191518437202439e-03 8.230191535896182881e-03 8.230675476324252407e-03 8.230675475205206579e-03 8.230711086865129603e-03 8.230675481578519914e-03 8.230688582713226523e-03 8.230675476204518323e-03 8.230191536005073208e-03 8.230675479737492584e-03 8.230191530033521830e-03 8.230191486897974612e-03 8.230191530744682127e-03 8.230191530408688741e-03 8.230675475828296700e-03 8.230675475611801475e-03 8.230675715537219550e-03 8.230675475690243936e-03 8.230675475690733128e-03 8.230675476311915054e-03 8.230675478683223065e-03 8.230675483201464748e-03 8.230675473591327410e-03 8.230675480004228869e-03 8.230675475609842973e-03 8.230675474878421105e-03 8.230688573164328392e-03 8.230172252654205725e-03 8.230675475200168942e-03 8.230675476299164836e-03 8.230675476308612140e-03 8.230675477226450862e-03 8.230675475624293219e-03 8.230675475609763175e-03 8.230675476202497370e-03 8.230675475828548235e-03 8.230675475717694201e-03 8.230675476204549548e-03 8.230675476397776927e-03 8.230680294895775101e-03 8.230675476118080522e-03 8.230675715757761884e-03 8.230680294905508634e-03 8.230675476021818981e-03 8.230675487762071849e-03 8.230675475883748871e-03 8.230675475940155139e-03 8.230676127936197364e-03 8.230675715557503672e-03 8.230676127822520935e-03 8.230675508192978815e-03 8.230675475700537785e-03 8.230675514038011606e-03 8.230675476202747171e-03 8.230675477432555093e-03 8.230677254044469968e-03 8.230675480016099582e-03 8.230675475786552314e-03 8.230675473593861841e-03 8.230675475628635232e-03 8.230675475613798142e-03 8.230680294943599692e-03 8.230675508270210439e-03 8.230675475929417201e-03 8.230675508080504549e-03 8.230675475572470090e-03 8.230675475620690199e-03 8.230675475826974841e-03 8.230675488490582850e-03 8.230675476412130029e-03 8.230675475828584664e-03 8.230675477419239355e-03 8.230675475690051382e-03 8.230675475615335107e-03 8.230675475598202978e-03 8.230675475574019198e-03 8.230675477226423106e-03 8.230680294961593979e-03 8.230675475993065940e-03 8.230675715655088806e-03 8.230677248727134854e-03 8.230675476316102676e-03 8.230675475730002064e-03 8.230675475613806816e-03 8.230675475609561947e-03 8.230675475613534464e-03 8.230675475832630039e-03 8.230675477226181980e-03
8.230578902294083746e-03 8.230579053862588021e-03 8.230579053863108438e-03 8.230580586793389414e-03 8.230579053965153546e-03 8.230578818516577980e-03 8.230579054492669078e-03 8.230578813958645823e-03 8.230578814054922976e-03 8.230578204297534298e-03 8.230191180198390480e-03 0.000000000000000000e+00 8.230578311430709892e-03 8.230578328891957618e-03 8.230578814629269102e-03 8.230578815446514679e-03 8.230435936549682779e-03 8.230578809346897340e-03 8.230591908745827495e-03 8.230578814509741450e-03 8.230578770408655820e-03 8.230578366996562159e-03 8.230578333575136810e-03 8.230578281836722909e-03 8.230578334303859447e-03 8.230578333968056881e-03 8.230578814133557991e-03 8.230578813917047154e-03 8.230579053846290294e-03 8.230578813995505227e-03 8.230578813995975337e-03 8.230578373222380631e-03 8.230578818924600554e-03 8.230578810963151346e-03 8.230578813845623384e-03 8.230578818309512712e-03 8.230578813915038344e-03 8.230578815137595122e-03 8.230591913633835896e-03 8.230559056289148828e-03 8.230578815460876455e-03 8.230578373133918407e-03 8.230578814631737614e-03 8.230578815531687867e-03 8.230578813929540632e-03 8.230578813915007119e-03 8.230578814509496854e-03 8.230578814133797383e-03 8.230578814022906919e-03 8.230578814509772675e-03 8.230578814702998319e-03 8.230583633278401590e-03 8.230578814423301914e-03 8.230579054066830894e-03 8.230583633288133388e-03 8.230578814327036904e-03 8.230578826067482326e-03 8.230578814188970263e-03 8.230578814245352245e-03 8.230579466251646686e-03 8.230579053866496353e-03 8.230579466139748349e-03 8.230578846498680726e-03 8.230578814012288677e-03 8.230578238099308178e-03 8.230578814509731042e-03 8.230578815737799037e-03 8.230580581565659706e-03 8.230578818326115750e-03 8.230578814091747686e-03 8.230578813835071061e-03 8.230578813935589613e-03 8.230578813920790687e-03 8.230583633325553108e-03 8.230578242877747974e-03 8.230578814234570939e-03 8.230578846386242889e-03 8.230578372539099075e-03 8.230578813925899448e-03 8.230578814132194498e-03 8.230578826795745262e-03 8.230578814717351421e-03 8.230578814133780036e-03 8.230578815724483299e-03 8.230578813995264101e-03 8.230578813920547826e-03 8.230578813916469491e-03 8.230578372538812845e-03 8.230578815531660111e-03 8.230583633343550864e-03 8.230578814298289067e-03 8.230579053964105773e-03 8.230580587060574993e-03 8.230578814621304987e-03 8.230578814035218252e-03 8.230578813919021269e-03 8.230578813914774666e-03 8.230578813918780143e-03 8.230578814137849697e-03 8.230578815531420719e-03
8.230578818984278511e-03 8.230578970552781051e-03 8.230578970553303203e-03 8.230580503483615404e-03 8.230578970655348311e-03 8.230578735206774479e-03 8.230578971382527045e-03 8.230578730648864874e-03 8.230578730745117741e-03 8.230578724963546339e-03 8.230191518437202439e-03 8.230578311430709892e-03 0.000000000000000000e+00 8.230578663599559530e-03 8.230578729893201981e-03 8.230578732331531033e-03 8.230436269281207404e-03 8.230578724623002773e-03 8.230526302487523038e-03 8.230578731199939685e-03 8.230578663689562188e-03 8.230578703294600187e-03 8.230578669700373828e-03 8.230578616742255035e-03 8.230578669002815498e-03 8.230578670093330329e-03 8.230578730823752756e-03 8.230578730607245388e-03 8.230578970536490263e-03 8.230578730685699992e-03 8.230578730686171837e-03 8.230578731342861817e-03 8.230578735809681093e-03 8.230578696180658807e-03 8.230578730730629330e-03 8.230578734999707477e-03 8.230578730605253926e-03 8.230578732022623620e-03 8.230591830783104412e-03 8.230583512211016306e-03 8.230578707850653639e-03 8.230578731348012211e-03 8.230578731321970543e-03 8.230578732221880897e-03 8.230578730619735398e-03 8.230578730605201884e-03 8.230578706251078999e-03 8.230578730823990413e-03 8.230578730713101684e-03 8.230578731199967440e-03 8.230578731393194819e-03 8.230583549968664009e-03 8.230578731113498414e-03 8.230578970757029128e-03 8.230583549978392338e-03 8.230578731017233404e-03 8.230578742757675356e-03 8.230578730879165028e-03 8.230578730935569562e-03 8.230579382936755242e-03 8.230578970552550333e-03 8.230576099840881954e-03 8.230578763185267266e-03 8.230578708321561673e-03 8.230578757108286334e-03 8.230578706251328799e-03 8.230578732427993802e-03 8.230580498260232913e-03 8.230578735012801170e-03 8.230578730781963268e-03 8.230578730716532967e-03 8.230578708627242501e-03 8.230578708612441841e-03 8.230583550016485131e-03 8.230578763297979189e-03 8.230578730921261563e-03 8.230578763076437654e-03 8.230578708630167245e-03 8.230578730616097682e-03 8.230578730822385794e-03 8.230578742059008537e-03 8.230578731407547921e-03 8.230578730823995617e-03 8.230578732414678064e-03 8.230578730685458866e-03 8.230578730607195082e-03 8.230578730606679869e-03 8.230578730604950349e-03 8.230578732221853142e-03 8.230583550034482887e-03 8.230578730988485567e-03 8.230578970654356050e-03 8.230580503751052518e-03 8.230578731311520568e-03 8.230578730725414752e-03 8.230578730609216034e-03 8.230578730604967697e-03 8.230578730608973173e-03 8.230578730828044462e-03 8.230578732221615484e-03
8.230578814616253472e-03 8.230578966184754278e-03 8.230578966185276429e-03 8.230580499115592100e-03 8.230578966287326742e-03 8.230578730838751175e-03 8.230578967014496802e-03 8.230578726280839835e-03 8.230578726377092702e-03 8.230578720597268166e-03 8.230191535896182881e-03 8.230578328891957618e-03 8.230578663599559530e-03 0.000000000000000000e+00 8.230578725369964294e-03 8.230578727963509464e-03 8.230436286735530113e-03 8.230578720107429094e-03 8.230526319945271826e-03 8.230578726831914646e-03 8.230578681151057979e-03 8.230578720754120128e-03 8.230578687160993584e-03 8.230578634203766439e-03 8.230578686463683319e-03 8.230578688104499274e-03 8.230578725213717750e-03 8.230578726239220350e-03 8.230578966168465224e-03 8.230578725767162193e-03 8.230578726318150268e-03 8.230578726974838513e-03 8.230578709320783212e-03 8.230578713640418140e-03 8.230578726362606026e-03 8.230578730631684173e-03 8.230578726237232356e-03 8.230578727654603785e-03 8.230591826414853859e-03 8.230583507844663541e-03 8.230578725309762450e-03 8.230578726979988907e-03 8.230578726953947238e-03 8.230578727853857593e-03 8.230578726251712093e-03 8.230578726237180315e-03 8.230578723709948419e-03 8.230578726455968844e-03 8.230578726345078380e-03 8.230578726831942402e-03 8.230578727025173250e-03 8.230583545600644174e-03 8.230578726745468171e-03 8.230578966389007559e-03 8.230583545610374238e-03 8.230578726649211835e-03 8.230578738389653787e-03 8.230578726511141724e-03 8.230578726567544523e-03 8.230579378568645202e-03 8.230578966184499273e-03 8.230576117299565758e-03 8.230578596312255329e-03 8.230578725780429358e-03 8.230578590230620134e-03 8.230578723710184341e-03 8.230578728059972232e-03 8.230580493892372673e-03 8.230578730644767457e-03 8.230578726413924351e-03 8.230578726348511398e-03 8.230578726254218769e-03 8.230578726071318199e-03 8.230583545648467031e-03 8.230578758929969763e-03 8.230578726553243463e-03 8.230578758708412615e-03 8.230578726089033195e-03 8.230578726248076113e-03 8.230578726454365959e-03 8.230578737691222890e-03 8.230578727039528086e-03 8.230578726455974048e-03 8.230578728046656495e-03 8.230578726317437296e-03 8.230578726239175247e-03 8.230578726238661769e-03 8.230578726236930515e-03 8.230578727853831572e-03 8.230583545665805592e-03 8.230578726620463997e-03 8.230578966286334480e-03 8.230580499383030949e-03 8.230578726943500734e-03 8.230578726357389713e-03 8.230578726241192730e-03 8.230578726236946127e-03 8.230578726240946399e-03 8.230578726460022893e-03 8.230578727853593915e-03
8.230578770392054516e-03 8.230578921960560526e-03 8.230578921961080943e-03 8.230580454891403552e-03 8.230578922063129521e-03 8.230578686614545281e-03 8.230578922790762753e-03 8.230578682056639145e-03 8.230578682152888542e-03 8.230578754238472572e-03 8.230675476324252407e-03 8.230578814629269102e-03 8.230578729893201981e-03 8.230578725369964294e-03 0.000000000000000000e+00 8.230578683739758067e-03 8.230614290529781468e-03 8.230578686560898957e-03 8.230526288337335072e-03 8.230578679626201349e-03 8.230578725455869535e-03 8.230578688309293789e-03 8.230578720929360159e-03 8.230578738258447977e-03 8.230578720232277143e-03 8.230578721322361763e-03 8.230578682231527027e-03 8.230578682007163097e-03 8.230577722279294739e-03 8.230578681683645842e-03 8.230578682093946108e-03 8.230578682750710681e-03 8.230578687217911596e-03 8.230578688185026873e-03 8.230578682138863303e-03 8.230578686406996025e-03 8.230578682005112653e-03 8.230578683430862796e-03 8.230591782192174521e-03 8.230583543412712047e-03 8.230578682328282963e-03 8.230578682755866279e-03 8.230578682729750017e-03 8.230578675538571809e-03 8.230578682027032619e-03 8.230578682005121327e-03 8.230578682607469360e-03 8.230578681130449464e-03 8.230578682120877690e-03 8.230578679626236044e-03 8.230578682800969090e-03 8.230583501376492056e-03 8.230578682521264011e-03 8.230578922164805133e-03 8.230583501386222120e-03 8.230578682425009410e-03 8.230578694165446157e-03 8.230578682286939299e-03 8.230578682343331690e-03 8.230579334349679907e-03 8.230578921964468858e-03 8.230579334237696568e-03 8.230578552232392306e-03 8.230578681700002550e-03 8.230578556692624836e-03 8.230578679626190941e-03 8.230578683835768072e-03 8.230580460475337909e-03 8.230578686424131624e-03 8.230578682189708048e-03 8.230578682100427035e-03 8.230578682033574262e-03 8.230578681991335480e-03 8.230583501423655718e-03 8.230578552344264623e-03 8.230578682332585078e-03 8.230578552120313557e-03 8.230578682005593172e-03 8.230578682023871953e-03 8.230578682230163534e-03 8.230578693467251183e-03 8.230578682815322192e-03 8.230578682231762949e-03 8.230578683822452335e-03 8.230578682093220994e-03 8.230578682018508188e-03 8.230578681999230206e-03 8.230578682005287861e-03 8.230578683629138220e-03 8.230583501440990810e-03 8.230578682396256368e-03 8.230578922062095626e-03 8.230580455158599540e-03 8.230578682719286165e-03 8.230578682133185553e-03 8.230578682016981631e-03 8.230578682012733294e-03 8.230578682016743974e-03 8.230578682235818733e-03 8.230578675538779976e-03
8.230578321960738131e-03 8.230577715201076519e-03 8.230577715200663655e-03 8.230571583465542268e-03 8.230578923046051598e-03 8.230578657543629467e-03 8.230577715817102846e-03 8.230578674809944581e-03 8.230578683137517587e-03 8.230578755056065093e-03 8.230675475205206579e-03 8.230578815446514679e-03 8.230578732331531033e-03 8.230578727963509464e-03 8.230578683739758067e-03 0.000000000000000000e+00 8.230614294911066733e-03 8.230578680922577550e-03 8.230591790347040193e-03 8.230578683619975411e-03 8.230578727956305157e-03 8.230578679951439450e-03 8.230578713865272997e-03 8.230578740503880983e-03 8.230578722649962986e-03 8.230578714258250314e-03 8.230578683243788482e-03 8.230578683027211725e-03 8.230578922956529458e-03 8.230578683105737453e-03 8.230578683105244792e-03 8.230578675597583632e-03 8.230578657979416290e-03 8.230578690623662971e-03 8.230578674726745508e-03 8.230578687419743203e-03 8.230578683025227202e-03 8.230578673165910714e-03 8.230591782735227971e-03 8.230559438515082024e-03 8.230578675395823149e-03 8.230578683767151085e-03 8.230578683741997595e-03 8.230578684641852438e-03 8.230578674922994775e-03 8.230578674941958772e-03 8.230578672562802872e-03 8.230578683243547355e-03 8.230578683132112189e-03 8.230578683619935512e-03 8.230578683813234014e-03 8.230583502386829703e-03 8.230578683533530671e-03 8.230578923149167031e-03 8.230583502398393370e-03 8.230578683437272600e-03 8.230578695177709347e-03 8.230578674813481682e-03 8.230578683355605288e-03 8.230579335362135651e-03 8.230578922976811845e-03 8.230579335250247722e-03 8.230578715608959789e-03 8.230578683122571210e-03 8.230578721502783413e-03 8.230578683619984084e-03 8.230578684848031262e-03 8.230580461488567340e-03 8.230578687436422569e-03 8.230578683202004198e-03 8.230578682947542815e-03 8.230578683045846125e-03 8.230578683031021178e-03 8.230583502436572899e-03 8.230578715721761918e-03 8.230578683344870819e-03 8.230578715496473380e-03 8.230578683025293121e-03 8.230578683036131674e-03 8.230578683242424989e-03 8.230578695906239431e-03 8.230578683827585382e-03 8.230578683244033078e-03 8.230578684834715525e-03 8.230578683105492857e-03 8.230578683030780052e-03 8.230578683026720799e-03 8.230578683025062403e-03 8.230578684641888867e-03 8.230583502454572389e-03 8.230578683408521293e-03 8.230578923074398714e-03 8.230580456171109061e-03 8.230578683731558029e-03 8.230578683145448743e-03 8.230578683029250026e-03 8.230578683025006892e-03 8.230578683029012368e-03 8.230578683247599669e-03 8.230578684641651210e-03
