0.000000000000000000e+00 8.979856798750091712e-03 8.979793432415214549e-03 8.980647120215632176e-03 9.142013492659839188e-03 8.988151712587441958e-03 8.989599649030120473e-03 8.998758279465890464e-03 9.003148390499256942e-03 9.172469071027748722e-03 9.171643469400300036e-03 9.180094365154821065e-03 9.194426854163533641e-03 9.202140504830532558e-03 9.199798366101618122e-03 8.995432575694826266e-03 9.174276234741011657e-03 9.177259663672800855e-03 9.175101965522453398e-03 9.181327758996380914e-03 9.199213294981949812e-03 9.188347785040117469e-03 9.209800404936846832e-03 9.185507037318720036e-03 9.185448484024451299e-03 9.188799803156774693e-03 9.194903010858903117e-03 9.051392648115157147e-03 9.168100889447843710e-03 9.195988374744243007e-03 9.158394525729154911e-03 8.994108197865318538e-03 8.998115690916170736e-03 9.175449019816513466e-03 9.193501810244154512e-03 9.164325738887849418e-03 9.047919719858884061e-03 9.006953694795731200e-03 9.157302031337813397e-03 9.160082555007624874e-03 9.169324407904286267e-03 9.155796869960222684e-03 9.188893405358876734e-03 9.017286768241894804e-03 9.183159390735173150e-03 9.210140317370232865e-03 9.196844051508447707e-03 9.199846639748722119e-03 9.002964466251048639e-03 9.016157858272507222e-03 9.192605912184390049e-03 9.015368508658555546e-03 9.190937512177263860e-03 9.166562312000659310e-03 9.159877410827464359e-03 9.174687555645620607e-03 9.180002005106289997e-03 9.172514409035537747e-03 9.197963055311536573e-03 9.181707138246387317e-03 9.183708295417069775e-03 9.186013353475085824e-03 9.192163443484523133e-03 9.207281307153793171e-03 9.190566816110596476e-03 9.193806371220976381e-03 9.196123216588100377e-03 9.183598753678943322e-03 9.196586698480873484e-03 9.190057822482109937e-03 9.201777609262405677e-03 9.213319537625379307e-03 9.213906734109099037e-03 9.182091326134437029e-03 9.186435488653501083e-03 9.263481015461481546e-03 9.186385701589690894e-03 9.219534385752905029e-03 9.199526529026452390e-03 9.194693801430722443e-03 9.194651697891473643e-03 9.198362299379777771e-03 9.199102940197823042e-03 9.200283972521228551e-03 9.203381530523618154e-03 9.214632282340136024e-03 9.192774285181523272e-03 9.216054641388147020e-03 9.178377712464776128e-03 9.180905471671624990e-03 9.204625335372676811e-03 9.185742708534155171e-03 9.184058660261977189e-03 9.196301846636700458e-03 9.210278971211589144e-03 9.198704052896113093e-03 9.230521774104896715e-03 9.214751127172246883e-03 9.170355126138606330e-03 9.188381972024234345e-03
8.979856798750091712e-03 0.000000000000000000e+00 8.966797831750299153e-03 8.974439282696899597e-03 8.975251726090623453e-03 8.983299912905865631e-03 9.137640705741554431e-03 8.985577018186781742e-03 8.994752128940838865e-03 9.166955068305447304e-03 9.166621840626503967e-03 9.171821440716730611e-03 9.190043588885607115e-03 9.198564611419100465e-03 9.212262287936213642e-03 8.997405776323312912e-03 9.172972546858839185e-03 9.177277015135648988e-03 9.170625343935033189e-03 9.193709000961620970e-03 9.200018700097113006e-03 9.187967470549484802e-03 9.210670368078986356e-03 9.176557914049971246e-03 9.027166988803103295e-03 9.181581215623185396e-03 9.199019064278892224e-03 9.205098972514223765e-03 9.183623407896896948e-03 9.207911314870736302e-03 9.007829742860132965e-03 8.984570405798123285e-03 8.999908096633152041e-03 9.170367808733774842e-03 9.189893645123297858e-03 9.164758517836215160e-03 9.206142456657698259e-03 8.993598482421212570e-03 9.155631336503100570e-03 9.162221966715716065e-03 9.167356422989545936e-03 9.003967734591162078e-03 9.184505574906460038e-03 9.174440192411047884e-03 9.182944726487160536e-03 9.219114192034470398e-03 9.197356195536047704e-03 9.204527399761346096e-03 9.006286965229294561e-03 9.171087868486919176e-03 9.196758474842562162e-03 9.164505810473342826e-03 9.194711134773042929e-03 9.165659383742691749e-03 9.155585928124066256e-03 9.174207501236784912e-03 9.187440299000787514e-03 9.176298625560077096e-03 9.202995808527647884e-03 9.185443172566512895e-03 9.188008308922889986e-03 9.186347083658258361e-03 9.193162336427463527e-03 9.208819819288635231e-03 9.190890527191953457e-03 9.202642809980659394e-03 9.196820030360262563e-03 9.183864467457945532e-03 9.197200987029119021e-03 9.194945412900026177e-03 9.210711240704272385e-03 9.218118462757654216e-03 9.219269609612786021e-03 9.182239882762691097e-03 9.190279610267358332e-03 9.269584093924502707e-03 9.192015558287637902e-03 9.228109250865501947e-03 9.193193794428960661e-03 9.191292632460977899e-03 9.195074637871144055e-03 9.199379435274754324e-03 9.200165939700822096e-03 9.200766502489377344e-03 9.207866608044356499e-03 9.219562048878414059e-03 9.197820633061333170e-03 9.218031281357957560e-03 9.179454451464048523e-03 9.181045236017837743e-03 9.208795283946516128e-03 9.185831899661437566e-03 9.184217583278021096e-03 9.197008223485536940e-03 9.214539291511589930e-03 9.199736278301267473e-03 9.232562064874294885e-03 9.219594288665856202e-03 9.024457541552892426e-03 9.193229564306907436e-03
8.979793432415214549e-03 8.966797831750299153e-03 0.000000000000000000e+00 8.974270726915868981e-03 8.982944920048845788e-03 8.987621780701620863e-03 8.983287710313769131e-03 8.985341015233036174e-03 8.991498802677773752e-03 9.163302825141104654e-03 9.166355744141443940e-03 9.171697453912651746e-03 9.189547576632524015e-03 9.194260272236583209e-03 9.208257035869901741e-03 8.993379184366996626e-03 9.169249387139892168e-03 9.023262343203311900e-03 9.166583472726334489e-03 9.189839709610663626e-03 9.195610702360110938e-03 9.190809243759739261e-03 9.206501533066537707e-03 9.179646792053712187e-03 9.023351837495672406e-03 9.184811489924974912e-03 9.199171356586547527e-03 9.205536303547879814e-03 9.183458188960548843e-03 9.204266521788032063e-03 9.012386977495102924e-03 8.980792351384542585e-03 8.995916593678189577e-03 9.169573536910490333e-03 9.189521367251905076e-03 9.164975576980250588e-03 9.206315682415262824e-03 9.143272121226755228e-03 9.155618655290754734e-03 9.161884384234540366e-03 9.163174556735631179e-03 9.007859898949728897e-03 9.188050684017937467e-03 9.175262096890240623e-03 9.179711536168580141e-03 9.219057259873970553e-03 9.193402330589002178e-03 9.197388730949539529e-03 9.006928335823784562e-03 9.174670418470821584e-03 9.201159991348550546e-03 9.168746554969801205e-03 9.195379123894755619e-03 9.166634023511966572e-03 9.159839713033433861e-03 9.179107791824204013e-03 9.184532308317871693e-03 9.180631283578101834e-03 9.199812052876231092e-03 9.185622929265651465e-03 9.187918994219475624e-03 9.186298770137936789e-03 9.192861713141022018e-03 9.208562344243907682e-03 9.190429301363904277e-03 9.202426315595502518e-03 9.197291528155560753e-03 9.183751506780312573e-03 9.197409968320156837e-03 9.195013032324715965e-03 9.207364355928249547e-03 9.218185687215059432e-03 9.219075500159719383e-03 9.182488693513169570e-03 9.190234931731404086e-03 9.273845453710700265e-03 9.192093364206529657e-03 9.228258758841261997e-03 9.197739862108257961e-03 9.195891405488881495e-03 9.195121377970202556e-03 9.203180968901117365e-03 9.200732354461848422e-03 9.201160871417613310e-03 9.208045090190858026e-03 9.219592808574322493e-03 9.198080113146824346e-03 9.221701548675360904e-03 9.183460212632625977e-03 9.181340237854348704e-03 9.209389955751384402e-03 9.186504493888360615e-03 9.184491818688644144e-03 9.197667272031180216e-03 9.214890585624557415e-03 9.204209630285006133e-03 9.236398325622122846e-03 9.219748263961444548e-03 9.174646359698080192e-03 9.197551427526000703e-03
8.980647120215632176e-03 8.974439282696899597e-03 8.974270726915868981e-03 0.000000000000000000e+00 8.979267757003960362e-03 8.991555545431845556e-03 8.983190925989169295e-03 8.986932664995776754e-03 9.000352215524401803e-03 9.162903606429151707e-03 9.161167299841762104e-03 9.170572811209287342e-03 9.185075206575724419e-03 9.197313935982692756e-03 9.208950969532354175e-03 8.990254178187625719e-03 9.167554620993022263e-03 9.177979296323982017e-03 9.165280393968279482e-03 9.190262235693972409e-03 9.199089908386592213e-03 9.186875154681656969e-03 9.206404384439235283e-03 9.175539655288432808e-03 9.025933027627617081e-03 9.181300891946939796e-03 9.195265880767499941e-03 9.210525869418381695e-03 9.176546038836079153e-03 9.204095171349587975e-03 9.162783528757326851e-03 8.990023218457937268e-03 9.149710869886853656e-03 9.166527582513541578e-03 9.185713981333987893e-03 9.168978545731872390e-03 9.214798657121374414e-03 8.997289122976832171e-03 9.154509225799876970e-03 9.157057900478148341e-03 9.167087187782979249e-03 9.158862056366985985e-03 9.188292320075895289e-03 9.178962347912336672e-03 9.034909406372111998e-03 9.219905143752772300e-03 9.188803163549488784e-03 9.193087516024085401e-03 9.165230913997915452e-03 9.182518701714955864e-03 9.192800930525638417e-03 9.159761510443110294e-03 9.193654708852356042e-03 9.008106428982554439e-03 9.154655557903887408e-03 9.175613854509767631e-03 9.182838124268045965e-03 9.177043859387157970e-03 9.198491655409292422e-03 9.179990524605540284e-03 9.182606774390214555e-03 9.180722639035706831e-03 9.187775469419557500e-03 9.203767019211913161e-03 9.185735785485727237e-03 9.198759988617841166e-03 9.195180719940928768e-03 9.178183863353174890e-03 9.192180668506355623e-03 9.194700280777465609e-03 9.207402930839306623e-03 9.213190189803517963e-03 9.214670448577138434e-03 9.176461467610929484e-03 9.184952112845021222e-03 9.269914116045125524e-03 9.187863370758476977e-03 9.225316896886617823e-03 9.197304448413313321e-03 9.191326856188127004e-03 9.189496413043713938e-03 9.197980604035715241e-03 9.192507889260436924e-03 9.192265272178559016e-03 9.199588051660404983e-03 9.214689822413288378e-03 9.202758171979553981e-03 9.219159331270307400e-03 9.183578588969749240e-03 9.175394491956277709e-03 9.200229871160389358e-03 9.177454623626967595e-03 9.178505487149699049e-03 9.192323548036791803e-03 9.206558487960104717e-03 9.204176789578865509e-03 9.232982294561818334e-03 9.215082835087215832e-03 9.178771523485777795e-03 9.193752363593819463e-03
9.142013492659839188e-03 8.975251726090623453e-03 8.982944920048845788e-03 8.979267757003960362e-03 0.000000000000000000e+00 8.978198823676840010e-03 9.150906860739462662e-03 8.993829240139450051e-03 8.989963546666345992e-03 9.172685156528267644e-03 9.167040228134536867e-03 9.176305939415157695e-03 9.190919840930011908e-03 9.203307105165873386e-03 9.212298483018048142e-03 9.157280617119631719e-03 9.173082195488445681e-03 9.185448251813672915e-03 9.170890756127626775e-03 9.192408382786882923e-03 9.203601412658664674e-03 9.197222888177475700e-03 9.215634287836019234e-03 9.181714079783456425e-03 9.034127267232829051e-03 9.190602395037212116e-03 9.202890749559149153e-03 9.212594984540418974e-03 9.182892948653596440e-03 9.208250853703258548e-03 9.011990666687124882e-03 9.002200104432015251e-03 9.167208505351369732e-03 9.175327978183439245e-03 9.198920098657404482e-03 9.155811835657855224e-03 9.200164006409407985e-03 9.011843477132654850e-03 9.164909679909015103e-03 9.170905993835866063e-03 9.181206541502139051e-03 9.163580887551470849e-03 9.194389121710676988e-03 9.180974595456815532e-03 9.191974822359016278e-03 9.223582477968141763e-03 9.201901998620086107e-03 9.205589694879383333e-03 8.997387097449398297e-03 9.177424726552030343e-03 9.177618025305232102e-03 9.149684360566848890e-03 9.187039624904495480e-03 8.997715068847451925e-03 8.987031595817466037e-03 9.005847720265832204e-03 9.172470233922508376e-03 9.011073171005318933e-03 9.196037296008981871e-03 9.183870221920785795e-03 9.186777147710260827e-03 9.184984564143006819e-03 9.192103324513499485e-03 9.207850630212470813e-03 9.189818987136850331e-03 9.201380684461519036e-03 9.193119957276367146e-03 9.182439332104696747e-03 9.191994486674277473e-03 9.188392124248731183e-03 9.205437103918683028e-03 9.217270899635969517e-03 9.218385458818530859e-03 9.180190721158713874e-03 9.188264914093876787e-03 9.254705676118473931e-03 9.190242481362038279e-03 9.227333616958434750e-03 9.190595670516004886e-03 9.172653118855105675e-03 9.193136890945800832e-03 9.196125093247485560e-03 9.195090889198198961e-03 9.199471242381943373e-03 9.206348058422839098e-03 9.218464731268676687e-03 9.191639202434350245e-03 9.213728814895674399e-03 9.169102528989838199e-03 9.179099248083057161e-03 9.201138214870573789e-03 9.171264620009165688e-03 9.181358305918910570e-03 9.190946572937060827e-03 9.213466264807974176e-03 9.198321005455147373e-03 9.231450454796697250e-03 9.219155262436823720e-03 9.009300411622593249e-03 9.182420537053030685e-03
8.988151712587441958e-03 8.983299912905865631e-03 8.987621780701620863e-03 8.991555545431845556e-03 8.978198823676840010e-03 0.000000000000000000e+00 9.163411665694704000e-03 9.147947828082415161e-03 8.992904934011855186e-03 9.188934008079938792e-03 9.180441191341809706e-03 9.185507869596315836e-03 9.203402485281775985e-03 9.215154550554893048e-03 9.214169736337058519e-03 9.015684788537843899e-03 9.183238392345069445e-03 9.192370609233013051e-03 9.184322235912627946e-03 9.191237798805295886e-03 9.215061818660446810e-03 9.205108895544799816e-03 9.218824943637172337e-03 9.195063406727843960e-03 9.189731983401555962e-03 9.194201803923598634e-03 9.197898413692937036e-03 9.053139879057458747e-03 9.178858189640244289e-03 9.210596992425034227e-03 9.012968017457932343e-03 9.005317880565834321e-03 9.172316361829257331e-03 9.190958064899532737e-03 9.208695566587413520e-03 9.012300985987957078e-03 9.193393451062771560e-03 9.169921466668659593e-03 9.174480749961669637e-03 9.180827154890443265e-03 9.193595760278018211e-03 9.020234922780397471e-03 9.196974729185750097e-03 9.022298114816175441e-03 9.189799890862802162e-03 9.219325899780391256e-03 9.205665307982368803e-03 9.211561212986725533e-03 8.991210919195684326e-03 9.164385556477744679e-03 9.180233377884672655e-03 9.000658523232623817e-03 9.190184213130701135e-03 9.005391486762747907e-03 8.991388919572559923e-03 9.007565632311141310e-03 9.175905513648644277e-03 9.006250937195628761e-03 9.202641616769740435e-03 9.188677838552088140e-03 9.191147984339289104e-03 9.193539204554485034e-03 9.200073524034312056e-03 9.215162799139021282e-03 9.198517861789908337e-03 9.204221735134170829e-03 9.200226218974469350e-03 9.191232722806766398e-03 9.199930764231138702e-03 9.191496383100537793e-03 9.207970001189386480e-03 9.219806446062045469e-03 9.220811819049296032e-03 9.188759191152024233e-03 9.196412807067982920e-03 9.250968265679971117e-03 9.196533441391952293e-03 9.228245064562944772e-03 9.188597525894312210e-03 9.178489205908963236e-03 9.201475027279035560e-03 9.203251160474851256e-03 9.197056992912216317e-03 9.206044535566431514e-03 9.208579522833213946e-03 9.220609752901337899e-03 9.192796321458425457e-03 9.213810398394035872e-03 9.174708094787093274e-03 9.187772671720859791e-03 9.204519470571681863e-03 9.178746712647498085e-03 9.189863817676833732e-03 9.193701699865240717e-03 9.215317571079044076e-03 9.192261999259916314e-03 9.224747211648133202e-03 9.220892635343978447e-03 9.010535418172139349e-03 9.184300844129906008e-03
8.989599649030120473e-03 9.137640705741554431e-03 8.983287710313769131e-03 8.983190925989169295e-03 9.150906860739462662e-03 9.163411665694704000e-03 0.000000000000000000e+00 8.990656767319969364e-03 9.013272417566732184e-03 8.994923903790176534e-03 9.155877736101375799e-03 9.164469381802065398e-03 9.181726634795366743e-03 9.186127162010098574e-03 9.203412705367725391e-03 8.987913163785098483e-03 9.165908408499534935e-03 9.014397845488837310e-03 9.160027754972556099e-03 9.186292702926169076e-03 9.188595441495165869e-03 9.168168606968542245e-03 9.195298389657999630e-03 9.161186239347215640e-03 9.025683872204393401e-03 9.174500437096534677e-03 9.197332921825222829e-03 9.220488444945284384e-03 9.183540479696506928e-03 9.198431908988786987e-03 9.181997976659845781e-03 8.992952420639920702e-03 8.985394383786140735e-03 9.159543155798035088e-03 9.168180425196301511e-03 9.174076240712271055e-03 9.211984797837535072e-03 8.986668328769686562e-03 8.987437835661696989e-03 8.989585185886966867e-03 8.994169073513587354e-03 9.157760562687881564e-03 9.175262134300648728e-03 9.191022135895251730e-03 9.182906671737434134e-03 9.221577232657041101e-03 9.182386883941864864e-03 9.041657008974067836e-03 9.179083376058556898e-03 9.186876701437069956e-03 9.202638078641890707e-03 9.173951778794466050e-03 9.199871548597075843e-03 9.175500783130764726e-03 9.172803845276663107e-03 9.193230923872265301e-03 9.188993624260410192e-03 9.194425964118749239e-03 9.199498716476973634e-03 9.184684872789436461e-03 9.186443882049637188e-03 9.184303050564706500e-03 9.190689417011118495e-03 9.205644134364261710e-03 9.184654530760578278e-03 9.200980573728685316e-03 9.200701725978590109e-03 9.182042195034200230e-03 9.195768811058362829e-03 9.198725278532127528e-03 9.202862850638765177e-03 9.212603066191536391e-03 9.213705702045493773e-03 9.181634699189655108e-03 9.189156919485338970e-03 9.278723110292352513e-03 9.190876169825688835e-03 9.223587406386155735e-03 9.205857446194325860e-03 9.201946580447008944e-03 9.193708865877199890e-03 9.202797643519453410e-03 9.204348155562803308e-03 9.199219997137330837e-03 9.203246750112106106e-03 9.214372651836409689e-03 9.199562153376467447e-03 9.221718592134586431e-03 9.188821018045623817e-03 9.180519270850583113e-03 9.209422546127950249e-03 9.187323788984879877e-03 9.183854215519151112e-03 9.201731788236699322e-03 9.210218731091093097e-03 9.212143052270865481e-03 9.235377558794317585e-03 9.213893897564034291e-03 9.192432025732659440e-03 9.198799344240917580e-03
8.998758279465890464e-03 8.985577018186781742e-03 8.985341015233036174e-03 8.986932664995776754e-03 8.993829240139450051e-03 9.147947828082415161e-03 8.990656767319969364e-03 0.000000000000000000e+00 8.990435905303005917e-03 9.020169885016183359e-03 9.183397217466403653e-03 9.186817203938288032e-03 9.200625937932561949e-03 9.203832172253593666e-03 9.223308705495371698e-03 9.002890441410513547e-03 9.186075431167478600e-03 9.013960133387805690e-03 9.179188600275351578e-03 9.198480414518065904e-03 9.204434339785089875e-03 9.196864980949010296e-03 9.218670822103296886e-03 9.183488256068761749e-03 9.016696375438660455e-03 9.194257585599075258e-03 9.208185973476251673e-03 9.218434543014240520e-03 9.191643836281147839e-03 9.221458759103257768e-03 9.173456779564437280e-03 8.988416961395975791e-03 9.001800489532670382e-03 9.018323854449976015e-03 9.190101732601324222e-03 9.016009034881375742e-03 9.207744154212391466e-03 8.998655862329530200e-03 9.164510450243303422e-03 9.170686414254763247e-03 9.014327696037915602e-03 9.015516625292320854e-03 9.188261907075336368e-03 9.195350178921800691e-03 9.041077231436597111e-03 9.231823941593579261e-03 9.199756070989297679e-03 9.210401322761803400e-03 9.013880476953776977e-03 9.183601427808385509e-03 9.202318574274835281e-03 9.177076930908759089e-03 9.205298836384875200e-03 9.028688058914052447e-03 9.167979674354197195e-03 9.025824499388577365e-03 9.194547430245447739e-03 9.177597502769373888e-03 9.216022814930124180e-03 9.207044088260580433e-03 9.209123183592782952e-03 9.207436004410747207e-03 9.213571101216460821e-03 9.226899847132371407e-03 9.206668790773276170e-03 9.215629850582003624e-03 9.211744376863412881e-03 9.205144944727539427e-03 9.216735524912538988e-03 9.200994098347925823e-03 9.211485045911252389e-03 9.235703571375840359e-03 9.235977198786745127e-03 9.203360171806694578e-03 9.210695278592759619e-03 9.274842355533484753e-03 9.205493800599488102e-03 9.237929681834660539e-03 9.197056205451704589e-03 9.047236379000903744e-03 9.211550170836486223e-03 9.214469459136108778e-03 9.214379159586923509e-03 9.211941435469592210e-03 9.217658302884287197e-03 9.236209250174322663e-03 9.189191232335471374e-03 9.224095837233379711e-03 9.031442280938066849e-03 9.202327215013345399e-03 9.219317874818307515e-03 9.197958112799543146e-03 9.201492744812255625e-03 9.212130365089655354e-03 9.227374662790256699e-03 9.204269064647867954e-03 9.238209574508993160e-03 9.235719229767840044e-03 9.023839768272024636e-03 9.194759737954080053e-03
9.003148390499256942e-03 8.994752128940838865e-03 8.991498802677773752e-03 9.000352215524401803e-03 8.989963546666345992e-03 8.992904934011855186e-03 9.013272417566732184e-03 8.990435905303005917e-03 0.000000000000000000e+00 9.181180540291074624e-03 9.188896384626993666e-03 9.193058625492574881e-03 9.205947476482199965e-03 9.212103010608546291e-03 9.209421475320812844e-03 9.168422192087572267e-03 9.187461728229782965e-03 9.021273577669519650e-03 9.183896538466391687e-03 9.030440570367089317e-03 9.199843647794634857e-03 9.214945404513145630e-03 9.223158823381533492e-03 9.198009076877428081e-03 9.031895087437975117e-03 9.210846708513804881e-03 9.208708734515097527e-03 9.205941117436271248e-03 9.180515175957049481e-03 9.215716365715059463e-03 9.177440985148865513e-03 9.010667339015761626e-03 9.171355344343181532e-03 9.031494340471896490e-03 9.214753962427829279e-03 8.993254438330188991e-03 9.037421095582476305e-03 9.173133060118705134e-03 9.183358856850329377e-03 9.191831163582155767e-03 9.184272681272481406e-03 9.034018401436720233e-03 9.210706813949226524e-03 9.190118760374730786e-03 9.199799465479092594e-03 9.231535475356593412e-03 9.212067134181923383e-03 9.211561313619196639e-03 8.984365695615115222e-03 9.172961734696262470e-03 9.187255902787242606e-03 9.167143024840330306e-03 9.048890777888778103e-03 9.171836662736198437e-03 9.011515259116392729e-03 9.005826588709161043e-03 9.180161744706247240e-03 9.014175252082179055e-03 9.194377082941098539e-03 9.204872050005460937e-03 9.206666087446446420e-03 9.205637176212555853e-03 9.204245020593981169e-03 9.224103249216179801e-03 9.204367611509705477e-03 9.200959503526919686e-03 9.204369592742811870e-03 9.203334020786222217e-03 9.206994244309513187e-03 9.028050544767874178e-03 9.188972853114135003e-03 9.234167615513138444e-03 9.226186514157594040e-03 9.198235457728673459e-03 9.204925261206762035e-03 9.261128974286676058e-03 9.187067557719971050e-03 9.224506887423824034e-03 9.195242190046913275e-03 9.185144777293832719e-03 9.209441823702693361e-03 9.203498136331242363e-03 9.216704081779868510e-03 9.214934539484125053e-03 9.223460502460022539e-03 9.227652159955367778e-03 9.029864263562406568e-03 9.216924406524787394e-03 9.010303327282054645e-03 9.193435247661663548e-03 9.215666680266748276e-03 9.191720080900222731e-03 9.202558822393337029e-03 9.213814550343920468e-03 9.230294831164225985e-03 9.205316651229174599e-03 9.236365564049149254e-03 9.228111148467095168e-03 9.003991517039323933e-03 9.178271713974513191e-03
9.172469071027748722e-03 9.166955068305447304e-03 9.163302825141104654e-03 9.162903606429151707e-03 9.172685156528267644e-03 9.188934008079938792e-03 8.994923903790176534e-03 9.020169885016183359e-03 9.181180540291074624e-03 0.000000000000000000e+00 8.988036370101572248e-03 8.995674514042791350e-03 9.162318709989023327e-03 9.169584292491095301e-03 9.190758872132729143e-03 9.159349764731402124e-03 9.152540759920247196e-03 9.027549192724602933e-03 9.149944166707398019e-03 9.187198855448570206e-03 9.022672417937473502e-03 9.164351762463329720e-03 9.187133957737080719e-03 8.984369796513683865e-03 9.008458817863350399e-03 9.009043001563143277e-03 9.186790152439186508e-03 9.213470762145327397e-03 9.177746306758148911e-03 9.193940786212564942e-03 9.181822154413505493e-03 9.163880311496902173e-03 9.144671687150761688e-03 9.157086069650134663e-03 9.022615113920322283e-03 9.178050302683813874e-03 9.213027994695607500e-03 8.991506648998327106e-03 8.982793799229286252e-03 8.984426245786205842e-03 8.992314040683131726e-03 9.006742582263436991e-03 9.018125784422306723e-03 9.189243236499531481e-03 9.184124122577826468e-03 9.220744820953885937e-03 9.186591782476551463e-03 9.183703497517552855e-03 9.196938984628845459e-03 9.189225989702369188e-03 9.202074774530962994e-03 9.182845510564380948e-03 9.206416633643169437e-03 9.184906008260227198e-03 9.182235326200801143e-03 9.197689737808260879e-03 9.193272151731218464e-03 9.206220336926217163e-03 9.198631881150999903e-03 9.183018878554764786e-03 9.187590112581901086e-03 9.181607781868680526e-03 9.188010705338638118e-03 9.193309765342525669e-03 9.023961091907530679e-03 9.188985817253674665e-03 9.203322890826039562e-03 9.176151240187698302e-03 9.186039364158885348e-03 9.200936173699015078e-03 9.191852953048067904e-03 9.215287686150432436e-03 9.215752062015579102e-03 9.184760287097816153e-03 9.183539774923742474e-03 9.273973715267235657e-03 9.184002687256907771e-03 9.209701352089707041e-03 9.192408229480936860e-03 9.205484246418205174e-03 9.195477640005363454e-03 9.205034909869279705e-03 9.201762960360798313e-03 9.194401261219072030e-03 9.200581705531530111e-03 9.214379445161562099e-03 9.047396870862905310e-03 9.209023277664422913e-03 9.191137470961946790e-03 9.183651406342502321e-03 9.211851323021975554e-03 9.190407867952766346e-03 9.187083275734501606e-03 9.203335707148031092e-03 9.207221182121402836e-03 9.198243025796304373e-03 9.223658840424120084e-03 9.209461757544836272e-03 9.197355552622186667e-03 9.196386685299363234e-03
9.171643469400300036e-03 9.166621840626503967e-03 9.166355744141443940e-03 9.161167299841762104e-03 9.167040228134536867e-03 9.180441191341809706e-03 9.155877736101375799e-03 9.183397217466403653e-03 9.188896384626993666e-03 8.988036370101572248e-03 0.000000000000000000e+00 8.976924796285078514e-03 8.988871480465432037e-03 9.005219103563926603e-03 9.180484760570546687e-03 9.167145951985063504e-03 9.134386961530368762e-03 9.183105697840589568e-03 9.136612812401832123e-03 9.176932937750747338e-03 9.008638620392596039e-03 9.159264849615184056e-03 9.024680486992075340e-03 8.981832226985455095e-03 9.028257152314275377e-03 9.005322170949838986e-03 9.178215423550682359e-03 9.214824219623015886e-03 9.165705129413717275e-03 9.175092765417156015e-03 9.183104238569774272e-03 9.181875203772553451e-03 9.163532334122757514e-03 9.156300842791991607e-03 9.176722880284425218e-03 9.175999778078175462e-03 9.212448178980661706e-03 9.162078428742002553e-03 9.141632667841403936e-03 8.988802023359283855e-03 9.155138694591457432e-03 9.170468744543953596e-03 9.181428798238459865e-03 9.184181071322509993e-03 9.193670878016672529e-03 9.215319735194885467e-03 9.172926779545110404e-03 9.180667296535723054e-03 9.196726496754147051e-03 9.184438239389967548e-03 9.190559596542923620e-03 9.165583855582283557e-03 9.190391713623952477e-03 9.171962984271676833e-03 9.165543535194114674e-03 9.191982629419651399e-03 9.180589871919631398e-03 9.192956965600693545e-03 9.189551924324728532e-03 9.167643209095611978e-03 9.165297699661253614e-03 9.158727335376372694e-03 9.165314062652231419e-03 9.168852323468068208e-03 9.155118083957617184e-03 9.169427596319031440e-03 9.186966092540311754e-03 9.160308919549530957e-03 9.171285464922239103e-03 9.189102479295720508e-03 9.188279090852661049e-03 9.192539180976351532e-03 9.189289038302605669e-03 9.166305147852868429e-03 9.165482895562739388e-03 9.265115524524764751e-03 9.171536052967175015e-03 9.197114164659401722e-03 9.195440910759543340e-03 9.199081184356555640e-03 9.177872507610887465e-03 9.188051681116077632e-03 9.191262084521553341e-03 9.185795700858138957e-03 9.193447202898734696e-03 9.199016446964927707e-03 9.192226783412544427e-03 9.201747598846055781e-03 9.184901637283533760e-03 9.164767225968198025e-03 9.195910778151853565e-03 9.173323722053417645e-03 9.168832917080845316e-03 9.188096521146429593e-03 9.200964441697011276e-03 9.201013262081423477e-03 9.223668295222045566e-03 9.195186001164402934e-03 9.196129999158508470e-03 9.186030802616644564e-03
9.180094365154821065e-03 9.171821440716730611e-03 9.171697453912651746e-03 9.170572811209287342e-03 9.176305939415157695e-03 9.185507869596315836e-03 9.164469381802065398e-03 9.186817203938288032e-03 9.193058625492574881e-03 8.995674514042791350e-03 8.976924796285078514e-03 0.000000000000000000e+00 8.991798132480249492e-03 9.003419439248183317e-03 9.177939140009087199e-03 9.170429717840919426e-03 8.991133298016139655e-03 9.187724206961702528e-03 9.146322542367182548e-03 9.190680566330268822e-03 9.160972300510971875e-03 9.007408663193453013e-03 9.024267397311096228e-03 8.989371620488078793e-03 9.023213686948633808e-03 8.998365372772668125e-03 9.179790807087898422e-03 9.206410850257161493e-03 9.180843712391155778e-03 9.175887995485911344e-03 9.180769626491658980e-03 9.034766386557827045e-03 9.167306773885521703e-03 9.163132012708111521e-03 9.177809444387190554e-03 9.187543323148522970e-03 9.213250724356122912e-03 9.161758619011639571e-03 9.144068191039659774e-03 8.998387325138275730e-03 9.154324917203408851e-03 9.022292546982562875e-03 9.178095309883472011e-03 9.182580101620789123e-03 9.190583006989098969e-03 9.206156109255439826e-03 9.174887033688051974e-03 9.178631598944768377e-03 9.203400413512054928e-03 9.190980575614741271e-03 9.202741793499892922e-03 9.180044830340777090e-03 9.202097573568933028e-03 9.185654278906356038e-03 9.180140180366180153e-03 9.199446538973865550e-03 9.193767125097335527e-03 9.204539550715082341e-03 9.198257877682709110e-03 9.173523978768319265e-03 9.170078723671429982e-03 9.164157425213044494e-03 9.173268021171181175e-03 9.175025027753507673e-03 9.010068706620357262e-03 9.171982235619536433e-03 9.199389416222022650e-03 9.166351973349072882e-03 9.179490753577041265e-03 9.193227549698045759e-03 9.190898562208966310e-03 9.190057763416194583e-03 9.190020321759743982e-03 9.177327675319734909e-03 9.028857595827981947e-03 9.257195471222241095e-03 9.179029838789575999e-03 9.039501111570183781e-03 9.193373472701936097e-03 9.207000194340784691e-03 9.187139726891974112e-03 9.199980622550152018e-03 9.193941467293442402e-03 9.196515012687705645e-03 9.202775691886270343e-03 9.204035334128684090e-03 9.197400066593551526e-03 9.051485860270245404e-03 9.189118039521715353e-03 9.175659664306386881e-03 9.208293890330510045e-03 9.183601652084753819e-03 9.179678718221773864e-03 9.195351894139995597e-03 9.209522808289672541e-03 9.198253079269785165e-03 9.215296465546155003e-03 9.192146115305593196e-03 9.202966181100015117e-03 9.189858892762116371e-03
9.194426854163533641e-03 9.190043588885607115e-03 9.189547576632524015e-03 9.185075206575724419e-03 9.190919840930011908e-03 9.203402485281775985e-03 9.181726634795366743e-03 9.200625937932561949e-03 9.205947476482199965e-03 9.162318709989023327e-03 8.988871480465432037e-03 8.991798132480249492e-03 0.000000000000000000e+00 8.976666602660618791e-03 9.173545516730066685e-03 9.179674702269798384e-03 8.990201235881407904e-03 9.182752090296430678e-03 8.991863045441299274e-03 9.189811070930357928e-03 9.007155596991134675e-03 9.001745616852132106e-03 9.008178543829029050e-03 8.989925031014721346e-03 9.031038278963430393e-03 9.016303478138950125e-03 9.188214692412715809e-03 9.211633071432965766e-03 9.177498994146091049e-03 9.164041234739151234e-03 9.201425707561116524e-03 9.197475743396269984e-03 9.176378443586595199e-03 9.001729205016404875e-03 9.187059532847553431e-03 9.192333990247453929e-03 9.215474240591542757e-03 9.179301559298391408e-03 9.164887664772481887e-03 9.161433614606114342e-03 9.011794778589828081e-03 9.189541215367337534e-03 9.189933504862609140e-03 9.197919734699704433e-03 9.201295885037348923e-03 9.206377072869940947e-03 9.011012604470127266e-03 9.175568598295014491e-03 9.216530535129054472e-03 9.202712620552461892e-03 9.210872833704581222e-03 9.189621971713383616e-03 9.205569577997457439e-03 9.195439973141060486e-03 9.190402155526283118e-03 9.212001035023294204e-03 9.202017193329374914e-03 9.213478028400662670e-03 9.208373851559628967e-03 9.176341366075986550e-03 9.164321320350955410e-03 9.011868823217894162e-03 9.162539948242008278e-03 9.012689077411571020e-03 9.153660764891819249e-03 9.018559733659390829e-03 9.206427510377127379e-03 9.164923930322371390e-03 9.176710853693439973e-03 9.194406455317750970e-03 9.187793312631871434e-03 9.032298367010327747e-03 9.024055641671753503e-03 9.188761492751912341e-03 9.181491995686998087e-03 9.253305921374556375e-03 9.177479687401807890e-03 9.031025390090735572e-03 9.208847609096494635e-03 9.219158786504810799e-03 9.186450857782689147e-03 9.195492728263041440e-03 9.200537860178268842e-03 9.191943963699038267e-03 9.197619232574574810e-03 9.192549509003522870e-03 9.204192027699110296e-03 9.197530077008386415e-03 9.196885225746886591e-03 9.186604574497022127e-03 9.215539108885659192e-03 9.196217861824366666e-03 9.191622484092283607e-03 9.203302159173344654e-03 9.208398339922752723e-03 9.209821512730458765e-03 9.215432872960855476e-03 9.184167058141824713e-03 9.215252542136842528e-03 9.200960336640034640e-03
9.202140504830532558e-03 9.198564611419100465e-03 9.194260272236583209e-03 9.197313935982692756e-03 9.203307105165873386e-03 9.215154550554893048e-03 9.186127162010098574e-03 9.203832172253593666e-03 9.212103010608546291e-03 9.169584292491095301e-03 9.005219103563926603e-03 9.003419439248183317e-03 8.976666602660618791e-03 0.000000000000000000e+00 9.016303750614159188e-03 9.186422577845621690e-03 8.995198891594275228e-03 9.026225913634253889e-03 8.992656415874348760e-03 9.187600971698350882e-03 8.996575707013598419e-03 9.011535099981067901e-03 9.004255445113984804e-03 9.004521521310274168e-03 9.034875536695923318e-03 9.168593925906133937e-03 9.049097238379478353e-03 9.215041520290435939e-03 9.183326273578195156e-03 9.014978013218898079e-03 9.215112668864010315e-03 9.200495215000097093e-03 9.030587999951645434e-03 9.004485188052614719e-03 9.186236854362799659e-03 9.195396356818244868e-03 9.212068572542378431e-03 9.190155341983979528e-03 9.177391737401847938e-03 9.170464947990147886e-03 9.014262485445852235e-03 9.196331683561100381e-03 9.196524158486152345e-03 9.204867144551855118e-03 9.206857194363465141e-03 9.209796016884770620e-03 9.017089357622907683e-03 9.177393885179218821e-03 9.222708638781069307e-03 9.198400771320053640e-03 9.222562386322640665e-03 9.202763100755103134e-03 9.213847221960625930e-03 9.208666095078442415e-03 9.203643917385317952e-03 9.222905460700260918e-03 9.210535906599969305e-03 9.224091297610917048e-03 9.215939894001384455e-03 9.188477664775148573e-03 9.171980012898277648e-03 9.019501655428328879e-03 9.012602689735168052e-03 9.006978951122806068e-03 9.003285480451652181e-03 9.012060530864651406e-03 9.218493280265001658e-03 9.172745331141587619e-03 9.183860065521297009e-03 9.196899737603063396e-03 9.184679620905845249e-03 9.187143443378618587e-03 9.024896222035847307e-03 9.202181391408490937e-03 9.189865734334154435e-03 9.257509916134947989e-03 9.179764753569446406e-03 9.034109116628797134e-03 9.219423168871304988e-03 9.230805645756519351e-03 9.201902247583345837e-03 9.210129230844160686e-03 9.215175842825407485e-03 9.203335218593740319e-03 9.204497796957594388e-03 9.194805835217145784e-03 9.204859557850927909e-03 9.201087190696826540e-03 9.206559979342133007e-03 9.196249789373528438e-03 9.227648246231352769e-03 9.209189899468148838e-03 9.205005552824906123e-03 9.218885297075912061e-03 9.219197452715691479e-03 9.216104269349399691e-03 9.219945729919788030e-03 9.189288834030693784e-03 9.222000430199781343e-03 9.207547396175783105e-03
9.199798366101618122e-03 9.212262287936213642e-03 9.208257035869901741e-03 9.208950969532354175e-03 9.212298483018048142e-03 9.214169736337058519e-03 9.203412705367725391e-03 9.223308705495371698e-03 9.209421475320812844e-03 9.190758872132729143e-03 9.180484760570546687e-03 9.177939140009087199e-03 9.173545516730066685e-03 9.016303750614159188e-03 0.000000000000000000e+00 9.205726265915682716e-03 9.181974576629082022e-03 9.032212654850803324e-03 9.026090396854107370e-03 9.000026046092594531e-03 9.000728172177910325e-03 9.191717152255007503e-03 9.018255679254381235e-03 9.192432355175838773e-03 9.046302365856281891e-03 9.030702105006638628e-03 9.182869815683085066e-03 9.027176764935296999e-03 8.997951059106817223e-03 8.991116881105059092e-03 9.192381841041466842e-03 9.212946961290484349e-03 9.204274633602743325e-03 9.192617896843207487e-03 9.200956012815878285e-03 9.179184404307519710e-03 9.011874742823571330e-03 9.218809711372854404e-03 9.203112002608208192e-03 9.203093586682361410e-03 9.200874714858104514e-03 9.207074358911429210e-03 9.207035115078971224e-03 9.029298194988882517e-03 9.191991885438396265e-03 9.031986645772894021e-03 9.189758115618871376e-03 9.025162876138354343e-03 9.202300621133203962e-03 9.017633905332039096e-03 9.214132500832831682e-03 9.210381721859955614e-03 9.218638561727925812e-03 9.216407188309969425e-03 9.211523978967801896e-03 9.208867952563990281e-03 9.212083513596763459e-03 9.211462197858432885e-03 9.197494058844377790e-03 9.193532253641924223e-03 9.175847769318094468e-03 9.179628347485901604e-03 9.024929016387050681e-03 9.017027430616181977e-03 9.020260516707024820e-03 8.985986030764636992e-03 9.223877468443643368e-03 9.183351703638775038e-03 9.192444814641079556e-03 9.188168941039130330e-03 9.012129534514148888e-03 9.191366294451131305e-03 9.020070164051138817e-03 9.207685243509325726e-03 9.048335925450212355e-03 9.234118557564462842e-03 8.999785548364901827e-03 9.005144095141130733e-03 9.200166005292885127e-03 9.225878061233462601e-03 9.207137192791354716e-03 9.211853326457939556e-03 9.207336877052958030e-03 9.216445463218444697e-03 9.200672023672929953e-03 9.194364154577977163e-03 9.013599453529542657e-03 9.013081410753307279e-03 9.175838455969092741e-03 9.202520188994846306e-03 9.224902775660123039e-03 9.212129383032485394e-03 9.209848424904376954e-03 9.211670052032142411e-03 9.217765339656805446e-03 9.187334205806623605e-03 9.194938375848164813e-03 9.184797499830199552e-03 9.203581441521509199e-03 9.030389237876383299e-03
8.995432575694826266e-03 8.997405776323312912e-03 8.993379184366996626e-03 8.990254178187625719e-03 9.157280617119631719e-03 9.015684788537843899e-03 8.987913163785098483e-03 9.002890441410513547e-03 9.168422192087572267e-03 9.159349764731402124e-03 9.167145951985063504e-03 9.170429717840919426e-03 9.179674702269798384e-03 9.186422577845621690e-03 9.205726265915682716e-03 0.000000000000000000e+00 9.174034886449066242e-03 9.020421030348873409e-03 9.174894655758344605e-03 9.193802581041630659e-03 9.200937973904936909e-03 9.009637253342668919e-03 9.032379830745045773e-03 9.178460900583308713e-03 9.173838162469426932e-03 9.026855144465249087e-03 9.183499333368852838e-03 9.212054137000862813e-03 9.185879566238093832e-03 9.192557061663659060e-03 9.173992438918037937e-03 8.992485223146424664e-03 8.987629285939257098e-03 9.165086359371932626e-03 9.011498668650806329e-03 9.182837788940712356e-03 9.214017174622054357e-03 8.992145172341241971e-03 9.148726462993956796e-03 9.000784542784238951e-03 8.998669460153293012e-03 9.164401868953684152e-03 9.175687535946474779e-03 9.186296918064983455e-03 9.026282491084754514e-03 9.055758173144775117e-03 9.019391441263622730e-03 9.172739983975063821e-03 9.176509315747484810e-03 9.183118305190706571e-03 9.207551888734129275e-03 9.177584666705656744e-03 9.211141339108400161e-03 9.178637875072680891e-03 9.179759025821377164e-03 9.197762701537189403e-03 9.194878712930265249e-03 9.050866070679753142e-03 9.205715044649294410e-03 9.195135100531069694e-03 9.191972283411403363e-03 9.194043738327953297e-03 9.195873341900619169e-03 9.209489547401288750e-03 9.198423089554470453e-03 9.204957944376743195e-03 9.209227362305737880e-03 9.192973017692292192e-03 9.202009092982505953e-03 9.206990660908366195e-03 9.207618343286811183e-03 9.205774344823221961e-03 9.210422294790784892e-03 9.192509279141152650e-03 9.199591852886004895e-03 9.274118292992787616e-03 9.199244979382476678e-03 9.219521231959867599e-03 9.208018378735489257e-03 9.206449355614069671e-03 9.203838512739091413e-03 9.211365418863710214e-03 9.202609697694697638e-03 9.194907124985282967e-03 9.197043745702609269e-03 9.207312833034565422e-03 9.216336755990831020e-03 9.213372381011606868e-03 9.197606536568864524e-03 9.191840637732637265e-03 9.217600032668278945e-03 9.194046229881463680e-03 9.194659151254136811e-03 9.205362097103122337e-03 9.203690015662738949e-03 9.206131999205963840e-03 9.219003940871762365e-03 9.199001765753753862e-03 9.193169231617576848e-03 9.203390832789174955e-03
