0.000000000000000000e+00 6.484360164887297169e-03 6.486556052891226214e-03 6.486072684868525451e-03 6.487338664170907120e-03 6.486091262130668118e-03 6.486203787913781375e-03 6.485153273482965885e-03 6.486086882280816396e-03 6.486104396744438866e-03 6.486088606856039475e-03 6.487090316481505109e-03 6.476290147533488029e-03 6.486090887988646934e-03 6.486090810535873573e-03 6.486088094495789762e-03 6.486221562676188108e-03 6.486090930147514477e-03 6.486109273246176005e-03 6.486066305003528043e-03 6.486088401822224896e-03 6.486069033173090699e-03 6.486090981359838789e-03 6.486336752216733011e-03 6.486111665936115413e-03 6.486066690650897117e-03 6.486090659555907197e-03 6.486092110250276516e-03 6.486089804690449261e-03 6.486107287918656435e-03 6.486240243808259059e-03 6.486092631192728018e-03 6.486292306345617549e-03 6.486090380650020963e-03 6.486223384414851675e-03 6.486090749245456387e-03 6.486093328123521476e-03 6.486220360323571334e-03 6.476293524248052241e-03 6.486108814790325465e-03 6.486090830971635163e-03 6.486085791076798626e-03 6.486114617886908594e-03 6.484359858966988986e-03 6.486088173009046422e-03 6.487231664879285729e-03 6.486086089200144081e-03 6.486086316300420165e-03 6.486090180634818646e-03 6.486112235188926968e-03 6.486088507127988137e-03 6.486086102013829090e-03 6.486093467288454525e-03 6.487071771601311994e-03 6.487207951237962573e-03 6.486086028275345888e-03 6.485775528554166627e-03 6.486243792724077396e-03 6.487201853146723138e-03 6.486109639802564546e-03 6.486204037609499470e-03 6.486091066912671836e-03 6.487202186602140062e-03 6.486088035090727295e-03 6.486107222852997845e-03 6.486090647192576351e-03 6.476290695916643754e-03 6.486096815119106115e-03 6.486085262680726937e-03 6.486373408279497155e-03 6.486110576620930483e-03 6.486086845309580427e-03 6.486072026181606207e-03 6.486089226038545090e-03 6.486114394147442404e-03 6.486221836397143732e-03 6.486228138881689267e-03 6.486088152984864456e-03 6.486095747723682331e-03 6.487070535236471626e-03 6.486091789403763096e-03 6.485744655841978699e-03 6.486225788275644388e-03 6.486085060373087546e-03 6.487212748299981020e-03 6.486095953218834476e-03 6.486114346576404149e-03 6.487072151357687645e-03 6.487116895670904000e-03 6.486244843027769505e-03 6.486091255301179755e-03 6.486093005944181845e-03 6.486105733077852584e-03 6.486267191536688841e-03 6.486093844467442221e-03 6.486091629074274695e-03 6.486110668409849830e-03 6.486069182913578070e-03 6.486142274179191800e-03 6.486078034221948348e-03 6.487051473567670944e-03 6.486088283902363520e-03 6.486223779062154360e-03 6.486220746903834794e-03 6.486111269649815630e-03 6.486088460287518266e-03 6.487073015155661766e-03 6.486089719658256168e-03 6.486090114035774658e-03 6.486088114414883046e-03 6.486223264357356480e-03 6.486224224656740762e-03 6.486069807132970391e-03 6.486245184452992668e-03 6.486242030634122545e-03 6.486066350404955452e-03 6.486088764163210237e-03 6.487098912812926978e-03 6.486090702908608834e-03 6.486109947126021159e-03 6.486203575890813616e-03 6.486357452083215368e-03 6.486224126073786463e-03 6.485643183329333622e-03 6.486393216023208889e-03 6.486091285497064610e-03 6.486109421239816784e-03 6.486112234838152003e-03
6.484360164887297169e-03 0.000000000000000000e+00 6.487036227734209806e-03 6.486065991051379910e-03 6.487287554733820946e-03 6.486040113602528634e-03 6.486191116943039112e-03 6.486034365841062202e-03 6.486037448475905770e-03 6.484617223473087069e-03 6.484771415020781048e-03 6.487039110305391557e-03 6.486036269288159191e-03 6.486039748847348581e-03 6.486031271329750075e-03 6.486036947713092610e-03 6.486170418180833147e-03 6.486039710117370155e-03 6.486058136108546583e-03 6.486053107222716253e-03 6.486037268387340182e-03 6.486055909802736739e-03 6.486040680076589869e-03 6.486323347005549730e-03 6.484794766994216725e-03 6.486053554348676642e-03 6.486039512893327502e-03 6.486040964078575860e-03 6.481338439437247557e-03 6.486050111719838390e-03 6.486189120341077224e-03 6.486041473971479801e-03 6.486241179021188727e-03 6.486039241666037743e-03 6.486210241161663621e-03 6.486039589458496638e-03 6.486042314400405039e-03 6.484904369692747438e-03 6.486047402080313481e-03 6.486057650270396491e-03 6.486039740004747450e-03 6.486034641849848341e-03 6.486063443608111427e-03 6.486034416341315487e-03 6.486037028977317126e-03 6.487180639360475530e-03 6.486033738497912551e-03 6.486035176339311446e-03 6.486039836936656998e-03 6.486061093415654115e-03 6.486037372534016708e-03 6.486034955170247480e-03 6.486042358972730903e-03 6.487020684899466594e-03 6.487153343949435616e-03 6.486034886155943660e-03 6.486195023717554985e-03 6.486186740545730328e-03 6.487150725206413705e-03 6.486058418632810983e-03 6.486190530459332027e-03 6.486039926296204537e-03 6.487151265296140119e-03 6.486037697053499175e-03 6.486056078726010546e-03 6.486039485483586359e-03 6.486035688449857256e-03 6.486045282752535106e-03 6.486034922042810923e-03 6.486323068737579432e-03 6.486059429003697765e-03 6.486035696819442663e-03 6.486059410057823382e-03 6.486038077551031095e-03 6.486063245336568146e-03 6.486170691730338243e-03 6.486177012681348247e-03 6.486037015060455539e-03 6.486044605430795612e-03 6.487019415597311892e-03 6.486040642484597850e-03 6.486169365262895413e-03 6.486174832092264815e-03 6.486071864813516309e-03 6.487161668051239297e-03 6.486044827705384971e-03 6.486064032017631320e-03 6.487021084117959926e-03 6.487065792873208253e-03 6.486193682267622947e-03 6.486034080718976538e-03 6.486042049531317438e-03 6.486046189526210350e-03 6.486216926239575867e-03 6.486041638835616900e-03 6.481338445698327753e-03 6.486059535422284382e-03 6.486054662519852992e-03 6.486091127557996536e-03 6.486067059561331435e-03 6.487037994491452915e-03 6.483543878258580910e-03 6.486166668673637968e-03 6.486169602615577193e-03 6.486060121129117242e-03 6.486037312335117024e-03 6.487010068705926884e-03 6.486037232607873987e-03 6.486039094334540914e-03 6.486036956123976578e-03 6.486209542490425570e-03 6.486173081921595834e-03 6.486056608177924281e-03 6.486194020978670004e-03 6.486190890439615456e-03 6.486052828176199457e-03 6.486031710888652373e-03 6.487047795453228585e-03 6.486039555086515682e-03 6.486051979350791058e-03 6.486190074491521643e-03 6.485034873701327196e-03 6.486173188801435882e-03 6.486060562136016644e-03 6.486342076293565191e-03 6.486040145390938212e-03 6.486052384459026210e-03 6.486055062783119100e-03
6.486556052891226214e-03 6.487036227734209806e-03 0.000000000000000000e+00 6.487059522359384794e-03 6.488281156895376288e-03 6.487034421944405660e-03 6.486653648638952656e-03 6.486500163770240503e-03 6.487031757375160725e-03 6.487048290263825595e-03 6.487032587509715571e-03 6.488032992048607672e-03 6.487030672270855704e-03 6.487034028265690165e-03 6.487033986998819168e-03 6.487031258844655653e-03 6.487164351219829386e-03 6.487034063390995607e-03 6.487052093967787640e-03 6.487047416287586125e-03 6.487031549858753021e-03 6.487050101990098940e-03 6.487034797435928951e-03 6.487317478513064499e-03 6.487055627268460516e-03 6.487047863692450150e-03 6.487033829741676097e-03 6.487035280344524875e-03 6.487036407208865429e-03 6.487050450554066559e-03 6.487183299398918516e-03 6.487035800364132979e-03 6.487235383338732335e-03 6.487030914504344180e-03 6.487204438117716472e-03 6.487033910211651398e-03 6.487036515203557611e-03 6.487164028171331712e-03 6.487041832383754619e-03 6.487044693179511157e-03 6.487034008991753552e-03 6.487028953386482326e-03 6.487051552906449546e-03 6.487035674346689103e-03 6.487031310005186326e-03 6.486190700677970690e-03 6.487029269304882273e-03 6.487029455742823747e-03 6.487034055086032987e-03 6.487018091140653829e-03 6.486904792620972263e-03 6.487029274464763476e-03 6.487035830159454571e-03 6.486048290431201124e-03 6.486049401903064456e-03 6.487029192329808389e-03 6.487189284970637342e-03 6.487150017116247343e-03 6.488144170770782440e-03 6.487052779702399095e-03 6.487112242519695038e-03 6.486947152516978066e-03 6.488144785627194752e-03 6.487031643536796642e-03 6.487050272827720766e-03 6.487033765421879213e-03 6.487031596955683543e-03 6.487038970299019609e-03 6.487029239066502764e-03 6.487317197709152258e-03 6.487053734457952359e-03 6.487030014671014803e-03 6.487053707683124344e-03 6.487032116791333763e-03 6.487057551679876327e-03 6.487164937111011311e-03 6.487171235940105904e-03 6.486904450431476774e-03 6.487038922670786655e-03 6.488013204202385843e-03 6.487034958943520974e-03 6.487163783205090843e-03 6.487168787594138966e-03 6.487066160835682979e-03 6.486183449988898106e-03 6.487039042873176363e-03 6.487052127656329180e-03 6.488014111586258743e-03 6.488059530844094390e-03 6.487181707846532107e-03 6.487034421484049948e-03 6.487036261814013889e-03 6.487048901093116389e-03 6.418452921666785264e-03 6.487037027559601488e-03 6.487036497951846267e-03 6.487051246256866216e-03 6.487049969016980312e-03 6.487085416757167045e-03 6.487061361457756650e-03 6.488031019883353651e-03 6.487066216762120072e-03 6.487166860149589515e-03 6.487163842279738794e-03 6.487054409745264538e-03 6.487031629769062294e-03 6.488015591039022166e-03 6.487032869225730670e-03 6.477640779102756922e-03 6.487031281799220117e-03 6.486672213882665669e-03 6.487167287801229310e-03 6.487049862553483440e-03 6.487182034758803666e-03 6.487185119156163582e-03 6.487047197361506604e-03 6.487031938802592830e-03 6.488003843073121731e-03 6.487033872217346647e-03 6.487013804488917998e-03 6.487111789951637356e-03 6.487301306764821016e-03 6.487166515610048520e-03 6.487054795042324420e-03 6.487336226721135586e-03 6.486966653631902335e-03 6.487015753232821223e-03 6.487018244172798077e-03
6.486072684868525451e-03 6.486065991051379910e-03 6.487059522359384794e-03 0.000000000000000000e+00 6.487311381503727860e-03 6.486063972312941343e-03 6.486215070175238920e-03 6.486058307851325436e-03 6.486061311300293265e-03 6.486077961316716149e-03 6.486062136916980261e-03 6.487063040783432565e-03 6.486061258327353862e-03 6.486056002360022360e-03 6.486063526902495838e-03 6.486060804906272799e-03 6.486194273537432102e-03 6.486063644611087843e-03 6.486082001217761787e-03 6.486076971828781852e-03 6.486060972310098843e-03 6.486028293197592526e-03 6.486064617092295384e-03 6.486347224012288699e-03 6.486077703733400361e-03 6.486033541207728362e-03 6.486063369605590302e-03 6.486064823483015870e-03 6.486065953554197468e-03 6.486080000567144392e-03 6.486212953684034402e-03 6.486065347839494247e-03 6.486265018710616996e-03 6.486062046190675320e-03 6.486190237528140570e-03 6.486063456191354902e-03 6.486058553201940260e-03 6.486193993896518378e-03 6.473285130828971418e-03 6.486079759339145011e-03 6.479182582973018814e-03 6.486058500937659684e-03 6.486087323288709794e-03 6.486065434929235915e-03 6.486060868369611550e-03 6.482473579249897928e-03 6.486058816387037240e-03 6.486059001526336097e-03 6.486063560715249650e-03 6.486084951965736742e-03 6.486053549847774387e-03 6.486058814462731907e-03 6.486057719240033784e-03 6.487043762167350562e-03 6.487179932763288519e-03 6.486058743471000317e-03 6.486219100860753442e-03 6.486216492699281924e-03 6.487174449437711939e-03 6.486082351438405072e-03 6.486214388563248112e-03 6.486063785844139139e-03 6.483732285430271296e-03 6.486061556752399822e-03 6.486079939909289785e-03 6.486063358021813829e-03 6.486064195095550544e-03 6.486069537986181334e-03 6.486058781931393173e-03 6.486346927026542808e-03 6.486083287659407705e-03 6.486059555564341675e-03 6.486083271874718177e-03 6.486061936427865368e-03 6.486087099301479121e-03 6.486194549159222250e-03 6.486200849647062901e-03 6.486060874031020392e-03 6.486068464743494771e-03 6.487043244390334855e-03 6.486064347179349224e-03 6.486193226441081504e-03 6.486198686784799480e-03 6.486095725644001365e-03 6.487184741988079491e-03 6.486068667644023615e-03 6.482637595832379390e-03 6.483598329622548145e-03 6.487089619963560226e-03 6.486217552285638947e-03 6.486063969849840440e-03 6.482599931441718373e-03 6.486078451354575398e-03 6.486220646467920868e-03 6.486066571535950044e-03 6.486066059086165181e-03 6.486083390443314091e-03 6.486079555766450719e-03 6.486114986032226644e-03 6.486044885233576383e-03 6.487052588781588684e-03 6.486102272624923171e-03 6.486196499214270245e-03 6.486193330952189605e-03 6.486083914736163678e-03 6.486061171545393772e-03 6.487045754677195179e-03 6.486062449279460761e-03 6.486062958455383540e-03 6.486060825881012105e-03 6.486234550850011014e-03 6.486196922227026145e-03 6.486078792250661064e-03 6.486217894376078257e-03 6.486214628999929961e-03 6.486033201511168418e-03 6.486061482093771584e-03 6.487071639184755108e-03 6.486063414479595855e-03 6.486082663509481518e-03 6.486213920891091902e-03 6.486331001264952247e-03 6.482580573542919694e-03 6.486084645321001964e-03 6.486365897523453140e-03 6.486062366873959067e-03 6.486082146010374583e-03 6.486084951776881734e-03
6.487338664170907120e-03 6.487287554733820946e-03 6.488281156895376288e-03 6.487311381503727860e-03 0.000000000000000000e+00 6.487285514223294774e-03 6.487436530036768019e-03 6.487280037775612282e-03 6.483784326716875157e-03 6.487299507439647783e-03 6.487218810947316568e-03 6.488277688845883739e-03 6.487282809430327916e-03 6.487285111713816770e-03 6.487285088225928052e-03 6.487282265352963158e-03 6.487415741237346524e-03 6.487285204251176489e-03 6.487303548888745039e-03 6.487298420937746314e-03 6.487282673791168290e-03 6.487301248536669548e-03 6.487285844456461108e-03 6.487298279336712464e-03 6.487306727844312573e-03 6.487063111675811337e-03 6.487284930948857345e-03 6.487286141369437951e-03 6.487287494499330807e-03 6.487301548763300431e-03 6.487434437002689500e-03 6.487286906177760527e-03 6.487197991269085147e-03 6.461905680959091625e-03 6.487455556704535380e-03 6.487284972415158224e-03 6.487287719878414259e-03 6.487145484395330855e-03 6.487293600225600004e-03 6.487303064759497064e-03 6.487285145964326316e-03 6.487280004493218948e-03 6.487308455399432364e-03 6.487281057796809129e-03 6.487277379101236141e-03 6.488425261554449028e-03 6.487280378935786178e-03 6.487280444260173570e-03 6.487285225319100804e-03 6.487306497303532531e-03 6.487282673334370496e-03 6.487280270832701534e-03 6.487287782346986241e-03 6.488265440137560951e-03 6.488401558553563188e-03 6.487280289724956482e-03 6.487440563920744002e-03 6.487166207024997779e-03 6.488395284667471986e-03 6.487301768519590853e-03 6.487435838887094068e-03 6.487283236522234896e-03 6.488126058025504850e-03 6.487278007048249105e-03 6.487301127638816188e-03 6.487284853572150740e-03 6.487285699668248438e-03 6.487290704534061890e-03 6.487280343531113061e-03 6.487568274159905696e-03 6.487304834305269996e-03 6.487281070002355599e-03 6.487304821060532224e-03 6.487283395179945997e-03 6.461910772877122941e-03 6.487415911069167006e-03 6.487145429661529163e-03 6.487155034363803995e-03 6.487289677262095614e-03 6.486302581810652820e-03 6.487286024437816448e-03 6.487414928721873218e-03 6.487420159335473453e-03 6.487317268008172336e-03 6.488406331589884404e-03 6.487290226495061145e-03 6.487307340756154513e-03 6.488265838302191557e-03 6.486301429250965374e-03 6.487439012899029293e-03 6.487049821138486140e-03 6.487287366074397793e-03 6.487300000783394714e-03 6.487462275558729743e-03 6.487288096863596913e-03 6.487287463618736719e-03 6.487304934021919864e-03 6.487301079845498274e-03 6.418687990429680287e-03 6.487309914521290424e-03 6.486323336007936320e-03 6.487323770848392630e-03 6.487417853187723259e-03 6.487414832643464101e-03 6.487305505360188226e-03 6.487282724883617138e-03 6.486307195935237836e-03 6.487284010688844187e-03 6.487284515826705414e-03 6.487282382346010352e-03 6.487183912791791469e-03 6.486911362467720488e-03 6.487302017970335635e-03 6.487439322849270114e-03 6.487436175427552763e-03 6.487298256789984091e-03 6.487282934093888641e-03 6.488285025108796872e-03 6.487157443121983023e-03 6.487304210202087668e-03 6.487087652064795276e-03 6.487552379268939767e-03 6.487147994410622821e-03 6.487306152670894131e-03 6.487587290688146685e-03 6.487217967101742422e-03 6.487298654989449680e-03 6.487304386293538984e-03
6.486091262130668118e-03 6.486040113602528634e-03 6.487034421944405660e-03 6.486063972312941343e-03 6.487285514223294774e-03 0.000000000000000000e+00 6.486189189662869455e-03 6.486032605096683779e-03 6.486034647134885506e-03 6.486051935055047769e-03 6.486036205704578082e-03 6.487036910112381136e-03 6.486035382433109724e-03 6.482430276936089475e-03 6.486037645650415129e-03 6.486034785692831005e-03 6.486168394332077897e-03 6.482430301240928866e-03 6.486056118190830846e-03 6.486051088136312974e-03 6.486035244850129125e-03 6.486053840690286787e-03 6.486038711583057628e-03 6.486321344628732423e-03 6.486059251722961667e-03 6.486051392600939228e-03 6.486037347195701928e-03 6.479163772244314091e-03 6.486040035267872164e-03 6.486053974428736789e-03 6.486187095772111624e-03 6.486039463849279166e-03 6.486239156091619211e-03 6.486037217934829090e-03 6.486208182586977039e-03 6.486037576934398745e-03 6.486040153789224619e-03 6.486168131712200663e-03 6.486046516071279112e-03 6.486055642639885870e-03 6.486037455826495525e-03 6.486032618111705998e-03 6.486061446148592459e-03 6.486039556465588753e-03 6.486035001293172404e-03 6.487178609959740397e-03 6.486032932809685479e-03 6.486033151612434836e-03 6.486030318708763641e-03 6.486058920164291391e-03 6.486035348110973445e-03 6.486032930745114743e-03 6.486039955161056018e-03 6.487018386581308409e-03 6.487154870718584224e-03 6.486032862084106440e-03 6.486185748010447200e-03 6.486190620893515606e-03 6.487148429068343228e-03 6.486056469084279692e-03 6.486188511643544742e-03 6.486037901300902020e-03 6.487148964080230451e-03 6.486035674948186988e-03 6.486053612654079682e-03 6.486037469333729918e-03 6.486038319283069127e-03 6.486043654478064989e-03 6.486032460934205816e-03 6.486320890559475402e-03 6.486057404063718182e-03 6.486033672278688871e-03 6.486057238203752663e-03 6.486027590347120259e-03 6.486061223254619215e-03 6.486168667669343045e-03 6.486174988369032383e-03 6.486034970834871592e-03 6.486042411481120033e-03 6.487009775993996669e-03 6.486038598626331191e-03 6.486167595654028853e-03 6.486172654261437680e-03 6.486069562258318585e-03 6.487159643999203945e-03 6.482599040181593643e-03 6.486061582949080931e-03 6.487018734180635335e-03 6.487062970985197664e-03 6.486184151984597523e-03 6.486030030009877663e-03 6.486040024843309042e-03 6.486052306863026272e-03 6.486214952438406484e-03 6.486040690141183125e-03 6.486040140763611912e-03 6.486057511029743629e-03 6.486053689405644855e-03 6.486088740502459794e-03 6.486065039524761995e-03 6.487035978430530543e-03 6.486076392727467207e-03 6.486170161551046282e-03 6.486167573107594515e-03 6.486050860763365247e-03 6.486035237001156785e-03 6.483561270043654637e-03 6.486036566899529635e-03 6.486035706424823390e-03 6.486034942024767984e-03 6.486208667095059999e-03 6.486170864699246537e-03 6.486054449579971987e-03 6.486191875344066854e-03 6.482689496657997527e-03 6.486050868273371753e-03 6.486035595143267371e-03 6.483137367884931647e-03 6.486037530601834224e-03 6.486056774046912964e-03 6.486188054722868100e-03 6.486305210674800023e-03 6.486171164496946223e-03 6.486058767731370071e-03 6.486340052306652226e-03 6.482598898788985084e-03 6.486056137945356119e-03 6.486059061291208835e-03
6.486203787913781375e-03 6.486191116943039112e-03 6.486653648638952656e-03 6.486215070175238920e-03 6.487436530036768019e-03 6.486189189662869455e-03 0.000000000000000000e+00 6.486183501769148332e-03 6.486186528492873284e-03 6.485563727589006150e-03 6.486187338266849456e-03 6.487188128680347263e-03 6.486186476265100830e-03 6.486188824345547922e-03 6.486188731763085392e-03 6.486186009563989913e-03 6.486046895154507462e-03 6.486188635190810910e-03 6.486207217260601780e-03 6.486202187775236272e-03 6.486186345204972802e-03 6.486204984867422613e-03 6.486189788058858464e-03 6.486162091849406730e-03 6.486210398063622928e-03 6.486202634857408771e-03 6.486188588090804723e-03 6.486190037787825137e-03 6.486191170414710647e-03 6.486205217249780761e-03 6.486047526604452745e-03 6.486190410835880257e-03 6.486390238557541640e-03 6.486188308664234299e-03 6.486086158794594943e-03 6.486188523148517932e-03 6.486191362948212809e-03 6.486319207398433435e-03 6.486197593237127794e-03 6.486206694415549805e-03 6.486188817019061283e-03 6.486183718727480708e-03 6.486212220896172762e-03 6.486190650641184344e-03 6.486186105495543412e-03 6.487329587881631408e-03 6.486183971629041513e-03 6.486184098991152822e-03 6.485717767225033722e-03 6.485570472904371442e-03 6.486186440432370817e-03 6.486184031886307703e-03 6.486191441428292882e-03 6.487169615243456970e-03 6.487305820669659467e-03 6.486183965555899524e-03 6.486344309248670732e-03 6.486341712851831885e-03 6.487299716669412374e-03 6.486207530203901526e-03 6.486339577425194285e-03 6.486188651183162450e-03 6.486831203667243854e-03 6.486186764763427620e-03 6.486204997947686048e-03 6.486188574796931776e-03 6.476388465207089454e-03 6.486194378185416824e-03 6.486183860226394857e-03 6.486199672851813980e-03 6.486205869259985268e-03 6.486184295858388876e-03 6.486208490021109010e-03 6.486187153837591132e-03 6.486212307469824655e-03 6.486319714355155697e-03 6.486326077454218977e-03 6.486186082382656808e-03 6.486193667953119371e-03 6.487168412768025243e-03 6.486189717896889348e-03 6.486318673095919744e-03 6.485388376970058384e-03 6.486220943810465552e-03 6.487310613578150566e-03 6.485725422809604512e-03 6.486213120412807551e-03 6.487169623195870871e-03 6.487214786210421247e-03 6.486342724145376451e-03 6.486189186965673689e-03 6.486191125192546959e-03 6.486203665744255144e-03 6.486365109965555771e-03 6.486191774142045265e-03 6.486191275931237586e-03 6.460399956114335623e-03 6.486167122244750928e-03 6.486240199196857681e-03 6.486215821483978967e-03 6.487149349368689574e-03 6.486187350881905157e-03 6.486321677772808117e-03 6.486318668709313215e-03 6.486209178613519533e-03 6.486186243384977658e-03 6.487170898545956826e-03 6.486187645332895657e-03 6.486187674406240951e-03 6.486186032500397894e-03 6.486321184707788748e-03 6.486322147071182584e-03 6.486205377886282257e-03 6.486343065070097197e-03 6.486339940925477110e-03 6.486201919607845201e-03 6.486186669303901052e-03 6.487196786974005688e-03 6.486188629839123067e-03 6.486207876659679655e-03 6.486339122210207919e-03 6.486456312206900776e-03 6.486322253319945844e-03 6.485740368964669836e-03 6.486491085761632649e-03 6.486189212650208050e-03 6.486207378864365138e-03 6.486210164529323391e-03
6.485153273482965885e-03 6.486034365841062202e-03 6.486500163770240503e-03 6.486058307851325436e-03 6.487280037775612282e-03 6.486032605096683779e-03 6.486183501769148332e-03 0.000000000000000000e+00 6.486029943415802870e-03 6.486046593790212832e-03 6.486030769296104517e-03 6.487031709983530174e-03 6.486028839714746974e-03 6.486032239104620734e-03 6.486032159021888621e-03 6.486029438696324853e-03 6.486162910757718551e-03 6.486032121956253338e-03 6.486050610470535382e-03 6.486045598601875711e-03 6.486029730787825145e-03 6.486048401568493202e-03 6.486033249440456561e-03 6.486315855850921692e-03 6.486053816363102423e-03 6.486046046051394121e-03 6.486032002635851688e-03 6.486033453263423745e-03 6.486034584558261935e-03 6.486048633897465235e-03 6.486181612356930505e-03 6.486033980237785462e-03 6.486233673436640756e-03 6.486030786948046058e-03 6.486202744083249816e-03 6.486032086227477497e-03 6.485561383087031645e-03 6.485697375719354403e-03 6.486039971976223333e-03 6.486050157534925358e-03 6.486032225089054248e-03 6.486027133968260208e-03 6.486055962246953244e-03 6.486033810369161955e-03 6.486029516755996427e-03 6.487173023854491891e-03 6.486027448709493284e-03 6.486027645805638245e-03 6.486032301821365725e-03 6.486053583018999702e-03 6.486029821031329655e-03 6.486027446762894152e-03 6.486034850299175585e-03 6.487013145970898370e-03 6.487149351364945166e-03 6.486027380400373639e-03 6.485719605164710043e-03 6.486185129080151296e-03 6.487143229189856232e-03 6.486050986128398706e-03 6.486183014266417440e-03 6.486032410049392093e-03 6.486677877245086189e-03 6.486030191632417667e-03 6.486048428099539659e-03 6.486031990459066934e-03 6.486031776098877613e-03 6.486038170449077121e-03 6.486027276060029115e-03 6.486315387060525434e-03 6.486049287101088370e-03 6.486027703991740015e-03 6.486051902135844816e-03 6.486030568957031062e-03 6.486055730530486049e-03 6.486163145431580491e-03 6.486169504567428599e-03 6.486029497830060955e-03 6.486037093436989968e-03 6.487011907885357163e-03 6.486033086802502241e-03 6.486161963373056512e-03 6.485234934007111547e-03 6.486064358495799605e-03 6.487154128913104334e-03 6.486037319490630185e-03 6.486056540137436974e-03 6.487013439764003665e-03 6.487058288894115635e-03 6.486186152857483303e-03 6.486032602256595371e-03 6.485546487446634291e-03 6.486047083943097258e-03 6.486208539700535382e-03 6.486035205930725835e-03 6.486034691265527355e-03 6.486052026714769249e-03 6.486048199706217175e-03 6.486083619690234149e-03 6.486059551333282595e-03 6.487030476004732558e-03 6.486070902805312309e-03 6.486165133284388200e-03 6.486162091989882902e-03 6.486052596278184777e-03 6.486029664826246065e-03 6.487014403685780264e-03 6.486031082228751327e-03 6.486031457016551947e-03 6.486029458051122999e-03 6.486203169420014757e-03 6.486165560296500501e-03 6.486049102726793893e-03 6.486186493771578868e-03 6.486183382887352432e-03 6.486045379090552530e-03 6.486030114428258803e-03 6.487040289956202618e-03 6.486032045886889856e-03 6.486051291986831037e-03 6.486182545109475846e-03 6.485833759298525840e-03 6.485528793773068061e-03 6.486053145638938713e-03 6.486334509539082652e-03 6.486032627857214218e-03 6.486050797745457515e-03 6.486053582653784032e-03
6.486086882280816396e-03 6.486037448475905770e-03 6.487031757375160725e-03 6.486061311300293265e-03 6.483784326716875157e-03 6.486034647134885506e-03 6.486186528492873284e-03 6.486029943415802870e-03 0.000000000000000000e+00 6.486047744920360632e-03 6.486031918462969482e-03 6.482316255521097456e-03 6.486032697456932568e-03 6.486035043956757742e-03 6.486034984243656092e-03 6.486032262144430377e-03 6.486164091184787144e-03 6.486035098573274781e-03 6.486053456744376999e-03 6.486048402131693730e-03 6.486032559225589529e-03 6.486051229585947098e-03 6.486034351018383527e-03 6.486318677705915289e-03 6.486056639093739327e-03 6.486048805005324019e-03 6.486034827031458838e-03 6.486036277195900493e-03 6.486034863123622818e-03 6.486051456403252487e-03 6.486184433748738189e-03 6.486036802841921127e-03 6.486233926120223148e-03 6.486034112325940112e-03 6.486205565531403053e-03 6.486034915893659422e-03 6.486037584433186794e-03 6.486165458365547240e-03 6.486043852789755843e-03 6.486052981198127919e-03 6.486035055186780730e-03 6.486029956585680385e-03 6.486058781883670930e-03 6.481335508657516675e-03 6.482534042644790342e-03 6.487175958623583698e-03 6.486030198383289230e-03 6.486030490344019128e-03 6.486033560015327069e-03 6.486056401274782092e-03 6.486032686996349647e-03 6.486030201861149591e-03 6.486037679544016596e-03 6.487015956084170656e-03 6.487152211075273948e-03 6.486030135484362712e-03 6.486190566041574040e-03 6.486187953212109100e-03 6.487144992589715525e-03 6.486053807863587095e-03 6.486185802965034088e-03 6.486035239912914425e-03 6.487145533708603071e-03 6.482595696717490842e-03 6.486049305946053889e-03 6.486034813069762456e-03 6.486035657373280180e-03 6.486040987873302466e-03 6.486028199549759114e-03 6.486316790950905249e-03 6.486054743064267013e-03 6.486031010835598652e-03 6.486054710765752455e-03 6.486033391583436239e-03 6.486058161458501357e-03 6.486166006369212256e-03 6.486172320683926580e-03 6.486032279951679975e-03 6.486039917595435265e-03 6.487014694397367012e-03 6.486035956744984690e-03 6.486164957038456289e-03 6.486170146471637206e-03 6.486067186344056379e-03 6.487156986822592390e-03 6.486040140350477108e-03 6.486057327484474368e-03 6.487015309535672757e-03 6.487060285606892525e-03 6.486189013635519640e-03 6.486034912488844797e-03 6.486037316079181977e-03 6.486049902735934423e-03 6.486212291291731068e-03 6.486038028767330058e-03 6.486037514072131270e-03 6.486054849470315915e-03 6.486051030279466924e-03 6.486085461178619539e-03 6.486060383038400566e-03 6.487033294515708384e-03 6.486073731296477553e-03 6.486165887615049502e-03 6.486164910864180080e-03 6.486028137190611755e-03 6.486032626535784273e-03 6.487017182402467566e-03 6.486033905404785423e-03 6.486032982095333091e-03 6.486032232510849198e-03 6.486206018976608048e-03 6.486168333107813523e-03 6.486051874686348147e-03 6.486189355201566788e-03 6.486186204353635264e-03 6.486048207065899483e-03 6.486032937011146707e-03 6.483134722616371026e-03 6.486034820134035234e-03 6.486054112354597626e-03 6.482741612472081062e-03 6.486302569335206797e-03 6.486168497147068793e-03 6.486056106078478059e-03 6.486337390994055714e-03 6.486035362306027431e-03 6.482595089943481333e-03 6.486056396454454795e-03
6.486104396744438866e-03 6.484617223473087069e-03 6.487048290263825595e-03 6.486077961316716149e-03 6.487299507439647783e-03 6.486051935055047769e-03 6.485563727589006150e-03 6.486046593790212832e-03 6.486047744920360632e-03 0.000000000000000000e+00 6.486048778146723606e-03 6.485596926067600798e-03 6.486049368455433506e-03 6.486051711016871738e-03 6.486051631340718909e-03 6.486048893016250691e-03 6.486181585751280530e-03 6.485709055263462301e-03 6.486070058055436356e-03 6.486065076538617517e-03 6.486049233135233148e-03 6.486067872177485490e-03 6.485415655159846963e-03 6.486335280476904913e-03 6.486072561970653017e-03 6.486065517250201064e-03 6.486051455789769264e-03 6.486052928413258561e-03 6.486052411337039914e-03 6.486068079001781027e-03 6.486201043247121628e-03 6.486053452592775194e-03 6.486207116064419270e-03 6.486051196872258569e-03 6.486222182306980964e-03 6.486051565669894228e-03 6.486054282118665013e-03 6.486181395521638596e-03 6.486060496994022415e-03 6.486069619207585069e-03 6.486051705479018575e-03 6.486046607354194367e-03 6.486075266370833377e-03 6.486053307813874520e-03 6.486048876538330968e-03 6.487192597858603034e-03 6.485410551164923210e-03 6.486047140660983722e-03 6.486051693564394774e-03 6.486072906459665853e-03 6.486049337311877022e-03 6.486046785938983684e-03 6.486054283775370168e-03 6.487032624721051147e-03 6.487168849691378643e-03 6.486046853108968537e-03 6.486207209298540215e-03 6.486204503598757068e-03 6.487161830975608605e-03 6.485798693372172262e-03 6.486202498695138076e-03 6.486051780719247553e-03 6.487162359288537600e-03 6.486049657033440483e-03 6.486030022936327584e-03 6.486051462883774335e-03 6.486051268245638865e-03 6.476550350311661812e-03 6.486046776730775704e-03 6.486334996123017255e-03 6.486071390350754695e-03 6.486047661077595436e-03 6.486071380337805024e-03 6.486050041854782809e-03 6.486075116614193996e-03 6.486182654779597788e-03 6.486188974287944095e-03 6.486048979608215193e-03 6.486056502908545997e-03 6.487031373243916550e-03 6.486052605004418055e-03 6.486001621943520042e-03 6.486186603678944194e-03 6.486046394941008368e-03 6.487173471891292259e-03 6.486056682026262316e-03 6.486076015571696184e-03 6.487032286971138040e-03 6.487077698853190542e-03 6.486205662470797932e-03 6.486052071540300556e-03 6.486054012805929705e-03 6.486066359815994241e-03 6.486228939202032251e-03 6.486054676864610145e-03 6.486052524088674331e-03 6.486068892385674252e-03 6.486067672491935276e-03 6.486103091313384812e-03 6.486077887440677182e-03 6.487049968749836366e-03 6.486089076350718720e-03 6.486003866727984256e-03 6.486181451266976629e-03 6.486052907509956035e-03 6.486049276811921283e-03 6.487033744074861309e-03 6.486050552316928453e-03 6.486051063437345277e-03 6.486048930793415768e-03 6.486184667819929438e-03 6.486185045325393826e-03 6.486068554290665665e-03 6.486206004043490805e-03 6.486202853109672255e-03 6.485890179991211403e-03 6.486049581809938576e-03 6.487058993769240049e-03 6.486051519321350302e-03 6.486070741991209823e-03 6.486202041035370354e-03 6.486318493718550016e-03 6.486185151532718011e-03 6.486035559961819338e-03 6.486353588821515241e-03 6.486052000744735833e-03 6.486070154987750094e-03 6.486072928865920656e-03
6.486088606856039475e-03 6.484771415020781048e-03 6.487032587509715571e-03 6.486062136916980261e-03 6.487218810947316568e-03 6.486036205704578082e-03 6.486187338266849456e-03 6.486030769296104517e-03 6.486031918462969482e-03 6.486048778146723606e-03 0.000000000000000000e+00 6.485752164552623274e-03 6.486033196846926335e-03 6.486035888521061651e-03 6.482599668642946913e-03 6.486009500196965490e-03 6.486165843824804635e-03 6.486035920180264688e-03 6.486054282511751617e-03 6.485877530068597657e-03 6.486033408618471080e-03 6.486052047201982737e-03 6.486036895298807892e-03 6.486319485782887813e-03 6.486056108377044778e-03 6.486049695429441271e-03 6.485972236471571929e-03 6.486037104045916032e-03 6.486036638959342612e-03 6.486052268551024264e-03 6.486185241741149014e-03 6.486037579967510701e-03 6.486235681745528003e-03 6.486035036081921543e-03 6.486201284385077585e-03 6.486035740684141862e-03 6.486038455661442131e-03 6.486165612869939159e-03 6.486044678415139875e-03 6.486053782754670413e-03 6.486035833585827338e-03 6.484766950288224294e-03 6.486054608461021796e-03 6.486037716092438003e-03 6.486033163633901123e-03 6.487176776563970994e-03 6.486030289477595807e-03 6.486031316138416401e-03 6.486035978345865496e-03 6.486057231858658942e-03 6.485970116109097787e-03 6.486031094917780841e-03 6.486038165469811857e-03 6.487016821811710660e-03 6.487149823548884683e-03 6.486031028481272637e-03 6.486186392435493511e-03 6.486188772937424504e-03 6.487141138345513085e-03 6.486054634541878888e-03 6.486185997673881223e-03 6.486011778482446768e-03 6.487145975910266378e-03 6.486033149403965317e-03 6.486051502991490962e-03 6.486035591401813176e-03 6.486033303711969192e-03 6.486041811598092233e-03 6.486031062980207595e-03 6.486319211754914757e-03 6.486055568851511154e-03 6.486031772045433401e-03 6.486055546115525317e-03 6.486034196434141419e-03 6.486059034488890658e-03 6.486166828135501820e-03 6.486173126019545085e-03 6.485969774401381845e-03 6.486040616967985589e-03 6.487015500872911344e-03 6.486035984024762086e-03 6.486165777115439172e-03 6.486170972109656097e-03 6.486068009987071281e-03 6.487157810466520624e-03 6.486040963267706259e-03 6.486059691209792276e-03 6.487016471732280805e-03 6.487061879250478544e-03 6.486189820134279777e-03 6.486035513806634629e-03 6.486038187517246915e-03 6.486050680676725202e-03 6.486213067085328833e-03 6.486033020865713226e-03 6.486029262834747816e-03 6.486055674251483757e-03 6.486046155671844858e-03 6.486086339000088699e-03 6.486062163786661221e-03 6.487034104967794902e-03 6.484804316060205180e-03 6.486168069486738033e-03 6.486165737715902588e-03 6.486037129419021559e-03 6.486033449833362823e-03 6.487017995550349928e-03 6.486033711805965288e-03 6.486035239088714342e-03 6.485969733810464932e-03 6.486206024003938163e-03 6.486169209012631817e-03 6.486052750864438297e-03 6.486190162683663600e-03 6.486123211804653566e-03 6.486049030739805474e-03 6.486024788878810322e-03 6.487043180536785671e-03 6.486035692261089836e-03 6.486054931187492344e-03 6.486186195992088566e-03 6.486302713286640036e-03 6.486169319719050676e-03 6.486054662855440453e-03 6.486338216325651315e-03 6.486036279784039398e-03 6.486054427705805446e-03 6.486057227882110685e-03
6.487090316481505109e-03 6.487039110305391557e-03 6.488032992048607672e-03 6.487063040783432565e-03 6.488277688845883739e-03 6.487036910112381136e-03 6.487188128680347263e-03 6.487031709983530174e-03 6.482316255521097456e-03 6.485596926067600798e-03 6.485752164552623274e-03 0.000000000000000000e+00 6.487034486541288190e-03 6.487036826851320763e-03 6.487036747409858674e-03 6.487034027114784406e-03 6.485821451621277822e-03 6.487036798601097422e-03 6.487055162905989297e-03 6.487050181166806664e-03 6.487033320075601996e-03 6.487052968725223398e-03 6.487031410457355478e-03 6.487319931256280495e-03 6.487058337805576454e-03 6.487050613562538731e-03 6.487036571599743943e-03 6.487038041794727927e-03 6.487039159451885723e-03 6.487053158062204387e-03 6.487184160178590016e-03 6.487038566119958730e-03 6.482488389090214700e-03 6.487036320605473437e-03 6.487207168041449722e-03 6.487036678354904211e-03 6.487039394626163344e-03 6.487166827303697710e-03 6.487042088415387146e-03 6.487054732479505779e-03 6.487036819410524520e-03 6.487031723132291768e-03 6.487054505016530241e-03 6.487031832248265836e-03 6.487028152234997763e-03 6.488177101163045309e-03 6.487031961681037628e-03 6.487032257086425280e-03 6.487036915057967611e-03 6.487058159434021948e-03 6.487034451669397225e-03 6.487032035316754944e-03 6.487039441599547727e-03 6.488017235282466690e-03 6.488153368368927351e-03 6.487031969079864839e-03 6.487192188253164925e-03 6.487189641308009277e-03 6.486171989619571830e-03 6.487055442988585302e-03 6.487187530068909067e-03 6.487036999113175717e-03 6.486172240435769502e-03 6.487028867269773943e-03 6.485700908369224950e-03 6.487036577460418736e-03 6.487037421654533523e-03 6.487029387432648522e-03 6.487031725636050253e-03 6.487319935831067225e-03 6.487056496563141893e-03 6.487032777280058241e-03 6.487056483734094173e-03 6.487035156737814938e-03 6.487035819297636181e-03 6.487167674854721865e-03 6.487172327878213546e-03 6.487034094798947367e-03 6.487028857736058980e-03 6.488015961002623587e-03 6.487037720507418670e-03 6.487166591041033763e-03 6.487171810284108817e-03 6.487068875384787575e-03 6.488158114710467633e-03 6.487040873930425763e-03 6.487060813360825962e-03 6.486042256177998976e-03 6.488060077258415298e-03 6.487190693423038057e-03 6.487036911707141917e-03 6.487039125904525520e-03 6.487051662706989734e-03 6.487213959017655573e-03 6.487039770262947175e-03 6.487039276921490079e-03 6.487056239318439790e-03 6.487052785836926877e-03 6.487088162151010730e-03 6.484505691256471985e-03 6.488034552614252264e-03 6.487075474159435806e-03 6.485878027107139059e-03 6.487166610133615445e-03 6.417195555159224685e-03 6.487034392094213030e-03 6.488018451168310087e-03 6.487035633920387907e-03 6.487035888033067590e-03 6.487034026210623978e-03 6.487207615132338338e-03 6.487170087381259782e-03 6.487053683064389342e-03 6.487191035493952186e-03 6.487187832020011209e-03 6.487049870208586554e-03 6.487034682586227154e-03 6.486055962867398779e-03 6.487036633718148114e-03 6.487055867348512708e-03 6.487181162269663702e-03 6.487304188143095882e-03 6.487170194828477572e-03 6.487057800684635847e-03 6.487338989217283219e-03 6.487037222116707157e-03 6.487048415679385477e-03 6.487058153155612732e-03
