0.000000000000000000e+00 7.111025106076553776e-03 7.008440974947670668e-03 7.120217156344252514e-03 7.007297441793759567e-03 7.113398550595004428e-03 7.119507561049392454e-03 7.122896464105039210e-03 7.003545215533970789e-03 7.113069389214690501e-03 7.112227954984839083e-03 7.113424225673349068e-03 7.112308668911687670e-03 7.120350683891827834e-03 7.112182027928993198e-03 7.002844414559362789e-03 7.120411785259952650e-03 7.004961136441716953e-03 7.118254764015980764e-03 7.007442443470571040e-03 7.119019346970845152e-03 7.008687007066746050e-03 7.112259954830103988e-03 7.111609256890962134e-03 7.120331900932824580e-03 7.115679321208924664e-03 7.113608966377952918e-03 7.113348182023150265e-03 7.126151674258723347e-03 7.118073184115281983e-03 7.121225662123183663e-03 7.005057670417932404e-03 7.116822690313766298e-03 7.118146305173930072e-03 7.119383968662108819e-03 7.116962581738539399e-03 7.115905962159073395e-03 7.116950558703090228e-03 7.118185319140764994e-03 7.112684557805225814e-03 7.114467898732914665e-03 7.121433806450253728e-03 7.113623643601998427e-03 7.116597757767280027e-03 7.114792748509779323e-03 7.111150663572903333e-03 7.113400632926447122e-03 7.125053160641225264e-03 7.124536496488901097e-03 7.112628269657148353e-03 7.120277507346904448e-03 7.119413185823394649e-03 7.115363225015452868e-03 7.118116621680594010e-03 7.114942320464016402e-03 7.116065859536401667e-03 7.009766279318528984e-03 7.122663287407544376e-03 7.112146954715708146e-03 7.007224908706542570e-03 7.114484909156329126e-03 7.004738527499939499e-03 7.112452587879201059e-03 7.115909280529221503e-03 7.113660490173751363e-03 7.122429409591068961e-03 7.009567827781803574e-03 7.120342214830214372e-03 7.110339651200056794e-03 7.116019024147637352e-03 7.115062158008538667e-03 7.110120375309388757e-03 7.119208780511155840e-03 7.008449447095499441e-03 7.125921072266790113e-03 7.113333179743420130e-03 7.127454187325882318e-03 7.113318160689285213e-03 7.120673484636131680e-03 7.111461435700529819e-03 7.117826973057723647e-03 7.117106206405641490e-03 7.126452356953695902e-03 7.002679564291217421e-03 7.001386970839522557e-03 7.118023604609241377e-03 7.114642748896135224e-03 7.118126087650669502e-03 7.114159381032702026e-03 7.108970358709196073e-03 7.114736135559684982e-03 7.113562865290443821e-03 7.115765175442814380e-03 7.115878066898547426e-03 7.117145129265734470e-03 7.119533185824243084e-03 7.121416636342122429e-03 7.117330302873732008e-03 7.120333093399348542e-03 7.118760097992186432e-03 7.120411936468082868e-03 7.008544459470359561e-03 7.117224619607818298e-03 7.119167029596826755e-03 7.116563862331193660e-03 7.114796437048018056e-03 7.111284160696437762e-03 7.115638207589202423e-03 7.115894952480158325e-03 7.002611940002588520e-03 7.120568847424746557e-03 7.120743680381189447e-03 7.113730341021478817e-03 7.112179044416329712e-03 7.123706087347162971e-03 7.118292946415143325e-03 7.110967228272978800e-03 7.114748716439367633e-03 7.114648723865954483e-03 7.115908968634222093e-03 7.114466698565154353e-03 7.113538055551179955e-03 7.114590021853846487e-03 7.118210902367914580e-03 7.116896895479627241e-03 7.117036936221387070e-03 7.114553087504366623e-03 7.114991583356008661e-03
7.111025106076553776e-03 0.000000000000000000e+00 7.107521370411575869e-03 7.110995261779089888e-03 7.000675147098394703e-03 7.103968615911905246e-03 7.114663381743847707e-03 7.111109436405950446e-03 6.996746190965129862e-03 7.115996603014190097e-03 7.105365341043066822e-03 7.110763183613859340e-03 7.107459944656456356e-03 7.108929423839768780e-03 6.992006699535428110e-03 7.106323854509506883e-03 7.108700604353893233e-03 6.990818892785741374e-03 7.111100695759098311e-03 7.111380270730415128e-03 7.109852187872865541e-03 7.115081458224451968e-03 7.104851120489610178e-03 7.104193591509713572e-03 7.113522973562928786e-03 7.111102996191348384e-03 7.108814318315324378e-03 7.106492842475998530e-03 7.119478957293544179e-03 7.108827541962003775e-03 7.109491358326724963e-03 7.113463711932423161e-03 7.107552318465007457e-03 7.108791227299335325e-03 7.112286298968735834e-03 7.109989562314264315e-03 7.111190971110651834e-03 7.109951157121868238e-03 7.110937978606342129e-03 7.102934837965237114e-03 7.112357776781352489e-03 7.109664605371800346e-03 7.104189079373711066e-03 7.109811363998105697e-03 7.107468572697199158e-03 7.106488954408717203e-03 7.106354193459694067e-03 7.116119093648042189e-03 7.113383328887227380e-03 7.102965923525667545e-03 7.005304346780911670e-03 7.105404350930879034e-03 7.106354323485086430e-03 7.113375817074898966e-03 7.107658372927793018e-03 7.109216064097590750e-03 7.106239749317636890e-03 7.113240518308729110e-03 7.107617404243263097e-03 7.108648384181453540e-03 7.110099508157311302e-03 7.105974134960661714e-03 7.105233373054225393e-03 7.106476150963452268e-03 7.104147119470658085e-03 7.106390276909376261e-03 7.110880282966197327e-03 7.118407463993222523e-03 7.105363889387674575e-03 7.104050245004882476e-03 7.105458755413055286e-03 6.992407086550084770e-03 7.109864695707381922e-03 7.112344567766278047e-03 7.004105229524621584e-03 7.108674546377990316e-03 7.113747085147948714e-03 6.995433615011368775e-03 7.113562132893521198e-03 7.101824183813507455e-03 7.113803300842730208e-03 7.107425017080352438e-03 7.119824757807792504e-03 7.104096917207032395e-03 7.105128157406570902e-03 7.106186158316020463e-03 7.109892699678137078e-03 7.108817258591708724e-03 7.109871826034236918e-03 7.099301370154987093e-03 7.107597103860197572e-03 7.108807969558338970e-03 7.103809222375200710e-03 7.103851768687706805e-03 7.107854712533939225e-03 7.109911766505945530e-03 7.110078175674963002e-03 7.112287057631817844e-03 7.108781532523130407e-03 7.109827788094914836e-03 7.108723213315198790e-03 7.109721124120836275e-03 7.107655058375446019e-03 7.109707272023649965e-03 7.114733949587787563e-03 7.107561232311955350e-03 7.104189808594935270e-03 7.103995735872838460e-03 7.106344131437761398e-03 7.106328684424011687e-03 7.111249046849789715e-03 7.108877505136087897e-03 7.106379302254851697e-03 7.105168507661728007e-03 7.112177757219371316e-03 6.998029201570880008e-03 7.106231489990537907e-03 7.107413682744798990e-03 7.105116471239469184e-03 7.106574866503944168e-03 7.109762738083153996e-03 7.103951533076400572e-03 7.107692759407768963e-03 7.108717363992167644e-03 7.109963260420679339e-03 7.114682444342109759e-03 7.109918768912731890e-03 7.105266811424016359e-03
7.008440974947670668e-03 7.107521370411575869e-03 0.000000000000000000e+00 7.114049870719760943e-03 7.114591859884807426e-03 7.105277783488609181e-03 7.005015253602870327e-03 7.114345268735308529e-03 7.108300692445967441e-03 7.005959926394882652e-03 7.106385205776781684e-03 7.116609441134084425e-03 7.000109135981922789e-03 7.112242400583031546e-03 7.110937725198407736e-03 7.109593436472704323e-03 7.107339584860830617e-03 7.107557256730251231e-03 7.107280180587324282e-03 7.109580980272072609e-03 7.111055039035852482e-03 7.111019073100494081e-03 7.110815360598664141e-03 7.107728076038919741e-03 7.116980090463416453e-03 7.114395764859063158e-03 7.107498864584345377e-03 7.109845331845771402e-03 7.120419711408249377e-03 7.112001148819578795e-03 7.115306979857833822e-03 7.003745440043849038e-03 7.110802895215723868e-03 7.109874838650752545e-03 7.113324098250129249e-03 7.110865323319417314e-03 7.121248109642119330e-03 7.115626002553800816e-03 7.112077225774852442e-03 7.106448363308807102e-03 7.110892997410504617e-03 7.115373548610728384e-03 7.109989096790767828e-03 7.110757454517177036e-03 7.108483574660238308e-03 7.107366250282511240e-03 7.109786942817612060e-03 7.119206030203641122e-03 7.005835319626759275e-03 7.108794397821430189e-03 7.005972262774272895e-03 7.110963426158499641e-03 7.107139812732453550e-03 7.111771113446849375e-03 7.108734288989100245e-03 7.109929604419609056e-03 7.109908801159877008e-03 7.114276250682987496e-03 7.113198521670736386e-03 7.111937692410703893e-03 7.110785258327241218e-03 7.107352742099939599e-03 7.108739341440866236e-03 7.109792219705800623e-03 7.105219867198401922e-03 7.114218443597686639e-03 7.112012497553749958e-03 7.119387391651923157e-03 7.108837538394518867e-03 7.107505508602342606e-03 7.108878153201037692e-03 7.108592845332225608e-03 7.113283931263742962e-03 7.113045445002075251e-03 7.011953150102482116e-03 7.107103552125664664e-03 7.119053679658269955e-03 7.107284866235298940e-03 7.112063135655329049e-03 7.105309102238695565e-03 7.112220443548248304e-03 7.110911020025196920e-03 7.120584308822328935e-03 7.100362546211171598e-03 7.106214278825359089e-03 7.109624435511168947e-03 7.002815237258020430e-03 7.107614816404829103e-03 7.113158602200624070e-03 7.105160464212252093e-03 7.108421697300633217e-03 7.109690780350180414e-03 7.107450772593211161e-03 7.105106213784141353e-03 7.111198957561313226e-03 7.111132532813209395e-03 7.115788883813018058e-03 7.115634636176488247e-03 7.112223128626383832e-03 7.113206173336341330e-03 7.107325377730852080e-03 7.111147374599212714e-03 7.111244178194750694e-03 7.111043220936351730e-03 7.113190887378940432e-03 7.108664494581328798e-03 7.102980580804050745e-03 7.105011283626417110e-03 7.109710378908609338e-03 7.107432316694469593e-03 7.112303403210099365e-03 7.114498558178228814e-03 7.109660592764942451e-03 7.106020039626441236e-03 7.117791300682246511e-03 7.112114299098679961e-03 7.102633921006903245e-03 7.108570381759815419e-03 7.110815591603571184e-03 6.999340926175134578e-03 7.002505571119507603e-03 7.107602484760820218e-03 6.993327534752487654e-03 7.112311111315188471e-03 7.110651764511744660e-03 7.117992345257897861e-03 7.110997483405800609e-03 7.108830141855522998e-03
7.120217156344252514e-03 7.110995261779089888e-03 7.114049870719760943e-03 0.000000000000000000e+00 7.007113013180933485e-03 7.108481135138063761e-03 7.119048457399562886e-03 7.103823862556465051e-03 7.116347048587163236e-03 7.117906361765563052e-03 7.107243441166049940e-03 7.113149519441918332e-03 7.109509047151994950e-03 7.112982940744001260e-03 7.111842154351863919e-03 7.110814358259691902e-03 7.115315292173312114e-03 7.110721977836969784e-03 7.113049982179211854e-03 7.113495694875076811e-03 7.114346673868333221e-03 7.119029985469095025e-03 7.109505694796470696e-03 7.108611600166938639e-03 7.117460910401242173e-03 7.110704833849041707e-03 7.110806661251500502e-03 7.108441411979171329e-03 7.014996253742495670e-03 7.110757437412019467e-03 7.005615563768334726e-03 7.110951665310824565e-03 7.107193174367166903e-03 7.004607745064807961e-03 7.114129565435419258e-03 7.111915981879590558e-03 7.120266283170018778e-03 7.109393438624083544e-03 7.004757867587505654e-03 7.107397647385193737e-03 7.114128536796921094e-03 7.116383400703291291e-03 7.103893656739963640e-03 7.111711112168599656e-03 7.109520277266110494e-03 7.108202807524066809e-03 7.110603272869189112e-03 7.122437162074089084e-03 7.014115915565015749e-03 7.107376866986223583e-03 7.112728059344331985e-03 7.107267780346591610e-03 7.112878746385816429e-03 7.115627730975638762e-03 7.107309392713764308e-03 7.113596232324896108e-03 7.110811920452164876e-03 7.006777243884025445e-03 7.107374243957015683e-03 7.110585393423015516e-03 7.114333021832463383e-03 7.112949758140451814e-03 7.109688070311541604e-03 7.108433315413831277e-03 7.108464660445843949e-03 7.117553134502459071e-03 7.115314060191457908e-03 7.117838195936764673e-03 7.109538718067803451e-03 7.110472066072495191e-03 7.109636960716960753e-03 7.109685271033162196e-03 7.003261241855910507e-03 7.111841861257971881e-03 7.123631270845845812e-03 7.108471421381767040e-03 7.113053104169858760e-03 7.110737317822816463e-03 7.115876777982541382e-03 7.103993922828159661e-03 7.113640560679561006e-03 7.111878551020382397e-03 7.123488380553780197e-03 7.110467434095985376e-03 7.111973589310999905e-03 7.113055227367458266e-03 7.109321534364816328e-03 7.000050279857341143e-03 7.111708869122154893e-03 7.106348286776349374e-03 7.111901897077938309e-03 7.112967479332914927e-03 7.105864595533330046e-03 7.108439069526742253e-03 7.111874661814454601e-03 7.111917222319752603e-03 7.114231583314269657e-03 7.109313533394716333e-03 7.108435590767076505e-03 7.114084303739382290e-03 7.112967210955738542e-03 7.114190599390979829e-03 7.109471142336155902e-03 7.109449062923894717e-03 7.005880549621553051e-03 6.998543802663480251e-03 7.106271300266357727e-03 7.108227598521889117e-03 7.108366117989056536e-03 7.110654732524195921e-03 7.110620163420618839e-03 7.110746195965766438e-03 7.110799147722187026e-03 7.109310167937068527e-03 7.113890301767407387e-03 7.113072209630215761e-03 7.110633040787090603e-03 7.001187616772650175e-03 7.107256518032090478e-03 7.108438986258026546e-03 7.112058135986256205e-03 7.108405047286634609e-03 7.109841187294932592e-03 7.110687491639253698e-03 7.109737468961401484e-03 7.118629175955092959e-03 7.001190692256119633e-03 7.107284306623404789e-03
7.007297441793759567e-03 7.000675147098394703e-03 7.114591859884807426e-03 7.007113013180933485e-03 0.000000000000000000e+00 7.109069371285049559e-03 7.119676578687193780e-03 7.117799058200032641e-03 7.112233831601193212e-03 7.118262212875694703e-03 7.107744688753119683e-03 7.110828428377967241e-03 7.112216201872284711e-03 7.115531023225164439e-03 7.001450781456963583e-03 7.106291107328203439e-03 7.115910790485391151e-03 7.101876633506413149e-03 7.115898934630874272e-03 7.115823230116582326e-03 7.114707837891274221e-03 7.115162376221826658e-03 7.003459767180582156e-03 7.108896665520939538e-03 7.113602526385594087e-03 7.117809799423525756e-03 7.111179461824817562e-03 7.111194341928493701e-03 7.117075169953767690e-03 7.115799534039838302e-03 7.109849975294212261e-03 7.118004046456774883e-03 6.999135322771446802e-03 7.113408975433244477e-03 7.116915316913017230e-03 7.114315025635915661e-03 7.122619530255006742e-03 7.001392756814999070e-03 7.113558834959655963e-03 7.107901393149766885e-03 7.112226037526046644e-03 7.116942236334669082e-03 6.998146501665913032e-03 7.112391182653297027e-03 7.112325194539260639e-03 7.108795971580687649e-03 7.108704006950515228e-03 7.125097791635557828e-03 7.116134030812947334e-03 7.109956356891574195e-03 7.115443704677304297e-03 7.114696817978556631e-03 7.113246187669874585e-03 7.118023339974069962e-03 7.109756622265902930e-03 7.113915153202961771e-03 7.113418617046507464e-03 7.113324556578130668e-03 6.999202553206623247e-03 7.000320684869324427e-03 7.114743106482497061e-03 7.106299531884064519e-03 7.110177149037966507e-03 7.108854152607807855e-03 7.109014768080425088e-03 7.115811247390090716e-03 7.110617780981483976e-03 7.009508045327738322e-03 7.110096262552663415e-03 7.108673809147418587e-03 7.110225693107559593e-03 7.107658348100610174e-03 7.109723438778111151e-03 7.112123978398432293e-03 7.121707859401169710e-03 7.113345126148956817e-03 7.118193679588174887e-03 7.111010573632206913e-03 7.118366566866705589e-03 7.106565643167283772e-03 7.120562843682040448e-03 7.112607891849755462e-03 7.123892421305225674e-03 7.108751811858805836e-03 7.107367114541217508e-03 7.115720577206499468e-03 7.114508177965782158e-03 7.111125911118058862e-03 6.999114774232683030e-03 7.108728421993456593e-03 7.112358524386669552e-03 7.108841228317902203e-03 7.106265431504012707e-03 7.111017837866713369e-03 7.110224063837023399e-03 7.114600103649146128e-03 7.112350949908724518e-03 7.114415771824830412e-03 7.113606182902075178e-03 7.112355143848536274e-03 7.115769465099911796e-03 7.110098615600668123e-03 7.110165191877094830e-03 7.114455538407241965e-03 7.116930702839161481e-03 7.107717308311407162e-03 7.106498352527418003e-03 7.111111345797706262e-03 7.108908202879891426e-03 6.998015279744770542e-03 7.115859145274953078e-03 7.115716267852167758e-03 7.111396534794542715e-03 7.105242198026784535e-03 7.112149294871378952e-03 7.115736143649764936e-03 7.106269504879973893e-03 7.107822038190191212e-03 7.109787233229235628e-03 7.111096294132010324e-03 7.114444506662489891e-03 7.108900690265691422e-03 7.112373964548552099e-03 7.113711391098818254e-03 7.112093680246358261e-03 7.114589103235729149e-03 7.109962463640186192e-03 7.107704286313810613e-03
7.113398550595004428e-03 7.103968615911905246e-03 7.105277783488609181e-03 7.108481135138063761e-03 7.109069371285049559e-03 0.000000000000000000e+00 6.999344183965379614e-03 7.108723835241736837e-03 7.105216996316829521e-03 7.111373183302145858e-03 7.100292264518660683e-03 7.108518546088410904e-03 7.102636208939994492e-03 6.998158134642136832e-03 7.105058026765063289e-03 7.103965032430375505e-03 7.103892816631291775e-03 7.096910684687097494e-03 7.106131045814213440e-03 7.106537549578704170e-03 7.100327181435138642e-03 7.110269414715417180e-03 7.107293505230124868e-03 7.099108351644285546e-03 7.104115963440660840e-03 6.997944107669526806e-03 7.101558485262413588e-03 7.099027794532431108e-03 7.115097654281907213e-03 7.106292403793452832e-03 7.105036748104869189e-03 7.108855280922872499e-03 7.105176749501132538e-03 7.104044065172659267e-03 7.107761541062947684e-03 7.104903296897411256e-03 7.002643410677240714e-03 7.107329333605369795e-03 7.103806108439774357e-03 7.097887496971736973e-03 7.107477952584711697e-03 7.109673611670705787e-03 7.101560624339958022e-03 7.098047362373493749e-03 7.102540776379801662e-03 7.101561782883690326e-03 7.101610938698727643e-03 7.116139771102369949e-03 7.116089860962604083e-03 7.100143792066640307e-03 7.108794528563845347e-03 7.102543520530447962e-03 7.106156146319297581e-03 7.106329855131965009e-03 7.102686634189918878e-03 7.101675984336708498e-03 7.101672652076946105e-03 7.108535366872360643e-03 7.105155244409076462e-03 7.104002243401854981e-03 7.107479864424032234e-03 7.101529087591077274e-03 7.097934444056745555e-03 7.099112736764456172e-03 7.099113676881353696e-03 7.106135744222762812e-03 7.108401190158659087e-03 7.118729233601319567e-03 7.100043075431672519e-03 7.101317645002828277e-03 7.100375635286272288e-03 7.100293799423638974e-03 7.107348193278118648e-03 7.105241378917828525e-03 7.117492171545725110e-03 7.101517107441191259e-03 7.113667618253891392e-03 7.101386786673376944e-03 7.106103524292685554e-03 7.096718567125692885e-03 7.109173046543433051e-03 7.100272377217583045e-03 7.117239025516688619e-03 7.101423586637422604e-03 7.105351391927529695e-03 7.101495456364647664e-03 7.104799197153001573e-03 7.106362194340638816e-03 7.107510698736480177e-03 7.096811881870273599e-03 7.100288369677091628e-03 7.101504393595629849e-03 7.101579516548953142e-03 7.098977476991239280e-03 7.102824504761518810e-03 7.102901220188082183e-03 7.107641698842197264e-03 7.105061254954604492e-03 7.106250269072118472e-03 7.102809959178692928e-03 7.106248553525857867e-03 7.102657173660618072e-03 7.102674906745977575e-03 7.102598248121578736e-03 7.109733387656790374e-03 7.100490274394732730e-03 7.096850655376345240e-03 7.101183246952831075e-03 7.101319660625264596e-03 7.104003930779334910e-03 7.103905853493723381e-03 7.106429502233719935e-03 6.990797786056742250e-03 7.100252235531195714e-03 7.109824939220407876e-03 7.108812976284067421e-03 7.103968857820561547e-03 7.102577756764219541e-03 7.102538819163577502e-03 7.103775540486411376e-03 7.107529681360583856e-03 7.099105466344082793e-03 7.100435470697482286e-03 7.101452234706518395e-03 7.104777448890754049e-03 7.105163469013383963e-03 7.102750917952863584e-03 7.100190680387167760e-03
7.119507561049392454e-03 7.114663381743847707e-03 7.005015253602870327e-03 7.119048457399562886e-03 7.119676578687193780e-03 6.999344183965379614e-03 0.000000000000000000e+00 7.116696253501473765e-03 7.113354076480993098e-03 7.114805092553239466e-03 7.111135197363187624e-03 7.114404994097156543e-03 7.108721442476657881e-03 7.116910088194575504e-03 7.113268343819641008e-03 7.109898839754661554e-03 7.111860317974784754e-03 7.112220374835921677e-03 7.112208654484549093e-03 7.003849559700241374e-03 7.002493618489037154e-03 7.118180979841523016e-03 7.117827091878191868e-03 7.109975892596891514e-03 7.119101302684019417e-03 7.114517265703440910e-03 7.004027777476048294e-03 7.109766224768437372e-03 7.125438266408051433e-03 7.114417902421818311e-03 7.113321974788760702e-03 7.119300792547485386e-03 7.115749765668170565e-03 7.112155025509206939e-03 7.007551867640359616e-03 7.115600298339420579e-03 7.119209569630747560e-03 7.118226492180033775e-03 7.114380529124751835e-03 7.106413519000234075e-03 7.115655208018330236e-03 7.115671308177362597e-03 7.112344708319932700e-03 7.115646746374385684e-03 7.110886493211598589e-03 7.110009579615998027e-03 7.109666406351361143e-03 7.121770117531585516e-03 7.119216074478902472e-03 7.111125778431676148e-03 7.119025623726718890e-03 7.113266308391072261e-03 7.116537654264935668e-03 7.114194688026394438e-03 7.113460466272859134e-03 6.999197436961723286e-03 7.116631227371665765e-03 7.119110686624589325e-03 7.115563445259451801e-03 7.116824636544141942e-03 7.113345236164482152e-03 7.112117214563517392e-03 7.108553182077323798e-03 7.110048339182067738e-03 7.107534902275580192e-03 7.003682190400918779e-03 7.116637474713271606e-03 7.126328519326204786e-03 7.108841598638180118e-03 7.107384823801125850e-03 7.108939549580102664e-03 7.111273241500357459e-03 7.115606738973893376e-03 7.117995372613634616e-03 7.122865387964776550e-03 7.114333485191441306e-03 7.121604031122745135e-03 7.109664639895442971e-03 6.998998515070276559e-03 7.107643292685178471e-03 7.121671915211363717e-03 7.110797013270451876e-03 7.120333806891527076e-03 7.112117691052609499e-03 7.115656652444219896e-03 7.006152017609515274e-03 7.111069604263334926e-03 7.117003564662112425e-03 7.115884222917161564e-03 7.109870135175546009e-03 7.110874377571439059e-03 7.112098826225366627e-03 7.112161079241535733e-03 6.999172463183057566e-03 7.111021474081980626e-03 7.002882113127271643e-03 7.113418986750098989e-03 7.118036446519857875e-03 7.116874019521260940e-03 7.113141140490482003e-03 7.116425870489231052e-03 7.115746671659431248e-03 7.111061255397127176e-03 7.113322748011488734e-03 7.120556205704258422e-03 7.113504876380396733e-03 6.999436446831605076e-03 7.109631119309665383e-03 7.109906297834215662e-03 7.112151359260548977e-03 7.114483051509213132e-03 7.114571777098346698e-03 7.109899144970373633e-03 7.108837601138761828e-03 7.115617063466883954e-03 7.116649613453760945e-03 7.112091747185202671e-03 7.111023692945242156e-03 7.110889809824564624e-03 7.109905028538841126e-03 7.115637863977427972e-03 7.107472298033810400e-03 7.000372503886190083e-03 7.112144467167183341e-03 7.110645823051086126e-03 7.115414241920019200e-03 7.113409442311380455e-03 7.108697377546415765e-03
7.122896464105039210e-03 7.111109436405950446e-03 7.114345268735308529e-03 7.103823862556465051e-03 7.117799058200032641e-03 7.108723835241736837e-03 7.116696253501473765e-03 0.000000000000000000e+00 7.112045488065679016e-03 7.120358780212646468e-03 7.110161831901836739e-03 7.115535618764249996e-03 7.109755010814884299e-03 7.115711536144828445e-03 7.114190887047736750e-03 7.108760203770657024e-03 7.113005098026155271e-03 7.111149579354891087e-03 7.113050008885703906e-03 7.113480332004309611e-03 7.114492708101448175e-03 7.116940299127779389e-03 7.114316688432701340e-03 7.106529268955631522e-03 7.115207240780347178e-03 7.113187688013731039e-03 7.111007836204747724e-03 7.108508663321791952e-03 7.012595375679988793e-03 7.002604308980071510e-03 7.111743776101823664e-03 7.115745017432363421e-03 7.109741718352727280e-03 7.002246699440783234e-03 7.005936381979465354e-03 7.109805372550022373e-03 7.120204142569965151e-03 7.112186276400067272e-03 7.110834961090306203e-03 7.107594787370916795e-03 7.109779040518861802e-03 7.111843406369890500e-03 7.108536078196401979e-03 7.114346342371667166e-03 7.109670158571093981e-03 7.110979832026076419e-03 7.108441114424801296e-03 7.120531274498729558e-03 7.012135896148579892e-03 7.105232504266722517e-03 7.110751082434109242e-03 7.114389561770165585e-03 7.110590940862472967e-03 7.113200293341192561e-03 7.107412658101663026e-03 7.108764275797760553e-03 7.111049656982328278e-03 7.006594691824383041e-03 7.104948187225945504e-03 7.115738218092824974e-03 7.114627016789176056e-03 7.113371478072343275e-03 7.105093300484537251e-03 7.108686562901265875e-03 7.106273729925905933e-03 7.112790578088916058e-03 7.117718016658397193e-03 7.120246518341688362e-03 7.107782425637161790e-03 7.110671995194048529e-03 7.109700355297212705e-03 7.110037009769481706e-03 7.005821595762770464e-03 7.116778502209292201e-03 7.121667788316250747e-03 7.108564934860222596e-03 7.115392285672284337e-03 7.110834434223339481e-03 7.115633291204927907e-03 7.104191664321159866e-03 7.116230884889579444e-03 7.112056889930319821e-03 7.010294512969061573e-03 7.110859378649331264e-03 7.109770982957720059e-03 7.112934694692212186e-03 7.114478385417551641e-03 7.113209509951981362e-03 7.114459917251105860e-03 7.106454615262915164e-03 7.111871445578454853e-03 7.111123729467052311e-03 7.110565140157618265e-03 7.108594413476476345e-03 6.999120607289464543e-03 7.107324657982541649e-03 7.107299668387837346e-03 7.116630701484014630e-03 7.115513146770512803e-03 7.114375916930244445e-03 7.113022117541882572e-03 7.114492783351336960e-03 6.994425187684142828e-03 7.107333760178273160e-03 7.119118518554167288e-03 6.998938518026884097e-03 7.108716718655792161e-03 7.110903277362747368e-03 7.106260332947218067e-03 7.113127222385259851e-03 7.115601408437771495e-03 7.103893488881643514e-03 7.111041869858772055e-03 7.109555695250163905e-03 7.109756426953596671e-03 7.004763679575153751e-03 7.110836641811094441e-03 7.109572957791103140e-03 7.111905081943752094e-03 7.110825418039806202e-03 7.109572827757945288e-03 7.108733708733061714e-03 7.109983360148647291e-03 7.000338284470898273e-03 7.109670656897759504e-03 7.116440208812834997e-03 7.112014625155849666e-03 7.107534611155401881e-03
7.003545215533970789e-03 6.996746190965129862e-03 7.108300692445967441e-03 7.116347048587163236e-03 7.112233831601193212e-03 7.105216996316829521e-03 7.113354076480993098e-03 7.112045488065679016e-03 0.000000000000000000e+00 7.114422051538523036e-03 7.108675652258406204e-03 7.116277939117805935e-03 7.108502795727465740e-03 7.114621098182893899e-03 7.106105959016922012e-03 7.105074806454489411e-03 7.109760455918092033e-03 7.102660882564099283e-03 7.112178654404385097e-03 7.004096182089766462e-03 7.111037955293051868e-03 7.113512221810822100e-03 7.112867751421462527e-03 7.107714478143212743e-03 7.114590220949992307e-03 7.114243110715654655e-03 7.112163040279120656e-03 7.107588009147861041e-03 7.122684853827646392e-03 7.109759457074447085e-03 7.110842371762860110e-03 7.003895121720097108e-03 7.113225370277700792e-03 7.112111683353997474e-03 7.007416175234630444e-03 7.113189671683672020e-03 7.010852129483328282e-03 7.113197638074497675e-03 7.112293586158446868e-03 7.106582290305489893e-03 7.113186109511197494e-03 7.108575727832838927e-03 7.109840134684869244e-03 7.108550875530525621e-03 7.110863553421891900e-03 7.109832499945708921e-03 7.107443731140737977e-03 7.121624388429256651e-03 7.116624861290619768e-03 7.106296083468150587e-03 7.114322221017761565e-03 7.113204019277997309e-03 7.003670988765334400e-03 7.114393252200019654e-03 7.111057714331526711e-03 7.110066275282996874e-03 7.107223583956347006e-03 7.112123729156845722e-03 7.113143612411083373e-03 7.112099569098187177e-03 7.110845643656008887e-03 7.107233197171325401e-03 7.106422551747443132e-03 7.109918281776559344e-03 7.105257300129964523e-03 7.114193874713622273e-03 7.109716111788113788e-03 7.121422844118334775e-03 7.108731541820083669e-03 7.107512168345539623e-03 7.109008191523775132e-03 7.106282593059118531e-03 7.113287828297922694e-03 7.110989362943806805e-03 7.009502089226227889e-03 7.111872637590201975e-03 7.121563277787127527e-03 7.104830212422682222e-03 7.114454519219464389e-03 7.105380479945517039e-03 7.114570173154753305e-03 7.108659083931770199e-03 7.120373803124429961e-03 7.105050378243668065e-03 6.997961196130533280e-03 7.111676751994097136e-03 7.113326559205311941e-03 7.112329184749690072e-03 7.113409772113005701e-03 6.994566868459690251e-03 7.110944912066522253e-03 7.112120626863928374e-03 7.107343053480314268e-03 7.105095784181607310e-03 7.111187213179485066e-03 7.111137155485912353e-03 7.111272478902338004e-03 7.115727923119731339e-03 7.114546139058621627e-03 7.111082828072520616e-03 7.111880660731215512e-03 7.108737775322089905e-03 7.111088484722469412e-03 7.110895057990630416e-03 7.113285463205280129e-03 7.108840162601002058e-03 7.107562614173482465e-03 7.107251909534813977e-03 7.109882112105314275e-03 7.109663374923964711e-03 7.114727888155234631e-03 7.109918862229161994e-03 7.107364934547381018e-03 7.106322199059204869e-03 7.115630148706220473e-03 7.001358883585844309e-03 7.107366589550885051e-03 7.106357631602529604e-03 7.000492982439403787e-03 7.112074632587601572e-03 7.108492453403190102e-03 7.107490844436782813e-03 7.110890771744065274e-03 7.109867278570257756e-03 7.113280692306242319e-03 7.117773755949708195e-03 7.111182748501251177e-03 7.108817215234822934e-03
7.113069389214690501e-03 7.115996603014190097e-03 7.005959926394882652e-03 7.117906361765563052e-03 7.118262212875694703e-03 7.111373183302145858e-03 7.114805092553239466e-03 7.120358780212646468e-03 7.114422051538523036e-03 0.000000000000000000e+00 6.999208547507983214e-03 7.115516006190718626e-03 7.109821544445482297e-03 7.120419806058914287e-03 7.117153899371167144e-03 7.113640909931631846e-03 7.115896250626307928e-03 7.113451740558690561e-03 7.115595255905696540e-03 7.004979385921004942e-03 7.114595065890835790e-03 6.998823486390487285e-03 7.114366908689676028e-03 7.108951252204680389e-03 7.120474537298525884e-03 7.120254908869355984e-03 7.113422409319599370e-03 7.106638259457078409e-03 7.123961327241142873e-03 7.111188008025392908e-03 7.116877103796353209e-03 7.110923801342380370e-03 7.114544064581368454e-03 7.118156638616175182e-03 7.117198139936688032e-03 7.116967016052129329e-03 7.120369166417595506e-03 7.116919711440900312e-03 7.118108847672691315e-03 7.107760345287284301e-03 7.003639063407008682e-03 7.119332871052203374e-03 7.111389016184952762e-03 7.112197390152086643e-03 7.114520965240996551e-03 7.106496859769229242e-03 7.108854666690955434e-03 7.009292871202295501e-03 7.115502975309836477e-03 7.112621433702659250e-03 7.113655908814769946e-03 7.117224008982059140e-03 7.007286713617401873e-03 7.115552099829804827e-03 7.112611222824599504e-03 7.113671355550031487e-03 7.115734720529158334e-03 7.115850855816220795e-03 7.114502043499705553e-03 7.113496189220346391e-03 7.001212481075966103e-03 7.002748177859345786e-03 7.112485925938048445e-03 7.108989700542343339e-03 7.000827812754756123e-03 7.118208146857687470e-03 7.118030539214307770e-03 7.016825067617782005e-03 7.112441301040236738e-03 7.113515639128225113e-03 7.112619135807496905e-03 7.105387677282179459e-03 7.116899079677257295e-03 7.107220841530149415e-03 7.126330462723214944e-03 7.110848182740807204e-03 7.120595685054358255e-03 7.115769104316635278e-03 7.117948618798063815e-03 7.109154028891846722e-03 7.002139306968914803e-03 7.114753700734974956e-03 7.124162000660861846e-03 7.002576671903740918e-03 7.114394702020856824e-03 7.113505146127885835e-03 7.114545905848410068e-03 7.115885448737455793e-03 7.114760693150971871e-03 7.111363164402434260e-03 7.109870168743243242e-03 7.115999252352061578e-03 7.108886996784119679e-03 7.113601943037707598e-03 7.112691314553508219e-03 7.116844691769845174e-03 7.114906410776408383e-03 7.119354373687771312e-03 7.113453509170368678e-03 7.105015991629807029e-03 7.113196521269018850e-03 7.112181767251929930e-03 7.114897198685690531e-03 7.116856472558187423e-03 7.005944593652977531e-03 7.114785487377969786e-03 7.111378029633901900e-03 7.111043012210020373e-03 7.113420768447745179e-03 7.115713375989788855e-03 7.113782824207910173e-03 7.115819472030777970e-03 7.113599651060186629e-03 7.105381326625887818e-03 7.119313939654124852e-03 7.118133127634287266e-03 7.113367578595569674e-03 7.114570459155373193e-03 7.112257349634804916e-03 7.113495825156451041e-03 7.114891126190289912e-03 7.113680351693451968e-03 7.001694688779084262e-03 7.116193759188066403e-03 7.114779599749903281e-03 7.121485887073794076e-03 7.112295476150355504e-03 7.112432573386532828e-03
7.112227954984839083e-03 7.105365341043066822e-03 7.106385205776781684e-03 7.107243441166049940e-03 7.107744688753119683e-03 7.100292264518660683e-03 7.111135197363187624e-03 7.110161831901836739e-03 7.108675652258406204e-03 6.999208547507983214e-03 0.000000000000000000e+00 7.105175463479067657e-03 7.103799277263690357e-03 7.109979433731291112e-03 7.106236113136872416e-03 7.105267843287467813e-03 7.107469270403359365e-03 7.100387277256458782e-03 7.107660760617831759e-03 7.107603570269985412e-03 7.106020881410676435e-03 7.106437086132329738e-03 6.997913415268726227e-03 7.097933826125687670e-03 7.109976307312907383e-03 7.107469825602587971e-03 7.102768449397803448e-03 7.100199762595338186e-03 7.118570626078101968e-03 7.107507863040814049e-03 7.106100606200398649e-03 7.109816518037454652e-03 7.106290975193455851e-03 7.107605776217235799e-03 7.111225439163826496e-03 7.106210531736174146e-03 7.112070879753375902e-03 7.108617815281479714e-03 7.105033557852248952e-03 7.099149170011293149e-03 7.103882624976584972e-03 7.110978017241123897e-03 7.102728421876982126e-03 7.103763331950042892e-03 7.101503919237890129e-03 7.097893521826333096e-03 7.102697584109190533e-03 7.109975620512512182e-03 7.114767011988447701e-03 7.101601359917462941e-03 7.112244859363849384e-03 7.103959295170663921e-03 7.102769612889194353e-03 7.109745584322865047e-03 7.103951809010491253e-03 7.105474087420959005e-03 7.105047684027086460e-03 7.109529812336602347e-03 7.106221672312965087e-03 7.107315721945756115e-03 7.103976567256971124e-03 7.100243767382440584e-03 7.101562969558807004e-03 7.102675868854675841e-03 7.098081097286704742e-03 7.109744604943326642e-03 7.109618725484766720e-03 7.115048354081965690e-03 7.099107326903848075e-03 7.102639606382785131e-03 7.101500511731818552e-03 7.101216157805017790e-03 7.108475353335232116e-03 6.995512521963380241e-03 7.118870500125122971e-03 7.104877460330313692e-03 7.114767291383903257e-03 7.105092391793348117e-03 7.107784442690296550e-03 7.098088305804126606e-03 7.105293216599577188e-03 7.103909794254375208e-03 7.118629525589790889e-03 7.100233736373600182e-03 7.106561515885859159e-03 7.107213786339928313e-03 7.103569729766057161e-03 7.105134726631347035e-03 7.104038964334772645e-03 7.100427998652182951e-03 7.103797398157168062e-03 7.105161717892238306e-03 7.102560262019540563e-03 7.102693140902417539e-03 7.103967728253768148e-03 7.106364424974921136e-03 7.108849722789690496e-03 7.106267051189397652e-03 7.102538501679978196e-03 6.995522801465604498e-03 7.107384523131302610e-03 7.103729222561358699e-03 7.104042734233762847e-03 7.106204503065672098e-03 6.995626254530004293e-03 7.103955325286386707e-03 7.100382830945844818e-03 7.102408633396110026e-03 7.098080985529198715e-03 7.105089858730639744e-03 6.996848147368156697e-03 7.107825821256561795e-03 7.100374527441875340e-03 7.101370074987457294e-03 7.106496637490385473e-03 7.110027231352930403e-03 7.105226828611612561e-03 7.101548784252881448e-03 7.101459692860162543e-03 7.105125307982290174e-03 7.108930818003969532e-03 7.102762884789913522e-03 7.101652317464396749e-03 7.105167818898028287e-03 7.106285129200526525e-03 7.111062567245385671e-03 7.103815940331492662e-03 7.099348153546299056e-03
7.113424225673349068e-03 7.110763183613859340e-03 7.116609441134084425e-03 7.113149519441918332e-03 7.110828428377967241e-03 7.108518546088410904e-03 7.114404994097156543e-03 7.115535618764249996e-03 7.116277939117805935e-03 7.115516006190718626e-03 7.105175463479067657e-03 0.000000000000000000e+00 7.111948791449412832e-03 7.113232731793347856e-03 7.001364348972183987e-03 7.110769669569826958e-03 7.115364497387190353e-03 7.108504266346060523e-03 7.115431115051434711e-03 7.117777548175956495e-03 7.003558378351598321e-03 7.116626941477847967e-03 7.116413848079715214e-03 7.106366448780740246e-03 7.115483502779352577e-03 7.117709665828672420e-03 7.103909982169760717e-03 7.106240456237000215e-03 7.012959162555522027e-03 7.112956099390002444e-03 7.116290667847363291e-03 7.117908168786902905e-03 7.114325736081537205e-03 7.112934319410623395e-03 7.114443586619283340e-03 7.109784391722853009e-03 7.115203514533828370e-03 7.111873865429716064e-03 7.113104736770746277e-03 7.102800972321322674e-03 7.112156693145028040e-03 7.005908688907061532e-03 7.108643012996032629e-03 7.111844935817557972e-03 7.107455177285287515e-03 7.108441194120283281e-03 7.110741325260378810e-03 7.009527257212293770e-03 7.122183046123505001e-03 7.109633039201055348e-03 7.117794778226047177e-03 7.114423661013898927e-03 7.113152610224578523e-03 7.113379197727986297e-03 7.112388079001327051e-03 7.113449544353290729e-03 6.997684270896296389e-03 7.117671868227468113e-03 7.107434183751259148e-03 7.004663968682123612e-03 7.109813245599732809e-03 7.110498850186200773e-03 7.107346819932260605e-03 7.108342803915408334e-03 7.108557563030768432e-03 7.004516462265978662e-03 7.007014712833142984e-03 7.117981949325009883e-03 7.107568169192337963e-03 7.108649076417585672e-03 7.109833581070977224e-03 7.107325104319103110e-03 7.116715785959973339e-03 7.114193513323539483e-03 7.121418427427887374e-03 7.113244353893641292e-03 7.115487301495395690e-03 7.108326721148913035e-03 7.110990008349411633e-03 7.106400650310214229e-03 7.111038247617443124e-03 7.109706609770060325e-03 7.123808145409277204e-03 7.110850397866304295e-03 7.109736476132245790e-03 7.110794181209425212e-03 7.111668389337966190e-03 7.110855040914411743e-03 7.114243842137971466e-03 7.106441085587018175e-03 7.109708619570552154e-03 7.108707054722105019e-03 7.108292545421939813e-03 7.110793797830040550e-03 7.112158150592104260e-03 7.109729218423557415e-03 7.003691129190634142e-03 7.114358190237106763e-03 7.110854599301784200e-03 7.001046324039313963e-03 7.113196149715831328e-03 7.111708064574502434e-03 7.109753738467605548e-03 7.109584894114079172e-03 7.006052283099892079e-03 7.112092254843065467e-03 7.108754776286366033e-03 7.110605784947415103e-03 7.110896111561802561e-03 7.002399976303699640e-03 7.113104266291235891e-03 7.110756035865535563e-03 7.108552772131606669e-03 7.109536457976589445e-03 7.116676517261011532e-03 7.106214761687893768e-03 7.108704288955344439e-03 7.109753111053890816e-03 7.109698105016879974e-03 7.113500349490899793e-03 7.112166338652864059e-03 7.104092490720961481e-03 7.112169278896781320e-03 7.110735127837777662e-03 7.109568668323000377e-03 7.111971926347914960e-03 7.114331994153544857e-03 7.104989338628215668e-03
