0.000000000000000000e+00 1.068585569171553833e-02 1.069231881996017194e-02 1.093080937653588547e-02 1.131407413063327191e-02 1.089022845375380022e-02 1.093885524391531236e-02 1.145293090095118003e-02 1.164064683780787791e-02 1.174882776854743391e-02 1.224287790641462488e-02 1.192293347096626960e-02 1.244269313035288420e-02 1.297758164385771039e-02 1.396489745632829328e-02 1.121831431389057679e-02 1.231743932232447561e-02 1.330290775482642802e-02 1.211325961995026249e-02 1.287885587853358771e-02 1.292258869898581242e-02 1.282367579547111051e-02 1.408522432107627530e-02 1.197654829792057542e-02 1.379789414948604312e-02 1.309558227144377168e-02 1.362919033951442808e-02 1.474663027420944697e-02 1.211936309513586205e-02 1.373495818993063743e-02 1.282927190757666459e-02 1.177211985969787121e-02 1.108197632986845406e-02 1.207464928138134684e-02 1.348557791119457325e-02 1.213152325313638855e-02 1.403806146737402415e-02 1.129336052152838873e-02 1.191743558447608785e-02 1.198843004627370146e-02 1.220874398666713274e-02 1.245302561401719250e-02 1.349193668525787773e-02 1.247706757445082339e-02 1.379128877992858576e-02 1.564464465763772127e-02 1.330074776449877844e-02 1.367219108973210043e-02 1.203977387151260528e-02 1.219760865107518202e-02 1.288627462983973383e-02 1.149911507079554203e-02 1.288064616003323920e-02 1.183128760644982375e-02 1.191858242668089769e-02 1.269224903512907073e-02 1.228829525512912385e-02 1.246620327895744430e-02 1.286645753535351974e-02 1.221841012113267233e-02 1.230792105195973110e-02 1.224500034888876231e-02 1.248148301889850410e-02 1.327708630714466952e-02 1.227139976823932339e-02 1.325563826274265763e-02 1.278751526074342788e-02 1.229921690819776176e-02 1.257667206280442540e-02 1.298273646718980587e-02 1.349660699863386264e-02 1.411183152242425493e-02 1.429340432457517490e-02 1.233210901040385915e-02 1.221490619418340133e-02 1.680575120994359448e-02 1.269970258802940316e-02 1.518402833958247197e-02 1.383632062071354918e-02 1.307676552625890512e-02 1.241083801634603953e-02 1.294904427257677522e-02 1.347781780812945009e-02 1.317201622395215363e-02 1.373830413845585074e-02 1.431665202526893020e-02 1.383645825663412827e-02 1.527400157792020360e-02 1.264237503575317556e-02 1.234565124023931197e-02 1.309901503420549465e-02 1.218164959883333461e-02 1.232426749280331885e-02 1.297389243343684273e-02 1.402055981350021525e-02 1.400392355748930097e-02 1.579019672405915231e-02 1.450022264766079490e-02 1.286547206826998101e-02 1.302107621016540366e-02
1.068585569171553833e-02 0.000000000000000000e+00 1.046607866048643136e-02 1.074305910331144372e-02 1.062818301878184005e-02 1.097814941509977008e-02 1.128241656249270690e-02 1.144846999049582703e-02 1.172214737551962455e-02 1.177888299682844191e-02 1.212123355842038841e-02 1.195627645856373912e-02 1.254728296544250533e-02 1.311424008764061448e-02 1.426966815800284095e-02 1.135047052377371503e-02 1.223246640985552712e-02 1.347646022341808351e-02 1.202193329210356904e-02 1.319044305616122806e-02 1.311177963360690875e-02 1.297698983163970109e-02 1.428462729409289353e-02 1.196234194734736161e-02 1.344915687144005410e-02 1.320749552405884111e-02 1.385445326656237208e-02 1.539734753703710796e-02 1.244394368022631175e-02 1.402982723801104829e-02 1.255762159275203467e-02 1.181035953438259144e-02 1.118296955475046525e-02 1.216024875219079253e-02 1.363233695087302799e-02 1.232269501142981873e-02 1.474156722759005500e-02 1.125018002325639359e-02 1.180055764649795558e-02 1.191303247267192639e-02 1.229930248911648323e-02 1.212504862145426937e-02 1.361850584659252648e-02 1.316804038713386554e-02 1.396728718164741596e-02 1.591577971887235890e-02 1.348794949457721333e-02 1.390416475224693846e-02 1.224659805371694672e-02 1.289186360686217676e-02 1.310534265721262359e-02 1.192603291313249630e-02 1.309233394006521084e-02 1.185709335811525877e-02 1.183864506551424341e-02 1.286733426798250188e-02 1.251370560837271675e-02 1.267929563926832245e-02 1.310445966053925757e-02 1.231061825065290875e-02 1.250780471600127994e-02 1.235339506195773200e-02 1.266487527923747247e-02 1.349075405907457746e-02 1.242578654568005959e-02 1.353594436885866698e-02 1.297296671129525257e-02 1.231548163448896102e-02 1.275524819786152779e-02 1.322922024402895143e-02 1.378039915316819040e-02 1.435196221444974204e-02 1.454646022961745416e-02 1.234481374011168336e-02 1.238277353927766042e-02 1.706724989582298832e-02 1.296070264983775928e-02 1.545651181804847361e-02 1.398840267221156813e-02 1.323392889655984790e-02 1.256083554815261120e-02 1.314831748783278943e-02 1.368527060205397376e-02 1.336291598003872504e-02 1.397198389819338978e-02 1.456055578964531722e-02 1.408562820573338627e-02 1.550444511398592351e-02 1.285533473496196233e-02 1.234726637704976551e-02 1.331295330525025626e-02 1.230512304431182619e-02 1.234457479838304943e-02 1.316911344264009263e-02 1.424916851212388279e-02 1.421607010856751861e-02 1.601894416691492656e-02 1.474163997207443913e-02 1.264788120740192694e-02 1.326875057030834151e-02
1.069231881996017194e-02 1.046607866048643136e-02 0.000000000000000000e+00 1.073372859651291512e-02 1.072189890548040647e-02 1.104759118190756263e-02 1.075057811194712193e-02 1.144928611122173097e-02 1.171234158440953403e-02 1.173679900791213537e-02 1.210207661673467876e-02 1.194522767118754401e-02 1.252887537633413408e-02 1.306524308529957365e-02 1.423779878145819272e-02 1.130532620026085053e-02 1.218644190432871012e-02 1.300065325926068847e-02 1.196808432415123052e-02 1.316401581704673869e-02 1.306415556480700589e-02 1.298534507331551742e-02 1.424596421708702355e-02 1.196797150818223500e-02 1.341767972709284606e-02 1.322684706504138191e-02 1.386316530805744955e-02 1.541242568359789747e-02 1.244577722027889743e-02 1.400310257748126758e-02 1.261635621320432443e-02 1.177979509672330734e-02 1.113141502832451675e-02 1.213628257165458128e-02 1.362801946443497128e-02 1.233804381831723682e-02 1.475558136245337833e-02 1.168959167239847809e-02 1.178643743374484937e-02 1.189124369982950610e-02 1.224781909146689662e-02 1.216401222649752221e-02 1.364898372042462615e-02 1.319574096856893260e-02 1.395344359525367561e-02 1.592157922453543012e-02 1.345470807857396082e-02 1.385394004661697452e-02 1.227581092881742560e-02 1.293030893767256606e-02 1.316913767896993326e-02 1.198401484239817669e-02 1.312324594273102385e-02 1.189871696641062529e-02 1.189610888902679908e-02 1.294133515630587102e-02 1.251875428110569427e-02 1.274246311865279320e-02 1.309993899301562306e-02 1.231952409176726576e-02 1.250992736559510335e-02 1.235264155746993234e-02 1.265988737450657840e-02 1.348657144050410470e-02 1.241530693582165723e-02 1.353483099225132394e-02 1.299896744541677134e-02 1.230990627542047529e-02 1.276419131082411063e-02 1.324154539409096859e-02 1.376308253033471304e-02 1.435884932097818145e-02 1.454761109340752152e-02 1.235773697298700631e-02 1.239018730596957996e-02 1.711599961696752201e-02 1.296856934147433589e-02 1.546441776944112827e-02 1.404852568158570895e-02 1.330220098735164676e-02 1.257144634879151478e-02 1.319351242524013923e-02 1.371031968257595095e-02 1.338162710095381486e-02 1.398651060749965362e-02 1.456906530109440372e-02 1.410138161113892556e-02 1.553945621844431482e-02 1.290558052550962523e-02 1.235819320266209539e-02 1.334293146048177309e-02 1.233888934979041237e-02 1.236041492199806482e-02 1.319873327105616952e-02 1.426749368250127339e-02 1.427120398128178293e-02 1.605792835392384071e-02 1.475035282015115141e-02 1.311296756455100111e-02 1.332548059601732122e-02
1.093080937653588547e-02 1.074305910331144372e-02 1.073372859651291512e-02 0.000000000000000000e+00 1.082240919405478424e-02 1.132027294738905017e-02 1.080982091968663884e-02 1.178245241544128956e-02 1.209353140685921757e-02 1.191684696530756656e-02 1.180628435111424901e-02 1.207979878837322357e-02 1.267450117822880966e-02 1.331599062889721706e-02 1.452205211168406361e-02 1.154472343039599815e-02 1.191767600001035488e-02 1.378920432383691844e-02 1.175710667458549838e-02 1.342188283868103217e-02 1.333016850583709258e-02 1.318972689237607292e-02 1.450997721450703222e-02 1.207659382960871511e-02 1.378055316729176298e-02 1.346511467388321857e-02 1.408652601065272028e-02 1.576019682405627523e-02 1.259916055341544355e-02 1.425311946613950186e-02 1.334804580763199362e-02 1.218570204884348966e-02 1.185742861353657196e-02 1.235070780149407667e-02 1.386178497867760276e-02 1.262707168721106249e-02 1.512021077076017468e-02 1.152644633394377983e-02 1.154587848034794792e-02 1.161445826935138953e-02 1.253730208479060526e-02 1.291763203178623864e-02 1.393084371254450435e-02 1.348604479507642222e-02 1.386260071032687814e-02 1.623026544866638943e-02 1.364901677278400338e-02 1.406728039975278788e-02 1.307992388329203698e-02 1.326453064601705936e-02 1.329581347565686120e-02 1.179373260960183550e-02 1.328418567889803024e-02 1.143325275656115018e-02 1.164724779610424449e-02 1.316260913905627911e-02 1.264621500477553472e-02 1.294394809456125145e-02 1.326787957622710401e-02 1.229665269071340307e-02 1.257951326285916376e-02 1.236128068979321440e-02 1.275211419242279487e-02 1.365116353227967261e-02 1.250523171293141736e-02 1.374807250392049221e-02 1.312468193329268708e-02 1.216541830175956775e-02 1.285764555575646430e-02 1.346178832330752889e-02 1.401872725563247345e-02 1.454600390808013545e-02 1.475541598495831025e-02 1.218712791873986616e-02 1.242755540091900444e-02 1.736187412722803303e-02 1.314877635642095616e-02 1.573256705583177262e-02 1.430744829590274193e-02 1.348402480545308514e-02 1.261183886716095437e-02 1.331467576048069035e-02 1.386693367281678635e-02 1.349895472721159354e-02 1.414678073146542932e-02 1.476223435260622281e-02 1.443087445509488691e-02 1.582127397581889819e-02 1.315431493884697441e-02 1.212619327226233112e-02 1.343442831567197987e-02 1.233656131405525512e-02 1.223022943813593250e-02 1.333630104598678041e-02 1.443335429665681263e-02 1.454327205226821872e-02 1.631953960412147256e-02 1.496031429875674910e-02 1.341597663626760591e-02 1.353387497573259324e-02
1.131407413063327191e-02 1.062818301878184005e-02 1.072189890548040647e-02 1.082240919405478424e-02 0.000000000000000000e+00 1.088281221139215070e-02 1.150762449952083023e-02 1.158109755833845039e-02 1.166298521335959112e-02 1.192862732180991273e-02 1.213250639514782542e-02 1.205076375537962770e-02 1.260496091096018761e-02 1.320847146391550091e-02 1.428592040960838076e-02 1.200366294981846348e-02 1.222456574417873053e-02 1.359256069429822834e-02 1.202499476904595604e-02 1.315344992042845329e-02 1.316353953171818525e-02 1.313159477626256455e-02 1.437447743424787039e-02 1.208939292352035656e-02 1.360502883961556969e-02 1.335753027947409084e-02 1.390567871790340977e-02 1.547300296138155902e-02 1.241476497455394450e-02 1.405364705221565612e-02 1.261370773439551667e-02 1.206840875454456841e-02 1.192066438938101797e-02 1.227095156469775773e-02 1.376450131316433664e-02 1.220509983819616055e-02 1.465762755885143681e-02 1.156177079273354967e-02 1.194016183695714370e-02 1.202803958130708312e-02 1.253693488516831149e-02 1.274111717669878206e-02 1.377428136944479180e-02 1.321162141962128195e-02 1.409238962449872734e-02 1.598112009548940948e-02 1.356444655468122887e-02 1.395252187145621173e-02 1.213146285302512187e-02 1.293057488837013810e-02 1.282262975833919731e-02 1.162406242472727863e-02 1.291886172516430557e-02 1.108961201725690293e-02 1.105045541896728170e-02 1.217003902581866026e-02 1.225334888693291324e-02 1.198206317943450484e-02 1.294260956588907420e-02 1.221459680691524760e-02 1.245058761458135363e-02 1.228894692967370458e-02 1.262416326041910369e-02 1.346851345528411042e-02 1.238757486903672815e-02 1.350934966707054499e-02 1.282866810085131482e-02 1.222885257144502337e-02 1.265397234128789843e-02 1.310060901511179987e-02 1.370560164272853834e-02 1.433626954798855428e-02 1.453247075840232751e-02 1.220798240093822276e-02 1.227988581993949557e-02 1.689850158105713276e-02 1.290579894430400609e-02 1.545488778297019958e-02 1.392239289758464595e-02 1.297175248142418830e-02 1.245781685623803363e-02 1.302235129715322709e-02 1.360725922330089516e-02 1.331413142654195095e-02 1.393229994497168292e-02 1.453384935760265034e-02 1.399899466653844841e-02 1.547805859621055602e-02 1.269556733788588902e-02 1.221552001382565818e-02 1.313612263080313897e-02 1.203646435695288237e-02 1.218280867194363598e-02 1.304439962162281565e-02 1.421636902096214128e-02 1.418637342690502387e-02 1.600619973209493896e-02 1.474170774209907636e-02 1.243293139646339980e-02 1.309567556262529464e-02
1.089022845375380022e-02 1.097814941509977008e-02 1.104759118190756263e-02 1.132027294738905017e-02 1.088281221139215070e-02 0.000000000000000000e+00 1.193459700466116720e-02 1.172474047339390479e-02 1.128308731382281042e-02 1.207561000560133241e-02 1.263836092581221114e-02 1.214021012086117200e-02 1.250705870775816082e-02 1.301226880576858598e-02 1.388297119208272562e-02 1.136288218562585273e-02 1.270832145190887129e-02 1.324182734977989023e-02 1.250052441890668956e-02 1.275578382056401054e-02 1.294453140157035206e-02 1.288533705032981862e-02 1.401060126644478737e-02 1.231249961401075302e-02 1.365475353476299294e-02 1.302527293017800847e-02 1.345806386595376804e-02 1.449870262582891867e-02 1.208995411759508989e-02 1.367703571490552945e-02 1.216308074552977479e-02 1.171184157519235443e-02 1.182981082822024028e-02 1.216083867959983841e-02 1.344489687708962794e-02 1.143020982916939307e-02 1.412842202300860703e-02 1.188035174040635161e-02 1.240875947580123186e-02 1.250455095479843098e-02 1.238345114678398098e-02 1.196239180190670701e-02 1.338827530385303805e-02 1.227275284941191022e-02 1.363057753301583769e-02 1.546294471425874173e-02 1.324096927700691741e-02 1.360358873669484901e-02 1.161649955607559244e-02 1.239994966600194842e-02 1.248130937213339647e-02 1.147321683308340570e-02 1.260564323616916206e-02 1.132783973095320001e-02 1.143137471987487087e-02 1.175236152308733323e-02 1.202407592245331031e-02 1.155316095662510534e-02 1.266874056169097623e-02 1.242672695677934751e-02 1.233742500811012971e-02 1.246785424439634735e-02 1.249701966568454031e-02 1.320510918894002815e-02 1.236620427858804716e-02 1.316138737267632912e-02 1.259910663367046040e-02 1.257664013259212135e-02 1.250600307476444455e-02 1.275722497163206404e-02 1.332916003739635473e-02 1.396362929348568191e-02 1.414752001264733480e-02 1.254054532898312389e-02 1.235227401262916323e-02 1.638990401575974101e-02 1.261039032135488451e-02 1.500415113636428821e-02 1.345558254498572734e-02 1.261731827471393105e-02 1.245323029395181171e-02 1.277279147043952102e-02 1.321987116921059281e-02 1.301777972862477005e-02 1.354578433589529590e-02 1.414130391150906878e-02 1.354983578163780969e-02 1.499744940061174467e-02 1.233942826918511468e-02 1.257884949161329133e-02 1.284187244098722487e-02 1.211179404041536761e-02 1.249669866613466185e-02 1.271676129421388940e-02 1.381772576361244703e-02 1.368123067903530797e-02 1.548144184125829249e-02 1.433260656243785965e-02 1.198697496101804733e-02 1.269957081235616875e-02
1.093885524391531236e-02 1.128241656249270690e-02 1.075057811194712193e-02 1.080982091968663884e-02 1.150762449952083023e-02 1.193459700466116720e-02 0.000000000000000000e+00 1.163949380290201820e-02 1.208289098343952317e-02 1.104216199512637192e-02 1.183588035054271292e-02 1.180774784432476500e-02 1.239690698806427196e-02 1.295244641087918078e-02 1.425148715990212124e-02 1.127726608227097756e-02 1.198550534646473063e-02 1.299009873662118793e-02 1.174972147503523280e-02 1.321893124759936089e-02 1.299957732420401954e-02 1.275866449235171264e-02 1.415485363546583469e-02 1.170682147953709326e-02 1.349305053455010679e-02 1.314419486006497724e-02 1.388930639612668411e-02 1.561622037329572429e-02 1.251105316190016283e-02 1.398176327383857630e-02 1.333903737010096527e-02 1.199207178016555367e-02 1.100150668783239812e-02 1.203211759963329804e-02 1.347401406217971047e-02 1.255023408229965533e-02 1.493157440609299731e-02 1.115925949542620130e-02 1.098036691444091717e-02 1.104039582779015906e-02 1.158593647745201176e-02 1.268766225587396150e-02 1.358749198915266271e-02 1.342943244599113795e-02 1.405102941988637527e-02 1.600787443707135660e-02 1.335734609031197749e-02 1.339307978085397220e-02 1.309083140502439492e-02 1.314552532977580381e-02 1.331178422964362194e-02 1.206320980042808327e-02 1.326240063261497487e-02 1.207668925210674329e-02 1.204205142027752265e-02 1.322939314491077684e-02 1.266422643500706227e-02 1.302253952526024466e-02 1.318503070497720718e-02 1.230193455742605545e-02 1.249810681958812147e-02 1.230060538372197004e-02 1.262899565166295673e-02 1.346386856514374467e-02 1.234569574257913041e-02 1.356520744507227864e-02 1.310280857670255428e-02 1.220591011653996034e-02 1.276504976877771563e-02 1.335936971819439226e-02 1.379867470666203133e-02 1.434795420424988047e-02 1.454229131321377148e-02 1.231026036734672070e-02 1.239804376052072200e-02 1.726452534693134061e-02 1.301154771392624282e-02 1.549229323908171002e-02 1.422699621033233879e-02 1.350185118185173207e-02 1.257859926624884522e-02 1.326050936778950563e-02 1.381789635009621209e-02 1.340570562563404497e-02 1.400772309338116882e-02 1.457465403293360315e-02 1.423911720295840434e-02 1.562494312385147993e-02 1.308444670797297670e-02 1.229706501734461124e-02 1.343500712739396051e-02 1.242953514763523760e-02 1.233505724083602990e-02 1.331936958671850989e-02 1.429498835409638915e-02 1.443634326124481650e-02 1.612651123003349188e-02 1.474210643524298363e-02 1.342912559913608458e-02 1.346007593498776966e-02
1.145293090095118003e-02 1.144846999049582703e-02 1.144928611122173097e-02 1.178245241544128956e-02 1.158109755833845039e-02 1.172474047339390479e-02 1.163949380290201820e-02 0.000000000000000000e+00 1.088432836221104281e-02 1.172052804551632771e-02 1.315229078330424316e-02 1.246420368733975464e-02 1.250201839507649772e-02 1.255778832717066064e-02 1.352855484726450154e-02 1.113162792069249084e-02 1.322807611086562925e-02 1.197358266836377055e-02 1.291900679492938644e-02 1.253040505661063599e-02 1.251539457995867223e-02 1.241775498379994215e-02 1.353638585460993290e-02 1.249255451520824706e-02 1.236265616029063631e-02 1.256721362049158415e-02 1.315997900522317479e-02 1.453517607842126982e-02 1.231278457955797129e-02 1.339428013842859991e-02 1.229526191507934220e-02 1.097277316610851747e-02 1.133957990185652936e-02 1.141574029576909385e-02 1.282830869396338683e-02 1.128714193921312968e-02 1.381479967168588834e-02 1.122287218877371893e-02 1.276267112772579843e-02 1.286012829984168639e-02 1.129517727322671729e-02 1.139793711110178610e-02 1.280270390636172907e-02 1.259839431518849223e-02 1.270538421544520867e-02 1.504638776358002694e-02 1.282407825909584291e-02 1.320634788527065909e-02 1.148151511808189612e-02 1.225638652534383373e-02 1.261458362915639578e-02 1.280209514719752271e-02 1.269065039278954865e-02 1.216721153996650623e-02 1.277802281096248639e-02 1.174092759455166307e-02 1.253350381498523868e-02 1.210824359153843052e-02 1.273863250949129611e-02 1.312352062140201628e-02 1.289473570888501411e-02 1.307298819550022084e-02 1.288271564484896187e-02 1.307483928985065692e-02 1.281049323967155956e-02 1.296405561337510455e-02 1.280311487080349094e-02 1.323563308723328322e-02 1.288219629326077878e-02 1.265380963604390702e-02 1.303239426818103737e-02 1.377325429925641866e-02 1.391611031272893539e-02 1.325723339474395995e-02 1.297633044858099126e-02 1.617327580163687925e-02 1.253659820400762452e-02 1.461862894244974481e-02 1.317931798251693529e-02 1.218793448500778143e-02 1.300712219471327619e-02 1.285773502791057524e-02 1.312569897607472960e-02 1.290389333557981702e-02 1.333502058603967810e-02 1.393751084181901224e-02 1.312418788664972483e-02 1.461191706237068705e-02 1.176800863653277608e-02 1.330309948414227714e-02 1.294351582209933224e-02 1.285312986571349875e-02 1.319765963120694829e-02 1.278838314506130364e-02 1.360958483498806403e-02 1.340400026895045317e-02 1.512237528155054717e-02 1.407130095557876902e-02 1.183454628498382261e-02 1.259725395489474237e-02
1.164064683780787791e-02 1.172214737551962455e-02 1.171234158440953403e-02 1.209353140685921757e-02 1.166298521335959112e-02 1.128308731382281042e-02 1.208289098343952317e-02 1.088432836221104281e-02 0.000000000000000000e+00 1.249067638990795925e-02 1.336454516639146335e-02 1.268705126161191916e-02 1.266609174926947717e-02 1.259986816808081507e-02 1.322190878821301666e-02 1.198077013016715306e-02 1.338869186083556893e-02 1.192748960585972295e-02 1.310093962946187914e-02 1.169868556095037850e-02 1.237561549951424894e-02 1.260374059438923965e-02 1.347540302460342558e-02 1.282113433076040830e-02 1.247468055253582106e-02 1.268642262972951087e-02 1.304851979802956752e-02 1.426071162268643770e-02 1.216828046033215267e-02 1.318580348774600446e-02 1.220847929064271253e-02 1.126059804426714911e-02 1.223511670027759707e-02 1.169236405014039554e-02 1.298887522959607521e-02 1.093395478345624700e-02 1.292062415234443082e-02 1.220516477247377170e-02 1.314707991404806542e-02 1.323564173582941240e-02 1.217638540014333998e-02 1.160178413201502258e-02 1.297455643450253632e-02 1.238203944243787546e-02 1.313446404443265915e-02 1.489342022264328845e-02 1.286011185543231225e-02 1.312239137761074884e-02 1.094360624089329818e-02 1.195153439753764667e-02 1.224732181448169241e-02 1.273234218987040998e-02 1.199395759534101560e-02 1.255618912726612184e-02 1.230611416554969022e-02 1.126023356246971460e-02 1.233575794018066003e-02 1.125417946175035107e-02 1.237003438474029542e-02 1.312312725899986501e-02 1.287330461989619375e-02 1.308984863608431831e-02 1.280885425787784207e-02 1.288979910232664235e-02 1.281179346620330527e-02 1.263436248488173166e-02 1.263732692618386132e-02 1.326275509502056194e-02 1.277102003254610048e-02 1.175365820184485002e-02 1.259426541185702624e-02 1.359429564551328795e-02 1.365341021696228098e-02 1.324771824740685056e-02 1.293162602586706532e-02 1.579227535854725931e-02 1.219135165157142313e-02 1.431814050381866391e-02 1.295657951954571480e-02 1.226318510995752335e-02 1.298196270684143401e-02 1.260420734465252102e-02 1.297001603645337592e-02 1.279275043377790799e-02 1.321082754073277417e-02 1.369671019493023424e-02 1.231479800792023398e-02 1.434584270486829669e-02 1.127593302986749230e-02 1.326614687943007687e-02 1.271961732282263918e-02 1.277905463858617155e-02 1.321444559921297612e-02 1.262852009122874923e-02 1.346857273478216724e-02 1.320688764928365858e-02 1.491883629103056205e-02 1.386120663756052612e-02 1.135149368090372993e-02 1.216481108423247276e-02
1.174882776854743391e-02 1.177888299682844191e-02 1.173679900791213537e-02 1.191684696530756656e-02 1.192862732180991273e-02 1.207561000560133241e-02 1.104216199512637192e-02 1.172052804551632771e-02 1.249067638990795925e-02 0.000000000000000000e+00 1.139928096760609369e-02 1.084303550365607952e-02 1.181816177863493494e-02 1.236424585715345005e-02 1.370543043681915311e-02 1.171692818422445832e-02 1.204836097163122094e-02 1.272060275709446103e-02 1.179771411908459196e-02 1.285700765989493226e-02 1.198674537462873085e-02 1.230599523084706381e-02 1.364129124480602945e-02 1.073719745309011445e-02 1.296716108242678724e-02 1.213828071870596929e-02 1.340286740106629709e-02 1.515024462631731766e-02 1.214196569547574753e-02 1.350658337697778488e-02 1.302060977530556524e-02 1.237761856992889396e-02 1.134755629608924336e-02 1.165462762235529304e-02 1.266360112551622764e-02 1.232473500783641193e-02 1.455770012323671057e-02 1.098542946443498147e-02 1.118721994220569713e-02 1.122139212666654721e-02 1.121091834706881840e-02 1.190476027337519262e-02 1.268763194447437154e-02 1.306273605258873038e-02 1.367500611211549567e-02 1.556636753166660246e-02 1.298280273518359444e-02 1.334071757457822721e-02 1.301193973240342278e-02 1.283277246722934126e-02 1.304510279389661104e-02 1.235032002964670146e-02 1.303728729086960601e-02 1.224883541558283336e-02 1.240000217701013249e-02 1.301587566310338610e-02 1.251012807449024267e-02 1.289314491681743668e-02 1.289396065801756870e-02 1.224838905939412866e-02 1.222319358343962499e-02 1.213356315100336431e-02 1.228548112324255939e-02 1.294229321167924412e-02 1.149391758404342927e-02 1.304655432837004136e-02 1.286585585255385980e-02 1.222019459439616790e-02 1.238145929439311323e-02 1.304595435131309517e-02 1.331124294080125031e-02 1.394122391141059368e-02 1.411492341607112171e-02 1.245790103879701981e-02 1.217040451045897122e-02 1.681921968630986641e-02 1.258553493254735769e-02 1.492335814557777668e-02 1.375905605182375230e-02 1.326264808822460485e-02 1.238156648753597523e-02 1.298423188903633126e-02 1.343735014873839381e-02 1.303527812072354831e-02 1.360793490794975046e-02 1.416494371758536715e-02 1.341403893449122191e-02 1.508969696081610516e-02 1.279842563162590305e-02 1.246821036773233977e-02 1.317883289629583586e-02 1.237040859310148573e-02 1.247191173014987851e-02 1.301899437569748949e-02 1.389015450966975436e-02 1.394541029950101957e-02 1.561329958673355993e-02 1.427812805661882872e-02 1.320647757957483549e-02 1.310603456618352793e-02
1.224287790641462488e-02 1.212123355842038841e-02 1.210207661673467876e-02 1.180628435111424901e-02 1.213250639514782542e-02 1.263836092581221114e-02 1.183588035054271292e-02 1.315229078330424316e-02 1.336454516639146335e-02 1.139928096760609369e-02 0.000000000000000000e+00 1.123446378578202287e-02 1.178419462649183888e-02 1.253824966657590516e-02 1.442457784971288431e-02 1.260698997724324887e-02 1.114667722897351616e-02 1.414140093302172774e-02 1.128551834622782551e-02 1.350753807732136408e-02 1.261298437420955466e-02 1.306383945455255081e-02 1.394131695702642559e-02 1.123455202853312906e-02 1.414329871022979197e-02 1.298555614011783106e-02 1.414441324273413292e-02 1.607329885460149696e-02 1.263484826076883595e-02 1.410946921204258089e-02 1.390912344521235897e-02 1.346200155908798199e-02 1.230195866688955572e-02 1.243242220724820150e-02 1.400778536759198292e-02 1.303219665560226108e-02 1.540445690152959964e-02 1.247578683671260631e-02 1.134432536763592750e-02 1.079602850906574533e-02 1.267035980232584721e-02 1.340093602271560415e-02 1.415579239579703094e-02 1.381689121745786029e-02 1.466838077835529858e-02 1.644444484769799764e-02 1.363656480092823031e-02 1.409765127094935594e-02 1.382182424458750641e-02 1.358643796662303317e-02 1.355732822249696226e-02 1.205750028698186066e-02 1.348705655877939329e-02 1.228723197962138663e-02 1.195904069840504624e-02 1.369017212758494133e-02 1.288055956145851833e-02 1.344962561362435596e-02 1.338033755278834891e-02 1.214771054002213198e-02 1.240034543552796450e-02 1.206640267528439996e-02 1.250721293424466099e-02 1.335998774638173792e-02 1.216628914297479547e-02 1.358455754272199986e-02 1.323634526967478603e-02 1.186141558922973634e-02 1.268731580151740909e-02 1.360301138307453035e-02 1.401743394617006172e-02 1.447735730129500256e-02 1.464351087944565886e-02 1.210554889689374573e-02 1.227592131185608129e-02 1.757172212441998616e-02 1.311386396787362491e-02 1.567657018651569603e-02 1.460406539751374876e-02 1.389443389054442930e-02 1.254912757061335191e-02 1.337380023149242932e-02 1.406611821619391071e-02 1.359635495796682886e-02 1.427983443451405834e-02 1.477165460035932687e-02 1.464283570544718666e-02 1.591645995144241529e-02 1.345676852949549002e-02 1.198506670816098379e-02 1.360399514666542874e-02 1.247751343249054595e-02 1.219285583229326973e-02 1.350677590500081252e-02 1.458516651997989258e-02 1.479990949333466130e-02 1.648386881361726952e-02 1.493949672312550568e-02 1.397120906935217510e-02 1.372584015394293609e-02
1.192293347096626960e-02 1.195627645856373912e-02 1.194522767118754401e-02 1.207979878837322357e-02 1.205076375537962770e-02 1.214021012086117200e-02 1.180774784432476500e-02 1.246420368733975464e-02 1.268705126161191916e-02 1.084303550365607952e-02 1.123446378578202287e-02 0.000000000000000000e+00 1.102545799221870196e-02 1.166436045422568173e-02 1.350880965567882383e-02 1.191728312042254767e-02 1.141654961913972366e-02 1.328585268758666199e-02 1.169723169346540380e-02 1.282224662578215074e-02 1.224881969762462407e-02 1.174188282669195831e-02 1.300131393881858756e-02 1.076278473881388600e-02 1.315148367313249099e-02 1.201433062954887325e-02 1.328602875157741670e-02 1.506159575257869088e-02 1.208064405829720710e-02 1.322867649480533210e-02 1.304308011326328967e-02 1.224341234384414973e-02 1.169396208795930002e-02 1.173400011148413927e-02 1.312975953807937572e-02 1.242229970587692411e-02 1.452449740021246466e-02 1.179604894206689840e-02 1.180197844222539809e-02 1.137138158945273127e-02 1.187410810235752130e-02 1.213107703728564038e-02 1.323008279327436004e-02 1.297596039129744749e-02 1.374041910040495890e-02 1.541376959382491536e-02 1.280080984836196901e-02 1.320732798050250519e-02 1.311293811214563933e-02 1.284039822073422890e-02 1.299857048556970693e-02 1.229269616129932165e-02 1.291515189525402514e-02 1.222715311795330613e-02 1.237967178242326341e-02 1.303264792244157588e-02 1.245545038104614415e-02 1.287890356434524992e-02 1.280273731617498356e-02 1.200394302168299177e-02 1.187821116769662878e-02 1.178549102992325695e-02 1.194994013789173713e-02 1.261397834800032612e-02 1.117500848673171933e-02 1.277970012709739485e-02 1.273844530233628550e-02 1.196862845719939145e-02 1.214715404728442666e-02 1.289491578705213685e-02 1.321435049050495754e-02 1.360076672168299486e-02 1.376952925688706975e-02 1.229637314858448953e-02 1.153327864907148330e-02 1.661439429209458224e-02 1.243215167639005227e-02 1.425034088028035925e-02 1.373928008064619240e-02 1.325356432461725562e-02 1.217420219136203068e-02 1.282193207121785049e-02 1.329298669300581041e-02 1.294085779068610172e-02 1.352821160482504427e-02 1.395446099840379553e-02 1.382165841796406149e-02 1.454479519429014399e-02 1.276339969974896529e-02 1.229067458817482798e-02 1.306918666809491793e-02 1.224372646135824146e-02 1.231800045207819688e-02 1.286453436791322284e-02 1.381677359106106388e-02 1.390419521148842340e-02 1.548458278572054266e-02 1.402619419899454878e-02 1.326435544061441846e-02 1.300698769468213757e-02
1.244269313035288420e-02 1.254728296544250533e-02 1.252887537633413408e-02 1.267450117822880966e-02 1.260496091096018761e-02 1.250705870775816082e-02 1.239690698806427196e-02 1.250201839507649772e-02 1.266609174926947717e-02 1.181816177863493494e-02 1.178419462649183888e-02 1.102545799221870196e-02 0.000000000000000000e+00 1.098854250902788626e-02 1.303656927430362801e-02 1.195058741587854551e-02 1.181196522514590258e-02 1.291202561976159506e-02 1.159350093626866293e-02 1.250996503986118169e-02 1.137228510417140695e-02 1.134594957596108018e-02 1.240118343026106254e-02 1.113337443453698075e-02 1.289609634396137773e-02 1.183231720504886869e-02 1.298121397598041293e-02 1.469823696767471113e-02 1.189143079669584616e-02 1.268534382454469291e-02 1.298054001094557999e-02 1.263239975128615557e-02 1.198486367284818874e-02 1.101095249199899803e-02 1.285520492964093743e-02 1.231072204262656511e-02 1.417539262118462824e-02 1.205778205579926925e-02 1.245496348405376180e-02 1.240034637725142760e-02 1.131058179301320729e-02 1.253785947815996490e-02 1.302716567594472581e-02 1.283096929987404683e-02 1.349785211106829634e-02 1.498275237992635449e-02 1.184953507216313269e-02 1.278095618024793940e-02 1.303366384156835756e-02 1.269101187738080026e-02 1.287769530851766778e-02 1.276280132097307868e-02 1.272388013623596340e-02 1.266693463417783126e-02 1.289435141876656143e-02 1.295087029758576827e-02 1.250134224461816115e-02 1.280128655692471321e-02 1.266174050267542851e-02 1.227990357858374341e-02 1.182186461500980314e-02 1.150802633784664408e-02 1.167879765366787448e-02 1.162436702688251534e-02 1.162654036022370448e-02 1.190416552034079950e-02 1.262123031493334914e-02 1.223972143394471551e-02 1.193269631559407823e-02 1.258718386167187626e-02 1.280866918932183594e-02 1.266157876995557645e-02 1.274137589001491863e-02 1.271353846467067512e-02 1.220826803587256315e-02 1.615350260635831092e-02 1.212732695442454885e-02 1.371881633998971173e-02 1.356359654746288126e-02 1.314678826473928384e-02 1.229809067296989099e-02 1.254797477157764719e-02 1.303709016133688774e-02 1.261310399090156444e-02 1.313888456994617010e-02 1.343877729059920340e-02 1.354671955844283064e-02 1.451168580579862213e-02 1.260892149724240734e-02 1.270876736649391610e-02 1.292227375040024863e-02 1.262165145205650096e-02 1.273855984693103745e-02 1.270504400824144786e-02 1.346172613870995002e-02 1.367395358293167426e-02 1.505596623508683590e-02 1.352323804753529507e-02 1.314724639695632503e-02 1.284028731082454550e-02
1.297758164385771039e-02 1.311424008764061448e-02 1.306524308529957365e-02 1.331599062889721706e-02 1.320847146391550091e-02 1.301226880576858598e-02 1.295244641087918078e-02 1.255778832717066064e-02 1.259986816808081507e-02 1.236424585715345005e-02 1.253824966657590516e-02 1.166436045422568173e-02 1.098854250902788626e-02 0.000000000000000000e+00 1.198249159963630205e-02 1.232135921527445846e-02 1.247173803475313397e-02 1.190705276080723102e-02 1.219566438166414836e-02 1.212624750608867243e-02 1.087986913518413506e-02 1.109254626927253483e-02 1.180386994851282192e-02 1.178406609702550498e-02 1.239219479469342092e-02 1.187985122314231048e-02 1.219259316798880499e-02 1.415380612035158775e-02 1.220982449324017199e-02 1.173452976223724256e-02 1.271887221085926147e-02 1.239039049449096146e-02 1.200419941781430758e-02 1.135368576210386837e-02 1.241647346195942983e-02 1.234850057716013749e-02 1.362295267923063075e-02 1.252261200905359535e-02 1.314205422922063403e-02 1.306739184901952594e-02 1.142557924098458640e-02 1.228672484460189250e-02 1.264930447145085589e-02 1.252985418286810260e-02 1.306773237904339247e-02 1.442808150559094123e-02 1.149006950222929667e-02 1.233595459074581478e-02 1.278457499264337542e-02 1.232728657947140816e-02 1.287134383997268726e-02 1.341186639725670815e-02 1.271235891476904870e-02 1.328693354259585270e-02 1.355580636547297491e-02 1.281105223543115360e-02 1.293735345793084295e-02 1.282451355981461226e-02 1.269495851228051239e-02 1.290195053169497855e-02 1.233824117232872747e-02 1.209187530230021630e-02 1.163832022105624857e-02 1.121386125804693309e-02 1.164198038646534553e-02 1.140889249261860076e-02 1.288611902537073473e-02 1.285171701312220853e-02 1.235232619336962268e-02 1.231518958920114690e-02 1.232801481546960155e-02 1.268331159395607970e-02 1.223966291430595918e-02 1.337309576936004767e-02 1.276625938459858417e-02 1.564485129103115185e-02 1.197443629856252342e-02 1.315056920308165823e-02 1.323502963955069250e-02 1.301488265125825758e-02 1.288093614462327424e-02 1.265594890875943075e-02 1.282244246669780353e-02 1.247789643570398725e-02 1.281202322012580698e-02 1.300465265824518775e-02 1.306872024907917117e-02 1.396781893637409275e-02 1.244287149389466419e-02 1.335089672521309716e-02 1.297667097321257394e-02 1.321112212327024173e-02 1.338634980263578821e-02 1.269115131502681487e-02 1.315609326180016206e-02 1.327420495909244560e-02 1.453937424342369687e-02 1.306875348680510210e-02 1.288975216344137240e-02 1.259518926255048625e-02
1.396489745632829328e-02 1.426966815800284095e-02 1.423779878145819272e-02 1.452205211168406361e-02 1.428592040960838076e-02 1.388297119208272562e-02 1.425148715990212124e-02 1.352855484726450154e-02 1.322190878821301666e-02 1.370543043681915311e-02 1.442457784971288431e-02 1.350880965567882383e-02 1.303656927430362801e-02 1.198249159963630205e-02 0.000000000000000000e+00 1.350749363243011064e-02 1.445418831812570956e-02 1.158292108657648679e-02 1.371453493239831525e-02 1.154388906645037460e-02 1.175870404378162419e-02 1.270582200113430822e-02 1.120701317869835650e-02 1.378667163444568210e-02 1.183896096255356196e-02 1.183208235789584561e-02 1.202203416597238776e-02 1.217864510109224925e-02 1.224762690767817672e-02 1.094998414793310962e-02 1.242918928907654243e-02 1.313129217563664859e-02 1.375548737559295805e-02 1.322513405654165801e-02 1.233341894479974762e-02 1.288320821569095484e-02 1.156320492374613394e-02 1.384081272363258362e-02 1.456880931513447261e-02 1.455499457418885610e-02 1.327050811407152857e-02 1.288189806057592028e-02 1.241820710943782220e-02 1.178029995184834595e-02 1.215763521311134625e-02 1.258615062380332231e-02 1.237199001978193935e-02 1.149919252125823285e-02 1.282577479480055509e-02 1.179296574488799057e-02 1.329012860393979055e-02 1.444150910660812852e-02 1.331420434345228880e-02 1.428421248568956768e-02 1.461220112927780895e-02 1.300798141099177539e-02 1.372190145708673988e-02 1.326367705963809977e-02 1.313468214447608209e-02 1.395523714334415480e-02 1.333710850009721394e-02 1.368861076187741742e-02 1.273193424395485489e-02 1.184394417096601600e-02 1.285226027568745280e-02 1.120634841404981145e-02 1.362118603667109538e-02 1.403298887699537881e-02 1.333856983593211323e-02 1.255811515112458671e-02 1.133890883154873956e-02 1.211198827788623374e-02 1.132713727313933334e-02 1.441991247426518616e-02 1.336301110762216741e-02 1.425732870242991425e-02 1.184127793737202276e-02 1.168156493670094095e-02 1.226720337235131901e-02 1.320855280043672572e-02 1.386298725409312177e-02 1.330507565039238879e-02 1.262983916211315831e-02 1.303165932932777438e-02 1.240157901864314023e-02 1.221038919728509656e-02 1.125857418216069661e-02 1.196286784050403819e-02 1.257627629246259142e-02 1.443800044218530171e-02 1.350826097279012560e-02 1.411359780677884888e-02 1.440114181706267545e-02 1.315391134583579653e-02 1.254895505424221194e-02 1.205601048096032780e-02 1.315322742279581222e-02 1.212776300186355419e-02 1.273632259975422849e-02 1.200718071614204248e-02
1.121831431389057679e-02 1.135047052377371503e-02 1.130532620026085053e-02 1.154472343039599815e-02 1.200366294981846348e-02 1.136288218562585273e-02 1.127726608227097756e-02 1.113162792069249084e-02 1.198077013016715306e-02 1.171692818422445832e-02 1.260698997724324887e-02 1.191728312042254767e-02 1.195058741587854551e-02 1.232135921527445846e-02 1.350749363243011064e-02 0.000000000000000000e+00 1.273236320414963645e-02 1.224110883564850580e-02 1.249885044618064510e-02 1.262323869318775910e-02 1.249790037762551001e-02 1.152060460380263315e-02 1.281625963851521638e-02 1.204939308412521573e-02 1.309023632987591640e-02 1.194774281876259669e-02 1.298768406125588165e-02 1.467777079690351684e-02 1.209341121708615990e-02 1.317335635887422439e-02 1.252018062709862184e-02 1.124175938428145262e-02 1.086110400132129367e-02 1.157086719545347836e-02 1.215665844249578381e-02 1.207405031432784610e-02 1.416369204994470665e-02 1.084824659146862817e-02 1.222678835482408043e-02 1.183510778668124021e-02 1.098586634021582811e-02 1.199894637997683117e-02 1.276518388564894073e-02 1.266301146525543320e-02 1.271468956452941924e-02 1.457271065355908966e-02 1.205333540932623966e-02 1.287494519371384406e-02 1.241330950443884570e-02 1.243002883580724034e-02 1.282145201557980362e-02 1.260209005597535264e-02 1.281003072905804140e-02 1.242660635514821615e-02 1.268077495862086554e-02 1.266429756096885094e-02 1.243099059203751217e-02 1.212138725693743223e-02 1.275063298299645986e-02 1.268873840870068763e-02 1.240401383226118898e-02 1.258359183076500354e-02 1.238640174824661572e-02 1.288131668975070650e-02 1.240863052176778558e-02 1.293539612024596254e-02 1.273126928596207512e-02 1.277222662722080418e-02 1.250360684221124390e-02 1.282092141147564597e-02 1.316602314585464673e-02 1.353492998767187247e-02 1.373906642039853833e-02 1.285928658288724644e-02 1.259097226042109156e-02 1.640265635096258001e-02 1.250682958394097426e-02 1.461956340616102530e-02 1.348177681412053922e-02 1.294084559576626908e-02 1.265883906058776383e-02 1.283266057039890093e-02 1.309366047205967436e-02 1.273454355828460179e-02 1.321011523326433637e-02 1.374298754797425443e-02 1.361445860648582279e-02 1.470105660102731353e-02 1.256806353808022705e-02 1.290126165324954888e-02 1.299046677337598564e-02 1.262812793480419180e-02 1.285671277514252066e-02 1.277286329920223652e-02 1.348561131672991811e-02 1.359879554711211289e-02 1.513131602055238327e-02 1.381705574356099052e-02 1.278214046163238943e-02 1.287198062303932314e-02
