0.000000000000000000e+00 6.430247244523410247e-03 6.430247735117699398e-03 6.430247596247455101e-03 6.430247784407108758e-03 6.430247596308342160e-03 6.430247599570093273e-03 6.430247512438169201e-03 6.430247596306252686e-03 6.430247596366983620e-03 6.430247596307235407e-03 6.430247777821266643e-03 6.430230637090166533e-03 6.430247596308319609e-03 6.430247596308320476e-03 6.430247596307197243e-03 6.430247599630071337e-03 6.430247596308319609e-03 6.430247596369197995e-03 6.430247596245049907e-03 6.430247596307217192e-03 6.430247596246169671e-03 6.430247596308332619e-03 6.430247602892950019e-03 6.430247596370323830e-03 6.430247596245072458e-03 6.430247596308312670e-03 6.430247596308492214e-03 6.430247596308271904e-03 6.430247596368122466e-03 6.430247599691070286e-03 6.430247596308514765e-03 6.430247599829499484e-03 6.430247596307522504e-03 6.430247599631151202e-03 6.430247596308316139e-03 6.430247596309446312e-03 6.430247599630008019e-03 6.430230637091998401e-03 6.430247596368295938e-03 6.430247596308319609e-03 6.430247596306085285e-03 6.430247596371447064e-03 6.430247244523388563e-03 6.430247596307197243e-03 6.430247781153339108e-03 6.430247596306106102e-03 6.430247596306110439e-03 6.430247596308290119e-03 6.430247596370337708e-03 6.430247596307216325e-03 6.430247596306102632e-03 6.430247596314384202e-03 6.430247777760299786e-03 6.430247781084622374e-03 6.430247596306102632e-03 6.430247557758165221e-03 6.430247599693118994e-03 6.430247781082867702e-03 6.430247596369220546e-03 6.430247599570111487e-03 6.430247596308335221e-03 6.430247781082890253e-03 6.430247596307193773e-03 6.430247596368103384e-03 6.430247596308313537e-03 6.430230637090276688e-03 6.430247596315635805e-03 6.430247596306058397e-03 6.430247603014796129e-03 6.430247596369372334e-03 6.430247596306145133e-03 6.430247596247324997e-03 6.430247596307352501e-03 6.430247596376380617e-03 6.430247599630184094e-03 6.430247599638293059e-03 6.430247596307197243e-03 6.430247596315478813e-03 6.430247777760200040e-03 6.430247596308379457e-03 6.430247557681792285e-03 6.430247599632259690e-03 6.430247596305950844e-03 6.430247781092323679e-03 6.430247596310562606e-03 6.430247596371444462e-03 6.430247777761174087e-03 6.430247778208036252e-03 6.430247599693170168e-03 6.430247596308342160e-03 6.430247596309426363e-03 6.430247596315006968e-03 6.430247599760600605e-03 6.430247596309456720e-03 6.430247596308467928e-03 6.430247596369387079e-03 6.430247596246185283e-03 6.430247596758397952e-03 6.430247596248931351e-03 6.430247777699184611e-03 6.430247596307094027e-03 6.430247599631166815e-03 6.430247599630027969e-03 6.430247596375228761e-03 6.430247596307217192e-03 6.430247777761311130e-03 6.430247596307387195e-03 6.430247596307412349e-03 6.430247596307197243e-03 6.430247599631146865e-03 6.430247599631297786e-03 6.430247596246211304e-03 6.430247599693190118e-03 6.430247599692049537e-03 6.430247596245049907e-03 6.430247596307238876e-03 6.430247777830488433e-03 6.430247596308313537e-03 6.430247596369345446e-03 6.430247599570089803e-03 6.430247602955048783e-03 6.430247599631296919e-03 6.430247554435906086e-03 6.430247603075749975e-03 6.430247596308353436e-03 6.430247596369214474e-03 6.430247596370337708e-03
6.430247244523410247e-03 0.000000000000000000e+00 6.430247777639480633e-03 6.430247596197039700e-03 6.430247784226542258e-03 6.430247596127775661e-03 6.430247599511589723e-03 6.430247596125511847e-03 6.430247596125878741e-03 6.430247280660242488e-03 6.430247286275535441e-03 6.430247777640697542e-03 6.430247596125724351e-03 6.430247596127753977e-03 6.430247596124255040e-03 6.430247596126628142e-03 6.430247599449503970e-03 6.430247596127753977e-03 6.430247596188630628e-03 6.430247596186413651e-03 6.430247596126649826e-03 6.430247596187535150e-03 6.430247596127812090e-03 6.430247602834297284e-03 6.430247286338466005e-03 6.430247596186434468e-03 6.430247596127747906e-03 6.430247596127923980e-03 6.430244996770717071e-03 6.430247596185171589e-03 6.430247599510502919e-03 6.430247596127948266e-03 6.430247599648934720e-03 6.430247596126954270e-03 6.430247599572516681e-03 6.430247596127749640e-03 6.430247596128880680e-03 6.430247289598372239e-03 6.430247596136065037e-03 6.430247596187730307e-03 6.430247596127753977e-03 6.430247596125518786e-03 6.430247596190878830e-03 6.430247596125515316e-03 6.430247596126629009e-03 6.430247780972773476e-03 6.430247596125472816e-03 6.430247596125542205e-03 6.430247596127766987e-03 6.430247596189771209e-03 6.430247596126648958e-03 6.430247596125536133e-03 6.430247596133818570e-03 6.430247777579732420e-03 6.430247780902877998e-03 6.430247596125535266e-03 6.430247599513664453e-03 6.430247599510170720e-03 6.430247780902300335e-03 6.430247596188650577e-03 6.430247599511458752e-03 6.430247596127767855e-03 6.430247780902322886e-03 6.430247596126671510e-03 6.430247596187536017e-03 6.430247596127748773e-03 6.430247596125775525e-03 6.430247596135047622e-03 6.430247596125535266e-03 6.430247602834273865e-03 6.430247596188803233e-03 6.430247596125576899e-03 6.430247596188819713e-03 6.430247596126786001e-03 6.430247596195811516e-03 6.430247599449614992e-03 6.430247599457729162e-03 6.430247596126629009e-03 6.430247596134914048e-03 6.430247777579631806e-03 6.430247596127811223e-03 6.430247599449457133e-03 6.430247599451694926e-03 6.430247596247318925e-03 6.430247780911755445e-03 6.430247596129995240e-03 6.430247596190918728e-03 6.430247777580604986e-03 6.430247778027469753e-03 6.430247599512600200e-03 6.430247596125389549e-03 6.430247596128860731e-03 6.430247596130942399e-03 6.430247599580182424e-03 6.430247596128831240e-03 6.430244996770717071e-03 6.430247596188819713e-03 6.430247596187470098e-03 6.430247596577832320e-03 6.430247596191393175e-03 6.430247777640530141e-03 6.430246976545633993e-03 6.430247599448220275e-03 6.430247599449458867e-03 6.430247596194663129e-03 6.430247596126649826e-03 6.430247777575983682e-03 6.430247596126741766e-03 6.430247596126846717e-03 6.430247596126628142e-03 6.430247599572579999e-03 6.430247599450731287e-03 6.430247596187577651e-03 6.430247599512621016e-03 6.430247599511481303e-03 6.430247596186394569e-03 6.430247596124288000e-03 6.430247777649918464e-03 6.430247596127748773e-03 6.430247596186242781e-03 6.430247599511435333e-03 6.430247292920806580e-03 6.430247599450731287e-03 6.430247596189758198e-03 6.430247602895185211e-03 6.430247596127787804e-03 6.430247596186263598e-03 6.430247596187387699e-03
6.430247735117699398e-03 6.430247777639480633e-03 0.000000000000000000e+00 6.430247777708397727e-03 6.430247965737911561e-03 6.430247777639165781e-03 6.430247738319885310e-03 6.430247734934978372e-03 6.430247777637269728e-03 6.430247777697848874e-03 6.430247777638102395e-03 6.430247959152071181e-03 6.430247777637117940e-03 6.430247777639143229e-03 6.430247777639144097e-03 6.430247777638019128e-03 6.430247780960892355e-03 6.430247777639143229e-03 6.430247777700017278e-03 6.430247777697805506e-03 6.430247777638041680e-03 6.430247777698924402e-03 6.430247777639197873e-03 6.430247784345689138e-03 6.430247777701194288e-03 6.430247777697828925e-03 6.430247777639136290e-03 6.430247777639315834e-03 6.430247777639483235e-03 6.430247777698946954e-03 6.430247781021893906e-03 6.430247777639338386e-03 6.430247781160323972e-03 6.430247777637228095e-03 6.430247781083912005e-03 6.430247777639138025e-03 6.430247777640269932e-03 6.430247780960872406e-03 6.430247777647457759e-03 6.430247777697228710e-03 6.430247777639143229e-03 6.430247777636908905e-03 6.430247777700414530e-03 6.430247777639441602e-03 6.430247777638019996e-03 6.430247599517259667e-03 6.430247777636929722e-03 6.430247777636933192e-03 6.430247777639156240e-03 6.430247777579376801e-03 6.430247776101812203e-03 6.430247777636927120e-03 6.430247777645173128e-03 6.430247596184956484e-03 6.430247596185113476e-03 6.430247777636926253e-03 6.430247781025062379e-03 6.430247780902178037e-03 6.430247962413666168e-03 6.430247777700044166e-03 6.430247780240595269e-03 6.430247776767027482e-03 6.430247962413693057e-03 6.430247777638056425e-03 6.430247777698925270e-03 6.430247777639135423e-03 6.430247777638043415e-03 6.430247777646308505e-03 6.430247777636927120e-03 6.430247784345664852e-03 6.430247777700195087e-03 6.430247777636967019e-03 6.430247777700210700e-03 6.430247777638170917e-03 6.430247777707205105e-03 6.430247780961007714e-03 6.430247780969119281e-03 6.430247776101790519e-03 6.430247777646305035e-03 6.430247959091001976e-03 6.430247777639203077e-03 6.430247780960853324e-03 6.430247780963085913e-03 6.430247777758708178e-03 6.430247599508892228e-03 6.430247777641385359e-03 6.430247777700454428e-03 6.430247959091943064e-03 6.430247959538839056e-03 6.430247781022141104e-03 6.430247777639165781e-03 6.430247777640251718e-03 6.430247777645829721e-03 6.429324118190836608e-03 6.430247777640282075e-03 6.430247777639483235e-03 6.430247777699095273e-03 6.430247777698920933e-03 6.430247778089223307e-03 6.430247777702785029e-03 6.430247959151867351e-03 6.430247777759152267e-03 6.430247780961992170e-03 6.430247780960853324e-03 6.430247777706054983e-03 6.430247777638041680e-03 6.430247959092115669e-03 6.430247777638211683e-03 6.430230859588118887e-03 6.430247777638019996e-03 6.430247738380797523e-03 6.430247780962122274e-03 6.430247777698930474e-03 6.430247781022160186e-03 6.430247781022874025e-03 6.430247777697787291e-03 6.430247777638060762e-03 6.430247959039374871e-03 6.430247777639137158e-03 6.430247777577289062e-03 6.430247780240572718e-03 6.430247784285917506e-03 6.430247780962090182e-03 6.430247777701152655e-03 6.430247784406575330e-03 6.430247776869054376e-03 6.430247777578272650e-03 6.430247777579379403e-03
6.430247596247455101e-03 6.430247596197039700e-03 6.430247777708397727e-03 0.000000000000000000e+00 6.430247784295491445e-03 6.430247596196719644e-03 6.430247599580536308e-03 6.430247596194460166e-03 6.430247596194826193e-03 6.430247596255408808e-03 6.430247596195657125e-03 6.430247777709646728e-03 6.430247596194826193e-03 6.430247596193349943e-03 6.430247596196699694e-03 6.430247596195575593e-03 6.430247599518451422e-03 6.430247596196700562e-03 6.430247596257578947e-03 6.430247596255363705e-03 6.430247596195592941e-03 6.430247596123110990e-03 6.430247596196758675e-03 6.430247602903246470e-03 6.430247596255404471e-03 6.430247596125361793e-03 6.430247596196692755e-03 6.430247596196870564e-03 6.430247596197038833e-03 6.430247596256503419e-03 6.430247599579448636e-03 6.430247596196894851e-03 6.430247599717879570e-03 6.430247596195746464e-03 6.430247599511441405e-03 6.430247596196695357e-03 6.430247596194478381e-03 6.430247599518432340e-03 6.430228389392835323e-03 6.430247596256483469e-03 6.430243017176097767e-03 6.430247596194464503e-03 6.430247596259825414e-03 6.430247596197000669e-03 6.430247596195578196e-03 6.430245181613245507e-03 6.430247596194485320e-03 6.430247596194489657e-03 6.430247596196708368e-03 6.430247596258721263e-03 6.430247596192249261e-03 6.430247596194483585e-03 6.430247596194333531e-03 6.430247777648646912e-03 6.430247780972970367e-03 6.430247596194481850e-03 6.430247599582617976e-03 6.430247599581499079e-03 6.430247780971247787e-03 6.430247596257602366e-03 6.430247599580404469e-03 6.430247596196712705e-03 6.430245491457517275e-03 6.430247596195618962e-03 6.430247596256485204e-03 6.430247596196692755e-03 6.430247596196052642e-03 6.430247596204015890e-03 6.430247596194482718e-03 6.430247602903224786e-03 6.430247596257751552e-03 6.430247596194526086e-03 6.430247596257768032e-03 6.430247596195733453e-03 6.430247596264761570e-03 6.430247599518563312e-03 6.430247599526674011e-03 6.430247596195576461e-03 6.430247596203860633e-03 6.430247777648580125e-03 6.430247596196755205e-03 6.430247599518405452e-03 6.430247599520642378e-03 6.430247596316266377e-03 6.430247780980672540e-03 6.430247596198942692e-03 6.430245306742901276e-03 6.430245488133960567e-03 6.430247778096417205e-03 6.430247599581546784e-03 6.430247596196719644e-03 6.430245306580243195e-03 6.430247596203386186e-03 6.430247599588049395e-03 6.430247596197835938e-03 6.430247596197040567e-03 6.430247596257768032e-03 6.430247596256480867e-03 6.430247596646780639e-03 6.430247596129225023e-03 6.430247777705937022e-03 6.430247596318564886e-03 6.430247599519546900e-03 6.430247599518407187e-03 6.430247596263611448e-03 6.430247596195597277e-03 6.430247777649691215e-03 6.430247596195767280e-03 6.430247596195791566e-03 6.430247596195575593e-03 6.430247599641592503e-03 6.430247599519677872e-03 6.430247596256333416e-03 6.430247599581569336e-03 6.430247599580425286e-03 6.430247596125340977e-03 6.430247596195618962e-03 6.430247777718868518e-03 6.430247596196693623e-03 6.430247596257724664e-03 6.430247599580380183e-03 6.430247602843472236e-03 6.430245304330609556e-03 6.430247596258710854e-03 6.430247602964130928e-03 6.430247596196540967e-03 6.430247596257596295e-03 6.430247596258721263e-03
6.430247784407108758e-03 6.430247784226542258e-03 6.430247965737911561e-03 6.430247784295491445e-03 0.000000000000000000e+00 6.430247784226222202e-03 6.430247787610042336e-03 6.430247784223964459e-03 6.430245493951105944e-03 6.430247784284907897e-03 6.430247783456905300e-03 6.430247965736738888e-03 6.430247784224327016e-03 6.430247784226200518e-03 6.430247784226201385e-03 6.430247784225080754e-03 6.430247787547953113e-03 6.430247784226200518e-03 6.430247784287080638e-03 6.430247784284863662e-03 6.430247784225099836e-03 6.430247784285984293e-03 6.430247784226256896e-03 6.430247784284849784e-03 6.430247784288250709e-03 6.430247777841531683e-03 6.430247784226194446e-03 6.430247784226368786e-03 6.430247784226540524e-03 6.430247784286005110e-03 6.430247787608950327e-03 6.430247784226395674e-03 6.430247781038624447e-03 6.430122780610738296e-03 6.430247787670967559e-03 6.430247784226196181e-03 6.430247784227331558e-03 6.430247780900057337e-03 6.430247784234646886e-03 6.430247784286178582e-03 6.430247784226200518e-03 6.430247784223967929e-03 6.430247784289321034e-03 6.430247784224120584e-03 6.430247784222849032e-03 6.430247969071200068e-03 6.430247784223988745e-03 6.430247784223989613e-03 6.430247784226212661e-03 6.430247784288218617e-03 6.430247784225099836e-03 6.430247784223985276e-03 6.430247784232267713e-03 6.430247965678157276e-03 6.430247969002483334e-03 6.430247784223985276e-03 6.430247787612118800e-03 6.430247780962883818e-03 6.430247969000729528e-03 6.430247784286855124e-03 6.430247787609910497e-03 6.430247784225968932e-03 6.430247962352875386e-03 6.430247784222889798e-03 6.430247784285980824e-03 6.430247784226193579e-03 6.430247784225559537e-03 6.430247784233513245e-03 6.430247784223984409e-03 6.430247790932723875e-03 6.430247784287252376e-03 6.430247784224028644e-03 6.430247784287270590e-03 6.430247784225234277e-03 6.430122780617145498e-03 6.430247787548063268e-03 6.430247780900060807e-03 6.430247782688811378e-03 6.430247784233359722e-03 6.430247602773089301e-03 6.430247784226259498e-03 6.430247787547908878e-03 6.430247787550143201e-03 6.430247784345766333e-03 6.430247969010185506e-03 6.430247784228446985e-03 6.430247784289120673e-03 6.430247965679031577e-03 6.430247602772144744e-03 6.430247787611051945e-03 6.430247777782882417e-03 6.430247784227309873e-03 6.430247784232888744e-03 6.430247787678634169e-03 6.430247784227341966e-03 6.430247784226538789e-03 6.430247784287268856e-03 6.430247784285980824e-03 6.429324124498534895e-03 6.430247784289588181e-03 6.430247602835081379e-03 6.430247784348066577e-03 6.430247787549047724e-03 6.430247787547909745e-03 6.430247784293111404e-03 6.430247784225100703e-03 6.430247602775293267e-03 6.430247784225268971e-03 6.430247784225294992e-03 6.430247784225079886e-03 6.430247781022106410e-03 6.430247774457677722e-03 6.430247784286025926e-03 6.430247787611071027e-03 6.430247787609930446e-03 6.430247784284843712e-03 6.430247784225119785e-03 6.430247965745848789e-03 6.430247782689928540e-03 6.430247784287223753e-03 6.430247780177492968e-03 6.430247790872973060e-03 6.430247780901158020e-03 6.430247784288209943e-03 6.430247790993631751e-03 6.430247783456109062e-03 6.430247784284866264e-03 6.430247784287971419e-03
6.430247596308342160e-03 6.430247596127775661e-03 6.430247777639165781e-03 6.430247596196719644e-03 6.430247784226222202e-03 0.000000000000000000e+00 6.430247599511271402e-03 6.430247596125195260e-03 6.430247596125519653e-03 6.430247596186136096e-03 6.430247596126392219e-03 6.430247777640376618e-03 6.430247596125559552e-03 6.430245300946426865e-03 6.430247596127434788e-03 6.430247596126305483e-03 6.430247599449186516e-03 6.430245300946426865e-03 6.430247596188312306e-03 6.430247596186094462e-03 6.430247596126332371e-03 6.430247596187215961e-03 6.430247596127493769e-03 6.430247602833978095e-03 6.430247596189481510e-03 6.430247596186114412e-03 6.430247596127423512e-03 6.430243017114596615e-03 6.430247596127773926e-03 6.430247596187233308e-03 6.430247599510179393e-03 6.430247596127629944e-03 6.430247599648612929e-03 6.430247596126635080e-03 6.430247599572199227e-03 6.430247596127428716e-03 6.430247596128560623e-03 6.430247599449166566e-03 6.430247596135897636e-03 6.430247596187411985e-03 6.430247596127428716e-03 6.430247596125198729e-03 6.430247596190560508e-03 6.430247596127735762e-03 6.430247596126309820e-03 6.430247780972456022e-03 6.430247596125217811e-03 6.430247596125222148e-03 6.430247596124099782e-03 6.430247596189449417e-03 6.430247596126332371e-03 6.430247596125216077e-03 6.430247596133477697e-03 6.430247777579408894e-03 6.430247780903734951e-03 6.430247596125216077e-03 6.430247599510004186e-03 6.430247599512233306e-03 6.430247780901977676e-03 6.430247596188332256e-03 6.430247599511138695e-03 6.430247596127446931e-03 6.430247780902001095e-03 6.430247596126352320e-03 6.430247596187196012e-03 6.430247596127426982e-03 6.430247596126787736e-03 6.430247596134749249e-03 6.430247596125195260e-03 6.430247602833950339e-03 6.430247596188482309e-03 6.430247596125255975e-03 6.430247596188497922e-03 6.430247596122968742e-03 6.430247596195493194e-03 6.430247599449296671e-03 6.430247599457407370e-03 6.430247596126309820e-03 6.430247596134590522e-03 6.430247777575965468e-03 6.430247596127492901e-03 6.430247599449142280e-03 6.430247599451374002e-03 6.430247596246994532e-03 6.430247780911437991e-03 6.430245306620439340e-03 6.430247596190580457e-03 6.430247777580283194e-03 6.430247778027107196e-03 6.430247599508936464e-03 6.430247596124084170e-03 6.430247596128541542e-03 6.430247596134112606e-03 6.430247599579864970e-03 6.430247596128572767e-03 6.430247596127777396e-03 6.430247596188499656e-03 6.430247596187213359e-03 6.430247596577493181e-03 6.430247596191073986e-03 6.430247777640212686e-03 6.430247596249299112e-03 6.430247599450259442e-03 6.430247599449142280e-03 6.430247596186080584e-03 6.430247596126332371e-03 6.430245487970701404e-03 6.430247596126501507e-03 6.430247596126356657e-03 6.430247596126309820e-03 6.430247599572324127e-03 6.430247599450407761e-03 6.430247596187254125e-03 6.430247599512298358e-03 6.430245309237213325e-03 6.430247596186075380e-03 6.430247596126352320e-03 6.430245446202262002e-03 6.430247596127427849e-03 6.430247596188456288e-03 6.430247599511115277e-03 6.430247602774204728e-03 6.430247599450412965e-03 6.430247596189443346e-03 6.430247602894862552e-03 6.430245306619676061e-03 6.430247596188322715e-03 6.430247596189452020e-03
6.430247599570093273e-03 6.430247599511589723e-03 6.430247738319885310e-03 6.430247599580536308e-03 6.430247787610042336e-03 6.430247599511271402e-03 0.000000000000000000e+00 6.430247599509012792e-03 6.430247599509376216e-03 6.430247551959908381e-03 6.430247599510208016e-03 6.430247781024198486e-03 6.430247599509377084e-03 6.430247599511249718e-03 6.430247599511249718e-03 6.430247599510127351e-03 6.430247596184010192e-03 6.430247599511248850e-03 6.430247599572128971e-03 6.430247599569914596e-03 6.430247599510148168e-03 6.430247599571034360e-03 6.430247599511311300e-03 6.430247599446888875e-03 6.430247599573301644e-03 6.430247599569936280e-03 6.430247599511242779e-03 6.430247599511422323e-03 6.430247599511588856e-03 6.430247599571055177e-03 6.430247596184143766e-03 6.430247599511441405e-03 6.430247603032430460e-03 6.430247599510453479e-03 6.430247596306891932e-03 6.430247599511243646e-03 6.430247599512377288e-03 6.430247602832981496e-03 6.430247599519716035e-03 6.430247599571228649e-03 6.430247599511249718e-03 6.430247599509015394e-03 6.430247599574370233e-03 6.430247599511552427e-03 6.430247599510128219e-03 6.430247784356272686e-03 6.430247599509037078e-03 6.430247599509037078e-03 6.430247557574444994e-03 6.430247551963214764e-03 6.430247599510147301e-03 6.430247599509033608e-03 6.430247599517314311e-03 6.430247780963231630e-03 6.430247784287550748e-03 6.430247599509033608e-03 6.430247602897167132e-03 6.430247602896048235e-03 6.430247784285798678e-03 6.430247599572151522e-03 6.430247602894957094e-03 6.430247599511259259e-03 6.430247742350653217e-03 6.430247599510168985e-03 6.430247599571035227e-03 6.430247599511243646e-03 6.430230640292476478e-03 6.430247599518547699e-03 6.430247599509033608e-03 6.430247599568798302e-03 6.430247599571187016e-03 6.430247599509056160e-03 6.430247599572319790e-03 6.430247599510284344e-03 6.430247599579310726e-03 6.430247602833113335e-03 6.430247602841225769e-03 6.430247599510128219e-03 6.430247599518411523e-03 6.430247780963131883e-03 6.430247599511310433e-03 6.430247602832958945e-03 6.430247518965487817e-03 6.430247599630815533e-03 6.430247784295256390e-03 6.430247557578570167e-03 6.430247599574418806e-03 6.430247780964098124e-03 6.430247781410967228e-03 6.430247602896097675e-03 6.430247599511271402e-03 6.430247599512359073e-03 6.430247599517936209e-03 6.430247602963531581e-03 6.430247599512389431e-03 6.430247599511591458e-03 6.430122554727016847e-03 6.430247599449116259e-03 6.430247599961329795e-03 6.430247599574887181e-03 6.430247780902114720e-03 6.430247599510089188e-03 6.430247602834096923e-03 6.430247602832958945e-03 6.430247599578160604e-03 6.430247599510149036e-03 6.430247780964243841e-03 6.430247599510318171e-03 6.430247599510320773e-03 6.430247599510128219e-03 6.430247602834078709e-03 6.430247602834229630e-03 6.430247599571071657e-03 6.430247602896120226e-03 6.430247602894977911e-03 6.430247599569896381e-03 6.430247599510168985e-03 6.430247781033419409e-03 6.430247599511243646e-03 6.430247599572273820e-03 6.430247602894934543e-03 6.430247606158021392e-03 6.430247602834230497e-03 6.430247557638085927e-03 6.430247606278682686e-03 6.430247599511282677e-03 6.430247599572146318e-03 6.430247599573268684e-03
6.430247512438169201e-03 6.430247596125511847e-03 6.430247734934978372e-03 6.430247596194460166e-03 6.430247784223964459e-03 6.430247596125195260e-03 6.430247599509012792e-03 0.000000000000000000e+00 6.430247596123302677e-03 6.430247596183880955e-03 6.430247596124133609e-03 6.430247777638122345e-03 6.430247596123150021e-03 6.430247596125173576e-03 6.430247596125174443e-03 6.430247596124050342e-03 6.430247599446930508e-03 6.430247596125173576e-03 6.430247596186054564e-03 6.430247596183836720e-03 6.430247596124072026e-03 6.430247596184957351e-03 6.430247596125234291e-03 6.430247602831722087e-03 6.430247596187224635e-03 6.430247596183860138e-03 6.430247596125168372e-03 6.430247596125345314e-03 6.430247596125516184e-03 6.430247596184977300e-03 6.430247599507924253e-03 6.430247596125367865e-03 6.430247599646358656e-03 6.430247596124223815e-03 6.430247599569940617e-03 6.430247596125170106e-03 6.430247554178493072e-03 6.430247557513130326e-03 6.430247596133488973e-03 6.430247596185152507e-03 6.430247596125173576e-03 6.430247596122941854e-03 6.430247596188302765e-03 6.430247596125471081e-03 6.430247596124049475e-03 6.430247780970196544e-03 6.430247596122960936e-03 6.430247596122965273e-03 6.430247596125187454e-03 6.430247596187193410e-03 6.430247596124072894e-03 6.430247596122959201e-03 6.430247596131243373e-03 6.430247777577154621e-03 6.430247780901476341e-03 6.430247596122959201e-03 6.430247557575442460e-03 6.430247599509973828e-03 6.430247780899726005e-03 6.430247596186075380e-03 6.430247599508883555e-03 6.430247596125187454e-03 6.430247738965748881e-03 6.430247596124092843e-03 6.430247596184957351e-03 6.430247596125169239e-03 6.430247596124377338e-03 6.430247596132491507e-03 6.430247596122956599e-03 6.430247602831696066e-03 6.430247596185109139e-03 6.430247596122978283e-03 6.430247596186241046e-03 6.430247596124206468e-03 6.430247596193234584e-03 6.430247599447040663e-03 6.430247599455149628e-03 6.430247596124049475e-03 6.430247596132337984e-03 6.430247777577054874e-03 6.430247596125232556e-03 6.430247599446884538e-03 6.430247515580581746e-03 6.430247596244741994e-03 6.430247780909179381e-03 6.430247596127420043e-03 6.430247596188341797e-03 6.430247777578028054e-03 6.430247778024892821e-03 6.430247599510022401e-03 6.430247596125196127e-03 6.430247554088596232e-03 6.430247596131861802e-03 6.430247599577456306e-03 6.430247596126312422e-03 6.430247596125517051e-03 6.430247596186241914e-03 6.430247596184953882e-03 6.430247596575256255e-03 6.430247596188815376e-03 6.430247777637952342e-03 6.430247596247041370e-03 6.430247599448023384e-03 6.430247599446884538e-03 6.430247596192085330e-03 6.430247596124072026e-03 6.430247777578170301e-03 6.430247596124242897e-03 6.430247596124267183e-03 6.430247596124049475e-03 6.430247599570068119e-03 6.430247599448156090e-03 6.430247596184999852e-03 6.430247599510042350e-03 6.430247599508904371e-03 6.430247596183817638e-03 6.430247596124091976e-03 6.430247777647343267e-03 6.430247596125169239e-03 6.430247596186199413e-03 6.430247599508859269e-03 6.430247560837949045e-03 6.430247551839155147e-03 6.430247596187184736e-03 6.430247602892606544e-03 6.430247596125209138e-03 6.430247596186070176e-03 6.430247596187194277e-03
6.430247596306252686e-03 6.430247596125878741e-03 6.430247777637269728e-03 6.430247596194826193e-03 6.430245493951105944e-03 6.430247596125519653e-03 6.430247599509376216e-03 6.430247596123302677e-03 0.000000000000000000e+00 6.430247596184053560e-03 6.430247596124305347e-03 6.430245178225957661e-03 6.430247596123666101e-03 6.430247596125539603e-03 6.430247596125538735e-03 6.430247596124416369e-03 6.430247599447100511e-03 6.430247596125539603e-03 6.430247596186415386e-03 6.430247596184201012e-03 6.430247596124435451e-03 6.430247596185320776e-03 6.430247596125403427e-03 6.430247602832086379e-03 6.430247596187588927e-03 6.430247596184224430e-03 6.430247596125530929e-03 6.430247596125708738e-03 6.430247596125535266e-03 6.430247596185341592e-03 6.430247599508286810e-03 6.430247596125732157e-03 6.430247599646379472e-03 6.430247596124719078e-03 6.430247599570304042e-03 6.430247596125534398e-03 6.430247596126668040e-03 6.430247599447273983e-03 6.430247596134005053e-03 6.430247596185515065e-03 6.430247596125539603e-03 6.430247596123307013e-03 6.430247596188664455e-03 6.430244996769497560e-03 6.430245305851245603e-03 6.430247780970563438e-03 6.430247596123326095e-03 6.430247596123328697e-03 6.430247596125360059e-03 6.430247596187558569e-03 6.430247596124435451e-03 6.430247596123320891e-03 6.430247596131605063e-03 6.430247777577519780e-03 6.430247780901841501e-03 6.430247596123320891e-03 6.430247599511456150e-03 6.430247599510338988e-03 6.430247780900051266e-03 6.430247596186438805e-03 6.430247599509246112e-03 6.430247596125552613e-03 6.430247780900074685e-03 6.430245306619101001e-03 6.430247596185110007e-03 6.430247596125530929e-03 6.430247596124892551e-03 6.430247596132858401e-03 6.430247596123108388e-03 6.430247602831872140e-03 6.430247596186588858e-03 6.430247596123364259e-03 6.430247596186607073e-03 6.430247596124573362e-03 6.430247596193579794e-03 6.430247599447404955e-03 6.430247599455513920e-03 6.430247596124416369e-03 6.430247596132702276e-03 6.430247777577420033e-03 6.430247596125595981e-03 6.430247599447249697e-03 6.430247599449481419e-03 6.430247596245106285e-03 6.430247780909547142e-03 6.430247596127786069e-03 6.430247596188492717e-03 6.430247777578354182e-03 6.430247778025215480e-03 6.430247599510389295e-03 6.430247596125538735e-03 6.430247596126646356e-03 6.430247596132227829e-03 6.430247599577971519e-03 6.430247596126678448e-03 6.430247596125880476e-03 6.430247596186606206e-03 6.430247596185316439e-03 6.430247596575469626e-03 6.430247596188967164e-03 6.430247777638316634e-03 6.430247596247407396e-03 6.430247599448176039e-03 6.430247599447248830e-03 6.430247596123108388e-03 6.430247596124436318e-03 6.430247777578534593e-03 6.430247596124607189e-03 6.430247596124461472e-03 6.430247596124416369e-03 6.430247599570432411e-03 6.430247599448516913e-03 6.430247596185363276e-03 6.430247599510407509e-03 6.430247599509267796e-03 6.430247596184181930e-03 6.430247596124457135e-03 6.430245446201088462e-03 6.430247596125532664e-03 6.430247596186562838e-03 6.430245309990030404e-03 6.430247602772312145e-03 6.430247599448519515e-03 6.430247596187549895e-03 6.430247602892969969e-03 6.430247596125571695e-03 6.430245306577360952e-03 6.430247596187557702e-03
6.430247596366983620e-03 6.430247280660242488e-03 6.430247777697848874e-03 6.430247596255408808e-03 6.430247784284907897e-03 6.430247596186136096e-03 6.430247551959908381e-03 6.430247596183880955e-03 6.430247596184053560e-03 0.000000000000000000e+00 6.430247596184994648e-03 6.430247462116563811e-03 6.430247596184245247e-03 6.430247596186117014e-03 6.430247596186117014e-03 6.430247596184994648e-03 6.430247599507827976e-03 6.430247584835863811e-03 6.430247596246996267e-03 6.430247596244781892e-03 6.430247596185014597e-03 6.430247596245900789e-03 6.430247548577257451e-03 6.430247602892664657e-03 6.430247596248128174e-03 6.430247596244804444e-03 6.430247596186110942e-03 6.430247596186289619e-03 6.430247596186264465e-03 6.430247596245922473e-03 6.430247599568867690e-03 6.430247596186311303e-03 6.430247599577062524e-03 6.430247596185319041e-03 6.430247599630881453e-03 6.430247596186112677e-03 6.430247596187245451e-03 6.430247599507808894e-03 6.430247596194582464e-03 6.430247596246095945e-03 6.430247596186117881e-03 6.430247596183884425e-03 6.430247596249244468e-03 6.430247596186413651e-03 6.430247596184994648e-03 6.430247781031141717e-03 6.430247548575023994e-03 6.430247596183908711e-03 6.430247596186130024e-03 6.430247596248136847e-03 6.430247596185015464e-03 6.430247596183900037e-03 6.430247596192183342e-03 6.430247777638097191e-03 6.430247780962424116e-03 6.430247596183900037e-03 6.430247599572037030e-03 6.430247599570918134e-03 6.430247780960634749e-03 6.430247589682050631e-03 6.430247599569826125e-03 6.430247596186131759e-03 6.430247780960659035e-03 6.430247596185034546e-03 6.430247596124073761e-03 6.430247596186110942e-03 6.430247596185321643e-03 6.430230673228850592e-03 6.430247596183900037e-03 6.430247602892639504e-03 6.430247596247168872e-03 6.430247596183942538e-03 6.430247596247185352e-03 6.430247596185151640e-03 6.430247596254179757e-03 6.430247599507980631e-03 6.430247599516091331e-03 6.430247596184996382e-03 6.430247596193277952e-03 6.430247777637997444e-03 6.430247596186175994e-03 6.430247593818625394e-03 6.430247599510057963e-03 6.430247596183880955e-03 6.430247780970121084e-03 6.430247596188358276e-03 6.430247596249283500e-03 6.430247777638937665e-03 6.430247778085835392e-03 6.430247599570968441e-03 6.430247596186137830e-03 6.430247596187226369e-03 6.430247596192803505e-03 6.430247599638549798e-03 6.430247596187257594e-03 6.430247596186265333e-03 6.430247596246069057e-03 6.430247596245899054e-03 6.430247596636197958e-03 6.430247596249698099e-03 6.430247777698896647e-03 6.430247596307919755e-03 6.430247593819723474e-03 6.430247599507826241e-03 6.430247596192100075e-03 6.430247596185016332e-03 6.430247777639110270e-03 6.430247596185185467e-03 6.430247596185212355e-03 6.430247596184994648e-03 6.430247599509076109e-03 6.430247599509096058e-03 6.430247596245944157e-03 6.430247599570988390e-03 6.430247599569846942e-03 6.430247590567723243e-03 6.430247596185034546e-03 6.430247777708252011e-03 6.430247596186111810e-03 6.430247596247142851e-03 6.430247599569802706e-03 6.430247602832850524e-03 6.430247599509096058e-03 6.430247596126345382e-03 6.430247602953528298e-03 6.430247596186149973e-03 6.430247596247012747e-03 6.430247596248135980e-03
6.430247596307235407e-03 6.430247286275535441e-03 6.430247777638102395e-03 6.430247596195657125e-03 6.430247783456905300e-03 6.430247596126392219e-03 6.430247599510208016e-03 6.430247596124133609e-03 6.430247596124305347e-03 6.430247596184994648e-03 0.000000000000000000e+00 6.430247467731915745e-03 6.430247596124477952e-03 6.430247596126371402e-03 6.430245306620469697e-03 6.430247596021270579e-03 6.430247599448084966e-03 6.430247596126371402e-03 6.430247596187249788e-03 6.430247590509864143e-03 6.430247596125266384e-03 6.430247596186152576e-03 6.430247596126430383e-03 6.430247602832916444e-03 6.430247596188339194e-03 6.430247596185054496e-03 6.430247595358281817e-03 6.430247596126543140e-03 6.430247596126517987e-03 6.430247596186173392e-03 6.430247599509118610e-03 6.430247596126565691e-03 6.430247599647359591e-03 6.430247596125550878e-03 6.430247599568904120e-03 6.430247596126367066e-03 6.430247596127498973e-03 6.430247599448064150e-03 6.430247596134835986e-03 6.430247596186346865e-03 6.430247596126370535e-03 6.430247286273321067e-03 6.430247596187267135e-03 6.430247596126671510e-03 6.430247596125247302e-03 6.430247780971390902e-03 6.430247596124111925e-03 6.430247596124160497e-03 6.430247596126383546e-03 6.430247596188389501e-03 6.430247595357188074e-03 6.430247596124153558e-03 6.430247596132416046e-03 6.430247777578352447e-03 6.430247780901517107e-03 6.430247596124153558e-03 6.430247599510056228e-03 6.430247599511169053e-03 6.430247780898659150e-03 6.430247596187272340e-03 6.430247599510035411e-03 6.430247596022364322e-03 6.430247780900869188e-03 6.430247596125247302e-03 6.430247596186111810e-03 6.430247596126363596e-03 6.430247596124569025e-03 6.430247596133688466e-03 6.430247596124153558e-03 6.430247602832892158e-03 6.430247596187422393e-03 6.430247596124195192e-03 6.430247596187439740e-03 6.430247596125405161e-03 6.430247596194409859e-03 6.430247599448236755e-03 6.430247599456346587e-03 6.430247595357167258e-03 6.430247596133528871e-03 6.430247777578250966e-03 6.430247596126385280e-03 6.430247599448081497e-03 6.430247599450314086e-03 6.430247596245938085e-03 6.430247780910376340e-03 6.430247596128617002e-03 6.430247596189501459e-03 6.430247777579191186e-03 6.430247778026088046e-03 6.430247599511217625e-03 6.430247596126352320e-03 6.430247596127479891e-03 6.430247596133058761e-03 6.430247599578801584e-03 6.430247596125234291e-03 6.430247596123175174e-03 6.430247596187438873e-03 6.430247596183877486e-03 6.430247596576299692e-03 6.430247596189949885e-03 6.430247777639148433e-03 6.430247286395256515e-03 6.430247599449176975e-03 6.430247599448081497e-03 6.430247596132352729e-03 6.430247596125266384e-03 6.430247777579363791e-03 6.430247596125377406e-03 6.430247596125467612e-03 6.430247595357167258e-03 6.430247599571219108e-03 6.430247599449348712e-03 6.430247596186194209e-03 6.430247599511240177e-03 6.430247598741999603e-03 6.430247596185013730e-03 6.430247596111186500e-03 6.430247777648502930e-03 6.430247596126365331e-03 6.430247596187395505e-03 6.430247599510052758e-03 6.430247602773104046e-03 6.430247599449349580e-03 6.430247596188047761e-03 6.430247602893801769e-03 6.430247596126404362e-03 6.430247596187264533e-03 6.430247596188389501e-03
6.430247777821266643e-03 6.430247777640697542e-03 6.430247959152071181e-03 6.430247777709646728e-03 6.430247965736738888e-03 6.430247777640376618e-03 6.430247781024198486e-03 6.430247777638122345e-03 6.430245178225957661e-03 6.430247462116563811e-03 6.430247467731915745e-03 0.000000000000000000e+00 6.430247777638486636e-03 6.430247777640357536e-03 6.430247777640357536e-03 6.430247777639236037e-03 6.430247470286683774e-03 6.430247777640357536e-03 6.430247777701238523e-03 6.430247777699020680e-03 6.430247777639194404e-03 6.430247777700139576e-03 6.430247777638015659e-03 6.430247784346900843e-03 6.430247777702408594e-03 6.430247777699043231e-03 6.430247777640352332e-03 6.430247777640531008e-03 6.430247777640697542e-03 6.430247777700162128e-03 6.430247781022896576e-03 6.430247777640555294e-03 6.430245181677299304e-03 6.430247777639561298e-03 6.430247781085124577e-03 6.430247777640354066e-03 6.430247777641485973e-03 6.430247780962088447e-03 6.430247777647647711e-03 6.430247777700335600e-03 6.430247777640357536e-03 6.430247777638126681e-03 6.430247777701104082e-03 6.430247777638126681e-03 6.430247777636855129e-03 6.430247962485357953e-03 6.430247777638144896e-03 6.430247777638148365e-03 6.430247777640373148e-03 6.430247777702375635e-03 6.430247777639257721e-03 6.430247777638141427e-03 6.430247777646426466e-03 6.430247959092318631e-03 6.430247962416638617e-03 6.430247777638140559e-03 6.430247781026275818e-03 6.430247781025159523e-03 6.430247599450571692e-03 6.430247777701258473e-03 6.430247781024067515e-03 6.430247777640373148e-03 6.430247599450589040e-03 6.430247777636895895e-03 6.430247467022345322e-03 6.430247777640351464e-03 6.430247777639713086e-03 6.430247777637030336e-03 6.430247777638138824e-03 6.430247784346880893e-03 6.430247777701411128e-03 6.430247777638183060e-03 6.430247777701427608e-03 6.430247777639392162e-03 6.430247777645154914e-03 6.430247780962223755e-03 6.430247780970249454e-03 6.430247777639236904e-03 6.430247777636899364e-03 6.430247959092218885e-03 6.430247777640416516e-03 6.430247780962068498e-03 6.430247780964304556e-03 6.430247777759924219e-03 6.430247962424342524e-03 6.430247777642540685e-03 6.430247777703522287e-03 6.430247596128876343e-03 6.430247959539839124e-03 6.430247781025209830e-03 6.430247777640376618e-03 6.430247777641465157e-03 6.430247777647045762e-03 6.430247781092790320e-03 6.430247777641495514e-03 6.430247777640701011e-03 6.430247777701406792e-03 6.430247777700136974e-03 6.430247778090439348e-03 6.430247157941828932e-03 6.430247959153118954e-03 6.430247777762225329e-03 6.430247471041765535e-03 6.430247780962068498e-03 6.429323808681206009e-03 6.430247777639258588e-03 6.430247959093332577e-03 6.430247777639428591e-03 6.430247777639450275e-03 6.430247777639235170e-03 6.430247781085251212e-03 6.430247780963339183e-03 6.430247777700182944e-03 6.430247781025229779e-03 6.430247781024089199e-03 6.430247777699000730e-03 6.430247777639278538e-03 6.430247596187549895e-03 6.430247777640353199e-03 6.430247777701385975e-03 6.430247781021663188e-03 6.430247784287131813e-03 6.430247780963340050e-03 6.430247777702368696e-03 6.430247784407789637e-03 6.430247777640391363e-03 6.430247777698810778e-03 6.430247777702375635e-03
