0.000000000000000000e+00 1.039978576258959210e-02 1.040249424028282313e-02 1.051057333350059741e-02 1.094637444328397206e-02 1.052811567260896267e-02 1.056684071643603819e-02 1.082414797657090151e-02 1.093004680576927304e-02 1.129342129810586431e-02 1.151794054781995168e-02 1.141976258110094684e-02 1.172834298125539736e-02 1.200159393594633223e-02 1.246532868453831266e-02 1.071319281379192780e-02 1.156789736495290530e-02 1.202144920169102155e-02 1.147523584632366769e-02 1.185352270091002795e-02 1.195581554730449497e-02 1.186608605177466406e-02 1.256127173618496080e-02 1.147529408211571053e-02 1.230103094378731145e-02 1.198117923748349620e-02 1.227524869725432621e-02 1.266990150622557092e-02 1.145833035294231174e-02 1.235032106221333609e-02 1.172352749100527732e-02 1.096521104163613800e-02 1.067552393758017075e-02 1.144225346180732968e-02 1.219225965886306523e-02 1.141282258243684830e-02 1.229767480807192337e-02 1.080913063943145409e-02 1.129735509446657890e-02 1.134580027169724246e-02 1.149252147310933676e-02 1.153415763815747799e-02 1.217264089380994986e-02 1.141013025248887626e-02 1.229740827217059088e-02 1.334757302435663623e-02 1.213181312339337188e-02 1.232183999180346684e-02 1.112813616501522745e-02 1.125710908587427249e-02 1.193454948566599269e-02 1.096289051203306816e-02 1.193249957808555431e-02 1.133170458945811226e-02 1.131980179371732710e-02 1.173984178099560759e-02 1.160982147386504550e-02 1.163347326336513880e-02 1.194753400889203739e-02 1.161289947304075011e-02 1.165580998967893391e-02 1.164701200966677085e-02 1.176545684766061584e-02 1.218494842371679876e-02 1.165324229605470448e-02 1.210569945476725959e-02 1.192641516082757099e-02 1.164346398868707638e-02 1.182574129555023605e-02 1.194911228397721285e-02 1.223412352353978570e-02 1.261164515457366755e-02 1.269981547892144388e-02 1.165974049341651775e-02 1.162249707398286223e-02 1.414082041696921102e-02 1.180477231835727094e-02 1.314298689452970091e-02 1.237920047556828086e-02 1.201475281850806175e-02 1.175528700771089584e-02 1.200785396267860065e-02 1.223043367573068904e-02 1.210374600098936340e-02 1.237676692436715138e-02 1.271780780516319070e-02 1.235773674453955785e-02 1.316702054796178682e-02 1.172704328593729244e-02 1.165112573061928038e-02 1.210880217680751665e-02 1.160111380561090928e-02 1.166539050245968961e-02 1.198956740329639933e-02 1.254751252423061576e-02 1.246140974249842354e-02 1.348630888163945656e-02 1.280196405435171138e-02 1.180032378499413191e-02 1.195519552302583277e-02
1.039978576258959210e-02 0.000000000000000000e+00 1.025698451089590742e-02 1.040193986860419792e-02 1.037229930545350773e-02 1.055328008669694818e-02 1.092971185361720984e-02 1.077356489062200086e-02 1.094591767310449347e-02 1.128250742765162483e-02 1.145536919194963324e-02 1.140842220322978162e-02 1.176760214328865205e-02 1.206368225587228782e-02 1.266542978260972244e-02 1.077797578001382477e-02 1.153532524725594394e-02 1.211335253787641786e-02 1.143293520212317581e-02 1.205782115356384201e-02 1.206020174401114566e-02 1.194327371504516101e-02 1.267314735463614776e-02 1.143513802200377821e-02 1.192003993932744775e-02 1.202116197136929819e-02 1.240863687537737715e-02 1.319680119810375668e-02 1.167523225183828353e-02 1.254238625676389052e-02 1.140547041912515908e-02 1.094883773092662077e-02 1.072064096858128986e-02 1.146587870999135790e-02 1.226098187362393427e-02 1.151709655006916827e-02 1.286776206636388101e-02 1.073402407767160525e-02 1.124298231832065141e-02 1.132482235024945272e-02 1.152353335385272910e-02 1.117417467011116473e-02 1.222565998314624133e-02 1.196930609236831686e-02 1.239063365582288544e-02 1.352031925348760009e-02 1.223418788888099018e-02 1.246106855683236196e-02 1.124687925964872916e-02 1.181699614125666410e-02 1.206366891719190364e-02 1.137989539914489173e-02 1.205579320639573598e-02 1.135542956825945186e-02 1.128521977483193557e-02 1.183141814659735731e-02 1.174847133549559129e-02 1.175746402430695621e-02 1.209174477559148836e-02 1.168847276315131481e-02 1.177490552992288032e-02 1.171241432152487182e-02 1.186813167232162076e-02 1.230794716908010372e-02 1.173601221963460790e-02 1.228401870884773296e-02 1.202882995405808904e-02 1.167622076931722208e-02 1.192389837451506875e-02 1.209855167733055528e-02 1.241506385826263680e-02 1.275681852324418199e-02 1.285522488037041909e-02 1.168954292344376485e-02 1.172283902996774929e-02 1.430376108457794351e-02 1.196581331135467691e-02 1.331580810336237958e-02 1.244895955271354063e-02 1.209099970120298961e-02 1.183688541401133575e-02 1.212011982548796309e-02 1.234792362522820104e-02 1.220865622469323453e-02 1.251670203035985807e-02 1.286592274615486718e-02 1.250982266541115703e-02 1.330310793595514476e-02 1.184808485524185828e-02 1.167545543642622280e-02 1.223478773578324727e-02 1.166781763073446512e-02 1.169885547123601655e-02 1.209794547482507740e-02 1.268350341358147337e-02 1.258236871370697722e-02 1.362129272147252074e-02 1.294824907958835175e-02 1.152676780788113899e-02 1.210537958634396068e-02
1.040249424028282313e-02 1.025698451089590742e-02 0.000000000000000000e+00 1.039647843445550696e-02 1.044630875882115659e-02 1.060555838280434829e-02 1.045739115393385689e-02 1.077220438750104391e-02 1.093370809787360884e-02 1.124825320265335389e-02 1.144312398609292208e-02 1.139995505593352672e-02 1.175287633323719022e-02 1.202254544012327717e-02 1.263657920613657157e-02 1.074002178454579702e-02 1.150012718946209246e-02 1.167689308591250523e-02 1.139174053041685369e-02 1.203293135070108121e-02 1.201971719941653284e-02 1.195077541030006331e-02 1.263924071488903463e-02 1.144239052490118869e-02 1.189179406772725676e-02 1.203705130759797313e-02 1.241358798752771435e-02 1.320680735679384196e-02 1.167475140646807852e-02 1.251785419207769590e-02 1.145150336283921010e-02 1.092125797508590977e-02 1.067883167050010136e-02 1.144655018497042070e-02 1.225581422519178738e-02 1.152663251557203491e-02 1.287644144543056805e-02 1.113718740193936525e-02 1.123489060596542452e-02 1.131072569883128688e-02 1.148102561649555486e-02 1.120514185364431155e-02 1.224986079624663243e-02 1.198885476637807403e-02 1.237590393079082869e-02 1.352284613613167694e-02 1.220450891160147072e-02 1.241599106030398178e-02 1.126704207203791872e-02 1.184675211478135141e-02 1.211236061512888616e-02 1.142596117513267062e-02 1.207696598113902967e-02 1.138439625450234256e-02 1.133133972677466926e-02 1.188843710808716418e-02 1.174699653968270391e-02 1.180563882541050061e-02 1.208329402324296274e-02 1.169406300068692554e-02 1.177489676453872744e-02 1.171085790902761693e-02 1.186280743891461077e-02 1.230312869705970681e-02 1.172674009677110961e-02 1.228138389317930124e-02 1.204610559483372534e-02 1.167289298789994136e-02 1.192908534997265922e-02 1.210569084628584577e-02 1.239759738548131332e-02 1.276030273084717559e-02 1.285418784194578522e-02 1.169922301429666273e-02 1.172642474462880224e-02 1.434188820877784799e-02 1.196997636624779274e-02 1.332019777058605046e-02 1.249579453578326081e-02 1.214333420986035694e-02 1.184277383074559646e-02 1.215470407832624535e-02 1.236503917465100327e-02 1.222092996357678624e-02 1.252570975938913263e-02 1.287045117013160128e-02 1.251989240456349503e-02 1.333062589339422538e-02 1.188677388447703306e-02 1.168410424600178216e-02 1.225510414835433853e-02 1.169069283771867994e-02 1.171038839208550682e-02 1.211826223753700686e-02 1.269550613924403694e-02 1.262557852977073090e-02 1.365187496762078345e-02 1.295319275620096869e-02 1.194776150894497763e-02 1.214919696696655990e-02
1.051057333350059741e-02 1.040193986860419792e-02 1.039647843445550696e-02 0.000000000000000000e+00 1.046663439715456861e-02 1.074057332369316928e-02 1.047850002095030049e-02 1.094547230515539177e-02 1.115029104662640207e-02 1.131636001129783520e-02 1.128691528310728394e-02 1.143806705632904874e-02 1.179117611679799532e-02 1.214099828922859947e-02 1.277558691511682110e-02 1.084171847526625015e-02 1.136690444076587925e-02 1.227005141723358332e-02 1.129252173270300398e-02 1.215320678297526075e-02 1.214945654791636798e-02 1.202789783230768551e-02 1.276250607133284573e-02 1.146119192636488489e-02 1.208922394273982855e-02 1.213797339456010663e-02 1.250362603234618682e-02 1.339591617072580752e-02 1.171534171911711025e-02 1.263146545947564821e-02 1.199913322949960372e-02 1.115566020759834430e-02 1.122782919119094842e-02 1.153254144314575652e-02 1.235298231112941063e-02 1.167275157869468449e-02 1.308140528101595611e-02 1.086942740168239836e-02 1.112214978796664810e-02 1.116807336553784710e-02 1.162700815791884584e-02 1.176906301703361038e-02 1.238569370642351140e-02 1.213504104785164198e-02 1.216169665358754655e-02 1.367932271339666710e-02 1.227328235545693293e-02 1.249840912230603188e-02 1.187581647586890068e-02 1.202898983893163631e-02 1.213145649747747988e-02 1.129819726109895957e-02 1.212799396736988049e-02 1.091074982260538742e-02 1.119962969675827522e-02 1.197825416587591091e-02 1.177797021103677531e-02 1.188242600093675910e-02 1.214042019720567092e-02 1.163404542024949057e-02 1.176420243540874169e-02 1.166648715243404771e-02 1.186628671469033315e-02 1.235242809375530076e-02 1.173119569272121007e-02 1.236560909223581931e-02 1.207405692434953409e-02 1.157341032156819147e-02 1.193274712975835906e-02 1.219922856646537927e-02 1.251566710281377254e-02 1.282372888236442063e-02 1.293296835994939969e-02 1.158378975955809409e-02 1.169835157744769823e-02 1.444840268717746158e-02 1.203089796083389035e-02 1.344363982268386229e-02 1.261469571252165148e-02 1.220435499546633495e-02 1.181435997457461543e-02 1.217500837994237722e-02 1.240351326121795321e-02 1.223185892167337301e-02 1.256607306212774965e-02 1.293811947484932619e-02 1.269538552596717780e-02 1.346435561135682704e-02 1.200024030183485454e-02 1.154953836676331745e-02 1.224947068182876721e-02 1.163150472054651045e-02 1.160920856163288016e-02 1.214812430939611262e-02 1.274005760287354877e-02 1.275440436729957834e-02 1.376987562882016521e-02 1.303276016732539747e-02 1.210378253503659879e-02 1.222972915191518697e-02
1.094637444328397206e-02 1.037229930545350773e-02 1.044630875882115659e-02 1.046663439715456861e-02 0.000000000000000000e+00 1.047713364042924568e-02 1.110114464229952809e-02 1.087201982652357714e-02 1.089352744997122702e-02 1.138791455273847550e-02 1.146750425789466211e-02 1.147491420528280390e-02 1.180460799977329708e-02 1.213117460295520984e-02 1.267255972571848348e-02 1.133951997394685475e-02 1.153400784325732398e-02 1.220063253904114971e-02 1.143902661681359643e-02 1.202568498369633622e-02 1.209624266110390436e-02 1.205898120037876206e-02 1.273856821936727307e-02 1.152438403953958551e-02 1.203572230258391842e-02 1.213354706388781665e-02 1.244523309449392136e-02 1.325463683712106017e-02 1.165053693954127417e-02 1.255550819280102856e-02 1.144607880803471915e-02 1.114852549492529807e-02 1.134845781360024203e-02 1.154462998792939524e-02 1.236131817811685941e-02 1.141930283531662760e-02 1.279563896064298684e-02 1.096889711205515858e-02 1.135520328403702948e-02 1.141924186522065912e-02 1.170217229813255190e-02 1.171091935912729406e-02 1.234421424740765952e-02 1.200333811700346996e-02 1.248623914592884333e-02 1.356785593457365130e-02 1.228959021704059164e-02 1.249276945509270910e-02 1.115006884001382322e-02 1.184717046144329218e-02 1.183766533309166084e-02 1.115873041561653289e-02 1.192056709378150857e-02 1.070462745844865879e-02 1.062100878147258752e-02 1.121813403772900682e-02 1.154600017015103633e-02 1.114884867427798701e-02 1.196640574621437962e-02 1.162205446984200877e-02 1.173159871159214218e-02 1.166549749206359857e-02 1.183564447109708949e-02 1.228702185377897847e-02 1.170542399866692819e-02 1.225905690909026395e-02 1.192019802950782838e-02 1.161953295310343137e-02 1.184453658831955379e-02 1.199564719484353705e-02 1.235135339462744425e-02 1.274045803756921821e-02 1.283974641339848295e-02 1.159888154390932569e-02 1.164877967659009791e-02 1.416098291949990928e-02 1.192078429721074237e-02 1.330884746897673457e-02 1.239364740476184105e-02 1.187930068985030251e-02 1.176249567224334734e-02 1.202440236611190642e-02 1.228282075369103651e-02 1.216921690428621021e-02 1.248238554910383220e-02 1.284133265415887161e-02 1.243548692961172174e-02 1.327466098237719411e-02 1.171823878873687677e-02 1.158816927564030111e-02 1.209777011212653103e-02 1.146384270202825684e-02 1.158970363640239587e-02 1.199954773936428958e-02 1.265490554495619230e-02 1.255465733187437552e-02 1.360597252836887906e-02 1.294343895848864938e-02 1.135067959385009997e-02 1.196539733365683568e-02
1.052811567260896267e-02 1.055328008669694818e-02 1.060555838280434829e-02 1.074057332369316928e-02 1.047713364042924568e-02 0.000000000000000000e+00 1.133550133461086636e-02 1.116510526209287153e-02 1.072272908116376870e-02 1.152701773512144513e-02 1.175198526685038505e-02 1.156532636683954736e-02 1.182807354303692590e-02 1.209424908442579064e-02 1.248133126320998508e-02 1.088827238393034851e-02 1.179944036334937621e-02 1.205419032347543502e-02 1.170521377406344606e-02 1.183477985835540251e-02 1.204383021479723051e-02 1.198317061517169962e-02 1.257683867674713740e-02 1.168349424569684741e-02 1.226291198332383689e-02 1.199430638640021363e-02 1.221473183519813585e-02 1.255349937587051448e-02 1.150070480134172089e-02 1.238296552495200299e-02 1.122103423107295890e-02 1.099262817543588365e-02 1.135337505938150728e-02 1.156891280417750995e-02 1.223845017798641001e-02 1.087764002050095775e-02 1.250504679088785230e-02 1.137384083834252525e-02 1.160861274261038197e-02 1.167895147023296706e-02 1.169431499272008228e-02 1.116696560755893464e-02 1.216662690927396845e-02 1.132836301857430630e-02 1.224923609987263115e-02 1.328655878924727210e-02 1.215629320075859582e-02 1.234406257781653533e-02 1.087194041287596266e-02 1.154906768558504153e-02 1.168852697238535049e-02 1.087751621468250295e-02 1.179094115311359048e-02 1.082711136828425416e-02 1.080623269632479365e-02 1.101737711109686269e-02 1.146676058453587922e-02 1.093135491281423469e-02 1.186743066441695200e-02 1.172779912110692713e-02 1.171872159706806478e-02 1.177676908953247115e-02 1.182714402068947741e-02 1.219751311840027753e-02 1.174858515498887999e-02 1.210695583386182592e-02 1.184914206521250207e-02 1.180028175814259832e-02 1.182474059784851574e-02 1.184742564887561640e-02 1.217989508013611610e-02 1.257074718738885460e-02 1.266153811204834105e-02 1.176905383014448074e-02 1.171666538231059575e-02 1.388711580361965542e-02 1.180785159516527759e-02 1.308229984732798071e-02 1.215366825868942346e-02 1.172680605257298003e-02 1.180468215570744904e-02 1.194178406115904006e-02 1.210204598668499984e-02 1.205618647515914986e-02 1.230286897742240322e-02 1.265726896690808415e-02 1.221143590228336920e-02 1.302552127164284881e-02 1.156483548484285064e-02 1.177588658628665741e-02 1.198021293322171915e-02 1.152258619672724520e-02 1.174959229028926105e-02 1.185956616744481690e-02 1.246623119268199659e-02 1.228239777951911464e-02 1.331807911539233114e-02 1.274726638480897303e-02 1.112957005961704056e-02 1.177916361457211417e-02
1.056684071643603819e-02 1.092971185361720984e-02 1.045739115393385689e-02 1.047850002095030049e-02 1.110114464229952809e-02 1.133550133461086636e-02 0.000000000000000000e+00 1.089270738759797776e-02 1.120215046800777416e-02 1.062650319470762224e-02 1.126284512592155493e-02 1.127994951578737554e-02 1.163247251476291419e-02 1.191258458849223448e-02 1.262011995666158931e-02 1.069355444415052633e-02 1.137369981937685730e-02 1.163758280676148449e-02 1.124931316333205485e-02 1.204768782454500135e-02 1.194509999804651418e-02 1.174294817343845936e-02 1.253964491587913552e-02 1.122454680459102419e-02 1.192670743772832748e-02 1.194533078440854733e-02 1.240894915411364270e-02 1.334840244918722614e-02 1.170224781786354668e-02 1.247516258959426201e-02 1.205973236110630641e-02 1.106630982350104153e-02 1.055598925484329403e-02 1.134178054659247536e-02 1.210009423363064308e-02 1.166736287558090696e-02 1.298862483339757734e-02 1.064097879243836205e-02 1.057083019792006556e-02 1.060984220198363075e-02 1.087599396955624305e-02 1.164892855554252975e-02 1.217022187526576454e-02 1.215312103550784083e-02 1.242823557965813501e-02 1.356596245463676485e-02 1.210128821426570411e-02 1.196936838498267874e-02 1.194452537024424596e-02 1.199363147887284008e-02 1.219522108870252537e-02 1.149841953595914790e-02 1.216110159091123022e-02 1.150643432023126106e-02 1.146339301797189708e-02 1.208932496219963619e-02 1.183557694675439406e-02 1.200004222595828923e-02 1.212294898970166235e-02 1.167118218131119739e-02 1.174866794568489928e-02 1.166014203987717629e-02 1.182144458354185412e-02 1.226341947672231723e-02 1.165509733994930276e-02 1.228092458178880325e-02 1.210399975957855007e-02 1.161031064842206820e-02 1.190986833622087286e-02 1.217332688586069724e-02 1.239705347302455692e-02 1.272547280541681813e-02 1.282355357409771524e-02 1.167515214866300319e-02 1.171556043093162358e-02 1.443319529156402749e-02 1.197890153968043936e-02 1.331388260282879120e-02 1.261157785454791735e-02 1.227214361136834062e-02 1.182977148704167543e-02 1.218215274777544391e-02 1.242536475509598524e-02 1.221515546308797433e-02 1.251457835983512193e-02 1.284767912261518784e-02 1.259965674413178471e-02 1.337109913157638434e-02 1.199979674401132658e-02 1.165319113441379111e-02 1.230042944766394745e-02 1.173959321661267007e-02 1.169951569176798378e-02 1.218874285826457987e-02 1.268897817972342718e-02 1.273176126862800642e-02 1.367846308671361033e-02 1.291942382975332093e-02 1.217306635378801426e-02 1.222606645926926222e-02
1.082414797657090151e-02 1.077356489062200086e-02 1.077220438750104391e-02 1.094547230515539177e-02 1.087201982652357714e-02 1.116510526209287153e-02 1.089270738759797776e-02 0.000000000000000000e+00 1.054632247456219370e-02 1.105942183056017949e-02 1.200471872233842274e-02 1.169594947309690776e-02 1.181103718513997446e-02 1.185782144194732525e-02 1.235358150437437103e-02 1.070978855415980965e-02 1.205583366109113687e-02 1.114405738683121178e-02 1.188157211512898617e-02 1.178916331693725429e-02 1.182738935059350453e-02 1.174438606565014927e-02 1.235242815652699833e-02 1.169449295165693632e-02 1.134173606720233034e-02 1.178064707805329819e-02 1.212721321402942913e-02 1.280445474832129886e-02 1.168085839400143794e-02 1.230632032163017121e-02 1.153543142212182064e-02 1.056642772053223954e-02 1.079897990341182994e-02 1.092938308331507097e-02 1.189199161021193413e-02 1.087004918790190379e-02 1.241516878544397275e-02 1.073988801530714396e-02 1.173221947776203512e-02 1.180331208662063931e-02 1.086757613175930517e-02 1.087629432964860865e-02 1.185480935339446908e-02 1.179013882641172933e-02 1.161789229585763472e-02 1.312099850942934250e-02 1.196106082279541939e-02 1.217231143142286608e-02 1.091577359731064033e-02 1.157995678067435044e-02 1.189546955687686459e-02 1.182741867987580596e-02 1.195350983812603490e-02 1.133548785499201295e-02 1.176826039168966595e-02 1.113449447364514740e-02 1.180813406150220402e-02 1.153092818432564087e-02 1.201058488274428689e-02 1.213556794272908218e-02 1.205113578902663324e-02 1.211806265876678827e-02 1.207089710565002055e-02 1.221607677266166835e-02 1.198014493607013099e-02 1.208624414344276407e-02 1.204967383098979120e-02 1.217311917986342237e-02 1.208289537152451056e-02 1.188497848955329811e-02 1.208280649091000511e-02 1.256381420954246105e-02 1.262625847154478717e-02 1.218198995965346504e-02 1.207282259400835507e-02 1.387611095571222170e-02 1.185731124113897916e-02 1.293519793950867643e-02 1.208174885216192415e-02 1.145246981449895597e-02 1.211237278691954661e-02 1.209066113432088509e-02 1.216217144155565429e-02 1.207849426019956193e-02 1.227316452500945392e-02 1.264144508225547615e-02 1.202093111996666019e-02 1.288021248590812823e-02 1.117708372502175529e-02 1.219327973609748463e-02 1.214905206252073037e-02 1.196352830954333472e-02 1.214865775455491702e-02 1.202128625747751929e-02 1.244226117822355530e-02 1.221512034894836445e-02 1.319415440700128471e-02 1.269172616074746088e-02 1.114802735901822446e-02 1.182339142451202703e-02
1.093004680576927304e-02 1.094591767310449347e-02 1.093370809787360884e-02 1.115029104662640207e-02 1.089352744997122702e-02 1.072272908116376870e-02 1.120215046800777416e-02 1.054632247456219370e-02 0.000000000000000000e+00 1.167936557358923919e-02 1.213052413420705883e-02 1.183113907158150381e-02 1.190743936067022168e-02 1.191841104574079165e-02 1.215129147347928686e-02 1.138978699025003892e-02 1.214035400322695420e-02 1.115133709218475710e-02 1.198486992741117259e-02 1.111830314791295571e-02 1.174775926420960036e-02 1.191923946718786986e-02 1.234576625384260079e-02 1.191342691794954056e-02 1.147210760608519640e-02 1.191196816620908663e-02 1.208094652431136728e-02 1.262749403994944432e-02 1.154280621597468179e-02 1.218251246879081817e-02 1.151133298674126768e-02 1.081903276188657045e-02 1.151662981513888392e-02 1.111143232885850388e-02 1.206542974794068586e-02 1.058725420824301565e-02 1.169566698302048485e-02 1.152374530848727582e-02 1.199613450191964331e-02 1.206294698062568456e-02 1.157889163850594864e-02 1.106868530714811769e-02 1.203469705725614472e-02 1.166318578499161290e-02 1.205745198363177874e-02 1.304477920213457064e-02 1.203007860811067947e-02 1.214568879347156793e-02 1.053579783179625466e-02 1.138373461840262030e-02 1.164587041568065917e-02 1.173646431654464146e-02 1.138540736425626768e-02 1.166676516283563295e-02 1.130180812851853782e-02 1.080508330814698020e-02 1.163086636351574887e-02 1.084017192657998722e-02 1.173985644165894543e-02 1.210485512752493623e-02 1.200787630076395086e-02 1.209996598297023718e-02 1.198429346881325561e-02 1.210874652450942557e-02 1.195112784373520559e-02 1.186593656473562165e-02 1.191173296553507850e-02 1.216072286345686385e-02 1.197185647292785086e-02 1.115977383670594195e-02 1.177859120238619259e-02 1.246686636364785668e-02 1.246025221598908578e-02 1.214116761663561715e-02 1.200830878289253778e-02 1.362016568480097292e-02 1.161531536435219704e-02 1.273832779236831574e-02 1.195522617227426886e-02 1.161720683578247419e-02 1.206739761309317573e-02 1.190873074398743001e-02 1.208687476345947712e-02 1.203221292023037327e-02 1.222382517151928208e-02 1.249345169624004048e-02 1.137475972362328967e-02 1.271413700282949567e-02 1.083621682914417440e-02 1.212799358719674619e-02 1.200806492690372623e-02 1.187792798719955988e-02 1.213334131720977815e-02 1.193750924826955835e-02 1.237850920394091211e-02 1.210881622197585404e-02 1.307973992340034919e-02 1.256676812593299046e-02 1.081719184836450222e-02 1.153101860712088880e-02
1.129342129810586431e-02 1.128250742765162483e-02 1.124825320265335389e-02 1.131636001129783520e-02 1.138791455273847550e-02 1.152701773512144513e-02 1.062650319470762224e-02 1.105942183056017949e-02 1.167936557358923919e-02 0.000000000000000000e+00 1.076631817614659599e-02 1.054691791292727832e-02 1.127355092683316427e-02 1.155072073018502225e-02 1.229149803972911029e-02 1.119930249029947589e-02 1.133076317870773501e-02 1.153755430736214116e-02 1.120352739729127065e-02 1.186637615834557069e-02 1.118990684376361226e-02 1.149304251252763164e-02 1.224008049095481020e-02 1.044987705153013237e-02 1.160823542540919198e-02 1.119572988801524442e-02 1.212650541478893680e-02 1.308375513387085090e-02 1.150575357780755405e-02 1.220701179298276477e-02 1.190972390022287247e-02 1.153421814788537815e-02 1.097729925309317948e-02 1.114715541306399681e-02 1.151296418722954143e-02 1.158545737273695107e-02 1.279879650181640557e-02 1.059594443086271306e-02 1.063709425390499917e-02 1.065781856329286494e-02 1.068411735593772713e-02 1.107529264173058581e-02 1.150552697333988815e-02 1.196602105065995396e-02 1.223796228133683557e-02 1.332478327437532258e-02 1.191571943436329183e-02 1.208960923541277897e-02 1.198530779982926765e-02 1.184960431990708489e-02 1.207602146120105233e-02 1.165501243390595736e-02 1.207984609504335685e-02 1.162573417984201322e-02 1.166228581230575011e-02 1.201633032363304265e-02 1.179518485695060272e-02 1.199299309963271915e-02 1.198607573894634216e-02 1.162111648674085673e-02 1.161795382963994212e-02 1.155436915662199499e-02 1.164253649097041036e-02 1.195237941454321481e-02 1.100925160060613889e-02 1.197291212070136258e-02 1.200666169358548772e-02 1.156193674106791545e-02 1.169393503221461371e-02 1.202733103290569774e-02 1.211251264812480966e-02 1.251334352205868937e-02 1.259575717635105958e-02 1.173170954990609104e-02 1.158971067150852893e-02 1.418424907771614028e-02 1.174209688600122078e-02 1.296621175276057615e-02 1.233836323190342678e-02 1.217894420672359194e-02 1.174543889689740397e-02 1.205882272377426651e-02 1.222615787696538017e-02 1.202065600277637744e-02 1.230214398269489223e-02 1.263085201639200031e-02 1.199413815190656860e-02 1.304942152321677575e-02 1.187272675609077864e-02 1.172082660119628562e-02 1.219091347205445222e-02 1.173062633018152542e-02 1.175291429751983488e-02 1.204887942731629885e-02 1.247223038931639938e-02 1.244181574633159044e-02 1.337410164618455660e-02 1.265876633154255221e-02 1.209573291466609947e-02 1.204505203769352939e-02
1.151794054781995168e-02 1.145536919194963324e-02 1.144312398609292208e-02 1.128691528310728394e-02 1.146750425789466211e-02 1.175198526685038505e-02 1.126284512592155493e-02 1.200471872233842274e-02 1.213052413420705883e-02 1.076631817614659599e-02 0.000000000000000000e+00 1.063659943379273790e-02 1.095201714036654617e-02 1.138349842278241209e-02 1.260857864617451370e-02 1.165886282623101490e-02 1.084652217703802046e-02 1.246460708188873966e-02 1.091076076293551363e-02 1.213634628725377036e-02 1.143723295635614909e-02 1.184338547449524659e-02 1.216593109319743550e-02 1.066288742144134473e-02 1.228889156759933009e-02 1.161141662182507001e-02 1.246296244151134415e-02 1.356226301453033849e-02 1.166748206487936389e-02 1.243161231246510574e-02 1.236218246544462489e-02 1.214460037425799631e-02 1.149751122444084631e-02 1.151613826738326005e-02 1.238408166648996035e-02 1.190747848193030034e-02 1.321986424205465714e-02 1.159097002429518471e-02 1.097355565478014099e-02 1.049570590452312234e-02 1.164518664132705404e-02 1.206510330806453979e-02 1.247608660305529228e-02 1.231539198364332149e-02 1.277513471648510784e-02 1.376451571757411965e-02 1.218331126590498081e-02 1.244214062503916363e-02 1.238140321316941357e-02 1.219890205913695506e-02 1.225514519438387212e-02 1.144428149151394992e-02 1.220956680009451997e-02 1.156934390885944186e-02 1.140316967416297317e-02 1.231229527446122199e-02 1.188390982870623190e-02 1.220033882320532490e-02 1.215042292985822961e-02 1.146745976511757796e-02 1.156274924773778232e-02 1.138354548285652745e-02 1.161038484862681776e-02 1.204248567540550270e-02 1.139970599637037466e-02 1.215146966854443317e-02 1.208634344614735630e-02 1.129947849644431963e-02 1.173098795430849856e-02 1.223203908350790903e-02 1.242938153124849981e-02 1.268821990477043103e-02 1.276015817736049669e-02 1.147451410548385939e-02 1.151580437041868459e-02 1.453079303935612097e-02 1.192501016311583312e-02 1.330656647010611780e-02 1.276279780043128309e-02 1.244572820505680973e-02 1.170325509276170899e-02 1.214693221869509419e-02 1.248267808313297846e-02 1.223330246713866948e-02 1.259191685332607460e-02 1.286425353672904920e-02 1.277225639080752095e-02 1.344915188949319211e-02 1.215541333643964210e-02 1.140581079771100896e-02 1.230626597261208315e-02 1.167248394604103630e-02 1.152816738311219537e-02 1.220499889794458490e-02 1.278016893820878297e-02 1.287190118727821707e-02 1.381378419225906193e-02 1.293173376005758886e-02 1.245924636453445492e-02 1.229571032732714071e-02
1.141976258110094684e-02 1.140842220322978162e-02 1.139995505593352672e-02 1.143806705632904874e-02 1.147491420528280390e-02 1.156532636683954736e-02 1.127994951578737554e-02 1.169594947309690776e-02 1.183113907158150381e-02 1.054691791292727832e-02 1.063659943379273790e-02 0.000000000000000000e+00 1.059887447275911429e-02 1.094318091689302531e-02 1.213584942251296622e-02 1.135035435229349993e-02 1.077701512690604040e-02 1.204333430175638479e-02 1.112936694489971221e-02 1.184619274178423838e-02 1.145571770909706473e-02 1.099253110203630285e-02 1.167722491980655031e-02 1.047458465029059427e-02 1.175691071044853743e-02 1.109478366059996925e-02 1.203596062813151388e-02 1.301207107283870040e-02 1.146820795868471778e-02 1.198740303683832643e-02 1.192467780810686426e-02 1.137007511270913922e-02 1.124045744645154124e-02 1.120982657507814569e-02 1.194285209410058529e-02 1.166533481856114884e-02 1.277495403249104787e-02 1.128013934225332790e-02 1.117916271832575768e-02 1.078076539647280022e-02 1.125988035951614070e-02 1.125383041584135553e-02 1.199522793397834498e-02 1.189696751817868534e-02 1.229271023739265077e-02 1.319914723397593026e-02 1.177358256090328160e-02 1.198858933901861788e-02 1.206396993252388875e-02 1.185742701233812729e-02 1.204548786946417482e-02 1.161221311144844913e-02 1.199019727550127735e-02 1.161239281303863384e-02 1.164560957183347761e-02 1.203050357684255084e-02 1.175984887402658184e-02 1.198179844728031011e-02 1.192336564845648469e-02 1.144304576801049439e-02 1.136119640588324070e-02 1.129589890610448698e-02 1.139420748553697516e-02 1.169939924497139308e-02 1.077568640535283423e-02 1.176390778688776381e-02 1.191526314983345006e-02 1.137689032354969459e-02 1.152560932877084998e-02 1.191283472505075616e-02 1.204272179659224111e-02 1.224198412856898968e-02 1.231953450995879572e-02 1.161277556208678043e-02 1.104776136625173523e-02 1.401855311783446398e-02 1.162918700559703415e-02 1.237161868765277936e-02 1.232573315290207833e-02 1.217542297875739456e-02 1.159618808142563393e-02 1.194073399497424387e-02 1.211557582482951367e-02 1.195751659317663765e-02 1.224810647185493352e-02 1.246860595209867834e-02 1.237483915605026505e-02 1.256128388659638780e-02 1.184644223509323524e-02 1.158935135708817100e-02 1.211180282445562147e-02 1.163743807774753926e-02 1.163928222456404697e-02 1.193210785642756684e-02 1.242271607854641621e-02 1.241218768860968304e-02 1.327199519933536243e-02 1.245876441622083795e-02 1.214330473837631728e-02 1.196837320655901732e-02
1.172834298125539736e-02 1.176760214328865205e-02 1.175287633323719022e-02 1.179117611679799532e-02 1.180460799977329708e-02 1.182807354303692590e-02 1.163247251476291419e-02 1.181103718513997446e-02 1.190743936067022168e-02 1.127355092683316427e-02 1.095201714036654617e-02 1.059887447275911429e-02 0.000000000000000000e+00 1.052134171508472930e-02 1.188323880070168981e-02 1.144607519832402387e-02 1.096708830120708689e-02 1.186013601490389438e-02 1.086853524869233444e-02 1.171010984775572999e-02 1.082402828502718010e-02 1.079326050061463899e-02 1.132001818306598538e-02 1.065301694400383643e-02 1.167388109654436332e-02 1.107597097325862569e-02 1.191744791222624882e-02 1.284857531782431124e-02 1.140184978708295299e-02 1.167607567782760931e-02 1.199190538300614478e-02 1.183457064003241507e-02 1.143097889250867943e-02 1.066336105418409438e-02 1.184706706387714595e-02 1.166807932848719538e-02 1.261788892541321032e-02 1.150355542143363143e-02 1.157859126781872819e-02 1.153050962499122672e-02 1.085308648692407535e-02 1.174012548325097105e-02 1.195432720779718815e-02 1.189931197066531124e-02 1.222198292746940439e-02 1.298097683946631588e-02 1.107826375726866062e-02 1.177087101416918885e-02 1.210577787307172588e-02 1.185069194962957290e-02 1.204661783885043955e-02 1.187658161309223387e-02 1.193667797926004775e-02 1.186110998719015937e-02 1.193996319208310251e-02 1.206781490393655544e-02 1.183989212622424923e-02 1.201285798488320108e-02 1.191144925390606561e-02 1.156765853569409128e-02 1.130715812842842359e-02 1.093125358610081733e-02 1.122757348242924523e-02 1.097720776832655960e-02 1.114985157707061234e-02 1.113376598023295069e-02 1.190988703343938415e-02 1.148595964739305107e-02 1.142358382168763564e-02 1.177964117308706767e-02 1.183836437375913181e-02 1.156163422462269490e-02 1.156621924523628178e-02 1.184349037665782638e-02 1.155912651968696823e-02 1.377339813806132546e-02 1.149499044605069471e-02 1.207126299111325844e-02 1.230744954318560916e-02 1.219504642053196447e-02 1.164369084316740216e-02 1.181832251894962722e-02 1.202823045378539728e-02 1.180403131803729397e-02 1.205356256937004274e-02 1.217651637971628280e-02 1.227564751500906902e-02 1.271238633660391054e-02 1.182765877164935336e-02 1.181782261911158358e-02 1.209202468100957842e-02 1.185667155000493314e-02 1.187470600341224494e-02 1.190911324712749624e-02 1.225733983029839505e-02 1.235139930162182202e-02 1.305526310279188709e-02 1.217998274950430997e-02 1.215818058817044571e-02 1.194718373230342114e-02
1.200159393594633223e-02 1.206368225587228782e-02 1.202254544012327717e-02 1.214099828922859947e-02 1.213117460295520984e-02 1.209424908442579064e-02 1.191258458849223448e-02 1.185782144194732525e-02 1.191841104574079165e-02 1.155072073018502225e-02 1.138349842278241209e-02 1.094318091689302531e-02 1.052134171508472930e-02 0.000000000000000000e+00 1.115700503575435543e-02 1.162662680643396229e-02 1.131812246698063636e-02 1.116819757139754163e-02 1.117330561199152486e-02 1.154572099445771473e-02 1.057272967612335121e-02 1.073539976799282522e-02 1.101496180481661806e-02 1.100934766084258470e-02 1.144210364163755593e-02 1.132516004178163969e-02 1.139943130670329451e-02 1.258826180332456995e-02 1.155511425352677424e-02 1.103235180368309504e-02 1.193692993919742880e-02 1.176432858224519228e-02 1.124568400920134686e-02 1.081955718077523033e-02 1.165613345836860777e-02 1.170787793341057995e-02 1.234287230535851924e-02 1.174220834093751137e-02 1.195879729262645796e-02 1.189212860111434240e-02 1.091394148433432777e-02 1.167657325904251225e-02 1.181479051117469148e-02 1.180846236655227859e-02 1.204505273331290920e-02 1.271337406567728083e-02 1.094919504418105476e-02 1.157873815006038587e-02 1.203955592000411495e-02 1.169741962208846985e-02 1.211984817378760140e-02 1.223523095434534552e-02 1.199652285745681640e-02 1.220206928717346671e-02 1.230654444975535014e-02 1.207552645895993912e-02 1.206571576150841131e-02 1.208274007786565296e-02 1.197791237484734615e-02 1.190508491946097071e-02 1.156961765976008763e-02 1.123465662677679104e-02 1.099806289142524381e-02 1.078852410837912758e-02 1.094915005146394026e-02 1.089193981129416705e-02 1.208470461908870038e-02 1.180788660063217602e-02 1.163113529079409444e-02 1.169192482085299953e-02 1.161132138981971380e-02 1.179460628552099141e-02 1.133250647737637368e-02 1.220986050488688177e-02 1.185000316817504812e-02 1.353778075014548492e-02 1.145519902825392622e-02 1.179355623836409947e-02 1.220554284353374958e-02 1.221195029479423162e-02 1.196415285385566026e-02 1.194053362011155903e-02 1.200540231050310595e-02 1.181975784883570330e-02 1.194658247020644569e-02 1.199136438399421231e-02 1.205681854647089324e-02 1.245271401797114555e-02 1.181318906256429400e-02 1.216623099063454325e-02 1.219210204187481071e-02 1.217905029061707931e-02 1.223366519576473375e-02 1.199698912787119237e-02 1.217079301116654605e-02 1.219589949827843377e-02 1.281612095795716180e-02 1.198523541593228027e-02 1.209024375662304251e-02 1.188591405671936621e-02
1.246532868453831266e-02 1.266542978260972244e-02 1.263657920613657157e-02 1.277558691511682110e-02 1.267255972571848348e-02 1.248133126320998508e-02 1.262011995666158931e-02 1.235358150437437103e-02 1.215129147347928686e-02 1.229149803972911029e-02 1.260857864617451370e-02 1.213584942251296622e-02 1.188323880070168981e-02 1.115700503575435543e-02 0.000000000000000000e+00 1.226058652305401543e-02 1.262537446492668219e-02 1.106126519021304738e-02 1.205541929175169176e-02 1.088071872390164799e-02 1.098395663570773603e-02 1.180309215703845976e-02 1.082526736475922756e-02 1.233137233724573151e-02 1.127325868173868935e-02 1.115442934664937630e-02 1.147090076532560933e-02 1.128538179665675503e-02 1.121296324325012778e-02 1.057658469349562376e-02 1.171254171668637163e-02 1.213555017406232374e-02 1.237463192415035745e-02 1.204923618653658442e-02 1.169321726653468375e-02 1.184849830743615190e-02 1.096213477614066921e-02 1.248081502841511675e-02 1.276611550903846565e-02 1.275006999318470911e-02 1.212932801012104114e-02 1.197399579794974217e-02 1.177379780216610689e-02 1.113072978077617875e-02 1.159849241361647285e-02 1.151791326781842310e-02 1.164695227472272582e-02 1.099121170529393510e-02 1.194228713080171256e-02 1.107940623499289491e-02 1.221764899475368503e-02 1.274111572912487930e-02 1.223503575122286170e-02 1.268725240593760947e-02 1.283076918718658796e-02 1.205062336981416356e-02 1.240178015662710478e-02 1.217825357511278378e-02 1.206568991098233568e-02 1.242406804623503655e-02 1.204861698698092391e-02 1.223654005704169143e-02 1.155452897361667480e-02 1.109213144676915799e-02 1.159082351070570525e-02 1.065539330381728295e-02 1.240090504257037630e-02 1.242271096726042627e-02 1.211237628624949741e-02 1.172065547001529921e-02 1.082935492170716309e-02 1.156010707441506614e-02 1.089935027030060517e-02 1.272658864776003533e-02 1.195837665848078352e-02 1.275836469924473103e-02 1.101585756535704112e-02 1.095474358395278833e-02 1.168890711801180184e-02 1.222926860380202548e-02 1.243783517297522914e-02 1.219992826418822042e-02 1.187053722748877133e-02 1.208208361434533543e-02 1.174156382168789307e-02 1.163876374402122819e-02 1.084601170175587305e-02 1.112903216052460800e-02 1.169015608083840731e-02 1.271171125859404775e-02 1.237334852120610708e-02 1.259371736555474353e-02 1.272747639337941036e-02 1.212982137364100252e-02 1.189223797072743241e-02 1.151728582648566847e-02 1.203896147556664763e-02 1.153975646933253461e-02 1.190569920952862411e-02 1.124894563642181433e-02
1.071319281379192780e-02 1.077797578001382477e-02 1.074002178454579702e-02 1.084171847526625015e-02 1.133951997394685475e-02 1.088827238393034851e-02 1.069355444415052633e-02 1.070978855415980965e-02 1.138978699025003892e-02 1.119930249029947589e-02 1.165886282623101490e-02 1.135035435229349993e-02 1.144607519832402387e-02 1.162662680643396229e-02 1.226058652305401543e-02 0.000000000000000000e+00 1.175006919818607359e-02 1.128120684669403802e-02 1.163885934510680738e-02 1.179670005386749751e-02 1.176480610414944346e-02 1.092669711369024035e-02 1.164844231812252676e-02 1.143576254120450691e-02 1.189891276415091896e-02 1.117370537671708713e-02 1.191823455646230309e-02 1.283686947923457118e-02 1.154935726962290181e-02 1.205909442238643423e-02 1.163708809813481133e-02 1.070223170544740317e-02 1.050573580110653223e-02 1.117396087283276801e-02 1.123121606840631580e-02 1.149645126210165763e-02 1.261171145525850044e-02 1.052698948219905548e-02 1.139394338687913649e-02 1.102011566303554187e-02 1.062039323050973511e-02 1.133691110744385749e-02 1.175395459773937411e-02 1.176924004454089380e-02 1.154629786576053668e-02 1.260118727365189088e-02 1.123290343588395808e-02 1.183584604715294010e-02 1.162548736681583844e-02 1.164676191428181545e-02 1.200360849589928239e-02 1.174400063065549754e-02 1.200242341760451685e-02 1.166744417658080110e-02 1.177155216034950040e-02 1.185269777383846090e-02 1.177644122173269331e-02 1.142864407047175686e-02 1.196975570159994687e-02 1.186967839142075674e-02 1.173528973620526113e-02 1.181188376832433343e-02 1.174697880674835208e-02 1.201230917799115533e-02 1.174088408777611281e-02 1.200140541218752167e-02 1.198632033900608011e-02 1.188833582619334105e-02 1.184077268424204958e-02 1.195971352356123459e-02 1.211825000384639597e-02 1.230287228408944583e-02 1.241273172279667471e-02 1.194373538300662167e-02 1.184096694539896362e-02 1.397859458250935369e-02 1.178669100666776201e-02 1.285406874544663819e-02 1.225040241949010462e-02 1.203667952258447027e-02 1.190809311049883905e-02 1.203359183199952456e-02 1.207088544708220627e-02 1.189090704587201369e-02 1.210393262733340178e-02 1.241181668745192784e-02 1.234112040260214142e-02 1.286983431986944357e-02 1.180312944851686328e-02 1.195362269425381124e-02 1.214042131594522851e-02 1.185264269668723398e-02 1.195467529036204485e-02 1.195774982761858840e-02 1.226956537973127037e-02 1.229593569451727098e-02 1.311655048764522047e-02 1.240927397000131382e-02 1.187804502606859720e-02 1.197490376435517666e-02
