0.000000000000000000e+00 1.025156510097286096e-02 1.023877335764810347e-02 1.029670179563088941e-02 1.097296117722212742e-02 1.039295854364535171e-02 1.045359466960900027e-02 1.037081813406084789e-02 1.039541395712855441e-02 1.140319506982482960e-02 1.166609575223490590e-02 1.158309718237133558e-02 1.165897733105498990e-02 1.161674145922191558e-02 1.130689932968252653e-02 1.033532108773733624e-02 1.176040952795604638e-02 1.097326134006876980e-02 1.166950653911697118e-02 1.126348467256359925e-02 1.161490032038274556e-02 1.131708650795649335e-02 1.130616494106800700e-02 1.168371558499938997e-02 1.102248748410096513e-02 1.123803656389595930e-02 1.119319548308763020e-02 1.059715098215068679e-02 1.137852667214837854e-02 1.130140256784617492e-02 1.078305013120551756e-02 1.031014285149845118e-02 1.050501375077406846e-02 1.131651066062278055e-02 1.109390561561695264e-02 1.110030626891957313e-02 1.072956656260890332e-02 1.061097985473704458e-02 1.137572964079316615e-02 1.145070247895462259e-02 1.124557151069309480e-02 1.086754059600634342e-02 1.107675815491757608e-02 1.057885709055495470e-02 1.088321304872652377e-02 1.095906052598325138e-02 1.126461705454834782e-02 1.119085947203780386e-02 1.044943921099347924e-02 1.058823887194270362e-02 1.148264249758513579e-02 1.088126904337354851e-02 1.152092566904972665e-02 1.136841649165646305e-02 1.142217834696778421e-02 1.114011488196694002e-02 1.152908541210360092e-02 1.123514422969488363e-02 1.170680730880705421e-02 1.187270037754262382e-02 1.175468038576831832e-02 1.181885646964091034e-02 1.172133903104216092e-02 1.168916739261900012e-02 1.177893043585478798e-02 1.141073947378574635e-02 1.172924780997172851e-02 1.189970152106226663e-02 1.180710206317253132e-02 1.140334205814335505e-02 1.142302313729213169e-02 1.154047954826177211e-02 1.141991112188121826e-02 1.184853091586947696e-02 1.188572806094070379e-02 1.191340029341616397e-02 1.141242008488507938e-02 1.124413861582980109e-02 1.116284476220634828e-02 1.142038274798592296e-02 1.192917262337470259e-02 1.172066022464652267e-02 1.134213192027291178e-02 1.149663552070348191e-02 1.133599658372601640e-02 1.141278453977664573e-02 1.111406953209179323e-02 1.107599746404972114e-02 1.120861522631471513e-02 1.186886522702589562e-02 1.174779710022186112e-02 1.168564373377701214e-02 1.186178574739938513e-02 1.159042398686666205e-02 1.142955455902135153e-02 1.112473828163807951e-02 1.113911835998219156e-02 1.129956433163025256e-02 1.099910893986954553e-02 1.128479777408421258e-02
1.025156510097286096e-02 0.000000000000000000e+00 1.016095100216253544e-02 1.026330821391600694e-02 1.032598057816373760e-02 1.036138596996180952e-02 1.102677099680795386e-02 1.030871640218276528e-02 1.035108408788219629e-02 1.142576698006687007e-02 1.167269120771909259e-02 1.157223098010369891e-02 1.166765143252971107e-02 1.163268408330577625e-02 1.138904946360511268e-02 1.037870086887623423e-02 1.177781017393152684e-02 1.101866679102053020e-02 1.168091423069893622e-02 1.134350671835168863e-02 1.164832662133888884e-02 1.134344612818633836e-02 1.133923447387984694e-02 1.166931419127605410e-02 1.062112582833033350e-02 1.122274740104835938e-02 1.123485170204410050e-02 1.096714433827567642e-02 1.147411862602943505e-02 1.137089927691037512e-02 1.033483649100849951e-02 1.024938587385127581e-02 1.055407720582188583e-02 1.132298640598377454e-02 1.111966285142261361e-02 1.113204321817210310e-02 1.113367312613461509e-02 1.055448634804215767e-02 1.141405081965926431e-02 1.151156969944427434e-02 1.127700414578851860e-02 1.043774540244982001e-02 1.108123416732422969e-02 1.105705483793511905e-02 1.091186064226537869e-02 1.102314527613254720e-02 1.129941306039617711e-02 1.126328531904616410e-02 1.043814485113771402e-02 1.106069516840317915e-02 1.155810433787588659e-02 1.147243585875813189e-02 1.160213609878679893e-02 1.139930705205952771e-02 1.143257428042677645e-02 1.115931388718073916e-02 1.162146055466551330e-02 1.128259317267024144e-02 1.176534695057624390e-02 1.191536807203066699e-02 1.179871217223308136e-02 1.185304801997830865e-02 1.176122516066624435e-02 1.172923326589287926e-02 1.181022926270407745e-02 1.146677545476175106e-02 1.177546902472077078e-02 1.193411413728627871e-02 1.184398345755043741e-02 1.145506931620827486e-02 1.149539317401916325e-02 1.158583549937109922e-02 1.146898977666735604e-02 1.188836855421314224e-02 1.193117422014596148e-02 1.199087265791669299e-02 1.146580300989057805e-02 1.130201643255627358e-02 1.117204264570224870e-02 1.146706676669274547e-02 1.196861441787666798e-02 1.175900188068270541e-02 1.138801402677919877e-02 1.153752532390871222e-02 1.138824293094758446e-02 1.146337619528045061e-02 1.116499088697621780e-02 1.110696608072110278e-02 1.123858739085097959e-02 1.190873947129369829e-02 1.183303349797816019e-02 1.172847372886231566e-02 1.190357298087468818e-02 1.163516740560545729e-02 1.147764678703166834e-02 1.115707585371195076e-02 1.117750729733655440e-02 1.134598087473886498e-02 1.062252009487099462e-02 1.133916774380496276e-02
1.023877335764810347e-02 1.016095100216253544e-02 0.000000000000000000e+00 1.025133318414554566e-02 1.040128760221897125e-02 1.040800672666651605e-02 1.044656389171493352e-02 1.030371164526513485e-02 1.033528162337176738e-02 1.139980755733888303e-02 1.167396407345021141e-02 1.157317026512329552e-02 1.166791285677834175e-02 1.161927576579393703e-02 1.138251868051798864e-02 1.034418456184103136e-02 1.176778009283851144e-02 1.060897532910231450e-02 1.166850030355057709e-02 1.134013982436257034e-02 1.163540224094604218e-02 1.136091989141992456e-02 1.132769337976215901e-02 1.169012843349108086e-02 1.059987068322381341e-02 1.124744564814653645e-02 1.124411551159791404e-02 1.098161106516308202e-02 1.148261149493780622e-02 1.136597376626914679e-02 1.038477219871028999e-02 1.022263696824949469e-02 1.051829306894939108e-02 1.133311985496176545e-02 1.113003122386883002e-02 1.115357716373858998e-02 1.115245233866785785e-02 1.100817722664457730e-02 1.139951495899308581e-02 1.149348272251525874e-02 1.124571947921707352e-02 1.046816470287902784e-02 1.110840683911579890e-02 1.107400773859821934e-02 1.091021403192427887e-02 1.103155670905508340e-02 1.129016109587211922e-02 1.122327202922749310e-02 1.046890972486995419e-02 1.108983971569259611e-02 1.159851089499507742e-02 1.151363374060299961e-02 1.162095249645154690e-02 1.142663771382479432e-02 1.147822694798110096e-02 1.120816453776722968e-02 1.163152599008170085e-02 1.132696183024221176e-02 1.176925983756385054e-02 1.192343315249862375e-02 1.180464924885533430e-02 1.185797158049073374e-02 1.176606574139710433e-02 1.173425841551726731e-02 1.180975861216708965e-02 1.147233834948813667e-02 1.179064484901129646e-02 1.193810716070995044e-02 1.185312894650515994e-02 1.146709061757358178e-02 1.149369688684707264e-02 1.159284746780847065e-02 1.147437601029733731e-02 1.189947036832292825e-02 1.193889932334408176e-02 1.202191711635336967e-02 1.147521329507180700e-02 1.131046699078159384e-02 1.120980076269609098e-02 1.150904402204200837e-02 1.197713611642985121e-02 1.178762962139424247e-02 1.140350333942707212e-02 1.155027478983576550e-02 1.139969530541796658e-02 1.147188001755745576e-02 1.118392149981937110e-02 1.113377871121768586e-02 1.127186605850491810e-02 1.191959897615408465e-02 1.185157204459983890e-02 1.174801935926740246e-02 1.191588041046389747e-02 1.165124860564080087e-02 1.149013014236890604e-02 1.119324461108999261e-02 1.120596646619319292e-02 1.135471043922698341e-02 1.106884198727513605e-02 1.137495135263096209e-02
1.029670179563088941e-02 1.026330821391600694e-02 1.025133318414554566e-02 0.000000000000000000e+00 1.036193203439974599e-02 1.043399502301727011e-02 1.049936912035305710e-02 1.035686475229580759e-02 1.042254700053175248e-02 1.145716611670586846e-02 1.169584338542233558e-02 1.162896231950756934e-02 1.170930914497119585e-02 1.170765185473788238e-02 1.143753033826302654e-02 1.039268838414902744e-02 1.180647403901590418e-02 1.110006078639247384e-02 1.170803284025561698e-02 1.138259727625063646e-02 1.172288159182274109e-02 1.141773371959302862e-02 1.138648982472547679e-02 1.173894265776804710e-02 1.067425500587671459e-02 1.129452595087924657e-02 1.127604555830855233e-02 1.107082370239576875e-02 1.149610580189237494e-02 1.140768311150571618e-02 1.086632431251531236e-02 1.034501077693348974e-02 1.112092842918870755e-02 1.139446725735910812e-02 1.117473132058090408e-02 1.121515338498477871e-02 1.123977388415369275e-02 1.062914015755989615e-02 1.146126871098814698e-02 1.153655486175024850e-02 1.134778745706016730e-02 1.100185295315975025e-02 1.118884358744308243e-02 1.113662059413561729e-02 1.058421954119718317e-02 1.109567203872025877e-02 1.131621915292430926e-02 1.124650492142395715e-02 1.098324049309437264e-02 1.119483282465810227e-02 1.156130360782299700e-02 1.146288091480397384e-02 1.163876748364556062e-02 1.083170607858792434e-02 1.144470114466007889e-02 1.120095649606525114e-02 1.161745815558224044e-02 1.132334526248745914e-02 1.178985661246026787e-02 1.193363506220656949e-02 1.181738711359462540e-02 1.187360468457625967e-02 1.178570359254145841e-02 1.176448915948726144e-02 1.184159531890288664e-02 1.150234138506996129e-02 1.180907014677298229e-02 1.195453934749674679e-02 1.187484802240804799e-02 1.151055213424619431e-02 1.154557649575089183e-02 1.161352192777353153e-02 1.149992174441071338e-02 1.189939795569920286e-02 1.195156184496141798e-02 1.203139037201907818e-02 1.149356589794961817e-02 1.135465834353893699e-02 1.124526714273040191e-02 1.149564730462651792e-02 1.199074083206487853e-02 1.179832272444640388e-02 1.138126961067879514e-02 1.154615788177702773e-02 1.139609662199051431e-02 1.148935384548027162e-02 1.125053905381142617e-02 1.117750575228011918e-02 1.131254048935466730e-02 1.192275555589300713e-02 1.181775942838607200e-02 1.170368748294429648e-02 1.191241442499173762e-02 1.163609218706176777e-02 1.149118698915587919e-02 1.123840198964783446e-02 1.124359337492664146e-02 1.137586158152413367e-02 1.112349374255418473e-02 1.139015288020352179e-02
1.097296117722212742e-02 1.032598057816373760e-02 1.040128760221897125e-02 1.036193203439974599e-02 0.000000000000000000e+00 1.023811152829818237e-02 1.126868205910183142e-02 1.044080765302588150e-02 1.029622883160874990e-02 1.154630793416164952e-02 1.170970703787107756e-02 1.164582196310872710e-02 1.171283829341464994e-02 1.171442492178075001e-02 1.139256080592550638e-02 1.107134509105135896e-02 1.180116601084982460e-02 1.113526500251240010e-02 1.170368763326515814e-02 1.130687567521213195e-02 1.170587800197992780e-02 1.149060166384475480e-02 1.141154246535216500e-02 1.177139509057688327e-02 1.075913327667085868e-02 1.134330978024794025e-02 1.125565904587547648e-02 1.101884485660448859e-02 1.145427333661432415e-02 1.137834995544410865e-02 1.036545957842443556e-02 1.050044949394436829e-02 1.130928691169924734e-02 1.141438923968893931e-02 1.124129410033573688e-02 1.103416523956000754e-02 1.106680175268138708e-02 1.083456939599810112e-02 1.156972967425904004e-02 1.167084037872205202e-02 1.148324083120589624e-02 1.102899957641022104e-02 1.121272046109791573e-02 1.109122708875984534e-02 1.099932480057799235e-02 1.106632557698825244e-02 1.135365690716411136e-02 1.128825030895593169e-02 1.030854214196792913e-02 1.110457512305030453e-02 1.127994543549973132e-02 1.123341294414005771e-02 1.145974965341727686e-02 1.057881555700352673e-02 1.057013950061372852e-02 1.043741362161499688e-02 1.137165331989163988e-02 1.058226699684297438e-02 1.164764879161849821e-02 1.187656212101516166e-02 1.177042456377533873e-02 1.183325487081097679e-02 1.173804945178053179e-02 1.172205030867698970e-02 1.180934617985922828e-02 1.145216242423986036e-02 1.167055408396482606e-02 1.191222922320431601e-02 1.179126022772875905e-02 1.136308539718286319e-02 1.145484256094998245e-02 1.156585108757083105e-02 1.145048112613776189e-02 1.182608780411503573e-02 1.187934193513062210e-02 1.181614867657216662e-02 1.143108394953612668e-02 1.129901151161140024e-02 1.108470803846927158e-02 1.119855168641173924e-02 1.191895532187188696e-02 1.167688850306496107e-02 1.128400048555079811e-02 1.149054554535349458e-02 1.132971210739556339e-02 1.142783984672091080e-02 1.108420667809158558e-02 1.107107735658788630e-02 1.111856027086049331e-02 1.185202018095655660e-02 1.167167613114798545e-02 1.148992702558298239e-02 1.181572391927964392e-02 1.151164900945239426e-02 1.142744580134588336e-02 1.109768002747587440e-02 1.113957236943188302e-02 1.133231257105554203e-02 1.039440232030830295e-02 1.120461322213753969e-02
1.039295854364535171e-02 1.036138596996180952e-02 1.040800672666651605e-02 1.043399502301727011e-02 1.023811152829818237e-02 0.000000000000000000e+00 1.129959782548466130e-02 1.081252668123156187e-02 1.023564188199112615e-02 1.163229107430768967e-02 1.179600276118124291e-02 1.169815467624196574e-02 1.177393440413363260e-02 1.175703459036227250e-02 1.139390256670254342e-02 1.063031679019448873e-02 1.187164216559576622e-02 1.110812716498472442e-02 1.178338985634804804e-02 1.129902219676487928e-02 1.173955194033316808e-02 1.153102946317815895e-02 1.141657917076245241e-02 1.184033584687255690e-02 1.111503120323182464e-02 1.137451600687438939e-02 1.125297798172869394e-02 1.062477180732820763e-02 1.144653767333084909e-02 1.140990217249265859e-02 1.040144908637159402e-02 1.048764263070731464e-02 1.129562524701647683e-02 1.147797758254307313e-02 1.128279260223006945e-02 1.062307445709889317e-02 1.097636702990825198e-02 1.128890259319643638e-02 1.164312690545720765e-02 1.173314709687366467e-02 1.152456113824165511e-02 1.065930635111659447e-02 1.122952306409811911e-02 1.064516011686255162e-02 1.097415584821456562e-02 1.102491923671577827e-02 1.137943519896235725e-02 1.133142383050510758e-02 1.021445805315535603e-02 1.101671335359798165e-02 1.122647115736793468e-02 1.064740128086651139e-02 1.141453448111615608e-02 1.059247438138602622e-02 1.057224024651714014e-02 1.039981027531975376e-02 1.132586510282700999e-02 1.048058112953829599e-02 1.164543566810719542e-02 1.191258872388133508e-02 1.181055556982172142e-02 1.188357501275572221e-02 1.177961386111339367e-02 1.175209537390306189e-02 1.185710770322255352e-02 1.148313247688606022e-02 1.167696619139160438e-02 1.196180811645128524e-02 1.182112651640451415e-02 1.134991662323868791e-02 1.144284743218474017e-02 1.158610734962768792e-02 1.147348516552019679e-02 1.186524256408920223e-02 1.190970723019298995e-02 1.171185275096062878e-02 1.147273997149792640e-02 1.129536869248136746e-02 1.106040409409577742e-02 1.114174228189918764e-02 1.194654283718219086e-02 1.168848645211598668e-02 1.128484628944903534e-02 1.151999387738856379e-02 1.134579256665440086e-02 1.144281290301545941e-02 1.106043498892236680e-02 1.106720173383095654e-02 1.112735835033007437e-02 1.189173415623265458e-02 1.162331922250411410e-02 1.150147774940419275e-02 1.184695798850312828e-02 1.150545019048411499e-02 1.143733043712599588e-02 1.106895484218752869e-02 1.109986382809889649e-02 1.135504095078310703e-02 1.034545944960142856e-02 1.119752290688827770e-02
1.045359466960900027e-02 1.102677099680795386e-02 1.044656389171493352e-02 1.049936912035305710e-02 1.126868205910183142e-02 1.129959782548466130e-02 0.000000000000000000e+00 1.042152131453617965e-02 1.066694434572184984e-02 1.055394799914098278e-02 1.149808999167143894e-02 1.139633778933230729e-02 1.154192257958825026e-02 1.148496547573607529e-02 1.135960888642520601e-02 1.028036420364659108e-02 1.170424539739746590e-02 1.051219823648799970e-02 1.158959969460171546e-02 1.137188058318175723e-02 1.151955191386548963e-02 1.106115428502682692e-02 1.121015647442095975e-02 1.137342729415276484e-02 1.055349868009894561e-02 1.104477066735364693e-02 1.124582455854475187e-02 1.111100239316450446e-02 1.152462835106035990e-02 1.133451819315331802e-02 1.105114956965871573e-02 1.033172955109793421e-02 1.029704724681136663e-02 1.120629787928693888e-02 1.089809259046960362e-02 1.130860920556366229e-02 1.125182551448471874e-02 1.033177926357698589e-02 1.049917975492234076e-02 1.055534735386965371e-02 1.044325786353868246e-02 1.083906961754019758e-02 1.090807753577039026e-02 1.123865363892175874e-02 1.095030305393815753e-02 1.105380225551447042e-02 1.120477028070271559e-02 1.076005373782786163e-02 1.122702930521878549e-02 1.122126382935298254e-02 1.171964559262706450e-02 1.168690233475550878e-02 1.173048508164530740e-02 1.165303440454116407e-02 1.173141461251804747e-02 1.146452445994810415e-02 1.176031286439166955e-02 1.157357419310096197e-02 1.182945387223340201e-02 1.194599894407815700e-02 1.181975582419385676e-02 1.185560025688058017e-02 1.176990967833648968e-02 1.170373718514836243e-02 1.174075432354965837e-02 1.147289101402967741e-02 1.187345691800966233e-02 1.193902532813575536e-02 1.185400333869804715e-02 1.154417325279498072e-02 1.145560390461184894e-02 1.157411309233228290e-02 1.146061596846812032e-02 1.194615127090986086e-02 1.196024711151670930e-02 1.211246065289551220e-02 1.150473027551648583e-02 1.127867758965233648e-02 1.131921717558677376e-02 1.166028327655435279e-02 1.199917218864926353e-02 1.184122890536087706e-02 1.148358848260046597e-02 1.157748608473661150e-02 1.141630958164748660e-02 1.147259218049035551e-02 1.123875544485366910e-02 1.116030020446083341e-02 1.139020097217575446e-02 1.196281729263143183e-02 1.193276435869733941e-02 1.184754398441663706e-02 1.197169751508433445e-02 1.173989657356281149e-02 1.150521216862969952e-02 1.129274610777553610e-02 1.123084439851160417e-02 1.133261955006731499e-02 1.136115845388731976e-02 1.146488146394234256e-02
1.037081813406084789e-02 1.030871640218276528e-02 1.030371164526513485e-02 1.035686475229580759e-02 1.044080765302588150e-02 1.081252668123156187e-02 1.042152131453617965e-02 0.000000000000000000e+00 1.019982679657099357e-02 1.083763082743938004e-02 1.166404799579449751e-02 1.150893993148988277e-02 1.157247040371063573e-02 1.148220779669063309e-02 1.133169170132418239e-02 1.032536317845408717e-02 1.175322948176770431e-02 1.038621495904013502e-02 1.162950658082415219e-02 1.128774596319337929e-02 1.147745077375562570e-02 1.121893773775695970e-02 1.123804784881694829e-02 1.149314099563552953e-02 1.033660527102399015e-02 1.114523714239176386e-02 1.123197213121796684e-02 1.091292906723876320e-02 1.147427388504168762e-02 1.137366557013502755e-02 1.079415204452544713e-02 1.011373970752716712e-02 1.043298522328763890e-02 1.076949278636352147e-02 1.100261587993282136e-02 1.068966795636985996e-02 1.097803886297588939e-02 1.037637182702084125e-02 1.130875422089594462e-02 1.138129359543418526e-02 1.064142997125591163e-02 1.039627160358699669e-02 1.092870744329122942e-02 1.114867314540375111e-02 1.056196058221727310e-02 1.096802334859831897e-02 1.124043181639595643e-02 1.122994630655620683e-02 1.042137845547618479e-02 1.106538432368458190e-02 1.145457596824327184e-02 1.145993033264106238e-02 1.153752995707238958e-02 1.092997714972845404e-02 1.141260594318220349e-02 1.069752247974852487e-02 1.153864512122578651e-02 1.112221829228459725e-02 1.170729019128840392e-02 1.195288795479639878e-02 1.184605617532002303e-02 1.188908519483932412e-02 1.178675442971113298e-02 1.169775531961553955e-02 1.176633770560123367e-02 1.145114750731455154e-02 1.174080478262182724e-02 1.196576164699559783e-02 1.182764396862419701e-02 1.135819945561202839e-02 1.135528726894420581e-02 1.157139567984914047e-02 1.145955094267290045e-02 1.193097450428711251e-02 1.193377498163600975e-02 1.177987190524272879e-02 1.148370006147660105e-02 1.121533260267248977e-02 1.111067130204544326e-02 1.100144151575209971e-02 1.193575358145953537e-02 1.172974854164310875e-02 1.137730225866908675e-02 1.153322198966003423e-02 1.136780398124780100e-02 1.145383691591786782e-02 1.099758372067803636e-02 1.104697611271901123e-02 1.081542471093700081e-02 1.195052150458060167e-02 1.173662184901838081e-02 1.168005161211575077e-02 1.191291755982453252e-02 1.160183662294091145e-02 1.145536973891636556e-02 1.110755131873757996e-02 1.108910853880356109e-02 1.134492594608530434e-02 1.059340164915894937e-02 1.127628088714071990e-02
1.039541395712855441e-02 1.035108408788219629e-02 1.033528162337176738e-02 1.042254700053175248e-02 1.029622883160874990e-02 1.023564188199112615e-02 1.066694434572184984e-02 1.019982679657099357e-02 0.000000000000000000e+00 1.138433688905461996e-02 1.167393450348047125e-02 1.154621140738072357e-02 1.157877956916903740e-02 1.151966608684688691e-02 1.118952247190694096e-02 1.087689757753114092e-02 1.170703422357068785e-02 1.047293733242718808e-02 1.160084641279335305e-02 1.074259641417248980e-02 1.145367448770481106e-02 1.136024236286673969e-02 1.123211110699825870e-02 1.162602489712290590e-02 1.053676338670721073e-02 1.125173012158068794e-02 1.113498033052207591e-02 1.076021341438100978e-02 1.129934204475603783e-02 1.126263271082869437e-02 1.073281676053330740e-02 1.034023863295592711e-02 1.105685392872283838e-02 1.084152673815492150e-02 1.113551598546036296e-02 1.041960406543543730e-02 1.049402911931677888e-02 1.106525159700307015e-02 1.148106091742135890e-02 1.157665322273672588e-02 1.124487589134676689e-02 1.055869667801309121e-02 1.107416541782425302e-02 1.100503633158364698e-02 1.084669368217093879e-02 1.090076957645877594e-02 1.123959285920676440e-02 1.115973717661937828e-02 1.008863707019675739e-02 1.090834694565397112e-02 1.120229377234085305e-02 1.121385355774101415e-02 1.098649496482346360e-02 1.113652127766060970e-02 1.071425744352336867e-02 1.040004166316992572e-02 1.128945534187697497e-02 1.050340403392893522e-02 1.146746396106667135e-02 1.181453632959916095e-02 1.171181536596234765e-02 1.176957327421279155e-02 1.161993610959728175e-02 1.159039634537528153e-02 1.168391750546530876e-02 1.128857255152659368e-02 1.154006805234187270e-02 1.184484336622011746e-02 1.166493232906668474e-02 1.076596247317187366e-02 1.116046101879244502e-02 1.145936507471900963e-02 1.130363375938027611e-02 1.176139833702958236e-02 1.178963943306292859e-02 1.159348697721419505e-02 1.128021880889301838e-02 1.108822787117546074e-02 1.096006694665232518e-02 1.108478682416264016e-02 1.179745549584853247e-02 1.153150315916627415e-02 1.125623606380556259e-02 1.140829641719589421e-02 1.125749732994898479e-02 1.129274720464721986e-02 1.054189316018458097e-02 1.091524245241213067e-02 1.056047199388444185e-02 1.176039134257664785e-02 1.156051751813181802e-02 1.147007902590515584e-02 1.176552606248120608e-02 1.147208728657448870e-02 1.133786606185538566e-02 1.097653189491735667e-02 1.097041377964604394e-02 1.120881076264714296e-02 1.029295627664789971e-02 1.104527484593152351e-02
1.140319506982482960e-02 1.142576698006687007e-02 1.139980755733888303e-02 1.145716611670586846e-02 1.154630793416164952e-02 1.163229107430768967e-02 1.055394799914098278e-02 1.083763082743938004e-02 1.138433688905461996e-02 0.000000000000000000e+00 1.051488524980683827e-02 1.042844982437545268e-02 1.109541328662985368e-02 1.105669585760328880e-02 1.109756261503356406e-02 1.109334377111787645e-02 1.133749320111922428e-02 1.058081903223493866e-02 1.128123574032573184e-02 1.127222727716387964e-02 1.071277680320289680e-02 1.084836326413410670e-02 1.092222489962906516e-02 1.035910108058630749e-02 1.043202425334116383e-02 1.028140191661847287e-02 1.108339953602461604e-02 1.103994355524459334e-02 1.138368965293995450e-02 1.113854460649372352e-02 1.111239768876514690e-02 1.109217129901810678e-02 1.096198074360174232e-02 1.101792488744233675e-02 1.043758039739501632e-02 1.130886467346579882e-02 1.121157073925230403e-02 1.049301865214212308e-02 1.037308849037422293e-02 1.032450048297945365e-02 1.033473284868918936e-02 1.042217719411828690e-02 1.036802507140077018e-02 1.121343431698271741e-02 1.096107335240861270e-02 1.097015617679462929e-02 1.109275134871753540e-02 1.102821267222144769e-02 1.144478788755066978e-02 1.122636020418113154e-02 1.167471141123015838e-02 1.174321224916776221e-02 1.168769188578803846e-02 1.174414225207997230e-02 1.179063249218207862e-02 1.151852210101929341e-02 1.173152361765514122e-02 1.164743176853075095e-02 1.171929416953906671e-02 1.175417097041712641e-02 1.165335002976177273e-02 1.162446787073266943e-02 1.155410611178973694e-02 1.138136802232871982e-02 1.092291990208869162e-02 1.122101648206653632e-02 1.178638487569793995e-02 1.168857755202840770e-02 1.157843222148660298e-02 1.142769005872853669e-02 1.121902203871944816e-02 1.140379911368468759e-02 1.128868282841021496e-02 1.184970785668333984e-02 1.174356780359135481e-02 1.196098592042573079e-02 1.134808993075377137e-02 1.099648887244154827e-02 1.120475846623280106e-02 1.165710757234707587e-02 1.184697024382984007e-02 1.172840410448223146e-02 1.138459719099426531e-02 1.145514911554414324e-02 1.130186935036847466e-02 1.132757476409565651e-02 1.078660820615807980e-02 1.096516932454497280e-02 1.135339872813031017e-02 1.185372839881375720e-02 1.186245593180806912e-02 1.179053416331053358e-02 1.188164037428598475e-02 1.165008531844526248e-02 1.138879593839920747e-02 1.116477715718241885e-02 1.108236925006931758e-02 1.116196387155702838e-02 1.143349763586932501e-02 1.138466526532568371e-02
1.166609575223490590e-02 1.167269120771909259e-02 1.167396407345021141e-02 1.169584338542233558e-02 1.170970703787107756e-02 1.179600276118124291e-02 1.149808999167143894e-02 1.166404799579449751e-02 1.167393450348047125e-02 1.051488524980683827e-02 0.000000000000000000e+00 1.035949884281330176e-02 1.050074904042429778e-02 1.063215836833677520e-02 1.111014577987330838e-02 1.147379401094973314e-02 1.122845210890332200e-02 1.125790176258452749e-02 1.121717481819076503e-02 1.124799713815383302e-02 1.069733414378828788e-02 1.106967921309501453e-02 1.052470672730611637e-02 1.052715492435053746e-02 1.079702578302605548e-02 1.041021462549516184e-02 1.106042330399765149e-02 1.117618251601529104e-02 1.129185680030324844e-02 1.105330407167380395e-02 1.128671522869939374e-02 1.156988621397642136e-02 1.144899545626407861e-02 1.120590034352499272e-02 1.104537173708119123e-02 1.137729797303727898e-02 1.133157313270289485e-02 1.149430137364812823e-02 1.126891124462833446e-02 1.058059789132616973e-02 1.123136288776125161e-02 1.124393103243551302e-02 1.110152556852381928e-02 1.122998264411161767e-02 1.115866874374898433e-02 1.107116571293930221e-02 1.106926859177510478e-02 1.106303963248820958e-02 1.162344123886992903e-02 1.128545763321532266e-02 1.166550065201304824e-02 1.169685964523985849e-02 1.166620251710993005e-02 1.176810826680229141e-02 1.176446036446880672e-02 1.159205146172379540e-02 1.171198318024212724e-02 1.171464750153772792e-02 1.171243041811146843e-02 1.168718092296217731e-02 1.152977002459840486e-02 1.149566707497763976e-02 1.145383555098571093e-02 1.130971386052818939e-02 1.134890638938924542e-02 1.112083559610419457e-02 1.174561852299908435e-02 1.161460146808627157e-02 1.155678869509263462e-02 1.144733124453631984e-02 1.129065570791332185e-02 1.132692148431643439e-02 1.117294587595743863e-02 1.174606648114412573e-02 1.167382607036233401e-02 1.205995197595835684e-02 1.124812586377864007e-02 1.100627409139473371e-02 1.126825232428605925e-02 1.172499909853669947e-02 1.179869739766402706e-02 1.168229547247122239e-02 1.135597886592914184e-02 1.141736920444246829e-02 1.128192153550268070e-02 1.128264630509379085e-02 1.120339939188325605e-02 1.099266348495030882e-02 1.137411625127126083e-02 1.174999927230967536e-02 1.184281754999364292e-02 1.172990255374370752e-02 1.179222538786381218e-02 1.161246022418749128e-02 1.138636276920357814e-02 1.122560758689699310e-02 1.116355761021912973e-02 1.112358523363866578e-02 1.154655092328708138e-02 1.134672113711256147e-02
1.158309718237133558e-02 1.157223098010369891e-02 1.157317026512329552e-02 1.162896231950756934e-02 1.164582196310872710e-02 1.169815467624196574e-02 1.139633778933230729e-02 1.150893993148988277e-02 1.154621140738072357e-02 1.042844982437545268e-02 1.035949884281330176e-02 0.000000000000000000e+00 1.036164025802638854e-02 1.041856352823794345e-02 1.095099398450706182e-02 1.132834368179835155e-02 1.051041254858970687e-02 1.104767609795910543e-02 1.110841946018100920e-02 1.123522886627480871e-02 1.091570343899182088e-02 1.040693321342401299e-02 1.041720334690308600e-02 1.037368813944701540e-02 1.063640801681303011e-02 1.029894551774428006e-02 1.101782231084636084e-02 1.102047691041930545e-02 1.133379052896931263e-02 1.097570522726583342e-02 1.117479431943527862e-02 1.100753318654726191e-02 1.128248448128271048e-02 1.100682802905480866e-02 1.093045379946695934e-02 1.134415007601475775e-02 1.120368836269455305e-02 1.130128793011268840e-02 1.116420550224177244e-02 1.055938801820820866e-02 1.101994237571447301e-02 1.067026708611803348e-02 1.092493744505866442e-02 1.118260785264093594e-02 1.103415774244043829e-02 1.092143403212588772e-02 1.098317220889145386e-02 1.099619667675763926e-02 1.152556603137261208e-02 1.123565805777769488e-02 1.163807567870259532e-02 1.171077415619515595e-02 1.161300834859906907e-02 1.174781261539574288e-02 1.176894808466235134e-02 1.154641682515281619e-02 1.168575507400643199e-02 1.164799771272870613e-02 1.161138915820000318e-02 1.155997376707192104e-02 1.143758987296253186e-02 1.136622379465222071e-02 1.135366965060855514e-02 1.116711174121297334e-02 1.066810624817514375e-02 1.104796543977048205e-02 1.169481583764935689e-02 1.144691576499301013e-02 1.140570741876697873e-02 1.133708592595858780e-02 1.114820022536718719e-02 1.118691637189909646e-02 1.108039271959565530e-02 1.170772026216194105e-02 1.108862588705804633e-02 1.182655436495130483e-02 1.126909551568885254e-02 1.048124631922498114e-02 1.119485693769707232e-02 1.164997556678310821e-02 1.167753178315976935e-02 1.161782798824085618e-02 1.128626757815899204e-02 1.139192420406578282e-02 1.125119041242875033e-02 1.120797258974188561e-02 1.114209100952427700e-02 1.056793541774568926e-02 1.134132284522795277e-02 1.170002057448152159e-02 1.178572258497025127e-02 1.168459780656391431e-02 1.174352374027180096e-02 1.152523695549996507e-02 1.132941805881113387e-02 1.114933719395258364e-02 1.102971658533476347e-02 1.102885583325073464e-02 1.148399880492517212e-02 1.132837611547664845e-02
1.165897733105498990e-02 1.166765143252971107e-02 1.166791285677834175e-02 1.170930914497119585e-02 1.171283829341464994e-02 1.177393440413363260e-02 1.154192257958825026e-02 1.157247040371063573e-02 1.157877956916903740e-02 1.109541328662985368e-02 1.050074904042429778e-02 1.036164025802638854e-02 0.000000000000000000e+00 1.010911848776055964e-02 1.080261905499368784e-02 1.140181758347954578e-02 1.040788703295162342e-02 1.093863874580575969e-02 1.041741743306874059e-02 1.115912096641737822e-02 1.035747749759417802e-02 1.038925276725844588e-02 1.025516357757039893e-02 1.036190494003181618e-02 1.065313297794523266e-02 1.042870956452911224e-02 1.099462694659049389e-02 1.097345227054896503e-02 1.124813404860339552e-02 1.081300412301305740e-02 1.125779928968555221e-02 1.147755766706469102e-02 1.134265936710428940e-02 1.037739128089558774e-02 1.097538041171835198e-02 1.131025176410991803e-02 1.114292095481899704e-02 1.143276037596099338e-02 1.134059226420064230e-02 1.126138989976672479e-02 1.062741467879189244e-02 1.118943311569253751e-02 1.096864556794906881e-02 1.122126184043354541e-02 1.102993590932377192e-02 1.085792821461707344e-02 1.044047798405051998e-02 1.092836373679042898e-02 1.155928664088987437e-02 1.125065585304386648e-02 1.162799460405233333e-02 1.172793983881510738e-02 1.157144295373752942e-02 1.177089229793821558e-02 1.179312657791721855e-02 1.156232027468199162e-02 1.168046679952009295e-02 1.164720377124806548e-02 1.159616137265827816e-02 1.148419688832019551e-02 1.130452275582197359e-02 1.076168964527378022e-02 1.117497924550643271e-02 1.055480895741005981e-02 1.098081363941160772e-02 1.053104029463585757e-02 1.166297250644845324e-02 1.132612980215120385e-02 1.127402546231643342e-02 1.125889323090460692e-02 1.101975575589000250e-02 1.065348398979450509e-02 1.050687752755750763e-02 1.172257693982106143e-02 1.150167275806241937e-02 1.171341610056866531e-02 1.118496158372633137e-02 1.037146243897688752e-02 1.122035876954462046e-02 1.165862055407135278e-02 1.156009822830757899e-02 1.152238846738487359e-02 1.128127986072730016e-02 1.131615135045598367e-02 1.116538334523363950e-02 1.103641657078645658e-02 1.111668305702746308e-02 1.082893558818023329e-02 1.131484558665438699e-02 1.169999122797664784e-02 1.175750916474626977e-02 1.171736803648972675e-02 1.176409440721227356e-02 1.152315820948774522e-02 1.126238597055455835e-02 1.115058087617250629e-02 1.095715610671756796e-02 1.090162977290385152e-02 1.149825755398387224e-02 1.132229659465791918e-02
1.161674145922191558e-02 1.163268408330577625e-02 1.161927576579393703e-02 1.170765185473788238e-02 1.171442492178075001e-02 1.175703459036227250e-02 1.148496547573607529e-02 1.148220779669063309e-02 1.151966608684688691e-02 1.105669585760328880e-02 1.063215836833677520e-02 1.041856352823794345e-02 1.010911848776055964e-02 0.000000000000000000e+00 1.037977184693557667e-02 1.134520189440385574e-02 1.044135930080005749e-02 1.050276673899535468e-02 1.043768300386820058e-02 1.111842752804074151e-02 1.020292426798545538e-02 1.040525158459845896e-02 1.019306429240638204e-02 1.040051328639500852e-02 1.060232130405842563e-02 1.079094029372736248e-02 1.070301301709065608e-02 1.090780649874442156e-02 1.125396062143827966e-02 1.045271071655616557e-02 1.126638656192050121e-02 1.139024525509713809e-02 1.087850633004390499e-02 1.035008155345952703e-02 1.092260225864094027e-02 1.128429149047080124e-02 1.105250793890835172e-02 1.137303362283795943e-02 1.135088019177716255e-02 1.125072155737070166e-02 1.058074066581802045e-02 1.112967800898566340e-02 1.092570474786209479e-02 1.123324054327762798e-02 1.100750503031208347e-02 1.081192635673761289e-02 1.049917122514138455e-02 1.092731057855874169e-02 1.151117989585847580e-02 1.118949120671181886e-02 1.163468782789471578e-02 1.175834881065313496e-02 1.153815052115983973e-02 1.179084322712926208e-02 1.182188496357698682e-02 1.155921674323389173e-02 1.168054358300152883e-02 1.162087958765963859e-02 1.156916767271744598e-02 1.146050001649936805e-02 1.127209006113815207e-02 1.074696696837844356e-02 1.067911118438781733e-02 1.045574582143725048e-02 1.044606365076215793e-02 1.048342629043867540e-02 1.165924205949660578e-02 1.126223978337941370e-02 1.118666303535459199e-02 1.116918489054302688e-02 1.090135578100331036e-02 1.094292995660982835e-02 1.048933126476881555e-02 1.175220479019692052e-02 1.147634050811185795e-02 1.158767166270482409e-02 1.117828257112429141e-02 1.034005784521970991e-02 1.122950063609183535e-02 1.164571003236496149e-02 1.155312721494817368e-02 1.151914810664870017e-02 1.130883339862002145e-02 1.133300096284884512e-02 1.116643489613970350e-02 1.097954983231685250e-02 1.106747944850178939e-02 1.080160263075539105e-02 1.131462110658984846e-02 1.168995092738050155e-02 1.174987534939460343e-02 1.174022000928737382e-02 1.178962029201156489e-02 1.154205398711380740e-02 1.126816523401473827e-02 1.114179072336889467e-02 1.091717699010266371e-02 1.087051831235187963e-02 1.147397280291443181e-02 1.132628307299458036e-02
1.130689932968252653e-02 1.138904946360511268e-02 1.138251868051798864e-02 1.143753033826302654e-02 1.139256080592550638e-02 1.139390256670254342e-02 1.135960888642520601e-02 1.133169170132418239e-02 1.118952247190694096e-02 1.109756261503356406e-02 1.111014577987330838e-02 1.095099398450706182e-02 1.080261905499368784e-02 1.037977184693557667e-02 0.000000000000000000e+00 1.124012145020656175e-02 1.102288815866200519e-02 1.046243310777369290e-02 1.051341311383812566e-02 1.018891117849546162e-02 1.023778466317767401e-02 1.089209684089432160e-02 1.021257395282510784e-02 1.109831675180265181e-02 1.073710422343730764e-02 1.050276356514807247e-02 1.060924218697640274e-02 1.019789939007373011e-02 1.027255720746628187e-02 1.006749714844619795e-02 1.085207609814310692e-02 1.127699533206389694e-02 1.122509214211143275e-02 1.085009864466195996e-02 1.077971701020953750e-02 1.078202722403209628e-02 1.021638098418446716e-02 1.140347656453416340e-02 1.130476289943172820e-02 1.132265274999657949e-02 1.110405516553437597e-02 1.101910104496997035e-02 1.082080615372236002e-02 1.041845614128330925e-02 1.064304408551670911e-02 1.018417556682429254e-02 1.069549702332296681e-02 1.031388314609728296e-02 1.106659558612984630e-02 1.034042908434370904e-02 1.115638547720758204e-02 1.134941741383608399e-02 1.111446887781000585e-02 1.139328035922305971e-02 1.141803860212513982e-02 1.108598750367841002e-02 1.124461557052963689e-02 1.113992476683302486e-02 1.104284609368861442e-02 1.110512554725273486e-02 1.091931306335283507e-02 1.091409590760621974e-02 1.042761473785325070e-02 1.028898390606464326e-02 1.039421020971421916e-02 1.003505157334603007e-02 1.123856289361391779e-02 1.101059564247161039e-02 1.090298790462931530e-02 1.070430730707554873e-02 1.017300926513735673e-02 1.068596466360962130e-02 1.020437971194592189e-02 1.132022674025371864e-02 1.077732309689374141e-02 1.118435766382825693e-02 1.024014517040375445e-02 1.001580509729481025e-02 1.073491604314514604e-02 1.118900907385941487e-02 1.118947115364325555e-02 1.110478966425708196e-02 1.084304023250235068e-02 1.097172660865319664e-02 1.074203361154286128e-02 1.063420750220142076e-02 1.021702134968439403e-02 1.008674572459221028e-02 1.070928130792702347e-02 1.126950445205540316e-02 1.128769675058246581e-02 1.128324227438656617e-02 1.134911865744689038e-02 1.106450635562476054e-02 1.086318457761973125e-02 1.059775380890827165e-02 1.046136564325509354e-02 1.052063697842239680e-02 1.099317597247095359e-02 1.043150864264030982e-02
1.033532108773733624e-02 1.037870086887623423e-02 1.034418456184103136e-02 1.039268838414902744e-02 1.107134509105135896e-02 1.063031679019448873e-02 1.028036420364659108e-02 1.032536317845408717e-02 1.087689757753114092e-02 1.109334377111787645e-02 1.147379401094973314e-02 1.132834368179835155e-02 1.140181758347954578e-02 1.134520189440385574e-02 1.124012145020656175e-02 0.000000000000000000e+00 1.162587950636796361e-02 1.043757743859094651e-02 1.154309971338383055e-02 1.128422449200313510e-02 1.144630598480801328e-02 1.055102054459784722e-02 1.070289149582903838e-02 1.138029329658336516e-02 1.075279860364450682e-02 1.062074486379380872e-02 1.108287566704299100e-02 1.090265114395936284e-02 1.143034144659424087e-02 1.119644285556314900e-02 1.082945263669157082e-02 1.020354738794509823e-02 1.023514949285926970e-02 1.108698988959598564e-02 1.041695188349230951e-02 1.117205665564441341e-02 1.108948048722115283e-02 1.028708815589490094e-02 1.110843877559009908e-02 1.064350273496512088e-02 1.044485050734885248e-02 1.072408512795862759e-02 1.082718752066224623e-02 1.108692865766960564e-02 1.044107352912011961e-02 1.055963532526135555e-02 1.066282368975826449e-02 1.099794540780005617e-02 1.098891958156702521e-02 1.106894153200871193e-02 1.156632404090397921e-02 1.152332402303278547e-02 1.161215620726115984e-02 1.147275712924302263e-02 1.157429731610789755e-02 1.128560762428504859e-02 1.161589574312334346e-02 1.101080008063883876e-02 1.169766541222426459e-02 1.186271587519207096e-02 1.172102887610088941e-02 1.177047364834254116e-02 1.166554742150211973e-02 1.158738658251628161e-02 1.169134014533040888e-02 1.136857145945110482e-02 1.175565480708590238e-02 1.186132991402131381e-02 1.174053456878485988e-02 1.142060361014688059e-02 1.133054709932934147e-02 1.141390367992775774e-02 1.131940976348945818e-02 1.186343583810480634e-02 1.186647814318328963e-02 1.190866268195732783e-02 1.142332186200045556e-02 1.111298057132375887e-02 1.117674866177829039e-02 1.148926362959550376e-02 1.190002484274971413e-02 1.172581983650992921e-02 1.134563172518900966e-02 1.142961227832005669e-02 1.126600234649926917e-02 1.131623355713744054e-02 1.116099048492949844e-02 1.099322621485557434e-02 1.127855611756600762e-02 1.188186754138651109e-02 1.179955057123662637e-02 1.171859033850293670e-02 1.188156280943166929e-02 1.161347513187604812e-02 1.135130235995722436e-02 1.113534913294673447e-02 1.102259057453252623e-02 1.114931055315550659e-02 1.114460369871127579e-02 1.133953372736802578e-02
