0.000000000000000000e+00 1.036907687277718176e-02 1.035804935068960694e-02 1.041330200137325843e-02 1.116117775177413902e-02 1.066061538529215758e-02 1.062562327451271708e-02 1.094848761100142287e-02 1.098062327535970738e-02 1.177869858948422943e-02 1.203229650856062552e-02 1.199962648168078141e-02 1.226696454156344339e-02 1.243408887886906546e-02 1.225587267191194721e-02 1.070257427805359519e-02 1.212899794518392665e-02 1.196352925086987054e-02 1.204636457507470178e-02 1.192586624752392348e-02 1.243913030050838517e-02 1.198865826023057420e-02 1.232704423886408010e-02 1.214230688178321790e-02 1.215598791021760446e-02 1.192177565556706668e-02 1.190455767188027848e-02 1.170136351219688495e-02 1.186110732238898798e-02 1.212266891187389721e-02 1.135951743252797824e-02 1.092044119599639394e-02 1.086147571144096234e-02 1.185320954030589201e-02 1.185806148320174037e-02 1.157457050353379209e-02 1.182196940214763105e-02 1.106005215767674570e-02 1.164130072686413685e-02 1.171851958037652824e-02 1.186542769330864271e-02 1.149089824265518700e-02 1.190097921428434451e-02 1.104708071939749028e-02 1.171244596009896055e-02 1.216440452281833916e-02 1.198682437653960688e-02 1.194205851928791667e-02 1.108823092710228483e-02 1.108056875007471485e-02 1.224241151979198541e-02 1.125860832152928044e-02 1.230529216514753867e-02 1.176142056067660917e-02 1.174138209285838057e-02 1.178918380452080410e-02 1.212337643258730446e-02 1.192852053279177052e-02 1.250151946556324160e-02 1.239778094699156563e-02 1.232765874874971676e-02 1.236593859687485676e-02 1.235681216873033353e-02 1.255657699775944089e-02 1.233477562649579716e-02 1.216082299682548495e-02 1.248058945194980771e-02 1.239426125747342296e-02 1.248861535113929624e-02 1.218722441583755360e-02 1.232328211206211964e-02 1.251543422682145634e-02 1.241899069693729388e-02 1.236376866426843260e-02 1.242584619399925844e-02 1.383545025189959927e-02 1.201119131537578023e-02 1.242355692090453545e-02 1.200210439998220316e-02 1.229499703902606385e-02 1.254442250990190667e-02 1.252280523129918610e-02 1.212580077610605003e-02 1.224218834768701740e-02 1.217891777144645797e-02 1.243289101800958488e-02 1.203023894323372936e-02 1.215870964316285996e-02 1.180361771347814004e-02 1.235706936996418606e-02 1.263144112531754126e-02 1.222731976613985333e-02 1.238356106640679105e-02 1.232791985602203072e-02 1.236491440560437936e-02 1.196831189999177786e-02 1.241132586409064015e-02 1.228364423590447632e-02 1.171252482658796494e-02 1.194979099916240045e-02
1.036907687277718176e-02 0.000000000000000000e+00 1.023153250084139071e-02 1.035598423707878579e-02 1.045363745157371418e-02 1.061355538437405016e-02 1.119834019715208392e-02 1.084120016826961574e-02 1.091545819131754108e-02 1.178008341258528213e-02 1.203382071793414505e-02 1.197668180091359356e-02 1.227662399940383092e-02 1.245300357499508521e-02 1.237849592136000890e-02 1.073681405452937485e-02 1.215210655424095801e-02 1.200366416188884330e-02 1.205928146076529206e-02 1.205491479641073414e-02 1.248833108243980160e-02 1.201705584578555662e-02 1.237401582631710364e-02 1.210849780851547437e-02 1.166755847019996725e-02 1.189268027270077438e-02 1.197120554534035833e-02 1.213437172541334021e-02 1.200654636829113532e-02 1.223338299343593519e-02 1.086167231723563636e-02 1.081699969474178916e-02 1.089914560144561624e-02 1.185194442756669006e-02 1.188366886072462526e-02 1.162491080179975725e-02 1.230628088043786775e-02 1.095548978144336369e-02 1.166531539473991512e-02 1.177630767943079089e-02 1.187499485796099374e-02 1.098683684052168333e-02 1.189071910658670052e-02 1.160195482182650381e-02 1.174179663711569753e-02 1.225257159705524582e-02 1.203927640749905340e-02 1.203960820580386379e-02 1.108976050255705559e-02 1.163140887430525079e-02 1.233938191788108707e-02 1.186140966425127535e-02 1.240872532814072532e-02 1.180128434942071675e-02 1.175306519694491701e-02 1.181492882642119595e-02 1.224380645917028804e-02 1.199439100382408002e-02 1.259553266725560276e-02 1.246777233634458089e-02 1.240124854655982184e-02 1.242232836005181980e-02 1.242367656963821489e-02 1.262342259817792606e-02 1.238648939567368532e-02 1.225674494502427755e-02 1.255271884222634166e-02 1.245060552561660407e-02 1.255135952141584084e-02 1.227294969279222117e-02 1.243502211195669088e-02 1.259040321093449384e-02 1.250046503108914048e-02 1.242554919947104833e-02 1.250079414549180520e-02 1.393239038543924412e-02 1.210350611601458161e-02 1.251001172259532529e-02 1.201426712551370742e-02 1.234477387672832695e-02 1.260911076374346580e-02 1.258814923437665163e-02 1.219596588347288124e-02 1.230710957683069096e-02 1.226113610851651062e-02 1.251469409764441841e-02 1.210584104814752503e-02 1.220762561825794457e-02 1.185903336918037176e-02 1.241920329638103622e-02 1.274083449965504079e-02 1.229116408622198987e-02 1.244745653827312136e-02 1.239662704307771708e-02 1.244051335112309614e-02 1.201814981232212677e-02 1.246726180275393656e-02 1.235880662937907833e-02 1.130285284149188350e-02 1.203861668690830306e-02
1.035804935068960694e-02 1.023153250084139071e-02 0.000000000000000000e+00 1.034056353762098819e-02 1.055051921048741695e-02 1.067867327859721265e-02 1.057757597664993332e-02 1.084037804375564094e-02 1.090137486802133550e-02 1.173908789783821571e-02 1.202079225076505345e-02 1.196427255885193323e-02 1.226156324719630472e-02 1.241782493268176087e-02 1.235504519982733203e-02 1.069010431714138842e-02 1.212091957467335661e-02 1.152847856876160898e-02 1.202399326692133071e-02 1.203721739869189483e-02 1.245485238055589472e-02 1.202685869087190274e-02 1.234315338641001590e-02 1.212132050026018364e-02 1.163867885303506225e-02 1.191375825215738003e-02 1.197361724678002240e-02 1.214806211151884911e-02 1.200487189355834046e-02 1.221142916359033333e-02 1.092513715878980912e-02 1.078579150000320494e-02 1.084874902883364682e-02 1.184692014209215438e-02 1.188460789884660147e-02 1.164571871103729089e-02 1.232441258160805499e-02 1.144603010636058467e-02 1.164303192652374995e-02 1.174810736392507479e-02 1.182787826473307227e-02 1.102388078018425900e-02 1.191970932798640248e-02 1.161992675361172948e-02 1.173076659632454367e-02 1.225615555706417378e-02 1.201092071610663017e-02 1.198058042856314960e-02 1.112751712718336450e-02 1.166531346339589464e-02 1.239085190723853390e-02 1.190957616639394014e-02 1.242979776953153509e-02 1.183317996815676232e-02 1.180700047113730777e-02 1.188082128196012860e-02 1.224941249474739875e-02 1.205196032517776017e-02 1.259215307548232007e-02 1.246746942050538411e-02 1.239644183548199892e-02 1.241558061232906317e-02 1.241668122755148866e-02 1.261750616248492191e-02 1.237213694080844043e-02 1.225158512589444998e-02 1.256749487954802839e-02 1.244284073204713313e-02 1.255330208274009832e-02 1.228135479097738729e-02 1.242140387908437227e-02 1.259011215788109934e-02 1.249666433730427587e-02 1.243089910487794013e-02 1.250051784086710083e-02 1.397132336160751553e-02 1.210444045521780199e-02 1.251270775466313892e-02 1.206419922132628657e-02 1.240090271382969338e-02 1.261105166390547733e-02 1.262056231692832396e-02 1.221102695915381696e-02 1.231648681522213781e-02 1.226896802755290429e-02 1.251715666633659158e-02 1.212425484288084596e-02 1.223739666691181678e-02 1.190021269957508565e-02 1.242381162686147580e-02 1.276113562318163634e-02 1.231112887903818530e-02 1.245525656966734764e-02 1.241318735581223472e-02 1.245081863206742856e-02 1.206469731940428697e-02 1.250024051431301852e-02 1.236110422077326028e-02 1.180232704717089701e-02 1.208327050629064148e-02
1.041330200137325843e-02 1.035598423707878579e-02 1.034056353762098819e-02 0.000000000000000000e+00 1.047182528127834494e-02 1.072330073128006586e-02 1.059803265246755770e-02 1.095336584738025414e-02 1.104699586110728486e-02 1.174821015298917540e-02 1.189565002834675443e-02 1.192998094217684844e-02 1.223328697489438691e-02 1.247937623474089722e-02 1.238670399242005477e-02 1.075019434493630632e-02 1.202465895856767025e-02 1.210491397205752662e-02 1.193693499652221518e-02 1.203530563103066137e-02 1.252036650213917725e-02 1.204150551866510314e-02 1.238215637376552554e-02 1.211145407718037213e-02 1.176743932539649554e-02 1.192855282683073781e-02 1.194663783555162395e-02 1.225400889078774591e-02 1.189990015809928164e-02 1.220321052710113610e-02 1.145497040768012065e-02 1.097889663973178158e-02 1.149211506513372373e-02 1.188135521668094718e-02 1.189819236699494846e-02 1.168529532430131503e-02 1.242955800448834400e-02 1.105683121189702037e-02 1.158144961069229768e-02 1.166304315937070554e-02 1.193369419609244080e-02 1.162579230821553927e-02 1.199390785465801433e-02 1.163470417640656562e-02 1.137683415469484607e-02 1.232191407844184655e-02 1.197534317037280034e-02 1.194308216324001769e-02 1.172086324650740106e-02 1.175520674634829288e-02 1.228194641301632445e-02 1.172177404308436151e-02 1.238334746378417367e-02 1.112413374099090191e-02 1.164947610369412509e-02 1.184430178978383014e-02 1.215846990933810989e-02 1.202324819294895396e-02 1.254817522859122923e-02 1.234493073926323098e-02 1.228222538057890251e-02 1.230169740463395167e-02 1.232932759556227588e-02 1.258188637312102585e-02 1.230335566613821770e-02 1.221618533665463219e-02 1.250451100236870706e-02 1.232443402010651237e-02 1.248592801909905251e-02 1.228004212881248641e-02 1.244252042265876074e-02 1.254643826984924715e-02 1.246545510168316565e-02 1.228755938035259662e-02 1.240035287446559706e-02 1.397229132060581573e-02 1.201782985164296519e-02 1.253565103763261065e-02 1.206629262452845429e-02 1.234919379369529835e-02 1.252037809588796985e-02 1.254911068439482254e-02 1.211257023133327677e-02 1.221484645427529415e-02 1.218945521510123031e-02 1.247373046824919174e-02 1.219098006571075338e-02 1.226503434764179834e-02 1.189841340456534481e-02 1.228345353177627379e-02 1.265164449062945902e-02 1.214673020377514921e-02 1.231510940713930434e-02 1.231626877628390002e-02 1.238187818269326744e-02 1.208218488622107845e-02 1.251957392326789528e-02 1.232636475798532666e-02 1.185533903230103804e-02 1.202981146519032686e-02
1.116117775177413902e-02 1.045363745157371418e-02 1.055051921048741695e-02 1.047182528127834494e-02 0.000000000000000000e+00 1.045067725852258031e-02 1.151007387957211220e-02 1.101894100887876662e-02 1.084215548665708878e-02 1.194498767758944181e-02 1.205491019875330055e-02 1.206340120840740555e-02 1.233075319010150037e-02 1.255901632089797409e-02 1.237236833628427984e-02 1.153628789659035675e-02 1.215540598314742912e-02 1.215463589361962665e-02 1.206540929809941237e-02 1.197403005991291500e-02 1.255228297511691744e-02 1.221066773430641052e-02 1.247024847889397978e-02 1.224505585477492740e-02 1.186468898232922314e-02 1.206076870199837732e-02 1.198662490105171022e-02 1.219603709780792307e-02 1.193937813962230379e-02 1.223022933623556935e-02 1.090192670886621154e-02 1.115018509814611619e-02 1.177850829474142574e-02 1.197557118370831501e-02 1.204213103117563084e-02 1.145936388674065505e-02 1.219250832161955338e-02 1.133711059548263289e-02 1.185061917722467564e-02 1.195681252130001947e-02 1.216092555266922760e-02 1.169121436728071291e-02 1.207287706611830970e-02 1.161024688852768487e-02 1.186515075235541374e-02 1.230953689224816364e-02 1.210347582939139827e-02 1.206352234224541270e-02 1.091449816216137451e-02 1.165217953221972004e-02 1.195106458217733841e-02 1.151352508054454687e-02 1.217767148324328842e-02 1.085471356422297584e-02 1.077341430121171728e-02 1.094872720487210897e-02 1.189144374226349006e-02 1.115763091042774879e-02 1.239457744630842115e-02 1.236954904335281144e-02 1.232275248352253383e-02 1.235640625403420893e-02 1.235728357140686816e-02 1.259020649643459965e-02 1.235153702702334461e-02 1.220980133609693430e-02 1.236486058943617010e-02 1.237909391201824465e-02 1.244170609088145196e-02 1.210992653215383838e-02 1.235032295926692322e-02 1.254140903159829679e-02 1.245474481098104817e-02 1.228980084459273259e-02 1.238714416025397599e-02 1.369604320768375537e-02 1.201219667781219455e-02 1.249361092902751512e-02 1.187278323541072697e-02 1.198137645388249080e-02 1.249597518620348784e-02 1.243045619502771044e-02 1.203474770049981109e-02 1.220671528434751595e-02 1.215569133726900411e-02 1.244261298793890129e-02 1.197384064670901048e-02 1.214894603660210577e-02 1.165009322051522092e-02 1.229132967700708769e-02 1.249609238580410078e-02 1.195057424642202021e-02 1.227878813173299138e-02 1.219992746133543096e-02 1.234703951672568370e-02 1.192070832340716251e-02 1.240917533576126747e-02 1.232330118131628148e-02 1.099111281931892253e-02 1.180374365049368345e-02
1.066061538529215758e-02 1.061355538437405016e-02 1.067867327859721265e-02 1.072330073128006586e-02 1.045067725852258031e-02 0.000000000000000000e+00 1.170363732849418956e-02 1.144508660261451399e-02 1.074898613682769705e-02 1.217846024407516665e-02 1.234005969245352378e-02 1.227244323234555519e-02 1.251921829234228269e-02 1.268104906725077072e-02 1.240232184103406965e-02 1.111373966118688744e-02 1.241485445666054045e-02 1.213296367411621432e-02 1.233398855155802901e-02 1.201380240374135162e-02 1.265363354529990512e-02 1.233510481773496953e-02 1.250916372837410258e-02 1.245057784204419565e-02 1.227430878590580338e-02 1.215652225992623972e-02 1.203658992389388532e-02 1.169947657866147669e-02 1.205731079254066668e-02 1.232458316185048794e-02 1.091679251685445835e-02 1.113064007385602266e-02 1.184442144890592366e-02 1.213274547507784198e-02 1.213773105453018475e-02 1.104444415131746945e-02 1.206362669805467053e-02 1.189697573435170679e-02 1.210988575752737495e-02 1.220538144654599935e-02 1.227816310819355300e-02 1.128658452177440548e-02 1.211514973673214271e-02 1.116820860972355528e-02 1.183501195394627212e-02 1.224032937944518999e-02 1.220893960744026327e-02 1.218245384444611307e-02 1.075833388034103805e-02 1.157362078169245356e-02 1.195077653267990342e-02 1.107012514456178799e-02 1.218752613996120469e-02 1.099917060985113396e-02 1.092212180315447340e-02 1.090325600163772647e-02 1.193817879983938117e-02 1.103383867885324339e-02 1.245221971835154713e-02 1.255503308488792324e-02 1.250732119636950058e-02 1.256305904359619578e-02 1.253174074333190426e-02 1.269818014335632322e-02 1.254099733762986148e-02 1.232070171919025063e-02 1.245388956365232544e-02 1.259183317715675994e-02 1.257926834467065595e-02 1.213572798060537014e-02 1.236799341406985726e-02 1.261499051072232334e-02 1.252487400697755056e-02 1.248725682792516806e-02 1.255339104741824696e-02 1.356230937407088000e-02 1.218000547132001843e-02 1.249560803389033505e-02 1.184978254892077483e-02 1.194458723335829406e-02 1.264655907214296861e-02 1.251819099215983194e-02 1.209337587208017886e-02 1.233077731606658720e-02 1.222472131663390055e-02 1.249800643277219903e-02 1.193942356440576974e-02 1.213524317911798302e-02 1.170684020646026342e-02 1.249246971899988824e-02 1.250469945494712097e-02 1.209235865279439763e-02 1.246162043406252515e-02 1.226744935080686244e-02 1.239821182495699781e-02 1.188394266298679544e-02 1.234227818410130878e-02 1.238496192808277198e-02 1.091137307906689044e-02 1.185529121470815100e-02
1.062562327451271708e-02 1.119834019715208392e-02 1.057757597664993332e-02 1.059803265246755770e-02 1.151007387957211220e-02 1.170363732849418956e-02 0.000000000000000000e+00 1.098569745363321172e-02 1.130835593288226533e-02 1.076372554945077310e-02 1.176220668658029510e-02 1.170019151630970894e-02 1.203445655409789150e-02 1.219186860511172442e-02 1.227907635230020278e-02 1.058119730472636445e-02 1.197184345257739160e-02 1.139947661285547510e-02 1.185293353604807004e-02 1.203936925817511439e-02 1.227038240909455492e-02 1.161443167770662664e-02 1.213989511374381249e-02 1.170146396505852664e-02 1.157511548478592535e-02 1.163358043906511860e-02 1.191764276591058408e-02 1.228948109902503090e-02 1.200710690440810399e-02 1.210657641903370614e-02 1.167874317150161510e-02 1.092864717300213485e-02 1.056007980446293376e-02 1.163311922469000524e-02 1.155801049939426256e-02 1.183070633861199074e-02 1.244104382207376555e-02 1.068343269880648802e-02 1.064965277695470100e-02 1.070593861609235239e-02 1.089280550507800566e-02 1.143850149408506302e-02 1.166155021638611011e-02 1.180428771854912656e-02 1.174621321444594552e-02 1.225158315702575863e-02 1.182583188556865679e-02 1.139569733637494850e-02 1.201255878004496395e-02 1.181955382259844943e-02 1.252324779389623298e-02 1.208863051523949642e-02 1.254757661304154413e-02 1.207758606669020844e-02 1.208732862812539506e-02 1.219395604657185460e-02 1.238804770263940425e-02 1.235114766323371777e-02 1.264134092567157849e-02 1.244292193666109853e-02 1.235419785969462877e-02 1.234868256856071385e-02 1.235801680970960957e-02 1.252344825280612452e-02 1.223314657035453994e-02 1.219790448457448197e-02 1.264492613062807337e-02 1.238399028807388690e-02 1.250853766720767465e-02 1.235497996794330915e-02 1.235674868251001972e-02 1.251169533372773965e-02 1.242251145739413191e-02 1.244162124911389611e-02 1.248144325481292775e-02 1.407079656349127274e-02 1.208820429087207812e-02 1.243530165844250988e-02 1.218752257851029447e-02 1.258319057931476734e-02 1.259472467332544386e-02 1.265506069688485287e-02 1.227541953967148554e-02 1.230100880208850021e-02 1.224230462226717775e-02 1.246697446188361515e-02 1.218801645658936818e-02 1.223946584880227818e-02 1.204020066408851598e-02 1.242894166850861543e-02 1.283614967901312853e-02 1.240324642236549299e-02 1.248231628453575111e-02 1.249521857720266652e-02 1.242608774401512788e-02 1.217033005231576287e-02 1.249793562455376629e-02 1.227662224055318767e-02 1.215506634625772645e-02 1.217724851950572479e-02
1.094848761100142287e-02 1.084120016826961574e-02 1.084037804375564094e-02 1.095336584738025414e-02 1.101894100887876662e-02 1.144508660261451399e-02 1.098569745363321172e-02 0.000000000000000000e+00 1.072816377213781786e-02 1.151429039668748489e-02 1.255665306280579797e-02 1.235874462769797483e-02 1.253424961056633959e-02 1.250180509404380004e-02 1.248521858281426665e-02 1.089483371704123502e-02 1.263376292988879074e-02 1.118607908570040839e-02 1.248968065637030139e-02 1.228338929615196279e-02 1.249215346789228631e-02 1.215606294126309744e-02 1.239070332841546267e-02 1.229041815615146763e-02 1.122959414600388506e-02 1.207218961824461055e-02 1.228355758305328151e-02 1.208737693661652950e-02 1.245365012140925952e-02 1.252769478552671206e-02 1.158269140336777060e-02 1.061212279759778977e-02 1.099861180369857486e-02 1.145050804537936853e-02 1.194552778672885139e-02 1.139819585575692351e-02 1.214144393321527245e-02 1.092142145561718694e-02 1.206853154180357116e-02 1.214551300729620024e-02 1.130051146801324194e-02 1.101038581306458715e-02 1.183300013086937760e-02 1.209525436000137913e-02 1.139149426523154360e-02 1.221210785361883690e-02 1.227508425633482003e-02 1.231453026238183389e-02 1.109993167338091564e-02 1.194344370500092373e-02 1.252243729861333109e-02 1.233600857187243209e-02 1.262612937446366303e-02 1.173796821053471086e-02 1.221857599317438536e-02 1.149605481725776007e-02 1.252087091683582419e-02 1.200864666076770747e-02 1.282143870149998234e-02 1.298738746817985380e-02 1.291991430718551423e-02 1.293474526693064869e-02 1.288026287673032545e-02 1.288883016367591353e-02 1.276870049556098029e-02 1.257025535190849780e-02 1.285832550356242818e-02 1.297350017192549533e-02 1.291493682907025008e-02 1.240741435154641380e-02 1.245531088137350265e-02 1.283806658222048404e-02 1.273326329996765476e-02 1.296038861040359723e-02 1.294532172196448221e-02 1.370321236848168721e-02 1.254211014974604584e-02 1.249856790683246018e-02 1.213030375512261401e-02 1.196709449720171313e-02 1.298131912981209495e-02 1.288048342963035546e-02 1.251343140498364405e-02 1.266298167524078366e-02 1.252719570175338942e-02 1.274263648360436998e-02 1.199039496430653710e-02 1.221339935557501193e-02 1.164987067654245541e-02 1.295842152236448448e-02 1.291927256207213263e-02 1.267649430454984710e-02 1.292808220817629264e-02 1.271525647855622013e-02 1.267196790309658636e-02 1.214535813033331552e-02 1.240928452801237647e-02 1.259320291512353203e-02 1.136579051683889695e-02 1.228855800448144624e-02
1.098062327535970738e-02 1.091545819131754108e-02 1.090137486802133550e-02 1.104699586110728486e-02 1.084215548665708878e-02 1.074898613682769705e-02 1.130835593288226533e-02 1.072816377213781786e-02 0.000000000000000000e+00 1.216974929945939532e-02 1.256528733657216214e-02 1.241401106129432115e-02 1.255794775201019009e-02 1.257056770531986799e-02 1.228592991387720754e-02 1.161131247685775851e-02 1.257722407842297441e-02 1.133354087347521189e-02 1.245866612405904968e-02 1.156224365767597080e-02 1.244683007081474196e-02 1.237416084415433014e-02 1.241505351458550149e-02 1.247508316751049298e-02 1.155887850938070414e-02 1.224730378621053870e-02 1.217494409624570589e-02 1.190866259469038069e-02 1.220389640438504335e-02 1.238213854275457305e-02 1.152420585157095008e-02 1.100641595798055976e-02 1.179679752515665724e-02 1.157455223239919374e-02 1.216247637963245413e-02 1.099953004069992128e-02 1.146487290768078912e-02 1.182704750544683915e-02 1.229216830716655523e-02 1.238480710402179753e-02 1.210603501267355775e-02 1.128967308942073304e-02 1.208540157751679736e-02 1.190468244155277328e-02 1.180911142448263888e-02 1.216412618328606421e-02 1.230559737669081367e-02 1.224462174370731168e-02 1.060882386294293746e-02 1.170835804312004257e-02 1.215313583156931755e-02 1.200998570811221550e-02 1.190777261783091019e-02 1.191067059684702140e-02 1.141352192231991601e-02 1.105561982267158107e-02 1.216423679451938446e-02 1.117200787577766509e-02 1.245659585122069375e-02 1.278947208976893846e-02 1.273177996492598496e-02 1.276734736546861378e-02 1.264894179850818180e-02 1.273526080048598651e-02 1.263856407248567862e-02 1.233335045110472462e-02 1.256339726657769613e-02 1.280117155724283008e-02 1.267434042355636281e-02 1.160361694870875281e-02 1.214977742933998767e-02 1.268784782698972879e-02 1.251988775226168908e-02 1.272421735844698337e-02 1.273266768322466394e-02 1.343468888222488361e-02 1.224515498432454837e-02 1.232941439065974795e-02 1.191880738283001596e-02 1.201663862219045850e-02 1.277645291521969234e-02 1.258465017764503167e-02 1.234321357493259851e-02 1.249962152063363932e-02 1.238368700818844384e-02 1.252259696954383626e-02 1.134986914162096523e-02 1.204051700981041695e-02 1.125424010065436721e-02 1.269415496068777849e-02 1.265204209132528811e-02 1.238425390363717508e-02 1.271761551583093508e-02 1.252134759758024782e-02 1.251707569960828700e-02 1.196444329387709796e-02 1.227105669508579168e-02 1.241785605142775410e-02 1.092333237076742285e-02 1.193539176514644105e-02
1.177869858948422943e-02 1.178008341258528213e-02 1.173908789783821571e-02 1.174821015298917540e-02 1.194498767758944181e-02 1.217846024407516665e-02 1.076372554945077310e-02 1.151429039668748489e-02 1.216974929945939532e-02 0.000000000000000000e+00 1.080002161156033008e-02 1.066729570237571340e-02 1.151414611085943562e-02 1.169369126902940030e-02 1.195777397067276232e-02 1.153600044645604339e-02 1.161326609720127190e-02 1.149133979397551700e-02 1.154638948941445753e-02 1.194407377760711014e-02 1.134359961622981826e-02 1.136320250251685732e-02 1.181168620354090815e-02 1.055428586240701565e-02 1.142383850264638151e-02 1.076639642286374501e-02 1.172422649341737198e-02 1.220265510292246891e-02 1.187993940714414214e-02 1.186240469870650585e-02 1.178671976045134011e-02 1.183384924047634762e-02 1.131737914562510987e-02 1.142702392706328000e-02 1.103798932933283163e-02 1.189612847165498130e-02 1.241026649238155012e-02 1.088305408805120313e-02 1.056328620318392787e-02 1.051857372912854902e-02 1.077123437893984237e-02 1.099777739515876533e-02 1.104492104355901498e-02 1.181008478169191800e-02 1.176570330063793010e-02 1.215502453603713867e-02 1.169724390924502949e-02 1.166555257136187539e-02 1.233330719147189558e-02 1.185942332199026346e-02 1.251764409488119283e-02 1.223764591183597664e-02 1.254570071352145884e-02 1.225787835635619785e-02 1.225579453072446132e-02 1.232208886325931313e-02 1.241628165819289725e-02 1.250029675407215296e-02 1.254765678139782396e-02 1.227087395667101830e-02 1.219821093929622513e-02 1.211856230556511947e-02 1.213046074636756587e-02 1.213796666610173977e-02 1.135243218092475345e-02 1.189338248243464700e-02 1.258851054758121021e-02 1.213879525427982893e-02 1.220801561740295429e-02 1.225626859556988753e-02 1.208507583092320418e-02 1.231942655996212319e-02 1.221978398654872087e-02 1.239399493511088302e-02 1.226900804751270349e-02 1.390588781139541485e-02 1.192683302070388779e-02 1.209808974942149819e-02 1.207136878431141168e-02 1.262922582179323502e-02 1.245646552961852949e-02 1.255864984541089392e-02 1.218500049779825539e-02 1.218462138852739740e-02 1.212420257723336239e-02 1.230490028701230858e-02 1.168894015699375837e-02 1.200733340855453420e-02 1.204952995799966897e-02 1.236634399320039011e-02 1.279133409771868700e-02 1.240197989579420665e-02 1.244210041005157710e-02 1.242960207782156136e-02 1.230501905887356959e-02 1.202898335965753990e-02 1.231676720761193909e-02 1.207170425177692824e-02 1.229975349282631109e-02 1.212435592634853766e-02
1.203229650856062552e-02 1.203382071793414505e-02 1.202079225076505345e-02 1.189565002834675443e-02 1.205491019875330055e-02 1.234005969245352378e-02 1.176220668658029510e-02 1.255665306280579797e-02 1.256528733657216214e-02 1.080002161156033008e-02 0.000000000000000000e+00 1.050789228585933752e-02 1.083949445426123440e-02 1.127350116622133878e-02 1.199074857778951141e-02 1.203400226370186614e-02 1.110373020142702873e-02 1.239284404009258385e-02 1.115937276882076473e-02 1.188343016338679232e-02 1.138367410072792935e-02 1.164040728132593149e-02 1.145808946664574925e-02 1.078706287266218734e-02 1.205587417510833870e-02 1.102812576650348195e-02 1.169806402712800578e-02 1.245702323189327651e-02 1.156998534707376174e-02 1.172898264474367576e-02 1.204808553795182202e-02 1.248760073229854793e-02 1.194758798926388865e-02 1.170818360057279857e-02 1.181311485664785638e-02 1.197023580253080144e-02 1.261323769632771707e-02 1.210404932186655985e-02 1.128094868550453232e-02 1.060887439505697749e-02 1.188408914048558022e-02 1.204683562117613016e-02 1.199324381325707692e-02 1.179306232710831959e-02 1.210766534601514025e-02 1.236783346037102424e-02 1.166356116481992965e-02 1.170043973616201674e-02 1.258390515556922010e-02 1.192899318159754835e-02 1.241305841088248194e-02 1.191571894409488783e-02 1.242314369554197405e-02 1.209942532269099764e-02 1.197905269552787186e-02 1.238291186553780628e-02 1.225594901851548811e-02 1.254441921008342918e-02 1.244315524546215149e-02 1.188947655218332983e-02 1.177165620342414051e-02 1.166592299112721547e-02 1.179037967906589393e-02 1.195719742933596536e-02 1.159311376540911147e-02 1.169992005060297227e-02 1.240251731120918695e-02 1.172089187125825022e-02 1.201826726437071197e-02 1.221986138926352446e-02 1.215820878569110960e-02 1.216138901447159047e-02 1.203434039250314384e-02 1.195712732478940860e-02 1.195890811432222603e-02 1.404854918444717847e-02 1.164361542262683930e-02 1.215770902141191830e-02 1.217246837752018231e-02 1.268200500013917827e-02 1.220139953546416078e-02 1.237485284209004742e-02 1.207789508799476247e-02 1.202801465689870737e-02 1.205236333640210926e-02 1.220533924186738804e-02 1.222170682168607567e-02 1.211146725821906668e-02 1.203951025609312046e-02 1.191641747617524540e-02 1.266214394380534361e-02 1.211132479705830794e-02 1.204928677367968909e-02 1.226248976683539868e-02 1.226318409996296661e-02 1.213716365644499848e-02 1.248298853826648389e-02 1.200938746310182756e-02 1.244602318874845487e-02 1.200594716750840590e-02
1.199962648168078141e-02 1.197668180091359356e-02 1.196427255885193323e-02 1.192998094217684844e-02 1.206340120840740555e-02 1.227244323234555519e-02 1.170019151630970894e-02 1.235874462769797483e-02 1.241401106129432115e-02 1.066729570237571340e-02 1.050789228585933752e-02 0.000000000000000000e+00 1.064821445062295695e-02 1.097257393032544624e-02 1.178044472352208355e-02 1.185982838587355467e-02 1.066355364150986182e-02 1.211416720005044530e-02 1.126875452814772582e-02 1.188928993075713189e-02 1.158536106147005362e-02 1.087417043544326029e-02 1.123140177436694753e-02 1.058145242081968279e-02 1.174937582521647442e-02 1.079022421370073870e-02 1.162542649286199894e-02 1.220819613146006781e-02 1.174365625129450245e-02 1.161418104424588420e-02 1.189496330717361786e-02 1.182080039769336371e-02 1.174991441840983475e-02 1.148053469212483024e-02 1.163502963554696908e-02 1.196343179607023931e-02 1.243584650624355269e-02 1.186056097464228617e-02 1.132078483582889955e-02 1.070398631986965374e-02 1.160021297418726942e-02 1.136009925806310585e-02 1.173163349945116445e-02 1.175186895511086752e-02 1.190798522946497420e-02 1.211446131334534444e-02 1.153940817601004434e-02 1.159103997631076403e-02 1.247239502546400487e-02 1.188075512162475519e-02 1.245163409906693483e-02 1.212568036181917164e-02 1.242452029391004700e-02 1.221037735904899162e-02 1.216880514669181970e-02 1.236635942701260621e-02 1.232424737190225029e-02 1.250615490773703507e-02 1.239852748435516828e-02 1.194101900019314474e-02 1.182677814672009747e-02 1.169822730136453430e-02 1.178041432352551487e-02 1.182045697948316300e-02 1.096948463543037829e-02 1.162638214539496971e-02 1.243451124572744412e-02 1.176109366976861581e-02 1.193655450803141581e-02 1.212433616250645219e-02 1.199967319225267968e-02 1.200526937944727465e-02 1.191409126795876100e-02 1.213714794560526687e-02 1.148228711820341655e-02 1.375978987157799351e-02 1.174812031274058942e-02 1.149892937268590792e-02 1.207541897959766436e-02 1.262711003904612786e-02 1.218857874846862588e-02 1.237837316468082434e-02 1.203543554175927691e-02 1.206181114338687396e-02 1.203808324352957128e-02 1.212236367542119699e-02 1.212740064619402362e-02 1.156395976124848131e-02 1.203089843707552849e-02 1.209025060957655447e-02 1.266874776809575470e-02 1.221155546389145544e-02 1.219648855596934880e-02 1.224085078019395562e-02 1.221818826256166474e-02 1.202488351086542125e-02 1.226681726083023172e-02 1.187191694691677214e-02 1.238927477955582487e-02 1.202896680987835393e-02
1.226696454156344339e-02 1.227662399940383092e-02 1.226156324719630472e-02 1.223328697489438691e-02 1.233075319010150037e-02 1.251921829234228269e-02 1.203445655409789150e-02 1.253424961056633959e-02 1.255794775201019009e-02 1.151414611085943562e-02 1.083949445426123440e-02 1.064821445062295695e-02 0.000000000000000000e+00 1.055636986502576924e-02 1.160977103864794038e-02 1.205010305941570797e-02 1.072999512203190280e-02 1.201270471248791667e-02 1.073036202708347979e-02 1.187220481031212374e-02 1.092606195254130531e-02 1.084737298708360505e-02 1.098093133602843011e-02 1.062976270464405237e-02 1.178755387348067243e-02 1.098226431658620716e-02 1.167663998693157547e-02 1.218362694121438196e-02 1.179894366804305414e-02 1.142018248020327392e-02 1.212067393567675157e-02 1.244807190094051469e-02 1.192108000591275870e-02 1.082417223045970336e-02 1.172695678271929928e-02 1.204243300765845889e-02 1.239544128204269659e-02 1.211453295880905896e-02 1.173297766588993207e-02 1.161941773019583776e-02 1.121259236573877126e-02 1.204597088728914279e-02 1.184504602832769753e-02 1.194310604922060350e-02 1.197554859916180429e-02 1.204900701087451703e-02 1.093178369495082652e-02 1.155232590771070045e-02 1.261734089365224194e-02 1.201350829295996445e-02 1.255090970514380518e-02 1.234097153488528630e-02 1.246410653205912850e-02 1.241516118606336011e-02 1.239640653868260244e-02 1.250616471875957807e-02 1.244923534686436829e-02 1.260776019759838468e-02 1.246341180656893553e-02 1.199599030743488288e-02 1.179618209570857355e-02 1.116870090778533837e-02 1.165354400259198397e-02 1.110408615862329244e-02 1.138158243099281208e-02 1.105893658356542179e-02 1.249915669169089118e-02 1.176356885237407959e-02 1.184466990863237285e-02 1.208713768552732715e-02 1.186502534477195531e-02 1.139318089090380313e-02 1.122987521252265079e-02 1.232176394547742672e-02 1.203255166658067504e-02 1.362278623949823506e-02 1.177561672714699630e-02 1.132757594365929772e-02 1.220347030637271984e-02 1.273491010484560648e-02 1.216434490802579052e-02 1.233834344562746363e-02 1.211957084116638966e-02 1.206095420103815881e-02 1.199919507218089043e-02 1.194032656330752326e-02 1.215191422341036463e-02 1.187108393929083017e-02 1.211197189401833248e-02 1.225570521309032358e-02 1.272508119547311779e-02 1.241016607887027515e-02 1.238449839558208344e-02 1.234259943043270434e-02 1.219920525729010184e-02 1.211188418676800715e-02 1.219540354834407550e-02 1.173040784453408328e-02 1.251352377941812588e-02 1.214178143184610134e-02
1.243408887886906546e-02 1.245300357499508521e-02 1.241782493268176087e-02 1.247937623474089722e-02 1.255901632089797409e-02 1.268104906725077072e-02 1.219186860511172442e-02 1.250180509404380004e-02 1.257056770531986799e-02 1.169369126902940030e-02 1.127350116622133878e-02 1.097257393032544624e-02 1.055636986502576924e-02 0.000000000000000000e+00 1.109302040682288298e-02 1.212473917979912594e-02 1.104808840553552982e-02 1.145138955091412440e-02 1.101714549117361643e-02 1.196180876601185203e-02 1.073296761083477463e-02 1.097790978903898443e-02 1.086114597065301370e-02 1.089292522789205714e-02 1.169410655374403946e-02 1.150908017631323797e-02 1.148975200621654008e-02 1.210957049627542186e-02 1.204469456371508318e-02 1.108973992078382542e-02 1.225747190202994621e-02 1.241329786621904463e-02 1.152623403443909199e-02 1.088825450668450684e-02 1.174603963289175095e-02 1.217137699359244207e-02 1.229687570830631863e-02 1.216753183890377857e-02 1.202779524486551413e-02 1.188959620491115629e-02 1.121186069360043808e-02 1.206110084559153077e-02 1.185611581081212271e-02 1.215859754933605423e-02 1.200257673771999364e-02 1.198749908054374917e-02 1.114310835312842980e-02 1.170756377044056100e-02 1.264590380638305582e-02 1.208859199864856411e-02 1.273323926393782161e-02 1.264139255501500227e-02 1.258977020757197536e-02 1.268424636524349662e-02 1.269074181300398028e-02 1.264751608266601914e-02 1.265586080246048836e-02 1.270141784646382742e-02 1.258804443325618055e-02 1.224674186708627627e-02 1.202370376366645489e-02 1.141023751119392589e-02 1.132512088040226426e-02 1.108096788251705656e-02 1.102697783386358786e-02 1.113544836095805776e-02 1.269072782312951134e-02 1.197629280855791629e-02 1.195949061884469047e-02 1.210419298549664409e-02 1.177978589403071152e-02 1.184398976830721220e-02 1.126004484370612957e-02 1.263049168356340270e-02 1.225160147919286159e-02 1.348840815594654942e-02 1.198903191027582936e-02 1.125872711681978611e-02 1.232638899687125283e-02 1.283901459436036750e-02 1.239518574247103384e-02 1.251728265274018245e-02 1.233461828589313587e-02 1.228844724688839610e-02 1.215145636268776669e-02 1.196780473186640111e-02 1.213598346169635599e-02 1.184924810199270220e-02 1.227667184869189743e-02 1.252349766015030223e-02 1.287772285445696989e-02 1.268326869786282410e-02 1.268078554647941204e-02 1.256748298789398498e-02 1.233956790340305643e-02 1.219725796847030523e-02 1.216279752127539734e-02 1.178011780294717196e-02 1.259124529776053242e-02 1.232666000535944523e-02
1.225587267191194721e-02 1.237849592136000890e-02 1.235504519982733203e-02 1.238670399242005477e-02 1.237236833628427984e-02 1.240232184103406965e-02 1.227907635230020278e-02 1.248521858281426665e-02 1.228592991387720754e-02 1.195777397067276232e-02 1.199074857778951141e-02 1.178044472352208355e-02 1.160977103864794038e-02 1.109302040682288298e-02 0.000000000000000000e+00 1.222830491903789847e-02 1.188326336108088896e-02 1.149212303621516447e-02 1.133637458005505583e-02 1.092447216959310623e-02 1.085337646511776860e-02 1.182320500559394874e-02 1.104257555260264659e-02 1.190946156120856365e-02 1.195749420798703118e-02 1.135804603941781808e-02 1.157903586584055518e-02 1.126710300105275564e-02 1.104974137011747320e-02 1.078355472785828134e-02 1.190543753566846753e-02 1.244843561770492095e-02 1.216770599226321171e-02 1.171821937544235623e-02 1.181214084862107494e-02 1.170797284198670483e-02 1.124949686914752771e-02 1.243115647468539045e-02 1.222657541504934726e-02 1.219532030879494182e-02 1.209211091232238224e-02 1.210198018375828119e-02 1.192360183283598836e-02 1.132838526519692503e-02 1.172406234274770385e-02 1.129311210915230276e-02 1.166089647160081094e-02 1.117580984191223793e-02 1.219121242025547093e-02 1.116753655001178312e-02 1.227377738460587106e-02 1.234852806523850655e-02 1.221608278106230128e-02 1.238888573342781033e-02 1.239944413333228697e-02 1.218121513000427862e-02 1.228310002424615188e-02 1.220203264976712360e-02 1.205253797348609414e-02 1.202049778669856718e-02 1.181110678093407265e-02 1.178214897864890767e-02 1.122162801156451235e-02 1.102351293343781756e-02 1.112303231347325921e-02 1.071586589096002774e-02 1.233555145499232696e-02 1.187049951508588677e-02 1.177951004861730808e-02 1.164469690499703169e-02 1.089449742827104314e-02 1.168810692866349005e-02 1.104853562637987847e-02 1.232869917616826946e-02 1.160504683489308429e-02 1.300801437707285908e-02 1.101669299758560421e-02 1.089950710747293258e-02 1.183932654186052591e-02 1.237803057347734020e-02 1.212865054004961390e-02 1.215997755586224228e-02 1.194126127470878686e-02 1.206062873466172414e-02 1.181262479238021600e-02 1.169847878267494222e-02 1.110247680202032516e-02 1.099259056824412190e-02 1.165263838688421899e-02 1.223886138960674982e-02 1.243910003662887856e-02 1.231452815401800488e-02 1.235546278898040640e-02 1.214393002297175367e-02 1.200609301520637676e-02 1.163414626796850648e-02 1.169639371502759033e-02 1.152876228062735091e-02 1.209609130471259002e-02 1.134730536290668411e-02
1.070257427805359519e-02 1.073681405452937485e-02 1.069010431714138842e-02 1.075019434493630632e-02 1.153628789659035675e-02 1.111373966118688744e-02 1.058119730472636445e-02 1.089483371704123502e-02 1.161131247685775851e-02 1.153600044645604339e-02 1.203400226370186614e-02 1.185982838587355467e-02 1.205010305941570797e-02 1.212473917979912594e-02 1.222830491903789847e-02 0.000000000000000000e+00 1.218024698327463406e-02 1.129133043303602937e-02 1.209782760265517773e-02 1.209736238663363869e-02 1.229175219078336781e-02 1.108995108262757386e-02 1.156779725375615964e-02 1.189640547749594608e-02 1.179646324807568508e-02 1.120253166872597905e-02 1.185018258119994831e-02 1.206559873237130973e-02 1.215471175081671990e-02 1.206773827892398433e-02 1.150162600796023581e-02 1.076077582995498688e-02 1.053412645474238914e-02 1.161222003257256045e-02 1.102528864158353224e-02 1.184461570282401705e-02 1.230526243759125574e-02 1.064014893056042937e-02 1.153779790496815665e-02 1.104757696324403481e-02 1.089298327602633738e-02 1.133849373712710051e-02 1.157833075415662209e-02 1.181002974367042699e-02 1.115957485782263607e-02 1.165293056984525316e-02 1.131070458872446109e-02 1.175433633852500728e-02 1.181946581349709903e-02 1.177972566528409822e-02 1.251143812998528788e-02 1.217799392508689925e-02 1.256877664795406045e-02 1.211881396597095858e-02 1.218629773194600772e-02 1.212633136034978881e-02 1.242518217952810929e-02 1.182589986603920819e-02 1.264760532347256744e-02 1.260974815133048509e-02 1.248972438483223965e-02 1.251041600325872652e-02 1.246165183297066534e-02 1.252986443730258644e-02 1.241301621943979340e-02 1.224867305081415655e-02 1.269221660389134240e-02 1.256772814507870102e-02 1.257376018545613462e-02 1.234855743550995234e-02 1.231757843266213272e-02 1.242903015860665102e-02 1.235945763393689507e-02 1.261895485678574298e-02 1.261348381144036281e-02 1.386164887748283538e-02 1.223455005257231137e-02 1.228805145511592534e-02 1.212279013637312074e-02 1.249802340091562929e-02 1.270146089348717609e-02 1.269303372264562156e-02 1.226532639469640577e-02 1.230251882398691356e-02 1.219210116372453599e-02 1.237988817276545160e-02 1.218626691955638185e-02 1.208057453711445378e-02 1.208141826399424835e-02 1.261230831033069086e-02 1.283524509662858394e-02 1.249813289927902138e-02 1.264290711200862297e-02 1.252590126799333833e-02 1.235434270124970840e-02 1.206953903894342033e-02 1.227114425830478327e-02 1.214049133372197518e-02 1.201546673967650129e-02 1.221418356377631381e-02
