0.000000000000000000e+00 8.230904658349254277e-03 8.230904658347941091e-03 8.230890936772941591e-03 8.230907106718232322e-03 8.230906766690811172e-03 8.230904660146105140e-03 8.230906805765410630e-03 8.230906805979621224e-03 8.230907504471970254e-03 8.230763086886857399e-03 8.230907431435081217e-03 8.230907557848894662e-03 8.230907564355946504e-03 8.230907466058090538e-03 8.230906791773200462e-03 8.230854349486426899e-03 8.230907477783183657e-03 8.230887936962692428e-03 8.230907463586090503e-03 8.230907564409511296e-03 8.230907477672501360e-03 8.230907551083917195e-03 8.230907548392934342e-03 8.230907552638956279e-03 8.230907552550995390e-03 8.230907464146402716e-03 8.230906806067063430e-03 8.230907106526776096e-03 8.230907464353282368e-03 8.230907464351799180e-03 8.230906807519280249e-03 8.230906768525341963e-03 8.230907475373512236e-03 8.230907464643447830e-03 8.230907457917331638e-03 8.230906806062546210e-03 8.230906802508710166e-03 8.230887922405125470e-03 8.230900367182512889e-03 8.230907467534284705e-03 8.230907466014052848e-03 8.230907466053630564e-03 8.230906791591673793e-03 8.230907464440627430e-03 8.230907464473335641e-03 8.230907463585549269e-03 8.230907464145674132e-03 8.230906806178399718e-03 8.230906800739047624e-03 8.230907463582702588e-03 8.230863669268721761e-03 8.230907464357794384e-03 8.230907106500219214e-03 8.230900274760212174e-03 8.230907464143535218e-03 8.230907446678448550e-03 8.230907464350394054e-03 8.230907464395252268e-03 8.230906491760604099e-03 8.230907106569363557e-03 8.230906491522279114e-03 8.230907416280196925e-03 8.230907464390750661e-03 8.230907429391811150e-03 8.230907463586111319e-03 8.230907462520253848e-03 8.230904831826719309e-03 8.230907457954404413e-03 8.230907464567520718e-03 8.230907464715190788e-03 8.230907464504307394e-03 8.230907464471314688e-03 8.230900275475516725e-03 8.230907416530406501e-03 8.230907464751262628e-03 8.230907416030643076e-03 8.230907464473413704e-03 8.230907464457088221e-03 8.230907464482753455e-03 8.230907448733205956e-03 8.230907464048128896e-03 8.230907464146942215e-03 8.230907462490624771e-03 8.230907464352739400e-03 8.230907464470775189e-03 8.230907464471160298e-03 8.230907464472846449e-03 8.230907462061532245e-03 8.230900275504302727e-03 8.230907464593702899e-03 8.230907106783490884e-03 8.230904820158844309e-03 8.230907463834414434e-03 8.230907464700381454e-03 8.230907464467368193e-03 8.230907464472813490e-03 8.230907464466840837e-03 8.230907464424503175e-03 8.230907462060999685e-03
8.230904658349254277e-03 0.000000000000000000e+00 8.230903300540338627e-03 8.230889578967413855e-03 8.230903300754439933e-03 8.230905409315281487e-03 8.230906881844701067e-03 8.230905447957495916e-03 8.230905448171718652e-03 8.230907277992411189e-03 8.230762860400525974e-03 8.230907204954188150e-03 8.230907331368005064e-03 8.230907337875044763e-03 8.230907239577195736e-03 8.230905433966881693e-03 8.230854123003531961e-03 8.230907251303203054e-03 8.230887710481060368e-03 8.230907237105199170e-03 8.230907337928616493e-03 8.230907251191599619e-03 8.230907324603025862e-03 8.230907321912043009e-03 8.230905536420602547e-03 8.230907326070107527e-03 8.230907237665509649e-03 8.230907237996633666e-03 8.230906880045872620e-03 8.230907237872385832e-03 8.230905447534268490e-03 8.230905449711360330e-03 8.230905410721524665e-03 8.230907248892612230e-03 8.230907238162544354e-03 8.230907231436433366e-03 8.230907237992182365e-03 8.230905444701137191e-03 8.230887695953800764e-03 8.230900140713296245e-03 8.230907241054642373e-03 8.230905449577630498e-03 8.230907239572734027e-03 8.230907235580349479e-03 8.230907237957245035e-03 8.230907237992440839e-03 8.230907237104652732e-03 8.230907237666042209e-03 8.230905448371718391e-03 8.230907237104909471e-03 8.230907237535283957e-03 8.230900048907764319e-03 8.230907238310354937e-03 8.230906880458830482e-03 8.230900048914953013e-03 8.230907238094498091e-03 8.230907220631538193e-03 8.230907238301348253e-03 8.230907237914357466e-03 8.230906265279671133e-03 8.230906880088456612e-03 8.230906265041347883e-03 8.230907189799296919e-03 8.230907237909857593e-03 8.230907202910912879e-03 8.230907237105218252e-03 8.230907236039357311e-03 8.230904605345722158e-03 8.230907231473513080e-03 8.230907238086625916e-03 8.230907238234294251e-03 8.230907238023412592e-03 8.230907237990418152e-03 8.230900048994347837e-03 8.230907190049506494e-03 8.230907238703814507e-03 8.230907189549743069e-03 8.230907237992520636e-03 8.230907237976196889e-03 8.230907238435310538e-03 8.230907222252311153e-03 8.230907237567230625e-03 8.230907237666052617e-03 8.230907236009728234e-03 8.230907237871846333e-03 8.230907237989878653e-03 8.230907237990265496e-03 8.230907237991955117e-03 8.230907235580639178e-03 8.230900049023137308e-03 8.230907238546261717e-03 8.230906880302594347e-03 8.230904593677852363e-03 8.230907237353517897e-03 8.230907238219486652e-03 8.230907237986476860e-03 8.230907237991920422e-03 8.230907237985944300e-03 8.230905448420276771e-03 8.230907235580103148e-03
8.230904658347941091e-03 8.230903300540338627e-03 0.000000000000000000e+00 8.230889578962367545e-03 8.230903300754915247e-03 8.230905409315756802e-03 8.230903302339326669e-03 8.230905447956375284e-03 8.230905448170594552e-03 8.230907277991708626e-03 8.230762860401493949e-03 8.230907204955152656e-03 8.230907331368973040e-03 8.230907337876016208e-03 8.230907239578160242e-03 8.230905433965757592e-03 8.230854123004498202e-03 8.230905461567570788e-03 8.230887710482028344e-03 8.230907237106167146e-03 8.230907337929584469e-03 8.230907251192569329e-03 8.230907324603993838e-03 8.230907321913012720e-03 8.230905536419481916e-03 8.230907326071070299e-03 8.230907237666477624e-03 8.230907237997598172e-03 8.230906880046838861e-03 8.230907237873353807e-03 8.230905447534747274e-03 8.230905449710237964e-03 8.230905410720395360e-03 8.230907248893580205e-03 8.230907238163508860e-03 8.230907231437396138e-03 8.230907237993148606e-03 8.230907238870875317e-03 8.230887695924182096e-03 8.230900140701997991e-03 8.230907241054010934e-03 8.230905449578105812e-03 8.230907239573698533e-03 8.230907235581315720e-03 8.230907237958213010e-03 8.230907237993407080e-03 8.230907237105617238e-03 8.230907237665410769e-03 8.230905448372195440e-03 8.230907237105879182e-03 8.230907237536251933e-03 8.230900048908730560e-03 8.230907238311322913e-03 8.230906880459800193e-03 8.230900048915922723e-03 8.230907238095466066e-03 8.230907220632504434e-03 8.230907238302316228e-03 8.230907237915323707e-03 8.230906265280637374e-03 8.230906880089422853e-03 8.230906265042314124e-03 8.230907189800264895e-03 8.230907237910825569e-03 8.230907202911879120e-03 8.230907237106187962e-03 8.230907236040327021e-03 8.230904605346690134e-03 8.230907231474477587e-03 8.230907238087592157e-03 8.230907238235262227e-03 8.230907238024382302e-03 8.230907237991387862e-03 8.230900048995315813e-03 8.230907190050474470e-03 8.230907238704780748e-03 8.230907189550709310e-03 8.230907237993488612e-03 8.230907237977163129e-03 8.230907238436278514e-03 8.230907222253275660e-03 8.230907237568196866e-03 8.230907237667022328e-03 8.230907236010694475e-03 8.230907237872812574e-03 8.230907237990846628e-03 8.230907237991233472e-03 8.230907237992923092e-03 8.230907235581601950e-03 8.230900049024101814e-03 8.230907238547227958e-03 8.230906880303558854e-03 8.230904593678816869e-03 8.230907237354485873e-03 8.230907238220454628e-03 8.230907237987443101e-03 8.230907237992890133e-03 8.230907237986912275e-03 8.230907238376092283e-03 8.230907235581071124e-03
8.230890936772941591e-03 8.230889578967413855e-03 8.230889578962367545e-03 0.000000000000000000e+00 8.230889579177714382e-03 8.230891687734607706e-03 8.230889580769866140e-03 8.230891726371836539e-03 8.230891726591013646e-03 8.230904991042266305e-03 8.230760573400561567e-03 8.230904918009098251e-03 8.230905044422967207e-03 8.230905050930019048e-03 8.230904952632104102e-03 8.230891712389576745e-03 8.230851836038255084e-03 8.230904964349710154e-03 8.230885423528552791e-03 8.230904950160107536e-03 8.230905050983592514e-03 8.230904964246494107e-03 8.230905037657956780e-03 8.230905034966989539e-03 8.230891814841486548e-03 8.230905039125024567e-03 8.230904950720416280e-03 8.230904951050227111e-03 8.230904593100647412e-03 8.230904950927297667e-03 8.230904950913263754e-03 8.230891728130637977e-03 8.230904946278080891e-03 8.230904961947527534e-03 8.230904951217431903e-03 8.230904944491272343e-03 8.230904951045839996e-03 8.230891723123889489e-03 8.230885408967762717e-03 8.230897853750003892e-03 8.230904954104530449e-03 8.230904952580518630e-03 8.230904952627642393e-03 8.230904948633942925e-03 8.230891726648066967e-03 8.230904951047324919e-03 8.230904950159538547e-03 8.230904950715947632e-03 8.230904951230338246e-03 8.230904950158574040e-03 8.230904950585191115e-03 8.230897761942936736e-03 8.230904951365261568e-03 8.230889579401910044e-03 8.230897761947976107e-03 8.230904951140944475e-03 8.230904933681415861e-03 8.230904951347772086e-03 8.230904950969264097e-03 8.230903978334210003e-03 8.230904593143226200e-03 8.230903978095886753e-03 8.230904902854191407e-03 8.230904950964764225e-03 8.230904915965809102e-03 8.230904950160126618e-03 8.230904949094267412e-03 8.230902318399631323e-03 8.230904944528416242e-03 8.230904951141534281e-03 8.230904951289204352e-03 8.230904951078320958e-03 8.230904951045328252e-03 8.230897762046529217e-03 8.230904903104397513e-03 8.230904951753725135e-03 8.230904902604635823e-03 8.230904951047430737e-03 8.230904951031105254e-03 8.230904951485224635e-03 8.230904935307209111e-03 8.230904950622142460e-03 8.230904950715959775e-03 8.230904949064636600e-03 8.230904950926754698e-03 8.230904951044787018e-03 8.230904951045175597e-03 8.230904951046861748e-03 8.230904948635547544e-03 8.230897762075311749e-03 8.230904951596167141e-03 8.230904593351830167e-03 8.230902306731752854e-03 8.230904950403428524e-03 8.230904951274396752e-03 8.230904951041385226e-03 8.230904951046830523e-03 8.230904951040856135e-03 8.230904951423164903e-03 8.230904948635009780e-03
8.230907106718232322e-03 8.230903300754439933e-03 8.230903300754915247e-03 8.230889579177714382e-03 0.000000000000000000e+00 8.230905409087630256e-03 8.230906882069457045e-03 8.230905448170268424e-03 8.230905447945866329e-03 8.230907278216608586e-03 8.230762860624733779e-03 8.230907205178385547e-03 8.230907331592204196e-03 8.230907338099250833e-03 8.230907239801391398e-03 8.230907235984619846e-03 8.230854123227731092e-03 8.230907251527414328e-03 8.230887710705257765e-03 8.230907237329394832e-03 8.230907338152826033e-03 8.230907251415810894e-03 8.230907324827228463e-03 8.230907322136240406e-03 8.230905536634618852e-03 8.230907326294304924e-03 8.230907237889708780e-03 8.230907238221169334e-03 8.230906880270071752e-03 8.230907238096584963e-03 8.230905447748283060e-03 8.230905449925728784e-03 8.230907233460815764e-03 8.230907249116818300e-03 8.230907238386755628e-03 8.230907231660623824e-03 8.230907238216719768e-03 8.230905444915500441e-03 8.230887696178546334e-03 8.230900140937776402e-03 8.230907241278853648e-03 8.230907239756680635e-03 8.230907239796938363e-03 8.230907235804886882e-03 8.230907238181445901e-03 8.230907238216641705e-03 8.230907237328853598e-03 8.230907237890236136e-03 8.230905448145873007e-03 8.230907237329453813e-03 8.230907237317643815e-03 8.230900048468969485e-03 8.230907238534545395e-03 8.230903300732804462e-03 8.230862311656811717e-03 8.230905446500682079e-03 8.230907220413363756e-03 8.230905447739189640e-03 8.230907238138554863e-03 8.230906265503868530e-03 8.230906880312652274e-03 8.230906265265543545e-03 8.230907190023496051e-03 8.230907238134053255e-03 8.230907203135106806e-03 8.230907237329413914e-03 8.230907236263552973e-03 8.230904605569917820e-03 8.230907231697705273e-03 8.230907238310825047e-03 8.230907238458489913e-03 8.230907238247608254e-03 8.230907238214617283e-03 8.230900049218545234e-03 8.230907190273702156e-03 8.230907238926403816e-03 8.230907189773940466e-03 8.230907238216719768e-03 8.230907238200394285e-03 8.230907238217699887e-03 8.230907222476508550e-03 8.230907237791431491e-03 8.230907237888648864e-03 8.230907236233925631e-03 8.230907238096041995e-03 8.230907238214076049e-03 8.230907238214461158e-03 8.230907238216150779e-03 8.230907235804834840e-03 8.230900049247332970e-03 8.230907238768852760e-03 8.230906880073761769e-03 8.230904593902048025e-03 8.230907237576117613e-03 8.230907238443682314e-03 8.230907238210674257e-03 8.230907238216116084e-03 8.230907238210141696e-03 8.230905448194079238e-03 8.230907235804298810e-03
8.230906766690811172e-03 8.230905409315281487e-03 8.230905409315756802e-03 8.230891687734607706e-03 8.230905409087630256e-03 0.000000000000000000e+00 8.230907233666158451e-03 8.230907589733733182e-03 8.230907556517893381e-03 8.230907629809236861e-03 8.230763212225804953e-03 8.230907556771015557e-03 8.230907683184830737e-03 8.230907689691882578e-03 8.230907591394024878e-03 8.230907542742265173e-03 8.230854474823471462e-03 8.230907603120573429e-03 8.230888062299036162e-03 8.230907588922030046e-03 8.230907689745450839e-03 8.230907603008449577e-03 8.230907676419851535e-03 8.230907673728870416e-03 8.230907677976821366e-03 8.230907677886936669e-03 8.230907589482340525e-03 8.230907557033114927e-03 8.230907231862712170e-03 8.230907589689220177e-03 8.230907556306111400e-03 8.230907558487264228e-03 8.230907585054342626e-03 8.230907600709455249e-03 8.230907589979392577e-03 8.230907517692650013e-03 8.230907589809207531e-03 8.230907590693453332e-03 8.230888047772395855e-03 8.230900492530779378e-03 8.230907592871488862e-03 8.230907558348961664e-03 8.230907591389575312e-03 8.230907542557723555e-03 8.230907589777942610e-03 8.230907589809276920e-03 8.230907588921485343e-03 8.230907589482874820e-03 8.230907556714038564e-03 8.230907588921943310e-03 8.230907588491556681e-03 8.230864419578669613e-03 8.230907589697461849e-03 8.230905408863554290e-03 8.230864419570070589e-03 8.230907554638757645e-03 8.230907571586771818e-03 8.230907555877268675e-03 8.230907589731191812e-03 8.230906617096559255e-03 8.230907231905308305e-03 8.230906616858234270e-03 8.230907541616136469e-03 8.230907589726690204e-03 8.230907554727743755e-03 8.230907588922049128e-03 8.230907587856188187e-03 8.230904957162709160e-03 8.230907583290343957e-03 8.230907589903458527e-03 8.230907590051126863e-03 8.230907589840243468e-03 8.230907589807250763e-03 8.230900400811601986e-03 8.230907541866340840e-03 8.230907590089852829e-03 8.230907541366582619e-03 8.230907589809354982e-03 8.230907589793031234e-03 8.230907589391638773e-03 8.230907574069145499e-03 8.230907589384061501e-03 8.230907589481807965e-03 8.230907587826559110e-03 8.230907589688677209e-03 8.230907589806711264e-03 8.230907589807098107e-03 8.230907589808787728e-03 8.230907587397468320e-03 8.230900400840389722e-03 8.230907589932296570e-03 8.230907231677429825e-03 8.230904945494837630e-03 8.230907589169271510e-03 8.230907590036315793e-03 8.230907589803309471e-03 8.230907589808753033e-03 8.230907589802775176e-03 8.230907556332163477e-03 8.230907587396932290e-03
8.230904660146105140e-03 8.230906881844701067e-03 8.230903302339326669e-03 8.230889580769866140e-03 8.230906882069457045e-03 8.230907233666158451e-03 0.000000000000000000e+00 8.230905449755835171e-03 8.230905449970160256e-03 8.230905244157973519e-03 8.230762857450940953e-03 8.230907206341410084e-03 8.230907333199626724e-03 8.230907339706666423e-03 8.230907241410342218e-03 8.230905435323308816e-03 8.230854124836700994e-03 8.230905463363837049e-03 8.230887712314191237e-03 8.230907238938347387e-03 8.230907339760146213e-03 8.230907249381668941e-03 8.230907326434645788e-03 8.230907320098549210e-03 8.230905538217415246e-03 8.230907324698923111e-03 8.230907239498654396e-03 8.230907239829788821e-03 8.230906881879019102e-03 8.230907239705532313e-03 8.230907239704980671e-03 8.230905448307098207e-03 8.230905408874581927e-03 8.230907250725758711e-03 8.230907239555249749e-03 8.230907233269586787e-03 8.230907239825330582e-03 8.230905442856333368e-03 8.230788191969970469e-03 8.230862396936166475e-03 8.230905447840651881e-03 8.230907238164431733e-03 8.230907238203088311e-03 8.230907237413508104e-03 8.230907239790391516e-03 8.230907239825587321e-03 8.230907238937800949e-03 8.230905448095281532e-03 8.230907240023295490e-03 8.230907238938055953e-03 8.230907239368430439e-03 8.230900050741124171e-03 8.230907240143499684e-03 8.230906882294129756e-03 8.230900050760598177e-03 8.230907239929257865e-03 8.230907222464684675e-03 8.230907240136101088e-03 8.230907239747503948e-03 8.230906267112819349e-03 8.230906881921599624e-03 8.230906266874494365e-03 8.230907191632443401e-03 8.230907239743002340e-03 8.230907204743953542e-03 8.230907238938364734e-03 8.230907237872503793e-03 8.230904607178872109e-03 8.230907233306657828e-03 8.230907239919772397e-03 8.230907239627098526e-03 8.230907239856555604e-03 8.230907239823564633e-03 8.230900050827499523e-03 8.230907191882654711e-03 8.230907240536959255e-03 8.230907191382889551e-03 8.230907239825667118e-03 8.230907239809343370e-03 8.230907240268458755e-03 8.230907224085457635e-03 8.230907239400378841e-03 8.230907239499197364e-03 8.230907237842876450e-03 8.230907239704991080e-03 8.230907239823023400e-03 8.230907239823320037e-03 8.230907239825099864e-03 8.230907237413783925e-03 8.230900050856285524e-03 8.230907240379402995e-03 8.230906882135739094e-03 8.230904595510995375e-03 8.230907239186666113e-03 8.230907240052631399e-03 8.230907239819623342e-03 8.230907239825066904e-03 8.230907239819089047e-03 8.230907240211473089e-03 8.230907237413249630e-03
8.230906805765410630e-03 8.230905447957495916e-03 8.230905447956375284e-03 8.230891726371836539e-03 8.230905448170268424e-03 8.230907589733733182e-03 8.230905449755835171e-03 0.000000000000000000e+00 8.230907595588768388e-03 8.230907393423957455e-03 8.230763218279316812e-03 8.230907562853412296e-03 8.230907689267270844e-03 8.230907695774319216e-03 8.230907597476473658e-03 8.230907581383411012e-03 8.230854480905441459e-03 8.230907608980530046e-03 8.230888068381285450e-03 8.230907595004478827e-03 8.230907695827870130e-03 8.230907609090896623e-03 8.230907682502295111e-03 8.230907679811284502e-03 8.230907683837379932e-03 8.230907683969357694e-03 8.230907595564792775e-03 8.230907595896119755e-03 8.230907237945162686e-03 8.230907595771668958e-03 8.230907595769519636e-03 8.230907597128423944e-03 8.230907558134093610e-03 8.230907594511248371e-03 8.230907596061818807e-03 8.230907556334772501e-03 8.230907595891661516e-03 8.230907592117635285e-03 8.230888053820148431e-03 8.230900498599764969e-03 8.230907597099901621e-03 8.230907596991073744e-03 8.230907597472001541e-03 8.230907593479839038e-03 8.230907595628597639e-03 8.230907595891727435e-03 8.230907595003937594e-03 8.230907595564256746e-03 8.230907595785904099e-03 8.230907595004395561e-03 8.230907595433501964e-03 8.230900406796106544e-03 8.230907596209636329e-03 8.230905448386583237e-03 8.230900406803631775e-03 8.230907594140347144e-03 8.230907578529730179e-03 8.230907596200109227e-03 8.230907595813640593e-03 8.230906623179011505e-03 8.230907237987762290e-03 8.230906622940688255e-03 8.230907547698585250e-03 8.230907595809138985e-03 8.230907560810166515e-03 8.230907595004497909e-03 8.230907593938640437e-03 8.230904963245164879e-03 8.230907589372794472e-03 8.230907595985907307e-03 8.230907596133575643e-03 8.230907595922693984e-03 8.230907595889703013e-03 8.230900406894061175e-03 8.230907547948793090e-03 8.230907596602030779e-03 8.230907547449033135e-03 8.230907595891805498e-03 8.230907595875480015e-03 8.230907596031402165e-03 8.230907580151594280e-03 8.230907595466512017e-03 8.230907595564267154e-03 8.230907593909009626e-03 8.230907595771131194e-03 8.230907595889160044e-03 8.230907595889529541e-03 8.230907595891239978e-03 8.230907581199929310e-03 8.230900406922843707e-03 8.230907596444476254e-03 8.230907238200297141e-03 8.230904951577289880e-03 8.230907595251735903e-03 8.230907596118766309e-03 8.230907595885759986e-03 8.230907595891203549e-03 8.230907595885225692e-03 8.230907595833732160e-03 8.230907593479388010e-03
8.230906805979621224e-03 8.230905448171718652e-03 8.230905448170594552e-03 8.230891726591013646e-03 8.230905447945866329e-03 8.230907556517893381e-03 8.230905449970160256e-03 8.230907595588768388e-03 0.000000000000000000e+00 8.230907636104770400e-03 8.230763218522620453e-03 8.230907563067687074e-03 8.230907689481498785e-03 8.230907695988545422e-03 8.230907597690694660e-03 8.230907593877713480e-03 8.230854481119658991e-03 8.230907609194764926e-03 8.230888068595527268e-03 8.230907590561524143e-03 8.230907696042117153e-03 8.230907609305112421e-03 8.230907682716521317e-03 8.230907680025534995e-03 8.230907684051625220e-03 8.230907684183601247e-03 8.230907595779008573e-03 8.230907596110337288e-03 8.230907238159380218e-03 8.230907595985884756e-03 8.230907595983735434e-03 8.230907597342641477e-03 8.230907591349955962e-03 8.230907594725464169e-03 8.230907596276057156e-03 8.230907556548984830e-03 8.230907595884932523e-03 8.230907596989148201e-03 8.230888054038954307e-03 8.230900498815764063e-03 8.230907599167088320e-03 8.230907597205310358e-03 8.230907597686241625e-03 8.230907593694054836e-03 8.230907596074681781e-03 8.230907596105944968e-03 8.230907595218155126e-03 8.230907595778474278e-03 8.230907595570604099e-03 8.230907595218613093e-03 8.230907595219237594e-03 8.230900406377601036e-03 8.230907594570922858e-03 8.230907238136613707e-03 8.230864459082658235e-03 8.230907593926096652e-03 8.230907578314983555e-03 8.230907595164599008e-03 8.230907596027854656e-03 8.230906623393229038e-03 8.230907238201974618e-03 8.230906623154907523e-03 8.230907547912799313e-03 8.230907596023353048e-03 8.230907561024411803e-03 8.230907595218715442e-03 8.230907594152857970e-03 8.230904963459382412e-03 8.230907589587013740e-03 8.230907595378861644e-03 8.230907596347791441e-03 8.230907596136906312e-03 8.230907596103917076e-03 8.230900407108266564e-03 8.230907548163010623e-03 8.230907596817306493e-03 8.230907547663250667e-03 8.230907596106021296e-03 8.230907596089695813e-03 8.230907596119290195e-03 8.230907580365810078e-03 8.230907595680727815e-03 8.230907595779549807e-03 8.230907594123228893e-03 8.230907595985345257e-03 8.230907596103377577e-03 8.230907595871892607e-03 8.230907596105454041e-03 8.230907581414145108e-03 8.230900407137050831e-03 8.230907596659750233e-03 8.230907237975907190e-03 8.230904951791507412e-03 8.230907595467015087e-03 8.230907596332985576e-03 8.230907596099975784e-03 8.230907596105421081e-03 8.230907596099443224e-03 8.230907595618426956e-03 8.230907593693603808e-03
8.230907504471970254e-03 8.230907277992411189e-03 8.230907277991708626e-03 8.230904991042266305e-03 8.230907278216608586e-03 8.230907629809236861e-03 8.230905244157973519e-03 8.230907393423957455e-03 8.230907636104770400e-03 0.000000000000000000e+00 8.230041065408824630e-03 8.230906528342903788e-03 8.230907556022832791e-03 8.230907562533758270e-03 8.230907637489306983e-03 8.230907633304038531e-03 8.230854520875557218e-03 8.230907406969540513e-03 8.230888108389155730e-03 8.230907635017341642e-03 8.230907320260553300e-03 8.230907645493336713e-03 8.230907549261805289e-03 8.230907211580051203e-03 8.230907308633288177e-03 8.230907304705032887e-03 8.230907635577650386e-03 8.230907635909124817e-03 8.230907277958042847e-03 8.230907635784531773e-03 8.230907635785574342e-03 8.230907634327039660e-03 8.230907627539920182e-03 8.230907646804747763e-03 8.230907393175493011e-03 8.230907629348581042e-03 8.230907635904666578e-03 8.230907386555720573e-03 8.230790135584179282e-03 8.230864162995709873e-03 8.230907391477627205e-03 8.230907391803455112e-03 8.230907392031690945e-03 8.230907633492844100e-03 8.230907635931452443e-03 8.230907635904585046e-03 8.230907635016796939e-03 8.230907635577044967e-03 8.230907636104230901e-03 8.230907635017402357e-03 8.230907635447428164e-03 8.230900446824902794e-03 8.230907636222495674e-03 8.230907278439144117e-03 8.230900446840114584e-03 8.230907636008250386e-03 8.230907618543678930e-03 8.230907636215100548e-03 8.230907635826501673e-03 8.230906663191660949e-03 8.230907278000623370e-03 8.230906662953334230e-03 8.230907587711408166e-03 8.230907635821960167e-03 8.230907116348907052e-03 8.230907635017327764e-03 8.230907633951499783e-03 8.230905003257489930e-03 8.230907629385612184e-03 8.230907635998740632e-03 8.230907635713798423e-03 8.230907635935553329e-03 8.230907635902562358e-03 8.230900446907008991e-03 8.230907587961430391e-03 8.230907636615927489e-03 8.230907587461892480e-03 8.230907635904435860e-03 8.230907635888341095e-03 8.230907636347454745e-03 8.230907620164455360e-03 8.230907635479374831e-03 8.230907635578196824e-03 8.230907633921872441e-03 8.230907635783988804e-03 8.230907635902021124e-03 8.230907393645688075e-03 8.230907635903901565e-03 8.230907633492781650e-03 8.230900446935796727e-03 8.230907636458400720e-03 8.230907278214762840e-03 8.230904991590185654e-03 8.230907635265662103e-03 8.230907636131629124e-03 8.230907635898621066e-03 8.230907635904064629e-03 8.230907635898086772e-03 8.230907636290469079e-03 8.230907633492247355e-03
8.230763086886857399e-03 8.230762860400525974e-03 8.230762860401493949e-03 8.230760573400561567e-03 8.230762860624733779e-03 8.230763212225804953e-03 8.230762857450940953e-03 8.230763218279316812e-03 8.230763218522620453e-03 8.230041065408824630e-03 0.000000000000000000e+00 8.230040576101275290e-03 8.230041333018193322e-03 8.230041372090131715e-03 8.230763219905993036e-03 8.230763211411532693e-03 8.230710101932860179e-03 8.230763231604982036e-03 8.230743690326013801e-03 8.230763217434015552e-03 8.230041372333424948e-03 8.230763226694762236e-03 8.230041359042931243e-03 8.230041262452353693e-03 8.230041360625876823e-03 8.230041359874058077e-03 8.230763217994254907e-03 8.230763218325762298e-03 8.230762860366147224e-03 8.230763218201125886e-03 8.230763218202210088e-03 8.230763219843456255e-03 8.230763208825405200e-03 8.230763229207190002e-03 8.230763213719481663e-03 8.230763211765133522e-03 8.230763218321364774e-03 8.230763214483197143e-03 8.230743670443619459e-03 8.229998218592346135e-03 8.230763216596916065e-03 8.230763219745491216e-03 8.230763219861695137e-03 8.230763215909491989e-03 8.230763218348089924e-03 8.230763218321224262e-03 8.230763217429524353e-03 8.230763217994811753e-03 8.230763218520948180e-03 8.230763217434086676e-03 8.230763217864129830e-03 8.230756029069028964e-03 8.230763218639218157e-03 8.230762860847274515e-03 8.230756029084233816e-03 8.230763218424967664e-03 8.230763200959979875e-03 8.230763218631824765e-03 8.230763218243208543e-03 8.230762245585243955e-03 8.230762860408739889e-03 8.230762245342929107e-03 8.230763170126973588e-03 8.230763218224039848e-03 8.230763183130740054e-03 8.230763217430074261e-03 8.230763216368168489e-03 8.230760585611663488e-03 8.230763211791501319e-03 8.230763218415476992e-03 8.230763213820298588e-03 8.230763218348329316e-03 8.230763218315312324e-03 8.230756029151138631e-03 8.230763170298034670e-03 8.230763219032688136e-03 8.230763169877426677e-03 8.230763218238195192e-03 8.230763218305049700e-03 8.230763218764177228e-03 8.230763202580804877e-03 8.230763217896076497e-03 8.230763217994896755e-03 8.230763216338537677e-03 8.230763218200695674e-03 8.230763218318729729e-03 8.230763218290025260e-03 8.230763218241586576e-03 8.230763215909429539e-03 8.230756029179924632e-03 8.230763218875126672e-03 8.230762860622884564e-03 8.230760573943417258e-03 8.230763217682360300e-03 8.230763218548344667e-03 8.230763218315329671e-03 8.230763218320773233e-03 8.230763218314725987e-03 8.230763218707191561e-03 8.230763215908895244e-03
8.230907431435081217e-03 8.230907204954188150e-03 8.230907204955152656e-03 8.230904918009098251e-03 8.230907205178385547e-03 8.230907556771015557e-03 8.230907206341410084e-03 8.230907562853412296e-03 8.230907563067687074e-03 8.230906528342903788e-03 8.230040576101275290e-03 0.000000000000000000e+00 8.230906768160566045e-03 8.230906807237569831e-03 8.230907564450298114e-03 8.230907560264505776e-03 8.230588176921398158e-03 8.230907552700287427e-03 8.230888007559108294e-03 8.230907561979118603e-03 8.230907466020800922e-03 8.230906892011667295e-03 8.230906817660905636e-03 8.230906701923069654e-03 8.230906819282514733e-03 8.230906818531382937e-03 8.230907562539430816e-03 8.230907562870903513e-03 8.230907204919818074e-03 8.230907562746310469e-03 8.230907562747353037e-03 8.230906905877541022e-03 8.230907557678458081e-03 8.230907550287595853e-03 8.230907562601356975e-03 8.230907556310361473e-03 8.230907562866400171e-03 8.230907563375858965e-03 8.230888019805078157e-03 8.230863677417779578e-03 8.230907565492667430e-03 8.230906905679737443e-03 8.230907564446556315e-03 8.230907560454622796e-03 8.230907562893234608e-03 8.230907562866367211e-03 8.230907561978570430e-03 8.230907562539961642e-03 8.230907563066013066e-03 8.230907561979181053e-03 8.230907562409206860e-03 8.230900373786601693e-03 8.230907563184276104e-03 8.230907205400922813e-03 8.230900373801810013e-03 8.230907562970030816e-03 8.230907545505461095e-03 8.230907563176879244e-03 8.230907562788233531e-03 8.230906590153092700e-03 8.230907204962206042e-03 8.230906589914738225e-03 8.230907514673093187e-03 8.230907562783636514e-03 8.230906603558496223e-03 8.230907561979085643e-03 8.230907560913280213e-03 8.230904906157214193e-03 8.230907556347246898e-03 8.230907562960501980e-03 8.230907562673028810e-03 8.230907562897255697e-03 8.230907562864337584e-03 8.230900373867214292e-03 8.230906614196483242e-03 8.230907563577567407e-03 8.230907514423669441e-03 8.230906904357425391e-03 8.230907562850119791e-03 8.230907563309235175e-03 8.230907547125380572e-03 8.230907562441151792e-03 8.230907562539925212e-03 8.230907560883652871e-03 8.230907562745769235e-03 8.230907562863799820e-03 8.230907562864134622e-03 8.230906904356787013e-03 8.230907560454558611e-03 8.230900373895998559e-03 8.230907563420182885e-03 8.230907205176420105e-03 8.230904918551353727e-03 8.230907562227399166e-03 8.230907563093407819e-03 8.230907562860399762e-03 8.230907562865845059e-03 8.230907562859867202e-03 8.230907563252249509e-03 8.230907560454024316e-03
8.230907557848894662e-03 8.230907331368005064e-03 8.230907331368973040e-03 8.230905044422967207e-03 8.230907331592204196e-03 8.230907683184830737e-03 8.230907333199626724e-03 8.230907689267270844e-03 8.230907689481498785e-03 8.230907556022832791e-03 8.230041333018193322e-03 8.230906768160566045e-03 0.000000000000000000e+00 8.230907556295817551e-03 8.230907687689850358e-03 8.230907687111942844e-03 8.230588921581596246e-03 8.230907675966684517e-03 8.230790382810928771e-03 8.230907688392933783e-03 8.230907556497040270e-03 8.230907644609118667e-03 8.230907569874450561e-03 8.230907451421874688e-03 8.230907568321762027e-03 8.230907570745023272e-03 8.230907688953244261e-03 8.230907689284716958e-03 8.230907331333631519e-03 8.230907689160120444e-03 8.230907689161168217e-03 8.230907690881359914e-03 8.230907684526051274e-03 8.230907628708416038e-03 8.230907689448768022e-03 8.230907682724171448e-03 8.230907689280258718e-03 8.230907690223334197e-03 8.230888147240648933e-03 8.230900414457347977e-03 8.230907654748109009e-03 8.230907690823227596e-03 8.230907690860459966e-03 8.230907686868431036e-03 8.230907689307044584e-03 8.230907689280178921e-03 8.230907651170522865e-03 8.230907688953773352e-03 8.230907689479821307e-03 8.230907688392994498e-03 8.230907688823016835e-03 8.230900500200566058e-03 8.230907689598086080e-03 8.230907331814737993e-03 8.230900500215772644e-03 8.230907689383842527e-03 8.230907671919271071e-03 8.230907689590692689e-03 8.230907689202088609e-03 8.230906716555580135e-03 8.230907331366802901e-03 8.230901818538105888e-03 8.230907641078873127e-03 8.230907655803653550e-03 8.230907627549789024e-03 8.230907651171081446e-03 8.230907687327091923e-03 8.230905032580526984e-03 8.230907682753241944e-03 8.230907689374358793e-03 8.230907689512543396e-03 8.230907656487717466e-03 8.230907656454801088e-03 8.230900500282668786e-03 8.230907641328876270e-03 8.230907689983576331e-03 8.230907640837486355e-03 8.230907656494436050e-03 8.230907689263931501e-03 8.230907689723045151e-03 8.230907670363447892e-03 8.230907688854965237e-03 8.230907688953785495e-03 8.230907687297464581e-03 8.230907689159579210e-03 8.230907689269720273e-03 8.230907689277991435e-03 8.230907689279511052e-03 8.230907686868372056e-03 8.230900500311454787e-03 8.230907689833994595e-03 8.230907331590356715e-03 8.230905044965798611e-03 8.230907688641252509e-03 8.230907689507217795e-03 8.230907689274211472e-03 8.230907689279658504e-03 8.230907689273678912e-03 8.230907689666059485e-03 8.230907686867836026e-03
8.230907564355946504e-03 8.230907337875044763e-03 8.230907337876016208e-03 8.230905050930019048e-03 8.230907338099250833e-03 8.230907689691882578e-03 8.230907339706666423e-03 8.230907695774319216e-03 8.230907695988545422e-03 8.230907562533758270e-03 8.230041372090131715e-03 8.230906807237569831e-03 8.230907556295817551e-03 0.000000000000000000e+00 8.230907693965484884e-03 8.230907693618991217e-03 8.230588960643176605e-03 8.230907682254243532e-03 8.230790421880136709e-03 8.230907694899980420e-03 8.230907595574597432e-03 8.230907683682262693e-03 8.230907608950045751e-03 8.230907490499457871e-03 8.230907607397908859e-03 8.230907610642010028e-03 8.230907693607361630e-03 8.230907695791765330e-03 8.230907337840685095e-03 8.230907694845855313e-03 8.230907695668214855e-03 8.230907697388411756e-03 8.230907658031418397e-03 8.230907667782082215e-03 8.230907695955816394e-03 8.230907689231226759e-03 8.230907695787305356e-03 8.230907696730387774e-03 8.230888153747195971e-03 8.230900420968124270e-03 8.230907693820345775e-03 8.230907697330281172e-03 8.230907697367510073e-03 8.230907693375486348e-03 8.230907695814096425e-03 8.230907695787225559e-03 8.230907690242227071e-03 8.230907695460821724e-03 8.230907695986873149e-03 8.230907694900037666e-03 8.230907695330072146e-03 8.230900506707623104e-03 8.230907696105120575e-03 8.230907338321789835e-03 8.230900506722829690e-03 8.230907695890890899e-03 8.230907678426321178e-03 8.230907696097746265e-03 8.230907695709138716e-03 8.230906723062442892e-03 8.230907337873787089e-03 8.230901857609378147e-03 8.230907405149144249e-03 8.230907694875350816e-03 8.230907391609703846e-03 8.230907690242747488e-03 8.230907693834140296e-03 8.230905039087939648e-03 8.230907689260276439e-03 8.230907695881367267e-03 8.230907696019600442e-03 8.230907695810231461e-03 8.230907695526513967e-03 8.230900506789725832e-03 8.230907647835959337e-03 8.230907696490629907e-03 8.230907647344534728e-03 8.230907695566126378e-03 8.230907695770978139e-03 8.230907696230093523e-03 8.230907676871023620e-03 8.230907695362017079e-03 8.230907695460835602e-03 8.230907693804512953e-03 8.230907695666631052e-03 8.230907695776775584e-03 8.230907695785036338e-03 8.230907695786561160e-03 8.230907693375418693e-03 8.230900506817047727e-03 8.230907696341041233e-03 8.230907338097403353e-03 8.230905051472852188e-03 8.230907695148302616e-03 8.230907696014267902e-03 8.230907695781258110e-03 8.230907695786703407e-03 8.230907695780706468e-03 8.230907696173109592e-03 8.230907693374882664e-03
8.230907466058090538e-03 8.230907239577195736e-03 8.230907239578160242e-03 8.230904952632104102e-03 8.230907239801391398e-03 8.230907591394024878e-03 8.230907241410342218e-03 8.230907597476473658e-03 8.230907597690694660e-03 8.230907637489306983e-03 8.230763219905993036e-03 8.230907564450298114e-03 8.230907687689850358e-03 8.230907693965484884e-03 0.000000000000000000e+00 8.230907595322653134e-03 8.230854475005728449e-03 8.230907607615656554e-03 8.230790351554386278e-03 8.230907592153741820e-03 8.230907694157614182e-03 8.230907610687820605e-03 8.230907684084895481e-03 8.230907678232975838e-03 8.230907682533499317e-03 8.230907684955575745e-03 8.230907597162440137e-03 8.230907597481839158e-03 8.230905449800901552e-03 8.230907596757892214e-03 8.230907597370360623e-03 8.230907599090736201e-03 8.230907592736763298e-03 8.230907605214814876e-03 8.230907597659486985e-03 8.230907590932296999e-03 8.230907597477276835e-03 8.230907598434065303e-03 8.230888055452516283e-03 8.230900500210958787e-03 8.230907597377743606e-03 8.230907599032621230e-03 8.230907599069674924e-03 8.230907583006447786e-03 8.230907597515173604e-03 8.230907597477301121e-03 8.230907596601583220e-03 8.230907595519950173e-03 8.230907597689020652e-03 8.230907592153823352e-03 8.230907597032217915e-03 8.230900408409604074e-03 8.230907597807268078e-03 8.230907240023928664e-03 8.230900408424812395e-03 8.230907597593036668e-03 8.230907580128468681e-03 8.230907597799892034e-03 8.230907597411270607e-03 8.230906624776228656e-03 8.230907239585224036e-03 8.230906624537690300e-03 8.230907307069337819e-03 8.230907596794295386e-03 8.230907316990145051e-03 8.230907592153719268e-03 8.230907595536289534e-03 8.230904964840420057e-03 8.230907590970379384e-03 8.230907597583499158e-03 8.230907597689234023e-03 8.230907597520322264e-03 8.230907597446419574e-03 8.230900408490242695e-03 8.230907307317481339e-03 8.230907598200705097e-03 8.230907306820698169e-03 8.230907597478340221e-03 8.230907597473123907e-03 8.230907597932244496e-03 8.230907578573955219e-03 8.230907597064161113e-03 8.230907597162962289e-03 8.230907595506662192e-03 8.230907597368754269e-03 8.230907597486786589e-03 8.230907597464117223e-03 8.230907597477667148e-03 8.230907595076480260e-03 8.230900408517561120e-03 8.230907598043190471e-03 8.230907239799451977e-03 8.230904953174390803e-03 8.230907596850431038e-03 8.230907597716417140e-03 8.230907597483384797e-03 8.230907597488830094e-03 8.230907597482852237e-03 8.230907597875257095e-03 8.230907583006900549e-03
8.230906791773200462e-03 8.230905433966881693e-03 8.230905433965757592e-03 8.230891712389576745e-03 8.230907235984619846e-03 8.230907542742265173e-03 8.230905435323308816e-03 8.230907581383411012e-03 8.230907593877713480e-03 8.230907633304038531e-03 8.230763211411532693e-03 8.230907560264505776e-03 8.230907687111942844e-03 8.230907693618991217e-03 8.230907595322653134e-03 0.000000000000000000e+00 8.230854478752061554e-03 8.230907594988371920e-03 8.230888066227647071e-03 8.230907592850654833e-03 8.230907693672566416e-03 8.230907592815998527e-03 8.230907668283706999e-03 8.230907677225724264e-03 8.230907681903997658e-03 8.230907669154326547e-03 8.230907593410965312e-03 8.230907593742295761e-03 8.230907235791354304e-03 8.230907593617841495e-03 8.230907593616752088e-03 8.230907583137242467e-03 8.230907543711996413e-03 8.230907604638085240e-03 8.230907581198239689e-03 8.230907587181895968e-03 8.230907593737837522e-03 8.230907577696766272e-03 8.230888050656720578e-03 8.230864532348513424e-03 8.230907582678010856e-03 8.230907595278969327e-03 8.230907595318160200e-03 8.230907591326013309e-03 8.230907581636399614e-03 8.230907581678674825e-03 8.230907576354593372e-03 8.230907593410427547e-03 8.230907593935262931e-03 8.230907592850569832e-03 8.230907593280743090e-03 8.230900404653847952e-03 8.230907594055810600e-03 8.230907236210355943e-03 8.230900404673134607e-03 8.230907593841565312e-03 8.230907576376995591e-03 8.230907581388804267e-03 8.230907593659814864e-03 8.230906621025190981e-03 8.230907235833938296e-03 8.230906620786862526e-03 8.230907545544761256e-03 8.230907593655316726e-03 8.230907558656372011e-03 8.230907592850672180e-03 8.230907591784812974e-03 8.230904961091339150e-03 8.230907587218972213e-03 8.230907593832083313e-03 8.230907593550065848e-03 8.230907593768869990e-03 8.230907593735877284e-03 8.230900404740231976e-03 8.230907545794969096e-03 8.230907594449270170e-03 8.230907545295207406e-03 8.230907593737981504e-03 8.230907593721654286e-03 8.230907594180771406e-03 8.230907577997768551e-03 8.230907593312686288e-03 8.230907593411510015e-03 8.230907591755187366e-03 8.230907593617303730e-03 8.230907593735337785e-03 8.230907593735726363e-03 8.230907593737415984e-03 8.230907591326094841e-03 8.230900404769019713e-03 8.230907594291715645e-03 8.230907236048070827e-03 8.230904949423464151e-03 8.230907593098975294e-03 8.230907593964944050e-03 8.230907593731935992e-03 8.230907593737381289e-03 8.230907593731401697e-03 8.230907594122715415e-03 8.230907591325560546e-03
