0.000000000000000000e+00 1.036907692424796426e-02 1.035804940254616939e-02 1.041330206472008968e-02 1.116117782248564685e-02 1.066061545651898410e-02 1.062562334228300126e-02 1.094848772536196474e-02 1.098062338919239024e-02 1.177869869233169435e-02 1.203229665003131832e-02 1.199962659896009788e-02 1.226696467850295173e-02 1.243408903758763499e-02 1.225587283890426649e-02 1.070257436119599961e-02 1.212899808732330158e-02 1.196352942545723247e-02 1.204636470817898285e-02 1.192586637644134015e-02 1.243913045974505069e-02 1.198865839271697278e-02 1.232704441572998223e-02 1.214230700354524718e-02 1.215598810687657481e-02 1.192177578575755528e-02 1.190455780312457343e-02 1.170136369874017271e-02 1.186110744297669099e-02 1.212266906110014489e-02 1.135951754000876987e-02 1.092044131213680200e-02 1.086147579927717113e-02 1.185320965891861235e-02 1.185806162108361123e-02 1.157457060666255283e-02 1.182196958931224819e-02 1.106005226047122696e-02 1.164130083766179956e-02 1.171851969340370614e-02 1.186542782280169961e-02 1.149089836159522711e-02 1.190097936087669041e-02 1.104708081323969859e-02 1.171244610403864884e-02 1.216440472543615751e-02 1.198682451295657141e-02 1.194205865638824603e-02 1.108823104713261079e-02 1.108056884931230522e-02 1.224241167116993032e-02 1.125860844278269227e-02 1.230529232040666020e-02 1.176142067575852886e-02 1.174138221031341585e-02 1.178918393146963055e-02 1.212337656874285657e-02 1.192852066969231697e-02 1.250151962633991656e-02 1.239778110031498556e-02 1.232765889850501347e-02 1.236593874956956260e-02 1.235681231803273557e-02 1.255657716409595143e-02 1.233477576773599552e-02 1.216082314038334500e-02 1.248058961086610102e-02 1.239426141177853852e-02 1.248861550414874858e-02 1.218722456601760429e-02 1.232328227534767312e-02 1.251543440060022203e-02 1.241899087180620143e-02 1.236376882305553412e-02 1.242584633963924809e-02 1.383545057637127970e-02 1.201119144554215618e-02 1.242355712013049236e-02 1.200210454909844508e-02 1.229499720151888166e-02 1.254442266322253197e-02 1.252280539495968445e-02 1.212580092267942673e-02 1.224218849598346370e-02 1.217891792448603204e-02 1.243289119612121102e-02 1.203023910412991809e-02 1.215870982696056965e-02 1.180361783367732745e-02 1.235706952745447597e-02 1.263144129838608340e-02 1.222731990962922129e-02 1.238356122259846002e-02 1.232792000578369386e-02 1.236491457218346669e-02 1.196831204779532851e-02 1.241132607703585196e-02 1.228364440630919097e-02 1.171252495941224950e-02 1.194979113007806418e-02
1.036907692424796426e-02 0.000000000000000000e+00 1.023153254615920792e-02 1.035598429895405112e-02 1.045363751111170678e-02 1.061355545594078360e-02 1.119834027153015880e-02 1.084120027697820822e-02 1.091545830389948138e-02 1.178008351550354285e-02 1.203382086205681718e-02 1.197668191969996666e-02 1.227662413997732127e-02 1.245300373734980343e-02 1.237849609793670834e-02 1.073681413900500273e-02 1.215210670082855597e-02 1.200366433844526383e-02 1.205928159757413409e-02 1.205491493690439078e-02 1.248833124741071700e-02 1.201705598200432379e-02 1.237401600866515350e-02 1.210849793026201257e-02 1.166755865426341403e-02 1.189268040384765072e-02 1.197120568429655037e-02 1.213437192454007267e-02 1.200654650087368790e-02 1.223338315287134277e-02 1.086167241844742358e-02 1.081699980557301530e-02 1.089914569014156787e-02 1.185194454790937206e-02 1.188366900194715720e-02 1.162491091133977666e-02 1.230628108317699358e-02 1.095548987833413514e-02 1.166531550707225820e-02 1.177630779591917927e-02 1.187499498682246038e-02 1.098683694910275628e-02 1.189071925372733353e-02 1.160195493240120251e-02 1.174179678391577136e-02 1.225257180627532458e-02 1.203927655054883375e-02 1.203960835106126885e-02 1.108976062673241482e-02 1.163140898959152784e-02 1.233938207733217308e-02 1.186140979638229849e-02 1.240872549159618282e-02 1.180128447013339271e-02 1.175306531862918558e-02 1.181492895820958691e-02 1.224380660463447040e-02 1.199439114737326645e-02 1.259553283783020061e-02 1.246777249810312842e-02 1.240124870516075978e-02 1.242232852033778832e-02 1.242367672741059338e-02 1.262342277270194282e-02 1.238648954414826690e-02 1.225674509891229620e-02 1.255271900957147420e-02 1.245060568740919034e-02 1.255135968274316387e-02 1.227294985237265511e-02 1.243502228510352803e-02 1.259040339334168562e-02 1.250046521496458833e-02 1.242554936588522244e-02 1.250079429995481009e-02 1.393239071661146918e-02 1.210350625666925181e-02 1.251001192954457122e-02 1.201426727873081482e-02 1.234477404394092662e-02 1.260911092525894214e-02 1.258814940658754128e-02 1.219596603808146759e-02 1.230710973326908791e-02 1.226113627040815134e-02 1.251469428465271788e-02 1.210584121607208470e-02 1.220762580807150353e-02 1.185903349731526855e-02 1.241920346155263657e-02 1.274083468118388310e-02 1.229116423731947336e-02 1.244745670215426266e-02 1.239662720089609524e-02 1.244051352603193182e-02 1.201814996634140674e-02 1.246726202183565807e-02 1.235880680816656661e-02 1.130285297177169822e-02 1.203861682736931567e-02
1.035804940254616939e-02 1.023153254615920792e-02 0.000000000000000000e+00 1.034056359882665893e-02 1.055051927476732126e-02 1.067867335433368529e-02 1.057757603981865011e-02 1.084037815297436529e-02 1.090137498116721185e-02 1.173908799819482589e-02 1.202079239309670339e-02 1.196427267585378935e-02 1.226156338585692764e-02 1.241782509208421738e-02 1.235504537459997630e-02 1.069010439927839916e-02 1.212091971835300985e-02 1.152847873450061310e-02 1.202399340051060056e-02 1.203721753793872418e-02 1.245485254283189291e-02 1.202685882632371396e-02 1.234315356639217355e-02 1.212132062104213232e-02 1.163867903573144805e-02 1.191375838334655761e-02 1.197361738570756028e-02 1.214806231146563047e-02 1.200487202536799393e-02 1.221142932125753901e-02 1.092513726317094133e-02 1.078579160978924111e-02 1.084874911468683249e-02 1.184692026053489437e-02 1.188460803924477893e-02 1.164571882157065461e-02 1.232441278523933523e-02 1.144603021042536403e-02 1.164303203747032653e-02 1.174810747860391240e-02 1.182787839089332119e-02 1.102388089023618664e-02 1.191970947606531446e-02 1.161992686556880157e-02 1.173076674247734361e-02 1.225615576644711359e-02 1.201092085696441568e-02 1.198058057143257249e-02 1.112751725348624932e-02 1.166531358050034925e-02 1.239085206981401302e-02 1.190957630083179508e-02 1.242979793459389644e-02 1.183318009079390061e-02 1.180700059538155808e-02 1.188082141786077697e-02 1.224941264076647579e-02 1.205196047215581837e-02 1.259215324605860754e-02 1.246746958176048366e-02 1.239644199318161444e-02 1.241558077149659128e-02 1.241668138421959250e-02 1.261750633613160921e-02 1.237213708767325587e-02 1.225158527903635712e-02 1.256749504800678749e-02 1.244284089268270221e-02 1.255330224384036686e-02 1.228135495109577459e-02 1.242140405125676320e-02 1.259011234013260837e-02 1.249666452073844129e-02 1.243089927131422849e-02 1.250051799490685227e-02 1.397132369509282955e-02 1.210444059546073210e-02 1.251270796165377536e-02 1.206419937767692907e-02 1.240090288459711962e-02 1.261105182526655981e-02 1.262056249087642294e-02 1.221102711493118366e-02 1.231648697225353611e-02 1.226896819003004367e-02 1.251715685347726259e-02 1.212425501172879026e-02 1.223739685820377648e-02 1.190021283015968261e-02 1.242381179194671642e-02 1.276113580623036009e-02 1.231112903134251590e-02 1.245525673379452650e-02 1.241318751492100948e-02 1.245081880778260014e-02 1.206469747621793237e-02 1.250024073515798063e-02 1.236110439959899054e-02 1.180232718783535799e-02 1.208327064943612132e-02
1.041330206472008968e-02 1.035598429895405112e-02 1.034056359882665893e-02 0.000000000000000000e+00 1.047182534783464708e-02 1.072330082093889310e-02 1.059803272101548718e-02 1.095336597923293048e-02 1.104699599644536588e-02 1.174821025793942007e-02 1.189565015143199088e-02 1.192998105310047810e-02 1.223328711395711005e-02 1.247937640331131005e-02 1.238670417736467515e-02 1.075019444248393428e-02 1.202465908506560564e-02 1.210491416691162475e-02 1.193693511480635981e-02 1.203530577624615377e-02 1.252036667449402986e-02 1.204150566092779956e-02 1.238215656457708480e-02 1.211145420008116064e-02 1.176743953051332531e-02 1.192855296688061922e-02 1.194663797855416605e-02 1.225400910773107900e-02 1.189990027784000939e-02 1.220321068993286857e-02 1.145497053457860195e-02 1.097889677469059827e-02 1.149211517444396861e-02 1.188135534494563252e-02 1.189819251681423912e-02 1.168529544480663776e-02 1.242955822494957660e-02 1.105683132600918800e-02 1.158144970678660381e-02 1.166304325829047375e-02 1.193369433747247521e-02 1.162579244489530053e-02 1.199390801648034417e-02 1.163470429401398248e-02 1.137683430974027049e-02 1.232191430252618965e-02 1.197534331456072930e-02 1.194308230984742966e-02 1.172086339948685829e-02 1.175520687480753786e-02 1.228194657488080807e-02 1.172177415922436017e-02 1.238334762964581406e-02 1.112413384582640677e-02 1.164947621147310354e-02 1.184430193306761948e-02 1.215847005224179878e-02 1.202324834763903241e-02 1.254817540010692151e-02 1.234493088417321777e-02 1.228222552364075654e-02 1.230169754833763951e-02 1.232932774288812011e-02 1.258188654813632151e-02 1.230335580476153538e-02 1.221618549181915578e-02 1.250451116777889608e-02 1.232443416382479964e-02 1.248592817576778258e-02 1.228004229418993253e-02 1.244252060326883798e-02 1.254643845429770192e-02 1.246545528899514234e-02 1.228755952825592683e-02 1.240035301690035202e-02 1.397229166552713814e-02 1.201782998426434608e-02 1.253565125544709412e-02 1.206629278916869843e-02 1.234919397021309699e-02 1.252037824851312715e-02 1.254911085588817331e-02 1.211257038665183167e-02 1.221484660667574232e-02 1.218945537794762814e-02 1.247373065842733754e-02 1.219098024862479493e-02 1.226503455080350455e-02 1.189841354128805782e-02 1.228345367821846550e-02 1.265164467192755708e-02 1.214673034232404553e-02 1.231510955397138035e-02 1.231626893254162552e-02 1.238187835980993946e-02 1.208218505229686351e-02 1.251957415533334200e-02 1.232636494115559034e-02 1.185533918580928235e-02 1.202981160967480680e-02
1.116117782248564685e-02 1.045363751111170678e-02 1.055051927476732126e-02 1.047182534783464708e-02 0.000000000000000000e+00 1.045067732234077756e-02 1.151007397090229173e-02 1.101894112925203353e-02 1.084215559754980046e-02 1.194498779166581690e-02 1.205491034104522879e-02 1.206340133104007173e-02 1.233075333425547905e-02 1.255901649003211829e-02 1.237236851288351855e-02 1.153628800571346834e-02 1.215540612680112049e-02 1.215463607924401924e-02 1.206540943267411965e-02 1.197403019384057216e-02 1.255228314352488904e-02 1.221066788165767539e-02 1.247024866755061176e-02 1.224505598545015325e-02 1.186468918028049484e-02 1.206076884409361741e-02 1.198662504032231395e-02 1.219603730046719785e-02 1.193937826379172507e-02 1.223022949526966080e-02 1.090192681344059195e-02 1.115018522793838514e-02 1.177850841183319258e-02 1.197557131256347593e-02 1.204213118136465178e-02 1.145936398584546101e-02 1.219250851781613493e-02 1.133711071503411792e-02 1.185061929694018745e-02 1.195681264370935561e-02 1.216092569938752137e-02 1.169121449909056934e-02 1.207287722488399780e-02 1.161024699590291163e-02 1.186515090734233807e-02 1.230953710556808960e-02 1.210347597583062706e-02 1.206352248902884186e-02 1.091449827871266917e-02 1.165217964518850020e-02 1.195106472059265235e-02 1.151352519074445163e-02 1.217767163084586789e-02 1.085471365558423988e-02 1.077341439368695829e-02 1.094872730990143622e-02 1.189144386725516506e-02 1.115763102796223961e-02 1.239457760223973415e-02 1.236954919419345697e-02 1.232275263299151616e-02 1.235640640602275915e-02 1.235728372153223689e-02 1.259020666752744440e-02 1.235153716983764145e-02 1.220980148547946495e-02 1.236486074171891034e-02 1.237909406486137863e-02 1.244170624248124371e-02 1.210992667998649769e-02 1.235032312625099736e-02 1.254140920998756369e-02 1.245474499128373415e-02 1.228980099733845144e-02 1.238714430315274347e-02 1.369604352843433771e-02 1.201219680852317652e-02 1.249361113540898779e-02 1.187278338023826062e-02 1.198137660327635266e-02 1.249597533604644359e-02 1.243045635393837285e-02 1.203474784511306822e-02 1.220671543164309446e-02 1.215569149165898928e-02 1.244261316950735947e-02 1.197384080741244368e-02 1.214894622420885188e-02 1.165009333425507006e-02 1.229132982895268789e-02 1.249609255174921087e-02 1.195057437670516906e-02 1.227878828033913614e-02 1.219992760569992528e-02 1.234703968479130762e-02 1.192070847196016574e-02 1.240917555262713474e-02 1.232330135755019783e-02 1.099111293441210578e-02 1.180374377415414205e-02
1.066061545651898410e-02 1.061355545594078360e-02 1.067867335433368529e-02 1.072330082093889310e-02 1.045067732234077756e-02 0.000000000000000000e+00 1.170363743725364239e-02 1.144508671592320455e-02 1.074898622654440854e-02 1.217846037152873692e-02 1.234005985970186396e-02 1.227244337199337627e-02 1.251921844542563424e-02 1.268104923385196710e-02 1.240232200567728017e-02 1.111373975712091899e-02 1.241485462356355443e-02 1.213296384393169718e-02 1.233398870925532867e-02 1.201380252902684194e-02 1.265363370881449415e-02 1.233510496351616394e-02 1.250916390615418837e-02 1.245057798433284527e-02 1.227430897692400810e-02 1.215652239663217449e-02 1.203659005494573005e-02 1.169947674981387797e-02 1.205731092835310263e-02 1.232458331493690995e-02 1.091679260287062997e-02 1.113064018744330114e-02 1.184442156361154713e-02 1.213274560352995898e-02 1.213773119678853221e-02 1.104444423292660904e-02 1.206362687096645264e-02 1.189697585672125704e-02 1.210988590018876460e-02 1.220538159188819596e-02 1.227816325141039243e-02 1.128658463267504311e-02 1.211514988314060792e-02 1.116820870278178307e-02 1.183501209161938808e-02 1.224032957182006297e-02 1.220893975101727813e-02 1.218245398694436238e-02 1.075833397082813329e-02 1.157362087856137443e-02 1.195077666367152375e-02 1.107012526505421826e-02 1.218752628066072964e-02 1.099917071459660840e-02 1.092212191201149922e-02 1.090325608927322602e-02 1.193817892717588189e-02 1.103383877683985700e-02 1.245221986866467193e-02 1.255503325179801836e-02 1.250732136073607649e-02 1.256305921269655970e-02 1.253174090570181864e-02 1.269818031227599488e-02 1.254099749450265401e-02 1.232070186650966945e-02 1.245388971614501232e-02 1.259183334851246387e-02 1.257926850222458245e-02 1.213572811853842921e-02 1.236799356936705251e-02 1.261499068190251663e-02 1.252487417867870212e-02 1.248725699810629593e-02 1.255339120357586852e-02 1.356230967303030839e-02 1.218000561242878893e-02 1.249560822438480594e-02 1.184978267688424798e-02 1.194458736855056290e-02 1.264655923230359122e-02 1.251819114918004648e-02 1.209337601027332676e-02 1.233077746552093713e-02 1.222472146344105205e-02 1.249800660459767648e-02 1.193942370658695323e-02 1.213524334828059575e-02 1.170684031095640780e-02 1.249246988891501361e-02 1.250469961464239013e-02 1.209235879508298479e-02 1.246162059887264209e-02 1.226744949343139962e-02 1.239821198346992628e-02 1.188394279345060534e-02 1.234227838000407328e-02 1.238496209406950675e-02 1.091137317303395721e-02 1.185529133221508748e-02
1.062562334228300126e-02 1.119834027153015880e-02 1.057757603981865011e-02 1.059803272101548718e-02 1.151007397090229173e-02 1.170363743725364239e-02 0.000000000000000000e+00 1.098569757308829817e-02 1.130835606641603444e-02 1.076372562238866494e-02 1.176220681360332608e-02 1.170019161721531052e-02 1.203445667715764313e-02 1.219186875112625822e-02 1.227907652292271196e-02 1.058119738209955217e-02 1.197184358265958662e-02 1.139947677650370896e-02 1.185293365508215645e-02 1.203936939774095591e-02 1.227038256211847832e-02 1.161443179453030411e-02 1.213989528309412924e-02 1.170146406593306106e-02 1.157511566725822651e-02 1.163358055863999117e-02 1.191764290030005585e-02 1.228948130633587821e-02 1.200710703287759945e-02 1.210657656909810281e-02 1.167874329747021697e-02 1.092864729248891817e-02 1.056007987840123022e-02 1.163311933123300362e-02 1.155801062689000049e-02 1.183070645998552349e-02 1.244104403423476786e-02 1.068343278642083262e-02 1.064965286263824633e-02 1.070593870330688833e-02 1.089280560658088814e-02 1.143850161409201358e-02 1.166155035690213775e-02 1.180428783902786119e-02 1.174621336198421878e-02 1.225158336727438964e-02 1.182583201419328336e-02 1.139569746366960595e-02 1.201255893548174893e-02 1.181955394876230657e-02 1.252324796447126624e-02 1.208863065549744750e-02 1.254757678482121969e-02 1.207758619832794041e-02 1.208732876238543218e-02 1.219395619913782487e-02 1.238804785579218810e-02 1.235114782600704036e-02 1.264134109942766787e-02 1.244292209267548049e-02 1.235419801054482743e-02 1.234868271924201982e-02 1.235801695880468266e-02 1.252344841929868384e-02 1.223314670704714509e-02 1.219790463297468729e-02 1.264492630289382191e-02 1.238399044084300023e-02 1.250853782399012279e-02 1.235498013253950346e-02 1.235674885390801100e-02 1.251169551056857676e-02 1.242251163564686740e-02 1.244162141261447030e-02 1.248144340500064765e-02 1.407079690384316177e-02 1.208820442724966270e-02 1.243530186265425809e-02 1.218752274279146820e-02 1.258319076163018704e-02 1.259472483156141680e-02 1.265506087239834897e-02 1.227541969806277868e-02 1.230100895664228838e-02 1.224230478287151661e-02 1.246697464570023679e-02 1.218801663208753452e-02 1.223946604157275311e-02 1.204020080394590554e-02 1.242894183016940435e-02 1.283614986637818776e-02 1.240324657785572132e-02 1.248231644715079233e-02 1.249521874011476005e-02 1.242608791838773104e-02 1.217033021563357527e-02 1.249793584649740857e-02 1.227662241412092597e-02 1.215506650450728574e-02 1.217724866889403380e-02
1.094848772536196474e-02 1.084120027697820822e-02 1.084037815297436529e-02 1.095336597923293048e-02 1.101894112925203353e-02 1.144508671592320455e-02 1.098569757308829817e-02 0.000000000000000000e+00 1.072816383796078993e-02 1.151429053140643442e-02 1.255665327719445584e-02 1.235874480101133675e-02 1.253424978692368498e-02 1.250180525521139147e-02 1.248521874568834893e-02 1.089483380877396233e-02 1.263376314315446843e-02 1.118607918697863204e-02 1.248968085541639177e-02 1.228338945486517203e-02 1.249215362534330902e-02 1.215606309090837278e-02 1.239070348795902332e-02 1.229041831582705809e-02 1.122959425952257950e-02 1.207218975783747733e-02 1.228355774421642163e-02 1.208737709148362607e-02 1.245365031019985899e-02 1.252769496146548256e-02 1.158269151113656102e-02 1.061212285215824315e-02 1.099861190293295946e-02 1.145050816186265509e-02 1.194552791973787012e-02 1.139819597526238459e-02 1.214144408987484665e-02 1.092142154469211666e-02 1.206853172013089975e-02 1.214551318819853849e-02 1.130051157109241040e-02 1.101038589232697026e-02 1.183300025002901289e-02 1.209525451177161960e-02 1.139149436985657619e-02 1.221210801971198828e-02 1.227508441970361075e-02 1.231453042831860169e-02 1.109993176285274663e-02 1.194344384132342042e-02 1.252243747876694534e-02 1.233600876784465145e-02 1.262612955743275256e-02 1.173796838063627737e-02 1.221857617893560427e-02 1.149605494358721045e-02 1.252087110064065145e-02 1.200864680044025877e-02 1.282143889123898116e-02 1.298738769281844452e-02 1.291991452613243038e-02 1.293474548874978293e-02 1.288026308711563359e-02 1.288883035858278368e-02 1.276870069563392808e-02 1.257025553332196711e-02 1.285832570450986742e-02 1.297350039816581521e-02 1.291493703190671472e-02 1.240741451768438350e-02 1.245531104362877436e-02 1.283806677463385226e-02 1.273326348848312882e-02 1.296038884163062781e-02 1.294532193189288152e-02 1.370321265293542728e-02 1.254211034035632513e-02 1.249856808151825899e-02 1.213030389939630943e-02 1.196709464625810536e-02 1.298131933970661685e-02 1.288048363016892212e-02 1.251343158561511043e-02 1.266298186827821172e-02 1.252719588103125455e-02 1.274263667443257739e-02 1.199039509745770428e-02 1.221339951046425051e-02 1.164987081493293504e-02 1.295842175320127861e-02 1.291927276183367848e-02 1.267649450949350290e-02 1.292808243339901159e-02 1.271525667061912217e-02 1.267196808704344584e-02 1.214535827499905671e-02 1.240928470765709571e-02 1.259320309605522527e-02 1.136579062794411399e-02 1.228855817114024064e-02
1.098062338919239024e-02 1.091545830389948138e-02 1.090137498116721185e-02 1.104699599644536588e-02 1.084215559754980046e-02 1.074898622654440854e-02 1.130835606641603444e-02 1.072816383796078993e-02 0.000000000000000000e+00 1.216974945154758285e-02 1.256528754894630472e-02 1.241401123578974100e-02 1.255794792845098956e-02 1.257056786905249961e-02 1.228593006304083343e-02 1.161131259441129659e-02 1.257722428727841950e-02 1.133354098387087845e-02 1.245866631992472058e-02 1.156224378485232879e-02 1.244683022205114384e-02 1.237416100424108129e-02 1.241505367610499198e-02 1.247508333485208148e-02 1.155887864523735299e-02 1.224730393474534641e-02 1.217494425041177816e-02 1.190866274156113062e-02 1.220389657628962593e-02 1.238213870822504545e-02 1.152420595460657178e-02 1.100641604336049899e-02 1.179679765303648549e-02 1.157455235531533976e-02 1.216247652298423597e-02 1.099953013406745374e-02 1.146487303127972576e-02 1.182704763079449155e-02 1.229216849378297373e-02 1.238480729212531987e-02 1.210603514778852384e-02 1.128967318788866650e-02 1.208540171204291504e-02 1.190468258019148837e-02 1.180911154434267224e-02 1.216412634853042928e-02 1.230559754055221729e-02 1.224462190513373946e-02 1.060882391935787442e-02 1.170835816146238370e-02 1.215313598559288923e-02 1.200998588497296030e-02 1.190777276914586555e-02 1.191067075620219282e-02 1.141352208253440005e-02 1.105561991836776989e-02 1.216423695438537816e-02 1.117200797429767668e-02 1.245659601486604796e-02 1.278947230015246850e-02 1.273178017046052921e-02 1.276734757516760285e-02 1.264894199389660079e-02 1.273526098313625642e-02 1.263856426114437319e-02 1.233335061554776541e-02 1.256339744623154869e-02 1.280117177096884440e-02 1.267434060904972307e-02 1.160361707705614108e-02 1.214977756871883814e-02 1.268784800776217962e-02 1.251988792619694590e-02 1.272421757398827478e-02 1.273266787729629597e-02 1.343468914895975738e-02 1.224515515484944812e-02 1.232941455467475092e-02 1.191880751039675786e-02 1.201663875542756214e-02 1.277645310938740203e-02 1.258465035642069088e-02 1.234321374151434343e-02 1.249962170151012845e-02 1.238368717570171619e-02 1.252259714513772465e-02 1.134986924208334844e-02 1.204051715375599636e-02 1.125424021031278844e-02 1.269415517472739438e-02 1.265204226995351143e-02 1.238425408912963155e-02 1.271761572559043825e-02 1.252134777326072840e-02 1.251707587124545155e-02 1.196444342382296973e-02 1.227105686669833703e-02 1.241785622066449851e-02 1.092333245069688347e-02 1.193539190566605436e-02
1.177869869233169435e-02 1.178008351550354285e-02 1.173908799819482589e-02 1.174821025793942007e-02 1.194498779166581690e-02 1.217846037152873692e-02 1.076372562238866494e-02 1.151429053140643442e-02 1.216974945154758285e-02 0.000000000000000000e+00 1.080002172268048830e-02 1.066729577508005247e-02 1.151414620448542106e-02 1.169369138644796996e-02 1.195777411745699119e-02 1.153600054417540204e-02 1.161326621633626717e-02 1.149133995182782288e-02 1.154638959684095752e-02 1.194407390488898789e-02 1.134359973358924252e-02 1.136320259818346910e-02 1.181168635083804791e-02 1.055428592138915947e-02 1.142383867113792167e-02 1.076639650951046780e-02 1.172422660928560366e-02 1.220265529613976177e-02 1.187993952749761238e-02 1.186240482684282338e-02 1.178671988427370913e-02 1.183384938041946548e-02 1.131737923103324876e-02 1.142702401666243969e-02 1.103798943476022067e-02 1.189612859236637704e-02 1.241026669458399762e-02 1.088305417713790989e-02 1.056328628782379937e-02 1.051857381297979614e-02 1.077123446719355400e-02 1.099777750214431075e-02 1.104492115967625233e-02 1.181008489532159832e-02 1.176570343875450730e-02 1.215502473163925304e-02 1.169724402116025137e-02 1.166555268566974238e-02 1.233330735582814294e-02 1.185942344236959149e-02 1.251764426105677654e-02 1.223764606054203799e-02 1.254570088037980369e-02 1.225787849647789335e-02 1.225579467638060992e-02 1.232208901804108213e-02 1.241628181060511898e-02 1.250029691939442272e-02 1.254765694568635466e-02 1.227087410522183404e-02 1.219821108078998975e-02 1.211856244500312922e-02 1.213046088140961633e-02 1.213796680734855089e-02 1.135243229230384517e-02 1.189338260811958863e-02 1.258851071334150112e-02 1.213879539683988470e-02 1.220801575668492046e-02 1.225626875010634234e-02 1.208507598272807147e-02 1.231942671882859178e-02 1.221978414545036966e-02 1.239399509719949465e-02 1.226900818736628533e-02 1.390588813737892934e-02 1.192683314491753237e-02 1.209808993023080495e-02 1.207136893616794077e-02 1.262922600165321957e-02 1.245646567874678264e-02 1.255865001135806486e-02 1.218500064509958104e-02 1.218462153176699467e-02 1.212420272427066660e-02 1.230490045436718333e-02 1.168894031307250725e-02 1.200733358201255992e-02 1.204953009357341912e-02 1.236634415293296277e-02 1.279133427787578110e-02 1.240198005135030590e-02 1.244210057149334331e-02 1.242960223278623960e-02 1.230501921951853220e-02 1.202898350847305016e-02 1.231676741149370993e-02 1.207170440600028281e-02 1.229975365306138456e-02 1.212435606801163038e-02
1.203229665003131832e-02 1.203382086205681718e-02 1.202079239309670339e-02 1.189565015143199088e-02 1.205491034104522879e-02 1.234005985970186396e-02 1.176220681360332608e-02 1.255665327719445584e-02 1.256528754894630472e-02 1.080002172268048830e-02 0.000000000000000000e+00 1.050789237231647931e-02 1.083949456590139505e-02 1.127350132001406040e-02 1.199074876629204617e-02 1.203400242545024125e-02 1.110373026595969786e-02 1.239284427752944048e-02 1.115937284074180851e-02 1.188343032193906953e-02 1.138367426261617521e-02 1.164040742800978752e-02 1.145808965659022086e-02 1.078706297908139586e-02 1.205587442725015133e-02 1.102812591271314265e-02 1.169806417975739407e-02 1.245702348419307909e-02 1.156998545881268887e-02 1.172898280192158534e-02 1.204808571738551562e-02 1.248760094649691531e-02 1.194758814404932312e-02 1.170818374758354763e-02 1.181311502923985089e-02 1.197023596344639479e-02 1.261323795160480127e-02 1.210404949361987802e-02 1.128094877129838872e-02 1.060887447313717258e-02 1.188408931031954482e-02 1.204683580952308798e-02 1.199324400617264759e-02 1.179306247378033093e-02 1.210766554814112633e-02 1.236783371328666753e-02 1.166356131255857215e-02 1.170043988830694881e-02 1.258390537294269175e-02 1.192899334298487719e-02 1.241305859600764713e-02 1.191571906820198049e-02 1.242314388015066176e-02 1.209942546071584614e-02 1.197905282172149338e-02 1.238291205652434016e-02 1.225594917996901748e-02 1.254441940961204677e-02 1.244315542792591087e-02 1.188947666745496581e-02 1.177165631646361066e-02 1.166592309655796814e-02 1.179037980170367927e-02 1.195719758765379816e-02 1.159311387586440395e-02 1.169992019696592354e-02 1.240251748471414908e-02 1.172089197338452987e-02 1.201826740723024173e-02 1.221986157126289316e-02 1.215820897567665600e-02 1.216138919584591922e-02 1.203434057618142997e-02 1.195712744771717378e-02 1.195890823887478353e-02 1.404854955544958955e-02 1.164361554759351693e-02 1.215770924841066795e-02 1.217246857354024707e-02 1.268200521474037792e-02 1.220139967784833988e-02 1.237485301809197399e-02 1.207789525785109633e-02 1.202801481349428069e-02 1.205236351037196861e-02 1.220533943609315719e-02 1.222170703501140702e-02 1.211146748229321481e-02 1.203951042407969130e-02 1.191641759408525875e-02 1.266214413914446869e-02 1.211132493952335638e-02 1.204928690320006789e-02 1.226248993363543600e-02 1.226318428973350791e-02 1.213716385068490909e-02 1.248298879387176562e-02 1.200938764981084733e-02 1.244602339395295236e-02 1.200594733177088279e-02
1.199962659896009788e-02 1.197668191969996666e-02 1.196427267585378935e-02 1.192998105310047810e-02 1.206340133104007173e-02 1.227244337199337627e-02 1.170019161721531052e-02 1.235874480101133675e-02 1.241401123578974100e-02 1.066729577508005247e-02 1.050789237231647931e-02 0.000000000000000000e+00 1.064821452198484210e-02 1.097257403727829039e-02 1.178044486929846757e-02 1.185982850875806974e-02 1.066355372992020163e-02 1.211416739029769034e-02 1.126875461399401944e-02 1.188929005932140223e-02 1.158536118730477474e-02 1.087417052943078465e-02 1.123140191465787398e-02 1.058145248681015456e-02 1.174937602284053563e-02 1.079022430913465294e-02 1.162542660806438130e-02 1.220819633466648825e-02 1.174365635579362362e-02 1.161418116255680949e-02 1.189496344575495176e-02 1.182080056058000019e-02 1.174991453375356758e-02 1.148053479779656029e-02 1.163502976399619603e-02 1.196343192777920249e-02 1.243584671927183520e-02 1.186056110429099114e-02 1.132078492342158439e-02 1.070398639898568691e-02 1.160021309751730484e-02 1.136009939390599140e-02 1.173163364420416396e-02 1.175186906945720894e-02 1.190798538537217975e-02 1.211446151602029765e-02 1.153940828452196081e-02 1.159104008896508047e-02 1.247239520677033767e-02 1.188075524973913194e-02 1.245163426380764028e-02 1.212568049676227867e-02 1.242452045605517419e-02 1.221037749133505219e-02 1.216880528132453787e-02 1.236635959013980199e-02 1.232424751875444563e-02 1.250615507938546839e-02 1.239852764393178063e-02 1.194101912236718993e-02 1.182677825892410051e-02 1.169822740983715581e-02 1.178041443143628374e-02 1.182045710543472815e-02 1.096948472127622434e-02 1.162638225887705282e-02 1.243451140262076711e-02 1.176109378442962219e-02 1.193655463037021115e-02 1.212433631379744060e-02 1.199967334536397416e-02 1.200526952508234289e-02 1.191409141445570231e-02 1.213714808559862579e-02 1.148228723065761701e-02 1.375979019956447696e-02 1.174812042002427136e-02 1.149892954507126218e-02 1.207541913861712515e-02 1.262711022451973482e-02 1.218857887923447889e-02 1.237837332078505458e-02 1.203543568360529274e-02 1.206181127842276442e-02 1.203808338793833574e-02 1.212236383572975681e-02 1.212740082068901673e-02 1.156395993327539659e-02 1.203089857647968337e-02 1.209025074576444356e-02 1.266874794314213314e-02 1.221155560407911900e-02 1.219648869675602453e-02 1.224085092622385906e-02 1.221818842171694744e-02 1.202488366630358359e-02 1.226681747002878083e-02 1.187191709421272535e-02 1.238927495244574774e-02 1.202896694897354589e-02
1.226696467850295173e-02 1.227662413997732127e-02 1.226156338585692764e-02 1.223328711395711005e-02 1.233075333425547905e-02 1.251921844542563424e-02 1.203445667715764313e-02 1.253424978692368498e-02 1.255794792845098956e-02 1.151414620448542106e-02 1.083949456590139505e-02 1.064821452198484210e-02 0.000000000000000000e+00 1.055636993777611839e-02 1.160977116263885167e-02 1.205010318730565487e-02 1.072999522804426835e-02 1.201270488754456293e-02 1.073036212317717703e-02 1.187220493046240062e-02 1.092606204599165347e-02 1.084737306521754534e-02 1.098093144677320110e-02 1.062976276930297469e-02 1.178755406017044718e-02 1.098226440675001934e-02 1.167664009489020709e-02 1.218362713056834676e-02 1.179894378466349140e-02 1.142018257530964115e-02 1.212067407987466212e-02 1.244807207403672393e-02 1.192108012587967704e-02 1.082417231442541622e-02 1.172695690239076820e-02 1.204243314056406208e-02 1.239544148110771800e-02 1.211453309523129532e-02 1.173297778620686037e-02 1.161941784360732977e-02 1.121259247587088823e-02 1.204597103437870034e-02 1.184504616797480391e-02 1.194310617021153778e-02 1.197554874897140999e-02 1.204900719594969617e-02 1.093178377613710124e-02 1.155232600628015513e-02 1.261734107624687927e-02 1.201350842232977098e-02 1.255090987139291861e-02 1.234097169236880558e-02 1.246410669120358999e-02 1.241516133771090880e-02 1.239640669708912124e-02 1.250616488520053457e-02 1.244923550062142573e-02 1.260776036947916338e-02 1.246341196276063053e-02 1.199599044114281650e-02 1.179618221411553140e-02 1.116870101694236554e-02 1.165354410707683877e-02 1.110408625157698580e-02 1.138158252311570993e-02 1.105893667189298407e-02 1.249915684903898233e-02 1.176356897748123513e-02 1.184467002278172254e-02 1.208713782617518856e-02 1.186502547977998263e-02 1.139318100757282827e-02 1.122987532525764748e-02 1.232176410351707926e-02 1.203255179310172042e-02 1.362278654748706914e-02 1.177561683962681516e-02 1.132757608997226641e-02 1.220347046356210115e-02 1.273491028970467030e-02 1.216434504135778874e-02 1.233834359507473416e-02 1.211957098020166775e-02 1.206095433231141149e-02 1.199919520667981805e-02 1.194032670419390915e-02 1.215191438834614321e-02 1.187108410005485552e-02 1.211197203354290319e-02 1.225570536665737155e-02 1.272508136832301712e-02 1.241016623544714467e-02 1.238449855396470643e-02 1.234259957775193754e-02 1.219920540668211796e-02 1.211188433773624680e-02 1.219540374007129641e-02 1.173040797170291603e-02 1.251352395295461314e-02 1.214178157272484404e-02
1.243408903758763499e-02 1.245300373734980343e-02 1.241782509208421738e-02 1.247937640331131005e-02 1.255901649003211829e-02 1.268104923385196710e-02 1.219186875112625822e-02 1.250180525521139147e-02 1.257056786905249961e-02 1.169369138644796996e-02 1.127350132001406040e-02 1.097257403727829039e-02 1.055636993777611839e-02 0.000000000000000000e+00 1.109302049371957595e-02 1.212473930949449670e-02 1.104808855000614584e-02 1.145138968223443666e-02 1.101714562296767473e-02 1.196180888959283081e-02 1.073296767422371976e-02 1.097790986744379658e-02 1.086114604855296061e-02 1.089292532055310264e-02 1.169410670889477373e-02 1.150908026959010164e-02 1.148975211508239044e-02 1.210957065830596535e-02 1.204469471002370291e-02 1.108974000238342056e-02 1.225747204316071128e-02 1.241329802278589613e-02 1.152623414864968783e-02 1.088825458630348145e-02 1.174603973870902603e-02 1.217137713461089246e-02 1.229687588075053899e-02 1.216753197225670449e-02 1.202779540175533818e-02 1.188959635459131692e-02 1.121186078855131857e-02 1.206110098000920221e-02 1.185611593339168206e-02 1.215859768927200595e-02 1.200257686942075505e-02 1.198749923742499848e-02 1.114310844249200884e-02 1.170756387534008756e-02 1.264590397713053448e-02 1.208859213184852559e-02 1.273323944251698349e-02 1.264139274675830579e-02 1.258977037563843021e-02 1.268424654715835827e-02 1.269074200495171577e-02 1.264751625249451762e-02 1.265586097771868000e-02 1.270141801670445110e-02 1.258804459703281690e-02 1.224674203607882886e-02 1.202370391521561353e-02 1.141023765410442183e-02 1.132512100385294623e-02 1.108096797199322088e-02 1.102697794636554179e-02 1.113544845533974773e-02 1.269072799913045085e-02 1.197629296927800110e-02 1.195949075475469421e-02 1.210419312273300872e-02 1.177978601049549726e-02 1.184398988771696339e-02 1.126004494249545004e-02 1.263049187791715801e-02 1.225160163625856058e-02 1.348840843794051926e-02 1.198903204857993017e-02 1.125872723326600336e-02 1.232638914835511301e-02 1.283901477623289843e-02 1.239518590437309331e-02 1.251728281700541234e-02 1.233461843834302539e-02 1.228844739967488615e-02 1.215145650304089685e-02 1.196780486397944383e-02 1.213598360692975421e-02 1.184924823787180705e-02 1.227667199782659334e-02 1.252349784965563380e-02 1.287772303662222152e-02 1.268326888511342627e-02 1.268078573967582404e-02 1.256748315478777370e-02 1.233956805355986876e-02 1.219725811036907748e-02 1.216279768886293494e-02 1.178011791895169566e-02 1.259124546469876302e-02 1.232666016049439005e-02
1.225587283890426649e-02 1.237849609793670834e-02 1.235504537459997630e-02 1.238670417736467515e-02 1.237236851288351855e-02 1.240232200567728017e-02 1.227907652292271196e-02 1.248521874568834893e-02 1.228593006304083343e-02 1.195777411745699119e-02 1.199074876629204617e-02 1.178044486929846757e-02 1.160977116263885167e-02 1.109302049371957595e-02 0.000000000000000000e+00 1.222830506941448639e-02 1.188326354335056574e-02 1.149212315845569120e-02 1.133637474390456271e-02 1.092447225831840243e-02 1.085337653237372461e-02 1.182320512996239484e-02 1.104257563265695699e-02 1.190946170270052069e-02 1.195749436404068382e-02 1.135804614594230003e-02 1.157903598111890801e-02 1.126710311475732570e-02 1.104974149846538189e-02 1.078355480267790406e-02 1.190543766628302490e-02 1.244843577863518486e-02 1.216770614258905203e-02 1.171821949699013848e-02 1.181214096907190654e-02 1.170797297004346274e-02 1.124949698147594337e-02 1.243115663471771118e-02 1.222657560298845425e-02 1.219532049028498009e-02 1.209211105174498070e-02 1.210198032485261532e-02 1.192360196124822233e-02 1.132838538542762022e-02 1.172406246154204454e-02 1.129311222708766736e-02 1.166089659199002343e-02 1.117580994381453703e-02 1.219121256516290247e-02 1.116753665501695435e-02 1.227377754555061470e-02 1.234852825970159801e-02 1.221608293627062317e-02 1.238888591593506616e-02 1.239944432798837509e-02 1.218121527962308034e-02 1.228310019133226592e-02 1.220203279560715982e-02 1.205253811599179582e-02 1.202049796234568729e-02 1.181110693995590134e-02 1.178214914146552030e-02 1.122162814452873879e-02 1.102351302531873710e-02 1.112303244083554660e-02 1.071586597153373344e-02 1.233555162258220123e-02 1.187049968771656389e-02 1.177951018679199505e-02 1.164469702087315636e-02 1.089449749780576140e-02 1.168810704207433153e-02 1.104853571277704567e-02 1.232869937563419414e-02 1.160504698714861366e-02 1.300801461903000784e-02 1.101669311448638666e-02 1.089950718761187841e-02 1.183932666807527984e-02 1.237803073001786207e-02 1.212865070289976220e-02 1.215997770980063036e-02 1.194126141692151630e-02 1.206062888864846763e-02 1.181262492376746777e-02 1.169847890106580530e-02 1.110247689211732620e-02 1.099259065295400857e-02 1.165263851231842715e-02 1.223886158555911527e-02 1.243910020238890926e-02 1.231452833834027587e-02 1.235546298482044676e-02 1.214393017902982465e-02 1.200609315275469498e-02 1.163414637990215286e-02 1.169639384862344519e-02 1.152876238627237489e-02 1.209609144552956789e-02 1.134730548605322568e-02
1.070257436119599961e-02 1.073681413900500273e-02 1.069010439927839916e-02 1.075019444248393428e-02 1.153628800571346834e-02 1.111373975712091899e-02 1.058119738209955217e-02 1.089483380877396233e-02 1.161131259441129659e-02 1.153600054417540204e-02 1.203400242545024125e-02 1.185982850875806974e-02 1.205010318730565487e-02 1.212473930949449670e-02 1.222830506941448639e-02 0.000000000000000000e+00 1.218024714567875894e-02 1.129133056263380980e-02 1.209782775439997154e-02 1.209736252118347177e-02 1.229175233040620020e-02 1.108995117159473041e-02 1.156779738430479057e-02 1.189640559235564249e-02 1.179646340475026985e-02 1.120253175946317979e-02 1.185018270173447685e-02 1.206559890472892749e-02 1.215471190078979205e-02 1.206773841544659526e-02 1.150162610834081466e-02 1.076077591478769024e-02 1.053412651050721592e-02 1.161222012633848777e-02 1.102528873205199482e-02 1.184461582032801663e-02 1.230526262171857330e-02 1.064014899332454793e-02 1.153779803040124244e-02 1.104757708296292412e-02 1.089298335196760628e-02 1.133849382894489347e-02 1.157833086415752284e-02 1.181002986336214533e-02 1.115957496280026856e-02 1.165293073321363795e-02 1.131070469559609937e-02 1.175433645672664326e-02 1.181946594408627739e-02 1.177972577988396427e-02 1.251143829729020954e-02 1.217799408962325428e-02 1.256877681577282108e-02 1.211881411594577587e-02 1.218629789128607144e-02 1.212633150110235467e-02 1.242518234060700777e-02 1.182590000648247111e-02 1.264760549342981016e-02 1.260974833197770102e-02 1.248972455696767403e-02 1.251041617791395257e-02 1.246165199785980761e-02 1.252986459724795762e-02 1.241301637652339127e-02 1.224867319800451541e-02 1.269221678013173794e-02 1.256772832486321295e-02 1.257376035064656714e-02 1.234855759008993657e-02 1.231757858790418284e-02 1.242903031921607955e-02 1.235945779483103683e-02 1.261895504655483752e-02 1.261348398137333675e-02 1.386164918618450898e-02 1.223455020613797330e-02 1.228805163050099812e-02 1.212279028143660627e-02 1.249802356743091349e-02 1.270146106699714464e-02 1.269303389860313921e-02 1.226532654646144208e-02 1.230251897975141555e-02 1.219210131196177965e-02 1.237988833804738904e-02 1.218626707519923982e-02 1.208057469871606261e-02 1.208141840063161818e-02 1.261230849911040668e-02 1.283524527947023028e-02 1.249813307333140847e-02 1.264290729912836975e-02 1.252590143251569067e-02 1.235434285975690535e-02 1.206953917952083809e-02 1.227114444537497073e-02 1.214049148448740137e-02 1.201546687874929450e-02 1.221418371323424422e-02
