0.000000000000000000e+00 8.296570566971462474e-03 8.296570510715551086e-03 8.296571026366267657e-03 8.309725741869382343e-03 8.296627676729588161e-03 8.296628541335768214e-03 8.296699121848036262e-03 8.296727739866040230e-03 8.309926733274254282e-03 8.309899843395309252e-03 8.309970310310006714e-03 8.310043972821751571e-03 8.310087443555774431e-03 8.310045842420173828e-03 8.296671034594096938e-03 8.309914374065686254e-03 8.309941597556030207e-03 8.309928077597856372e-03 8.309957435995380184e-03 8.310072739746305823e-03 8.310000830217231446e-03 8.310117068111421562e-03 8.309999803956080733e-03 8.309985134801764137e-03 8.310013972305406102e-03 8.310030198628725814e-03 8.296962238515052934e-03 8.309871452225874727e-03 8.310017441119470216e-03 8.309813028379365793e-03 8.296656778081596892e-03 8.296685715926437749e-03 8.309941542013428439e-03 8.310029603639463094e-03 8.309869410190032224e-03 8.296961252465975475e-03 8.296743223144120022e-03 8.309812999645133785e-03 8.309827696057668633e-03 8.309885329034422466e-03 8.309798722954408329e-03 8.310000730975578356e-03 8.296787769643881524e-03 8.309957600239314610e-03 8.310062806059292234e-03 8.310044708990514672e-03 8.310059141686216427e-03 8.296714177744406171e-03 8.296800414635104037e-03 8.310016235264779810e-03 8.296787167796469339e-03 8.310002015050556648e-03 8.309870634632616007e-03 8.309827525864191267e-03 8.309914383893411693e-03 8.309943668296680339e-03 8.309900038654808793e-03 8.310058590959032085e-03 8.309944548521916788e-03 8.309958730055733850e-03 8.309973246624741475e-03 8.310016009505876919e-03 8.310103047444700186e-03 8.310015404478595172e-03 8.310016712909339132e-03 8.310031236680306271e-03 8.309958831914310978e-03 8.310044817600757000e-03 8.310014672584692050e-03 8.310086719728101284e-03 8.310118942959307878e-03 8.310119125675457380e-03 8.309944725504210192e-03 8.309986660989076082e-03 8.310368088349822518e-03 8.309986601031828582e-03 8.310147850932510585e-03 8.310072138473100986e-03 8.310043491824686476e-03 8.310030693162417589e-03 8.310045480204281132e-03 8.310058738331497011e-03 8.310059761476232612e-03 8.310074246422292921e-03 8.310119532603322048e-03 8.310015843727871013e-03 8.310132525989857161e-03 8.309942841683208223e-03 8.309943976883461467e-03 8.310075441134543925e-03 8.309986308324784215e-03 8.309959011906061649e-03 8.310044422993960109e-03 8.310104339683228175e-03 8.310058328434431069e-03 8.310205927144251326e-03 8.310119478397557172e-03 8.309885467466393213e-03 8.310000720491997339e-03
8.296570566971462474e-03 0.000000000000000000e+00 8.296471382771753236e-03 8.296528142359730837e-03 8.296528606088584765e-03 8.296585543224092862e-03 8.309683912166132558e-03 8.296599768796127441e-03 8.296657237511204097e-03 8.309884159346456189e-03 8.309857559930942245e-03 8.309899910011906907e-03 8.310001929599524981e-03 8.310045916194396670e-03 8.310118462262022082e-03 8.296685252925505016e-03 8.309900440019743137e-03 8.309928410732135215e-03 8.309886138124115279e-03 8.310029997097252014e-03 8.310060019290270092e-03 8.309987414033673248e-03 8.310104244738361970e-03 8.309929000259263718e-03 8.296844869548885421e-03 8.309944150270632407e-03 8.310045435587214147e-03 8.310047048494535737e-03 8.309972069183437296e-03 8.310089663420821421e-03 8.296729691036947366e-03 8.296585690171416963e-03 8.296699873750741291e-03 8.309899146890084229e-03 8.309988019829914543e-03 8.309856457233987664e-03 8.310074928032970543e-03 8.296643810131213229e-03 8.309798994389817201e-03 8.309842097179680545e-03 8.309871040491606520e-03 8.296714808987939310e-03 8.309958683538027496e-03 8.309900646549907635e-03 8.309944136652747809e-03 8.310107192725931305e-03 8.310031760401062270e-03 8.310074830495667655e-03 8.296728988768570234e-03 8.309885928959906756e-03 8.310031579994429929e-03 8.309843106621700101e-03 8.310017075882589546e-03 8.309856876699441355e-03 8.309785700313205084e-03 8.309900697078579160e-03 8.309987182999599431e-03 8.309915152805200100e-03 8.310074511076950485e-03 8.309959663445075362e-03 8.309974189781368925e-03 8.309960186308910923e-03 8.310003352538874663e-03 8.310090682137829740e-03 8.310002343575356026e-03 8.310060987140474587e-03 8.310018352212266909e-03 8.309945769010769132e-03 8.310031876679759011e-03 8.310030424755726619e-03 8.310131051985251288e-03 8.310134586200784365e-03 8.310135115989658594e-03 8.309931603373590242e-03 8.310001834211504582e-03 8.310384543490917722e-03 8.310002868282430691e-03 8.310191848072592813e-03 8.310002677002567215e-03 8.310001971458579398e-03 8.310017689947506517e-03 8.310032770359505536e-03 8.310046081363856377e-03 8.310046706147510009e-03 8.310089714344780915e-03 8.310135235713143192e-03 8.310031656716593274e-03 8.310120286766491463e-03 8.309930186106760305e-03 8.309930854499275252e-03 8.310090788237358209e-03 8.309973129489578794e-03 8.309945890425463402e-03 8.310031537742580340e-03 8.310119637615029711e-03 8.310045563708652952e-03 8.310193745084071271e-03 8.310135123972824805e-03 8.296831019140847932e-03 8.310016418178686054e-03
8.296570510715551086e-03 8.296471382771753236e-03 0.000000000000000000e+00 8.296528028298819080e-03 8.296585422585173869e-03 8.296614213062721011e-03 8.296585651970030464e-03 8.296599598345177212e-03 8.296629148327848077e-03 8.309855919287335163e-03 8.309857441195079089e-03 8.309899904056582132e-03 8.310001692888447158e-03 8.310017219014406709e-03 8.310089885082264094e-03 8.296656755942103528e-03 8.309872142975807674e-03 8.296830149754720607e-03 8.309857613614078306e-03 8.310001480440538935e-03 8.310031211044746624e-03 8.310015295837259661e-03 8.310075606010434643e-03 8.309957053635136023e-03 8.296816487965909259e-03 8.309972264112059151e-03 8.310045548622680550e-03 8.310047335293233375e-03 8.309971954700482930e-03 8.310061369076290894e-03 8.296758585347022152e-03 8.296557311445119237e-03 8.296671431472186359e-03 8.309898683733506902e-03 8.309987788972078224e-03 8.309856573412190139e-03 8.310074989230940845e-03 8.309713251312909540e-03 8.309799047029560459e-03 8.309841922264167915e-03 8.309842456361913113e-03 8.296743300100033885e-03 8.309986971842819869e-03 8.309901163804714330e-03 8.309916075235613403e-03 8.310107136487663790e-03 8.310003239216308055e-03 8.310018250895395350e-03 8.296729337394993103e-03 8.309914165964719240e-03 8.310060334464512699e-03 8.309871746451815214e-03 8.310017426992539688e-03 8.309857453869412894e-03 8.309814340828865567e-03 8.309929793559257122e-03 8.309959243858036637e-03 8.309943850553726599e-03 8.310046399096720701e-03 8.309959778089130028e-03 8.309974132341892139e-03 8.309960183749423579e-03 8.310003178287738573e-03 8.310090562650555499e-03 8.310002055827525255e-03 8.310060869759980373e-03 8.310018587114097535e-03 8.309945710302139160e-03 8.310032045505224771e-03 8.310030427591586638e-03 8.310102931614648039e-03 8.310134642136696517e-03 8.310134999548822454e-03 8.309931721087855661e-03 8.310001778463667679e-03 8.310413294315234511e-03 8.310002924590192963e-03 8.310191961617339335e-03 8.310031545571977193e-03 8.310030841832880683e-03 8.310017691738027373e-03 8.310061176776278175e-03 8.310046374893938562e-03 8.310046937302650177e-03 8.310089775996598246e-03 8.310135236691242738e-03 8.310031775542509394e-03 8.310148635589846219e-03 8.309958708712004982e-03 8.309931027432021500e-03 8.310091082645488028e-03 8.309973480611158522e-03 8.309946009421663449e-03 8.310031888499738034e-03 8.310119814002354596e-03 8.310074428605949970e-03 8.310222208243707789e-03 8.310135237331298455e-03 8.309900764320431871e-03 8.310045168308334562e-03
8.296571026366267657e-03 8.296528142359730837e-03 8.296528028298819080e-03 0.000000000000000000e+00 8.296557101003874946e-03 8.296642595000913029e-03 8.296585593639457454e-03 8.296600249025671073e-03 8.296686437404953568e-03 8.309855631933387235e-03 8.309828386695311195e-03 8.309899210781608245e-03 8.309972824180125728e-03 8.310045050679792239e-03 8.310090013778021270e-03 8.296628614240846022e-03 8.309871321155664486e-03 8.309928431984969777e-03 8.309856968699591909e-03 8.310001598674034845e-03 8.310059276295272968e-03 8.309986661682297604e-03 8.310075269577511456e-03 8.309928471144674769e-03 8.296817553246094504e-03 8.309943755515230429e-03 8.310016858783306551e-03 8.310076050276903742e-03 8.309915542034291766e-03 8.310061083326639522e-03 8.309828211323528127e-03 8.296614774456773783e-03 8.309769263580528767e-03 8.309870679799933810e-03 8.309959104233955243e-03 8.309884930717430229e-03 8.310132045559881844e-03 8.296672020279134002e-03 8.309798517937264442e-03 8.309813044112313724e-03 8.309870755227207612e-03 8.309813260242526409e-03 8.309986812144339735e-03 8.309929343292022166e-03 8.296875235586941011e-03 8.310107160491816622e-03 8.309974146228998881e-03 8.309989276680321280e-03 8.309855978691119138e-03 8.309970981749183541e-03 8.310002945830530577e-03 8.309814230957507028e-03 8.310016380124277471e-03 8.296730529082510866e-03 8.309785233033752105e-03 8.309901393179990048e-03 8.309958255266029770e-03 8.309915447655864817e-03 8.310045585366843818e-03 8.309930432570122177e-03 8.309944906076810467e-03 8.309930839937586591e-03 8.309974068110782125e-03 8.310061408877592037e-03 8.309973178253545617e-03 8.310032354280157477e-03 8.310017363647366831e-03 8.309916421894570152e-03 8.310002821788611480e-03 8.310030191889156842e-03 8.310102711867129247e-03 8.310105261227728607e-03 8.310105965046910362e-03 8.309902198196848777e-03 8.309972608155085858e-03 8.310384223206856297e-03 8.309974119084543795e-03 8.310163633297420333e-03 8.310030980653596022e-03 8.310001805253980703e-03 8.309988291363309271e-03 8.310031951579158194e-03 8.309989041480305566e-03 8.309989254981669723e-03 8.310032217529850218e-03 8.310105912014288665e-03 8.310060425424578567e-03 8.310120538265210882e-03 8.309958601004151929e-03 8.309901562715974258e-03 8.310033229609666006e-03 8.309915904890399774e-03 8.309916488025309925e-03 8.310002496209660527e-03 8.310062313525608257e-03 8.310074095087093340e-03 8.310193535333658052e-03 8.310105976462337993e-03 8.309929176611203713e-03 8.310016593570378543e-03
8.309725741869382343e-03 8.296528606088584765e-03 8.296585422585173869e-03 8.296557101003874946e-03 0.000000000000000000e+00 8.296556465835398103e-03 8.309770120383799460e-03 8.296656823218910917e-03 8.296628332240950365e-03 8.309913612320403084e-03 8.309857738880696565e-03 8.309928613721056026e-03 8.310002342534986847e-03 8.310074792503497482e-03 8.310118515752076482e-03 8.309812836682301321e-03 8.309900497819497703e-03 8.309985462766851516e-03 8.309886256926331607e-03 8.310029348923508169e-03 8.310088255263636814e-03 8.310045103553686738e-03 8.310133292345913900e-03 8.309958055497642174e-03 8.296874942076665899e-03 8.310001616478400466e-03 8.310073898938829043e-03 8.310103910792289786e-03 8.309971768207852563e-03 8.310089891400000359e-03 8.296758354329480251e-03 8.296700545072923164e-03 8.309884168214577704e-03 8.309928138793833477e-03 8.310045646462267677e-03 8.309798942993549750e-03 8.310045349854739208e-03 8.296759013173596667e-03 8.309856736181101336e-03 8.309899492360986115e-03 8.309957544330280263e-03 8.309842303151175613e-03 8.310016829504888319e-03 8.309956930610203768e-03 8.310001816120597337e-03 8.310136006526370675e-03 8.310060575164632257e-03 8.310075413795324495e-03 8.296671635276893844e-03 8.309942096480549961e-03 8.309915796388889914e-03 8.309756079534725767e-03 8.309986570201119069e-03 8.296672258117461160e-03 8.296600695014423946e-03 8.296715747707315847e-03 8.309900040013211767e-03 8.296758221775590511e-03 8.310044516967296166e-03 8.309958951777550104e-03 8.309973600147907077e-03 8.309959483837663086e-03 8.310002823444245443e-03 8.310090156478499440e-03 8.310001760699259679e-03 8.310060287158508099e-03 8.310016420906155346e-03 8.309945063835222703e-03 8.310002817602244948e-03 8.310000557082551642e-03 8.310101881604055676e-03 8.310134120118562936e-03 8.310134646428513419e-03 8.309930709799575113e-03 8.310000835849585404e-03 8.310297172141541816e-03 8.310001931780417600e-03 8.310191382487973344e-03 8.310001222220629938e-03 8.309886531082933542e-03 8.310016801072682077e-03 8.310031125534576499e-03 8.310017081281758505e-03 8.310046112782300612e-03 8.310088896611243781e-03 8.310134703056953204e-03 8.310001857813477388e-03 8.310091533724479895e-03 8.309871859275102385e-03 8.309930018853885561e-03 8.310060334205728386e-03 8.309886271280212539e-03 8.309944479750523694e-03 8.310002012959217393e-03 8.310119160527562956e-03 8.310044803134540581e-03 8.310193103982080332e-03 8.310134889335369507e-03 8.296743731672918953e-03 8.309957855190066092e-03
8.296627676729588161e-03 8.296585543224092862e-03 8.296614213062721011e-03 8.296642595000913029e-03 8.296556465835398103e-03 0.000000000000000000e+00 8.309855814428767154e-03 8.309755200835376374e-03 8.296656522033733425e-03 8.310027872645269625e-03 8.309943899211637633e-03 8.309986354920650270e-03 8.310088310857813645e-03 8.310160522127461522e-03 8.310146205920510704e-03 8.296800620998580691e-03 8.309958597141745007e-03 8.310042364123047809e-03 8.309972526645012861e-03 8.310028930777049738e-03 8.310173805414150863e-03 8.310102311760254531e-03 8.310161791781157936e-03 8.310044432153326083e-03 8.310000870940073212e-03 8.310030236867211109e-03 8.310045129437431538e-03 8.296976782756156077e-03 8.309943301641455060e-03 8.310117815698406935e-03 8.296785498040361653e-03 8.296728797206890521e-03 8.309913329473988391e-03 8.310042108227132240e-03 8.310130323332266117e-03 8.296785749356444181e-03 8.310015754826389350e-03 8.309885732748155049e-03 8.309914488152275389e-03 8.309957473908686360e-03 8.310043508329752887e-03 8.296829186837188438e-03 8.310044926096892687e-03 8.296830182877025853e-03 8.310000983894890586e-03 8.310134065767039654e-03 8.310089310521174416e-03 8.310131683080604348e-03 8.296642200077405938e-03 8.309856119455174064e-03 8.309943783250960808e-03 8.296686944954707529e-03 8.310014847673430696e-03 8.296729073821833278e-03 8.296629255460277741e-03 8.296743297235308068e-03 8.309928327524092329e-03 8.296729483901249882e-03 8.310100970781768293e-03 8.309987884828494778e-03 8.310002355683803951e-03 8.310016821883994820e-03 8.310059924111788676e-03 8.310147072087213302e-03 8.310059266828180927e-03 8.310088445629325304e-03 8.310073163431155180e-03 8.310002464323755153e-03 8.310059917714985450e-03 8.310028886769144779e-03 8.310129920523639385e-03 8.310162213733398445e-03 8.310162735860321739e-03 8.309988046195872571e-03 8.310057994852803470e-03 8.310295733341983154e-03 8.310058210891256222e-03 8.310218711632323674e-03 8.310000610084274444e-03 8.309942686258892444e-03 8.310074130454739652e-03 8.310087923423642095e-03 8.310044773785552064e-03 8.310102620478121774e-03 8.310116814979059269e-03 8.310162619385797270e-03 8.310029249696896866e-03 8.310118451226911757e-03 8.309927789174938878e-03 8.309987359609045249e-03 8.310088782108614180e-03 8.309943026724865567e-03 8.310001813227808898e-03 8.310030059031095484e-03 8.310146849272085842e-03 8.310015611604808922e-03 8.310163671445073771e-03 8.310162574368838359e-03 8.296771047646001387e-03 8.309985489332641015e-03
8.296628541335768214e-03 8.309683912166132558e-03 8.296585651970030464e-03 8.296585593639457454e-03 8.309770120383799460e-03 8.309855814428767154e-03 0.000000000000000000e+00 8.296628683904468116e-03 8.296772558826890145e-03 8.296670907879439075e-03 8.309799110831973465e-03 8.309869580992597024e-03 8.309971071661693270e-03 8.309986367771159121e-03 8.310060838374433434e-03 8.296627393373478751e-03 8.309870337142487989e-03 8.296772472780655772e-03 8.309827748159198321e-03 8.309973135254743182e-03 8.310000892036034995e-03 8.309871119303471540e-03 8.310016644835944988e-03 8.309841625586117733e-03 8.296844048849932179e-03 8.309913883200679627e-03 8.310044445604266097e-03 8.310160897184807813e-03 8.309972010345370932e-03 8.310031796156542444e-03 8.309970581591157035e-03 8.296642909388904363e-03 8.296612940190717031e-03 8.309840531655609056e-03 8.309844255008325478e-03 8.309914146079721078e-03 8.310104334241672983e-03 8.296613634994997113e-03 8.296614205848184750e-03 8.296628485968491479e-03 8.296657052761865006e-03 8.309812843114961281e-03 8.309900882687785983e-03 8.310015134496622630e-03 8.309944129922388484e-03 8.310134732251927767e-03 8.309944396703539474e-03 8.296918920499907549e-03 8.309942703764025204e-03 8.309999793760493303e-03 8.310060934679208353e-03 8.309900857311055752e-03 8.310046130550488575e-03 8.309914858087397854e-03 8.309900378217480177e-03 8.310016417867780239e-03 8.309987839591116698e-03 8.310030298851370234e-03 8.310045955599077577e-03 8.309959307343716892e-03 8.309973369772828689e-03 8.309959131069777002e-03 8.310002009863377836e-03 8.310088876747731904e-03 8.309972596193433703e-03 8.310059999629684432e-03 8.310046652974046114e-03 8.309944830767544699e-03 8.310031113932333027e-03 8.310058667838295457e-03 8.310073902819854752e-03 8.310105186638678393e-03 8.310105712679037235e-03 8.309931200158087589e-03 8.310001140868369940e-03 8.310442230518836140e-03 8.310002066903377296e-03 8.310162973206214679e-03 8.310088487428148388e-03 8.310060364350380785e-03 8.310016824391787404e-03 8.310060836287545480e-03 8.310074662950899665e-03 8.310045670836367637e-03 8.310060677690456893e-03 8.310105956877837305e-03 8.310032428088408654e-03 8.310148577794948879e-03 8.309987826160658564e-03 8.309930561788666029e-03 8.310090868297263095e-03 8.309973836814657511e-03 8.309945552108411945e-03 8.310060411339595388e-03 8.310090773916797846e-03 8.310131361240933115e-03 8.310221407107380373e-03 8.310105554360491462e-03 8.310015734713377400e-03 8.310045651168935024e-03
8.296699121848036262e-03 8.296599768796127441e-03 8.296599598345177212e-03 8.296600249025671073e-03 8.296656823218910917e-03 8.309755200835376374e-03 8.296628683904468116e-03 0.000000000000000000e+00 8.296641964871679514e-03 8.296829295247710317e-03 8.309958271689897244e-03 8.310000072277213407e-03 8.310073504658104654e-03 8.310088436695357156e-03 8.310217352813099867e-03 8.296727735950847407e-03 8.309972804072114985e-03 8.296786241354978109e-03 8.309929745028704282e-03 8.310072338174503970e-03 8.310102020258223685e-03 8.310058280591576391e-03 8.310175137261146400e-03 8.309972006708498879e-03 8.296800540063998738e-03 8.310043748628858154e-03 8.310116860366829200e-03 8.310174186018821907e-03 8.310016042662144581e-03 8.310190001388538875e-03 8.309926933732678447e-03 8.296627794412265999e-03 8.296713926977034026e-03 8.296815191225047001e-03 8.310001661186916869e-03 8.296800743963592129e-03 8.310116179469200989e-03 8.296686004764861413e-03 8.309842772337811337e-03 8.309885589461874639e-03 8.296786643258254393e-03 8.296813729883391678e-03 8.310000775495728076e-03 8.310057514955622449e-03 8.296945572099976782e-03 8.310233983173410943e-03 8.310046564501629221e-03 8.310118085080701184e-03 8.296799469921319406e-03 8.309985305103611414e-03 8.310074165927366224e-03 8.309915345055931060e-03 8.310088819603550156e-03 8.296859910590419218e-03 8.309857766874229404e-03 8.296845392059527813e-03 8.310030418957744733e-03 8.309929149774457346e-03 8.310173795963023483e-03 8.310089803917293516e-03 8.310104260740604903e-03 8.310090038246505800e-03 8.310133072681864796e-03 8.310219452529868378e-03 8.310103026315122932e-03 8.310160652878552032e-03 8.310118736923152727e-03 8.310075571742155456e-03 8.310161076635506905e-03 8.310073516456130752e-03 8.310145034603090911e-03 8.310263453070426687e-03 8.310263569909333292e-03 8.310061290989321711e-03 8.310131387032505118e-03 8.310454573805088618e-03 8.310102496621380938e-03 8.310290425743199066e-03 8.310044881874095388e-03 8.296975299380039692e-03 8.310118726271313941e-03 8.310133378833524376e-03 8.310146554072098124e-03 8.310118908116802261e-03 8.310161433417343618e-03 8.310263580626220739e-03 8.309988003972163667e-03 8.310190569784197540e-03 8.296874978856309465e-03 8.310060548493909335e-03 8.310162475357037865e-03 8.310045302794119917e-03 8.310047169406640719e-03 8.310132257551786777e-03 8.310219410882226446e-03 8.310088334535274679e-03 8.310263796343097392e-03 8.310263287068658800e-03 8.296844179090321833e-03 8.310030698402264340e-03
8.296727739866040230e-03 8.296657237511204097e-03 8.296629148327848077e-03 8.296686437404953568e-03 8.296628332240950365e-03 8.296656522033733425e-03 8.296772558826890145e-03 8.296641964871679514e-03 0.000000000000000000e+00 8.309957598224568601e-03 8.309987555111917820e-03 8.310029870677811126e-03 8.310102783051675351e-03 8.310145656352350627e-03 8.310130737709279722e-03 8.309884810003125358e-03 8.309973558870732691e-03 8.296842831990247982e-03 8.309958618282379389e-03 8.296887568679996508e-03 8.310073204330277810e-03 8.310173643744606792e-03 8.310204060332728251e-03 8.310058970766854430e-03 8.296887939265768647e-03 8.310158083838727408e-03 8.310117315644967306e-03 8.310088439903906901e-03 8.309957199841351561e-03 8.310160492300641688e-03 8.309955565187680457e-03 8.296771388104848266e-03 8.309899511124391874e-03 8.296901319336443328e-03 8.310173365320526126e-03 8.296656702591770696e-03 8.296930141688257584e-03 8.309900607297209321e-03 8.309958430934783619e-03 8.310028733594224115e-03 8.309972528500320435e-03 8.296929162374611783e-03 8.310144999905800731e-03 8.310028406100275489e-03 8.310072869815738478e-03 8.310234030499975486e-03 8.310132418749682087e-03 8.310118890167465799e-03 8.296599243552731789e-03 8.309926808730005304e-03 8.309987177883332646e-03 8.309857356966880021e-03 8.296989455707720965e-03 8.309899526797373884e-03 8.296758234131687559e-03 8.296729361910329045e-03 8.309943728663842996e-03 8.296799591741123650e-03 8.310030521101290091e-03 8.310088688804369642e-03 8.310102919457268769e-03 8.310089099714883590e-03 8.310075271580839515e-03 8.310217935184410765e-03 8.310101692534481443e-03 8.310073626615172362e-03 8.310088406884956480e-03 8.310074632166770947e-03 8.310103149763957420e-03 8.296859622820980731e-03 8.310001185199131224e-03 8.310262745178714425e-03 8.310205535983241493e-03 8.310032288968474332e-03 8.310101983009729465e-03 8.310394427614076554e-03 8.309987119847629666e-03 8.310204153115521852e-03 8.310044215777037668e-03 8.309985961015972297e-03 8.310117721826130663e-03 8.310074810020239011e-03 8.310174416236975475e-03 8.310147121254107816e-03 8.310217474541777352e-03 8.310206405479343347e-03 8.296886944122732963e-03 8.310160303136098284e-03 8.296758147330336730e-03 8.310003139752218312e-03 8.310160654163921412e-03 8.310015769806479435e-03 8.310074169594351343e-03 8.310159821282492656e-03 8.310247623137772058e-03 8.310115391156832482e-03 8.310263022862194801e-03 8.310206637460794757e-03 8.296728263853305266e-03 8.309942792500170372e-03
8.309926733274254282e-03 8.309884159346456189e-03 8.309855919287335163e-03 8.309855631933387235e-03 8.309913612320403084e-03 8.310027872645269625e-03 8.296670907879439075e-03 8.296829295247710317e-03 8.309957598224568601e-03 0.000000000000000000e+00 8.296614278998944506e-03 8.296684432524048178e-03 8.309855231544515872e-03 8.309898466348570462e-03 8.310001559513368816e-03 8.309840634370974782e-03 8.309783957559695872e-03 8.296885432670935909e-03 8.309769487067705449e-03 8.310000189822436961e-03 8.296843695530157700e-03 8.309869299914791896e-03 8.309986393408588801e-03 8.296599351765571520e-03 8.296729648003788732e-03 8.296757004583819525e-03 8.309986333981481468e-03 8.310131234642019471e-03 8.309942662474544689e-03 8.310029836822826338e-03 8.309970743761413425e-03 8.309855829719820300e-03 8.309740431974587532e-03 8.309839251611555663e-03 8.296830025429233202e-03 8.309942780020814282e-03 8.310131665364990650e-03 8.296642704248862257e-03 8.296585197396219580e-03 8.296599188661093680e-03 8.296656228539388278e-03 8.296742775489390764e-03 8.296801130699910445e-03 8.310014421064515835e-03 8.309971471281225180e-03 8.310161230743653288e-03 8.309999835903013679e-03 8.309958441581223945e-03 8.310058273984587129e-03 8.310027608710057398e-03 8.310060701407752382e-03 8.309958368737921375e-03 8.310102582065721777e-03 8.309972766823355353e-03 8.309958074620829582e-03 8.310045343197404802e-03 8.310016645391309770e-03 8.310115864600125732e-03 8.310045759269659577e-03 8.309958484457787356e-03 8.310000536855986428e-03 8.309957780921495632e-03 8.310000822918132621e-03 8.310029663572424466e-03 8.296844561103145985e-03 8.310001015951638467e-03 8.310074531071057549e-03 8.309915313841377549e-03 8.309973298840181780e-03 8.310086528603046266e-03 8.310015498437626699e-03 8.310159806898609683e-03 8.310159983428476796e-03 8.309959255165918351e-03 8.309971798056330419e-03 8.310439988270773570e-03 8.309972190055213426e-03 8.310102995028469108e-03 8.310002274838594952e-03 8.310088766620543285e-03 8.310044231381810351e-03 8.310088642868529440e-03 8.310073485124446976e-03 8.310017116833236933e-03 8.310059603504036524e-03 8.310132811209725717e-03 8.296961736723706612e-03 8.310089244778971068e-03 8.310015531094328695e-03 8.309958616807279833e-03 8.310118683471158160e-03 8.310001784525370902e-03 8.309973664779002692e-03 8.310087762192174682e-03 8.310089471350536397e-03 8.310044968279977837e-03 8.310162758290134954e-03 8.310103599002754624e-03 8.310045055673193765e-03 8.310044425654455197e-03
8.309899843395309252e-03 8.309857559930942245e-03 8.309857441195079089e-03 8.309828386695311195e-03 8.309857738880696565e-03 8.309943899211637633e-03 8.309799110831973465e-03 8.309958271689897244e-03 8.309987555111917820e-03 8.296614278998944506e-03 0.000000000000000000e+00 8.296542431559444930e-03 8.296614521177143875e-03 8.296715118519155940e-03 8.309915983569249667e-03 8.309870756400484365e-03 8.309668981818393169e-03 8.309957207927287995e-03 8.309683385362665389e-03 8.309915052937473165e-03 8.296730205482912360e-03 8.309813326568783395e-03 8.296803518090516832e-03 8.296571502084170227e-03 8.296818232024166448e-03 8.296701511070052673e-03 8.309901960726267384e-03 8.310104413743107932e-03 8.309856814623720056e-03 8.309886979250216341e-03 8.309944411962331967e-03 8.309943996440966388e-03 8.309855705999895370e-03 8.309812194184343706e-03 8.309901255429730932e-03 8.309914864488178801e-03 8.310103959751848415e-03 8.309828417219684155e-03 8.309712432889974215e-03 8.296628186204685687e-03 8.309784969295967022e-03 8.309871848315553144e-03 8.309930021065854017e-03 8.309958340030367679e-03 8.310002191559629631e-03 8.310077951775825603e-03 8.309886362527260650e-03 8.309929614470211445e-03 8.310031080399593942e-03 8.309971756147295149e-03 8.309975031584360822e-03 8.309843635756148164e-03 8.309988100163112970e-03 8.309886568129422682e-03 8.309843689017486212e-03 8.309989023546807130e-03 8.309930502951191206e-03 8.310002897842104844e-03 8.309987796222039272e-03 8.309871214019529453e-03 8.309856639037403736e-03 8.309813701113298590e-03 8.309856584186581935e-03 8.309857845062777054e-03 8.309798430782357886e-03 8.309858024454296055e-03 8.309960090124723572e-03 8.309827865722037993e-03 8.309886101656045396e-03 8.310000627455335631e-03 8.309986595263095868e-03 8.309988537478711634e-03 8.309960200584559295e-03 8.309844040891068567e-03 8.309856650704130349e-03 8.310354735361976872e-03 8.309885995933108047e-03 8.309989498312114059e-03 8.310003185891409738e-03 8.310032095952903791e-03 8.309929316093938104e-03 8.309973744348699010e-03 8.309988175269799465e-03 8.309959277930257376e-03 8.310002357906000336e-03 8.310018183172354633e-03 8.309975071518432496e-03 8.310005025222326480e-03 8.309959027008421983e-03 8.309843224637906284e-03 8.310004312236616078e-03 8.309887107155043695e-03 8.309858512313677420e-03 8.309973743181753997e-03 8.310032744760609269e-03 8.310045599205983721e-03 8.310135233674851782e-03 8.309989498089427606e-03 8.310017385735521053e-03 8.309959284569748417e-03
8.309970310310006714e-03 8.309899910011906907e-03 8.309899904056582132e-03 8.309899210781608245e-03 8.309928613721056026e-03 8.309986354920650270e-03 8.309869580992597024e-03 8.310000072277213407e-03 8.310029870677811126e-03 8.296684432524048178e-03 8.296542431559444930e-03 0.000000000000000000e+00 8.296655941465981565e-03 8.296727911291899848e-03 8.309928708020733468e-03 8.309912335813789130e-03 8.296642360544252345e-03 8.310026403063424522e-03 8.309754327660482873e-03 8.310041605071417231e-03 8.309841181318581779e-03 8.296756458481140822e-03 8.296843790507820587e-03 8.296641543179687425e-03 8.296829659136258084e-03 8.296685281547883789e-03 8.309943157683925136e-03 8.310087838565195437e-03 8.309983846868209192e-03 8.309927661778593669e-03 8.309956873843542952e-03 8.296916069349631606e-03 8.309897463822536051e-03 8.309882010145243358e-03 8.309942162522718223e-03 8.310013769127860134e-03 8.310144910341142957e-03 8.309841703164145069e-03 8.309726789161968330e-03 8.296699000507778976e-03 8.309798185683768892e-03 8.296843300671694066e-03 8.309942120323455042e-03 8.309971207784486863e-03 8.310014622871685769e-03 8.310061022594253388e-03 8.309927626850493326e-03 8.309942519313596315e-03 8.310101107842630952e-03 8.310041777974293276e-03 8.310074341126787167e-03 8.309943618343439142e-03 8.310087067391423027e-03 8.309986198833831453e-03 8.309943676118860742e-03 8.310059406733450588e-03 8.310030118198221544e-03 8.310101752498286198e-03 8.310058819034319907e-03 8.309913861783946656e-03 8.309898868534861677e-03 8.309856169402799961e-03 8.309926927028154359e-03 8.309927583514618507e-03 8.296771198997380733e-03 8.309899581905760488e-03 8.310059354612910065e-03 8.309870518039153692e-03 8.309956616013015190e-03 8.310042945793986655e-03 8.310028262767239077e-03 8.310001100670115493e-03 8.310000933573620865e-03 8.309915847016475371e-03 8.296886586474733205e-03 8.310338337093320718e-03 8.309956378824001968e-03 8.296903476147065790e-03 8.310015982594431624e-03 8.310102819821382422e-03 8.310000301429722874e-03 8.310072826925522793e-03 8.310029790227900504e-03 8.310057829143645269e-03 8.310100371599533214e-03 8.310087662880258352e-03 8.310044613630513527e-03 8.296975792959930193e-03 8.310001348513873162e-03 8.309914863458741849e-03 8.310103736809714911e-03 8.309958618180041112e-03 8.309930205152447208e-03 8.310043901070431407e-03 8.310130297494050869e-03 8.310058045557580653e-03 8.310118660246602201e-03 8.310001932819669618e-03 8.310087529263644052e-03 8.310001431254689097e-03
8.310043972821751571e-03 8.310001929599524981e-03 8.310001692888447158e-03 8.309972824180125728e-03 8.310002342534986847e-03 8.310088310857813645e-03 8.309971071661693270e-03 8.310073504658104654e-03 8.310102783051675351e-03 8.309855231544515872e-03 8.296614521177143875e-03 8.296655941465981565e-03 0.000000000000000000e+00 8.296542424387305312e-03 8.309913469751894002e-03 8.309956947588438558e-03 8.296628337830139199e-03 8.309984397107913687e-03 8.296642603083324505e-03 8.310028281590144117e-03 8.296756507698460278e-03 8.296714084179162077e-03 8.296743305774510399e-03 8.296628660463271215e-03 8.296873862601202021e-03 8.296813971266601972e-03 8.310013843530571556e-03 8.310130846604894470e-03 8.309942707124279987e-03 8.309855722705001418e-03 8.310087090986479491e-03 8.310058575130471401e-03 8.309941852648989116e-03 8.296714086879092634e-03 8.310013311231146532e-03 8.310029629089131509e-03 8.310159810319222434e-03 8.309943480041673269e-03 8.309856459072353929e-03 8.309841358235366821e-03 8.296772130010380067e-03 8.310014820547636030e-03 8.310014882628218025e-03 8.310072094639537471e-03 8.310086697096222275e-03 8.310074928822262785e-03 8.296758491789435128e-03 8.309928033258907193e-03 8.310174406854702739e-03 8.310114317206320628e-03 8.310118484451081700e-03 8.309988243534205746e-03 8.310102335396418738e-03 8.310030995829499958e-03 8.309988651602441198e-03 8.310132306548274200e-03 8.310074208069189242e-03 8.310146357459901115e-03 8.310130375318271895e-03 8.309928610862670623e-03 8.309856336602507165e-03 8.296772183777275517e-03 8.309855349178794925e-03 8.296785655935673062e-03 8.309797838709071655e-03 8.296815195477098837e-03 8.310102909701027815e-03 8.309856571069940481e-03 8.309942027050933391e-03 8.310056881899509709e-03 8.310013666435869806e-03 8.296888058550418513e-03 8.296830729350244960e-03 8.309987883359981967e-03 8.309970850305062329e-03 8.310323762101664430e-03 8.309942543574680776e-03 8.296859968397069310e-03 8.310117147726246711e-03 8.310175543507597809e-03 8.309986820855942355e-03 8.310031103827018872e-03 8.310073225933568147e-03 8.310016104810030377e-03 8.310058410943331822e-03 8.310015899078898594e-03 8.310088273346998011e-03 8.310030877812093347e-03 8.310045260289706734e-03 8.309986608490525437e-03 8.310147412202806977e-03 8.310031405558715792e-03 8.310002585166420888e-03 8.310088088450405183e-03 8.310116968989166020e-03 8.310130851682528963e-03 8.310132507620084444e-03 8.309958510599181961e-03 8.310160311608624784e-03 8.310073623052189121e-03
8.310087443555774431e-03 8.310045916194396670e-03 8.310017219014406709e-03 8.310045050679792239e-03 8.310074792503497482e-03 8.310160522127461522e-03 8.309986367771159121e-03 8.310088436695357156e-03 8.310145656352350627e-03 8.309898466348570462e-03 8.296715118519155940e-03 8.296727911291899848e-03 8.296542424387305312e-03 0.000000000000000000e+00 8.296800747290030212e-03 8.310000003904267213e-03 8.296643690079603950e-03 8.296872011840461178e-03 8.296629399581048614e-03 8.310013935950601519e-03 8.296684953550811578e-03 8.296785344123785988e-03 8.296728320589369030e-03 8.296728492514292980e-03 8.296915909706293127e-03 8.309898215817205711e-03 8.297016441394952646e-03 8.310172811836801995e-03 8.309985187264728665e-03 8.296800104334516729e-03 8.310186993752756088e-03 8.310073554576306171e-03 8.296887569875387516e-03 8.296728659194889388e-03 8.309999995714665438e-03 8.310044499202860410e-03 8.310145205206703745e-03 8.310015168989709836e-03 8.309928747070241886e-03 8.309885465795483275e-03 8.296786586087009224e-03 8.310058206870281697e-03 8.310058371806426300e-03 8.310115649982834779e-03 8.310129608726089800e-03 8.310117003797978102e-03 8.296801487115548768e-03 8.309942431372606755e-03 8.310217391569708900e-03 8.310072604781821790e-03 8.310190807783451525e-03 8.310060994614999058e-03 8.310146428712245417e-03 8.310103913023898781e-03 8.310061459487547500e-03 8.310204273941692102e-03 8.310118254820655914e-03 8.310218041291173030e-03 8.310174059946872152e-03 8.310000833043307625e-03 8.309899856700699028e-03 8.296815499468998198e-03 8.296772482217657299e-03 8.296743117134245532e-03 8.296714681612542622e-03 8.296772250223932721e-03 8.310175353499676953e-03 8.309899933996342872e-03 8.309985312595578530e-03 8.310071463505850492e-03 8.309998909695968591e-03 8.310000136753328825e-03 8.296844699194672046e-03 8.310060806962747681e-03 8.310014723273841108e-03 8.310366353202439105e-03 8.309956952618938880e-03 8.296901828037111723e-03 8.310189214374928343e-03 8.310247973687625092e-03 8.310087270854521826e-03 8.310131257670220345e-03 8.310173653385427919e-03 8.310088254527144350e-03 8.310101913278040292e-03 8.310030639427723811e-03 8.310102084944039416e-03 8.310072956954838233e-03 8.310116473591444911e-03 8.310031071319300133e-03 8.310219968552617215e-03 8.310104153264517846e-03 8.310075508151222590e-03 8.310188928710144848e-03 8.310189098512896569e-03 8.310174223606641916e-03 8.310175219534234048e-03 8.310001190396760010e-03 8.310203697841880149e-03 8.310116840470702787e-03
8.310045842420173828e-03 8.310118462262022082e-03 8.310089885082264094e-03 8.310090013778021270e-03 8.310118515752076482e-03 8.310146205920510704e-03 8.310060838374433434e-03 8.310217352813099867e-03 8.310130737709279722e-03 8.310001559513368816e-03 8.309915983569249667e-03 8.309928708020733468e-03 8.309913469751894002e-03 8.296800747290030212e-03 0.000000000000000000e+00 8.310102327464770344e-03 8.309929927296122454e-03 8.296914895881664712e-03 8.296817832135395046e-03 8.296699765064733181e-03 8.296700060530593293e-03 8.310042349250774257e-03 8.296828414452445469e-03 8.310015669804967156e-03 8.296988376933859058e-03 8.296900907526633118e-03 8.309985009770579079e-03 8.296885435189452554e-03 8.296671764492476522e-03 8.296642422276144513e-03 8.310029580041124533e-03 8.310145956787744204e-03 8.310088057240072254e-03 8.310042483810224645e-03 8.310100368528396120e-03 8.309943032263521906e-03 8.296771917238109778e-03 8.310175296087924518e-03 8.310060382976656654e-03 8.310073455161316042e-03 8.310073449648043911e-03 8.310129674514494039e-03 8.310130107658320400e-03 8.296886982262444837e-03 8.310029564448585121e-03 8.296887997619765628e-03 8.310028337165750734e-03 8.296858538452104789e-03 8.310087506998350276e-03 8.296814567932877388e-03 8.310146594001581455e-03 8.310104011656643114e-03 8.310188588735284085e-03 8.310147153214037311e-03 8.310104539729405715e-03 8.310130609567912413e-03 8.310131918448425067e-03 8.310145026903678622e-03 8.310045170624745514e-03 8.310016035257314360e-03 8.309914474751439392e-03 8.309929527855227163e-03 8.296844472988564381e-03 8.296814272639204194e-03 8.296815405464513446e-03 8.296613176722960475e-03 8.310217592004969303e-03 8.309944471069780070e-03 8.310029184626374979e-03 8.310027083134427506e-03 8.296798592010309892e-03 8.310042288171098218e-03 8.296829402990851116e-03 8.310076297186075669e-03 8.296988541544151469e-03 8.310262243477355149e-03 8.296699373908861599e-03 8.296742065758309567e-03 8.310086668622007969e-03 8.310232208922897074e-03 8.310102862651276567e-03 8.310145257859351611e-03 8.310129959366341010e-03 8.310187638248174927e-03 8.310086906092542525e-03 8.310044027374858394e-03 8.296786184197614197e-03 8.296785722372603672e-03 8.309928102557002233e-03 8.310046967936022752e-03 8.310205211955759563e-03 8.310118461627468908e-03 8.310090648954476106e-03 8.310145254785591615e-03 8.310201687764546402e-03 8.310013712808411029e-03 8.310043877662575892e-03 8.309986110406970133e-03 8.310101390469537205e-03 8.296887346475021602e-03
8.296671034594096938e-03 8.296685252925505016e-03 8.296656755942103528e-03 8.296628614240846022e-03 8.309812836682301321e-03 8.296800620998580691e-03 8.296627393373478751e-03 8.296727735950847407e-03 8.309884810003125358e-03 8.309840634370974782e-03 8.309870756400484365e-03 8.309912335813789130e-03 8.309956947588438558e-03 8.310000003904267213e-03 8.310102327464770344e-03 0.000000000000000000e+00 8.309913979444489424e-03 8.296842250542833461e-03 8.309927793588777964e-03 8.310043462050040186e-03 8.310100203920353645e-03 8.296757685448021349e-03 8.296874729835649470e-03 8.309969539750392334e-03 8.309926767550955551e-03 8.296885634985273067e-03 8.309971569037790176e-03 8.310144045975471905e-03 8.309986693218352621e-03 8.310015961574011845e-03 8.309927272585816704e-03 8.296656236525793218e-03 8.296627439658582973e-03 8.309883220585500066e-03 8.296758345326657458e-03 8.309984951302421680e-03 8.310145762674943717e-03 8.296656278829722675e-03 8.309755493749081817e-03 8.296700060435518304e-03 8.296699285367237914e-03 8.309882705300111055e-03 8.309941167311273719e-03 8.309999832015260712e-03 8.296858451292236925e-03 8.296991351322901415e-03 8.296802220581933618e-03 8.309886593513206299e-03 8.309928616947809960e-03 8.309984908539437554e-03 8.310103438611026946e-03 8.309915800481234432e-03 8.310144749433322903e-03 8.309929621133454319e-03 8.309943278536758085e-03 8.310058746386158116e-03 8.310030648898732858e-03 8.297003888662436016e-03 8.310089265903573136e-03 8.310030818982129877e-03 8.310015947377222267e-03 8.310030237197141637e-03 8.310044466157556070e-03 8.310130854096035857e-03 8.310072389166553095e-03 8.310102198895767678e-03 8.310117339416368820e-03 8.310016522170799586e-03 8.310074260033929044e-03 8.310129453970818703e-03 8.310116674377362317e-03 8.310088719639261573e-03 8.310117641875442232e-03 8.310002888859821177e-03 8.310072707648335708e-03 8.310453780306042634e-03 8.310072854732933681e-03 8.310174766683820630e-03 8.310129914154933475e-03 8.310102745430484467e-03 8.310088271907463756e-03 8.310131685530533496e-03 8.310087352730331778e-03 8.310030540139136043e-03 8.310044612180763485e-03 8.310089479177735355e-03 8.310187137646482883e-03 8.310131677068528094e-03 8.310058849341720594e-03 8.310002482985304889e-03 8.310161486958790936e-03 8.310017000106506221e-03 8.310017185447837046e-03 8.310102162970560424e-03 8.310074534287529777e-03 8.310115576728281314e-03 8.310147455259654994e-03 8.310032147840214212e-03 8.310029766831244363e-03 8.310088144353902292e-03
