0.000000000000000000e+00 6.552309485103683870e-03 6.534246685735957232e-03 6.533702120619568759e-03 6.552528626149737266e-03 6.535328472632335149e-03 6.533342528244234955e-03 6.533342016643578151e-03 6.534384930510544337e-03 6.552569379003772218e-03 6.552601253810788270e-03 6.534377162941045272e-03 6.534710702865624207e-03 6.552203070404569694e-03 6.535089951996980381e-03 6.533629516619106001e-03 6.533775680242664627e-03 6.533268434989267757e-03 6.533427211159972825e-03 6.552220645742521180e-03 6.552305780918823118e-03 6.535019385454309514e-03 6.535878465815801903e-03 6.552481965440058384e-03 6.552408321763617503e-03 6.534957246601295899e-03 6.534382318286634933e-03 6.552521635442004090e-03 6.533348065996256657e-03 6.533633721366705581e-03 6.533344432922171159e-03 6.532060104567297652e-03 6.553626906832228996e-03 6.553573438517555638e-03 6.553630468438526209e-03 6.553675904390310163e-03 6.553635483776282418e-03 6.553591199178958153e-03 6.553534163726214626e-03 6.553607028620422360e-03 6.553643964219871103e-03 6.553660162190892875e-03 6.553498472747021700e-03 6.553506274446069778e-03 6.553611810263111799e-03 6.553625882215583127e-03 6.553634838000943832e-03 6.553565051970319452e-03 6.553527334143277247e-03 6.553605911362332496e-03 6.553495421182553571e-03 6.553594109426318093e-03 6.553573385850412422e-03 6.553805030032383919e-03 6.553579407815251535e-03 6.553620711814614648e-03 6.553742010517884728e-03 6.553528869114145540e-03 6.553615975617633170e-03 6.553669845222410105e-03 6.553521724888021656e-03 6.553563372940812877e-03 6.553624094487935786e-03 6.553438292054697238e-03 6.553510541140209270e-03 6.553603174231656739e-03 6.553603679650471178e-03 6.553583068234307071e-03 6.553719905386245527e-03 6.553620515094027779e-03 6.553541796075272076e-03 6.553631564196979800e-03 6.553595799833538543e-03 6.553587246715917268e-03 6.553517939167128638e-03 6.553746195951603952e-03 6.553543328570191236e-03 6.553663662678520935e-03 6.553619138077899919e-03 6.553623429891867504e-03 6.553654383122818096e-03 6.553648307671950876e-03 6.553606809074484507e-03 6.553646552655527022e-03 6.553576104265358693e-03 6.553617530584613868e-03 6.553548097803393174e-03 6.553622857682875509e-03 6.553674841894938097e-03 6.553599967717344855e-03 6.553653392579120683e-03 6.553530806218249398e-03 6.553598022136823513e-03 6.553669850253410895e-03 6.553583823346731917e-03 6.553652673907516685e-03 6.553624933086346985e-03 6.553523476159723964e-03 6.553648324782476546e-03 6.553705969070949301e-03 6.553568292834535333e-03 6.553639411232439586e-03 6.553510314685810634e-03 6.553630962318555096e-03 6.553726282306572386e-03 6.553660008845814920e-03 6.553657491533094667e-03 6.553627576961831847e-03 6.553518746969361729e-03 6.553606997714645291e-03 6.553568711695818665e-03 6.553606225757607068e-03 6.553624418454188916e-03 6.553457426411833306e-03 6.553639598803160694e-03 6.553685011363922890e-03 6.553612707323906370e-03 6.553620412561362261e-03 6.553701905111968332e-03 6.553667917782637214e-03 6.553703553736587965e-03 6.553594072111722235e-03 6.553513639442658072e-03 6.553621223171407495e-03 6.553519740355923974e-03 6.553569379244678604e-03 6.553574149847879275e-03 6.553598276969380479e-03
6.552309485103683870e-03 0.000000000000000000e+00 6.535072227116138673e-03 6.552422451203656489e-03 6.552417052388482058e-03 6.536282808425451611e-03 6.534151590314538766e-03 6.534086507456267692e-03 6.535139880799523300e-03 6.533847908529143156e-03 6.535026894700858742e-03 6.535150730889796589e-03 6.535655141895870511e-03 6.552184043543787459e-03 6.535845899980482696e-03 6.552350253820357281e-03 6.534721029378644762e-03 6.533882933528581231e-03 6.552469655538309401e-03 6.535007662284928083e-03 6.534516164797449754e-03 6.535846995917683061e-03 6.552258966190537340e-03 6.552238325400052549e-03 6.532145828596746390e-03 6.535785375715329193e-03 6.535210180015950561e-03 6.534515429574090997e-03 6.534086269725434409e-03 6.534452496440299081e-03 6.534153387386537788e-03 6.532694882035445898e-03 6.553600409912210649e-03 6.553547175438937528e-03 6.553529492355633472e-03 6.553649403846836981e-03 6.553609005057039159e-03 6.553569635733285000e-03 6.553581087135892415e-03 6.553580528104058570e-03 6.553618279137359698e-03 6.553633738147619965e-03 6.553529257930645370e-03 6.553484275452830729e-03 6.553585600223873868e-03 6.553599663547125462e-03 6.553608833637879043e-03 6.553605907151120388e-03 6.553505627231382552e-03 6.553579633576079103e-03 6.553473896333397025e-03 6.553568315772060476e-03 6.553547291447297564e-03 6.553779320647236221e-03 6.553553156196193288e-03 6.553594669513974035e-03 6.553715627030123891e-03 6.553507159394035379e-03 6.553589954034095069e-03 6.553643659112882817e-03 6.553500219014071065e-03 6.553537028031279459e-03 6.553598092220474201e-03 6.553484015657312298e-03 6.553488073754172583e-03 6.553575924177336941e-03 6.553576885801197342e-03 6.553561848355983835e-03 6.553692520017508939e-03 6.553593717861361419e-03 6.553459313616696175e-03 6.553604523163101582e-03 6.553568748373576718e-03 6.553560215353204828e-03 6.553549741437623630e-03 6.553719067910292358e-03 6.553579442917971745e-03 6.553636899871945892e-03 6.553592374714682471e-03 6.553597099105310311e-03 6.553627111501550417e-03 6.553551027535247861e-03 6.553579766373061714e-03 6.553619527974182714e-03 6.553548896382295832e-03 6.553590486663771544e-03 6.553525270562144886e-03 6.553596061607174297e-03 6.553647530141529752e-03 6.553572932006728434e-03 6.553626117972471098e-03 6.553507748904786358e-03 6.553507375087628574e-03 6.553642794201767867e-03 6.553557002400222167e-03 6.553626078816407290e-03 6.553597856512942584e-03 6.553501532515515829e-03 6.553621441658312279e-03 6.553679335869542003e-03 6.553546965518887435e-03 6.553612582883656598e-03 6.553552123279143653e-03 6.553604081955067932e-03 6.553699550996483318e-03 6.553633081069359240e-03 6.553630310704556226e-03 6.553605695747558198e-03 6.553433429151049767e-03 6.553580147289623029e-03 6.553542037819921548e-03 6.553585230435160329e-03 6.553597968766312377e-03 6.553439865439744487e-03 6.553612513764048991e-03 6.553658382979909471e-03 6.553591384755101147e-03 6.553593998813655834e-03 6.553674717105141545e-03 6.553641026662862697e-03 6.553676676078726455e-03 6.553572923290216547e-03 6.553430142422955219e-03 6.553594393609544523e-03 6.553497640906872854e-03 6.553542707807065437e-03 6.553552396025406727e-03 6.553571449944241810e-03
6.534246685735957232e-03 6.535072227116138673e-03 0.000000000000000000e+00 6.552397009622131820e-03 6.552330383538749678e-03 6.536876712703708174e-03 6.534840375258930793e-03 6.534710177607659480e-03 6.535776651441592595e-03 6.534392984613598097e-03 6.552471396863508886e-03 6.535782008779494889e-03 6.552388283524652676e-03 6.536366454601262067e-03 6.536537114080618466e-03 6.535076841629969616e-03 6.535147292354230933e-03 6.534772857231806696e-03 6.534911225808412785e-03 6.535650801161247206e-03 6.552332432457393802e-03 6.536424953907834547e-03 6.537415603265966241e-03 6.534382242205853501e-03 6.532749638355761501e-03 6.536374618580181178e-03 6.535842288835076556e-03 6.535146428242032471e-03 6.552303645701523273e-03 6.535018957578398596e-03 6.534773264359331098e-03 6.533372667237863883e-03 6.553573049658100586e-03 6.553519630310249144e-03 6.553505788224416560e-03 6.553621964854977090e-03 6.553581391879329497e-03 6.553546285925538825e-03 6.553489416303213272e-03 6.553552910744027751e-03 6.553590434751109875e-03 6.553606262538119731e-03 6.553452142005577845e-03 6.553460012318095863e-03 6.553557991719203071e-03 6.553572072882973658e-03 6.553581000979000898e-03 6.553519879561916193e-03 6.553481677895211209e-03 6.553551881396384171e-03 6.553449254547773738e-03 6.553540546497970201e-03 6.553519568063922128e-03 6.553751584605691134e-03 6.553525595330325117e-03 6.553566863073284100e-03 6.553688142055089268e-03 6.553483158125318099e-03 6.553562187705799444e-03 6.553616031373163571e-03 6.553476912787849565e-03 6.553509514471564205e-03 6.553570252954858330e-03 6.553459851957381573e-03 6.553464478433656572e-03 6.553549436395804569e-03 6.553550215297796952e-03 6.553604818702746422e-03 6.553665903785871848e-03 6.553566817154423373e-03 6.553487867427358442e-03 6.553577580646368327e-03 6.553541838060323796e-03 6.553533311139185004e-03 6.553471940626982503e-03 6.553692279031353429e-03 6.553497774576327699e-03 6.553610251639607233e-03 6.553565442709062029e-03 6.553569813388129828e-03 6.553600716526057808e-03 6.553594116429687332e-03 6.553552884424719907e-03 6.553592853240315652e-03 6.553522135464719296e-03 6.553563605427839035e-03 6.553502763542462875e-03 6.553568941169775862e-03 6.553621127347687009e-03 6.553546036891170178e-03 6.553599463142244404e-03 6.553484986017105683e-03 6.553544090494003473e-03 6.553616164153014921e-03 6.553530095629313615e-03 6.553599008047013806e-03 6.553571398038805264e-03 6.553535554369244176e-03 6.553594780244266157e-03 6.553652472442800248e-03 6.553587701288883342e-03 6.553585962094017094e-03 6.553465367865134693e-03 6.553577414853366603e-03 6.553672146264917682e-03 6.553606429230571240e-03 6.553604081364008613e-03 6.553583301713497913e-03 6.553413588618089286e-03 6.553553258326591177e-03 6.553515340937722707e-03 6.553562366500845920e-03 6.553571024275348447e-03 6.553420144855251830e-03 6.553586309409315143e-03 6.553631528153853851e-03 6.553568823180760602e-03 6.553567332648858705e-03 6.553648141976951488e-03 6.553614622350309449e-03 6.553650094246313285e-03 6.553550072622039459e-03 6.553468001213379017e-03 6.553567936402195093e-03 6.553529794883970923e-03 6.553516099348632301e-03 6.553529404835374203e-03 6.553544763917183540e-03
6.533702120619568759e-03 6.552422451203656489e-03 6.552397009622131820e-03 0.000000000000000000e+00 6.534388900199749294e-03 6.536228537355557450e-03 6.534157273113817659e-03 6.552396618639142779e-03 6.552395685081996261e-03 6.533770153798759694e-03 6.534967273101136356e-03 6.535204475871319099e-03 6.535728671894884545e-03 6.535672644494549058e-03 6.535844492426183018e-03 6.534517659043032056e-03 6.534588366797546358e-03 6.534228832134128528e-03 6.552471765382597395e-03 6.552393561874828888e-03 6.534387066657980359e-03 6.535784318523430933e-03 6.536772789055920151e-03 6.533693669374930624e-03 6.552704687722567603e-03 6.535843793848937489e-03 6.535079134579372881e-03 6.534445393638657097e-03 6.534161988331363066e-03 6.552426274637774412e-03 6.534026248355768313e-03 6.552567550368314751e-03 6.553518294627782605e-03 6.553470688608978474e-03 6.553443395170550738e-03 6.553632760780472681e-03 6.553593681569148260e-03 6.553625895121497312e-03 6.553501131949703538e-03 6.553564527215254530e-03 6.553532915147865408e-03 6.553617760442813182e-03 6.553401607367658269e-03 6.553407234498495083e-03 6.553504876482034447e-03 6.553516330891042546e-03 6.553592670877616926e-03 6.553458036799736722e-03 6.553489078426906478e-03 6.553563282902291100e-03 6.553398395120126063e-03 6.553489849309670351e-03 6.553472417519414298e-03 6.553672431083688681e-03 6.553478009038723497e-03 6.553511849432849291e-03 6.553618197233179211e-03 6.553429342130210819e-03 6.553509741739408506e-03 6.553480729870607945e-03 6.553494287716013326e-03 6.553463604141982791e-03 6.553581274484626164e-03 6.536221399704042478e-03 6.553475445293282728e-03 6.553563195731633255e-03 6.553564224605728551e-03 6.553548642256381077e-03 6.553679988831828673e-03 6.553580804312023056e-03 6.553446552542885675e-03 6.553592037731930872e-03 6.553555857099770468e-03 6.553547346553409078e-03 6.553482909811994203e-03 6.553705984127345535e-03 6.553508715883954103e-03 6.553552350240201239e-03 6.553579643281005201e-03 6.553583452228472529e-03 6.553614627636835874e-03 6.553538113146804671e-03 6.553566637565804223e-03 6.553606770712048016e-03 6.553536020686236141e-03 6.553577337845874207e-03 6.553512837373652242e-03 6.553582894137628158e-03 6.553634744435353661e-03 6.553560035641226890e-03 6.553613345109660267e-03 6.553495325670987033e-03 6.553494938585578168e-03 6.553630018912190783e-03 6.553544152680173748e-03 6.553613113488132753e-03 6.553585607006699038e-03 6.553489590021519505e-03 6.553609196296205155e-03 6.553667087155014975e-03 6.553535064279475929e-03 6.553600332483995768e-03 6.553539706139505962e-03 6.553591834369767825e-03 6.553687302373070907e-03 6.553620832350830205e-03 6.553618062000155647e-03 6.553593731369903794e-03 6.553420872996488372e-03 6.553567897041880606e-03 6.553529431316851804e-03 6.553572501146799970e-03 6.553585710939047876e-03 6.553427935313351632e-03 6.553600265583635516e-03 6.553646137048684678e-03 6.553579444451953888e-03 6.553581557555310244e-03 6.553662469334586849e-03 6.553628775384782133e-03 6.553664428104358231e-03 6.553560519941216758e-03 6.553417373984551410e-03 6.553582146636686805e-03 6.553485687594505157e-03 6.553530459656370377e-03 6.553539960886798667e-03 6.553559199489150493e-03
6.552528626149737266e-03 6.552417052388482058e-03 6.552330383538749678e-03 6.534388900199749294e-03 0.000000000000000000e+00 6.552347734303077577e-03 6.534223945338722694e-03 6.534233652144520212e-03 6.552273863843560003e-03 6.533700517475813860e-03 6.534909978402538011e-03 6.535273981881034241e-03 6.535664742135456444e-03 6.535664829709987404e-03 6.535903221760059126e-03 6.534445880617326292e-03 6.552422828698813151e-03 6.534227167111535638e-03 6.534299702531430089e-03 6.535141721628164729e-03 6.534522448268530008e-03 6.535849777384248813e-03 6.536770794133765598e-03 6.533769211278708973e-03 6.532326132881362789e-03 6.535970670985013532e-03 6.535208385009296829e-03 6.534382127759862623e-03 6.552327924219674901e-03 6.552356559379964723e-03 6.534163622236250323e-03 6.552486982507749365e-03 6.553593666467107982e-03 6.553472629507349316e-03 6.553521945131138803e-03 6.553562571539327773e-03 6.553525929034557766e-03 6.553633832252698729e-03 6.553433741654681247e-03 6.553572642019302001e-03 6.553533342283397213e-03 6.553625859023573183e-03 6.553468468689531423e-03 6.553477218129480017e-03 6.553577656213184152e-03 6.553518169833333525e-03 6.553526817930459096e-03 6.553459039542141457e-03 6.553498272753699450e-03 6.553572559923582889e-03 6.553461282486962650e-03 6.553490721983233104e-03 6.553473336506888090e-03 6.553672440958301093e-03 6.553545071076163214e-03 6.553512827565761631e-03 6.553618481824869703e-03 6.553558883053419576e-03 6.553582905251282426e-03 6.534320095259775474e-03 6.553494982734682679e-03 6.553465518850723308e-03 6.553515841740140471e-03 6.553345228026538107e-03 6.553484293377005027e-03 6.553571930389672645e-03 6.553572215731189553e-03 6.553477322453867687e-03 6.553688477666908853e-03 6.553589261034637771e-03 6.553454829630237129e-03 6.553600534565355226e-03 6.553564584248472956e-03 6.553556067984339824e-03 6.553491105102563635e-03 6.553714767327451993e-03 6.553517131527986442e-03 6.553632028149142079e-03 6.553588105874133193e-03 6.553592311236637602e-03 6.553622819207107798e-03 6.553546619706704726e-03 6.553575558077351544e-03 6.553615226142120269e-03 6.553544709438779980e-03 6.553586303922244276e-03 6.553521512553312812e-03 6.553591834812193435e-03 6.553643195113946322e-03 6.553568505066969217e-03 6.553621801714054444e-03 6.553503717774282304e-03 6.553502948789760411e-03 6.553638478644743283e-03 6.553552364388614583e-03 6.553621276296978278e-03 6.553595045183728020e-03 6.553498513027175912e-03 6.553618207343679322e-03 6.553676191344648926e-03 6.553543305033287039e-03 6.553609568382539989e-03 6.553484657566431906e-03 6.553601050368742208e-03 6.553696072980756335e-03 6.553629857297210703e-03 6.553627282519872317e-03 6.553603320695744125e-03 6.553485786603091209e-03 6.553576870612328950e-03 6.553538513070453556e-03 6.553658655853482166e-03 6.553594015930728350e-03 6.553437237612073744e-03 6.553609736286967330e-03 6.553654881962809112e-03 6.553589004490482928e-03 6.553590085639692149e-03 6.553671756667479170e-03 6.553637813385631596e-03 6.553673182558276966e-03 6.553636483599434640e-03 6.553488931734789691e-03 6.553591129770787969e-03 6.553494596275731034e-03 6.553539401871465511e-03 6.553548988118003404e-03 6.553568359002654928e-03
6.535328472632335149e-03 6.536282808425451611e-03 6.536876712703708174e-03 6.536228537355557450e-03 6.552347734303077577e-03 0.000000000000000000e+00 6.535974147162098430e-03 6.535908575729558641e-03 6.552275839991787698e-03 6.535574545535279001e-03 6.552405818727595130e-03 6.536979770212158862e-03 6.537421549887311757e-03 6.537477176834474019e-03 6.537677472008778835e-03 6.536287292135599565e-03 6.536348019130919056e-03 6.535969470460471775e-03 6.536096253664868544e-03 6.552217574928157970e-03 6.536226062971843900e-03 6.537570544308916008e-03 6.538568856881244590e-03 6.535504347442135965e-03 6.552488198568492787e-03 6.537571223870303205e-03 6.536983140728173589e-03 6.536228528733544624e-03 6.535915568956315001e-03 6.536234565222918090e-03 6.535916812845937382e-03 6.534573031493083432e-03 6.553456052262651710e-03 6.553408058111269419e-03 6.553394572754506729e-03 6.553500483293705700e-03 6.553522135629913543e-03 6.553493282967745234e-03 6.553436644758019701e-03 6.553440268282180979e-03 6.553531208210006120e-03 6.553487644216595201e-03 6.553347703671960275e-03 6.553354360189388682e-03 6.553443256597295437e-03 6.553455120614444344e-03 6.553464539762752020e-03 6.553466901453128268e-03 6.553373665366798474e-03 6.553438967320427723e-03 6.553345807253418975e-03 6.553427543016262721e-03 6.553459934352012621e-03 6.553613927516280593e-03 6.553415657553368460e-03 6.553506918618770202e-03 6.553558444088051181e-03 6.537749828423984610e-03 6.553502397485787452e-03 6.553557041809252894e-03 6.553369698326757392e-03 6.553449558168061503e-03 6.553453850179412864e-03 6.553301791990591256e-03 6.553413908492859187e-03 6.553492444800907216e-03 6.553492302811513882e-03 6.553489283057996329e-03 6.553609496711585228e-03 6.553510055785462425e-03 6.553431345460708837e-03 6.553520985320287345e-03 6.553485270891253392e-03 6.553476770764704584e-03 6.553421008378633970e-03 6.553635927685262305e-03 6.553447111096035588e-03 6.553553019460924348e-03 6.553508683340258933e-03 6.553455860270710268e-03 6.553543911690319808e-03 6.553537762009316661e-03 6.553496353345362319e-03 6.553536041046567617e-03 6.553465571607055597e-03 6.553506860643343659e-03 6.553452122618408024e-03 6.553512207570577099e-03 6.553564491976026328e-03 6.553489488839814997e-03 6.553542491968612424e-03 6.553434538173363855e-03 6.553487355034546234e-03 6.553559562171282216e-03 6.553473363397874056e-03 6.553542006448375562e-03 6.553392837003448219e-03 6.553311036235205840e-03 6.553475576457033595e-03 6.553518515980328273e-03 6.553467179245251774e-03 6.553403781045245152e-03 6.553301353313082007e-03 6.553399328191093776e-03 6.553469670152370363e-03 6.553485322081893660e-03 6.553417133666315612e-03 6.553389602586330402e-03 6.538025311057526351e-03 6.553437284945728969e-03 6.553346685690232716e-03 6.553507189749188666e-03 6.553507506674616408e-03 6.553258834094067425e-03 6.553403525850486598e-03 6.553440455827266344e-03 6.553380032440225995e-03 6.553503690864130246e-03 6.553451467612402860e-03 6.553491370858068911e-03 6.553523571523193689e-03 6.536096588444962815e-03 6.553303588849527204e-03 6.553450250204968450e-03 6.553310269051118749e-03 6.553399165693643384e-03 6.553473166448873545e-03 6.553373590862241437e-03
6.533342528244234955e-03 6.534151590314538766e-03 6.534840375258930793e-03 6.534157273113817659e-03 6.534223945338722694e-03 6.535974147162098430e-03 0.000000000000000000e+00 6.533676457462636762e-03 6.534902746041462533e-03 6.552582934703313385e-03 6.552619546326412907e-03 6.534844126467517604e-03 6.535172920464377144e-03 6.535418977053399428e-03 6.552408509118225893e-03 6.533954560326532372e-03 6.534224856050941006e-03 6.533653645660260877e-03 6.552521039426643761e-03 6.534835816447532968e-03 6.534166465148140597e-03 6.552416820374870610e-03 6.536395499123218850e-03 6.552506299063094210e-03 6.531654561144888821e-03 6.552351100555324145e-03 6.552374365846825623e-03 6.534162147823275799e-03 6.533733881918886779e-03 6.552326912717053656e-03 6.533591326459371740e-03 6.552462402640640664e-03 6.553613296058397215e-03 6.553560010439351581e-03 6.553616758066029176e-03 6.553661534379736330e-03 6.553621668540321119e-03 6.553580493210402029e-03 6.553593613627731011e-03 6.553593426312378546e-03 6.553630454124998415e-03 6.553646346440777752e-03 6.553487408103602328e-03 6.553555214556912138e-03 6.553598703119496542e-03 6.553612550509979075e-03 6.553621042649698802e-03 6.553553946365472255e-03 6.553580119547516673e-03 6.553592548033247700e-03 6.553484047178303844e-03 6.553580713943615854e-03 6.553559920645969650e-03 6.553790703390588272e-03 6.553566183153029454e-03 6.553606825092211582e-03 6.553728266117090154e-03 6.553518483329066370e-03 6.553602878444925693e-03 6.553579308821646555e-03 6.553586594686855449e-03 6.553549653160191391e-03 6.553610288556757993e-03 6.553491684924131998e-03 6.553559157964052896e-03 6.553589235090685056e-03 6.553589085393817307e-03 6.553571693531587417e-03 6.553705808232106189e-03 6.553606594380687912e-03 6.553528084699902778e-03 6.553617658974411793e-03 6.553581855204155919e-03 6.553573502475327876e-03 6.553506646994651172e-03 6.553732438305334349e-03 6.553531538127549058e-03 6.553649815326112113e-03 6.553605443431785756e-03 6.553609570571810455e-03 6.553640460393275052e-03 6.553634566164613477e-03 6.553592910560976023e-03 6.553632663760165095e-03 6.553562333174972609e-03 6.553603837621903988e-03 6.553602597739665442e-03 6.553608977920762427e-03 6.553660741841468677e-03 6.553586248121081974e-03 6.553639756819744019e-03 6.553580881850437981e-03 6.553584419916686811e-03 6.553655985352319947e-03 6.553569885237087167e-03 6.553638805781540101e-03 6.553539233446914296e-03 6.553442731747728851e-03 6.553560094073575260e-03 6.553609986247922042e-03 6.553553197739089148e-03 6.553551509811034875e-03 6.553497882101051199e-03 6.553545212417881058e-03 6.553707155210673936e-03 6.553568864360501643e-03 6.553638404040634802e-03 6.553612148757848380e-03 6.553374882635382148e-03 6.553523531216838213e-03 6.553488784947724549e-03 6.553591071062530964e-03 6.553539165685439913e-03 6.535575706971188253e-03 6.553551735554749395e-03 6.553591695040474931e-03 6.553593588098602721e-03 6.553535654540389860e-03 6.553604788716869793e-03 6.553649543081589181e-03 6.553607571965582891e-03 6.553504802193796559e-03 6.553498221789461411e-03 6.553536009679611710e-03 6.553504349349118137e-03 6.553551036131701271e-03 6.553555077014252585e-03 6.553516409943304678e-03
6.533342016643578151e-03 6.534086507456267692e-03 6.534710177607659480e-03 6.552396618639142779e-03 6.534233652144520212e-03 6.535908575729558641e-03 6.533676457462636762e-03 0.000000000000000000e+00 6.534713998138116584e-03 6.533274905225153889e-03 6.534670186841558953e-03 6.534707714308298117e-03 6.535303463590080505e-03 6.535359286213370845e-03 6.552417074503024026e-03 6.534169224149169973e-03 6.552682600012646984e-03 6.533660669530682794e-03 6.552528423942050907e-03 6.534706326921413053e-03 6.552325859942129994e-03 6.552224110205999430e-03 6.536400925479736619e-03 6.533265634878746703e-03 6.552443863580860277e-03 6.535353218880531577e-03 6.552311041248149760e-03 6.534022056525061115e-03 6.533671589816283064e-03 6.534027802602526518e-03 6.552241217660359669e-03 6.532283384566297917e-03 6.553615336053629850e-03 6.553561777365699004e-03 6.553540818184730096e-03 6.553663652123282828e-03 6.553623444384509833e-03 6.553581291097704264e-03 6.553595676833802279e-03 6.553594750093836262e-03 6.553632508649553240e-03 6.553648448292063652e-03 6.553489411354380262e-03 6.553556333446980409e-03 6.553600468993179932e-03 6.553614315071147264e-03 6.553622614922628709e-03 6.553555775000262720e-03 6.553581963639996087e-03 6.553594096191341610e-03 6.553549745680171783e-03 6.553582523659335149e-03 6.553561693306902622e-03 6.553793226489267910e-03 6.553567957318488096e-03 6.553608879445719203e-03 6.553730059248616228e-03 6.553520009805404931e-03 6.553604639248263898e-03 6.553581420756406442e-03 6.553512135104157948e-03 6.553551427093485052e-03 6.553612097713853828e-03 6.553558039792446374e-03 6.553500140960668782e-03 6.553590165562402960e-03 6.553590926607609848e-03 6.553573301971801768e-03 6.553706761349943448e-03 6.553607760257811922e-03 6.553471894352354277e-03 6.553618792834492272e-03 6.553582802993880227e-03 6.553574479433660685e-03 6.553507857732050398e-03 6.553733345987249222e-03 6.553533409864619082e-03 6.553651133211047843e-03 6.553606834452217408e-03 6.553610925253389174e-03 6.553641587576247013e-03 6.553563257413847279e-03 6.553594259803096830e-03 6.553633772750610577e-03 6.553563333722244380e-03 6.553604753754490447e-03 6.553603528182702295e-03 6.553610568149554824e-03 6.553661773767655539e-03 6.553587196484331884e-03 6.553640575516859329e-03 6.553581859495768124e-03 6.553519940095381587e-03 6.553657038975437520e-03 6.553571075683314005e-03 6.553640122985526610e-03 6.553612790749559908e-03 6.553514442618768761e-03 6.553636175719258425e-03 6.553694150663366864e-03 6.553559274473821743e-03 6.553627535200914206e-03 6.553566885046845959e-03 6.553618798511890928e-03 6.553713805865142052e-03 6.553647851490927365e-03 6.553644788852180589e-03 6.553617583187474303e-03 6.553443407237397392e-03 6.553595061829606272e-03 6.553556291456750539e-03 6.553677886650446580e-03 6.553612713091243498e-03 6.553449538637420510e-03 6.553627229787669164e-03 6.553672851935105764e-03 6.553603216082839848e-03 6.553608469226097043e-03 6.553689191738997638e-03 6.553656077201984974e-03 6.553691412409950318e-03 6.553585094399375262e-03 6.553506026273048582e-03 6.553609328807924635e-03 6.553510804276763482e-03 6.553557370552208494e-03 6.553633011339029223e-03 6.553586335624854431e-03
6.534384930510544337e-03 6.535139880799523300e-03 6.535776651441592595e-03 6.552395685081996261e-03 6.552273863843560003e-03 6.552275839991787698e-03 6.534902746041462533e-03 6.534713998138116584e-03 0.000000000000000000e+00 6.534384364177046010e-03 6.535720598358200732e-03 6.535902085310757274e-03 6.536287467386469804e-03 6.536425977564627558e-03 6.536478488142387702e-03 6.535200893026599407e-03 6.552395101027773741e-03 6.534839252021514520e-03 6.534775092126039048e-03 6.535778477894254451e-03 6.535208423663111353e-03 6.536485363962728744e-03 6.537469276071228123e-03 6.534518086002073962e-03 6.532835811780372814e-03 6.536598138775058520e-03 6.535840071437911368e-03 6.552332344304345572e-03 6.534641542538154046e-03 6.534951260910572442e-03 6.552438406976104565e-03 6.552375350074168478e-03 6.553495966006618774e-03 6.553448894524913255e-03 6.553498583870852323e-03 6.553613997291039481e-03 6.553502075304510135e-03 6.535011319128992621e-03 6.553413819694224075e-03 6.553479422141216156e-03 6.553510869726025811e-03 6.553525472945458119e-03 6.553445115870610606e-03 6.553452955832745827e-03 6.553550249671963659e-03 6.553564938911780359e-03 6.553503227459174345e-03 6.553512717777254352e-03 6.553474055641640705e-03 6.553478579565502095e-03 6.553499857938035675e-03 6.553467636976519593e-03 6.553450248194756141e-03 6.553650927499131591e-03 6.553456173306547103e-03 6.553489446549998383e-03 6.553594864853803416e-03 6.553465417028105262e-03 6.553487755319566642e-03 6.553608217686577794e-03 6.553471241153837300e-03 6.553442073627330396e-03 6.553562687430711936e-03 6.553452769860031168e-03 6.553460300294630843e-03 6.553544016876924894e-03 6.553544839168313520e-03 6.553534030262732173e-03 6.553660784129641641e-03 6.553561854102175552e-03 6.553431142814887707e-03 6.553572819919076774e-03 6.553536898283103714e-03 6.553528388986298338e-03 6.553467200010640314e-03 6.553686803373066395e-03 6.553493413634220270e-03 6.553605184195685288e-03 6.553560679167059339e-03 6.553564957568767772e-03 6.553595461947179894e-03 6.553523607477164392e-03 6.553548112666348659e-03 6.553587838584212961e-03 6.553517027704508849e-03 6.553558388336574829e-03 6.553497384220537472e-03 6.553564384031838018e-03 6.553615825391052863e-03 6.553540847465364437e-03 6.553594441618688926e-03 6.553479646145461864e-03 6.553479790684954218e-03 6.553611103707220747e-03 6.553524943464300416e-03 6.553594168882062240e-03 6.553567582812047480e-03 6.553474603965012656e-03 6.553590759497338915e-03 6.553648508558008665e-03 6.553519503216847369e-03 6.553582134126681620e-03 6.553460422236859727e-03 6.553573571598999073e-03 6.553668597681100265e-03 6.553602388779914030e-03 6.553599796287247307e-03 6.553580306401661677e-03 6.553521358996521398e-03 6.553549412917930410e-03 6.553511045360059170e-03 6.553630999557386906e-03 6.553566344964046296e-03 6.553417229987244276e-03 6.553582288112357393e-03 6.553627459613624306e-03 6.553565771625271402e-03 6.553562461655798414e-03 6.553644321413404535e-03 6.553610372981188981e-03 6.553645798462257553e-03 6.553608695975141063e-03 6.553465645771812398e-03 6.553563696587552494e-03 6.553470563875172725e-03 6.553511701237620633e-03 6.553525230056409835e-03 6.553540887022182328e-03
6.552569379003772218e-03 6.533847908529143156e-03 6.534392984613598097e-03 6.533770153798759694e-03 6.533700517475813860e-03 6.535574545535279001e-03 6.552582934703313385e-03 6.533274905225153889e-03 6.534384364177046010e-03 0.000000000000000000e+00 6.534082047588586802e-03 6.552361944167930073e-03 6.552515076534102048e-03 6.534897433375565050e-03 6.535023471955046272e-03 6.533775071838021989e-03 6.552534567311466517e-03 6.552514065787098593e-03 6.533355251311612384e-03 6.534381220953793153e-03 6.552380220545336344e-03 6.534959232685619811e-03 6.535946278753763938e-03 6.532807706092659886e-03 6.552684919227072524e-03 6.534964673808880964e-03 6.534315025471210819e-03 6.533626948474795075e-03 6.533353080153588184e-03 6.552315216684744328e-03 6.552444093917126830e-03 6.552700777658557185e-03 6.553538319504653015e-03 6.553492477637509576e-03 6.533939459846598193e-03 6.553665007351735725e-03 6.553545526439723441e-03 6.553580974352091019e-03 6.553523787819433288e-03 6.553523766650326023e-03 6.553633566512918722e-03 6.553649683833834109e-03 6.553419802105732092e-03 6.553424089975187425e-03 6.553526202887762636e-03 6.553538228913932326e-03 6.553624270756150220e-03 6.553474267233311973e-03 6.553516487036307667e-03 6.553522382180407974e-03 6.553481582712569059e-03 6.553583643623043728e-03 6.553494165519333468e-03 6.553793837996610069e-03 6.553500157963994613e-03 6.553532218927182740e-03 6.553636290632782434e-03 6.553447033529910190e-03 6.553530569867546500e-03 6.553580572986201710e-03 6.553590181986435233e-03 6.553485816540995795e-03 6.553613587031411128e-03 6.553356839944770619e-03 6.553503445020286700e-03 6.553595732464717084e-03 6.553596472867035533e-03 6.553651161539572265e-03 6.553711951498653564e-03 6.553613608262537360e-03 6.553474774731012954e-03 6.553624080756907319e-03 6.553588131377271857e-03 6.553579869799855753e-03 6.553511289393591267e-03 6.553737812074960679e-03 6.553536884131885322e-03 6.553656403311060481e-03 6.553612179663798921e-03 6.553615862618443304e-03 6.553646869137259336e-03 6.553565417844979014e-03 6.553599074413311680e-03 6.553639321734313662e-03 6.553568259894780243e-03 6.553609530893647790e-03 6.553540359734310976e-03 6.553615353753318787e-03 6.553667608630940784e-03 6.553592288550763589e-03 6.553565672295727680e-03 6.553523171054713263e-03 6.553522408603619682e-03 6.553662890088759671e-03 6.553576663292557357e-03 6.553645653891927020e-03 6.553619398014960511e-03 6.553583444198402864e-03 6.553642822193032555e-03 6.553700630362839161e-03 6.553635305830087313e-03 6.553633653630659694e-03 6.553503925938097482e-03 6.553625441291883666e-03 6.553719759023822478e-03 6.553654266237705396e-03 6.553651427699824956e-03 6.553704083399126620e-03 6.553445897469177724e-03 6.553601199598814951e-03 6.553562793774837282e-03 6.553683392864439149e-03 6.553618811129533969e-03 6.553522419302288196e-03 6.553634361588724262e-03 6.553678987402200215e-03 6.553607715413252433e-03 6.553615072646474388e-03 6.553695653219880103e-03 6.553662199633189349e-03 6.553697556983896326e-03 6.553589650334600697e-03 6.553509043409380154e-03 6.553615652187959502e-03 6.553577465512341882e-03 6.553563879812783488e-03 6.553568750292753341e-03 6.553592692668612149e-03
6.552601253810788270e-03 6.535026894700858742e-03 6.552471396863508886e-03 6.534967273101136356e-03 6.534909978402538011e-03 6.552405818727595130e-03 6.552619546326412907e-03 6.534670186841558953e-03 6.535720598358200732e-03 6.534082047588586802e-03 0.000000000000000000e+00 6.535711704320885072e-03 6.552549022010535282e-03 6.536171065025042116e-03 6.536343322922926261e-03 6.552570907324584137e-03 6.552638561769020577e-03 6.534610018165304922e-03 6.534821169440385019e-03 6.552406323781755082e-03 6.534839309577665338e-03 6.536279926326694044e-03 6.537311109883428388e-03 6.534071672087837443e-03 6.552716113472522273e-03 6.552378358874770374e-03 6.535711230782127387e-03 6.534962757769209422e-03 6.534612698950593990e-03 6.552503810251726277e-03 6.534744349710434538e-03 6.533308779038053508e-03 6.553569760659265150e-03 6.553516388445993802e-03 6.553500693387997490e-03 6.553619400083444783e-03 6.553577851021186347e-03 6.553542816305928109e-03 6.553485324336511160e-03 6.553549667879817950e-03 6.553587399121835015e-03 6.553603945740440681e-03 6.553448495594931325e-03 6.553456321498526624e-03 6.553555404467353677e-03 6.553568936382405709e-03 6.553578190176039854e-03 6.553515388046631494e-03 6.553478001257860737e-03 6.553549492678547791e-03 6.553503743669752968e-03 6.553537532578068356e-03 6.553516577312729421e-03 6.553748746102102708e-03 6.553522989474207423e-03 6.553563407400762528e-03 6.553685035093616447e-03 6.553535382148898553e-03 6.553558576928182437e-03 6.553540801852541023e-03 6.553472759786941985e-03 6.553505973435748942e-03 6.553567651660889039e-03 6.553394856340411488e-03 6.553390965607704989e-03 6.553345294617885126e-03 6.553346129066905425e-03 6.553457017053499617e-03 6.553421062208842490e-03 6.553430204943238441e-03 6.537631856950400742e-03 6.553435715859342106e-03 6.553343827327134420e-03 6.553339938021420126e-03 6.553337502746175644e-03 6.553437165324525401e-03 6.553482395056614389e-03 6.553455398935784278e-03 6.553491170929261027e-03 6.553491184088936633e-03 6.553382072547245078e-03 6.535068261690979430e-03 6.553348856356157499e-03 6.553446927853550166e-03 6.553333713117423347e-03 6.553359324703049091e-03 6.553290812170152121e-03 6.553428840947810551e-03 6.553394164140117877e-03 6.553348007207620424e-03 6.553454045352997623e-03 6.553284219042910912e-03 6.536256810284167725e-03 6.553460268397199966e-03 6.553396548908832844e-03 6.553511695179451042e-03 6.553503383815534496e-03 6.553469968298111098e-03 6.553589258485026207e-03 6.553574724863265276e-03 6.553514689435016756e-03 6.553516181507946375e-03 6.553399896844024942e-03 6.553571531698364379e-03 6.553665895361780562e-03 6.553600061705041821e-03 6.553530878710690268e-03 6.553501532644720635e-03 6.553401795560204884e-03 6.553487579386024602e-03 6.553452055365979571e-03 6.553558582883505478e-03 6.553565020580390602e-03 6.553534475687592363e-03 6.553516037574512627e-03 6.553626274375986237e-03 6.553631619164473031e-03 6.553499089548901237e-03 6.553571185422457993e-03 6.553539002006265532e-03 6.553572633490212240e-03 6.553538953932522629e-03 6.536651605432821158e-03 6.553500653265907812e-03 6.553465455890745799e-03 6.553456083385985655e-03 6.553455958479615685e-03 6.553480510324044724e-03
6.534377162941045272e-03 6.535150730889796589e-03 6.535782008779494889e-03 6.535204475871319099e-03 6.535273981881034241e-03 6.536979770212158862e-03 6.534844126467517604e-03 6.534707714308298117e-03 6.535902085310757274e-03 6.552361944167930073e-03 6.535711704320885072e-03 0.000000000000000000e+00 6.552450685791425845e-03 6.536430070944255002e-03 6.536601821796247762e-03 6.535210817562022920e-03 6.535276882661963070e-03 6.534654920696191145e-03 6.552514449012705224e-03 6.535895287471669632e-03 6.535074797670641436e-03 6.536366528922443221e-03 6.552310314523785047e-03 6.534253402121085845e-03 6.552575388009964155e-03 6.536427084533634468e-03 6.535781166842716781e-03 6.535079127175396144e-03 6.552442730163220153e-03 6.535148306953500984e-03 6.552308022922800554e-03 6.533449505338010353e-03 6.553570339594846049e-03 6.553516887112707627e-03 6.553573607110440083e-03 6.553618968727545867e-03 6.553578612499332511e-03 6.553544121340567491e-03 6.553550809032061830e-03 6.553550617227312663e-03 6.553587668292333406e-03 6.553603577869187256e-03 6.553499251355750406e-03 6.553457278035872483e-03 6.553555521242303630e-03 6.553569346445772652e-03 6.553578438977789890e-03 6.553575908246033789e-03 6.553479580064736770e-03 6.553549754753933490e-03 6.553446908676143108e-03 6.553537760881876506e-03 6.553516990029484290e-03 6.553748549476686239e-03 6.553523076875458590e-03 6.553564316118364562e-03 6.553685250438413129e-03 6.553480791487377791e-03 6.553559884177872011e-03 6.553543642952503953e-03 6.553474210300990269e-03 6.553506730474108893e-03 6.553567688393238840e-03 6.553397998199248821e-03 6.553461658626622000e-03 6.553546024865397439e-03 6.553546932089595982e-03 6.553601814549908471e-03 6.553662401525816097e-03 6.553563815684873908e-03 6.553432814872950027e-03 6.553574388965378514e-03 6.553538624921913074e-03 6.553530103049869972e-03 6.553520152551692811e-03 6.553688976967584311e-03 6.553549571255740287e-03 6.553606799579996846e-03 6.553562472537904394e-03 6.553567209872953811e-03 6.553597260102114741e-03 6.553525137954445759e-03 6.553549660976178831e-03 6.553589652203106047e-03 6.553518780368244347e-03 6.553560381915781927e-03 6.553499581235388768e-03 6.553565942955523471e-03 6.553617669738444687e-03 6.553542822678205815e-03 6.553596536866821906e-03 6.553481826871410641e-03 6.553481350306390556e-03 6.553612930267298416e-03 6.553527079136170670e-03 6.553596186493683418e-03 6.553492585497224659e-03 6.553529390958270744e-03 6.553514743976741191e-03 6.553563833735730725e-03 6.553582580871287339e-03 6.553579256919002047e-03 6.553519573652646923e-03 6.553498785117750809e-03 6.553579492209950230e-03 6.553600155315562198e-03 6.553596735982714951e-03 6.533904653376405164e-03 6.553340256403924514e-03 6.553476720889246654e-03 6.553443792918777454e-03 6.553555801275981300e-03 6.553493138999789622e-03 6.553413847089155017e-03 6.553505295338241110e-03 6.553625296386127869e-03 6.553481264050108925e-03 6.553489163035565099e-03 6.553641066076499981e-03 6.553607694637728770e-03 6.553643505208394705e-03 6.553464485942334279e-03 6.553337136505773923e-03 6.553561635875788070e-03 6.553523221603781666e-03 6.553447076551110508e-03 6.553446786344859117e-03 6.553470332311238898e-03
