0.000000000000000000e+00 1.483827722662131240e-02 1.516389770007236897e-02 1.433546495224213499e-02 1.606516559648975273e-02 1.733170467736159029e-02 1.768285364354077113e-02 1.698429849257191565e-02 1.693815632861609896e-02 1.650373630523383622e-02 1.655332749327689812e-02 1.713253714471286299e-02 1.609754661098005205e-02 1.598723571258199236e-02 1.695940351265735543e-02 1.747036718822297940e-02 1.718343192167855887e-02 1.753692778995320084e-02 1.701324335470383309e-02 1.689330181470976439e-02 1.604794376220819788e-02 1.685958419708162223e-02 1.707735955170949782e-02 1.712950476405451089e-02 1.692427471783072845e-02 1.679633850476059537e-02 1.478059397509696310e-02 1.712026734363893132e-02 1.633135834747571555e-02 1.666282961905907536e-02 1.660184570171127638e-02 1.621194706181784684e-02 1.549589878534879048e-02 1.692341292856787069e-02 1.701428580168970819e-02 1.700462819694040922e-02 1.689494887876503287e-02 1.693122747541400339e-02 1.612525088397184087e-02 1.684790557670289360e-02 1.728509039003273129e-02 1.757866181399295874e-02 1.637586654975161163e-02 1.647639257618057490e-02 1.723719739068271112e-02 1.733002089059659453e-02 1.704757550878925609e-02 1.758611761136077978e-02 1.751320688730908376e-02 1.683807959982349528e-02 1.712246534806135395e-02 1.707125744785954052e-02 1.748540482109238459e-02 1.705253347111767431e-02 1.732814135516998200e-02 1.753553048284864704e-02 1.768978255257602425e-02 1.750278691445799478e-02 1.667628429408921781e-02 1.721954832996960838e-02 1.735249304439602167e-02 1.682731662329896641e-02 1.692791516158357462e-02 1.679099181810528307e-02 1.649898881106552292e-02 1.712118817035971838e-02 1.730110871310558754e-02 1.726917986920118234e-02 1.735237656392631111e-02 1.694813472088452580e-02 1.751193834283440789e-02 1.762986701842449155e-02 1.691895933832894550e-02 1.814126839309758085e-02 1.778811197285716170e-02 1.728172531189147917e-02 1.915598255696349464e-02 1.733138860006427917e-02 1.659266197741110158e-02 1.806510766670448714e-02 1.824537602284737395e-02 1.806321207135121870e-02 1.759453778694543280e-02 1.699528047586820398e-02 1.842435067917778599e-02 1.731577817550176285e-02 1.667197325475611169e-02 1.764318419228522866e-02 1.731297505177302465e-02 1.784794454384740561e-02 1.699065179986498225e-02 1.737020653386993005e-02 1.777073767938797469e-02 1.670241670837863124e-02 1.796854903983638799e-02 1.809098950524210686e-02 1.772997019050091827e-02 1.645559466081389713e-02 1.738834666068479751e-02 1.645554587445722389e-02 1.664507194417627622e-02 1.635924668544885136e-02 1.678986623124731695e-02 1.681114463878241941e-02 1.609433947259558337e-02 1.492040971216982044e-02 1.682429982183648171e-02 1.649117695936360220e-02 1.441423997076737851e-02 1.681590889176083278e-02 1.560592700696532970e-02 1.633115780309098153e-02 1.731153697999100738e-02 1.671345390525800709e-02 1.732632560096985380e-02 1.678766841017472616e-02 1.645237860263931359e-02 1.619797225110447894e-02 1.556951912035129705e-02 1.609557871662819703e-02 1.539993505983929152e-02 1.384212807486912694e-02 1.458936150937297470e-02 1.328594500534143949e-02 1.275889270669310939e-02 1.352597075253294395e-02 1.271809021194211624e-02 1.276104478523129061e-02
1.483827722662131240e-02 0.000000000000000000e+00 1.312555803495114165e-02 1.331064054996055832e-02 1.376619494176132760e-02 1.688392140417149107e-02 1.692876751125004312e-02 1.647597257190989636e-02 1.676069434262024427e-02 1.651872799912507128e-02 1.669828176027590011e-02 1.683969366718496979e-02 1.622602587018053683e-02 1.639632461338433669e-02 1.676608254411597609e-02 1.691265482545994611e-02 1.696769496448629830e-02 1.712481739411544912e-02 1.689994250526742625e-02 1.647419554908335221e-02 1.648949142451165348e-02 1.709321671583211716e-02 1.747061706766989825e-02 1.711363828257174077e-02 1.742615148424341703e-02 1.734053434254659298e-02 1.654031894125839244e-02 1.800492598518673576e-02 1.679680645742922390e-02 1.712214586778286127e-02 1.746491178119147919e-02 1.738494827299429460e-02 1.765298866041032158e-02 1.749622795074398662e-02 1.732828761400788745e-02 1.763846283579123195e-02 1.705425373129968239e-02 1.729373662452227470e-02 1.651221121579565798e-02 1.699338364587317518e-02 1.708466922791326142e-02 1.748578975410482877e-02 1.611171688434735738e-02 1.672926836502916514e-02 1.679696699428822118e-02 1.660399638952306592e-02 1.648531193097636099e-02 1.676089390805593840e-02 1.716852572060015986e-02 1.644736089047241917e-02 1.479397753160589454e-02 1.705196635579912801e-02 1.667179888442422639e-02 1.647418800138668663e-02 1.705472739998720524e-02 1.711407151594682499e-02 1.678328192472654246e-02 1.700776086642079646e-02 1.607357390990040921e-02 1.705456726048102181e-02 1.675557764044986048e-02 1.675462734100440984e-02 1.654158748715616606e-02 1.724329908179290938e-02 1.686080211294321840e-02 1.685571906110147622e-02 1.713147521556816072e-02 1.734305405648477877e-02 1.694608294157964531e-02 1.728506352629857398e-02 1.745058732789226200e-02 1.767027625991940062e-02 1.707191071727721249e-02 1.769593950384732925e-02 1.752501190238143700e-02 1.673362582037072124e-02 1.883715308163348354e-02 1.694762783991414154e-02 1.641590687752592093e-02 1.774588109203566882e-02 1.796348959900154543e-02 1.762365492465209002e-02 1.702684578286920228e-02 1.668624150796510844e-02 1.842711060826749889e-02 1.677282258606587959e-02 1.683673171446345082e-02 1.779458751945068098e-02 1.731200564536128708e-02 1.796490165894554583e-02 1.710900174911829733e-02 1.724290963886238384e-02 1.798848482250507350e-02 1.709373465713756243e-02 1.795002782201074801e-02 1.816743838557528454e-02 1.778708342988777683e-02 1.634368813534772813e-02 1.754120553671534646e-02 1.660355345019538104e-02 1.714569055681162621e-02 1.642056747139814324e-02 1.664687266259957596e-02 1.667917099700230374e-02 1.638108601996709351e-02 1.622559013112293697e-02 1.691206393351302878e-02 1.638513343337111294e-02 1.407701565136346838e-02 1.455010903064920397e-02 1.623366595471978716e-02 1.601676929443044892e-02 1.722489441635793872e-02 1.594402179340386264e-02 1.719015360635558348e-02 1.685255808788958809e-02 1.698165804124744313e-02 1.645281244345426011e-02 1.636427140481132650e-02 1.667601418175850003e-02 1.508237544804605368e-02 1.604438239048550791e-02 1.590561845879421426e-02 1.571553526926001976e-02 1.529846389101548708e-02 1.309264930287573972e-02 1.441330829323375640e-02 1.538654333477058878e-02
1.516389770007236897e-02 1.312555803495114165e-02 0.000000000000000000e+00 1.393802229961102652e-02 1.588237735881349588e-02 1.705958049861138609e-02 1.678685603669556603e-02 1.639265694382883651e-02 1.700420223775497494e-02 1.646093169820948485e-02 1.649342614383613945e-02 1.644538007290372028e-02 1.599673108805899774e-02 1.593697750361364532e-02 1.622157784094993560e-02 1.656970316425970466e-02 1.625387996366928905e-02 1.661110512096641845e-02 1.629953942547062579e-02 1.633061001040906138e-02 1.605592591437057445e-02 1.648891182411231504e-02 1.731697962254389114e-02 1.656868498286689917e-02 1.677145360180915673e-02 1.710308120538235610e-02 1.618498014691423931e-02 1.787708976526687296e-02 1.655067989134843126e-02 1.687138969520514051e-02 1.732661922603632651e-02 1.743582418128302933e-02 1.762160739644216823e-02 1.722721838734449576e-02 1.734533768035134704e-02 1.742125511362135198e-02 1.665176668566030124e-02 1.717775644789701350e-02 1.630490929853059198e-02 1.677237173726915664e-02 1.700590322198158866e-02 1.700212444168155979e-02 1.596797180363032642e-02 1.658477575233758758e-02 1.683178299106746073e-02 1.587460897730542247e-02 1.616820175851099023e-02 1.650551745594822789e-02 1.696161484280422904e-02 1.640027874340124758e-02 1.605113719455700250e-02 1.626711535420602081e-02 1.627274802648754487e-02 1.643849966626486844e-02 1.640275351195877307e-02 1.610198338785657352e-02 1.626024879706672310e-02 1.634054116036171705e-02 1.418933842026935503e-02 1.596105024741144643e-02 1.481376761996923939e-02 1.568729291921071300e-02 1.576449249723969187e-02 1.651691023714372056e-02 1.621294833978766115e-02 1.597541968155166345e-02 1.653581177525181162e-02 1.682957703635847707e-02 1.684916293518970432e-02 1.639871208290930374e-02 1.677482906977529817e-02 1.728841787009173514e-02 1.658323201900084587e-02 1.743927201914122552e-02 1.674750660448373618e-02 1.605094010885977501e-02 1.843551490690821179e-02 1.661440583066619778e-02 1.474103401093710547e-02 1.734933917157035349e-02 1.762987897500123066e-02 1.752203745956392236e-02 1.692949139725488661e-02 1.620809686666953991e-02 1.801361763720608911e-02 1.653357120927488946e-02 1.649230924829855199e-02 1.711818677548714376e-02 1.661242977421353156e-02 1.727938106127222678e-02 1.497539398108515760e-02 1.616624059430998156e-02 1.734552416037142553e-02 1.661088306853101756e-02 1.705995515515899841e-02 1.740888256826962632e-02 1.730280046090453688e-02 1.440218419264751790e-02 1.680107922247976379e-02 1.581222607140420414e-02 1.634239085939942840e-02 1.601527371630805108e-02 1.461126714132013685e-02 1.676380844145941226e-02 1.566933548397564380e-02 1.580252439266197767e-02 1.624073522231409342e-02 1.659147618969113863e-02 1.541710532913923536e-02 1.590833287166589990e-02 1.631404912293777862e-02 1.606881937429167212e-02 1.668232523779428558e-02 1.618474675084741188e-02 1.713862866603235030e-02 1.644799794585418903e-02 1.618160423584381891e-02 1.626899276671338671e-02 1.612952931566809245e-02 1.598744556063769889e-02 1.393599568524862137e-02 1.567296979060636350e-02 1.568536335637659221e-02 1.571907388121189866e-02 1.513527377490858118e-02 1.282012517665626766e-02 1.569451840922736485e-02 1.378799733493468217e-02
1.433546495224213499e-02 1.331064054996055832e-02 1.393802229961102652e-02 0.000000000000000000e+00 1.366770215097792146e-02 1.604955614187096938e-02 1.673319807259207939e-02 1.419631369700708259e-02 1.558521897237205404e-02 1.565445769808011117e-02 1.572992874535656185e-02 1.611106686384751116e-02 1.360245796760547327e-02 1.580365665182061757e-02 1.560199403160751792e-02 1.669540525915284498e-02 1.651400055483786058e-02 1.713777428181934015e-02 1.655453124179037672e-02 1.577036794597862918e-02 1.624394304801317010e-02 1.686469974566109920e-02 1.692436758377684897e-02 1.658114585461198387e-02 1.685399824864064824e-02 1.639708143714540753e-02 1.613420045793130184e-02 1.696975669333079459e-02 1.478334991052449032e-02 1.599535669876524235e-02 1.668815668103098421e-02 1.651695170699442675e-02 1.668865163062513424e-02 1.657145958085299089e-02 1.642600908133228649e-02 1.645659555872403673e-02 1.605695200583729873e-02 1.603534114374956937e-02 1.453243194001570954e-02 1.604260636170386917e-02 1.442660229007411074e-02 1.607639642303716754e-02 1.400078825830156602e-02 1.616446968692104511e-02 1.620650826586485932e-02 1.649943682328689973e-02 1.620262993221134942e-02 1.676215657341063175e-02 1.672576445416084842e-02 1.624692494608916821e-02 1.606564604841777960e-02 1.657385765504705566e-02 1.613083985942414394e-02 1.646844926951984353e-02 1.656602428801633511e-02 1.646794147725586660e-02 1.638349458984598300e-02 1.664698606215894716e-02 1.577069330795741187e-02 1.642463914916824155e-02 1.634072982727979850e-02 1.585847730113711454e-02 1.481564867159560622e-02 1.618578380867508396e-02 1.630691960994355358e-02 1.632754539424484050e-02 1.630298193742823684e-02 1.622463164549114642e-02 1.649331784912482293e-02 1.671255148613231406e-02 1.660677962440309727e-02 1.683538036424585965e-02 1.626277687522978410e-02 1.735337381375137364e-02 1.658758715098840666e-02 1.657488770491010940e-02 1.825865305119253948e-02 1.644814371618400634e-02 1.600089822330025627e-02 1.699440882219072774e-02 1.733049315945343546e-02 1.732617580444651209e-02 1.674005595546843028e-02 1.651683181424129510e-02 1.798935947708201269e-02 1.663058695024944092e-02 1.645020113144787799e-02 1.707305970248764251e-02 1.687403048684270671e-02 1.747158827146846893e-02 1.697013656257278374e-02 1.693134868766437220e-02 1.753082977301222839e-02 1.699455079429674359e-02 1.770314852542974327e-02 1.780956694044236524e-02 1.711791675576660246e-02 1.610271134689305120e-02 1.735150034084905618e-02 1.663077227974511449e-02 1.663646261970616255e-02 1.646283926002727049e-02 1.662375465342023212e-02 1.667097655477883106e-02 1.638696150042802391e-02 1.595334077632117736e-02 1.655943193082144022e-02 1.635617901575102048e-02 1.570534347124797475e-02 1.599721146374106021e-02 1.623042595851658179e-02 1.643226755190122304e-02 1.724640598664332197e-02 1.616407176099912690e-02 1.722734060535005204e-02 1.669975708517326338e-02 1.651824731229243476e-02 1.513536477481190051e-02 1.616576876566503881e-02 1.644138977979946875e-02 1.564824239894607033e-02 1.580348197909585417e-02 1.618104118223156335e-02 1.521435448780044178e-02 1.514085358543747380e-02 1.482403196071697266e-02 1.590241696427409021e-02 1.561973703369387567e-02
1.606516559648975273e-02 1.376619494176132760e-02 1.588237735881349588e-02 1.366770215097792146e-02 0.000000000000000000e+00 1.407371986996751138e-02 1.651409194012583986e-02 1.551585061812152042e-02 1.378665106033475675e-02 1.538611193455665174e-02 1.558753295927844430e-02 1.623328817072862071e-02 1.564864682956943961e-02 1.620645870337245054e-02 1.682047081330328639e-02 1.729414066753848581e-02 1.727573604385717124e-02 1.768228663088395811e-02 1.697769349310291817e-02 1.668732082775020720e-02 1.705556722721031024e-02 1.745476243214532167e-02 1.740830044059726162e-02 1.713102252728332039e-02 1.756367306078803273e-02 1.715101185692965990e-02 1.635713647546396463e-02 1.816833723165984030e-02 1.686654462729835630e-02 1.686770179276909920e-02 1.779118390622524276e-02 1.784835431366347397e-02 1.803518294048004483e-02 1.753622556346276506e-02 1.765406838860205177e-02 1.776827063368537768e-02 1.701584261608550877e-02 1.753865110347255230e-02 1.620242377228144764e-02 1.725066744130472271e-02 1.724620570092355240e-02 1.770777744467367035e-02 1.653430108677181321e-02 1.738792147469114119e-02 1.748574321883139548e-02 1.691489257386921338e-02 1.725041728407966310e-02 1.734320468999714024e-02 1.750639191269416986e-02 1.698728781000134747e-02 1.620146941228686049e-02 1.735837480083689266e-02 1.703037777225529723e-02 1.616427607534065558e-02 1.726312167888342450e-02 1.746328248508909747e-02 1.688661359230691703e-02 1.700786777735140490e-02 1.682689640669048428e-02 1.733812536407983856e-02 1.706826794270206726e-02 1.680371088460134651e-02 1.671610537568401708e-02 1.723618060333166960e-02 1.645213927884067034e-02 1.666799708206435568e-02 1.676256141124491186e-02 1.711342638288290696e-02 1.497610652425704694e-02 1.712811171998453869e-02 1.711518668114556455e-02 1.734824814716198760e-02 1.718892410228621895e-02 1.748648026109676790e-02 1.726399111450958521e-02 1.703120196317686741e-02 1.847893523659822207e-02 1.706832748079010684e-02 1.668692130217147920e-02 1.703312823759081315e-02 1.734861977348832116e-02 1.555804558164808511e-02 1.680076864144723625e-02 1.706397030997695158e-02 1.773889496769947768e-02 1.659411684985614283e-02 1.730441777709453705e-02 1.789771892183197877e-02 1.701134527652142098e-02 1.803869801728984201e-02 1.782779631853123950e-02 1.760709980346419554e-02 1.821117045836917123e-02 1.778442372258135298e-02 1.812831273980963775e-02 1.832319779798015011e-02 1.766454181834482481e-02 1.686065194417028790e-02 1.770008600746961896e-02 1.669430448372048043e-02 1.725672409159900375e-02 1.682866091028604322e-02 1.719568660259137780e-02 1.691825243970069073e-02 1.677939411755484042e-02 1.603490138638342249e-02 1.691972851311200274e-02 1.674577402880243412e-02 1.640240142050238339e-02 1.639669193077403220e-02 1.691499109287983998e-02 1.695275923739072640e-02 1.739198596129471613e-02 1.476830165840934024e-02 1.735418443998055713e-02 1.714687991391651914e-02 1.687290663479134450e-02 1.653160295852898476e-02 1.638397897017895843e-02 1.689536542576274003e-02 1.598984547635881256e-02 1.692753708250497105e-02 1.687651656141481160e-02 1.418646119651335684e-02 1.605279171023878820e-02 1.592085344999459584e-02 1.694835858270828111e-02 1.653900706018152783e-02
1.733170467736159029e-02 1.688392140417149107e-02 1.705958049861138609e-02 1.604955614187096938e-02 1.407371986996751138e-02 0.000000000000000000e+00 1.352239324404146299e-02 1.378806684743033237e-02 1.248531583821419801e-02 1.310269711782371775e-02 1.347174117353732749e-02 1.682940675254370258e-02 1.594423734678492022e-02 1.610281129012816961e-02 1.697499736870003439e-02 1.751702483451212863e-02 1.738294141923586375e-02 1.740383421531035285e-02 1.728450733062409511e-02 1.638759094788852858e-02 1.693208314093478176e-02 1.758986811661608640e-02 1.752806901841201179e-02 1.728207977844009591e-02 1.686106712525990703e-02 1.597133554434595690e-02 1.611440184370983505e-02 1.762852214762127695e-02 1.684911125998238973e-02 1.510132788239724501e-02 1.808649758627757509e-02 1.817371817649864399e-02 1.839621428397222869e-02 1.753694062873883269e-02 1.804745697055862644e-02 1.805644967219119032e-02 1.721961114081033487e-02 1.800918434537779333e-02 1.688248317448035052e-02 1.759330833881764949e-02 1.793578674301976247e-02 1.807541692488550539e-02 1.666922634043417270e-02 1.760643251068382334e-02 1.811020718788067599e-02 1.705514941307427826e-02 1.768401404281997463e-02 1.783211429738518206e-02 1.796062690859600436e-02 1.749483241201854264e-02 1.741128426431952023e-02 1.783869232516885339e-02 1.706417320538052007e-02 1.732419031211180835e-02 1.764898147652767604e-02 1.780540526108434149e-02 1.666382601319004939e-02 1.761588737519402537e-02 1.734214096016026274e-02 1.755984388175916081e-02 1.703615330970498568e-02 1.703309754369575560e-02 1.739838800237110752e-02 1.798426348883423037e-02 1.779794538324978165e-02 1.708890104421880579e-02 1.733226530391976383e-02 1.778940051701922639e-02 1.755110662828246459e-02 1.785465819124492856e-02 1.783585907258516262e-02 1.804470561749760976e-02 1.736358087899973063e-02 1.833471384321217271e-02 1.780532386694660268e-02 1.738283028545053316e-02 1.907089822027822901e-02 1.750574029298183898e-02 1.720856793487094555e-02 1.776673642156442051e-02 1.815075150470500664e-02 1.791993122333077060e-02 1.755744539037502189e-02 1.669300407957883398e-02 1.827557492053040814e-02 1.749332347982893512e-02 1.767662230431036111e-02 1.799822456458091344e-02 1.541347031471309442e-02 1.797504347515245515e-02 1.800881320158080612e-02 1.744556307403145878e-02 1.821755404637687495e-02 1.772904185865640386e-02 1.743703114438418036e-02 1.811948811813397092e-02 1.727835403597262343e-02 1.730562548019200925e-02 1.747897310393909526e-02 1.487129250116761212e-02 1.709352933739897995e-02 1.697160877825338449e-02 1.690760539087243428e-02 1.783840594468543567e-02 1.704466552296345083e-02 1.683156574334761929e-02 1.646638155715628507e-02 1.712998961386966168e-02 1.741528494641274988e-02 1.650555972872295649e-02 1.758444965717499697e-02 1.735585443163439531e-02 1.842917630508067450e-02 1.740781192057629448e-02 1.846703864248544491e-02 1.799835284851239448e-02 1.766257154274489954e-02 1.752011655456358827e-02 1.776557008298119966e-02 1.770995818550168133e-02 1.726006902696627585e-02 1.760502582520257625e-02 1.743594524200283574e-02 1.659251264706851359e-02 1.661452892039677262e-02 1.688902606269572157e-02 1.794074735956794828e-02 1.758208099541355360e-02
1.768285364354077113e-02 1.692876751125004312e-02 1.678685603669556603e-02 1.673319807259207939e-02 1.651409194012583986e-02 1.352239324404146299e-02 0.000000000000000000e+00 1.591520705221038251e-02 1.573546788044540012e-02 1.298536981009388615e-02 1.596693891849311139e-02 1.711139511377161512e-02 1.669388953613584747e-02 1.625966612043187182e-02 1.685225081812602096e-02 1.735463638513878165e-02 1.729203289546399000e-02 1.724893645524313776e-02 1.720026522335400473e-02 1.649602323810987065e-02 1.679366796560924011e-02 1.728445085508999862e-02 1.696128707664635443e-02 1.700651750310511190e-02 1.654306697967090900e-02 1.422711444640854979e-02 1.643334244104580413e-02 1.732995789781581475e-02 1.667337509166590126e-02 1.586822568297464528e-02 1.803833890455157699e-02 1.832475797854694888e-02 1.843418925329475683e-02 1.778372059838801561e-02 1.816148039677037765e-02 1.818351225595631407e-02 1.742682705362770187e-02 1.798664110613545572e-02 1.739471901992239999e-02 1.777343520723712045e-02 1.806242060248393691e-02 1.799319477316384600e-02 1.663713611637885129e-02 1.752893586253756117e-02 1.782104654437362268e-02 1.450831550701522400e-02 1.692084191100114501e-02 1.721767763981205124e-02 1.765179343683515034e-02 1.702182493996783411e-02 1.695674438422857880e-02 1.774213648729970616e-02 1.599182858642866564e-02 1.699331199557565369e-02 1.701131305243887629e-02 1.680354756752275303e-02 1.590110473872130212e-02 1.662002477674278181e-02 1.685368103776211171e-02 1.665994894048490951e-02 1.455689719421655003e-02 1.648134437785921461e-02 1.712334680402683232e-02 1.779063061463657947e-02 1.757631005796088733e-02 1.678582574815866077e-02 1.687943989103708742e-02 1.765728211803505379e-02 1.752962151800060639e-02 1.772994073714400515e-02 1.758981755728017057e-02 1.769868329506355323e-02 1.669821231012009327e-02 1.786648777843233976e-02 1.730563738730346579e-02 1.677928932791094424e-02 1.885413102213914435e-02 1.695037240566490966e-02 1.735010161247321769e-02 1.818252787106333992e-02 1.827144933388229545e-02 1.854229635003200316e-02 1.757062869097601732e-02 1.645668075548583492e-02 1.893674626186199125e-02 1.742863883899691685e-02 1.792352506898946610e-02 1.830487272776809907e-02 1.730808856843439950e-02 1.862138179750018330e-02 1.834534831113446285e-02 1.775170123581329765e-02 1.861287382485171671e-02 1.827720495584097063e-02 1.828272307839642202e-02 1.852232194835795251e-02 1.767138201542345008e-02 1.680194454456700529e-02 1.784618634999989364e-02 1.670516710930052343e-02 1.752057384683056510e-02 1.662355879738760742e-02 1.711569566073597309e-02 1.743737472889067899e-02 1.676360547811954829e-02 1.706909037969249476e-02 1.714925919377245297e-02 1.645671006599075739e-02 1.707048691259736503e-02 1.417019868229849044e-02 1.724732826579342820e-02 1.684694544929407969e-02 1.821308113301418896e-02 1.729405785471772178e-02 1.796490122323056438e-02 1.774915319067415370e-02 1.759568939014457753e-02 1.732648492423199960e-02 1.757894743503147020e-02 1.770029412696324037e-02 1.682653894805331493e-02 1.762831172818617870e-02 1.770181240254269789e-02 1.709107449849692900e-02 1.711655449590665859e-02 1.715761648381180712e-02 1.828301109684510664e-02 1.770077347160023060e-02
1.698429849257191565e-02 1.647597257190989636e-02 1.639265694382883651e-02 1.419631369700708259e-02 1.551585061812152042e-02 1.378806684743033237e-02 1.591520705221038251e-02 0.000000000000000000e+00 1.320978546769376212e-02 1.496843379227150508e-02 1.534388554974140846e-02 1.625673581631387893e-02 1.364567783017827524e-02 1.580531950938365501e-02 1.654908198737879005e-02 1.694136824858775633e-02 1.699694406220709705e-02 1.711225437647497655e-02 1.646262728639826325e-02 1.484991869375442732e-02 1.708908798183892200e-02 1.746033740120357322e-02 1.733356240601082246e-02 1.684145534114202952e-02 1.719016087792499606e-02 1.655950742733071704e-02 1.598251524537320362e-02 1.792494206473761384e-02 1.682247706463469578e-02 1.665926405962584941e-02 1.784844596826659288e-02 1.765824822370741509e-02 1.812683784577026960e-02 1.727355422658701997e-02 1.767740621523272368e-02 1.780461434906927681e-02 1.698917570808564786e-02 1.768582955382377517e-02 1.667450480153031059e-02 1.705208250239009099e-02 1.729945644070378374e-02 1.730520499357433156e-02 1.616178306293312647e-02 1.678187955319463548e-02 1.740001912161005457e-02 1.647681609664794142e-02 1.662276579498375012e-02 1.734258791638768407e-02 1.740986631232391280e-02 1.676883284175684913e-02 1.648774682507533201e-02 1.717450333563708478e-02 1.450256657334606826e-02 1.637812430946843090e-02 1.675604691264897042e-02 1.691866072091020162e-02 1.413486211309009435e-02 1.659481738670894047e-02 1.606753237290058436e-02 1.662221230849953574e-02 1.636900489585172910e-02 1.609356322786398980e-02 1.646775880073652470e-02 1.730295924134990504e-02 1.746074634326784392e-02 1.684117135716759958e-02 1.688793246811828852e-02 1.723654988658200257e-02 1.725553757584086592e-02 1.741496020777670573e-02 1.709063497608899820e-02 1.729992697051406514e-02 1.684273034653070711e-02 1.781697192358776272e-02 1.700251435916360840e-02 1.690115109974367480e-02 1.863772576524076047e-02 1.711926961589982366e-02 1.710243906235593692e-02 1.774154474227412903e-02 1.751180884622249162e-02 1.792606377826567662e-02 1.700351733888203973e-02 1.684068276565074337e-02 1.839650941175560717e-02 1.693506189474019985e-02 1.759647001458995025e-02 1.798524892203603315e-02 1.692840983090600909e-02 1.804883769672266380e-02 1.765752515733345213e-02 1.719950076142778839e-02 1.756563953237288978e-02 1.708358375987957187e-02 1.749543567385922899e-02 1.703474462108666571e-02 1.494542104513076758e-02 1.628541125820304192e-02 1.659799818162875640e-02 1.637123614191509854e-02 1.479431530395048863e-02 1.623779707496801963e-02 1.676738192458068419e-02 1.730539306654927181e-02 1.682612242202033426e-02 1.628142282177480818e-02 1.675659004609960853e-02 1.703621684106458589e-02 1.702698660431677460e-02 1.616929482056201489e-02 1.716087116761279632e-02 1.715508084096359007e-02 1.793587853370129381e-02 1.692974038626855054e-02 1.808181405333401243e-02 1.755997030324873281e-02 1.745416094448990277e-02 1.669119612797716201e-02 1.733681864421153865e-02 1.732916935554703122e-02 1.694261571302545927e-02 1.699136662699847478e-02 1.673052287034155691e-02 1.697920758554447365e-02 1.664120469424451923e-02 1.661689385016642401e-02 1.758813234943941775e-02 1.743801932854866996e-02
1.693815632861609896e-02 1.676069434262024427e-02 1.700420223775497494e-02 1.558521897237205404e-02 1.378665106033475675e-02 1.248531583821419801e-02 1.573546788044540012e-02 1.320978546769376212e-02 0.000000000000000000e+00 1.317606141256850126e-02 1.368747933285641497e-02 1.471887981419765616e-02 1.403565263499868127e-02 1.438079119770982808e-02 1.675644337145869994e-02 1.749525818925495510e-02 1.749137056340739280e-02 1.768997287690178902e-02 1.716992294335712571e-02 1.634196650939652440e-02 1.731584246148525075e-02 1.771136467083529037e-02 1.722710301008885739e-02 1.704956368338687508e-02 1.715649999421651334e-02 1.653791585639289435e-02 1.486129159746868260e-02 1.803639269413034874e-02 1.720549294776396385e-02 1.670600100408635089e-02 1.805732964009492542e-02 1.782994430480990336e-02 1.827149505095806634e-02 1.743962332549663444e-02 1.796777862971695935e-02 1.807173982422353997e-02 1.725848963598940189e-02 1.790417556849638672e-02 1.676669512549653837e-02 1.753781159296211381e-02 1.780556977023802986e-02 1.802925525991608616e-02 1.665890826514538833e-02 1.718203437460359695e-02 1.787143423922666133e-02 1.726734742991991450e-02 1.747272072562106385e-02 1.780056502967628657e-02 1.783394394636435981e-02 1.730236261232647940e-02 1.720277281441675785e-02 1.742837144463230473e-02 1.693472150320813122e-02 1.661138055818212403e-02 1.749505267584331933e-02 1.762201930581607651e-02 1.633367702412042571e-02 1.744447611793377081e-02 1.683316126349944028e-02 1.737876638099247056e-02 1.709156403922614670e-02 1.640909210007096553e-02 1.687202581642139460e-02 1.760238651154649031e-02 1.745663372274861014e-02 1.723321574636191636e-02 1.721095189212787022e-02 1.726361355989412816e-02 1.722308617627842098e-02 1.736427932009584202e-02 1.739224262318592173e-02 1.781661810048255218e-02 1.745500135948103299e-02 1.812355740095591972e-02 1.753474462004974907e-02 1.739847838760757298e-02 1.898479652635629705e-02 1.763102373077283722e-02 1.746085302628986452e-02 1.779510709271986402e-02 1.817863443214039545e-02 1.797408283641781235e-02 1.763840388938205453e-02 1.722915959870070790e-02 1.864099032094082564e-02 1.736428649225319268e-02 1.782850577974255321e-02 1.833655516207366790e-02 1.712865848446356101e-02 1.840524595604497299e-02 1.803385413825386169e-02 1.775602661070626448e-02 1.840440136557671205e-02 1.784835758722301893e-02 1.790519743425754429e-02 1.821254113997909999e-02 1.740989971895995359e-02 1.715487053789787816e-02 1.765807736774713602e-02 1.639922430950694482e-02 1.685949804397142773e-02 1.683736690570624209e-02 1.717020483626403166e-02 1.759400651855879891e-02 1.659167656444292954e-02 1.653673579791857182e-02 1.676112691569406343e-02 1.699646511198493401e-02 1.720547657079139064e-02 1.688694518560412625e-02 1.738284064092317921e-02 1.718500390129774555e-02 1.825257682029202480e-02 1.710732189523085645e-02 1.833865384923519942e-02 1.783439559945570324e-02 1.741439075756793728e-02 1.732467728954472860e-02 1.751212445374708895e-02 1.751295452409697834e-02 1.711104680841250142e-02 1.714977102741697262e-02 1.712983065521288956e-02 1.635475859000856333e-02 1.651771894530812759e-02 1.689612645706575420e-02 1.775499537142607304e-02 1.753793013136424606e-02
1.650373630523383622e-02 1.651872799912507128e-02 1.646093169820948485e-02 1.565445769808011117e-02 1.538611193455665174e-02 1.310269711782371775e-02 1.298536981009388615e-02 1.496843379227150508e-02 1.317606141256850126e-02 0.000000000000000000e+00 1.371001592296989743e-02 1.631461243568281885e-02 1.553332614049394468e-02 1.399207580660021336e-02 1.487672906193087015e-02 1.671266280569793164e-02 1.688508876187056959e-02 1.709857426958372867e-02 1.665892998206986234e-02 1.584028714999310278e-02 1.647679292638959750e-02 1.707953103717298887e-02 1.672273869355318451e-02 1.657569084895107320e-02 1.661117072187094298e-02 1.478843266971564645e-02 1.585793522348993845e-02 1.719050241599915860e-02 1.643923065208928100e-02 1.583460635733279984e-02 1.738748236530373789e-02 1.755571955035356568e-02 1.753402256216999092e-02 1.697773653023504012e-02 1.724185850675544543e-02 1.745688679097419024e-02 1.652472355409942070e-02 1.649687856634799235e-02 1.623412787900120613e-02 1.683067549825341402e-02 1.673731431202976627e-02 1.702390947193054005e-02 1.477290814261447184e-02 1.633827066435613803e-02 1.709532354598622406e-02 1.626922205041047773e-02 1.656241325054733440e-02 1.685948252883913770e-02 1.695966541017615223e-02 1.644368394829624422e-02 1.647952996595677955e-02 1.719040248331295609e-02 1.617260060184252599e-02 1.639545161237868781e-02 1.679607751578957378e-02 1.670611681205773705e-02 1.472684185138632175e-02 1.654260504054219302e-02 1.616105590345071064e-02 1.639229214384856775e-02 1.614002806223998818e-02 1.610587363224081150e-02 1.662120773209899843e-02 1.694868636856415242e-02 1.645433337939691126e-02 1.680562546207748503e-02 1.679068607117632783e-02 1.685581433247165112e-02 1.709341204265501027e-02 1.719485663091254238e-02 1.723812485130236591e-02 1.736545361008684160e-02 1.673222897344020521e-02 1.777100942541050971e-02 1.728641733220383919e-02 1.670167585875870567e-02 1.869603172951767034e-02 1.696242186875117700e-02 1.665789667641113386e-02 1.749822018878830279e-02 1.793296399720565454e-02 1.793933373499859152e-02 1.721900660440811234e-02 1.657013585735796907e-02 1.836443248168024428e-02 1.711872812549078762e-02 1.722639369412205107e-02 1.758966230919998749e-02 1.681709541390047705e-02 1.800456200057943407e-02 1.775898587621181635e-02 1.730289592723462458e-02 1.802050394401216032e-02 1.755802210025451601e-02 1.761822830274098473e-02 1.800549431818511403e-02 1.725529992875907484e-02 1.643385934652861688e-02 1.711995768997347234e-02 1.636354442950673990e-02 1.676005666353143006e-02 1.494100081528012235e-02 1.685173215230661992e-02 1.676693285182309645e-02 1.651534131604022460e-02 1.589040098465140105e-02 1.632493838915588871e-02 1.461537901142511905e-02 1.627951070374071552e-02 1.564742908096026716e-02 1.620245453479933484e-02 1.612487886881555990e-02 1.760319158988175176e-02 1.673809569129394367e-02 1.767182434752816861e-02 1.703608102289658546e-02 1.692080990577691027e-02 1.672702449849642128e-02 1.675106011400431111e-02 1.699509685493375694e-02 1.635557853783341578e-02 1.667673673314840760e-02 1.685306891907614388e-02 1.485461020029584314e-02 1.603270925347099682e-02 1.635795671728093939e-02 1.740326406354788732e-02 1.676333211333029885e-02
1.655332749327689812e-02 1.669828176027590011e-02 1.649342614383613945e-02 1.572992874535656185e-02 1.558753295927844430e-02 1.347174117353732749e-02 1.596693891849311139e-02 1.534388554974140846e-02 1.368747933285641497e-02 1.371001592296989743e-02 0.000000000000000000e+00 1.631305779993144286e-02 1.563720517618684067e-02 1.551244332579138595e-02 1.603120912005989718e-02 1.625450951122620752e-02 1.593459991005532692e-02 1.587120560025916463e-02 1.607044367793247081e-02 1.415174598203791136e-02 1.620453712983219163e-02 1.669245485007945368e-02 1.701272830926217616e-02 1.615868312617095570e-02 1.689372949395662529e-02 1.649784212718033091e-02 1.622589567246060863e-02 1.758026236515027041e-02 1.617868544419711480e-02 1.625755082359583645e-02 1.704883215011597161e-02 1.722794763450592737e-02 1.736324535310018388e-02 1.632566766604432937e-02 1.638005338722393206e-02 1.656686305376518786e-02 1.449899016412980850e-02 1.671783126094971220e-02 1.422676325173262597e-02 1.551364871065282619e-02 1.656489669415685609e-02 1.676131498311886001e-02 1.591826147231439198e-02 1.655709085273869563e-02 1.689322619149216664e-02 1.672314066148470474e-02 1.690970405025367385e-02 1.673418720043227254e-02 1.644868023576454355e-02 1.679376221264752139e-02 1.662196008619094834e-02 1.683265154074581674e-02 1.689914608241319116e-02 1.692646077097505197e-02 1.681865965190318044e-02 1.724451894751068831e-02 1.693941144607082755e-02 1.696648229202200181e-02 1.693175599802891965e-02 1.725254179907848712e-02 1.706088643063858115e-02 1.672253117724522078e-02 1.688696177779918164e-02 1.713064457068971813e-02 1.697246856603399148e-02 1.659574144606413768e-02 1.681001318919523799e-02 1.681573329311470202e-02 1.725661689281111563e-02 1.705929670372109339e-02 1.700653889310990360e-02 1.731605583304498056e-02 1.700457900995414051e-02 1.761713358637597912e-02 1.683369771705829285e-02 1.662664177294576051e-02 1.775859653446514724e-02 1.644310449559806264e-02 1.594798737046597067e-02 1.510748963342696885e-02 1.676917278052475133e-02 1.674374515762895935e-02 1.616889480525210074e-02 1.631123056964432078e-02 1.701267611121783443e-02 1.623343931138709201e-02 1.633018969436110177e-02 1.690676657007130629e-02 1.551868787015659931e-02 1.667495665084583328e-02 1.692886270417586630e-02 1.656160690647136280e-02 1.722612444443101173e-02 1.685161522824124569e-02 1.545076145567028658e-02 1.729849899663514490e-02 1.685956718503544768e-02 1.664487626663432515e-02 1.681153426022861247e-02 1.582654903771667926e-02 1.679325197123381422e-02 1.640618722869961049e-02 1.629119093198159660e-02 1.731092371330052518e-02 1.649303243648683401e-02 1.555069164725647601e-02 1.383999775549691648e-02 1.625023217436848480e-02 1.667610220987382486e-02 1.597929813587287140e-02 1.667559118693136624e-02 1.626154849172897765e-02 1.774131216078128626e-02 1.690803822330474299e-02 1.781146636333547084e-02 1.719963692055213877e-02 1.673144628658955121e-02 1.687431941490044954e-02 1.699781290199041048e-02 1.659213089861666726e-02 1.617138970531610542e-02 1.682410307558092344e-02 1.658731569958691102e-02 1.587502157046520590e-02 1.497505759577776041e-02 1.630180765681195354e-02 1.702701766369424732e-02 1.675143535125569322e-02
1.713253714471286299e-02 1.683969366718496979e-02 1.644538007290372028e-02 1.611106686384751116e-02 1.623328817072862071e-02 1.682940675254370258e-02 1.711139511377161512e-02 1.625673581631387893e-02 1.471887981419765616e-02 1.631461243568281885e-02 1.631305779993144286e-02 0.000000000000000000e+00 1.623388695531007703e-02 1.603653385241240320e-02 1.656247321486060270e-02 1.588823628725209713e-02 1.621790488881557496e-02 1.699032950977581030e-02 1.601138180222471188e-02 1.603891156566252668e-02 1.692423302952175343e-02 1.695596537012340407e-02 1.717611358015987133e-02 1.667223698765442005e-02 1.714409748052259791e-02 1.727501743431453241e-02 1.564686635437303325e-02 1.807964830502631695e-02 1.721558777928129322e-02 1.711401273250008626e-02 1.782415850950400116e-02 1.795735497551289098e-02 1.800835685650392995e-02 1.739113211799836814e-02 1.743625125529954870e-02 1.767173430915129281e-02 1.672042260812403938e-02 1.736021368106258067e-02 1.625212762884063744e-02 1.660776046182450144e-02 1.740708999292972861e-02 1.737004945084473853e-02 1.630237051703047751e-02 1.671833796919796472e-02 1.607077447625562469e-02 1.607592449618104602e-02 1.590453057676078849e-02 1.632848511595235211e-02 1.596525357174006718e-02 1.538815635539587771e-02 1.576111625906692626e-02 1.411987668184982482e-02 1.641895385761940954e-02 1.377827600230859505e-02 1.595212610309444667e-02 1.645422489092564569e-02 1.618837655315782595e-02 1.612271693631599570e-02 1.589790166774232572e-02 1.625406118736839184e-02 1.614257361681488423e-02 1.575131594831074081e-02 1.375609839715527700e-02 1.590304986964769657e-02 1.626075303480820772e-02 1.574626278595979770e-02 1.573766255273350775e-02 1.436658889602007369e-02 1.620834095294031857e-02 1.557392079367519999e-02 1.653913818329834015e-02 1.684450097948339553e-02 1.663036240981574307e-02 1.723532534679042896e-02 1.701676229859659314e-02 1.653340348653759354e-02 1.841317059941423306e-02 1.671864755707680103e-02 1.665147703464840354e-02 1.755336987848438515e-02 1.718172287699103531e-02 1.731263582942563911e-02 1.636945915086021955e-02 1.617291274845395962e-02 1.775064382459794546e-02 1.469402653083051562e-02 1.677203335582661339e-02 1.773094543705271142e-02 1.694653637004760877e-02 1.744988993691962836e-02 1.671094683129915534e-02 1.659222686099120006e-02 1.773302938045277083e-02 1.695429047660356597e-02 1.745462689190884278e-02 1.742052957362330221e-02 1.732129222162957435e-02 1.630684919764624485e-02 1.713693613776875319e-02 1.671881919118995558e-02 1.689867461029428974e-02 1.638168474204849262e-02 1.652172372142658718e-02 1.692499189575683016e-02 1.398931975174006088e-02 1.580250592151405398e-02 1.660046384343514050e-02 1.666120807346938362e-02 1.626251955178635578e-02 1.654672501706508023e-02 1.686413988749074777e-02 1.676239012860951047e-02 1.720991494280193698e-02 1.591762803426926762e-02 1.746624712464922569e-02 1.686903389520489488e-02 1.631310269005381564e-02 1.657650304266159239e-02 1.692534669402693051e-02 1.621399024908770289e-02 1.644061165323846760e-02 1.697417032752256486e-02 1.677735638657593467e-02 1.692857210976493956e-02 1.694812154208404087e-02 1.649689723582976886e-02 1.769965516494168001e-02 1.747160275586922065e-02
