0.000000000000000000e+00 1.264341404420048394e-02 1.028491330901716572e-02 1.269787775914443459e-02 9.376622553744891342e-03 1.362308975087175682e-02 9.337594094858197094e-03 9.359097913479339295e-03 9.259849781603575816e-03 9.370397499178973258e-03 9.217265600296188285e-03 9.512380342761082505e-03 1.539623144188526083e-02 1.764263479454714414e-02 1.597376170567474038e-02 1.617822339005099003e-02 9.723439410708282007e-03 9.341468556067926421e-03 9.834231115836047921e-03 9.490680887530505289e-03 1.271867490149692845e-02 9.999223984393507472e-03 9.399672137567273086e-03 9.323684664279328210e-03 1.228777341800901639e-02 9.988076286531919964e-03 1.011157090861719739e-02 1.251909392813975279e-02 9.055765205688846506e-03 9.233717932807899292e-03 1.018132790641931851e-02 1.199742532091613648e-02 9.015624430422147784e-02 9.345184839080798722e-02 9.310052585980360673e-02 9.221323825439965705e-02 9.305647024415752977e-02 8.734772157248070490e-02 9.341898871508216851e-02 9.329147859978755009e-02 9.305886850649996989e-02 9.186951136498133774e-02 9.349665147906359441e-02 9.319999468048156821e-02 9.323492042146490355e-02 9.333548436624035383e-02 9.312559720881384562e-02 9.329524131830875533e-02 9.333241171935599545e-02 9.207153848121504836e-02 8.976425413967926981e-02 9.206157079516782971e-02 9.354878932292691462e-02 9.151901268410067569e-02 9.015418697360194633e-02 9.332303649662596068e-02 8.872673857828339283e-02 9.191800195961466469e-02 9.188593311252481188e-02 9.247694918191105840e-02 9.256618760573975813e-02 9.339480090209674457e-02 9.197507194743956283e-02 9.341303601649530997e-02 9.217946664018335234e-02 9.532034505426370541e-02 9.505808637603271882e-02 9.159343879451400938e-02 9.530958513441720181e-02 9.174262631435428639e-02 9.588829836750946412e-02 9.391887605538028205e-02 9.417485194293914730e-02 9.557219304441706698e-02 9.498053685512077016e-02 9.552059249038383215e-02 9.518754323456271593e-02 9.583846095956090327e-02 9.580570554408759931e-02 9.541379892135541663e-02 9.240561590874948883e-02 9.550740175665409226e-02 9.566802103607445484e-02 9.427615529392179006e-02 9.373882141639389154e-02 9.540303836821442673e-02 9.542810253985094249e-02 9.168568212013548935e-02 9.015678342847144311e-02 9.518539469924119922e-02 9.550844470686112309e-02 9.494329761004076385e-02 9.249948289468178098e-02 9.248349760210457238e-02 9.511388905342595124e-02 9.555998639823608254e-02 9.668035584966694351e-02 9.619705414146807743e-02 9.171143147682137009e-02 9.458350666635205461e-02 9.599055950209124666e-02 9.669190275664735212e-02 9.630280400412731534e-02 8.807831685830599944e-02 9.562742575106270015e-02 9.617614157791898322e-02 9.605922484042751786e-02 9.627198368327881395e-02 9.623511380609983679e-02 9.515906160008706649e-02 9.460962311634568689e-02 9.446628803964049470e-02 9.632095132245732660e-02 9.281821462633706166e-02 9.622103293618612663e-02 9.204115350758078351e-02 9.327005871679507065e-02 9.389848934337387265e-02 9.639762622669870162e-02 9.574147962162661563e-02 9.581572242252156535e-02 9.172401672060465083e-02 9.597192175277878545e-02 9.632519922065259366e-02 9.617049066616170649e-02 9.422931012228556724e-02 9.593162103516054973e-02 9.630541051045447831e-02
1.264341404420048394e-02 0.000000000000000000e+00 1.179841009048030950e-02 1.165922010565332081e-02 1.197113740205551016e-02 9.959657657039520245e-03 1.268591949938386969e-02 1.200595912071999831e-02 1.201561388920104924e-02 1.182460710871039572e-02 1.275225862052758660e-02 1.248756621510702970e-02 1.393078012495246008e-02 1.516500552791103483e-02 1.418203834320303641e-02 1.483964705099143425e-02 1.155980244558925396e-02 1.273441303371377481e-02 1.186024406824173240e-02 1.194099308413437699e-02 1.217725360126415378e-02 1.210183664836918770e-02 1.217887779828769924e-02 1.209454051042161728e-02 1.179232151255611878e-02 1.235746353756657021e-02 1.189891538546354079e-02 9.487964082046888153e-03 1.209612998916862261e-02 1.226795743449175802e-02 1.182938635720705289e-02 9.211169895752083572e-03 8.675665541522090130e-02 9.004540897849643011e-02 8.969844680089414379e-02 8.883082956068595604e-02 8.964936545779675359e-02 8.395624649554664365e-02 9.000974112902120072e-02 8.988879298116606020e-02 8.965649135062199460e-02 8.846549471406851828e-02 9.008318636369536114e-02 8.979453417530884607e-02 8.982859064582275621e-02 8.993222001740214244e-02 8.972041537621155971e-02 8.989200868954566603e-02 8.995231379713913844e-02 8.867132735498386986e-02 8.633772563240782461e-02 8.868129780146885577e-02 9.014331346211491847e-02 8.814314616241616940e-02 8.675862890586305554e-02 8.993919121321365673e-02 8.497495327086845851e-02 8.853599557187523394e-02 8.850363691216228679e-02 8.907479321210250156e-02 8.918404576176669485e-02 8.999162008391187184e-02 8.859274260043024929e-02 9.000834798494329603e-02 9.020506068357765639e-02 9.334366752947174939e-02 9.307351064392690998e-02 8.961454838031705783e-02 9.333129609604437493e-02 8.974244059990346689e-02 9.391398716896005860e-02 9.190328827772986653e-02 9.211651179504265485e-02 9.359027649068711596e-02 9.299667775641937140e-02 9.354326602957088732e-02 9.320226993787823766e-02 9.386692578772973250e-02 9.383326017683117637e-02 9.344348152014322895e-02 9.030535257104725655e-02 9.353233397364486834e-02 9.369202510769797376e-02 9.222693988483891825e-02 9.171461270095561391e-02 9.342672153864246820e-02 9.344599947521231575e-02 8.970611980470401259e-02 8.809631883745019931e-02 9.320011927808775909e-02 9.353637002347096885e-02 9.296252678987854123e-02 9.035052962557464651e-02 9.042152677264127247e-02 9.313831838109701278e-02 9.357648110987119849e-02 9.460557335438238291e-02 9.411981464910386397e-02 8.962863367288043115e-02 9.241443050493826361e-02 9.391034371259981972e-02 9.462694466182437758e-02 9.422416130960484248e-02 8.581716469690750526e-02 9.353558689370436441e-02 9.409190921118724960e-02 9.397560177731338615e-02 9.419165430178959297e-02 9.414796275697524808e-02 9.301386195775969423e-02 9.244986461366978825e-02 9.235504880603633004e-02 9.423556385522995071e-02 9.074416601381293801e-02 9.413896210291772260e-02 8.995468246520717248e-02 9.120697201536864807e-02 9.166429199618951473e-02 9.432535918980586298e-02 9.365501910191391388e-02 9.371505919018605080e-02 8.948141387668193114e-02 9.388691833108663010e-02 9.423910101409266327e-02 9.408269968254512339e-02 9.209259400215917546e-02 9.384525764140203008e-02 9.422378131953994262e-02
1.028491330901716572e-02 1.179841009048030950e-02 0.000000000000000000e+00 1.164939688910120001e-02 9.400305105317840679e-03 1.273015541210678787e-02 1.020168021201760776e-02 9.546892061319910486e-03 9.394182092071982904e-03 9.424807623832314254e-03 1.047976879488017599e-02 9.770721130212227726e-03 1.503192182068125576e-02 1.725016724512239835e-02 1.458763487697132752e-02 1.516627818932891197e-02 1.012910481335566742e-02 9.695904837863391496e-03 9.403652260384096420e-03 9.325310779363606487e-03 1.225317975115600665e-02 9.584386483613028390e-03 9.609308159349941661e-03 9.918641322233936325e-03 1.227443282729828895e-02 9.054256134974751971e-03 9.204452885039572999e-03 1.276327931866173479e-02 1.001140605957382378e-02 9.752104108341508662e-03 9.239239993275170232e-03 1.233475357401133364e-02 8.983478004467661260e-02 9.312898180490167266e-02 9.277783063072221614e-02 9.188334011797380518e-02 9.273396161068146737e-02 8.704265194178306686e-02 9.309749182375103016e-02 9.297035328834897527e-02 9.273630829815465715e-02 9.153674927577369613e-02 9.317318402959114121e-02 9.287588640366710446e-02 9.291121584983554060e-02 9.301192338890407196e-02 9.280121908637220529e-02 9.297089021643088758e-02 9.301231595705726496e-02 9.174156323338095165e-02 8.941466732816413798e-02 9.173238285473828135e-02 9.322511912247824495e-02 9.118062213858099674e-02 8.985465496479265457e-02 9.300234059129521003e-02 8.837497768391111563e-02 9.158612924615021356e-02 9.155388785528004170e-02 9.214711405535920552e-02 9.223877923528676914e-02 9.307081257085901560e-02 9.164353961864962761e-02 9.308824785718285144e-02 9.170363711951871888e-02 9.486658120910609893e-02 9.460303114401580338e-02 9.115748428510260515e-02 9.485469164462467795e-02 9.126691010924578573e-02 9.543466843948311684e-02 9.345830507432022205e-02 9.371966853458593705e-02 9.511726661316274867e-02 9.452534381733634916e-02 9.506593287630785150e-02 9.473135500458611247e-02 9.538657553202374573e-02 9.535123783390522800e-02 9.496040632153274208e-02 9.194323798986923924e-02 9.505462724159308152e-02 9.521575233537594996e-02 9.382024924057939808e-02 9.327897283295021047e-02 9.494737676399436777e-02 9.497352241773451831e-02 9.120868455128758323e-02 8.970233322737602988e-02 9.473135316090644520e-02 9.505606904278686431e-02 9.448791673066840591e-02 9.204169004627107964e-02 9.201772088791150550e-02 9.465894473800623432e-02 9.510630374734224679e-02 9.627589041605545683e-02 9.579318776495218679e-02 9.130490280072858789e-02 9.417392755170241048e-02 9.558361732782406917e-02 9.628846583542800819e-02 9.589839922135418027e-02 8.761163818238577872e-02 9.521908057294570238e-02 9.577076938427700470e-02 9.565208780146527978e-02 9.586749416713551131e-02 9.582934800394606045e-02 9.474964621404960430e-02 9.420018887831502208e-02 9.405060667663228680e-02 9.591583329380581890e-02 9.241347516026751641e-02 9.581666464931000438e-02 9.163573054075062341e-02 9.286866730411394433e-02 9.348928743383175255e-02 9.599385250313811901e-02 9.533346048625671032e-02 9.540564766224250703e-02 9.129507010043381998e-02 9.556646958956638294e-02 9.592042298084102470e-02 9.576277311781981882e-02 9.380874810553313514e-02 9.552407037417171010e-02 9.589855369801776608e-02
1.269787775914443459e-02 1.165922010565332081e-02 1.164939688910120001e-02 0.000000000000000000e+00 1.204229085216926287e-02 1.195929473193756316e-02 1.203573777738868242e-02 1.241761707875767805e-02 1.195261235255507502e-02 1.198963909652967993e-02 1.234342342488559986e-02 1.225758783630952718e-02 1.415526033264262983e-02 1.600325662518842576e-02 1.369315124775479474e-02 1.249077104041940341e-02 1.153978657308436621e-02 1.198521579838394101e-02 1.186348288394714796e-02 1.174604044654538153e-02 9.742432544408090311e-03 1.188114118314384862e-02 1.200447602672890211e-02 1.184489713327481659e-02 9.119805675645209844e-03 1.171705402021414044e-02 1.164422336853112791e-02 1.189580433823884606e-02 1.251695027240102426e-02 1.280321873557898130e-02 1.153704761878920210e-02 1.151128781599063816e-02 8.814420679319230623e-02 9.144014609938276583e-02 9.108039405795001486e-02 9.011597866446809102e-02 9.103891531402275028e-02 8.522540845127804521e-02 9.141427791607273368e-02 9.127914908546561068e-02 9.104032632356552635e-02 8.975385601303194349e-02 9.148482080398566418e-02 9.118401021212972635e-02 9.122586248605460413e-02 9.131991622590487911e-02 9.110586722729918652e-02 9.127776487565415764e-02 9.131506030007463526e-02 9.003398895436449945e-02 8.773184833944513983e-02 9.002145695513495693e-02 9.153623075848579815e-02 8.946575254189850779e-02 8.814270806687798943e-02 9.131353858297769355e-02 8.668079831732021512e-02 8.981241702504244584e-02 8.977878044615129893e-02 9.044742412349361660e-02 9.052598271292754128e-02 9.137754715516252513e-02 8.987245929398877953e-02 9.139595732481479995e-02 8.879763718936971306e-02 9.195441863453522602e-02 9.167019425291136892e-02 8.821040995069934221e-02 9.192199024837310883e-02 8.802090994446735983e-02 9.252227568318942275e-02 9.053206193817865677e-02 9.080694225694872779e-02 9.218444272488382496e-02 9.159197011823805301e-02 9.213296038214098538e-02 9.179818457547087029e-02 9.247288233265556212e-02 9.241724780277857376e-02 9.202690739340248227e-02 8.901847421029432383e-02 9.212192795230413067e-02 9.230183028961370939e-02 9.089040642291872085e-02 9.035119540735211952e-02 9.201729692644554370e-02 9.204216113118662834e-02 8.829838136375860180e-02 8.677076962308791219e-02 9.179709380413049458e-02 9.214182885691010738e-02 9.155641591000233948e-02 8.911436145727813507e-02 8.909834307705556677e-02 9.172542288166318780e-02 9.219352996431964820e-02 9.484825643277623730e-02 9.437008558334797348e-02 8.987255220699383318e-02 9.271530259397711693e-02 9.415464801111608772e-02 9.487091139002062912e-02 9.447102362961472266e-02 8.602909036090769512e-02 9.378042486322016313e-02 9.433742646414849942e-02 9.422311424407694980e-02 9.444118133222322020e-02 9.439393704056432688e-02 9.329265513250366293e-02 9.274244247514996931e-02 9.254114018767350958e-02 9.448463130667049403e-02 9.099594244565556433e-02 9.438979381195398977e-02 9.021225503667826273e-02 9.145609157638956432e-02 9.200188951905208246e-02 9.457293007832268117e-02 9.389794958785172008e-02 9.395710249829768157e-02 8.964761138215322778e-02 9.413301362365250613e-02 9.448940632639432624e-02 9.432697298178002732e-02 9.226047534997657007e-02 9.409557392675153842e-02 9.446985868398091735e-02
9.376622553744891342e-03 1.197113740205551016e-02 9.400305105317840679e-03 1.204229085216926287e-02 0.000000000000000000e+00 1.288323237548821831e-02 9.605818800205690247e-03 9.538292421691612483e-03 9.303425572903768412e-03 9.796434201858673571e-03 1.010584727295239099e-02 9.695845249270241412e-03 1.514308578365373102e-02 1.734528226640631374e-02 1.475378209262444805e-02 1.605986230851472879e-02 9.690112336655815062e-03 9.564245817973543798e-03 9.337957202756623151e-03 9.443042024728794115e-03 1.301783286098969795e-02 1.016428408618441984e-02 9.574790725920059864e-03 9.472284947330270738e-03 1.261161699118600564e-02 9.380245742976299136e-03 9.502498867593082293e-03 1.290278128924469622e-02 9.345215485223800841e-03 1.011034037497762772e-02 9.442461199481010786e-03 1.188705869874708693e-02 8.999640731319649700e-02 9.329245689156542842e-02 9.294145034021769614e-02 9.205819287833108544e-02 9.289706150997928402e-02 8.719815482426228337e-02 9.326014253182050850e-02 9.313303284718521535e-02 9.289965838122413166e-02 9.171413935430684783e-02 9.333676434523971444e-02 9.303994026391873562e-02 9.307437588513715887e-02 9.317594949921589875e-02 9.296474206213292679e-02 9.313510261278901137e-02 9.317560215118673994e-02 9.190755432729673380e-02 8.957869459998131501e-02 9.189861872931659459e-02 9.338876726352850210e-02 9.134986254057080035e-02 9.001857143131222760e-02 9.316452258831753319e-02 8.854163240709618521e-02 9.176214658617345976e-02 9.173002221814974266e-02 9.231306590493448816e-02 9.240540048503187442e-02 9.323507828765884020e-02 9.181898808904839782e-02 9.325246461695332889e-02 9.213556148813877023e-02 9.527786349228634100e-02 9.501401824385813377e-02 9.156811041934789785e-02 9.526527744926771568e-02 9.167714875611629455e-02 9.584398603651919646e-02 9.386688965239588234e-02 9.412723263889571923e-02 9.552645430712691788e-02 9.493651001905904774e-02 9.547590425175835060e-02 9.514300265755820663e-02 9.579598326327400104e-02 9.576075071174738884e-02 9.537082840915146742e-02 9.234974329830181183e-02 9.546483750726711404e-02 9.562530454927975487e-02 9.422772796186730526e-02 9.368724851835896761e-02 9.535866902776610199e-02 9.538360492336332708e-02 9.164239932139436884e-02 9.012712879029234625e-02 9.514118863495922562e-02 9.546678535526360865e-02 9.489973461766690321e-02 9.244594695795742278e-02 9.242167699176127849e-02 9.507062284929600204e-02 9.551596642666453085e-02 9.645617366239624124e-02 9.597260592948454738e-02 9.148525864252417261e-02 9.435582390735303138e-02 9.576404875566688069e-02 9.646745554179915472e-02 9.607847812350386874e-02 8.781246424546480800e-02 9.540065294115147865e-02 9.595161237528977705e-02 9.583242843546885270e-02 9.604734913575896371e-02 9.601038623943203287e-02 9.493218588259659529e-02 9.438234713697518652e-02 9.424265814941219788e-02 9.609629276388889640e-02 9.259123850819059309e-02 9.599649663864839866e-02 9.181382591074073451e-02 9.304647369547042191e-02 9.367315391491409793e-02 9.617310258547479007e-02 9.551472568858779266e-02 9.558852312871415902e-02 9.150441056312415278e-02 9.574728650886937809e-02 9.610080069901250077e-02 9.594403133257231597e-02 9.400613243752325987e-02 9.570427437448483787e-02 9.607889943039624181e-02
1.362308975087175682e-02 9.959657657039520245e-03 1.273015541210678787e-02 1.195929473193756316e-02 1.288323237548821831e-02 0.000000000000000000e+00 1.303881500559515155e-02 1.285331926465652953e-02 1.291334085444374551e-02 1.335664931588696237e-02 1.316994573928742703e-02 1.382180582983965136e-02 1.371533986143277754e-02 1.526234285073606485e-02 1.335794089498235256e-02 1.411752000332894968e-02 1.240748550571028376e-02 1.365398640163251014e-02 1.325767641276205493e-02 1.326550837007082345e-02 1.240700575964842796e-02 1.350438797791275909e-02 1.357855652066918342e-02 1.347630434074566751e-02 1.212066373010580247e-02 1.281307384493269794e-02 1.281577010063564108e-02 9.683226153992984669e-03 1.301727025689643213e-02 1.308060728016270484e-02 1.316139459576961233e-02 1.003058509754108270e-02 8.591870733635899315e-02 8.916101917517461894e-02 8.881289792404369055e-02 8.794434055397498673e-02 8.876361736593585405e-02 8.308573102554850376e-02 8.916396122169370497e-02 8.902822027577876607e-02 8.877310180963107755e-02 8.759936387091514509e-02 8.924769272075815107e-02 8.890743753116092662e-02 8.894086184915467319e-02 8.905075330200375172e-02 8.883673367142075339e-02 8.900035494552883952e-02 8.907447745712843146e-02 8.778677494632231015e-02 8.506519036752772933e-02 8.777557744698891162e-02 8.929308757858198109e-02 8.723812218421551912e-02 8.589382757443332628e-02 8.904005147421434341e-02 8.442185008502639532e-02 8.762114556369368645e-02 8.759088529215207364e-02 8.819394624262899551e-02 8.830296435244804065e-02 8.910666683554224754e-02 8.768035428112354313e-02 8.912426735515603660e-02 8.944479724545287280e-02 9.260199964576204534e-02 9.233052258572560511e-02 8.887257449854449320e-02 9.258940225322415118e-02 8.900161050124984208e-02 9.317417949711380432e-02 9.115551296731845554e-02 9.135644647959921538e-02 9.284897847022714756e-02 9.225391679234651310e-02 9.280298442443253581e-02 9.245869002122303337e-02 9.312751143763627060e-02 9.309392743812265614e-02 9.270464520057906943e-02 8.953836004089586742e-02 9.279228600837544083e-02 9.295135429977639807e-02 9.146983848404902084e-02 9.096561645446600564e-02 9.268544448369106514e-02 9.270455140043144804e-02 8.894397327786114638e-02 8.733909109799153914e-02 9.245811134135908937e-02 9.279650578851364462e-02 9.221968715740232192e-02 8.957569066614114173e-02 8.966776216325819671e-02 9.239702855942731607e-02 9.283481086963332740e-02 9.404285911840294665e-02 9.355907892436808593e-02 8.905960809687886448e-02 9.182971036120131381e-02 9.334760489251305027e-02 9.406901039865472880e-02 9.366136856424743529e-02 8.519047761003463448e-02 9.296912735550841300e-02 9.352724990115021675e-02 9.341097387138753982e-02 9.362855489443712431e-02 9.358413142595296830e-02 9.243221577860367966e-02 9.186700639382272549e-02 9.177581507772947234e-02 9.367121313590778819e-02 9.020554835867251875e-02 9.357729073829929023e-02 8.941518889990038299e-02 9.064568797379565779e-02 9.105925910052163619e-02 9.376573650683174554e-02 9.309003933612022830e-02 9.314511072779288470e-02 8.885495536898767310e-02 9.332307511421257529e-02 9.367474056698003870e-02 9.351665443984452653e-02 9.150121913921194228e-02 9.328002255704091750e-02 9.365994597813717681e-02
9.337594094858197094e-03 1.268591949938386969e-02 1.020168021201760776e-02 1.203573777738868242e-02 9.605818800205690247e-03 1.303881500559515155e-02 0.000000000000000000e+00 9.224223506893275762e-03 9.262491454651536338e-03 1.011865481835072869e-02 9.166771942658490102e-03 9.280276176499161270e-03 1.554172792483375469e-02 1.827541840853649097e-02 1.594099196346710282e-02 1.545852333716808864e-02 9.839431241164561456e-03 9.080062462425521341e-03 9.471685844921482259e-03 9.336820160683094449e-03 1.237442558850085361e-02 9.140968959347128830e-03 9.562517565058019017e-03 9.234424863931049721e-03 1.213903103790733504e-02 9.442235395252109031e-03 9.471281916204554729e-03 1.254157106629864675e-02 9.207672041962145643e-03 9.315934630513431070e-03 9.596083101675631499e-03 1.214045771267813732e-02 9.026921661583628409e-02 9.353989063982472152e-02 9.318983834282483503e-02 9.229728370924376868e-02 9.314502990064568722e-02 8.743445968141590197e-02 9.351182200385353693e-02 9.338300610010340230e-02 9.314871708309897802e-02 9.195112751214895574e-02 9.358898619847397238e-02 9.328965597514513042e-02 9.332533766285534826e-02 9.342518006925210061e-02 9.321552109180479551e-02 9.338387155141492091e-02 9.342376034972058041e-02 9.216785113876332924e-02 8.982838788585272016e-02 9.215781015591729963e-02 9.364080742333869001e-02 9.162173262661588158e-02 9.024507041082953374e-02 9.341372246903029142e-02 8.882259598407264700e-02 9.199990606113765679e-02 9.196798550736619282e-02 9.257275607630510716e-02 9.266057196651231176e-02 9.348355269222959063e-02 9.205762333635221506e-02 9.350215545853651777e-02 9.202597419962019187e-02 9.518910629173719939e-02 9.492642519301278115e-02 9.146404308924305226e-02 9.517666032662520925e-02 9.159372620553689337e-02 9.575726560137992616e-02 9.379738142587155936e-02 9.404869755210742976e-02 9.544094829950496017e-02 9.484905983593570900e-02 9.538930267498818560e-02 9.505431208522406583e-02 9.570686153499777249e-02 9.567281765288729312e-02 9.528211397305007269e-02 9.229088928394485469e-02 9.537475123131673727e-02 9.553661150202163999e-02 9.414942792405389671e-02 9.361941273583032630e-02 9.527040081448091835e-02 9.529680558059515361e-02 9.153158536219907493e-02 9.003039812446311796e-02 9.505488857474363174e-02 9.537714935510878400e-02 9.481092403913825295e-02 9.238072510624044387e-02 9.237878837353000194e-02 9.498133237716652189e-02 9.543023635223962797e-02 9.689875999539016016e-02 9.641871853703651296e-02 9.193337324811338973e-02 9.480269796479105782e-02 9.621100122092988982e-02 9.691290525379871179e-02 9.652266881682718125e-02 8.827670379402481615e-02 9.584713798057357959e-02 9.639535595470881402e-02 9.627868709171691353e-02 9.649199182581855161e-02 9.645513923702790648e-02 9.537639748407047979e-02 9.482859920733245629e-02 9.467759387793739378e-02 9.654043349414900832e-02 9.306075922613822604e-02 9.644247407585976317e-02 9.228578291942350631e-02 9.349363507531922857e-02 9.411435161474958344e-02 9.661904313463159921e-02 9.596135871636256309e-02 9.603307127637353280e-02 9.191791954855026148e-02 9.619233184189066033e-02 9.654481159977432170e-02 9.638889069876807603e-02 9.443358657876310680e-02 9.615132008025237265e-02 9.652462189252242197e-02
9.359097913479339295e-03 1.200595912071999831e-02 9.546892061319910486e-03 1.241761707875767805e-02 9.538292421691612483e-03 1.285331926465652953e-02 9.224223506893275762e-03 0.000000000000000000e+00 9.110601839220529297e-03 9.988596962632661710e-03 9.419325681832761352e-03 9.456104067741740934e-03 1.589200566120445648e-02 1.766448424523369559e-02 1.586661519554343619e-02 1.542343581608448047e-02 1.016995878610466725e-02 9.285263338162378505e-03 9.329674569509222373e-03 9.718892596573455375e-03 1.232751854409874781e-02 9.256077235934264888e-03 9.178086439154357207e-03 9.760674542034707482e-03 1.207852633646191477e-02 9.379300317888687732e-03 9.894521031951191564e-03 1.233939774142413758e-02 9.210841468950405411e-03 9.284902230319731428e-03 9.451987455472338900e-03 1.194439861222118884e-02 8.999867569423203317e-02 9.328835579357770691e-02 9.293791455709676796e-02 9.204843174068376432e-02 9.289358015941781566e-02 8.718522161462391451e-02 9.325859203713468548e-02 9.313068622830195098e-02 9.289660209515451794e-02 9.170253630698674274e-02 9.333533399541645015e-02 9.303729699567467315e-02 9.307263885313486751e-02 9.317296830566146326e-02 9.296328897990145668e-02 9.313270053368255530e-02 9.317249177737677024e-02 9.191616076834115134e-02 8.957692408332131040e-02 9.190714842378282234e-02 9.338807027682663464e-02 9.137149147946786731e-02 8.999367357607856999e-02 9.316213094563723096e-02 8.855173220822493141e-02 9.175127035993235758e-02 9.171932557878485770e-02 9.232088408184160877e-02 9.241075875785541294e-02 9.323231128215005159e-02 9.180893189630925932e-02 9.324981733626533376e-02 9.193872899495449114e-02 9.510140259572701094e-02 9.483912161478103009e-02 9.137629268177130393e-02 9.509001237906145043e-02 9.152484542336539186e-02 9.567000942141185016e-02 9.370693409396024798e-02 9.395371748397607359e-02 9.535407082708012572e-02 9.476185034363669712e-02 9.530277009942700328e-02 9.496714891305672868e-02 9.561977593643851414e-02 9.558691260672466661e-02 9.519614228347120233e-02 9.219270180692615280e-02 9.528833716636486706e-02 9.544912812893674436e-02 9.405616797021806863e-02 9.352824344418800284e-02 9.518383248605537250e-02 9.520974803250631391e-02 9.144403762203666408e-02 8.993558084566649624e-02 9.496760159534760326e-02 9.528996731892125371e-02 9.472393300623153933e-02 9.227847506504735509e-02 9.228375295879738538e-02 9.489489205403674188e-02 9.534206907210035498e-02 9.675237691471802459e-02 9.627063191536956721e-02 9.180505097022763350e-02 9.464675160749404237e-02 9.606300402602677146e-02 9.676568303136116878e-02 9.637575882828067209e-02 8.812004922338712021e-02 9.569832802259420346e-02 9.624779447110085040e-02 9.613138798177613131e-02 9.634489140957075426e-02 9.630462616174707835e-02 9.522356815596783042e-02 9.467454659870891409e-02 9.452937964141554239e-02 9.639195857555310498e-02 9.289454629734658631e-02 9.629280679435280044e-02 9.211650658865018493e-02 9.336358715564328781e-02 9.395435366022755752e-02 9.647133648772961145e-02 9.581291111270853755e-02 9.588261192545396994e-02 9.176366408088472426e-02 9.604385883554991676e-02 9.639624011128462844e-02 9.624041203346642148e-02 9.428460775839532515e-02 9.600383061607338508e-02 9.637653719442057509e-02
9.259849781603575816e-03 1.201561388920104924e-02 9.394182092071982904e-03 1.195261235255507502e-02 9.303425572903768412e-03 1.291334085444374551e-02 9.262491454651536338e-03 9.110601839220529297e-03 0.000000000000000000e+00 9.313974314071001015e-03 9.324611716644849377e-03 9.289538970536557333e-03 1.572274830280713520e-02 1.757509229564998068e-02 1.505826854828557285e-02 1.550589419171723334e-02 1.022151116633154486e-02 9.334378230964199968e-03 9.274048656356883788e-03 9.136001992163167093e-03 1.288470140543744417e-02 9.235835451679745220e-03 9.242998040204170387e-03 9.207673371329175294e-03 1.204905826961319946e-02 9.220873132436644207e-03 9.288134399957155909e-03 1.239793516397607459e-02 9.109051213120469143e-03 9.205544584378812234e-03 9.384357157306202207e-03 1.196386502337138530e-02 9.006425250084587608e-02 9.335418776026242760e-02 9.300377875802662286e-02 9.211556315249744276e-02 9.295937850271328295e-02 8.725657664562036508e-02 9.332352412999035673e-02 9.319604097190946346e-02 9.296233589131500108e-02 9.177014338756761536e-02 9.340044106149279768e-02 9.310277027698371510e-02 9.313786897615762561e-02 9.323851043487478563e-02 9.302868556063766114e-02 9.319794963305681745e-02 9.323795952963279121e-02 9.197791458319137803e-02 8.964498279926125246e-02 9.196888391151478159e-02 9.345288534274352743e-02 9.142870418568740942e-02 9.006209569297277118e-02 9.322761206630154895e-02 8.861406714860486922e-02 9.181890898256427069e-02 9.178692340553727680e-02 9.238275914233275155e-02 9.247315277312857795e-02 9.329765025455447058e-02 9.187628181301696340e-02 9.331543570217333550e-02 9.202220479965694810e-02 9.518257750775831194e-02 9.491936150051975829e-02 9.145705362888587042e-02 9.516939773427378346e-02 9.158673559882465898e-02 9.574987880742702462e-02 9.378242668702120588e-02 9.403510477621258856e-02 9.543309813992822965e-02 9.484205088161182240e-02 9.538261342096350515e-02 9.504804355372044322e-02 9.570016285900975750e-02 9.566606386594729561e-02 9.527624756603871037e-02 9.227001352679839452e-02 9.536907391820047264e-02 9.552949957934889214e-02 9.413635201865096225e-02 9.360445962266983333e-02 9.526418800768333972e-02 9.529003955830277206e-02 9.152873531471365787e-02 9.003829795481414766e-02 9.504759361484013680e-02 9.537137368452495989e-02 9.480439138072527250e-02 9.236021901847468740e-02 9.235327399489527689e-02 9.497532705518801910e-02 9.542287184867331851e-02 9.669135345460719289e-02 9.620956646233289056e-02 9.174035340674052685e-02 9.458855859607764871e-02 9.600058564487874702e-02 9.670399311241427431e-02 9.631479296220613051e-02 8.803811904022725010e-02 9.563639074873094004e-02 9.618705659797513463e-02 9.606888145548379832e-02 9.628379743054121809e-02 9.624421142759041758e-02 9.516463346247970578e-02 9.461599409536072813e-02 9.447103699347819683e-02 9.633127889042437941e-02 9.283227377537892067e-02 9.623211522600201573e-02 9.205476146450651542e-02 9.330006853379815834e-02 9.390159014037155472e-02 9.640995374823754793e-02 9.575069472035725726e-02 9.582110964548783139e-02 9.171597647402481013e-02 9.598312610499047659e-02 9.633578411397794583e-02 9.617855443835288121e-02 9.422824949559885366e-02 9.594105576755733444e-02 9.631427017894107767e-02
9.370397499178973258e-03 1.182460710871039572e-02 9.424807623832314254e-03 1.198963909652967993e-02 9.796434201858673571e-03 1.335664931588696237e-02 1.011865481835072869e-02 9.988596962632661710e-03 9.313974314071001015e-03 0.000000000000000000e+00 1.012046041401418184e-02 9.759822004440628015e-03 1.500493844731405277e-02 1.729252300396489153e-02 1.563140370606219340e-02 1.604016603863672036e-02 9.590535513099851528e-03 9.569251357720130399e-03 9.072996932632103328e-03 9.908759390101060452e-03 1.306598239543729952e-02 9.518051870777520865e-03 1.009415832071026108e-02 1.000094401429339058e-02 1.212675387657132647e-02 9.390761674741352275e-03 9.516856898668928089e-03 1.219753975457911997e-02 9.349168944865782552e-03 9.570797585365473786e-03 1.012769630376936930e-02 1.187543129836308303e-02 8.988884629044124885e-02 9.318734974788298042e-02 9.283619021862907217e-02 9.194954917655552562e-02 9.279183004468297136e-02 8.708762987000470690e-02 9.315362211442669571e-02 9.302692856054568804e-02 9.279440113681272639e-02 9.160457461348216202e-02 9.323119055851201986e-02 9.293511183830308053e-02 9.296986919946939598e-02 9.307089099277615629e-02 9.286096031825713526e-02 9.303053987205564535e-02 9.306916119476693616e-02 9.180436973137212631e-02 8.949917219618398756e-02 9.179543889023611403e-02 9.328383984546190222e-02 9.125027793728461567e-02 8.988770785907732042e-02 9.305967292582201233e-02 8.843625867243690153e-02 9.165439201404554370e-02 9.162226731003744740e-02 9.220987552539632037e-02 9.230070273585912199e-02 9.313023124618834137e-02 9.171132458144223842e-02 9.314852977992629790e-02 9.201193416007512338e-02 9.515294528930480500e-02 9.488886522951950342e-02 9.142400245201193210e-02 9.513989058408592325e-02 9.155089591786767789e-02 9.572003604877457605e-02 9.374512428666370578e-02 9.400065717957488409e-02 9.540217381726488755e-02 9.481136993831736082e-02 9.535188866521986106e-02 9.501871824552363122e-02 9.567070128010558838e-02 9.563649898205661692e-02 9.524580051680167636e-02 9.222540924959508890e-02 9.533941663117440068e-02 9.549982435534867808e-02 9.410147274000474349e-02 9.356394330668345305e-02 9.523466523524579119e-02 9.525938025562843969e-02 9.151886088582547596e-02 9.000397180198821401e-02 9.501605919029544600e-02 9.534167963376616317e-02 9.477452049286472224e-02 9.231826838099907451e-02 9.230108835818789936e-02 9.494557289061050787e-02 9.539198250256833433e-02 9.644024116678218128e-02 9.595616908562912273e-02 9.146439223088435877e-02 9.433777981965334181e-02 9.574948888123023527e-02 9.645204270213922348e-02 9.606204087288000570e-02 8.782497048921267258e-02 9.538565695009854073e-02 9.593516699751575283e-02 9.581807414959161995e-02 9.603110362270644851e-02 9.599428386256102230e-02 9.491495237154051745e-02 9.436418712057106917e-02 9.422376755376633828e-02 9.608009568034506231e-02 9.257438296118117305e-02 9.598014625775697084e-02 9.179620185627587747e-02 9.302529663933763182e-02 9.364983526664052982e-02 9.615714694793106587e-02 9.550002522764318436e-02 9.557419625290083931e-02 9.147588874750026133e-02 9.573067695992708293e-02 9.608430041086980788e-02 9.592952787330387421e-02 9.398640910691663519e-02 9.569020491793901739e-02 9.606471358607106270e-02
9.217265600296188285e-03 1.275225862052758660e-02 1.047976879488017599e-02 1.234342342488559986e-02 1.010584727295239099e-02 1.316994573928742703e-02 9.166771942658490102e-03 9.419325681832761352e-03 9.324611716644849377e-03 1.012046041401418184e-02 0.000000000000000000e+00 9.330802036597763902e-03 1.561765913893319903e-02 1.839569095646386571e-02 1.616086453594272471e-02 1.626106629502710108e-02 1.002753643262163305e-02 9.964951689991367531e-03 9.572891180385408039e-03 9.558877318234029752e-03 1.321954482839332243e-02 9.335542763835859639e-03 9.427033744524556183e-03 9.477677268659496015e-03 1.237430927231018829e-02 1.015642204167777236e-02 9.699898081750236989e-03 1.262449210387319061e-02 9.214073080855337758e-03 9.117702487034664433e-03 1.041770629178529264e-02 1.219548879071322318e-02 9.033166436737018190e-02 9.360125635656900422e-02 9.325199444630416501e-02 9.236780536248134776e-02 9.320664968970097941e-02 8.750555356905423410e-02 9.357265187665872452e-02 9.344455316687953761e-02 9.321066014982583303e-02 9.202334578079572613e-02 9.365085923187192740e-02 9.335135219795359651e-02 9.338623688805031131e-02 9.348703946184003244e-02 9.327763100947147890e-02 9.344561794549707812e-02 9.348603874462195484e-02 9.223037491608204741e-02 8.988772883187676199e-02 9.222061123741977229e-02 9.370268659418158619e-02 9.168494767234394716e-02 9.030474089768750212e-02 9.347491307937817739e-02 8.888329114881768356e-02 9.207107773740479117e-02 9.203926227993758369e-02 9.263479305397477603e-02 9.272402540141432004e-02 9.354545902271239888e-02 9.212833673234462062e-02 9.356429554091610923e-02 9.231132842033511199e-02 9.545531519205466275e-02 9.519206697156754049e-02 9.172643702213488515e-02 9.544189889552638639e-02 9.185612359693420825e-02 9.602188243643235144e-02 9.405952335487877125e-02 9.431051324871828068e-02 9.570510443040461390e-02 9.511481526279312593e-02 9.565438143536450499e-02 9.532092633593357289e-02 9.597148975890570921e-02 9.593750456766124424e-02 9.554748446845112708e-02 9.254983815325060204e-02 9.564009571999379511e-02 9.580121764727005107e-02 9.441108752823526573e-02 9.388083298288163459e-02 9.553672125571538443e-02 9.556198534748318318e-02 9.181865250615010854e-02 9.031269527295060495e-02 9.531950714053644136e-02 9.564300630022182226e-02 9.507731765758718756e-02 9.263842721951363879e-02 9.263411890384079528e-02 9.524773217305608497e-02 9.569515784135772252e-02 9.696207686827343353e-02 9.648129458983831230e-02 9.199452131412945433e-02 9.486657009624493986e-02 9.627443522576052681e-02 9.697539740384196472e-02 9.658567866886554054e-02 8.835714187953876142e-02 9.591132178079590787e-02 9.645896751088170462e-02 9.634197395105044415e-02 9.655482459898755143e-02 9.651923404135881457e-02 9.544093094670123845e-02 9.489253454339442728e-02 9.474940904975266698e-02 9.660387000876882735e-02 9.312369994709467080e-02 9.650552361424723224e-02 9.234907498912467427e-02 9.355319175838242018e-02 9.417901932374374285e-02 9.668159722156594027e-02 9.602538076425348734e-02 9.609853215850035213e-02 9.200173485637981596e-02 9.625592215630238146e-02 9.660816446793746293e-02 9.645304810942442741e-02 9.450946297738775648e-02 9.621446602611674614e-02 9.658812806067754164e-02
9.512380342761082505e-03 1.248756621510702970e-02 9.770721130212227726e-03 1.225758783630952718e-02 9.695845249270241412e-03 1.382180582983965136e-02 9.280276176499161270e-03 9.456104067741740934e-03 9.289538970536557333e-03 9.759822004440628015e-03 9.330802036597763902e-03 0.000000000000000000e+00 1.617647510780942377e-02 1.846010187614889608e-02 1.547658844447916127e-02 1.571188569356658099e-02 1.075711614181184238e-02 9.326536880816386696e-03 1.023706935233568809e-02 9.484816201827525259e-03 1.315598629175248127e-02 9.337150216909196124e-03 9.257577924152337462e-03 9.422166595688789142e-03 1.235528531344846567e-02 9.545801002608622979e-03 9.576598071093692099e-03 1.287143303869875931e-02 9.442668200528843078e-03 9.245906312140082794e-03 9.713657939885220541e-03 1.288691086947214674e-02 9.049490994394274179e-02 9.376621145876880281e-02 9.341753900595289872e-02 9.252751518069658732e-02 9.337284455408788320e-02 8.768859776275317319e-02 9.373597132943836674e-02 9.360919158241040594e-02 9.337632552706216782e-02 9.218099976711190136e-02 9.381269867994453115e-02 9.351620427996225338e-02 9.355159219171918505e-02 9.365144085827409315e-02 9.344296949238943550e-02 9.361072674510302616e-02 9.365119617491912685e-02 9.239593872726495349e-02 9.007746089791449084e-02 9.238733723606440407e-02 9.386534179292922719e-02 9.185005501224008384e-02 9.047364926041512323e-02 9.364176305363935970e-02 8.903096395004475583e-02 9.223180432670134710e-02 9.219987695644016323e-02 9.279932164395572614e-02 9.288856461230485251e-02 9.371001428951795942e-02 9.228926191054569184e-02 9.372845461999725070e-02 9.224324518122554994e-02 9.540687348458998240e-02 9.514443641453483591e-02 9.168136949235526634e-02 9.539327368612772473e-02 9.181116725648599819e-02 9.597377066896281561e-02 9.401511408546751880e-02 9.426901860284855883e-02 9.565790106983210195e-02 9.506718626701565755e-02 9.560699279499540459e-02 9.527271022294721281e-02 9.592331836421644220e-02 9.588918994659011152e-02 9.549967917786944538e-02 9.251405531339181032e-02 9.559236086467358395e-02 9.575321992494827128e-02 9.436935400075893710e-02 9.383923489262957496e-02 9.548819079575099344e-02 9.551482090286433912e-02 9.175037700947939745e-02 9.027479523599069022e-02 9.527295789501986911e-02 9.559491767076050417e-02 9.502894927953363380e-02 9.260561818494221498e-02 9.259873856429162720e-02 9.519924309193318612e-02 9.564823187247857572e-02 9.706351563392928705e-02 9.658409557031000237e-02 9.211699845626016014e-02 9.497038566551965766e-02 9.637472699859300773e-02 9.707673518400720958e-02 9.668832853005362993e-02 8.842040688417406036e-02 9.601147318827545074e-02 9.656090559692473430e-02 9.644252061804341192e-02 9.665748420111823502e-02 9.661907502725639030e-02 9.554320491648721214e-02 9.499682698685961435e-02 9.484579538848110503e-02 9.670529174488959323e-02 9.322349356787486274e-02 9.660711162292358323e-02 9.244913095550820470e-02 9.367503832379020512e-02 9.428792660163864969e-02 9.678378766780150466e-02 9.612531003820978803e-02 9.619574936096525475e-02 9.209661625374758465e-02 9.635794338757723565e-02 9.670995125741665976e-02 9.655219237652934439e-02 9.460214704363081872e-02 9.631503025860072009e-02 9.668760799324031818e-02
