0.000000000000000000e+00 6.544247037485887222e-03 6.544571408580650111e-03 6.544314169669197823e-03 6.525219315136453029e-03 6.544475741113832748e-03 6.525731158888041505e-03 6.525125999077652748e-03 6.526675385859585614e-03 6.523405609151417157e-03 6.523720757729621449e-03 6.525519150252134110e-03 6.526275881639935321e-03 6.525945684292616504e-03 6.544961273765278857e-03 6.544370362617834939e-03 6.523318428198384908e-03 6.524621165146759529e-03 6.544224547009577786e-03 6.525600293946325937e-03 6.525006773580647318e-03 6.544331221124920044e-03 6.525115771511645971e-03 6.525049323843875974e-03 6.525888211063286294e-03 6.544281621118977314e-03 6.544409820118885293e-03 6.525188117693107338e-03 6.525657200787723933e-03 6.522697753188464766e-03 6.544345262403961430e-03 6.526014885733903877e-03 6.545492910569902442e-03 6.545648737620457167e-03 6.545535230737124614e-03 6.545548624382502290e-03 6.545645288677601897e-03 6.545519365199907284e-03 6.545722598578438897e-03 6.545559874382614329e-03 6.545565330534647980e-03 6.545613106280345241e-03 6.545899364272478489e-03 6.545596673093435902e-03 6.545639873666797559e-03 6.545559156710355035e-03 6.545575582902085632e-03 6.545593717800549625e-03 6.545598485160679554e-03 6.545518621737963366e-03 6.545599817775689215e-03 6.545566465333138399e-03 6.545665368474273653e-03 6.545529559938242925e-03 6.545467751517257404e-03 6.545588240918257320e-03 6.545570009952700677e-03 6.545564692163839508e-03 6.545578399620344441e-03 6.545515742458958910e-03 6.545520322722435565e-03 6.545555618623197583e-03 6.545542785833621813e-03 6.545589958732850148e-03 6.545580843881895414e-03 6.545586211580091060e-03 6.545572910461218072e-03 6.545486164091066789e-03 6.545628581537182508e-03 6.545566535181472113e-03 6.545682976202503098e-03 6.545542605942218824e-03 6.545592061864886728e-03 6.545600805346818256e-03 6.545603802268703392e-03 6.545564007362948168e-03 6.545654775239147759e-03 6.545584099210828045e-03 6.545639863632018995e-03 6.545612488126931368e-03 6.545554983073595054e-03 6.545595079640697221e-03 6.545652536038876375e-03 6.545514829403235868e-03 6.545586738279714212e-03 6.545585856157041561e-03 6.545570168520688410e-03 6.545583679425617980e-03 6.545493556784479083e-03 6.545579596441087646e-03 6.545640025965128624e-03 6.545676900887698914e-03 6.545556421462892481e-03 6.545570530814711317e-03 6.545623940159454174e-03 6.545578176728805882e-03 6.545647692582420157e-03 6.545598524631212299e-03 6.545531813057168732e-03 6.545570665524864939e-03 6.545534853882972563e-03 6.545705189193519978e-03 6.545589701146585331e-03 6.545621924554152586e-03 6.545571530521436705e-03 6.545567486888019884e-03 6.545564601927835076e-03 6.545638472737561227e-03 6.545592032758768171e-03 6.545508488865482179e-03 6.545556283855431465e-03 6.545560324926553292e-03 6.545621145496634437e-03 6.545484493697325060e-03 6.545654963869290514e-03 6.545524359774798975e-03 6.545488709634650869e-03 6.545559160651276409e-03 6.545540466337187481e-03 6.545597072021043863e-03 6.545683351486078147e-03 6.545570341871052855e-03 6.545573562693733465e-03 6.545642169104343329e-03 6.545527815974980061e-03 6.545649049142361793e-03 6.545610949652117677e-03 6.545563625363397253e-03
6.544247037485887222e-03 0.000000000000000000e+00 6.526651478955451322e-03 6.528596338590887324e-03 6.527088798026305962e-03 6.526392631974526314e-03 6.544166963769085937e-03 6.527134451952946829e-03 6.528596982588681652e-03 6.525238019400933162e-03 6.544177418789528210e-03 6.527537283523052181e-03 6.528221386592111472e-03 6.527767581743467926e-03 6.544590793256549292e-03 6.544201365129296948e-03 6.525386557142949170e-03 6.544223442108689989e-03 6.526246607329848175e-03 6.527478455143288262e-03 6.526771432686820189e-03 6.526647657596570951e-03 6.527074669033638282e-03 6.527143388347585000e-03 6.527840049286547097e-03 6.544077809718596567e-03 6.526646326925452518e-03 6.527194184595103144e-03 6.527760306028830388e-03 6.524840123150267394e-03 6.526725374322406986e-03 6.528060792868170016e-03 6.545349675469950591e-03 6.545482780861122327e-03 6.545382964699564786e-03 6.545454211959128230e-03 6.545479157187930955e-03 6.545370322593794567e-03 6.545546175931928924e-03 6.545407435870493826e-03 6.545409470674775493e-03 6.545452602389688693e-03 6.545700952554074463e-03 6.545436056598831487e-03 6.545474017627461900e-03 6.545406647517006300e-03 6.545419174767944277e-03 6.545433536481477972e-03 6.545504532036336594e-03 6.545368136051069041e-03 6.545369034391596876e-03 6.545472267716574699e-03 6.545499582160953754e-03 6.545435538713142293e-03 6.545326936676843475e-03 6.545493478778451231e-03 6.528620931474228214e-03 6.545470324607203377e-03 6.545483901239564258e-03 6.545367678090802110e-03 6.545425957265708222e-03 6.545403103738594089e-03 6.545448357768907099e-03 6.545431710571938955e-03 6.545490180942324654e-03 6.545495761767618735e-03 6.545482265171202740e-03 6.545406458446426795e-03 6.545537874859527414e-03 6.545418714711757555e-03 6.545592439463831028e-03 6.545451760710696565e-03 6.545501554221058380e-03 6.545510065481068528e-03 6.545513150138617883e-03 6.545473323408985793e-03 6.545564063052138407e-03 6.545493603214742363e-03 6.545549106489301217e-03 6.545521837880941170e-03 6.545464328959432580e-03 6.545504432288612624e-03 6.545562050244960531e-03 6.545424149804924749e-03 6.545496090236957269e-03 6.545495169846552753e-03 6.545479485829661104e-03 6.545493055060486003e-03 6.545413795958655682e-03 6.545488951053481975e-03 6.545549589199405743e-03 6.545586237595582904e-03 6.545465538225002204e-03 6.545479838724456954e-03 6.545533285029214721e-03 6.545487681189330643e-03 6.545557215842433794e-03 6.545508179845119061e-03 6.545453409179854617e-03 6.545479823341087897e-03 6.545444268055628997e-03 6.545614780432813806e-03 6.545499308395501606e-03 6.545461618155505763e-03 6.545480938217876875e-03 6.545477083070951226e-03 6.545473968924331830e-03 6.545548090976262105e-03 6.545501589534469429e-03 6.545417825873751753e-03 6.545465500219259554e-03 6.545469735256024407e-03 6.545530709107434154e-03 6.545404400122117189e-03 6.545564589448809451e-03 6.545445255471374520e-03 6.545409081243807985e-03 6.545468688590739582e-03 6.545450093888758279e-03 6.545506480109272197e-03 6.545592585539007288e-03 6.545479606707557338e-03 6.545483205554524300e-03 6.545551739745198404e-03 6.545437148760075742e-03 6.545558238617764368e-03 6.545520304547448875e-03 6.545472949324558296e-03
6.544571408580650111e-03 6.526651478955451322e-03 0.000000000000000000e+00 6.527461586521531890e-03 6.525964507154305080e-03 6.525358799542050822e-03 6.544304718291782744e-03 6.526034944977420968e-03 6.527453220222689811e-03 6.524308344324681111e-03 6.544572270826922757e-03 6.526347405335399844e-03 6.527168862773118432e-03 6.526860279604401911e-03 6.519476630307408441e-03 6.526365896174926920e-03 6.544479467079442579e-03 6.525758769185048547e-03 6.525300807609466652e-03 6.526415539103098788e-03 6.525755883317353560e-03 6.525685008831532546e-03 6.526044698491265637e-03 6.544266362736154453e-03 6.544161840749082061e-03 6.526781418260604699e-03 6.525544131546353981e-03 6.544267499822352223e-03 6.544174080710563057e-03 6.523774455535944448e-03 6.525605698519825609e-03 6.544313898932616232e-03 6.545469438035970283e-03 6.545619897184397004e-03 6.545506718858348262e-03 6.545520569858936065e-03 6.545616766437317019e-03 6.545569884943436452e-03 6.545694108672236479e-03 6.545531611493067385e-03 6.545536823238031800e-03 6.545584870381209071e-03 6.545870452875249094e-03 6.545567873148858302e-03 6.545611049450061024e-03 6.545530392374885112e-03 6.545546821532080388e-03 6.545564898733782083e-03 6.545570495406674572e-03 6.545490107055976226e-03 6.545493584223827620e-03 6.545538183420644175e-03 6.545636574804177855e-03 6.545500772383213046e-03 6.545509062787991522e-03 6.545559954854457060e-03 6.545476921218679189e-03 6.545536406042701434e-03 6.545550122688969900e-03 6.545486994302676317e-03 6.545492207540352936e-03 6.545526836235716385e-03 6.545514490763380128e-03 6.545560912034661082e-03 6.545484211376771840e-03 6.545557412070029599e-03 6.545543894543232911e-03 6.545525686210803412e-03 6.545599486389126059e-03 6.545474565538866515e-03 6.545654099868685946e-03 6.545513493420900691e-03 6.545563230460186427e-03 6.545571744239374150e-03 6.545574753921294502e-03 6.545535006986090421e-03 6.545625392788096547e-03 6.545555520349890556e-03 6.545610766072905082e-03 6.545583695240390215e-03 6.545525982243407224e-03 6.545566292335501350e-03 6.545623956637210833e-03 6.545485862843296136e-03 6.545557957750481812e-03 6.545556598875361745e-03 6.545541162355156435e-03 6.545484744345874718e-03 6.545469845088246717e-03 6.545550815186712210e-03 6.545611469629898128e-03 6.545647783758949158e-03 6.545527425807369168e-03 6.545541967889876959e-03 6.545594870083441992e-03 6.545549379298876494e-03 6.545619149783629860e-03 6.545570042635400106e-03 6.545508393686498561e-03 6.545541765682270398e-03 6.545506002317988230e-03 6.545676677474988707e-03 6.545561196620775304e-03 6.545486774826642616e-03 6.545542646976411361e-03 6.545538975203248067e-03 6.545535710431895499e-03 6.545609971577526741e-03 6.545563503337238978e-03 6.545479627249942839e-03 6.545527413723057318e-03 6.545531455162551145e-03 6.545592619230813577e-03 6.545460642351289687e-03 6.545626468002918238e-03 6.545500956805295686e-03 6.545465064028886670e-03 6.545530631808990467e-03 6.545511971679955632e-03 6.545568178451176451e-03 6.545654323270174227e-03 6.545541402290928207e-03 6.545545071489388030e-03 6.545613648166519194e-03 6.545498934854899510e-03 6.545620016693381310e-03 6.545582018035333086e-03 6.545534717076274649e-03
6.544314169669197823e-03 6.528596338590887324e-03 6.527461586521531890e-03 0.000000000000000000e+00 6.527889313576712600e-03 6.527181076228704727e-03 6.528602438077691847e-03 6.544198097458779964e-03 6.529375477409640055e-03 6.526186536834209691e-03 6.526747099527966008e-03 6.528285762668449219e-03 6.528924551175771876e-03 6.528709144017392357e-03 6.521371692684251736e-03 6.528351729040329787e-03 6.526109361082110816e-03 6.527529211139735700e-03 6.527058755943150603e-03 6.528232279419309003e-03 6.527585994879321098e-03 6.527469173669676016e-03 6.527961323558585834e-03 6.527910557435932098e-03 6.528534211717767349e-03 6.528819375444533044e-03 6.527407902552295749e-03 6.527960651733367980e-03 6.544126991331420534e-03 6.544406916426897917e-03 6.527402006840524532e-03 6.528869708062184050e-03 6.545391167192621956e-03 6.545531143041557164e-03 6.545417836413569904e-03 6.545431414500327283e-03 6.545527774993417300e-03 6.545419789270176363e-03 6.545605332976276239e-03 6.545442686592816729e-03 6.545447924702011387e-03 6.545495635397906298e-03 6.545781973833359954e-03 6.545479174283237028e-03 6.545522350211692778e-03 6.545441699853232591e-03 6.545458111027549659e-03 6.545476152354050975e-03 6.545481492362752694e-03 6.545401233612240834e-03 6.545417106479747317e-03 6.545449241500212248e-03 6.545548034851134123e-03 6.545412211916664356e-03 6.545366085081072774e-03 6.545471018427771216e-03 6.545398941818623972e-03 6.545447454208082848e-03 6.545460962349216281e-03 6.545398306910567288e-03 6.545403230952081229e-03 6.545438103161781845e-03 6.545425379622339321e-03 6.545472406722119621e-03 6.545403808602723826e-03 6.545465442014691652e-03 6.545393730272686117e-03 6.545324226506371752e-03 6.545443124134949463e-03 6.529102725936555829e-03 6.545562012116639718e-03 6.545368714957747712e-03 6.545471113502479739e-03 6.545419688373422737e-03 6.545420565597720279e-03 6.545386491791272895e-03 6.545466480602187172e-03 6.545463283724293688e-03 6.545454043895524397e-03 6.545429441533905102e-03 6.545377955583318863e-03 6.545414345088493638e-03 6.545531583737289674e-03 6.545343651821043662e-03 6.545406000147246071e-03 6.545406939666038697e-03 6.545393029174844876e-03 6.545403825641878635e-03 6.545330602213353215e-03 6.545400354959110545e-03 6.545519028697171886e-03 6.545486322378710198e-03 6.545379395997781048e-03 6.545391463985909819e-03 6.545438341032486750e-03 6.545457397961992538e-03 6.545530582872889636e-03 6.545481607082031909e-03 6.545431421960421457e-03 6.545453352352860986e-03 6.545417604211596109e-03 6.545588178879829105e-03 6.545472712322592500e-03 6.545413456568279637e-03 6.545454273003631016e-03 6.545450482989527245e-03 6.545447284884615274e-03 6.545521500798100363e-03 6.545474977702833534e-03 6.545391139945336799e-03 6.545439030921722766e-03 6.545442870178405301e-03 6.545504097119852691e-03 6.545382747151446377e-03 6.545538005892956313e-03 6.545424092712429955e-03 6.545386634583360945e-03 6.545442094111921655e-03 6.545423509592600622e-03 6.545479814461594402e-03 6.545565851590548663e-03 6.545452479190584129e-03 6.545456627121345149e-03 6.545525130666151464e-03 6.545410448701344946e-03 6.545531234158381319e-03 6.545493618376069418e-03 6.545446246938113957e-03
6.525219315136453029e-03 6.527088798026305962e-03 6.525964507154305080e-03 6.527889313576712600e-03 0.000000000000000000e+00 6.525711020061890529e-03 6.527087201008018383e-03 6.526465305483990058e-03 6.527835145919475349e-03 6.544341463569789720e-03 6.544288689535595824e-03 6.526782984923176940e-03 6.527471063580398726e-03 6.527084472480430485e-03 6.519790253914112960e-03 6.544243607527231582e-03 6.524651144551639990e-03 6.525967243179959382e-03 6.525654005792322875e-03 6.526781125056665273e-03 6.544182112520480731e-03 6.544340697559231784e-03 6.526398636259605861e-03 6.526407464930419379e-03 6.544125139086732178e-03 6.527351471790444198e-03 6.526047605657113969e-03 6.544290661712947807e-03 6.527029586341475537e-03 6.544401903619798816e-03 6.525884636511766063e-03 6.527348934389587930e-03 6.545446965743956062e-03 6.545596026379977943e-03 6.545482627671677690e-03 6.545496464364564636e-03 6.545592616675987435e-03 6.545475542875103629e-03 6.545670239213275017e-03 6.545507512878522526e-03 6.545512718290556232e-03 6.545560734020605329e-03 6.545846590812293316e-03 6.545544007541623938e-03 6.545587188552056193e-03 6.545506522404645998e-03 6.545522717827678173e-03 6.545541024716374119e-03 6.545546362681277548e-03 6.545466022641206402e-03 6.545472122596294323e-03 6.545514068104761954e-03 6.545612700580349073e-03 6.545476894158403294e-03 6.545485139786182821e-03 6.545535842524438132e-03 6.545455214225835358e-03 6.545512294082306108e-03 6.545526003699638981e-03 6.545463122860552090e-03 6.545468113119286106e-03 6.545502959866881208e-03 6.545490386003257298e-03 6.545537045654476437e-03 6.545528481709293224e-03 6.545534298219360218e-03 6.545520786820972943e-03 6.545502545895524882e-03 6.545576199024853020e-03 6.545453313556996895e-03 6.545630554067182090e-03 6.545490113451675300e-03 6.545539890305375821e-03 6.545548168781901641e-03 6.545551706001621894e-03 6.545511639053021823e-03 6.545602422208304100e-03 6.545531920668867798e-03 6.545587205936275257e-03 6.545560393086880500e-03 6.545502848314890473e-03 6.545542969124479131e-03 6.545600402344257246e-03 6.545462434629010888e-03 6.545534626557861571e-03 6.545533492186843445e-03 6.545517804765239520e-03 6.545531594542940319e-03 6.545516060786548893e-03 6.545527472706422385e-03 6.545588180208156311e-03 6.545624853118897461e-03 6.545504284934930417e-03 6.545518137888449092e-03 6.545571859451196003e-03 6.545526018794012649e-03 6.545595278250610459e-03 6.545546193049641553e-03 6.545486682878835609e-03 6.545517919901518503e-03 6.545482160369825962e-03 6.545652817039493247e-03 6.545537339264668152e-03 6.545465800856194172e-03 6.545518809658341410e-03 6.545515116366619479e-03 6.545511864361414425e-03 6.545586116719466496e-03 6.545539636971424782e-03 6.545455769503136061e-03 6.545503574561972043e-03 6.545507616124528888e-03 6.545568754742926883e-03 6.545438438099587634e-03 6.545602613229393671e-03 6.545478899998220454e-03 6.545443086813929057e-03 6.545506763606013037e-03 6.545488117239531799e-03 6.545544342903541861e-03 6.545630468820180792e-03 6.545517546092392488e-03 6.545521220547859814e-03 6.545589784573702108e-03 6.545475077512038706e-03 6.545596152172803751e-03 6.545558176772282508e-03 6.545510862558326891e-03
6.544475741113832748e-03 6.526392631974526314e-03 6.525358799542050822e-03 6.527181076228704727e-03 6.525711020061890529e-03 0.000000000000000000e+00 6.526261205664203764e-03 6.525649052226924728e-03 6.527182289067453430e-03 6.544466184569430571e-03 6.524405039277121968e-03 6.544324091361108583e-03 6.526583080968141777e-03 6.544430235833724463e-03 6.519134233441847663e-03 6.526101621185089775e-03 6.523937877581978927e-03 6.544378513682098594e-03 6.544274943806356083e-03 6.544251586076287389e-03 6.525377493450374052e-03 6.544301998523351441e-03 6.544310725814628249e-03 6.544388790895809722e-03 6.526525037382690728e-03 6.526649494532426113e-03 6.525304244108399293e-03 6.525792764606534214e-03 6.526393922906954977e-03 6.523315377301172960e-03 6.544278814172628349e-03 6.526721321002925714e-03 6.545539202732146566e-03 6.545538980482747994e-03 6.545441348008352103e-03 6.545526009176310181e-03 6.545535316156090785e-03 6.545501117716845396e-03 6.545700469964153313e-03 6.545536496244524875e-03 6.545467565265021548e-03 6.545590320495187249e-03 6.545878222388308056e-03 6.545492729129317663e-03 6.545529484905662082e-03 6.545465511954445294e-03 6.545477261205022088e-03 6.545489261221916315e-03 6.545576062014759645e-03 6.545427106765453612e-03 6.525914536306761000e-03 6.545468857323312635e-03 6.545643070097854899e-03 6.545436179472671062e-03 6.545447476619048292e-03 6.545490709626801927e-03 6.545408282655165721e-03 6.545466851113115533e-03 6.545478501798196284e-03 6.545427666577678834e-03 6.545497368326938341e-03 6.545461490058910800e-03 6.545447398864985555e-03 6.545489260361653065e-03 6.545492098930383827e-03 6.545567166363779055e-03 6.545553641782869865e-03 6.545470086240020614e-03 6.545609212509373789e-03 6.545482524706639285e-03 6.545664104505666790e-03 6.545523262749094323e-03 6.545572694033130814e-03 6.545581739643716902e-03 6.545584479819643343e-03 6.545544993430793719e-03 6.545635364698063584e-03 6.545565294970526020e-03 6.545620762722002134e-03 6.545593431475356036e-03 6.545535463687312400e-03 6.545576039262890680e-03 6.545633686889125794e-03 6.545495429508244208e-03 6.545567705891671903e-03 6.545566577147749789e-03 6.545551147405576607e-03 6.545492557558949508e-03 6.545476996557711077e-03 6.545560571160484106e-03 6.545621200727614816e-03 6.545657466784061788e-03 6.545537156290858437e-03 6.545551746723946712e-03 6.545604584098730326e-03 6.545559372252210233e-03 6.545629191428536942e-03 6.545580559242061142e-03 6.545515686401911018e-03 6.545551996688989300e-03 6.545516444607038173e-03 6.545687037988660514e-03 6.545571458904312148e-03 6.545493958701740708e-03 6.545553129734037710e-03 6.545549240872411759e-03 6.545545942916179867e-03 6.545620249105693796e-03 6.545574042076553363e-03 6.545489639579161155e-03 6.545537637933408065e-03 6.545541922473852720e-03 6.545602911918718680e-03 6.545535317548818732e-03 6.545637061808873974e-03 6.545582529136878720e-03 6.545472706420240108e-03 6.545540377943611168e-03 6.545522426134212784e-03 6.545578678203990176e-03 6.545664658751732499e-03 6.545551405032426148e-03 6.545555568920250963e-03 6.545623952103303729e-03 6.545509160127700732e-03 6.545630048466301483e-03 6.545592272341934845e-03 6.545544961998305163e-03
6.525731158888041505e-03 6.544166963769085937e-03 6.544304718291782744e-03 6.528602438077691847e-03 6.527087201008018383e-03 6.526261205664203764e-03 0.000000000000000000e+00 6.527002740209866989e-03 6.528544007864257696e-03 6.544291149421226951e-03 6.525588204007498963e-03 6.527418822538331826e-03 6.528108698301853322e-03 6.544293442111269107e-03 6.544601193292610801e-03 6.527404663152461435e-03 6.525308703316944244e-03 6.526590149545697522e-03 6.526251845990021366e-03 6.527353153205541630e-03 6.526643093922147344e-03 6.526657334248991277e-03 6.544114890862488126e-03 6.526947080296546279e-03 6.527779542517661918e-03 6.528002356997216274e-03 6.526719668776172732e-03 6.527005048074014174e-03 6.527640973497001245e-03 6.524767593174611753e-03 6.526729827154619315e-03 6.528055254198875113e-03 6.545477544492288996e-03 6.545563804587147677e-03 6.545450613684871549e-03 6.545464233783835142e-03 6.545560413140862413e-03 6.545447708530577335e-03 6.545638303490405006e-03 6.545475487191392515e-03 6.545480723104376945e-03 6.545528508609619808e-03 6.545815124450949513e-03 6.545512018478281263e-03 6.545555224080775412e-03 6.545474497619480254e-03 6.545490931606266251e-03 6.545508798187008905e-03 6.545514138866174308e-03 6.545434004133438531e-03 6.545444068089181083e-03 6.545481856452673233e-03 6.545580965954933723e-03 6.545444859482640529e-03 6.545393641072243945e-03 6.545503635931242820e-03 6.545485526972118911e-03 6.545480080398943801e-03 6.545493793203873562e-03 6.545431078657925651e-03 6.545435700107082172e-03 6.545470731967148632e-03 6.545458170458835073e-03 6.545505260896833724e-03 6.545434064210274398e-03 6.545501130003536158e-03 6.545487636487780023e-03 6.545411621254007550e-03 6.545543190558519506e-03 6.545424518228209684e-03 6.545597978276114851e-03 6.545457576035105217e-03 6.545506920122384081e-03 6.545515638888994674e-03 6.545518487785675736e-03 6.545478919716930626e-03 6.545569353948545166e-03 6.545499189987915786e-03 6.545554667567938731e-03 6.545527403129547742e-03 6.545469730078500199e-03 6.545510005836622895e-03 6.545567596562023270e-03 6.545429598930589329e-03 6.545501671368051007e-03 6.545500539717020311e-03 6.545485075282517391e-03 6.545434804423277270e-03 6.545419162959306009e-03 6.545494533408046690e-03 6.545555144946450452e-03 6.545591503688058185e-03 6.545471170873155657e-03 6.545485642944938801e-03 6.545538600757712724e-03 6.545493270553540827e-03 6.545563073771415961e-03 6.545514475845753966e-03 6.545459545240264396e-03 6.545486548774352882e-03 6.545450717401419920e-03 6.545620924649218561e-03 6.545505375596326683e-03 6.545536953434382028e-03 6.545487453956766281e-03 6.545483155217517168e-03 6.545480248516431614e-03 6.545554176782748465e-03 6.545507890931587074e-03 6.545424067735233428e-03 6.545472184052390612e-03 6.545476224206770062e-03 6.545536798418806132e-03 6.545469445566031927e-03 6.545570947306886267e-03 6.545516692766727151e-03 6.545414948076682532e-03 6.545474781271198687e-03 6.545456331041678288e-03 6.545513017614406660e-03 6.545599008981047712e-03 6.545485704995381709e-03 6.545489488095693892e-03 6.545557838172826742e-03 6.545443388225884347e-03 6.545564374375052036e-03 6.545526637455273758e-03 6.545479225613894635e-03
6.525125999077652748e-03 6.527134451952946829e-03 6.526034944977420968e-03 6.544198097458779964e-03 6.526465305483990058e-03 6.525649052226924728e-03 6.527002740209866989e-03 0.000000000000000000e+00 6.527779722831631402e-03 6.544325892031900745e-03 6.525189705667828674e-03 6.526720832885791329e-03 6.544276089255800580e-03 6.527269788679999386e-03 6.544756167698212619e-03 6.526838037153517326e-03 6.544244808289666378e-03 6.525961496888809873e-03 6.525567713089413385e-03 6.544105212329519999e-03 6.526024991036973900e-03 6.526029660294248996e-03 6.526249746183006469e-03 6.544132942101180302e-03 6.527145430629580428e-03 6.527353996868267248e-03 6.544251544461575712e-03 6.526379643306099917e-03 6.527010494456965579e-03 6.524013158537444838e-03 6.526049812416077900e-03 6.527420666501906540e-03 6.545442482678819930e-03 6.545590633599565611e-03 6.545477293637506737e-03 6.545491128341823783e-03 6.545587222332919716e-03 6.545470215415456587e-03 6.545664809810030314e-03 6.545502179217781158e-03 6.545507369475081494e-03 6.545555363193329354e-03 6.545841469105076992e-03 6.545538640882501633e-03 6.545581800406760804e-03 6.545501189468914092e-03 6.545517590028806024e-03 6.545535654876979796e-03 6.545541004196554769e-03 6.545460698801879550e-03 6.545466794240978325e-03 6.545508718749273869e-03 6.545607576265828620e-03 6.545471768126813646e-03 6.545416905850081658e-03 6.545530492483899940e-03 6.545450400357826284e-03 6.545506941461699812e-03 6.545520643543781616e-03 6.545457811327672765e-03 6.545462796148443334e-03 6.545497623465379097e-03 6.545485041615374533e-03 6.545531917341079232e-03 6.545457609489343728e-03 6.545528228296317724e-03 6.545514928645908108e-03 6.545435260399191414e-03 6.545570516455766728e-03 6.545508873793658318e-03 6.545625118986706133e-03 6.545484866712149817e-03 6.545534032166368948e-03 6.545542983282117734e-03 6.545545790351627730e-03 6.545506236882020490e-03 6.545596686512836042e-03 6.545526319947559193e-03 6.545582028673960218e-03 6.545554721459959785e-03 6.545497016353789797e-03 6.545537317489935093e-03 6.545594720752961719e-03 6.545456883076119017e-03 6.545528984506745335e-03 6.545527845508884897e-03 6.545512390423870175e-03 6.545458228641270505e-03 6.545442588246511671e-03 6.545521840990053096e-03 6.545582253034007252e-03 6.545618824467584057e-03 6.545498456020134269e-03 6.545512981692710487e-03 6.545565909261642258e-03 6.545520399546525189e-03 6.545590457536049414e-03 6.545541592105658980e-03 6.545552312755291771e-03 6.545513468042814774e-03 6.545477839361444131e-03 6.545648024878001833e-03 6.545532735926465340e-03 6.545564017439669743e-03 6.545514570726143969e-03 6.545510478920183936e-03 6.545507592727272533e-03 6.545581553331423184e-03 6.545534575979522311e-03 6.545451207392819805e-03 6.545499302688698520e-03 6.545503343198115151e-03 6.545563927205285543e-03 6.545434811194607294e-03 6.545597797080369810e-03 6.545475447318651989e-03 6.545499048318709906e-03 6.545501893247740975e-03 6.545483452527278180e-03 6.545540132768139230e-03 6.545625866796498521e-03 6.545513074740147430e-03 6.545516605191103315e-03 6.545584965216422538e-03 6.545470521929677710e-03 6.545591525534683389e-03 6.545554004210228823e-03 6.545506358590723502e-03
6.526675385859585614e-03 6.528596982588681652e-03 6.527453220222689811e-03 6.529375477409640055e-03 6.527835145919475349e-03 6.527182289067453430e-03 6.528544007864257696e-03 6.527779722831631402e-03 0.000000000000000000e+00 6.526113623338502395e-03 6.526610677518871265e-03 6.528052164214002105e-03 6.544081631169562999e-03 6.528658920370225029e-03 6.521462360453245816e-03 6.528352052991296534e-03 6.544286729041981152e-03 6.527533783616127142e-03 6.527130694954526996e-03 6.528113514759534795e-03 6.544176338781922293e-03 6.527471103765372130e-03 6.527844487540330684e-03 6.527841454075576991e-03 6.528530664538630991e-03 6.528760916670864854e-03 6.527470359046126658e-03 6.527894543174729385e-03 6.528540744010150575e-03 6.525479018548766517e-03 6.527472949867326596e-03 6.528874833472482486e-03 6.545397219447629880e-03 6.545537378589604688e-03 6.545424073637679495e-03 6.545437840760430330e-03 6.545534011441101960e-03 6.545426488114195786e-03 6.545611565715262620e-03 6.545448922459994393e-03 6.545454161957644373e-03 6.545502093071338748e-03 6.545788208158011094e-03 6.545485409162116706e-03 6.545528583283337538e-03 6.545447935515287877e-03 6.545464348476606915e-03 6.545482387947928159e-03 6.545487728986889089e-03 6.545407471469073465e-03 6.545423322502128168e-03 6.545455478801877856e-03 6.545554270636947183e-03 6.545418449066574620e-03 6.545372089102784868e-03 6.545477253548635278e-03 6.545405159824536218e-03 6.545453701884156386e-03 6.545467409818392888e-03 6.545404543145220098e-03 6.545409470429056249e-03 6.545444339424996878e-03 6.545431795840690216e-03 6.545478643227306895e-03 6.545413141623630283e-03 6.545475186705151591e-03 6.545461709800005912e-03 6.545390047914736303e-03 6.545517052343609310e-03 6.545402953839149669e-03 6.545571778703820204e-03 6.545431314238305508e-03 6.545480756230443939e-03 6.545489455298618073e-03 6.545492587022279721e-03 6.545452944698452492e-03 6.545543463807998973e-03 6.545473003815660898e-03 6.545528485670087590e-03 6.545501480736459765e-03 6.545443793030829988e-03 6.545484069718611811e-03 6.545541417891242650e-03 6.545403438293221146e-03 6.545475735157182777e-03 6.545474596727249121e-03 6.545459102699452240e-03 6.545414280383686154e-03 6.545457511173606233e-03 6.545468586738196690e-03 6.545529216656706048e-03 6.545565649365745788e-03 6.545445230215655129e-03 6.545459449774582161e-03 6.545512715965098698e-03 6.545467286412693167e-03 6.545537052921233945e-03 6.545488254108802924e-03 6.545498168234903727e-03 6.545459808753394115e-03 6.545424201609393450e-03 6.545594667068346806e-03 6.545479361276237973e-03 6.545420455631210423e-03 6.545460907327239723e-03 6.545457101201185637e-03 6.545453905926179247e-03 6.545528180528120341e-03 6.545481236580040843e-03 6.545397562714567324e-03 6.545445650825639471e-03 6.545449690436697457e-03 6.545510555016112973e-03 6.545389182360221957e-03 6.545544470654139288e-03 6.545430547543988099e-03 6.545445323230318808e-03 6.545448520119341411e-03 6.545430103764910378e-03 6.545486461433542950e-03 6.545572110965546149e-03 6.545459350973449955e-03 6.545463259616000201e-03 6.545531597621413560e-03 6.545416861501490019e-03 6.545537743518626585e-03 6.545500283151170148e-03 6.545452676218214451e-03
6.523405609151417157e-03 6.525238019400933162e-03 6.524308344324681111e-03 6.526186536834209691e-03 6.544341463569789720e-03 6.544466184569430571e-03 6.544291149421226951e-03 6.544325892031900745e-03 6.526113623338502395e-03 0.000000000000000000e+00 6.544334385218541703e-03 6.525037765654276116e-03 6.525508729297564356e-03 6.525314617239309084e-03 6.544833670820627246e-03 6.544420756823401270e-03 6.522942277104170662e-03 6.524214401144108784e-03 6.523671676733562401e-03 6.544285882959100312e-03 6.544459966913954152e-03 6.524222640176580677e-03 6.544250819398425567e-03 6.544332723233726307e-03 6.525404508134573754e-03 6.525656056697036293e-03 6.524387820537392788e-03 6.524555884810278455e-03 6.525305771243954459e-03 6.522416698008446680e-03 6.544482580483773800e-03 6.525731893903351406e-03 6.545505975964554038e-03 6.545664991771310559e-03 6.545551534907130022e-03 6.545565165161315764e-03 6.545661532245789470e-03 6.545533668713768467e-03 6.545738780786312071e-03 6.545576176741416639e-03 6.545581614775141353e-03 6.545629378458307952e-03 6.545915452098963541e-03 6.545612940717609844e-03 6.545656113240011509e-03 6.545575467299068889e-03 6.545591877897534959e-03 6.545610001327068113e-03 6.545615023278860897e-03 6.545534935498280825e-03 6.545616008334639163e-03 6.545583004976145147e-03 6.545681622588873927e-03 6.545546123068049851e-03 6.545480837254247924e-03 6.545604777855884744e-03 6.545514297423028587e-03 6.545581231248184632e-03 6.545594936863461007e-03 6.545532077075750035e-03 6.545536877569500811e-03 6.545571941272878246e-03 6.545559325353015635e-03 6.545606252385959174e-03 6.545597528454606684e-03 6.545603061315101098e-03 6.545589512912879798e-03 6.545500037434217287e-03 6.545644884776842705e-03 6.545512462437972322e-03 6.545699567100835350e-03 6.545559208087102510e-03 6.545608643175965247e-03 6.545617142537070790e-03 6.545620407063927962e-03 6.545580619099350406e-03 6.545671393432524708e-03 6.545600681828483806e-03 6.545656176934455325e-03 6.545629093672446393e-03 6.545571588965192616e-03 6.545611683564292634e-03 6.545669115036909305e-03 6.545531206363909733e-03 6.545603342438650017e-03 6.545602471312997502e-03 6.545586783845498864e-03 6.545600644550662352e-03 6.545585384014332951e-03 6.545596198562504860e-03 6.545656908515253870e-03 6.545693507356352241e-03 6.545573022447253100e-03 6.545586865697405193e-03 6.545640547345512802e-03 6.545595035296825764e-03 6.545664262378024338e-03 6.545615052564421853e-03 6.545544136911262204e-03 6.545587206333054221e-03 6.545551387620902536e-03 6.545721738689230448e-03 6.545606243614431399e-03 6.545637623929709964e-03 6.545588058125231812e-03 6.545584031986361601e-03 6.545581145067704346e-03 6.545655011207857608e-03 6.545608592217695525e-03 6.545525049958588436e-03 6.545572812939649127e-03 6.545576854136737031e-03 6.545637701932077550e-03 6.545497781354219988e-03 6.545671502221859020e-03 6.545537318285685711e-03 6.545501578941490678e-03 6.545575721197946506e-03 6.545557002764831357e-03 6.545613597311906139e-03 6.545699917385139517e-03 6.545586911299592150e-03 6.545590093197196924e-03 6.545658723960116020e-03 6.545544377839668769e-03 6.545665631710426147e-03 6.545627486929834170e-03 6.545580184070417390e-03
6.523720757729621449e-03 6.544177418789528210e-03 6.544572270826922757e-03 6.526747099527966008e-03 6.544288689535595824e-03 6.524405039277121968e-03 6.525588204007498963e-03 6.525189705667828674e-03 6.526610677518871265e-03 6.544334385218541703e-03 0.000000000000000000e+00 6.525528066597271158e-03 6.526207535906661944e-03 6.544390377832739678e-03 6.544845560658247782e-03 6.544296261737475237e-03 6.523496904669715164e-03 6.544337521605020358e-03 6.524399648578919041e-03 6.525522767520719469e-03 6.544323954567145274e-03 6.524632623553183741e-03 6.525192407917142744e-03 6.525124076486133601e-03 6.525819202794621784e-03 6.544282156032321836e-03 6.524861927520994760e-03 6.525115775068514312e-03 6.525722574973628898e-03 6.522698564613946259e-03 6.544501056025640168e-03 6.526085836044759510e-03 6.545560047399045372e-03 6.545646288315297434e-03 6.545533081688648981e-03 6.545546752954282434e-03 6.545642840950452457e-03 6.545518146957163622e-03 6.545720836079135276e-03 6.545558001887577700e-03 6.545563180589132959e-03 6.545611010554369669e-03 6.545897709950843947e-03 6.545594513307885845e-03 6.545637707854712328e-03 6.545557009187919981e-03 6.545573432746010743e-03 6.545591293031585017e-03 6.545596643987064943e-03 6.545516477848812090e-03 6.545514341366264789e-03 6.545564315130350877e-03 6.545663561971517240e-03 6.545527415193140054e-03 6.545465426475208758e-03 6.545586094319907726e-03 6.545567632394413277e-03 6.545562540972874564e-03 6.545576248951427180e-03 6.545513600434043830e-03 6.545518225990658648e-03 6.545553243538808873e-03 6.545540636526863201e-03 6.545587806518009776e-03 6.545578491428703100e-03 6.545584380543141394e-03 6.545570843736277580e-03 6.545483874194325813e-03 6.545626219768629211e-03 6.545496797411415150e-03 6.545680879193313539e-03 6.545540541119308948e-03 6.545589963924529700e-03 6.545598466229890326e-03 6.545601739622779539e-03 6.545561940574226231e-03 6.545652715973755871e-03 6.545582003597030969e-03 6.545637501980242079e-03 6.545610427609324135e-03 6.545552918902943808e-03 6.545593016460828951e-03 6.545650439053661562e-03 6.545512534829846067e-03 6.545584675396383910e-03 6.545583791854834958e-03 6.545568105282088475e-03 6.545581592505063211e-03 6.545566334526592249e-03 6.545577530682274506e-03 6.545638230497527639e-03 6.545674843194556301e-03 6.545554354275172869e-03 6.545568202293025085e-03 6.545621880857595797e-03 6.545576345473526521e-03 6.545645624817905857e-03 6.545596985601645316e-03 6.545530055855164168e-03 6.545569106923743510e-03 6.545533243463660771e-03 6.545703467943051433e-03 6.545587886024887420e-03 6.545620003804528131e-03 6.545569970249322071e-03 6.545565674052058677e-03 6.545562768291529783e-03 6.545636677864123849e-03 6.545590494184827177e-03 6.545506637349158240e-03 6.545554703736280490e-03 6.545558744219129831e-03 6.545619353027976560e-03 6.545551913319676111e-03 6.545653497961499527e-03 6.545599144041402105e-03 6.545486906679111663e-03 6.545557345582621138e-03 6.545538855777502732e-03 6.545595529790404661e-03 6.545681611170698494e-03 6.545568268992796659e-03 6.545572002813569192e-03 6.545640389672072526e-03 6.545525959312411581e-03 6.545646978078670589e-03 6.545609145106724355e-03 6.545561791096487884e-03
6.525519150252134110e-03 6.527537283523052181e-03 6.526347405335399844e-03 6.528285762668449219e-03 6.526782984923176940e-03 6.544324091361108583e-03 6.527418822538331826e-03 6.526720832885791329e-03 6.528052164214002105e-03 6.525037765654276116e-03 6.525528066597271158e-03 0.000000000000000000e+00 6.544223702061775956e-03 6.544283597501761307e-03 6.520390308667106671e-03 6.527183775731889084e-03 6.544507464590474353e-03 6.526367814989705862e-03 6.544334284486907731e-03 6.526976861120545835e-03 6.544291961865266079e-03 6.526298062277989878e-03 6.526656935241297204e-03 6.526653679859687959e-03 6.527462084941547220e-03 6.527620042669934897e-03 6.526297471589461406e-03 6.526849377316816178e-03 6.527473260962390368e-03 6.524256640970054789e-03 6.526293179926258639e-03 6.544230944181224363e-03 6.545502690299515383e-03 6.545589112263854557e-03 6.545476122194647355e-03 6.545489705935323040e-03 6.545585981118720587e-03 6.545539163494124013e-03 6.545663275606975785e-03 6.545500766799733187e-03 6.545506246844480167e-03 6.545553787645649185e-03 6.545840013016130526e-03 6.545537325464011354e-03 6.545580532681879136e-03 6.545499798212860154e-03 6.545516459406611198e-03 6.545534109033249864e-03 6.545539634512992019e-03 6.545459503389621653e-03 6.545539899742641027e-03 6.545507589477080751e-03 6.545605988870419056e-03 6.545470359374765471e-03 6.545417605148692863e-03 6.545529363310513202e-03 6.545450999595007861e-03 6.545505811531402915e-03 6.545519540623552512e-03 6.545456375400912456e-03 6.545461154244319388e-03 6.545496033994774483e-03 6.545483884636034075e-03 6.545530570142902432e-03 6.545457741470269916e-03 6.545526603390935602e-03 6.545513102491386237e-03 6.545435224518346244e-03 6.545568429214038315e-03 6.545448159064439289e-03 6.545623239282775431e-03 6.545482706099460188e-03 6.545532170968078843e-03 6.545540897126814542e-03 6.545543970676500137e-03 6.545504392911605761e-03 6.545594865600741323e-03 6.545524447812036198e-03 6.545579922349061865e-03 6.545552893993318230e-03 6.545495192471406133e-03 6.545535486553438927e-03 6.545592850284958145e-03 6.545454849728680677e-03 6.545527153358807193e-03 6.545526014699132832e-03 6.545510549890721542e-03 6.545458668887268149e-03 6.545509269085275465e-03 6.545520006784545132e-03 6.545580653196747187e-03 6.545617014824100383e-03 6.545496629787546372e-03 6.545510898798285841e-03 6.545564094240846273e-03 6.545518757234720410e-03 6.545588576523586437e-03 6.545540174661274024e-03 6.545550326987132489e-03 6.545511674641248633e-03 6.545476032183040679e-03 6.545646448417374863e-03 6.545531075870325913e-03 6.545463342920715757e-03 6.545512770766291795e-03 6.545508817810218212e-03 6.545505566902650764e-03 6.545579909014652767e-03 6.545533154579779613e-03 6.545449217546778393e-03 6.545497502788336953e-03 6.545501540955348668e-03 6.545562284134708378e-03 6.545494625222397084e-03 6.545596443296115841e-03 6.545541861201283236e-03 6.545497426513105163e-03 6.545500238259436589e-03 6.545481971788578990e-03 6.545538336542499648e-03 6.545623826078669424e-03 6.545510831637568749e-03 6.545515164506525603e-03 6.545583336305787689e-03 6.545468508426011828e-03 6.545589215186563975e-03 6.545551960143797081e-03 6.545504335966282304e-03
