0.000000000000000000e+00 6.458466942138182953e-03 6.458487062391734743e-03 6.458471080976265107e-03 6.453711852063056392e-03 6.458481190268035993e-03 6.453876631581414655e-03 6.453706124146568052e-03 6.454099094976440375e-03 6.453249359923828032e-03 6.453369550441957238e-03 6.453799696953444257e-03 6.453969297300323621e-03 6.453889902354474975e-03 6.458511168850087671e-03 6.458474564806734007e-03 6.453243933617747348e-03 6.453599161101573889e-03 6.458465539822714346e-03 6.453804765063687367e-03 6.453623143029951943e-03 6.458472203023431224e-03 6.453705450974539515e-03 6.453701306877588501e-03 6.453886361086855553e-03 6.458469039279833394e-03 6.458477025271576293e-03 6.453709989775016469e-03 6.453872059290789547e-03 6.453093569314353496e-03 6.458472962018141188e-03 6.453953031932472412e-03 6.458540173572438134e-03 6.458549647579309681e-03 6.458542408820348510e-03 6.458543419530865526e-03 6.458549381574982609e-03 6.458542232978280173e-03 6.458554356208245223e-03 6.458544014207568372e-03 6.458544370980175489e-03 6.458547599474941288e-03 6.458565368285619328e-03 6.458546284595463420e-03 6.458549038720210259e-03 6.458543927856111137e-03 6.458545006519766062e-03 6.458546093798824515e-03 6.458546441265687089e-03 6.458541541419373679e-03 6.458546829309163781e-03 6.458544593777370245e-03 6.458550519220084864e-03 6.458542340022112305e-03 6.458538546417215073e-03 6.458545806112989292e-03 6.458545219897952709e-03 6.458544500076615624e-03 6.458545339924376405e-03 6.458541250694331548e-03 6.458541572404268016e-03 6.458543679171684787e-03 6.458543053510817922e-03 6.458545925468925884e-03 6.458545666416372170e-03 6.458545662131975548e-03 6.458544844309383783e-03 6.458539735268816438e-03 6.458548344840407684e-03 6.458544790130293749e-03 6.458551727099194964e-03 6.458543012920763167e-03 6.458546165756042477e-03 6.458546548648174540e-03 6.458546823928598864e-03 6.458544186124214222e-03 6.458550018207430757e-03 6.458545444575987567e-03 6.458548990262749125e-03 6.458547306493819286e-03 6.458544011707796281e-03 6.458546166727638545e-03 6.458549855860587323e-03 6.458541202453536509e-03 6.458545860226520656e-03 6.458545604097950046e-03 6.458544633235540483e-03 6.458545918076821594e-03 6.458540418773477294e-03 6.458545229614297625e-03 6.458549094601168106e-03 6.458551497199689281e-03 6.458544110809231673e-03 6.458545022304987282e-03 6.458548046569557825e-03 6.458545139609597752e-03 6.458549392584222136e-03 6.458546395848711354e-03 6.458542713100169468e-03 6.458544850228686157e-03 6.458542335698756395e-03 6.458553183258250278e-03 6.458545815913114413e-03 6.458548625883432474e-03 6.458544745658804757e-03 6.458544453218223458e-03 6.458544247378768602e-03 6.458548989380531215e-03 6.458546028107792041e-03 6.458540808069606481e-03 6.458543946168719511e-03 6.458544158999237478e-03 6.458547883192838554e-03 6.458539612746905419e-03 6.458550015555157391e-03 6.458542244066943147e-03 6.458539810377292301e-03 6.458544270733156470e-03 6.458542682010712070e-03 6.458546371310804057e-03 6.458551768152017564e-03 6.458545162275806072e-03 6.458544876066483337e-03 6.458549126025117486e-03 6.458541881473953659e-03 6.458549813106619422e-03 6.458547236269735793e-03 6.458544162285797738e-03
6.458466942138182953e-03 0.000000000000000000e+00 6.454107552056315318e-03 6.454600682725722752e-03 6.454210267724250910e-03 6.454008781182935840e-03 6.458461977474082120e-03 6.454213134597533950e-03 6.454600747794763185e-03 6.453745440807056970e-03 6.458462600118368077e-03 6.454307372574345780e-03 6.454472437849714979e-03 6.454385389025161027e-03 6.458488285960418615e-03 6.458464084600102663e-03 6.453754645639478427e-03 6.458465533360284797e-03 6.453999681556154590e-03 6.454303768563153867e-03 6.454115023478211415e-03 6.454107325696258751e-03 6.454209410363359427e-03 6.454213651799475815e-03 6.454389927230983447e-03 6.458456446795169011e-03 6.454107246812782611e-03 6.454216828308807427e-03 6.454384926593076215e-03 6.453608897321027812e-03 6.454112101946465722e-03 6.454462389712784832e-03 6.458531545521483015e-03 6.458539604744998122e-03 6.458533214476466777e-03 6.458537825964901814e-03 6.458539335958599602e-03 6.458533157828884319e-03 6.458543654179940002e-03 6.458534817100264336e-03 6.458534945707760516e-03 6.458537893443981430e-03 6.458553276069399669e-03 6.458536577086801921e-03 6.458538997553362609e-03 6.458534729702416696e-03 6.458535572679519748e-03 6.458536393076743862e-03 6.458540854920945262e-03 6.458532452048233383e-03 6.458532730251152418e-03 6.458539003492642927e-03 6.458540479066261948e-03 6.458536752515399784e-03 6.458530040480230799e-03 6.458540207114489215e-03 6.454370742165689220e-03 6.458538907188665981e-03 6.458539744927447104e-03 6.458532337201853581e-03 6.458535979636128785e-03 6.458534480914604296e-03 6.458537459693708752e-03 6.458536363677935821e-03 6.458540127754882655e-03 6.458540126930321749e-03 6.458539306092248022e-03 6.458534877065704068e-03 6.458542805587314146e-03 6.458535691913195632e-03 6.458546190483749339e-03 6.458537471613241820e-03 6.458540629788993986e-03 6.458541008896629895e-03 6.458541285582806470e-03 6.458538647307416648e-03 6.458544478899459242e-03 6.458539908630591894e-03 6.458543450234753742e-03 6.458541768154774099e-03 6.458538473504938163e-03 6.458540628453396555e-03 6.458544320048628315e-03 6.458535663818962096e-03 6.458540321950844917e-03 6.458540065208964558e-03 6.458539094424292290e-03 6.458540380083051431e-03 6.458535597204015030e-03 6.458539691396781961e-03 6.458543559589191574e-03 6.458545958614821635e-03 6.458538569189526887e-03 6.458539483343741019e-03 6.458542508152905447e-03 6.458539603718567446e-03 6.458543856792747610e-03 6.458540862187817262e-03 6.458537937612958933e-03 6.458539309050636765e-03 6.458536798368476328e-03 6.458547648515160222e-03 6.458540281490099920e-03 6.458538800189195933e-03 6.458539208242728737e-03 6.458538918675127069e-03 6.458538709291976494e-03 6.458543455142633401e-03 6.458540492962971252e-03 6.458535269659729065e-03 6.458538405921242578e-03 6.458538621615928649e-03 6.458542348111395021e-03 6.458534748425669679e-03 6.458544481421531203e-03 6.458537444326217618e-03 6.458534946885961282e-03 6.458538735392165345e-03 6.458537147947246773e-03 6.458540833871888667e-03 6.458546227964234200e-03 6.458539622743086385e-03 6.458539342274763340e-03 6.458543591023643837e-03 6.458536342872937472e-03 6.458544272219774590e-03 6.458541697998433292e-03 6.458538623492059844e-03
6.458487062391734743e-03 6.454107552056315318e-03 0.000000000000000000e+00 6.454321656168483974e-03 6.453931908008843019e-03 6.453736085456248696e-03 6.458470530117378823e-03 6.453936250011310660e-03 6.454321151760089581e-03 6.453479155055918438e-03 6.458487172678641954e-03 6.454024958962505804e-03 6.454198451933033931e-03 6.454120535438011459e-03 6.452250463275866973e-03 6.454026052735805166e-03 6.458481309367970769e-03 6.453843593566183090e-03 6.453732351393606272e-03 6.454029223461900909e-03 6.453843393791255587e-03 6.453839031761743686e-03 6.453936893034091515e-03 6.458468160677218253e-03 6.458461629525883221e-03 6.454174431754993758e-03 6.453830279351768090e-03 6.458468151874243411e-03 6.458462327839994618e-03 6.453334152108325741e-03 6.453834126509239155e-03 6.458471043545026442e-03 6.458538702654792636e-03 6.458547861289678713e-03 6.458540627673516922e-03 6.458541645569497967e-03 6.458547600244901772e-03 6.458545338346585556e-03 6.458552575426975383e-03 6.458542236992733006e-03 6.458542589887624266e-03 6.458545822676382310e-03 6.458563580788598268e-03 6.458544499002201629e-03 6.458547252768442708e-03 6.458542142802766416e-03 6.458543221501415049e-03 6.458544307879243024e-03 6.458544668248789727e-03 6.458539760246002556e-03 6.458540217267004328e-03 6.458542816189512953e-03 6.458548733671369904e-03 6.458540554590606539e-03 6.458541122694898447e-03 6.458544028508461307e-03 6.458539427643112014e-03 6.458542722472612393e-03 6.458543562481741489e-03 6.458539465929988288e-03 6.458539797465774092e-03 6.458541893831522621e-03 6.458541275756538198e-03 6.458544135975586784e-03 6.458539659971115204e-03 6.458543876911193582e-03 6.458543055722212184e-03 6.458542251224001947e-03 6.458546554994198073e-03 6.458539075123856908e-03 6.458549940635413371e-03 6.458541222847199829e-03 6.458544380045631340e-03 6.458544759320831996e-03 6.458545034795295549e-03 6.458542397767888348e-03 6.458548223876048495e-03 6.458543662802991928e-03 6.458547200388674650e-03 6.458545521352011473e-03 6.458542223363141627e-03 6.458544381706156357e-03 6.458548074104394215e-03 6.458539414628506128e-03 6.458544075313617412e-03 6.458543811711421785e-03 6.458542844780340575e-03 6.458539767547742498e-03 6.458538961453872025e-03 6.458543444706683553e-03 6.458547313218554638e-03 6.458549706993719705e-03 6.458542322484619146e-03 6.458543240836609953e-03 6.458546257110039761e-03 6.458543354382679201e-03 6.458547611124481128e-03 6.458544615360579423e-03 6.458541271574637713e-03 6.458543063302420346e-03 6.458540549532314212e-03 6.458551402276127215e-03 6.458544035075651675e-03 6.458540271650918367e-03 6.458542959023274264e-03 6.458542672317805003e-03 6.458542460593872346e-03 6.458547208620868223e-03 6.458544246934701943e-03 6.458539021759829302e-03 6.458542159710090914e-03 6.458542372542318451e-03 6.458546102048596041e-03 6.458538136180705380e-03 6.458548234850626513e-03 6.458540796845861458e-03 6.458538333926674285e-03 6.458542489521085402e-03 6.458540901339336962e-03 6.458544584500512317e-03 6.458549979237965949e-03 6.458543374711078755e-03 6.458543095504798263e-03 6.458547344925506806e-03 6.458540094848671045e-03 6.458548024121858744e-03 6.458545448890186738e-03 6.458542375190428481e-03
6.458471080976265107e-03 6.454600682725722752e-03 6.454321656168483974e-03 0.000000000000000000e+00 6.454423810053826031e-03 6.454221537287985373e-03 6.454601003608559547e-03 6.458463930821859919e-03 6.454812846592303081e-03 6.453968154803193732e-03 6.454103489433275255e-03 6.454517612569298998e-03 6.454679838991443652e-03 6.454607660410264895e-03 6.452740457865267613e-03 6.454521703540486675e-03 6.453963232896325550e-03 6.454325864443782521e-03 6.454213889019387064e-03 6.454514359194609557e-03 6.454329426957610728e-03 6.454322124139892994e-03 6.454428241313342474e-03 6.454425061192898584e-03 6.454596810986246852e-03 6.454673303414429179e-03 6.454318318476269349e-03 6.454428161668267216e-03 6.458459451814120567e-03 6.458476866206726459e-03 6.454317955783265247e-03 6.454676395037107529e-03 6.458533836466022124e-03 6.458542335418124974e-03 6.458535099875173727e-03 6.458536113608264254e-03 6.458542070671416044e-03 6.458536019029872260e-03 6.458547049118657304e-03 6.458536708475285347e-03 6.458537061817112498e-03 6.458540289437096280e-03 6.458558059080571692e-03 6.458538973999486746e-03 6.458541727699358172e-03 6.458536617923592467e-03 6.458537696350412534e-03 6.458538782152203894e-03 6.458539138517284568e-03 6.458534232576065327e-03 6.458535457518125439e-03 6.458537287452342616e-03 6.458543211115642946e-03 6.458535031795425291e-03 6.458532211269812744e-03 6.458538499792013977e-03 6.458534565985085338e-03 6.458537193699260062e-03 6.458538030424703334e-03 6.458533941126221901e-03 6.458534268212681381e-03 6.458536368330492806e-03 6.458535744522210000e-03 6.458538614029944724e-03 6.458534784715625095e-03 6.458538303931974853e-03 6.458533870161254492e-03 6.458529843625806545e-03 6.458536963148359643e-03 6.454494901395743493e-03 6.458544365724660716e-03 6.458532359328668718e-03 6.458538804613284633e-03 6.458535450432321273e-03 6.458535589943908452e-03 6.458533323919313056e-03 6.458538467321087856e-03 6.458538085673251258e-03 6.458537602833463141e-03 6.458536075477703045e-03 6.458533156896035035e-03 6.458535074536747925e-03 6.458542494709429080e-03 6.458530721548023240e-03 6.458534767841916067e-03 6.458534633995535908e-03 6.458533776879528399e-03 6.458534900104836302e-03 6.458530478674839870e-03 6.458534254518810691e-03 6.458541732792735281e-03 6.458539771863022402e-03 6.458533255998490444e-03 6.458534049640609481e-03 6.458536662694100948e-03 6.458537781323429004e-03 6.458542087856506200e-03 6.458539094178105539e-03 6.458536486194202050e-03 6.458537542464430452e-03 6.458535028956538179e-03 6.458545880037728018e-03 6.458538513143030450e-03 6.458535698158240045e-03 6.458537438825355699e-03 6.458537150279213858e-03 6.458536939572346106e-03 6.458541686879635570e-03 6.458538724329499804e-03 6.458533499803922016e-03 6.458536639376330490e-03 6.458536849203185166e-03 6.458540579492946278e-03 6.458533275539145128e-03 6.458542713217041258e-03 6.458536000162340592e-03 6.458533458781986168e-03 6.458536966782463945e-03 6.458535379766140901e-03 6.458539064453113973e-03 6.458544457444628274e-03 6.458537846243464497e-03 6.458537574207338233e-03 6.458541822439199144e-03 6.458534572903565883e-03 6.458542497678527138e-03 6.458539928242502948e-03 6.458536853470099245e-03
6.453711852063056392e-03 6.454210267724250910e-03 6.453931908008843019e-03 6.454423810053826031e-03 0.000000000000000000e+00 6.453833501633209763e-03 6.454210109847365734e-03 6.454038597663474749e-03 6.454420429321133974e-03 6.458472888636311061e-03 6.458469496124297562e-03 6.454127532753587380e-03 6.454292801415136005e-03 6.454209957911303044e-03 6.452345438118322826e-03 6.458466721895162084e-03 6.453575973850245694e-03 6.453932108046154387e-03 6.453829897850335215e-03 6.454127493978883447e-03 6.458462919404709367e-03 6.458472834387222333e-03 6.454034460856615876e-03 6.454034983441029986e-03 6.458459414106705251e-03 6.454285382740153516e-03 6.453937099005204944e-03 6.458469669147158358e-03 6.454206505375553564e-03 6.458476576072334253e-03 6.453926979004688536e-03 6.454285206487706851e-03 6.458537289582785140e-03 6.458546325738966955e-03 6.458539088719276837e-03 6.458540106352985040e-03 6.458546060317901620e-03 6.458539422865480599e-03 6.458551039898981563e-03 6.458540697897464239e-03 6.458541050707730484e-03 6.458544282929475945e-03 6.458562045373688471e-03 6.458542963558899612e-03 6.458545717375715686e-03 6.458540607293825932e-03 6.458541682326383697e-03 6.458542772293803837e-03 6.458543128632687584e-03 6.458538221394532694e-03 6.458538835916408788e-03 6.458541276868162880e-03 6.458547198084535999e-03 6.458539018955477065e-03 6.458539586428850912e-03 6.458542489198916894e-03 6.458538026556197124e-03 6.458541183163957894e-03 6.458542023043979327e-03 6.458537930387919790e-03 6.458538258437969588e-03 6.458540358203568831e-03 6.458539736569182503e-03 6.458542600515542083e-03 6.458542349835526275e-03 6.458542352565340046e-03 6.458541531497595002e-03 6.458540726545734627e-03 6.458545027899999583e-03 6.458537680011934221e-03 6.458548409516305135e-03 6.458539694358109325e-03 6.458542852122606259e-03 6.458543227706224285e-03 6.458543511522231440e-03 6.458540869474153727e-03 6.458546701774219370e-03 6.458542130800338718e-03 6.458545669014242006e-03 6.458543994092130411e-03 6.458540698723525680e-03 6.458542854109293983e-03 6.458546542789374116e-03 6.458537885344043175e-03 6.458542547604422153e-03 6.458542287490910694e-03 6.458541316603689381e-03 6.458542605902651244e-03 6.458541820791391386e-03 6.458541916802188788e-03 6.458545786090216789e-03 6.458548185554714542e-03 6.458540797817837430e-03 6.458541705270147773e-03 6.458544734395469875e-03 6.458541826230995882e-03 6.458546075424118245e-03 6.458543080064928395e-03 6.458539882721000581e-03 6.458541528073957760e-03 6.458539014359662017e-03 6.458549866774158585e-03 6.458542499636020333e-03 6.458538925580383817e-03 6.458541423926335810e-03 6.458541136857061209e-03 6.458540925336589064e-03 6.458545673219306255e-03 6.458542711356048995e-03 6.458537486316063246e-03 6.458540624585507040e-03 6.458540837417611410e-03 6.458544566484733344e-03 6.458536727199129870e-03 6.458546699464332713e-03 6.458539399878851506e-03 6.458536927296061082e-03 6.458540953917924279e-03 6.458539365966292981e-03 6.458543049433144827e-03 6.458548443827978429e-03 6.458541839231109888e-03 6.458541560187378190e-03 6.458545809375586082e-03 6.458538559407695293e-03 6.458546488527672214e-03 6.458543913707224214e-03 6.458540839793549398e-03
6.458481190268035993e-03 6.454008781182935840e-03 6.453736085456248696e-03 6.454221537287985373e-03 6.453833501633209763e-03 0.000000000000000000e+00 6.454000559320672778e-03 6.453829581964348576e-03 6.454221603349965045e-03 6.458480628630543403e-03 6.453503041493818988e-03 6.458471762488520590e-03 6.454079373908526256e-03 6.458478374221266957e-03 6.452146412651501260e-03 6.453926967495068889e-03 6.453373407053842117e-03 6.458475169606976880e-03 6.458468688297381091e-03 6.458467269371083452e-03 6.453737194839360980e-03 6.458470404877049431e-03 6.458470898773027366e-03 6.458475815516306374e-03 6.454017048733878305e-03 6.454083518721349944e-03 6.453732632895995379e-03 6.453838596980067746e-03 6.454008830747469741e-03 6.453222980434978641e-03 6.458468889073431390e-03 6.454087973278478489e-03 6.458543532856106210e-03 6.458543295541672481e-03 6.458537049839770637e-03 6.458542468795417692e-03 6.458543026172301922e-03 6.458541486027895816e-03 6.458553413134384032e-03 6.458543051683033470e-03 6.458538746090112213e-03 6.458546645851368818e-03 6.458564440426151250e-03 6.458540319115630216e-03 6.458542676901038102e-03 6.458538572414782887e-03 6.458539372963005218e-03 6.458540120262585942e-03 6.458545493451418179e-03 6.458536309982583837e-03 6.453683828740568347e-03 6.458538971262477342e-03 6.458549573349642997e-03 6.458536988596906558e-03 6.458537753474031737e-03 6.458540184792378909e-03 6.458535589573792188e-03 6.458538874000213127e-03 6.458539565094663024e-03 6.458536235046467497e-03 6.458540616407605107e-03 6.458538316308908532e-03 6.458537572622717778e-03 6.458540138253186270e-03 6.458540402260933358e-03 6.458544763473524943e-03 6.458543942150687077e-03 6.458539004078590016e-03 6.458547441056264674e-03 6.458539823837219050e-03 6.458550831122588688e-03 6.458542109624088728e-03 6.458545262225361648e-03 6.458545649682278893e-03 6.458545920872740473e-03 6.458543287996926403e-03 6.458549113831763520e-03 6.458544549686225447e-03 6.458548090737165764e-03 6.458546407594925598e-03 6.458543105772741010e-03 6.458545268126292434e-03 6.458548960285823669e-03 6.458540298383523212e-03 6.458544961741597909e-03 6.458544701776722761e-03 6.458543735001071907e-03 6.458540505155350303e-03 6.458539688955347753e-03 6.458544331285280549e-03 6.458548199416993055e-03 6.458550592390409698e-03 6.458543208970803085e-03 6.458544127744977881e-03 6.458547142986967998e-03 6.458544244731741039e-03 6.458548501765137839e-03 6.458545513447554003e-03 6.458541995295300972e-03 6.458543957082839813e-03 6.458541446422072854e-03 6.458552297887693895e-03 6.458544929197652940e-03 6.458540959522925118e-03 6.458543856585649383e-03 6.458543566495830029e-03 6.458543354238694550e-03 6.458548103022347317e-03 6.458545145346991818e-03 6.458539912068391418e-03 6.458543053391876607e-03 6.458543269858416612e-03 6.458546996646493538e-03 6.458543038701235542e-03 6.458549134142497518e-03 6.458546128809766577e-03 6.458539078046683819e-03 6.458543375907099468e-03 6.458541798442581951e-03 6.458545482331469467e-03 6.458550874482219678e-03 6.458544265029071696e-03 6.458543993307734425e-03 6.458548239701253357e-03 6.458540988362741070e-03 6.458548914638197365e-03 6.458546342888307062e-03 6.458543269000660905e-03
6.453876631581414655e-03 6.458461977474082120e-03 6.458470530117378823e-03 6.454601003608559547e-03 6.454210109847365734e-03 6.454000559320672778e-03 0.000000000000000000e+00 6.454204914461298195e-03 6.454597404255422825e-03 6.458469698511107131e-03 6.453867740396571594e-03 6.454299977026049621e-03 6.454465342212080230e-03 6.458469811974391905e-03 6.458488824133881007e-03 6.454299045180055157e-03 6.453749779916410911e-03 6.454103719325110858e-03 6.453999953015958010e-03 6.454295906937463148e-03 6.454106999064924792e-03 6.454107919205561220e-03 6.458458757296181747e-03 6.454201420607822565e-03 6.454386121247765624e-03 6.454458712177264801e-03 6.454111746612576674e-03 6.454205024078637706e-03 6.454377505354186306e-03 6.453604447788366220e-03 6.454112328415666754e-03 6.454462039243783790e-03 6.458539080031280334e-03 6.458544233338083321e-03 6.458536999573876759e-03 6.458538013819571134e-03 6.458543968217714086e-03 6.458537597941052012e-03 6.458548951884535323e-03 6.458538608508993840e-03 6.458538961849611890e-03 6.458542190463927891e-03 6.458559964661278810e-03 6.458540874768988610e-03 6.458543628970737221e-03 6.458538517925362966e-03 6.458539596694176828e-03 6.458540679841609684e-03 6.458541036158909135e-03 6.458536132136747689e-03 6.458537013726249609e-03 6.458539184641615485e-03 6.458545113183498595e-03 6.458536929442606177e-03 6.458533811055151667e-03 6.458540396992140144e-03 6.458539812816920661e-03 6.458539090930344104e-03 6.458539930843151811e-03 6.458535840696289984e-03 6.458536163038359687e-03 6.458538265696494099e-03 6.458537644309359643e-03 6.458540514904968083e-03 6.458536414708404734e-03 6.458540246129265000e-03 6.458539425302941422e-03 6.458534993177251528e-03 6.458542923921901067e-03 6.458535818029919467e-03 6.458546312289055631e-03 6.458537597718623166e-03 6.458540748775734586e-03 6.458541131266135916e-03 6.458541404243643702e-03 6.458538770029269294e-03 6.458544596870978080e-03 6.458540031224926752e-03 6.458543572403948642e-03 6.458541890382498568e-03 6.458538593011625695e-03 6.458540750823765601e-03 6.458544442028756570e-03 6.458535784115447542e-03 6.458540444423849745e-03 6.458540184414321081e-03 6.458539217050250289e-03 6.458536534444175511e-03 6.458535716365520346e-03 6.458539813902325864e-03 6.458543681737672140e-03 6.458546076194458634e-03 6.458538692122492778e-03 6.458539609256378107e-03 6.458542626487854058e-03 6.458539726322654918e-03 6.458543982903088530e-03 6.458540995106390112e-03 6.458538068070056315e-03 6.458539448442752670e-03 6.458536933625651580e-03 6.458547779092155619e-03 6.458540410856244453e-03 6.458543210975731426e-03 6.458539344529023486e-03 6.458539048084084577e-03 6.458538841914687918e-03 6.458543584798264250e-03 6.458540625902162158e-03 6.458535401576094917e-03 6.458538544693083819e-03 6.458538757520277188e-03 6.458542477780321658e-03 6.458538523920465818e-03 6.458544615293767416e-03 6.458541614578455770e-03 6.458535073203247774e-03 6.458538864876068111e-03 6.458537279942055953e-03 6.458540970547021684e-03 6.458546362824170786e-03 6.458539752494938876e-03 6.458539474944309695e-03 6.458543720853734092e-03 6.458536474866679797e-03 6.458544402618226175e-03 6.458541831436339850e-03 6.458538756102010642e-03
6.453706124146568052e-03 6.454213134597533950e-03 6.453936250011310660e-03 6.458463930821859919e-03 6.454038597663474749e-03 6.453829581964348576e-03 6.454204914461298195e-03 0.000000000000000000e+00 6.454416977396761762e-03 6.458471932193394875e-03 6.453710107669327969e-03 6.454123681252741697e-03 6.458468767374248541e-03 6.454221488987993763e-03 6.458498554230983173e-03 6.454130993072000264e-03 6.458466804645993445e-03 6.453931778531848788e-03 6.453824509938282071e-03 6.458458150264959584e-03 6.453935703979846693e-03 6.453936000101366359e-03 6.454025165880158087e-03 6.458459873946127000e-03 6.454213779827812011e-03 6.454285535003692099e-03 6.458467269412927585e-03 6.454033240731563668e-03 6.454205412799883003e-03 6.453424651331057804e-03 6.453937192189188911e-03 6.454289660354425862e-03 6.458536991434908961e-03 6.458546013408852059e-03 6.458538777280687510e-03 6.458539794906781144e-03 6.458545747981592894e-03 6.458539111503943352e-03 6.458550726908735863e-03 6.458540386460180291e-03 6.458540739029075377e-03 6.458543970947992763e-03 6.458561737173807923e-03 6.458542651593573644e-03 6.458545405063787631e-03 6.458540295859354838e-03 6.458541374102721826e-03 6.458542460316078065e-03 6.458542816812616952e-03 6.458537910075781534e-03 6.458538524501874871e-03 6.458540965186992423e-03 6.458546889874394563e-03 6.458538710737725397e-03 6.458535358079783330e-03 6.458542177515269253e-03 6.458537723191451474e-03 6.458540871470793560e-03 6.458541711217717467e-03 6.458537619261121854e-03 6.458537947290140732e-03 6.458540046755559955e-03 6.458539425003067581e-03 6.458542292289906096e-03 6.458537958364877346e-03 6.458542029948361775e-03 6.458541212131604752e-03 6.458536545790251500e-03 6.458544711305373200e-03 6.458541163052559236e-03 6.458548096793806197e-03 6.458539384553856760e-03 6.458542532822825200e-03 6.458542918942000027e-03 6.458543191241184964e-03 6.458540557255482671e-03 6.458546384351103800e-03 6.458541815555064389e-03 6.458545360341780284e-03 6.458543677643276311e-03 6.458540379761160480e-03 6.458542537983524325e-03 6.458546226269669573e-03 6.458537570838525192e-03 6.458542231594341203e-03 6.458541971474027893e-03 6.458541004263649264e-03 6.458538070494513651e-03 6.458537252663338474e-03 6.458541600977619167e-03 6.458545465713674653e-03 6.458547863508868822e-03 6.458540478867915401e-03 6.458541396840327894e-03 6.458544413582393250e-03 6.458541510630905549e-03 6.458545771306833938e-03 6.458542779332812969e-03 6.458543958207755079e-03 6.458541229625763651e-03 6.458538717929933164e-03 6.458549563077916819e-03 6.458542198894507910e-03 6.458544994384315431e-03 6.458541128773167411e-03 6.458540835581272170e-03 6.458540629710365910e-03 6.458545373115103481e-03 6.458542403378676224e-03 6.458537186173236855e-03 6.458540328958897909e-03 6.458540541787127776e-03 6.458544262209135571e-03 6.458536441649027210e-03 6.458546395365053969e-03 6.458539117086875905e-03 6.458540420394425462e-03 6.458540649059455081e-03 6.458539064244440617e-03 6.458542754769073906e-03 6.458548143040122001e-03 6.458541540708816198e-03 6.458541259189689611e-03 6.458545505263636917e-03 6.458538259374724602e-03 6.458546187397022284e-03 6.458543619602153188e-03 6.458540540585792737e-03
6.454099094976440375e-03 6.454600747794763185e-03 6.454321151760089581e-03 6.454812846592303081e-03 6.454420429321133974e-03 6.454221603349965045e-03 6.454597404255422825e-03 6.454416977396761762e-03 0.000000000000000000e+00 6.453963610862246264e-03 6.454095077879621126e-03 6.454503145001518061e-03 6.458456636617337411e-03 6.454604504210025365e-03 6.452746062743187037e-03 6.454521761596018412e-03 6.458469373334612892e-03 6.454326171593796277e-03 6.454218374990355021e-03 6.454506982775623514e-03 6.458462564970395003e-03 6.454322301954275136e-03 6.454421012535541298e-03 6.454420818015051305e-03 6.454596589302934520e-03 6.454669701612535983e-03 6.454322238513414932e-03 6.454424085945030878e-03 6.454597184241754951e-03 6.453812425393620246e-03 6.454322366494355881e-03 6.454676701711553784e-03 6.458534060321151869e-03 6.458542562058630816e-03 6.458535326521064150e-03 6.458536343073220838e-03 6.458542297315485008e-03 6.458536252873770499e-03 6.458547275749075729e-03 6.458536935116252625e-03 6.458537288463485175e-03 6.458540519370576521e-03 6.458558285718501470e-03 6.458539200636886565e-03 6.458541954330385484e-03 6.458536844563616923e-03 6.458537922997553693e-03 6.458539008792250034e-03 6.458539365161262459e-03 6.458534459224114614e-03 6.458535683990631986e-03 6.458537514098508861e-03 6.458543437757100283e-03 6.458535258440402382e-03 6.458532434411892210e-03 6.458538726430432947e-03 6.458534792480551817e-03 6.458537420383570274e-03 6.458538260220125608e-03 6.458534167768031388e-03 6.458534494866644340e-03 6.458536594972771536e-03 6.458535973830124670e-03 6.458538840673457709e-03 6.458535056609993226e-03 6.458538581969695304e-03 6.458537761419521489e-03 6.458533615500444691e-03 6.458541256718651480e-03 6.458534439353029802e-03 6.458544644119097559e-03 6.458535928613441841e-03 6.458539081172018012e-03 6.458539463338297537e-03 6.458539740752624290e-03 6.458537105391094595e-03 6.458542933514842092e-03 6.458538363270977314e-03 6.458541904516442583e-03 6.458540226558328115e-03 6.458536928961445059e-03 6.458539086803605223e-03 6.458542774185989897e-03 6.458534116570531156e-03 6.458538780397735796e-03 6.458538520248160303e-03 6.458537552427608304e-03 6.458535189552671793e-03 6.458538059022599954e-03 6.458538149711130424e-03 6.458542017801524419e-03 6.458544413442788776e-03 6.458537028058331138e-03 6.458537941257964238e-03 6.458540963226512034e-03 6.458538061548665249e-03 6.458542317870515775e-03 6.458539327015134709e-03 6.458540493382931326e-03 6.458537772304226952e-03 6.458535260972506249e-03 6.458546110385108945e-03 6.458538745987283877e-03 6.458535936458251712e-03 6.458537671435090124e-03 6.458537382663615510e-03 6.458537171968016521e-03 6.458541920251682951e-03 6.458538951055603841e-03 6.458533729085775069e-03 6.458536871767628536e-03 6.458537084592257983e-03 6.458540809347910333e-03 6.458533505140836954e-03 6.458542943210704261e-03 6.458536230114744064e-03 6.458536962055580997e-03 6.458537196160276696e-03 6.458535611769622431e-03 6.458539297289588033e-03 6.458544684173373428e-03 6.458538082309348352e-03 6.458537806809928200e-03 6.458542052441037032e-03 6.458534802033393842e-03 6.458542728107970025e-03 6.458540161342754722e-03 6.458537082860651805e-03
6.453249359923828032e-03 6.453745440807056970e-03 6.453479155055918438e-03 6.453968154803193732e-03 6.458472888636311061e-03 6.458480628630543403e-03 6.458469698511107131e-03 6.458471932193394875e-03 6.453963610862246264e-03 0.000000000000000000e+00 6.458472435580646896e-03 6.453669216407002113e-03 6.453821046480721392e-03 6.453750177800730153e-03 6.458503346637970051e-03 6.458477759002937552e-03 6.453120023793723625e-03 6.453473332820178036e-03 6.453356940322500790e-03 6.458469390700453429e-03 6.458480212616021093e-03 6.453473885978536564e-03 6.458467150461597896e-03 6.458472299591875437e-03 6.453755797610600219e-03 6.453830179687246663e-03 6.453484108092009085e-03 6.453570122875194881e-03 6.453749640303326797e-03 6.452975610300996055e-03 6.458481598260252393e-03 6.453834950241879413e-03 6.458541075217635007e-03 6.458550733106668655e-03 6.458543495079491908e-03 6.458544509494620195e-03 6.458550466887777973e-03 6.458543137608666398e-03 6.458555440645541261e-03 6.458545100459537822e-03 6.458545456922224447e-03 6.458548685230350479e-03 6.458566451228900385e-03 6.458547370346776062e-03 6.458550124031812133e-03 6.458545014277020969e-03 6.458546092641789978e-03 6.458547179757858150e-03 6.458547531173813513e-03 6.458542627821604008e-03 6.458547913793260056e-03 6.458545683707587505e-03 6.458551604751441508e-03 6.458543430338482480e-03 6.458539448164203785e-03 6.458546896032940458e-03 6.458541813295162054e-03 6.458545590004646265e-03 6.458546429828738479e-03 6.458542337491444789e-03 6.458542662572665412e-03 6.458544765764973224e-03 6.458544143455762117e-03 6.458547011607873763e-03 6.458546758387911403e-03 6.458546756727394193e-03 6.458545935063887862e-03 6.458540649379328549e-03 6.458549430855249976e-03 6.458541470333785742e-03 6.458552817644791499e-03 6.458544103661627116e-03 6.458547256124792628e-03 6.458547635212851315e-03 6.458547914702737411e-03 6.458545277040157739e-03 6.458551109205445777e-03 6.458546534955259683e-03 6.458550076468814322e-03 6.458548397270943292e-03 6.458545102471353015e-03 6.458547257492997656e-03 6.458550946200783925e-03 6.458542289628374511e-03 6.458546950992788763e-03 6.458546695036593288e-03 6.458545724165541332e-03 6.458547014485753988e-03 6.458546233598139001e-03 6.458546320367596072e-03 6.458550189721572188e-03 6.458552588000069858e-03 6.458545201553552058e-03 6.458546108841460055e-03 6.458549137359127605e-03 6.458546234374079077e-03 6.458550482894696854e-03 6.458547485570702816e-03 6.458543586626538761e-03 6.458545940154714060e-03 6.458543425521353146e-03 6.458554273283060275e-03 6.458546905843217181e-03 6.458549702728258457e-03 6.458545835401586013e-03 6.458545543178954504e-03 6.458545337342806031e-03 6.458550079257332002e-03 6.458547118242735294e-03 6.458541898261629943e-03 6.458545035937391515e-03 6.458545248768115914e-03 6.458548973306040518e-03 6.458540517873106838e-03 6.458551105411644566e-03 6.458543131135155435e-03 6.458540710490741354e-03 6.458545360895906473e-03 6.458543771843630425e-03 6.458547461022360291e-03 6.458552858422437516e-03 6.458546252592907433e-03 6.458545965820514274e-03 6.458550216118108186e-03 6.458542971677604105e-03 6.458550903622322335e-03 6.458548326161806484e-03 6.458545252452337244e-03
6.453369550441957238e-03 6.458462600118368077e-03 6.458487172678641954e-03 6.454103489433275255e-03 6.458469496124297562e-03 6.453503041493818988e-03 6.453867740396571594e-03 6.453710107669327969e-03 6.454095077879621126e-03 6.458472435580646896e-03 0.000000000000000000e+00 6.453800295271020296e-03 6.453965064146095429e-03 6.458475821315272716e-03 6.458503991356356368e-03 6.458469941349215260e-03 6.453255029842376589e-03 6.458472615258054397e-03 6.453502691610900344e-03 6.453800013361023213e-03 6.458471735242209480e-03 6.453599898044222287e-03 6.453710179337497632e-03 6.453706005885139624e-03 6.453882102007697623e-03 6.458469129570953461e-03 6.453614116053703852e-03 6.453705479931115367e-03 6.453876143530351550e-03 6.453093694147828650e-03 6.458482714772074626e-03 6.453957469339154963e-03 6.458544349304705910e-03 6.458549502432597324e-03 6.458542268369578572e-03 6.458543283382304351e-03 6.458549236434732964e-03 6.458542107125660181e-03 6.458554221784334852e-03 6.458543878054914984e-03 6.458544230487846781e-03 6.458547459794788427e-03 6.458565235487570728e-03 6.458546144019432569e-03 6.458548898065802867e-03 6.458543787411139513e-03 6.458544866026790301e-03 6.458545949092121298e-03 6.458546305550225651e-03 6.458541401005293142e-03 6.458541502228601523e-03 6.458544453283833302e-03 6.458550384054358162e-03 6.458542199587673921e-03 6.458538403183048358e-03 6.458545665633839278e-03 6.458545075841274664e-03 6.458544359579548519e-03 6.458545199407744221e-03 6.458541110317603945e-03 6.458541432719917992e-03 6.458543535182471006e-03 6.458542913040887096e-03 6.458545784946200484e-03 6.458545522733319735e-03 6.458545526658575689e-03 6.458544705169978056e-03 6.458539592629877583e-03 6.458548201012250835e-03 6.458540420607794715e-03 6.458551587413922067e-03 6.458542873749604195e-03 6.458546026067219469e-03 6.458546405161865768e-03 6.458546684837586718e-03 6.458544046970409423e-03 6.458549879168903537e-03 6.458545304896287469e-03 6.458548846435046772e-03 6.458547167411207539e-03 6.458543872564215076e-03 6.458546027617667606e-03 6.458549716175518256e-03 6.458541059684005936e-03 6.458545721117518561e-03 6.458545464968082697e-03 6.458544494095801690e-03 6.458545778610232276e-03 6.458544997794982145e-03 6.458545090478759465e-03 6.458548959681334120e-03 6.458551358190011381e-03 6.458543971653886440e-03 6.458544878969693995e-03 6.458547907510344896e-03 6.458545004135252468e-03 6.458549253006226273e-03 6.458546264539701681e-03 6.458542578391916235e-03 6.458544718606043684e-03 6.458542203270352215e-03 6.458553049101802175e-03 6.458545680292416581e-03 6.458548488725100040e-03 6.458544614029338750e-03 6.458544317632655511e-03 6.458544111467070040e-03 6.458548854101480233e-03 6.458545896800641124e-03 6.458540671884549327e-03 6.458543814244201327e-03 6.458544027072384355e-03 6.458547747923194977e-03 6.458543792573879540e-03 6.458549885394493026e-03 6.458546882974851126e-03 6.458539674950536554e-03 6.458544135139406700e-03 6.458542549581673849e-03 6.458546239989372030e-03 6.458551633717291192e-03 6.458545022678772486e-03 6.458544744438503120e-03 6.458548990958361963e-03 6.458541745204897724e-03 6.458549673516255848e-03 6.458547100815508098e-03 6.458544026371605511e-03
6.453799696953444257e-03 6.454307372574345780e-03 6.454024958962505804e-03 6.454517612569298998e-03 6.454127532753587380e-03 6.458471762488520590e-03 6.454299977026049621e-03 6.454123681252741697e-03 6.454503145001518061e-03 6.453669216407002113e-03 6.453800295271020296e-03 0.000000000000000000e+00 6.458465443063911120e-03 6.458469204358298181e-03 6.452451928389940118e-03 6.454221698986352743e-03 6.458483066300394100e-03 6.454026170090761648e-03 6.458472363594060933e-03 6.454208844010322042e-03 6.458469761558041991e-03 6.454021872898156424e-03 6.454119714825757095e-03 6.454119534705927454e-03 6.454302699726895652e-03 6.454371318677680144e-03 6.454021858567035932e-03 6.454131633874313385e-03 6.454303354518921808e-03 6.453508970326846811e-03 6.454021519986040227e-03 6.458465905622004510e-03 6.458540684340472772e-03 6.458545840167587843e-03 6.458538609514930494e-03 6.458539623227856595e-03 6.458545579121267866e-03 6.458543318369509324e-03 6.458550553532491946e-03 6.458540214906312825e-03 6.458540572051210682e-03 6.458543796866391198e-03 6.458561565076059545e-03 6.458542481566964533e-03 6.458545235804069411e-03 6.458540124654251792e-03 6.458541206998881512e-03 6.458542286654687242e-03 6.458542645933447630e-03 6.458537741952541378e-03 6.458543017454467308e-03 6.458540798090862088e-03 6.458546715637007024e-03 6.458538539289934537e-03 6.458535311887065276e-03 6.458542010419522292e-03 6.458537675410065855e-03 6.458540704372093232e-03 6.458541544560204156e-03 6.458537447385178688e-03 6.458537772160953538e-03 6.458539872430851640e-03 6.458539257490911525e-03 6.458542121789818957e-03 6.458537907642359147e-03 6.458541855567589800e-03 6.458541034630223970e-03 6.458536488513284476e-03 6.458544529706175714e-03 6.458537314404929480e-03 6.458547918443266998e-03 6.458539201775171344e-03 6.458542354724325710e-03 6.458542737339735551e-03 6.458543013825502124e-03 6.458540379472731477e-03 6.458546206894151889e-03 6.458541637303217946e-03 6.458545178450904659e-03 6.458543500092151467e-03 6.458540202241949343e-03 6.458542360391434853e-03 6.458546048058972505e-03 6.458537390046165810e-03 6.458542053998727640e-03 6.458541793861943131e-03 6.458540826496877475e-03 6.458538027566776765e-03 6.458541337895805888e-03 6.458541423347738744e-03 6.458545291723295258e-03 6.458547686248001379e-03 6.458540301339185837e-03 6.458541215333635406e-03 6.458544236219598660e-03 6.458541335989791479e-03 6.458545592830438817e-03 6.458542608149331517e-03 6.458543778175500349e-03 6.458541052542396584e-03 6.458538540669096946e-03 6.458549389389518953e-03 6.458542023905016263e-03 6.458538641704474059e-03 6.458540951664244398e-03 6.458540660612252862e-03 6.458540449025815255e-03 6.458545198419514757e-03 6.458542232179716701e-03 6.458537006037266479e-03 6.458540151805335257e-03 6.458540364624793494e-03 6.458544087518347694e-03 6.458540128838261701e-03 6.458546225194350052e-03 6.458543219350680598e-03 6.458540245992807315e-03 6.458540474113779947e-03 6.458538892069197804e-03 6.458542577723641771e-03 6.458547962148715980e-03 6.458541356596710428e-03 6.458541087704886691e-03 6.458545330762684167e-03 6.458538078880160863e-03 6.458546002274379375e-03 6.458543438663895755e-03 6.458540359913811889e-03
