0.000000000000000000e+00 1.371470683451072280e-02 1.365605255606344194e-02 1.606331129990724166e-02 1.624847564831980243e-02 1.652945836072431535e-02 1.492527045638076047e-02 1.324546996920693276e-02 1.596006969052750357e-02 1.542730714020839472e-02 1.515734686363836951e-02 1.662078836103657309e-02 1.399588234417171832e-02 1.626162092878065055e-02 1.562627028335182924e-02 1.556069881627608273e-02 1.616059389824357762e-02 1.607289043789861260e-02 1.625417171103530831e-02 1.480586298915616793e-02 1.555829689423014403e-02 1.590287393504424829e-02 1.582074899580117669e-02 1.574428769169131798e-02 1.553569016495152423e-02 1.580358994145332832e-02 1.608468942446030642e-02 1.633957000112025784e-02 1.578381503946557976e-02 1.570740772694112150e-02 1.609817814001278033e-02 1.651990904633363413e-02 1.698778216272363653e-02 1.650400469862283240e-02 1.540681462627639491e-02 1.599710742306341416e-02 1.599978440767458807e-02 1.501804947401308606e-02 1.412763853850355911e-02 1.655043662212165798e-02 1.627809061041232686e-02 1.531763347359398238e-02 1.621100391931790466e-02 1.385673351468543792e-02 1.593253758514749999e-02 1.653159418613058679e-02 1.609772232465331993e-02 1.606058738685432752e-02 1.521972605450648205e-02 1.625895101732197784e-02 1.560177066191457441e-02 1.629459655179975319e-02 1.625653962042729328e-02 1.616036827087258612e-02 1.679835900498749535e-02 1.610493253841093625e-02 1.396162805933756808e-02 1.594169090819317139e-02 1.589850416796571506e-02 1.585746904275447608e-02 1.528340861768523115e-02 1.556601710458408415e-02 1.523592257838215190e-02 1.478063485517332014e-02 1.602387637873403312e-02 1.644729827639283132e-02 1.366639868071766600e-02 1.629356258720336334e-02 1.541683129433973377e-02 1.544020267363149963e-02 1.690147838056932361e-02 1.663708242436095011e-02 1.617357341644995103e-02 1.647921089425267299e-02 1.653448394603055510e-02 1.617525213988079205e-02 1.643775163651606946e-02 1.578983841354127116e-02 1.613625878363546609e-02 1.619509426056942730e-02 1.597296297106387541e-02 1.416090620116884462e-02 1.581427271511766028e-02 1.570935564730643191e-02 1.613008662589930989e-02 1.598169671138041648e-02 1.553081739205645385e-02 1.580180346690322063e-02 1.662863270489330081e-02 1.608868902795152628e-02 1.570534267433868619e-02 1.535130675475365226e-02 1.611529323700710767e-02 1.689627167072856387e-02 1.593806893124009513e-02 1.581966543054305618e-02 1.652589096494052126e-02 1.516112802528835762e-02 1.690424996345104430e-02 1.642276855338248298e-02 1.560119335530373713e-02 1.537054890854072133e-02 1.597982835300658724e-02 1.594120318083268317e-02 1.690029412579697327e-02 1.591535683148634361e-02 1.564641018853702922e-02 1.572499616979704598e-02 1.646592609682791947e-02 1.550088170829817640e-02 1.495275297571144711e-02 1.627308234422247119e-02 1.578075520510237653e-02 1.629622713575024431e-02 1.605514185833677512e-02 1.505634248576579945e-02 1.547477339594162567e-02 1.632960247232157630e-02 1.589420244665992049e-02 1.629300534136664952e-02 1.534553901797579105e-02 1.553278407333957313e-02 1.558993288155860815e-02 1.394058331914427296e-02 1.647006367091373435e-02 1.575535970095463811e-02 1.620282079567397088e-02 1.645364168874361571e-02
1.371470683451072280e-02 0.000000000000000000e+00 1.559806648149888141e-02 1.679921303136511571e-02 1.619008738375742745e-02 1.630245199447920984e-02 1.563894048967021111e-02 1.510219086734173460e-02 1.621349395543668359e-02 1.374149354898811584e-02 1.369663492053138122e-02 1.598872551728047070e-02 1.620082592807762026e-02 1.633038239057355359e-02 1.500765899224282274e-02 1.532158869714502977e-02 1.610319990334977899e-02 1.576453304226843252e-02 1.603496719728539008e-02 1.521281435950988005e-02 1.539375946950505107e-02 1.633403904692942374e-02 1.554034290687915029e-02 1.615462027036526985e-02 1.415458321121598403e-02 1.596936822964302102e-02 1.573815592885328615e-02 1.640322253912832387e-02 1.334970218007150954e-02 1.516346707426217445e-02 1.645162476971524790e-02 1.580413806640220548e-02 1.677334172272937352e-02 1.682034284117728956e-02 1.572787145183306493e-02 1.628066694770810563e-02 1.588259769190630138e-02 1.396889151243348171e-02 1.625413019195280639e-02 1.626015518066673340e-02 1.632353723548496047e-02 1.527994098081308580e-02 1.602473072053041056e-02 1.520267417434930171e-02 1.606440016756459713e-02 1.687275585933023514e-02 1.532765798788423596e-02 1.638839224244607526e-02 1.528832566129004894e-02 1.619827674293273373e-02 1.560143071989949365e-02 1.606842276877570169e-02 1.595242214973895817e-02 1.622753349354705277e-02 1.640883185460304677e-02 1.606396283406655648e-02 1.532111270183378164e-02 1.556385432131139439e-02 1.554176440397832780e-02 1.541872288312631442e-02 1.588373482074802515e-02 1.543329500139768891e-02 1.564021338866145375e-02 1.533865805754619158e-02 1.571127151007759362e-02 1.606375340202909410e-02 1.550180376873826031e-02 1.623002986477715265e-02 1.563091911315607485e-02 1.574847431196435901e-02 1.689301476669271412e-02 1.642131709029751377e-02 1.629094713422468352e-02 1.626160738920763571e-02 1.642780190813833419e-02 1.599200257151579818e-02 1.636172788292516653e-02 1.566220839069925805e-02 1.606552982746802319e-02 1.575769105312279858e-02 1.575738911094963501e-02 1.501591010451557191e-02 1.615967140382191733e-02 1.609912539592079500e-02 1.596228402546600797e-02 1.578721319439018236e-02 1.558661992972748371e-02 1.620526454123849547e-02 1.630957621425759702e-02 1.604092741562350086e-02 1.562760302706565213e-02 1.559129717698922932e-02 1.567876448320372137e-02 1.732790621959673372e-02 1.515651604089009695e-02 1.339048010427948410e-02 1.697146615527593203e-02 1.520070308382809147e-02 1.657941059995544919e-02 1.653648167865945026e-02 1.584922787759987170e-02 1.347218439192945927e-02 1.503360279194197041e-02 1.562612059071699297e-02 1.682727842025331585e-02 1.563137191469322548e-02 1.480712840344520706e-02 1.503410500816265184e-02 1.633851602249827145e-02 1.556320854037109708e-02 1.550556035127050730e-02 1.645660106873012007e-02 1.591760827098226763e-02 1.591862785848009026e-02 1.574026688944084318e-02 1.511323700502089501e-02 1.512124108979173188e-02 1.613707621510080889e-02 1.562914434043346373e-02 1.535663730517405380e-02 1.585609660305501920e-02 1.376158440499282432e-02 1.615862508510592169e-02 1.522383559480123584e-02 1.627547227277501354e-02 1.590053339784690267e-02 1.590792409383547101e-02 1.568530734569777499e-02
1.365605255606344194e-02 1.559806648149888141e-02 0.000000000000000000e+00 1.597687857756299387e-02 1.551655554523206394e-02 1.593181047436137074e-02 1.388858850101790110e-02 1.352704319093406791e-02 1.586531053105222008e-02 1.588038730261501913e-02 1.482500143163441655e-02 1.671438489068337307e-02 1.528890066042676125e-02 1.581217762907419569e-02 1.590608156376730267e-02 1.485523613276473927e-02 1.614238342645283458e-02 1.556185037677224048e-02 1.629451054727610107e-02 1.530786277401480037e-02 1.516030034175196335e-02 1.604090496854652936e-02 1.580873283835331281e-02 1.616325112754778484e-02 1.548766663324275573e-02 1.592807199691862255e-02 1.555717003017557942e-02 1.622174745908613880e-02 1.634537639297686806e-02 1.587612231756156331e-02 1.579691101265058920e-02 1.612015087402497368e-02 1.712867570973905865e-02 1.573439388291856048e-02 1.553366610562396943e-02 1.545828696531284865e-02 1.519890261729602877e-02 1.489529488331509978e-02 1.614499669420470934e-02 1.572646350641027091e-02 1.569553242417113387e-02 1.510660344197843619e-02 1.599903595434492079e-02 1.564579476710879075e-02 1.507323204449973614e-02 1.548681241908147523e-02 1.574973822746107699e-02 1.561772037684560320e-02 1.512763720086653975e-02 1.499580980766968864e-02 1.374078668961947226e-02 1.607016648481394971e-02 1.628745053083114833e-02 1.470666295649864473e-02 1.576185548609265047e-02 1.584648239206556258e-02 1.544196879367132867e-02 1.534075386584754681e-02 1.566693439999706020e-02 1.597714111020013053e-02 1.380661677819574988e-02 1.377454451118357431e-02 1.529092780200903660e-02 1.529985008176039905e-02 1.592891645697065012e-02 1.550175590779371247e-02 1.527457682387620141e-02 1.654272880048032399e-02 1.567247481632818087e-02 1.579572758334783777e-02 1.667812004555031119e-02 1.609355716841985237e-02 1.598895118779785837e-02 1.584951148383091646e-02 1.651464972383408225e-02 1.616912454781097019e-02 1.616451390379457925e-02 1.359455238900321265e-02 1.661120551563565959e-02 1.606486546508138075e-02 1.600011400174444764e-02 1.551743393273982002e-02 1.558098227129217292e-02 1.580342567625926328e-02 1.549872115880309049e-02 1.552038776035116578e-02 1.488214487517098943e-02 1.544847307639609854e-02 1.596195962141822716e-02 1.535906653110411489e-02 1.565708940534809787e-02 1.511071302814570236e-02 1.606546500389333457e-02 1.385443910870173649e-02 1.587729627384800932e-02 1.608784756856600218e-02 1.651670170644135155e-02 1.507475684579108986e-02 1.649762042686932564e-02 1.650676571590154254e-02 1.519222436156800887e-02 1.563398394581532597e-02 1.612215589102892685e-02 1.560393339931195195e-02 1.674654147726777759e-02 1.551542924054567091e-02 1.563910251913747454e-02 1.580626370146270138e-02 1.417287760110690249e-02 1.541600575066143231e-02 1.424602844839093635e-02 1.594471996953629109e-02 1.513962930612127930e-02 1.551517273788665698e-02 1.587669024822928668e-02 1.561961531915486735e-02 1.539149224541050409e-02 1.583406601584799039e-02 1.587539486138968975e-02 1.577547655971184987e-02 1.417874295784442816e-02 1.573032815582361618e-02 1.520130373584704063e-02 1.488731310712639380e-02 1.642650101034566837e-02 1.386372212602798859e-02 1.594919668433057713e-02 1.558749818558882380e-02
1.606331129990724166e-02 1.679921303136511571e-02 1.597687857756299387e-02 0.000000000000000000e+00 1.670066131976016138e-02 1.671940549987079028e-02 1.633875139855326189e-02 1.505924770264605202e-02 1.682511747119637413e-02 1.687010481150480468e-02 1.605336441145225126e-02 1.718303939336149680e-02 1.674985350475171123e-02 1.611741433077098357e-02 1.639370495641369677e-02 1.580742552074213686e-02 1.597011115871725673e-02 1.656364163991059374e-02 1.706969640514739706e-02 1.653538408899254269e-02 1.552937914910980551e-02 1.600796327504393907e-02 1.662202192143562990e-02 1.682923962165026877e-02 1.584986108221947063e-02 1.624387925558054210e-02 1.635769241228447399e-02 1.680937520975916283e-02 1.739548070268728125e-02 1.614718301468749326e-02 1.634059197754019616e-02 1.696256194326238934e-02 1.757674567814471872e-02 1.663608523724435795e-02 1.563943009518630606e-02 1.575267832329230525e-02 1.559291700431343110e-02 1.550153484809690257e-02 1.416588662385212874e-02 1.634604495661662327e-02 1.318158645735163954e-02 1.606207823976928822e-02 1.605822922272122366e-02 1.640940831711625025e-02 1.547373440733185515e-02 1.319720101199012806e-02 1.663038048383836190e-02 1.616910470044345335e-02 1.563749658885519103e-02 1.656119854202078162e-02 1.517105719650302387e-02 1.648752615732932206e-02 1.579350419470739245e-02 1.609417380800204009e-02 1.642183229162220287e-02 1.641309841126937716e-02 1.615456817019420011e-02 1.595408500636376348e-02 1.573697979179565498e-02 1.667817769466028305e-02 1.520909653930019659e-02 1.631729270218152186e-02 1.415408979726797030e-02 1.607357949020343790e-02 1.681228285246280998e-02 1.644935943146162011e-02 1.691036316766226025e-02 1.770002257554178365e-02 1.631696986536492616e-02 1.653384026395356490e-02 1.721059994211337693e-02 1.664689778924346650e-02 1.667346132395556776e-02 1.620666920216772694e-02 1.677531044775682628e-02 1.661909191175929557e-02 1.657349499732487311e-02 1.625098851598024557e-02 1.688014295443444543e-02 1.640909117873077042e-02 1.610174134181712249e-02 1.545085511029442062e-02 1.630286471621750222e-02 1.624409846190822196e-02 1.629761895550841180e-02 1.617408719006881504e-02 1.354173672736693965e-02 1.354085410060693224e-02 1.660016235546731694e-02 1.611212932236406187e-02 1.649084846886087613e-02 1.361387118120461863e-02 1.699226637831010786e-02 1.645331733290745710e-02 1.636540859297151707e-02 1.692429787326392085e-02 1.719878931661213833e-02 1.590179923173774823e-02 1.702979762206445480e-02 1.661776163718149679e-02 1.474545877897607930e-02 1.689430206788777866e-02 1.703103819599546473e-02 1.601110908204996311e-02 1.607791648652179273e-02 1.595281888916887450e-02 1.673614739619941685e-02 1.605636259968393209e-02 1.715096399899353544e-02 1.581297364375088346e-02 1.691250848417034935e-02 1.655358227692302342e-02 1.605877836942663089e-02 1.627927904820907976e-02 1.587167511231191153e-02 1.581965812234010019e-02 1.613612225235803652e-02 1.654050221974412774e-02 1.634034137485088425e-02 1.687651430485720416e-02 1.608980197073787630e-02 1.644334247710295058e-02 1.324665093321744994e-02 1.647602316719100693e-02 1.650221655312143418e-02 1.557838273265883290e-02 1.676636652935456495e-02 1.692678155771198956e-02
1.624847564831980243e-02 1.619008738375742745e-02 1.551655554523206394e-02 1.670066131976016138e-02 0.000000000000000000e+00 1.583522747289458146e-02 1.642971863626345799e-02 1.617570707115536036e-02 1.366343098399399464e-02 1.641833077777824640e-02 1.431718147730307727e-02 1.637853759814674251e-02 1.615843640241296925e-02 1.558628509462051635e-02 1.595160434067901742e-02 1.541639936492617512e-02 1.649696458960725823e-02 1.634577899219809630e-02 1.714622917562637003e-02 1.525472208736486888e-02 1.559979819543132716e-02 1.597334272623485152e-02 1.601351207719579547e-02 1.635787832014029206e-02 1.605001881604659758e-02 1.421152556052086846e-02 1.578160200849966846e-02 1.602197514442621484e-02 1.671144639685344033e-02 1.603573555819005209e-02 1.667369447348104536e-02 1.687005901425779608e-02 1.684584928724016176e-02 1.282577222364708787e-02 1.580852246136338346e-02 1.641822683455747278e-02 1.605860100836710783e-02 1.527904228510275873e-02 1.627244188912677775e-02 1.646393777065522160e-02 1.636873814543885267e-02 1.556006241932303934e-02 1.643955452270117606e-02 1.585182099500797095e-02 1.565768592036283560e-02 1.657523409949604107e-02 1.638307867405789167e-02 1.615031353237799533e-02 1.553563956842079000e-02 1.658040754314857659e-02 1.584059976554754237e-02 1.616912190090614293e-02 1.655545209772253321e-02 1.613761958795517995e-02 1.694601400011767900e-02 1.571486827677301065e-02 1.612395375889824969e-02 1.538692734705606781e-02 1.591874468520944677e-02 1.624708778094566611e-02 1.593619762303776985e-02 1.603128150939145055e-02 1.585351184525405840e-02 1.519303535062590908e-02 1.618583974668905828e-02 1.584085568396160354e-02 1.667636454859827352e-02 1.708876593522764761e-02 1.597607791279937600e-02 1.593179537976141188e-02 1.708703558890759672e-02 1.630415669671459941e-02 1.643487331083674091e-02 1.586537979082057112e-02 1.420930584637860976e-02 1.616859038824333683e-02 1.532229883276147765e-02 1.396701850183545979e-02 1.671712808065070957e-02 1.569266213835730783e-02 1.598688957838373739e-02 1.560037644357665024e-02 1.659042460113681686e-02 1.614783939523752737e-02 1.635658359507008788e-02 1.570481939556251857e-02 1.541526736136044316e-02 1.625241267555551858e-02 1.601310346381990338e-02 1.629882914275977701e-02 1.329047936155506975e-02 1.588833944165279205e-02 1.677488026034820029e-02 1.738520876558083753e-02 1.598622258935685631e-02 1.578937253349519884e-02 1.727920853964957579e-02 1.517766431176159614e-02 1.379707432512329579e-02 1.638726200096834659e-02 1.555897686851340743e-02 1.638894708601755165e-02 1.639747523783097530e-02 1.582799537627557762e-02 1.689221040389509224e-02 1.579887780730141258e-02 1.555209660852661588e-02 1.644184148446704505e-02 1.655505226552223680e-02 1.591858598125822297e-02 1.582986695059894824e-02 1.322483674521633332e-02 1.579825885342630090e-02 1.556753269497288157e-02 1.562956174809139454e-02 1.536677953028051970e-02 1.530900656439268537e-02 1.563160970741762218e-02 1.454165440577749428e-02 1.632287017090739561e-02 1.306267232577165704e-02 1.609156612691580931e-02 1.585159969484705583e-02 1.596108081618314092e-02 1.682253912056127024e-02 1.416164755562143371e-02 1.583569179861874995e-02 1.659682414886484367e-02
1.652945836072431535e-02 1.630245199447920984e-02 1.593181047436137074e-02 1.671940549987079028e-02 1.583522747289458146e-02 0.000000000000000000e+00 1.588098379224966300e-02 1.618995932085544320e-02 1.602901570470141243e-02 1.600255983699391468e-02 1.558259130436206140e-02 1.669065025914453007e-02 1.667728576838732255e-02 1.378956117138230297e-02 1.606361800414663615e-02 1.505004201177148615e-02 1.647907901095370733e-02 1.380055703468767089e-02 1.681063473534409949e-02 1.594737490950636979e-02 1.570940381137743772e-02 1.579137164931136358e-02 1.554395744221473766e-02 1.668228802814242587e-02 1.545746097668858343e-02 1.543829867643787407e-02 1.483673397156276379e-02 1.307357241097552823e-02 1.617634005720531426e-02 1.552174449544930883e-02 1.617092670884952635e-02 1.622734582464553654e-02 1.709607462991573346e-02 1.674040275277820580e-02 1.597458560320129395e-02 1.625491671891229201e-02 1.547017304457663431e-02 1.584001912411548557e-02 1.664057459711197617e-02 1.628295314683473119e-02 1.592236264630974077e-02 1.620084794583470308e-02 1.625247414369375074e-02 1.592296329981215258e-02 1.566147592144735701e-02 1.641698589217316026e-02 1.630207549924667446e-02 1.612989115554224265e-02 1.483246095065816200e-02 1.589451931680787786e-02 1.602125156681970947e-02 1.587407517164690640e-02 1.600837479188998991e-02 1.570325718542041338e-02 1.672183594370091342e-02 1.565417138985562839e-02 1.572098080745248580e-02 1.528381910262214920e-02 1.562980610416249416e-02 1.608407261490529122e-02 1.594266032542209985e-02 1.610288259802995434e-02 1.605725862827478423e-02 1.592774141249012065e-02 1.597907194988951868e-02 1.513877322685940573e-02 1.698059307563466735e-02 1.703815950294811782e-02 1.531770064230265557e-02 1.532150209200430595e-02 1.643266769203788336e-02 1.600063222817908054e-02 1.614484802031655730e-02 1.475808703783207040e-02 1.697721973611998267e-02 1.597588449718605544e-02 1.625821126892004059e-02 1.502067214694514929e-02 1.602799752479044590e-02 1.557862744072180047e-02 1.610722128634017869e-02 1.578230914592867670e-02 1.570464040738206099e-02 1.544850964202537820e-02 1.621968530127203267e-02 1.322155316476778496e-02 1.537853956938050291e-02 1.570529582077258290e-02 1.598398299124661678e-02 1.553083450862168848e-02 1.526298646182161663e-02 1.597818938554003074e-02 1.606899055471933124e-02 1.727480517222728176e-02 1.570128788908901896e-02 1.572077176959182226e-02 1.707717580041502939e-02 1.550212356539361520e-02 1.608399648503679863e-02 1.628962848521338033e-02 1.580680493019427646e-02 1.669331588530415314e-02 1.582352072426081169e-02 1.584791938634592945e-02 1.642106883557071378e-02 1.542002341348320919e-02 1.406375480093488388e-02 1.633179403992616671e-02 1.602165608933945815e-02 1.603663091408897429e-02 1.636201461072925994e-02 1.570695237449491050e-02 1.575342229468853703e-02 1.509840878608100130e-02 1.350553550922869647e-02 1.577439213759505854e-02 1.535043914763379799e-02 1.398411642132412792e-02 1.577232495930587508e-02 1.591671624423237480e-02 1.602658752157402541e-02 1.583951704324122745e-02 1.628773956395718550e-02 1.618141873849717610e-02 1.646730869673450337e-02 1.356069768538007390e-02 1.588663422352284277e-02 1.611524965733288073e-02
1.492527045638076047e-02 1.563894048967021111e-02 1.388858850101790110e-02 1.633875139855326189e-02 1.642971863626345799e-02 1.588098379224966300e-02 0.000000000000000000e+00 1.500258887129680800e-02 1.642293237913629647e-02 1.403348184289633302e-02 1.521182196765548389e-02 1.614744840627611519e-02 1.654842179939281996e-02 1.623159505215834159e-02 1.573264122993795616e-02 1.502529622775342598e-02 1.543389216534941932e-02 1.501534833420715281e-02 1.675415543495761828e-02 1.564772522497020688e-02 1.546367379678019287e-02 1.632702165395053320e-02 1.570429324815371744e-02 1.483409722774001877e-02 1.538178539792290495e-02 1.588345445764382385e-02 1.543809928302483647e-02 1.581170193221904594e-02 1.649854527458156916e-02 1.517912333597204282e-02 1.486973809121453285e-02 1.591872606973718934e-02 1.650205094913075043e-02 1.676614178020269588e-02 1.528007160305152462e-02 1.549400758263142115e-02 1.582834521488226537e-02 1.523499860892502979e-02 1.627807803720357147e-02 1.589458345000143227e-02 1.638257346184753688e-02 1.512672074875017099e-02 1.538547518606115348e-02 1.557427478930074535e-02 1.594605723509208775e-02 1.651356802371294411e-02 1.565433682453754721e-02 1.600919074948632670e-02 1.359793605752541296e-02 1.419734031264357869e-02 1.563603476588283289e-02 1.586144789868246599e-02 1.656186759934358613e-02 1.576250367505655989e-02 1.633552829566014414e-02 1.624944548698760080e-02 1.550615424878050430e-02 1.539008206535386579e-02 1.552316417290668625e-02 1.542641857797346153e-02 1.546667343260616986e-02 1.489486417801433663e-02 1.375847027758422478e-02 1.501890566669488412e-02 1.532264993422446583e-02 1.569672573915306332e-02 1.352310156326226066e-02 1.576455105784635782e-02 1.537360264294244244e-02 1.508264967922326970e-02 1.599815033128134875e-02 1.593993204396473504e-02 1.659581735142734785e-02 1.616028061199447849e-02 1.601629967780418551e-02 1.582025316272943349e-02 1.622817233279017640e-02 1.539185445413206003e-02 1.611470731378413998e-02 1.624557320120195367e-02 1.602926407235125833e-02 1.517527945710749580e-02 1.375187554437686324e-02 1.588920297597326212e-02 1.603920605005304534e-02 1.398774670629235675e-02 1.557865223731762228e-02 1.541375046911336484e-02 1.629442633989211520e-02 1.521659677661710286e-02 1.599204374641486140e-02 1.577606534273796185e-02 1.566927946704806118e-02 1.675161816294328324e-02 1.551506322193710145e-02 1.607949769450611743e-02 1.362127771413556600e-02 1.525583648988960463e-02 1.687815117867402098e-02 1.612332537810834063e-02 1.527453744680701102e-02 1.549454502473934965e-02 1.614226742305606421e-02 1.608395121829697336e-02 1.622689516229749648e-02 1.512366477365204194e-02 1.571551687803241990e-02 1.539064255225274132e-02 1.599157398825105589e-02 1.543465714468984958e-02 1.501453492961749014e-02 1.652929143814130947e-02 1.606859765353258265e-02 1.579159248743821492e-02 1.572944248831316741e-02 1.528261251111517720e-02 1.516541165763706130e-02 1.613690416118399723e-02 1.578788364255419643e-02 1.635178085322542760e-02 1.605185698801863542e-02 1.614259240055020486e-02 1.583580743343091998e-02 1.361225936899837508e-02 1.605554414066264618e-02 1.556419167865458371e-02 1.633576960008514128e-02 1.607048707945836138e-02
1.324546996920693276e-02 1.510219086734173460e-02 1.352704319093406791e-02 1.505924770264605202e-02 1.617570707115536036e-02 1.618995932085544320e-02 1.500258887129680800e-02 0.000000000000000000e+00 1.626927805988650014e-02 1.586582792020365881e-02 1.547142940940651398e-02 1.670861290600574381e-02 1.591352434487434964e-02 1.590224306174640653e-02 1.555553891332974066e-02 1.531550094839502149e-02 1.599088172272688374e-02 1.566132732044839618e-02 1.549833628020687998e-02 1.538958795081406435e-02 1.489996832834602353e-02 1.633078139423485911e-02 1.572865486728538056e-02 1.607867843041806480e-02 1.545799888415570408e-02 1.605870583027630902e-02 1.551745855476776952e-02 1.592992867536774382e-02 1.598948400187448493e-02 1.520880960965664830e-02 1.623551495356443525e-02 1.625008458483273577e-02 1.701163741170751836e-02 1.622713995236731155e-02 1.539864253357632086e-02 1.552607925586696122e-02 1.377225755363302266e-02 1.352672194017782124e-02 1.598513830958299062e-02 1.590428091857383139e-02 1.557648916801098425e-02 1.534913333384365329e-02 1.576972332686439257e-02 1.542142538257492909e-02 1.526318276464587280e-02 1.558531223880038098e-02 1.608573923528035937e-02 1.545179254169463424e-02 1.480496506314142938e-02 1.562446784596218698e-02 1.502621613530407373e-02 1.599460166785719381e-02 1.553524252214337487e-02 1.564036993937213682e-02 1.637155713618777125e-02 1.611183652007142433e-02 1.378932237790639857e-02 1.536962276808331168e-02 1.550813096619241792e-02 1.588567063030988519e-02 1.493541549135937556e-02 1.536363074844107786e-02 1.381161201913555688e-02 1.505600701235199936e-02 1.576166978917598396e-02 1.599454968415802564e-02 1.580978249099520422e-02 1.690601548292134174e-02 1.550024605757817538e-02 1.529325300296000521e-02 1.595785522060187700e-02 1.537665658140176597e-02 1.639182944697277836e-02 1.588395897850103378e-02 1.606169233073153832e-02 1.559754204144680155e-02 1.627482144213754367e-02 1.543038640368223774e-02 1.606079140954232501e-02 1.539491999553354272e-02 1.498876760742753195e-02 1.449711573738165192e-02 1.392805232300635583e-02 1.600375326067656617e-02 1.558010505569828660e-02 1.566273363323982676e-02 1.501627700659780539e-02 1.517261929705513920e-02 1.640144517556868867e-02 1.549843208707699961e-02 1.580092156485398205e-02 1.332150520818501695e-02 1.624239015779729498e-02 1.636040861157076962e-02 1.543278593201387154e-02 1.581339817507955783e-02 1.667141064094375749e-02 1.523318257430495738e-02 1.653260168312880793e-02 1.666108196413399259e-02 1.497206672608980896e-02 1.605172775497929957e-02 1.559986395016913288e-02 1.502351224770715615e-02 1.637784600439823324e-02 1.512086226249021760e-02 1.543264502099932212e-02 1.532847413991493199e-02 1.607287508805856774e-02 1.544227245705780821e-02 1.584641664721887083e-02 1.630794387345434193e-02 1.553908589980861586e-02 1.548697564343093878e-02 1.585754755631785598e-02 1.546321701165470110e-02 1.535797397615201038e-02 1.614255066805534919e-02 1.515898890253740590e-02 1.554492144020538751e-02 1.538227311735655863e-02 1.393380001419485849e-02 1.335439674602204203e-02 1.549732546911722700e-02 1.556464637978132413e-02 1.516424581873842062e-02 1.629306067184929999e-02 1.595823355849311856e-02
1.596006969052750357e-02 1.621349395543668359e-02 1.586531053105222008e-02 1.682511747119637413e-02 1.366343098399399464e-02 1.602901570470141243e-02 1.642293237913629647e-02 1.626927805988650014e-02 0.000000000000000000e+00 1.586014912315013292e-02 1.533212281752917121e-02 1.403558926936596292e-02 1.596542829773759872e-02 1.584056325696750825e-02 1.619795196168218043e-02 1.591397928859385538e-02 1.593216713430341269e-02 1.632518626569060341e-02 1.685586565874221468e-02 1.491095810222944733e-02 1.529750785111856463e-02 1.628234484338983434e-02 1.568928253616755017e-02 1.612462972332182748e-02 1.606694949787869711e-02 1.513577720109554603e-02 1.612044470366464505e-02 1.652482542138354604e-02 1.589029705702974318e-02 1.593732724206828669e-02 1.641903614416241261e-02 1.689137061477793966e-02 1.631538423879833055e-02 1.574550896166651559e-02 1.598150481733416964e-02 1.650681279281828590e-02 1.625823292197844244e-02 1.544814103182105651e-02 1.638213347587045080e-02 1.670732174362369107e-02 1.659822655587405577e-02 1.572578316239879592e-02 1.628960824151039904e-02 1.345768897426342925e-02 1.403934605551403376e-02 1.695571017997017649e-02 1.563538815060316195e-02 1.640085406010420230e-02 1.591132522535015914e-02 1.664046126421842714e-02 1.618530478662082162e-02 1.566218171606154758e-02 1.685804997839806391e-02 1.626191013660878773e-02 1.712734492339931802e-02 1.541070617123387575e-02 1.575696276228795434e-02 1.589395302941584015e-02 1.547790195225441298e-02 1.606040147830255921e-02 1.573874645221475660e-02 1.612063215489482892e-02 1.586713013579909778e-02 1.373004491141095393e-02 1.551891557216114430e-02 1.664508307211105820e-02 1.683665481950721160e-02 1.669688881636452113e-02 1.529675266576392169e-02 1.567846802699561157e-02 1.720272098242601674e-02 1.694039033792771667e-02 1.631961870562211037e-02 1.644876058888771614e-02 1.592947853883670134e-02 1.628595373440301641e-02 1.591923755366065132e-02 1.586787717123304756e-02 1.659602119280986429e-02 1.630237320974159410e-02 1.654084110028798335e-02 1.614410886712119506e-02 1.646948479984955069e-02 1.601718269850098408e-02 1.604661718725515496e-02 1.600498309179681708e-02 1.520886486246547827e-02 1.587100069279369710e-02 1.586633105487286061e-02 1.636924362963575186e-02 1.482193961751562469e-02 1.593661608045521955e-02 1.662877669534826297e-02 1.754053849385750832e-02 1.628336296206557565e-02 1.626134158939367483e-02 1.703270403542721245e-02 1.578840954647188488e-02 1.623666116073501503e-02 1.562023678575428717e-02 1.603131777090780266e-02 1.663406775804814747e-02 1.575647707462327074e-02 1.607071349592976636e-02 1.544949625836326314e-02 1.620568806170414114e-02 1.605828452385454908e-02 1.649159750060353105e-02 1.586214375082004024e-02 1.543163235152410218e-02 1.600249633161566348e-02 1.556031902032276905e-02 1.575984429290062591e-02 1.632833620004004241e-02 1.620882550990672410e-02 1.558070949919786521e-02 1.568792474670658091e-02 1.344959499002335544e-02 1.611353803056760764e-02 1.624801642158123921e-02 1.358417566690519468e-02 1.624164053832910862e-02 1.652306643485548787e-02 1.577765689467866203e-02 1.689852356502922343e-02 1.542150614054388184e-02 1.393213281776034713e-02 1.636063142158489248e-02
1.542730714020839472e-02 1.374149354898811584e-02 1.588038730261501913e-02 1.687010481150480468e-02 1.641833077777824640e-02 1.600255983699391468e-02 1.403348184289633302e-02 1.586582792020365881e-02 1.586014912315013292e-02 0.000000000000000000e+00 1.519736827972217007e-02 1.374552728287893252e-02 1.661488223504399564e-02 1.635114624984194964e-02 1.572131091492676852e-02 1.544719165384201079e-02 1.535538856739858231e-02 1.420748451186172948e-02 1.610125215131628582e-02 1.550225142422430313e-02 1.562538151076873008e-02 1.611926798867126254e-02 1.394951919284319677e-02 1.558863949340047288e-02 1.551416217985601698e-02 1.579374338072132150e-02 1.551502016013553593e-02 1.637284454511395843e-02 1.527704245800963305e-02 1.529238510295225124e-02 1.589382403661787624e-02 1.616281494356416187e-02 1.524676889343249027e-02 1.693396521986994738e-02 1.585669076186909179e-02 1.619071182290245103e-02 1.605843856222069488e-02 1.543688257942533483e-02 1.613730825377305070e-02 1.566862410038681944e-02 1.673551072780827750e-02 1.581172261183366387e-02 1.525670534719033786e-02 1.554289678909302752e-02 1.571414171603389628e-02 1.682693271698099818e-02 1.370087067717762341e-02 1.646520940148158210e-02 1.530192097259786173e-02 1.579602919066740510e-02 1.613628375814299756e-02 1.526656789625356093e-02 1.618024681740938206e-02 1.624544623270509497e-02 1.664073841560113898e-02 1.580424793301913808e-02 1.534098802022373399e-02 1.537734550062798584e-02 1.531507902339674342e-02 1.348002722468740616e-02 1.604648956996676881e-02 1.556137245261476725e-02 1.547858237606595556e-02 1.547701001575710507e-02 1.482816417825788720e-02 1.638743779639486101e-02 1.597030951281301972e-02 1.341338185705655273e-02 1.539065669557356311e-02 1.576992293270832596e-02 1.668289279760811969e-02 1.633283282269730116e-02 1.666222554939835593e-02 1.642718156955091588e-02 1.623693218196946980e-02 1.552630561669723387e-02 1.606954475324546411e-02 1.596637870502872619e-02 1.615897001868946831e-02 1.589896793836102773e-02 1.588434305624066359e-02 1.418895019867520181e-02 1.558805187247574303e-02 1.546390485057732266e-02 1.579490896062284155e-02 1.550589512793482116e-02 1.585653618802634890e-02 1.582738251788750813e-02 1.581897484859104766e-02 1.594241807629595206e-02 1.575753918545633181e-02 1.587866190558524099e-02 1.545651701948353753e-02 1.739878333616108955e-02 1.569370417971157478e-02 1.544578572778295203e-02 1.628554163647321154e-02 1.577080932364253313e-02 1.670609551826428979e-02 1.571898981670452958e-02 1.609367769852058927e-02 1.552112116754988946e-02 1.398439920986302258e-02 1.588071842083301280e-02 1.593018702824217439e-02 1.577552437357307089e-02 1.513105209264000404e-02 1.566380428945754466e-02 1.617282238152511001e-02 1.543856552404542296e-02 1.541657335634803727e-02 1.645020206590160766e-02 1.585549955893257590e-02 1.623111988448214943e-02 1.605438121125607812e-02 1.373074215302893218e-02 1.525376566349814431e-02 1.557988222319955929e-02 1.572586807485329766e-02 1.549912622626252456e-02 1.622050907980597187e-02 1.527085945229879685e-02 1.632026267466047537e-02 1.490619764498153296e-02 1.601504976825559798e-02 1.585960316900800887e-02 1.575849191998952500e-02 1.559262040145026340e-02
1.515734686363836951e-02 1.369663492053138122e-02 1.482500143163441655e-02 1.605336441145225126e-02 1.431718147730307727e-02 1.558259130436206140e-02 1.521182196765548389e-02 1.547142940940651398e-02 1.533212281752917121e-02 1.519736827972217007e-02 0.000000000000000000e+00 1.458845853803521220e-02 1.576213700732345332e-02 1.569842098679964659e-02 1.345848993820622161e-02 1.289348890993313387e-02 1.510612623980731040e-02 1.516264731199435355e-02 1.637151297900098570e-02 1.344245194383688821e-02 1.509659929997242411e-02 1.555588166153544678e-02 1.572251846812313530e-02 1.530992913866478095e-02 1.462381291105632926e-02 1.523528924311912981e-02 1.413745421323643787e-02 1.568801968127430876e-02 1.580499135259982868e-02 1.520408150606548936e-02 1.526162603805580886e-02 1.552498254643034335e-02 1.622028570255350244e-02 1.601506149389799946e-02 1.485324727028651537e-02 1.526787115493017516e-02 1.553801587905743152e-02 1.449215769602874883e-02 1.595041271982671968e-02 1.566888047143026250e-02 1.551220101029704770e-02 1.322758080639178761e-02 1.525428096624223233e-02 1.544629944463469379e-02 1.517132676464742237e-02 1.629601085194295682e-02 1.502794315748036749e-02 1.565627567885999674e-02 1.493090559423104410e-02 1.537808081313339799e-02 1.345297855235372091e-02 1.554154752894213419e-02 1.594704793669091472e-02 1.531857297862859735e-02 1.570693423275200742e-02 1.545117741648358543e-02 1.491325642835816812e-02 1.522320735641505621e-02 1.460318030903955469e-02 1.536314114170949340e-02 1.495770910162741441e-02 1.335418274627166516e-02 1.509983353304483571e-02 1.453301256832984986e-02 1.501046946182464474e-02 1.536449574762141501e-02 1.556685205991403809e-02 1.599334986010167783e-02 1.521020848706218509e-02 1.548319878396458432e-02 1.645890902444269166e-02 1.562792602237388431e-02 1.573234162282497947e-02 1.518547799230988808e-02 1.571018673062050952e-02 1.542511239199606185e-02 1.527380197531277503e-02 1.380235080769335286e-02 1.572204158139864361e-02 1.529415674313846542e-02 1.564200331605258149e-02 1.527199945442911377e-02 1.569233019487933922e-02 1.542497471045604050e-02 1.561393554496449954e-02 1.481529652352572488e-02 1.377242209332676590e-02 1.516076577805543571e-02 1.546839249113111762e-02 1.490963771605394866e-02 1.500613190510501072e-02 1.503829167064914436e-02 1.526790440848918053e-02 1.673204336067114772e-02 1.500701714354822115e-02 1.503889116542618358e-02 1.624679313923943838e-02 1.436078643538410589e-02 1.602244334620115881e-02 1.573315462431479350e-02 1.529657314480816627e-02 1.382283946293755804e-02 1.550566507057794287e-02 1.556415913409864987e-02 1.589977126279571579e-02 1.482366200762271456e-02 1.547582843247553852e-02 1.518980007386838346e-02 1.606452305835618169e-02 1.342342274658874825e-02 1.512552090831338451e-02 1.545529912212850569e-02 1.552856349747057732e-02 1.538598702501361125e-02 1.411147811750280978e-02 1.482103984788640111e-02 1.367267889220807366e-02 1.544983493929882011e-02 1.523592283293447036e-02 1.589453605646549278e-02 1.499818661491879139e-02 1.557358276629649055e-02 1.573493039752603059e-02 1.340950904166110687e-02 1.617738643192330114e-02 1.480237091844601761e-02 1.555297788075376240e-02 1.537532387686736841e-02
1.662078836103657309e-02 1.598872551728047070e-02 1.671438489068337307e-02 1.718303939336149680e-02 1.637853759814674251e-02 1.669065025914453007e-02 1.614744840627611519e-02 1.670861290600574381e-02 1.403558926936596292e-02 1.374552728287893252e-02 1.458845853803521220e-02 0.000000000000000000e+00 1.724952442105461350e-02 1.698165449433761132e-02 1.594735845541921451e-02 1.600781668975005331e-02 1.414107090771508056e-02 1.635987502624139389e-02 1.671584863967218518e-02 1.579270755397618395e-02 1.602521901797198875e-02 1.687761762535323548e-02 1.568409584246429136e-02 1.558973337997567737e-02 1.634154220725281617e-02 1.624413108684439472e-02 1.607023364133244522e-02 1.695984054313942960e-02 1.639356430810905499e-02 1.612478154759377363e-02 1.583238653158435677e-02 1.702366692149907129e-02 1.301255906507332340e-02 1.739644278008670511e-02 1.626316443088082070e-02 1.687183947974667947e-02 1.692588708554068969e-02 1.588099837771673670e-02 1.650456375922146682e-02 1.641689563973377022e-02 1.724094361782921303e-02 1.626982004061866202e-02 1.549211868148273573e-02 1.604964012914271779e-02 1.617260399732546247e-02 1.737575489941944884e-02 1.568417435448747968e-02 1.711004550435932942e-02 1.637912633922214076e-02 1.691498836650405513e-02 1.654975495017585452e-02 1.605043013500970575e-02 1.701865509354898512e-02 1.704019663991982250e-02 1.711198790469229195e-02 1.646801887161832706e-02 1.588825971767759623e-02 1.630119826485136592e-02 1.513062795326739103e-02 1.554159104920873648e-02 1.652082153083188690e-02 1.614334649154275728e-02 1.589301180562148821e-02 1.569835436295199602e-02 1.335867000062916123e-02 1.708042745763082085e-02 1.694369010646704782e-02 1.514632523867706637e-02 1.614349829551121190e-02 1.633118641452831893e-02 1.724057253535741033e-02 1.710798775398471999e-02 1.727296130575216998e-02 1.681975425296377072e-02 1.565414903875276056e-02 1.584300598875816937e-02 1.585706585014992967e-02 1.659018263945583743e-02 1.621751451753430939e-02 1.647414319718597600e-02 1.692398767425501438e-02 1.633361785933564250e-02 1.631882036274758668e-02 1.647033923530464086e-02 1.614577207874064169e-02 1.598177135722463407e-02 1.584986731473090465e-02 1.573656094391401652e-02 1.592549259341515325e-02 1.641183744855738078e-02 1.641940338015431336e-02 1.652546960263594211e-02 1.671933747624457581e-02 1.795855664899955254e-02 1.618323257547532937e-02 1.654942237517592271e-02 1.644204448315434580e-02 1.649731945574823763e-02 1.711079466686532199e-02 1.366147202854138196e-02 1.662498298108470302e-02 1.647903071905474498e-02 1.447832660977351436e-02 1.669658932527346568e-02 1.307215343260496009e-02 1.624738350435101647e-02 1.635124919542341529e-02 1.638329577367991091e-02 1.675898562301338102e-02 1.554038492028703144e-02 1.616273652225392113e-02 1.697247609423510606e-02 1.667341879784202049e-02 1.687893060642748494e-02 1.636750281513587452e-02 1.567468358907564766e-02 1.578827953524257824e-02 1.483326459766459715e-02 1.657117693238004119e-02 1.656456014866729276e-02 1.640508502157265666e-02 1.641914603091040870e-02 1.715711475147861306e-02 1.581079434694237715e-02 1.686875291174327884e-02 1.652045680786919796e-02 1.585514664619523326e-02 1.644366998422458828e-02
