0.000000000000000000e+00 1.392192727272079447e-02 1.369961227370411656e-02 1.404359978663664334e-02 1.390617192648845556e-02 1.427032036581062958e-02 1.299171436122758226e-02 1.336943810974798759e-02 1.350356011071275272e-02 1.335097103515515450e-02 1.383853664756175793e-02 1.327888610296522505e-02 1.399288591268530585e-02 1.314617466409801101e-02 1.388064070931696939e-02 1.460420182423651132e-02 1.412495431802677191e-02 1.379982173348117194e-02 1.313991954982974934e-02 1.414849803918671010e-02 1.430265189381374480e-02 1.339135932585074594e-02 1.396747884648175120e-02 1.424527183375880884e-02 1.427287748982145402e-02 1.406954168916793764e-02 1.462052344479377979e-02 1.393911452913283201e-02 1.476522178381911923e-02 1.424196639432526341e-02 1.419131256386041082e-02 1.443487415512512140e-02 1.460682932549119649e-02 1.342478701085184079e-02 1.464577066385885570e-02 1.357120473134845393e-02 1.443841766551733942e-02 1.453621638212935357e-02 1.427320018920134187e-02 1.454832279348224067e-02 1.480443125828011935e-02 1.357052313082758588e-02 1.474531015206676128e-02 1.472896273466409167e-02 1.469998064008544610e-02 1.328978134907938397e-02 1.450615354898826363e-02 1.452732421000820992e-02 1.465508641549701473e-02 1.449075083747772968e-02 1.484267486275587904e-02 1.462276582098570588e-02 1.510967218584462028e-02 1.492846090839103183e-02 1.470295767202811979e-02 1.481317740612161753e-02 1.482535794539491768e-02 1.474671771512341308e-02 1.497403004085109263e-02 1.406233380093875954e-02 1.478874069123029510e-02 1.468519632766392830e-02 1.529856402966681302e-02 1.518974680105606573e-02 1.422648213950552902e-02 1.306474370464145301e-02 1.327002387615348195e-02 1.434109636372061548e-02 1.435895357281466791e-02 1.498735267066345772e-02 1.482179036364266594e-02 1.487047061802814450e-02 1.533220632797179656e-02 1.518048538504306391e-02 1.431760368154634012e-02 1.373081342982082446e-02 1.494757346896324023e-02 1.510748958558518623e-02 1.466581988599869636e-02 1.489837061740369693e-02 1.491113342456449990e-02 1.551487120868660918e-02 1.318769574786781383e-02 1.444949712990832580e-02 1.502588556865036562e-02 1.443579171058960615e-02 1.325215464887785806e-02 1.475494509438365215e-02 1.518098571735566719e-02 1.314183344803503128e-02 1.491412745802374491e-02 1.512771083053281000e-02 1.333753054755770426e-02 1.500718622031369485e-02 1.467519895371745264e-02 1.441393532355636498e-02 1.498328389280023654e-02 1.534539616579636175e-02 1.506653577090807071e-02 1.337874397942408200e-02 1.325492139158963335e-02 1.466070493310481573e-02 1.272644370872234865e-02 1.539390335230258859e-02 1.532119712493279669e-02 1.519183901544905735e-02 1.529943950767727844e-02 1.518548253518338040e-02 1.461984635546547534e-02 1.499188573644350334e-02 1.579609475898748755e-02 1.347465917136677488e-02 1.461108909257594762e-02 1.489295072091612396e-02 1.492616500466662638e-02 1.509852842504084275e-02 1.270162954146193852e-02 1.533388449163558022e-02 1.556422822461156312e-02 1.520438748737092984e-02 1.493110877880934363e-02 1.320985051573156377e-02 1.587854965455603312e-02 1.308513676702545599e-02 1.479442323205306525e-02 1.512325951120006146e-02 1.402336145915855994e-02 1.521011856519199207e-02
1.392192727272079447e-02 0.000000000000000000e+00 1.382802103458256882e-02 1.369563556192935662e-02 1.371202894856328805e-02 1.375476025952521685e-02 1.305817158273822089e-02 1.279878806903594728e-02 1.343134149334626430e-02 1.332515686189288291e-02 1.414452970948155801e-02 1.298294726614149588e-02 1.411511537842738938e-02 1.399184756011593624e-02 1.392158083489252081e-02 1.427949562608555288e-02 1.306895898698997617e-02 1.407724895480126984e-02 1.397326903867422351e-02 1.431750248631951175e-02 1.430610004622355491e-02 1.390745168595514808e-02 1.327000835022440484e-02 1.318189853005722126e-02 1.345095455193247129e-02 1.298212792306821170e-02 1.443609745504116290e-02 1.405866281894059718e-02 1.463840503431548291e-02 1.343554963676729837e-02 1.428333780391024925e-02 1.417946622915744123e-02 1.391446668686120020e-02 1.345554496072741413e-02 1.283211451441548107e-02 1.429804771304589786e-02 1.466273151022636466e-02 1.435354352511808082e-02 1.341761731760253429e-02 1.454799646174746025e-02 1.504272290639043462e-02 1.420777914138644620e-02 1.343859360388599024e-02 1.463951189547721063e-02 1.447269156303576318e-02 1.456186934594072210e-02 1.310993771338489662e-02 1.330065496833651717e-02 1.420088356172612837e-02 1.344161573198761339e-02 1.340731923814798485e-02 1.285020236273862367e-02 1.515775841295542541e-02 1.298504487389048022e-02 1.310258484413789545e-02 1.484756397321610084e-02 1.466657898112501933e-02 1.291561178396014552e-02 1.313072662446780441e-02 1.441991380293893010e-02 1.483439625796698601e-02 1.436006013636299643e-02 1.454823378504920169e-02 1.522035204673307177e-02 1.435987947004900914e-02 1.470968941049306117e-02 1.459945289167476762e-02 1.409555252582281835e-02 1.483555249108307883e-02 1.304348359386976047e-02 1.457657401482380724e-02 1.467595107031718221e-02 1.462980838312105854e-02 1.285369222869151354e-02 1.462236526910245388e-02 1.511293595147444532e-02 1.520848628369446745e-02 1.504252703980402985e-02 1.472418886576915172e-02 1.476145908115138877e-02 1.499459791548698150e-02 1.522474257009076050e-02 1.331456418535885249e-02 1.479943837903752689e-02 1.475538905063482342e-02 1.503828328841617934e-02 1.431865407876503800e-02 1.458878802001895014e-02 1.518932602088971656e-02 1.484911993147299165e-02 1.292671614552747157e-02 1.483822505636323702e-02 1.382637403217748702e-02 1.449347612389840362e-02 1.451673701151931332e-02 1.349514835888953462e-02 1.512818358387560402e-02 1.443442538783400522e-02 1.501572585910354932e-02 1.501056077416128114e-02 1.497917175350913302e-02 1.347375359451557716e-02 1.469828680703546588e-02 1.528219848814090821e-02 1.560765536616009683e-02 1.501186781524989876e-02 1.472066618854098348e-02 1.463368415724021314e-02 1.260079815236916055e-02 1.468552121680449449e-02 1.580638334861202837e-02 1.453272472053528802e-02 1.455124988511179510e-02 1.527778522147649892e-02 1.364541711406982299e-02 1.464161057298351241e-02 1.487830457472616268e-02 1.489644567093790020e-02 1.567764331485512960e-02 1.561957228184336632e-02 1.498823606701841366e-02 1.488189867035965078e-02 1.578447500296424957e-02 1.511981312548149256e-02 1.329242205143432373e-02 1.486425972433363940e-02 1.542182157268977803e-02 1.509476896538368938e-02
1.369961227370411656e-02 1.382802103458256882e-02 0.000000000000000000e+00 1.373583856998540978e-02 1.374565181232552565e-02 1.384576731189432128e-02 1.291099843517772884e-02 1.300781209515578657e-02 1.298054067092661336e-02 1.396600811919834935e-02 1.339890551177542848e-02 1.422459449517219331e-02 1.284801685066681506e-02 1.292400579319287306e-02 1.305649194548707571e-02 1.411707594964343657e-02 1.386794665542101686e-02 1.331328084751543135e-02 1.385343697868971977e-02 1.328201380534053955e-02 1.421117304582958721e-02 1.455420164961976869e-02 1.401195274464043031e-02 1.409743920720407141e-02 1.334891444041407839e-02 1.437768701441448881e-02 1.325344300497990555e-02 1.426774485821032806e-02 1.464516230745415912e-02 1.414035080972771835e-02 1.321814704272964748e-02 1.275650970987227822e-02 1.416924593925302650e-02 1.277434650973961229e-02 1.429715987054600880e-02 1.454667302401649320e-02 1.322912782634151282e-02 1.370362815772080932e-02 1.309840136383876377e-02 1.283592950976525024e-02 1.416146263205961785e-02 1.410615000848381220e-02 1.440771709302222578e-02 1.355703865346827124e-02 1.432775203431139142e-02 1.462866209269487322e-02 1.483288423388315000e-02 1.463188821242035302e-02 1.422804386103956528e-02 1.304724028671133858e-02 1.455311347818035589e-02 1.393535975147832534e-02 1.494126815334747768e-02 1.443555930984317254e-02 1.456925560893583202e-02 1.499224563915789454e-02 1.455963271909558980e-02 1.454165058890818062e-02 1.476991612669908104e-02 1.418615788642475957e-02 1.470782396326705127e-02 1.324706210226645441e-02 1.482853104884888397e-02 1.463433960240750550e-02 1.447386860600071400e-02 1.446357278280012253e-02 1.449430172362373842e-02 1.442898987459834831e-02 1.427039351912615453e-02 1.470568470753443047e-02 1.461496326078116220e-02 1.445162682242121140e-02 1.466607353792945441e-02 1.501619915900574351e-02 1.474433889417975548e-02 1.458475273012003852e-02 1.485821191770086633e-02 1.488694418321051365e-02 1.434331906266498279e-02 1.527430096761961918e-02 1.499581294610194751e-02 1.494808648397201456e-02 1.493185091993519398e-02 1.494266774306870008e-02 1.486998332002031388e-02 1.476281313193787172e-02 1.441690656152768563e-02 1.396996524526754671e-02 1.539645372516701242e-02 1.400664364163061067e-02 1.466146998720368674e-02 1.451253964430481574e-02 1.489140672281754132e-02 1.458099336957582697e-02 1.452566472428013650e-02 1.331828165647974509e-02 1.530050819612606937e-02 1.455713921713424827e-02 1.488600104394709189e-02 1.488826555820596011e-02 1.467140008138699374e-02 1.489991599487572316e-02 1.518269407150398508e-02 1.475396880555695546e-02 1.349316094023138811e-02 1.474075445279859377e-02 1.490568293360517403e-02 1.515208200075411626e-02 1.484335433817973379e-02 1.462429497663342293e-02 1.584618190241331159e-02 1.317963757466420263e-02 1.407332775582808074e-02 1.550458232430680129e-02 1.523636035469966635e-02 1.508441928630798595e-02 1.472197598604048016e-02 1.479183906677881966e-02 1.507306361369265164e-02 1.495131639816514590e-02 1.468924495776396943e-02 1.464326604525347138e-02 1.531801338423353920e-02 1.272438047068266687e-02 1.487490569881919945e-02 1.472284722030466932e-02 1.576069985578670840e-02 1.502397395341413706e-02
1.404359978663664334e-02 1.369563556192935662e-02 1.373583856998540978e-02 0.000000000000000000e+00 1.374416761877527392e-02 1.417667787757699235e-02 1.300099864855725103e-02 1.309518547776175081e-02 1.406521228574406611e-02 1.385429118033107421e-02 1.382345187188080242e-02 1.321639652693454292e-02 1.385099914065267106e-02 1.317560789886133843e-02 1.400250722887519221e-02 1.312448830060138766e-02 1.314158303878747852e-02 1.411306417375969048e-02 1.423059206830916759e-02 1.413090839726923939e-02 1.364797325449776909e-02 1.414041259329900692e-02 1.320467835732652001e-02 1.414950078209069317e-02 1.381785057225590543e-02 1.301465495111498415e-02 1.419047928690812116e-02 1.308696608559625427e-02 1.409797219244187175e-02 1.399758227435307818e-02 1.437340778401876608e-02 1.399327094131947412e-02 1.406026229246785421e-02 1.451068064983471878e-02 1.398498826144269069e-02 1.326740848658684857e-02 1.346843824025185758e-02 1.449633441971253690e-02 1.306412252091374536e-02 1.448078872367682818e-02 1.481170019684414051e-02 1.452926006653626131e-02 1.462922818635508174e-02 1.462894033438467446e-02 1.360695386788669282e-02 1.415660390553119541e-02 1.470867808013561102e-02 1.461094211752747389e-02 1.454738579356826093e-02 1.473778393315810543e-02 1.446465507339765762e-02 1.268903937078274050e-02 1.438684885716766566e-02 1.500861030271532885e-02 1.439293404852569347e-02 1.469657665924499826e-02 1.367976390350857628e-02 1.479214037675160784e-02 1.493395285821900488e-02 1.449244604299340308e-02 1.462613198006217086e-02 1.497823038578589144e-02 1.521921078134327865e-02 1.313598509520973179e-02 1.470422791675548083e-02 1.468460438038703998e-02 1.463783259249537040e-02 1.472652264790638536e-02 1.460936298583253960e-02 1.439395558883556185e-02 1.449588069441742379e-02 1.452059632566121174e-02 1.534696507192702050e-02 1.457055525085089280e-02 1.452582940568420897e-02 1.485621142035357077e-02 1.510548892088884460e-02 1.303106129484393229e-02 1.478684123258475029e-02 1.507001300635886845e-02 1.316627620371627755e-02 1.504619979893301145e-02 1.502550204318464297e-02 1.467638783541270336e-02 1.492722533760050194e-02 1.465112682257860288e-02 1.447734503384063599e-02 1.472743931907052883e-02 1.479969668966102207e-02 1.461486401991715471e-02 1.514644546405698351e-02 1.477837488544747266e-02 1.491863041351779336e-02 1.308407384720693643e-02 1.488599305786752515e-02 1.302501551087436975e-02 1.518470971294620837e-02 1.491615987523686911e-02 1.509973389121891524e-02 1.484566213781527214e-02 1.499975331804949061e-02 1.444917551975598291e-02 1.510928061178299156e-02 1.496789126964862861e-02 1.531256527355304847e-02 1.485893059738186035e-02 1.490250842190613684e-02 1.510835556313853967e-02 1.464199683173194981e-02 1.431134241451830977e-02 1.490994892940846958e-02 1.503365652594795647e-02 1.473396824101935385e-02 1.520119464386138555e-02 1.502379741154971637e-02 1.470622428952516117e-02 1.495754027471244904e-02 1.510721234424578646e-02 1.476753059792451292e-02 1.520893550003451014e-02 1.331205795716334725e-02 1.460139258223177444e-02 1.553487930794077848e-02 1.491564141715073268e-02 1.502727496496999299e-02 1.488428438289743708e-02 1.535963726799535398e-02 1.533511388105184003e-02
1.390617192648845556e-02 1.371202894856328805e-02 1.374565181232552565e-02 1.374416761877527392e-02 0.000000000000000000e+00 1.424813871822807297e-02 1.292635126559283504e-02 1.275232554866204127e-02 1.320556409373504006e-02 1.287203356807059725e-02 1.336119433532387789e-02 1.322528353965575325e-02 1.297915419295542563e-02 1.405366860170083852e-02 1.305638324897783267e-02 1.303030455201056523e-02 1.251103625341845604e-02 1.376189127412837110e-02 1.304307749189923329e-02 1.408702969542962972e-02 1.281918755982975125e-02 1.273321499885004052e-02 1.417837359914943945e-02 1.398115492404907075e-02 1.419424482520613255e-02 1.394380448546502470e-02 1.412971668321948322e-02 1.445582341923005130e-02 1.423634754341253708e-02 1.437597019887655418e-02 1.401222252053452820e-02 1.394982947155619553e-02 1.405167636886983998e-02 1.421787956503028742e-02 1.414665147309096885e-02 1.469627350372587279e-02 1.474824883923887137e-02 1.334691303846812643e-02 1.453986395316043262e-02 1.417442470622190705e-02 1.469154570298720520e-02 1.446360667985222524e-02 1.414782902987189207e-02 1.514533089297350615e-02 1.462151265847054862e-02 1.514753314263434826e-02 1.499649172741504381e-02 1.290367039780468406e-02 1.335377628690621703e-02 1.295137277485442287e-02 1.451597278999627698e-02 1.255678453362400575e-02 1.330593419592755212e-02 1.489225892980007918e-02 1.435442449227424498e-02 1.430214340109492790e-02 1.371197171351406889e-02 1.421759845347615736e-02 1.475281421783231246e-02 1.481122360194498527e-02 1.484707008430323320e-02 1.481833555713067685e-02 1.427290314024669791e-02 1.423830720707397642e-02 1.338157056449342137e-02 1.479680431275755444e-02 1.490364062656081637e-02 1.312312129328122544e-02 1.446969170330077679e-02 1.435610408559637174e-02 1.445464922991914619e-02 1.479468112577967884e-02 1.502666360242257450e-02 1.511993642768179845e-02 1.471518925378144035e-02 1.500428958453014182e-02 1.524580914023599201e-02 1.496273038131439720e-02 1.342309264143993000e-02 1.459609705389120285e-02 1.486794865097799609e-02 1.459406096262640465e-02 1.501504029932382647e-02 1.463207863422870403e-02 1.285661169415824520e-02 1.469114687735977726e-02 1.265958675110050169e-02 1.462967500675526819e-02 1.561081424865705045e-02 1.470659963689566370e-02 1.486535179737111939e-02 1.446361484091181204e-02 1.511510576078607150e-02 1.452369032876328625e-02 1.470519041287856633e-02 1.517201723958791146e-02 1.523035102144704341e-02 1.531519978124482387e-02 1.536811985354352358e-02 1.507253170653773122e-02 1.478941706167011608e-02 1.500345698726464685e-02 1.505750601019547469e-02 1.515168304079997537e-02 1.546840645684116090e-02 1.506838745281403533e-02 1.331364494702202798e-02 1.495690448801547875e-02 1.388287104102660548e-02 1.470379982915125637e-02 1.551493320278177386e-02 1.468852558966844343e-02 1.445705618038273244e-02 1.509121730336249363e-02 1.480585288256985182e-02 1.460004034485841255e-02 1.450950981967625772e-02 1.525613252321632481e-02 1.500539451380271394e-02 1.547611832060991933e-02 1.459409524324541650e-02 1.494120254581424688e-02 1.530074422134683129e-02 1.497276505606575346e-02 1.489280920459968259e-02 1.469378833128104009e-02 1.544531322192434393e-02 1.546078769637445997e-02
1.427032036581062958e-02 1.375476025952521685e-02 1.384576731189432128e-02 1.417667787757699235e-02 1.424813871822807297e-02 0.000000000000000000e+00 1.273882879532355419e-02 1.408068160024816481e-02 1.343958187805443898e-02 1.458539318840284399e-02 1.436061752795696027e-02 1.426181947249013059e-02 1.286250942037071680e-02 1.330148830705423987e-02 1.282496717570629115e-02 1.369758553227484917e-02 1.391897149157501207e-02 1.322763220260292881e-02 1.398539149389454658e-02 1.285095159802046409e-02 1.454761109795250744e-02 1.484856765004879259e-02 1.316486263507277849e-02 1.387787452055362289e-02 1.375229666429336577e-02 1.456971129610724024e-02 1.440693649593959534e-02 1.424166703685173820e-02 1.503394951522920957e-02 1.369517031921093503e-02 1.449627098093232529e-02 1.455290321356433533e-02 1.430057857774717604e-02 1.452132041933246187e-02 1.322032980980615731e-02 1.477611195333084805e-02 1.417745858775032279e-02 1.499285296975083268e-02 1.443769370349133087e-02 1.439758907530527474e-02 1.271405238324972362e-02 1.280697410299750337e-02 1.413530572439018751e-02 1.425784347405595863e-02 1.412490933131356138e-02 1.465682784921865794e-02 1.281104246353618852e-02 1.487558120494268839e-02 1.446032280376841582e-02 1.468731734495671258e-02 1.495071076636731583e-02 1.433313040354882231e-02 1.546165474059171471e-02 1.372806490171550250e-02 1.500863103470366847e-02 1.546870611227616453e-02 1.503817103553799044e-02 1.444201601622184354e-02 1.479465065620524586e-02 1.277656813541983537e-02 1.529651969062637354e-02 1.501219678390379106e-02 1.507696536245024983e-02 1.498930766304631956e-02 1.512067967436543647e-02 1.402839608163910026e-02 1.492879912767273304e-02 1.454369418603672706e-02 1.477484001616443526e-02 1.337132383607597848e-02 1.464989975477172870e-02 1.476840234245122702e-02 1.315149460552855754e-02 1.281075050370185375e-02 1.457602224053725429e-02 1.498775169427596539e-02 1.268646874992195202e-02 1.532540153111212021e-02 1.472435331487324285e-02 1.549850370031065697e-02 1.526178369945315264e-02 1.503624075326143172e-02 1.522519476610329804e-02 1.496167571990624119e-02 1.519125096145416791e-02 1.477241221662534132e-02 1.468523935052185557e-02 1.437966360767070975e-02 1.555266044507754020e-02 1.464975325308926803e-02 1.524479135280337044e-02 1.471932151715532947e-02 1.497361207723107122e-02 1.468134038833907550e-02 1.457495954740357924e-02 1.516045704454612938e-02 1.513767463459730900e-02 1.551385625055836000e-02 1.316935822709902788e-02 1.491854346063208048e-02 1.517139240445732583e-02 1.490854851970681121e-02 1.495116444822747019e-02 1.521390838587592838e-02 1.515304165261593776e-02 1.512703863011500595e-02 1.477491383401672784e-02 1.528508706331142310e-02 1.511292485723612911e-02 1.505361087904548943e-02 1.613239515611265829e-02 1.456903510381894577e-02 1.288119297568374177e-02 1.556144011111330709e-02 1.563958866974521009e-02 1.536736671783646251e-02 1.489146377134067771e-02 1.438963607939255235e-02 1.565995692017203150e-02 1.555794287365033432e-02 1.517147715184573656e-02 1.497926038214084793e-02 1.562758341144905930e-02 1.498617203489813719e-02 1.292907311302721705e-02 1.512252630535214359e-02 1.615189499215323801e-02 1.452622647636331657e-02
1.299171436122758226e-02 1.305817158273822089e-02 1.291099843517772884e-02 1.300099864855725103e-02 1.292635126559283504e-02 1.273882879532355419e-02 0.000000000000000000e+00 1.290159710162094332e-02 1.329007700728961072e-02 1.320184112246317390e-02 1.346034179810725803e-02 1.263249784194618933e-02 1.248758715060180498e-02 1.303561293370399804e-02 1.269720849375713390e-02 1.329936780579203497e-02 1.262400224223307089e-02 1.310245268020954548e-02 1.351015955943518122e-02 1.303864064846889208e-02 1.376688278783994197e-02 1.318561349158033427e-02 1.272950480216184475e-02 1.315760034746376803e-02 1.320090351036379978e-02 1.332764992082258182e-02 1.320686964329012211e-02 1.350144233047457197e-02 1.416133732182404611e-02 1.414154873405455183e-02 1.395718409393087271e-02 1.389490364379004916e-02 1.289975056707103919e-02 1.382490237977243575e-02 1.308448942237863503e-02 1.416605095684498120e-02 1.291433221530216904e-02 1.417437415482716671e-02 1.421422122101052149e-02 1.401330635186615568e-02 1.303790167464626698e-02 1.394953035330209409e-02 1.386472753279643574e-02 1.423749430559657567e-02 1.427609462471212190e-02 1.431213742412880061e-02 1.321693192487153473e-02 1.399971393631385154e-02 1.320981645813614630e-02 1.426889125253225261e-02 1.434936196348323041e-02 1.368138479646100088e-02 1.481552357333956044e-02 1.430296845683445145e-02 1.391660087770885644e-02 1.474288828173469026e-02 1.471114647375846782e-02 1.297606029410671227e-02 1.467656500721846793e-02 1.385701345919589274e-02 1.462080076312950554e-02 1.352345367458690495e-02 1.481526243330135405e-02 1.455182110272626450e-02 1.428573095708381147e-02 1.267637279620329252e-02 1.434826712624887209e-02 1.375324014440728465e-02 1.298334866958391828e-02 1.417523280969323202e-02 1.337608006363490316e-02 1.319023594877058100e-02 1.449780182048293446e-02 1.424482726495679419e-02 1.423069006551615397e-02 1.473462568700396706e-02 1.337799356889282990e-02 1.486099879134384662e-02 1.427059285742208854e-02 1.495010209799510492e-02 1.457200672005958854e-02 1.484601251307305150e-02 1.439846137611030912e-02 1.470545625237475867e-02 1.455897478603723760e-02 1.292109239005673205e-02 1.287073843104101153e-02 1.445357788518931638e-02 1.500583261960759807e-02 1.426172220133567134e-02 1.451952048426868175e-02 1.457676884029105932e-02 1.427164152119017593e-02 1.396331658216059049e-02 1.306254867539515148e-02 1.454829677600872131e-02 1.510989145241875900e-02 1.477777895116135984e-02 1.432352435197880268e-02 1.430754732891827835e-02 1.435155873200794942e-02 1.472021327688432212e-02 1.317979034934968832e-02 1.487894015803140416e-02 1.528515260354553970e-02 1.464623823356502735e-02 1.443140799589726249e-02 1.496235578203372954e-02 1.399181806943771561e-02 1.429743050136723578e-02 1.587445363841241686e-02 1.439663791299234177e-02 1.274204216170860514e-02 1.481001686402431267e-02 1.475334403934729088e-02 1.491607872411244984e-02 1.305794774982957721e-02 1.455225427082092876e-02 1.530251788041320921e-02 1.506812679615972782e-02 1.460275957610312342e-02 1.477704373573900110e-02 1.535196472863867810e-02 1.449056977153169619e-02 1.438762281942483970e-02 1.475490029289269409e-02 1.539608280669068838e-02 1.508162596845758104e-02
1.336943810974798759e-02 1.279878806903594728e-02 1.300781209515578657e-02 1.309518547776175081e-02 1.275232554866204127e-02 1.408068160024816481e-02 1.290159710162094332e-02 0.000000000000000000e+00 1.403802742585094458e-02 1.292033637098710837e-02 1.326823279374740421e-02 1.307259813958220815e-02 1.315769608264429590e-02 1.297388288870200516e-02 1.384233174641231155e-02 1.312840303971615427e-02 1.355334640170458189e-02 1.372589966643844930e-02 1.392110233234768006e-02 1.441388557118313159e-02 1.400249387947465757e-02 1.389125345366265703e-02 1.405065775923694527e-02 1.300149326043752336e-02 1.400949508716061408e-02 1.259566891763925708e-02 1.427091328068160088e-02 1.422015539630266424e-02 1.441523462766278185e-02 1.364336157654896277e-02 1.315519688825069963e-02 1.421706235592371838e-02 1.417630356882230470e-02 1.287114969725512356e-02 1.399973442860190202e-02 1.437972736687262443e-02 1.442422990915213053e-02 1.448525064194380353e-02 1.430221678540423078e-02 1.291907375500209350e-02 1.474713666322416752e-02 1.431190527707018427e-02 1.435387944369953019e-02 1.502135284451275830e-02 1.449476362881516565e-02 1.478321675580758152e-02 1.485610120416143778e-02 1.306507421110294880e-02 1.409016480248292263e-02 1.408202829434203503e-02 1.269797834932827503e-02 1.412342030205761441e-02 1.476097773445822665e-02 1.485712461068612947e-02 1.441346294928473257e-02 1.438225852750756560e-02 1.473576304257025182e-02 1.453808720310133251e-02 1.407975579991459399e-02 1.471004448860338890e-02 1.419646840754491650e-02 1.397118804684389232e-02 1.496574930301694181e-02 1.465469662059566865e-02 1.295576580052467362e-02 1.475816058244714193e-02 1.460931650315574169e-02 1.428566342114166894e-02 1.445335597099363899e-02 1.255575530390540782e-02 1.467265153380070859e-02 1.453591206606366475e-02 1.497922424309030415e-02 1.462962726628840374e-02 1.487414083042686887e-02 1.494387446034724058e-02 1.523648919503937937e-02 1.459135717377474731e-02 1.428569994544708933e-02 1.489133064704974488e-02 1.508155106669254071e-02 1.491687373611292125e-02 1.470759673917808492e-02 1.461794043008830986e-02 1.438057263864585267e-02 1.484343244819207909e-02 1.398735259753372713e-02 1.447689328337013748e-02 1.527239601324724243e-02 1.455894104650450049e-02 1.463942843031425418e-02 1.442373500744740383e-02 1.480350463706085230e-02 1.440795943911662991e-02 1.454705236859660938e-02 1.422571433918418116e-02 1.547640269040147579e-02 1.287759271664191789e-02 1.522866144206348228e-02 1.508455068542817294e-02 1.413907545359485186e-02 1.460747633752732672e-02 1.510738602206002090e-02 1.493567280991690491e-02 1.531150781750076698e-02 1.493753348271620839e-02 1.302318082218346766e-02 1.444496304873463428e-02 1.239151717497635752e-02 1.443605534354735348e-02 1.560900942519245424e-02 1.465768773330537213e-02 1.417423167191675035e-02 1.516898276155234475e-02 1.499553959091910228e-02 1.454997166593131885e-02 1.448063054572871003e-02 1.525825378664033734e-02 1.554646760440114156e-02 1.507661089786562457e-02 1.485573255054479895e-02 1.487674070986791906e-02 1.530559099954505002e-02 1.489421945336846451e-02 1.490687869791986787e-02 1.437712795388015191e-02 1.567003049904456061e-02 1.554583403554987350e-02
1.350356011071275272e-02 1.343134149334626430e-02 1.298054067092661336e-02 1.406521228574406611e-02 1.320556409373504006e-02 1.343958187805443898e-02 1.329007700728961072e-02 1.403802742585094458e-02 0.000000000000000000e+00 1.351854609684801332e-02 1.394187946444932352e-02 1.408912843967677006e-02 1.369993572212885834e-02 1.416476635450820455e-02 1.389564350288117166e-02 1.419553522150754366e-02 1.420378814155480104e-02 1.420799019562254267e-02 1.329349375795387152e-02 1.414611778419347897e-02 1.413936680398098812e-02 1.454128463914671453e-02 1.437686967485108346e-02 1.464238145983872037e-02 1.448932500295238568e-02 1.467822609053593894e-02 1.440316038764224288e-02 1.450126415126725896e-02 1.488745257553228916e-02 1.410612917939880855e-02 1.355245720795454807e-02 1.301476754177875381e-02 1.456716883836168056e-02 1.429277917308392938e-02 1.447762076583559987e-02 1.501368478677167322e-02 1.476339417313090804e-02 1.498216067134824393e-02 1.414194940099782263e-02 1.424932284718052888e-02 1.465492784647763266e-02 1.452977715714813198e-02 1.416250402869978151e-02 1.465984825786051035e-02 1.480581346423003736e-02 1.503000900656711013e-02 1.437965016027566503e-02 1.477972320274962073e-02 1.485836157881592623e-02 1.277174736642036797e-02 1.514424349109157707e-02 1.248000593467279810e-02 1.473426139570584506e-02 1.317746632300017921e-02 1.486620202214800936e-02 1.494527400439049636e-02 1.383093700657844587e-02 1.274632464589826528e-02 1.498779337637852656e-02 1.321210450874537277e-02 1.509039541928820435e-02 1.525063365365143288e-02 1.309277977955399137e-02 1.316882897229707146e-02 1.457429924813502184e-02 1.465604138740429080e-02 1.524726064049409559e-02 1.462609509070542622e-02 1.484545119865319715e-02 1.499865046989854421e-02 1.519869985766764825e-02 1.474363438007554768e-02 1.488287976839426478e-02 1.506152729620004529e-02 1.494494882534654241e-02 1.491969649156822501e-02 1.487323850963978913e-02 1.506472587215374435e-02 1.478475282516000973e-02 1.515170852867845155e-02 1.505798656383270859e-02 1.551308361440539678e-02 1.521943822699762389e-02 1.510581842630379090e-02 1.460845421713912427e-02 1.521616959879935893e-02 1.465329253201090587e-02 1.331111359925963959e-02 1.604330506448616370e-02 1.316368667303755360e-02 1.536451071461509242e-02 1.471365243524285112e-02 1.495438787795891171e-02 1.509669939200843428e-02 1.503929878460229762e-02 1.484365718417541245e-02 1.542520013301500702e-02 1.581927865828156379e-02 1.519421036004464133e-02 1.506351242878536251e-02 1.512676782594389591e-02 1.496024511847208506e-02 1.511616862103437944e-02 1.532191558863325170e-02 1.499623151684735360e-02 1.536023476949613040e-02 1.517680344270983320e-02 1.552828539416167310e-02 1.501704585817813416e-02 1.531715535985564598e-02 1.579394630682335113e-02 1.409353466746374531e-02 1.266295036055694115e-02 1.592953355071707183e-02 1.562763498038936827e-02 1.521159944108642012e-02 1.499656199462831054e-02 1.549334287017062849e-02 1.349649412618338790e-02 1.540630739365565077e-02 1.472588074517868287e-02 1.478081475255590103e-02 1.593307646227579838e-02 1.277396344064016774e-02 1.428228142151758730e-02 1.502864097070988857e-02 1.597712648551306847e-02 1.348924121998600588e-02
1.335097103515515450e-02 1.332515686189288291e-02 1.396600811919834935e-02 1.385429118033107421e-02 1.287203356807059725e-02 1.458539318840284399e-02 1.320184112246317390e-02 1.292033637098710837e-02 1.351854609684801332e-02 0.000000000000000000e+00 1.306566169217481845e-02 1.423474324469273938e-02 1.407525782341939591e-02 1.398979520817602087e-02 1.429208598611125293e-02 1.393365618228604476e-02 1.369093074573242072e-02 1.411153374067244427e-02 1.374971836120806451e-02 1.458359579559293309e-02 1.328895415147528757e-02 1.271719503196291207e-02 1.432045766013214684e-02 1.425112710091093991e-02 1.401180955089325296e-02 1.376986714227663652e-02 1.432917850829403504e-02 1.354282532470211034e-02 1.342378589350368655e-02 1.432774321955666320e-02 1.426217895822898957e-02 1.308202820037836223e-02 1.434663351588207937e-02 1.442559623340957005e-02 1.405065228076104664e-02 1.448783862407975083e-02 1.481753789571360960e-02 1.464944370941893316e-02 1.436004631976740831e-02 1.454686380469426277e-02 1.528084910044649920e-02 1.483961378342417425e-02 1.455961799414608529e-02 1.520223002033837395e-02 1.492240494958383366e-02 1.476267116106588610e-02 1.503454066899530435e-02 1.243924647976617573e-02 1.474418308399237307e-02 1.417958180426242241e-02 1.431763511810083336e-02 1.425730704441767645e-02 1.416102675416906417e-02 1.514415873613781001e-02 1.401685683848100279e-02 1.257924204355381770e-02 1.407597444072538478e-02 1.482310588133335487e-02 1.470638878543030666e-02 1.479581302778453997e-02 1.350755844614855671e-02 1.501113460984118166e-02 1.501156615670757102e-02 1.466144397292864880e-02 1.462321996253106160e-02 1.493294628627637143e-02 1.448789585002118602e-02 1.468009686275471501e-02 1.342571276568425148e-02 1.472042078281830466e-02 1.442987599824898694e-02 1.428193138814335371e-02 1.552092469538868084e-02 1.497493038010988195e-02 1.447735189273167272e-02 1.478020764578379283e-02 1.534804403984448701e-02 1.454142772542642466e-02 1.461996602428150029e-02 1.286484581295154785e-02 1.479919289765244637e-02 1.525942570761008692e-02 1.496618670801409638e-02 1.339017159241149245e-02 1.469382200507464258e-02 1.481621430703274934e-02 1.402975183434656582e-02 1.498605069489302062e-02 1.543174283220680523e-02 1.490940171458099602e-02 1.493728473061466284e-02 1.488006183480701690e-02 1.481237716596820776e-02 1.321706136418248148e-02 1.495574059347880465e-02 1.503116404077925114e-02 1.514073849572565751e-02 1.528248170317830432e-02 1.505797280635489538e-02 1.496798154676981865e-02 1.484197311032667450e-02 1.475199366245164533e-02 1.500459321562910668e-02 1.523351360853464863e-02 1.564725733312042483e-02 1.472750189978394401e-02 1.468195950947864467e-02 1.509770119734651569e-02 1.273170109050976440e-02 1.457496185276903160e-02 1.531247696123100126e-02 1.326931656078226586e-02 1.493613619734189893e-02 1.556476573333756205e-02 1.506113763767033889e-02 1.323194073389912309e-02 1.492499878927501869e-02 1.517201044665641117e-02 1.519153573723374014e-02 1.561235209485530365e-02 1.449858722450127549e-02 1.490293080735024048e-02 1.568259439770328112e-02 1.506234424341581883e-02 1.483356363165502616e-02 1.468212750285395780e-02 1.572587322646719701e-02 1.519291892412380149e-02
1.383853664756175793e-02 1.414452970948155801e-02 1.339890551177542848e-02 1.382345187188080242e-02 1.336119433532387789e-02 1.436061752795696027e-02 1.346034179810725803e-02 1.326823279374740421e-02 1.394187946444932352e-02 1.306566169217481845e-02 0.000000000000000000e+00 1.451991639985453220e-02 1.340293445308972896e-02 1.396083009039865951e-02 1.428564658704766649e-02 1.306427221309589687e-02 1.428714222087623838e-02 1.358557910483480270e-02 1.402269297184125310e-02 1.466929756466927963e-02 1.381443804185959398e-02 1.424307659394990523e-02 1.411874354717260367e-02 1.445277881530723091e-02 1.437114515103332310e-02 1.403500455122558971e-02 1.395326574732600432e-02 1.426629445399024698e-02 1.323377483969422237e-02 1.389313970856929231e-02 1.395916757386570645e-02 1.294398125747545959e-02 1.437253147339130274e-02 1.448469003716820226e-02 1.445858883988668069e-02 1.386969346127333615e-02 1.485446014448786774e-02 1.459874853012585634e-02 1.401681535494994635e-02 1.342575912269088761e-02 1.523678921003959047e-02 1.484056869588620299e-02 1.477067315283557905e-02 1.502807135327285590e-02 1.498817110021426549e-02 1.489579428362178444e-02 1.478258972585859768e-02 1.467228170033246619e-02 1.491094575398436810e-02 1.449875904337255550e-02 1.428463482351336085e-02 1.455520351176838555e-02 1.284591664789975010e-02 1.517511564166973241e-02 1.306442116199858089e-02 1.257659346999652657e-02 1.443802156808432144e-02 1.516524965831953127e-02 1.502242510925184786e-02 1.353292467120468905e-02 1.291140652709515946e-02 1.485402736625205874e-02 1.504166989825084753e-02 1.276767770536687586e-02 1.490548111847874238e-02 1.474007538582771705e-02 1.501784081443557732e-02 1.488482414514899835e-02 1.475473767559929567e-02 1.494816817028390282e-02 1.515708307271395987e-02 1.237688545807872839e-02 1.546946425913714451e-02 1.535711729917404490e-02 1.508570614197606539e-02 1.490447895713820081e-02 1.543070329360514067e-02 1.293023351614727874e-02 1.449768391329406617e-02 1.528961905897884867e-02 1.488244271443434248e-02 1.513097615163998266e-02 1.515636764630323881e-02 1.463670032256810145e-02 1.506767722540466696e-02 1.452858709995535208e-02 1.440242016679175313e-02 1.489112787967915123e-02 1.568444522759692220e-02 1.509854146506948470e-02 1.372819366121471804e-02 1.334180772499875441e-02 1.516677801816507243e-02 1.488127832695321229e-02 1.511760446009307278e-02 1.504018680825060239e-02 1.513019863107419385e-02 1.541713335237711487e-02 1.551099821387479268e-02 1.520107766815626676e-02 1.512656829677626151e-02 1.479845052983603214e-02 1.528521686935623188e-02 1.507946872212896638e-02 1.558888368601465436e-02 1.285016432422784495e-02 1.489232780517036302e-02 1.367618940418083642e-02 1.487667704887375882e-02 1.511284161369106163e-02 1.453201325227336006e-02 1.489138450710108565e-02 1.478531151592400034e-02 1.529072988193366095e-02 1.566552792897723395e-02 1.494405123521561768e-02 1.509707167707564739e-02 1.565038524501031342e-02 1.312772347111688248e-02 1.562799688332916839e-02 1.465793032610580165e-02 1.481020319833995826e-02 1.544723741014192644e-02 1.510113733089961212e-02 1.364390164365529914e-02 1.267613691972288917e-02 1.597572806058889308e-02 1.531141777902477082e-02
1.327888610296522505e-02 1.298294726614149588e-02 1.422459449517219331e-02 1.321639652693454292e-02 1.322528353965575325e-02 1.426181947249013059e-02 1.263249784194618933e-02 1.307259813958220815e-02 1.408912843967677006e-02 1.423474324469273938e-02 1.451991639985453220e-02 0.000000000000000000e+00 1.412596496699464882e-02 1.423452048071035744e-02 1.404606923981486198e-02 1.451356051640459617e-02 1.389452351904861896e-02 1.340681312432823354e-02 1.418759980340649103e-02 1.453660823031276660e-02 1.449636389768084455e-02 1.402633589699332078e-02 1.318762738593865988e-02 1.424355582541996304e-02 1.413558711916973812e-02 1.433696492561214141e-02 1.450042882828602407e-02 1.466632103170929791e-02 1.496025802010418106e-02 1.477568490819418379e-02 1.454722351522626765e-02 1.452393873760104114e-02 1.291473888381562685e-02 1.435989990310347630e-02 1.438022264802580816e-02 1.474693503988332328e-02 1.454410381467028703e-02 1.391456235502183496e-02 1.471334206003580176e-02 1.453418492773913759e-02 1.506595206170532365e-02 1.482804235184573098e-02 1.430780605795139472e-02 1.518358627483244044e-02 1.502013123136154357e-02 1.500989100735936575e-02 1.463777143848927348e-02 1.436363306715150723e-02 1.470634360348857181e-02 1.469018362110806157e-02 1.504748687546074264e-02 1.410018385742002611e-02 1.546832818465929300e-02 1.500439577479398962e-02 1.442084103789555323e-02 1.553760592300947388e-02 1.516595923911373718e-02 1.263701397413956144e-02 1.521725084383997346e-02 1.499581492525454800e-02 1.548035553899065712e-02 1.498746924117450724e-02 1.505265985327447660e-02 1.526061726695443488e-02 1.484690454882280596e-02 1.454689709657879665e-02 1.507634423792629519e-02 1.453093114264509926e-02 1.465427644161191277e-02 1.465943067385924725e-02 1.499464593925607311e-02 1.496756235223919637e-02 1.526846944121634797e-02 1.506328814349816234e-02 1.482893466779398178e-02 1.551071888150782306e-02 1.539314457261162922e-02 1.544810808255870846e-02 1.483900976786754929e-02 1.541165629209940643e-02 1.441791841860111910e-02 1.538991473227938230e-02 1.496499991597983158e-02 1.531884646460577801e-02 1.499647753014502795e-02 1.479288383347316001e-02 1.436866226430874235e-02 1.522467694153609163e-02 1.580503495001697734e-02 1.510134408371429163e-02 1.498623342422948299e-02 1.509587214389156509e-02 1.478836234067935559e-02 1.483934765695227483e-02 1.446224840952119520e-02 1.496077689849428793e-02 1.522551209755993069e-02 1.539037887695181642e-02 1.552304363636355586e-02 1.527603668886833889e-02 1.508797950654665841e-02 1.532035920926076884e-02 1.498719818570982097e-02 1.558469851672832258e-02 1.603815471530022074e-02 1.527458288564167467e-02 1.477108083453627582e-02 1.564369467494622357e-02 1.457484130248731975e-02 1.468732825227567033e-02 1.638570657532921471e-02 1.519944425189323489e-02 1.271339100295617273e-02 1.554962277771767751e-02 1.252971645927171418e-02 1.542721002263072738e-02 1.459701026691984094e-02 1.531660124894172921e-02 1.582054818156082565e-02 1.587308097872693752e-02 1.513262527230176471e-02 1.504458288398768419e-02 1.604709222136937660e-02 1.521421018183906002e-02 1.502500983936607033e-02 1.544040942895635003e-02 1.284678645492848617e-02 1.586018917134656217e-02
