0.000000000000000000e+00 1.189222107393369567e-02 1.062257217364155973e-02 1.115676673827070177e-02 1.038796791014565471e-02 1.051346047634384856e-02 9.818202435908097644e-03 1.002692543372192546e-02 9.598936851509575277e-03 1.059025786826171996e-02 1.079371244189170249e-02 1.069595679930578080e-02 1.018536474433617486e-02 9.794553890718296976e-03 1.044280845627186191e-02 1.046328274401537098e-02 1.055833091031120087e-02 1.069470255947275322e-02 1.067342326192095500e-02 1.011073012475911630e-02 1.061794954133078034e-02 9.802967558536596418e-03 1.057800694656472161e-02 9.992639742816670362e-03 1.044124845125516884e-02 1.108364854245521419e-02 1.010746976265688817e-02 1.068062756596346169e-02 1.071202526867376381e-02 1.032823975206732629e-02 1.053680204085120746e-02 1.066532945712968250e-02 1.346967705519321913e-02 1.537874787996426108e-02 1.404029023200899749e-02 1.450589294736490641e-02 1.431342059148578774e-02 1.489642894035394897e-02 1.488629195084918526e-02 1.445270144676415180e-02 1.464642524722121510e-02 1.475795335554116149e-02 1.466333521889951960e-02 1.383135352938428923e-02 1.440115537988438839e-02 1.433175975542183740e-02 1.337544469763493442e-02 1.453236975953114615e-02 1.337715818553430851e-02 1.473947375138045385e-02 1.487805392357647097e-02 1.334921581834784890e-02 1.381562997240469264e-02 1.424249636491068359e-02 1.390375651745025254e-02 1.407535693821086210e-02 1.316327338161369688e-02 1.396441389499312839e-02 1.353735851824435649e-02 1.333278460916587603e-02 1.513948263432514721e-02 1.499606053813048664e-02 1.432707096956944287e-02 1.297090258637883554e-02 2.902291260273380524e-02 2.829155125135517090e-02 3.008808111566747129e-02 2.725493895565449243e-02 2.923657262272922122e-02 3.000538518512625361e-02 2.935889777101328632e-02 3.004717490328927959e-02 2.837538373766852404e-02 2.925098306378636631e-02 2.995380055378039225e-02 2.912417860077387913e-02 2.884487009486803172e-02 2.922135483015871754e-02 2.999955406943962885e-02 2.829838651634739369e-02 2.831392649260186870e-02 2.918448401515873203e-02 2.837631535181116965e-02 2.855363398208228543e-02 2.905576676914276360e-02 2.922913168144873619e-02 2.907927035320012621e-02 2.933163375216864613e-02 2.934235204608893685e-02 3.005987372790758921e-02 2.924903187918235017e-02 2.994976864079087336e-02 2.850077731196341141e-02 2.996447670906814131e-02 2.973613746569309449e-02 2.989394959532254425e-02 2.953370251643141348e-02 2.772188418262789417e-02 2.894709376357453359e-02 2.962212726964922466e-02 2.941787040327071417e-02 2.606502389640042924e-02 2.955356060355524006e-02 2.797236708861817675e-02 2.888662455804097765e-02 2.955559396102314801e-02 2.753731766565818695e-02 2.752663610037919123e-02 2.938582128379255490e-02 2.974380881678024419e-02 2.943990390682419203e-02 2.864026310676856882e-02 2.788072043263577215e-02 2.902436876590985121e-02 2.830406202469634355e-02 2.799502102922677912e-02 2.977296329656651738e-02 2.954945758750440049e-02 2.863304997294420159e-02 2.893928147486492589e-02 2.950497757370437388e-02 2.802315219069037230e-02 2.768025064606781382e-02 2.902410550020470201e-02 2.792645968925481018e-02 2.978666152645697424e-02 2.784440635875210304e-02 2.879280576953019768e-02
1.189222107393369567e-02 0.000000000000000000e+00 1.325930020736050367e-02 1.311806851409083596e-02 1.160319031627994428e-02 1.341103911551349767e-02 1.220974033245710196e-02 1.247706539703005886e-02 1.182805859681073865e-02 1.349003297292769750e-02 1.323563992750884620e-02 1.308813589112854496e-02 1.198558983670160692e-02 1.215638573084823482e-02 1.160405630997455098e-02 1.297004040569704579e-02 1.235549303391467006e-02 1.360058242413111212e-02 1.356334091961140971e-02 1.299187014298401090e-02 1.176189710019807932e-02 1.210812892054523478e-02 1.240853843561575028e-02 1.225773691470754233e-02 1.285630559988971446e-02 1.347561509037013307e-02 1.252447502675202787e-02 1.360920530838719521e-02 1.129083359079605109e-02 1.335784220556369278e-02 1.301782675613346457e-02 1.358624560046944874e-02 1.464396189511981382e-02 1.684911931399759796e-02 1.545688534946850975e-02 1.575881874304713159e-02 1.570441932864295037e-02 1.478993355311049480e-02 1.602726113115329754e-02 1.476428144241450670e-02 1.617481528945359515e-02 1.590813232263412272e-02 1.602819361582855789e-02 1.512516414207054627e-02 1.532536748605294388e-02 1.576826724155069859e-02 1.439507020226046992e-02 1.580382418772063868e-02 1.498619434506044852e-02 1.621333977847150276e-02 1.640744651699979628e-02 1.432445868752282164e-02 1.555738332790796048e-02 1.556885256143488057e-02 1.487099133607344692e-02 1.466828770878509693e-02 1.511897228863984428e-02 1.525740931867308574e-02 1.534457893273294404e-02 1.547829454024121816e-02 1.622352434854362757e-02 1.653130526576891690e-02 1.597393630163386133e-02 1.453407915307493650e-02 2.614961006819370090e-02 2.514073242608932945e-02 2.724075293262727751e-02 2.443880021870249372e-02 2.645766775593100251e-02 2.719648646967931863e-02 2.661073249011521383e-02 2.726188647070016888e-02 2.559171581413292526e-02 2.642640863306791252e-02 2.717906165219096878e-02 2.629826769559515803e-02 2.601575034354123087e-02 2.640119674130129296e-02 2.714640570324799301e-02 2.548064932694566256e-02 2.554967117349601219e-02 2.639061672432318692e-02 2.559531746712247896e-02 2.613175429107747125e-02 2.625384482139283410e-02 2.638742995913607656e-02 2.587943317039856014e-02 2.612613242248702089e-02 2.651388337360682107e-02 2.727729873365253299e-02 2.642692990001345096e-02 2.712457720535620467e-02 2.570194694774141642e-02 2.718551381387328270e-02 2.693286755908274113e-02 2.709101002675820200e-02 2.680378078731551414e-02 2.502905352274194598e-02 2.616772943514933739e-02 2.690940382178323362e-02 2.670215866416631931e-02 2.376749937621339126e-02 2.688031025983995612e-02 2.532908704887396403e-02 2.621291874067866942e-02 2.681876167489014029e-02 2.436499633048339747e-02 2.486810088248266742e-02 2.668098057001169754e-02 2.707845072754090296e-02 2.675386869966326492e-02 2.598989218825287217e-02 2.521754667274077322e-02 2.635980066494228793e-02 2.562711734897095417e-02 2.534253117531600971e-02 2.706660803953496452e-02 2.684647788028995605e-02 2.593396068245068520e-02 2.628632627002871688e-02 2.680773101204320802e-02 2.535624537070994139e-02 2.500033050518431915e-02 2.636168177560715975e-02 2.480863585903031118e-02 2.708894083689684582e-02 2.514023297231919585e-02 2.614056483585142782e-02
1.062257217364155973e-02 1.325930020736050367e-02 0.000000000000000000e+00 9.934197204244512441e-03 1.161691186994860681e-02 9.887596222929832812e-03 1.152241935786444543e-02 9.964023383355767940e-03 1.079131961751228670e-02 9.729768402108016773e-03 9.543482852362001126e-03 1.033375723466660283e-02 1.202532640769557286e-02 1.110318548335964724e-02 1.213110684729024578e-02 1.030775711663607652e-02 1.032069831827227800e-02 9.431973236699059404e-03 1.000154589485583237e-02 1.018542855038288147e-02 1.164234238334164485e-02 1.051285522770956625e-02 1.070952461550237107e-02 1.100692349148369581e-02 1.016169102229875013e-02 1.030350942507766814e-02 1.025228717107639145e-02 9.811882716826446360e-03 1.212660905627370271e-02 9.928406766402020703e-03 9.854368704449948529e-03 9.512369924269648350e-03 1.423940501541764818e-02 1.526401955883954255e-02 1.411216309711127957e-02 1.503484540700098480e-02 1.424356859680090369e-02 1.602698362960615699e-02 1.483737647444376140e-02 1.554702999767728668e-02 1.451218945251252397e-02 1.473978567429534182e-02 1.504243506301252212e-02 1.421762979173405578e-02 1.536705492315930399e-02 1.467038000706629743e-02 1.435579212540017031e-02 1.516039307700680662e-02 1.447010608831105632e-02 1.472611444326891138e-02 1.473524046310331279e-02 1.475719495813849515e-02 1.348593439534149195e-02 1.481215270031996899e-02 1.474691488228625433e-02 1.512676542037263636e-02 1.373676820560194162e-02 1.454705125528387225e-02 1.381972347293512239e-02 1.329232873070630011e-02 1.500234102463583220e-02 1.479025164710412281e-02 1.429353794781288746e-02 1.289524004910188280e-02 3.057132507534442850e-02 2.986234310766115729e-02 3.164657414399044827e-02 2.876582327817008705e-02 3.083726785255060110e-02 3.158295032159258442e-02 3.094624524592382367e-02 3.163030239808355126e-02 2.991574391886895473e-02 3.080564633554561810e-02 3.154324855460039628e-02 3.068047839452829606e-02 3.042339863718288018e-02 3.077839682233695501e-02 3.156397754601799471e-02 2.985281005777435520e-02 2.991744451427292076e-02 3.076555585756533470e-02 2.996921063191082535e-02 3.048631473882620208e-02 3.063382769419550553e-02 3.080422358453602238e-02 3.062320256452472425e-02 3.087621557039500406e-02 3.092036977495896122e-02 3.164623324291537809e-02 3.081630432348608090e-02 3.150698902889248476e-02 3.009295657824675660e-02 3.156215796266458040e-02 3.132560942516975089e-02 3.146719866395203402e-02 3.113846530458031642e-02 2.931493339329276429e-02 3.052863308667584999e-02 3.122275446567414001e-02 3.102194091767200915e-02 2.802215249255170584e-02 3.112746603708609755e-02 2.957112998831541717e-02 3.050172398049608852e-02 3.114421366289194318e-02 2.913120881130569148e-02 2.911627358521086048e-02 3.098491891838509732e-02 3.131903131784199296e-02 3.104191885363050130e-02 3.021589235508633994e-02 2.947204598961322350e-02 3.064394295522200259e-02 2.989102705968580895e-02 2.961708724733530529e-02 3.137961611975167292e-02 3.115215187825542617e-02 3.024833069153712306e-02 3.052881126535821055e-02 3.112339603122980802e-02 2.963209492678843190e-02 2.925208077727050465e-02 3.062262875749610647e-02 2.948817513317619765e-02 3.136593202881671899e-02 2.940553054127877097e-02 3.038978312829923242e-02
1.115676673827070177e-02 1.311806851409083596e-02 9.934197204244512441e-03 0.000000000000000000e+00 1.077320840029978403e-02 1.027876267130122326e-02 1.106950946691922025e-02 1.010806917595672046e-02 1.065007284690865606e-02 9.409731500120123437e-03 9.528492760768905723e-03 1.047100813829330082e-02 1.109568964088803074e-02 1.115067227676464282e-02 1.131524504095240101e-02 9.617200290856010511e-03 9.824677997778735045e-03 9.929624559419321372e-03 9.947395213376302239e-03 9.726903119694298161e-03 1.062082036906391788e-02 1.058600646023710040e-02 9.895380207767662945e-03 1.018524238240168210e-02 1.012259353827077608e-02 9.615257603485820662e-03 1.046859934158687715e-02 9.382583892841751816e-03 1.157532308615043595e-02 1.038535632253501789e-02 9.868090047823272620e-03 9.758552927356747148e-03 1.483347714044519136e-02 1.602736353144754849e-02 1.518964646440747537e-02 1.570198497820409975e-02 1.532865204866554719e-02 1.655084017633799004e-02 1.552310049543644335e-02 1.607560775244835580e-02 1.519652487993598117e-02 1.541824519044547766e-02 1.568228576238221705e-02 1.447954421679616653e-02 1.596315997455550334e-02 1.535893524088321332e-02 1.486929393066397861e-02 1.576373645215129599e-02 1.510513493822947598e-02 1.536223580139968806e-02 1.548051986540422212e-02 1.532285643198571037e-02 1.428350987119750455e-02 1.547486331228786587e-02 1.531478168296369728e-02 1.565944084601941788e-02 1.434640992939252221e-02 1.506403086469347563e-02 1.490594692195514916e-02 1.414545018207663020e-02 1.577090691921662416e-02 1.558601861779818944e-02 1.492605514964642256e-02 1.388468453492978753e-02 3.049718466601807759e-02 2.975863333053583790e-02 3.154845434786508057e-02 2.874227110255151221e-02 3.071955773657351549e-02 3.149108648144418460e-02 3.082224006115448500e-02 3.153398376026143868e-02 2.983927904256370237e-02 3.072545798387996824e-02 3.144813614644792477e-02 3.060335601168723968e-02 3.032718451414257582e-02 3.071974485350762937e-02 3.147156059167340730e-02 2.976465320764912562e-02 2.983275929586157865e-02 3.068200185509687566e-02 2.988603406029920542e-02 3.041076032458518014e-02 3.055678495342016923e-02 3.068504452581475445e-02 3.052731562908378438e-02 3.078200630947639307e-02 3.083885688938279440e-02 3.155275699690288788e-02 3.070015950985502048e-02 3.141306928590962416e-02 2.999008044175877769e-02 3.146176190464958222e-02 3.122970909127040229e-02 3.137296174218388162e-02 3.103550383796220904e-02 2.914447571670231163e-02 3.043290185724303529e-02 3.110435620231342957e-02 3.091438760405622668e-02 2.789871203717916165e-02 3.101672691554444722e-02 2.948933937533482902e-02 3.036993346141664274e-02 3.103635028719450850e-02 2.899377216815587216e-02 2.904835600187257935e-02 3.087844589973173098e-02 3.121052183579179490e-02 3.093454261639631830e-02 3.014093939819049300e-02 2.934415406275227983e-02 3.054311220537503022e-02 2.977372151045611787e-02 2.950216198065075401e-02 3.126503697935879844e-02 3.104086554538491513e-02 3.015750504051376013e-02 3.043137929599311689e-02 3.101159320039079473e-02 2.949900774174168613e-02 2.920879398986013856e-02 3.053150731171043117e-02 2.934318332296007720e-02 3.125430064198792685e-02 2.928902537102174436e-02 3.030025113775454068e-02
1.038796791014565471e-02 1.160319031627994428e-02 1.161691186994860681e-02 1.077320840029978403e-02 0.000000000000000000e+00 1.151908378157433938e-02 1.036086313621178111e-02 1.086861991266379300e-02 1.033543987255747774e-02 1.077795881576934858e-02 1.162669936769111616e-02 1.109988894572954375e-02 9.723116366149288370e-03 1.026008671095478969e-02 9.924647148821932191e-03 1.062256299146424957e-02 1.021661871723977474e-02 1.100747677764071612e-02 1.089317052145080678e-02 1.035022120750132314e-02 9.719136512313054574e-03 1.001892298201178221e-02 1.079360031826223816e-02 1.071200795709472374e-02 1.022306818454922495e-02 1.076383870706638934e-02 1.072081823410604012e-02 1.104714620642979761e-02 1.008017708717554375e-02 1.134854160599870106e-02 1.067722875917509126e-02 1.096135729368988981e-02 1.382662080074662479e-02 1.591080619982355657e-02 1.464208840626329659e-02 1.497791429446328204e-02 1.479552705357448268e-02 1.505822381716051712e-02 1.540812680569880917e-02 1.466369309655181190e-02 1.477221756754167233e-02 1.527675435803322289e-02 1.510642952044535282e-02 1.382849194894128844e-02 1.473869453468886793e-02 1.484299559156708991e-02 1.357103219911518291e-02 1.494684227544972738e-02 1.418507675689631257e-02 1.524634112065738692e-02 1.541078198616992016e-02 1.398901784586078709e-02 1.401753493096171560e-02 1.477485591084891879e-02 1.416790294459801744e-02 1.425818120733400411e-02 1.405152431143325172e-02 1.444128339997742885e-02 1.447567658155470699e-02 1.429532065985459656e-02 1.564991029602669573e-02 1.553776125352935959e-02 1.487473865760671581e-02 1.352692486866486146e-02 2.871314267968894454e-02 2.799365383137215543e-02 2.976998973320561792e-02 2.697541550527519927e-02 2.895824644039654561e-02 2.971043371858921381e-02 2.905384624436666355e-02 2.974658405433609071e-02 2.811766795492739307e-02 2.893746577248309387e-02 2.965089101837204907e-02 2.882338039525940074e-02 2.855833403100093912e-02 2.893122159365740104e-02 2.970718477018219339e-02 2.797884930109023963e-02 2.802100197299396342e-02 2.889267350083300420e-02 2.812558151293613473e-02 2.861655029190196542e-02 2.878843689782479079e-02 2.856345633754033692e-02 2.875631054437639139e-02 2.901223703528381381e-02 2.905256703347597683e-02 2.979144785594212488e-02 2.894767263158362983e-02 2.962989842702781068e-02 2.822379093994911020e-02 2.966143055118576274e-02 2.946046872452319845e-02 2.959968432458570317e-02 2.924172359438854604e-02 2.736608444163962650e-02 2.858913460417426139e-02 2.931706765964219030e-02 2.909756190571666928e-02 2.609115945487373509e-02 2.921076673525393325e-02 2.766143538401510255e-02 2.855033499789715740e-02 2.921796624618278049e-02 2.721409397812427078e-02 2.722589691234586842e-02 2.908503720765430456e-02 2.936185366511186862e-02 2.911130384420054090e-02 2.834738459404113203e-02 2.713456373083899045e-02 2.871964846404739119e-02 2.798655120451349482e-02 2.767645864462365754e-02 2.947810664207167405e-02 2.922710757346688726e-02 2.833382224674019581e-02 2.862110427257023165e-02 2.919277396776126868e-02 2.772268216499031157e-02 2.740369444982413902e-02 2.871050440456681535e-02 2.757072581631208816e-02 2.943533020538017034e-02 2.746951731821046377e-02 2.847391071658378695e-02
1.051346047634384856e-02 1.341103911551349767e-02 9.887596222929832812e-03 1.027876267130122326e-02 1.151908378157433938e-02 0.000000000000000000e+00 1.106405600571903035e-02 1.020444912225328647e-02 1.058763447659903829e-02 9.888387413351674288e-03 1.080162428531893960e-02 1.050843698031953682e-02 1.133723049042534466e-02 1.035652493339530786e-02 1.211433016526391668e-02 9.863084462099795321e-03 1.061615116863987712e-02 1.043038143253630784e-02 1.090092367408342956e-02 1.086976441098689607e-02 1.121905118346682405e-02 1.060425531658200880e-02 1.035809992993975623e-02 1.141261653153718796e-02 1.073520371595874934e-02 1.045534546092802101e-02 1.050863442568201675e-02 1.017551195297323498e-02 1.125973648047206774e-02 1.025523759248291727e-02 1.076938783420959729e-02 1.055233033420760642e-02 1.352198502411309199e-02 1.455947711495367627e-02 1.380095555935555336e-02 1.426798266271525097e-02 1.395801761581275113e-02 1.522731367973124798e-02 1.408248165755603132e-02 1.433128757310004296e-02 1.382239126909457286e-02 1.400465774616521143e-02 1.427440973883610000e-02 1.351049992900575127e-02 1.463839392811033639e-02 1.396103511216569698e-02 1.358075190503087171e-02 1.446427178625565337e-02 1.332905054634867317e-02 1.390501405819989482e-02 1.401550475395306472e-02 1.412706661345355073e-02 1.246369205133938951e-02 1.398825116223959518e-02 1.404065959949838197e-02 1.437263692274272191e-02 1.257122965377152971e-02 1.378095355065744702e-02 1.306664832502940632e-02 1.278869081397343045e-02 1.430024113291565070e-02 1.413446233035439183e-02 1.345348593007263810e-02 1.217354032463311038e-02 3.022671507245065434e-02 2.958152687376887358e-02 3.131637044127572045e-02 2.844243788308772544e-02 3.050664738486027691e-02 3.125160678365579425e-02 3.062706722290400169e-02 3.129676201330097718e-02 2.960908406456856309e-02 3.043515791102268178e-02 3.120772661953447394e-02 3.034886392154971524e-02 3.008142860354176551e-02 3.045349703120451071e-02 3.122937554572265476e-02 2.950862655155749373e-02 2.954929410213454066e-02 3.041659272017002702e-02 2.962992588163157123e-02 3.014665772589397025e-02 3.029146145342148308e-02 3.047090755134123502e-02 3.031551083255220463e-02 3.056959597414388857e-02 3.057641088947886734e-02 3.130816784791185664e-02 3.048561270185782754e-02 3.117028426613092235e-02 2.974740655951174303e-02 3.121814723093129657e-02 3.098875884244506676e-02 3.113639831383739967e-02 3.073560715538076193e-02 2.890536201963572749e-02 3.013233611383946825e-02 3.082395305606051850e-02 3.062114062805686848e-02 2.756503149151899937e-02 3.072143277408241266e-02 2.914197780829131876e-02 3.008081650419913711e-02 3.075086397822349160e-02 2.872696265374229466e-02 2.870544555021823166e-02 3.058846708968073272e-02 3.091603927155426798e-02 3.064281556118469974e-02 2.980561466062545822e-02 2.906564160674775243e-02 3.023705231563519544e-02 2.942971676593784600e-02 2.921856043269834002e-02 3.098577162040747762e-02 3.075381332045734606e-02 2.981526019420806251e-02 3.011149200189537981e-02 3.072679477718385371e-02 2.917660063858760339e-02 2.880020695033812250e-02 3.019270463246929992e-02 2.909211798238231159e-02 3.096630368099206193e-02 2.903096420475690179e-02 2.998074353128308417e-02
9.818202435908097644e-03 1.220974033245710196e-02 1.152241935786444543e-02 1.106950946691922025e-02 1.036086313621178111e-02 1.106405600571903035e-02 0.000000000000000000e+00 1.092616954523571715e-02 9.781795031679625316e-03 1.083362334092596163e-02 1.177621532181768321e-02 1.014291617843943692e-02 1.028078846907681983e-02 1.001446933854945043e-02 1.040318358685118905e-02 1.055587361152406263e-02 1.047779396937087090e-02 1.146417081148817796e-02 1.168526779651122595e-02 1.046856328457354719e-02 1.026770730425900086e-02 1.028130430377505351e-02 1.108491918293748844e-02 1.103350797703882800e-02 1.078590362065545531e-02 1.081703399432439039e-02 1.042311913800200891e-02 1.110984641753368606e-02 1.024125903378801834e-02 1.116592529402906861e-02 1.096190032760359541e-02 1.101346133361220947e-02 1.310048939015243975e-02 1.512403289126736453e-02 1.385860191462106109e-02 1.424733030449390828e-02 1.406999449178105398e-02 1.435771775203285514e-02 1.422064355146398541e-02 1.403710152175882860e-02 1.438405036157936433e-02 1.451719738851892615e-02 1.440328783178273023e-02 1.356614204833851700e-02 1.407707686728365375e-02 1.404821868042233947e-02 1.292471360716905375e-02 1.420373063518478446e-02 1.339348264396815480e-02 1.443367901795388104e-02 1.453920460424378697e-02 1.340498551056100614e-02 1.312965304499393027e-02 1.396906977962034634e-02 1.347053329249684080e-02 1.372976474241066613e-02 1.287505832159870078e-02 1.312522145431001437e-02 1.325969755523182490e-02 1.351282266159576327e-02 1.486109196501390201e-02 1.469507065010030276e-02 1.355364027366579537e-02 1.280905161910858743e-02 2.869134051085434761e-02 2.801003934415128779e-02 2.976561785743706695e-02 2.696846331906561575e-02 2.896707257382310358e-02 2.970788832166255597e-02 2.906285244608693141e-02 2.974827787239077426e-02 2.803607275310627742e-02 2.893186951383739866e-02 2.967068735017487635e-02 2.880911299059578379e-02 2.859654125092700103e-02 2.894203604421305767e-02 2.972665242418544990e-02 2.797541045689774450e-02 2.803823853640553115e-02 2.887433498019501346e-02 2.809515442160534504e-02 2.863838732902697012e-02 2.877651731014259015e-02 2.892866142553484135e-02 2.876540110132374053e-02 2.902332540763243388e-02 2.904410292536264634e-02 2.978487256250891141e-02 2.858394246376030554e-02 2.962540559984026475e-02 2.783766550311743762e-02 2.972573657034318848e-02 2.944429855209984223e-02 2.958351141783459662e-02 2.938841455260014779e-02 2.751660175689363622e-02 2.875208144718131853e-02 2.946936219950027289e-02 2.928770481589079017e-02 2.626136866018067770e-02 2.941199758172364370e-02 2.783462337967292782e-02 2.873564636358227550e-02 2.936380834207521356e-02 2.740201596727200734e-02 2.738555295540661544e-02 2.923701600000823408e-02 2.959094151411356330e-02 2.931100013924926861e-02 2.848009577822899208e-02 2.775078888699437918e-02 2.889108470240822624e-02 2.816523233890419822e-02 2.784595591545598742e-02 2.964815495318627939e-02 2.940311518384475242e-02 2.849985616844388780e-02 2.882069761715656125e-02 2.937833731867829992e-02 2.787824152768326319e-02 2.750173166851131029e-02 2.887090053435566184e-02 2.781672122003702244e-02 2.963725122888282576e-02 2.770455547776556546e-02 2.865200578883684429e-02
1.002692543372192546e-02 1.247706539703005886e-02 9.964023383355767940e-03 1.010806917595672046e-02 1.086861991266379300e-02 1.020444912225328647e-02 1.092616954523571715e-02 0.000000000000000000e+00 1.049193574016650705e-02 1.002786487642362383e-02 1.008368572372162625e-02 1.047339744490726268e-02 1.128699105239384069e-02 1.003569147105081057e-02 1.096401531081033810e-02 1.042850293368843828e-02 9.793885766687148234e-03 1.055983481271210826e-02 1.014303938364022502e-02 9.745606820483358745e-03 1.102385835389567414e-02 9.759057670003287027e-03 9.639295803606036731e-03 9.791273346520516785e-03 9.609723448487948738e-03 1.007515898542081165e-02 1.036031298811951329e-02 1.019618101847703275e-02 1.143890866427091368e-02 9.889202670052912175e-03 9.970844470111029506e-03 1.004810434843127730e-02 1.381676618586301190e-02 1.539342151069108579e-02 1.374712935503015487e-02 1.426536711149815895e-02 1.437817332774109919e-02 1.551448726292023808e-02 1.494907198822701191e-02 1.504140253648318139e-02 1.466539716666585141e-02 1.483311225446106753e-02 1.479657850694475127e-02 1.386791399493821943e-02 1.495052245510466137e-02 1.446910800839684708e-02 1.392148423342247712e-02 1.481854278760495747e-02 1.411784410657895318e-02 1.468335821787702250e-02 1.490953410929387116e-02 1.423251221273159374e-02 1.379881841513893627e-02 1.446533721602360871e-02 1.388375099420478126e-02 1.467067476803279522e-02 1.355394959228739538e-02 1.422746844679475577e-02 1.400087409824008790e-02 1.363876267453245118e-02 1.512360801202961187e-02 1.497442574221737044e-02 1.436372593149234239e-02 1.259211619350112006e-02 2.965554225432955049e-02 2.899450428817352751e-02 3.077171357469353150e-02 2.750831923049106009e-02 2.994303796690484312e-02 3.069053785066739454e-02 3.004461471543184645e-02 3.073424899770707194e-02 2.904701614974116580e-02 2.993000781424981840e-02 3.066960620685422328e-02 2.978711401367895376e-02 2.955261863387909776e-02 2.990705891460952032e-02 3.066347791319846278e-02 2.894328443560943362e-02 2.900275784492693451e-02 2.987382099009383216e-02 2.911424842829018339e-02 2.962224579513105319e-02 2.974732629618386318e-02 2.990991230732224782e-02 2.972528848307252197e-02 2.997773625123430555e-02 3.004523964356119875e-02 3.077203982538270072e-02 2.992279132733137795e-02 3.061119501298866299e-02 2.922311477951507544e-02 3.069347890689740760e-02 3.045416238799057013e-02 3.057037272512048293e-02 3.032025576702209249e-02 2.847870714231006545e-02 2.970613329980890949e-02 3.041107407638845087e-02 3.020943345967589191e-02 2.722299665067236946e-02 3.032670723991836084e-02 2.877540927576319879e-02 2.968236088416359442e-02 3.031884850123374095e-02 2.831579931387846402e-02 2.833695413477319014e-02 3.014614543479017181e-02 3.050750205647009480e-02 3.020322700661593612e-02 2.940955401485822671e-02 2.867248648912414793e-02 2.982782386020161811e-02 2.909657810924929158e-02 2.878074137192202994e-02 3.056793594680254009e-02 3.033375652745340378e-02 2.943429358071636415e-02 2.973491242888049932e-02 3.030544538065462618e-02 2.883394637065861063e-02 2.844005353754969212e-02 2.980876771253367086e-02 2.866544247663042541e-02 3.055653421270197734e-02 2.859530377823924288e-02 2.958332813331875089e-02
9.598936851509575277e-03 1.182805859681073865e-02 1.079131961751228670e-02 1.065007284690865606e-02 1.033543987255747774e-02 1.058763447659903829e-02 9.781795031679625316e-03 1.049193574016650705e-02 0.000000000000000000e+00 1.053186234229298163e-02 1.084002005222073697e-02 1.016421299166757851e-02 1.018987295148971774e-02 9.881477174370503769e-03 1.083879011035323789e-02 1.038159331905836973e-02 1.017903020959622443e-02 1.123967728474156887e-02 1.077260122168040984e-02 1.024754008156829495e-02 1.003818837984257230e-02 1.039520548711349128e-02 1.006971182889747525e-02 1.011390412674678316e-02 1.003523222740610073e-02 1.053520115946689380e-02 1.060391217175085839e-02 1.079582837228320116e-02 1.031356765385031335e-02 1.029749427804737757e-02 1.111392846923546680e-02 1.129667040671996671e-02 1.345313319485968995e-02 1.539642236921093775e-02 1.411122375378128305e-02 1.455332148923926296e-02 1.438208289356740326e-02 1.483961251393550208e-02 1.494669821331096916e-02 1.446176911594686081e-02 1.428880846160111850e-02 1.483797051227088611e-02 1.473044870077617509e-02 1.387764432059173693e-02 1.443263716118883822e-02 1.443001146888135168e-02 1.339229113124477434e-02 1.460371488068170666e-02 1.375428838993368770e-02 1.473415161718965270e-02 1.489200321987459684e-02 1.328406971722427901e-02 1.393764897967672903e-02 1.434144619723798364e-02 1.385052248370464457e-02 1.404001763197971347e-02 1.355323918960091648e-02 1.354712991610103855e-02 1.397530778069930660e-02 1.336951927293411786e-02 1.520237303683166959e-02 1.504048266872599557e-02 1.439696821318941188e-02 1.264776119418270332e-02 2.888619721177413877e-02 2.820434690207077044e-02 2.995355226109478256e-02 2.715792299249978475e-02 2.917064390413848241e-02 2.989565539785935325e-02 2.927488678598519356e-02 2.997945400481621253e-02 2.822543376163731341e-02 2.912859488285671553e-02 2.985798773261907901e-02 2.903898902917038255e-02 2.839208209902260513e-02 2.911344140702025809e-02 2.991748951633315876e-02 2.817352162603383586e-02 2.822962513868360057e-02 2.907674328167931393e-02 2.792234347022448313e-02 2.882649468516171667e-02 2.896568959811155961e-02 2.911656423345876377e-02 2.893433200007664019e-02 2.918238020789786294e-02 2.926755884166700947e-02 2.997362975561756321e-02 2.912796135554165597e-02 2.981314269179279400e-02 2.839963242285795109e-02 2.985861223532392666e-02 2.965716089931552321e-02 2.979418311493526803e-02 2.955888060931340794e-02 2.772850430934388835e-02 2.894082706627448820e-02 2.962975610792164746e-02 2.940544238711913227e-02 2.640457039812419554e-02 2.957919364384626465e-02 2.801761512476266119e-02 2.890747975077376589e-02 2.953500866183863052e-02 2.753926132142231475e-02 2.758591260358626146e-02 2.938930486526811561e-02 2.975583476398245206e-02 2.947356541822776510e-02 2.862950206325656083e-02 2.792174377192318743e-02 2.906511966097441099e-02 2.832840571199149449e-02 2.803790290499402760e-02 2.980891929599688989e-02 2.957339235790275300e-02 2.867713468131333210e-02 2.898952960667347187e-02 2.954862106439723468e-02 2.805874901583248551e-02 2.770938125325972043e-02 2.904800136448711795e-02 2.792390287793218920e-02 2.979776164448739648e-02 2.785160162316511340e-02 2.880630109736043512e-02
1.059025786826171996e-02 1.349003297292769750e-02 9.729768402108016773e-03 9.409731500120123437e-03 1.077795881576934858e-02 9.888387413351674288e-03 1.083362334092596163e-02 1.002786487642362383e-02 1.053186234229298163e-02 0.000000000000000000e+00 9.687412172413987013e-03 1.012225567818705527e-02 1.095926156651553206e-02 1.099053740378035278e-02 1.129626028063994425e-02 9.465188472387241550e-03 9.964332337774385942e-03 9.741269682779914521e-03 1.010372296817931351e-02 9.794516058291097282e-03 1.062331188660941422e-02 1.061829955602579603e-02 1.001112328225057732e-02 1.083660299560634636e-02 1.000108986378515745e-02 9.415393909785943830e-03 1.048049895901185039e-02 9.520262445522920461e-03 1.139804697351085722e-02 1.012219137189372675e-02 9.507274971334352814e-03 1.011923502164272480e-02 1.400471737741832909e-02 1.552167933162283686e-02 1.469348742257356281e-02 1.522939360224763450e-02 1.485517537583522230e-02 1.606913851277123537e-02 1.502164453426521606e-02 1.560239452388152530e-02 1.465344036257299615e-02 1.495108186755063871e-02 1.520326144478935729e-02 1.441131304955885553e-02 1.549880673673919435e-02 1.480354683064530677e-02 1.440824262964843921e-02 1.535077539799646444e-02 1.423304054079358415e-02 1.485776538844670383e-02 1.493917713956556363e-02 1.485630496755927822e-02 1.382212010351940856e-02 1.497141879148715903e-02 1.489698800323822903e-02 1.476759460911819186e-02 1.385861975460701660e-02 1.462367731798665423e-02 1.443647207870088489e-02 1.366960106033009333e-02 1.529261615457074529e-02 1.508364516684521615e-02 1.441032518137857002e-02 1.344283617943739517e-02 3.040238405679254741e-02 2.969844471957760329e-02 3.146437337972751019e-02 2.861482453825397315e-02 3.065341908064520351e-02 3.140299373615204614e-02 3.074289847067269987e-02 3.144696587525273174e-02 2.974206281157472376e-02 3.063155303490232642e-02 3.135848910717075472e-02 3.051795327446597816e-02 3.024047967543565252e-02 3.062369404035458070e-02 3.138400523455329300e-02 2.967155330776682573e-02 2.973901883076512237e-02 3.058800526492131203e-02 2.979156880310704011e-02 3.030145288762620473e-02 3.043694070366088217e-02 3.060132692546062294e-02 3.046299991142111668e-02 3.072029405948499547e-02 3.074438800425698809e-02 3.146487339846248954e-02 3.061737270687598864e-02 3.132500781958064140e-02 2.989412902259237087e-02 3.137112737339977503e-02 3.113968825782243571e-02 3.128644974039280352e-02 3.093048335759342529e-02 2.904665557399136941e-02 3.031073053136065787e-02 3.100542271687139681e-02 3.080974404158605059e-02 2.776794335752679962e-02 3.091111981728369984e-02 2.936081593084997887e-02 3.026538865055478783e-02 3.093453139091952714e-02 2.891771724107289679e-02 2.893252688533825417e-02 3.077288823458841638e-02 3.110702718782603834e-02 3.082805279032414802e-02 3.002929512440176765e-02 2.923426190228326643e-02 3.043078588883147903e-02 2.966133822459767616e-02 2.936864429126807494e-02 3.116412224679812951e-02 3.093862283959759527e-02 3.002359152413042187e-02 3.032002779869300349e-02 3.090850958845577784e-02 2.938799849605981673e-02 2.908194367811795314e-02 3.039681206558494941e-02 2.927292961916497238e-02 3.115130438345889083e-02 2.920420560414088013e-02 3.018431130183358777e-02
1.079371244189170249e-02 1.323563992750884620e-02 9.543482852362001126e-03 9.528492760768905723e-03 1.162669936769111616e-02 1.080162428531893960e-02 1.177621532181768321e-02 1.008368572372162625e-02 1.084002005222073697e-02 9.687412172413987013e-03 0.000000000000000000e+00 1.070272315990634764e-02 1.200245502553227983e-02 1.139793907583395299e-02 1.208490749752004836e-02 1.037079252410270068e-02 1.013568047131789551e-02 9.649040954624505534e-03 9.680589651071590598e-03 9.942332419766036072e-03 1.109730802513429759e-02 1.035393776904794394e-02 1.007055374725302627e-02 1.016723583585328258e-02 1.075944712726755598e-02 1.028560583258854820e-02 1.077160616455680696e-02 9.431629830890658761e-03 1.234845236827261487e-02 1.059177323746159603e-02 9.582213936938307336e-03 9.657975565398296824e-03 1.487322552374255140e-02 1.595020326709723629e-02 1.517133750838655856e-02 1.571558577109493857e-02 1.530286030594700183e-02 1.659441279446186371e-02 1.550464720694423246e-02 1.620613854471030998e-02 1.514945618227906375e-02 1.538188158392604990e-02 1.569955736482697359e-02 1.487418377028604591e-02 1.596596065102146023e-02 1.534146211025722885e-02 1.499566446987306637e-02 1.583925804958774206e-02 1.516131865891973650e-02 1.534535869777784931e-02 1.543709629806333528e-02 1.536002082239860782e-02 1.420787890689962155e-02 1.545002465404522914e-02 1.541167966916345659e-02 1.572878663558211626e-02 1.435709698420323602e-02 1.516754900930310408e-02 1.494274858672512384e-02 1.356020209464803977e-02 1.570682090400272665e-02 1.549616947783159608e-02 1.494205645011281898e-02 1.353116235998553032e-02 3.071144890984003895e-02 2.996652767530375711e-02 3.176630812546846899e-02 2.894280299665210818e-02 3.093059826243249252e-02 3.170542895869196687e-02 3.105902059147761657e-02 3.175228528151701618e-02 3.005007012704098701e-02 3.094215965349044958e-02 3.166642460916721524e-02 3.079873550481469074e-02 3.054417148932291742e-02 3.093136018767355180e-02 3.168695128048186482e-02 2.998549872721460383e-02 3.005527927111752845e-02 3.089950368900831051e-02 3.009751719631625216e-02 3.060926352104463219e-02 3.077077440140684600e-02 3.092445569791349783e-02 3.073901631000249685e-02 3.099217828529985189e-02 3.105094663630035903e-02 3.176822283393574559e-02 3.093583970209088513e-02 3.163001560902743703e-02 3.022232914007941251e-02 3.168203997917741488e-02 3.145033540995095800e-02 3.158924340095536909e-02 3.127248398290852216e-02 2.941366692791477777e-02 3.066911515073164965e-02 3.134820881866876713e-02 3.115365455669099129e-02 2.816022681366193992e-02 3.126186349866191122e-02 2.972448108061333596e-02 3.063344103705486002e-02 3.127203982097231244e-02 2.925675523055746782e-02 2.928490055754687238e-02 3.112010564875108271e-02 3.145452300591322636e-02 3.117735796123879272e-02 3.035710578532682322e-02 2.961402807587275310e-02 3.078107888209262802e-02 3.003731816329640800e-02 2.975707615974443679e-02 3.150130129958336744e-02 3.128359381225626762e-02 3.039448250034660140e-02 3.067318394045644506e-02 3.125273545408860376e-02 2.974149299518994913e-02 2.944991232151904573e-02 3.076754194489956032e-02 2.957885394421564534e-02 3.149535861827530009e-02 2.956957181251875302e-02 3.053687268697611104e-02
1.069595679930578080e-02 1.308813589112854496e-02 1.033375723466660283e-02 1.047100813829330082e-02 1.109988894572954375e-02 1.050843698031953682e-02 1.014291617843943692e-02 1.047339744490726268e-02 1.016421299166757851e-02 1.012225567818705527e-02 1.070272315990634764e-02 0.000000000000000000e+00 1.155474674248002480e-02 1.046449925865055447e-02 1.121254917766186313e-02 1.008760665624396612e-02 1.022508203530039794e-02 1.037712778583074411e-02 1.116757226935669901e-02 1.013186424057787444e-02 1.069478969440541306e-02 1.085590197250646538e-02 1.072976208922446321e-02 1.110056916519248059e-02 9.891553166422369786e-03 1.026124454539098507e-02 1.014169450369272786e-02 1.056397306208698393e-02 1.139442938288872872e-02 9.988955856793374846e-03 1.088887831204282501e-02 1.083484974064405533e-02 1.286839060241169036e-02 1.464017040104677314e-02 1.356825954519328727e-02 1.408361371383726190e-02 1.371890483445374447e-02 1.484060546709470123e-02 1.413841016940330271e-02 1.437123574435332680e-02 1.385239811533191603e-02 1.403597914510696862e-02 1.404172000609356721e-02 1.337803434382007182e-02 1.429599647920859126e-02 1.374224398684276670e-02 1.323594881636857082e-02 1.415917232071099360e-02 1.304317965640877132e-02 1.401300067848574096e-02 1.372280338208856261e-02 1.369535777263688157e-02 1.267528451278997388e-02 1.386353685905735572e-02 1.365990865548727222e-02 1.402686991792433981e-02 1.282614068613363925e-02 1.297689555462665754e-02 1.334445050433674673e-02 1.297525980813199475e-02 1.438819908913697987e-02 1.388511514782413137e-02 1.353751164226913058e-02 1.250508666995913364e-02 2.959377646984602539e-02 2.892191306723973163e-02 3.067321216047603008e-02 2.781715350100258735e-02 2.987370251160635301e-02 3.061195229242886021e-02 2.998197933912867194e-02 3.068216872786069110e-02 2.854870556706038190e-02 2.981541314538167439e-02 3.055824094204014768e-02 2.975461191830141433e-02 2.948268264097075528e-02 2.982114713504185888e-02 3.058847883665854681e-02 2.889300802363035936e-02 2.893503358788539551e-02 2.978127020496379104e-02 2.899176655572759109e-02 2.956440017845497412e-02 2.965254486000036549e-02 2.985671948511900431e-02 2.967250408104652251e-02 2.995366925642447414e-02 2.996080966959845104e-02 3.067011704207244990e-02 2.981975188092877635e-02 3.052967408444097822e-02 2.908778806016059162e-02 3.061711737527787053e-02 3.034674158156182994e-02 3.049149544863781827e-02 3.023740967180109027e-02 2.837252325448361492e-02 2.960313191351363754e-02 3.032827013025913426e-02 3.013236559092821037e-02 2.716076603505915635e-02 3.023978132742279057e-02 2.865670618962808114e-02 2.960355177623300721e-02 3.023444242129191481e-02 2.827159539267164179e-02 2.822423589510576758e-02 3.005862617736212647e-02 3.042552866484888111e-02 3.014634088751010771e-02 2.933978592166438734e-02 2.858021318347674436e-02 2.973290977326930457e-02 2.900506961819713722e-02 2.868748134169928077e-02 3.048744581864073350e-02 3.025334019487031789e-02 2.931881850821252064e-02 2.964381510414468290e-02 3.022241694585828947e-02 2.871664183809442827e-02 2.835158471295710914e-02 2.968684375928609676e-02 2.864512988156044798e-02 3.047188841485704708e-02 2.851632687517710943e-02 2.948542655678520336e-02
