0.000000000000000000e+00 7.051186286173304757e-03 6.956244051417802624e-03 6.957081608606642022e-03 7.056837366766532775e-03 6.960851279090065832e-03 6.955852695053444702e-03 6.955974022664982923e-03 6.959729946410652540e-03 7.057974203192657857e-03 7.059204673649599991e-03 6.959661101618110426e-03 6.961875913062532881e-03 7.048568864516514647e-03 6.965437948774778031e-03 6.954995409710327571e-03 6.958763449274488026e-03 6.954094550253632663e-03 6.958282000305888657e-03 7.049029032977124562e-03 7.051162885739170084e-03 6.963617024347608202e-03 6.965665398128457510e-03 7.055709206322779460e-03 7.053798544003333712e-03 6.962163671092851808e-03 6.959705521959862543e-03 7.056683566083903937e-03 6.956045824131142780e-03 6.954979131316419566e-03 6.955973302129965855e-03 6.953033155095267315e-03 7.098575544432379585e-03 7.097397020562522252e-03 7.097396867667960657e-03 7.100434113060598296e-03 7.097982850020856729e-03 7.096968367432730448e-03 7.095837130314093522e-03 7.098145188750742615e-03 7.099466432589003270e-03 7.099900110722156404e-03 7.094420762045409133e-03 7.095240139992745748e-03 7.098767974846396933e-03 7.098435564275259492e-03 7.099414796893913776e-03 7.095796746821700536e-03 7.095661189381962004e-03 7.098642665010822944e-03 7.094149942541462528e-03 7.098520513097168576e-03 7.098024069049278101e-03 7.102730562716128709e-03 7.097984369700728255e-03 7.098388160376567675e-03 7.101666508532241892e-03 7.095052584764067159e-03 7.098202311207053687e-03 7.097939784537642474e-03 7.095581514811149550e-03 7.097298365264928695e-03 7.099117990258328736e-03 7.091870651177742055e-03 7.095481400689089384e-03 7.097905926829128909e-03 7.097090488035490835e-03 7.096027056496541363e-03 7.101473394630717501e-03 7.099123854697994389e-03 7.096800229883386095e-03 7.099475112203599766e-03 7.098837632806743840e-03 7.098531900680483259e-03 7.095548263103475771e-03 7.101464521231366268e-03 7.095440300241478981e-03 7.099597819215398668e-03 7.099043799849614686e-03 7.098057066485459130e-03 7.099353749902231545e-03 7.098708431583470799e-03 7.098382291247961814e-03 7.099815200067275886e-03 7.097830805380208122e-03 7.098492813150572567e-03 7.095737243489838933e-03 7.098747960984259052e-03 7.100236508464141671e-03 7.098171029292565243e-03 7.099213816188969760e-03 7.096019856513844509e-03 7.097629183348853725e-03 7.100542206045711360e-03 7.097931768333200046e-03 7.099212467566991779e-03 7.099308677505706405e-03 7.095032205854735416e-03 7.099670159941519863e-03 7.100784662809987192e-03 7.095969419636163206e-03 7.099313574505413185e-03 7.094327023168712706e-03 7.099371338351279440e-03 7.101550132070452541e-03 7.099415613815183122e-03 7.100033236018508942e-03 7.097511352236515053e-03 7.094403896515386228e-03 7.098804102389111303e-03 7.096891900529030822e-03 7.097484214025110393e-03 7.098681976352183912e-03 7.092854777075776988e-03 7.099470316862456498e-03 7.100395516768748250e-03 7.096951748348931215e-03 7.098341689531116432e-03 7.100920563561700059e-03 7.100178230310575690e-03 7.100694088156378307e-03 7.096755946540845433e-03 7.094453277831470200e-03 7.099067276705770847e-03 7.095051465550597861e-03 7.098128537433621467e-03 7.096441579159947638e-03 7.098556486718437045e-03
7.051186286173304757e-03 0.000000000000000000e+00 6.959932166675335263e-03 7.054259888175201144e-03 7.053960061153626178e-03 6.967922758883764514e-03 6.959303930425009624e-03 6.957457752889597245e-03 6.961643787571530559e-03 6.960748193009635293e-03 6.966201876936478285e-03 6.961976219003683172e-03 6.968801530685793215e-03 7.048094176534630204e-03 6.967527130349027847e-03 7.052380389073352983e-03 6.965771839226754872e-03 6.952325498405079011e-03 7.055600137327645328e-03 6.958268937916435581e-03 6.960344730343017219e-03 6.967425042588502350e-03 7.050171841678917577e-03 7.049442399269326316e-03 6.950411800890987299e-03 6.965859921542442643e-03 6.963644340598562112e-03 6.960413553939040834e-03 6.957563151499154309e-03 6.958551734894751276e-03 6.959258365081799277e-03 6.951880658127889551e-03 7.098072435107432264e-03 7.096924127804071260e-03 7.095089986383983777e-03 7.099934967872127516e-03 7.097480622275435802e-03 7.096568213618852788e-03 7.097174636852198945e-03 7.097642542936931018e-03 7.099063097313690167e-03 7.099409595155491831e-03 7.095372206817986312e-03 7.094868600316718912e-03 7.098303524891381479e-03 7.097968982150873289e-03 7.098970828676372767e-03 7.096974448380117574e-03 7.095302989145970372e-03 7.098167190616528482e-03 7.093824054112716354e-03 7.098103971727111675e-03 7.097571525603358147e-03 7.102322368196608074e-03 7.097514386201240338e-03 7.097939934320026886e-03 7.101177469323320841e-03 7.094711569136526175e-03 7.097754889295520425e-03 7.097473500762888597e-03 7.095191914352844131e-03 7.096814241510696758e-03 7.098676601859988007e-03 7.093203167544721334e-03 7.095008707933713257e-03 7.097272642563527516e-03 7.096509746169263506e-03 7.095636577672617858e-03 7.100820094855600680e-03 7.098544170963041501e-03 7.094790095083969468e-03 7.098863499191795934e-03 7.098226928041030323e-03 7.097921756733200499e-03 7.096412188533931381e-03 7.100841466198556419e-03 7.096452069927315295e-03 7.099025140800876293e-03 7.098466072922176434e-03 7.097537427068582004e-03 7.098713246608898651e-03 7.096342866680868840e-03 7.097771539150642649e-03 7.099207527701115183e-03 7.097198844570734404e-03 7.097881708812693764e-03 7.095186709123437775e-03 7.098168845058277013e-03 7.099593335807555770e-03 7.097561686188399131e-03 7.098576817271362235e-03 7.095466159315530312e-03 7.095416513132227904e-03 7.099929801486892962e-03 7.097348531662515080e-03 7.098659309043311993e-03 7.098709615399239302e-03 7.094624460643550110e-03 7.099093056145095414e-03 7.100237639424633596e-03 7.095591248339740316e-03 7.098744711392046547e-03 7.095439947033301865e-03 7.098794691785506768e-03 7.100989567344570888e-03 7.098832902821731669e-03 7.099423070013557123e-03 7.097005552284599977e-03 7.092392054524871044e-03 7.098229884005297953e-03 7.096340807721369416e-03 7.097096809000304034e-03 7.098157007035195247e-03 7.092524744675613932e-03 7.098870736763376182e-03 7.099851592213083165e-03 7.096543601844815599e-03 7.097821794309303045e-03 7.100309513853172647e-03 7.099603697632613473e-03 7.100119082600735501e-03 7.096394396531880040e-03 7.092503350608619396e-03 7.098498424452278840e-03 7.094635752371067534e-03 7.097577509028778209e-03 7.096016901412428336e-03 7.097987606270585864e-03
6.956244051417802624e-03 6.959932166675335263e-03 0.000000000000000000e+00 7.053684078881496122e-03 7.051923583506982188e-03 6.968634173765208412e-03 6.962423425934079375e-03 6.958982893210153252e-03 6.963514302599776475e-03 6.960218582388435875e-03 7.055935570116455939e-03 6.963644515805229862e-03 7.053604511294465744e-03 6.966193168566655290e-03 6.970693509124399785e-03 6.960179466795878359e-03 6.962189724445542321e-03 6.960615314741873047e-03 6.964477939227538793e-03 6.960169792997391268e-03 7.051858617924614513e-03 6.967702752528483201e-03 6.973147180124203599e-03 6.959746663214924113e-03 6.951380582377268864e-03 6.966444064793014292e-03 6.965239070285051022e-03 6.962111370238745905e-03 7.051130877804298071e-03 6.958594621114528103e-03 6.960693917780406796e-03 6.954873748324459128e-03 7.097673889681710771e-03 7.096502726516381969e-03 7.094712398566435478e-03 7.099525702859206359e-03 7.097053823989115523e-03 7.096240840127705438e-03 7.095177157887383977e-03 7.097214701048469403e-03 7.098605590791235397e-03 7.098995820294959000e-03 7.093720892519679230e-03 7.094495955750576045e-03 7.097872794544934048e-03 7.097542659919775163e-03 7.098517553545047841e-03 7.095117591422670997e-03 7.094947560587761860e-03 7.097721217770270111e-03 7.093400314267896134e-03 7.097656203143545318e-03 7.097127805617639389e-03 7.101879274063895020e-03 7.097089988593052040e-03 7.097490162600811857e-03 7.100763961433565960e-03 7.094369135997537559e-03 7.097308955839210821e-03 7.097042687230980910e-03 7.094870272121507268e-03 7.096397357374120696e-03 7.098220761059220556e-03 7.092833081214004048e-03 7.094764278161332441e-03 7.097024851806484243e-03 7.096244065589341066e-03 7.097032140724704972e-03 7.100558921942037340e-03 7.098247673556113031e-03 7.095889989539939761e-03 7.098562949047228926e-03 7.097928998446197991e-03 7.097625989112610161e-03 7.094869921633067782e-03 7.100559024751614164e-03 7.094772788255146977e-03 7.098754434685746253e-03 7.098167048047153774e-03 7.097190067422617585e-03 7.098479375732902677e-03 7.097765394236002154e-03 7.097476377896433895e-03 7.098938562361955563e-03 7.096919873962255140e-03 7.097587391044035514e-03 7.095038385066738604e-03 7.097843819091956968e-03 7.099357635222880089e-03 7.097265229174663792e-03 7.098307222279169777e-03 7.095311323630463553e-03 7.096716970870505826e-03 7.099665315541766122e-03 7.097050177285344971e-03 7.098339245544734236e-03 7.098465665161014793e-03 7.095830608553586882e-03 7.098826975676314835e-03 7.099947090672443194e-03 7.096977172384911006e-03 7.098482639009725051e-03 7.093708884123082689e-03 7.098527358050231266e-03 7.100637896193463111e-03 7.098567146154388142e-03 7.099208957035538572e-03 7.096802989052357520e-03 7.092244119271936230e-03 7.097936109082083646e-03 7.096070769616233918e-03 7.096848596251949942e-03 7.097855213576429248e-03 7.092357284720275656e-03 7.098657644474963384e-03 7.099561364616108899e-03 7.096347187373297678e-03 7.097554369267235555e-03 7.100052390427501019e-03 7.099368215750346406e-03 7.099861506854989249e-03 7.096188163288102459e-03 7.093761550192223021e-03 7.098254917672931590e-03 7.095794396517026564e-03 7.097319025466005543e-03 7.095799383187550990e-03 7.097717089720009982e-03
6.957081608606642022e-03 7.054259888175201144e-03 7.053684078881496122e-03 0.000000000000000000e+00 6.957085120625779336e-03 6.966560931624566667e-03 6.959670274901889712e-03 7.053655391480853631e-03 7.053685761027207041e-03 6.958720421655981668e-03 6.964558259349093450e-03 6.963508200424879148e-03 6.970719594742395310e-03 6.962984979605496734e-03 6.967523840634493211e-03 6.960536633213460639e-03 6.962353036373727065e-03 6.961458743251653161e-03 7.055632198064324540e-03 7.053569865029288635e-03 6.957045239420017908e-03 6.965898604249874844e-03 6.971192045836660175e-03 6.956691588828030695e-03 7.061652588059591333e-03 6.967504479474129035e-03 6.960265244493476881e-03 6.958646861036431146e-03 6.959854230610129644e-03 7.054415420659388043e-03 6.956295684552439400e-03 7.057885201803499979e-03 7.095035530784359577e-03 7.093976076210827680e-03 7.091817467533889467e-03 7.098428113097902947e-03 7.096148884566000348e-03 7.097030615606010444e-03 7.094193507589676394e-03 7.096219093959075727e-03 7.095864369006946865e-03 7.097985488321274274e-03 7.091168121914360675e-03 7.091859779668263815e-03 7.095214748140034160e-03 7.094783719368629241e-03 7.097527011128544443e-03 7.092241643092136831e-03 7.093819811199656399e-03 7.096697928235354801e-03 7.090840833575436271e-03 7.095092835290432200e-03 7.094647475669924389e-03 7.098578933341296963e-03 7.094557862224798971e-03 7.094817610801597459e-03 7.097733180612428826e-03 7.091792666114048876e-03 7.094733076879894580e-03 7.092319015724384175e-03 7.094061690355145042e-03 7.093914119302349025e-03 7.097149856409128155e-03 7.001063454832395783e-03 7.094191426796030500e-03 7.096426626816861732e-03 7.095684416090135976e-03 7.094740249434431864e-03 7.100009040350556237e-03 7.097684736685430477e-03 7.093953027518639341e-03 7.098054379136855066e-03 7.097369896423715713e-03 7.097068165529448434e-03 7.094281929681309391e-03 7.099957112901449964e-03 7.094200779679031565e-03 7.096362201640732045e-03 7.097627062651257895e-03 7.096570957162960831e-03 7.097909246087381711e-03 7.095489835364518841e-03 7.096878035699870184e-03 7.098365246817550482e-03 7.096335020431134705e-03 7.096986936229608169e-03 7.094392203155839086e-03 7.097267824447184119e-03 7.098749892239309030e-03 7.096698223774062890e-03 7.097723469136266519e-03 7.094672616199696087e-03 7.094617855972705153e-03 7.099087535545593568e-03 7.096488499116806667e-03 7.097783013680547017e-03 7.097962798618728635e-03 7.093917260981462934e-03 7.098348714525489975e-03 7.099491153248167069e-03 7.094890545724553618e-03 7.097997406581480276e-03 7.094666579613134738e-03 7.098048816165102547e-03 7.100243089945409633e-03 7.098085042224797081e-03 7.098676352838036510e-03 7.096301405505228525e-03 7.091620427868666580e-03 7.097482371784682477e-03 7.095540391825353420e-03 7.096300692761928382e-03 7.097400571769435854e-03 7.091831399721265465e-03 7.098124745594051703e-03 7.099106733814273228e-03 7.095845600683801241e-03 7.097051777355273955e-03 7.099563893796827056e-03 7.098855621355214078e-03 7.099373263042497474e-03 7.095638127658272440e-03 7.091701956845074262e-03 7.097752999103774246e-03 7.093926752877417925e-03 7.096830745759109133e-03 7.095255920222923000e-03 7.097239863328334147e-03
7.056837366766532775e-03 7.053960061153626178e-03 7.051923583506982188e-03 6.957085120625779336e-03 0.000000000000000000e+00 7.052283470096283417e-03 6.961190865443076491e-03 6.961425745290547411e-03 7.050473998800805761e-03 6.956785059878223959e-03 6.963026395377995732e-03 6.965212904785860089e-03 6.968953781696056796e-03 6.962666741686550018e-03 6.968920046803358907e-03 6.958583957734174909e-03 7.054321513668890091e-03 6.961328959356674964e-03 6.963210671057562876e-03 6.961857648659474339e-03 6.960360300496491910e-03 6.967429253124830801e-03 6.970996729054661396e-03 6.958466788973336273e-03 6.955141720297741345e-03 6.970645304457579079e-03 6.963429710579033260e-03 6.957003030522750792e-03 7.051810958946667235e-03 7.052566978928838728e-03 6.959611473155630224e-03 7.055859529767424636e-03 7.096855799673165363e-03 7.093998323130415451e-03 7.093788466169038444e-03 7.096689576732137517e-03 7.094421083396519785e-03 7.097070336576615998e-03 7.092429990007861201e-03 7.096287203070896638e-03 7.095766680321814387e-03 7.098052602072363847e-03 7.092715981342528377e-03 7.093613243312144219e-03 7.096931946539714563e-03 7.094843908305913972e-03 7.095781387117815024e-03 7.092216949551685690e-03 7.094015547576035252e-03 7.096904409388746227e-03 7.092362338418462149e-03 7.095001738235772078e-03 7.094535888933522182e-03 7.098596667991366634e-03 7.096126087444850315e-03 7.094772212420864810e-03 7.097718055531744390e-03 7.094996608991170108e-03 7.096494948590319207e-03 6.994564521952026728e-03 7.093965913269751310e-03 7.093912357471903601e-03 7.095457493304519955e-03 7.088570065161422032e-03 7.094330436359514748e-03 7.096552767890115972e-03 7.095723824695364911e-03 7.092846627080853263e-03 7.100103940784561335e-03 7.097776950580084350e-03 7.094025811065755686e-03 7.098153631038560223e-03 7.097495205648637548e-03 7.097193778247784697e-03 7.094344607569430354e-03 7.100089292068313511e-03 7.094290478170423887e-03 7.098198469780674438e-03 7.097722619150292553e-03 7.096716323494880498e-03 7.097970233217450013e-03 7.095589787378864602e-03 7.097026903573931157e-03 7.098458063409665737e-03 7.096458264770916929e-03 7.097142225731417793e-03 7.094513983134137676e-03 7.097420541230446862e-03 7.098840640597944840e-03 7.096793460302324580e-03 7.097820785938498654e-03 7.094758869153255931e-03 7.094660905664053330e-03 7.099183315921095069e-03 7.096555064003408526e-03 7.097843674112150163e-03 7.098203902307882035e-03 7.094092546756225991e-03 7.098538094926032035e-03 7.099691125575973219e-03 7.094985323829748440e-03 7.098213601366994314e-03 7.093282045613700550e-03 7.098262965575427054e-03 7.100403844145519033e-03 7.098273145924253145e-03 7.098888134499878495e-03 7.096559050564056094e-03 7.093171534111584499e-03 7.097668878635810495e-03 7.095734958917414466e-03 7.098378502979139047e-03 7.097505719564049451e-03 7.092052838670682112e-03 7.098368270942493133e-03 7.099262079768620809e-03 7.096096979360245333e-03 7.097181663348383317e-03 7.099784520528997986e-03 7.099044810999904920e-03 7.099530305673081194e-03 7.097491426793917958e-03 7.093416788488135852e-03 7.097937504957347113e-03 7.094100208882706156e-03 7.097011844584078313e-03 7.095444069914879671e-03 7.097445888661528014e-03
6.960851279090065832e-03 6.967922758883764514e-03 6.968634173765208412e-03 6.966560931624566667e-03 7.052283470096283417e-03 0.000000000000000000e+00 6.968227520060252256e-03 6.966640486867063664e-03 7.050448112593136162e-03 6.967233408539379169e-03 7.053976397719672296e-03 6.971082251109728470e-03 6.976130725647060327e-03 6.971503595641330084e-03 6.976616246282344933e-03 6.968064000525589496e-03 6.969534081281735134e-03 6.968141692106415326e-03 6.971541518528606707e-03 7.049030438186346982e-03 6.966487861024700697e-03 6.973789653126541768e-03 6.979392319417726705e-03 6.965305421341242038e-03 7.056037437780066784e-03 6.973790544124333808e-03 6.971227283147740476e-03 6.966569385874506540e-03 6.966887995451104959e-03 6.966712490904809763e-03 6.966825527218395951e-03 6.962405028499723050e-03 7.093071727390168335e-03 7.092044405076370489e-03 7.090357002125584687e-03 7.094806440651589378e-03 7.093931154299672366e-03 7.093362120933658678e-03 7.092242919625707520e-03 7.092779425465254618e-03 7.095495995594549785e-03 7.094396064699382345e-03 7.089462548557013549e-03 7.090213024860425942e-03 7.093355381343241679e-03 7.092948150463049967e-03 7.093978754772920295e-03 7.092185063750718228e-03 7.090673064594133455e-03 7.093252770370712945e-03 7.089224910460819457e-03 7.093178775211581889e-03 7.093965429191015012e-03 7.096781957829815385e-03 7.092678910891252880e-03 7.094279352712366468e-03 7.095888200577606456e-03 7.010121986952437545e-03 7.094133034935695692e-03 7.093986637202502610e-03 7.090624522344895868e-03 7.093196082810867935e-03 7.093686664573121449e-03 7.087311904532146885e-03 7.092307840070566013e-03 7.094303877243022735e-03 7.093387952740877120e-03 7.092954997509098164e-03 7.097936481848214109e-03 7.095580873410873776e-03 7.093260995419279659e-03 7.095914888414941481e-03 7.095284373468860317e-03 7.094984526776003386e-03 7.092392625039677448e-03 7.097936659487974649e-03 7.092276439377132556e-03 7.096026269907121029e-03 7.095498998133903217e-03 7.093084492671874151e-03 7.095790901967585079e-03 7.095160630737176559e-03 7.094829517665068343e-03 7.096265322895917507e-03 7.094268318135365202e-03 7.094913405663432100e-03 7.092511372817409884e-03 7.095171956749132987e-03 7.096703899195160384e-03 7.094616281084884304e-03 7.095607857460789307e-03 7.092856663969015867e-03 7.094064193055605108e-03 7.097023717308009912e-03 7.094379904653670167e-03 7.095634269025900484e-03 7.091773602282071438e-03 7.088182799469600927e-03 7.093638176241936176e-03 7.094383194614200736e-03 7.091757913158035914e-03 7.091733539356988129e-03 7.087537043366063001e-03 7.091887650654184021e-03 7.093390636717598549e-03 7.093354591270181753e-03 7.092297673850697474e-03 7.089934051034192490e-03 7.009224114107544257e-03 7.092782682531605619e-03 7.089607321136558692e-03 7.093350575116994829e-03 7.094021022403084430e-03 7.086263774660599320e-03 7.091837469867922489e-03 7.092622247655062072e-03 7.089555516180338912e-03 7.093712511868696148e-03 7.092941973809380532e-03 7.094109916956226579e-03 7.094455546360380928e-03 7.002325137403711021e-03 7.087558341356881876e-03 7.093067170163225299e-03 7.088272182573305061e-03 7.092088709317966207e-03 7.092253856203755216e-03 7.091239903926928149e-03
6.955852695053444702e-03 6.959303930425009624e-03 6.962423425934079375e-03 6.959670274901889712e-03 6.961190865443076491e-03 6.968227520060252256e-03 0.000000000000000000e+00 6.955552500191835262e-03 6.964065506770254418e-03 7.058478715288647731e-03 7.059542589364284186e-03 6.962631931017266261e-03 6.964568204553459214e-03 6.964777378202124253e-03 7.053989546306457629e-03 6.954359035119076285e-03 6.961345907123472551e-03 6.954898980567548322e-03 7.056912414127994304e-03 6.962183061090222551e-03 6.959776552230022111e-03 7.054117539004704958e-03 6.969828472022009981e-03 7.056390934571733428e-03 6.946069076962472881e-03 7.052452770487794079e-03 7.053091526649689184e-03 6.959777641105870105e-03 6.956988732576338888e-03 7.051721752856646326e-03 6.953207163411149506e-03 7.055095817494817442e-03 7.098078430662352854e-03 7.096923021788116223e-03 7.096895705982824050e-03 7.099847022310807991e-03 7.097448878406510848e-03 7.096568296111860873e-03 7.097140715773023363e-03 7.097647378110713209e-03 7.098982531093854000e-03 7.099377682643994748e-03 7.094020252071351132e-03 7.096315325517196272e-03 7.098330796589803586e-03 7.097971808178412875e-03 7.098895115561566424e-03 7.095369242803726585e-03 7.096811777862151172e-03 7.098174831767094066e-03 7.093704557520928017e-03 7.098050578325697940e-03 7.097543226620094646e-03 7.102150724337765765e-03 7.097533143077051562e-03 7.097848020151831076e-03 7.101154983605386523e-03 7.094726249725565731e-03 7.097765948487261625e-03 7.095526488313687666e-03 7.096988458070984176e-03 7.096786622084404715e-03 7.098598413266109936e-03 7.093040604069802101e-03 7.096495844271600087e-03 7.097341832086837866e-03 7.096425795858449410e-03 7.095527715178872631e-03 7.100899389746504961e-03 7.098570048645415180e-03 7.096272539806986260e-03 7.098924508728042711e-03 7.098282579194850096e-03 7.097999181036064413e-03 7.095106258607175066e-03 7.100933448149334727e-03 7.094918323439405004e-03 7.099055296868774304e-03 7.098516049610447722e-03 7.097515460166662141e-03 7.098787547915352478e-03 7.098175927363887909e-03 7.097833303987146659e-03 7.099266220006078369e-03 7.097295973441039574e-03 7.097967154643446651e-03 7.096846592354534751e-03 7.098201243920946972e-03 7.099660526443399983e-03 7.097641634447122462e-03 7.098693422938075724e-03 7.097027098451132339e-03 7.097113190385704977e-03 7.099997554675261703e-03 7.097377546218806496e-03 7.098664207048997928e-03 7.096354608778898850e-03 7.092262238475027271e-03 7.096633844880685139e-03 7.097621182680321529e-03 7.094815533962505263e-03 7.096317254237922804e-03 7.093246081419697473e-03 7.096409042749618652e-03 7.100142639858816364e-03 7.096278464788964395e-03 7.098630592834373476e-03 7.096286566655395610e-03 7.090068424231922746e-03 7.095912420015782797e-03 7.094083599971739984e-03 7.096294445119619501e-03 7.095786669040394026e-03 7.000447747800302503e-03 7.096478271190787522e-03 7.097259411264981999e-03 7.095681476641903414e-03 7.095507340752296201e-03 7.097622319817514965e-03 7.098862888123608564e-03 7.097529487908402906e-03 7.093860491236742699e-03 7.093281891387653686e-03 7.096169326493572023e-03 7.093889722677062214e-03 7.096807918837880029e-03 7.095171413596534568e-03 7.095675021473868763e-03
6.955974022664982923e-03 6.957457752889597245e-03 6.958982893210153252e-03 7.053655391480853631e-03 6.961425745290547411e-03 6.966640486867063664e-03 6.955552500191835262e-03 0.000000000000000000e+00 6.959113921810216978e-03 6.954406321306839424e-03 6.965333764955513630e-03 6.959033833175314217e-03 6.968117463308362396e-03 6.963201736077773846e-03 7.054176221531056196e-03 6.959870720653099641e-03 7.060877585098100304e-03 6.954826051595654722e-03 7.057206380053760060e-03 6.958831280232904114e-03 7.051703025201193874e-03 7.049205385999791386e-03 6.970034136215986359e-03 6.953927270025554372e-03 7.054876995626039801e-03 6.963114217588241978e-03 7.051461260647633005e-03 6.956010411945831931e-03 6.955318352583415853e-03 6.956101859708160688e-03 7.049607513915047939e-03 6.949765399738614714e-03 7.098611199527405345e-03 7.097424289967701506e-03 7.095438363161975237e-03 7.100395138272478333e-03 7.097963093223511911e-03 7.096948415709960871e-03 7.097674562729427289e-03 7.098094988738337836e-03 7.099520759945138725e-03 7.099921798855430080e-03 7.094558854643441027e-03 7.096734664053719506e-03 7.098833685342759679e-03 7.098475446809476494e-03 7.099375392052755494e-03 7.095873053064152836e-03 7.097319267327792218e-03 7.098652297011739422e-03 7.095861628585489397e-03 7.098556918194351938e-03 7.098046535924900161e-03 7.102742600880144683e-03 7.098037221135445642e-03 7.098393344338388249e-03 7.101655440415385705e-03 7.095194979448686198e-03 7.098265981392764233e-03 7.096068408012744765e-03 7.095602984527425196e-03 7.097289715394325058e-03 7.099108415251794563e-03 7.095097078360759583e-03 7.095391159767321272e-03 7.097724170386367042e-03 7.096939666295615928e-03 7.095981272626283864e-03 7.101270636699764764e-03 7.098968847232447164e-03 7.095224133181915818e-03 7.099316743155180236e-03 7.098654717543523111e-03 7.098374483732601894e-03 7.095506877199744822e-03 7.101299494046711680e-03 7.095409673087337173e-03 7.099472368401455943e-03 7.098940175152764452e-03 7.097939144764438442e-03 7.099193510101514150e-03 7.096777278574802408e-03 7.098254639648644837e-03 7.099656792029011149e-03 7.097672815340882665e-03 7.098336915525351939e-03 7.097221601826297910e-03 7.098651128504237726e-03 7.100042815779510769e-03 7.098015151193979265e-03 7.099052111659980534e-03 7.097395427332820438e-03 7.095870757720291674e-03 7.100379761314404292e-03 7.097779202980686319e-03 7.099084771941187484e-03 7.099265696118086354e-03 7.095137122491940694e-03 7.099623576399960098e-03 7.100779591538514124e-03 7.096053230046666348e-03 7.099299871364860362e-03 7.095972227052389780e-03 7.099322933319853618e-03 7.101462279787925692e-03 7.099366814540855955e-03 7.099924350346009660e-03 7.097443834149949789e-03 7.092745134124341100e-03 7.098781699416883972e-03 7.096814857874315756e-03 7.099609034393836518e-03 7.098689396663182376e-03 7.092860964526934327e-03 7.099400447419141301e-03 7.100347659675211066e-03 7.096961147485088099e-03 7.098320756409674456e-03 7.100806749396667422e-03 7.100174746763065342e-03 7.100645492010300604e-03 7.096838761492885519e-03 7.094591108520703626e-03 7.099054807676732394e-03 7.095174296773467879e-03 7.098102541198691127e-03 7.098130333146279031e-03 7.098536316596285554e-03
6.959729946410652540e-03 6.961643787571530559e-03 6.963514302599776475e-03 7.053685761027207041e-03 7.050473998800805761e-03 7.050448112593136162e-03 6.964065506770254418e-03 6.959113921810216978e-03 0.000000000000000000e+00 6.959847164780080114e-03 6.969378127083491331e-03 6.966777823724013864e-03 6.970247128088915070e-03 6.967624262408211866e-03 6.969056233536471794e-03 6.963333356099504420e-03 7.053699914275565058e-03 6.962324293753360815e-03 6.960708964422178749e-03 6.963397451078000983e-03 6.963451668285526586e-03 6.969220374430106640e-03 6.974349546753916794e-03 6.963176518679912996e-03 6.953400739137631514e-03 6.972139079328168627e-03 6.965119893128236817e-03 7.052050707348080094e-03 6.957322368794597450e-03 6.956854405981886293e-03 7.054560711682663840e-03 7.052983560417689333e-03 7.094724277359048224e-03 7.093712121197033593e-03 7.093506499623515593e-03 7.098206563847946765e-03 7.094073217274761770e-03 6.999056405587707544e-03 7.092187834442694426e-03 7.094279147835661457e-03 7.095590102599078249e-03 7.095836538733049821e-03 7.092531821095709663e-03 7.093297219328020299e-03 7.096583084560638931e-03 7.096332542315540899e-03 7.095475940478104641e-03 7.093913253748481730e-03 7.093682390692621076e-03 7.094805878692447831e-03 7.093670331517120016e-03 7.094783243528106007e-03 7.094333547170362381e-03 7.098423672595594210e-03 7.094289960660314469e-03 7.094496733266966726e-03 7.097330286149134554e-03 7.092955718110373863e-03 7.094456154194470412e-03 7.095766212060860070e-03 7.093654090957364489e-03 7.093677443365619881e-03 7.096950782479771389e-03 7.091652359620740677e-03 7.094049866553196228e-03 7.096148673303910928e-03 7.095382732856683229e-03 7.094600040554804692e-03 7.099725418331318677e-03 7.097433342043815360e-03 7.093801626199501380e-03 7.097771806909299909e-03 7.097119431377201144e-03 7.096817113736937459e-03 7.094087118350513206e-03 7.099676886309432174e-03 7.094036169128800119e-03 7.097923360508058208e-03 7.097373848627781465e-03 7.096377942312623831e-03 7.097631632138830075e-03 7.095367800436700421e-03 7.096679323589412912e-03 7.098118119298685996e-03 7.096080602660290865e-03 7.096736349722393596e-03 7.094183935898120720e-03 7.097071644781437379e-03 7.098500810842906482e-03 7.096419144334857945e-03 7.097479800067445742e-03 7.094457816429223899e-03 7.094455707353052379e-03 7.098841951425600462e-03 7.096207784082500525e-03 7.097535037897267224e-03 7.097848741767789904e-03 7.093801918435236123e-03 7.098184375105500050e-03 7.099308319667850704e-03 7.094672440894088383e-03 7.097860828811800547e-03 7.092942008458793211e-03 7.097904792578766005e-03 7.100046714560476376e-03 7.097917701349596917e-03 7.098530564361280396e-03 7.096291928249032557e-03 7.094393201310103189e-03 7.097314204428827565e-03 7.095380642941702572e-03 7.097996724028184275e-03 7.097122864685360619e-03 7.091856344882373209e-03 7.098015014530566907e-03 7.098909312548412967e-03 7.095825847296924511e-03 7.096805941990889238e-03 7.099433028847968764e-03 7.098690897505692543e-03 7.099183330894561980e-03 7.097091478246552419e-03 7.093201246984279749e-03 7.097584987737635270e-03 7.093803892342375426e-03 7.096627699811772216e-03 7.095143373592516234e-03 7.097088453287187827e-03
7.057974203192657857e-03 6.960748193009635293e-03 6.960218582388435875e-03 6.958720421655981668e-03 6.956785059878223959e-03 6.967233408539379169e-03 7.058478715288647731e-03 6.954406321306839424e-03 6.959847164780080114e-03 0.000000000000000000e+00 6.959253319243840011e-03 7.052728441977512176e-03 7.056918024631354813e-03 6.960464387332722727e-03 6.963795458746918111e-03 6.958927531486150397e-03 7.057206553481173116e-03 7.056588918191119414e-03 6.956525714285791834e-03 6.959799708990610165e-03 7.053062919158204977e-03 6.962088842454077810e-03 6.967376201399311242e-03 6.951286828766777524e-03 7.061162882922420239e-03 6.962358355874931175e-03 6.958011196288847212e-03 6.955060329610794276e-03 6.956417257939400203e-03 7.051490272871254773e-03 7.054923994596464486e-03 7.061234459305453480e-03 7.095299963287071861e-03 7.094381090666310695e-03 6.992591414386436881e-03 7.099104363755026278e-03 7.094816120377355102e-03 7.095736984348872435e-03 7.094585767134399881e-03 7.095052994780195847e-03 7.098201596827751446e-03 7.098619846610766324e-03 7.091503057511805083e-03 7.092078670489766930e-03 7.095606004642089626e-03 7.095275806858879902e-03 7.098127581848644001e-03 7.092526871194114284e-03 7.094349758098326096e-03 7.095512044164330179e-03 7.092787688186901265e-03 7.097242472140719016e-03 7.095024400022783249e-03 7.101375956916718656e-03 7.094980268513729343e-03 7.095126022414342294e-03 7.097942999630240876e-03 7.092138083988401738e-03 7.095066234562021415e-03 7.094808877979771541e-03 7.096272889264328664e-03 7.094327529082982385e-03 7.097838489689218405e-03 7.088810491259268584e-03 7.094801851466285038e-03 7.097173364205910245e-03 7.096401233441576410e-03 7.097205242387875923e-03 7.100683569989526059e-03 7.098460921673576014e-03 7.094566390940864817e-03 7.098739299300584060e-03 7.098084412775016588e-03 7.097811321869695704e-03 7.094920013590961909e-03 7.100611860592700129e-03 7.094841270053021780e-03 7.098882287278342543e-03 7.098370763829063915e-03 7.097299868146422427e-03 7.098618382676005582e-03 7.096084842203323473e-03 7.097610443846973788e-03 7.099112905570962272e-03 7.097042770021082074e-03 7.097686743598271251e-03 7.094981366490555122e-03 7.098003537776893627e-03 7.099532340386348860e-03 7.097408306760690129e-03 7.096472685892691104e-03 7.095273097214527258e-03 7.095189756440176999e-03 7.099872006072323327e-03 7.097230100096759385e-03 7.098528917300431576e-03 7.098912929997050481e-03 7.096271251214033432e-03 7.099277436876885554e-03 7.100408673659572463e-03 7.097378202810020187e-03 7.098892004407770032e-03 7.093817337763339524e-03 7.098976934465536098e-03 7.101034399990606601e-03 7.098988115016292150e-03 7.099575422765394203e-03 7.099040310948111915e-03 7.092345828920831180e-03 7.098373977810835608e-03 7.096433753096428182e-03 7.099135061378700207e-03 7.098261861697600233e-03 7.094181694064411597e-03 7.099109627607865132e-03 7.099940825018720772e-03 7.096624524139579990e-03 7.097963130403662363e-03 7.100440192721714852e-03 7.099762248634278010e-03 7.100240285422149307e-03 7.096494123758578972e-03 7.094042403528057379e-03 7.098666086726925992e-03 7.096207320973639369e-03 7.097735774421119227e-03 7.096062848962562779e-03 7.098153713403955976e-03
7.059204673649599991e-03 6.966201876936478285e-03 7.055935570116455939e-03 6.964558259349093450e-03 6.963026395377995732e-03 7.053976397719672296e-03 7.059542589364284186e-03 6.965333764955513630e-03 6.969378127083491331e-03 6.959253319243840011e-03 0.000000000000000000e+00 6.969074671564852788e-03 7.057693069778981504e-03 6.968479079154321632e-03 6.972569063589457126e-03 7.058375150641765100e-03 7.059901036396420103e-03 6.963867973851334096e-03 6.969243618382892601e-03 7.054175949197959150e-03 6.961335130102283032e-03 6.971076812471222774e-03 6.977486800117169326e-03 6.958908952660819783e-03 7.062256515754455032e-03 7.053229541842814809e-03 6.969060517115452900e-03 6.964473559852782727e-03 6.963896765097924053e-03 7.056603972956182469e-03 6.967300909910598312e-03 6.960442234319101293e-03 7.095374275679359327e-03 7.094215427858337371e-03 7.092414880972154612e-03 7.097346139446483911e-03 7.094716850974447202e-03 7.094180520358080687e-03 7.093028683355784639e-03 7.094921151597940491e-03 7.096372737647016482e-03 7.096844120813366845e-03 7.091575127295285559e-03 7.092366940796540620e-03 7.095690448500247341e-03 7.095262480587396885e-03 7.096312329472365642e-03 7.092883825949126281e-03 7.092831133986471186e-03 7.095564231720522495e-03 7.092571502961558458e-03 7.095430735155844847e-03 7.094900507836759962e-03 7.099677153942218766e-03 7.094904731293236871e-03 7.095197542846180469e-03 7.098526743037068473e-03 7.093593981387546349e-03 7.094977129379206708e-03 7.093000507419038557e-03 7.092726652358622569e-03 7.094071424980145230e-03 7.096034459799146002e-03 7.089139468036865718e-03 7.089053121893801150e-03 7.087981003246519515e-03 7.087215526324135324e-03 7.089688267348760557e-03 7.090402751551266522e-03 7.090824027139826756e-03 7.006040691268576939e-03 7.090909430516907121e-03 7.089018091642103510e-03 7.088743916545771351e-03 7.087600778410869072e-03 7.090229606974507957e-03 7.090581948966889758e-03 7.090968140543006497e-03 7.092193138815517349e-03 7.091472495109426254e-03 7.088985061231075670e-03 6.994760332177991750e-03 7.088430588285116532e-03 7.091249646713843925e-03 7.088160605286368370e-03 7.088514276974602728e-03 7.085882129799534780e-03 7.090429136513307258e-03 7.089602510646151635e-03 7.088371516160586923e-03 7.090703055492580432e-03 7.086272740828301712e-03 7.000428906147465602e-03 7.091718714355560275e-03 7.089701607154967264e-03 7.092229965227990658e-03 7.094194409583808557e-03 7.091664762792096975e-03 7.096143354601813259e-03 7.095460982879627128e-03 7.092532030920097562e-03 7.094206228712786159e-03 7.089556824646436536e-03 7.095794174972100930e-03 7.097863086459557658e-03 7.095749092849937094e-03 7.094739878613691431e-03 7.092388823985247039e-03 7.089570825357878296e-03 7.093756298531753678e-03 7.091817339405722537e-03 7.094337208077673186e-03 7.095107207337744866e-03 7.092841032054578512e-03 7.094318942365960938e-03 7.096907827121457651e-03 7.095479351237819234e-03 7.093224717737404636e-03 7.095661604128203695e-03 7.094858610674570701e-03 7.095407381380712357e-03 7.093480536731477937e-03 7.004039418409608274e-03 7.094070114127894698e-03 7.091604000217521797e-03 7.093192709970490284e-03 7.091525870373592208e-03 7.093534613345329684e-03
6.959661101618110426e-03 6.961976219003683172e-03 6.963644515805229862e-03 6.963508200424879148e-03 6.965212904785860089e-03 6.971082251109728470e-03 6.962631931017266261e-03 6.959033833175314217e-03 6.966777823724013864e-03 7.052728441977512176e-03 6.969074671564852788e-03 0.000000000000000000e+00 7.055273727445680008e-03 6.967818087416921546e-03 6.972432872606726222e-03 6.963714939903355855e-03 6.965430229732822061e-03 6.957593215876340005e-03 7.056851493078751709e-03 6.966545017112456620e-03 6.960121855174482113e-03 6.966115076015147456e-03 7.051508001768892926e-03 6.956405161529265364e-03 7.058379406420046097e-03 6.967707644806296965e-03 6.963664413200087479e-03 6.960133897855984297e-03 7.054721710503875261e-03 6.962009778402297386e-03 7.051328583365898926e-03 6.956789952286104688e-03 7.097138040504494087e-03 7.095964348465320579e-03 7.095925927722313356e-03 7.098959381469821181e-03 7.096500261099833104e-03 7.095777792571184191e-03 7.096221693731269257e-03 7.096726309606470919e-03 7.098066223678078761e-03 7.098463065373037013e-03 7.094439913492550827e-03 7.093963456334666240e-03 7.097366834091758253e-03 7.097004530014508483e-03 7.098001180463662727e-03 7.096052569872990205e-03 7.094493238429781454e-03 7.097256594149495799e-03 7.092908823804718217e-03 7.097114021570455344e-03 7.096609363618618972e-03 7.101309321220136521e-03 7.096577066422284953e-03 7.096966127950099859e-03 7.100209600037082208e-03 7.093877479259068364e-03 7.096821699239428197e-03 7.094807050364969857e-03 7.094342943255257765e-03 7.095852685744129598e-03 7.097702833530453864e-03 7.090826566694061195e-03 7.094190547890693102e-03 7.096368771366335856e-03 7.095583237906381152e-03 7.096443702549347712e-03 7.099898097037734071e-03 7.097646782780985854e-03 7.093977856984624332e-03 7.097939094748997001e-03 7.097303953966104147e-03 7.096999719692185724e-03 7.095554885171406236e-03 7.099923863973495348e-03 7.095551445417155705e-03 7.098101060803788977e-03 7.097568483889708964e-03 7.096640374516837227e-03 7.097814175263697685e-03 7.095527282162799980e-03 7.096849420288130379e-03 7.098314210545884212e-03 7.096275351256845637e-03 7.096960178898354711e-03 7.094415278133834289e-03 7.097245497904539069e-03 7.098700047098308215e-03 7.096639138138681989e-03 7.097715575021613758e-03 7.094697443148052611e-03 7.094618779481132870e-03 7.099036937038547858e-03 7.096447086822855847e-03 7.097761171569414232e-03 7.095403531758815927e-03 7.094680870713574068e-03 7.095844250631127420e-03 7.096750359382853965e-03 7.095952864286846941e-03 7.097248698750566534e-03 7.094057266369060456e-03 7.095487425336902132e-03 7.097292283574206488e-03 7.097388160184728810e-03 7.097894895868832668e-03 6.993675618953748042e-03 7.089453497597878601e-03 7.094940621732838057e-03 7.093316335165479256e-03 7.095641902346150678e-03 7.094908740263277357e-03 7.091192548116989798e-03 7.095557574129967258e-03 7.098389043343667285e-03 7.093299009443322818e-03 7.094580577902818118e-03 7.098777403060074591e-03 7.098108604965683993e-03 7.098647242937197732e-03 7.093067636463133707e-03 7.089567233633413575e-03 7.097066737868711409e-03 7.094593657908217221e-03 7.094545114370172899e-03 7.092763669824556257e-03 7.094785895357080298e-03
