0.000000000000000000e+00 7.011209765737347679e-03 7.019628927825160430e-03 7.013010614784097839e-03 6.916051972373994140e-03 7.017023075528302199e-03 6.914459860053351857e-03 6.913488556221756773e-03 6.920703028139731268e-03 6.907889668060653195e-03 6.904834981238631465e-03 6.916182847046667935e-03 6.921984187376321006e-03 6.920171594677369982e-03 7.029928310843682783e-03 7.014499347749565683e-03 6.905669114913095229e-03 6.908969575822715078e-03 7.010628335815515672e-03 6.918208793150790181e-03 6.918845403108110984e-03 7.013300984503289745e-03 6.913314558256216692e-03 6.911638050945408812e-03 6.918581615093707775e-03 7.012211504942009177e-03 7.015461905441421238e-03 6.915082579384230176e-03 6.912505150424816044e-03 6.902133043264782782e-03 7.013921453781259314e-03 6.915344593813846537e-03 7.057031642005840918e-03 7.061763963136215294e-03 7.059322346521585551e-03 7.059123265248881500e-03 7.061758751917608483e-03 7.056466943871830474e-03 7.063369706142908801e-03 7.059779650510297072e-03 7.059856890254252032e-03 7.060307941520012169e-03 7.067736483990557511e-03 7.060735107659731231e-03 7.061654464878696844e-03 7.059850789042078530e-03 7.060109593883148564e-03 7.060691167538191669e-03 7.060688081655687280e-03 7.058392043615040537e-03 7.059657130257232516e-03 7.059386264385134405e-03 7.062511590163142797e-03 7.058290359850011818e-03 7.056561676073532484e-03 7.060422284320104144e-03 7.058217332794334935e-03 7.059319077008584936e-03 7.059671228040786777e-03 7.058597584735234846e-03 7.058641625973307958e-03 7.059838811123469310e-03 7.058967264377461956e-03 7.060455049751349944e-03 7.059181765042583413e-03 7.060396430004512933e-03 7.060041368006307258e-03 7.056853423985582838e-03 7.061353830349943565e-03 7.058763701192061028e-03 7.062748707960845099e-03 7.059025493098074547e-03 7.060098736590627796e-03 7.060834066205782383e-03 7.060671699888803297e-03 7.060090300836902900e-03 7.061881185818028386e-03 7.060593833705351707e-03 7.061796081215822654e-03 7.061047928512989569e-03 7.058651927196170524e-03 7.060749253564195527e-03 7.061944674255180021e-03 7.058553604405809652e-03 7.059874166413647456e-03 7.060472495425288396e-03 7.060088254275472160e-03 7.059056501618617488e-03 7.056387097393901874e-03 7.060275773775596952e-03 7.061569701100112173e-03 7.062198203813610520e-03 7.058665212549229510e-03 7.058972030483532528e-03 7.061242698641187997e-03 7.060288415386112293e-03 7.062204976804009951e-03 7.060789098799157698e-03 7.057633051845257043e-03 7.059493837319868841e-03 7.059430757349291138e-03 7.063176141824322254e-03 7.060665431201632383e-03 7.058810356601693918e-03 7.060013165808442029e-03 7.060047931251517590e-03 7.060029227320401002e-03 7.061550014709085284e-03 7.060564633877384685e-03 7.058409070175854574e-03 7.059173156285722395e-03 7.059358902784234474e-03 7.061220653937765046e-03 7.056923501546364871e-03 7.061956414071372118e-03 7.057481770300051173e-03 7.057206431942604843e-03 7.058803666271329554e-03 7.059617457851476152e-03 7.060563653589473944e-03 7.062620698531639138e-03 7.058431578077080555e-03 7.060094351235881791e-03 7.061864817346860494e-03 7.059304390084090650e-03 7.061220298123138152e-03 7.060930228273518128e-03 7.060086831876087252e-03
7.011209765737347679e-03 0.000000000000000000e+00 6.918959738620828262e-03 6.927879086289535915e-03 6.921848069220464840e-03 6.921331676921394990e-03 7.009121463961733717e-03 6.922960696361933099e-03 6.927846131567928951e-03 6.912813819141441600e-03 7.009452294423889132e-03 6.925756706246778867e-03 6.929729931291251505e-03 6.924660736768880297e-03 7.020110990093024472e-03 7.010093279742759566e-03 6.916693628740306146e-03 7.010474089614112184e-03 6.917635448689970698e-03 6.924129450359259655e-03 6.922004981960437273e-03 6.918832523681507640e-03 6.921447173552525492e-03 6.923274623053928857e-03 6.926419953987195295e-03 7.006805999732143922e-03 6.918792541992693779e-03 6.924527733320908103e-03 6.924469502212662018e-03 6.915054154941775895e-03 6.920948123644345314e-03 6.925720343372857718e-03 7.052505117786778306e-03 7.056670016564162498e-03 7.054571779918064958e-03 7.055821664609098973e-03 7.056646552974831475e-03 7.051980177293551595e-03 7.058031548602065886e-03 7.055010607877354803e-03 7.055034100771889055e-03 7.055360639828165380e-03 7.061904626366538422e-03 7.055764136448928504e-03 7.056569473905453457e-03 7.055071388642413822e-03 7.055221254963120470e-03 7.055772734274947354e-03 7.057439296860944233e-03 7.053701713633266090e-03 7.052993784357590619e-03 7.056113591154281918e-03 7.057438863195162129e-03 7.055038202967385541e-03 7.052154039156001940e-03 7.057077174774653225e-03 6.966812783805977766e-03 7.056023832592264906e-03 7.056363077731782341e-03 7.053914418416584037e-03 7.055343036933074165e-03 7.055059381671387880e-03 7.055664240369100178e-03 7.055545702504297662e-03 7.056546981201251671e-03 7.057782364562962575e-03 7.057402198871322134e-03 7.054490209822960288e-03 7.058710349851052800e-03 7.054703894003370307e-03 7.060126269868856330e-03 7.056360096829892431e-03 7.057467931681930817e-03 7.058185805589807342e-03 7.058032447387284879e-03 7.057447001483487491e-03 7.059235459269327072e-03 7.057975372441813687e-03 7.059146440315297762e-03 7.058410511434335191e-03 7.056000292153907609e-03 7.058111240588969479e-03 7.059327815990163249e-03 7.055902532071702850e-03 7.057233779685301994e-03 7.057830121435445213e-03 7.057445040562713642e-03 7.056423484184494617e-03 7.053936006103679428e-03 7.057636538442360087e-03 7.058957583221506064e-03 7.059559948164528635e-03 7.055976696577463507e-03 7.056324853468552011e-03 7.058604512125996565e-03 7.057667631372334729e-03 7.059595974091377978e-03 7.058192686831021335e-03 7.055302144508861749e-03 7.056822645894956364e-03 7.056802036253033601e-03 7.060575424983420341e-03 7.058063856512631490e-03 7.054318938383980289e-03 7.057382044666165796e-03 7.057442539645271753e-03 7.057395157004989900e-03 7.058948555210923896e-03 7.057953671294994041e-03 7.055762339815183082e-03 7.056508957416125077e-03 7.056727690526542682e-03 7.058612209095131533e-03 7.054517416557284926e-03 7.059356280715586331e-03 7.055094036301559450e-03 7.054872952219130161e-03 7.056170833943987281e-03 7.057017191139729542e-03 7.057933870120904757e-03 7.059970524056314450e-03 7.055770991850620136e-03 7.057493540795400401e-03 7.059258690457232734e-03 7.056665563508016450e-03 7.058563183497493579e-03 7.058293991877135319e-03 7.057449256143263211e-03
7.019628927825160430e-03 6.918959738620828262e-03 0.000000000000000000e+00 6.921785408269149134e-03 6.915985351931274415e-03 6.917726213946815035e-03 7.012683701783486816e-03 6.917880997335422964e-03 6.921535207175481125e-03 6.912010312024244665e-03 7.019528774471467565e-03 6.918155957024768078e-03 6.925914768739291870e-03 6.924364695188563526e-03 6.890288720208845308e-03 6.918787267999737881e-03 7.017352085376053587e-03 6.919031374424851333e-03 6.916509973062930951e-03 6.919838218201263685e-03 6.919006157018223191e-03 6.917085796311445503e-03 6.918053039772330791e-03 7.011661755467350765e-03 7.009049970563488788e-03 6.915780238896930728e-03 6.913447916244986648e-03 7.011876985271912020e-03 7.009504799752403793e-03 6.910766714680932100e-03 6.914988059467359373e-03 7.013046435349015728e-03 7.056448990844363910e-03 7.061012375416320618e-03 7.058609855601892698e-03 7.058463350152750608e-03 7.061045562920940932e-03 7.057794821966298891e-03 7.062658495603100529e-03 7.059095224270188831e-03 7.059145494848858247e-03 7.059626178319696951e-03 7.066979820568947135e-03 7.059986008499523000e-03 7.060901581649114793e-03 7.059106689406523076e-03 7.059366080897059095e-03 7.059940979896107624e-03 7.060038915627098698e-03 7.057678080640861565e-03 7.056988399682093127e-03 7.058702009882410026e-03 7.061765287917653490e-03 7.057543074965693698e-03 7.057570229549633631e-03 7.059736141904407979e-03 7.055871602445004491e-03 7.058632143931316966e-03 7.058984734590575787e-03 7.057853675758068643e-03 7.057975791956346175e-03 7.059092779980826772e-03 7.058279836368753536e-03 7.059678110603546941e-03 7.056718048292542726e-03 7.059624605548578749e-03 7.059243133172113729e-03 7.057685692679577932e-03 7.060546892903833346e-03 7.056411485845087532e-03 7.061969350738645131e-03 7.058214540899740083e-03 7.059322792769304883e-03 7.060031832980659741e-03 7.059871058470727941e-03 7.059294545402803461e-03 7.061039999967533981e-03 7.059848403713058287e-03 7.060988697389002262e-03 7.060277779396165881e-03 7.057854972601962200e-03 7.059978660443380280e-03 7.061198082201611270e-03 7.057761805500398222e-03 7.059103957799533861e-03 7.059646735987561844e-03 7.059292060434116042e-03 7.056534779300302831e-03 7.055721227480961193e-03 7.059505085388583998e-03 7.060825329676009322e-03 7.061389147284977998e-03 7.057871465207924550e-03 7.058225730948764626e-03 7.060439016667008003e-03 7.059518354863784061e-03 7.061476802772806254e-03 7.060067244079495062e-03 7.056986391371190132e-03 7.058718019768882128e-03 7.058660977294572113e-03 7.062451581092989671e-03 7.059940830681222385e-03 7.055275839578708380e-03 7.059238134213205451e-03 7.059320458042639412e-03 7.059254409771936051e-03 7.060824605163122138e-03 7.059834657048018498e-03 7.057637421364566788e-03 7.058400859342348413e-03 7.058586491955363106e-03 7.060491962345793668e-03 7.056279582256809110e-03 7.061232691555736907e-03 7.056845925390313815e-03 7.056601442851035376e-03 7.058075640374628784e-03 7.058893622857807110e-03 7.059788069768269288e-03 7.061828801206928956e-03 7.057650867791929843e-03 7.059368498121128439e-03 7.061138445638183263e-03 7.058530978598041503e-03 7.060427478983757367e-03 7.060149162911758675e-03 7.059311967822254168e-03
7.013010614784097839e-03 6.927879086289535915e-03 6.921785408269149134e-03 0.000000000000000000e+00 6.924359931508524552e-03 6.923626034844683128e-03 6.928166909184250814e-03 7.009881054915520840e-03 6.929950424545503612e-03 6.919195258156579827e-03 6.922689358608746964e-03 6.927077808872307910e-03 6.929942551718392026e-03 6.930894742135985422e-03 6.898030593006023933e-03 6.928801076998423319e-03 6.917488106366559072e-03 6.923517124988635453e-03 6.920576463962620391e-03 6.925545161095703582e-03 6.924896391740252045e-03 6.921993991120548896e-03 6.926313923446197028e-03 6.925062122284254829e-03 6.926292849999368326e-03 6.927204044812748304e-03 6.920408865394071796e-03 6.926386740450249380e-03 7.008185207988073054e-03 7.015345596696271474e-03 6.920249217851061688e-03 6.928583963730351042e-03 7.054360871707245420e-03 7.058676569681526618e-03 7.056256273294070867e-03 7.056069561272854465e-03 7.058681349569366319e-03 7.053865716838791759e-03 7.060323918494072759e-03 7.056738642554238015e-03 7.056790513974676472e-03 7.057222902385792106e-03 7.064681317966492284e-03 7.057657038110553074e-03 7.058574903016418337e-03 7.056777572812830343e-03 7.057034162263201363e-03 7.057605552430796202e-03 7.057672354973129093e-03 7.055325321653337090e-03 7.054958741552299663e-03 7.056340462270621443e-03 7.059456610637921715e-03 7.055227626002713061e-03 7.053902535891155151e-03 7.057378908834712784e-03 7.053818804363894829e-03 7.056261968939068173e-03 7.056590566882397532e-03 7.055525274651691138e-03 7.055609470499435432e-03 7.056758400520377929e-03 7.055889913869893906e-03 7.057370638515368493e-03 7.054152148261138774e-03 7.056717836838387325e-03 7.054864667353779109e-03 7.052093246287154463e-03 7.056058568919140565e-03 6.969709519718933835e-03 7.059052232155503710e-03 7.054000227443077767e-03 7.056405060767479559e-03 7.055618451197813966e-03 7.055409961641587874e-03 7.054938424428314724e-03 7.056501592570655484e-03 7.056909176906937115e-03 7.056460676132940077e-03 7.055809050557657579e-03 7.053567211946531676e-03 7.055577594193286964e-03 7.058247732926218113e-03 7.053589554176786791e-03 7.054707305060193591e-03 7.055330379759315422e-03 7.054982065902116670e-03 7.053875439659734216e-03 7.051577323243790954e-03 7.055091422493159695e-03 7.057865653478570707e-03 7.056829198399374760e-03 7.053582037650790552e-03 7.053819877972817079e-03 7.055929391627025794e-03 7.056606417841637148e-03 7.059183145617066273e-03 7.057788269341239151e-03 7.054949157977359955e-03 7.056440256967964030e-03 7.056385883676933798e-03 7.060167214259363729e-03 7.057655504867447679e-03 7.053349274763017450e-03 7.056965059597457290e-03 7.057033241591554804e-03 7.056976378700350119e-03 7.058541146477044677e-03 7.057544860360995785e-03 7.055349900724272767e-03 7.056125771822590979e-03 7.056278937062090278e-03 7.058202830429443492e-03 7.054256296603409436e-03 7.058951301545931395e-03 7.054848964145195821e-03 7.054526129076419891e-03 7.055779961697486273e-03 7.056611112731451738e-03 7.057516297213518343e-03 7.059545658033399874e-03 7.055290336905642792e-03 7.057087175237460042e-03 7.058850115221669205e-03 7.056244855501513959e-03 7.058094671538049994e-03 7.057875021422152159e-03 7.057028738900875293e-03
6.916051972373994140e-03 6.921848069220464840e-03 6.915985351931274415e-03 6.924359931508524552e-03 0.000000000000000000e+00 6.918456481484729602e-03 6.921930357199622061e-03 6.920451214621993127e-03 6.922993846596253720e-03 7.013463667751005694e-03 7.012350003564571041e-03 6.921078175671615922e-03 6.925270107151532302e-03 6.921883817593444538e-03 6.890137861928239023e-03 7.011166903354003679e-03 6.912524098509989848e-03 6.915990757553895814e-03 6.917106141310087018e-03 6.920862482373832565e-03 7.009512360775609768e-03 7.013453425618611757e-03 6.918724958218530792e-03 6.919008757349773969e-03 7.007966968966984796e-03 6.922122210064299459e-03 6.918063410468018419e-03 7.012299231353795979e-03 6.920506274432862599e-03 7.015169076964302038e-03 6.913854584351050714e-03 6.922110417554229456e-03 7.055954304892437384e-03 7.060555089650805485e-03 7.058125204934193042e-03 7.057978794344035335e-03 7.060555674499581665e-03 7.055560979825587636e-03 7.062201057371322692e-03 7.058610466531101829e-03 7.058659456141841426e-03 7.059139586084952137e-03 7.066522872684174485e-03 7.059528587446128878e-03 7.060445396254309142e-03 7.058648773211348079e-03 7.058880762389253306e-03 7.059482949848643919e-03 7.059549500340247565e-03 7.057194362183908005e-03 7.056582001565344688e-03 7.058213989892349327e-03 7.061306991686293680e-03 7.057084254818902884e-03 7.057102637789186041e-03 7.059249611614507383e-03 7.055467217094502259e-03 7.058146543733349529e-03 7.058498937851624341e-03 7.057396134684554810e-03 7.057491724922755442e-03 7.058634833162448149e-03 7.057794810251163953e-03 7.059220814037323391e-03 7.058026634801256929e-03 7.059295610568784921e-03 7.058913984501617375e-03 7.057349757950075186e-03 7.060198423703378974e-03 7.056098974044971647e-03 7.061589420441474231e-03 7.057853105446923979e-03 7.058967908506519340e-03 7.059649891480622268e-03 7.059548159944909439e-03 7.058934619611246207e-03 7.060727467297349402e-03 7.059464058438332835e-03 7.060608365575564080e-03 7.059925153675743886e-03 7.057522126823460688e-03 7.059623910447514368e-03 7.060819594085733161e-03 7.057396305424945386e-03 7.058747375742209680e-03 7.059318107900103972e-03 7.058934927461881816e-03 7.057931415556719171e-03 7.056979535063267681e-03 7.059148267216147112e-03 7.060476583397628375e-03 7.061079875125301705e-03 7.057534588444249780e-03 7.057811685921484314e-03 7.060121322652708302e-03 7.059158300624483913e-03 7.061027250646358805e-03 7.059618050474164921e-03 7.056560687043363957e-03 7.058268908798655608e-03 7.058212819021530623e-03 7.062002127034507429e-03 7.059491625484842076e-03 7.054879310733490165e-03 7.058790264252989832e-03 7.058871093729223584e-03 7.058806387401844046e-03 7.060375534156578155e-03 7.059384369289372664e-03 7.057188335740957434e-03 7.057952612134594898e-03 7.058138920606252947e-03 7.060042301731101790e-03 7.055823053873358161e-03 7.060783080118458038e-03 7.056387091469804723e-03 7.056172427023705770e-03 7.057624753495079020e-03 7.058444131258590458e-03 7.059340290235266262e-03 7.061380344080481035e-03 7.057204919079203449e-03 7.058919270151316552e-03 7.060688836598352953e-03 7.058082152097966411e-03 7.059979490462021771e-03 7.059701538930805188e-03 7.058863336115615665e-03
7.017023075528302199e-03 6.921331676921394990e-03 6.917726213946815035e-03 6.923626034844683128e-03 6.918456481484729602e-03 0.000000000000000000e+00 6.918092489184543385e-03 6.917011287504479244e-03 6.923686061314622726e-03 7.016699187719101054e-03 6.912481645846159373e-03 7.013130250197927712e-03 6.919858369145888422e-03 7.015835847548285674e-03 6.890704672781491208e-03 6.920972112727427281e-03 6.911617254193934239e-03 7.014474069710072493e-03 7.011906442892678303e-03 7.011233957398367578e-03 6.918311645951273278e-03 7.012529873237723435e-03 7.012857273422176338e-03 7.014725613684210520e-03 6.924660006720992703e-03 6.921519551466886154e-03 6.916457474391322219e-03 6.920507460942869164e-03 6.921455371978246784e-03 6.907920215051221308e-03 7.012090496099286988e-03 6.923372735796193625e-03 7.056713318417682894e-03 7.057532933487681293e-03 7.055472115355783218e-03 7.057116480767783653e-03 7.057502252934576281e-03 7.054731466049824450e-03 7.061421380762026960e-03 7.057675650362593874e-03 7.055963949569842193e-03 7.058290795437370535e-03 7.065918232845226632e-03 7.056593783412573422e-03 7.057344739463666632e-03 7.056036270839487028e-03 7.056148971462189272e-03 7.056490383815257686e-03 7.058707522509417680e-03 7.054647969847830345e-03 6.954601540399824207e-03 7.055515722337203990e-03 7.060548557567241333e-03 7.054512494766899955e-03 7.054593747040819457e-03 7.056560725395615886e-03 7.052794929554110151e-03 7.055416868545138706e-03 7.055762954613718080e-03 7.054934465956223810e-03 7.056592366305832441e-03 7.055960776441184794e-03 7.055141398595457004e-03 7.056445845178006306e-03 7.056153783236025420e-03 7.059042842208343611e-03 7.058660995365218654e-03 7.055613489602007883e-03 7.059964370550895693e-03 7.055845621214027093e-03 7.061417751562278945e-03 7.057634193998593361e-03 7.058695293391767725e-03 7.059477367183012927e-03 7.059287434892170046e-03 7.058738810338865619e-03 7.060484578117250803e-03 7.059268931341439353e-03 7.060436470734138097e-03 7.059695995339054612e-03 7.057230551339487359e-03 7.059397128019288987e-03 7.060614070615230456e-03 7.057147940574801798e-03 7.058521775888832242e-03 7.059091535978198433e-03 7.058735248914514010e-03 7.055968354286621010e-03 7.055067573370496850e-03 7.058923555366091590e-03 7.060241519110035426e-03 7.060801663975450372e-03 7.057265768367350714e-03 7.057646535853718921e-03 7.059855230598400047e-03 7.058962185214985065e-03 7.060954339435294470e-03 7.059599888339269068e-03 7.056396088195878921e-03 7.058204644459014146e-03 7.058185707783690838e-03 7.061968503441606176e-03 7.059442621413069413e-03 7.054726594818027177e-03 7.058765831732928889e-03 7.058821969937979605e-03 7.058752738246619821e-03 7.060326856565425808e-03 7.059369908939815141e-03 7.057100858748300079e-03 7.057886905326755597e-03 7.058111900101234591e-03 7.059997067198895901e-03 7.057400071742269375e-03 7.060774729377216306e-03 7.058138367632880994e-03 7.056021138465540243e-03 7.057492483742887172e-03 7.058419137753240043e-03 7.059318180309011835e-03 7.061340000129565780e-03 7.057103124568323005e-03 7.058897637226642721e-03 7.060645140554856758e-03 7.058028532996049251e-03 7.059899875078726184e-03 7.059649883491859838e-03 7.058812845021409862e-03
6.914459860053351857e-03 7.009121463961733717e-03 7.012683701783486816e-03 6.928166909184250814e-03 6.921930357199622061e-03 6.918092489184543385e-03 0.000000000000000000e+00 6.919634841807654861e-03 6.926582359930636215e-03 7.012296774838502715e-03 6.910795044068737333e-03 6.922773382768210478e-03 6.927049093122644371e-03 7.012491470425960376e-03 7.020637818461104157e-03 6.922563715606669041e-03 6.914747244211477163e-03 6.917414012653904168e-03 6.917882434332239643e-03 6.921059820408263265e-03 6.918813205882474483e-03 6.919088138129612237e-03 7.007736875541890377e-03 6.918282138828740595e-03 6.924967436332480318e-03 6.924318701483240038e-03 6.920797661541694921e-03 6.919788184973072950e-03 6.921396411767575564e-03 6.913054237939506713e-03 6.921170006516177281e-03 6.925601178612103385e-03 7.056989890171762314e-03 7.059972301231115868e-03 7.057567355115005811e-03 7.057394621025608362e-03 7.059974373190195870e-03 7.055093598603134203e-03 7.061655360950762350e-03 7.058053443507638497e-03 7.058103972404066589e-03 7.058556082630017964e-03 7.066033199698797639e-03 7.058974726928161740e-03 7.059894270892480041e-03 7.058091745030283838e-03 7.058351616918459061e-03 7.058898982893432525e-03 7.058968293150208635e-03 7.056638140345842213e-03 7.056081875018025557e-03 7.057632381392535924e-03 7.060786636709746877e-03 7.056526553917395923e-03 7.055027557173489811e-03 7.058670643494750069e-03 7.056473351627602641e-03 7.057562768271458467e-03 7.057916173282659938e-03 7.056838195744002777e-03 7.056887421665180606e-03 7.058052237606038566e-03 7.057210875124096845e-03 7.058691885926079643e-03 7.055791855983005456e-03 7.058555258738272338e-03 7.058177225387591951e-03 7.055233707993825189e-03 7.059478366787024471e-03 7.055524145074733994e-03 7.060921124090357298e-03 7.057191238653527481e-03 7.058251644733292557e-03 7.058984761590943006e-03 7.058804109568885335e-03 7.058248712657709360e-03 7.059999794173954860e-03 7.058774924124454342e-03 7.059943472476770329e-03 7.059208159317951169e-03 7.056791071390794076e-03 7.058909847580040371e-03 7.060121696380187821e-03 7.056695727920113924e-03 7.058035969965809758e-03 7.058603849724013474e-03 7.058245907541300240e-03 7.055614366170827149e-03 7.054713405774111143e-03 7.058436896235817729e-03 7.059751647617465257e-03 7.060321024034785925e-03 7.056805654146431662e-03 7.057157319576598357e-03 7.059372265794467555e-03 7.058469323417629858e-03 7.060471397817480801e-03 7.059122455649304885e-03 7.056210958860613565e-03 7.057817915801483342e-03 7.057752849578820958e-03 7.061484686645970801e-03 7.058965642992442655e-03 7.057019385186106414e-03 7.058341425659368958e-03 7.058346815365670011e-03 7.058325165508390689e-03 7.059852581069987407e-03 7.058887163932640700e-03 7.056696034034379804e-03 7.057497729979509381e-03 7.057682523188983474e-03 7.059518524702257207e-03 7.056936029144752348e-03 7.060293662537950321e-03 7.057678095771170897e-03 7.055746811338916950e-03 7.057094902669658505e-03 7.057940406300432061e-03 7.058893452244694063e-03 7.060917502155054405e-03 7.056686346309634997e-03 7.058423856650636145e-03 7.060164936274525641e-03 7.057591240837954825e-03 7.059475555585842041e-03 7.059230885633667636e-03 7.058377145950085578e-03
6.913488556221756773e-03 6.922960696361933099e-03 6.917880997335422964e-03 7.009881054915520840e-03 6.920451214621993127e-03 6.917011287504479244e-03 6.919634841807654861e-03 0.000000000000000000e+00 6.921582778254653338e-03 7.013034234271061339e-03 6.915072604898728735e-03 6.919451910709185222e-03 7.011937191797074087e-03 6.926618440845262910e-03 7.024393310485796231e-03 6.922446212231006708e-03 7.011141500758418486e-03 6.915781628463078638e-03 6.914940839736192536e-03 7.007498923076792112e-03 6.917470708029354980e-03 6.917564441373502161e-03 6.914979825419046398e-03 7.008207434452968197e-03 6.923323207959439923e-03 6.922202129033373959e-03 7.011212339133324895e-03 6.918330101444540581e-03 6.919799228986708850e-03 6.908274714306518287e-03 6.918220544974269803e-03 6.923963007661344642e-03 7.055870982848743908e-03 7.060361933242887723e-03 7.057939973371265586e-03 7.057792144195279213e-03 7.060361688411009862e-03 7.055376778377074956e-03 7.062007004062642937e-03 7.058425566208310388e-03 7.058472865606382242e-03 7.058948470979248442e-03 7.066366116039382236e-03 7.059340199672214412e-03 7.060254896063827487e-03 7.058464301855144583e-03 7.058720516469795848e-03 7.059292724312461569e-03 7.059361443983099525e-03 7.057012472000886820e-03 7.056399832889729933e-03 7.058027541835657642e-03 7.061148840824713405e-03 7.056926137601854214e-03 7.055352800229350643e-03 7.059062467604870252e-03 7.055346912223600143e-03 7.057957314938288242e-03 7.058309483624534107e-03 7.057215767648332416e-03 7.057308023072905549e-03 7.058448374356135653e-03 7.057606671901933519e-03 7.059060229894901541e-03 7.056189127538073022e-03 7.059003838575078627e-03 7.058649577682722144e-03 7.055630705365228267e-03 7.059953936353099979e-03 7.057405696833089596e-03 7.061374271123971834e-03 7.057662109699659216e-03 7.058701030195088308e-03 7.059462294822064186e-03 7.059277611515982903e-03 7.058723737406205796e-03 7.060476521136348910e-03 7.059226673025067143e-03 7.060423098722761436e-03 7.059682980162886035e-03 7.057261767054782108e-03 7.059383626173730726e-03 7.060573019182747947e-03 7.057165835029217439e-03 7.058510282101814609e-03 7.059077173852917712e-03 7.058720002148366653e-03 7.056010208435594018e-03 7.055108821745858898e-03 7.058910927633732686e-03 7.060201540539013179e-03 7.060795751383147460e-03 7.057275373558220821e-03 7.057634086498708499e-03 7.059846416507230445e-03 7.058921121507642608e-03 7.060946731161334838e-03 7.059565734560636560e-03 7.058253282105603210e-03 7.058235881317240050e-03 7.058196889788342053e-03 7.061926149439748390e-03 7.059437958469693374e-03 7.057456759244605700e-03 7.058784204900423256e-03 7.058813436518545856e-03 7.058795086629051675e-03 7.060326099339452911e-03 7.059279432796835597e-03 7.057141150727090813e-03 7.057940683284932501e-03 7.058126111351042606e-03 7.059963049896113979e-03 7.055888585928152094e-03 7.060705073973704352e-03 7.056471899473299586e-03 7.057579360510404971e-03 7.057535904393529881e-03 7.058384211577672929e-03 7.059336066800145533e-03 7.061329193974920197e-03 7.057158561821526808e-03 7.058866850717513373e-03 7.060609066660169381e-03 7.058035813606929054e-03 7.059922924922195850e-03 7.059703018758352148e-03 7.058822311933008256e-03
6.920703028139731268e-03 6.927846131567928951e-03 6.921535207175481125e-03 6.929950424545503612e-03 6.922993846596253720e-03 6.923686061314622726e-03 6.926582359930636215e-03 6.921582778254653338e-03 0.000000000000000000e+00 6.917341828993261652e-03 6.919027825469575843e-03 6.920944376280807782e-03 7.007040844660005971e-03 6.929705858043003382e-03 6.900446731152543207e-03 6.928756653922432153e-03 7.012305139212525983e-03 6.923578547420111522e-03 6.922390765020039992e-03 6.922469211444310516e-03 7.009359157167330961e-03 6.921908381348337511e-03 6.923228859409279005e-03 6.923161560833513903e-03 6.926217723827466852e-03 6.925625569631556691e-03 6.921925632549498671e-03 6.924617171981332919e-03 6.926537257886338124e-03 6.913348290110764120e-03 6.922067772469150775e-03 6.928748176147330427e-03 7.055026171771782394e-03 7.059366731847344090e-03 7.056948253266904364e-03 7.056792806214072164e-03 7.059371949700580379e-03 7.054616775945069147e-03 7.061011696212166761e-03 7.057429570134485242e-03 7.057482360565024357e-03 7.057951169068142974e-03 7.065368730989641036e-03 7.058347076825130864e-03 7.059263324819841680e-03 7.057468468777598238e-03 7.057726130904637234e-03 7.058296132824656149e-03 7.058363720673322891e-03 7.056018707071820203e-03 7.055640448023607104e-03 7.057033445871803770e-03 7.060146601325304437e-03 7.055921493278020581e-03 7.054560498851183969e-03 7.058069083558861367e-03 7.054502265379951342e-03 7.056963698755350754e-03 7.057316493310192285e-03 7.056217321174307680e-03 7.056304016473306448e-03 7.057449685952764569e-03 7.056612098766801462e-03 7.058061982158309565e-03 7.055405451286468101e-03 7.058032912384361313e-03 7.057656240132758989e-03 7.054790496978937189e-03 7.058932561333348260e-03 7.055083122052665037e-03 7.060368192077866659e-03 7.056629346478490890e-03 7.057702496128478477e-03 7.058434298770619071e-03 7.058286545050715052e-03 7.057722069567844321e-03 7.059484556931671338e-03 7.058223745671905053e-03 7.059392570044297627e-03 7.058687919138474653e-03 7.056268234537366180e-03 7.058387342827385572e-03 7.059571351814929348e-03 7.056146995608184556e-03 7.057513101826466163e-03 7.058082003559141941e-03 7.057720338582977593e-03 7.055261824596422565e-03 7.055781397878795567e-03 7.057913340141621326e-03 7.059231361038732777e-03 7.059808201043469081e-03 7.056280640643195455e-03 7.056601699426700604e-03 7.058857342702258043e-03 7.057941230131831861e-03 7.059917215241464164e-03 7.058541412013753617e-03 7.057127988219035093e-03 7.057172592109988221e-03 7.057135496174122592e-03 7.060901079766244461e-03 7.058409992326123913e-03 7.054151291304448269e-03 7.057718665045746055e-03 7.057783816707645722e-03 7.057728321923610257e-03 7.059297378234540878e-03 7.058254340217268337e-03 7.056080031314613393e-03 7.056877876086919618e-03 7.057062791618645865e-03 7.058934858022173492e-03 7.054980840834031500e-03 7.059682413723985042e-03 7.055573900193388460e-03 7.056507616488659658e-03 7.056509089850407368e-03 7.057358595171966086e-03 7.058270060484961826e-03 7.060255103946298273e-03 7.056090630246643174e-03 7.057839603746228138e-03 7.059582663661808678e-03 7.056973003605446042e-03 7.058846445757081985e-03 7.058631068855840407e-03 7.057758177960131787e-03
6.907889668060653195e-03 6.912813819141441600e-03 6.912010312024244665e-03 6.919195258156579827e-03 7.013463667751005694e-03 7.016699187719101054e-03 7.012296774838502715e-03 7.013034234271061339e-03 6.917341828993261652e-03 0.000000000000000000e+00 7.013306120915552277e-03 6.914869001377814232e-03 6.913348505190949553e-03 6.914884245200682289e-03 7.026422199646680314e-03 7.015659546027702698e-03 6.906995166305655853e-03 6.909548474443956943e-03 6.904586515134743772e-03 7.012126154180100580e-03 7.016599081813221228e-03 6.909673279781617869e-03 7.011352875085546769e-03 7.013335562177149332e-03 6.917077681281592547e-03 6.917160101608322773e-03 6.914012871753212781e-03 6.909923479496007243e-03 6.914573160219691060e-03 6.905809891981935962e-03 7.017219081723087386e-03 6.918981160245149878e-03 7.057149272074118851e-03 7.061988246265480176e-03 7.059554064258410228e-03 7.059383036139264128e-03 7.061983546936053714e-03 7.056763660848196229e-03 7.063584323449815031e-03 7.060010358184756404e-03 7.060086544348404165e-03 7.060536333002133749e-03 7.067941199385622056e-03 7.060960293473558629e-03 7.061876455060553393e-03 7.060080997734605700e-03 7.060340015161470188e-03 7.060919826389513813e-03 7.060948077515320602e-03 7.058625101718996736e-03 7.059875707719801344e-03 7.059646591276004871e-03 7.062735647620573161e-03 7.058552509367460592e-03 7.056684363019504781e-03 7.060680937939925982e-03 7.056673121495641958e-03 7.059579117260648094e-03 7.059930910737367317e-03 7.058830416024623050e-03 7.058903424395796336e-03 7.060071062858544119e-03 7.059226887315374864e-03 7.060683906275108668e-03 7.059472856042336639e-03 7.060705327952920482e-03 7.060319885633018974e-03 7.057078428924082499e-03 7.061599206487577038e-03 7.057304688744936438e-03 7.063027122340572936e-03 7.059303996823939643e-03 7.060376640825871686e-03 7.061082656214598061e-03 7.060951199643054031e-03 7.060369254956148574e-03 7.062161888089996467e-03 7.060872381256025170e-03 7.062041398009139340e-03 7.061327867233090951e-03 7.058932175781231985e-03 7.061028426844074418e-03 7.062222355828246152e-03 7.058806980137822401e-03 7.060153312804483272e-03 7.060753124526449390e-03 7.060369217413809545e-03 7.059379065425256533e-03 7.058461783545871664e-03 7.060554056281686044e-03 7.061882166130841951e-03 7.062478229704062700e-03 7.058942630397335369e-03 7.059219644789337632e-03 7.061523360745043318e-03 7.060597109275938178e-03 7.062474068929527025e-03 7.061050602010042650e-03 7.057700682682399411e-03 7.059756401208643929e-03 7.059692219519702119e-03 7.063441822862644506e-03 7.060929362486999261e-03 7.058970197021010966e-03 7.060273434882946217e-03 7.060312541582556591e-03 7.060292131813097893e-03 7.061813341972954412e-03 7.060832771329397448e-03 7.058675876559604781e-03 7.059433311320724783e-03 7.059619431262948580e-03 7.061487624429098678e-03 7.057068839037286372e-03 7.062220423437337406e-03 7.057613527050344247e-03 7.057304228378206458e-03 7.059071420756664848e-03 7.059880608303101615e-03 7.060823671067865265e-03 7.062888587341931840e-03 7.058700175907343596e-03 7.060356350198989869e-03 7.062131539980040854e-03 7.059571484272636477e-03 7.061490726311511930e-03 7.061191815905219771e-03 7.060353228815689601e-03
6.904834981238631465e-03 7.009452294423889132e-03 7.019528774471467565e-03 6.922689358608746964e-03 7.012350003564571041e-03 6.912481645846159373e-03 6.910795044068737333e-03 6.915072604898728735e-03 6.919027825469575843e-03 7.013306120915552277e-03 0.000000000000000000e+00 6.916311505400626371e-03 6.920202069478368669e-03 7.015010850672542299e-03 7.026939415194046086e-03 7.012634020289938361e-03 6.910245508559538855e-03 7.013417724482556501e-03 6.912348919798603185e-03 6.916073210464075000e-03 7.013163595249621504e-03 6.909213189374732896e-03 6.915355283331771873e-03 6.913441349076660143e-03 6.916744786796096001e-03 7.012101306995192039e-03 6.915182793280454099e-03 6.913256143005397890e-03 6.914138533794989341e-03 6.901987372195501035e-03 7.017767852415607993e-03 6.917113177354858138e-03 7.058735944930832375e-03 7.061711092248990594e-03 7.059305120644015705e-03 7.059140582687240678e-03 7.061706579234259575e-03 7.056558954131562054e-03 7.063399099342119319e-03 7.059796225291615351e-03 7.059840643129879599e-03 7.060299549880034650e-03 7.067781028721501282e-03 7.060714899061099926e-03 7.061632915526539107e-03 7.059834564696811088e-03 7.060093105173126209e-03 7.060639119882087394e-03 7.060710511034303839e-03 7.058377524160137396e-03 7.057561137752442655e-03 7.059370178219650550e-03 7.062537879095499328e-03 7.058276302062836162e-03 7.056524558953636631e-03 7.060407893474928039e-03 7.058174163023523025e-03 7.059302068879775953e-03 7.059655357069332185e-03 7.058582927313820227e-03 7.058632916623178849e-03 7.059794927058738248e-03 7.058950605975730999e-03 7.060438264965901260e-03 7.059142209406522525e-03 7.060416977864436040e-03 7.060033275482320396e-03 7.056818954632079408e-03 7.061313445173235566e-03 7.057107765543963254e-03 7.062739632457844946e-03 7.059020141123638868e-03 7.060089133362296328e-03 7.060796846655394490e-03 7.060664636501712797e-03 7.060082704849686072e-03 7.061874454394095370e-03 7.060585490158163488e-03 7.061755755324404006e-03 7.061042015021692236e-03 7.058646076634743707e-03 7.060742469262537742e-03 7.061935543775733730e-03 7.058520969870795206e-03 7.059867898200010081e-03 7.060465735221259885e-03 7.060082573369519908e-03 7.059046033127398638e-03 7.058128147900591398e-03 7.060268171647946477e-03 7.061594460703857039e-03 7.062191609479270653e-03 7.058657494054732320e-03 7.058937338952659714e-03 7.061236735169010986e-03 7.060308902319876317e-03 7.062220550209264563e-03 7.060867407028651420e-03 7.057684667786989600e-03 7.059569954377093760e-03 7.059500786475107932e-03 7.063232661049793047e-03 7.060710797048450234e-03 7.058837585091294088e-03 7.060088491558104071e-03 7.060093608472639386e-03 7.060072436961354822e-03 7.061596762743238206e-03 7.060643162494469396e-03 7.058449874211975873e-03 7.059245446586462705e-03 7.059430866912582737e-03 7.061268775427480791e-03 7.058681518652239889e-03 7.062043091481246676e-03 7.059422388629011010e-03 7.057252964488469962e-03 7.058847709140983820e-03 7.059687471459031791e-03 7.060640073399447082e-03 7.062673995210266842e-03 7.058443570314197960e-03 7.060169940034842322e-03 7.061914480306450727e-03 7.059344818514603700e-03 7.061233605181340030e-03 7.060976699438076092e-03 7.060129691154237198e-03
6.916182847046667935e-03 6.925756706246778867e-03 6.918155957024768078e-03 6.927077808872307910e-03 6.921078175671615922e-03 7.013130250197927712e-03 6.922773382768210478e-03 6.919451910709185222e-03 6.920944376280807782e-03 6.914869001377814232e-03 6.916311505400626371e-03 0.000000000000000000e+00 7.010746830632459507e-03 7.012232685187498940e-03 6.898001488890613715e-03 6.923740440880333386e-03 7.018030131889461780e-03 6.918806221520278250e-03 7.013449256085751288e-03 6.918359343270905418e-03 7.012309493884848373e-03 6.916923754560473300e-03 6.917801332056143331e-03 6.917667627793134925e-03 6.923820747904754422e-03 6.921369734794282844e-03 6.916860051361520441e-03 6.922860613116922981e-03 6.924186166271286379e-03 6.907008222024039849e-03 6.916909316017860049e-03 7.010880620464952570e-03 7.057543792163823576e-03 7.060545958414645058e-03 7.058165657913843989e-03 7.057987449402716371e-03 7.060578840073395042e-03 7.057328982277115415e-03 7.062186706917525196e-03 7.058623285874096945e-03 7.058703310029360196e-03 7.059125596627803013e-03 7.066552197758453960e-03 7.059548889049518591e-03 7.060468326576270666e-03 7.058663751248706215e-03 7.058949947615923357e-03 7.059475348295085433e-03 7.059563813312431761e-03 7.057234651075402695e-03 7.058398059411069396e-03 7.058257731966687855e-03 7.061323262668422161e-03 7.057122374400475774e-03 7.055614789942378853e-03 7.059292563634333648e-03 7.055593450814260682e-03 7.058187131595035704e-03 7.058541691167319332e-03 7.057408952920566497e-03 7.057478084429541325e-03 7.058625174820289117e-03 7.057832964923156996e-03 7.059264336907501887e-03 7.056346768720319837e-03 7.059147231222294774e-03 7.058768159638423995e-03 7.055775471272609720e-03 7.060041948793931849e-03 7.056069686409268717e-03 7.061486688003295459e-03 7.057742838989082730e-03 7.058817833755436436e-03 7.059551296435021342e-03 7.059397478671015393e-03 7.058840291058704301e-03 7.060597031399253043e-03 7.059340873874980944e-03 7.060508583477022836e-03 7.059802354567070587e-03 7.057383436325694731e-03 7.059502120464547677e-03 7.060686776277852808e-03 7.057262305380516791e-03 7.058629037582227553e-03 7.059196594053864481e-03 7.058838437871743643e-03 7.056197888141377446e-03 7.056940043286636689e-03 7.059028609803702503e-03 7.060347852197481656e-03 7.060916792092622810e-03 7.057396080389315499e-03 7.057722155386724969e-03 7.059967511326832763e-03 7.059062043335475461e-03 7.061063293589378738e-03 7.059735735954987199e-03 7.058354074412936073e-03 7.058362538975024650e-03 7.058319986022846236e-03 7.062077623613999787e-03 7.059579659380563026e-03 7.055149644940137028e-03 7.058906690417404012e-03 7.058953691706455758e-03 7.058892414709318740e-03 7.060467828102773812e-03 7.059447218924446224e-03 7.057243813727773901e-03 7.058065410109309878e-03 7.058249037532992286e-03 7.060105533916774187e-03 7.057487904853918664e-03 7.060881898947463965e-03 7.058227690682315411e-03 7.057726004370135607e-03 7.057680809573771072e-03 7.058546830143758166e-03 7.059458680409616028e-03 7.061423466541961146e-03 7.057232169831533473e-03 7.059031827206692367e-03 7.060754422386768606e-03 7.058134795548192189e-03 7.059985980016479819e-03 7.059796907427479638e-03 7.058921433577561994e-03
