0.000000000000000000e+00 6.460484292787076546e-03 6.456013048495016192e-03 6.455846201141528240e-03 6.460497910577055539e-03 6.456291129446630785e-03 6.455748461366276648e-03 6.455748367576108308e-03 6.456021677089049046e-03 6.460500402775418149e-03 6.460502236810123505e-03 6.456021135043134816e-03 6.456100638636661990e-03 6.460477623722896308e-03 6.456178716501131780e-03 6.455841781846161954e-03 6.455850889178066203e-03 6.455743789936681937e-03 6.455753622937565085e-03 6.460478710175110093e-03 6.460484029389174966e-03 6.456174321208624223e-03 6.456410322643007030e-03 6.460494974403374613e-03 6.460490402905767933e-03 6.456170401873732867e-03 6.456021496676698189e-03 6.460497463960082100e-03 6.455748780863386840e-03 6.455842100789394022e-03 6.455748544247870598e-03 6.455394520333740220e-03 6.460561952976887588e-03 6.460558577926968360e-03 6.460562573684860456e-03 6.460564825102933263e-03 6.460562784311876285e-03 6.460559990997216846e-03 6.460556316590853471e-03 6.460560727800202657e-03 6.460562877361423519e-03 6.460563917631527951e-03 6.460554279208382406e-03 6.460554538177680668e-03 6.460560848391245017e-03 6.460561931772906309e-03 6.460562254370864205e-03 6.460558515125267888e-03 6.460555902420686558e-03 6.460560467390532267e-03 6.460554114502765205e-03 6.460559668476663180e-03 6.460558362151529177e-03 6.460573228178994633e-03 6.460558826457026872e-03 6.460561594377041590e-03 6.460569091706953870e-03 6.460556219989291651e-03 6.460561331899212188e-03 6.460565224784393934e-03 6.460555511018674195e-03 6.460557892923593157e-03 6.460561594621192644e-03 6.460550839809966160e-03 6.460554789174620047e-03 6.460560501024672879e-03 6.460560821003295470e-03 6.460559731021759018e-03 6.460567599844951880e-03 6.460561357408250646e-03 6.460556528647850433e-03 6.460562024005988592e-03 6.460559687224253465e-03 6.460559193172025517e-03 6.460555290493882191e-03 6.460569425238747200e-03 6.460557123814885012e-03 6.460564232277204652e-03 6.460561290280692794e-03 6.460561894581317091e-03 6.460563639490018994e-03 6.460563437890754802e-03 6.460560626700214901e-03 6.460562962917699124e-03 6.460558628201521977e-03 6.460561345096305780e-03 6.460557324277136845e-03 6.460561634744651886e-03 6.460564829156565693e-03 6.460560215438814965e-03 6.460563629123405177e-03 6.460556028508315611e-03 6.460560251874963335e-03 6.460564366924903025e-03 6.460559150854979817e-03 6.460563588838461394e-03 6.460561568241638720e-03 6.460555825569112842e-03 6.460563124041432403e-03 6.460566854369901267e-03 6.460558683493453601e-03 6.460562609748832577e-03 6.460555104518766675e-03 6.460561995733729058e-03 6.460568031408986389e-03 6.460564028328310421e-03 6.460563648377844366e-03 6.460562381743154871e-03 6.460555704281628446e-03 6.460560479971655043e-03 6.460558398919921327e-03 6.460560854446993802e-03 6.460561754415289869e-03 6.460551880151920237e-03 6.460562568479228523e-03 6.460565470396718683e-03 6.460561516027483846e-03 6.460561584708171719e-03 6.460566489682909724e-03 6.460564324211885874e-03 6.460566691024367987e-03 6.460560274098897833e-03 6.460555306623011473e-03 6.460561395981335477e-03 6.460555555629953275e-03 6.460558037965557707e-03 6.460558956712486936e-03 6.460559942758087142e-03
6.460484292787076546e-03 0.000000000000000000e+00 6.456222644755259775e-03 6.460491242968113140e-03 6.460490983461616987e-03 6.456508699419393621e-03 6.455956949278742092e-03 6.455952978803625869e-03 6.456226868246245539e-03 6.455855297277216659e-03 6.456156001176304934e-03 6.456227515820825436e-03 6.456317544208125224e-03 6.460476434025757761e-03 6.456383902826342766e-03 6.460486760166051293e-03 6.456067822741146274e-03 6.455940279931223456e-03 6.460494131389131998e-03 6.456218633452347547e-03 6.456055135576143668e-03 6.456384016036370924e-03 6.460481049747886055e-03 6.460479831271803003e-03 6.455446211005379069e-03 6.456380184319127080e-03 6.456231151140909459e-03 6.456055052915568235e-03 6.455952914812565155e-03 6.456051249773669606e-03 6.455957099271492083e-03 6.455592233745394148e-03 6.460560254679430063e-03 6.460556883236857027e-03 6.460556211591302750e-03 6.460563126653101965e-03 6.460561086320576636e-03 6.460558609119427566e-03 6.460559184146493460e-03 6.460559029430821762e-03 6.460561191694447723e-03 6.460562220388640919e-03 6.460556134303936139e-03 6.460553110232578229e-03 6.460559154484564297e-03 6.460560237740871868e-03 6.460560563782724239e-03 6.460561009518101666e-03 6.460554490862926123e-03 6.460558772501827189e-03 6.460552699677892495e-03 6.460557981128051651e-03 6.460556670107690802e-03 6.460571542160186559e-03 6.460557131919631053e-03 6.460559903180969517e-03 6.460567395170462718e-03 6.460554797915718170e-03 6.460559641061706590e-03 6.460563531321883088e-03 6.460554129287741400e-03 6.460556196994048789e-03 6.460559904006357018e-03 6.460553620269439065e-03 6.460553354675875430e-03 6.460558791627402445e-03 6.460559118775873952e-03 6.460558352459881519e-03 6.460565888406584120e-03 6.460559655085730719e-03 6.460551377682280556e-03 6.460560317943814246e-03 6.460557980949385541e-03 6.460557487256592298e-03 6.460557243202094332e-03 6.460567717842725759e-03 6.460559326892217555e-03 6.460562530428618985e-03 6.460559588541573382e-03 6.460560199466829079e-03 6.460561929853112124e-03 6.460557358232987130e-03 6.460558920598487992e-03 6.460561257064396760e-03 6.460556919557123266e-03 6.460559638975836919e-03 6.460555902714923415e-03 6.460559932446421558e-03 6.460563118841227553e-03 6.460558509431423187e-03 6.460561919356251799e-03 6.460554590451831822e-03 6.460554591891331383e-03 6.460562660599898123e-03 6.460557448193124559e-03 6.460561889625111506e-03 6.460559861335106804e-03 6.460554407034893934e-03 6.460561420186456023e-03 6.460565154408890766e-03 6.460557295012861814e-03 6.460560906702434228e-03 6.460557690507015734e-03 6.460560291917075322e-03 6.460566329960770564e-03 6.460562323769007687e-03 6.460561939806241591e-03 6.460561014374015081e-03 6.460550349069281093e-03 6.460558776656635631e-03 6.460556698314734274e-03 6.460559496776581076e-03 6.460560057334944692e-03 6.460550747911481678e-03 6.460560861425596393e-03 6.460563770442588963e-03 6.460560142328134262e-03 6.460559888149127426e-03 6.460564780992088078e-03 6.460562620142306853e-03 6.460564987208506152e-03 6.460558889792088026e-03 6.460550057622360676e-03 6.460559692916728602e-03 6.460554128988296035e-03 6.460556337407170890e-03 6.460557559142404704e-03 6.460558239742973663e-03
6.456013048495016192e-03 6.456222644755259775e-03 0.000000000000000000e+00 6.460489625237604561e-03 6.460485507189733974e-03 6.456678495654253301e-03 6.456132655308332614e-03 6.456124602986808639e-03 6.456399298916768760e-03 6.456022054452744893e-03 6.460494144930691365e-03 6.456399636998953404e-03 6.460489056211000079e-03 6.456549186600183884e-03 6.456559769783187450e-03 6.456222875333439588e-03 6.456227198175316581e-03 6.456128487730208865e-03 6.456136972683658784e-03 6.456391520682642528e-03 6.460485682000787627e-03 6.456552832830805139e-03 6.456797008869167784e-03 6.456021469223506559e-03 6.455616621015516747e-03 6.456549697934048891e-03 6.456403364468091439e-03 6.456227139379762218e-03 6.460483886282153074e-03 6.456219318320273806e-03 6.456128483423536658e-03 6.455767185886556424e-03 6.460558430694048927e-03 6.460555056384289369e-03 6.460554649847309941e-03 6.460561301444704349e-03 6.460559258352455148e-03 6.460557048797179423e-03 6.460553353155429335e-03 6.460557201392493412e-03 6.460559360150471345e-03 6.460560394614795442e-03 6.460551217961562134e-03 6.460551502756949928e-03 6.460557326665295093e-03 6.460558410158411501e-03 6.460558732349818735e-03 6.460555529577073804e-03 6.460552898276114564e-03 6.460556942390176423e-03 6.460551091045358026e-03 6.460556150740497453e-03 6.460554840479567316e-03 6.460569712248309150e-03 6.460555304832232143e-03 6.460558072165867825e-03 6.460565569199924751e-03 6.460553195634858095e-03 6.460557810699278126e-03 6.460561703147014653e-03 6.460552569078816670e-03 6.460554370617674000e-03 6.460558072518272563e-03 6.460552018624422799e-03 6.460551756816044870e-03 6.460556980485135034e-03 6.460557304701096404e-03 6.460560905725447507e-03 6.460564075195730088e-03 6.460557837476876494e-03 6.460553005276049518e-03 6.460558499659192419e-03 6.460556163202771721e-03 6.460555669571078040e-03 6.460552244091544334e-03 6.460565901926720520e-03 6.460554106190915732e-03 6.460560716852539742e-03 6.460557770413941428e-03 6.460558375932992994e-03 6.460560120090882291e-03 6.460559910418267084e-03 6.460557103296534973e-03 6.460559442963872447e-03 6.460555104110397157e-03 6.460557821664835582e-03 6.460554337581667778e-03 6.460558111446136099e-03 6.460561308969906165e-03 6.460556691918404627e-03 6.460560105634587623e-03 6.460553010391628485e-03 6.460556728480590198e-03 6.460560847218598836e-03 6.460555630515581356e-03 6.460560069424359231e-03 6.460558050649055188e-03 6.460556388935583504e-03 6.460559606270410010e-03 6.460563337336446867e-03 6.460559689927388057e-03 6.460559093446231055e-03 6.460552115719067623e-03 6.460558477933577189e-03 6.460564504340911285e-03 6.460560510034025171e-03 6.460560132633203639e-03 6.460559484258443508e-03 6.460548983508044955e-03 6.460556959207648317e-03 6.460554883847226607e-03 6.460557955822218701e-03 6.460558239040153916e-03 6.460549400329989103e-03 6.460559054695860955e-03 6.460561953527678772e-03 6.460558596931573541e-03 6.460558074190308336e-03 6.460562968453042142e-03 6.460560810241513380e-03 6.460563174554735145e-03 6.460557328605786263e-03 6.460552300869862492e-03 6.460557882243421132e-03 6.460555995394533062e-03 6.460554524302017029e-03 6.460555992617020467e-03 6.460556425491558764e-03
6.455846201141528240e-03 6.460491242968113140e-03 6.460489625237604561e-03 0.000000000000000000e+00 6.456047219236979613e-03 6.456505303138338620e-03 6.455957206877852537e-03 6.460489609691562676e-03 6.460489522291637705e-03 6.455850469322037787e-03 6.456152330916919459e-03 6.456230789601340343e-03 6.456322091043775399e-03 6.456373155672438108e-03 6.456383787550325735e-03 6.456055163803860707e-03 6.456059569055560589e-03 6.455961677172377712e-03 6.460494261368989605e-03 6.460489423196045730e-03 6.456047105652718693e-03 6.456380072075895878e-03 6.456624148428080807e-03 6.455845753054241347e-03 6.460508718037636516e-03 6.456383746001896108e-03 6.456223002932098658e-03 6.456050684369963114e-03 6.455957469555758006e-03 6.460491454927927424e-03 6.455949066003260038e-03 6.460500305307465170e-03 6.460555418889934662e-03 6.460552421337899080e-03 6.460551199884346195e-03 6.460562414120266279e-03 6.460560394042674098e-03 6.460562373398092383e-03 6.460554485514365120e-03 6.460558326760728644e-03 6.460556191795170135e-03 6.460561518158344438e-03 6.460548481636025318e-03 6.460548639527300893e-03 6.460554444187233299e-03 6.460555382990942550e-03 6.460559858611966515e-03 6.460552110321724460e-03 6.460553779500294129e-03 6.460558064457125327e-03 6.460548333550593381e-03 6.460553401044196939e-03 6.460552314167251724e-03 6.460565207603735996e-03 6.460552771684776457e-03 6.460555056408859992e-03 6.460561619415081808e-03 6.460550227621836110e-03 6.460554938624132708e-03 6.460553721650729581e-03 6.460554037180075287e-03 6.460551938307908942e-03 6.460559188710352299e-03 6.456290507963085602e-03 6.460552701270772837e-03 6.460558136960668427e-03 6.460558464919337329e-03 6.460557690200800611e-03 6.460565236658559647e-03 6.460558997405370027e-03 6.460550722302304573e-03 6.460559666975310318e-03 6.460557323624947605e-03 6.460556830266851909e-03 6.460553195480171935e-03 6.460567057542189288e-03 6.460555047152960993e-03 6.460557415358864075e-03 6.460558933738354791e-03 6.460559530620617157e-03 6.460561278793311435e-03 6.460556700414382854e-03 6.460558259678710752e-03 6.460560601862645400e-03 6.460556262606821816e-03 6.460558977712242690e-03 6.460555252369454098e-03 6.460559270986343874e-03 6.460562463148424549e-03 6.460557852089282398e-03 6.460561264060811493e-03 6.460553940284850805e-03 6.460553941594462078e-03 6.460562005085446376e-03 6.460556791635445675e-03 6.460561231316720200e-03 6.460559213530296142e-03 6.460553763942044996e-03 6.460560772397613491e-03 6.460564506606966684e-03 6.460556652511089543e-03 6.460560258893782021e-03 6.460557040136189963e-03 6.460559644119855810e-03 6.460565682159506544e-03 6.460561675967823464e-03 6.460561292004881294e-03 6.460560370850769105e-03 6.460549696204548331e-03 6.460558128849087575e-03 6.460556045069178535e-03 6.460558841298331273e-03 6.460559409501250884e-03 6.460550104755252883e-03 6.460560213625787807e-03 6.460563122651496494e-03 6.460559499098813760e-03 6.460559237308015519e-03 6.460564133193649056e-03 6.460561972330622349e-03 6.460564339409108695e-03 6.460558239381256930e-03 6.460549401538686308e-03 6.460559045121746884e-03 6.460553485733289483e-03 6.460555689608471659e-03 6.460556908248780983e-03 6.460557591934665798e-03
6.460497910577055539e-03 6.460490983461616987e-03 6.460485507189733974e-03 6.456047219236979613e-03 0.000000000000000000e+00 6.460486627075799800e-03 6.455961438556055698e-03 6.455962047659880368e-03 6.460481986394079820e-03 6.455846211971818030e-03 6.456148799210823484e-03 6.456235149959672556e-03 6.456318175895034601e-03 6.456372723995888567e-03 6.456387488666206521e-03 6.456050753049304841e-03 6.460491252115545951e-03 6.455961613705646709e-03 6.455966113938832809e-03 6.456226910804259943e-03 6.456055596234916948e-03 6.456384213803186001e-03 6.456624091324168931e-03 6.455850526084785934e-03 6.455457378184786821e-03 6.456391687307589874e-03 6.456231110632456964e-03 6.456046762311935805e-03 6.460485374091118511e-03 6.460487147379896482e-03 6.455957702159984685e-03 6.460495277045326043e-03 6.460560152612207334e-03 6.460552563216831294e-03 6.460556096721075704e-03 6.460558049253631481e-03 6.460556202012182267e-03 6.460562953553606290e-03 6.460550337477456370e-03 6.460558909511847706e-03 6.460556278638445761e-03 6.460562100640639474e-03 6.460552715858785926e-03 6.460553003271248679e-03 6.460559033894731039e-03 6.460555500650243255e-03 6.460555818578278715e-03 6.460552206042561967e-03 6.460554379159780258e-03 6.460558665397238970e-03 6.460552285062077724e-03 6.460553519336993504e-03 6.460552446392891016e-03 6.460565209166536232e-03 6.460557009104138035e-03 6.460555160689951566e-03 6.460561657638902618e-03 6.460558316966760924e-03 6.460559534387877965e-03 6.455790159824969544e-03 6.460554145166867539e-03 6.460552091909804034e-03 6.460555155162823332e-03 6.460545361835783387e-03 6.460553295850536733e-03 6.460558729771440252e-03 6.460559046064353987e-03 6.460553308046537019e-03 6.460565825669878533e-03 6.460559585876195048e-03 6.460551307901031201e-03 6.460560256018388521e-03 6.460557916303774628e-03 6.460557422828489688e-03 6.460553779808917915e-03 6.460567651099081293e-03 6.460555634920541260e-03 6.460562454896126398e-03 6.460559522232217806e-03 6.460560125253403743e-03 6.460561863121402557e-03 6.460557289610078559e-03 6.460558855373053563e-03 6.460561190297218169e-03 6.460556854619005883e-03 6.460559574093981822e-03 6.460555844169074691e-03 6.460559866959585985e-03 6.460563051546579401e-03 6.460558440719071406e-03 6.460561852402546199e-03 6.460554527686478143e-03 6.460554522965635503e-03 6.460562593519304439e-03 6.460557376179534156e-03 6.460561815103478718e-03 6.460559816780687623e-03 6.460554359230049649e-03 6.460561368990432908e-03 6.460565104669826336e-03 6.460557237099854959e-03 6.460560859001538911e-03 6.460553633725072374e-03 6.460560243910566831e-03 6.460566275000990781e-03 6.460562272847807271e-03 6.460561891944129748e-03 6.460560976500388103e-03 6.460553790311004095e-03 6.460558724815704777e-03 6.460556642840908220e-03 6.460564257515696504e-03 6.460559995050810245e-03 6.460550705952515863e-03 6.460560817423673628e-03 6.460563715142449495e-03 6.460560104354575069e-03 6.460559826389728616e-03 6.460564734152369343e-03 6.460562569433245771e-03 6.460564932033447186e-03 6.460563007501873151e-03 6.460553909487063741e-03 6.460559641317962544e-03 6.460554080803657465e-03 6.460556285127461683e-03 6.460557505166512372e-03 6.460558190876665094e-03
6.456291129446630785e-03 6.456508699419393621e-03 6.456678495654253301e-03 6.456505303138338620e-03 6.460486627075799800e-03 0.000000000000000000e+00 6.456414019060768318e-03 6.456409910859747629e-03 6.460482156189888310e-03 6.456306393283452877e-03 6.460490169471539389e-03 6.456684982233887836e-03 6.456771160474583313e-03 6.456829085888161901e-03 6.456841551317774909e-03 6.456508969315748019e-03 6.456512769565931134e-03 6.456413725421064620e-03 6.456421526930286245e-03 6.460478501664801247e-03 6.456505160221476247e-03 6.456834926656196058e-03 6.457079590071638370e-03 6.456302096129663826e-03 6.460495301362233905e-03 6.456834977879299074e-03 6.456685167444389285e-03 6.456505297892767281e-03 6.456410313373583260e-03 6.456505692183610312e-03 6.456410432582927045e-03 6.456052678460198931e-03 6.460551683479706132e-03 6.460548643027440308e-03 6.460548219140194691e-03 6.460554276685551503e-03 6.460556082364616107e-03 6.460554230875852587e-03 6.460550579669890880e-03 6.460550695264947844e-03 6.460556184611551851e-03 6.460553523367002469e-03 6.460545235012118970e-03 6.460545448276220661e-03 6.460550705166187395e-03 6.460551663610298798e-03 6.460551993581063052e-03 6.460552741573200031e-03 6.460546663913503337e-03 6.460550432087592068e-03 6.460545148829247367e-03 6.460549639024525462e-03 6.460551658653075797e-03 6.460561673332410743e-03 6.460548987442312797e-03 6.460554885621977092e-03 6.460558012934407811e-03 6.456665386988197884e-03 6.460554626280137422e-03 6.460558530741148872e-03 6.460546382595103339e-03 6.460551183724703127e-03 6.460551334720134563e-03 6.460542676001570367e-03 6.460548980327520535e-03 6.460553837760982070e-03 6.460554147927084941e-03 6.460554082793017530e-03 6.460560941177115150e-03 6.460554697945632141e-03 6.460549869298469472e-03 6.460555362748005882e-03 6.460553026747337807e-03 6.460552533526315623e-03 6.460549451029801507e-03 6.460562768854905512e-03 6.460551333454776952e-03 6.460557570014643577e-03 6.460554630930733302e-03 6.460551674005624891e-03 6.460556980117678968e-03 6.460556776960869885e-03 6.460553967468413497e-03 6.460556302662514953e-03 6.460551967784744845e-03 6.460554682519863839e-03 6.460551584956678722e-03 6.460554972470944346e-03 6.460558171445558197e-03 6.460553555814493344e-03 6.460556962899525850e-03 6.460550243350801983e-03 6.460553589106377351e-03 6.460557710090493802e-03 6.460552491522954764e-03 6.460556926255627865e-03 6.460547642109331495e-03 6.460543036920438076e-03 6.460552883114189897e-03 6.460555701129897833e-03 6.460552900139465184e-03 6.460548442425100880e-03 6.460542546789147487e-03 6.460548076898287202e-03 6.460552585794988520e-03 6.460553659636132998e-03 6.460549203613177860e-03 6.460548046363356715e-03 6.456746515287767503e-03 6.460550457022030263e-03 6.460545101950414953e-03 6.460555185259144600e-03 6.460554999890697446e-03 6.460539998394401393e-03 6.460548394232889374e-03 6.460550735781367057e-03 6.460547490572060049e-03 6.460554832986262729e-03 6.460551415669655954e-03 6.460553819434389222e-03 6.460556014172436773e-03 6.456244307236598014e-03 6.460542721116706820e-03 6.460551271701360336e-03 6.460542952185185407e-03 6.460547985233422268e-03 6.460553167836224041e-03 6.460546459747145906e-03
6.455748461366276648e-03 6.455956949278742092e-03 6.456132655308332614e-03 6.455957206877852537e-03 6.455961438556055698e-03 6.456414019060768318e-03 0.000000000000000000e+00 6.455851831955652237e-03 6.456136516048173284e-03 6.460501173431268049e-03 6.460503431336720066e-03 6.456132835488441295e-03 6.456212102202855789e-03 6.456281868970173074e-03 6.460490347703195385e-03 6.455944651454410300e-03 6.455961441866841372e-03 6.455850445010535323e-03 6.460497317315347550e-03 6.456132429228783436e-03 6.455957834152941180e-03 6.460490889228263228e-03 6.456525179279953147e-03 6.460496464786662750e-03 6.455340172568474651e-03 6.460486796544942512e-03 6.460488221951976237e-03 6.455957512879411699e-03 6.455855416576516265e-03 6.460485341648371238e-03 6.455846609564789597e-03 6.460493815370507535e-03 6.460561147708337830e-03 6.460557775489724971e-03 6.460561766662463630e-03 6.460564007971156958e-03 6.460561976051596399e-03 6.460559356139714340e-03 6.460560071498898556e-03 6.460559922709475066e-03 6.460562073652094395e-03 6.460563109199585902e-03 6.460553611464195205e-03 6.460557622387409424e-03 6.460560051021827996e-03 6.460561130874271571e-03 6.460561446246885012e-03 6.460557862897544669e-03 6.460559236613780919e-03 6.460559666015422767e-03 6.460553451684350468e-03 6.460558866557333628e-03 6.460557559209698965e-03 6.460572411671203566e-03 6.460558027253190949e-03 6.460560784974937222e-03 6.460568284338562978e-03 6.460555570430988673e-03 6.460560534684221118e-03 6.460559628006963540e-03 6.460559620426445729e-03 6.460557086003942268e-03 6.460560786299493138e-03 6.460554211037971249e-03 6.460557868712912821e-03 6.460559691075343919e-03 6.460560001181940570e-03 6.460559084698140261e-03 6.460566787283602078e-03 6.460560547632884960e-03 6.460555722125486781e-03 6.460561214436384529e-03 6.460558877037418310e-03 6.460558386154403518e-03 6.460554622066998036e-03 6.460568617928942256e-03 6.460556453920297294e-03 6.460563423593834384e-03 6.460560484054610371e-03 6.460561085639270062e-03 6.460562829883061131e-03 6.460562630926335904e-03 6.460559817218373968e-03 6.460562153617367513e-03 6.460557820738851466e-03 6.460560538851834421e-03 6.460560793614155903e-03 6.460560825563213018e-03 6.460564016583529058e-03 6.460559408791935465e-03 6.460562823810877577e-03 6.460559221765815180e-03 6.460559447089700598e-03 6.460563557977787134e-03 6.460558340765456577e-03 6.460562779891584027e-03 6.460556479558280350e-03 6.460551021947506453e-03 6.460557887620579920e-03 6.460561103977617396e-03 6.460557978411783468e-03 6.460557378461421509e-03 6.460554567041466162e-03 6.460556906311755790e-03 6.460567144145091222e-03 6.460558627767900956e-03 6.460562761716251261e-03 6.460561686955536807e-03 6.460546964340131357e-03 6.460555525408907124e-03 6.460553674709287528e-03 6.460560161859871600e-03 6.460556672611330459e-03 6.456110959686334021e-03 6.460557337794576617e-03 6.460559905674841813e-03 6.460560568261113253e-03 6.460556510583067256e-03 6.460560721562491789e-03 6.460563448657342944e-03 6.460560940693910528e-03 6.460554892740650798e-03 6.460554587273237281e-03 6.460556314943432556e-03 6.460554832273548119e-03 6.460557163098215074e-03 6.460558010382833408e-03 6.460555104290092825e-03
6.455748367576108308e-03 6.455952978803625869e-03 6.456124602986808639e-03 6.460489609691562676e-03 6.455962047659880368e-03 6.456409910859747629e-03 6.455851831955652237e-03 0.000000000000000000e+00 6.456124831463885307e-03 6.455744133088736451e-03 6.456058317533563441e-03 6.456124400276009971e-03 6.456220151257336878e-03 6.456278174896887961e-03 6.460490901429495440e-03 6.455957993786934704e-03 6.460507467121162813e-03 6.455850991255172519e-03 6.460497740536466291e-03 6.456124387965118949e-03 6.460485267570707096e-03 6.460478898025237039e-03 6.456525495345019627e-03 6.455743658695830417e-03 6.460492540490546387e-03 6.456277783294893206e-03 6.460484285892491817e-03 6.455948883646532230e-03 6.455851575264562846e-03 6.455949262535468081e-03 6.460479967475947320e-03 6.455491069143507593e-03 6.460561119216372966e-03 6.460557742701905637e-03 6.460556903231003123e-03 6.460563980526762111e-03 6.460561943220291016e-03 6.460559308316606887e-03 6.460560043385364486e-03 6.460559883025176683e-03 6.460562045281463030e-03 6.460563081566071501e-03 6.460553582226367768e-03 6.460557579561914537e-03 6.460560018162332489e-03 6.460561097971950079e-03 6.460561410356156255e-03 6.460557831179628181e-03 6.460559205082397512e-03 6.460559629743905727e-03 6.460557367398044731e-03 6.460558834432544688e-03 6.460557526473661126e-03 6.460572390658139881e-03 6.460557994523272347e-03 6.460560756526519989e-03 6.460568252026909625e-03 6.460555533968462098e-03 6.460560501805471915e-03 6.460559600605922902e-03 6.460554832881682322e-03 6.460557053300925757e-03 6.460560754072203725e-03 6.460558222468950305e-03 6.460554079207845440e-03 6.460559645554592688e-03 6.460559969530676495e-03 6.460559049933668578e-03 6.460566742338831950e-03 6.460560505963949297e-03 6.460552115443841600e-03 6.460561172339543759e-03 6.460558831971848978e-03 6.460558341555862512e-03 6.460554581190998402e-03 6.460568572277073686e-03 6.460556423191743912e-03 6.460563384303945333e-03 6.460560445955254236e-03 6.460561046904873296e-03 6.460562787425362316e-03 6.460558069115843183e-03 6.460559778411546425e-03 6.460562111092183618e-03 6.460557776558147232e-03 6.460560493278655510e-03 6.460560748233552981e-03 6.460560790527262315e-03 6.460563972846807348e-03 6.460559363728219685e-03 6.460562776709638001e-03 6.460559177336856404e-03 6.460555317735696898e-03 6.460563514605989661e-03 6.460558299501961352e-03 6.460562740529256394e-03 6.460560725703005241e-03 6.460555140505273852e-03 6.460562281468530330e-03 6.460566016904284448e-03 6.460558009332022060e-03 6.460561771432831758e-03 6.460558552268275308e-03 6.460561152935475129e-03 6.460567183769441897e-03 6.460563185645656729e-03 6.460562797055167950e-03 6.460561707955453023e-03 6.460550941978317196e-03 6.460559640766238079e-03 6.460557552070462714e-03 6.460565189835594871e-03 6.460560918769157716e-03 6.460551326893698015e-03 6.460561722390617025e-03 6.460564627655734915e-03 6.460560842201647572e-03 6.460560745317621596e-03 6.460565638276100954e-03 6.460563486299649751e-03 6.460565848638586198e-03 6.460559601378704046e-03 6.460554709261107607e-03 6.460560557294403074e-03 6.460554869106121569e-03 6.460557197496862199e-03 6.460562551908643342e-03 6.460559103393911755e-03
6.456021677089049046e-03 6.456226868246245539e-03 6.456399298916768760e-03 6.460489522291637705e-03 6.460481986394079820e-03 6.460482156189888310e-03 6.456136516048173284e-03 6.456124831463885307e-03 0.000000000000000000e+00 6.456021581112057067e-03 6.456332038268764416e-03 6.456407082972805654e-03 6.456489838177661977e-03 6.456552936293602496e-03 6.456556172355768994e-03 6.456230604113647430e-03 6.460489490537987649e-03 6.456132620957656665e-03 6.456128623703399037e-03 6.456399488227975228e-03 6.456231107094503180e-03 6.456556596742944569e-03 6.456800410516488377e-03 6.456029944491428925e-03 6.455622067852171200e-03 6.456563609197889415e-03 6.456403250758395267e-03 6.460485592911762408e-03 6.456120290089697143e-03 6.456215114046412462e-03 6.460492281669349274e-03 6.460488340952622380e-03 6.460553959923087154e-03 6.460550977652730273e-03 6.460554535508968195e-03 6.460561175693789460e-03 6.460554636538999758e-03 6.455965574929899836e-03 6.460549011725322428e-03 6.460552990114249751e-03 6.460554734590747902e-03 6.460555749820260339e-03 6.460551106485634687e-03 6.460551390949212380e-03 6.460557204355471365e-03 6.460558297209941479e-03 6.460554251041323442e-03 6.460555415988050200e-03 6.460552777588781173e-03 6.460552734108004035e-03 6.460554558350511956e-03 6.460551948717033893e-03 6.460550866574869822e-03 6.460563734779200054e-03 6.460551329148409190e-03 6.460553596308963968e-03 6.460560128092244885e-03 6.460552393751112926e-03 6.460553487531986092e-03 6.460561579255136126e-03 6.460552569573192044e-03 6.460550502385723967e-03 6.460557953005831820e-03 6.460551905956370827e-03 6.460551687680902815e-03 6.460556892201297328e-03 6.460557216916435787e-03 6.460556715689438380e-03 6.460563991529764440e-03 6.460557756217365222e-03 6.460549695303918934e-03 6.460558421588073405e-03 6.460556082258698228e-03 6.460555588937892148e-03 6.460552166189147127e-03 6.460565812768190135e-03 6.460554034187142129e-03 6.460560634002834347e-03 6.460557692338999951e-03 6.460558296462808221e-03 6.460560034254117512e-03 6.460555725307080659e-03 6.460557025100094330e-03 6.460559360903732513e-03 6.460555020708229172e-03 6.460557736522287188e-03 6.460554249575793488e-03 6.460558036619437443e-03 6.460561222478938999e-03 6.460556607168833551e-03 6.460560023549118125e-03 6.460552923107767791e-03 6.460552939313913591e-03 6.460560764394197852e-03 6.460555546365492549e-03 6.460559990147982101e-03 6.460557986329109117e-03 6.460552759315407907e-03 6.460559538769511910e-03 6.460563270795745099e-03 6.460555655958748894e-03 6.460559029011958034e-03 6.460552033962244090e-03 6.460558413231654550e-03 6.460564444346106154e-03 6.460560442293200936e-03 6.460560061105080805e-03 6.460559432583859625e-03 6.460555879026411326e-03 6.460556894443957379e-03 6.460554812285979227e-03 6.460562424089275405e-03 6.460558161420259030e-03 6.460549349887016388e-03 6.460558987185365497e-03 6.460561885365262956e-03 6.460558544460968423e-03 6.460557993450918336e-03 6.460562904099730400e-03 6.460560739351813887e-03 6.460563102821152530e-03 6.460561172090002920e-03 6.460552319108599402e-03 6.460557811341244641e-03 6.460552474193422857e-03 6.460554450978101514e-03 6.460555922580784975e-03 6.460556360308544396e-03
6.460500402775418149e-03 6.455855297277216659e-03 6.456022054452744893e-03 6.455850469322037787e-03 6.455846211971818030e-03 6.456306393283452877e-03 6.460501173431268049e-03 6.455744133088736451e-03 6.456021581112057067e-03 0.000000000000000000e+00 6.455939063781809643e-03 6.460487470190841991e-03 6.460496897668770513e-03 6.456166747746293864e-03 6.456174543231874702e-03 6.455850748232815940e-03 6.460498192296032678e-03 6.460496950266353053e-03 6.455749102358995621e-03 6.456021377266308627e-03 6.460488666842936246e-03 6.456170566609829159e-03 6.456414540085260098e-03 6.455632477817706619e-03 6.460507483814528253e-03 6.456170859039556294e-03 6.456017292055057748e-03 6.455841569646300973e-03 6.455748988185129947e-03 6.460484587283387564e-03 6.460492538953764401e-03 6.460508617613019977e-03 6.460556761927075363e-03 6.460553827684056664e-03 6.455699052354919518e-03 6.460564464653274427e-03 6.460557443919418170e-03 6.460559640643754459e-03 6.460555963912084469e-03 6.460555843323030102e-03 6.460562524598928089e-03 6.460563563731749545e-03 6.460549655293962648e-03 6.460549768779621019e-03 6.460555820593176513e-03 6.460556755220885072e-03 6.460561898995276740e-03 6.460553161866562644e-03 6.460555542451159282e-03 6.460555578904817083e-03 6.460553560484983901e-03 6.460559314748648418e-03 6.460553730025472320e-03 6.460572862916032395e-03 6.460554193878153412e-03 6.460556404776808537e-03 6.460562844559634456e-03 6.460551357646925237e-03 6.460556307208964975e-03 6.460559921365896172e-03 6.460560078614592874e-03 6.460553370784616507e-03 6.460561240159604958e-03 6.460546081532595949e-03 6.460554484789683520e-03 6.460560191440501213e-03 6.460560514837570753e-03 6.460564117027664706e-03 6.460567282252119639e-03 6.460561056109950968e-03 6.460552520273821903e-03 6.460561713794558264e-03 6.460559374007406042e-03 6.460558884567467811e-03 6.460554993138419022e-03 6.460569101111458823e-03 6.460556829551844862e-03 6.460563925650627225e-03 6.460560988273278057e-03 6.460561583166346024e-03 6.460563328734052896e-03 6.460558439148456240e-03 6.460560312634917694e-03 6.460562656573410646e-03 6.460558312492730403e-03 6.460561026946029690e-03 6.460557009857050524e-03 6.460561324282492433e-03 6.460564522824454974e-03 6.460559902182100994e-03 6.460558321146064528e-03 6.460555715772472313e-03 6.460555703295817187e-03 6.460564064832718424e-03 6.460558845733404242e-03 6.460563285872880819e-03 6.460561286715740641e-03 6.460559623105897008e-03 6.460562843046730938e-03 6.460566576001442775e-03 6.460562919778278269e-03 6.460562324720768926e-03 6.460554809787698131e-03 6.460561714428826076e-03 6.460567734482569775e-03 6.460563743677634127e-03 6.460563358549153805e-03 6.460567269812016004e-03 6.460551225726112422e-03 6.460560194404575511e-03 6.460558111673371864e-03 6.460565733431782899e-03 6.460561472034286740e-03 6.460556013757643573e-03 6.460562291624383051e-03 6.460565181228635975e-03 6.460561242928661643e-03 6.460561306323894283e-03 6.460566196924009269e-03 6.460564039771296736e-03 6.460566402349613747e-03 6.460560009970013270e-03 6.460555105172750487e-03 6.460561113923162652e-03 6.460559226167074919e-03 6.460557757013588552e-03 6.460558677295650913e-03 6.460559660480359040e-03
6.460502236810123505e-03 6.456156001176304934e-03 6.460494144930691365e-03 6.456152330916919459e-03 6.456148799210823484e-03 6.460490169471539389e-03 6.460503431336720066e-03 6.456058317533563441e-03 6.456332038268764416e-03 6.455939063781809643e-03 0.000000000000000000e+00 6.456331515041476531e-03 6.460499043758887762e-03 6.456473276206515892e-03 6.456484091070056192e-03 6.460500383256503887e-03 6.460504658143581026e-03 6.456054546373598407e-03 6.456067660216465928e-03 6.460490139525480735e-03 6.456144361667439519e-03 6.456480112980059020e-03 6.456726801363141081e-03 6.455938469515097415e-03 6.460509334326638119e-03 6.460488468973289364e-03 6.456331485733639991e-03 6.456152040335329419e-03 6.456054724713630386e-03 6.460496237185304851e-03 6.456062892197769049e-03 6.455699465765777148e-03 6.460558941187733578e-03 6.460555567496385591e-03 6.460555033418942730e-03 6.460561822815343719e-03 6.460559764955839390e-03 6.460557459029657619e-03 6.460553758902376660e-03 6.460557712632963509e-03 6.460559874079259760e-03 6.460560919873598908e-03 6.460551646891753846e-03 6.460551925461085511e-03 6.460557847655039494e-03 6.460558923024757247e-03 6.460559249782706938e-03 6.460555932901686227e-03 6.460553316407011658e-03 6.460557466428119670e-03 6.460555182589170983e-03 6.460556664909354249e-03 6.460555355085984691e-03 6.460570229133147900e-03 6.460555825520982072e-03 6.460558579624460333e-03 6.460566081977655618e-03 6.460557111242018653e-03 6.460558316043986914e-03 6.460557723685491326e-03 6.460552968900318965e-03 6.460554877126003202e-03 6.460558593321738888e-03 6.460548639574625884e-03 6.460548405478270736e-03 6.460545526269409825e-03 6.460545851067499290e-03 6.460552846132652273e-03 6.460550122287822897e-03 6.460550608336547602e-03 6.456658386188857471e-03 6.460550990420897872e-03 6.460545085086877477e-03 6.460544921120677485e-03 6.460545118739692387e-03 6.460551283648181473e-03 6.460554355545747654e-03 6.460552323040834148e-03 6.460554475450277535e-03 6.460554657238613656e-03 6.460547800687489912e-03 6.455997287969137029e-03 6.460545651225627073e-03 6.460551653146725214e-03 6.460544670089459970e-03 6.460546365574115421e-03 6.460542367802281361e-03 6.460550629205012545e-03 6.460548492472602614e-03 6.460545613023075708e-03 6.460552323216585922e-03 6.460541805524199627e-03 6.456298571881654083e-03 6.460552437906716579e-03 6.460548597032331544e-03 6.460555884474143001e-03 6.460554650414346810e-03 6.460553118575395985e-03 6.460560083967665894e-03 6.460559318900104507e-03 6.460556000572792792e-03 6.460555564915678242e-03 6.460548845680288803e-03 6.460558950131528068e-03 6.460564970764182818e-03 6.460560975018609861e-03 6.460556440600287269e-03 6.460555149312262845e-03 6.460549012358800941e-03 6.460553687672529119e-03 6.460551813225058615e-03 6.460558493106004739e-03 6.460558709275741364e-03 6.460557282347468774e-03 6.460555518591715347e-03 6.460562435482357195e-03 6.460563295458965349e-03 6.460554670800727761e-03 6.460558962402355651e-03 6.460556959167149463e-03 6.460559160662240723e-03 6.460557416834472773e-03 6.456386616411694847e-03 6.460554493439265439e-03 6.460552829394179686e-03 6.460551644461378501e-03 6.460552204844115243e-03 6.460553261081955490e-03
6.456021135043134816e-03 6.456227515820825436e-03 6.456399636998953404e-03 6.456230789601340343e-03 6.456235149959672556e-03 6.456684982233887836e-03 6.456132835488441295e-03 6.456124400276009971e-03 6.456407082972805654e-03 6.460487470190841991e-03 6.456331515041476531e-03 0.000000000000000000e+00 6.460492887102591009e-03 6.456553149669353592e-03 6.456563750193876870e-03 6.456231165727762018e-03 6.456235278149205330e-03 6.456121157490627739e-03 6.460496862418667330e-03 6.456406682945683116e-03 6.456222752690568036e-03 6.456549232021964804e-03 6.460484231914178678e-03 6.456013475348168842e-03 6.460500662240410176e-03 6.456552983026172567e-03 6.456399566178726984e-03 6.456223062928108554e-03 6.460492529165714690e-03 6.456227325499227544e-03 6.460484122548078301e-03 6.455771986006494240e-03 6.460558412879909007e-03 6.460555038020684461e-03 6.460559028932717600e-03 6.460561279103553718e-03 6.460559239581326399e-03 6.460557039374084307e-03 6.460557338971898746e-03 6.460557190147943850e-03 6.460559341410287461e-03 6.460560377232148904e-03 6.460554293597919710e-03 6.460551484439375908e-03 6.460557312600827620e-03 6.460558392106919776e-03 6.460558716839395928e-03 6.460559168758839635e-03 6.460552889860852153e-03 6.460556933684483139e-03 6.460551078884722680e-03 6.460556131719428011e-03 6.460554824720610677e-03 6.460569689290373251e-03 6.460555290045416274e-03 6.460558057035676455e-03 6.460565548527703005e-03 6.460553183126512174e-03 6.460557799247998965e-03 6.460557330032130549e-03 6.460552551240898896e-03 6.460554351652828681e-03 6.460558056997882034e-03 6.460548319736270431e-03 6.460551737673182228e-03 6.460556952288802612e-03 6.460557278840881393e-03 6.460560883524136405e-03 6.460564045527663474e-03 6.460557815625227532e-03 6.460549750247108688e-03 6.460558474838202538e-03 6.460556138014101994e-03 6.460555644502882257e-03 6.460555408582951964e-03 6.460565875352333731e-03 6.460557488010582050e-03 6.460560687940105663e-03 6.460557749078942556e-03 6.460558360204563151e-03 6.460560091288902393e-03 6.460555778019710059e-03 6.460557077957574876e-03 6.460559417994817845e-03 6.460555076756800338e-03 6.460557796325642164e-03 6.460554312851433424e-03 6.460558089591388053e-03 6.460561280041685235e-03 6.460556666725012984e-03 6.460560084944169494e-03 6.460552985939843271e-03 6.460552992493259934e-03 6.460560821757894111e-03 6.460555608431168065e-03 6.460560050339595080e-03 6.460553497267781595e-03 6.460556320390720142e-03 6.460554923154032680e-03 6.460558118216387126e-03 6.460559637711717033e-03 6.460559016866151971e-03 6.460555812380610469e-03 6.460553927388916484e-03 6.460559058874586896e-03 6.460560440130568884e-03 6.460560046135167475e-03 6.455684594872186828e-03 6.460544710103294230e-03 6.460552542730316032e-03 6.460550724498376890e-03 6.460557881205379951e-03 6.460553700046767038e-03 6.460549329630317292e-03 6.460554356310180442e-03 6.460561884234212841e-03 6.460553394202084992e-03 6.460553530573118382e-03 6.460562886012620465e-03 6.460560730175020881e-03 6.460563099670090653e-03 6.460552304165613317e-03 6.460544431498200374e-03 6.460557812049468052e-03 6.460555920483192043e-03 6.460550558344714880e-03 6.460551147783967496e-03 6.460552135134975740e-03
