0.000000000000000000e+00 7.934532226961927767e-03 7.988944983288684409e-03 7.947141592371372021e-03 7.696771676262221390e-03 7.972679607780697175e-03 7.670736935593736212e-03 7.677848653827279782e-03 7.694561105362000310e-03 7.679427824551833884e-03 7.647967789425389080e-03 7.690997630411481462e-03 7.719727434760390895e-03 7.720101135049091748e-03 8.063457550550918659e-03 7.961776339674439887e-03 7.665340110545619187e-03 7.658040892668418857e-03 7.928850123158861021e-03 7.703344099271563182e-03 7.723947714674892287e-03 7.945611565507677138e-03 7.677968125160432658e-03 7.667397839773689230e-03 7.700713203581820328e-03 7.940935620752823804e-03 7.961507297665232352e-03 7.690449837031301285e-03 7.657281001039698866e-03 7.655446681830163289e-03 7.953077041916957121e-03 7.672949495485395857e-03 8.644508277160839818e-03 8.694007135573372097e-03 8.683426589318917616e-03 8.671501824303531544e-03 8.692777577088781765e-03 8.615206701110047008e-03 8.700245346669464516e-03 8.685018047422875601e-03 8.683792614111602789e-03 8.671669766504941021e-03 8.722784393719861321e-03 8.690063150590116373e-03 8.693357113064256389e-03 8.686245953354885044e-03 8.685114899536850244e-03 8.690611716401043518e-03 8.689359026329912875e-03 8.666851735370332058e-03 8.656331287453989179e-03 8.669616658695051409e-03 8.700362275643292592e-03 8.658062248941469224e-03 8.644092111059964098e-03 8.687852959664375124e-03 8.635350865004765702e-03 8.669258838557724126e-03 8.670780043784109478e-03 8.672359227694661013e-03 8.672424991070286360e-03 8.687323880389830749e-03 8.669563923959740237e-03 8.688571349336282959e-03 8.656205616769456837e-03 8.687930488267934723e-03 8.685028051418644535e-03 8.641509628179319669e-03 8.692169718199919265e-03 8.651601977812615682e-03 8.702161452532631084e-03 8.671099238784021890e-03 8.675968568452473509e-03 8.692150725768309216e-03 8.686630481409574403e-03 8.689902454693733402e-03 8.692791219324761537e-03 8.693909871208686455e-03 8.698056304563996435e-03 8.692023835754684319e-03 8.654636935881119403e-03 8.692097988993756005e-03 8.696999024544545612e-03 8.672178235801145108e-03 8.672216438814030204e-03 8.689455988784624066e-03 8.687910243033315771e-03 8.651768725168162283e-03 8.625411721699600617e-03 8.687249341997134791e-03 8.693503660231761618e-03 8.691425287877726016e-03 8.654532727641018122e-03 8.656700324180879869e-03 8.690771542189529297e-03 8.689670303262767362e-03 8.703341927241432796e-03 8.691745352798516816e-03 8.639853050011114463e-03 8.670424525417604750e-03 8.686278224620310601e-03 8.704579532304424980e-03 8.692813291546438656e-03 8.616745956010515850e-03 8.684260165897635109e-03 8.688143893271750573e-03 8.688142328835711525e-03 8.693880708233524962e-03 8.690358937823054047e-03 8.672325344718857451e-03 8.669559655941358814e-03 8.671518052722128334e-03 8.693934840695236033e-03 8.646060174991112429e-03 8.695701673664278999e-03 8.640679435531499822e-03 8.651225678734546232e-03 8.658517677132000767e-03 8.689641482195777783e-03 8.686599415022023402e-03 8.696038251633560895e-03 8.640367944048954821e-03 8.686741441561203828e-03 8.698003558160884857e-03 8.686723822054759694e-03 8.676141808008776268e-03 8.689752405684703085e-03 8.690405713246812311e-03
7.934532226961927767e-03 0.000000000000000000e+00 7.683207786681306960e-03 7.700893573869990044e-03 7.693514991764832840e-03 7.704802864581397973e-03 7.920590028692848367e-03 7.700101553946285537e-03 7.700379754731637681e-03 7.671731449596254533e-03 7.923545510379449361e-03 7.712297049996012441e-03 7.726293817365280890e-03 7.702387528871351870e-03 7.995403784469825789e-03 7.931016837537200118e-03 7.697511083935868435e-03 7.928267163011763069e-03 7.682827727571651943e-03 7.699906895208053804e-03 7.702948888301503795e-03 7.682186475884310826e-03 7.690859669935860669e-03 7.703294329547858907e-03 7.708172505366021714e-03 7.905012144207091904e-03 7.681772879140747953e-03 7.708947140683977337e-03 7.696801062182134084e-03 7.700215955078805810e-03 7.697046322980264851e-03 7.696806006793550578e-03 8.595664417280487329e-03 8.642194989306076908e-03 8.633424269325005659e-03 8.629277504248236350e-03 8.640809856217252644e-03 8.568011393214041566e-03 8.647250234137553518e-03 8.634820991262583817e-03 8.633548464692959029e-03 8.620746486078322002e-03 8.667689937360285868e-03 8.638802914885593612e-03 8.641612278332837585e-03 8.635914335723814811e-03 8.634136855260826290e-03 8.639947676718861755e-03 8.647709803182078089e-03 8.617301270179181932e-03 8.596487472308303457e-03 8.627755323641853741e-03 8.648824841373825914e-03 8.616426978182626858e-03 8.596341586088287676e-03 8.645135947163120477e-03 8.374104495568893483e-03 8.627107621415554609e-03 8.628524328276486119e-03 8.622445967339629688e-03 8.630213726888576534e-03 8.637009454418590609e-03 8.627333419441746143e-03 8.637630630608399140e-03 8.630928412809319231e-03 8.662850702407111358e-03 8.659621027404976884e-03 8.617579935358953697e-03 8.666769575940598547e-03 8.618683983307028063e-03 8.677011373567826077e-03 8.645264893670231293e-03 8.650173793694109284e-03 8.666681601328305590e-03 8.661228265561817311e-03 8.664501654045852000e-03 8.667302650367161160e-03 8.668822866327779986e-03 8.672613808189051296e-03 8.666725598056642527e-03 8.628423356361440005e-03 8.666757528717969339e-03 8.671896271086020069e-03 8.646237349896826116e-03 8.646636472490974376e-03 8.664072716429488744e-03 8.662474406871380206e-03 8.626443748842893208e-03 8.599930760175934774e-03 8.661837248704139236e-03 8.668453805694429151e-03 8.666057418591057229e-03 8.627504076606506977e-03 8.630901827986318248e-03 8.665436088913876581e-03 8.664476809494829623e-03 8.678526790843771321e-03 8.667000263767116880e-03 8.616164549167491804e-03 8.644171372450177443e-03 8.661137933609683662e-03 8.679872986188653244e-03 8.668023072703303841e-03 8.579640563813148435e-03 8.658995893210476996e-03 8.663246144227280607e-03 8.662917888319219412e-03 8.669040419632081940e-03 8.665368644580650689e-03 8.646532538172465102e-03 8.643436188519707658e-03 8.646170530658654069e-03 8.669002182836959419e-03 8.621806095348134857e-03 8.670876023388453605e-03 8.616387769561776808e-03 8.627904107708998446e-03 8.632269917553303876e-03 8.664891283603174885e-03 8.661384922462571009e-03 8.670523710644289367e-03 8.613872408983772044e-03 8.661873535839449689e-03 8.673118157617858495e-03 8.661435551212506509e-03 8.650378188570393909e-03 8.664461012921103461e-03 8.665183716050146173e-03
7.988944983288684409e-03 7.683207786681306960e-03 0.000000000000000000e+00 7.684234827653299918e-03 7.676576470876209611e-03 7.706058681594313980e-03 7.942593709554518835e-03 7.690194072470414241e-03 7.680941757351048352e-03 7.688905247118945317e-03 7.986941921472501607e-03 7.683058850117228770e-03 7.727744324242995233e-03 7.726464222033596098e-03 7.653057248660590818e-03 7.695067546804634437e-03 7.975118078628452498e-03 7.704937422813738258e-03 7.698918520615916604e-03 7.693003307687205049e-03 7.707002341923378623e-03 7.691621826858267667e-03 7.690427583892555513e-03 7.935307970023177185e-03 7.920303957252954052e-03 7.653655737551559417e-03 7.667334792217345152e-03 7.940902545491245607e-03 7.923908038126804138e-03 7.694545934991589911e-03 7.676958705600368284e-03 7.947642875507447344e-03 8.640321362114088133e-03 8.688710648794017305e-03 8.678562597688503633e-03 8.667149826469430079e-03 8.687906062419006176e-03 8.621721126283132114e-03 8.695367607057580273e-03 8.680440421679817137e-03 8.678946177978080073e-03 8.667059636275340970e-03 8.717461924752903726e-03 8.684759332493347320e-03 8.687997700493091738e-03 8.681012387293031082e-03 8.679883540438356609e-03 8.685315799797518888e-03 8.685206951305559503e-03 8.661921141557359094e-03 8.640856874707123284e-03 8.665039177477724605e-03 8.695115419119804623e-03 8.652715681760044311e-03 8.648271779058773132e-03 8.683272565167038728e-03 8.621494836240096646e-03 8.664607653693987346e-03 8.666123981293823511e-03 8.667074347493615785e-03 8.668037746167965921e-03 8.682072177224036541e-03 8.664920306884401138e-03 8.682982621317551775e-03 8.640641360901432991e-03 8.681351274561719192e-03 8.678148924196105174e-03 8.642708990622229026e-03 8.685203148164507420e-03 8.636557015202770901e-03 8.695521585509556964e-03 8.664039016555444631e-03 8.669337179551454484e-03 8.685249497804029689e-03 8.679742837061663746e-03 8.683064716326594282e-03 8.685450560806043038e-03 8.687627546952625401e-03 8.691089191242565987e-03 8.685474528943549002e-03 8.647735619689473491e-03 8.685534538350126593e-03 8.690683694858623159e-03 8.665381294917666455e-03 8.665622474334179134e-03 8.682296582204186708e-03 8.681069598942431700e-03 8.635857894402170637e-03 8.619259761725582558e-03 8.680668266947771938e-03 8.687203928547430898e-03 8.684436486896538951e-03 8.647724880934929900e-03 8.650312507789319552e-03 8.683845491506976544e-03 8.683134061258444836e-03 8.697666543586377030e-03 8.686125052635908922e-03 8.634194417504363964e-03 8.664123493027335240e-03 8.680068420307596871e-03 8.698935155680384904e-03 8.687162094368277090e-03 8.594579291025078796e-03 8.677960796825116493e-03 8.682425893507265263e-03 8.681870826678443967e-03 8.688196356800660658e-03 8.684601787806077444e-03 8.666075479899146977e-03 8.663300839694659805e-03 8.665228292976596622e-03 8.688210315632965974e-03 8.640492826305766483e-03 8.690051474910419002e-03 8.635121337576812800e-03 8.646234448970805883e-03 8.652801847439144795e-03 8.683995819096722649e-03 8.680302181681386064e-03 8.689543193864454965e-03 8.633932662146848180e-03 8.681027058285009645e-03 8.692333745345828463e-03 8.680471206660834646e-03 8.669585744016428813e-03 8.683383673114920820e-03 8.684165903960597982e-03
7.947141592371372021e-03 7.700893573869990044e-03 7.684234827653299918e-03 0.000000000000000000e+00 7.692167830657053312e-03 7.705066533652158919e-03 7.704458501917622881e-03 7.924723641027040313e-03 7.698011254090716612e-03 7.696541244039094808e-03 7.710971187335796673e-03 7.704595839116310137e-03 7.712571935851102872e-03 7.727775414527775916e-03 7.663665609675940002e-03 7.716637262152100524e-03 7.688391529891322809e-03 7.695817728649144256e-03 7.685840262479082946e-03 7.692284833628603401e-03 7.702285462712265759e-03 7.686132548948849084e-03 7.706152569732808641e-03 7.698518313379890295e-03 7.688769980375522763e-03 7.690739459655443304e-03 7.675399666693340575e-03 7.708153483930617507e-03 7.915405155197095116e-03 7.961714121997833654e-03 7.674166868204181785e-03 7.700947715219873431e-03 8.621238851696475317e-03 8.668424450019638836e-03 8.658042552985949908e-03 8.645769781585776331e-03 8.667291884982936470e-03 8.591820895037056635e-03 8.675160109076740164e-03 8.659929798313566532e-03 8.658411588039854195e-03 8.645488944770391912e-03 8.697620548222135747e-03 8.664556197364904275e-03 8.667867810107570542e-03 8.660795274656721623e-03 8.659607226660774940e-03 8.665025802816191808e-03 8.664548088325547612e-03 8.641337417438142016e-03 8.622256804003582478e-03 8.644320975143155936e-03 8.675149741315927102e-03 8.632478892229011880e-03 8.621026172387828354e-03 8.662769866476034003e-03 8.602762734937402511e-03 8.643446878643363737e-03 8.644703692293937564e-03 8.646826513610714540e-03 8.647271626005552728e-03 8.661790263141757457e-03 8.643550946867480100e-03 8.662983039604331068e-03 8.608134653531206507e-03 8.646605850622067491e-03 8.635429788488725722e-03 8.594016309269050802e-03 8.642254022935107194e-03 8.398684458548470039e-03 8.660709673997173119e-03 8.622453185227287042e-03 8.634547495350976612e-03 8.642443497381314607e-03 8.636697597525990963e-03 8.640336654460822538e-03 8.642337565199184266e-03 8.652525995908355236e-03 8.647751914537109633e-03 8.642354400272670573e-03 8.605866143350583350e-03 8.642859095469300132e-03 8.655511569310525219e-03 8.623853852725233207e-03 8.623064314551991821e-03 8.640289502082393672e-03 8.638845815095080871e-03 8.602253231648948964e-03 8.577511640054165387e-03 8.637561402433432262e-03 8.651908442251365558e-03 8.641530876691326871e-03 8.605807252280637393e-03 8.607483781597063954e-03 8.640639058786297316e-03 8.648283277020371584e-03 8.678736642671403337e-03 8.667361579088218512e-03 8.616346611885818477e-03 8.645212398597388812e-03 8.661333346685458345e-03 8.680143201796119284e-03 8.668310100172185034e-03 8.576693085496123886e-03 8.659184627955309604e-03 8.663515481593143941e-03 8.663098599763694591e-03 8.669354738017652842e-03 8.665669895504690343e-03 8.647066660146097636e-03 8.644411347668169709e-03 8.645654042135453993e-03 8.669303657781932820e-03 8.623065610156615407e-03 8.671243789870556468e-03 8.617802236797370702e-03 8.628269762518665439e-03 8.633530403778384363e-03 8.665213687007995366e-03 8.661544967976600104e-03 8.670614705913268910e-03 8.613016583522883907e-03 8.662182952643872683e-03 8.673440314493682107e-03 8.661582210143757565e-03 8.649532785622778344e-03 8.664654571092016491e-03 8.665340975372408383e-03
7.696771676262221390e-03 7.693514991764832840e-03 7.676576470876209611e-03 7.692167830657053312e-03 0.000000000000000000e+00 7.702902377760187901e-03 7.693863958434570861e-03 7.696706795685254870e-03 7.681826702847041090e-03 7.945628654347600128e-03 7.941205933879735487e-03 7.694511055977047015e-03 7.714853222950702853e-03 7.703699175435846022e-03 7.646093657628106992e-03 7.939413440852804982e-03 7.684498953615367771e-03 7.675902425719765935e-03 7.692588743317852785e-03 7.691057944486652358e-03 7.923503298204568820e-03 7.945587601165548380e-03 7.685357312660566140e-03 7.687851157313309834e-03 7.912027663521618154e-03 7.687231063363609597e-03 7.689451060342934567e-03 7.941639008905819128e-03 7.685359323552110565e-03 7.958637756236466854e-03 7.661725069831399650e-03 7.689670098084040901e-03 8.639340847344792115e-03 8.688445444738889314e-03 8.677990189980253760e-03 8.666655102344308914e-03 8.687292668557545366e-03 8.611849286444740736e-03 8.695091208654047443e-03 8.679872844214536753e-03 8.678360668446995219e-03 8.666575345152239401e-03 8.717178790197017968e-03 8.684486652439720247e-03 8.687742821108334138e-03 8.680736809540760476e-03 8.679315747663361724e-03 8.685041468258923938e-03 8.684579602374198695e-03 8.661379772889049936e-03 8.640799788022433120e-03 8.664443066331234747e-03 8.694830398756892703e-03 8.652472940915329619e-03 8.647843325486508081e-03 8.682679816935384362e-03 8.621516495852868389e-03 8.664105912327477524e-03 8.665627305082709494e-03 8.666826866273368013e-03 8.667504678725060016e-03 8.681806100716966262e-03 8.664417814604457452e-03 8.682717096695682230e-03 8.651841616354476530e-03 8.684171692215574001e-03 8.680956842646548113e-03 8.645412720610307425e-03 8.687824020354116203e-03 8.639225101051615369e-03 8.697782553214324433e-03 8.666495407411926866e-03 8.671880211090951876e-03 8.687513804862904629e-03 8.682605076608481201e-03 8.685535514789552436e-03 8.688439405485534964e-03 8.689871294076311967e-03 8.693364876647994080e-03 8.688016127241442871e-03 8.650490788681314963e-03 8.688056813764149372e-03 8.692996081542288256e-03 8.667809016804842517e-03 8.668115968819343001e-03 8.685113731418017680e-03 8.683592387564775805e-03 8.647690947983987728e-03 8.629460030400378651e-03 8.683171895333964899e-03 8.689819589589817608e-03 8.687444802485615181e-03 8.650380230151480387e-03 8.652199090193286174e-03 8.686771871960674921e-03 8.685590418484295805e-03 8.697790964520791743e-03 8.686224701175278631e-03 8.634182180225834918e-03 8.664234372008184498e-03 8.680187423971582467e-03 8.699039456659675776e-03 8.687275734100918453e-03 8.594959303945761894e-03 8.678084833454434779e-03 8.682543986129730856e-03 8.681998567180526302e-03 8.688308927635689238e-03 8.684710429085158029e-03 8.666210547326266486e-03 8.663424384663486258e-03 8.665412694989563236e-03 8.688326355621955183e-03 8.640213333132360993e-03 8.690150243040222280e-03 8.634784319261790131e-03 8.646229001183620977e-03 8.652916617203800301e-03 8.684096214740111633e-03 8.680425203813967733e-03 8.689682795091765652e-03 8.634268163378464034e-03 8.681135665776240976e-03 8.692446784189497566e-03 8.680603503946244387e-03 8.669822587000613687e-03 8.683512102735761740e-03 8.684293747398798280e-03
7.972679607780697175e-03 7.704802864581397973e-03 7.706058681594313980e-03 7.705066533652158919e-03 7.702902377760187901e-03 0.000000000000000000e+00 7.688440810305451588e-03 7.695107610381045696e-03 7.706781126014290370e-03 7.969239894798852558e-03 7.692402577507445605e-03 7.947682856449865205e-03 7.694728524889942779e-03 7.966721026884449053e-03 7.664414673050066670e-03 7.715072130820100314e-03 7.697216123312079078e-03 7.955591858755040741e-03 7.939591145623359908e-03 7.934394034433030207e-03 7.710637899774342927e-03 7.943160475437284485e-03 7.946459836839539839e-03 7.957023826942473399e-03 7.727487477343021778e-03 7.703279053718199536e-03 7.699428808805479536e-03 7.712895414848827159e-03 7.709660138477540323e-03 7.685608017767059548e-03 7.941628003167680583e-03 7.712844408689768609e-03 8.608785246578095490e-03 8.637153828861312763e-03 8.628450751073777139e-03 8.626871007879673842e-03 8.635641705965207623e-03 8.573368272869147030e-03 8.656362143746291690e-03 8.639284246548608465e-03 8.629036749821647131e-03 8.627040004064369383e-03 8.680604535926806156e-03 8.633227759967514528e-03 8.635587505576356945e-03 8.631773221204851881e-03 8.629579285297027391e-03 8.633148866571913396e-03 8.645151092393459427e-03 8.612817904019930138e-03 8.353741241766266326e-03 8.615091596105755103e-03 8.656438501131243080e-03 8.603978770740915508e-03 8.599547604436433984e-03 8.633498739062168970e-03 8.572924745334995975e-03 8.614283660148743318e-03 8.616154789153139537e-03 8.618736273005368417e-03 8.627335162592451520e-03 8.632060452402130074e-03 8.615129838244792171e-03 8.632848616862155364e-03 8.620846004327133855e-03 8.660957694213076291e-03 8.657724349571996672e-03 8.615404834794218245e-03 8.664831791766566815e-03 8.616723303541608259e-03 8.675480294311038384e-03 8.643512677640945857e-03 8.647798709714655044e-03 8.665119324152282046e-03 8.659319544887073353e-03 8.662953895167385676e-03 8.665297806905954137e-03 8.667289369851864309e-03 8.671059682578995120e-03 8.665156970367822800e-03 8.626084900456342311e-03 8.665170894837858143e-03 8.670273350686768729e-03 8.644089071839543628e-03 8.645038542607291418e-03 8.662201066551104486e-03 8.660892765981824740e-03 8.616014016350070567e-03 8.597867096447940269e-03 8.660246069467100391e-03 8.666815289318707469e-03 8.663988979002760007e-03 8.625782159199039609e-03 8.629631556177184623e-03 8.663484402437957033e-03 8.662952463090692334e-03 8.679008936613804084e-03 8.668018776008068124e-03 8.615156080668163671e-03 8.644769497577763778e-03 8.661894918873471946e-03 8.680768239812378453e-03 8.668708913926266926e-03 8.575010841956423949e-03 8.659714328191328928e-03 8.663920962031709805e-03 8.663357167870144870e-03 8.669701403321565525e-03 8.666467935995446695e-03 8.646664638790140661e-03 8.644003219412874084e-03 8.646843299720846643e-03 8.669744185347374663e-03 8.630854438411703078e-03 8.672018206048853414e-03 8.626323940661720369e-03 8.627365284340564669e-03 8.632060322981881251e-03 8.665857673193552019e-03 8.662112275850184298e-03 8.671075686635073762e-03 8.613651460692657580e-03 8.662822445637508376e-03 8.673891916882600639e-03 8.661935099017446099e-03 8.650444178360649355e-03 8.664868404857967513e-03 8.665708774171226522e-03
7.670736935593736212e-03 7.920590028692848367e-03 7.942593709554518835e-03 7.704458501917622881e-03 7.693863958434570861e-03 7.688440810305451588e-03 0.000000000000000000e+00 7.677126388135504034e-03 7.691238025584580008e-03 7.939238874864125092e-03 7.646794312328040327e-03 7.691333708073269139e-03 7.713530055530983150e-03 7.952037555303482358e-03 8.003903611659986261e-03 7.698646355130623654e-03 7.684368372268457828e-03 7.671540327351077798e-03 7.684116174627243605e-03 7.679845391714158753e-03 7.683533179078791929e-03 7.681849733134655557e-03 7.909040453229806977e-03 7.669313921706184117e-03 7.700081724111671778e-03 7.688938922485280200e-03 7.694473199237968422e-03 7.682088692452248430e-03 7.674508218281494466e-03 7.683760738256988077e-03 7.698340877936165304e-03 7.698321509635907417e-03 8.648390695285137347e-03 8.688500402155666449e-03 8.678324340686280683e-03 8.666666847616645228e-03 8.687352490839640382e-03 8.612466935334066320e-03 8.695605022670584508e-03 8.680252360542565701e-03 8.678725864266278317e-03 8.666588480704798259e-03 8.718288649754190808e-03 8.684879028316447661e-03 8.688165616904570260e-03 8.681114798713763722e-03 8.679991310453390174e-03 8.685079121610591452e-03 8.684681120118222311e-03 8.661823215237219459e-03 8.641169453061533362e-03 8.664566623565213635e-03 8.695638016577982368e-03 8.652959885846885427e-03 8.639876566316737755e-03 8.682813857474071945e-03 8.630339773867063205e-03 8.664093501446869586e-03 8.665635471927515820e-03 8.667266334097553301e-03 8.667386728759600423e-03 8.681883206180678048e-03 8.664407358039319385e-03 8.683391979534689845e-03 8.640515915461392110e-03 8.680553729113268599e-03 8.677401924123886306e-03 8.634961258220191782e-03 8.684441145626855402e-03 8.636914172167815471e-03 8.694967076868063624e-03 8.663858968128650140e-03 8.668569844681161055e-03 8.684709967828347504e-03 8.678981796143077354e-03 8.682527598003322855e-03 8.684964426780484095e-03 8.686793320648868513e-03 8.690570487979644432e-03 8.684678667347012215e-03 8.647141568213822030e-03 8.684743132659041714e-03 8.689824418097711473e-03 8.664668268698882958e-03 8.664944842499269079e-03 8.681783801783960614e-03 8.680525574827123100e-03 8.635759881010722505e-03 8.618236789897794348e-03 8.679902411083871561e-03 8.686357862003456914e-03 8.683662412467601718e-03 8.647052910414745885e-03 8.649786303681777228e-03 8.683084498887383429e-03 8.682556553258813023e-03 8.699310431662009985e-03 8.688448998504835763e-03 8.637472944251699605e-03 8.667022334683445808e-03 8.682851845168140445e-03 8.701006830825497654e-03 8.689150995684624679e-03 8.611817681010918574e-03 8.680882264926317871e-03 8.684461793548654829e-03 8.684422564041416673e-03 8.690223785943237966e-03 8.686943260428224914e-03 8.668507113639324288e-03 8.666143848724701046e-03 8.668042563166156872e-03 8.690244903225105566e-03 8.651318028034765337e-03 8.692437968264264680e-03 8.646916485206532221e-03 8.648671785955455368e-03 8.654740555091760060e-03 8.686238602985788676e-03 8.683218197150946102e-03 8.692290512986228235e-03 8.636030269009137283e-03 8.683393923463697192e-03 8.694337510673262256e-03 8.682903121051126216e-03 8.671883238005049718e-03 8.686074940890664217e-03 8.686620670768911701e-03
7.677848653827279782e-03 7.700101553946285537e-03 7.690194072470414241e-03 7.924723641027040313e-03 7.696706795685254870e-03 7.695107610381045696e-03 7.677126388135504034e-03 0.000000000000000000e+00 7.672692115111056158e-03 7.942372361352883006e-03 7.687528491296461743e-03 7.683411769002154723e-03 7.943197368582902845e-03 7.734273986561437421e-03 8.025238673374611789e-03 7.709348073846744240e-03 7.932308585005249865e-03 7.673701500724624744e-03 7.679037486086937730e-03 7.907608331648151648e-03 7.687600864675400887e-03 7.685644897515479627e-03 7.661579313282739986e-03 7.912079985219776235e-03 7.703400175313636009e-03 7.688079217936996147e-03 7.931448636986901390e-03 7.685963067965544300e-03 7.677815978212567533e-03 7.666445942702796064e-03 7.691797965476953811e-03 7.701764528945089817e-03 8.638778367805187083e-03 8.686646946448073683e-03 8.676292016589079448e-03 8.664900086884183561e-03 8.685478495752777320e-03 8.610115672070386972e-03 8.693340396896353378e-03 8.678188163886118092e-03 8.676655553449846847e-03 8.664761329038464868e-03 8.715840879962672913e-03 8.682767808964743372e-03 8.686009807110742567e-03 8.679060453980584622e-03 8.677903001965090249e-03 8.683282455546106546e-03 8.682854904360227596e-03 8.659798699539658640e-03 8.639167594945073789e-03 8.662786172796877945e-03 8.693468365805244805e-03 8.651206069637229837e-03 8.637859596294976405e-03 8.680967670273152456e-03 8.620625547735896385e-03 8.662307576160283712e-03 8.663838084734393208e-03 8.665261955539011254e-03 8.665852633771191707e-03 8.680086199860690549e-03 8.662636597089953469e-03 8.681292456003802602e-03 8.640417447025075873e-03 8.680490352223934822e-03 8.677605011509516991e-03 8.634886981402172673e-03 8.684673541934145521e-03 8.644481201026503470e-03 8.694953621676935682e-03 8.664010690377876162e-03 8.668461962639916266e-03 8.684960401603252639e-03 8.679197378720608300e-03 8.682761188436602037e-03 8.685211350620588092e-03 8.686762257883094002e-03 8.690849983013594626e-03 8.684909362259306959e-03 8.647250733208008619e-03 8.684956404346856965e-03 8.689791183457484108e-03 8.664794753453806259e-03 8.665141799758076940e-03 8.681992507573267626e-03 8.680736010002848904e-03 8.635681229209815277e-03 8.618111366756497915e-03 8.680123686876151101e-03 8.686315855099453059e-03 8.683879364081477023e-03 8.647114725773863766e-03 8.649982016853642250e-03 8.683311482456206043e-03 8.682520933992748588e-03 8.699233122286842770e-03 8.688012402098550802e-03 8.645256743202614502e-03 8.666232320571801151e-03 8.682421767828541262e-03 8.700560395257520702e-03 8.689031384430766572e-03 8.611237321253396165e-03 8.680423719371655605e-03 8.684255731639124384e-03 8.684266143762905607e-03 8.690105839763383883e-03 8.685948200292163690e-03 8.668039343638439531e-03 8.665650042182304960e-03 8.667596961214718565e-03 8.689815218824491552e-03 8.643341650346752711e-03 8.691648680256050877e-03 8.638102712282200168e-03 8.655375217203099131e-03 8.654169692265407943e-03 8.685806779666073799e-03 8.682761052310460428e-03 8.691488543188035168e-03 8.635825719971802414e-03 8.682943447966084624e-03 8.693904122455024114e-03 8.682463563194105574e-03 8.671472429803516943e-03 8.685935164423765065e-03 8.686200528408422744e-03
7.694561105362000310e-03 7.700379754731637681e-03 7.680941757351048352e-03 7.698011254090716612e-03 7.681826702847041090e-03 7.706781126014290370e-03 7.691238025584580008e-03 7.672692115111056158e-03 0.000000000000000000e+00 7.683109518884810585e-03 7.683417440525325964e-03 7.660858222362104848e-03 7.912712252128389911e-03 7.724292065908296839e-03 7.682377760980911748e-03 7.720279826517310352e-03 7.941111427935193187e-03 7.693912339123015927e-03 7.695762841537850778e-03 7.670204121198696823e-03 7.922461152219097136e-03 7.682229109318539084e-03 7.683299615604613497e-03 7.682920712502735831e-03 7.690590932371926813e-03 7.677942163447936709e-03 7.682757886638653250e-03 7.696221189921457519e-03 7.691446110808428625e-03 7.669084071533878270e-03 7.684716250531306060e-03 7.702793681820123244e-03 8.637670569480440305e-03 8.685101508282104532e-03 8.674786109089937039e-03 8.663331329612833365e-03 8.683994978140504792e-03 8.609828255518030271e-03 8.691763175587136764e-03 8.676632813713239245e-03 8.675157276269489237e-03 8.663212263160614823e-03 8.714217506472589359e-03 8.681237660343038565e-03 8.684489445478183953e-03 8.677503306114298445e-03 8.676361816669317731e-03 8.681725030426254777e-03 8.681283904383165287e-03 8.658250383499422470e-03 8.638784667544315010e-03 8.661249306553549243e-03 8.691821022272188182e-03 8.649529398817501144e-03 8.637338694021685220e-03 8.679444310088104200e-03 8.619476934828300754e-03 8.660805429549004592e-03 8.662338986628019197e-03 8.663660163525002678e-03 8.664213624903469718e-03 8.678507875883766792e-03 8.661119942275391503e-03 8.679707899158580972e-03 8.639926543969778105e-03 8.679184505687513942e-03 8.676038315460052677e-03 8.633796652696933832e-03 8.682809351995527877e-03 8.635758948980673880e-03 8.693255972073390958e-03 8.662009627746164106e-03 8.666877858922466052e-03 8.683038215814918581e-03 8.677658120034840994e-03 8.681104707996207051e-03 8.683680630647859500e-03 8.685112149012373661e-03 8.688885063096467645e-03 8.683327684009181993e-03 8.645704475995982796e-03 8.683359353925907548e-03 8.688146996311022288e-03 8.662987109816635417e-03 8.663523910330456212e-03 8.680427332743215901e-03 8.679124545730087723e-03 8.635529573053399299e-03 8.625184605870243881e-03 8.678506247691382056e-03 8.685014675886063712e-03 8.682377671259211213e-03 8.645563563308495542e-03 8.647945002480556323e-03 8.681801494945169326e-03 8.681109684064774665e-03 8.696477710223256274e-03 8.685282696598342275e-03 8.641358568687038458e-03 8.663095114398040517e-03 8.679268372540748649e-03 8.697829191115133071e-03 8.686271759630870976e-03 8.596054852908301819e-03 8.677212185815009332e-03 8.681465172505406849e-03 8.681058895115490587e-03 8.687322475666794941e-03 8.683205377615514642e-03 8.664932416049436412e-03 8.662512778837448343e-03 8.664445510135510009e-03 8.687046814096623798e-03 8.640664360147863945e-03 8.688940186986999700e-03 8.635419180005562620e-03 8.652121379488321440e-03 8.651503859717845149e-03 8.683063017017805113e-03 8.679548402921725969e-03 8.688209727428638715e-03 8.632752536444016425e-03 8.680158368095250779e-03 8.691171930322177941e-03 8.679317480541296620e-03 8.668212481159424596e-03 8.682651955131921034e-03 8.683053354708234611e-03
7.679427824551833884e-03 7.671731449596254533e-03 7.688905247118945317e-03 7.696541244039094808e-03 7.945628654347600128e-03 7.969239894798852558e-03 7.939238874864125092e-03 7.942372361352883006e-03 7.683109518884810585e-03 0.000000000000000000e+00 7.944801646691861119e-03 7.692695831714216857e-03 7.673991636803162951e-03 7.694331955249229110e-03 8.038088469873637051e-03 7.967588848672157997e-03 7.683500550579203982e-03 7.671960047557534537e-03 7.646784580522553859e-03 7.937881045509445968e-03 7.968830350898490483e-03 7.671838953524722990e-03 7.934234390328056413e-03 7.945855254058090469e-03 7.699574178453288432e-03 7.693339367490670266e-03 7.701200991817949877e-03 7.667449286680807358e-03 7.681771579047830950e-03 7.687823208192905503e-03 7.971606574665512229e-03 7.704912075063781104e-03 8.642301906426244629e-03 8.692553139472321277e-03 8.682070880167987170e-03 8.670447358530997822e-03 8.691351338047466693e-03 8.615013017860030653e-03 8.698668582558289480e-03 8.683637924494658905e-03 8.682417626205037042e-03 8.670276727507570877e-03 8.721125936007585386e-03 8.688607382724658490e-03 8.691867366352861932e-03 8.684841612028329494e-03 8.683738608736790016e-03 8.689217467451800306e-03 8.688319960204202511e-03 8.665496610568031860e-03 8.654825666117452534e-03 8.668570408933328614e-03 8.698901749104415854e-03 8.657006103366981717e-03 8.641981795933461469e-03 8.686781063539192327e-03 8.624635661389275232e-03 8.668214372258172679e-03 8.669730646262122434e-03 8.670965098110451283e-03 8.671389785835544040e-03 8.685951324099473736e-03 8.668508446574097262e-03 8.687159948878461768e-03 8.656089942323587708e-03 8.687987864740650060e-03 8.684736140570864169e-03 8.641040817374897806e-03 8.691549905741792134e-03 8.642259166138371515e-03 8.701890973582041694e-03 8.670785316787383082e-03 8.675671755271500973e-03 8.691553561374625037e-03 8.686358757195977720e-03 8.689608962778540627e-03 8.692529997208731443e-03 8.693655410831495345e-03 8.697421785551580700e-03 8.691766678415804512e-03 8.654333242249128907e-03 8.691824335748382993e-03 8.696729387019161775e-03 8.671610699591120880e-03 8.671913891409832945e-03 8.689199562843521671e-03 8.687658421088612776e-03 8.651971615958351652e-03 8.634135758087004009e-03 8.686950949695196322e-03 8.693597968562912989e-03 8.691168945347434865e-03 8.654159295888466316e-03 8.656030401312830511e-03 8.690528241287520661e-03 8.689705521829630547e-03 8.702613040076185094e-03 8.690891246138306853e-03 8.637333572221170264e-03 8.669542132609420540e-03 8.685407450474502342e-03 8.703800170750583196e-03 8.691996467525279352e-03 8.614651291945900694e-03 8.683366874469366364e-03 8.687337507814561072e-03 8.687291974933742875e-03 8.693055886313538067e-03 8.689612776310138773e-03 8.671523953089002243e-03 8.668638309210260906e-03 8.670625051595794858e-03 8.693168085260787395e-03 8.644303841246146411e-03 8.694893876844909594e-03 8.638800338911992518e-03 8.649029262106892532e-03 8.657720438063804674e-03 8.688814828992977995e-03 8.685708758620167003e-03 8.695275685705399285e-03 8.639581784811825246e-03 8.685891087518734718e-03 8.697236322626840724e-03 8.685948196715703382e-03 8.675405141799721886e-03 8.688877728018557997e-03 8.689621183041564348e-03
7.647967789425389080e-03 7.923545510379449361e-03 7.986941921472501607e-03 7.710971187335796673e-03 7.941205933879735487e-03 7.692402577507445605e-03 7.646794312328040327e-03 7.687528491296461743e-03 7.683417440525325964e-03 7.944801646691861119e-03 0.000000000000000000e+00 7.690496203514787278e-03 7.708466263726485718e-03 7.968485237484097469e-03 8.044542815674257316e-03 7.950305982367952135e-03 7.695070767310342903e-03 7.945817571592315998e-03 7.688298037548044195e-03 7.687825560895974325e-03 7.947545875629243028e-03 7.659103830067981802e-03 7.691948174618930094e-03 7.677720289766917783e-03 7.688218145177829095e-03 7.938781961327787129e-03 7.699085914370008138e-03 7.679161150179320688e-03 7.667369359668354395e-03 7.652419840732426967e-03 7.976232303999424358e-03 7.684088018084085821e-03 8.654656357660469104e-03 8.694631731153416865e-03 8.684442556350977990e-03 8.672931698084062821e-03 8.693414172738384363e-03 8.617438149667908109e-03 8.701788456660289675e-03 8.686417869112667348e-03 8.684837589534814134e-03 8.672835295396934610e-03 8.724525068563762642e-03 8.691020818943030399e-03 8.694291673379725069e-03 8.687288643269570898e-03 8.686152369067109275e-03 8.691219307797011864e-03 8.690858112882731898e-03 8.667964406162952454e-03 8.646266722515134201e-03 8.670700726185609844e-03 8.701902079262420486e-03 8.659221957219154567e-03 8.644906560789776540e-03 8.688937877269651763e-03 8.636130437011375546e-03 8.670294860320379438e-03 8.671845171150788928e-03 8.673459773815847887e-03 8.673597350539947667e-03 8.688052434418145481e-03 8.670606144047918531e-03 8.689603055266715420e-03 8.657022138517316001e-03 8.689383618381412225e-03 8.686160824575560671e-03 8.642356463099879968e-03 8.692983203557918398e-03 8.644294330089180231e-03 8.703315927622875744e-03 8.672323140581006048e-03 8.677118522892626057e-03 8.693006482467648816e-03 8.687782534353588951e-03 8.691045730882774115e-03 8.693941905559077546e-03 8.695075412756306590e-03 8.698868969677102728e-03 8.693197307399778972e-03 8.655863002878344883e-03 8.693250369820649387e-03 8.698149248525202659e-03 8.673081737285563350e-03 8.673421498862136231e-03 8.690615924084720695e-03 8.689093924875851416e-03 8.652870953088502223e-03 8.635057146505706674e-03 8.688391656637059132e-03 8.694999562456317763e-03 8.692582452747486116e-03 8.655696002226339822e-03 8.657678570335823956e-03 8.691942023697191155e-03 8.691123184670412893e-03 8.705687899830439475e-03 8.694779450822597705e-03 8.642594123658612834e-03 8.673436878357771579e-03 8.689223630014774116e-03 8.707373169846301109e-03 8.695484565557937140e-03 8.619131283958518519e-03 8.687255211744184316e-03 8.690819932823121499e-03 8.690790357061595889e-03 8.696553992821190807e-03 8.693396420843858829e-03 8.674942793207291239e-03 8.672512788097639508e-03 8.674464584668268446e-03 8.696637023220559273e-03 8.657720639230464393e-03 8.698822327279656652e-03 8.653323079506721610e-03 8.653914635094099236e-03 8.661153742042921461e-03 8.692587518571881500e-03 8.689591286130098763e-03 8.698778890262777452e-03 8.642627541467159252e-03 8.689742650629363185e-03 8.700721290754975454e-03 8.689339974245442050e-03 8.678434521362079004e-03 8.692433395500720125e-03 8.693045090882992043e-03
7.690997630411481462e-03 7.712297049996012441e-03 7.683058850117228770e-03 7.704595839116310137e-03 7.694511055977047015e-03 7.947682856449865205e-03 7.691333708073269139e-03 7.683411769002154723e-03 7.660858222362104848e-03 7.692695831714216857e-03 7.690496203514787278e-03 0.000000000000000000e+00 7.937820346805776750e-03 7.950641362420692027e-03 7.690958306918532598e-03 7.711354606670154342e-03 7.979057803802260332e-03 7.688690838132251730e-03 7.947566200840232992e-03 7.668234553051656889e-03 7.941580440520141365e-03 7.675157034809166126e-03 7.672571092566261505e-03 7.671085939676175643e-03 7.699480413678185323e-03 7.674621860574271093e-03 7.674218993851403964e-03 7.709880117356106288e-03 7.700764161765549440e-03 7.652158054996949753e-03 7.676564873397451888e-03 7.933731893324160594e-03 8.651567257527749757e-03 8.691907334826092651e-03 8.682007563189219485e-03 8.670284568517937912e-03 8.691097895687983910e-03 8.624895276850222045e-03 8.698511555008940632e-03 8.683607237758484212e-03 8.682410179436113318e-03 8.669948369329220222e-03 8.721031028569782573e-03 8.688297091381766077e-03 8.691578758234647095e-03 8.684483787062770646e-03 8.683644121216622588e-03 8.688546596069490757e-03 8.688316732655220961e-03 8.665477409293896940e-03 8.653693972270554494e-03 8.668558239732112453e-03 8.698588215176002170e-03 8.656596637607092901e-03 8.643717335697988918e-03 8.686721065269921091e-03 8.626263991007484741e-03 8.668071404786242135e-03 8.669615391914017172e-03 8.670610570752133525e-03 8.670971253465378434e-03 8.685276811298131561e-03 8.668355300919972084e-03 8.686761868152157243e-03 8.643888705674318204e-03 8.684094263714766879e-03 8.680929415391454296e-03 8.638220826615104764e-03 8.687665784345793840e-03 8.640218402358727789e-03 8.698206628185285033e-03 8.666962335641882620e-03 8.671852372753422605e-03 8.687977193896783551e-03 8.682542893437967396e-03 8.686058187098798233e-03 8.688578055453361274e-03 8.690043829488451610e-03 8.693807183208472275e-03 8.688246546929154907e-03 8.650727724004077593e-03 8.688279258518050857e-03 8.693063913714157293e-03 8.667955032284273970e-03 8.668503780945666787e-03 8.685341000054486865e-03 8.684078986404228720e-03 8.639470206982991299e-03 8.630669505965108887e-03 8.683438048502089418e-03 8.689949129420320578e-03 8.687239410837878720e-03 8.650603923874797610e-03 8.653017573599822848e-03 8.686674893685360221e-03 8.686093933205281045e-03 8.702582684506472710e-03 8.691927056873298071e-03 8.648406293230860575e-03 8.669751008221151037e-03 8.685810807402147282e-03 8.704267835196760617e-03 8.692643459521171012e-03 8.601917414972319251e-03 8.683795183619806221e-03 8.687837391133207757e-03 8.687380506304090422e-03 8.693696852686684171e-03 8.689817239692714315e-03 8.671270353417252080e-03 8.669126761982016635e-03 8.670997252181454271e-03 8.693423907052555064e-03 8.654119221537468973e-03 8.695632101175366710e-03 8.649682622156030370e-03 8.659055867906868473e-03 8.657970879666358061e-03 8.689635348629815362e-03 8.686126138814382475e-03 8.694558789460876680e-03 8.638827760860024255e-03 8.686775298689511371e-03 8.697562523211204225e-03 8.685599889326734227e-03 8.674237862784938552e-03 8.688996490920624510e-03 8.689352621080292244e-03
