0.000000000000000000e+00 1.753921217351427433e-02 2.097931122099169765e-02 1.687792002922042234e-02 1.903595391587389191e-02 1.820055729136844241e-02 2.465532451951068724e-02 1.653619688386605627e-02 1.615369740326694920e-02 1.772231484105645655e-02 1.584063369317866357e-02 2.031635165282262567e-02 1.700951925650454055e-02 1.957819787872740191e-02 1.663240322225323364e-02 1.797855794919067662e-02 1.800491207274312541e-02 1.802564576195280627e-02 1.764372559158891227e-02 1.592902919622458252e-02 1.519750070426999049e-02 2.059952458166898481e-02 1.625879840619772962e-02 1.745873282771251422e-02 1.456353195213075900e-02 1.976223994609567144e-02 1.699539564167770397e-02 1.434188230654325630e-02 2.120987038003487035e-02 2.075829798517083227e-02 1.736548388627085632e-02 1.741162750566561598e-02 2.470747161484397256e-02 1.809114441912820087e-02 1.745068202493012602e-02 1.845978851483865563e-02 1.630728681361926988e-02 2.413304909194453202e-02 2.327771484607607522e-02 2.052686366050326255e-02 1.774882782162804512e-02 1.659794726033889112e-02 1.662223808216969911e-02 2.093855504063546480e-02 1.261589988653066471e-02 1.754856633491481618e-02 2.087519722522903146e-02 1.793292332935966446e-02 1.855006770383730089e-02 1.708811500121789825e-02 1.728042890226147432e-02 1.669364262368224980e-02 2.063854306458318827e-02 1.449953076853440284e-02 1.864760690482656497e-02 1.645463176575652497e-02 1.533607202875150732e-02 2.146805239269325427e-02 1.838857155227409737e-02 2.138217836363936336e-02 1.547885452263172285e-02 1.750107846357313451e-02 2.312547267495769845e-02 2.080444219937444342e-02 1.638055098762634595e-02 1.670056596234047175e-02 1.903702733382164197e-02 1.772344532225106697e-02 1.935477582437960739e-02 1.585875580228357160e-02 1.745976731104102730e-02 1.731372513028735238e-02 2.243009544837463662e-02 1.870562053610381678e-02 2.161884216320889007e-02 1.810189521381557962e-02 1.819994779307688645e-02 1.895839563191438829e-02 2.242377391342821602e-02 1.927610463793952636e-02 1.779269083854764441e-02 1.872618673326070446e-02 1.905982016169533930e-02 1.960453305758822970e-02 2.032750033224969485e-02 1.697366750272353078e-02 2.058977246554691623e-02 2.364614129044411220e-02 3.151469494684301653e-02 2.121089435745206198e-02 2.527134131320675492e-02 2.033708080399208862e-02 2.123849789463643639e-02 1.972820419079098636e-02 1.815795179747872398e-02 1.937718307066704088e-02 1.978021745197607387e-02 2.009782795640354530e-02 1.710819335369672539e-02 1.943516789404232600e-02 2.169748976498829182e-02 1.775293964406625055e-02 2.075230821248800692e-02 1.837456455556423993e-02 2.023649614221290430e-02 2.224363892807413451e-02 1.792063458516482757e-02 2.095310887451519097e-02 1.898118055117231640e-02 2.094307479805224137e-02 2.101416251659475251e-02 2.124035838408994473e-02 2.255912385338169901e-02 2.145926392299608160e-02 2.379820081993946207e-02 2.163618546399328699e-02 2.008709915196174242e-02 2.065391809283286320e-02 2.306654101781519320e-02 2.324590595234350340e-02 2.229639955565580409e-02 2.482202839554214363e-02 1.915637620536806904e-02 2.068446418364072725e-02 2.379799723290233066e-02 1.907957847454894162e-02 2.207883428454683952e-02 2.602999353510724451e-02
1.753921217351427433e-02 0.000000000000000000e+00 2.288769533503381276e-02 1.898932514441668828e-02 2.006404306549661870e-02 1.887169310463579150e-02 2.526967889277046547e-02 1.605696056779663469e-02 1.718302433440434610e-02 1.799158253535422872e-02 1.763389787777360634e-02 1.913490910015371374e-02 1.780598195081828372e-02 1.846648268965320541e-02 1.737757050920058985e-02 1.902121514828026411e-02 1.883812603208344025e-02 1.888536468646610442e-02 1.870765088655750377e-02 1.684737454398846021e-02 1.629207597502985508e-02 2.110443487787946534e-02 1.718147254354253708e-02 1.681987058199258325e-02 1.485246655348829506e-02 2.038869041226300249e-02 1.885124523548818015e-02 1.491920522342803611e-02 2.144820654933200441e-02 2.142647254171358914e-02 1.808488669672112664e-02 1.930744541076310702e-02 2.515306871449619897e-02 1.724595407538156641e-02 1.957696131272361820e-02 2.054968281504568339e-02 1.734074838272860533e-02 2.439159475885925923e-02 2.386013056467540736e-02 2.127516247638484154e-02 1.856954814865698078e-02 1.733253477839977186e-02 1.724653355772522503e-02 2.166491689906114085e-02 1.382013331901814357e-02 1.959454613256675359e-02 2.196493698586894291e-02 1.868891871094855925e-02 1.927083247508558708e-02 1.787011050285781943e-02 1.806140839672560131e-02 1.750716701659395941e-02 2.128921070358157780e-02 1.542760979493018950e-02 1.936624062465976473e-02 1.715620525889735917e-02 1.628642063153997940e-02 2.209560252702937738e-02 1.913131939756489153e-02 2.201001785865885213e-02 1.639489130527937988e-02 1.828644229352748701e-02 2.369756193036839237e-02 2.143197135315845492e-02 1.723145644157843964e-02 1.751860600134855228e-02 1.972895094606619965e-02 1.857265942825370164e-02 2.004267918425996914e-02 1.672521985836142658e-02 1.824140835509454120e-02 1.810161378593666201e-02 2.301854263682478335e-02 1.943040464576840584e-02 2.223582390790244598e-02 1.884601098728130170e-02 1.881434519729008326e-02 1.966584789355078217e-02 2.302238045658215951e-02 1.997508332626608471e-02 1.856482902613805497e-02 1.942662564084473090e-02 1.976800711430239457e-02 2.027990255062429512e-02 2.101504167027981249e-02 1.776680790910460661e-02 2.123767319391220432e-02 2.424024656014457657e-02 3.197907387554674991e-02 2.183894743613502831e-02 2.580764814744562069e-02 2.100851694009739715e-02 2.180657165672313449e-02 2.042162983679718033e-02 1.891493296361505122e-02 2.021062507472124598e-02 2.048496668607356630e-02 2.079047591057342839e-02 1.792374750283696680e-02 2.016373263179097042e-02 2.231192848743674545e-02 1.853533279786457114e-02 2.140285523969213607e-02 1.913652890365377668e-02 2.089907195510121857e-02 2.285365519797049119e-02 1.869427403120221126e-02 2.159556903664655580e-02 1.970972555337148144e-02 2.163233367937896640e-02 2.167612686141755576e-02 2.213711630348411813e-02 2.329346150893639791e-02 2.238512298850466042e-02 2.457737962452541738e-02 2.240491983504204129e-02 2.095445143790102341e-02 2.143463950674668467e-02 2.380995392535915217e-02 2.408652695716472988e-02 2.316106892937483744e-02 2.548304441008282517e-02 2.117565927317935706e-02 2.171743513182376392e-02 2.449962833546921043e-02 2.006112914322229560e-02 2.280096644193134112e-02 2.664020937347490875e-02
2.097931122099169765e-02 2.288769533503381276e-02 0.000000000000000000e+00 2.333619202989551528e-02 2.427938634816340091e-02 2.175447456682323005e-02 2.821989432557044444e-02 2.206827351452750677e-02 2.218039316484009260e-02 2.304742929493865458e-02 2.242202055287747728e-02 2.489497775763009971e-02 2.237251846942448288e-02 2.425272162427565339e-02 2.231663295186074938e-02 2.352062427532142924e-02 2.346504860927187477e-02 2.333564083401843195e-02 2.326394013655158632e-02 2.201738636916624262e-02 2.149636420130057041e-02 2.531457683539488010e-02 2.219066218081700362e-02 2.254768670473447645e-02 1.987321526295478952e-02 2.443818511949803415e-02 2.324926138209921708e-02 2.108344568253076728e-02 2.551791169135569914e-02 2.540828141189500899e-02 2.290636448136618153e-02 2.370383230670748340e-02 2.592753118703528675e-02 2.332388525350272482e-02 2.377519174689679896e-02 2.450320921363135715e-02 2.216764489874105057e-02 2.797044577762268502e-02 2.733856391195896643e-02 2.530341298429633623e-02 2.151655290176620813e-02 2.241331053273095883e-02 2.231744722976231401e-02 2.560222686758779898e-02 1.991288381381482384e-02 2.382032157101039715e-02 2.558965014051049064e-02 2.318104882268992584e-02 2.362415508791243512e-02 2.257745700008679038e-02 2.272332432499732380e-02 2.229965605770082085e-02 2.516133439875984507e-02 2.063452006685474738e-02 2.371443051294686022e-02 2.212667391513160539e-02 2.133540303451098019e-02 2.580946598275004819e-02 2.355203050642163190e-02 2.573555104512947889e-02 2.128310261794314276e-02 2.285475232480148333e-02 2.714478787050312800e-02 2.535431704640595668e-02 2.210891818978349618e-02 2.234190855327502015e-02 2.404681943964060223e-02 2.309913461978510552e-02 2.425208164615781994e-02 2.166366670771302169e-02 2.285503913118226357e-02 2.261750817098721889e-02 2.659179604914797129e-02 2.373674370525120578e-02 2.593760095479004033e-02 2.332272212429414848e-02 2.339726264293172028e-02 2.393489008815495589e-02 2.658052736133146438e-02 2.418338917054782197e-02 2.308227542936541754e-02 2.376707963540630394e-02 2.403076151162949689e-02 2.443121713848363935e-02 2.498450181607833609e-02 2.249641495912847386e-02 2.516192131646848018e-02 2.759393017111597471e-02 3.453415611869743718e-02 2.562303270499772384e-02 2.894827272405251298e-02 2.494646943707866729e-02 2.555123058761698748e-02 2.447760889289803468e-02 2.331056965827009095e-02 2.432190249393568690e-02 2.452346939694509051e-02 2.476390479519988488e-02 2.253523068947316937e-02 2.426286633404352994e-02 2.599455605808783515e-02 2.298490944573342021e-02 2.525507414928881283e-02 2.347281239914883119e-02 2.486694990232576549e-02 2.643554293711745592e-02 2.308714388387629948e-02 2.543351690183812477e-02 2.393292936437409202e-02 2.544772615367797003e-02 2.547271344462509121e-02 2.582312688622795047e-02 2.679017636012546305e-02 2.601478326816869524e-02 2.786589426621195048e-02 2.605644463318056159e-02 2.485422750561946947e-02 2.531826454910238514e-02 2.722606678893827251e-02 2.744485531374673756e-02 2.666601937001427877e-02 2.866252463900122519e-02 2.493007484555228789e-02 2.546954536320179818e-02 2.780935696552942413e-02 2.415255964646869508e-02 2.638281839866786840e-02 2.968144088829071173e-02
1.687792002922042234e-02 1.898932514441668828e-02 2.333619202989551528e-02 0.000000000000000000e+00 1.902931001505586694e-02 1.938321689987241442e-02 2.385157882013862196e-02 1.799818386552011484e-02 1.673676836526688180e-02 1.898479284510905252e-02 1.813150612155154523e-02 2.153875628749815641e-02 1.845118950788215972e-02 2.066984156975560510e-02 1.702178483205719906e-02 1.808128488719940030e-02 1.949466866790927622e-02 1.954341525738169730e-02 1.923122441830946508e-02 1.736473894325087433e-02 1.679040805339607895e-02 2.189097379117658365e-02 1.781400602052848892e-02 1.896101092232598678e-02 1.625955654676184553e-02 2.098032455379502878e-02 1.934663552516584922e-02 1.670999328237145892e-02 2.231582744040844918e-02 2.179588428013014625e-02 1.868500129820476613e-02 1.984948429247168633e-02 2.584316835720285380e-02 1.943463528854158517e-02 1.857680485545733576e-02 2.064086615722581994e-02 1.775329729235275086e-02 2.509700195545581242e-02 2.401407980033462911e-02 2.181931561741159639e-02 1.934549900500095662e-02 1.786644772242216780e-02 1.801968259042666803e-02 2.214156793005598797e-02 1.462578352013589253e-02 1.985697490000112170e-02 2.237609681018339416e-02 1.928487678862706237e-02 1.984546312563599882e-02 1.851896006975251030e-02 1.869306927381438402e-02 1.816129406155424231e-02 2.178761316802766898e-02 1.619652713913759950e-02 1.994284481562601241e-02 1.794552030695663325e-02 1.699771454671687373e-02 2.256919255799132856e-02 1.972047371528484055e-02 2.248362661549638958e-02 1.701244476944446804e-02 1.889889440895451550e-02 2.414331649222043255e-02 2.192385980765546721e-02 1.789594460046318655e-02 1.816542021119973288e-02 2.029159820132720934e-02 1.917860376155577917e-02 2.059639851570887678e-02 1.740302032334352031e-02 1.885594586510084755e-02 1.874052113423331153e-02 2.347651242403046151e-02 1.999112379020161548e-02 2.270521223814088788e-02 1.945319528248265484e-02 1.944391586885815121e-02 2.022438956011479369e-02 2.347471582696702280e-02 2.052294593924130356e-02 1.916479364659444753e-02 2.002380463638665439e-02 2.032544019718853304e-02 2.082543339144384345e-02 2.152606239120484835e-02 1.841944741500052898e-02 2.174227071449614038e-02 2.465376104539740779e-02 3.230471801167241613e-02 2.232393972661323236e-02 2.620447376292362254e-02 2.150257967228312583e-02 2.234498163450405334e-02 2.091880176720047058e-02 1.947707286581661090e-02 2.068782832894514728e-02 2.099103560907876823e-02 2.127204488125812240e-02 1.852107964546477817e-02 2.067909432671777639e-02 2.278025614594322845e-02 1.911471960344787724e-02 2.187679032125382922e-02 1.967365704769553567e-02 2.140500407895482710e-02 2.330138358910713650e-02 1.926116438324814925e-02 2.207510074355220620e-02 2.022836129947283568e-02 2.194081787049714100e-02 2.215049308219475474e-02 2.255950760463205571e-02 2.371685902272832602e-02 2.279865557560310438e-02 2.497150975824358188e-02 2.284588186998329218e-02 2.142729391610983733e-02 2.196901609303416464e-02 2.421292480306431669e-02 2.447780345217626802e-02 2.357418370952570411e-02 2.587602164175642136e-02 2.150689800047372174e-02 2.202808224021403014e-02 2.488673795518149892e-02 2.054472198176186468e-02 2.323602677547285597e-02 2.701890792265169289e-02
1.903595391587389191e-02 2.006404306549661870e-02 2.427938634816340091e-02 1.902931001505586694e-02 0.000000000000000000e+00 2.076867900026722544e-02 2.634076470633733499e-02 1.915353628518857987e-02 1.878632166258306646e-02 2.001880017872436496e-02 1.915351739934261985e-02 2.242165688232275467e-02 1.951355946244058559e-02 2.160923827177634038e-02 1.903118192779557766e-02 2.007933877980893483e-02 2.028164379923910743e-02 2.061427874123826151e-02 2.013088592044105438e-02 1.754843531765867826e-02 1.710574815547347485e-02 2.262719702143594497e-02 1.894351876143805097e-02 1.999764042589193686e-02 1.775037691597490530e-02 2.188332936442289461e-02 2.054926098009499796e-02 1.800263940921700834e-02 2.305332208888013351e-02 2.263679134796604819e-02 1.966334241603479374e-02 2.084003650001875485e-02 2.656894820140363878e-02 2.034903870072487728e-02 2.090696170748175889e-02 2.012206794293028289e-02 1.794812737490593044e-02 2.571638765189553089e-02 2.517220690679179695e-02 2.278209463819859393e-02 2.031259142702222451e-02 1.789966280400561577e-02 1.912424973541517262e-02 2.289095411465184859e-02 1.637508929767871046e-02 2.097703185025933878e-02 2.308318651930495527e-02 2.023920579878349391e-02 2.076583957935134242e-02 1.953060722118200171e-02 1.970074339690153220e-02 1.918327381159078485e-02 2.261708132018609013e-02 1.732850844054284467e-02 2.086657680527346376e-02 1.898393648705349809e-02 1.811556016586880757e-02 2.337171574878227007e-02 2.065752457045411106e-02 2.328829021708769126e-02 1.818322748690118229e-02 1.987096401128966849e-02 2.487987970383923053e-02 2.263316393409676650e-02 1.894943685125983698e-02 1.916060028432165288e-02 2.110590396078224074e-02 2.017035055313473602e-02 2.147912242190102780e-02 1.845299410408045640e-02 1.981019881543920683e-02 1.974799029037191053e-02 2.423099986797680808e-02 2.091068102994176822e-02 2.349607102124024599e-02 2.039916397701950143e-02 2.048674286630063762e-02 2.113331300320889922e-02 2.423316710758050690e-02 2.141889899135036510e-02 2.011779340348209683e-02 2.093607405551673947e-02 2.123391351778521757e-02 2.169177704721600777e-02 2.236427197044090279e-02 1.943097063005436512e-02 2.257716662771614216e-02 2.537504555358674821e-02 3.287433839384018563e-02 2.311280715122145460e-02 2.687456315893858860e-02 2.223980484043998687e-02 2.309220354358005114e-02 2.153685542239118511e-02 2.026620582098761017e-02 2.132805688006591399e-02 2.174193435281211381e-02 2.186028842935784644e-02 1.940333671441268545e-02 2.146130609471845474e-02 2.349072587884143068e-02 1.994648211863638693e-02 2.244964196264950460e-02 2.033956406223985311e-02 2.214224263658388925e-02 2.398861101282020666e-02 2.008864862664059073e-02 2.279596947275930319e-02 2.089334681850519432e-02 2.114941445372671078e-02 2.288073367159975877e-02 2.321366925781978910e-02 2.445877914821502006e-02 2.360646124541360830e-02 2.568373828819872293e-02 2.361120988714874788e-02 2.227360562291946094e-02 2.280644224344178725e-02 2.496953291801665836e-02 2.519455962976454438e-02 2.432003103291072513e-02 2.656560592809099897e-02 2.237593679079939030e-02 2.298404567072180951e-02 2.561839372240554136e-02 2.146602169760072898e-02 2.397372108136769375e-02 2.767874648421548775e-02
1.820055729136844241e-02 1.887169310463579150e-02 2.175447456682323005e-02 1.938321689987241442e-02 2.076867900026722544e-02 0.000000000000000000e+00 2.384997665387226032e-02 1.820363372627408285e-02 1.687586541916491836e-02 1.907773943490797056e-02 1.847323875827703785e-02 2.129483102374829864e-02 1.865031101755727783e-02 1.932032340729561426e-02 1.833134459798027235e-02 1.970689866451593233e-02 1.970458311328878928e-02 1.836542883858838238e-02 1.946823020349328429e-02 1.789179647238810927e-02 1.738575735886969606e-02 2.194148159659948041e-02 1.812768074412167071e-02 1.905513112357953495e-02 1.559397990907158971e-02 2.121389534539211766e-02 1.947766488321283490e-02 1.592875702219901171e-02 2.240369761351781314e-02 2.215926705134506000e-02 1.910000710168633861e-02 2.022977030323510478e-02 2.571649316172604921e-02 1.965286827820823465e-02 2.030701852671959115e-02 2.113414501468424342e-02 1.823656275158708900e-02 2.526617022073229107e-02 2.424028578466802183e-02 2.197085817301174318e-02 1.931599165916545943e-02 1.831302535955769625e-02 1.831131155376028441e-02 2.240011664027296429e-02 1.547608004907797923e-02 2.036877242678177338e-02 2.265380898119706554e-02 1.933852616185710235e-02 1.988431824423880431e-02 1.865646784251412393e-02 1.876718733071046016e-02 1.831898035675730285e-02 2.187610125045998458e-02 1.629148572643051782e-02 2.000912718809036775e-02 1.811582623209765514e-02 1.713785762275828878e-02 2.258891710824980498e-02 1.985810694678052934e-02 2.250535238273008304e-02 1.629883780522423456e-02 1.901254020932798341e-02 2.423295990650263868e-02 2.206431268270756668e-02 1.808768847834970814e-02 1.836408431517237705e-02 2.045281448490834583e-02 1.931653731674554467e-02 2.072220724042317039e-02 1.750725240732149690e-02 1.894806289470560637e-02 1.878761635439416336e-02 2.360084133571941148e-02 2.004796676907003028e-02 2.271981803366940680e-02 1.959029224419878146e-02 1.968533071914393279e-02 2.027316603558788899e-02 2.358174187761480703e-02 2.057455919732096780e-02 1.929841366712529635e-02 2.005298310218729327e-02 2.038353649548720753e-02 2.093349521412382966e-02 2.163988701079425092e-02 1.855504852689133025e-02 2.177175191381187230e-02 2.466686895619988121e-02 3.236584385992542778e-02 2.241935316996617952e-02 2.630637229075997660e-02 2.167038853808179663e-02 2.241654516044732856e-02 2.110550655940625700e-02 1.966998882386490621e-02 2.090911273462078140e-02 2.116473307193904307e-02 2.145970540511922889e-02 1.875554808281946345e-02 2.085829771996504725e-02 2.292350879530635765e-02 1.929774926828748544e-02 2.204652527220082175e-02 1.987360073722870338e-02 2.155978993972502977e-02 2.344551225111475914e-02 1.944737011284824318e-02 2.222910418025895313e-02 2.043212285835549133e-02 2.226737534145248332e-02 2.230706616929001296e-02 2.273318477404721177e-02 2.385662430296946190e-02 2.297405314851267560e-02 2.510773239855311131e-02 2.301535374662323080e-02 2.158399558886487865e-02 2.205178214091811292e-02 2.435477882212254419e-02 2.463193760543786956e-02 2.373163541172710125e-02 2.598778474424699378e-02 2.179868894087017700e-02 2.232604889978397414e-02 2.502941640163514059e-02 2.067085923072908143e-02 2.338628204953565465e-02 2.713164637404398560e-02
2.465532451951068724e-02 2.526967889277046547e-02 2.821989432557044444e-02 2.385157882013862196e-02 2.634076470633733499e-02 2.384997665387226032e-02 0.000000000000000000e+00 2.447900977651345719e-02 2.445949041558716577e-02 2.534544935584770800e-02 2.488429273345160037e-02 2.702658734680678243e-02 2.498039154120919314e-02 2.641993113654851968e-02 2.437115476941084657e-02 2.567196332583043111e-02 2.580317897997988844e-02 2.564556680562367352e-02 2.562182975763251797e-02 2.442789646496160497e-02 2.396052501854302810e-02 2.742384711442621623e-02 2.464452893714217177e-02 2.533243084031620851e-02 2.234319527408970898e-02 2.681743494878721309e-02 2.539119469441347698e-02 2.364474876579797380e-02 2.765722661817917455e-02 2.747815114759587576e-02 2.529373170759472572e-02 2.607707105038847839e-02 3.035820127606347896e-02 2.567166855185851887e-02 2.598144242810195015e-02 2.679289430175401873e-02 2.467053165135401835e-02 2.982533954322728886e-02 2.641659824609224674e-02 2.712410884624954360e-02 2.555560012702889558e-02 2.477995622627117075e-02 2.469729181918488281e-02 2.768188802316984276e-02 2.255091132350147548e-02 2.620028788091070815e-02 2.787167770376930767e-02 2.548037101674494390e-02 2.588285003527074704e-02 2.493401839023933267e-02 2.507012712783655145e-02 2.468107568225106491e-02 2.723448514760251626e-02 2.312995326939523699e-02 2.596665472569682775e-02 2.452437157358822867e-02 2.378669792646291234e-02 2.782239883262776353e-02 2.582755935174105982e-02 2.777074503970517957e-02 2.371848862185362700e-02 2.517795085048243550e-02 2.902973291253068550e-02 2.745127744623596447e-02 2.451015240000630271e-02 2.472503845357423846e-02 2.627986453647211326e-02 2.540802956617751324e-02 2.645995172744382631e-02 2.408895942710987531e-02 2.519062240701777991e-02 2.508758016175514916e-02 2.858829395017633418e-02 2.597911190823906646e-02 2.797992676056379469e-02 2.561758287763908973e-02 2.567434478129089828e-02 2.616705149780595638e-02 2.852258493130543568e-02 2.639579828536925410e-02 2.538726627348967743e-02 2.602517436950475826e-02 2.625901557523128288e-02 2.662078743265144931e-02 2.711062854633657787e-02 2.486046465180581991e-02 2.727190874310692417e-02 2.945907533750646498e-02 3.591665955741712990e-02 2.769453693415891912e-02 3.068218939295605865e-02 2.704797477257472188e-02 2.759063188428814012e-02 2.662118009041751845e-02 2.557230783978931346e-02 2.650473245893793239e-02 2.666329373077636067e-02 2.687623868223024473e-02 2.485358952738611973e-02 2.642256585144381678e-02 2.799534652178546287e-02 2.526144675804448819e-02 2.732185924338849034e-02 2.571478257199771508e-02 2.698457429122399012e-02 2.838931464243974953e-02 2.534124971535925766e-02 2.750178834220029858e-02 2.613747181074262821e-02 2.749025267327746130e-02 2.751878868129366273e-02 2.782923968487852062e-02 2.869502465670109581e-02 2.799985202462508538e-02 2.969442839262299849e-02 2.803190312391918779e-02 2.692427772896892682e-02 2.737078092650977595e-02 2.910137074845269012e-02 2.931107314689861132e-02 2.859557934351611430e-02 3.041785650679917907e-02 2.713931207067924248e-02 2.750855439106098324e-02 2.962967528654035163e-02 2.632088335459512041e-02 2.833659894581135735e-02 3.135286729755194096e-02
1.653619688386605627e-02 1.605696056779663469e-02 2.206827351452750677e-02 1.799818386552011484e-02 1.915353628518857987e-02 1.820363372627408285e-02 2.447900977651345719e-02 0.000000000000000000e+00 1.636715113570248736e-02 1.722488413495016496e-02 1.674240502717938561e-02 1.997510173754278584e-02 1.644773952649214444e-02 1.810914951299281983e-02 1.510366854848929803e-02 1.816654133275771854e-02 1.797212877454593821e-02 1.807794153599496384e-02 1.760604857165144754e-02 1.583526089221310232e-02 1.422639500305764373e-02 2.064676767075727601e-02 1.613581349181078192e-02 1.688859817070176988e-02 1.450046791603509105e-02 1.933947294594159233e-02 1.782708641896089269e-02 1.495655249859773224e-02 2.086646760866333813e-02 2.053676438268405360e-02 1.717866082319700546e-02 1.738442755869783890e-02 2.318840364635967391e-02 1.638086993791454740e-02 1.873131150774044393e-02 1.966292643522869754e-02 1.642009799213651339e-02 2.224220901018765517e-02 2.170259578336210249e-02 2.023618039065254795e-02 1.780179080578081496e-02 1.634757488820813565e-02 1.538674769866860310e-02 2.094650959546098812e-02 1.256224392830356668e-02 1.872993798149700725e-02 2.110850401871598725e-02 1.780027845948401605e-02 1.841249147622392793e-02 1.682493331301944742e-02 1.703991035400784920e-02 1.644621522863920493e-02 2.050531676016960000e-02 1.431052901071253741e-02 1.850501943657199833e-02 1.607398287066250445e-02 1.513735287444546718e-02 2.134270128190169161e-02 1.825437607418375560e-02 2.124250342954756357e-02 1.535779497255834736e-02 1.736018522215706378e-02 2.298574786607044534e-02 2.066827604328190168e-02 1.624438645110026780e-02 1.655075532862655338e-02 1.889444335821967649e-02 1.756148229549168993e-02 1.923148522573928793e-02 1.568968405669878691e-02 1.733531954410423223e-02 1.708439219151471067e-02 2.227747262543494297e-02 1.857782913209614709e-02 2.149516612696972251e-02 1.794855624636800331e-02 1.683175752859309218e-02 1.882822507758202812e-02 2.229929736712005575e-02 1.915811619955134007e-02 1.765400014374952226e-02 1.859964512490341546e-02 1.894191344624044857e-02 1.947585859415438755e-02 2.021858437394701349e-02 1.679342984772572850e-02 2.046937619461412089e-02 2.356212338222415242e-02 3.140155657406375200e-02 2.108414097472413595e-02 2.515050831085282809e-02 2.022802435888322592e-02 2.112546025624694249e-02 1.961511921412401396e-02 1.797221124645892454e-02 1.939657235994296861e-02 1.967978453167086236e-02 1.999845075218713297e-02 1.698210523411837133e-02 1.934235005770024163e-02 2.157810225283813416e-02 1.763126090919920827e-02 2.064202433088109523e-02 1.826380958229776447e-02 2.012451729643422241e-02 2.212713965597062904e-02 1.778761273817381153e-02 2.083537599012264332e-02 1.886180491062152895e-02 2.086495475615520595e-02 2.091751240050505889e-02 2.138556647414849299e-02 2.257599174378302140e-02 2.164029347844673851e-02 2.389636504482137852e-02 2.166042458451254357e-02 2.015906570710556192e-02 2.075220840944624542e-02 2.312136382361899486e-02 2.339427408797828747e-02 2.244145718647111432e-02 2.483276023280450717e-02 2.039858320133028716e-02 2.096373355539261560e-02 2.381645250460440524e-02 1.923626331952536100e-02 2.207564198851211940e-02 2.600718737704680109e-02
1.615369740326694920e-02 1.718302433440434610e-02 2.218039316484009260e-02 1.673676836526688180e-02 1.878632166258306646e-02 1.687586541916491836e-02 2.445949041558716577e-02 1.636715113570248736e-02 0.000000000000000000e+00 1.735023596300339782e-02 1.552469032249273462e-02 1.996981776315014806e-02 1.692469050916756840e-02 1.803502330264132245e-02 1.647401164326864689e-02 1.670009116259343548e-02 1.783944238873089866e-02 1.789672241561756499e-02 1.775566016386955631e-02 1.475390889160165669e-02 1.513233889711333713e-02 2.030466981299663964e-02 1.611222917293342327e-02 1.730611152838961928e-02 1.454099639202063345e-02 1.965751284801153104e-02 1.798959376235018809e-02 1.402470599751514183e-02 2.100125661314859032e-02 2.062379542549398759e-02 1.707929675509917838e-02 1.841965015464065367e-02 2.480711437180764881e-02 1.782379465731989340e-02 1.860616115896304365e-02 1.840859589622381373e-02 1.622307030679850937e-02 2.403672821386341682e-02 2.330575526308532527e-02 2.056474887356176881e-02 1.783282426443664331e-02 1.601335483810423926e-02 1.639348050804204440e-02 2.070261415612226208e-02 1.263374417306521551e-02 1.852967145529041057e-02 2.106563681368255406e-02 1.761272348769888849e-02 1.824680951766786616e-02 1.683655144793428857e-02 1.697108050384418462e-02 1.643609672388459536e-02 2.044539335514230366e-02 1.417315024066483076e-02 1.837197948144533161e-02 1.618696744165797063e-02 1.512249059689367396e-02 2.123327478490025233e-02 1.818472091320278219e-02 2.113731176015440361e-02 1.440933112000229721e-02 1.726024094580456275e-02 2.297302819169779950e-02 2.060139275031152434e-02 1.614800784478672563e-02 1.637735108751784199e-02 1.873880134650843243e-02 1.760465530097547748e-02 1.915208272652066390e-02 1.553462309555646813e-02 1.717137802095695248e-02 1.702894898337204907e-02 2.229451680509431447e-02 1.842611786900143211e-02 2.137668039594084468e-02 1.789229644526610374e-02 1.799457363548344693e-02 1.867945323174232189e-02 2.227503847051728533e-02 1.901142294409443115e-02 1.756252711624572624e-02 1.841208552990408406e-02 1.879496366361365842e-02 1.939019012475573511e-02 2.017620905381897062e-02 1.671799994663395253e-02 2.034110366281689786e-02 2.345266998652671686e-02 3.141020925625698929e-02 2.103325988171643804e-02 2.514655779078834100e-02 2.020642185719394995e-02 2.112513808198642623e-02 1.958666287771585954e-02 1.799814624207703162e-02 1.934473380108958640e-02 1.965383527967119390e-02 1.997365531633189112e-02 1.695057871669344504e-02 1.931408769633962547e-02 2.157823303718934410e-02 1.759586511959233129e-02 2.062527415236856815e-02 1.822109723260190856e-02 2.009680402006561173e-02 2.212970778877495354e-02 1.776223640797432168e-02 2.081385533110530900e-02 1.883644180549665439e-02 2.081786127071839215e-02 2.089983994505933626e-02 2.122400936500166285e-02 2.253629015180917336e-02 2.160438333274960349e-02 2.388269920748330166e-02 2.162026937247985350e-02 2.009270431608611851e-02 2.063132703153591763e-02 2.308772233513367231e-02 2.336139415765140989e-02 2.240168307457317265e-02 2.481173719265692204e-02 2.032634225334381886e-02 2.091051889498065849e-02 2.379796800952009572e-02 1.911983228979204086e-02 2.203863848392507638e-02 2.600103257253058228e-02
1.772231484105645655e-02 1.799158253535422872e-02 2.304742929493865458e-02 1.898479284510905252e-02 2.001880017872436496e-02 1.907773943490797056e-02 2.534544935584770800e-02 1.722488413495016496e-02 1.735023596300339782e-02 0.000000000000000000e+00 1.767729362191075224e-02 1.931640223785286922e-02 1.782598690455916221e-02 1.855909813341547962e-02 1.637107757646151518e-02 1.901453399338752515e-02 1.759799981735770888e-02 1.907943587117835738e-02 1.879354281424574363e-02 1.704466042754164759e-02 1.642256035789121590e-02 2.129329708903920926e-02 1.733757068113777819e-02 1.840564496618412454e-02 1.492611619556897390e-02 2.055464440376034152e-02 1.897477547824895014e-02 1.595264149156663119e-02 2.185615397161130152e-02 2.128564876940742742e-02 1.823902545436710196e-02 1.953832233627850190e-02 2.550065975292480080e-02 1.890201113139144615e-02 1.968064866079431360e-02 2.051266201506903725e-02 1.730031229295469000e-02 2.476110446776884702e-02 2.394748468520478332e-02 2.146370247465934772e-02 1.882825791213037572e-02 1.623734640030586457e-02 1.601042022698247191e-02 2.174483748696728544e-02 1.400971096016027061e-02 1.970321685254097094e-02 2.207455540031546398e-02 1.882392115400222804e-02 1.938513855064263880e-02 1.801261057910851990e-02 1.819582198248248864e-02 1.763576227440112609e-02 2.140053135749415622e-02 1.561925592637934332e-02 1.949986451087397377e-02 1.741658876384594851e-02 1.636798764836785297e-02 2.220565154074878242e-02 1.925284056438182276e-02 2.211847732723606560e-02 1.655461974104222717e-02 1.841999993559666204e-02 2.380404108502767041e-02 2.141833242618446445e-02 1.737639810822448269e-02 1.767222833190568165e-02 1.986521924445875872e-02 1.870446991984722404e-02 2.016450399795458384e-02 1.687744820675271887e-02 1.837657781260036705e-02 1.824455480170516022e-02 2.310871023457560305e-02 1.954908825699548311e-02 2.233763108338956971e-02 1.897888529604772889e-02 1.893912812785781066e-02 1.978978656601745878e-02 2.312203454339370468e-02 2.008994964737368868e-02 1.867900461841425983e-02 1.955795144215085116e-02 1.988543457926970903e-02 2.039924890842139543e-02 2.112893130849340800e-02 1.790950882912427725e-02 2.134444679547635448e-02 2.433640720626340653e-02 3.205400100059141444e-02 2.194434266482597762e-02 2.589821818016782573e-02 2.111757862151503531e-02 2.190274908846146645e-02 2.053304712858683434e-02 1.903734818382309818e-02 2.032266931847985861e-02 2.059746256868669190e-02 2.089930725269307371e-02 1.805675043630437793e-02 2.027906757672111315e-02 2.241235064057681137e-02 1.866211080806729969e-02 2.150707092794052616e-02 1.925749378076766632e-02 2.100790075990061068e-02 2.295224410765263345e-02 1.882021033249602418e-02 2.170092077582079851e-02 1.982686620583144765e-02 2.172170305592618922e-02 2.178169762177712201e-02 2.223961853484694717e-02 2.339732976357120423e-02 2.249340453354434569e-02 2.467496702918262064e-02 2.251249172834137932e-02 2.107897814891529151e-02 2.162048501655928004e-02 2.391896707140230699e-02 2.418453212713236183e-02 2.326402608758259757e-02 2.558476060489486836e-02 2.128129703993688476e-02 2.183561016128154897e-02 2.459817959283745401e-02 2.019273287826969798e-02 2.290425628944766506e-02 2.673694945837720022e-02
1.584063369317866357e-02 1.763389787777360634e-02 2.242202055287747728e-02 1.813150612155154523e-02 1.915351739934261985e-02 1.847323875827703785e-02 2.488429273345160037e-02 1.674240502717938561e-02 1.552469032249273462e-02 1.767729362191075224e-02 0.000000000000000000e+00 2.021334366450287801e-02 1.719940065687813185e-02 1.949526080776303738e-02 1.678586093482777042e-02 1.807587805174158679e-02 1.831663375678650382e-02 1.837043717542223911e-02 1.796851236519091816e-02 1.471392120256297988e-02 1.477766975282700582e-02 1.913282760853744768e-02 1.652663497891238356e-02 1.766653322620150707e-02 1.435983219317505527e-02 1.990300048548110726e-02 1.820730950171653428e-02 1.506534611131776780e-02 2.116467154308703663e-02 2.057020437956101622e-02 1.739275929323285536e-02 1.862513192272782434e-02 2.502700135225439590e-02 1.809423866993836727e-02 1.881819800821990171e-02 1.971267128738673699e-02 1.668135115445691999e-02 2.417852862425094729e-02 2.356399860218659145e-02 2.086698340803507662e-02 1.812049451424168484e-02 1.560991304395559394e-02 1.665460641999593622e-02 1.938843913926543289e-02 1.288326129944262696e-02 1.886961341847668422e-02 2.142562233778084330e-02 1.804251323859210401e-02 1.865760884854072987e-02 1.724223269308486003e-02 1.741289118730316235e-02 1.682328673572974428e-02 2.077355451447626331e-02 1.469097158009448345e-02 1.878060035595287627e-02 1.659011928573796493e-02 1.557158301106928953e-02 2.160194517782543580e-02 1.853935680411322728e-02 2.150663253980030984e-02 1.561687068600745368e-02 1.766296310895147659e-02 2.325175536674127519e-02 2.081882565095776946e-02 1.655459590587313179e-02 1.675765362144499004e-02 1.904888127909766180e-02 1.796846330273061190e-02 1.948957840006607101e-02 1.600734541731815841e-02 1.760285099304671752e-02 1.747220449795310049e-02 2.255016399865123616e-02 1.884062497811599818e-02 2.174222127710122646e-02 1.825470641889772455e-02 1.834626980752205455e-02 1.909254672026859320e-02 2.255286307341699062e-02 1.941491562775378432e-02 1.793405200580765191e-02 1.867110559407402642e-02 1.920046718683991391e-02 1.971474329942691367e-02 2.049480821224918675e-02 1.712226625003438613e-02 2.072031495335910356e-02 2.379172942206163668e-02 3.162774902453736187e-02 2.134243524610952847e-02 2.538508705049768652e-02 2.048330672451051729e-02 2.132147462432832166e-02 1.987368850837789927e-02 1.825430588964381540e-02 1.964273857498414697e-02 1.994118122187828537e-02 2.025456880430747536e-02 1.727813229963261199e-02 1.960899428474733794e-02 2.181992156775890146e-02 1.791440298380550869e-02 2.088731720681017909e-02 1.853546450955119440e-02 2.037265397852865145e-02 2.237339777917527958e-02 1.808188143141124110e-02 2.108275860364734050e-02 1.913343338491977491e-02 2.109108498761325459e-02 2.116996266206850122e-02 2.161972492097367568e-02 2.282238080479592410e-02 2.188268347169581435e-02 2.413070413085498245e-02 2.190735385564963542e-02 2.042501473518739882e-02 2.099375318387886047e-02 2.335885848461525388e-02 2.362406112484995505e-02 2.267862876058752281e-02 2.506580735320252523e-02 2.056413887032415219e-02 2.119503244897370450e-02 2.405506473277355117e-02 1.949978907967235553e-02 2.232032101115553543e-02 2.623934478100381149e-02
2.031635165282262567e-02 1.913490910015371374e-02 2.489497775763009971e-02 2.153875628749815641e-02 2.242165688232275467e-02 2.129483102374829864e-02 2.702658734680678243e-02 1.997510173754278584e-02 1.996981776315014806e-02 1.931640223785286922e-02 2.021334366450287801e-02 0.000000000000000000e+00 2.062340559235661258e-02 2.042172859099701185e-02 2.015305899459850919e-02 2.156298668014521372e-02 2.129205028554787688e-02 2.147315408560976704e-02 2.135860066340401070e-02 1.969394053257909546e-02 1.938571434063112928e-02 2.154537840726837572e-02 2.015021258612944427e-02 2.075265975433917068e-02 1.772889275264028647e-02 2.283389246241493767e-02 2.143655581217698489e-02 1.778901106903813326e-02 2.384450660571394917e-02 2.361199947109268032e-02 2.090757158712014396e-02 2.192948963852938901e-02 2.719245232035974458e-02 2.122476887904265266e-02 2.204133207957520435e-02 2.283794480673613514e-02 2.014188563655050501e-02 2.652093679875989693e-02 2.586412479735275202e-02 2.351723567266623960e-02 2.129487981321382881e-02 2.001466652365301718e-02 2.005803380639618189e-02 2.361595229401146009e-02 1.761169598429918395e-02 2.209422624148595429e-02 2.415002061940262762e-02 2.121642730153852283e-02 2.170758060659571526e-02 2.055774931037136419e-02 2.070186949452245198e-02 2.023511544390169808e-02 2.345985953839124089e-02 1.842577200422660863e-02 2.182267286997962782e-02 2.004858477718715615e-02 1.920603433576938829e-02 2.417523381641203603e-02 2.162537417756897964e-02 2.410357477871804058e-02 1.924441746015614907e-02 2.088203581744699569e-02 2.562521419172593407e-02 2.358883428849985545e-02 2.004421968476759186e-02 2.028619887516778381e-02 2.214349444395407804e-02 2.115410737828743101e-02 2.240373377790042669e-02 1.956560483347590668e-02 2.086486137345883868e-02 2.074141215492699211e-02 2.502139915425834193e-02 2.186255919133672440e-02 2.430254060003220890e-02 2.138424873399935242e-02 2.145022290017368008e-02 2.206821880048150802e-02 2.501003469995282530e-02 2.234071575723900471e-02 2.112841410807482154e-02 2.168207793048281332e-02 2.216639302578333678e-02 2.258359541819573990e-02 2.322965197090830214e-02 2.046393561264989516e-02 2.342650624394021150e-02 2.610561344135380393e-02 3.342389167465976280e-02 2.395448060701933432e-02 2.756164858552510866e-02 2.321890389486031686e-02 2.389159848365348185e-02 2.270403784116838478e-02 2.141172224722351358e-02 2.253461641193124643e-02 2.275798646598457819e-02 2.302480399729153401e-02 2.057181517276396310e-02 2.247669097947403716e-02 2.436989392056337564e-02 2.106798545470045525e-02 2.356159130956341982e-02 2.159469217306287520e-02 2.312331793542911351e-02 2.485450257589271253e-02 2.119477404824001224e-02 2.374181544088532769e-02 2.210093996609045069e-02 2.376771692552061624e-02 2.380266046892932572e-02 2.421173741116924502e-02 2.525808346472854793e-02 2.443719712638277308e-02 2.642398696193909088e-02 2.446522881419086609e-02 2.315704270833452219e-02 2.356082835257140504e-02 2.572035791117812178e-02 2.597704192991965103e-02 2.513656296317852423e-02 2.725794538968358965e-02 2.336307346424449163e-02 2.383794047960382731e-02 2.635644195407862295e-02 2.238647111656107136e-02 2.480878627091026578e-02 2.834073264336357117e-02
