0.000000000000000000e+00 8.800763842480354218e-03 8.301274927443778873e-03 8.523763163641808610e-03 8.838400885247595443e-03 7.960207216772702613e-03 8.682116180674359293e-03 8.673123762020866143e-03 8.328407886190714038e-03 9.074477426109299819e-03 8.746550672307149693e-03 8.331888856811962493e-03 8.259645667453673415e-03 8.347439856656089716e-03 8.158483416324470786e-03 8.524418867540906053e-03 8.554696880531512809e-03 8.690945752179055420e-03 8.674011463817786829e-03 8.564634615621284641e-03 8.773144194200638291e-03 8.137052807756426503e-03 7.840780139477018795e-03 9.086076007384895001e-03 9.634738469428106092e-03 8.140772687797318344e-03 8.283578515564613345e-03 8.804260027163170535e-03 8.681862146725640578e-03 8.505969530734141040e-03 8.682797448336004517e-03 9.152985412040636620e-03 9.711800616885252549e-03 9.349509764451044772e-03 9.777434859384157365e-03 1.004110683529197030e-02 9.818885004383727175e-03 9.999619710333357628e-03 9.567995362151257913e-03 9.525096777102722706e-03 9.846907579111219277e-03 9.915689823446328585e-03 9.209193061185597454e-03 9.311005521622311987e-03 9.593864617758863719e-03 9.703280807136699382e-03 9.750190803141361301e-03 9.772242188790801129e-03 9.511640111403565218e-03 9.516914312091550102e-03 9.226190583346475724e-03 9.480303034164621473e-03 9.303294591369777947e-03 1.105636890728863876e-02 9.322562871272071366e-03 9.691395772078229692e-03 1.057627404962893473e-02 9.443028633885812775e-03 9.614456127559015824e-03 1.001864351631482838e-02 9.537176633696372793e-03 9.215638940100297910e-03 9.707256399831484805e-03 9.287999034678948856e-03 9.350684590354176734e-03 9.572622508400763577e-03 9.580474836300405944e-03 9.982740243452623008e-03 1.040411656765146374e-02 9.649475142489864765e-03 9.074274467591743332e-03 9.751961249238235915e-03 9.499917964207342524e-03 9.418542780552348684e-03 9.359166278709255687e-03 1.060538844661987334e-02 9.575692474928261880e-03 1.000626335374052607e-02 9.644872012134113673e-03 9.716996160960647902e-03 9.903747611768947204e-03 9.872914655118572233e-03 9.593387750167136838e-03 9.869701696232391006e-03 9.325124354585623623e-03 9.634581131400818746e-03 9.670772243169192470e-03 9.712463600532243030e-03 1.006292730017390759e-02 9.516116107636331950e-03 9.898119268588828623e-03 9.478299600519048476e-03 9.502815306692198941e-03 1.002881581042292664e-02 9.402982866369672885e-03 9.903094284274827075e-03 9.703169825296795517e-03 9.488336630189914134e-03 9.867666869039646432e-03 1.031916128220106837e-02 9.869731699682339487e-03 9.823241002908853631e-03 9.388010167453884544e-03 9.734765355136952222e-03 1.048576416667119579e-02 9.974187114494643611e-03 9.962345163515405264e-03 1.039694721185476650e-02 9.396961158736208755e-03 9.582888581397762742e-03 9.324888107833129505e-03 1.022090095776468505e-02 9.701272677935595182e-03 9.495559496788361087e-03 9.821396219827948845e-03 1.014707640945017829e-02 1.022517342721826136e-02 9.682963422192009811e-03 1.029597572146705338e-02 1.006582266644714951e-02 1.030231084981660626e-02 1.004610597951094940e-02 9.398276871651347134e-03 9.693310230476636161e-03 9.418112535575989125e-03 9.259756671677520090e-03 9.898566071249519441e-03 9.496893908687574146e-03
8.800763842480354218e-03 0.000000000000000000e+00 8.038560456172948523e-03 8.534469368114161805e-03 8.567082521804310000e-03 7.708270595593242833e-03 8.440594581272461636e-03 8.415656835702903238e-03 8.057252121897182442e-03 8.567901642534174467e-03 8.230051986627870061e-03 8.065439675720511431e-03 8.023593751639296681e-03 8.067949130136973721e-03 7.883362017790548210e-03 8.536901192516543890e-03 8.333148981449430698e-03 8.414114135450069878e-03 8.687105124520061450e-03 8.040358394031171460e-03 8.276448544987798431e-03 7.871714266729435555e-03 7.773981245692090924e-03 8.805531979922476618e-03 9.136448508258846607e-03 7.873244735808526684e-03 8.027885720748325835e-03 8.275305224504595630e-03 8.425747371625541896e-03 8.254509790834653124e-03 8.437730261751045374e-03 8.904479003875110169e-03 9.503689581213376966e-03 9.132226168731227139e-03 9.561235003352966735e-03 9.841074028531458448e-03 9.613525492639838146e-03 9.798553110031941668e-03 9.366068260321562880e-03 9.312194410182172283e-03 9.643236979638571127e-03 9.712787993349845592e-03 8.994939704130925848e-03 9.092716365730288755e-03 9.383190452976504850e-03 9.495394219544607203e-03 9.543671389926745505e-03 9.573392379188942411e-03 9.298959802685016415e-03 9.304042381633622488e-03 9.006174876941086191e-03 9.267171098949667299e-03 9.084968075826271167e-03 1.087764437244947285e-02 9.104575904352990232e-03 9.483396221474805349e-03 1.038784791341119257e-02 9.228593227464273324e-03 9.404434621456967194e-03 9.818091576529790199e-03 9.324770588097290938e-03 8.994486254416447432e-03 9.499742854121889790e-03 9.078315702390437475e-03 9.130243147492103292e-03 9.357735634605839070e-03 9.366320368743588642e-03 9.779763714042316938e-03 1.020885233407812197e-02 9.436964506988779894e-03 8.836831325363433964e-03 9.541749655360455551e-03 9.283102070260427358e-03 9.199441160261287789e-03 9.145621279989184227e-03 1.041476485547135865e-02 9.369144756691292347e-03 9.802981980380638324e-03 9.432261667370364644e-03 9.507227140494291587e-03 9.697037687435091854e-03 9.656155513494097536e-03 9.379146738247433335e-03 9.662552414217501912e-03 9.103258939511032696e-03 9.421386607834357843e-03 9.458186489545118356e-03 9.501772586461385006e-03 9.860031265948537502e-03 9.299805082586145785e-03 9.691423160705441367e-03 9.260424695581264201e-03 9.276784619558359202e-03 9.825432918094829590e-03 9.183906135885249594e-03 9.697482210809692943e-03 9.491940456695309100e-03 9.272711692463304900e-03 9.660808414523125789e-03 1.012322655557584480e-02 9.664284354551251621e-03 9.615410130965566099e-03 9.178008871623571582e-03 9.524576571199046271e-03 1.029331079319878439e-02 9.770019897400530201e-03 9.757559220084704651e-03 1.020212939991240603e-02 9.169113175964279175e-03 9.368779268164538140e-03 9.104263058496311553e-03 1.002349404291006697e-02 9.491031725110262232e-03 9.279840800617382424e-03 9.613178954116534045e-03 9.947325926599281595e-03 1.002751729501633049e-02 9.472217281512531825e-03 1.009890102343313605e-02 9.863948911595636637e-03 1.010572803488776240e-02 9.844794126958360952e-03 9.171161074111778069e-03 9.482188069774426589e-03 9.200486680319528918e-03 9.037123882876264488e-03 9.693154416889573910e-03 9.280569773786388060e-03
8.301274927443778873e-03 8.038560456172948523e-03 0.000000000000000000e+00 8.283759639036774799e-03 8.309014443908184500e-03 7.422015822977609360e-03 8.209789889882612365e-03 8.173089483321814563e-03 7.798291331866212192e-03 8.319737975898388802e-03 8.226226966412383823e-03 7.804479241051469167e-03 7.986968357399365850e-03 7.577388686968696344e-03 7.624648205075667748e-03 8.024163065883058513e-03 8.053346557389685911e-03 8.214895390913714429e-03 8.200299248182486150e-03 7.778593158559808825e-03 8.274618606998905210e-03 7.590503836426094365e-03 7.287605463552787252e-03 8.339013933294670000e-03 8.921701160265834221e-03 7.596816014779562282e-03 7.763860947996383682e-03 8.027887005687491320e-03 8.437881341804400262e-03 7.993099322122759059e-03 8.195678573691484586e-03 8.693299601072807664e-03 9.294285036589855498e-03 8.912404300723063277e-03 9.352953017673994868e-03 9.639704057410564825e-03 9.406804439634359680e-03 9.596372265795696799e-03 9.143703738760420446e-03 9.097286311401574233e-03 9.436563777522317606e-03 9.508234202223327450e-03 8.764507358355372660e-03 8.871512073720401112e-03 9.170018198525076852e-03 9.285430431028958084e-03 9.334504391135936552e-03 9.358442628244104111e-03 9.083733531642480125e-03 9.088549502751036568e-03 8.782110230147530464e-03 9.050670998407879184e-03 8.863342430744450273e-03 1.069729170980393031e-02 8.883711586859676171e-03 9.272902829150669532e-03 1.019844312935939100e-02 9.011645164591306281e-03 9.191814831907386268e-03 9.615975461925411680e-03 9.110668414635997997e-03 8.770707535676953298e-03 9.289448850419251141e-03 8.856588694157551192e-03 8.914150736705438866e-03 9.148639857724755881e-03 9.157449298397995346e-03 9.588660561807666946e-03 1.001932598902615518e-02 9.229173462087016458e-03 8.620734339441557884e-03 9.336593591833208111e-03 9.071295145561446630e-03 8.985408006361437702e-03 8.923538473885328504e-03 1.022918238295430007e-02 9.152274224331140642e-03 9.604419705649279784e-03 9.224343464430023384e-03 9.300654724320298397e-03 9.496561771711049815e-03 9.462830205732150265e-03 9.169913259399238223e-03 9.460725704988060675e-03 8.886783699929975619e-03 9.213252641999916670e-03 9.251968678489463568e-03 9.295319030235789370e-03 9.663216358595879199e-03 9.088461460312911855e-03 9.490256193730629494e-03 9.048931204810603882e-03 9.073754206610683271e-03 9.627467311236063627e-03 8.969411788462377036e-03 9.495921573054264681e-03 9.285891961352106538e-03 9.068526312983535287e-03 9.458689597359298470e-03 9.931362837618515349e-03 9.470898080551163126e-03 9.412257550213446247e-03 8.955168991528657252e-03 9.319092067290063452e-03 1.010442803909100511e-02 9.570676817777519496e-03 9.558399544578951787e-03 1.001207898563689219e-02 8.954244763791616851e-03 9.159002141211479431e-03 8.887857628206957683e-03 9.829306030065218872e-03 9.284378897427501484e-03 9.067737505725943087e-03 9.410523824275342925e-03 9.751618124929164327e-03 9.833845822559344335e-03 9.265577575235040692e-03 9.906871284018811327e-03 9.667031810295762320e-03 9.913846848636050785e-03 9.646945591134258383e-03 8.964285171804696126e-03 9.275916532472202117e-03 8.994174817250311441e-03 8.818801405084538206e-03 9.491641090214176721e-03 9.068722893751277395e-03
8.523763163641808610e-03 8.534469368114161805e-03 8.283759639036774799e-03 0.000000000000000000e+00 8.249076045021720011e-03 7.656965918069773801e-03 8.413103864946723520e-03 8.655035111187705035e-03 8.286344372666161126e-03 8.516594186412573472e-03 8.177747103246700219e-03 8.040523060365794769e-03 7.998505790264160906e-03 7.806963440960841723e-03 7.840518496004937957e-03 8.256276396041987292e-03 8.271229357694713860e-03 8.444738215132304576e-03 8.646900071162082202e-03 8.296580624953441008e-03 8.221506654693865046e-03 7.819733349361784880e-03 7.526768032323034527e-03 8.533238651899791374e-03 9.428597724944467670e-03 7.845662090295352567e-03 7.962822000306285855e-03 8.227911778447579913e-03 8.412943831298771991e-03 8.497941416029374320e-03 8.392155654674162205e-03 9.173782442652928318e-03 9.423551910622839783e-03 9.047986113282738274e-03 9.480033487345261925e-03 9.771690037310676660e-03 9.544207935445527327e-03 9.740626879894985490e-03 9.284976814950428661e-03 9.238427033912210290e-03 9.563186998499924665e-03 9.643040153186678912e-03 8.903198431171361824e-03 9.007746791855354360e-03 9.300645119849711498e-03 9.413390181022019201e-03 9.472129048618998723e-03 9.485756319049248528e-03 9.224939077273144189e-03 9.229698007553568603e-03 8.920057567845880026e-03 9.183964861231410162e-03 9.000076715499532101e-03 1.080809418375278802e-02 9.019388419257538120e-03 9.402122005597080695e-03 1.031500581993804316e-02 9.146513317966908224e-03 9.322883013491163606e-03 9.729813704104412278e-03 9.254228405579273051e-03 8.908510860733295095e-03 9.426777671033576694e-03 8.763384634049398852e-03 9.072606268523582262e-03 9.300355003631896600e-03 9.309789230107843108e-03 9.725335323984583835e-03 1.015855112382941378e-02 9.380746232565647866e-03 8.776981523019733097e-03 9.486796678574110561e-03 9.225783644701932018e-03 9.141639366377808315e-03 9.081636383240263011e-03 1.036465236278307292e-02 9.305849309709917153e-03 9.739153671918117025e-03 9.376184434468172457e-03 9.449063823065444526e-03 9.643303820850506261e-03 9.601907655448079296e-03 9.321553066905078483e-03 9.608009084163279465e-03 9.044063312421819073e-03 9.364128122661380393e-03 9.403017650463325189e-03 9.444876513764292880e-03 9.806955815145401711e-03 9.242083281985630921e-03 9.636509365293869506e-03 9.204065356167768011e-03 9.220397921777276004e-03 9.772144762958586903e-03 9.125355267228973249e-03 9.642343060598863869e-03 9.439831153880348658e-03 9.219560791371988681e-03 9.609878825765912763e-03 1.007506146390637486e-02 9.613682966036388167e-03 9.564047006772168763e-03 9.122712003777063566e-03 9.472728237753507557e-03 1.024612439139150656e-02 9.719448925444108822e-03 9.707072134915258402e-03 1.015522547071571503e-02 9.115150152890208121e-03 9.315843024041099707e-03 9.048081314934645555e-03 9.974531098508024676e-03 9.438167084834908974e-03 9.227551302455548957e-03 9.561846791798342751e-03 9.898104722169103614e-03 9.979677526055882181e-03 9.419446800903003361e-03 1.005060397802037125e-02 9.814026956461475992e-03 1.005746547952911935e-02 9.795135724901014168e-03 9.116725807022720354e-03 9.430024403667917193e-03 9.146909350035425934e-03 8.982206220250166587e-03 9.642423865280380993e-03 9.227093527980848725e-03
8.838400885247595443e-03 8.567082521804310000e-03 8.309014443908184500e-03 8.249076045021720011e-03 0.000000000000000000e+00 7.940414903188879395e-03 8.455496340961491525e-03 8.446883722835234892e-03 8.302837940970954345e-03 8.538762014920518034e-03 8.206694914079852229e-03 8.090161497184564579e-03 8.024307446560210305e-03 7.840641554505096977e-03 7.888815358510254880e-03 8.277130490411191421e-03 8.557405598913884331e-03 8.476867629924523043e-03 8.438747345209133763e-03 8.071570349402703085e-03 8.277790819103004322e-03 7.870124527685293941e-03 7.565857605825712998e-03 8.577425324754060082e-03 9.167854884403525695e-03 7.907673526105232775e-03 8.022201727851039493e-03 8.254280532736366430e-03 8.687496413429052558e-03 8.522070750877233300e-03 8.445267086540383591e-03 9.195626609760993581e-03 9.471605908067056573e-03 9.087430022566934940e-03 9.528901789611658388e-03 9.798573730289550712e-03 9.571785688027653269e-03 9.776603573262607552e-03 9.312579235350362111e-03 9.277188934572092038e-03 9.598615399153577823e-03 9.679860277126656892e-03 8.952149813123148198e-03 9.058216125416351794e-03 9.348382343294438582e-03 9.451481483124302141e-03 9.499156540284117711e-03 9.522341602759479620e-03 9.265137669030773168e-03 9.270189094958461093e-03 8.968590186075271753e-03 9.221264996061852640e-03 9.037999361639873983e-03 1.083971006214567816e-02 9.067939111581753073e-03 9.439101358551034437e-03 1.034824172595997724e-02 9.203469837185340729e-03 9.371193063743715052e-03 9.511870681790273938e-03 9.291106727875973401e-03 8.948387963598335160e-03 9.454703429257423075e-03 9.023028241597298368e-03 9.112663980165447083e-03 9.339483189581254327e-03 9.347946897901977803e-03 9.750327121566908922e-03 1.019333887067799989e-02 9.418894278099139775e-03 8.817729327609991063e-03 9.524616226557555340e-03 9.265119834344342359e-03 9.181392921321680431e-03 9.120779342881048940e-03 1.039903071237077183e-02 9.344347439762590302e-03 9.784601919721514635e-03 9.414447029500967040e-03 9.487657777020274547e-03 9.679965275720146811e-03 9.639073302961789075e-03 9.360741733196174461e-03 9.645149208040359676e-03 9.084326460092653419e-03 9.403223424572944994e-03 9.441431145736367547e-03 9.483544518925211830e-03 9.843160940814428203e-03 9.281002620123907088e-03 9.673662081756210715e-03 9.242855088813950459e-03 9.258676424869815083e-03 9.808601134617775386e-03 9.164496193358771109e-03 9.679012021672378160e-03 9.480801365087193622e-03 9.260736159407567322e-03 9.649396668385160775e-03 1.011249046099214899e-02 9.651971445979531591e-03 9.604089350486639393e-03 9.155777742896949178e-03 9.513224312714762751e-03 1.028239265283778688e-02 9.758404454966469049e-03 9.746325567868046116e-03 1.019262434827740774e-02 9.163827152706607165e-03 9.356835730441768681e-03 9.090552887936476090e-03 1.002158092050943992e-02 9.477598090108342935e-03 9.269009888871261246e-03 9.602200611658152918e-03 9.935818055611778110e-03 1.001779376524130488e-02 9.459220180807385511e-03 1.008831341343630929e-02 9.852511406725789761e-03 1.009447314634492540e-02 9.841639305574641228e-03 9.166855313884413048e-03 9.470358390205340163e-03 9.188445922027586171e-03 9.024854904809519532e-03 9.681560261741157039e-03 9.268731452025452330e-03
7.960207216772702613e-03 7.708270595593242833e-03 7.422015822977609360e-03 7.656965918069773801e-03 7.940414903188879395e-03 0.000000000000000000e+00 7.866393145566474843e-03 7.846750923726230481e-03 7.656614041171234779e-03 7.988090488224811048e-03 7.824219592561429057e-03 7.441940224565295366e-03 7.371663848021466070e-03 7.191048544386282812e-03 7.234062133802223078e-03 7.690264484229145971e-03 7.696225223907380598e-03 7.891709620794188848e-03 7.857019162291367653e-03 7.658529667458774740e-03 7.665894261342829676e-03 7.194347922893125011e-03 6.868543524260600601e-03 8.005062724790429352e-03 8.889189522629190390e-03 7.206532812048415358e-03 7.386647269928046586e-03 7.658961897488302147e-03 7.860080682889238404e-03 7.660109681448295377e-03 7.860620647508004266e-03 8.390798216028293871e-03 8.911768821758033615e-03 8.510991610776369454e-03 8.976213835135389910e-03 9.272778515023337095e-03 9.037997672884613351e-03 9.238972564706533080e-03 8.764308241352932599e-03 8.705969658454116786e-03 9.069996316191488231e-03 9.136122856943353077e-03 8.355412263240264217e-03 8.469217955050525881e-03 8.781862259031233617e-03 8.902704885213453753e-03 8.954562026928352889e-03 8.989804139326729518e-03 8.693582646819910179e-03 8.696294269923509138e-03 8.376129480894395005e-03 8.656545568454559331e-03 8.467014865545068047e-03 1.037155364643312094e-02 8.480716901053545267e-03 8.896344643448668085e-03 9.855238709098249408e-03 8.419322446917934868e-03 8.812552597944228391e-03 9.258849997085722566e-03 8.722376415977811659e-03 8.368813239398273027e-03 8.907494988916943301e-03 8.446993823031065038e-03 8.537825258581113741e-03 8.779888309363196100e-03 8.785636775032731882e-03 9.234499826071067632e-03 9.690263295312364147e-03 8.866254071950628243e-03 8.228126147800038370e-03 8.978809079058271136e-03 8.701162703860789230e-03 8.611133094726573789e-03 8.547389237491502881e-03 9.907628339601791054e-03 8.785937001026165871e-03 9.257239146222874526e-03 8.861099345413766051e-03 8.931807036422536802e-03 9.144496644913140473e-03 9.111436860309457889e-03 8.804131469239079646e-03 9.108197744695753148e-03 8.507128950407021398e-03 8.849106562540755977e-03 8.890102447081099993e-03 8.935040390020713638e-03 9.319527398888562131e-03 8.718766798579431071e-03 9.138339135807995589e-03 8.679398184651904505e-03 8.703748662747305687e-03 9.282711976717660657e-03 8.593653061470750074e-03 9.144141439086967901e-03 8.870904671426111526e-03 8.638797498383787507e-03 9.062463915893730418e-03 9.555786180374635508e-03 9.077223809584974296e-03 9.004169607665053060e-03 8.526982961713325954e-03 8.906266036445108572e-03 9.727910801059433399e-03 9.180878572735775428e-03 9.156672270624154411e-03 9.635762195349116196e-03 8.338644903611820008e-03 8.746501742812917354e-03 8.451560773621451944e-03 9.462932810560733404e-03 8.886904817475537940e-03 8.646533162739547182e-03 9.001466070263206345e-03 9.360149248683233628e-03 9.449183654901075965e-03 8.867465079339904160e-03 9.521818695777608740e-03 9.282034772391272240e-03 9.538900382562859326e-03 9.040525708439380720e-03 8.536056931348139434e-03 8.869970043834938742e-03 8.560399765092157817e-03 8.384500806704392115e-03 9.108465493864088131e-03 8.642783585143597874e-03
8.682116180674359293e-03 8.440594581272461636e-03 8.209789889882612365e-03 8.413103864946723520e-03 8.455496340961491525e-03 7.866393145566474843e-03 0.000000000000000000e+00 8.550982063008961270e-03 8.225888400751186352e-03 8.967125095504190763e-03 8.630882477283458726e-03 8.219821983616176775e-03 8.139428036440635866e-03 8.011531827700799080e-03 8.265399113760785177e-03 8.394445533726901595e-03 8.441730975358666816e-03 8.572525759446399107e-03 8.825114998905493266e-03 8.219503700381380895e-03 8.419870757795473379e-03 8.256018588039724937e-03 7.726311455646256432e-03 8.980444968672512615e-03 9.237648905526904541e-03 8.254707808495976781e-03 8.414074168396469197e-03 8.415215146596833826e-03 8.565544772423815470e-03 8.650403932914217317e-03 8.542529330965661222e-03 9.313870237062442728e-03 9.611910498033842884e-03 9.245450252474647634e-03 9.678189105157816718e-03 9.944095708361201311e-03 9.719259237091559117e-03 9.903583537550900151e-03 9.475874910645722474e-03 9.423001474818207615e-03 9.748737398083165764e-03 9.817954066071707397e-03 9.103006822406471341e-03 9.214301025878187876e-03 9.493240625193948706e-03 9.603668160436706555e-03 9.650524475054839818e-03 9.673177309451125999e-03 9.417515374208375659e-03 9.415041198304177628e-03 9.120278355953892122e-03 9.377933277207917834e-03 9.198568422883588239e-03 1.096949835027597950e-02 9.218491346378534027e-03 9.590238770168693638e-03 1.048562227000466446e-02 9.341177390215867418e-03 9.514136593618547841e-03 9.912117921660449152e-03 9.445547834482030669e-03 9.109443945698904657e-03 9.607092331123752785e-03 9.191365928335849117e-03 9.252895194657871983e-03 9.469038564641226938e-03 9.474613901426029092e-03 9.884559924876374498e-03 1.031037396019732384e-02 9.547383089679376336e-03 8.965017908633639288e-03 9.651169412067141934e-03 9.395978479746746811e-03 9.313800017184568555e-03 9.254083717617791333e-03 1.051419917493540482e-02 9.471955074147426698e-03 9.908608193656055774e-03 9.542974276536548076e-03 9.616011721800024961e-03 9.803961800225455270e-03 9.773582618581144049e-03 9.490724370005910321e-03 9.770315681848643422e-03 9.219258633837863412e-03 9.532667822461716664e-03 9.576441993559444560e-03 9.611309251182736241e-03 9.965425364392654917e-03 9.412681065271757616e-03 9.799362556251899406e-03 9.381764299960378486e-03 9.399176800147250946e-03 9.931364627708279269e-03 9.297871273500558226e-03 9.804100555125559724e-03 9.571532434681818968e-03 9.354966992247614951e-03 9.737949051070636519e-03 1.019651261938811157e-02 9.751581590013037176e-03 9.693464913779445066e-03 9.262590829166953213e-03 9.603372418800954630e-03 1.037373741595011382e-02 9.845871470393331021e-03 9.842738675768172504e-03 1.028542836859870115e-02 9.252826242908129828e-03 9.449543216102489554e-03 9.188199590565188091e-03 1.010718886359009139e-02 9.570528891790639620e-03 9.135535865557355140e-03 9.691715163634725613e-03 1.002163317662237152e-02 1.011043038396133506e-02 9.552692135184085928e-03 1.017161107809802685e-02 9.948932765252617091e-03 1.017943817483325276e-02 9.921463958691723387e-03 9.272054193631291616e-03 9.562136295636219224e-03 9.292488960827186700e-03 9.129372175122796654e-03 9.778936881102191434e-03 9.361848486945737943e-03
8.673123762020866143e-03 8.415656835702903238e-03 8.173089483321814563e-03 8.655035111187705035e-03 8.446883722835234892e-03 7.846750923726230481e-03 8.550982063008961270e-03 0.000000000000000000e+00 8.180922976919415349e-03 8.654864095532973853e-03 8.357035270384205114e-03 8.183522295700889487e-03 8.159960409472380438e-03 7.987091781995709489e-03 8.255568497623223465e-03 8.419092945968398647e-03 8.725233318873436977e-03 8.558470368430420167e-03 8.820695374041306533e-03 8.184184435681198314e-03 8.646671955249646616e-03 8.211362539635039606e-03 7.716904210107900820e-03 8.673232894623544853e-03 9.530484898197976590e-03 7.997628752086045900e-03 8.391367727611368996e-03 8.379798624330681706e-03 8.544069116991313828e-03 8.374629941562322655e-03 8.796772612470195665e-03 9.013673837737748787e-03 9.612584186649697840e-03 9.245753583975850967e-03 9.667806357758742045e-03 9.944915448854375895e-03 9.720404369662087596e-03 9.902519920122816732e-03 9.476512623308491062e-03 9.422671852118884653e-03 9.749495344781611630e-03 9.818728002636264995e-03 9.104322682247222021e-03 9.213612267542812054e-03 9.493588331734241492e-03 9.604032612134426675e-03 9.650644212026873378e-03 9.673460577748196551e-03 9.417900919579634544e-03 9.415089308364087486e-03 9.130307835010592621e-03 9.378298829348780813e-03 9.198868508641868877e-03 1.097013098379939419e-02 9.218777440019884292e-03 9.591647800822781372e-03 1.048561474847543168e-02 9.341033675732173663e-03 9.514385375899547803e-03 9.912777729053374315e-03 9.435128539410805176e-03 9.109687908182374783e-03 9.607575015982515801e-03 9.199655972085871158e-03 9.242592173764373545e-03 9.467349186293341767e-03 9.475695739210868856e-03 9.883242743988973275e-03 1.030809033272555957e-02 9.545191739697218153e-03 8.953930712635943881e-03 9.648946592161079111e-03 9.393423970753824251e-03 9.311194526338592570e-03 9.251754867130536700e-03 1.051190343211155093e-02 9.471424029898152519e-03 9.906802217640509056e-03 9.541083815464947854e-03 9.614317222691664416e-03 9.802618210689147474e-03 9.762098275768524638e-03 9.488843064579350825e-03 9.768151134755685000e-03 9.216594708070478814e-03 9.530212033163865462e-03 9.574548691755087673e-03 9.609795827656142375e-03 9.963236951926770363e-03 9.410207047624338794e-03 9.796953320744280699e-03 9.379017582080201657e-03 9.387891799045247274e-03 9.929054456023461706e-03 9.295629437446988053e-03 9.802396715474316624e-03 9.602269747435240518e-03 9.385884736456297575e-03 9.768623853370754853e-03 1.022551407899922708e-02 9.771594804050416291e-03 9.724044982984189969e-03 9.292361591801027304e-03 9.634139756771300037e-03 1.039291713882470151e-02 9.876391879560330808e-03 9.863788129919861397e-03 1.030279154998716730e-02 9.282348629400135470e-03 9.480694438496028997e-03 9.218915410730089965e-03 1.013714936758401686e-02 9.601033383684051681e-03 9.391384807565685347e-03 9.721600034627846110e-03 1.005113463046281019e-02 1.013001445986868622e-02 9.582075766424238972e-03 1.020093602533275225e-02 9.969615244780944893e-03 1.020795544001216852e-02 9.949708722941130387e-03 9.294679060708058507e-03 9.592649239844139308e-03 9.314999202012601981e-03 9.153457055850858920e-03 9.808146138974608089e-03 9.393684156712003852e-03
8.328407886190714038e-03 8.057252121897182442e-03 7.798291331866212192e-03 8.286344372666161126e-03 8.302837940970954345e-03 7.656614041171234779e-03 8.225888400751186352e-03 8.180922976919415349e-03 0.000000000000000000e+00 8.315955843642581016e-03 7.993341664362076798e-03 7.833705428385972364e-03 7.762683118661163617e-03 7.594502012119468126e-03 7.611869358778575699e-03 8.050831015282908232e-03 8.312821679740553527e-03 8.233324915963685306e-03 8.172593939109903255e-03 7.810066740013293755e-03 8.041325521809876767e-03 7.604505290616397385e-03 7.295411899831061135e-03 8.365810995392429505e-03 8.937634182654504225e-03 7.641521030595341442e-03 7.763930155031059654e-03 8.280691784913521078e-03 8.177026039723303205e-03 7.986567285959294410e-03 8.468990430968038191e-03 8.958842238412057304e-03 9.257708166375624992e-03 8.874712534738359374e-03 9.327470090103850628e-03 9.613629771422289166e-03 9.371010739851368468e-03 9.322549288652729610e-03 9.105508876338330032e-03 9.058819215331699592e-03 9.400394753613238938e-03 9.470472204977905054e-03 8.736652683250247312e-03 8.843837602454078170e-03 9.142249172500017604e-03 9.259274301188660447e-03 9.296824822107769420e-03 9.333025402762219411e-03 9.056241519824485137e-03 9.050347847017466835e-03 8.762976721986639322e-03 9.012946480087357867e-03 8.824883848315060939e-03 1.066640229352789140e-02 8.845269939920637203e-03 9.235810697793337548e-03 1.016373024868476825e-02 8.982401140303590895e-03 9.155358432727080456e-03 9.590807124486892821e-03 9.083246253329317274e-03 8.732454976568474261e-03 9.262467327905624451e-03 8.829414617658466746e-03 8.900625119672052332e-03 9.132981893285839481e-03 9.142504974328145156e-03 9.566791713788358117e-03 1.000665414365353549e-02 9.214958566483612279e-03 8.598119029247936959e-03 9.322843669745560155e-03 9.056840536338634992e-03 8.970807122231480926e-03 8.909185446102902903e-03 1.021611982702148001e-02 9.138850974059064755e-03 9.590416555302988533e-03 9.210312684112847981e-03 9.285736323378550663e-03 9.482559730603428230e-03 9.441080857043168337e-03 9.155376372371942101e-03 9.446887946598026692e-03 8.871144485112548300e-03 9.198137009705798992e-03 9.237468262808362293e-03 9.281286858810706281e-03 9.649426630103971614e-03 9.073184887047548025e-03 9.476057817309637907e-03 9.034028519631942880e-03 9.051434227530770829e-03 9.614044091998808286e-03 8.953925774057312770e-03 9.481993735749233432e-03 9.277554901956194117e-03 9.051951563907478793e-03 9.450262343116208261e-03 9.923471255521896725e-03 9.452842013184720171e-03 9.403907865423982021e-03 8.943691639728724996e-03 9.310715566801686105e-03 1.009718176922265280e-02 9.562033884975559145e-03 9.549519451076300680e-03 1.000576739013092284e-02 8.961013567566965959e-03 9.150443178601816788e-03 8.877344280705331062e-03 9.830527570384134384e-03 9.274065971881460466e-03 9.060647950438354553e-03 9.401982280832072575e-03 9.743290214140611430e-03 9.827164848809143843e-03 9.255327666572043047e-03 9.899148107746953695e-03 9.658201138488668389e-03 9.905464257262176081e-03 9.646311280503458430e-03 8.956176004354417589e-03 9.266871370635320487e-03 8.977621370137521192e-03 8.809102556715246030e-03 9.483083861197056166e-03 9.059966060805127452e-03
9.074477426109299819e-03 8.567901642534174467e-03 8.319737975898388802e-03 8.516594186412573472e-03 8.538762014920518034e-03 7.988090488224811048e-03 8.967125095504190763e-03 8.654864095532973853e-03 8.315955843642581016e-03 0.000000000000000000e+00 8.438996611661793087e-03 8.572479837747207579e-03 8.516553555126453109e-03 8.107739309293520574e-03 8.129901815968395423e-03 8.539427869949000466e-03 8.813247341769718177e-03 8.975427206018691054e-03 8.647898502476197152e-03 8.327425044773854174e-03 8.772327261946434931e-03 8.111454283601974083e-03 7.833825179324955049e-03 8.778173160238850192e-03 9.667900191794200418e-03 8.128272285242422318e-03 8.256588700880298712e-03 8.500263893680934033e-03 8.675689318977098524e-03 8.756592194661483655e-03 8.946337389995728806e-03 9.441888493249393430e-03 9.654537280099514257e-03 9.291546503118275693e-03 9.456183181212152872e-03 9.996854321862326184e-03 9.764464398060846914e-03 9.956627522119697316e-03 9.521899505258496835e-03 9.467603202172646462e-03 9.802233445953526317e-03 9.871084656335611315e-03 9.151482730858579231e-03 9.251250859682874292e-03 9.536591494976293104e-03 9.647378160880237807e-03 9.704519620673188185e-03 9.716452523942147035e-03 9.464529154848333112e-03 9.458917451172369276e-03 9.176477846275487779e-03 9.432983631918120948e-03 9.244670561743767792e-03 1.101871960150523251e-02 9.263910822185604521e-03 9.634409209446009176e-03 1.052340318219670973e-02 9.387360732328953530e-03 9.557464974859928783e-03 9.966553118638381628e-03 9.501754371032468047e-03 9.156321861041882143e-03 9.661450976868574125e-03 9.229461836063594660e-03 9.318783830288808814e-03 9.540317181896761090e-03 9.549404360862889102e-03 9.962039074513026615e-03 1.037503920402815458e-02 9.618745431853722647e-03 9.032195141730170809e-03 9.720716440777028497e-03 9.467560371083344473e-03 9.386263984186547088e-03 9.327846031660315743e-03 1.057603775879360601e-02 9.545513941342101752e-03 9.975815948405001091e-03 9.613907853745863596e-03 9.684421574743990596e-03 9.873268023256158432e-03 9.832668153080457302e-03 9.560668756003368879e-03 9.839316619179113224e-03 9.291114339523533910e-03 9.601611062277711980e-03 9.639240915073701149e-03 9.680485031865906573e-03 1.003334162480002713e-02 9.483283353188183898e-03 9.855985308024870634e-03 9.446111953042702139e-03 9.461609904441071681e-03 9.999458891973869029e-03 9.370386656839244099e-03 9.872644889943193655e-03 9.681103943883226717e-03 9.474083726441073425e-03 9.846074472736228433e-03 1.029871627397672094e-02 9.856699028268051110e-03 9.801146981355153553e-03 9.362952702904724783e-03 9.712833009936571241e-03 1.046432081530093532e-02 9.952118919997744034e-03 9.940161098903770032e-03 1.038510859660585553e-02 9.365353215956702046e-03 9.560104366121452424e-03 9.300234523093784539e-03 1.021030012546852821e-02 9.678230821329465716e-03 9.482460480291870358e-03 9.799966553625659438e-03 1.012539908780885241e-02 1.020516119588559499e-02 9.660670579185404172e-03 1.027444378712764547e-02 1.004426950326096739e-02 1.028100033269272774e-02 1.002617326011519261e-02 9.375317489594820614e-03 9.671112228620973653e-03 9.403208936388192385e-03 9.236831451669992241e-03 9.877166557635225913e-03 9.474278960572598066e-03
8.746550672307149693e-03 8.230051986627870061e-03 8.226226966412383823e-03 8.177747103246700219e-03 8.206694914079852229e-03 7.824219592561429057e-03 8.630882477283458726e-03 8.357035270384205114e-03 7.993341664362076798e-03 8.438996611661793087e-03 0.000000000000000000e+00 7.992207398858195908e-03 8.139730832978413211e-03 7.760011461553933780e-03 7.770656621554604578e-03 8.471356288582093316e-03 8.473060780363927263e-03 8.382294337821238200e-03 8.358187869569695325e-03 8.227357915211210015e-03 8.168260025621366244e-03 7.764303774196710389e-03 7.467066564627220480e-03 8.466752296265452407e-03 9.365579304281362871e-03 7.985508520252770220e-03 7.936908821368979239e-03 8.181444452444761734e-03 8.358103662065522604e-03 8.438456430646848472e-03 8.381509886510426360e-03 8.847739139599292493e-03 9.338434660527179451e-03 8.959199856213620125e-03 9.397330071926985814e-03 9.686089706623183734e-03 9.449248278075571619e-03 9.645509356812903903e-03 9.193788862597898973e-03 9.143105898949285132e-03 9.483006154986069539e-03 9.555498512270575728e-03 8.815838398004984325e-03 8.923143529886551004e-03 9.218427693403863366e-03 9.329893652850968291e-03 9.382048482783379717e-03 9.404259127304376992e-03 9.134039501258491359e-03 9.137959989725835327e-03 8.836808409578584406e-03 9.099647951577532687e-03 8.913545849405702173e-03 1.074131636295805325e-02 8.934220536427853188e-03 9.318678225313441893e-03 1.024282566012892429e-02 9.067868849178845059e-03 9.236544137474374944e-03 9.651024380706647865e-03 9.160918849125480531e-03 8.818317837088550382e-03 9.336919120077356860e-03 8.897905000967848421e-03 8.890983368716853796e-03 9.106682132052391215e-03 9.115205718959415795e-03 9.564635870457999234e-03 9.979259557889192181e-03 9.196300723888004361e-03 8.368302337124319118e-03 9.302662699996265550e-03 9.028770687444811344e-03 8.941150115653629174e-03 8.891007276532025827e-03 1.019221578194903083e-02 9.140182133290618294e-03 9.574505522352538475e-03 9.198874687687314325e-03 9.281277829028633172e-03 9.453844258201719863e-03 9.180713619768717318e-03 9.127989542671785528e-03 9.428775408746880443e-03 8.842464445076976542e-03 9.170885257119060566e-03 9.211848013310621613e-03 9.264916879141868455e-03 9.620547944814860156e-03 9.046221281708554177e-03 9.459657278356748897e-03 9.005703971270238167e-03 8.808746451366587446e-03 9.595084971235384036e-03 8.934808257565957090e-03 9.473049005972863576e-03 9.311442892202953514e-03 9.094309711153195433e-03 9.493176111588067650e-03 9.955472435029651124e-03 9.493316281638531848e-03 9.437778436643265781e-03 8.981067645723360762e-03 9.353209765440958362e-03 1.013703418481098212e-02 9.601362210874275077e-03 9.581710705043679915e-03 1.003910578350380306e-02 8.992499838980887519e-03 9.185623291787632649e-03 8.911428164792487699e-03 9.865521946461739203e-03 9.317899668984616982e-03 9.124120219008213795e-03 9.435278821571036964e-03 9.785803922140491606e-03 9.878577078354487326e-03 9.288424167106170901e-03 9.932118444347406289e-03 9.690272506233209640e-03 9.938240953556946172e-03 9.681847952185086356e-03 8.775071034848837964e-03 9.302504173122736267e-03 9.019631653401158008e-03 8.846021097110762926e-03 9.518711507754502518e-03 9.095182326812030829e-03
8.331888856811962493e-03 8.065439675720511431e-03 7.804479241051469167e-03 8.040523060365794769e-03 8.090161497184564579e-03 7.441940224565295366e-03 8.219821983616176775e-03 8.183522295700889487e-03 7.833705428385972364e-03 8.572479837747207579e-03 7.992207398858195908e-03 0.000000000000000000e+00 8.004220481961889927e-03 7.602401559313819168e-03 7.647786150948169062e-03 8.060733598576445835e-03 8.078049003379796783e-03 8.207312070250757929e-03 8.462972567873558102e-03 7.838624488696578629e-03 8.022656101514339874e-03 7.583483885879494998e-03 7.513912473058666219e-03 8.326537365842840571e-03 9.234467255664539562e-03 7.608285575880851040e-03 7.760806909176064597e-03 8.016617522394622539e-03 8.473478868988686130e-03 8.028547421925196631e-03 8.452906380478467790e-03 8.712193734858540359e-03 9.290490607376833063e-03 8.908480890711606773e-03 9.358761469461364044e-03 9.635963635032596813e-03 9.402176394653460889e-03 9.593841601666064714e-03 9.148879563813867508e-03 9.094051867773018938e-03 9.432925251417194346e-03 9.504789523037383836e-03 8.766879674265039626e-03 8.867782323355867524e-03 9.166696483957962466e-03 9.281614424825555473e-03 9.331112553117750300e-03 9.362051627162765871e-03 9.080983227713591843e-03 9.085732219832514181e-03 8.778584828475108695e-03 9.046889967827540999e-03 8.859827156949391658e-03 1.069440001097781041e-02 8.880303565072241584e-03 9.268790803405330819e-03 1.019530065639476756e-02 9.008349451899898275e-03 9.188637826369425513e-03 9.603585381732570453e-03 9.107110303719141708e-03 8.766746502898077956e-03 9.285949202473121541e-03 8.844303577798870789e-03 8.908288652784319972e-03 9.141352453803999745e-03 9.148916882946306339e-03 9.583209682173765911e-03 1.001347541332703144e-02 9.223172974282564315e-03 8.606505029931675599e-03 9.330393572260517812e-03 9.064865297316627990e-03 8.978880992091547650e-03 8.924163200727648626e-03 1.022388649807927895e-02 9.152864791292453575e-03 9.598192363785272921e-03 9.218319776986221015e-03 9.295270067868038888e-03 9.489489046421554358e-03 9.448253213415322080e-03 9.163487260637884213e-03 9.454653195994800613e-03 8.879963554566504963e-03 9.206871508883855346e-03 9.245277450196317387e-03 9.289385438583925084e-03 9.656915988457482822e-03 9.081987508451141999e-03 9.484547816822173558e-03 9.042708738067508148e-03 9.059138415811157641e-03 9.621571508577949489e-03 8.963143729667352386e-03 9.490349899247463306e-03 9.249585891762409848e-03 9.044869686123235136e-03 9.424626251429667201e-03 9.898586943099956653e-03 9.450541587108200400e-03 9.388463782824209639e-03 8.939910567371256445e-03 9.283106491406775684e-03 1.007140175148094063e-02 9.548306624730256570e-03 9.534180006430683849e-03 9.726229265132887297e-03 8.919426080226397838e-03 9.122514205853438432e-03 8.852905303468761727e-03 9.807834601533156269e-03 9.249614787481107853e-03 9.043782722364149609e-03 9.374864464826172458e-03 9.730011709395519973e-03 9.802865752484847886e-03 9.230466239164117001e-03 9.884763085595790408e-03 9.644122294228549275e-03 9.892484132327284546e-03 9.613441847535810977e-03 8.921709284505327173e-03 9.252124897871435646e-03 8.969405484374314702e-03 8.782142940029508821e-03 9.458040483140478169e-03 9.032225539049301352e-03
