0.000000000000000000e+00 1.216697916018316325e-02 1.006994732808056021e-02 1.052741813691730928e-02 1.000961107358449599e-02 1.622431960134888482e-02 1.084568275150918533e-02 1.058393105214081031e-02 1.009615375683753889e-02 9.919674159337523930e-03 1.465328312576543411e-02 1.027320687569666449e-02 1.311877389800714631e-02 1.077970827814466077e-02 1.152442247360039793e-02 1.173759743719830599e-02 1.133447164503593833e-02 1.316821835986959482e-02 1.129573041768656104e-02 9.911606918487823881e-03 1.266029120233370421e-02 9.670761031268753152e-03 1.083680180088432594e-02 1.777637655356229321e-02 1.090861666244175715e-02 1.098732397741150266e-02 1.233145984204754748e-02 1.339969189667542838e-02 9.143030255961429043e-03 1.091724336973921676e-02 1.091476825719348009e-02 9.455724151524272716e-03 1.230845151433269079e-02 1.125020681616240546e-02 1.048344762223056212e-02 1.198704765851573394e-02 9.996178200848009759e-03 1.104149469484588114e-02 1.172497589249034064e-02 1.778742554615602919e-02 1.071350632099114103e-02 1.051649500020589503e-02 1.391650848805492564e-02 1.183951003077821952e-02 1.328497615127272914e-02 1.343978826138062660e-02 1.330665972703737841e-02 9.472110414771209297e-03 9.175089295317242002e-03 1.512967117132212047e-02 9.967863463871217897e-03 1.251253437744023062e-02 1.098413734135055171e-02 1.085814805569135927e-02 1.353027534133799392e-02 1.224746508149158510e-02 1.066500302172137399e-02 1.104767141219271075e-02 1.149593109569982743e-02 1.043929006510750310e-02 1.072284196035572061e-02 1.153041100229986078e-02 1.472300163198968399e-02 1.398230873059539379e-02 1.638573477228026654e-02 1.089512981884091167e-02 1.009230367835599156e-02 8.931244696986018888e-03 1.540573887065397815e-02 1.435980384173734040e-02 1.591836994507661238e-02 1.485344966774314671e-02 1.158313363642789022e-02 1.065213970521769991e-02 9.057962910393266981e-03 1.254926004824971283e-02 9.929367760544366775e-03 1.189695089399154387e-02 1.090184869436822655e-02 2.111061573584399609e-02 9.922971732741038900e-03 1.344690442623815672e-02 9.432670810322304686e-03 1.295438777436372715e-02 1.054873741624953731e-02 1.121526605188377483e-02 1.226670102071551749e-02 1.140231475691190835e-02 1.093422661218698168e-02 1.578870136791917997e-02 1.330692015466452584e-02 1.250374574355006020e-02 1.289635650585164300e-02 1.381164065902356318e-02 1.346952146283195845e-02 1.171353473940376852e-02 1.064606955700057520e-02 1.116883629156411976e-02 1.198178045747540221e-02 1.178962056496561661e-02 1.201831641449103635e-02 1.106626548189346484e-02 1.357682122183331321e-02 1.194202790513871661e-02 1.042957358306899861e-02 1.283773771370337255e-02 1.664480299778035161e-02 1.368831301509021089e-02 1.411953763013377820e-02 1.161259484243231006e-02 1.199028401312797650e-02 1.127386739082626536e-02 1.477020688622446461e-02 1.461408077503667698e-02 1.058313542794180051e-02 1.032096400229255348e-02 1.198352875229158516e-02 1.320397691050292747e-02 1.332220998071437408e-02 1.262049131077431878e-02 1.060810121663609447e-02 1.414591293426332649e-02 1.295301378280873557e-02 1.273020878484337239e-02 1.170752327280475194e-02 1.060909837813051905e-02 1.176899225894041147e-02 1.522147301582242596e-02
1.216697916018316325e-02 0.000000000000000000e+00 1.294776595588820189e-02 1.289221501288876325e-02 1.220521033596925521e-02 1.775818733489195264e-02 1.319744792910659652e-02 1.288751226027068028e-02 1.223614192518121015e-02 1.264061939173150712e-02 1.640695520833444776e-02 1.277086009112886680e-02 1.508194825142297052e-02 1.306424695962256875e-02 1.270237666222479890e-02 1.440334125005881573e-02 1.350480998058348203e-02 1.434450772169927960e-02 1.352745811781402505e-02 1.288548941733811196e-02 1.461511316931432200e-02 1.273996616267141467e-02 1.308560258428707532e-02 1.924054029150820688e-02 1.324150749455888475e-02 1.328053037759193908e-02 1.443657659182763509e-02 1.529827153598533641e-02 1.186690282430181986e-02 1.321018373472728456e-02 1.312479160415447668e-02 1.256837785013046813e-02 1.431168959419946811e-02 1.347073652899075623e-02 1.287125964155224830e-02 1.410443924389918544e-02 1.245386807783240707e-02 1.331063082527309677e-02 1.386736829162011492e-02 1.919390257971389721e-02 1.315707538790729901e-02 1.282548575298048978e-02 1.566805444401776423e-02 1.398838581502055180e-02 1.518723699310986497e-02 1.540694834177490542e-02 1.522369964284015290e-02 1.201137144786532107e-02 1.181158264703914204e-02 1.673629450738972624e-02 1.188696656401176839e-02 1.437505794836827985e-02 1.326490753678763283e-02 1.321866467908182873e-02 1.541737000210517856e-02 1.433380050408919471e-02 1.333427618495445360e-02 1.330034783864779066e-02 1.374793917686355053e-02 1.328864496362551322e-02 1.313984662958552277e-02 1.410394600753999556e-02 1.644093520482401566e-02 1.574693518942990242e-02 1.790603033783632822e-02 1.300832078110091342e-02 1.299227672507009303e-02 1.177785731527748563e-02 1.710565984047308571e-02 1.600835710698708669e-02 1.747936525391506624e-02 1.536437692883197044e-02 1.370936480445341180e-02 1.352000300521116923e-02 1.111294143410479669e-02 1.463491763713474676e-02 1.234138023609415019e-02 1.310062319238382983e-02 1.321670897931013187e-02 2.236665581704543743e-02 1.245113166579499622e-02 1.525652805542378025e-02 1.208891120903892932e-02 1.548269898324098996e-02 1.338386806849678479e-02 1.335195029934045825e-02 1.437960830430989184e-02 1.359618709841528203e-02 1.329998091212134838e-02 1.731593039128273212e-02 1.520557858162980940e-02 1.456972907565264388e-02 1.474741358194628545e-02 1.552671298420695185e-02 1.532215985695292021e-02 1.382535074364120778e-02 1.295738294112178633e-02 1.346500708384475338e-02 1.394146857101762928e-02 1.391372008101601776e-02 1.403453362930950042e-02 1.378996906275930731e-02 1.539210311044085858e-02 1.400827514218604651e-02 1.294992931595437442e-02 1.479017678659274963e-02 1.821556952951519301e-02 1.545423097035214868e-02 1.586053734210875546e-02 1.433554752573861814e-02 1.406791563425104259e-02 1.341934208336467878e-02 1.647468122630572213e-02 1.635337025808459438e-02 1.287594344130534550e-02 1.196022952655321527e-02 1.415243160322424663e-02 1.508898619312588722e-02 1.514258854379672836e-02 1.458940523432602360e-02 1.305803646608648567e-02 1.582461589531543658e-02 1.492450203194537438e-02 1.466939911401135381e-02 1.389655879642328826e-02 1.306071171433952592e-02 1.397356704102976563e-02 1.682837151514865459e-02
1.006994732808056021e-02 1.294776595588820189e-02 0.000000000000000000e+00 1.127136104321886309e-02 1.143453576488273268e-02 1.668926793783854362e-02 1.090357464627162397e-02 1.128912365263921511e-02 1.143871157325772152e-02 1.028928769635301978e-02 1.522073310989101487e-02 1.124334397535656227e-02 1.296014016415591996e-02 1.148555714047200076e-02 1.237270139494562292e-02 1.307948242884204512e-02 1.186208714193988031e-02 1.447386860002363752e-02 1.183653376704712872e-02 1.114664342522841099e-02 1.326027087838163761e-02 1.089955277676479123e-02 1.173332950428651079e-02 1.831158716243510426e-02 1.171228131959158383e-02 1.183429225174513141e-02 1.294547466825394372e-02 1.405678365153731173e-02 1.003346982452908535e-02 1.162596185144779831e-02 1.165536653058884056e-02 1.030155982417307187e-02 1.295193236706675480e-02 1.192534604635339841e-02 1.119406782010134820e-02 1.260378270521945489e-02 1.103018583848931929e-02 1.184686715577879662e-02 1.235038510087694934e-02 1.824687773614911551e-02 1.149364246672229632e-02 1.126417778915019159e-02 1.454394449042297963e-02 1.250079442672138996e-02 1.383489677113293459e-02 1.407410080402375294e-02 1.397085357624681251e-02 1.035181020089556009e-02 9.482044856433880647e-03 1.571628429794530782e-02 1.020913978797106068e-02 1.309075367402214203e-02 1.164964506136088179e-02 1.151700929910038848e-02 1.410224891477582232e-02 1.286069773147036771e-02 1.187998160248212448e-02 1.169299692162727687e-02 1.233348689086587180e-02 1.175139981580003955e-02 1.150211057353249695e-02 1.282795056729188997e-02 1.531834236043234584e-02 1.454042108984482384e-02 1.682136461934847713e-02 1.158398033312550007e-02 1.138265354986690674e-02 9.966096023295211923e-03 1.603566598904357376e-02 1.485141515619283099e-02 1.642705513545766882e-02 1.554136300051706283e-02 1.227320574817045325e-02 1.194548001743006224e-02 9.517249269345861781e-03 1.317130008032927138e-02 1.069055268580535421e-02 1.260735444151243022e-02 1.155124755806227234e-02 2.153080821654163035e-02 1.076460283067754743e-02 1.401673721588518433e-02 1.028672713330036799e-02 1.410197929149813179e-02 1.188910988316237843e-02 1.189194379750795061e-02 1.225529466318464079e-02 1.196645840118197406e-02 1.174076820488361220e-02 1.635719847583042702e-02 1.383339424656810680e-02 1.313321255815883860e-02 1.347115543580863252e-02 1.427412892556745826e-02 1.406356396576264461e-02 1.233095022883983101e-02 1.142212662894689403e-02 1.194792978286438045e-02 1.261665614584836330e-02 1.250606704273416608e-02 1.250350842991353184e-02 1.236250276632949209e-02 1.418042715591544614e-02 1.257005256415727468e-02 1.125894018655204665e-02 1.344050616132205951e-02 1.706829020953807771e-02 1.414568746498248014e-02 1.466964612159784784e-02 1.293576217084139481e-02 1.258497362736715058e-02 1.194528161279262250e-02 1.533529958127976232e-02 1.512395713926805232e-02 1.133336729079797121e-02 1.111774342037392428e-02 1.257849717988990430e-02 1.377601198616948235e-02 1.395080559394847736e-02 1.246622271526895941e-02 1.081283845415384817e-02 1.471987306748789859e-02 1.265005580130536787e-02 1.336568733197468668e-02 1.232946988783150365e-02 1.148426698328613299e-02 1.246970917270000083e-02 1.575038954700089602e-02
1.052741813691730928e-02 1.289221501288876325e-02 1.127136104321886309e-02 0.000000000000000000e+00 1.069587992217400745e-02 1.666800937962234150e-02 1.154428007003080459e-02 1.088707418419401600e-02 1.144894266925098811e-02 1.084015048094882049e-02 1.512335941597387975e-02 1.106183810414529747e-02 1.364284158582718294e-02 1.133741760900359823e-02 1.224867597581639177e-02 1.300318038788562079e-02 1.192619058355057562e-02 1.442097087197745202e-02 1.187817746839286981e-02 1.110394248480967710e-02 1.321376483048968854e-02 1.095920620984258513e-02 1.155207139746670768e-02 1.822738981741235664e-02 1.154321763293460375e-02 1.158038512727673983e-02 1.290664855357709188e-02 1.389397518315427238e-02 9.459337716085220588e-03 1.147059335788811960e-02 1.086620858252289844e-02 1.064350101823957270e-02 1.272148842345626092e-02 1.120628358851446550e-02 1.106631989067869207e-02 1.254728561492509005e-02 1.088808146534686258e-02 1.156465936424642786e-02 1.162089985728221968e-02 1.818129426212031913e-02 1.139011656042416241e-02 1.111628016713222394e-02 1.423368862120676787e-02 1.239937694032178413e-02 1.375819695648038132e-02 1.399891169717916266e-02 1.387292644550481430e-02 1.024624677280293154e-02 9.526801530268552698e-03 1.555852755840477462e-02 1.059172059507729018e-02 1.282760905912141113e-02 1.165334360694893212e-02 1.153610361373061215e-02 1.396023169652377618e-02 1.285527766156865405e-02 1.179181371916206318e-02 1.098487724710808973e-02 1.207943152327442191e-02 1.157894883061043843e-02 1.143665122504136655e-02 1.281981019644216208e-02 1.523668126131426555e-02 1.442030382000008583e-02 1.680099174912723717e-02 1.152190349273243992e-02 1.130145459760948864e-02 9.785867063389564607e-03 1.592157840963700360e-02 1.479117228144521783e-02 1.633766955491419010e-02 1.547194010327096643e-02 1.142021019722243465e-02 1.177702610511188047e-02 9.871222396608550498e-03 1.312067980905996280e-02 1.040758455903010270e-02 1.255270824315120846e-02 1.154291231448670296e-02 2.139854295689150657e-02 1.068910951412233197e-02 1.392425435677277328e-02 1.016473267947412377e-02 1.420168040547449377e-02 1.190373224823849593e-02 1.182301858462493117e-02 1.275312269317099324e-02 1.119557989336783174e-02 1.159032284538742165e-02 1.627928602108632064e-02 1.384959333504813365e-02 1.310485921391467239e-02 1.327577950230180402e-02 1.422555104377948645e-02 1.394976243971210624e-02 1.222886850754571937e-02 1.121821955083739455e-02 1.163001393845407988e-02 1.241370729179107520e-02 1.239688087625018427e-02 1.251954059964335668e-02 1.226244931011193952e-02 1.396761188032002998e-02 1.240865330194761314e-02 1.055976466134121543e-02 1.249682929660624400e-02 1.706993441807917386e-02 1.409173084860440399e-02 1.453018803505542328e-02 1.289478956278537758e-02 1.237205145325100987e-02 1.174607409389927769e-02 1.527446086316000713e-02 1.513163680379232302e-02 1.108949365872820107e-02 1.096748525281508041e-02 1.266020023310660339e-02 1.290858177460193525e-02 1.376384472718776043e-02 1.307341437606103496e-02 1.133861009629832939e-02 1.459577758846026217e-02 1.350883357735630647e-02 1.317888102714285387e-02 1.225462889801677210e-02 1.133371275136910682e-02 1.162068447690156950e-02 1.559172850889658721e-02
1.000961107358449599e-02 1.220521033596925521e-02 1.143453576488273268e-02 1.069587992217400745e-02 0.000000000000000000e+00 1.677235257018236392e-02 1.170695713722648239e-02 1.132085852984960478e-02 1.148952834054256175e-02 1.099508115477110075e-02 1.522837398032557063e-02 1.108251108061747078e-02 1.382019413008938290e-02 1.153230674181702185e-02 1.160010375433255352e-02 1.299541683810078938e-02 1.208303120542284816e-02 1.426511959819377548e-02 1.206519730118683562e-02 1.129299422903366074e-02 1.332449154364261264e-02 1.104436074526418329e-02 1.106444514145627639e-02 1.830263325242347319e-02 1.158194059633072676e-02 1.186960746936751611e-02 1.301780832911115030e-02 1.406082118998678264e-02 9.980940146961570295e-03 1.171608204834833841e-02 1.155151910606747219e-02 1.094855712072778479e-02 1.208556876626184010e-02 1.197690715319238951e-02 1.131534017927352323e-02 1.268674021883609351e-02 1.105581983404002600e-02 1.106312392434961878e-02 1.242161489156382199e-02 1.826756842592183738e-02 1.143671571232581473e-02 1.130527300967743703e-02 1.358896292143308739e-02 1.254797336962664919e-02 1.394768654311322187e-02 1.414199789570742133e-02 1.393986455367171758e-02 1.043216115102261164e-02 1.004092691849692125e-02 1.570211387659994906e-02 1.080009454321063760e-02 1.316502720386514801e-02 1.179349019931776738e-02 1.169693336091482544e-02 1.408958339312550191e-02 1.297030331115767848e-02 1.196404535545268592e-02 1.169036332959811145e-02 1.150529367976549713e-02 1.106345335456720806e-02 1.159155272905021752e-02 1.278514181429210757e-02 1.533418042584302511e-02 1.450806989009786017e-02 1.690099487821139501e-02 1.161410190551077221e-02 1.132222460190668821e-02 9.450183314087801795e-03 1.604069346388437012e-02 1.482665264749203141e-02 1.644326143431767973e-02 1.546201385640293482e-02 1.212116911341807983e-02 1.193389530702926478e-02 9.973212084332107666e-03 1.332600437918657170e-02 1.069096422186751466e-02 1.263703597147024238e-02 1.171413216039181478e-02 2.152617929489561779e-02 1.091165441695566424e-02 1.406936195888857169e-02 1.031392906444569303e-02 1.428020094570286481e-02 1.188632753369802536e-02 1.201267929045778289e-02 1.302573096808200964e-02 1.206466831699933885e-02 1.101794645332219123e-02 1.640091871139428767e-02 1.396886889129723801e-02 1.313563069913372544e-02 1.341173695927173545e-02 1.438415907872430018e-02 1.401393506058139053e-02 1.240460752747591169e-02 1.130070828469889599e-02 1.191727291887272056e-02 1.264669156585347155e-02 1.249159338967984791e-02 1.270467528165321845e-02 1.231001414735154176e-02 1.411237296522283198e-02 1.262679725059762115e-02 1.133734244831701050e-02 1.337046034817314551e-02 1.714738872364909503e-02 1.429202025874689794e-02 1.464223352631896340e-02 1.216167170003980627e-02 1.267079451138101130e-02 1.197521370169356801e-02 1.539485795083280102e-02 1.511563191374763228e-02 1.122056640086810907e-02 1.113447295184817609e-02 1.260776813318998692e-02 1.371749898773781326e-02 1.390509909467622408e-02 1.324631431799760083e-02 1.147088115275857537e-02 1.469577878524731818e-02 1.364168847174456259e-02 1.338821030377421346e-02 1.237937274270533607e-02 1.140832575547927330e-02 1.244105051406044909e-02 1.568766869202614656e-02
1.622431960134888482e-02 1.775818733489195264e-02 1.668926793783854362e-02 1.666800937962234150e-02 1.677235257018236392e-02 0.000000000000000000e+00 1.585202671055150128e-02 1.665886310827091599e-02 1.676745861114689248e-02 1.643897954153043101e-02 1.932319327034090831e-02 1.660610539575402972e-02 1.830856133312624631e-02 1.581119648820741505e-02 1.735710356566117635e-02 1.785408219314116307e-02 1.698830778754036736e-02 1.862720786917505117e-02 1.709396766056596115e-02 1.659697629174416988e-02 1.778033293258076894e-02 1.650587715583672066e-02 1.695741014683360692e-02 2.167507572599484261e-02 1.677709642513898480e-02 1.596191608028292575e-02 1.772545369547603306e-02 1.837192823325441496e-02 1.582132490886048459e-02 1.689949646913844333e-02 1.681897284671386023e-02 1.636783344379592539e-02 1.776654229868463580e-02 1.705323880465702685e-02 1.660256093159257276e-02 1.752869977027128601e-02 1.553513380523459560e-02 1.697570420537389616e-02 1.729586355781446982e-02 2.161751916546316224e-02 1.682919894619767237e-02 1.663506384891761530e-02 1.881172037941885797e-02 1.720673694008283822e-02 1.836653517223551732e-02 1.855369468530342764e-02 1.842855294203185959e-02 1.603850742000987456e-02 1.589722093728916999e-02 1.962620371435840755e-02 1.632785045092437562e-02 1.773146100555540380e-02 1.699236338600020393e-02 1.675161991514745666e-02 1.854947980014644629e-02 1.761551554333056283e-02 1.690690607230642753e-02 1.693275010318515128e-02 1.733766404277913356e-02 1.692975271174990137e-02 1.684025069667506244e-02 1.762800515639825413e-02 1.926977170966025568e-02 1.871520252749671667e-02 2.053903873097764204e-02 1.678795378394930260e-02 1.672172933423795443e-02 1.584049311967281742e-02 1.984384261373347072e-02 1.905035414703449073e-02 2.018275374769097283e-02 1.951790448652016008e-02 1.726420941221682923e-02 1.703889933501077231e-02 1.578091886479495234e-02 1.787980679773213538e-02 1.625544106683439807e-02 1.747815294419172508e-02 1.676671794782692154e-02 2.444622454457246255e-02 1.632585067810653212e-02 1.835707788880173649e-02 1.599820329262477414e-02 1.865377526958400881e-02 1.714831610839254172e-02 1.695291817454697147e-02 1.772975448445984065e-02 1.719438975977055292e-02 1.697884124611591730e-02 1.999391960394579157e-02 1.829162353709590932e-02 1.781436587572090072e-02 1.811939829185916020e-02 1.859340656483569887e-02 1.846116559738537541e-02 1.728694133990011164e-02 1.672401307526117167e-02 1.698245726608171510e-02 1.750489320951530495e-02 1.735695413765621017e-02 1.750774714757434222e-02 1.726941059924020500e-02 1.851717709368766798e-02 1.743317307617359840e-02 1.665284739012276582e-02 1.801878516596729096e-02 2.070116807436265388e-02 1.859602554585647327e-02 1.888543262876480125e-02 1.780814234418895067e-02 1.737152174567569568e-02 1.707409172643529344e-02 1.779783023307565659e-02 1.930337199262022532e-02 1.665870778559792528e-02 1.656801372185404131e-02 1.764834142001018777e-02 1.830251175239906367e-02 1.840233512756985976e-02 1.791898067400547745e-02 1.679912148998117735e-02 1.885326382939159218e-02 1.809601338050748423e-02 1.790161016023303700e-02 1.737122016736298083e-02 1.660480499371728633e-02 1.738334142111431710e-02 1.964821874042417191e-02
1.084568275150918533e-02 1.319744792910659652e-02 1.090357464627162397e-02 1.154428007003080459e-02 1.170695713722648239e-02 1.585202671055150128e-02 0.000000000000000000e+00 1.146943589719245232e-02 1.168822542396414157e-02 1.106418427946486219e-02 1.539719178946668404e-02 1.133821442945622503e-02 1.385098982232207433e-02 1.162589393610049052e-02 1.252572564835395530e-02 1.311328095468836281e-02 1.205408734969996669e-02 1.464293501028001397e-02 1.206650869838083069e-02 1.075805041942819347e-02 1.257661287857811047e-02 1.124490316797565996e-02 1.199410092278960227e-02 1.838546407464554042e-02 1.187983819218418023e-02 1.188659926851794169e-02 1.245707035957735465e-02 1.412274477128161107e-02 1.030935482595834833e-02 1.180083884424517650e-02 1.172820312471517523e-02 1.115585103622422983e-02 1.317649308894314197e-02 1.206832177817472943e-02 1.081323164573735202e-02 1.285321105007797282e-02 1.105540426723231918e-02 1.204284663327692510e-02 1.244042280555050090e-02 1.824430766515013069e-02 1.174428432314877750e-02 1.142090406902308494e-02 1.467830677076877033e-02 1.272260729869941973e-02 1.399727164128782876e-02 1.424933528206954667e-02 1.400911971432577605e-02 1.054272244426814227e-02 1.024835550090643331e-02 1.582024616572790324e-02 1.102478013156374392e-02 1.317389144007647186e-02 1.199948038440596006e-02 1.168221841692667316e-02 1.431552252838553911e-02 1.217788082784090030e-02 1.212953617277151390e-02 1.196671432010502911e-02 1.250782006080848260e-02 1.200604830767683026e-02 1.167552484174566758e-02 1.302288070209094324e-02 1.535193065146817082e-02 1.460626363260798984e-02 1.691543939484978915e-02 1.104869050127167858e-02 1.158524008673295254e-02 1.025345630085544406e-02 1.605369245203276327e-02 1.483665513589993261e-02 1.647360586772940103e-02 1.568188790854846415e-02 1.243395683947454838e-02 1.219359125636987166e-02 1.017367389326996607e-02 1.344114090234407866e-02 1.088257414737279875e-02 1.272404285626591372e-02 1.091204754380503683e-02 2.159994639273982164e-02 1.110159905311418858e-02 1.407405656932123918e-02 1.041051152655753272e-02 1.445497038043482528e-02 1.222172380264746963e-02 1.146220544115278406e-02 1.304951041906758993e-02 1.234379611843272433e-02 1.189455487248457059e-02 1.649556631575199717e-02 1.396962361295477767e-02 1.325587946322323921e-02 1.366593357842950385e-02 1.357422124185461536e-02 1.410688054054828715e-02 1.178301474520956904e-02 1.150686003196883453e-02 1.213055121010638525e-02 1.283385424806394656e-02 1.259623547624829157e-02 1.279305304100203898e-02 1.255606788152604722e-02 1.423521276718731077e-02 1.273479057933211284e-02 1.157976577757557565e-02 1.364943193108222354e-02 1.629755363438233767e-02 1.433987220822134992e-02 1.474630825261185121e-02 1.313184584747430217e-02 1.272094336270722381e-02 1.208785204622406066e-02 1.534021559968198715e-02 1.528022774589767561e-02 1.143473224365492563e-02 1.133277259888124111e-02 1.292821053497013491e-02 1.392180433180536039e-02 1.401602157914832308e-02 1.323988478952516784e-02 1.167754495316273601e-02 1.472898501462958747e-02 1.288226259138430807e-02 1.342001025334943302e-02 1.243046638513309668e-02 1.152454266681310867e-02 1.265715278911607941e-02 1.575719064804395608e-02
1.058393105214081031e-02 1.288751226027068028e-02 1.128912365263921511e-02 1.088707418419401600e-02 1.132085852984960478e-02 1.665886310827091599e-02 1.146943589719245232e-02 0.000000000000000000e+00 1.136821267864946208e-02 1.087582269034087848e-02 1.520491702015558735e-02 1.109123107501750090e-02 1.365770884314555789e-02 1.142394915622535825e-02 1.227851226906317636e-02 1.295612339036290341e-02 1.185615095348995125e-02 1.442785920453292133e-02 1.184725322165852517e-02 1.109194082230228334e-02 1.319356631434418468e-02 1.090448658279786175e-02 1.165274860081629525e-02 1.812750298686633885e-02 1.148443403654416002e-02 1.161356705172424814e-02 1.291463124035516739e-02 1.383341406743552118e-02 9.391581273819617562e-03 1.085536052534698780e-02 1.143686113625737473e-02 1.075848626954959038e-02 1.277359257502668627e-02 1.114342711338198871e-02 1.051995860572249239e-02 1.249659261435907831e-02 1.083730177425729774e-02 1.163514114594978860e-02 1.219552168023660919e-02 1.816800580645710345e-02 1.127763258486336531e-02 1.100797959811494753e-02 1.434905977419160920e-02 1.245801072365289482e-02 1.371987810738003327e-02 1.406905934214764016e-02 1.381208633264512618e-02 1.022284118691466244e-02 9.498592668191621971e-03 1.549159513684959799e-02 1.058080190657150962e-02 1.302550747815111459e-02 1.158253204594355233e-02 1.143877794954438129e-02 1.393911971327902420e-02 1.267815658408715830e-02 1.178112747002919153e-02 1.093875589845196873e-02 1.194057742154371569e-02 1.171030266765911779e-02 1.145023648124520767e-02 1.281043858251392463e-02 1.507523718269940770e-02 1.441374072340858778e-02 1.672930237169745205e-02 1.134324984513686990e-02 1.134048187036492718e-02 9.834163067031422012e-03 1.587119218216105632e-02 1.478945985496962073e-02 1.630795516935164627e-02 1.547665354170771161e-02 1.148531045124965601e-02 1.189041500323316687e-02 9.859325800412162277e-03 1.309628323897167601e-02 1.044291130690194573e-02 1.253898000811762628e-02 1.148380913618082984e-02 2.138679613147063951e-02 1.074121911651723139e-02 1.391014919346281881e-02 9.487103388117529637e-03 1.421082292100446683e-02 1.185142184218363273e-02 1.176244183052628164e-02 1.290254945295326271e-02 1.194174934038529957e-02 1.165170899451265993e-02 1.626245738753609796e-02 1.382264474514919433e-02 1.305192698970971885e-02 1.338039568759318704e-02 1.422833495461756949e-02 1.307596038946369325e-02 1.211818346182108076e-02 1.108102930867501182e-02 1.182122147587797399e-02 1.254329739046347245e-02 1.238576182138650603e-02 1.250189018977671679e-02 1.226029420024899591e-02 1.301999629162481527e-02 1.231725850515374976e-02 1.124054187981033022e-02 1.247309111611234235e-02 1.711786238661188245e-02 1.418427880014019177e-02 1.443288072221316463e-02 1.292769992033786924e-02 1.253382301559121358e-02 1.158471543510888185e-02 1.526994548202323561e-02 1.512170202497410514e-02 1.103431522292800705e-02 1.038392343300432660e-02 1.266295331052342231e-02 1.366187017044199689e-02 1.384652081230782622e-02 1.311636584183784385e-02 1.126379465710090899e-02 1.459201066904669553e-02 1.349274396046174461e-02 1.237743196259459555e-02 1.224010909025015879e-02 1.126596262563489201e-02 1.235391618278108665e-02 1.558402088870907039e-02
1.009615375683753889e-02 1.223614192518121015e-02 1.143871157325772152e-02 1.144894266925098811e-02 1.148952834054256175e-02 1.676745861114689248e-02 1.168822542396414157e-02 1.136821267864946208e-02 0.000000000000000000e+00 1.103135045204855363e-02 1.536463330221223694e-02 1.134966091002828810e-02 1.385433730097033501e-02 1.167618009486721085e-02 1.232562423137719375e-02 1.309678015398474046e-02 1.205723864154391659e-02 1.440904412571807243e-02 1.210791489389501790e-02 1.078874571693458351e-02 1.337336214522861708e-02 1.114915027892473230e-02 1.186761683862297759e-02 1.838909113799352263e-02 1.179947275314686267e-02 1.194010479725820736e-02 1.319106722183138562e-02 1.410822982592314229e-02 1.021464716092512250e-02 1.171631527637524879e-02 1.166638857322518062e-02 1.043301488378838189e-02 1.311473048518367775e-02 1.209415631914581568e-02 1.082804525240904994e-02 1.280632444182624487e-02 1.057761477309998414e-02 1.187575459604244162e-02 1.253686271675169377e-02 1.833854668553266259e-02 1.167055625983308420e-02 1.128171478515996827e-02 1.463020892221907586e-02 1.257670711238273800e-02 1.403085259973176936e-02 1.426276976532442169e-02 1.398045921775300376e-02 1.053546280324145316e-02 1.019766550705450761e-02 1.573402194306280921e-02 1.090623678656664659e-02 1.324634503318973186e-02 1.124708771389536233e-02 1.173184986988696187e-02 1.428168000016594684e-02 1.299187050690034373e-02 1.193289767932855135e-02 1.173837935197162737e-02 1.246020924189221619e-02 1.190729222625708066e-02 1.164063237542501371e-02 1.291760314556353144e-02 1.536402552237786309e-02 1.464654185070167133e-02 1.690642046143911101e-02 1.170999566863408468e-02 1.140743689516199831e-02 1.012343273055964568e-02 1.611713301622606440e-02 1.491574220034251087e-02 1.652939750698654425e-02 1.554336869751749874e-02 1.239509027594765112e-02 1.206044904544589964e-02 9.520796978056312795e-03 1.340196666057284249e-02 1.088544320817237156e-02 1.262076260051196198e-02 1.174090119946273256e-02 2.160328527527987166e-02 1.094650771749638464e-02 1.407878552107041589e-02 1.041933913268421573e-02 1.431765084927115635e-02 1.134882415466879034e-02 1.204365782882057569e-02 1.314110723731468783e-02 1.225066100965932665e-02 1.192030040829622842e-02 1.545900578700902875e-02 1.404921771322699235e-02 1.333205850185656058e-02 1.356105181444774467e-02 1.437542775772620955e-02 1.416963714966347487e-02 1.243218988391690642e-02 1.147512446796616209e-02 1.209724471367736379e-02 1.279640246670241815e-02 1.259282822134343872e-02 1.270050485174585922e-02 1.242382629382527727e-02 1.426742002263972457e-02 1.268095630671230503e-02 1.138043003643387542e-02 1.356339634909545407e-02 1.729068485218298798e-02 1.432180116978065861e-02 1.478281648997224751e-02 1.310502677190934946e-02 1.278267815794884715e-02 1.198201280486662842e-02 1.530976118921913327e-02 1.525929541601827796e-02 1.144070164965937421e-02 1.056258400520798321e-02 1.283483114899514749e-02 1.384647233644163700e-02 1.323045438655045224e-02 1.339833639470752041e-02 1.150666226800530975e-02 1.479917036417121787e-02 1.371931111085670542e-02 1.342664977857431323e-02 1.256012423797691659e-02 1.160777803173495583e-02 1.263395897056371689e-02 1.583428569347804238e-02
9.919674159337523930e-03 1.264061939173150712e-02 1.028928769635301978e-02 1.084015048094882049e-02 1.099508115477110075e-02 1.643897954153043101e-02 1.106418427946486219e-02 1.087582269034087848e-02 1.103135045204855363e-02 0.000000000000000000e+00 1.403411511723024439e-02 1.070167060864861235e-02 1.332130264914834633e-02 1.111271185755844347e-02 1.202161609041405531e-02 1.274652720232529769e-02 1.157704238780012627e-02 1.414186009563488805e-02 1.150095633244942184e-02 1.016477530004637059e-02 1.286622149506627330e-02 9.775022487459560094e-03 1.120304413550601147e-02 1.792554445367406865e-02 1.126241048452817327e-02 1.143038002803139185e-02 1.263262491005104175e-02 1.355569862396140308e-02 9.518901896752404723e-03 1.110020761376379235e-02 1.119619112747897646e-02 1.024643241638910351e-02 1.256222626476439716e-02 1.160520638931847835e-02 1.073981841344871964e-02 1.228851793886536620e-02 1.047694782223352120e-02 1.136399579008584744e-02 1.203711007626645166e-02 1.790071459812902360e-02 1.043844370643863192e-02 1.081870084300015633e-02 1.414473139492719751e-02 1.206248832746394453e-02 1.354070862325583435e-02 1.361771167551861957e-02 1.352363022104698803e-02 9.262599139289296943e-03 9.413704412046555031e-03 1.539058492483100053e-02 1.023550358050512310e-02 1.277479269315347915e-02 1.075284062259303404e-02 1.111741123010511791e-02 1.375611419972168521e-02 1.248478804149123073e-02 1.150478895799133226e-02 1.125053620924269283e-02 1.188460475398911420e-02 1.130944303367800025e-02 1.037595675918635829e-02 1.177845547307595359e-02 1.498519901185674762e-02 1.403734871593387799e-02 1.568274959430049353e-02 1.118097328273407430e-02 1.097446954545982546e-02 9.020407000894830468e-03 1.569848547111855550e-02 1.456121079651133757e-02 1.609947978314049330e-02 1.505784983143331097e-02 1.185887957424615162e-02 1.126324100673820570e-02 9.502484464834254699e-03 1.277081438394106136e-02 1.019222256641760978e-02 1.230700345183282328e-02 1.115300946445802258e-02 2.126489315569472446e-02 9.621649607741344576e-03 1.365220474199315033e-02 9.790104102769901090e-03 1.315979278671859133e-02 1.156390115704586039e-02 1.147469205920690662e-02 1.255398702715510885e-02 1.168415686299224127e-02 1.132681431041175635e-02 1.609177830414739233e-02 1.343309050627716945e-02 1.285302183957451154e-02 1.306248250275209195e-02 1.403682659861080900e-02 1.366276458090260118e-02 1.195079831314153906e-02 1.091011609904394761e-02 1.153387460150554281e-02 1.216514708165777024e-02 1.180388307503850605e-02 1.208754936359602260e-02 1.188202806892621304e-02 1.380310577214847144e-02 1.221180767221389553e-02 1.013970523233380557e-02 1.312079022245258783e-02 1.691038120314358045e-02 1.386621868828472569e-02 1.432093659790298519e-02 1.265800391053078372e-02 1.214039302248888334e-02 1.140067129825376654e-02 1.502597173887411722e-02 1.473181788006895296e-02 1.085853165663105621e-02 1.069331773411535437e-02 1.236523688757536557e-02 1.345758411613117225e-02 1.353504639031215262e-02 1.286471488722648604e-02 1.100976476737321706e-02 1.442145829121895678e-02 1.244720272910030193e-02 1.300429454642028186e-02 1.196913548463656406e-02 1.101852851545532738e-02 1.203161437021031503e-02 1.540982966671307700e-02
1.465328312576543411e-02 1.640695520833444776e-02 1.522073310989101487e-02 1.512335941597387975e-02 1.522837398032557063e-02 1.932319327034090831e-02 1.539719178946668404e-02 1.520491702015558735e-02 1.536463330221223694e-02 1.403411511723024439e-02 0.000000000000000000e+00 1.501570887220114725e-02 1.698454516143314136e-02 1.534481910505360383e-02 1.595026489609177936e-02 1.651176165061920068e-02 1.568391557930083266e-02 1.743030101783912128e-02 1.569645002782964899e-02 1.512090461628798864e-02 1.655984708371554398e-02 1.488313242241813203e-02 1.454448653661348165e-02 2.054399496375359027e-02 1.544645028943550207e-02 1.549262526777189439e-02 1.635062630480356438e-02 1.707928042495335946e-02 1.432976475902608161e-02 1.544530042059002496e-02 1.534865483337907732e-02 1.486815856711762307e-02 1.639211443196353021e-02 1.568577339441522625e-02 1.518476725855224911e-02 1.613910921575316404e-02 1.487261585927168381e-02 1.553775080469108061e-02 1.588240343091948739e-02 2.062069181232482895e-02 1.524252928162164039e-02 1.517273384080203985e-02 1.753744417861430663e-02 1.598711987802715895e-02 1.698329148484170603e-02 1.706689382364375701e-02 1.711232388428879370e-02 1.433499323890402057e-02 1.431054241186557364e-02 1.847875442193960133e-02 1.487760741870467265e-02 1.638477519751201095e-02 1.543313189347336398e-02 1.540195250327197792e-02 1.727019260955367161e-02 1.634715346727330307e-02 1.556819894350024332e-02 1.547752528830974826e-02 1.590494952234582093e-02 1.552528811753257389e-02 1.524878169368277386e-02 1.614973953082097721e-02 1.815902994280512578e-02 1.753697963257232553e-02 1.937658474918998314e-02 1.540687155035175282e-02 1.526749674090647178e-02 1.418761367444095790e-02 1.861663377899082025e-02 1.783126160414544303e-02 1.903341203838423978e-02 1.828947755432092787e-02 1.585666080634609565e-02 1.459317867264037054e-02 1.426889276462754881e-02 1.658541764093124718e-02 1.474245000359337976e-02 1.617005696652768290e-02 1.535732301683523371e-02 2.361136457296019592e-02 1.468239118071884217e-02 1.714933306196258361e-02 1.449400852289610409e-02 1.728517469813128232e-02 1.571660334191150865e-02 1.563295638351999348e-02 1.625571935879576921e-02 1.569086669410822352e-02 1.541188725080026509e-02 1.904655707653756316e-02 1.707064009788285611e-02 1.655065453473948678e-02 1.675555954517997728e-02 1.742516551564524119e-02 1.715844625489250375e-02 1.592476825954325034e-02 1.525594251785206135e-02 1.552837993887565445e-02 1.594366045728639464e-02 1.493397914537054720e-02 1.612290727062958354e-02 1.583223007088974121e-02 1.723977984780835152e-02 1.610101264095028378e-02 1.417601008959107518e-02 1.674960458098646160e-02 1.972986474515370930e-02 1.731606560045340776e-02 1.747815899572701531e-02 1.642848963092763750e-02 1.503212706635793754e-02 1.564885967190302735e-02 1.808830121059912255e-02 1.807985249816267126e-02 1.507391507837749917e-02 1.509368998591196012e-02 1.626872304053902235e-02 1.690960739139429903e-02 1.702775259934298860e-02 1.659657136416845674e-02 1.535656202176938386e-02 1.770912987917076103e-02 1.678573999542712011e-02 1.663886901324732742e-02 1.599181379497515917e-02 1.527300721347765906e-02 1.595436307007452523e-02 1.840947555793538692e-02
1.027320687569666449e-02 1.277086009112886680e-02 1.124334397535656227e-02 1.106183810414529747e-02 1.108251108061747078e-02 1.660610539575402972e-02 1.133821442945622503e-02 1.109123107501750090e-02 1.134966091002828810e-02 1.070167060864861235e-02 1.501570887220114725e-02 0.000000000000000000e+00 1.365029988372833472e-02 1.128925100494424655e-02 1.145615451549327618e-02 1.291470709778820558e-02 1.184185074064138775e-02 1.428469879312907823e-02 1.183196694864919324e-02 1.108930595222300079e-02 1.235422067030256081e-02 1.082450483369861577e-02 1.158641544651843602e-02 1.810965675687420742e-02 1.145729329034237721e-02 1.166801289619320142e-02 1.268520967804591566e-02 1.380014269591677174e-02 9.332494468522073774e-03 1.143581631874180521e-02 1.145224288269468087e-02 1.072573821957675290e-02 1.284235975138748112e-02 1.174880780137889380e-02 1.104580791489823133e-02 1.244438361930603684e-02 1.062753452537196913e-02 1.154367469804682203e-02 1.221644980834294021e-02 1.800144113321433190e-02 1.131648503661777591e-02 1.045550676338506853e-02 1.433819232289905606e-02 1.233213692096510501e-02 1.367147247208839837e-02 1.395388114762384849e-02 1.380792518720610693e-02 9.556798990514933992e-03 9.882025655721351359e-03 1.555845777383490190e-02 1.065251473572395233e-02 1.297625052334527330e-02 1.159856179385032778e-02 1.139285286995357811e-02 1.405906052802262732e-02 1.275753632234758080e-02 1.096835093436622499e-02 1.159768295873371199e-02 1.200997062414302895e-02 1.093725203772419850e-02 1.122662043244111035e-02 1.266149463750727844e-02 1.511087256660111761e-02 1.434291079645555293e-02 1.675140220654907502e-02 1.071199531330843148e-02 1.063827961974583847e-02 9.676649536936537607e-03 1.582004184890650061e-02 1.469623484961336130e-02 1.628880566681815967e-02 1.535195589085993143e-02 1.214075275639721167e-02 1.176208529718424795e-02 9.726520047650722561e-03 1.314988993572785252e-02 1.037938013453904539e-02 1.238668919285254577e-02 1.127815604015544593e-02 2.142964328533379648e-02 1.050711256874654366e-02 1.381786823385312661e-02 1.009078225288356778e-02 1.417615100701524397e-02 1.176015598539186489e-02 1.170659700056351712e-02 1.275324427209059870e-02 1.185892781932456827e-02 1.159679443877915592e-02 1.622686344082313256e-02 1.372766795405043136e-02 1.296085131152147941e-02 1.329115442056527478e-02 1.422295714953054901e-02 1.390328763579338871e-02 1.210889142609468221e-02 1.053801162146466783e-02 1.170882537796440193e-02 1.240369477946432278e-02 1.153937279498356248e-02 1.246162322349739920e-02 1.213077225472152312e-02 1.393933145005944209e-02 1.234766490287571121e-02 1.049283761755348370e-02 1.332938325971704321e-02 1.709522360743230204e-02 1.411211990687890466e-02 1.454183878450010514e-02 1.211788884194732463e-02 1.241851993041104794e-02 1.168011022586597052e-02 1.515843276313826038e-02 1.508468582339774801e-02 1.110039486935941906e-02 1.073912495098315253e-02 1.253166813263205566e-02 1.363641474859810139e-02 1.375582789883341220e-02 1.316562721633768134e-02 1.124296532032839115e-02 1.441384485817136067e-02 1.346572729942342901e-02 1.312117305955682114e-02 1.214915630838153682e-02 1.114276002235167762e-02 1.235518127658483470e-02 1.543903693439628577e-02
