0.000000000000000000e+00 8.800763842480100949e-03 8.301274927443627952e-03 8.523763163641602178e-03 8.838400885247307479e-03 7.960207216772506589e-03 8.682116180674069594e-03 8.673123762020637159e-03 8.328407886190531892e-03 9.074477426108984099e-03 8.746550672306757646e-03 8.331888856811749122e-03 8.259645667453343817e-03 8.347439856655911039e-03 8.158483416324269558e-03 8.524418867540720438e-03 8.554696880531172803e-03 8.690945752178829906e-03 8.674011463817484988e-03 8.564634615621076474e-03 8.773144194200395429e-03 8.137052807756232214e-03 7.840780139476852262e-03 9.086076007384586220e-03 9.634738469427639451e-03 8.140772687797084156e-03 8.283578515564453751e-03 8.804260027162866958e-03 8.681862146725409859e-03 8.505969530733958894e-03 8.682797448335768595e-03 9.152985412040275798e-03 9.711800616883897730e-03 9.349509764449832200e-03 9.777434859382845914e-03 1.004110683529044722e-02 9.818885004382302967e-03 9.999619710331893521e-03 9.567995362149988095e-03 9.525096777101400847e-03 9.846907579109822825e-03 9.915689823444855805e-03 9.209193061184433454e-03 9.311005521621154926e-03 9.593864617757560942e-03 9.703280807135354971e-03 9.750190803139982196e-03 9.772242188789486209e-03 9.511640111402352646e-03 9.516914312090245590e-03 9.226190583345318663e-03 9.480303034163356860e-03 9.303294591368553232e-03 1.105636890728652066e-02 9.322562871270829304e-03 9.691395772076867934e-03 1.057627404962715317e-02 9.443028633884582856e-03 9.614456127557690496e-03 1.001864351631334520e-02 9.537176633695135936e-03 9.215638940099092277e-03 9.707256399830149068e-03 9.287999034677817817e-03 9.350684590352695280e-03 9.572622508399162428e-03 9.580474836298693772e-03 9.982740243450853590e-03 1.040411656764933350e-02 9.649475142488175144e-03 9.074274467590306981e-03 9.751961249236522009e-03 9.499917964205750048e-03 9.418542780550778759e-03 9.359166278707755152e-03 1.060538844661761994e-02 9.575692474926639913e-03 1.000626335373872196e-02 9.644872012132430991e-03 9.716996160959015527e-03 9.903747611767087580e-03 9.872914655116820162e-03 9.593387750165542627e-03 9.869701696230631996e-03 9.325124354584095332e-03 9.634581131399170759e-03 9.670772243167551421e-03 9.712463600530591573e-03 1.006292730017198898e-02 9.516116107634739474e-03 9.898119268587038388e-03 9.478299600517490694e-03 9.502815306690615138e-03 1.002881581042108436e-02 9.402982866368128981e-03 9.903094284273043779e-03 9.703169825293848222e-03 9.488336630187341539e-03 9.867666869036497909e-03 1.031916128219746709e-02 9.869731699679447703e-03 9.823241002905816130e-03 9.388010167451426441e-03 9.734765355133928599e-03 1.048576416666741409e-02 9.974187114491472536e-03 9.962345163512215107e-03 1.039694721185126930e-02 9.396961158733672589e-03 9.582888581394917796e-03 9.324888107830631503e-03 1.022090095776136826e-02 9.701272677932699928e-03 9.495559496785748593e-03 9.821396219824907875e-03 1.014707640944676782e-02 1.022517342721495151e-02 9.682963422189156191e-03 1.029597572146350067e-02 1.006582266644393507e-02 1.030231084981305181e-02 1.004610597950780955e-02 9.398276871648821376e-03 9.693310230473709682e-03 9.418112535573421734e-03 9.259756671674855555e-03 9.898566071246532247e-03 9.496893908684784710e-03
8.800763842480100949e-03 0.000000000000000000e+00 8.038560456172844440e-03 8.534469368113939761e-03 8.567082521804075812e-03 7.708270595593079769e-03 8.440594581272206631e-03 8.415656835702729766e-03 8.057252121897054073e-03 8.567901642533947218e-03 8.230051986627575158e-03 8.065439675720339693e-03 8.023593751638996574e-03 8.067949130136850555e-03 7.883362017790395554e-03 8.536901192516344397e-03 8.333148981449118448e-03 8.414114135449896406e-03 8.687105124519749200e-03 8.040358394031065642e-03 8.276448544987645775e-03 7.871714266729286369e-03 7.773981245691933065e-03 8.805531979922223348e-03 9.136448508258473641e-03 7.873244735808330660e-03 8.027885720748206139e-03 8.275305224504396137e-03 8.425747371625359750e-03 8.254509790834521285e-03 8.437730261750856289e-03 8.904479003874784040e-03 9.503689581212023882e-03 9.132226168730028446e-03 9.561235003351653550e-03 9.841074028529937096e-03 9.613525492638417408e-03 9.798553110030484500e-03 9.366068260320300001e-03 9.312194410180853893e-03 9.643236979637179879e-03 9.712787993348369342e-03 8.994939704129773991e-03 9.092716365729135164e-03 9.383190452975210746e-03 9.495394219543267997e-03 9.543671389925359461e-03 9.573392379187625756e-03 9.298959802683805578e-03 9.304042381632324915e-03 9.006174876939934335e-03 9.267171098948411359e-03 9.084968075825049921e-03 1.087764437244735476e-02 9.104575904351753374e-03 9.483396221473450530e-03 1.038784791340941448e-02 9.228593227463055548e-03 9.404434621455640131e-03 9.818091576528315684e-03 9.324770588096061019e-03 8.994486254415238330e-03 9.499742854120554053e-03 9.078315702389306435e-03 9.130243147490621838e-03 9.357735634604241390e-03 9.366320368741878205e-03 9.779763714040549255e-03 1.020885233407598652e-02 9.436964506987086804e-03 8.836831325362001083e-03 9.541749655358738175e-03 9.283102070258831412e-03 9.199441160259724803e-03 9.145621279987690630e-03 1.041476485546910351e-02 9.369144756689672116e-03 9.802981980378835947e-03 9.432261667368678493e-03 9.507227140492662681e-03 9.697037687433228761e-03 9.656155513492345466e-03 9.379146738245839124e-03 9.662552414215746371e-03 9.103258939509499201e-03 9.421386607832702917e-03 9.458186489543487716e-03 9.501772586459738754e-03 9.860031265946622367e-03 9.299805082584549840e-03 9.691423160703649398e-03 9.260424695579713358e-03 9.276784619556777134e-03 9.825432918092978640e-03 9.183906135883709160e-03 9.697482210807900974e-03 9.491940456692335784e-03 9.272711692460702815e-03 9.660808414519949511e-03 1.012322655557220709e-02 9.664284354548337286e-03 9.615410130962504312e-03 9.178008871621082254e-03 9.524576571196000097e-03 1.029331079319496800e-02 9.770019897397334840e-03 9.757559220081483270e-03 1.020212939990887413e-02 9.169113175961725662e-03 9.368779268161665438e-03 9.104263058493799673e-03 1.002349404290671549e-02 9.491031725107339223e-03 9.279840800614742174e-03 9.613178954113460115e-03 9.947325926595845108e-03 1.002751729501298594e-02 9.472217281509650449e-03 1.009890102342955037e-02 9.863948911592387500e-03 1.010572803488418367e-02 9.844794126955193347e-03 9.171161074109236699e-03 9.482188069771472355e-03 9.200486680316935506e-03 9.037123882873566993e-03 9.693154416886553756e-03 9.280569773783570869e-03
8.301274927443627952e-03 8.038560456172844440e-03 0.000000000000000000e+00 8.283759639036608266e-03 8.309014443908004088e-03 7.422015822977505277e-03 8.209789889882404199e-03 8.173089483321691398e-03 7.798291331866143671e-03 8.319737975898217064e-03 8.226226966412088920e-03 7.804479241051348604e-03 7.986968357399072682e-03 7.577388686968672057e-03 7.624648205075571471e-03 8.024163065882963103e-03 8.053346557389430907e-03 8.214895390913575651e-03 8.200299248182262371e-03 7.778593158559761120e-03 8.274618606998757758e-03 7.590503836426004160e-03 7.287605463552725669e-03 8.339013933294505201e-03 8.921701160265494215e-03 7.596816014779420902e-03 7.763860947996322967e-03 8.027887005687340399e-03 8.437881341804218116e-03 7.993099322122680997e-03 8.195678573691340604e-03 8.693299601072523169e-03 9.294285036588524965e-03 8.912404300721880196e-03 9.352953017672714642e-03 9.639704057409055615e-03 9.406804439632959758e-03 9.596372265794262182e-03 9.143703738759183589e-03 9.097286311400278394e-03 9.436563777520954113e-03 9.508234202221873752e-03 8.764507358354241620e-03 8.871512073719273542e-03 9.170018198523807035e-03 9.285430431027641429e-03 9.334504391134573059e-03 9.358442628242813477e-03 9.083733531641298778e-03 9.088549502749758077e-03 8.782110230146411567e-03 9.050670998406645795e-03 8.863342430743255049e-03 1.069729170980182262e-02 8.883711586858467069e-03 9.272902829149328591e-03 1.019844312935761464e-02 9.011645164590111057e-03 9.191814831906086961e-03 9.615975461923954512e-03 9.110668414634797568e-03 8.770707535675775421e-03 9.289448850417934486e-03 8.856588694156444438e-03 8.914150736703971289e-03 9.148639857723165139e-03 9.157449298396295317e-03 9.588660561805904467e-03 1.001932598902402320e-02 9.229173462085338980e-03 8.620734339440137145e-03 9.336593591831494204e-03 9.071295145559876705e-03 8.985408006359883390e-03 8.923538473883841846e-03 1.022918238295204840e-02 9.152274224329532554e-03 9.604419705647480876e-03 9.224343464428354580e-03 9.300654724318678165e-03 9.496561771709188457e-03 9.462830205730406868e-03 9.169913259397659624e-03 9.460725704986310339e-03 8.886783699928461205e-03 9.213252641998273887e-03 9.251968678487841602e-03 9.295319030234158730e-03 9.663216358593969268e-03 9.088461460311331522e-03 9.490256193728851403e-03 9.048931204809059978e-03 9.073754206609118550e-03 9.627467311234224820e-03 8.969411788460840071e-03 9.495921573052481385e-03 9.285891961349108936e-03 9.068526312980927997e-03 9.458689597356096171e-03 9.931362837614851613e-03 9.470898080548226239e-03 9.412257550210353235e-03 8.955168991526167924e-03 9.319092067286991257e-03 1.010442803908716096e-02 9.570676817774299849e-03 9.558399544575713058e-03 1.001207898563333774e-02 8.954244763789051195e-03 9.159002141208589381e-03 8.887857628204426721e-03 9.829306030061839630e-03 9.284378897424562863e-03 9.067737505723294164e-03 9.410523824272246443e-03 9.751618124925708758e-03 9.833845822555980706e-03 9.265577575232140234e-03 9.906871284015197898e-03 9.667031810292495836e-03 9.913846848632439090e-03 9.646945591131068226e-03 8.964285171802133939e-03 9.275916532469232270e-03 8.994174817247697212e-03 8.818801405081826833e-03 9.491641090211140955e-03 9.068722893748442856e-03
8.523763163641602178e-03 8.534469368113939761e-03 8.283759639036608266e-03 0.000000000000000000e+00 8.249076045021555212e-03 7.656965918069615074e-03 8.413103864946468516e-03 8.655035111187472582e-03 8.286344372665982450e-03 8.516594186412361836e-03 8.177747103246419194e-03 8.040523060365619562e-03 7.998505790263862533e-03 7.806963440960756721e-03 7.840518496004793975e-03 8.256276396041834637e-03 8.271229357694412018e-03 8.444738215132103348e-03 8.646900071161775156e-03 8.296580624953267535e-03 8.221506654693724533e-03 7.819733349361646102e-03 7.526768032322924372e-03 8.533238651899581473e-03 9.428597724944016642e-03 7.845662090295156543e-03 7.962822000306186976e-03 8.227911778447387359e-03 8.412943831298581171e-03 8.497941416029176562e-03 8.392155654673973120e-03 9.173782442652536270e-03 9.423551910621517924e-03 9.047986113281572540e-03 9.480033487343988638e-03 9.771690037309177859e-03 9.544207935444130875e-03 9.740626879893556078e-03 9.284976814949200477e-03 9.238427033910919656e-03 9.563186998498573316e-03 9.643040153185239091e-03 8.903198431170244662e-03 9.007746791854233728e-03 9.300645119848448619e-03 9.413390181020712955e-03 9.472129048617645639e-03 9.485756319047971771e-03 9.224939077271974985e-03 9.229698007552295316e-03 8.920057567844769802e-03 9.183964861230187182e-03 9.000076715498350755e-03 1.080809418375069421e-02 9.019388419256335956e-03 9.402122005595755366e-03 1.031500581993628415e-02 9.146513317965719939e-03 9.322883013489867768e-03 9.729813704102974192e-03 9.254228405578076092e-03 8.908510860732127626e-03 9.426777671032273917e-03 8.763384634048351080e-03 9.072606268522111217e-03 9.300355003630305858e-03 9.309789230106144814e-03 9.725335323982816152e-03 1.015855112382727660e-02 9.380746232563970388e-03 8.776981523018317563e-03 9.486796678572401859e-03 9.225783644700360359e-03 9.141639366376248799e-03 9.081636383238783292e-03 1.036465236278082645e-02 9.305849309708307329e-03 9.739153671916325056e-03 9.376184434466500184e-03 9.449063823063827763e-03 9.643303820848643168e-03 9.601907655446337633e-03 9.321553066903492946e-03 9.608009084161529129e-03 9.044063312420302925e-03 9.364128122659739345e-03 9.403017650461698018e-03 9.444876513762657036e-03 9.806955815143493516e-03 9.242083281984048854e-03 9.636509365292089679e-03 9.204065356166222373e-03 9.220397921775713018e-03 9.772144762956746361e-03 9.125355267227441489e-03 9.642343060597082308e-03 9.439831153877370137e-03 9.219560791369386596e-03 9.609878825762726076e-03 1.007506146390272847e-02 9.613682966033463423e-03 9.564047006769101772e-03 9.122712003774581177e-03 9.472728237750444036e-03 1.024612439138767282e-02 9.719448925440896114e-03 9.707072134912031816e-03 1.015522547071217446e-02 9.115150152887647669e-03 9.315843024038216597e-03 9.048081314932131941e-03 9.974531098504662782e-03 9.438167084831977291e-03 9.227551302452910442e-03 9.561846791795263617e-03 9.898104722165665392e-03 9.979677526052534164e-03 9.419446800900113312e-03 1.005060397801676823e-02 9.814026956458221651e-03 1.005746547952552326e-02 9.795135724897839624e-03 9.116725807020175515e-03 9.430024403664959490e-03 9.146909350032823849e-03 8.982206220247463888e-03 9.642423865277357370e-03 9.227093527978029799e-03
8.838400885247307479e-03 8.567082521804075812e-03 8.309014443908004088e-03 8.249076045021555212e-03 0.000000000000000000e+00 7.940414903188648676e-03 8.455496340961219173e-03 8.446883722835031930e-03 8.302837940970765260e-03 8.538762014920289051e-03 8.206694914079555592e-03 8.090161497184365086e-03 8.024307446559894585e-03 7.840641554504998098e-03 7.888815358510086612e-03 8.277130490411028357e-03 8.557405598913507896e-03 8.476867629924306202e-03 8.438747345208856207e-03 8.071570349402564307e-03 8.277790819102834319e-03 7.870124527685130877e-03 7.565857605825582893e-03 8.577425324753834568e-03 9.167854884403126708e-03 7.907673526105005526e-03 8.022201727850912858e-03 8.254280532736158263e-03 8.687496413428801023e-03 8.522070750877028603e-03 8.445267086540170220e-03 9.195626609760592859e-03 9.471605908065717366e-03 9.087430022565755328e-03 9.528901789610367754e-03 9.798573730288044972e-03 9.571785688026251612e-03 9.776603573261164262e-03 9.312579235349123519e-03 9.277188934570790996e-03 9.598615399152209127e-03 9.679860277125192786e-03 8.952149813122013688e-03 9.058216125415210346e-03 9.348382343293153152e-03 9.451481483122982016e-03 9.499156540282759423e-03 9.522341602758185516e-03 9.265137669029583148e-03 9.270189094957179132e-03 8.968590186074140713e-03 9.221264996060620986e-03 9.037999361638678758e-03 1.083971006214357741e-02 9.067939111580533562e-03 9.439101358549695231e-03 1.034824172595821129e-02 9.203469837184126423e-03 9.371193063742408805e-03 9.511870681788877485e-03 9.291106727874767768e-03 8.948387963597155548e-03 9.454703429256113359e-03 9.023028241596189880e-03 9.112663980163967364e-03 9.339483189579646238e-03 9.347946897900269100e-03 9.750327121565139504e-03 1.019333887067585750e-02 9.418894278097441480e-03 8.817729327608561651e-03 9.524616226555825821e-03 9.265119834342751617e-03 9.181392921320105302e-03 9.120779342879551874e-03 1.039903071236851495e-02 9.344347439760973539e-03 9.784601919719712257e-03 9.414447029499275685e-03 9.487657777018645641e-03 9.679965275718276779e-03 9.639073302960035269e-03 9.360741733194571576e-03 9.645149208038604136e-03 9.084326460091121658e-03 9.403223424571286598e-03 9.441431145734731703e-03 9.483544518923560374e-03 9.843160940812509599e-03 9.281002620122309407e-03 9.673662081754420480e-03 9.242855088812390943e-03 9.258676424868233015e-03 9.808601134615917497e-03 9.164496193357228940e-03 9.679012021670577517e-03 9.480801365084204693e-03 9.260736159404958298e-03 9.649396668381961945e-03 1.011249046098849046e-02 9.651971445976599909e-03 9.604089350483561993e-03 9.155777742894452911e-03 9.513224312711692290e-03 1.028239265283395314e-02 9.758404454963251137e-03 9.746325567864809122e-03 1.019262434827385676e-02 9.163827152704034570e-03 9.356835730438883836e-03 9.090552887933950332e-03 1.002158092050606589e-02 9.477598090105399109e-03 9.269009888868610589e-03 9.602200611655063375e-03 9.935818055608327745e-03 1.001779376523794993e-02 9.459220180804488523e-03 1.008831341343270106e-02 9.852511406722526746e-03 1.009447314634132065e-02 9.841639305571444132e-03 9.166855313881850861e-03 9.470358390202375520e-03 9.188445922024977147e-03 9.024854904806802955e-03 9.681560261738124742e-03 9.268731452022612588e-03
7.960207216772506589e-03 7.708270595593079769e-03 7.422015822977505277e-03 7.656965918069615074e-03 7.940414903188648676e-03 0.000000000000000000e+00 7.866393145566223308e-03 7.846750923726044866e-03 7.656614041171065643e-03 7.988090488224589003e-03 7.824219592561097725e-03 7.441940224565136638e-03 7.371663848021193718e-03 7.191048544386203882e-03 7.234062133802074759e-03 7.690264484228993315e-03 7.696225223907096104e-03 7.891709620793991090e-03 7.857019162291105710e-03 7.658529667458616012e-03 7.665894261342682224e-03 7.194347922893000111e-03 6.868543524260490446e-03 8.005062724790214246e-03 8.889189522628746301e-03 7.206532812048245355e-03 7.386647269927940768e-03 7.658961897488121735e-03 7.860080682889047585e-03 7.660109681448153997e-03 7.860620647507808242e-03 8.390798216027953865e-03 8.911768821756661449e-03 8.510991610775149943e-03 8.976213835134062846e-03 9.272778515021787987e-03 9.037997672883154449e-03 9.238972564705046422e-03 8.764308241351652373e-03 8.705969658452774110e-03 9.069996316190072697e-03 9.136122856941857745e-03 8.355412263239100218e-03 8.469217955049353208e-03 8.781862259029913492e-03 8.902704885212097199e-03 8.954562026926952967e-03 8.989804139325390311e-03 8.693582646818688933e-03 8.696294269922183809e-03 8.376129480893224066e-03 8.656545568453280839e-03 8.467014865543827720e-03 1.037155364643095601e-02 8.480716901052282389e-03 8.896344643447287245e-03 9.855238709096426214e-03 8.419322446916730970e-03 8.812552597942878777e-03 9.258849997084209887e-03 8.722376415976566127e-03 8.368813239397051781e-03 8.907494988915585013e-03 8.446993823029920120e-03 8.537825258579566368e-03 8.779888309361537704e-03 8.785636775030960730e-03 9.234499826069228826e-03 9.690263295310148906e-03 8.866254071948867499e-03 8.228126147798543039e-03 8.978809079056479167e-03 8.701162703859139508e-03 8.611133094724932741e-03 8.547389237489948569e-03 9.907628339599466524e-03 8.785937001024481455e-03 9.257239146221004494e-03 8.861099345412008776e-03 8.931807036420843712e-03 9.144496644911199318e-03 9.111436860307631225e-03 8.804131469237416047e-03 9.108197744693924749e-03 8.507128950405428922e-03 8.849106562539033397e-03 8.890102447079398229e-03 8.935040390018999731e-03 9.319527398886567199e-03 8.718766798577770941e-03 9.138339135806134231e-03 8.679398184650282538e-03 8.703748662745657699e-03 9.282711976715733379e-03 8.593653061469138515e-03 9.144141439085106543e-03 8.870904671423065352e-03 8.638797498381135115e-03 9.062463915890465668e-03 9.555786180370905852e-03 9.077223809581980163e-03 9.004169607661923619e-03 8.526982961710798462e-03 8.906266036441979131e-03 9.727910801055525067e-03 9.180878572732495066e-03 9.156672270620854967e-03 9.635762195345509706e-03 8.338644903609269965e-03 8.746501742809973529e-03 8.451560773618886288e-03 9.462932810557289978e-03 8.886904817472528195e-03 8.646533162736851422e-03 9.001466070260063027e-03 9.360149248679708670e-03 9.449183654897658560e-03 8.867465079336936049e-03 9.521818695773936331e-03 9.282034772387934632e-03 9.538900382559190386e-03 9.040525708436211380e-03 8.536056931345539084e-03 8.869970043831913384e-03 8.560399765089496751e-03 8.384500806701632170e-03 9.108465493860984710e-03 8.642783585140716499e-03
8.682116180674069594e-03 8.440594581272206631e-03 8.209789889882404199e-03 8.413103864946468516e-03 8.455496340961219173e-03 7.866393145566223308e-03 0.000000000000000000e+00 8.550982063008695858e-03 8.225888400750957369e-03 8.967125095503821267e-03 8.630882477283028514e-03 8.219821983615914832e-03 8.139428036440276779e-03 8.011531827700613465e-03 8.265399113760490274e-03 8.394445533726676081e-03 8.441730975358288647e-03 8.572525759446128490e-03 8.825114998905094280e-03 8.219503700381169259e-03 8.419870757795233987e-03 8.256018588039436973e-03 7.726311455646032653e-03 8.980444968672163936e-03 9.237648905526467391e-03 8.254707808495655857e-03 8.414074168396212458e-03 8.415215146596552800e-03 8.565544772423541384e-03 8.650403932913934557e-03 8.542529330965394074e-03 9.313870237061977822e-03 9.611910498032434289e-03 9.245450252473379552e-03 9.678189105156441083e-03 9.944095708359615773e-03 9.719259237090079398e-03 9.903583537549389207e-03 9.475874910644395410e-03 9.423001474816830245e-03 9.748737398081717270e-03 9.817954066070177371e-03 9.103006822405251830e-03 9.214301025876961426e-03 9.493240625192590418e-03 9.603668160435317042e-03 9.650524475053396528e-03 9.673177309449748629e-03 9.417515374207102372e-03 9.415041198302812400e-03 9.120278355952676080e-03 9.377933277206595974e-03 9.198568422882301074e-03 1.096949835027381283e-02 9.218491346377227780e-03 9.590238770167278104e-03 1.048562227000282565e-02 9.341177390214575049e-03 9.514136593617154858e-03 9.912117921658919126e-03 9.445547834480736565e-03 9.109443945697631370e-03 9.607092331122352863e-03 9.191365928334650423e-03 9.252895194656326344e-03 9.469038564639570277e-03 9.474613901424271817e-03 9.884559924874551304e-03 1.031037396019513462e-02 9.547383089677627735e-03 8.965017908632131813e-03 9.651169412065360373e-03 9.395978479745093620e-03 9.313800017182924038e-03 9.254083717616233551e-03 1.051419917493309417e-02 9.471955074145747486e-03 9.908608193654185742e-03 9.542974276534808148e-03 9.616011721798333606e-03 9.803961800223527992e-03 9.773582618579327794e-03 9.490724370004255395e-03 9.770315681846823697e-03 9.219258633836269201e-03 9.532667822460002757e-03 9.576441993557742796e-03 9.611309251181024069e-03 9.965425364390679067e-03 9.412681065270100955e-03 9.799362556250046721e-03 9.381764299958761724e-03 9.399176800145604693e-03 9.931364627706371073e-03 9.297871273498951872e-03 9.804100555123708774e-03 9.571532434678840448e-03 9.354966992245018070e-03 9.737949051067463710e-03 1.019651261938447386e-02 9.751581590010110698e-03 9.693464913776390218e-03 9.262590829164463885e-03 9.603372418797901516e-03 1.037373741594629049e-02 9.845871470390135660e-03 9.842738675764944184e-03 1.028542836859516404e-02 9.252826242905572846e-03 9.449543216099623791e-03 9.188199590562664068e-03 1.010718886358673470e-02 9.570528891787716610e-03 9.135535865554803361e-03 9.691715163631653418e-03 1.002163317661893330e-02 1.011043038395799572e-02 9.552692135181199348e-03 1.017161107809444985e-02 9.948932765249361015e-03 1.017943817482967056e-02 9.921463958688552312e-03 9.272054193628734634e-03 9.562136295633268460e-03 9.292488960824582880e-03 9.129372175120099159e-03 9.778936881099173015e-03 9.361848486942920752e-03
8.673123762020637159e-03 8.415656835702729766e-03 8.173089483321691398e-03 8.655035111187472582e-03 8.446883722835031930e-03 7.846750923726044866e-03 8.550982063008695858e-03 0.000000000000000000e+00 8.180922976919276571e-03 8.654864095532743135e-03 8.357035270383903272e-03 8.183522295700703872e-03 8.159960409472069923e-03 7.987091781995603670e-03 8.255568497623003155e-03 8.419092945968228645e-03 8.725233318873053603e-03 8.558470368430222408e-03 8.820695374040969997e-03 8.184184435681069944e-03 8.646671955249429775e-03 8.211362539634833174e-03 7.716904210107755971e-03 8.673232894623329747e-03 9.530484898197532501e-03 7.997628752085839468e-03 8.391367727611186850e-03 8.379798624330478743e-03 8.544069116991119539e-03 8.374629941562169999e-03 8.796772612469937191e-03 9.013673837737415720e-03 9.612584186648346490e-03 9.245753583974643600e-03 9.667806357757437533e-03 9.944915448852849338e-03 9.720404369660666857e-03 9.902519920121357830e-03 9.476512623307226449e-03 9.422671852117567998e-03 9.749495344780223852e-03 9.818728002634788746e-03 9.104322682246071899e-03 9.213612267541649789e-03 9.493588331732938715e-03 9.604032612133085733e-03 9.650644212025492538e-03 9.673460577746881631e-03 9.417900919578421973e-03 9.415089308362781240e-03 9.130307835009433826e-03 9.378298829347521404e-03 9.198868508640645897e-03 1.097013098379727783e-02 9.218777440018642230e-03 9.591647800821421349e-03 1.048561474847364318e-02 9.341033675730950683e-03 9.514385375898220740e-03 9.912777729051892861e-03 9.435128539409585666e-03 9.109687908181169150e-03 9.607575015981180064e-03 9.199655972084740119e-03 9.242592173762888622e-03 9.467349186291744087e-03 9.475695739209167093e-03 9.883242743987210796e-03 1.030809033272342586e-02 9.545191739695535471e-03 8.953930712634512734e-03 9.648946592159361735e-03 9.393423970752243918e-03 9.311194526337022645e-03 9.251754867129051776e-03 1.051190343210930446e-02 9.471424029896542696e-03 9.906802217638708413e-03 9.541083815463268641e-03 9.614317222690042450e-03 9.802618210687284381e-03 9.762098275766779507e-03 9.488843064577760084e-03 9.768151134753931195e-03 9.216594708068957462e-03 9.530212033162212271e-03 9.574548691753463972e-03 9.609795827654503061e-03 9.963236951924858698e-03 9.410207047622746318e-03 9.796953320742495669e-03 9.379017582078650814e-03 9.387891799043668675e-03 9.929054456021615960e-03 9.295629437445447618e-03 9.802396715472526390e-03 9.602269747432279345e-03 9.385884736453716307e-03 9.768623853367604595e-03 1.022551407899561192e-02 9.771594804047515834e-03 9.724044982981140325e-03 9.292361591798565731e-03 9.634139756768259066e-03 1.039291713882089727e-02 9.876391879557145856e-03 9.863788129916657363e-03 1.030279154998364928e-02 9.282348629397602774e-03 9.480694438493175377e-03 9.218915410727583290e-03 1.013714936758068098e-02 9.601033383681142550e-03 9.391384807563067649e-03 9.721600034624791262e-03 1.005113463045938238e-02 1.013001445986537116e-02 9.582075766421368004e-03 1.020093602532918219e-02 9.969615244777716573e-03 1.020795544000860366e-02 9.949708722937981864e-03 9.294679060705525811e-03 9.592649239841193748e-03 9.314999202010018978e-03 9.153457055848180507e-03 9.808146138971600078e-03 9.393684156709202274e-03
8.328407886190531892e-03 8.057252121897054073e-03 7.798291331866143671e-03 8.286344372665982450e-03 8.302837940970765260e-03 7.656614041171065643e-03 8.225888400750957369e-03 8.180922976919276571e-03 0.000000000000000000e+00 8.315955843642398870e-03 7.993341664361814855e-03 7.833705428385824912e-03 7.762683118660899939e-03 7.594502012119419554e-03 7.611869358778472483e-03 8.050831015282788536e-03 8.312821679740232603e-03 8.233324915963523977e-03 8.172593939109681210e-03 7.810066740013216560e-03 8.041325521809758806e-03 7.604505290616290700e-03 7.295411899830988277e-03 8.365810995392236951e-03 8.937634182654148607e-03 7.641521030595167102e-03 7.763930155030991133e-03 8.280691784913305972e-03 8.177026039723159223e-03 7.986567285959204204e-03 8.468990430967823085e-03 8.958842238411703421e-03 9.257708166374318745e-03 8.874712534737200578e-03 9.327470090102577341e-03 9.613629771420799039e-03 9.371010739849984159e-03 9.322549288651360913e-03 9.105508876337107052e-03 9.058819215330421101e-03 9.400394753611885854e-03 9.470472204976465233e-03 8.736652683249130150e-03 8.843837602452957539e-03 9.142249172498759929e-03 9.259274301187359404e-03 9.296824822106426744e-03 9.333025402760939185e-03 9.056241519823324607e-03 9.050347847016209160e-03 8.762976721985527365e-03 9.012946480086141826e-03 8.824883848313888265e-03 1.066640229352579065e-02 8.845269939919431570e-03 9.235810697792017424e-03 1.016373024868301098e-02 8.982401140302406078e-03 9.155358432725798495e-03 9.590807124485444327e-03 9.083246253328130723e-03 8.732454976567318936e-03 9.262467327904325143e-03 8.829414617657375605e-03 8.900625119670584756e-03 9.132981893284252209e-03 9.142504974326443393e-03 9.566791713786595638e-03 1.000665414365139311e-02 9.214958566481931332e-03 8.598119029246516221e-03 9.322843669743844514e-03 9.056840536337056394e-03 8.970807122229923145e-03 8.909185446101423184e-03 1.021611982701922314e-02 9.138850974057453197e-03 9.590416555301189624e-03 9.210312684111167034e-03 9.285736323376926962e-03 9.482559730601563402e-03 9.441080857041424940e-03 9.155376372370349625e-03 9.446887946596271152e-03 8.871144485111035621e-03 9.198137009704151004e-03 9.237468262806736857e-03 9.281286858809068702e-03 9.649426630102059949e-03 9.073184887045967692e-03 9.476057817307858080e-03 9.034028519630400711e-03 9.051434227529202639e-03 9.614044091996969479e-03 8.953925774055781009e-03 9.481993735747443197e-03 9.277554901953186106e-03 9.051951563904857626e-03 9.450262343112990349e-03 9.923471255518217377e-03 9.452842013181776346e-03 9.403907865420878601e-03 8.943691639726223525e-03 9.310715566798600032e-03 1.009718176921878784e-02 9.562033884972325620e-03 9.549519451073042869e-03 1.000576739012735451e-02 8.961013567564382956e-03 9.150443178598916330e-03 8.877344280702787957e-03 9.830527570380737795e-03 9.274065971878504497e-03 9.060647950435688283e-03 9.401982280828967420e-03 9.743290214137136779e-03 9.827164848805768071e-03 9.255327666569126976e-03 9.899148107743319450e-03 9.658201138485388026e-03 9.905464257258559183e-03 9.646311280500247456e-03 8.956176004351839789e-03 9.266871370632341967e-03 8.977621370134898290e-03 8.809102556712520779e-03 9.483083861194004788e-03 9.059966060802272098e-03
9.074477426108984099e-03 8.567901642533947218e-03 8.319737975898217064e-03 8.516594186412361836e-03 8.538762014920289051e-03 7.988090488224589003e-03 8.967125095503821267e-03 8.654864095532743135e-03 8.315955843642398870e-03 0.000000000000000000e+00 8.438996611661473898e-03 8.572479837746930023e-03 8.516553555126054123e-03 8.107739309293373123e-03 8.129901815968199399e-03 8.539427869948792299e-03 8.813247341769313986e-03 8.975427206018389212e-03 8.647898502475900515e-03 8.327425044773678967e-03 8.772327261946181662e-03 8.111454283601783263e-03 7.833825179324785046e-03 8.778173160238600392e-03 9.667900191793706022e-03 8.128272285242170783e-03 8.256588700880137383e-03 8.500263893680692906e-03 8.675689318976862602e-03 8.756592194661244263e-03 8.946337389995421760e-03 9.441888493248954545e-03 9.654537280098185459e-03 9.291546503117096081e-03 9.456183181210935096e-03 9.996854321860823914e-03 9.764464398059446992e-03 9.956627522118262699e-03 9.521899505257256507e-03 9.467603202171354093e-03 9.802233445952162824e-03 9.871084656334155882e-03 9.151482730857451661e-03 9.251250859681743252e-03 9.536591494975021552e-03 9.647378160878924622e-03 9.704519620671829896e-03 9.716452523940861605e-03 9.464529154847146561e-03 9.458917451171090784e-03 9.176477846274367148e-03 9.432983631916880621e-03 9.244670561742565629e-03 1.101871960150313697e-02 9.263910822184391949e-03 9.634409209444676908e-03 1.052340318219495419e-02 9.387360732327760041e-03 9.557464974858629475e-03 9.966553118636933134e-03 9.501754371031255475e-03 9.156321861040702531e-03 9.661450976867264409e-03 9.229461836062486171e-03 9.318783830287327360e-03 9.540317181895172083e-03 9.549404360861185603e-03 9.962039074511260667e-03 1.037503920402602607e-02 9.618745431852036495e-03 9.032195141728744867e-03 9.720716440775319794e-03 9.467560371081760670e-03 9.386263984184984102e-03 9.327846031658827350e-03 1.057603775879136301e-02 9.545513941340491929e-03 9.975815948403205652e-03 9.613907853744186119e-03 9.684421574742370364e-03 9.873268023254297074e-03 9.832668153078712170e-03 9.560668756001783342e-03 9.839316619177355949e-03 9.291114339522010823e-03 9.601611062276074401e-03 9.639240915072075713e-03 9.680485031864267259e-03 1.003334162479812414e-02 9.483283353186598361e-03 9.855985308023096012e-03 9.446111953041159970e-03 9.461609904439500021e-03 9.999458891972025018e-03 9.370386656837708869e-03 9.872644889941412094e-03 9.681103943880269014e-03 9.474083726438485217e-03 9.846074472733067767e-03 1.029871627397310231e-02 9.856699028265143714e-03 9.801146981352095236e-03 9.362952702902259741e-03 9.712833009933535475e-03 1.046432081529713801e-02 9.952118919994562551e-03 9.940161098900569467e-03 1.038510859660233578e-02 9.365353215954153737e-03 9.560104366118597069e-03 9.300234523091279598e-03 1.021030012546519233e-02 9.678230821326549646e-03 9.482460480289242252e-03 9.799966553622599386e-03 1.012539908780543327e-02 1.020516119588227126e-02 9.660670579182540144e-03 1.027444378712407541e-02 1.004426950325774601e-02 1.028100033268915942e-02 1.002617326011203715e-02 9.375317489592280978e-03 9.671112228618033296e-03 9.403208936385605912e-03 9.236831451667306889e-03 9.877166557632217903e-03 9.474278960569794752e-03
8.746550672306757646e-03 8.230051986627575158e-03 8.226226966412088920e-03 8.177747103246419194e-03 8.206694914079555592e-03 7.824219592561097725e-03 8.630882477283028514e-03 8.357035270383903272e-03 7.993341664361814855e-03 8.438996611661473898e-03 0.000000000000000000e+00 7.992207398857895800e-03 8.139730832977969122e-03 7.760011461553715205e-03 7.770656621554358247e-03 8.471356288581758515e-03 8.473060780363462358e-03 8.382294337820925950e-03 8.358187869569313685e-03 8.227357915210906439e-03 8.168260025621100831e-03 7.764303774196444977e-03 7.467066564626985425e-03 8.466752296265138422e-03 9.365579304280806025e-03 7.985508520252419806e-03 7.936908821368738112e-03 8.181444452444451218e-03 8.358103662065213824e-03 8.438456430646531017e-03 8.381509886510101967e-03 8.847739139598851874e-03 9.338434660525765652e-03 8.959199856212348573e-03 9.397330071925611913e-03 9.686089706621591258e-03 9.449248278074078022e-03 9.645509356811372143e-03 9.193788862596564970e-03 9.143105898947900823e-03 9.483006154984607167e-03 9.555498512269035294e-03 8.815838398003756141e-03 8.923143529885317615e-03 9.218427693402496403e-03 9.329893652849559696e-03 9.382048482781926019e-03 9.404259127302996152e-03 9.134039501257218072e-03 9.137959989724463161e-03 8.836808409577359691e-03 9.099647951576200419e-03 8.913545849404404600e-03 1.074131636295587097e-02 8.934220536426538267e-03 9.318678225312009011e-03 1.024282566012707507e-02 9.067868849177545751e-03 9.236544137472978491e-03 9.651024380705100492e-03 9.160918849124176019e-03 8.818317837087275360e-03 9.336919120075948264e-03 8.897905000966651462e-03 8.890983368715379281e-03 9.106682132050805678e-03 9.115205718957724440e-03 9.564635870456222877e-03 9.979259557887058471e-03 9.196300723886318210e-03 8.368302337122952156e-03 9.302662699994548173e-03 9.028770687443239684e-03 8.941150115652062719e-03 8.891007276530532230e-03 1.019221578194677916e-02 9.140182133288996327e-03 9.574505522350736098e-03 9.198874687685624704e-03 9.281277829026995593e-03 9.453844258199858505e-03 9.180713619767034636e-03 9.127989542670199991e-03 9.428775408745126638e-03 8.842464445075456925e-03 9.170885257117419517e-03 9.211848013308994443e-03 9.264916879140229142e-03 9.620547944812948490e-03 9.046221281706970374e-03 9.459657278354962132e-03 9.005703971268695998e-03 8.808746451365076502e-03 9.595084971233536555e-03 8.934808257564427064e-03 9.473049005971069872e-03 9.311442892199893462e-03 9.094309711150511816e-03 9.493176111584795962e-03 9.955472435025926672e-03 9.493316281635530776e-03 9.437778436640113788e-03 8.981067645720805515e-03 9.353209765437816778e-03 1.013703418480707205e-02 9.601362210870986041e-03 9.581710705040378737e-03 1.003910578350018269e-02 8.992499838978236862e-03 9.185623291784678415e-03 8.911428164789890818e-03 9.865521946458302716e-03 9.317899668981603767e-03 9.124120219005485075e-03 9.435278821567878033e-03 9.785803922136957975e-03 9.878577078351054308e-03 9.288424167103209728e-03 9.932118444343732144e-03 9.690272506229877236e-03 9.938240953553270293e-03 9.681847952181828545e-03 8.775071034846291390e-03 9.302504173119705705e-03 9.019631653398477861e-03 8.846021097107980430e-03 9.518711507751400833e-03 9.095182326809125167e-03
8.331888856811749122e-03 8.065439675720339693e-03 7.804479241051348604e-03 8.040523060365619562e-03 8.090161497184365086e-03 7.441940224565136638e-03 8.219821983615914832e-03 8.183522295700703872e-03 7.833705428385824912e-03 8.572479837746930023e-03 7.992207398857895800e-03 0.000000000000000000e+00 8.004220481961548186e-03 7.602401559313722024e-03 7.647786150948002529e-03 8.060733598576281037e-03 8.078049003379489737e-03 8.207312070250558436e-03 8.462972567873235444e-03 7.838624488696448525e-03 8.022656101514185484e-03 7.583483885879357088e-03 7.513912473058493614e-03 8.326537365842630670e-03 9.234467255664076391e-03 7.608285575880660220e-03 7.760806909175944034e-03 8.016617522394429984e-03 8.473478868988436330e-03 8.028547421925045710e-03 8.452906380478216256e-03 8.712193734858195149e-03 9.290490607375455692e-03 8.908480890710375119e-03 9.358761469460026572e-03 9.635963635031049440e-03 9.402176394652007191e-03 9.593841601664578056e-03 9.148879563812571669e-03 9.094051867771672792e-03 9.432925251415775342e-03 9.504789523035872892e-03 8.766879674263861749e-03 8.867782323354680973e-03 9.166696483956642341e-03 9.281614424824186776e-03 9.331112553116341704e-03 9.362051627161424930e-03 9.080983227712363659e-03 9.085732219831181913e-03 8.778584828473937757e-03 9.046889967826257303e-03 8.859827156948140922e-03 1.069440001097566283e-02 8.880303565070973501e-03 9.268790803403944775e-03 1.019530065639294956e-02 9.008349451898640600e-03 9.188637826368072428e-03 9.603585381731066448e-03 9.107110303717880564e-03 8.766746502896846302e-03 9.285949202471761518e-03 8.844303577797715463e-03 8.908288652782802089e-03 9.141352453802363900e-03 9.148916882944573351e-03 9.583209682171949656e-03 1.001347541332484742e-02 9.223172974280838265e-03 8.606505029930208023e-03 9.330393572258760537e-03 9.064865297315004289e-03 8.978880992089943031e-03 8.924163200726120335e-03 1.022388649807698044e-02 9.152864791290798649e-03 9.598192363783432379e-03 9.218319776984498434e-03 9.295270067866373553e-03 9.489489046419649632e-03 9.448253213413535315e-03 9.163487260636257042e-03 9.454653195993015583e-03 8.879963554564943712e-03 9.206871508882165725e-03 9.245277450194646848e-03 9.289385438582245871e-03 9.656915988455529523e-03 9.081987508449513094e-03 9.484547816820341690e-03 9.042708738065915672e-03 9.059138415809540879e-03 9.621571508576060375e-03 8.963143729665777257e-03 9.490349899245631438e-03 9.249585891759407041e-03 9.044869686120607030e-03 9.424626251426463167e-03 9.898586943096285978e-03 9.450541587105246166e-03 9.388463782821114892e-03 8.939910567368751504e-03 9.283106491403696550e-03 1.007140175147709302e-02 9.548306624727021311e-03 9.534180006427427773e-03 9.726229265129433463e-03 8.919426080223821773e-03 9.122514205850553587e-03 8.852905303466227296e-03 9.807834601529768354e-03 9.249614787478160557e-03 9.043782722361488544e-03 9.374864464823084650e-03 9.730011709392043587e-03 9.802865752481484257e-03 9.230466239161209605e-03 9.884763085592166570e-03 9.644122294225268913e-03 9.892484132323658974e-03 9.613441847532620821e-03 8.921709284502766721e-03 9.252124897868453657e-03 8.969405484371688331e-03 8.782142940026790509e-03 9.458040483137440668e-03 9.032225539046468549e-03
