0.000000000000000000e+00 9.688586125379216457e-03 8.992727209882828837e-03 9.317691693453575286e-03 9.769320266515838652e-03 8.596416612675098975e-03 9.551059206385222045e-03 9.519831266257621286e-03 9.052853904996171347e-03 1.008672016567692745e-02 9.740747682846441838e-03 9.062620891985935165e-03 9.045732071169746216e-03 9.062238938392907020e-03 8.878401495435840965e-03 9.297574739118822859e-03 9.413503268962560705e-03 9.555675629140156224e-03 9.557231207732991632e-03 9.362147130873195444e-03 9.638086556610182126e-03 8.816405262904209936e-03 8.474634424556924325e-03 1.009532151680229625e-02 1.091526539349468514e-02 8.841672204117561468e-03 8.980698926996330891e-03 9.709725985320390163e-03 9.533724107041823687e-03 9.262842411493575623e-03 9.536346278563557002e-03 1.023230454068462490e-02 1.234038343264426407e-02 1.184729771427765234e-02 1.234029805340005649e-02 1.285283332213744620e-02 1.245106824915145211e-02 1.271578535071425826e-02 1.211824917660598612e-02 1.211939286002930612e-02 1.255056526515108649e-02 1.268836299538561065e-02 1.157499461198684132e-02 1.174562723591631060e-02 1.220934390366628687e-02 1.232193152072665401e-02 1.244394565046123488e-02 1.232219418476452819e-02 1.200818151320217318e-02 1.212014777717432615e-02 1.160342470159178054e-02 1.206227176845342877e-02 1.183332904184739541e-02 1.428427665994326003e-02 1.186436126036627750e-02 1.230431117342320121e-02 1.360033507254133564e-02 1.190466835600293045e-02 1.222506604357204672e-02 1.270999221185437240e-02 1.206752357040349888e-02 1.169416887188436116e-02 1.236450951069117780e-02 1.162616947499517731e-02 1.186770460682646557e-02 1.217473884518417010e-02 1.215586422618656834e-02 1.268926564590629191e-02 1.342075296159227910e-02 1.236048405703351824e-02 1.155110068997025098e-02 1.249641053051179715e-02 1.214764238631681724e-02 1.204570038660864907e-02 1.187057535227035478e-02 1.367145468659481181e-02 1.213310862741828582e-02 1.279910576591295097e-02 1.235110627738980268e-02 1.237050238636231390e-02 1.267892500184623558e-02 1.259537889981981323e-02 1.223413046474880646e-02 1.264569454627608065e-02 1.189776970699353217e-02 1.230453304053993197e-02 1.225378285705390827e-02 1.239225839843564880e-02 1.293355701148606388e-02 1.214809373598424967e-02 1.266323260012791087e-02 1.204742093330281837e-02 1.209742632524827416e-02 1.287863599292799442e-02 1.199377122864979210e-02 1.267723108079779615e-02 1.254213085439261077e-02 1.210391635514320580e-02 1.279456836210370041e-02 1.343385946811829351e-02 1.262992691163033511e-02 1.269741241976415046e-02 1.194080342703353684e-02 1.260649488700430441e-02 1.368050406488286082e-02 1.290123904883456150e-02 1.291071076414414265e-02 1.341886717261748206e-02 1.195695373412640657e-02 1.237378755234657020e-02 1.192864282565867309e-02 1.318940777929232012e-02 1.251131944704165187e-02 1.209561658933080291e-02 1.270044948895164387e-02 1.317622092450714509e-02 1.315956625792199554e-02 1.246376021722979052e-02 1.339150112711080115e-02 1.302511223992022620e-02 1.338990717207573858e-02 1.290651054049021980e-02 1.196874233730268848e-02 1.252135008077056265e-02 1.203023373212592194e-02 1.196523965144413899e-02 1.270883472710046883e-02 1.226004582542660620e-02
9.688586125379216457e-03 0.000000000000000000e+00 8.626433882218570090e-03 9.342522689433996677e-03 9.398088612559618235e-03 8.258789457132546113e-03 9.226900397702388068e-03 9.158858865934422014e-03 8.676769029722865637e-03 9.399812955205992873e-03 9.036050380060636072e-03 8.689481974854933524e-03 8.738397545702608279e-03 8.675195861709047995e-03 8.501747292390178512e-03 9.325119378916096186e-03 9.130259481597702634e-03 9.160485250483955955e-03 9.587952499228934514e-03 8.630856216171871320e-03 8.961330318136494569e-03 8.452991379028152591e-03 8.382457391999775798e-03 9.699141994897695143e-03 1.025075618525830151e-02 8.473132482983720265e-03 8.633114602382261152e-03 8.976610423885587539e-03 9.179143978811171722e-03 8.916085676278953653e-03 9.201210312824403131e-03 9.894741043274478051e-03 1.209920822994928029e-02 1.159439740080628334e-02 1.208547723386532019e-02 1.262254076114471997e-02 1.221326026123041933e-02 1.248327763229529173e-02 1.188758574828551774e-02 1.187242581685181604e-02 1.231595457152505867e-02 1.245458059309343356e-02 1.132793284825986922e-02 1.149074559928143016e-02 1.196534378386045552e-02 1.208127379167367281e-02 1.220565657939452764e-02 1.209527689411677397e-02 1.176059721443151185e-02 1.187342681900587990e-02 1.134655714041655702e-02 1.181546304710802062e-02 1.157970669008293908e-02 1.408096871837056542e-02 1.161112780935640194e-02 1.206366732577614925e-02 1.338456426305181107e-02 1.165491504277406214e-02 1.198206221405876716e-02 1.247833722064211649e-02 1.182056377513879784e-02 1.143643374604032953e-02 1.212472669433424174e-02 1.138433480476454956e-02 1.160401703677553867e-02 1.191872883405691724e-02 1.190102811702532098e-02 1.244935439450248378e-02 1.319030170275209760e-02 1.210825946658726678e-02 1.126295865991371742e-02 1.224680048222709372e-02 1.188938259448185999e-02 1.178450766471661471e-02 1.161859547629360244e-02 1.344730802615955179e-02 1.189112647903586492e-02 1.255879660712856498e-02 1.209869535679881231e-02 1.212237962522817562e-02 1.243372433718299350e-02 1.233352814723485957e-02 1.197914898529109894e-02 1.239998703889818275e-02 1.163286354283661443e-02 1.205117075136863738e-02 1.199971453379012135e-02 1.214218162465620192e-02 1.269341146549419000e-02 1.189069568071857326e-02 1.241823595724457670e-02 1.178665734385674763e-02 1.182367690314438564e-02 1.263779653900753974e-02 1.173286798892534365e-02 1.243448214561565165e-02 1.229350609407096895e-02 1.184901221000309555e-02 1.255213345852481364e-02 1.320573968713320383e-02 1.238861480036757001e-02 1.245338791737360222e-02 1.169530548547895524e-02 1.235965989990645171e-02 1.345666996644398136e-02 1.266205588276297922e-02 1.267052575538213897e-02 1.319029353666798139e-02 1.168258366097950016e-02 1.212152321706989021e-02 1.166762033539744774e-02 1.295877078771858967e-02 1.226477678238668823e-02 1.184005877735644884e-02 1.245570887499790336e-02 1.294318211670081320e-02 1.292807580060813429e-02 1.221618036336270287e-02 1.316132681448596055e-02 1.278862939408995959e-02 1.316057118744059194e-02 1.267057177067409945e-02 1.169568846117259933e-02 1.227305200173351048e-02 1.177289186033200936e-02 1.170229818871225923e-02 1.246728971335892867e-02 1.200503772077668799e-02
8.992727209882828837e-03 8.626433882218570090e-03 0.000000000000000000e+00 8.988564837514151015e-03 9.032191191659672685e-03 7.844028497564560151e-03 8.908029166969731044e-03 8.817586953041571529e-03 8.304731482590112929e-03 9.046170438433198679e-03 9.030710860014513550e-03 8.317329239244785483e-03 8.678470086214225623e-03 7.981937586156484174e-03 8.134936606730152828e-03 8.597632193805443065e-03 8.726927029329967916e-03 8.897930552825394912e-03 8.915444549444930325e-03 8.251299373806541410e-03 8.950097511455234675e-03 8.044096490000018571e-03 7.701450323760165688e-03 9.062655710409980164e-03 9.958589421535929756e-03 8.076243042262168034e-03 8.249955536564164416e-03 8.627588734396635789e-03 9.192913815849397194e-03 8.538207948848703516e-03 8.861551265524656579e-03 9.610337817860694146e-03 1.183502488698519317e-02 1.131554916082207901e-02 1.182159094013015589e-02 1.236942050629370043e-02 1.195272315432396003e-02 1.222851448277681267e-02 1.160336231662948206e-02 1.160094672299448459e-02 1.205497037043167484e-02 1.219734603786994283e-02 1.103128024661207025e-02 1.120886463983612573e-02 1.169562595404514092e-02 1.181603001731689265e-02 1.194164704790138913e-02 1.181957890893666797e-02 1.148698340627809025e-02 1.160067736584295857e-02 1.106100495222082578e-02 1.154109709295356515e-02 1.129844394507974713e-02 1.385579827337726777e-02 1.133117275375993341e-02 1.179756389977821771e-02 1.314760062971793465e-02 1.137928844679173164e-02 1.171335275230509301e-02 1.222360274656191480e-02 1.154918527623180480e-02 1.115244464317393693e-02 1.185883463211640475e-02 1.110111936775791570e-02 1.133745750094868401e-02 1.166257667173006829e-02 1.164559343501238992e-02 1.221880814918823235e-02 1.296098083177048277e-02 1.185419412043948149e-02 1.099892972515505857e-02 1.199622481026717431e-02 1.162965408704542958e-02 1.152194262412609138e-02 1.134164740570520712e-02 1.322265080649257137e-02 1.162080316872333638e-02 1.231655658884846412e-02 1.184449244599221872e-02 1.186859442332512463e-02 1.219011062441480164e-02 1.210056774942614398e-02 1.172247303435447474e-02 1.215387030065727576e-02 1.136685273842126878e-02 1.179631693436811873e-02 1.174706188675184518e-02 1.188898227443294098e-02 1.245462936497995082e-02 1.163151187091987504e-02 1.217296668587912294e-02 1.152712522837624244e-02 1.157771502438753770e-02 1.239691549279618027e-02 1.146923651993653030e-02 1.218832830384717833e-02 1.204438719884646722e-02 1.160300888242937582e-02 1.230853512130097860e-02 1.297552463934738276e-02 1.215775143713536573e-02 1.220798289340161227e-02 1.142024666298118059e-02 1.211143774815391129e-02 1.322992204195438601e-02 1.242197351350629760e-02 1.243094709150379881e-02 1.296116251424899064e-02 1.141935768076006961e-02 1.186703071940805286e-02 1.140345627865855735e-02 1.272427847041041754e-02 1.201430791770913969e-02 1.158060981856929607e-02 1.221131877671240325e-02 1.270776449659417363e-02 1.269415534970158924e-02 1.196592382783855275e-02 1.293090855992216383e-02 1.255149654371710485e-02 1.293034765124464677e-02 1.243096239824260409e-02 1.144540115233377495e-02 1.202358791686801431e-02 1.152422947761029201e-02 1.143682340930413099e-02 1.222288733433272295e-02 1.174795833526450818e-02
9.317691693453575286e-03 9.342522689433996677e-03 8.988564837514151015e-03 0.000000000000000000e+00 8.917523169653360920e-03 8.151584788679814078e-03 9.190691668377501747e-03 9.508323311531121161e-03 8.983757720834486052e-03 9.292848928940894079e-03 8.925533984233647092e-03 8.656921461562959441e-03 8.680356146529552563e-03 8.315844118195747647e-03 8.402599254325114966e-03 8.942521382783064077e-03 9.002688463321221676e-03 9.242414237997173196e-03 9.496317589123006234e-03 9.013575917874487586e-03 8.874852248554467721e-03 8.342358611512565650e-03 7.998293747617478411e-03 9.338199077278345334e-03 1.067302226501799789e-02 8.416493894610358600e-03 8.495606443891674450e-03 8.899499702273491047e-03 9.178905000123527280e-03 9.272761493407570901e-03 9.140980159393867835e-03 1.025744185889667683e-02 1.191605574258124828e-02 1.140333235001592463e-02 1.189987884960464273e-02 1.245812286546381722e-02 1.204829652181846344e-02 1.233841126869342046e-02 1.170271471447991048e-02 1.169938338719851006e-02 1.213310568528248520e-02 1.228955837932563938e-02 1.112373209932569079e-02 1.129820006111590183e-02 1.177775731635494032e-02 1.189447895151198725e-02 1.203688470268881282e-02 1.189882343395141061e-02 1.158625517853205389e-02 1.169924229819022110e-02 1.115177065082678838e-02 1.162664007565160015e-02 1.138786835510685949e-02 1.392024337687514796e-02 1.141882368675038555e-02 1.187838505144671146e-02 1.321675217003436334e-02 1.146790570766288708e-02 1.179628309740148387e-02 1.228305887240692743e-02 1.165093709687938309e-02 1.124247001024441736e-02 1.195282647919967620e-02 1.088951580060163252e-02 1.148453269710064152e-02 1.179778467624878827e-02 1.178276965890484758e-02 1.233421674451882881e-02 1.308479470625228264e-02 1.199144267757634545e-02 1.113976442756740674e-02 1.213226880287099525e-02 1.177048635656422274e-02 1.166488668362964873e-02 1.148807423695018606e-02 1.334047835643348452e-02 1.176121378727686996e-02 1.242792202999139749e-02 1.198210610117436507e-02 1.199853912139318274e-02 1.232145137967616266e-02 1.222028895186559952e-02 1.185811275902002963e-02 1.228603150969002390e-02 1.150918354078804724e-02 1.193096841396162552e-02 1.188415366599360028e-02 1.202215961478031447e-02 1.258251244637046025e-02 1.176987532928769342e-02 1.230234654342405275e-02 1.166962074643878265e-02 1.170653806532322497e-02 1.252648078833426548e-02 1.161031360003429193e-02 1.231808138407587683e-02 1.219298121111774165e-02 1.174544966866412042e-02 1.245398530998013953e-02 1.311245324155038867e-02 1.228943271232558684e-02 1.235409201784875947e-02 1.158602979739810183e-02 1.225973745193862513e-02 1.336515489553730639e-02 1.256366196522590122e-02 1.257283168640673660e-02 1.309929309462463769e-02 1.157839207788595795e-02 1.201943845038811604e-02 1.155697276557760694e-02 1.286378934997400685e-02 1.216118399118305132e-02 1.173903296948189748e-02 1.235656189191759909e-02 1.284784330259390074e-02 1.283533447707666669e-02 1.211343004246688039e-02 1.306776107571331995e-02 1.269165434527360151e-02 1.306696689109245781e-02 1.257414739447799794e-02 1.159036530542169839e-02 1.217239133743259170e-02 1.166871612587224577e-02 1.159686213212162212e-02 1.236894764849433628e-02 1.190199795167875239e-02
9.769320266515838652e-03 9.398088612559618235e-03 9.032191191659672685e-03 8.917523169653360920e-03 0.000000000000000000e+00 8.572229005818558095e-03 9.265358498255195363e-03 9.235217464491770126e-03 9.011352867664164726e-03 9.332352450771025029e-03 8.981359309745079803e-03 8.746063932763807267e-03 8.733387428922927131e-03 8.375661399456564571e-03 8.494600031053168437e-03 8.977049377944176789e-03 9.419795945172079396e-03 9.295605317138593351e-03 9.233294602007694959e-03 8.706831952009811207e-03 8.972638588762741479e-03 8.438283685544192142e-03 8.076581878462113159e-03 9.412285085731952189e-03 1.031926881532049985e-02 8.531518607441888544e-03 8.606603174618573937e-03 8.948025834584896060e-03 9.560999158966061381e-03 9.313665298574939563e-03 9.231514094830401904e-03 1.029567700155830691e-02 1.200392069635321073e-02 1.147881645023778215e-02 1.198945827004849890e-02 1.251221381207050058e-02 1.210377813699067655e-02 1.240551871904707615e-02 1.175891576621057935e-02 1.177195586199608450e-02 1.220099910134618895e-02 1.235840829792048644e-02 1.121378445913947045e-02 1.139064731533813955e-02 1.186501668440370638e-02 1.196755923764776346e-02 1.209119366260667100e-02 1.196911865451720514e-02 1.166184002377214195e-02 1.177502049727390150e-02 1.124198488568323683e-02 1.169810441233021074e-02 1.146047404153221171e-02 1.398082140752529741e-02 1.150764686126223152e-02 1.194932470040476098e-02 1.328032657270192089e-02 1.157129196287203475e-02 1.188445863368841476e-02 1.201978857011417982e-02 1.172177564006676720e-02 1.131872545387073783e-02 1.200908019628855843e-02 1.125167335486113550e-02 1.155465916770748169e-02 1.186666700410877323e-02 1.185012253497454149e-02 1.238054458815803296e-02 1.314529446392095381e-02 1.205793277856068504e-02 1.121081861753379753e-02 1.219821578216188571e-02 1.183911283867705375e-02 1.173420715679168204e-02 1.155656648495742046e-02 1.340066236326844552e-02 1.182890677865891353e-02 1.250657429261551289e-02 1.204886720493348641e-02 1.206677874159007256e-02 1.238551660500679732e-02 1.228511173653114991e-02 1.192692491917794230e-02 1.235086566019799430e-02 1.157973623451232122e-02 1.199951883349513297e-02 1.195172766658439238e-02 1.209013309682327626e-02 1.264557231834080413e-02 1.183799446266861448e-02 1.236749286055282594e-02 1.173742895419613297e-02 1.177331961426480306e-02 1.259004171320561583e-02 1.167890413372198524e-02 1.238232266394126771e-02 1.226698633943396066e-02 1.182009443922265104e-02 1.252517350473703918e-02 1.317992931906506772e-02 1.235879728296023113e-02 1.242642869791802697e-02 1.164858077688815489e-02 1.233276528128355101e-02 1.343060056901245782e-02 1.263401444842360451e-02 1.264375563526012013e-02 1.316712295169879428e-02 1.166586523363251360e-02 1.209341325819282033e-02 1.163417683826108683e-02 1.294691872568603901e-02 1.223248774968135194e-02 1.181419648379675169e-02 1.242948549761623694e-02 1.291584363044691319e-02 1.290438387309213522e-02 1.218527878777335947e-02 1.313590116471322067e-02 1.276121800636053488e-02 1.313373502695745591e-02 1.265771898560023347e-02 1.167921140877470516e-02 1.224515403215715309e-02 1.174392199563920568e-02 1.167361902657093088e-02 1.243970314819669611e-02 1.197710312197793232e-02
8.596416612675098975e-03 8.258789457132546113e-03 7.844028497564560151e-03 8.151584788679814078e-03 8.572229005818558095e-03 0.000000000000000000e+00 8.478187788756938112e-03 8.457999847076591929e-03 8.166874240266830051e-03 8.640333770812273426e-03 8.475508945907794453e-03 7.861617974474099935e-03 7.798339781777248458e-03 7.513534792444597453e-03 7.605764680669125331e-03 8.221369222230445056e-03 8.210225581439979312e-03 8.545171639713425304e-03 8.447891901640238940e-03 8.179515587424072975e-03 8.174960982634914622e-03 7.492123264162885848e-03 7.114608205469185633e-03 8.683107135698031609e-03 9.995041354354841992e-03 7.523444764210665894e-03 7.762292835055159199e-03 8.150309091203507966e-03 8.480907063119947839e-03 8.167642216449600562e-03 8.479805865169758733e-03 9.255044497664934033e-03 1.129267856828045265e-02 1.074647173133943222e-02 1.128700364585145076e-02 1.185083497000432792e-02 1.142792919813112075e-02 1.172572781416646344e-02 1.106787622065587458e-02 1.104770078275873514e-02 1.153756160269639106e-02 1.167208210993839375e-02 1.044759967998578135e-02 1.063834080891904940e-02 1.114630852180222356e-02 1.127351345780303916e-02 1.140475040440170305e-02 1.129769313774591118e-02 1.093380649752331499e-02 1.104614739619398482e-02 1.048489582432399550e-02 1.098354878922453391e-02 1.073915013112794470e-02 1.339747170336107185e-02 1.076173887305214433e-02 1.126200487515321286e-02 1.266389518719190747e-02 1.056433796441541388e-02 1.117783554143195364e-02 1.172033682141146102e-02 1.099969954093933840e-02 1.058459513120016925e-02 1.131830509458259595e-02 1.051884991915181394e-02 1.083017445999037535e-02 1.116021898186702298e-02 1.113254046168852748e-02 1.173833581499399668e-02 1.252041149259772342e-02 1.136612017935721350e-02 1.046991146041965047e-02 1.151500891537049660e-02 1.113127745256078070e-02 1.101817412202118693e-02 1.083403100003716042e-02 1.279105961335337549e-02 1.112325133120557058e-02 1.184760023852139688e-02 1.135561569875890436e-02 1.136639033211054098e-02 1.171373594207264154e-02 1.162798312719456016e-02 1.122803947166643550e-02 1.167949264620966182e-02 1.085401096204959351e-02 1.130454176262076470e-02 1.125548087803936691e-02 1.140184270385771921e-02 1.199313413313086649e-02 1.113247231728488849e-02 1.169792038494060771e-02 1.102958562914068373e-02 1.107908961079883368e-02 1.193441419480207807e-02 1.096144757542323080e-02 1.171351840817235271e-02 1.142493760938684266e-02 1.095950755198993841e-02 1.171802863563064893e-02 1.241640388026134592e-02 1.156777228575064410e-02 1.159861225584208656e-02 1.077898184934114947e-02 1.149608583722520200e-02 1.266814322975521115e-02 1.184015205439815054e-02 1.183072021804811719e-02 1.239964592728424152e-02 1.053618094771412508e-02 1.125131296406525067e-02 1.074994828796092469e-02 1.217822209409050865e-02 1.142072611628014434e-02 1.095172004296202962e-02 1.160017897748269293e-02 1.212387832376913589e-02 1.211993389309399573e-02 1.137174211228817247e-02 1.235616648857118700e-02 1.197553761630921858e-02 1.237072384884903981e-02 1.156946597815983364e-02 1.080550832626385981e-02 1.141738716701324631e-02 1.087565392088678078e-02 1.079106864762680897e-02 1.165121769072899674e-02 1.111303440539793651e-02
9.551059206385222045e-03 9.226900397702388068e-03 8.908029166969731044e-03 9.190691668377501747e-03 9.265358498255195363e-03 8.478187788756938112e-03 0.000000000000000000e+00 9.374521078390573789e-03 8.947771065433427970e-03 9.969824207190640039e-03 9.596980922275500508e-03 8.918810842399066408e-03 8.876474128535974048e-03 8.639624026300068288e-03 9.044510410883220206e-03 9.141695350040278042e-03 9.263220615666768396e-03 9.419555775130273798e-03 9.780569999757172256e-03 8.925581220105147789e-03 9.187314890362528741e-03 8.991167048271282367e-03 8.342524093719098921e-03 9.982450341411402972e-03 1.039604893907617421e-02 8.998250533564735101e-03 9.186311177368540817e-03 9.175209191279858414e-03 9.402386495066712008e-03 9.495690987743577241e-03 9.358569805112196272e-03 1.047491784726580638e-02 1.222968001384886795e-02 1.173178397435164881e-02 1.223004152320472313e-02 1.274523566562170765e-02 1.233832588025655930e-02 1.261014415013322551e-02 1.202034728409533300e-02 1.200617691651855758e-02 1.244211534804773311e-02 1.258043839242795406e-02 1.145492358382594472e-02 1.164216086668354647e-02 1.209838352005395551e-02 1.221190532383734095e-02 1.233353836616140654e-02 1.221224537333340937e-02 1.190787463257963162e-02 1.200750126141360286e-02 1.148516847268670794e-02 1.194904077848715773e-02 1.171716466434683142e-02 1.418892181172196933e-02 1.174934585963673637e-02 1.219006357729331483e-02 1.350108664859629368e-02 1.179227824863328909e-02 1.211457447254413004e-02 1.258709474994952962e-02 1.196962768547456951e-02 1.157594088332859067e-02 1.225344043272562182e-02 1.152257139077319040e-02 1.175969335492363203e-02 1.205476221117056032e-02 1.202808200208269236e-02 1.257707984831712283e-02 1.331434048810473461e-02 1.224407576705669430e-02 1.142594254757886563e-02 1.238157218063354673e-02 1.202891765796023672e-02 1.192616425022299635e-02 1.175049805462036884e-02 1.356873538235569242e-02 1.201241437841043050e-02 1.268831005796782971e-02 1.223502075892769422e-02 1.225566239355515598e-02 1.256340950977491606e-02 1.248203750444346755e-02 1.211700266676126424e-02 1.253256899202796412e-02 1.177703253020846892e-02 1.218856684236572195e-02 1.214829117206494939e-02 1.227705957104999537e-02 1.282239968671127460e-02 1.203024348917323093e-02 1.255107094168349258e-02 1.194081759400713108e-02 1.197903021058979896e-02 1.276816541629165018e-02 1.187370592422006682e-02 1.256457065387854913e-02 1.234238385112151372e-02 1.190222120096000660e-02 1.259762805979586404e-02 1.324773075979711508e-02 1.245222015950381116e-02 1.250040367142981473e-02 1.175257167386188281e-02 1.240718471952269135e-02 1.351073218745228906e-02 1.270641333346901256e-02 1.272958894450376341e-02 1.325014910975590328e-02 1.173784418745002674e-02 1.217165651124226845e-02 1.172261621423432987e-02 1.301771593228511111e-02 1.231373583354671876e-02 1.159721376571871271e-02 1.250356186552903544e-02 1.298570402266619774e-02 1.298660905762779975e-02 1.226713708428976181e-02 1.320196912461891157e-02 1.284824821823682579e-02 1.320336257772489717e-02 1.271758023764510241e-02 1.177866534747789608e-02 1.232254351560034197e-02 1.184160267214640419e-02 1.176918138821280574e-02 1.252845112670831172e-02 1.205548506017858380e-02
9.519831266257621286e-03 9.158858865934422014e-03 8.817586953041571529e-03 9.508323311531121161e-03 9.235217464491770126e-03 8.457999847076591929e-03 9.374521078390573789e-03 0.000000000000000000e+00 8.849288170821676541e-03 9.507449437969599237e-03 9.212620897796454725e-03 8.855419003284016946e-03 8.931497095001326297e-03 8.575739292637255332e-03 9.016888208231026852e-03 9.165788879202173972e-03 9.676614858271903249e-03 9.366778723211925325e-03 9.776513792566931052e-03 8.838406791052752856e-03 9.471634760597168190e-03 8.915690351011395717e-03 8.318399230102253850e-03 9.519125580025830993e-03 1.078348997896349908e-02 8.648102106667068800e-03 9.134296536487422277e-03 9.114674025468356283e-03 9.340013725003558365e-03 9.082679988820303169e-03 9.687784739946947096e-03 1.004023827895057612e-02 1.223753828200448319e-02 1.173882474443097013e-02 1.222037933528451886e-02 1.275328985554104698e-02 1.234880370380103329e-02 1.261427139812902436e-02 1.202790375930042066e-02 1.201204764496623285e-02 1.245013880433759948e-02 1.258836841210370615e-02 1.146528504039173550e-02 1.164723062269537070e-02 1.210554291498724955e-02 1.221911906225558488e-02 1.234026948254699808e-02 1.221912139032186977e-02 1.191494772231505017e-02 1.201410667371969991e-02 1.150773858285446608e-02 1.195611745908161869e-02 1.172417520454231005e-02 1.419628680387535410e-02 1.175628004527921704e-02 1.220076506894908833e-02 1.350724386070995507e-02 1.179840019590932577e-02 1.212149267243836648e-02 1.259472346840499225e-02 1.196055284457893039e-02 1.158278110551518025e-02 1.226087269305723912e-02 1.154166690870893873e-02 1.174497132922728594e-02 1.205627415572972996e-02 1.203845938784254589e-02 1.257823857274651368e-02 1.331332369654727663e-02 1.224307977545837853e-02 1.141034589218683365e-02 1.238053320878334911e-02 1.202717394509592898e-02 1.192432609483451596e-02 1.174912650225474510e-02 1.356776605382643136e-02 1.201613414910763372e-02 1.268822835146527286e-02 1.223470538101264007e-02 1.225603205119246697e-02 1.256568871745075179e-02 1.246608171791280077e-02 1.211679084003978307e-02 1.253163390270308451e-02 1.177514299334518101e-02 1.218728786798105312e-02 1.214920226877635491e-02 1.227754340826189838e-02 1.282168686212599440e-02 1.202885628675457244e-02 1.255005653039587173e-02 1.193848825720520909e-02 1.196327996436112769e-02 1.276673933816069133e-02 1.187269323634890933e-02 1.256500318806035542e-02 1.243461841631797460e-02 1.199464310947878122e-02 1.268940437335939336e-02 1.333560407733567349e-02 1.252590678038419808e-02 1.259215724157003446e-02 1.184255329080679230e-02 1.249934958081137110e-02 1.358248310370934603e-02 1.279750819284738127e-02 1.280568006827871586e-02 1.331830458364627670e-02 1.182784011572891696e-02 1.226475349991745789e-02 1.181458850416635883e-02 1.310740364359272610e-02 1.240533890468382625e-02 1.198270205777361708e-02 1.259406206945380344e-02 1.307483515771437448e-02 1.305837457115694052e-02 1.235642348141839306e-02 1.329061256225444812e-02 1.292365390748550190e-02 1.329029702405108704e-02 1.280445291310517569e-02 1.185764088830952231e-02 1.241437468872112239e-02 1.192041270111378858e-02 1.185125996373702535e-02 1.261734730193486698e-02 1.214984850696466077e-02
9.052853904996171347e-03 8.676769029722865637e-03 8.304731482590112929e-03 8.983757720834486052e-03 9.011352867664164726e-03 8.166874240266830051e-03 8.947771065433427970e-03 8.849288170821676541e-03 0.000000000000000000e+00 9.027939017289135851e-03 8.701086484510589872e-03 8.380141717834027268e-03 8.365485789740228703e-03 8.024328216761366511e-03 8.097609866833041514e-03 8.661313520985848557e-03 9.083879936566580798e-03 8.949626084818553678e-03 8.852450617239155176e-03 8.325642571331658484e-03 8.640583255052182790e-03 8.058820643807198050e-03 7.693786145866796274e-03 9.124533322883186109e-03 9.996474003104653672e-03 8.152817284216896249e-03 8.237689465054848226e-03 8.990219126442319103e-03 8.842345790016093929e-03 8.544482899327986158e-03 9.264162770478775663e-03 9.967126515510661700e-03 1.174151430757318371e-02 1.121978685677326414e-02 1.174484401555941221e-02 1.229220590119577995e-02 1.186054185253334822e-02 1.182893797880802018e-02 1.150691542777254259e-02 1.150404287238602184e-02 1.196224938124269659e-02 1.210220020736283222e-02 1.095044306200923523e-02 1.112822267722114386e-02 1.161491715526330112e-02 1.173813699350955038e-02 1.184626655808062451e-02 1.174294578414451611e-02 1.140651747548608250e-02 1.150447298551689548e-02 1.099357905308469274e-02 1.144545482580237687e-02 1.120158304514995429e-02 1.377470045396659085e-02 1.123454584238855331e-02 1.170306089259708950e-02 1.305842469199986616e-02 1.129814897809971325e-02 1.161996259777188858e-02 1.214789569362627504e-02 1.146856770384265499e-02 1.105587164235756828e-02 1.177947443999060630e-02 1.102138625940263413e-02 1.129706460085715125e-02 1.161697612626766581e-02 1.160229816464042503e-02 1.216387372767518960e-02 1.292244953192696506e-02 1.181243501104417559e-02 1.094393996913460565e-02 1.195529296254922019e-02 1.158743513818384294e-02 1.147950827228322312e-02 1.129961490032565553e-02 1.318244148371419330e-02 1.158032967122402807e-02 1.227417118958691947e-02 1.180301868888007297e-02 1.182360647220313983e-02 1.214881701115435100e-02 1.204714773413833977e-02 1.167913439570872347e-02 1.211272384781784256e-02 1.132149941107440591e-02 1.175199974655361142e-02 1.170454698549350941e-02 1.184646027130161969e-02 1.241375378686757243e-02 1.158702632829178292e-02 1.213034829823734194e-02 1.148414109662682613e-02 1.152311717042094584e-02 1.235679178110838002e-02 1.142423372315165553e-02 1.214629110367888322e-02 1.202273031457562306e-02 1.156711988235750894e-02 1.228676349844412194e-02 1.295462131881525668e-02 1.211875853317296095e-02 1.218622435113810715e-02 1.139094182246982133e-02 1.208974150313832027e-02 1.321040212607058235e-02 1.239920046180552175e-02 1.240816148795496551e-02 1.294360207129850726e-02 1.142238803176746920e-02 1.184492616101568210e-02 1.137604148870418989e-02 1.271786022358524330e-02 1.198773652516173412e-02 1.156150219743620755e-02 1.218924822898923878e-02 1.268603436809820004e-02 1.267577725807743881e-02 1.193990751665734151e-02 1.291049377315836057e-02 1.252856641793309925e-02 1.290851695685683517e-02 1.242238262727367315e-02 1.142377724808434775e-02 1.200053166070182489e-02 1.148839222685696382e-02 1.141258713440523875e-02 1.220065425408807872e-02 1.172546156906127506e-02
1.008672016567692745e-02 9.399812955205992873e-03 9.046170438433198679e-03 9.292848928940894079e-03 9.332352450771025029e-03 8.640333770812273426e-03 9.969824207190640039e-03 9.507449437969599237e-03 9.027939017289135851e-03 0.000000000000000000e+00 9.286126703307162958e-03 9.402018609252058359e-03 9.400991291021967844e-03 8.750004043046771471e-03 8.812843578592697083e-03 9.345153340425571553e-03 9.763203293281967968e-03 9.974507100927350323e-03 9.500624313274591212e-03 9.061548577023754297e-03 9.650875091048205165e-03 8.762826614240189563e-03 8.437608255802963100e-03 9.670461585264260654e-03 1.099142991906598525e-02 8.818947336601924009e-03 8.920932451003275865e-03 9.285663480096335506e-03 9.542498105165643507e-03 9.625789506068970630e-03 9.917923492414432510e-03 1.062770066152289063e-02 1.220260869954921910e-02 1.170801526255913459e-02 1.185650224235665177e-02 1.273664570694849583e-02 1.231901172670883324e-02 1.260202194816473567e-02 1.199820491708238762e-02 1.198129671041701406e-02 1.243325575272933789e-02 1.257152775315881384e-02 1.143645888922551618e-02 1.160305745769435806e-02 1.207155649287737671e-02 1.218657557176940770e-02 1.232492716381095033e-02 1.218693932979890600e-02 1.188585068675368332e-02 1.198119260086924140e-02 1.147677605143323197e-02 1.193978448863887432e-02 1.169317631885968996e-02 1.418210955355318249e-02 1.172417295719147858e-02 1.216736702576832856e-02 1.347200373309203995e-02 1.176984030883134781e-02 1.208776576205084115e-02 1.258179798816182540e-02 1.196293359575845150e-02 1.155250607288614388e-02 1.224493313300352090e-02 1.148556016211984936e-02 1.179370331912622111e-02 1.209870188039980678e-02 1.208402934571053793e-02 1.263351696815938861e-02 1.335243401161475066e-02 1.228876051473844905e-02 1.146060262057149726e-02 1.242363201516643971e-02 1.207283092455841041e-02 1.197109954030327675e-02 1.179761710147980355e-02 1.360122854294994015e-02 1.206233339293558658e-02 1.272639881618343669e-02 1.227890641189428693e-02 1.229270223295389833e-02 1.260791939062925159e-02 1.250808692381121315e-02 1.215732135878375142e-02 1.257445905320683961e-02 1.181861998036814500e-02 1.222736963850948842e-02 1.218039043609249819e-02 1.231666826467530014e-02 1.286408499276410836e-02 1.207138139818779952e-02 1.257222010874441305e-02 1.197294926734741340e-02 1.200827386964197808e-02 1.280955990357221866e-02 1.191734136026715088e-02 1.260496170605212608e-02 1.250205094685068012e-02 1.207583964879732630e-02 1.275545261406820299e-02 1.339661097538543018e-02 1.260382066187929785e-02 1.265715888015803842e-02 1.189281117887587558e-02 1.256669428339706948e-02 1.364122306289559418e-02 1.286034764142816346e-02 1.287030620418697785e-02 1.339546018364777026e-02 1.190160029651597846e-02 1.233226961729973897e-02 1.188154137229477554e-02 1.316814016872686587e-02 1.246791240627176042e-02 1.206944555302071065e-02 1.266154675889603551e-02 1.313663415554985718e-02 1.312317070427957734e-02 1.242241027683228631e-02 1.335218747357288377e-02 1.298565924282524264e-02 1.335093728008894878e-02 1.287041179296727691e-02 1.192647799965779361e-02 1.248101815746215613e-02 1.200104499359729709e-02 1.192372889916479099e-02 1.266971931593876763e-02 1.221890244341176414e-02
9.740747682846441838e-03 9.036050380060636072e-03 9.030710860014513550e-03 8.925533984233647092e-03 8.981359309745079803e-03 8.475508945907794453e-03 9.596980922275500508e-03 9.212620897796454725e-03 8.701086484510589872e-03 9.286126703307162958e-03 0.000000000000000000e+00 8.701053072920812009e-03 8.902042601340873565e-03 8.378718130488323548e-03 8.344047365277253159e-03 9.364085482450499112e-03 9.356678008060751936e-03 9.265364111908414718e-03 9.193381804660982412e-03 9.033465963890952369e-03 8.918125576463487025e-03 8.374430066671484721e-03 7.967978102559083314e-03 9.350550425881943434e-03 1.067770687342311023e-02 8.658756851519358588e-03 8.594354796612935568e-03 8.940456675145246404e-03 9.210245614793092020e-03 9.304041802524629090e-03 9.251930049752724733e-03 9.911668707724979530e-03 1.180643734475376669e-02 1.129042822681709975e-02 1.179398971834244234e-02 1.235320347806681367e-02 1.191945661872143535e-02 1.221865913661773426e-02 1.159156912630642487e-02 1.157529768093618419e-02 1.203712434380563301e-02 1.218175355303498415e-02 1.101658948293603169e-02 1.119773925887585994e-02 1.167975506835508374e-02 1.178844003220275681e-02 1.192572542623318056e-02 1.179635648174887086e-02 1.147471124029282412e-02 1.158619048728287866e-02 1.104284897334346233e-02 1.152634979620706553e-02 1.128445000627354387e-02 1.384266345435076172e-02 1.131756259847627177e-02 1.177537092095854929e-02 1.313180389063482549e-02 1.137268629711111687e-02 1.168711775118879900e-02 1.218438033199763931e-02 1.153738493180321047e-02 1.112805567465427817e-02 1.184166044339773904e-02 1.106972326387325144e-02 1.109993120406108612e-02 1.139496234470536475e-02 1.137624424208669334e-02 1.198889015736359642e-02 1.270776277838454871e-02 1.160271416627899760e-02 1.045015544546819969e-02 1.174328553765461788e-02 1.136132508176258653e-02 1.124994872156995750e-02 1.108965807855869304e-02 1.297904462474853450e-02 1.140426445607359805e-02 1.207544757424394537e-02 1.160428100242992359e-02 1.164243127293553524e-02 1.192509139164065791e-02 1.152292100598488814e-02 1.145630606141370342e-02 1.190573204750458407e-02 1.109437621633850395e-02 1.153019654387392109e-02 1.148480091423727950e-02 1.164248308018911958e-02 1.219223632864631542e-02 1.136435943641928362e-02 1.192845975069077927e-02 1.125814262472317993e-02 1.101737778282032947e-02 1.215088138962304790e-02 1.121308899451910028e-02 1.195839885900583204e-02 1.197485537392948239e-02 1.152802927429764229e-02 1.225523850713368910e-02 1.290820775006010224e-02 1.207787972242014944e-02 1.213884134548854320e-02 1.134341723836559956e-02 1.205629695043502342e-02 1.317782282048074807e-02 1.235732583101917421e-02 1.235863762880028659e-02 1.290188465505682537e-02 1.137213458261298292e-02 1.179837891808967545e-02 1.132151362626399385e-02 1.267726506065037714e-02 1.195598161476004069e-02 1.156278478785034529e-02 1.214088440257397178e-02 1.265574680754298631e-02 1.266250912803971833e-02 1.188588750080884528e-02 1.286576000078563931e-02 1.247940756225579192e-02 1.286297866528999904e-02 1.238176185264397780e-02 1.109246081620826260e-02 1.195564718538422513e-02 1.144848709888657279e-02 1.136680562303202767e-02 1.215863823714904285e-02 1.167830545253511175e-02
9.062620891985935165e-03 8.689481974854933524e-03 8.317329239244785483e-03 8.656921461562959441e-03 8.746063932763807267e-03 7.861617974474099935e-03 8.918810842399066408e-03 8.855419003284016946e-03 8.380141717834027268e-03 9.402018609252058359e-03 8.701053072920812009e-03 0.000000000000000000e+00 8.689820599781681795e-03 8.041357410158878061e-03 8.175958185891897892e-03 8.681069784953386603e-03 8.752937599563954604e-03 8.901802744663223771e-03 9.276240619952403482e-03 8.380750443563841218e-03 8.611394201768644840e-03 8.023437451802083176e-03 8.017187650951091912e-03 9.055404650138498129e-03 1.041729357713947791e-02 8.080122416593289725e-03 8.250991858456686867e-03 8.594334852612680459e-03 9.273216734753635462e-03 8.621516748544747963e-03 9.236738471865915678e-03 9.650993472610726667e-03 1.182396229488563016e-02 1.130459570195233021e-02 1.182517644043654462e-02 1.235883544430518670e-02 1.193875342009510961e-02 1.222018805967331825e-02 1.160668610513800048e-02 1.159110019332117679e-02 1.204457730365501682e-02 1.218725794637496619e-02 1.103006546417284808e-02 1.119850438472549427e-02 1.168588503863918042e-02 1.180506100867127761e-02 1.193181538980042644e-02 1.182144652566464484e-02 1.147840006151374000e-02 1.159194081931932442e-02 1.105042994338102311e-02 1.153074525224932929e-02 1.128859281041082185e-02 1.384665349210009548e-02 1.132144887430319713e-02 1.178509815148876677e-02 1.313797732943310786e-02 1.136948174331518790e-02 1.170372697882598317e-02 1.219910078228115917e-02 1.153908890871266878e-02 1.114156403887598540e-02 1.184879131515881659e-02 1.107721521626718955e-02 1.131922627699749433e-02 1.164038709727168754e-02 1.161840637415405102e-02 1.220096412851033249e-02 1.294231246294733767e-02 1.183553074656179538e-02 1.096745438147423736e-02 1.197707619763700021e-02 1.161027216977791356e-02 1.150237916806235577e-02 1.133440040583423222e-02 1.320514657506469645e-02 1.161239138176288314e-02 1.229735144804486487e-02 1.182564495880361090e-02 1.185109246992617840e-02 1.216804879938794375e-02 1.206800797360376223e-02 1.170298815672759368e-02 1.213495658862613104e-02 1.134674768693257410e-02 1.177685673400218590e-02 1.172588917350574772e-02 1.187042655957998294e-02 1.243506764378416243e-02 1.161196811615726639e-02 1.215452303842302906e-02 1.150809018887744527e-02 1.154516595607536951e-02 1.237848014044106576e-02 1.145017271401442202e-02 1.217032522892099594e-02 1.195378111694280800e-02 1.153128655193402970e-02 1.222204745441917220e-02 1.289162237724114819e-02 1.209202084128232872e-02 1.213612330565359658e-02 1.136167043174185834e-02 1.202152441115201739e-02 1.314574272723254000e-02 1.235273315997799902e-02 1.235829844307329006e-02 1.254901043194292173e-02 1.133133288464418555e-02 1.177613367977783237e-02 1.131531031798235082e-02 1.265672810601009210e-02 1.192663629016242448e-02 1.150852996304740569e-02 1.212181882114447135e-02 1.264024474893292449e-02 1.261362136250365404e-02 1.187762401554409188e-02 1.286231191340666234e-02 1.248111794839300639e-02 1.286328241112965481e-02 1.234566128794359688e-02 1.134501761436491375e-02 1.195163998263787213e-02 1.145067495003747673e-02 1.134584506705591141e-02 1.213705534780780936e-02 1.165711344383311629e-02
