0.000000000000000000e+00 8.230982752191680005e-03 8.646506438113312973e-03 7.998712680217479401e-03 8.210099956038960020e-03 8.756056463378843885e-03 7.970355351197293617e-03 8.187054300188746289e-03 7.758998089904061216e-03 8.735026148385284864e-03 8.557449586113333173e-03 8.113760855751977336e-03 7.961192374565637803e-03 8.000408615255300351e-03 1.056537362719042403e-02 8.354035871270849845e-03 8.744898947998571218e-03 8.271577680147936679e-03 8.665770569946992102e-03 8.111508072972258357e-03 8.345615211606342496e-03 8.539416784277879813e-03 8.180815943911397964e-03 8.146867459935784248e-03 8.009741752565864570e-03 8.161258421013997330e-03 8.558814851916389521e-03 8.196389455832427465e-03 7.968102249630794678e-03 8.908030263320624795e-03 8.575245832102463758e-03 7.906319450363456791e-03 9.061421238931681790e-03 9.701331582521817778e-03 8.960487046555686008e-03 8.985243790935964689e-03 9.662753359869706571e-03 9.424687767561756510e-03 1.021927150307203394e-02 9.023872314564109626e-03 9.158442564530055660e-03 9.411428083105431719e-03 1.137247478019371739e-02 9.365530837019351781e-03 9.655953219275370536e-03 9.024014184903620533e-03 9.185271292386106706e-03 9.356682149114352656e-03 9.300727357042739077e-03 8.862434270478941958e-03 9.375462286081361063e-03 9.157039111120339123e-03 9.729378718930334000e-03 8.929492676248340990e-03 8.946230458540331901e-03 9.214292325437901249e-03 9.096287789203259810e-03 9.152551702403281461e-03 9.249255345664033484e-03 8.760109952453448007e-03 8.773062179098973373e-03 9.008499714483430426e-03 9.022109136257583720e-03 9.295389275776033342e-03 9.253817324176764544e-03 9.283531303473618879e-03 9.235099940557803602e-03 9.101019466238964226e-03 9.607141704748854358e-03 9.196590963644580077e-03 9.961945207232916419e-03 8.987325001839506847e-03 9.350620073516084305e-03 9.386862944325729749e-03 9.455215662188909062e-03 9.155008739008180241e-03 9.777193316080682456e-03 9.275431700672276056e-03 9.651091748128913517e-03 9.486828207771497157e-03 9.111238530948516726e-03 9.364675540698634559e-03 9.770252748921676514e-03 8.818721350136667775e-03 9.334310545520353025e-03 9.280940224641617484e-03 9.174670635406962510e-03 9.317186824575935181e-03 9.197593139254039291e-03 9.255241773172008177e-03 9.654736753661434176e-03 9.936726727577276097e-03 9.115642245364907401e-03 9.214960292010691140e-03 9.592110473777074042e-03 9.257270119970385791e-03 9.706344514221037709e-03 9.346958398021335337e-03 9.492762690351192953e-03 9.189640964866163317e-03 8.938227378951620061e-03 1.009179128638911481e-02 9.313360148629651683e-03 9.523279490395908722e-03 9.197962478902478936e-03 9.137405327336320729e-03 9.125066312082562303e-03 9.615863374007953615e-03 9.326301462221813290e-03 8.737243493035461855e-03 9.092511356286537769e-03 9.106556113044412398e-03 9.546284962328040538e-03 9.075444064957229051e-03 9.741932439613085540e-03 9.396820874080630964e-03 9.084716850162752322e-03 9.106613498505715387e-03 8.958749697801046338e-03 9.345287443802490282e-03 9.929213683499820212e-03 9.183275693637839299e-03 9.208022659106475730e-03 9.686329132632209502e-03 8.876402702505609491e-03 9.719984148505830118e-03 9.449102945565841793e-03 9.126319877469715736e-03
8.230982752191680005e-03 0.000000000000000000e+00 7.687921130933708658e-03 7.018713043869329385e-03 7.534942700964079518e-03 7.851947481502521628e-03 7.515584317255268564e-03 7.535699394752057301e-03 7.025413868802763556e-03 8.128995575318896660e-03 8.209082702369236914e-03 7.452862606256598077e-03 7.263384129624024521e-03 7.282903169098692807e-03 1.002184931371630575e-02 7.637166648644192098e-03 8.177856058243570397e-03 7.879845035978888176e-03 7.773309778560897991e-03 7.422618544210861022e-03 7.672542311262690179e-03 7.613026799055964793e-03 7.521292136953062341e-03 7.505598965741800375e-03 7.318275808479929659e-03 7.409671770560392889e-03 7.617803735148892530e-03 7.545157041911994961e-03 7.304621461790371424e-03 8.369107997853812361e-03 7.660322031515023021e-03 7.217753264720885333e-03 8.423371871781572956e-03 9.112870928349088920e-03 8.312800669029363557e-03 8.348124306926281435e-03 9.071421021416470679e-03 8.819492935126115388e-03 9.666594901829255945e-03 8.381255254475198507e-03 8.527767514761940004e-03 8.801306911131397820e-03 1.088306252225994253e-02 8.751375941604541339e-03 9.064311897569198029e-03 8.381257778809676068e-03 8.556024088093493185e-03 8.742477586129161066e-03 8.690815949027654377e-03 8.206553442481017216e-03 8.752855480687297615e-03 8.535209001644322030e-03 9.143147708062578094e-03 8.288410887750416109e-03 8.299279838940859175e-03 8.595985045664070179e-03 8.246238609048489945e-03 8.530039169544839650e-03 8.634808145745036592e-03 8.094236808257816024e-03 8.116953180732668083e-03 8.364538020208176633e-03 8.388375110930599773e-03 8.675488375184297121e-03 8.656996325393554251e-03 8.689697564314794245e-03 8.637100648054677615e-03 8.493323613730858340e-03 9.037426668623031387e-03 8.587719459219055745e-03 9.417073372728474584e-03 8.368844441796086109e-03 8.761458158414697772e-03 8.800687216464717424e-03 8.874256091134966398e-03 8.550655277490375183e-03 9.219493268376817777e-03 8.680963117085277111e-03 9.084500495471018941e-03 8.908323992540422356e-03 8.502712993814364947e-03 8.776855236829261137e-03 9.212425647091454853e-03 8.185841034002099004e-03 8.744133866566873234e-03 8.686597806805057553e-03 8.571853689140668947e-03 8.725262077785270534e-03 8.596332100208098695e-03 8.658860718040643431e-03 9.088767387202057943e-03 9.389985483352012927e-03 8.506571513275785687e-03 8.615362294553126354e-03 9.021358740814578239e-03 8.661297369445215832e-03 9.144413943336019215e-03 8.758462168555393446e-03 8.916052580003783548e-03 8.587323094215587593e-03 8.316308684142438568e-03 9.555786638996746282e-03 8.722230101141681055e-03 8.935954234044670222e-03 8.597213693175889335e-03 8.532234309121930829e-03 8.518506848092088218e-03 9.047404893291805320e-03 8.736010855432182337e-03 8.097537742415217982e-03 8.482391109382446392e-03 8.498480438320559632e-03 8.972682404248538343e-03 8.465331080093854710e-03 9.182468983012222891e-03 8.812258660620953671e-03 8.476385352762369138e-03 8.497752784217754013e-03 8.339011895861529397e-03 8.756184285456334107e-03 9.382001168182798473e-03 8.580575827515831908e-03 8.608506996762155597e-03 9.122926517762714599e-03 8.249186595563997790e-03 9.158446738655637298e-03 8.867849844345184612e-03 8.519891016143225568e-03
8.646506438113312973e-03 7.687921130933708658e-03 0.000000000000000000e+00 7.430022211624987168e-03 7.904535041717388952e-03 8.215891219277446367e-03 7.950201355983477561e-03 7.917477901734483112e-03 7.432058037069957414e-03 8.493752005898110372e-03 8.634255840794984385e-03 7.815894989221153222e-03 7.672729089679122295e-03 7.718450395102795063e-03 9.981047249931682824e-03 7.803366448866570597e-03 8.805251129702446750e-03 8.041332899579652083e-03 8.162876638274189911e-03 7.810068103877782983e-03 8.058111080311585253e-03 8.008041830299681904e-03 7.914553648243911194e-03 8.133143374619015292e-03 7.933884525312602867e-03 7.570637984949856771e-03 7.989592559369016606e-03 8.172257238510711660e-03 7.943842314482382413e-03 8.699676030131432009e-03 8.018360094097884416e-03 7.881217742108250976e-03 8.815481851741618219e-03 9.473741548108580157e-03 8.710954492048538986e-03 8.737079259724750413e-03 9.434472986802623293e-03 9.199648737639239127e-03 1.000554540114436362e-02 8.776683782429855682e-03 8.915208014249016016e-03 9.176190161610614515e-03 1.118234370054860261e-02 9.128226636674041314e-03 9.427044472844562858e-03 8.776154766314587727e-03 8.942513159539262901e-03 9.119135780524456267e-03 9.062574205688178619e-03 8.609642094398248582e-03 9.127988797928299897e-03 8.914079144614278985e-03 9.502624362843702446e-03 8.678523463514390551e-03 8.705126439368647898e-03 8.973058518890450475e-03 8.841769842930077491e-03 8.909369994787386463e-03 9.009067317089428442e-03 8.503597251398530357e-03 8.517977257445113332e-03 8.760148364907866664e-03 8.774796036751427927e-03 9.055681251500623599e-03 9.002501236389213318e-03 9.042269214042967726e-03 8.992063258813295240e-03 8.861371028244077047e-03 9.375179546449050050e-03 8.944397221221268499e-03 9.740047800907611006e-03 8.736185894111497124e-03 9.111441569239179736e-03 9.148483374407627086e-03 9.218882652624126040e-03 8.909524887219426661e-03 9.549683726445420962e-03 9.034239574831010380e-03 9.420378948482193912e-03 9.251743351296025028e-03 8.864360588389791698e-03 9.125928064737977297e-03 9.543482967793722599e-03 8.562369124624064770e-03 9.094689840358370983e-03 9.039036746165978256e-03 8.929788197767844771e-03 9.067645657113970054e-03 8.953868747600885955e-03 9.013139385861186625e-03 9.424720119919663755e-03 9.713846614294044390e-03 8.869001558378527064e-03 8.971931927391322420e-03 9.359752896649798509e-03 9.015282787125371289e-03 9.478581823525339747e-03 9.108762415017363639e-03 9.258504547785647437e-03 8.945929503021211524e-03 8.686536751016358388e-03 9.874244790978552525e-03 9.074137848043471732e-03 9.271763963455080179e-03 8.954467514437198378e-03 8.892669557603660041e-03 8.879317371732269384e-03 9.385499623024930529e-03 9.087377381321443820e-03 8.478904080084316564e-03 8.845756077834721065e-03 8.860220479097687118e-03 9.313919229545657152e-03 8.828469533835247088e-03 9.515140426880236077e-03 9.159828574886695607e-03 8.838666064006588455e-03 8.860985649673020284e-03 8.708374927933911630e-03 9.106316329530324619e-03 9.706704525318186547e-03 8.939339090423239348e-03 8.965483118292705278e-03 9.458012868021968556e-03 8.622680183173414559e-03 9.491830533856611407e-03 9.213186907715800039e-03 8.880659346877416496e-03
7.998712680217479401e-03 7.018713043869329385e-03 7.430022211624987168e-03 0.000000000000000000e+00 7.263383942636509640e-03 7.602098607363211649e-03 7.023189275983027224e-03 7.495039397044146907e-03 6.720653357327299737e-03 7.919864518570981712e-03 7.757036396283406403e-03 7.170807220289873544e-03 6.964729858036609010e-03 7.036148952134609752e-03 9.533763829816651811e-03 7.156773845180812443e-03 7.936591683442859382e-03 7.391386784567792467e-03 7.525306113965700427e-03 7.138780978296545288e-03 7.416638962739389648e-03 7.358148303569559366e-03 7.273942908614633440e-03 7.236025583149085540e-03 7.012948793836627261e-03 6.907078250671726087e-03 7.352028205887558773e-03 7.284297532532946033e-03 7.246550993107028077e-03 8.395848320564218425e-03 7.374304234322111122e-03 6.933375766895857883e-03 8.222142131901819320e-03 8.928884025113112757e-03 8.107698750769790075e-03 8.135208649730447938e-03 8.886674150184518256e-03 8.625956106860880115e-03 9.494357174999912274e-03 8.178810372032862749e-03 8.328714368978029636e-03 8.609016351681125778e-03 1.072873187365237097e-02 8.558707673057894608e-03 8.879187516244928940e-03 8.178550542215399025e-03 8.358466237338754712e-03 8.548882654483632923e-03 8.487476496665861958e-03 7.997911937047245262e-03 8.560077361914266922e-03 8.327616308754483276e-03 8.959956160668788860e-03 8.073393725800164650e-03 8.093660720854762083e-03 8.391081576946356896e-03 8.251065209009185095e-03 8.321999280610040475e-03 8.429340757890670804e-03 7.882873081211617602e-03 7.897960070412121322e-03 8.161222742427847593e-03 8.176188891267763617e-03 8.480756854165794403e-03 8.407841300552961958e-03 8.448447292160756947e-03 8.385747072835351285e-03 8.237510573895746868e-03 8.798971844036333062e-03 8.140521606158171788e-03 9.197564149549383380e-03 8.109123325313251363e-03 8.523677752432120419e-03 8.554637309265904904e-03 8.630691041789088913e-03 8.296059175192188606e-03 8.985973769624525098e-03 8.439389355450584163e-03 8.846830896733165125e-03 8.665798965063064782e-03 8.248902488890163393e-03 8.530483311327744997e-03 8.987333701188912616e-03 7.919687511363508736e-03 8.497436396686526214e-03 8.437069703160901199e-03 8.318505752473961956e-03 8.477242316805907313e-03 8.345723202499422816e-03 8.408029793331222787e-03 8.859749045749286400e-03 9.161839671436810412e-03 8.253881534723192179e-03 8.364644884751273185e-03 8.782194004476155669e-03 8.419314399582083358e-03 8.935172198558279100e-03 8.538875762641008962e-03 8.700626396428039200e-03 8.363702225636327967e-03 8.082915601611987202e-03 9.356226129103396849e-03 8.501594228403529935e-03 8.716325364194898659e-03 8.372757128921921518e-03 8.305822945675288976e-03 8.291560407102223362e-03 8.835678500443021680e-03 8.515788398281915958e-03 7.857233841835550847e-03 8.255471421279162933e-03 8.270269357715718389e-03 8.759099684941672181e-03 8.237746660121695805e-03 8.974272569959152943e-03 8.595153307699804346e-03 8.248150513590546060e-03 8.271817511697324155e-03 8.106469825453068573e-03 8.536298395864323416e-03 9.178337651573217210e-03 8.354966004848037031e-03 8.384529170956197056e-03 8.913295625890405374e-03 8.013487252025955354e-03 8.948633250530448058e-03 8.651184349826800471e-03 8.292956936412914856e-03
8.210099956038960020e-03 7.534942700964079518e-03 7.904535041717388952e-03 7.263383942636509640e-03 0.000000000000000000e+00 8.065273644308560905e-03 7.535865934649151575e-03 7.767592842095405806e-03 7.260330663747083940e-03 8.611982038525088298e-03 8.444870532857501333e-03 7.668591935519645901e-03 7.493640947810327815e-03 7.529373806525655084e-03 9.866072058873579659e-03 7.887175598571709301e-03 8.373306942401599964e-03 7.858653378960994695e-03 8.007630377987436446e-03 7.648046409341886266e-03 8.121761583705302753e-03 8.108473710211226357e-03 7.751344367160581741e-03 7.727425138448395549e-03 7.760049693354829047e-03 7.439523443429648004e-03 7.857335475475129768e-03 8.014615243961024232e-03 7.540723920067096339e-03 8.830997484816234186e-03 7.848005247477146326e-03 7.453163869797682292e-03 8.672886596712068089e-03 9.343352010792029677e-03 8.566871202753541595e-03 8.593568931077998768e-03 9.303148558888989575e-03 9.055752228401464654e-03 9.883082482099927318e-03 8.633831854984471907e-03 8.774922866692800097e-03 9.040651829821293520e-03 1.107371083829029532e-02 8.992073099315362958e-03 9.295924469427884265e-03 8.633599194726919099e-03 8.802744269011843550e-03 8.982827054778203327e-03 8.924903216901135597e-03 8.463621152844725756e-03 8.992067945865930140e-03 8.773766722596235135e-03 9.372670920118845311e-03 8.534148534906667652e-03 8.560964150016579788e-03 8.833806887655854673e-03 8.700666538167091749e-03 8.769070555171062237e-03 8.870590476243172748e-03 8.355825081820467820e-03 8.370185268540065657e-03 8.617314829134236145e-03 8.632000997921529181e-03 8.918245327127460528e-03 8.875591437503126124e-03 8.907728922587301867e-03 8.856627791105790848e-03 8.723412380484303619e-03 9.245917810120709429e-03 8.807878711297265767e-03 9.615991272060767092e-03 8.595835124150776052e-03 8.977794054724857337e-03 9.015185084440310859e-03 9.087327509225926261e-03 8.772316614837027265e-03 9.423474507527502056e-03 8.898976893795415566e-03 9.291511463845965671e-03 9.120422922399978871e-03 8.726614764581433481e-03 8.992501397300541391e-03 9.416555426420591610e-03 8.418745581690312285e-03 8.960706434095723483e-03 8.904438104875936691e-03 8.792988421389001663e-03 8.942319486341013257e-03 8.825302759696503768e-03 8.877769225701961225e-03 9.296244268285911230e-03 9.590070111206090361e-03 8.731233737677016396e-03 8.835208704759617629e-03 9.230539029382296354e-03 8.879909271207081164e-03 9.348607704510836919e-03 8.972582364019420290e-03 9.124788061545706028e-03 8.806875188961739084e-03 8.542689020574150902e-03 9.750206138692282462e-03 8.937376077843452518e-03 9.138847188306596300e-03 8.815580479899911420e-03 8.752654693534828861e-03 8.739071680866121461e-03 9.253991114779964652e-03 8.950838746282607783e-03 8.331050157166099146e-03 8.704878819192463091e-03 8.719682473749032492e-03 9.181254709887566937e-03 8.686811986952638551e-03 9.385702675056454419e-03 9.024094839982278043e-03 8.697483531071015933e-03 8.720383243808745716e-03 8.564919760648513625e-03 8.970114277044494502e-03 9.580257280623690960e-03 8.800406292857844079e-03 8.826777054418201776e-03 9.327701505611140503e-03 8.477634347848629626e-03 9.362187096162776639e-03 9.078832205680049602e-03 8.740443218901298647e-03
8.756056463378843885e-03 7.851947481502521628e-03 8.215891219277446367e-03 7.602098607363211649e-03 8.065273644308560905e-03 0.000000000000000000e+00 7.837104727050795555e-03 8.057916517641743742e-03 7.610736473800424999e-03 8.898223653695741878e-03 8.461772465083131078e-03 8.222395179153619421e-03 7.783539815163488702e-03 8.098802436206614663e-03 1.008330211541513116e-02 7.960239571921143287e-03 8.644395663987010370e-03 8.427787699339163788e-03 8.536277091627754096e-03 8.192171997200421024e-03 8.193463035645498493e-03 8.394773211869691401e-03 8.305996183629345622e-03 8.289312652329152570e-03 7.882754465989042988e-03 7.768495847967338101e-03 8.152471441123172388e-03 8.076258566577535977e-03 7.869815602571597277e-03 8.807856317453285205e-03 8.416694850042706968e-03 7.790222286998329908e-03 8.902038914347577825e-03 9.535245865691398259e-03 8.779517162928488980e-03 8.815592040355091363e-03 9.495767761573343027e-03 9.267465905277112725e-03 1.007570740661317688e-02 8.853808085695627147e-03 8.982280787677005690e-03 9.251184949818939615e-03 1.124887412870296741e-02 9.192199677069315400e-03 9.488217429326975191e-03 8.844830967958728501e-03 9.008873732411624979e-03 9.182610450902340543e-03 9.138360188804177039e-03 8.680238390814361618e-03 8.949246564814937119e-03 8.981137031832066644e-03 9.576190366352427610e-03 8.748985971352750760e-03 8.775731649057713982e-03 9.039632468679257432e-03 8.911045896041094871e-03 8.976114992699492368e-03 9.075453858638820454e-03 8.575784514912442036e-03 8.598093982273322805e-03 8.828228439451170362e-03 8.843321659027778003e-03 9.121341509739184714e-03 9.098799943523078540e-03 9.137271544445185745e-03 9.087583183358845240e-03 8.952110792217709070e-03 9.466311453902684359e-03 9.041336490771904530e-03 9.827753789008939617e-03 8.834952773330066733e-03 9.204493224855451322e-03 9.242422982652176780e-03 9.311703540609499175e-03 9.006374919624046335e-03 9.639206268057922203e-03 9.129342125490538459e-03 9.511361435207780698e-03 9.344304793076187513e-03 8.960338023512717798e-03 9.219893340810804763e-03 9.632796009101614321e-03 8.662651476777482457e-03 9.188833902546938645e-03 9.134357139010515839e-03 9.026365392275321337e-03 9.163044383303852597e-03 9.049250006544034414e-03 9.108412332244020249e-03 9.515357864494968995e-03 9.801492779745868758e-03 8.964641496775825960e-03 9.067485039638728192e-03 9.451048028960264830e-03 9.110756706872058519e-03 9.569953561928901814e-03 9.204991019087803428e-03 9.352291878740967568e-03 9.042973675192972002e-03 8.788163327337370628e-03 9.962128243718825285e-03 9.170392026866392224e-03 9.364851212115389914e-03 9.052453612317530249e-03 8.991253474466902665e-03 8.978036153110100989e-03 9.478161963023687409e-03 9.183808747593025582e-03 8.582250750682295440e-03 8.944133422118595231e-03 8.959339664430829991e-03 9.407301837766923400e-03 8.936635089737439766e-03 9.606768894044354079e-03 9.264281910664078079e-03 8.937818126755529835e-03 8.957805218465748204e-03 8.809769804888069669e-03 9.202524776335162943e-03 9.796004109486314629e-03 9.035624700216014424e-03 9.063374145978582430e-03 9.549789710888496874e-03 8.724845658755454869e-03 9.582746336806958684e-03 9.307771011189758595e-03 8.979405898000239472e-03
7.970355351197293617e-03 7.515584317255268564e-03 7.950201355983477561e-03 7.023189275983027224e-03 7.535865934649151575e-03 7.837104727050795555e-03 0.000000000000000000e+00 7.511586887116315954e-03 7.014109368992607445e-03 8.393861560388658077e-03 7.936270125190282229e-03 7.431588533607796226e-03 7.249477792668801955e-03 7.535401420349059978e-03 1.002908000950961977e-02 7.406965705641017569e-03 8.166403551556115914e-03 7.627282155664477821e-03 7.777169095385995552e-03 7.401230973769580557e-03 7.654430404864883200e-03 7.616269180207062110e-03 7.738024532965603539e-03 7.470507558211860778e-03 7.309483841467849692e-03 7.196669295908219091e-03 7.633686760432707892e-03 7.518315724070340385e-03 7.279789799329040509e-03 8.357292913894613304e-03 7.663769613241903401e-03 7.218154840163021682e-03 8.480481036676689247e-03 9.158555874946214953e-03 8.362913981017858558e-03 8.390028920447271249e-03 9.117475209973854161e-03 8.864691680132505067e-03 9.709875892395773353e-03 8.431705906915391152e-03 8.576596061039078872e-03 8.848757993936274061e-03 1.091986657961404802e-02 8.799343754832005329e-03 9.110421685795653396e-03 8.431461133886111736e-03 8.605461131267130859e-03 8.789536682009980312e-03 8.730151034825632192e-03 8.256945710692346896e-03 8.799236846336657217e-03 8.575232412331421084e-03 9.189198545500387033e-03 8.329580349357063734e-03 8.347840288597625433e-03 8.636727562387111132e-03 8.508890779965045531e-03 8.570264700065039973e-03 8.674458756248629165e-03 8.146021746959242540e-03 8.160178760836316395e-03 8.414444474379209615e-03 8.429532107010841158e-03 8.723918258271852466e-03 8.667278716386587686e-03 8.708263373481609296e-03 8.655952458147150169e-03 8.511944290408928263e-03 9.055240254995020749e-03 8.607065732143178230e-03 9.434178933522172419e-03 8.389066752489101123e-03 8.780621803154940730e-03 8.819383013290377563e-03 8.892554821028620521e-03 8.569939133926226388e-03 9.236814313917615302e-03 8.699871842080524748e-03 9.102436657216198337e-03 8.926713488067916993e-03 8.522805358021310132e-03 8.795595689892091174e-03 9.230050888969569892e-03 8.206273628580033550e-03 8.763259075337429677e-03 8.705191101607693757e-03 8.591074683715628144e-03 8.735352988082034642e-03 8.615680311732350563e-03 8.677941699973448775e-03 9.106617368643559265e-03 9.406820977471311990e-03 8.527578208338082097e-03 8.635368015321494978e-03 9.039207707450777271e-03 8.680384137186036159e-03 9.165206546736543586e-03 8.781036103328107231e-03 8.937891014873052334e-03 8.611909729611944703e-03 8.340516200386468779e-03 9.575549553112655543e-03 8.744627559846380668e-03 8.968408127347291328e-03 8.620777379012078273e-03 8.555232028612864970e-03 8.541888764399228895e-03 9.068793055180992060e-03 8.758797931043329696e-03 8.122583636468222804e-03 8.507180771362522070e-03 8.522272495089853669e-03 8.994433645751247208e-03 8.496892300230395045e-03 9.203804870166386320e-03 8.843327844710537414e-03 8.498972601838187396e-03 8.522162030739292848e-03 8.362705956432658558e-03 8.779154919418502220e-03 9.402870812141398207e-03 8.604354861365036411e-03 8.631633306713572609e-03 9.144191332077994741e-03 8.273274829882234713e-03 9.179753097555439986e-03 8.890269739500199914e-03 8.543196812910859583e-03
8.187054300188746289e-03 7.535699394752057301e-03 7.917477901734483112e-03 7.495039397044146907e-03 7.767592842095405806e-03 8.057916517641743742e-03 7.511586887116315954e-03 0.000000000000000000e+00 7.249206038608234023e-03 8.604410406938068148e-03 8.183941919948938340e-03 7.656197513317096297e-03 7.722160754535979318e-03 7.557139660944748628e-03 1.021158756738212853e-02 7.650891302559977014e-03 8.619176186315880353e-03 7.852909437268873818e-03 7.989927666153301758e-03 7.863934842312117132e-03 7.880825378256990990e-03 7.843112687475466485e-03 7.721341137411040501e-03 7.943566276416510336e-03 7.551646192502926326e-03 7.439781465683048892e-03 8.093791516299509575e-03 7.751186006227554250e-03 7.525823798462663236e-03 8.536663072737229324e-03 7.880639989724535013e-03 7.466465810742950460e-03 8.669495513655721408e-03 9.339118878750518951e-03 8.562266758861477797e-03 8.588907628882100700e-03 9.298877194947052088e-03 9.051405857210387956e-03 9.879209347618982118e-03 8.629285186056594170e-03 8.770434769495414132e-03 9.036206055708088936e-03 1.107073286624380565e-02 8.987701918274059940e-03 9.291722683518473247e-03 8.629061869153168210e-03 8.798565126630686350e-03 8.978411744876731854e-03 8.920486808545458057e-03 8.459072189299659053e-03 8.987801844921417677e-03 8.769317610089425591e-03 9.368852036468233377e-03 8.529961626684488124e-03 8.547798758425187785e-03 8.829349320404661361e-03 8.697017434782570652e-03 8.764469337438619140e-03 8.866060619377126237e-03 8.351242568123978458e-03 8.365511962142413438e-03 8.612720783599148167e-03 8.627331875524283517e-03 8.914118026890559612e-03 8.861349558070379107e-03 8.901241644429791489e-03 8.850436981025380442e-03 8.709965469640621599e-03 9.240276378028690341e-03 8.809908881220849738e-03 9.610950714693601224e-03 8.590369414176875565e-03 8.971652108400895997e-03 9.009931237282695765e-03 9.081296001154490552e-03 8.766643454831721943e-03 9.417901458532766668e-03 8.893075545124496176e-03 9.286504554222795374e-03 9.114710335209596018e-03 8.720407390250595192e-03 8.986685359464731751e-03 9.411015816291064262e-03 8.412514430848208949e-03 8.954983054449465463e-03 8.898512235796759637e-03 8.787243110210849265e-03 8.927711341626660621e-03 8.810882974174788496e-03 8.871905178925705224e-03 9.290303943830438907e-03 9.584342723816568349e-03 8.725005712286069623e-03 8.830148200717388360e-03 9.224587840173371217e-03 8.874027855048432709e-03 9.347347739301624034e-03 8.971684332109130730e-03 9.132570075508064655e-03 8.806228548509180062e-03 8.542360451289886247e-03 9.749032384253231154e-03 8.936431995642642873e-03 9.154397760420315139e-03 8.815292171855951958e-03 8.751702374806640677e-03 8.738746217051710299e-03 9.253088440060933464e-03 8.949387364646711751e-03 8.330327000819752470e-03 8.704480064989588914e-03 8.719248964900819590e-03 9.180031138238129232e-03 8.687326448406522406e-03 9.384504262061329344e-03 9.024668699719783430e-03 8.703900155471481700e-03 8.718918626905949876e-03 8.563988550279384368e-03 8.969820377378062703e-03 9.579408155905836178e-03 8.799279310352287400e-03 8.825898190091443010e-03 9.326444367892386400e-03 8.476923520360691092e-03 9.361174192929821308e-03 9.078596230831792457e-03 8.739742753752964555e-03
7.758998089904061216e-03 7.025413868802763556e-03 7.432058037069957414e-03 6.720653357327299737e-03 7.260330663747083940e-03 7.610736473800424999e-03 7.014109368992607445e-03 7.249206038608234023e-03 0.000000000000000000e+00 7.913724397155768794e-03 7.736472106133625640e-03 7.126173935258815241e-03 7.169849232188846982e-03 7.040929995061861492e-03 9.551654133198778096e-03 7.168971047985799039e-03 8.188813582244774611e-03 7.397963722913801325e-03 7.544870551083192496e-03 7.119510678010581607e-03 7.641979841010007428e-03 7.362520035418812850e-03 7.256320356184832628e-03 7.225173009016982138e-03 7.022589277026414049e-03 6.896965279894104114e-03 7.368246539799018155e-03 7.277353930342370276e-03 7.028018604492521602e-03 8.123186427574804677e-03 7.394988538065315302e-03 6.943326881179356577e-03 8.247261167624760081e-03 8.952097631507630049e-03 8.133717053570162572e-03 8.162044707249302769e-03 8.910095612979200205e-03 8.651464279888531825e-03 9.515639828543833584e-03 8.204439204333299415e-03 8.354011879070911278e-03 8.634370516283088048e-03 1.074627728752802595e-02 8.583230344888585425e-03 8.902554298847798961e-03 8.204181511839750765e-03 8.383643090679231136e-03 8.573471788868147064e-03 8.512201932294145151e-03 8.024444232614263289e-03 8.584267577438386629e-03 8.353086397913147762e-03 8.983021221164172801e-03 8.099854894675828296e-03 8.119092265944193379e-03 8.416015339422549743e-03 8.276283676792176719e-03 8.348004573556387295e-03 8.455307833015127811e-03 7.909561482115252951e-03 7.924725354508811714e-03 8.186963538101815069e-03 8.202996761922900365e-03 8.505510233441065937e-03 8.449985933686638556e-03 8.491464599727308396e-03 8.437753346732260185e-03 8.289474415197995577e-03 8.847641302563441154e-03 8.387460899664434325e-03 9.235573121132534952e-03 8.162262291710978279e-03 8.565785294269559480e-03 8.605435082176154590e-03 8.681048044729355873e-03 8.349095015218972737e-03 9.034049873997446189e-03 8.482488027145710860e-03 8.895908471009452909e-03 8.716017208924573337e-03 8.300978253374008062e-03 8.581284638848820853e-03 9.026747090320023925e-03 7.973770088908734358e-03 8.548288788100716004e-03 8.488320794974982264e-03 8.370851738272469533e-03 8.520477866523608335e-03 8.405307660969137812e-03 8.460322514724500156e-03 8.900542971669639716e-03 9.208021566152998008e-03 8.305830608593037234e-03 8.416504267195611122e-03 8.831576878777820314e-03 8.462778892194173369e-03 8.959432655938463080e-03 8.564646757715692685e-03 8.732608274785327515e-03 8.390033088170420483e-03 8.110284165972873188e-03 9.378916829940617261e-03 8.527583371658683034e-03 8.742803932181714144e-03 8.399251864543662294e-03 8.332418721536912973e-03 8.318239487556245218e-03 8.860433163611224419e-03 8.541243385785421416e-03 7.885166066088083667e-03 8.282421014127116024e-03 8.297978545488820037e-03 8.783965363510991622e-03 8.264112916107681575e-03 8.998283951788128496e-03 8.620275287350724971e-03 8.280986251835889544e-03 8.298501420273836360e-03 8.133627800583409506e-03 8.562149422655231795e-03 9.201519040518784526e-03 8.383379436865056114e-03 8.410919150158416291e-03 8.937620704973506941e-03 8.040812414904178335e-03 8.973697894036925318e-03 8.676644917243859709e-03 8.319354151976123685e-03
8.735026148385284864e-03 8.128995575318896660e-03 8.493752005898110372e-03 7.919864518570981712e-03 8.611982038525088298e-03 8.898223653695741878e-03 8.393861560388658077e-03 8.604410406938068148e-03 7.913724397155768794e-03 0.000000000000000000e+00 8.998539880983130040e-03 8.270637464361912591e-03 8.077164031908230790e-03 8.133391381536774628e-03 1.066118231559936430e-02 8.512313689517896423e-03 8.898357266300047086e-03 8.433751934545779053e-03 8.530530233013505770e-03 8.501979430334576787e-03 8.742152705932509926e-03 8.416541369870161882e-03 8.591925793562519773e-03 8.577135679158387135e-03 8.166824299602651327e-03 8.076379116241885758e-03 8.447424659010648387e-03 8.328595341507996630e-03 8.150074486855934247e-03 9.068020146534089970e-03 8.740454949163339871e-03 8.097169467063241796e-03 9.188243796115134338e-03 9.819083437701971173e-03 9.089402921023425827e-03 9.114051216318135029e-03 9.781070405983615865e-03 9.547801531412835468e-03 1.033017113999801055e-02 9.151754736139054019e-03 9.284249342249244197e-03 9.533390883625933801e-03 1.147120753752076637e-02 9.488114015202477047e-03 9.774313783073744488e-03 9.151864843542798986e-03 9.310648459452848524e-03 9.479441288841553015e-03 9.424654471105020637e-03 8.992942802442224076e-03 9.498072931837102037e-03 9.283165338168754624e-03 9.846730814633875700e-03 9.059199090497141449e-03 9.074959116485049535e-03 9.339509999499742698e-03 9.214605661732856723e-03 9.278749828295233815e-03 9.373959558884899582e-03 8.892196568367701642e-03 8.905277788265209687e-03 9.136612363061154610e-03 9.150345341642005317e-03 9.419054427122146300e-03 9.379576801310636480e-03 9.408791950939215942e-03 9.360785998091692567e-03 9.228919974424152836e-03 9.726997410359766380e-03 9.315071395403110716e-03 1.007719061658803386e-02 9.116872200751892363e-03 9.474509605388398148e-03 9.509937142750068267e-03 9.577600232804650907e-03 9.281908599093502410e-03 9.894976211719006681e-03 9.400499903591945719e-03 9.770298379071777617e-03 9.608756789392785061e-03 9.238847586706429652e-03 9.488400362893941592e-03 9.888097536262564075e-03 8.950718328285615574e-03 9.458460847403189417e-03 9.405948933945695867e-03 9.301314230126185231e-03 9.442282439520026036e-03 9.332840235377394891e-03 9.380603089141088119e-03 9.774543891481426994e-03 1.005236117126732595e-02 9.243113454398693002e-03 9.340578796183416493e-03 9.712520681111093401e-03 9.382887821049627070e-03 9.824656286812645870e-03 9.470407634566819360e-03 9.612905751043567329e-03 9.315459134912700695e-03 9.067993602026314104e-03 1.020494139695808135e-02 9.437335647504676434e-03 9.643188070411291835e-03 9.323645880782873915e-03 9.264087545161723766e-03 9.251901311234926595e-03 9.735403862025850119e-03 9.450139804200121188e-03 8.870314786962473289e-03 9.219813222481937701e-03 9.233656198053228140e-03 9.666855846617455200e-03 9.202520990433969705e-03 9.859715331792697282e-03 9.518908083648969232e-03 9.211231772744432958e-03 9.233788468301692282e-03 9.088224754239565550e-03 9.468734295327576114e-03 1.004447125574948509e-02 9.309261051460503492e-03 9.333587066745238636e-03 9.804897468519965797e-03 9.007224777559982853e-03 9.838080034653987060e-03 9.571015397101376512e-03 9.253183173598871283e-03
8.557449586113333173e-03 8.209082702369236914e-03 8.634255840794984385e-03 7.757036396283406403e-03 8.444870532857501333e-03 8.461772465083131078e-03 7.936270125190282229e-03 8.183941919948938340e-03 7.736472106133625640e-03 8.998539880983130040e-03 0.000000000000000000e+00 8.103957880385275273e-03 7.938880364984321134e-03 8.235345075117724359e-03 1.054404603272917837e-02 8.331444594303051565e-03 8.761648289515939353e-03 8.550061795672459636e-03 8.410784949019950441e-03 8.085664910401418534e-03 8.564054221781344789e-03 8.244930639761581526e-03 8.183368644748608561e-03 8.146020270011182160e-03 7.986876697203352735e-03 8.147787341293344365e-03 8.285298313564549294e-03 8.175427787683212794e-03 7.966242782355175550e-03 8.896892480460391953e-03 8.585950283781692768e-03 7.905973950068562184e-03 9.059799722070218178e-03 9.691502057130372758e-03 8.950074741289245836e-03 8.975263063309099967e-03 9.652889712267754760e-03 9.415948571176051274e-03 1.021077343363348787e-02 9.013930547353417658e-03 9.148310166867993157e-03 9.401718979572475099e-03 1.136507055679787485e-02 9.355579120406385535e-03 9.646334399610892452e-03 9.013711911302945204e-03 9.175165002399246483e-03 9.346407726193673923e-03 9.291207830501352696e-03 8.851973500917929491e-03 9.354838322150952484e-03 9.146927595294762278e-03 9.720381622964457957e-03 8.919151961524368968e-03 8.935639224967480837e-03 9.204270859080912817e-03 9.085813022180895884e-03 9.142385504660493351e-03 9.239238479772923091e-03 8.749512867903267571e-03 8.762568543348643949e-03 8.997874597923751633e-03 9.011782286764521283e-03 9.285416473453780850e-03 9.243577496878770117e-03 9.273934426578948551e-03 9.225141151622576544e-03 9.090643850070285678e-03 9.597344660511585371e-03 9.178935984077348301e-03 9.952845656465529600e-03 8.977132686206699616e-03 9.340796805964484556e-03 9.376827992750042667e-03 9.445544684819524167e-03 9.144962610405336922e-03 9.767898553694446748e-03 9.265547640469950358e-03 9.641345999907150952e-03 9.477218544232666672e-03 9.101186598012333054e-03 9.354899587992656154e-03 9.760937218112386571e-03 8.807980683342861439e-03 9.324529535512314851e-03 9.271067106093570584e-03 9.164688045963466367e-03 9.307302434972008001e-03 9.195988431246877176e-03 9.245318386427560722e-03 9.645605134729503399e-03 9.927615509169263053e-03 9.105533509608900941e-03 9.204794310785692837e-03 9.582621332044446993e-03 9.247637848414388614e-03 9.698034238448702965e-03 9.338941318288046869e-03 9.484595660148736201e-03 9.181424345388536010e-03 8.929744974969136551e-03 1.008419404802418998e-02 9.304965430822266861e-03 9.514737546074904587e-03 9.189756862176655036e-03 9.128859388086352569e-03 9.116472613788496188e-03 9.607758538466052226e-03 9.318258820029345912e-03 8.728229151065984917e-03 9.084150322203672634e-03 9.098208681913032975e-03 9.538127241431978987e-03 9.075319737092184258e-03 9.734322286286999429e-03 9.397583307025154584e-03 9.076135227103657860e-03 9.097956054844529017e-03 8.950298446289429652e-03 9.337224876706396587e-03 9.921438000461264145e-03 9.174302933642229999e-03 9.199838111201869006e-03 9.678309530538938693e-03 8.867535559731557285e-03 9.711615143002026718e-03 9.440844332322039997e-03 9.117720447620929203e-03
8.113760855751977336e-03 7.452862606256598077e-03 7.815894989221153222e-03 7.170807220289873544e-03 7.668591935519645901e-03 8.222395179153619421e-03 7.431588533607796226e-03 7.656197513317096297e-03 7.126173935258815241e-03 8.270637464361912591e-03 8.103957880385275273e-03 0.000000000000000000e+00 7.616313571605352883e-03 7.677690441022450366e-03 9.830836208639665355e-03 7.561486134756296475e-03 8.579588021865361055e-03 7.777860599982286231e-03 8.170329209856564898e-03 7.523532701079881091e-03 8.048998137372869940e-03 7.742960673247869900e-03 7.640445579489712341e-03 7.610487969527336867e-03 7.446411826558385974e-03 7.320766470771271177e-03 7.746828928964525837e-03 7.684382159429512145e-03 7.453384749099747908e-03 8.444800633139527488e-03 7.770643196384731215e-03 7.598040158222905613e-03 8.605860124820712692e-03 9.273808017885619773e-03 8.490737891243984800e-03 8.517305214694502816e-03 9.233608419638900805e-03 8.992598963722633898e-03 9.817528390863907925e-03 8.558026225097195919e-03 8.700887339608194895e-03 8.968434049159741336e-03 1.101513138177368997e-02 8.919853064986837249e-03 9.226348784936942368e-03 8.557812003683700625e-03 8.729255939621555910e-03 8.910241840116343848e-03 8.851946948648159452e-03 8.386547553307151237e-03 8.929005743053658808e-03 8.699845661277436776e-03 9.303595011586290528e-03 8.457902208899531135e-03 8.476082782155914055e-03 8.760297029829113361e-03 8.626411348338008239e-03 8.694940866034495813e-03 8.797456436622181492e-03 8.277216605128590032e-03 8.291379881695858448e-03 8.541097035312479602e-03 8.556495741548505660e-03 8.845554022994693219e-03 8.789874565529915904e-03 8.830422292107693166e-03 8.778909548949385619e-03 8.636908782340481025e-03 9.171860134921262092e-03 8.730555237278314271e-03 9.545648113641221760e-03 8.515864204018950764e-03 8.901347467265360511e-03 8.939531998611938493e-03 9.011890655758757890e-03 8.694278701619798447e-03 9.351262698539728607e-03 8.821853756243459507e-03 9.218406068698725697e-03 9.045557902546449980e-03 8.647927136167781609e-03 8.916388371426185733e-03 9.344235656019139399e-03 8.336433300491018217e-03 8.884537602676541995e-03 8.827414697316999723e-03 8.715105283947874662e-03 8.857216546797502463e-03 8.748487473648525886e-03 8.800560070755771708e-03 9.222877106083835277e-03 9.518951200076213731e-03 8.652578325763396472e-03 8.758288642734328791e-03 9.156413522003492914e-03 8.802965447786869485e-03 9.280353569407474162e-03 8.902038732290588549e-03 9.063408650888718152e-03 8.734701907202033211e-03 8.468033495128072033e-03 9.685281523876340323e-03 8.866196739995614931e-03 9.071042112444343414e-03 8.743641997549232367e-03 8.679693083335323495e-03 8.666072899862094919e-03 9.185512700752015286e-03 8.879519519953632881e-03 8.253623708186354907e-03 8.631931785415332403e-03 8.646746658128843382e-03 9.111922802337012531e-03 8.621698634128318120e-03 9.318352317167112250e-03 8.962640325753447670e-03 8.631387599487417087e-03 8.646954151164452582e-03 8.490382905807525651e-03 8.899548130612397814e-03 9.513836080034405659e-03 8.727282037720654126e-03 8.754866491745188009e-03 9.259580055405511670e-03 8.401636886895812520e-03 9.293735354391785899e-03 9.008996645249196106e-03 8.667119188991325232e-03
