0.000000000000000000e+00 1.225855724202014330e-02 1.148038087449546052e-02 1.358647311444578613e-02 1.242574236815546102e-02 1.367865906548759725e-02 1.255878736363253215e-02 1.160161279709311620e-02 1.363947866565288006e-02 1.248214750393963901e-02 1.109062814325759323e-02 1.359333901190037941e-02 1.345888332525317643e-02 1.254082020672290729e-02 1.331449857070825422e-02 1.163760601259230913e-02 1.208573689367251416e-02 1.262931336236847515e-02 1.502293065036970979e-02 1.193867612340715478e-02 1.156588739722939040e-02 1.250471365299067085e-02 1.284626450947922577e-02 1.205140198021919379e-02 1.140302594013855794e-02 1.230925039827059780e-02 1.205452014113159859e-02 1.354319021585931315e-02 1.369012698156962110e-02 1.223248430301352926e-02 1.351353682794117876e-02 1.395640705816947151e-02 1.452570367443203718e-02 1.524227945573431060e-02 1.235438738741838696e-02 1.333309262006628949e-02 1.176807762867190972e-02 1.107227977075178789e-02 1.372477555869420877e-02 1.303578099069200961e-02 1.347633256071938471e-02 1.262856865944725522e-02 1.154627392665790071e-02 1.218701479745112025e-02 1.205454455027188919e-02 1.362732314653241142e-02 1.262694684743518106e-02 1.356666887830411915e-02 1.129998783840295215e-02 1.271832890131134597e-02 1.199669353493731418e-02 1.237496304537861157e-02 1.486968078217236131e-02 1.230045846196098011e-02 1.454147977937682301e-02 1.229015363660040591e-02 1.094147408967960020e-02 1.175584564720616107e-02 1.145051774557958972e-02 1.226743955213918831e-02 1.159639830802560757e-02 1.177848338718433599e-02 1.132896252993814343e-02 1.102282886936905258e-02 1.228989988578236756e-02 1.336599350902031337e-02 1.358806902621653538e-02 1.454968971951062749e-02 1.177544212522048210e-02 1.167905964971061201e-02 1.545122915928024906e-02 1.370947128308584902e-02 1.286977223803434725e-02 1.299370586457046679e-02 1.521260253745254122e-02 1.247606484911141338e-02 1.334673841365093330e-02 1.198276424752858955e-02 1.422323889012567892e-02 1.245819486183248961e-02 1.276530725316719905e-02 1.102653095035283602e-02 1.281077119968642743e-02 1.244562788095573101e-02 1.295667466201333613e-02 1.118565182246723279e-02 1.095560401068811432e-02 1.156322076395951796e-02 1.390796827871415564e-02 1.217269331688520043e-02 1.237181446277484630e-02 1.170912967941910993e-02 1.400673703635522092e-02 1.719527870709638626e-02 1.246758320848389244e-02 1.374937853948020490e-02 1.536913296372364145e-02 1.158099798457464316e-02 1.666287518514400837e-02 1.356964829013990008e-02 1.193524890894291125e-02 1.333977676359629667e-02 1.187903435284249319e-02 1.209462377581919240e-02 1.615185129697027308e-02 1.157583828190769833e-02 1.200946696570616597e-02 1.295768525964434773e-02 1.451669014278803016e-02 1.178273595691023065e-02 1.281881016003180544e-02 1.259054323725993137e-02 1.256075139568945884e-02 1.210842873516245442e-02 1.216579981143749330e-02 1.134511016436707577e-02 1.161367959105669666e-02 1.314248150385513743e-02 1.205057465628183236e-02 1.326670340815367180e-02 1.163021158246527707e-02 1.139771913760189576e-02 1.239933886684036445e-02 1.076906046844343379e-02 1.399456551894163667e-02 1.149337636057211863e-02 1.211558034691083766e-02 1.262984112091934848e-02
1.225855724202014330e-02 0.000000000000000000e+00 1.232568832614770911e-02 1.378156940213136339e-02 1.247728322032881990e-02 1.372945013564651380e-02 1.278162208452458815e-02 1.243507620268858097e-02 1.376995988593206384e-02 1.186128491161112831e-02 1.060785311663772594e-02 1.355296179851550598e-02 1.444165313900705114e-02 1.262364332577750603e-02 1.328765065066729242e-02 1.169761483273841149e-02 1.215680780938382249e-02 1.264227683102393460e-02 1.508313911957788640e-02 1.213566552670405398e-02 1.159551091801351574e-02 1.268686401738639696e-02 1.290141070312185619e-02 1.224235727317807970e-02 1.091011295731122294e-02 1.245882154201879456e-02 1.208579807286076606e-02 1.365552258377635865e-02 1.288433230413145100e-02 1.219105793809359753e-02 1.364470447245718331e-02 1.393732275194642899e-02 1.457708966655551532e-02 1.532727432353297829e-02 1.249983376799992420e-02 1.345399922000837037e-02 1.184489562995196324e-02 1.067762457688311087e-02 1.471960690281335672e-02 1.308338856988735914e-02 1.352337328844096728e-02 1.267546692508899654e-02 1.160992173401753993e-02 1.294897080530405149e-02 1.214776965887261022e-02 1.373911866511551977e-02 1.255378179115545362e-02 1.369239142868863487e-02 1.143039936535519829e-02 1.279523706355628968e-02 1.206339576560197871e-02 1.243073795932385199e-02 1.491646496815892536e-02 1.238148088345324485e-02 1.453130979937514861e-02 1.236688961845204895e-02 1.165332422578008349e-02 1.176841943780931356e-02 1.147622772334051973e-02 1.228000954285109365e-02 1.181540121583016592e-02 1.185660556174912214e-02 1.150274614431114235e-02 1.122471898587393442e-02 1.232015609433643848e-02 1.338128371495492415e-02 1.449579329704022736e-02 1.460497919900402390e-02 1.191543272989518086e-02 1.183191578379213724e-02 1.552230489374631199e-02 1.376888509756079779e-02 1.298639939464038898e-02 1.304646930152681197e-02 1.524374077205766995e-02 1.256482156214794831e-02 1.341613095379893920e-02 1.206074949157920351e-02 1.428699227287938585e-02 1.248163371653999987e-02 1.282843654162991835e-02 1.162846797538327412e-02 1.295755952567248341e-02 1.261480707692920304e-02 1.300251974936398637e-02 1.125851982144244166e-02 1.104774350994735567e-02 1.171340363339361083e-02 1.396044432690305738e-02 1.225061846171079244e-02 1.241913500384247450e-02 1.184830943957576599e-02 1.401441541317196594e-02 1.732082785076213133e-02 1.240998217572071745e-02 1.292064390356190140e-02 1.546957706860898132e-02 1.166511949930399382e-02 1.670895888025462211e-02 1.371657695835394077e-02 1.208969587344855580e-02 1.261895800527344791e-02 1.179969452485530278e-02 1.212734815038788404e-02 1.620919145784989121e-02 1.161716194943455786e-02 1.193197846267202329e-02 1.289969924101135035e-02 1.461643877554630322e-02 1.187348339430116528e-02 1.301141383842482728e-02 1.268081999171422058e-02 1.268053843499129807e-02 1.212754580627945639e-02 1.217233519887452910e-02 1.147510830198102301e-02 1.162821942237868972e-02 1.320587067258355632e-02 1.211122662945246682e-02 1.318529877689992615e-02 1.182162517891277749e-02 1.085839823838531323e-02 1.259090809329281059e-02 1.140092648290143632e-02 1.405577839063059178e-02 1.161922548133054352e-02 1.213259932250055836e-02 1.259036874575159178e-02
1.148038087449546052e-02 1.232568832614770911e-02 0.000000000000000000e+00 1.296236289496480350e-02 1.149307728993864859e-02 1.291646681979270045e-02 1.124752567365233831e-02 1.092894222566494385e-02 1.295276636241820753e-02 1.178794525759315447e-02 1.013124779246520231e-02 1.290720597738574844e-02 1.361666244355482294e-02 1.172357746172816156e-02 1.265585028782938853e-02 1.067998573891231623e-02 1.126293641757856318e-02 1.181032752168682289e-02 1.441896306371743923e-02 1.123831286968694256e-02 1.061777814923644050e-02 1.178486290897601957e-02 1.210583864231049890e-02 1.134448430321783122e-02 1.053559396902713913e-02 1.158947564023407768e-02 1.116641780676034049e-02 1.286973186301997030e-02 1.315079084428641409e-02 1.144616242633756178e-02 1.278959524351227020e-02 1.325819094288016760e-02 1.389572740529768612e-02 1.451360413951264389e-02 1.159272507596269090e-02 1.258657860943036486e-02 1.082291835455244551e-02 1.013698691659729693e-02 1.402454182843851892e-02 1.217895204509504212e-02 1.271091268378814546e-02 1.180938488980463538e-02 1.065266003717713593e-02 1.222808062121012902e-02 1.110436071396951260e-02 1.273663753350471467e-02 1.179989753485518635e-02 1.286088284561325359e-02 1.040874454902065635e-02 1.172601404459174684e-02 1.050644457004663510e-02 1.156217563942211861e-02 1.428529326215787973e-02 1.118409806510799707e-02 1.373482040688104276e-02 1.145008745918057666e-02 1.069549622751001135e-02 1.079892605273776937e-02 1.054185245345896915e-02 1.151086064387999396e-02 1.021799738146212354e-02 1.030350654292518445e-02 1.044947454222337584e-02 1.020004291167433616e-02 1.143922294188759632e-02 1.253094891438986773e-02 1.375362919638972725e-02 1.391734069842035827e-02 1.101334716861125836e-02 1.090592894274173240e-02 1.484672121783331585e-02 1.298553565761006653e-02 1.214635516714641754e-02 1.217374931684628812e-02 1.460124625518236831e-02 1.172223850658840952e-02 1.258677816739220932e-02 1.045764629607888116e-02 1.363407002129034089e-02 1.167220098376051639e-02 1.204008967943033873e-02 1.077165105083329778e-02 1.201408146492004281e-02 1.174257068648346808e-02 1.205493748849112944e-02 1.021420341463464415e-02 9.939447642703415353e-03 1.066898428006841232e-02 1.315360518273725812e-02 1.124397504865660632e-02 1.157871199848478985e-02 1.084698563135352671e-02 1.337759349619804805e-02 1.568470281365856242e-02 1.168597385894967929e-02 1.313337913169380401e-02 1.473335961593543776e-02 1.074926782583774700e-02 1.609479780381146627e-02 1.294815133240754743e-02 1.109622815255317634e-02 1.272494540637176923e-02 1.108763607540057088e-02 1.120821336487828369e-02 1.557643363352944135e-02 1.064536477585101976e-02 1.116556260807670918e-02 1.224840270380463461e-02 1.304614218428529204e-02 1.092972775850972744e-02 1.154525691255605356e-02 1.176289156302827085e-02 1.173177776764139542e-02 1.118451959022450683e-02 1.134201472280154353e-02 1.061554700057812557e-02 1.076618431221664993e-02 1.231251916554296916e-02 1.126169213163253496e-02 1.245317313912996764e-02 1.028124375481977160e-02 1.059179335269241906e-02 1.158197865481869031e-02 1.032448470827141557e-02 1.332648104269952560e-02 9.997107642027073734e-03 1.124061289295390058e-02 1.170183921320351421e-02
1.358647311444578613e-02 1.378156940213136339e-02 1.296236289496480350e-02 0.000000000000000000e+00 1.309554645206588951e-02 1.425732955504486511e-02 1.339145888335217284e-02 1.299315926338069117e-02 1.430809871094683612e-02 1.329503235707134474e-02 1.192468924646661321e-02 1.419229949991823725e-02 1.499182560338750345e-02 1.311655132016930139e-02 1.398128323721938536e-02 1.234685501316373606e-02 1.267938010244687962e-02 1.329685290675549844e-02 1.561329514455520560e-02 1.284503082682852092e-02 1.221006912691558789e-02 1.309736419954031332e-02 1.355734447512926301e-02 1.287170206553750126e-02 1.212541763312583766e-02 1.298191558733850261e-02 1.273758327000119699e-02 1.418281322474983230e-02 1.446106443267174829e-02 1.289264083009655781e-02 1.409748275415718781e-02 1.454306062510783010e-02 1.507949706812234530e-02 1.569928200139938251e-02 1.298822209210220326e-02 1.387769718922375779e-02 1.236686634936767087e-02 1.185419935765184146e-02 1.416184572323701645e-02 1.356335153646909264e-02 1.302010425248711217e-02 1.330786973302906968e-02 1.216920488620150571e-02 1.363960682538930234e-02 1.263458958684783237e-02 1.309176933369162778e-02 1.329954822002909175e-02 1.415014679270134960e-02 1.205100394917755884e-02 1.336868456954871942e-02 1.256212537609057919e-02 1.303000595342009016e-02 1.532388667977377557e-02 1.294301296477242541e-02 1.501683003073293714e-02 1.296373101043148297e-02 1.233868840733925130e-02 1.240845235674245192e-02 1.210186225125448045e-02 1.300151546612650887e-02 1.232136711442574466e-02 1.256858476708636908e-02 1.147700143850744793e-02 1.191001924866254107e-02 1.299597152422524680e-02 1.395587769141141618e-02 1.514610240879404532e-02 1.519269287175328484e-02 1.258213806098901037e-02 1.251377834133173515e-02 1.595983004001261946e-02 1.427787898413658552e-02 1.357908362329065567e-02 1.355902043985669422e-02 1.568601777379635340e-02 1.316833920462231675e-02 1.393514301865290614e-02 1.272455786110034820e-02 1.483716638162266288e-02 1.308486672795469360e-02 1.337843300441563833e-02 1.225802630281511672e-02 1.347389931987494696e-02 1.315247568608717867e-02 1.357493204867287438e-02 1.191895414702755750e-02 1.103080499540160311e-02 1.148994795790794256e-02 1.442856737117558831e-02 1.281026196972023801e-02 1.310147267587960344e-02 1.172118023660084600e-02 1.464628864984098867e-02 1.759466236654209925e-02 1.313628852422532578e-02 1.443021391681821933e-02 1.590037840265178318e-02 1.237367375503960025e-02 1.711091598860174298e-02 1.413786409193960522e-02 1.244002614871997023e-02 1.414821177490732315e-02 1.266539373830814774e-02 1.274105589737546326e-02 1.649258727858992149e-02 1.225750880594685122e-02 1.279555930265351658e-02 1.359048274665552482e-02 1.512806291903166095e-02 1.249110954342251036e-02 1.369705818730562741e-02 1.323717368076724431e-02 1.322213809459967665e-02 1.276513045012153853e-02 1.277630140450118287e-02 1.214588359215673131e-02 1.238122709312700943e-02 1.372080703242146635e-02 1.277543340700761261e-02 1.390376006115582805e-02 1.244132640932500006e-02 1.224274949038248531e-02 1.219505136522925325e-02 1.217557126641998465e-02 1.451108049330369042e-02 1.214692623203902228e-02 1.282520612054714737e-02 1.329470492530273641e-02
1.242574236815546102e-02 1.247728322032881990e-02 1.149307728993864859e-02 1.309554645206588951e-02 0.000000000000000000e+00 1.297722985489415011e-02 1.213652426812545509e-02 1.184354984734658882e-02 1.219555346200459738e-02 1.195623806177959804e-02 9.826398437285407614e-03 1.287577621053314671e-02 1.381950312390788256e-02 1.172200486575339200e-02 1.271094557786312494e-02 1.083158939235040821e-02 1.138389543616981359e-02 1.197397282328511309e-02 1.457459232367345515e-02 1.130195548404486390e-02 1.077963673466875161e-02 1.186345296406111395e-02 1.220583254623656272e-02 1.139671055673155409e-02 1.071520731411755231e-02 1.097885142955615581e-02 1.125471534288132423e-02 1.289382773209279964e-02 1.325017790133214447e-02 1.154431972365432130e-02 1.296642714138733152e-02 1.338550295539077048e-02 1.386833992411532109e-02 1.363300878874722059e-02 1.172541280094823932e-02 1.272893370288219646e-02 1.103307797697602836e-02 1.027156419628637990e-02 1.411224963837727671e-02 1.233592930269526017e-02 1.286401112708924349e-02 1.192791827693043087e-02 1.078806973950481758e-02 1.232025282468487450e-02 1.123437436477396113e-02 1.299605832403628349e-02 1.197185677184391291e-02 1.294622508092638236e-02 1.057309464833483537e-02 1.207455519372547387e-02 1.129930175597737910e-02 1.164912909521063737e-02 1.437102116891179893e-02 1.156221573547690402e-02 1.398651255298366709e-02 1.150019841096300635e-02 1.092271685624414922e-02 1.085518285918142881e-02 1.066653199897037163e-02 1.159033496531211918e-02 1.098079317041618895e-02 1.110152851755390017e-02 1.060588498680324794e-02 1.023017593944973089e-02 1.157899394950410998e-02 1.262460523191858038e-02 1.404496662282892286e-02 1.406776061062567362e-02 1.114552648789213403e-02 1.098421267416471031e-02 1.493062086814841809e-02 1.303384863403489295e-02 1.229605295087511825e-02 1.225239874597662364e-02 1.374913641889446980e-02 1.176986347806791532e-02 1.247247753295312005e-02 1.055930142730389897e-02 1.370928898408252036e-02 1.159729640232247394e-02 1.208175899292832436e-02 1.085330455028173623e-02 1.225632695259928039e-02 1.186155778256376726e-02 1.231739003104509109e-02 1.033555090380603933e-02 1.009599435483161597e-02 1.086958884243969560e-02 1.315823999016402929e-02 1.147609136934859067e-02 1.086809726388084270e-02 1.106319953481528159e-02 1.348880072571253218e-02 1.679135745843021027e-02 1.174602751526839309e-02 1.314430282648817484e-02 1.488395575266063080e-02 1.080552029494271683e-02 1.515307207138703524e-02 1.299767171468092092e-02 1.116095021477619270e-02 1.288765657163305593e-02 1.120544568644471148e-02 1.133365011875410444e-02 1.563738607602223676e-02 1.076446987691818784e-02 1.118919247665838348e-02 1.238358287073436544e-02 1.399109974800582211e-02 1.107296537511691208e-02 1.228537585973967297e-02 1.092157647709975782e-02 1.188271749646467937e-02 1.124779119562923160e-02 1.135738032589011723e-02 1.063130576826536861e-02 1.081147620083785718e-02 1.234816558768506677e-02 1.070735996617465727e-02 1.263524313244280411e-02 1.008459560669495991e-02 1.072904987191048223e-02 1.172417473265288841e-02 1.063672381237268545e-02 1.342586381598726876e-02 1.012050388178944126e-02 1.130105971420493349e-02 1.196106119611185965e-02
1.367865906548759725e-02 1.372945013564651380e-02 1.291646681979270045e-02 1.425732955504486511e-02 1.297722985489415011e-02 0.000000000000000000e+00 1.333040117727579861e-02 1.314983468265192544e-02 1.418573904137000394e-02 1.316977741191679464e-02 1.185311812738242682e-02 1.413925163536362134e-02 1.497057920293709196e-02 1.228464436139896365e-02 1.394118144313611675e-02 1.223220917539302038e-02 1.274795935012937483e-02 1.237115126148319484e-02 1.558269872978338376e-02 1.277764722460849114e-02 1.225730876531584516e-02 1.314086344941773656e-02 1.340178821216727288e-02 1.283674711795185740e-02 1.208089915214988902e-02 1.290817735218565548e-02 1.252347103819700068e-02 1.306622553452468916e-02 1.432242660829631357e-02 1.278548839414230150e-02 1.407607870229390067e-02 1.447279535011687483e-02 1.503706245454914520e-02 1.574115591440141890e-02 1.305056999582051951e-02 1.394725352669621936e-02 1.236375339941136846e-02 1.190052990758968740e-02 1.523115032069034640e-02 1.360234870448651968e-02 1.397642078647817060e-02 1.331661953889259550e-02 1.221690819033239769e-02 1.360877372231212266e-02 1.265019803410329449e-02 1.415480113808859595e-02 1.325555660810411908e-02 1.415091302435304670e-02 1.193393379212909569e-02 1.325568873920460536e-02 1.270844768324119224e-02 1.293930316125747881e-02 1.534175786179338072e-02 1.281650262785354044e-02 1.505455803402849964e-02 1.286822240004448399e-02 1.226344594178812968e-02 1.234717078461178112e-02 1.207733374920179001e-02 1.293955611833256560e-02 1.239960415096534943e-02 1.252594690320325312e-02 1.212822629824128993e-02 1.189189481964303928e-02 1.286380812880732506e-02 1.379552851611868212e-02 1.513964827663423322e-02 1.513220397672538839e-02 1.244424912440217010e-02 1.230770733218633679e-02 1.590331428122662011e-02 1.422090029534256971e-02 1.348622664879482909e-02 1.333769015691267310e-02 1.572005151583216395e-02 1.310167497752815630e-02 1.390391031024047590e-02 1.254737727181052566e-02 1.472107362717423908e-02 1.297657243987403175e-02 1.337156216077114816e-02 1.232014263977466648e-02 1.339961835190334530e-02 1.302651584952741783e-02 1.355384805512189692e-02 1.111383251700085069e-02 1.162987059146321223e-02 1.221448067886830163e-02 1.435190308996254875e-02 1.269787857526841202e-02 1.288577929533255527e-02 1.248283066683044534e-02 1.452214334708861257e-02 1.768444044838880444e-02 1.304948747309078554e-02 1.429616201068893006e-02 1.587709980691362141e-02 1.231386731541591999e-02 1.701522115403894184e-02 1.415023390227394644e-02 1.265444541908179732e-02 1.411419810703650260e-02 1.247670030070914537e-02 1.273280829355534320e-02 1.651336207277291634e-02 1.218020868914271825e-02 1.194887948828644332e-02 1.361236127372205534e-02 1.498774043485688427e-02 1.250259420248868263e-02 1.360431562883261669e-02 1.308232826642787873e-02 1.319090476016489440e-02 1.259624983927759220e-02 1.195347322722386911e-02 1.217885998873734395e-02 1.229518643667074085e-02 1.279364330152847964e-02 1.271546463272591430e-02 1.381809919647718557e-02 1.243114075561754968e-02 1.215134671566595222e-02 1.314175591798090979e-02 1.213029255549243762e-02 1.453120077922364500e-02 1.149101463620872711e-02 1.269699735279632841e-02 1.320871392691529665e-02
1.255878736363253215e-02 1.278162208452458815e-02 1.124752567365233831e-02 1.339145888335217284e-02 1.213652426812545509e-02 1.333040117727579861e-02 0.000000000000000000e+00 1.203306998266399225e-02 1.345185651883637479e-02 1.153554582235440280e-02 1.078162754961370373e-02 1.325301190756228605e-02 1.419658064781817615e-02 1.223315071614331125e-02 1.308095653227391020e-02 1.122882117649903755e-02 1.163487198342805923e-02 1.212308402548103320e-02 1.486085427480490252e-02 1.177431139996146757e-02 1.119832819149183499e-02 1.231333113951834854e-02 1.255285710699154816e-02 1.158037774508456283e-02 1.106295571810125659e-02 1.204897604527066686e-02 1.165270180629296611e-02 1.321516036484988131e-02 1.358303220461710807e-02 1.183505252049829246e-02 1.305830371586688514e-02 1.361457946946158584e-02 1.425149618406163464e-02 1.502160544419214525e-02 1.201293416617233052e-02 1.298382234846729572e-02 1.141794692685716220e-02 1.080172737396954859e-02 1.445831262102122497e-02 1.265821722857037902e-02 1.321521738419222970e-02 1.229356316806239253e-02 1.110498583569967911e-02 1.268683074237247042e-02 1.173827663120402369e-02 1.336648080255526012e-02 1.225727691514877024e-02 1.327915618765411650e-02 1.036548017619097484e-02 1.162855160199224337e-02 1.168474720231985758e-02 1.201116446906805128e-02 1.468445749113587127e-02 1.190686493933403554e-02 1.427513650602439330e-02 1.199420843711238027e-02 1.128964888574710695e-02 1.133487913047851597e-02 1.105545066220483402e-02 1.191739441306415188e-02 1.133134959881251444e-02 1.135638636453738248e-02 1.042693078521569026e-02 1.073287387656995592e-02 1.187812924661763372e-02 1.300980315989081967e-02 1.337486265174108249e-02 1.423791366449092544e-02 1.144979142911366730e-02 1.128036739135184277e-02 1.512734344164897056e-02 1.334929760938395778e-02 1.267849147517947396e-02 1.267787234614168798e-02 1.492379809787867245e-02 1.216860607077924553e-02 1.305713215802752417e-02 1.160273643622120737e-02 1.400788066835656834e-02 1.216259175170688982e-02 1.250303894081568334e-02 1.121978131701235892e-02 1.176023226488993531e-02 1.221550112890740052e-02 1.266847722451549564e-02 1.020916767217645849e-02 1.064509857732528174e-02 1.118355036838424021e-02 1.363037202957277476e-02 1.173996481937640730e-02 1.211348363803043358e-02 1.147249671713823464e-02 1.372441491314809262e-02 1.699518935497792982e-02 1.210646964298012912e-02 1.355150206237581111e-02 1.412950917723622413e-02 1.124325532252957657e-02 1.645296463700411660e-02 1.332474311876554254e-02 1.156392322939706757e-02 1.313231815604537847e-02 1.157828121569284482e-02 1.179428854228395211e-02 1.586983702559673082e-02 1.111582503703232097e-02 1.170472225743006932e-02 1.264583854317660218e-02 1.419365614246190753e-02 1.147769669521006217e-02 1.254379568460788075e-02 1.230970146818077295e-02 1.234382741382660832e-02 1.172223447097903853e-02 1.180483963180982074e-02 1.107122517536318629e-02 1.122157496377341329e-02 1.284184368667716514e-02 1.174329853107188189e-02 1.299327948935047501e-02 1.142270088788826556e-02 1.119512919602845893e-02 1.215296778313102941e-02 1.040968478889325519e-02 1.368146757281866847e-02 1.113430691566115634e-02 1.182092017013026963e-02 1.229508655265870026e-02
1.160161279709311620e-02 1.243507620268858097e-02 1.092894222566494385e-02 1.299315926338069117e-02 1.184354984734658882e-02 1.314983468265192544e-02 1.203306998266399225e-02 0.000000000000000000e+00 1.320327855981623909e-02 1.202036157852528694e-02 1.050316015186602073e-02 1.309571236564372083e-02 1.389506010288184962e-02 1.191162641409591709e-02 1.278839621669131121e-02 1.099053224578741030e-02 1.146537507003654761e-02 1.199463218659774753e-02 1.452276870771593981e-02 1.145695256920026446e-02 1.079409848240832012e-02 1.204816668921973762e-02 1.233813745320720169e-02 1.155243511378900578e-02 1.077783000473887288e-02 1.180420864163084574e-02 1.136357834295670735e-02 1.301181090890955218e-02 1.328335871730638301e-02 1.154685978682971903e-02 1.304618393126078489e-02 1.345303446393304042e-02 1.406439656870570737e-02 1.475562358113214831e-02 1.179797229675132869e-02 1.278173873974273664e-02 1.042507039467577626e-02 9.881147864316253832e-03 1.418121819583961947e-02 1.244431182550454970e-02 1.288108314790231863e-02 1.206371055133123420e-02 1.084521516914380319e-02 1.240487383036020796e-02 1.133537541000015358e-02 1.303143521948167335e-02 1.206120778378775606e-02 1.298525767500801828e-02 1.061741680530084442e-02 1.207879680969651572e-02 1.128004232363910911e-02 1.175770297911984084e-02 1.439423404093847017e-02 1.166220638313241256e-02 1.407040235401310103e-02 1.170160755896149096e-02 1.031500102372181864e-02 1.105747670996240321e-02 1.073705303648184693e-02 1.169202357227502355e-02 1.098616090946901575e-02 1.113595957513142595e-02 1.015141269744886977e-02 1.039589894269916590e-02 1.161967926277298821e-02 1.281739257715527359e-02 1.405189477180843888e-02 1.416690983196712723e-02 1.118636272617981597e-02 1.104441406452884127e-02 1.493220412418519959e-02 1.304616525555566536e-02 1.240501619716993451e-02 1.240342038832614735e-02 1.469381072572895248e-02 1.184762681427476740e-02 1.280961181369446450e-02 1.135072615484310210e-02 1.374571522942445549e-02 1.177057686927563893e-02 1.210103759195090868e-02 1.082563007716919740e-02 1.153666378765988258e-02 1.196123684350710453e-02 1.235737786099247622e-02 1.049502105892961834e-02 1.022722692587350879e-02 1.083586020945922698e-02 1.340679404746358827e-02 1.150271120968246463e-02 1.182674362083796331e-02 1.044221289713269905e-02 1.356927073742155918e-02 1.681182427688445585e-02 1.182728696872019716e-02 1.330020168795412183e-02 1.495811109630709214e-02 1.097769699559111509e-02 1.626317516654498738e-02 1.315219209506668895e-02 1.128122110992389737e-02 1.300142404398395117e-02 1.121639747400732419e-02 1.137041275539454194e-02 1.569036336399747683e-02 1.081197447230840443e-02 1.140663187962163809e-02 1.236813682804228237e-02 1.403252117899947589e-02 1.114791904659311918e-02 1.244292003334014629e-02 1.202487245812914815e-02 1.201373857998903547e-02 1.141365219922448222e-02 1.155580367057976870e-02 1.080974682727694341e-02 1.099040348288799276e-02 1.259353837638022520e-02 1.138080284276599650e-02 1.262960206044571980e-02 1.104067808536195357e-02 1.020884654498335938e-02 1.110437105008835017e-02 1.070415702950951869e-02 1.342027333068812785e-02 1.077172883784653819e-02 1.153578685356327488e-02 1.199704687605538181e-02
1.363947866565288006e-02 1.376995988593206384e-02 1.295276636241820753e-02 1.430809871094683612e-02 1.219555346200459738e-02 1.418573904137000394e-02 1.345185651883637479e-02 1.320327855981623909e-02 0.000000000000000000e+00 1.320421878728526670e-02 1.184720127570286149e-02 1.319717325992095930e-02 1.492884970053371188e-02 1.313278704965561983e-02 1.400271493553537257e-02 1.240665758210685379e-02 1.270900660859570347e-02 1.330373705350488232e-02 1.562225902010840745e-02 1.267287559018660630e-02 1.221817196711747107e-02 1.327612683800546804e-02 1.346474690399448310e-02 1.282225844736965652e-02 1.221544592234166844e-02 1.290823886749238592e-02 1.274809168605417833e-02 1.418407309200608694e-02 1.429392573821476435e-02 1.291244920094756360e-02 1.416884827386293011e-02 1.456218232258308168e-02 1.496592681970815124e-02 1.563374278388222210e-02 1.311257836864748900e-02 1.400656911941361438e-02 1.250328854878888021e-02 1.187897082307833550e-02 1.525849296188756636e-02 1.367387402175062119e-02 1.411013038434077126e-02 1.330846011105671876e-02 1.227068056221448239e-02 1.270227095571128777e-02 1.197917701479835929e-02 1.426174632064801384e-02 1.318774550081858350e-02 1.421685656361280740e-02 1.212490658656511892e-02 1.339856792356852733e-02 1.277493004544554001e-02 1.293463327695224853e-02 1.547407735450139453e-02 1.295228231949718811e-02 1.511832949364232473e-02 1.285952383062081636e-02 1.234476342118092686e-02 1.246047904004463948e-02 1.210637651275703851e-02 1.299376363918330543e-02 1.240222338463426756e-02 1.258171934541412254e-02 1.214505543249171267e-02 1.125527355211300776e-02 1.283364466558569936e-02 1.399215886032721158e-02 1.517697007769099743e-02 1.516127537665458089e-02 1.245542433839406070e-02 1.241265522340863521e-02 1.598113377394844159e-02 1.432192036577170993e-02 1.355231277587306236e-02 1.362365101685621138e-02 1.565255855276099714e-02 1.316979931862685520e-02 1.392279675703614328e-02 1.267771310822419194e-02 1.484839956129182896e-02 1.312870302014056481e-02 1.347622467159525182e-02 1.243019637857457893e-02 1.353880318373714559e-02 1.320300857207351575e-02 1.356034670771916369e-02 1.193633017928071895e-02 1.163073697197243052e-02 1.228417844913764871e-02 1.438484996369662067e-02 1.288399857465481052e-02 1.286857532078200701e-02 1.249816583670563218e-02 1.464625456274071605e-02 1.772829606334781413e-02 1.315995939061134420e-02 1.441722365630797829e-02 1.591989479265269736e-02 1.241815421307063995e-02 1.705011426613455006e-02 1.408281481313509303e-02 1.269741976865711337e-02 1.415697223058260366e-02 1.250423921701839490e-02 1.276819794823771254e-02 1.643806409096143853e-02 1.232321228226566229e-02 1.276212131940535240e-02 1.367361779132622752e-02 1.497327964089251694e-02 1.246345838727309224e-02 1.364023399884774744e-02 1.312580646875632397e-02 1.321617499805556942e-02 1.279019229926017104e-02 1.286578950026722769e-02 1.222413895162475367e-02 1.237697986362587370e-02 1.278976515513396452e-02 1.275123431760077398e-02 1.388144799388098087e-02 1.168108251770221505e-02 1.226040122159498084e-02 1.320141796993088215e-02 1.213816113203356611e-02 1.459881081077780279e-02 1.215735507938246057e-02 1.200609216498712238e-02 1.326928553296805209e-02
1.248214750393963901e-02 1.186128491161112831e-02 1.178794525759315447e-02 1.329503235707134474e-02 1.195623806177959804e-02 1.316977741191679464e-02 1.153554582235440280e-02 1.202036157852528694e-02 1.320421878728526670e-02 0.000000000000000000e+00 1.051900538071720050e-02 1.223506879416471835e-02 1.405559822403225009e-02 1.206766589696789231e-02 1.291906975730586563e-02 1.108200754425616927e-02 1.144059971125590755e-02 1.139587225423747095e-02 1.464242620824478432e-02 1.157423891307680572e-02 1.103625869294737501e-02 1.209090962135425315e-02 1.164739066895281207e-02 1.158670217558548619e-02 1.083704713087613528e-02 1.185606634971129308e-02 1.146143184199470595e-02 1.314828951083351315e-02 1.325390034333996485e-02 1.164223850565776312e-02 1.310439260652539184e-02 1.351414903598194620e-02 1.384669594245881499e-02 1.489840114946104979e-02 1.195361574542886003e-02 1.293588882098077424e-02 1.128083458454169977e-02 1.058561882286037682e-02 1.427789599467292267e-02 1.243864259435239344e-02 1.308237511110304542e-02 1.221201895232035262e-02 1.085061503985655651e-02 1.250619671028164320e-02 1.149073912579064681e-02 1.323447665576103945e-02 1.133644925210866398e-02 1.319503851750959168e-02 1.076404285433824048e-02 1.213817585662443563e-02 1.156887629131377916e-02 1.172354782887574838e-02 1.448466483584799104e-02 1.178219400471325513e-02 1.414846021696047375e-02 1.174957847395683395e-02 1.103383067402433429e-02 1.112974669144714372e-02 1.081621325726978347e-02 1.097888632378654812e-02 1.122965478795275203e-02 1.127740691092670583e-02 1.081328818261732133e-02 1.060999336776220076e-02 1.157679919639192749e-02 1.292187165300492241e-02 1.413777972013192941e-02 1.319872372108616722e-02 1.127442065235879573e-02 1.125607534547976539e-02 1.508333977035990550e-02 1.326290170888176981e-02 1.252276185256290079e-02 1.253366671011442446e-02 1.482512689924511511e-02 1.193763649959020227e-02 1.288577482955677832e-02 1.151399862775589339e-02 1.385152738707325082e-02 1.192293268711253421e-02 1.228548230376181639e-02 1.049810189075092368e-02 1.230144996443177652e-02 1.190689962289270126e-02 1.243704247653723907e-02 1.056040439476337543e-02 1.045984271945640635e-02 1.105697669593342855e-02 1.340330903914002669e-02 1.166901983702348274e-02 1.186507007189560245e-02 1.126795957649997550e-02 1.350295330805827664e-02 1.694679974415277610e-02 1.196649392332219120e-02 1.330188963427156659e-02 1.496136289754346552e-02 1.116668980420037170e-02 1.632085235521057998e-02 1.310722057032960054e-02 1.153197115648107486e-02 1.295647055126660299e-02 1.066125456139418656e-02 1.155233555626462502e-02 1.570440084597791303e-02 1.103370325315556136e-02 1.139906878100960599e-02 1.248848125218701179e-02 1.414705069350094546e-02 1.125936828954951854e-02 1.246255039287599148e-02 1.210703093477669655e-02 1.211506408452365548e-02 1.160110312366647786e-02 1.166631995780418284e-02 1.025710233683750292e-02 1.105753729155752908e-02 1.260005423443387104e-02 1.153511152088108546e-02 1.269948405038335074e-02 1.127382656196055169e-02 1.082273836691853217e-02 1.202412511968576660e-02 1.068719984614830212e-02 1.350952001106668805e-02 1.096517445172895573e-02 1.155175399529035155e-02 1.202239666764781667e-02
1.109062814325759323e-02 1.060785311663772594e-02 1.013124779246520231e-02 1.192468924646661321e-02 9.826398437285407614e-03 1.185311812738242682e-02 1.078162754961370373e-02 1.050316015186602073e-02 1.184720127570286149e-02 1.051900538071720050e-02 0.000000000000000000e+00 1.121097748205752802e-02 1.276519669585286614e-02 1.053256738415672168e-02 1.091617851265650786e-02 8.723642871255930450e-03 9.831347007563386378e-03 1.056247691281342500e-02 1.354843715180449777e-02 9.394078095484165863e-03 9.277327696133695970e-03 1.055594891117866974e-02 1.100488011243955060e-02 9.990434118523959170e-03 8.973162754244550302e-03 1.029034786355401652e-02 9.386814415897512878e-03 1.177920937977425947e-02 1.205621022081620509e-02 1.014094933885241641e-02 1.169209010805426045e-02 1.217485265237289518e-02 1.283657476106483605e-02 1.367896042376037444e-02 1.031432237845677710e-02 1.148461488086808396e-02 9.579273707081651171e-03 8.644605714792445370e-03 1.312001992858687766e-02 1.108143649369864453e-02 1.161679159315159686e-02 1.005815511946713328e-02 9.176512583073261065e-03 1.112488267031409676e-02 9.866606418394501324e-03 1.189571010815218891e-02 1.052939116146267909e-02 1.182814521327155491e-02 9.001139630035504685e-03 1.068597094898752001e-02 9.269295364663514974e-03 1.029879933402954965e-02 1.331649737218431814e-02 1.015815134069022845e-02 1.282740298834645146e-02 1.018798919887604730e-02 9.293726348158042744e-03 9.497066930805183119e-03 8.963125459685918409e-03 1.023605293064150379e-02 9.420585973706860350e-03 9.010360453648004822e-03 9.077962878194782703e-03 8.624334237323278210e-03 1.008707577186677799e-02 1.146853880189512703e-02 1.292351351431211826e-02 1.295792850827859159e-02 9.638000768738287302e-03 9.594375202555883997e-03 1.395216941211499181e-02 1.186033443010704215e-02 1.100382420510946299e-02 1.095459880798741424e-02 1.362585284698407742e-02 1.043576428814848092e-02 1.141832337160282249e-02 9.285586363726084161e-03 1.257047760470069234e-02 1.034548993304160863e-02 1.083203988609787206e-02 9.420800686773004792e-03 1.096395428010648460e-02 1.050226780691867687e-02 1.105958601940078279e-02 8.659256463587972422e-03 8.053539589138132559e-03 9.275469287992325895e-03 1.209679110681648531e-02 9.944979622187875498e-03 1.027623276709703146e-02 9.535469315808720731e-03 1.227202358111290428e-02 1.591211154680761616e-02 1.033116926032261705e-02 1.193854864066358143e-02 1.387688950482473399e-02 9.241758443611594598e-03 1.521680832972674251e-02 1.181640283651572663e-02 9.865098805927960748e-03 1.106985573431317621e-02 9.687094781294199736e-03 9.984520607585289573e-03 1.464629499203902625e-02 9.168856779067360505e-03 9.920925799452823962e-03 1.104409285468460622e-02 1.294761888891689770e-02 9.028655461759023393e-03 1.105001968801955572e-02 1.051264939108657523e-02 1.064732013052469527e-02 9.920979908998870875e-03 9.531739010299701206e-03 9.120901295817482324e-03 8.856636528078585396e-03 1.122065840812506120e-02 9.877941611362727262e-03 1.144042551817705221e-02 9.438426116971244950e-03 9.212425949871771297e-03 1.049217211850457868e-02 8.470304903275738609e-03 1.230727015070511889e-02 9.093823574142597191e-03 9.979986829042072558e-03 1.054733966787895286e-02
1.359333901190037941e-02 1.355296179851550598e-02 1.290720597738574844e-02 1.419229949991823725e-02 1.287577621053314671e-02 1.413925163536362134e-02 1.325301190756228605e-02 1.309571236564372083e-02 1.319717325992095930e-02 1.223506879416471835e-02 1.121097748205752802e-02 0.000000000000000000e+00 1.492347312495041246e-02 1.311829015859614957e-02 1.382598080500971501e-02 1.223547291505313987e-02 1.186678230037759886e-02 1.312646875038982371e-02 1.545336145181887451e-02 1.261669266253434042e-02 1.212925711032497057e-02 1.317240115771117943e-02 1.326381037928517879e-02 1.260471683390112889e-02 1.207505082716114377e-02 1.293183429171354537e-02 1.254013683518069751e-02 1.409147630373898744e-02 1.424891407234952709e-02 1.279854965045995087e-02 1.394130703948370624e-02 1.443920637388859674e-02 1.369934381861237331e-02 1.568963012806363216e-02 1.300918732064733525e-02 1.390453658793217896e-02 1.243177662231819032e-02 1.176987091021884126e-02 1.507726544062752867e-02 1.347972208673254603e-02 1.402034249005052260e-02 1.321636754950101557e-02 1.197069590526314044e-02 1.348162632416829119e-02 1.257316818638497605e-02 1.415848915247112927e-02 1.307850806614372849e-02 1.413657390762412813e-02 1.203843229251335377e-02 1.327994088319110408e-02 1.262996131502558232e-02 1.288364665469849020e-02 1.535415370887990329e-02 1.289540849366786583e-02 1.499356731359002132e-02 1.285476328137452606e-02 1.219336281536500914e-02 1.234216780574291794e-02 1.182650535111937767e-02 1.277036678309799965e-02 1.234417257958340432e-02 1.241656420620222689e-02 1.194601166289763379e-02 1.174310292380633357e-02 1.189743426578503994e-02 1.389306640652612952e-02 1.506175843450512086e-02 1.476899106262323513e-02 1.244523269735613689e-02 1.238018182650514089e-02 1.586883052333371361e-02 1.420150499935732107e-02 1.351870852332013109e-02 1.351396006317076570e-02 1.548160846169195463e-02 1.293666853207761994e-02 1.372240701542306457e-02 1.260042553367369741e-02 1.462665179848769530e-02 1.297161348018357509e-02 1.337207642986525113e-02 1.225905322661491673e-02 1.335679486166703803e-02 1.308524020297845321e-02 1.341759594833480049e-02 1.173540334991958131e-02 1.156339536508387868e-02 1.204864729772600618e-02 1.424789021675604284e-02 1.273945142020712316e-02 1.297052296629011212e-02 1.241863146782621122e-02 1.452956578347536741e-02 1.763899563762127282e-02 1.297916923950940757e-02 1.430352664672840564e-02 1.573438813091991920e-02 1.232835784311544884e-02 1.702499523867411282e-02 1.303527156213868561e-02 1.261714408108912701e-02 1.398570766305892894e-02 1.171411876276776814e-02 1.269871874060626502e-02 1.530580286168042869e-02 1.217606438770417465e-02 1.261341457013515251e-02 1.349663785409340941e-02 1.499034745868865412e-02 1.232694150000296016e-02 1.349669418826387156e-02 1.315720672870844543e-02 1.320168355389250182e-02 1.269312653043515836e-02 1.270611184077173432e-02 1.201906087061003006e-02 1.217793492892477181e-02 1.328774082099705087e-02 1.267271935535194995e-02 1.374219440994080103e-02 1.231652605402903597e-02 1.208832474079503741e-02 1.311036552036482818e-02 1.198062459154516403e-02 1.446569965823182174e-02 1.215179409445188603e-02 1.253632516009766523e-02 1.311548698330476485e-02
