0.000000000000000000e+00 1.216697916023390565e-02 1.006994732810828630e-02 1.052741813695278091e-02 1.000961107361365149e-02 1.622431960154656350e-02 1.084568275156307798e-02 1.058393105217858739e-02 1.009615375686602305e-02 9.919674159368428029e-03 1.465328312587337208e-02 1.027320687572658674e-02 1.311877389807971500e-02 1.077970827819053207e-02 1.152442247364367234e-02 1.173759743725088719e-02 1.133447164508160840e-02 1.316821835995223705e-02 1.129573041773170548e-02 9.911606918516996725e-03 1.266029120243273090e-02 9.670761031295537283e-03 1.083680180092596451e-02 1.777637655397283287e-02 1.090861666248970838e-02 1.098732397746367273e-02 1.233145984210675880e-02 1.339969189675121498e-02 9.143030255987314586e-03 1.091724336977208630e-02 1.091476825723283230e-02 9.455724151550359488e-03 1.230845151439935101e-02 1.125020681620412383e-02 1.048344762227083199e-02 1.198704765858069413e-02 9.996178200891924284e-03 1.104149469489029006e-02 1.172497589255508399e-02 1.778742554644650170e-02 1.071350632102726144e-02 1.051649500024649624e-02 1.391650848814650170e-02 1.183951003083269678e-02 1.328497615135341980e-02 1.343978826145296110e-02 1.330665972710157532e-02 9.472110414805392023e-03 9.175089295342527332e-03 1.512967117146123315e-02 9.967863463904836838e-03 1.251253437752077209e-02 1.098413734138395555e-02 1.085814805573605095e-02 1.353027534143878829e-02 1.224746508154766350e-02 1.066500302175987444e-02 1.104767141224249904e-02 1.149593109574266296e-02 1.043929006513725707e-02 1.072284196039158775e-02 1.153041100236236981e-02 1.472300163210641701e-02 1.398230873069327730e-02 1.638573477246566337e-02 1.089512981888558774e-02 1.009230367839131226e-02 8.931244697009814090e-03 1.540573887082005537e-02 1.435980384185703285e-02 1.591836994531431806e-02 1.485344966786653065e-02 1.158313363652157570e-02 1.065213970526147566e-02 9.057962910420304381e-03 1.254926004832406829e-02 9.929367760582875901e-03 1.189695089403684791e-02 1.090184869441630441e-02 2.111061573685399373e-02 9.922971732772014122e-03 1.344690442633606278e-02 9.432670810355000754e-03 1.295438777443618135e-02 1.054873741627548184e-02 1.121526605192693822e-02 1.226670102078230608e-02 1.140231475695614206e-02 1.093422661223298134e-02 1.578870136806968458e-02 1.330692015475636210e-02 1.250374574361437334e-02 1.289635650589968270e-02 1.381164065911465004e-02 1.346952146291778910e-02 1.171353473945783985e-02 1.064606955703323830e-02 1.116883629161330958e-02 1.198178045756212104e-02 1.178962056503035129e-02 1.201831641459317340e-02 1.106626548194118535e-02 1.357682122194307263e-02 1.194202790519762088e-02 1.042957358310668721e-02 1.283773771376731272e-02 1.664480299799812879e-02 1.368831301516983991e-02 1.411953763023650332e-02 1.161259484247526182e-02 1.199028401319985823e-02 1.127386739086836363e-02 1.477020688637287887e-02 1.461408077513275464e-02 1.058313542799062430e-02 1.032096400232249481e-02 1.198352875233620225e-02 1.320397691058171341e-02 1.332220998079761132e-02 1.262049131084908883e-02 1.060810121666588661e-02 1.414591293437865611e-02 1.295301378287488751e-02 1.273020878492208720e-02 1.170752327285820397e-02 1.060909837819720876e-02 1.176899225899228837e-02 1.522147301596693710e-02
1.216697916023390565e-02 0.000000000000000000e+00 1.294776595594326896e-02 1.289221501294651566e-02 1.220521033601830105e-02 1.775818733509302097e-02 1.319744792917931439e-02 1.288751226032947179e-02 1.223614192522878667e-02 1.264061939178926994e-02 1.640695520845385919e-02 1.277086009118314804e-02 1.508194825151101467e-02 1.306424695968781691e-02 1.270237666227478496e-02 1.440334125013426579e-02 1.350480998064850988e-02 1.434450772178023914e-02 1.352745811787914483e-02 1.288548941739533875e-02 1.461511316942345172e-02 1.273996616272764920e-02 1.308560258434744022e-02 1.924054029191227949e-02 1.324150749462690846e-02 1.328053037766210864e-02 1.443657659190495345e-02 1.529827153607585775e-02 1.186690282435374881e-02 1.321018373478293970e-02 1.312479160421345555e-02 1.256837785018589428e-02 1.431168959428117532e-02 1.347073652905294260e-02 1.287125964161361935e-02 1.410443924398039131e-02 1.245386807789538794e-02 1.331063082533744460e-02 1.386736829170087670e-02 1.919390258000358909e-02 1.315707538796711575e-02 1.282548575304115479e-02 1.566805444412062986e-02 1.398838581509340151e-02 1.518723699320457046e-02 1.540694834186410837e-02 1.522369964292086611e-02 1.201137144792038987e-02 1.181158264708949933e-02 1.673629450753548811e-02 1.188696656406327060e-02 1.437505794845993570e-02 1.326490753684386910e-02 1.321866467914753832e-02 1.541737000221777253e-02 1.433380050416363342e-02 1.333427618501590792e-02 1.330034783871647357e-02 1.374793917692781857e-02 1.328864496368244337e-02 1.313984662964472194e-02 1.410394600762045203e-02 1.644093520495068864e-02 1.574693518953871468e-02 1.790603033802627697e-02 1.300832078116267131e-02 1.299227672513141550e-02 1.177785731532917345e-02 1.710565984064597173e-02 1.600835710711401294e-02 1.747936525415281009e-02 1.536437692894537799e-02 1.370936480455679958e-02 1.352000300528071602e-02 1.111294143415028635e-02 1.463491763722513279e-02 1.234138023615299375e-02 1.310062319243795667e-02 1.321670897937798211e-02 2.236665581803249855e-02 1.245113166584886459e-02 1.525652805553177026e-02 1.208891120909596877e-02 1.548269898333475003e-02 1.338386806855011019e-02 1.335195029940206869e-02 1.437960830439352633e-02 1.359618709847956915e-02 1.329998091218847524e-02 1.731593039143903764e-02 1.520557858173388933e-02 1.456972907573399201e-02 1.474741358201105829e-02 1.552671298430834124e-02 1.532215985705174394e-02 1.382535074371274257e-02 1.295738294117686901e-02 1.346500708391386129e-02 1.394146857111344846e-02 1.391372008109656791e-02 1.403453362942006302e-02 1.378996906283004240e-02 1.539210311056012775e-02 1.400827514226119647e-02 1.294992931601593282e-02 1.479017678667261977e-02 1.821556952973703986e-02 1.545423097044439954e-02 1.586053734222180045e-02 1.433554752580690206e-02 1.406791563433756019e-02 1.341934208342599084e-02 1.647468122646066416e-02 1.635337025819271276e-02 1.287594344137223470e-02 1.196022952659864941e-02 1.415243160328961448e-02 1.508898619321802186e-02 1.514258854389189182e-02 1.458940523441519012e-02 1.305803646614123875e-02 1.582461589543816480e-02 1.492450203202794548e-02 1.466939911410342426e-02 1.389655879649562449e-02 1.306071171442194090e-02 1.397356704110132124e-02 1.682837151529953043e-02
1.006994732810828630e-02 1.294776595594326896e-02 0.000000000000000000e+00 1.127136104325543800e-02 1.143453576492071445e-02 1.668926793803376940e-02 1.090357464631822905e-02 1.128912365267771209e-02 1.143871157329348805e-02 1.028928769638294202e-02 1.522073310999930151e-02 1.124334397539153083e-02 1.296014016422002493e-02 1.148555714051804032e-02 1.237270139499349261e-02 1.307948242890205268e-02 1.186208714198353636e-02 1.447386860011548072e-02 1.183653376709011690e-02 1.114664342526230575e-02 1.326027087847946907e-02 1.089955277679601105e-02 1.173332950433308118e-02 1.831158716284269142e-02 1.171228131964198102e-02 1.183429225180050032e-02 1.294547466831295034e-02 1.405678365161475846e-02 1.003346982455714624e-02 1.162596185148165144e-02 1.165536653062996739e-02 1.030155982420222736e-02 1.295193236713362665e-02 1.192534604639605353e-02 1.119406782014118786e-02 1.260378270528390333e-02 1.103018583853836512e-02 1.184686715582559773e-02 1.235038510094052695e-02 1.824687773643670491e-02 1.149364246676060249e-02 1.126417778919140515e-02 1.454394449051541437e-02 1.250079442677643968e-02 1.383489677121256534e-02 1.407410080409728266e-02 1.397085357631282915e-02 1.035181020093229286e-02 9.482044856455982759e-03 1.571628429808451938e-02 1.020913978800109916e-02 1.309075367410154379e-02 1.164964506139488064e-02 1.151700929914413821e-02 1.410224891487574586e-02 1.286069773152620846e-02 1.187998160252604768e-02 1.169299692167645281e-02 1.233348689091232075e-02 1.175139981583647221e-02 1.150211057357024280e-02 1.282795056736212372e-02 1.531834236054942927e-02 1.454042108994199611e-02 1.682136461953106371e-02 1.158398033317059074e-02 1.138265354990848806e-02 9.966096023323708225e-03 1.603566598921018355e-02 1.485141515631042616e-02 1.642705513569290426e-02 1.554136300064314601e-02 1.227320574826310136e-02 1.194548001748052361e-02 9.517249269372078657e-03 1.317130008040367714e-02 1.069055268584440457e-02 1.260735444156010042e-02 1.155124755810955570e-02 2.153080821754286070e-02 1.076460283071148556e-02 1.401673721598205302e-02 1.028672713333481266e-02 1.410197929157625332e-02 1.188910988319601646e-02 1.189194379755208718e-02 1.225529466324506642e-02 1.196645840122475407e-02 1.174076820493142118e-02 1.635719847598095592e-02 1.383339424665804354e-02 1.313321255822296092e-02 1.347115543585721692e-02 1.427412892565616161e-02 1.406356396584848914e-02 1.233095022889359182e-02 1.142212662898186085e-02 1.194792978291546459e-02 1.261665614593476467e-02 1.250606704280066671e-02 1.250350843001205026e-02 1.236250276638468579e-02 1.418042715602529924e-02 1.257005256421654150e-02 1.125894018659257846e-02 1.344050616138642469e-02 1.706829020975226749e-02 1.414568746505998932e-02 1.466964612169984090e-02 1.293576217089224822e-02 1.258497362743773301e-02 1.194528161283496016e-02 1.533529958142700392e-02 1.512395713936318629e-02 1.133336729084737614e-02 1.111774342040639484e-02 1.257849717993436180e-02 1.377601198624762470e-02 1.395080559403195399e-02 1.246622271533495870e-02 1.081283845418139211e-02 1.471987306760284483e-02 1.265005580136121556e-02 1.336568733205390977e-02 1.232946988788414036e-02 1.148426698335406823e-02 1.246970917275293245e-02 1.575038954714441664e-02
1.052741813695278091e-02 1.289221501294651566e-02 1.127136104325543800e-02 0.000000000000000000e+00 1.069587992220793343e-02 1.666800937982059957e-02 1.154428007008864547e-02 1.088707418422913721e-02 1.144894266929081389e-02 1.084015048098810503e-02 1.512335941608356805e-02 1.106183810418183075e-02 1.364284158590159390e-02 1.133741760905113138e-02 1.224867597586589557e-02 1.300318038794848717e-02 1.192619058359955728e-02 1.442097087207163363e-02 1.187817746844064409e-02 1.110394248484674641e-02 1.321376483059041526e-02 1.095920620987952086e-02 1.155207139751417492e-02 1.822738981782175485e-02 1.154321763298537737e-02 1.158038512733163862e-02 1.290664855363929386e-02 1.389397518323183187e-02 9.459337716112296152e-03 1.147059335792338999e-02 1.086620858255933457e-02 1.064350101827362879e-02 1.272148842352258634e-02 1.120628358855337708e-02 1.106631989072080074e-02 1.254728561499242334e-02 1.088808146539804560e-02 1.156465936429232517e-02 1.162089985734185427e-02 1.818129426241000407e-02 1.139011656046425534e-02 1.111628016717487386e-02 1.423368862129613908e-02 1.239937694037903694e-02 1.375819695656239211e-02 1.399891169725499263e-02 1.387292644557261943e-02 1.024624677284234273e-02 9.526801530295982146e-03 1.555852755854382832e-02 1.059172059511296823e-02 1.282760905919941644e-02 1.165334360698710991e-02 1.153610361377952788e-02 1.396023169662425831e-02 1.285527766162836150e-02 1.179181371920877235e-02 1.098487724715370255e-02 1.207943152332035565e-02 1.157894883064792754e-02 1.143665122508201633e-02 1.281981019651574037e-02 1.523668126143317390e-02 1.442030382009878292e-02 1.680099174931264788e-02 1.152190349278054728e-02 1.130145459765377960e-02 9.785867063420003800e-03 1.592157840980457095e-02 1.479117228156494150e-02 1.633766955515110475e-02 1.547194010339915035e-02 1.142021019730779519e-02 1.177702610516332543e-02 9.871222396641364527e-03 1.312067980913731585e-02 1.040758455906918428e-02 1.255270824320174269e-02 1.154291231453818956e-02 2.139854295789273345e-02 1.068910951415971700e-02 1.392425435687128996e-02 1.016473267951065532e-02 1.420168040555743957e-02 1.190373224827641178e-02 1.182301858467195085e-02 1.275312269323870991e-02 1.119557989340628362e-02 1.159032284543661147e-02 1.627928602123865018e-02 1.384959333514217475e-02 1.310485921398208894e-02 1.327577950235044220e-02 1.422555104387081271e-02 1.394976243979931946e-02 1.222886850760169369e-02 1.121821955087254699e-02 1.163001393850343797e-02 1.241370729187807852e-02 1.239688087631858615e-02 1.251954059974417187e-02 1.226244931016850365e-02 1.396761188042938001e-02 1.240865330200758426e-02 1.055976466137862474e-02 1.249682929666217496e-02 1.706993441829686431e-02 1.409173084868421168e-02 1.453018803515835657e-02 1.289478956283933268e-02 1.237205145332131127e-02 1.174607409394237516e-02 1.527446086330980397e-02 1.513163680389103573e-02 1.108949365877717926e-02 1.096748525284902895e-02 1.266020023315627026e-02 1.290858177467248472e-02 1.376384472727152676e-02 1.307341437613622828e-02 1.133861009633401785e-02 1.459577758857572884e-02 1.350883357742577694e-02 1.317888102722208216e-02 1.225462889807208029e-02 1.133371275143727798e-02 1.162068447694758130e-02 1.559172850904044783e-02
1.000961107361365149e-02 1.220521033601830105e-02 1.143453576492071445e-02 1.069587992220793343e-02 0.000000000000000000e+00 1.677235257038080934e-02 1.170695713728540054e-02 1.132085852989061885e-02 1.148952834058158783e-02 1.099508115481117806e-02 1.522837398043563363e-02 1.108251108065262495e-02 1.382019413016563787e-02 1.153230674186671127e-02 1.160010375437402555e-02 1.299541683816185685e-02 1.208303120547313085e-02 1.426511959828337395e-02 1.206519730123649728e-02 1.129299422907272671e-02 1.332449154374335497e-02 1.104436074530125954e-02 1.106444514149802424e-02 1.830263325283184445e-02 1.158194059638055842e-02 1.186960746942540383e-02 1.301780832917381024e-02 1.406082119006589817e-02 9.980940146991917547e-03 1.171608204838663590e-02 1.155151910610951842e-02 1.094855712076526350e-02 1.208556876631952312e-02 1.197690715323793120e-02 1.131534017931845777e-02 1.268674021890403222e-02 1.105581983409202954e-02 1.106312392438982967e-02 1.242161489163144152e-02 1.826756842621117885e-02 1.143671571236459100e-02 1.130527300972245831e-02 1.358896292151432275e-02 1.254797336968503652e-02 1.394768654319715473e-02 1.414199789578448642e-02 1.393986455373924342e-02 1.043216115106304805e-02 1.004092691852736564e-02 1.570211387674016329e-02 1.080009454324881886e-02 1.316502720394791166e-02 1.179349019935698253e-02 1.169693336096480456e-02 1.408958339322662068e-02 1.297030331121794798e-02 1.196404535550072562e-02 1.169036332964982529e-02 1.150529367980526393e-02 1.106345335459995444e-02 1.159155272909234355e-02 1.278514181436335440e-02 1.533418042596201500e-02 1.450806989019652778e-02 1.690099487839704859e-02 1.161410190555894027e-02 1.132222460194991405e-02 9.450183314114580721e-03 1.604069346405256891e-02 1.482665264761057894e-02 1.644326143455445213e-02 1.546201385652889310e-02 1.212116911351015201e-02 1.193389530708204721e-02 9.973212084364958124e-03 1.332600437926577050e-02 1.069096422190943252e-02 1.263703597152059967e-02 1.171413216044469782e-02 2.152617929589740672e-02 1.091165441699434857e-02 1.406936195898845533e-02 1.031392906448293234e-02 1.428020094578586266e-02 1.188632753373374158e-02 1.201267929050643841e-02 1.302573096815318882e-02 1.206466831704671415e-02 1.101794645336541360e-02 1.640091871154714109e-02 1.396886889139179605e-02 1.313563069920060597e-02 1.341173695932137803e-02 1.438415907881685461e-02 1.401393506066825681e-02 1.240460752753330502e-02 1.130070828473376046e-02 1.191727291892588636e-02 1.264669156594221480e-02 1.249159338974808672e-02 1.270467528175616388e-02 1.231001414740776935e-02 1.411237296533305284e-02 1.262679725065972945e-02 1.133734244836140381e-02 1.337046034823779865e-02 1.714738872386643853e-02 1.429202025882905271e-02 1.464223352642235118e-02 1.216167170008459163e-02 1.267079451145539798e-02 1.197521370173911318e-02 1.539485795098312348e-02 1.511563191384431189e-02 1.122056640091814543e-02 1.113447295188325741e-02 1.260776813323700660e-02 1.371749898781658532e-02 1.390509909476078491e-02 1.324631431807425826e-02 1.147088115279462986e-02 1.469577878536312138e-02 1.364168847181455001e-02 1.338821030385578884e-02 1.237937274276137110e-02 1.140832575554827019e-02 1.244105051411529932e-02 1.568766869216994819e-02
1.622431960154656350e-02 1.775818733509302097e-02 1.668926793803376940e-02 1.666800937982059957e-02 1.677235257038080934e-02 0.000000000000000000e+00 1.585202671073920183e-02 1.665886310846965632e-02 1.676745861134246174e-02 1.643897954172934134e-02 1.932319327056784483e-02 1.660610539595070920e-02 1.830856133333626234e-02 1.581119648839192024e-02 1.735710356586058628e-02 1.785408219334536778e-02 1.698830778773673111e-02 1.862720786938953932e-02 1.709396766076568680e-02 1.659697629194060650e-02 1.778033293280329927e-02 1.650587715603398994e-02 1.695741014703517832e-02 2.167507572645341329e-02 1.677709642534004272e-02 1.596191608046948485e-02 1.772545369567905468e-02 1.837192823346272749e-02 1.582132490905755959e-02 1.689949646933353380e-02 1.681897284691147992e-02 1.636783344399260140e-02 1.776654229889409672e-02 1.705323880485469165e-02 1.660256093179212494e-02 1.752869977047981018e-02 1.553513380542275411e-02 1.697570420557464183e-02 1.729586355802220643e-02 2.161751916582214592e-02 1.682919894639581596e-02 1.663506384911786831e-02 1.881172037963775578e-02 1.720673694027973280e-02 1.836653517244918321e-02 1.855369468551261447e-02 1.842855294223593246e-02 1.603850742021021777e-02 1.589722093748686602e-02 1.962620371460487359e-02 1.632785045112292513e-02 1.773146100576875051e-02 1.699236338619593625e-02 1.675161991534571473e-02 1.854947980037265423e-02 1.761551554353112461e-02 1.690690607250149372e-02 1.693275010338857536e-02 1.733766404297862676e-02 1.692975271194495715e-02 1.684025069687300827e-02 1.762800515660750342e-02 1.926977170989025226e-02 1.871520252771613144e-02 2.053903873125538862e-02 1.678795378414928846e-02 1.672172933443755866e-02 1.584049311987153694e-02 1.984384261399841851e-02 1.905035414726943821e-02 2.018275374800884356e-02 1.951790448675801148e-02 1.726420941244100754e-02 1.703889933521272187e-02 1.578091886499259286e-02 1.787980679794369532e-02 1.625544106703501884e-02 1.747815294438886252e-02 1.676671794802775742e-02 2.444622454556667074e-02 1.632585067830405814e-02 1.835707788902319823e-02 1.599820329282453449e-02 1.865377526979665121e-02 1.714831610858685851e-02 1.695291817474408463e-02 1.772975448466879850e-02 1.719438975997022306e-02 1.697884124631851219e-02 1.999391960419307987e-02 1.829162353731391549e-02 1.781436587592588952e-02 1.811939829205472599e-02 1.859340656505124173e-02 1.846116559760124093e-02 1.728694134010232836e-02 1.672401307545724053e-02 1.698245726628313731e-02 1.750489320973621504e-02 1.735695413786408903e-02 1.750774714780236122e-02 1.726941059944217885e-02 1.851717709391816069e-02 1.743317307637796965e-02 1.665284739032259209e-02 1.801878516617117995e-02 2.070116807466278186e-02 1.859602554606708258e-02 1.888543262898895875e-02 1.780814234438907184e-02 1.737152174588425108e-02 1.707409172663355151e-02 1.779783023328818103e-02 1.930337199283931743e-02 1.665870778580243877e-02 1.656801372204996792e-02 1.764834142020868524e-02 1.830251175261149790e-02 1.840233512778535405e-02 1.791898067421703739e-02 1.679912149017650722e-02 1.885326382962212305e-02 1.809601338071196303e-02 1.790161016044542960e-02 1.737122016756625226e-02 1.660480499392598397e-02 1.738334142131573237e-02 1.964821874067340310e-02
1.084568275156307798e-02 1.319744792917931439e-02 1.090357464631822905e-02 1.154428007008864547e-02 1.170695713728540054e-02 1.585202671073920183e-02 0.000000000000000000e+00 1.146943589725015790e-02 1.168822542402013324e-02 1.106418427952047916e-02 1.539719178958831765e-02 1.133821442950921736e-02 1.385098982240911061e-02 1.162589393616182340e-02 1.252572564841865528e-02 1.311328095475942056e-02 1.205408734976097518e-02 1.464293501038553720e-02 1.206650869844278808e-02 1.075805041947617245e-02 1.257661287867654042e-02 1.124490316803013375e-02 1.199410092285559289e-02 1.838546407506068403e-02 1.187983819225219353e-02 1.188659926858635918e-02 1.245707035964478508e-02 1.412274477137170220e-02 1.030935482600942206e-02 1.180083884429824169e-02 1.172820312477313581e-02 1.115585103627981557e-02 1.317649308902693259e-02 1.206832177823419748e-02 1.081323164579022639e-02 1.285321105015998014e-02 1.105540426729469117e-02 1.204284663334214724e-02 1.244042280562615739e-02 1.824430766544403101e-02 1.174428432320746840e-02 1.142090406908311158e-02 1.467830677087476714e-02 1.272260729877159810e-02 1.399727164138219251e-02 1.424933528215832461e-02 1.400911971440411963e-02 1.054272244432481222e-02 1.024835550095603426e-02 1.582024616587829682e-02 1.102478013161952743e-02 1.317389144016828731e-02 1.199948038446188060e-02 1.168221841698795053e-02 1.431552252850017658e-02 1.217788082790181685e-02 1.212953617283406803e-02 1.196671432017400692e-02 1.250782006087256676e-02 1.200604830773357654e-02 1.167552484180201661e-02 1.302288070217687624e-02 1.535193065159536074e-02 1.460626363271693047e-02 1.691543939504243366e-02 1.104869050132638655e-02 1.158524008679331745e-02 1.025345630090690810e-02 1.605369245220767543e-02 1.483665513602601405e-02 1.647360586797324070e-02 1.568188790868694713e-02 1.243395683958180981e-02 1.219359125643902121e-02 1.017367389332115950e-02 1.344114090243524184e-02 1.088257414743105424e-02 1.272404285632911490e-02 1.091204754385913765e-02 2.159994639374638800e-02 1.110159905317056710e-02 1.407405656942979991e-02 1.041051152661127792e-02 1.445497038053072253e-02 1.222172380270220016e-02 1.146220544120826051e-02 1.304951041914984879e-02 1.234379611849742431e-02 1.189455487254768677e-02 1.649556631591366646e-02 1.396962361305772136e-02 1.325587946330157758e-02 1.366593357849499660e-02 1.357422124194447750e-02 1.410688054064609606e-02 1.178301474527178490e-02 1.150686003202192748e-02 1.213055121017501785e-02 1.283385424816600902e-02 1.259623547632905682e-02 1.279305304111639716e-02 1.255606788159803824e-02 1.423521276730857141e-02 1.273479057940763402e-02 1.157976577763768569e-02 1.364943193116283440e-02 1.629755363458964407e-02 1.433987220831380548e-02 1.474630825272583642e-02 1.313184584754191302e-02 1.272094336279246465e-02 1.208785204628430587e-02 1.534021559983675398e-02 1.528022774600617043e-02 1.143473224372125278e-02 1.133277259893425426e-02 1.292821053503511418e-02 1.392180433189785238e-02 1.401602157924428625e-02 1.323988478960903305e-02 1.167754495321633723e-02 1.472898501475363060e-02 1.288226259145480203e-02 1.342001025344091193e-02 1.243046638520099376e-02 1.152454266689534844e-02 1.265715278918632357e-02 1.575719064819587623e-02
1.058393105217858739e-02 1.288751226032947179e-02 1.128912365267771209e-02 1.088707418422913721e-02 1.132085852989061885e-02 1.665886310846965632e-02 1.146943589725015790e-02 0.000000000000000000e+00 1.136821267868950817e-02 1.087582269038187173e-02 1.520491702026771814e-02 1.109123107505552430e-02 1.365770884322130459e-02 1.142394915627585258e-02 1.227851226911407835e-02 1.295612339042622602e-02 1.185615095353867963e-02 1.442785920462809693e-02 1.184725322170674180e-02 1.109194082234014889e-02 1.319356631444527569e-02 1.090448658283521728e-02 1.165274860086643570e-02 1.812750298727366233e-02 1.148443403659482956e-02 1.161356705178048267e-02 1.291463124041881440e-02 1.383341406751188024e-02 9.391581273846951600e-03 1.085536052537829955e-02 1.143686113630005240e-02 1.075848626958713500e-02 1.277359257509484876e-02 1.114342711342111714e-02 1.051995860576137969e-02 1.249659261442623640e-02 1.083730177430822054e-02 1.163514114599811800e-02 1.219552168030295196e-02 1.816800580674711105e-02 1.127763258490253884e-02 1.100797959815689141e-02 1.434905977428402660e-02 1.245801072371229001e-02 1.371987810746174395e-02 1.406905934222576690e-02 1.381208633271264336e-02 1.022284118695510231e-02 9.498592668220215418e-03 1.549159513698815903e-02 1.058080190660890159e-02 1.302550747823390080e-02 1.158253204598189839e-02 1.143877794959262915e-02 1.393911971337977347e-02 1.267815658414400172e-02 1.178112747007670387e-02 1.093875589849755033e-02 1.194057742158668479e-02 1.171030266770016481e-02 1.145023648128746033e-02 1.281043858258740405e-02 1.507523718281555784e-02 1.441374072350791978e-02 1.672930237188214111e-02 1.134324984518198833e-02 1.134048187041103439e-02 9.834163067064057365e-03 1.587119218232834264e-02 1.478945985509017361e-02 1.630795516958812030e-02 1.547665354183674381e-02 1.148531045133655698e-02 1.189041500328770137e-02 9.859325800446619090e-03 1.309628323904919733e-02 1.044291130694269785e-02 1.253898000816899318e-02 1.148380913623183591e-02 2.138679613247224803e-02 1.074121911655676227e-02 1.391014919356185070e-02 9.487103388146235841e-03 1.421082292108853673e-02 1.185142184222183655e-02 1.176244183057264907e-02 1.290254945302479576e-02 1.194174934043274253e-02 1.165170899456420030e-02 1.626245738768880914e-02 1.382264474524349564e-02 1.305192698977715969e-02 1.338039568764460251e-02 1.422833495470996953e-02 1.307596038954038191e-02 1.211818346187609752e-02 1.108102930870954149e-02 1.182122147593180767e-02 1.254329739055248978e-02 1.238576182145490270e-02 1.250189018987798821e-02 1.226029420030646730e-02 1.301999629172145151e-02 1.231725850521258638e-02 1.124054187985592049e-02 1.247309111616775289e-02 1.711786238683125211e-02 1.418427880022293808e-02 1.443288072231478300e-02 1.292769992039318784e-02 1.253382301566596455e-02 1.158471543515060369e-02 1.526994548217375236e-02 1.512170202507335907e-02 1.103431522297736340e-02 1.038392343303445528e-02 1.266295331057427746e-02 1.366187017052249153e-02 1.384652081239375228e-02 1.311636584191489679e-02 1.126379465713639103e-02 1.459201066916283006e-02 1.349274396053178234e-02 1.237743196266431929e-02 1.224010909030616608e-02 1.126596262570308225e-02 1.235391618283640525e-02 1.558402088885345142e-02
1.009615375686602305e-02 1.223614192522878667e-02 1.143871157329348805e-02 1.144894266929081389e-02 1.148952834058158783e-02 1.676745861134246174e-02 1.168822542402013324e-02 1.136821267868950817e-02 0.000000000000000000e+00 1.103135045208680949e-02 1.536463330232261393e-02 1.134966091006503128e-02 1.385433730104499404e-02 1.167618009491648220e-02 1.232562423142395669e-02 1.309678015404571426e-02 1.205723864159079228e-02 1.440904412580794498e-02 1.210791489394294831e-02 1.078874571696811224e-02 1.337336214532779642e-02 1.114915027896112160e-02 1.186761683867144923e-02 1.838909113840111326e-02 1.179947275319860774e-02 1.194010479731493109e-02 1.319106722189480191e-02 1.410822982600128464e-02 1.021464716095646201e-02 1.171631527641127032e-02 1.166638857326647745e-02 1.043301488382004753e-02 1.311473048525310832e-02 1.209415631919138860e-02 1.082804525244792163e-02 1.280632444189403786e-02 1.057761477314503838e-02 1.187575459608915078e-02 1.253686271681901145e-02 1.833854668582103956e-02 1.167055625987444868e-02 1.128171478520210297e-02 1.463020892231263123e-02 1.257670711243860651e-02 1.403085259981493547e-02 1.426276976540138443e-02 1.398045921781876540e-02 1.053546280328122864e-02 1.019766550708493293e-02 1.573402194320164607e-02 1.090623678660434734e-02 1.324634503327145121e-02 1.124708771392815033e-02 1.173184986993456441e-02 1.428168000026870665e-02 1.299187050695867034e-02 1.193289767937294292e-02 1.173837935202058647e-02 1.246020924194109376e-02 1.190729222629669654e-02 1.164063237546541715e-02 1.291760314563461000e-02 1.536402552249526918e-02 1.464654185080029557e-02 1.690642046162256149e-02 1.170999566868142702e-02 1.140743689520271574e-02 1.012343273059111703e-02 1.611713301639336113e-02 1.491574220046044952e-02 1.652939750722262971e-02 1.554336869764283945e-02 1.239509027604174946e-02 1.206044904549881218e-02 9.520796978081138423e-03 1.340196666065099525e-02 1.088544320821474391e-02 1.262076260055952810e-02 1.174090119951338995e-02 2.160328527628028669e-02 1.094650771753334119e-02 1.407878552116790562e-02 1.041933913272105085e-02 1.431765084935294856e-02 1.134882415469916708e-02 1.204365782886715648e-02 1.314110723738567618e-02 1.225066100970747911e-02 1.192030040834797348e-02 1.545900578714604415e-02 1.404921771332061191e-02 1.333205850192425296e-02 1.356105181449774807e-02 1.437542775781638915e-02 1.416963714975091188e-02 1.243218988397234472e-02 1.147512446800261383e-02 1.209724471373109858e-02 1.279640246679130018e-02 1.259282822141116406e-02 1.270050485184653043e-02 1.242382629388119782e-02 1.426742002275046932e-02 1.268095630677303076e-02 1.138043003647640564e-02 1.356339634916187663e-02 1.729068485240090741e-02 1.432180116986107171e-02 1.478281649007585213e-02 1.310502677196320569e-02 1.278267815802254861e-02 1.198201280490997049e-02 1.530976118936411973e-02 1.525929541611582667e-02 1.144070164971076539e-02 1.056258400523608400e-02 1.283483114904433904e-02 1.384647233652097111e-02 1.323045438662575138e-02 1.339833639478474510e-02 1.150666226803994351e-02 1.479917036428690137e-02 1.371931111092584629e-02 1.342664977865427878e-02 1.256012423803377562e-02 1.160777803180448008e-02 1.263395897061996530e-02 1.583428569362234362e-02
9.919674159368428029e-03 1.264061939178926994e-02 1.028928769638294202e-02 1.084015048098810503e-02 1.099508115481117806e-02 1.643897954172934134e-02 1.106418427952047916e-02 1.087582269038187173e-02 1.103135045208680949e-02 0.000000000000000000e+00 1.403411511732880965e-02 1.070167060868408918e-02 1.332130264922186218e-02 1.111271185760765237e-02 1.202161609046470576e-02 1.274652720238859602e-02 1.157704238784861353e-02 1.414186009572837056e-02 1.150095633249549783e-02 1.016477530007830164e-02 1.286622149516619511e-02 9.775022487486581882e-03 1.120304413555183246e-02 1.792554445408317890e-02 1.126241048458035202e-02 1.143038002808922753e-02 1.263262491011307893e-02 1.355569862403809694e-02 9.518901896782325234e-03 1.110020761379849896e-02 1.119619112752174607e-02 1.024643241642254378e-02 1.256222626483334028e-02 1.160520638936457342e-02 1.073981841348930696e-02 1.228851793893311582e-02 1.047694782228347950e-02 1.136399579013344652e-02 1.203711007633460721e-02 1.790071459841814303e-02 1.043844370647316160e-02 1.081870084304362156e-02 1.414473139502068350e-02 1.206248832752061274e-02 1.354070862333870556e-02 1.361771167559196541e-02 1.352363022111333253e-02 9.262599139321639127e-03 9.413704412074130196e-03 1.539058492497225733e-02 1.023550358054165985e-02 1.277479269323637465e-02 1.075284062262607879e-02 1.111741123015240647e-02 1.375611419982411543e-02 1.248478804154956254e-02 1.150478895803806745e-02 1.125053620929436678e-02 1.188460475403695094e-02 1.130944303371654233e-02 1.037595675921890170e-02 1.177845547314038122e-02 1.498519901197579128e-02 1.403734871602870145e-02 1.568274959447232483e-02 1.118097328278223196e-02 1.097446954550431591e-02 9.020407000921644089e-03 1.569848547128711511e-02 1.456121079663197197e-02 1.609947978337791449e-02 1.505784983155829954e-02 1.185887957434139141e-02 1.126324100678604070e-02 9.502484464867353223e-03 1.277081438401683408e-02 1.019222256645823700e-02 1.230700345188409303e-02 1.115300946450819078e-02 2.126489315670212696e-02 9.621649607769507812e-03 1.365220474209173813e-02 9.790104102806741412e-03 1.315979278679237433e-02 1.156390115708264173e-02 1.147469205925313873e-02 1.255398702722453942e-02 1.168415686303955238e-02 1.132681431046297232e-02 1.609177830430090148e-02 1.343309050636839856e-02 1.285302183964284230e-02 1.306248250280147259e-02 1.403682659870364099e-02 1.366276458098983869e-02 1.195079831319750471e-02 1.091011609907966383e-02 1.153387460155893066e-02 1.216514708174491234e-02 1.180388307510111569e-02 1.208754936369587848e-02 1.188202806898185949e-02 1.380310577225947813e-02 1.221180767227567597e-02 1.013970523236830922e-02 1.312079022251952040e-02 1.691038120336346706e-02 1.386621868836546492e-02 1.432093659800686043e-02 1.265800391058528526e-02 1.214039302256083967e-02 1.140067129829399999e-02 1.502597173902444141e-02 1.473181788016490745e-02 1.085853165668222188e-02 1.069331773415012343e-02 1.236523688762488325e-02 1.345758411621192883e-02 1.353504639039647406e-02 1.286471488730368644e-02 1.100976476740866267e-02 1.442145829133670287e-02 1.244720272916020366e-02 1.300429454650192315e-02 1.196913548469223133e-02 1.101852851552518990e-02 1.203161437026495882e-02 1.540982966685826121e-02
1.465328312587337208e-02 1.640695520845385919e-02 1.522073310999930151e-02 1.512335941608356805e-02 1.522837398043563363e-02 1.932319327056784483e-02 1.539719178958831765e-02 1.520491702026771814e-02 1.536463330232261393e-02 1.403411511732880965e-02 0.000000000000000000e+00 1.501570887230825428e-02 1.698454516156411645e-02 1.534481910517008878e-02 1.595026489620713500e-02 1.651176165074274074e-02 1.568391557941594891e-02 1.743030101798024797e-02 1.569645002794525443e-02 1.512090461639740459e-02 1.655984708386377263e-02 1.488313242252507947e-02 1.454448653671525614e-02 2.054399496416400503e-02 1.544645028955382582e-02 1.549262526789208644e-02 1.635062630492472441e-02 1.707928042508408129e-02 1.432976475913426070e-02 1.544530042069848161e-02 1.534865483349001462e-02 1.486815856722648391e-02 1.639211443209170546e-02 1.568577339452889921e-02 1.518476725866624646e-02 1.613910921587932701e-02 1.487261585938823641e-02 1.553775080480647962e-02 1.588240343104456789e-02 2.062069181263324891e-02 1.524252928173089675e-02 1.517273384091591057e-02 1.753744417875764336e-02 1.598711987814595975e-02 1.698329148497580363e-02 1.706689382377050979e-02 1.711232388441355501e-02 1.433499323901201578e-02 1.431054241197275874e-02 1.847875442211917643e-02 1.487760741881628303e-02 1.638477519764591772e-02 1.543313189358094112e-02 1.540195250338755387e-02 1.727019260970483194e-02 1.634715346739435901e-02 1.556819894361304718e-02 1.547752528842790028e-02 1.590494952246026411e-02 1.552528811764212688e-02 1.524878169379161562e-02 1.614973953094641507e-02 1.815902994296706915e-02 1.753697963271915600e-02 1.937658474940515477e-02 1.540687155046754561e-02 1.526749674102009964e-02 1.418761367454767289e-02 1.861663377918935589e-02 1.783126160430899623e-02 1.903341203864234929e-02 1.828947755448801643e-02 1.585666080649137527e-02 1.459317867274239483e-02 1.426889276473653455e-02 1.658541764106413394e-02 1.474245000370584362e-02 1.617005696664326753e-02 1.535732301695191641e-02 2.361136457393571766e-02 1.468239118082550337e-02 1.714933306211044797e-02 1.449400852300747333e-02 1.728517469826506073e-02 1.571660334202000173e-02 1.563295638363413481e-02 1.625571935892076644e-02 1.569086669422127198e-02 1.541188725091560512e-02 1.904655707672683537e-02 1.707064009802638713e-02 1.655065453486580587e-02 1.675555954529316105e-02 1.742516551578781117e-02 1.715844625503118101e-02 1.592476825966253687e-02 1.525594251796096208e-02 1.552837993899160683e-02 1.594366045742264329e-02 1.493397914547978447e-02 1.612290727078020264e-02 1.583223007100744914e-02 1.723977984796395274e-02 1.610101264107314384e-02 1.417601008968954676e-02 1.674960458111146924e-02 1.972986474539946758e-02 1.731606560058709596e-02 1.747815899587350577e-02 1.642848963104507481e-02 1.503212706647054885e-02 1.564885967201603764e-02 1.808830121078298589e-02 1.807985249830866906e-02 1.507391507849350012e-02 1.509368998602041850e-02 1.626872304065434330e-02 1.690960739152657169e-02 1.702775259947939684e-02 1.659657136430137819e-02 1.535656202187829153e-02 1.770912987933160460e-02 1.678573999555262042e-02 1.663886901338216401e-02 1.599181379509568429e-02 1.527300721360611707e-02 1.595436307019176478e-02 1.840947555811579470e-02
1.027320687572658674e-02 1.277086009118314804e-02 1.124334397539153083e-02 1.106183810418183075e-02 1.108251108065262495e-02 1.660610539595070920e-02 1.133821442950921736e-02 1.109123107505552430e-02 1.134966091006503128e-02 1.070167060868408918e-02 1.501570887230825428e-02 0.000000000000000000e+00 1.365029988380247680e-02 1.128925100499036764e-02 1.145615451553285216e-02 1.291470709784884631e-02 1.184185074068766670e-02 1.428469879321994651e-02 1.183196694869522066e-02 1.108930595225877079e-02 1.235422067039060323e-02 1.082450483373177154e-02 1.158641544656489886e-02 1.810965675728111110e-02 1.145729329039151326e-02 1.166801289624836042e-02 1.268520967810357614e-02 1.380014269599220619e-02 9.332494468545796118e-03 1.143581631877554038e-02 1.145224288273513982e-02 1.072573821961095124e-02 1.284235975145550483e-02 1.174880780142073707e-02 1.104580791493949520e-02 1.244438361937098315e-02 1.062753452541670071e-02 1.154367469809111299e-02 1.221644980840811204e-02 1.800144113349970779e-02 1.131648503665600228e-02 1.045550676342066158e-02 1.433819232299079517e-02 1.233213692102013391e-02 1.367147247216836739e-02 1.395388114769821088e-02 1.380792518727182346e-02 9.556798990544682765e-03 9.882025655749285611e-03 1.555845777397398683e-02 1.065251473576053071e-02 1.297625052342560661e-02 1.159856179388671187e-02 1.139285286999899317e-02 1.405906052812522233e-02 1.275753632240454911e-02 1.096835093440265071e-02 1.159768295878497828e-02 1.200997062418698511e-02 1.093725203775496209e-02 1.122662043247644841e-02 1.266149463757654595e-02 1.511087256671727469e-02 1.434291079655218570e-02 1.675140220673336511e-02 1.071199531334584426e-02 1.063827961978271695e-02 9.676649536963627049e-03 1.582004184907159425e-02 1.469623484973072748e-02 1.628880566705370736e-02 1.535195589098513683e-02 1.214075275649107583e-02 1.176208529723441094e-02 9.726520047679794792e-03 1.314988993580475281e-02 1.037938013457520570e-02 1.238668919289891493e-02 1.127815604020045333e-02 2.142964328633767748e-02 1.050711256877881646e-02 1.381786823394950785e-02 1.009078225291779041e-02 1.417615100709746813e-02 1.176015598542607538e-02 1.170659700060724603e-02 1.275324427215765097e-02 1.185892781936877770e-02 1.159679443882866666e-02 1.622686344097410902e-02 1.372766795414110015e-02 1.296085131158608052e-02 1.329115442061313233e-02 1.422295714962117617e-02 1.390328763587922629e-02 1.210889142614756699e-02 1.053801162149277382e-02 1.170882537801429951e-02 1.240369477954979781e-02 1.153937279504037988e-02 1.246162322359833409e-02 1.213077225477491097e-02 1.393933145016735924e-02 1.234766490293385220e-02 1.049283761758857715e-02 1.332938325978188718e-02 1.709522360765051985e-02 1.411211990695859612e-02 1.454183878460282332e-02 1.211788884199212733e-02 1.241851993048192528e-02 1.168011022590729683e-02 1.515843276328560432e-02 1.508468582349505385e-02 1.110039486940830704e-02 1.073912495101226119e-02 1.253166813267885676e-02 1.363641474867680579e-02 1.375582789891638923e-02 1.316562721641452091e-02 1.124296532036113058e-02 1.441384485828287217e-02 1.346572729949095139e-02 1.312117305963430604e-02 1.214915630843450660e-02 1.114276002241847488e-02 1.235518127663877419e-02 1.543903693453601948e-02
