0.000000000000000000e+00 2.366452162423712466e-02 3.113760652875205426e-02 2.275483929331201249e-02 2.706112726169549246e-02 2.529203012232371026e-02 3.805901164598863434e-02 2.246091918475360757e-02 2.145258105656884864e-02 2.403528958302707588e-02 2.085368329083617592e-02 2.906119083320439153e-02 2.311978102752797540e-02 2.801997103135195344e-02 2.264354558769091780e-02 2.480880726374986439e-02 2.422484710367500682e-02 2.429343593848296706e-02 2.382832101202398897e-02 2.139984552197773254e-02 2.014093357107194643e-02 2.976448407245756850e-02 2.185919218009036227e-02 2.363112198906019285e-02 1.922234385211939872e-02 2.742463337918703628e-02 2.272661033067283759e-02 1.869891724482159942e-02 3.049180332732548057e-02 2.900389136789395875e-02 2.334774208379125984e-02 2.351393082808182419e-02 3.837964445795753049e-02 2.476523687303653493e-02 2.336207092952452893e-02 2.654545002768800635e-02 2.157228993513404802e-02 3.649854797118578381e-02 3.562733641422363706e-02 2.851708285089340003e-02 2.405119187115022789e-02 2.239918012793376198e-02 2.214995388435096052e-02 2.938353015698048909e-02 1.649432644372121268e-02 2.399773114465265575e-02 2.946994858052801036e-02 2.566037303370473019e-02 2.664359869936519173e-02 2.424537766521430923e-02 2.442631107519021780e-02 2.360100911682172509e-02 3.171075930435748869e-02 2.052560852598251523e-02 2.700152980851202103e-02 2.317037256770989456e-02 2.157488296970552430e-02 3.209787419365851824e-02 2.605642461676454733e-02 3.201680397309238785e-02 2.202071529103979963e-02 2.525263941212150740e-02 3.696730752453296354e-02 2.993522527984317227e-02 2.286598998085925122e-02 2.310724128818954920e-02 2.680138874679247746e-02 2.526567266243348597e-02 2.762928601425637329e-02 2.250071621993312426e-02 2.483572360788725841e-02 2.456132447167808791e-02 3.243033381643305874e-02 2.717231238522600095e-02 3.234164989352879271e-02 2.567518059562236277e-02 2.583469442770415167e-02 2.739998830342212782e-02 3.526442350350243726e-02 2.742296378928504169e-02 2.569033795179444940e-02 2.715892227357756192e-02 2.708376519848453012e-02 2.815532447807921057e-02 2.971810348048000219e-02 2.406928903724243549e-02 2.963665464374290459e-02 3.688611101333444386e-02 5.654967577557848402e-02 3.219790009243509582e-02 4.013732061282445501e-02 3.282790006625587592e-02 3.310714747169685862e-02 3.151518880250129412e-02 2.757019739716517343e-02 3.012721668055680715e-02 3.190865550614235824e-02 3.258306996007155620e-02 2.602854500178621369e-02 3.143062421399657469e-02 3.496027261145431830e-02 2.758143274417524868e-02 3.359363612989194753e-02 2.860319778804134433e-02 3.191280633506669157e-02 3.701410803869358696e-02 2.854405255668021613e-02 3.290598969915843608e-02 2.960129783756132102e-02 3.384289555111319459e-02 3.477977056144410800e-02 3.773707712296951039e-02 4.120420965666190399e-02 3.843233551288510741e-02 4.271128626564205111e-02 3.833203074713725789e-02 3.564927649094148943e-02 3.479459456730516626e-02 4.150481655167652384e-02 4.246069338759922429e-02 4.062603266789059642e-02 4.535911458322183093e-02 3.148928089551446263e-02 3.552351275032922251e-02 4.366403287433211905e-02 3.110008544710269815e-02 3.905956083964596398e-02 4.936273032318555520e-02
2.366452162423712466e-02 0.000000000000000000e+00 3.371366078855943943e-02 2.591398249755246311e-02 2.848896470643250481e-02 2.585059112892270500e-02 3.872266625592976630e-02 2.106255187439162388e-02 2.276310386825472487e-02 2.379587398911963553e-02 2.330952443039481514e-02 2.663275554168708509e-02 2.393455284895716281e-02 2.564270325802090605e-02 2.326927696541568683e-02 2.622455298303484963e-02 2.518029415689429854e-02 2.528934281251299376e-02 2.523667659956327358e-02 2.243748327479664836e-02 2.150251445811106679e-02 3.015827463224598007e-02 2.308453838220311458e-02 2.205865434253697147e-02 1.920270175613302682e-02 2.804142629445303264e-02 2.527428259620313408e-02 1.928286651108499644e-02 3.031445885047950178e-02 2.971618853615404232e-02 2.425450312661480909e-02 2.616707715792924646e-02 3.866249544610875916e-02 2.279674610380328509e-02 2.670172232861492759e-02 2.980360069944971643e-02 2.306275680106916609e-02 3.647941487996809312e-02 3.617347691360400797e-02 2.935749488459877751e-02 2.490312035986989858e-02 2.310930977533443703e-02 2.257259223189582789e-02 3.022199288603467232e-02 1.797087167714429487e-02 2.704157710064792469e-02 3.102974790353254381e-02 2.649107127115970031e-02 2.741094247944295126e-02 2.507285350042402772e-02 2.527042238553114592e-02 2.447954282438677756e-02 3.239133698177051879e-02 2.155026515690719111e-02 2.775743914190887188e-02 2.383227532604106219e-02 2.263095222455382971e-02 3.278118711256889500e-02 2.686233277765313551e-02 3.269039158112437699e-02 2.310786200226532666e-02 2.611474583026303711e-02 3.754238556824119472e-02 3.057666811558283279e-02 2.382090935678148405e-02 2.401336416454186856e-02 2.752359849445954951e-02 2.621604648215329625e-02 2.835783958139719008e-02 2.345786742337729186e-02 2.569516583105833224e-02 2.540615949379664007e-02 3.303261977371054620e-02 2.795574498214771844e-02 3.299187659844737136e-02 2.646651623168277609e-02 2.632723633718152961e-02 2.815767077162695600e-02 3.588426324704693804e-02 2.818305324799932551e-02 2.652512129845396166e-02 2.788641137145724327e-02 2.785618178324041419e-02 2.886331379520450102e-02 3.054889548697508478e-02 2.491350144154215462e-02 3.033253108228849138e-02 3.765093285156025094e-02 5.704372858059272161e-02 3.285214418723839819e-02 4.069749628696490984e-02 3.356233745796213114e-02 3.364195008000385456e-02 3.227056386567779545e-02 2.840988001117542364e-02 3.113968067247585916e-02 3.269370331411605712e-02 3.334856245396189411e-02 2.696168683857968346e-02 3.227192398876323198e-02 3.561145603166208928e-02 2.845402609553060111e-02 3.429068673839250764e-02 2.945572640498718767e-02 3.262219627371822084e-02 3.767180044069502048e-02 2.940162287257512205e-02 3.360145994191202773e-02 3.041498168149276912e-02 3.462656528925560362e-02 3.553443472822600396e-02 3.903812843370425834e-02 4.223646364703393524e-02 3.982510300349959009e-02 4.383077768169443139e-02 3.941599918836289490e-02 3.688994555395191249e-02 3.590111070503344132e-02 4.258363732247390232e-02 4.371040071515033126e-02 4.190259686681501589e-02 4.628663178709374604e-02 3.467015510216685248e-02 3.709706873211850164e-02 4.465674426659058810e-02 3.257736287327040597e-02 4.004696827693263878e-02 5.017863396811918231e-02
3.113760652875205426e-02 3.371366078855943943e-02 0.000000000000000000e+00 3.458286156460343985e-02 3.662086205507109754e-02 3.216157422217851003e-02 4.390057498076744419e-02 3.280752167205167047e-02 3.282677555266674124e-02 3.401982034472177119e-02 3.305918007580505025e-02 3.724998644912814322e-02 3.322788244539315317e-02 3.638634868393225696e-02 3.316805724358109358e-02 3.514713364231958348e-02 3.460730081825020427e-02 3.437410446565878491e-02 3.444110987409757657e-02 3.279638591149944965e-02 3.193193026849545924e-02 3.824461834088065809e-02 3.305889763913620605e-02 3.330781353504079501e-02 2.953288641795666705e-02 3.618344745703738069e-02 3.419110455313043029e-02 3.122862914543739557e-02 3.820264070729953443e-02 3.770916914130661296e-02 3.394463600001383641e-02 3.505633236801503072e-02 4.043035212566505748e-02 3.457038582482650779e-02 3.506696482124178199e-02 3.721623617685204666e-02 3.277845890910878468e-02 4.312094697110836067e-02 4.248323497273778088e-02 3.743797431539026138e-02 3.163953849215639380e-02 3.332719343558748770e-02 3.292183814108940593e-02 3.807562304461716701e-02 2.978643112490783965e-02 3.542491351408326439e-02 3.811509885138725934e-02 3.507405216695824030e-02 3.572718379124976279e-02 3.409583467008388269e-02 3.422576524927451597e-02 3.368491108934453665e-02 3.942448319837086462e-02 3.143288805460290464e-02 3.601525824103605361e-02 3.338679101982536257e-02 3.228721371379598276e-02 3.971682765414082800e-02 3.540644826090216801e-02 3.962440631155558085e-02 3.238096333813136191e-02 3.476869464792654851e-02 4.361104058217002422e-02 3.818034229019000997e-02 3.327520573265224657e-02 3.347610620791707098e-02 3.598286988412392057e-02 3.488488427327535168e-02 3.649156207220317222e-02 3.286403421457813334e-02 3.452921778995306223e-02 3.408417818427543489e-02 3.997271945860835646e-02 3.610917700548687409e-02 3.985662036304336159e-02 3.510862766151590098e-02 3.521106743545236728e-02 3.627908374023225413e-02 4.222525746258149609e-02 3.632448939652952596e-02 3.510135340948253302e-02 3.610067516104839558e-02 3.609922232430063521e-02 3.684795562331021762e-02 3.805552931779900006e-02 3.397271543302360364e-02 3.789338321685111616e-02 4.363190211827959464e-02 6.132001197830614508e-02 3.976993355361548022e-02 4.629463015936069459e-02 4.037419691477172473e-02 4.027673519794284368e-02 3.934594068015091761e-02 3.640018446632593829e-02 3.845481641057741512e-02 3.967551943468877740e-02 4.020092412842579677e-02 3.535559429372280710e-02 3.935001304811866496e-02 4.200023591269683859e-02 3.640052333314035965e-02 4.094122501664537728e-02 3.717362636263410458e-02 3.960915653836549755e-02 4.372980546150717629e-02 3.711388656587250728e-02 4.039927440584658441e-02 3.792874892320181185e-02 4.120790196067911082e-02 4.196129146600229703e-02 4.498963860213627680e-02 4.780571279878964575e-02 4.565159640530285640e-02 4.910342991291762743e-02 4.535887630527042635e-02 4.325425191416778364e-02 4.246351956344582984e-02 4.805502324477917836e-02 4.902520262410210022e-02 4.746361548279875997e-02 5.135862585595453444e-02 4.099067365568343640e-02 4.327528262585778052e-02 4.990401381325688945e-02 3.963321304327862421e-02 4.581958011320830249e-02 5.496032901311353330e-02
2.275483929331201249e-02 2.591398249755246311e-02 3.458286156460343985e-02 0.000000000000000000e+00 2.680837888169028752e-02 2.701450199522973869e-02 3.673562242813602913e-02 2.462109815521137252e-02 2.236200014517910131e-02 2.586548513167309660e-02 2.436225093683457368e-02 3.085173877047619681e-02 2.529588181918368192e-02 2.947681326897838225e-02 2.308361785302351712e-02 2.475181724585468271e-02 2.656050918106883305e-02 2.669699533195098520e-02 2.629374743962836769e-02 2.353570332431084364e-02 2.259114616717908947e-02 3.168347815724434358e-02 2.435808446703434729e-02 2.599364950036224531e-02 2.186769077381110413e-02 2.925466033635756163e-02 2.636475338389263068e-02 2.252644980256000157e-02 3.206257692999331388e-02 3.044973301712460348e-02 2.547830954308765924e-02 2.726701534972142751e-02 3.998874523125307834e-02 2.679084306264904042e-02 2.524067377636279863e-02 2.985400230313610057e-02 2.395180722264816930e-02 3.783249159529298439e-02 3.655497955062395748e-02 3.049119146708167971e-02 2.654067608831716177e-02 2.421977440080737981e-02 2.426433326499881360e-02 3.116459725333026176e-02 1.966297571094015664e-02 2.751091406359281247e-02 3.179245824581668212e-02 2.767864087438354562e-02 2.856136663464879655e-02 2.638773328411778835e-02 2.654642346423824462e-02 2.580229916010678970e-02 3.333304957617643643e-02 2.309158662763320310e-02 2.889946562128649366e-02 2.540938774431618363e-02 2.407605536997758228e-02 3.370218202253828094e-02 2.806218380602570547e-02 3.360418576049622325e-02 2.434069853210731743e-02 2.732887686488533543e-02 3.836854629082455531e-02 3.156545327969902115e-02 2.517270167340181219e-02 2.534740695134815938e-02 2.867512665433276375e-02 2.744124155357731062e-02 2.948240565098590726e-02 2.481171731329421745e-02 2.691726274779858430e-02 2.669707607272328587e-02 3.396435608848297899e-02 2.905788644070200419e-02 3.389515141673329901e-02 2.770436628935032258e-02 2.761988467760827931e-02 2.926672772507257422e-02 3.672320446533248323e-02 2.929239793095986949e-02 2.771433060570281312e-02 2.905772997933776455e-02 2.898606576863455714e-02 2.996334216083428384e-02 3.154776896817353127e-02 2.623535999831775808e-02 3.135164109341868205e-02 3.839311924800830472e-02 5.762627616325232544e-02 3.376784299178435533e-02 4.143763221809725755e-02 3.441772004984744449e-02 3.464130618490329078e-02 3.313508503570918723e-02 2.943635995873119388e-02 3.196944584575443782e-02 3.356566439477718516e-02 3.417332739112907691e-02 2.806040347922574354e-02 3.315510931707693620e-02 3.643477793284183308e-02 2.949864246530291972e-02 3.511134359392752147e-02 3.040814684163166415e-02 3.351979248533776268e-02 3.843711970722531873e-02 3.040371463915038028e-02 3.445233347205533397e-02 3.132795426257956733e-02 3.513061037431406547e-02 3.633599734203020459e-02 3.969258462988910219e-02 4.289880644155381201e-02 4.045490630574936214e-02 4.445585757274005123e-02 4.011491954078866967e-02 3.764388091243621448e-02 3.682334327416770386e-02 4.321531299937882153e-02 4.430867586123066887e-02 4.253632947065097425e-02 4.691785013924439085e-02 3.514839985310175274e-02 3.756498859585531008e-02 4.525591673558903433e-02 3.337905424865775239e-02 4.073386602402195855e-02 5.078624887576684704e-02
2.706112726169549246e-02 2.848896470643250481e-02 3.662086205507109754e-02 2.680837888169028752e-02 0.000000000000000000e+00 3.002687699449256564e-02 4.090445444353082993e-02 2.730492086549542521e-02 2.645224732068829354e-02 2.834140560865594169e-02 2.683052453668693937e-02 3.286494117262524911e-02 2.779243403257686956e-02 3.160199597252473513e-02 2.706916835281354336e-02 2.854909398538596141e-02 2.858400018521275662e-02 2.925693966449890993e-02 2.848170922427006174e-02 2.469896283049866081e-02 2.402038754605578461e-02 3.332136410405710930e-02 2.691841616363443296e-02 2.845798917827947749e-02 2.514917904174151370e-02 3.135437512308249935e-02 2.916220772700143030e-02 2.554135310253385568e-02 3.372905982818553278e-02 3.238800640978019979e-02 2.776461119263909719e-02 2.961576177444452673e-02 4.150439243412881729e-02 2.897069111103350511e-02 2.967968389317535496e-02 2.943101829948113063e-02 2.524271674003321711e-02 3.913334263095963328e-02 3.884086253611809120e-02 3.272665724060417475e-02 2.888092908783253948e-02 2.512189074105664055e-02 2.691522511401943374e-02 3.288647551535662378e-02 2.324345177227873926e-02 2.996225320457792871e-02 3.344841562149738351e-02 2.978210819393944594e-02 3.059055897100533897e-02 2.861758276932404102e-02 2.878111931152677050e-02 2.806653223953818263e-02 3.504747857975887976e-02 2.556438733752395068e-02 3.091563319624268322e-02 2.771683949791824142e-02 2.653983367951472799e-02 3.541250070048622411e-02 3.014699828968414597e-02 3.531684538270096069e-02 2.686969455383441882e-02 2.942280705043378436e-02 3.984095503505472730e-02 3.314662072195186798e-02 2.750683380348429782e-02 2.762386949484037235e-02 3.051768650835244914e-02 2.962891835236277152e-02 3.142810085286051186e-02 2.707118690903689492e-02 2.896468810560115861e-02 2.893528162231599754e-02 3.562033215687535753e-02 3.105117385232036148e-02 3.557366305413149632e-02 2.979070371213498464e-02 2.992664289946954034e-02 3.125019688204045548e-02 3.825513282627079903e-02 3.128281644079462798e-02 2.978811006083743884e-02 3.105066683312994458e-02 3.100948253697079562e-02 3.185890824382679731e-02 3.335618782279093503e-02 2.846556940979181119e-02 3.319838130849653984e-02 3.986131796915239750e-02 5.871838439657277309e-02 3.535571368166780942e-02 4.278074245626319744e-02 3.570345740460340728e-02 3.601854834829878310e-02 3.421072557729628455e-02 3.091211362011080793e-02 3.312642631399932702e-02 3.487239256439643442e-02 3.517590907064083172e-02 2.974689991978378412e-02 3.453369145221496517e-02 3.768693065326676056e-02 3.102889674745037615e-02 3.608930967807458950e-02 3.161220536277891541e-02 3.483383205719393916e-02 3.961511915409611506e-02 3.189407893133752031e-02 3.574284452827038855e-02 3.253007062934896304e-02 3.384843055113280486e-02 3.759366006502690150e-02 4.089453464551032896e-02 4.425088038872398988e-02 4.196035705617363193e-02 4.576767356675368048e-02 4.152605806367277302e-02 3.922507322560127990e-02 3.845691345707560188e-02 4.462425109437172244e-02 4.561538904425828378e-02 4.389532516906117371e-02 4.818903024602962798e-02 3.686621317559262562e-02 3.937818237793080933e-02 4.659744673514270435e-02 3.522553839586393259e-02 4.205096453514618055e-02 5.197957470562499654e-02
2.529203012232371026e-02 2.585059112892270500e-02 3.216157422217851003e-02 2.701450199522973869e-02 3.002687699449256564e-02 0.000000000000000000e+00 3.672903684269365754e-02 2.530314729180135544e-02 2.282043402099395366e-02 2.627615720758054788e-02 2.532326232041221328e-02 3.039016014489739556e-02 2.598195195518854597e-02 2.738072540209178854e-02 2.549923875569887893e-02 2.779289425107208528e-02 2.722125842209942304e-02 2.508785122306831858e-02 2.710861198177194967e-02 2.479563414265464893e-02 2.403009610205242980e-02 3.183454872434993144e-02 2.523768349801828667e-02 2.638436053554819860e-02 2.120333222798218356e-02 2.995136645730677588e-02 2.676754693884315570e-02 2.156828664165516898e-02 3.235568055572229235e-02 3.142236837941445038e-02 2.651088858454934277e-02 2.832253083220105661e-02 3.988889510387492315e-02 2.741522630075259731e-02 2.836645596383401829e-02 3.102557451060980118e-02 2.514339707092541967e-02 3.830046051666073648e-02 3.708725655161068668e-02 3.097286315757722536e-02 2.671128836340483023e-02 2.538299247247757795e-02 2.505830164713538505e-02 3.189203634375211566e-02 2.132578064506391452e-02 2.880715231371403645e-02 3.258185340046419048e-02 2.767721560907515296e-02 2.851799434699108307e-02 2.658575648973147618e-02 2.658888822103789781e-02 2.606322145918239797e-02 3.342928212774026742e-02 2.322106158577215418e-02 2.893563995882625015e-02 2.571049556277647807e-02 2.429851077698556502e-02 3.364336745567424874e-02 2.827286230126648328e-02 3.355387847285491720e-02 2.315270396446968831e-02 2.747814082458651871e-02 3.849796670837700441e-02 3.181885485556688875e-02 2.555358032594848630e-02 2.575518639715891969e-02 2.896507519458514299e-02 2.765235685711969760e-02 2.966602614351670705e-02 2.495371025274379512e-02 2.703693417154649781e-02 2.669424552929126546e-02 3.421284094655151903e-02 2.907172851138906458e-02 3.380850470906561489e-02 2.791500727397894580e-02 2.807338250307061731e-02 2.925059154559196684e-02 3.689550731237982439e-02 2.929980264131275269e-02 2.792126430611931512e-02 2.898584408036178339e-02 2.900655743672839876e-02 3.009510163513944708e-02 3.171631899613365502e-02 2.642588491902483558e-02 3.130288729197786696e-02 3.835063049247690314e-02 5.773240944356997778e-02 3.389694292152373167e-02 4.162452686941749830e-02 3.481550763917297397e-02 3.482388607874500192e-02 3.357084050950639303e-02 2.989789938487821819e-02 3.248974420496818921e-02 3.397324688883605198e-02 3.461271944815613039e-02 2.864972208265810158e-02 3.358168315623886319e-02 3.677714580657780175e-02 2.992963210211890129e-02 3.550892207603188050e-02 3.087305754298412530e-02 3.387689048295439154e-02 3.877208033199115722e-02 3.084466382532238121e-02 3.481085807438018959e-02 3.182294428261780994e-02 3.582797109836047961e-02 3.669826180799447973e-02 4.007349613041931435e-02 4.319848053943491778e-02 4.083845582996605689e-02 4.474878001483047207e-02 4.050052300413857498e-02 3.797803907589454575e-02 3.699414439305269420e-02 4.351496593251655276e-02 4.465051843739798604e-02 4.288295286712352078e-02 4.715176817085593719e-02 3.580662439555188509e-02 3.816663002763092533e-02 4.556097073952045801e-02 3.364211197048858071e-02 4.106629400367409199e-02 5.102802029745295842e-02
3.805901164598863434e-02 3.872266625592976630e-02 4.390057498076744419e-02 3.673562242813602913e-02 4.090445444353082993e-02 3.672903684269365754e-02 0.000000000000000000e+00 3.779324723634262112e-02 3.762436326115902591e-02 3.884395465930853830e-02 3.819597645572426342e-02 4.171216583984931753e-02 3.854659398528192948e-02 4.088373330177812182e-02 3.757506420834957894e-02 3.966612249484643971e-02 3.954327530378184963e-02 3.926785135469805510e-02 3.939912652975578050e-02 3.779095681957696240e-02 3.703081551987217473e-02 4.263177090356359139e-02 3.813849499579080593e-02 3.897758295647037879e-02 3.474354767931382704e-02 4.120190192858098205e-02 3.883047780639075491e-02 3.652028494691083454e-02 4.270951742823306946e-02 4.210393068830172586e-02 3.892466812943472937e-02 4.006235280987165137e-02 4.835017500371165122e-02 3.949523951604677618e-02 3.975584802643502419e-02 4.191443969390713092e-02 3.797217792622520349e-02 4.688861032867412681e-02 4.143098696502132972e-02 4.146105570663199957e-02 3.921555355156895045e-02 3.824516514476034718e-02 3.789208000587760555e-02 4.249224305354131620e-02 3.516726054754062275e-02 4.041270009497359428e-02 4.294595154636076523e-02 3.973955334677282958e-02 4.032100144248934592e-02 3.886524824160705188e-02 3.899017368868587519e-02 3.850896034198131312e-02 4.349730129108369397e-02 3.641585724590692269e-02 4.058120148343943856e-02 3.824035255377083997e-02 3.722156547484293393e-02 4.377369871321316885e-02 4.006079897732398726e-02 4.372929781822983836e-02 3.726708726834672414e-02 3.945025085496339096e-02 4.720600600590749152e-02 4.252017827181433368e-02 3.815467071063532306e-02 3.835419315626790310e-02 4.059602958170677178e-02 3.958601995872162993e-02 4.102154876895704877e-02 3.773312754471076780e-02 3.926245334923351288e-02 3.907844070861771907e-02 4.415219865621776429e-02 4.064370570533129556e-02 4.398335345467146995e-02 3.979240444498068768e-02 3.987428319156859080e-02 4.081300206774766959e-02 4.598064258790584419e-02 4.087214352365652059e-02 3.975487339015752741e-02 4.068663856263503298e-02 4.067078873659757399e-02 4.133592946637574400e-02 4.238253708656546104e-02 3.875181943639920135e-02 4.224046710347408723e-02 4.727407575487396069e-02 6.374204080352942337e-02 4.390089975910878989e-02 4.963299266930189246e-02 4.429434879280069043e-02 4.421438879482068873e-02 4.337592642986416031e-02 4.080124312326756375e-02 4.265849111924480824e-02 4.366977717778834645e-02 4.413070090385197430e-02 3.982871383173366281e-02 4.337718351158291463e-02 4.575261398455024442e-02 4.075015720328885316e-02 4.479312223295120465e-02 4.146076153234924677e-02 4.364333005544917404e-02 4.729206771047198693e-02 4.135055787019206036e-02 4.436109007103682111e-02 4.215152550729606845e-02 4.501869344399757333e-02 4.570936957533218437e-02 4.851425663405054683e-02 5.107862421274326353e-02 4.912789905524326400e-02 5.227889497821641002e-02 4.884113429580326515e-02 4.691756169902305124e-02 4.622134261716901588e-02 5.129831228812351679e-02 5.222642652336816071e-02 5.079036582680367118e-02 5.435521101752017331e-02 4.514600661497853579e-02 4.694947252492089051e-02 5.300640867704103226e-02 4.369909048632186072e-02 4.923793623526920293e-02 5.773962290392242735e-02
2.246091918475360757e-02 2.106255187439162388e-02 3.280752167205167047e-02 2.462109815521137252e-02 2.730492086549542521e-02 2.530314729180135544e-02 3.779324723634262112e-02 0.000000000000000000e+00 2.191044955754187229e-02 2.297191958749303722e-02 2.227624679826472817e-02 2.839282337870509265e-02 2.199464142301636033e-02 2.549220589070375423e-02 1.981967290502908291e-02 2.521530954097735144e-02 2.416082298055519106e-02 2.438636621068947241e-02 2.371918108844812273e-02 2.120119208555551124e-02 1.851844228430210917e-02 2.987137881416426777e-02 2.172045074959353533e-02 2.257374544337432259e-02 1.899300261972206375e-02 2.664947778028149347e-02 2.396522255830066742e-02 1.977622266787524077e-02 2.975780404960467682e-02 2.851877159269964462e-02 2.311243884242252661e-02 2.344090131167631333e-02 3.602710139070329498e-02 2.174348393298855542e-02 2.566883655387766985e-02 2.868443267296275426e-02 2.198411702932384984e-02 3.346042347943150447e-02 3.309801138137990345e-02 2.798240280268168845e-02 2.409417937583954034e-02 2.187998056221650972e-02 1.994079674392332246e-02 2.939760644444746815e-02 1.632757217531103852e-02 2.596473525570019286e-02 2.994096128535525883e-02 2.537102729577275090e-02 2.632798930105505544e-02 2.367047573525283416e-02 2.390971071015234387e-02 2.306198208678391509e-02 3.144564276538162201e-02 2.010454886323197535e-02 2.667146923308421486e-02 2.238151995151888354e-02 2.109438014828353414e-02 3.186387290183752274e-02 2.572623306784418279e-02 3.174256252193081301e-02 2.180312345694079140e-02 2.493793030932519444e-02 3.669261101230293642e-02 2.962362627567366111e-02 2.253613698886945335e-02 2.275777908868675120e-02 2.645798286237426022e-02 2.487190960190011069e-02 2.733472697410945298e-02 2.211325303533390185e-02 2.454800788466407827e-02 2.406361034799897256e-02 3.209136874479490836e-02 2.688827587091644628e-02 3.208644193219077623e-02 2.530216369625499714e-02 2.342209530849309954e-02 2.710680091721678897e-02 3.502169762281360371e-02 2.715148195002058465e-02 2.536512154996916485e-02 2.687109445496114329e-02 2.680966186650590027e-02 2.785372464171820273e-02 2.955086083309775222e-02 2.363425801066021056e-02 2.937178068012308643e-02 3.685997916339477098e-02 5.636561647350519372e-02 3.193632130439819083e-02 3.991050665105828205e-02 3.265564141181339503e-02 3.290872310472334195e-02 3.132666039357166754e-02 2.721332169177488255e-02 3.017579031072247300e-02 3.175559083795032045e-02 3.243218865135565759e-02 2.581331989871857649e-02 3.132012927785442907e-02 3.475829820628963118e-02 2.736920609085637460e-02 3.341616627129222195e-02 2.840986656135702920e-02 3.172085689161397576e-02 3.683159786123078178e-02 2.832213402052241591e-02 3.269850721467709720e-02 2.939866954460918988e-02 3.372872580007012233e-02 3.466804516035840167e-02 3.822895031516361508e-02 4.146681905184480821e-02 3.902393015769002604e-02 4.308964620368745113e-02 3.860689480784425254e-02 3.604185673809030127e-02 3.525516288940112181e-02 4.185436035632864038e-02 4.296630717362995289e-02 4.113141067312554161e-02 4.559491158998018462e-02 3.381544961219898338e-02 3.628837050543672060e-02 4.392182766252289428e-02 3.165732551070236933e-02 3.926016921662356385e-02 4.950603331825541992e-02
2.145258105656884864e-02 2.276310386825472487e-02 3.282677555266674124e-02 2.236200014517910131e-02 2.645224732068829354e-02 2.282043402099395366e-02 3.762436326115902591e-02 2.191044955754187229e-02 0.000000000000000000e+00 2.309948763999589497e-02 1.997787941820300048e-02 2.824112659424822189e-02 2.277436488527376235e-02 2.529215606864576929e-02 2.213619935870688588e-02 2.250000172242224220e-02 2.373339424366478420e-02 2.384122501242360789e-02 2.386846013181598281e-02 1.906042693211249320e-02 1.981107497916126739e-02 2.898049020726439773e-02 2.145317157511689513e-02 2.312566199704771050e-02 1.887263270555725875e-02 2.708432369310709298e-02 2.400720012670472595e-02 1.791170249558313859e-02 2.992926632099825526e-02 2.858306406601486202e-02 2.266798897019760284e-02 2.490479860665284831e-02 3.843112445887613554e-02 2.399283247136273570e-02 2.524506915565153525e-02 2.652058420739463948e-02 2.138581098915185233e-02 3.622073597238023579e-02 3.558277247578131575e-02 2.844371564543157760e-02 2.396335058720584429e-02 2.098271922743458889e-02 2.141322644161909247e-02 2.874418113979520725e-02 1.617722253032033083e-02 2.539622669009244244e-02 2.971973845336946252e-02 2.469790584548384529e-02 2.571614768522921188e-02 2.342523157805658646e-02 2.346902518962474399e-02 2.276944398629653088e-02 3.111107126602710368e-02 1.953104782258073893e-02 2.614726408627523688e-02 2.231075268928654418e-02 2.077811135325079855e-02 3.139667263061221569e-02 2.534884596436965884e-02 3.128931959073379121e-02 1.987269073231398911e-02 2.448661260626588607e-02 3.650342873596627846e-02 2.925639534934565758e-02 2.209184076144477676e-02 2.212723899359809315e-02 2.589176390377980266e-02 2.470119575969089917e-02 2.693265385527776959e-02 2.152345570229163840e-02 2.395421837156724854e-02 2.365763312620524153e-02 3.193660167832811092e-02 2.631652756799676349e-02 3.160907547943387491e-02 2.494949395450437798e-02 2.513247931004805938e-02 2.654051910392082533e-02 3.479878358631067342e-02 2.658610924581448001e-02 2.494178753587742228e-02 2.621495653171578011e-02 2.624712361299725086e-02 2.743015141297664578e-02 2.923068015757878876e-02 2.323395377173353635e-02 2.885149198569400553e-02 3.641007752574136613e-02 5.625079346208967240e-02 3.163786531912764211e-02 3.974162853084407809e-02 3.250120901205638679e-02 3.280121218001823963e-02 3.115434635167562208e-02 2.713615142222773266e-02 2.994624194388997851e-02 3.158950177770927792e-02 3.226941113561387214e-02 2.561652007378640780e-02 3.114269640359437763e-02 3.465205205474145705e-02 2.716130538255151841e-02 3.327260854728621153e-02 2.819516328496381868e-02 3.154346280968718663e-02 3.673128994474431086e-02 2.814263987873399930e-02 3.253227611493349908e-02 2.923407106131877681e-02 3.352599058504320689e-02 3.451517213474650930e-02 3.778412527557163669e-02 4.122906240178079995e-02 3.878763874615322876e-02 4.291025643290410224e-02 3.837153252024663036e-02 3.573098381419784197e-02 3.482191549194346009e-02 4.162511211516128212e-02 4.275024121682322042e-02 4.089765741175623026e-02 4.539645547759994099e-02 3.349134593296456547e-02 3.601139568277406805e-02 4.373201183243191625e-02 3.120264312187912004e-02 3.903955399831973011e-02 4.935145219833448477e-02
2.403528958302707588e-02 2.379587398911963553e-02 3.401982034472177119e-02 2.586548513167309660e-02 2.834140560865594169e-02 2.627615720758054788e-02 3.884395465930853830e-02 2.297191958749303722e-02 2.309948763999589497e-02 0.000000000000000000e+00 2.338398215769309230e-02 2.699155195086798062e-02 2.398956979976962778e-02 2.579927329770356770e-02 2.163241937421805927e-02 2.617059614562588371e-02 2.324395953815766580e-02 2.569217418127512156e-02 2.538549816364436135e-02 2.280900952189625699e-02 2.173212657834770745e-02 3.053544516259266636e-02 2.339272549279334049e-02 2.478955897912035744e-02 1.936522373835522157e-02 2.837138468288121634e-02 2.551966485161164325e-02 2.100072828673520131e-02 3.110377125696237727e-02 2.938811840536772330e-02 2.455557897516524521e-02 2.663103552501314836e-02 3.931885595406442446e-02 2.562229863344635955e-02 2.689667981700472055e-02 2.972967470766500753e-02 2.299371450280923365e-02 3.717486336707916117e-02 3.631776807966905635e-02 2.974238118252563179e-02 2.542174232411220647e-02 2.131950423775884340e-02 2.059211715266726431e-02 3.036039377290049995e-02 1.835070426353291317e-02 2.724200627380010328e-02 3.124039173337302480e-02 2.676867035236964523e-02 2.764478262639615339e-02 2.536395114350711855e-02 2.554553831671750597e-02 2.474152927649984207e-02 3.260138507564532689e-02 2.193661493201223486e-02 2.802782558123558670e-02 2.433118384373511578e-02 2.281681537442460314e-02 3.300029149064545586e-02 2.710823362511281115e-02 3.290226559038859910e-02 2.343606929419617471e-02 2.638317612111611490e-02 3.774236211627738508e-02 3.054482190172641554e-02 2.411466738281356492e-02 2.433448084228705122e-02 2.780695983484572295e-02 2.648211612268402959e-02 2.860761449787938004e-02 2.376711327151544845e-02 2.596904971368203460e-02 2.569531911133097687e-02 3.320857632002722354e-02 2.818762284745272503e-02 3.318696303941739978e-02 2.673816339638641557e-02 2.657271463968454914e-02 2.840873518999771641e-02 3.606559787345720025e-02 2.841445921840092537e-02 2.674899301062896861e-02 2.814885939486482663e-02 2.809444590506336367e-02 2.910629843857564028e-02 3.077960594498814137e-02 2.520449054333847444e-02 3.054704245287414785e-02 3.783652921286423387e-02 5.717580638098512108e-02 3.304887211165129929e-02 4.086533956502009374e-02 3.375005939440251651e-02 3.380181416936312716e-02 3.246255750017647268e-02 2.862771717163828042e-02 3.133595721220720776e-02 3.288730258820849600e-02 3.353377472366719791e-02 2.720489925390751768e-02 3.247176862241966944e-02 3.578251487497327576e-02 2.868037203664654256e-02 3.446689527517438068e-02 2.966935632549582910e-02 3.281207022799636358e-02 3.783772457851834747e-02 2.962283721062199809e-02 3.378669212916263903e-02 3.061956385812510117e-02 3.476905040432266836e-02 3.571455882621912825e-02 3.922051697090164074e-02 4.241897822387477590e-02 4.001616720869350524e-02 4.400375422675636972e-02 3.960420416536945820e-02 3.711745796364541994e-02 3.627243283992570566e-02 4.278318969401660038e-02 4.388151961585193273e-02 4.208218812728151820e-02 4.647272477060209600e-02 3.486111760664071385e-02 3.731457511234721053e-02 4.482990804903176640e-02 3.282880038302909975e-02 4.022655948845460516e-02 5.035171858390730115e-02
2.085368329083617592e-02 2.330952443039481514e-02 3.305918007580505025e-02 2.436225093683457368e-02 2.683052453668693937e-02 2.532326232041221328e-02 3.819597645572426342e-02 2.227624679826472817e-02 1.997787941820300048e-02 2.338398215769309230e-02 0.000000000000000000e+00 2.848175746461511365e-02 2.297127774549529572e-02 2.739551046480212526e-02 2.237877413015530725e-02 2.447561339085336726e-02 2.435517795533635038e-02 2.448547982084609692e-02 2.394878173340374283e-02 1.876264924895655606e-02 1.902564383410526930e-02 2.712078449167238531e-02 2.196654681550356744e-02 2.353868958958722779e-02 1.841445318725817154e-02 2.729139626322896542e-02 2.421167641715306004e-02 1.943157009741297916e-02 2.997565172093869662e-02 2.826099679382607435e-02 2.303550342705286413e-02 2.499000663296958857e-02 3.864688131920753639e-02 2.423212177935615483e-02 2.537160352865580962e-02 2.834816994613179042e-02 2.194766421275801474e-02 3.627044625124153238e-02 3.584989370370990358e-02 2.877933294576921763e-02 2.424664118035259330e-02 2.018116858824325899e-02 2.162397230892560557e-02 2.658045259464004648e-02 1.635355641521845163e-02 2.576259033640003124e-02 3.013810676494298874e-02 2.545063019330877363e-02 2.643824901429821933e-02 2.409323409539199101e-02 2.423984195852577073e-02 2.339266853535887369e-02 3.162509444347378490e-02 2.038416324200310534e-02 2.684010096271861184e-02 2.294828679111459574e-02 2.150032006322292327e-02 3.202715406348289467e-02 2.592485326302404122e-02 3.191504129542767354e-02 2.185357754704746538e-02 2.514350374867737811e-02 3.690725107902625285e-02 2.957003685212858737e-02 2.272497421542566190e-02 2.272333808671597039e-02 2.638153984230648744e-02 2.527845994702749427e-02 2.748512726170511747e-02 2.230532102890262977e-02 2.467253846293817124e-02 2.441914329725951988e-02 3.229896763046045949e-02 2.702452909372819734e-02 3.223548920973404175e-02 2.553632060280996291e-02 2.566373930081881222e-02 2.725872039344743106e-02 3.519717539633730047e-02 2.729007409913614818e-02 2.553098379200559667e-02 2.669836934150344662e-02 2.695330003508663447e-02 2.796668629071442924e-02 2.974846964385207543e-02 2.389996681340090384e-02 2.951710026009013443e-02 3.697833586381009396e-02 5.654593377404813076e-02 3.210787480134631722e-02 4.006891305292495375e-02 3.279896654492112096e-02 3.293879799147527571e-02 3.146554946535574937e-02 2.737119361544890564e-02 3.028362421612382921e-02 3.190223741051491368e-02 3.256983645083832979e-02 2.596742579209054130e-02 3.146617687339281488e-02 3.489067052342934711e-02 2.751751149423451934e-02 3.354145130839292221e-02 2.855090969587048208e-02 3.184975105238894988e-02 3.698059351529749128e-02 2.849381111947334178e-02 3.283616269444481622e-02 2.955012801267940803e-02 3.381516432650524817e-02 3.481131186796625199e-02 3.831766041354312674e-02 4.159723508608089565e-02 3.912989413166726577e-02 4.321691727216256385e-02 3.872384974421671372e-02 3.616846047391496233e-02 3.534218725103184522e-02 4.197485339279390104e-02 4.307361750541670309e-02 4.124076351895324122e-02 4.572674783739417298e-02 3.374993668555510695e-02 3.636279905109761346e-02 4.405317524824260006e-02 3.176512205886213719e-02 3.938763637749207597e-02 4.964641641161809948e-02
2.906119083320439153e-02 2.663275554168708509e-02 3.724998644912814322e-02 3.085173877047619681e-02 3.286494117262524911e-02 3.039016014489739556e-02 4.171216583984931753e-02 2.839282337870509265e-02 2.824112659424822189e-02 2.699155195086798062e-02 2.848175746461511365e-02 0.000000000000000000e+00 2.947757757415745555e-02 2.912133366266544954e-02 2.870270792850833363e-02 3.110470031428413940e-02 3.005481673126902606e-02 3.042869483125167085e-02 3.048279936139285801e-02 2.804620102876684284e-02 2.759371833465867896e-02 3.124520328788427115e-02 2.888550987886396790e-02 2.939616057706164604e-02 2.498927942068960434e-02 3.282996181092283361e-02 3.038528586731207778e-02 2.507441814907108990e-02 3.476196872188538900e-02 3.392497675505402183e-02 2.980538161670776356e-02 3.133617981553861453e-02 4.224367841473693208e-02 3.017885076592602064e-02 3.149083872773701664e-02 3.395845726313517776e-02 2.856343379485050404e-02 4.031312382758835827e-02 3.968542192575934269e-02 3.368866513628004933e-02 3.026652769861375158e-02 2.839681438230936411e-02 2.821876166263187838e-02 3.394757282884311445e-02 2.510814509634431632e-02 3.188923175106592872e-02 3.518380335865459868e-02 3.117038254121931584e-02 3.191248089062819621e-02 3.008005383801177351e-02 3.019729023662762885e-02 2.957346745521023321e-02 3.619393874922663401e-02 2.710342321027349455e-02 3.227435205134055601e-02 2.924182036263921550e-02 2.807438574232546183e-02 3.652695056839772719e-02 3.153734513061921124e-02 3.645455898236978076e-02 2.836025197227287978e-02 3.088446578215155516e-02 4.082166598789474521e-02 3.458407707250511082e-02 2.914852139309763099e-02 2.931773690226266785e-02 3.210075982280462953e-02 3.101496443651062876e-02 3.277403539081707312e-02 2.872973968649393875e-02 3.057889035085227178e-02 3.032888203508354516e-02 3.677500679308624149e-02 3.241758922497409851e-02 3.668525502702448676e-02 3.122425197222725851e-02 3.127965919511811049e-02 3.257949074084739993e-02 3.930527390955688288e-02 3.261812787302927064e-02 3.124661115432246852e-02 3.202034287654158262e-02 3.235210829515689640e-02 3.313958518653533497e-02 3.458821408254704466e-02 2.993420812180686008e-02 3.440226598318137097e-02 4.086306874453313892e-02 5.940901020866404952e-02 3.658389963910209375e-02 4.371998047511506391e-02 3.728003589130354095e-02 3.720559342280121279e-02 3.614008878134617603e-02 3.282698095204322764e-02 3.516094352824755687e-02 3.651413782111945922e-02 3.709465097270602668e-02 3.167948934856507082e-02 3.615721496033412474e-02 3.907816478521364267e-02 3.285969884399340957e-02 3.791025761476343736e-02 3.371188306715736105e-02 3.642034094770218305e-02 4.096296339521109109e-02 3.367977130606759212e-02 3.728986904702743382e-02 3.455495661007939451e-02 3.820124431376022145e-02 3.903374329999294290e-02 4.230130276335115902e-02 4.529254434063403889e-02 4.305003022979938393e-02 4.672638069110259668e-02 4.268990903538331244e-02 4.038467242209839436e-02 3.934618937869033967e-02 4.556847932548956787e-02 4.664546338900970451e-02 4.497166537409596349e-02 4.905071269238115567e-02 3.829080691057569485e-02 4.050346453280173620e-02 4.753879640009838620e-02 3.648575085890509717e-02 4.320085763033078285e-02 5.279390476902412477e-02
