0.000000000000000000e+00 9.688586125379228600e-03 8.992727209882840980e-03 9.317691693453585694e-03 9.769320266515850795e-03 8.596416612675109384e-03 9.551059206385234188e-03 9.519831266257633429e-03 9.052853904996185225e-03 1.008672016567693265e-02 9.740747682846455716e-03 9.062620891985943838e-03 9.045732071169758359e-03 9.062238938392919163e-03 8.878401495435851373e-03 9.297574739118833267e-03 9.413503268962569379e-03 9.555675629140171837e-03 9.557231207733002040e-03 9.362147130873207587e-03 9.638086556610192535e-03 8.816405262904218609e-03 8.474634424556931264e-03 1.009532151680231013e-02 1.091526539349469554e-02 8.841672204117571876e-03 8.980698926996346504e-03 9.709725985320402306e-03 9.533724107041835830e-03 9.262842411493586031e-03 9.536346278563574350e-03 1.023230454068462837e-02 1.234038343264427622e-02 1.184729771427765928e-02 1.234029805340007037e-02 1.285283332213745661e-02 1.245106824915146078e-02 1.271578535071427214e-02 1.211824917660599653e-02 1.211939286002931479e-02 1.255056526515110037e-02 1.268836299538563320e-02 1.157499461198684999e-02 1.174562723591631927e-02 1.220934390366629554e-02 1.232193152072666616e-02 1.244394565046125049e-02 1.232219418476453686e-02 1.200818151320218706e-02 1.212014777717433829e-02 1.160342470159179094e-02 1.206227176845343398e-02 1.183332904184740755e-02 1.428427665994327390e-02 1.186436126036627750e-02 1.230431117342321336e-02 1.360033507254135125e-02 1.190466835600294433e-02 1.222506604357206234e-02 1.270999221185438108e-02 1.206752357040351276e-02 1.169416887188436810e-02 1.236450951069118995e-02 1.162616947499518771e-02 1.186770460682648118e-02 1.217473884518419265e-02 1.215586422618658742e-02 1.268926564590631620e-02 1.342075296159228603e-02 1.236048405703353212e-02 1.155110068997026659e-02 1.249641053051181103e-02 1.214764238631683806e-02 1.204570038660866989e-02 1.187057535227037386e-02 1.367145468659483089e-02 1.213310862741830837e-02 1.279910576591297006e-02 1.235110627738982003e-02 1.237050238636232952e-02 1.267892500184625466e-02 1.259537889981983405e-02 1.223413046474882207e-02 1.264569454627610147e-02 1.189776970699355126e-02 1.230453304053995452e-02 1.225378285705392735e-02 1.239225839843566615e-02 1.293355701148608469e-02 1.214809373598426528e-02 1.266323260012792301e-02 1.204742093330283918e-02 1.209742632524828457e-02 1.287863599292801177e-02 1.199377122864981118e-02 1.267723108079781176e-02 1.254213085439261945e-02 1.210391635514321620e-02 1.279456836210372296e-02 1.343385946811831086e-02 1.262992691163036287e-02 1.269741241976416954e-02 1.194080342703355592e-02 1.260649488700432697e-02 1.368050406488287817e-02 1.290123904883457885e-02 1.291071076414415479e-02 1.341886717261750114e-02 1.195695373412642565e-02 1.237378755234659101e-02 1.192864282565869044e-02 1.318940777929233921e-02 1.251131944704167095e-02 1.209561658933082373e-02 1.270044948895166642e-02 1.317622092450716244e-02 1.315956625792201462e-02 1.246376021722981481e-02 1.339150112711080982e-02 1.302511223992024528e-02 1.338990717207575940e-02 1.290651054049023194e-02 1.196874233730271277e-02 1.252135008077057653e-02 1.203023373212593929e-02 1.196523965144415287e-02 1.270883472710048791e-02 1.226004582542662355e-02
9.688586125379228600e-03 0.000000000000000000e+00 8.626433882218589172e-03 9.342522689434015759e-03 9.398088612559635582e-03 8.258789457132561726e-03 9.226900397702403681e-03 9.158858865934441096e-03 8.676769029722886453e-03 9.399812955206005016e-03 9.036050380060653420e-03 8.689481974854949137e-03 8.738397545702623892e-03 8.675195861709065343e-03 8.501747292390195859e-03 9.325119378916113533e-03 9.130259481597714777e-03 9.160485250483978506e-03 9.587952499228951861e-03 8.630856216171886933e-03 8.961330318136513651e-03 8.452991379028169938e-03 8.382457391999791410e-03 9.699141994897712490e-03 1.025075618525831712e-02 8.473132482983734143e-03 8.633114602382276764e-03 8.976610423885606621e-03 9.179143978811189070e-03 8.916085676278965796e-03 9.201210312824423948e-03 9.894741043274484990e-03 1.209920822994929764e-02 1.159439740080629722e-02 1.208547723386533927e-02 1.262254076114473558e-02 1.221326026123043494e-02 1.248327763229530908e-02 1.188758574828552989e-02 1.187242581685183686e-02 1.231595457152507601e-02 1.245458059309345437e-02 1.132793284825988830e-02 1.149074559928144230e-02 1.196534378386047287e-02 1.208127379167368842e-02 1.220565657939455192e-02 1.209527689411679131e-02 1.176059721443152919e-02 1.187342681900589725e-02 1.134655714041657437e-02 1.181546304710803623e-02 1.157970669008295643e-02 1.408096871837058797e-02 1.161112780935641235e-02 1.206366732577617007e-02 1.338456426305182842e-02 1.165491504277407948e-02 1.198206221405878798e-02 1.247833722064213037e-02 1.182056377513881346e-02 1.143643374604034341e-02 1.212472669433425909e-02 1.138433480476456865e-02 1.160401703677556122e-02 1.191872883405694673e-02 1.190102811702535048e-02 1.244935439450250807e-02 1.319030170275212015e-02 1.210825946658729106e-02 1.126295865991374344e-02 1.224680048222711280e-02 1.188938259448188428e-02 1.178450766471664420e-02 1.161859547629363193e-02 1.344730802615957607e-02 1.189112647903588574e-02 1.255879660712859273e-02 1.209869535679884700e-02 1.212237962522819471e-02 1.243372433718301778e-02 1.233352814723488733e-02 1.197914898529111975e-02 1.239998703889820704e-02 1.163286354283663525e-02 1.205117075136866861e-02 1.199971453379014390e-02 1.214218162465622620e-02 1.269341146549421775e-02 1.189069568071859061e-02 1.241823595724459578e-02 1.178665734385677538e-02 1.182367690314440646e-02 1.263779653900756403e-02 1.173286798892537487e-02 1.243448214561567768e-02 1.229350609407098456e-02 1.184901221000311811e-02 1.255213345852484313e-02 1.320573968713322811e-02 1.238861480036760471e-02 1.245338791737362998e-02 1.169530548547897779e-02 1.235965989990647253e-02 1.345666996644400044e-02 1.266205588276300004e-02 1.267052575538216153e-02 1.319029353666801088e-02 1.168258366097952444e-02 1.212152321706991970e-02 1.166762033539747029e-02 1.295877078771861222e-02 1.226477678238671251e-02 1.184005877735646792e-02 1.245570887499793285e-02 1.294318211670083922e-02 1.292807580060815510e-02 1.221618036336273236e-02 1.316132681448598830e-02 1.278862939408998041e-02 1.316057118744062143e-02 1.267057177067412721e-02 1.169568846117262188e-02 1.227305200173353129e-02 1.177289186033203539e-02 1.170229818871228004e-02 1.246728971335895643e-02 1.200503772077670880e-02
8.992727209882840980e-03 8.626433882218589172e-03 0.000000000000000000e+00 8.988564837514166628e-03 9.032191191659683094e-03 7.844028497564574029e-03 8.908029166969746657e-03 8.817586953041583672e-03 8.304731482590128541e-03 9.046170438433207353e-03 9.030710860014525693e-03 8.317329239244799360e-03 8.678470086214237766e-03 7.981937586156498052e-03 8.134936606730163236e-03 8.597632193805453474e-03 8.726927029329981794e-03 8.897930552825412259e-03 8.915444549444944203e-03 8.251299373806555287e-03 8.950097511455248553e-03 8.044096490000030714e-03 7.701450323760174362e-03 9.062655710409997512e-03 9.958589421535940164e-03 8.076243042262180177e-03 8.249955536564180028e-03 8.627588734396649667e-03 9.192913815849411072e-03 8.538207948848713924e-03 8.861551265524673926e-03 9.610337817860702819e-03 1.183502488698521919e-02 1.131554916082208942e-02 1.182159094013017150e-02 1.236942050629371605e-02 1.195272315432397217e-02 1.222851448277682829e-02 1.160336231662949247e-02 1.160094672299449847e-02 1.205497037043168872e-02 1.219734603786996191e-02 1.103128024661208413e-02 1.120886463983613961e-02 1.169562595404515307e-02 1.181603001731690653e-02 1.194164704790140821e-02 1.181957890893668185e-02 1.148698340627810413e-02 1.160067736584297245e-02 1.106100495222083965e-02 1.154109709295357555e-02 1.129844394507976274e-02 1.385579827337729206e-02 1.133117275375994035e-02 1.179756389977822811e-02 1.314760062971795200e-02 1.137928844679174552e-02 1.171335275230510516e-02 1.222360274656192174e-02 1.154918527623181694e-02 1.115244464317394907e-02 1.185883463211642036e-02 1.110111936775793132e-02 1.133745750094869963e-02 1.166257667173009431e-02 1.164559343501241420e-02 1.221880814918825144e-02 1.296098083177050185e-02 1.185419412043949884e-02 1.099892972515508285e-02 1.199622481026719166e-02 1.162965408704545386e-02 1.152194262412612087e-02 1.134164740570523140e-02 1.322265080649259045e-02 1.162080316872336413e-02 1.231655658884848667e-02 1.184449244599224300e-02 1.186859442332514197e-02 1.219011062441482593e-02 1.210056774942617000e-02 1.172247303435449556e-02 1.215387030065729831e-02 1.136685273842129307e-02 1.179631693436813782e-02 1.174706188675186946e-02 1.188898227443296700e-02 1.245462936497997858e-02 1.163151187091989412e-02 1.217296668587913681e-02 1.152712522837627020e-02 1.157771502438755332e-02 1.239691549279619935e-02 1.146923651993655632e-02 1.218832830384720088e-02 1.204438719884648457e-02 1.160300888242939144e-02 1.230853512130099768e-02 1.297552463934740011e-02 1.215775143713539175e-02 1.220798289340163656e-02 1.142024666298119794e-02 1.211143774815392343e-02 1.322992204195440162e-02 1.242197351350631668e-02 1.243094709150381789e-02 1.296116251424901666e-02 1.141935768076009390e-02 1.186703071940807715e-02 1.140345627865857470e-02 1.272427847041043662e-02 1.201430791770916051e-02 1.158060981856931689e-02 1.221131877671242927e-02 1.270776449659418925e-02 1.269415534970161352e-02 1.196592382783857531e-02 1.293090855992218464e-02 1.255149654371712047e-02 1.293034765124467453e-02 1.243096239824262837e-02 1.144540115233379576e-02 1.202358791686803687e-02 1.152422947761031283e-02 1.143682340930415528e-02 1.222288733433274550e-02 1.174795833526453420e-02
9.317691693453585694e-03 9.342522689434015759e-03 8.988564837514166628e-03 0.000000000000000000e+00 8.917523169653378268e-03 8.151584788679827956e-03 9.190691668377520829e-03 9.508323311531136773e-03 8.983757720834503399e-03 9.292848928940904488e-03 8.925533984233660970e-03 8.656921461562975054e-03 8.680356146529564706e-03 8.315844118195763260e-03 8.402599254325127109e-03 8.942521382783076220e-03 9.002688463321233819e-03 9.242414237997190543e-03 9.496317589123021846e-03 9.013575917874503199e-03 8.874852248554479864e-03 8.342358611512579528e-03 7.998293747617490554e-03 9.338199077278360946e-03 1.067302226501801003e-02 8.416493894610374213e-03 8.495606443891691797e-03 8.899499702273510129e-03 9.178905000123542893e-03 9.272761493407584779e-03 9.140980159393883447e-03 1.025744185889668376e-02 1.191605574258126216e-02 1.140333235001593677e-02 1.189987884960466528e-02 1.245812286546383457e-02 1.204829652181847906e-02 1.233841126869343781e-02 1.170271471447992262e-02 1.169938338719852568e-02 1.213310568528250255e-02 1.228955837932565846e-02 1.112373209932570640e-02 1.129820006111591571e-02 1.177775731635494726e-02 1.189447895151200287e-02 1.203688470268882843e-02 1.189882343395142622e-02 1.158625517853206430e-02 1.169924229819024018e-02 1.115177065082680052e-02 1.162664007565161403e-02 1.138786835510687684e-02 1.392024337687516530e-02 1.141882368675039248e-02 1.187838505144672187e-02 1.321675217003438589e-02 1.146790570766290616e-02 1.179628309740149948e-02 1.228305887240693783e-02 1.165093709687939870e-02 1.124247001024443297e-02 1.195282647919969007e-02 1.088951580060164466e-02 1.148453269710066581e-02 1.179778467624881949e-02 1.178276965890487533e-02 1.233421674451885136e-02 1.308479470625229998e-02 1.199144267757636106e-02 1.113976442756742756e-02 1.213226880287100740e-02 1.177048635656424182e-02 1.166488668362967648e-02 1.148807423695020515e-02 1.334047835643351054e-02 1.176121378727688904e-02 1.242792202999141830e-02 1.198210610117439283e-02 1.199853912139320182e-02 1.232145137967618348e-02 1.222028895186562554e-02 1.185811275902005392e-02 1.228603150969004992e-02 1.150918354078806979e-02 1.193096841396165154e-02 1.188415366599361936e-02 1.202215961478033876e-02 1.258251244637048627e-02 1.176987532928771250e-02 1.230234654342407703e-02 1.166962074643880347e-02 1.170653806532324752e-02 1.252648078833428977e-02 1.161031360003431621e-02 1.231808138407590111e-02 1.219298121111775900e-02 1.174544966866413603e-02 1.245398530998015861e-02 1.311245324155041296e-02 1.228943271232561807e-02 1.235409201784878723e-02 1.158602979739811918e-02 1.225973745193864421e-02 1.336515489553732547e-02 1.256366196522592030e-02 1.257283168640675568e-02 1.309929309462466371e-02 1.157839207788597877e-02 1.201943845038813512e-02 1.155697276557762949e-02 1.286378934997402593e-02 1.216118399118307908e-02 1.173903296948191483e-02 1.235656189191762337e-02 1.284784330259392156e-02 1.283533447707669445e-02 1.211343004246690988e-02 1.306776107571333903e-02 1.269165434527361885e-02 1.306696689109248383e-02 1.257414739447801702e-02 1.159036530542171921e-02 1.217239133743261079e-02 1.166871612587226485e-02 1.159686213212164120e-02 1.236894764849435710e-02 1.190199795167877841e-02
9.769320266515850795e-03 9.398088612559635582e-03 9.032191191659683094e-03 8.917523169653378268e-03 0.000000000000000000e+00 8.572229005818571973e-03 9.265358498255210976e-03 9.235217464491787473e-03 9.011352867664187277e-03 9.332352450771033703e-03 8.981359309745095415e-03 8.746063932763819410e-03 8.733387428922939275e-03 8.375661399456580183e-03 8.494600031053182315e-03 8.977049377944187197e-03 9.419795945172091539e-03 9.295605317138612433e-03 9.233294602007710572e-03 8.706831952009825085e-03 8.972638588762755357e-03 8.438283685544206020e-03 8.076581878462121833e-03 9.412285085731969536e-03 1.031926881532051546e-02 8.531518607441897217e-03 8.606603174618593019e-03 8.948025834584909938e-03 9.560999158966075259e-03 9.313665298574949972e-03 9.231514094830420986e-03 1.029567700155831558e-02 1.200392069635322807e-02 1.147881645023779602e-02 1.198945827004851625e-02 1.251221381207051793e-02 1.210377813699068869e-02 1.240551871904708829e-02 1.175891576621059323e-02 1.177195586199610185e-02 1.220099910134620283e-02 1.235840829792050899e-02 1.121378445913948432e-02 1.139064731533814996e-02 1.186501668440371852e-02 1.196755923764778080e-02 1.209119366260669008e-02 1.196911865451721381e-02 1.166184002377215582e-02 1.177502049727391538e-02 1.124198488568325070e-02 1.169810441233021941e-02 1.146047404153222732e-02 1.398082140752531823e-02 1.150764686126223846e-02 1.194932470040477139e-02 1.328032657270193651e-02 1.157129196287204863e-02 1.188445863368843211e-02 1.201978857011419023e-02 1.172177564006677934e-02 1.131872545387074998e-02 1.200908019628857230e-02 1.125167335486114591e-02 1.155465916770750424e-02 1.186666700410879752e-02 1.185012253497456404e-02 1.238054458815805899e-02 1.314529446392097463e-02 1.205793277856070066e-02 1.121081861753381315e-02 1.219821578216190132e-02 1.183911283867707803e-02 1.173420715679170633e-02 1.155656648495743608e-02 1.340066236326846634e-02 1.182890677865893782e-02 1.250657429261553891e-02 1.204886720493350896e-02 1.206677874159008818e-02 1.238551660500681641e-02 1.228511173653117419e-02 1.192692491917796659e-02 1.235086566019801511e-02 1.157973623451234377e-02 1.199951883349515552e-02 1.195172766658440799e-02 1.209013309682330402e-02 1.264557231834083188e-02 1.183799446266862836e-02 1.236749286055284329e-02 1.173742895419615552e-02 1.177331961426482387e-02 1.259004171320563491e-02 1.167890413372201473e-02 1.238232266394128159e-02 1.226698633943398321e-02 1.182009443922266839e-02 1.252517350473706347e-02 1.317992931906508333e-02 1.235879728296026062e-02 1.242642869791804605e-02 1.164858077688817571e-02 1.233276528128356662e-02 1.343060056901248037e-02 1.263401444842362185e-02 1.264375563526013747e-02 1.316712295169881336e-02 1.166586523363253441e-02 1.209341325819283594e-02 1.163417683826110938e-02 1.294691872568605462e-02 1.223248774968136929e-02 1.181419648379677251e-02 1.242948549761626470e-02 1.291584363044693227e-02 1.290438387309216124e-02 1.218527878777338029e-02 1.313590116471324148e-02 1.276121800636055570e-02 1.313373502695748367e-02 1.265771898560024908e-02 1.167921140877472251e-02 1.224515403215716697e-02 1.174392199563922823e-02 1.167361902657095517e-02 1.243970314819672213e-02 1.197710312197794967e-02
8.596416612675109384e-03 8.258789457132561726e-03 7.844028497564574029e-03 8.151584788679827956e-03 8.572229005818571973e-03 0.000000000000000000e+00 8.478187788756955459e-03 8.457999847076605807e-03 8.166874240266847398e-03 8.640333770812282099e-03 8.475508945907810066e-03 7.861617974474115547e-03 7.798339781777262336e-03 7.513534792444612198e-03 7.605764680669137474e-03 8.221369222230455465e-03 8.210225581439987985e-03 8.545171639713442652e-03 8.447891901640252818e-03 8.179515587424085118e-03 8.174960982634926765e-03 7.492123264162899726e-03 7.114608205469195173e-03 8.683107135698048956e-03 9.995041354354848931e-03 7.523444764210676303e-03 7.762292835055172209e-03 8.150309091203523579e-03 8.480907063119959982e-03 8.167642216449609235e-03 8.479805865169772611e-03 9.255044497664940972e-03 1.129267856828047173e-02 1.074647173133943916e-02 1.128700364585147331e-02 1.185083497000434180e-02 1.142792919813112942e-02 1.172572781416647905e-02 1.106787622065588325e-02 1.104770078275874728e-02 1.153756160269640320e-02 1.167208210993841630e-02 1.044759967998579869e-02 1.063834080891906154e-02 1.114630852180223571e-02 1.127351345780305131e-02 1.140475040440171693e-02 1.129769313774592158e-02 1.093380649752332713e-02 1.104614739619399870e-02 1.048489582432400764e-02 1.098354878922454085e-02 1.073915013112796205e-02 1.339747170336108920e-02 1.076173887305214606e-02 1.126200487515322500e-02 1.266389518719192829e-02 1.056433796441543123e-02 1.117783554143197272e-02 1.172033682141147143e-02 1.099969954093935227e-02 1.058459513120018139e-02 1.131830509458260983e-02 1.051884991915182609e-02 1.083017445999038923e-02 1.116021898186705073e-02 1.113254046168854657e-02 1.173833581499402270e-02 1.252041149259774250e-02 1.136612017935723605e-02 1.046991146041966955e-02 1.151500891537051222e-02 1.113127745256081019e-02 1.101817412202120601e-02 1.083403100003717777e-02 1.279105961335339284e-02 1.112325133120559660e-02 1.184760023852141596e-02 1.135561569875892865e-02 1.136639033211055486e-02 1.171373594207266583e-02 1.162798312719458098e-02 1.122803947166645458e-02 1.167949264620968611e-02 1.085401096204961606e-02 1.130454176262078898e-02 1.125548087803938772e-02 1.140184270385774350e-02 1.199313413313089945e-02 1.113247231728491105e-02 1.169792038494062505e-02 1.102958562914070455e-02 1.107908961079885450e-02 1.193441419480209542e-02 1.096144757542325855e-02 1.171351840817237179e-02 1.142493760938685828e-02 1.095950755198995923e-02 1.171802863563066628e-02 1.241640388026136500e-02 1.156777228575067012e-02 1.159861225584210738e-02 1.077898184934117203e-02 1.149608583722521761e-02 1.266814322975523197e-02 1.184015205439816788e-02 1.183072021804813974e-02 1.239964592728426580e-02 1.053618094771414763e-02 1.125131296406527322e-02 1.074994828796094551e-02 1.217822209409052600e-02 1.142072611628015995e-02 1.095172004296205391e-02 1.160017897748271895e-02 1.212387832376916191e-02 1.211993389309402348e-02 1.137174211228819502e-02 1.235616648857120435e-02 1.197553761630923419e-02 1.237072384884906583e-02 1.156946597815985099e-02 1.080550832626388409e-02 1.141738716701326366e-02 1.087565392088680506e-02 1.079106864762683152e-02 1.165121769072902103e-02 1.111303440539795732e-02
9.551059206385234188e-03 9.226900397702403681e-03 8.908029166969746657e-03 9.190691668377520829e-03 9.265358498255210976e-03 8.478187788756955459e-03 0.000000000000000000e+00 9.374521078390589401e-03 8.947771065433447052e-03 9.969824207190650447e-03 9.596980922275516121e-03 8.918810842399078551e-03 8.876474128535993130e-03 8.639624026300083900e-03 9.044510410883239288e-03 9.141695350040290186e-03 9.263220615666784008e-03 9.419555775130298084e-03 9.780569999757191338e-03 8.925581220105165137e-03 9.187314890362540884e-03 8.991167048271297979e-03 8.342524093719109329e-03 9.982450341411420319e-03 1.039604893907618809e-02 8.998250533564752449e-03 9.186311177368558165e-03 9.175209191279880966e-03 9.402386495066727620e-03 9.495690987743594588e-03 9.358569805112220558e-03 1.047491784726581679e-02 1.222968001384888877e-02 1.173178397435166095e-02 1.223004152320474741e-02 1.274523566562172500e-02 1.233832588025656971e-02 1.261014415013324806e-02 1.202034728409534688e-02 1.200617691651857666e-02 1.244211534804775220e-02 1.258043839242797488e-02 1.145492358382596554e-02 1.164216086668355861e-02 1.209838352005396765e-02 1.221190532383735657e-02 1.233353836616142910e-02 1.221224537333343019e-02 1.190787463257964897e-02 1.200750126141362541e-02 1.148516847268672703e-02 1.194904077848717508e-02 1.171716466434685223e-02 1.418892181172198841e-02 1.174934585963674331e-02 1.219006357729332697e-02 1.350108664859630929e-02 1.179227824863331164e-02 1.211457447254414913e-02 1.258709474994954003e-02 1.196962768547457992e-02 1.157594088332861322e-02 1.225344043272563917e-02 1.152257139077320254e-02 1.175969335492365805e-02 1.205476221117058981e-02 1.202808200208271491e-02 1.257707984831715406e-02 1.331434048810475543e-02 1.224407576705671685e-02 1.142594254757888644e-02 1.238157218063356407e-02 1.202891765796026274e-02 1.192616425022302064e-02 1.175049805462039312e-02 1.356873538235571323e-02 1.201241437841045999e-02 1.268831005796785052e-02 1.223502075892772198e-02 1.225566239355517853e-02 1.256340950977494035e-02 1.248203750444349530e-02 1.211700266676128852e-02 1.253256899202799188e-02 1.177703253020849494e-02 1.218856684236574797e-02 1.214829117206497541e-02 1.227705957105002139e-02 1.282239968671130236e-02 1.203024348917325348e-02 1.255107094168351339e-02 1.194081759400716057e-02 1.197903021058981977e-02 1.276816541629167273e-02 1.187370592422009111e-02 1.256457065387857515e-02 1.234238385112153800e-02 1.190222120096002395e-02 1.259762805979588139e-02 1.324773075979713936e-02 1.245222015950383544e-02 1.250040367142984249e-02 1.175257167386190189e-02 1.240718471952270870e-02 1.351073218745230987e-02 1.270641333346903337e-02 1.272958894450378423e-02 1.325014910975593103e-02 1.173784418745005623e-02 1.217165651124229274e-02 1.172261621423435762e-02 1.301771593228512845e-02 1.231373583354673958e-02 1.159721376571873352e-02 1.250356186552906666e-02 1.298570402266622202e-02 1.298660905762782578e-02 1.226713708428978956e-02 1.320196912461893413e-02 1.284824821823684834e-02 1.320336257772492840e-02 1.271758023764512496e-02 1.177866534747792383e-02 1.232254351560036279e-02 1.184160267214642674e-02 1.176918138821282829e-02 1.252845112670833774e-02 1.205548506017861156e-02
9.519831266257633429e-03 9.158858865934441096e-03 8.817586953041583672e-03 9.508323311531136773e-03 9.235217464491787473e-03 8.457999847076605807e-03 9.374521078390589401e-03 0.000000000000000000e+00 8.849288170821695623e-03 9.507449437969607911e-03 9.212620897796472072e-03 8.855419003284030824e-03 8.931497095001340175e-03 8.575739292637270944e-03 9.016888208231038995e-03 9.165788879202186115e-03 9.676614858271915393e-03 9.366778723211944407e-03 9.776513792566948399e-03 8.838406791052770203e-03 9.471634760597180333e-03 8.915690351011409595e-03 8.318399230102265993e-03 9.519125580025851810e-03 1.078348997896351122e-02 8.648102106667082678e-03 9.134296536487436155e-03 9.114674025468373630e-03 9.340013725003572242e-03 9.082679988820311842e-03 9.687784739946964443e-03 1.004023827895058479e-02 1.223753828200449707e-02 1.173882474443097880e-02 1.222037933528453794e-02 1.275328985554106606e-02 1.234880370380104543e-02 1.261427139812904170e-02 1.202790375930043280e-02 1.201204764496624847e-02 1.245013880433761336e-02 1.258836841210373217e-02 1.146528504039174938e-02 1.164723062269538457e-02 1.210554291498725996e-02 1.221911906225560396e-02 1.234026948254701717e-02 1.221912139032188538e-02 1.191494772231506752e-02 1.201410667371972073e-02 1.150773858285447995e-02 1.195611745908163430e-02 1.172417520454232392e-02 1.419628680387537492e-02 1.175628004527922051e-02 1.220076506894910394e-02 1.350724386070997415e-02 1.179840019590934312e-02 1.212149267243838383e-02 1.259472346840500440e-02 1.196055284457894427e-02 1.158278110551519413e-02 1.226087269305725647e-02 1.154166690870895781e-02 1.174497132922730329e-02 1.205627415572975598e-02 1.203845938784257365e-02 1.257823857274654490e-02 1.331332369654730091e-02 1.224307977545839414e-02 1.141034589218685620e-02 1.238053320878336645e-02 1.202717394509595326e-02 1.192432609483454198e-02 1.174912650225476418e-02 1.356776605382645391e-02 1.201613414910765280e-02 1.268822835146529542e-02 1.223470538101266783e-02 1.225603205119248432e-02 1.256568871745077608e-02 1.246608171791282159e-02 1.211679084003980562e-02 1.253163390270310706e-02 1.177514299334520530e-02 1.218728786798107568e-02 1.214920226877637573e-02 1.227754340826192614e-02 1.282168686212602216e-02 1.202885628675459673e-02 1.255005653039589254e-02 1.193848825720523511e-02 1.196327996436115197e-02 1.276673933816070867e-02 1.187269323634893535e-02 1.256500318806037970e-02 1.243461841631799021e-02 1.199464310947879683e-02 1.268940437335941591e-02 1.333560407733568910e-02 1.252590678038422584e-02 1.259215724157006222e-02 1.184255329080681485e-02 1.249934958081138844e-02 1.358248310370936858e-02 1.279750819284740035e-02 1.280568006827873667e-02 1.331830458364630446e-02 1.182784011572893951e-02 1.226475349991747697e-02 1.181458850416638312e-02 1.310740364359274171e-02 1.240533890468384880e-02 1.198270205777363616e-02 1.259406206945382946e-02 1.307483515771439703e-02 1.305837457115696827e-02 1.235642348141841908e-02 1.329061256225446547e-02 1.292365390748551751e-02 1.329029702405111306e-02 1.280445291310519998e-02 1.185764088830954140e-02 1.241437468872113800e-02 1.192041270111380939e-02 1.185125996373705311e-02 1.261734730193489126e-02 1.214984850696468159e-02
9.052853904996185225e-03 8.676769029722886453e-03 8.304731482590128541e-03 8.983757720834503399e-03 9.011352867664187277e-03 8.166874240266847398e-03 8.947771065433447052e-03 8.849288170821695623e-03 0.000000000000000000e+00 9.027939017289151463e-03 8.701086484510612423e-03 8.380141717834046350e-03 8.365485789740247785e-03 8.024328216761385593e-03 8.097609866833057127e-03 8.661313520985864170e-03 9.083879936566598146e-03 8.949626084818576230e-03 8.852450617239174258e-03 8.325642571331674097e-03 8.640583255052200137e-03 8.058820643807220602e-03 7.693786145866808417e-03 9.124533322883205191e-03 9.996474003104665815e-03 8.152817284216913596e-03 8.237689465054867308e-03 8.990219126442339920e-03 8.842345790016111276e-03 8.544482899328003506e-03 9.264162770478794745e-03 9.967126515510672108e-03 1.174151430757320626e-02 1.121978685677327628e-02 1.174484401555943476e-02 1.229220590119579903e-02 1.186054185253335863e-02 1.182893797880804621e-02 1.150691542777255993e-02 1.150404287238604613e-02 1.196224938124271740e-02 1.210220020736285824e-02 1.095044306200925431e-02 1.112822267722115600e-02 1.161491715526332021e-02 1.173813699350956599e-02 1.184626655808065226e-02 1.174294578414453519e-02 1.140651747548609984e-02 1.150447298551691457e-02 1.099357905308471182e-02 1.144545482580239595e-02 1.120158304514997684e-02 1.377470045396661166e-02 1.123454584238856024e-02 1.170306089259710337e-02 1.305842469199988698e-02 1.129814897809973580e-02 1.161996259777190767e-02 1.214789569362629065e-02 1.146856770384267234e-02 1.105587164235758389e-02 1.177947443999062364e-02 1.102138625940265494e-02 1.129706460085718421e-02 1.161697612626769877e-02 1.160229816464045452e-02 1.216387372767521562e-02 1.292244953192698415e-02 1.181243501104419814e-02 1.094393996913462820e-02 1.195529296254923927e-02 1.158743513818386896e-02 1.147950827228324741e-02 1.129961490032567635e-02 1.318244148371421759e-02 1.158032967122405929e-02 1.227417118958694375e-02 1.180301868888010072e-02 1.182360647220316238e-02 1.214881701115437355e-02 1.204714773413836926e-02 1.167913439570875470e-02 1.211272384781786685e-02 1.132149941107443540e-02 1.175199974655363744e-02 1.170454698549353717e-02 1.184646027130165265e-02 1.241375378686760712e-02 1.158702632829181414e-02 1.213034829823736623e-02 1.148414109662685735e-02 1.152311717042097013e-02 1.235679178110840083e-02 1.142423372315168502e-02 1.214629110367891271e-02 1.202273031457564388e-02 1.156711988235752803e-02 1.228676349844414796e-02 1.295462131881528270e-02 1.211875853317299391e-02 1.218622435113813317e-02 1.139094182246984735e-02 1.208974150313833935e-02 1.321040212607060664e-02 1.239920046180554430e-02 1.240816148795498806e-02 1.294360207129853155e-02 1.142238803176749522e-02 1.184492616101570292e-02 1.137604148870421591e-02 1.271786022358526239e-02 1.198773652516176534e-02 1.156150219743623010e-02 1.218924822898927347e-02 1.268603436809822085e-02 1.267577725807746136e-02 1.193990751665736753e-02 1.291049377315837791e-02 1.252856641793312353e-02 1.290851695685686466e-02 1.242238262727369397e-02 1.142377724808437377e-02 1.200053166070184398e-02 1.148839222685698984e-02 1.141258713440526130e-02 1.220065425408810821e-02 1.172546156906129934e-02
1.008672016567693265e-02 9.399812955206005016e-03 9.046170438433207353e-03 9.292848928940904488e-03 9.332352450771033703e-03 8.640333770812282099e-03 9.969824207190650447e-03 9.507449437969607911e-03 9.027939017289151463e-03 0.000000000000000000e+00 9.286126703307175101e-03 9.402018609252072237e-03 9.400991291021978252e-03 8.750004043046781879e-03 8.812843578592709226e-03 9.345153340425576757e-03 9.763203293281976641e-03 9.974507100927365935e-03 9.500624313274603355e-03 9.061548577023764706e-03 9.650875091048215573e-03 8.762826614240199971e-03 8.437608255802970039e-03 9.670461585264271062e-03 1.099142991906599393e-02 8.818947336601932682e-03 8.920932451003288008e-03 9.285663480096349384e-03 9.542498105165655650e-03 9.625789506068979304e-03 9.917923492414446388e-03 1.062770066152289583e-02 1.220260869954923125e-02 1.170801526255913806e-02 1.185650224235666739e-02 1.273664570694850451e-02 1.231901172670884365e-02 1.260202194816474608e-02 1.199820491708239456e-02 1.198129671041702794e-02 1.243325575272935003e-02 1.257152775315883292e-02 1.143645888922552485e-02 1.160305745769436327e-02 1.207155649287738192e-02 1.218657557176941811e-02 1.232492716381096247e-02 1.218693932979891641e-02 1.188585068675369200e-02 1.198119260086925007e-02 1.147677605143323891e-02 1.193978448863887779e-02 1.169317631885969863e-02 1.418210955355319637e-02 1.172417295719147858e-02 1.216736702576833896e-02 1.347200373309205210e-02 1.176984030883135995e-02 1.208776576205084809e-02 1.258179798816183234e-02 1.196293359575846017e-02 1.155250607288615429e-02 1.224493313300352958e-02 1.148556016211986323e-02 1.179370331912623499e-02 1.209870188039982933e-02 1.208402934571055874e-02 1.263351696815940943e-02 1.335243401161476801e-02 1.228876051473845946e-02 1.146060262057151807e-02 1.242363201516645185e-02 1.207283092455842775e-02 1.197109954030329583e-02 1.179761710147981917e-02 1.360122854294996096e-02 1.206233339293560393e-02 1.272639881618345577e-02 1.227890641189430948e-02 1.229270223295391914e-02 1.260791939062927240e-02 1.250808692381123570e-02 1.215732135878377050e-02 1.257445905320686216e-02 1.181861998036816581e-02 1.222736963850951097e-02 1.218039043609251207e-02 1.231666826467532443e-02 1.286408499276413264e-02 1.207138139818781514e-02 1.257222010874442519e-02 1.197294926734742901e-02 1.200827386964199370e-02 1.280955990357223427e-02 1.191734136026717343e-02 1.260496170605214343e-02 1.250205094685069573e-02 1.207583964879734018e-02 1.275545261406822208e-02 1.339661097538544926e-02 1.260382066187932908e-02 1.265715888015805923e-02 1.189281117887589466e-02 1.256669428339708683e-02 1.364122306289561500e-02 1.286034764142817907e-02 1.287030620418699346e-02 1.339546018364778934e-02 1.190160029651599061e-02 1.233226961729975632e-02 1.188154137229479462e-02 1.316814016872688148e-02 1.246791240627177950e-02 1.206944555302073320e-02 1.266154675889605632e-02 1.313663415554987279e-02 1.312317070427960336e-02 1.242241027683230886e-02 1.335218747357289765e-02 1.298565924282526172e-02 1.335093728008897307e-02 1.287041179296729600e-02 1.192647799965781269e-02 1.248101815746217175e-02 1.200104499359731271e-02 1.192372889916480314e-02 1.266971931593878671e-02 1.221890244341178149e-02
9.740747682846455716e-03 9.036050380060653420e-03 9.030710860014525693e-03 8.925533984233660970e-03 8.981359309745095415e-03 8.475508945907810066e-03 9.596980922275516121e-03 9.212620897796472072e-03 8.701086484510612423e-03 9.286126703307175101e-03 0.000000000000000000e+00 8.701053072920825887e-03 8.902042601340887443e-03 8.378718130488339161e-03 8.344047365277265302e-03 9.364085482450507786e-03 9.356678008060764079e-03 9.265364111908435535e-03 9.193381804660998025e-03 9.033465963890969716e-03 8.918125576463499168e-03 8.374430066671503803e-03 7.967978102559090253e-03 9.350550425881953842e-03 1.067770687342312237e-02 8.658756851519370731e-03 8.594354796612949446e-03 8.940456675145265486e-03 9.210245614793109367e-03 9.304041802524637764e-03 9.251930049752740345e-03 9.911668707724986468e-03 1.180643734475378577e-02 1.129042822681711015e-02 1.179398971834245621e-02 1.235320347806682928e-02 1.191945661872144575e-02 1.221865913661775507e-02 1.159156912630643702e-02 1.157529768093620154e-02 1.203712434380564515e-02 1.218175355303500323e-02 1.101658948293604209e-02 1.119773925887587382e-02 1.167975506835509415e-02 1.178844003220276895e-02 1.192572542623319964e-02 1.179635648174888300e-02 1.147471124029283453e-02 1.158619048728289254e-02 1.104284897334347447e-02 1.152634979620707767e-02 1.128445000627355602e-02 1.384266345435078253e-02 1.131756259847627524e-02 1.177537092095855796e-02 1.313180389063484284e-02 1.137268629711113248e-02 1.168711775118881462e-02 1.218438033199764972e-02 1.153738493180322608e-02 1.112805567465429031e-02 1.184166044339774945e-02 1.106972326387326185e-02 1.109993120406110173e-02 1.139496234470539250e-02 1.137624424208671763e-02 1.198889015736361897e-02 1.270776277838456259e-02 1.160271416627901148e-02 1.045015544546822397e-02 1.174328553765463003e-02 1.136132508176261255e-02 1.124994872156998699e-02 1.108965807855871039e-02 1.297904462474855358e-02 1.140426445607362060e-02 1.207544757424396965e-02 1.160428100242994788e-02 1.164243127293555086e-02 1.192509139164067700e-02 1.152292100598491069e-02 1.145630606141373117e-02 1.190573204750460488e-02 1.109437621633852650e-02 1.153019654387394538e-02 1.148480091423729858e-02 1.164248308018914387e-02 1.219223632864633970e-02 1.136435943641929749e-02 1.192845975069079835e-02 1.125814262472320595e-02 1.101737778282034681e-02 1.215088138962306871e-02 1.121308899451912630e-02 1.195839885900585285e-02 1.197485537392950494e-02 1.152802927429765791e-02 1.225523850713371339e-02 1.290820775006011785e-02 1.207787972242018067e-02 1.213884134548856922e-02 1.134341723836561865e-02 1.205629695043503730e-02 1.317782282048076542e-02 1.235732583101919330e-02 1.235863762880030567e-02 1.290188465505685139e-02 1.137213458261300200e-02 1.179837891808969801e-02 1.132151362626401987e-02 1.267726506065039449e-02 1.195598161476005630e-02 1.156278478785036784e-02 1.214088440257399606e-02 1.265574680754300713e-02 1.266250912803973741e-02 1.188588750080887130e-02 1.286576000078566012e-02 1.247940756225581274e-02 1.286297866529002507e-02 1.238176185264399515e-02 1.109246081620828342e-02 1.195564718538424248e-02 1.144848709888659707e-02 1.136680562303204675e-02 1.215863823714906887e-02 1.167830545253513083e-02
9.062620891985943838e-03 8.689481974854949137e-03 8.317329239244799360e-03 8.656921461562975054e-03 8.746063932763819410e-03 7.861617974474115547e-03 8.918810842399078551e-03 8.855419003284030824e-03 8.380141717834046350e-03 9.402018609252072237e-03 8.701053072920825887e-03 0.000000000000000000e+00 8.689820599781695673e-03 8.041357410158893673e-03 8.175958185891913504e-03 8.681069784953395277e-03 8.752937599563968482e-03 8.901802744663248057e-03 9.276240619952420829e-03 8.380750443563853361e-03 8.611394201768656984e-03 8.023437451802098788e-03 8.017187650951100586e-03 9.055404650138513742e-03 1.041729357713949179e-02 8.080122416593300133e-03 8.250991858456705949e-03 8.594334852612699541e-03 9.273216734753651075e-03 8.621516748544761841e-03 9.236738471865933026e-03 9.650993472610731871e-03 1.182396229488564751e-02 1.130459570195233715e-02 1.182517644043656370e-02 1.235883544430520231e-02 1.193875342009512522e-02 1.222018805967333560e-02 1.160668610513801262e-02 1.159110019332119067e-02 1.204457730365503243e-02 1.218725794637499221e-02 1.103006546417286370e-02 1.119850438472550294e-02 1.168588503863919603e-02 1.180506100867128975e-02 1.193181538980044379e-02 1.182144652566465351e-02 1.147840006151375214e-02 1.159194081931934177e-02 1.105042994338103352e-02 1.153074525224934317e-02 1.128859281041083747e-02 1.384665349210011283e-02 1.132144887430320233e-02 1.178509815148878412e-02 1.313797732943312868e-02 1.136948174331521046e-02 1.170372697882600052e-02 1.219910078228116958e-02 1.153908890871268439e-02 1.114156403887600101e-02 1.184879131515883220e-02 1.107721521626720690e-02 1.131922627699751688e-02 1.164038709727171529e-02 1.161840637415408051e-02 1.220096412851035851e-02 1.294231246294735849e-02 1.183553074656181446e-02 1.096745438147426165e-02 1.197707619763701756e-02 1.161027216977793958e-02 1.150237916806238180e-02 1.133440040583425130e-02 1.320514657506471901e-02 1.161239138176290743e-02 1.229735144804488395e-02 1.182564495880363692e-02 1.185109246992619575e-02 1.216804879938796456e-02 1.206800797360378305e-02 1.170298815672761970e-02 1.213495658862615879e-02 1.134674768693259665e-02 1.177685673400221018e-02 1.172588917350576507e-02 1.187042655958001069e-02 1.243506764378419192e-02 1.161196811615728894e-02 1.215452303842304467e-02 1.150809018887747302e-02 1.154516595607539553e-02 1.237848014044108658e-02 1.145017271401444457e-02 1.217032522892101329e-02 1.195378111694282014e-02 1.153128655193404184e-02 1.222204745441919822e-02 1.289162237724116727e-02 1.209202084128235648e-02 1.213612330565362260e-02 1.136167043174187569e-02 1.202152441115203127e-02 1.314574272723256082e-02 1.235273315997801637e-02 1.235829844307330741e-02 1.254901043194294775e-02 1.133133288464420983e-02 1.177613367977784972e-02 1.131531031798237510e-02 1.265672810601010945e-02 1.192663629016244529e-02 1.150852996304743171e-02 1.212181882114449910e-02 1.264024474893294704e-02 1.261362136250367659e-02 1.187762401554411790e-02 1.286231191340667795e-02 1.248111794839303068e-02 1.286328241112968257e-02 1.234566128794361770e-02 1.134501761436493630e-02 1.195163998263789468e-02 1.145067495003749929e-02 1.134584506705592875e-02 1.213705534780782844e-02 1.165711344383313364e-02
