0.000000000000000000e+00 9.688586125379277172e-03 8.992727209882884348e-03 9.317691693453630797e-03 9.769320266515899367e-03 8.596416612675152752e-03 9.551059206385282760e-03 9.519831266257678531e-03 9.052853904996225123e-03 1.008672016567697775e-02 9.740747682846502553e-03 9.062620891985994145e-03 9.045732071169798258e-03 9.062238938392962531e-03 8.878401495435898211e-03 9.297574739118885309e-03 9.413503268962617951e-03 9.555675629140216940e-03 9.557231207733054082e-03 9.362147130873252690e-03 9.638086556610239372e-03 8.816405262904265447e-03 8.474634424556978102e-03 1.009532151680235697e-02 1.091526539349474759e-02 8.841672204117616979e-03 8.980698926996393341e-03 9.709725985320447408e-03 9.533724107041884402e-03 9.262842411493636338e-03 9.536346278563617718e-03 1.023230454068468388e-02 1.234038343264433520e-02 1.184729771427771479e-02 1.234029805340012761e-02 1.285283332213751212e-02 1.245106824915151629e-02 1.271578535071432939e-02 1.211824917660605204e-02 1.211939286002937030e-02 1.255056526515115935e-02 1.268836299538568177e-02 1.157499461198690377e-02 1.174562723591637999e-02 1.220934390366634932e-02 1.232193152072672167e-02 1.244394565046130600e-02 1.232219418476459237e-02 1.200818151320224431e-02 1.212014777717439033e-02 1.160342470159184472e-02 1.206227176845349296e-02 1.183332904184745786e-02 1.428427665994332768e-02 1.186436126036633822e-02 1.230431117342326713e-02 1.360033507254140850e-02 1.190466835600300158e-02 1.222506604357211611e-02 1.270999221185444526e-02 1.206752357040357174e-02 1.169416887188442361e-02 1.236450951069124372e-02 1.162616947499523455e-02 1.186770460682653669e-02 1.217473884518424122e-02 1.215586422618663599e-02 1.268926564590636998e-02 1.342075296159235022e-02 1.236048405703359110e-02 1.155110068997031690e-02 1.249641053051186654e-02 1.214764238631689183e-02 1.204570038660872366e-02 1.187057535227042937e-02 1.367145468659489160e-02 1.213310862741835867e-02 1.279910576591302557e-02 1.235110627738988075e-02 1.237050238636238676e-02 1.267892500184630671e-02 1.259537889981988783e-02 1.223413046474887932e-02 1.264569454627615004e-02 1.189776970699360677e-02 1.230453304054000656e-02 1.225378285705397766e-02 1.239225839843572166e-02 1.293355701148614541e-02 1.214809373598432080e-02 1.266323260012798373e-02 1.204742093330288949e-02 1.209742632524834008e-02 1.287863599292807595e-02 1.199377122864986149e-02 1.267723108079787074e-02 1.254213085439266975e-02 1.210391635514327519e-02 1.279456836210377674e-02 1.343385946811837504e-02 1.262992691163040797e-02 1.269741241976422158e-02 1.194080342703360796e-02 1.260649488700438074e-02 1.368050406488294235e-02 1.290123904883463089e-02 1.291071076414420683e-02 1.341886717261756012e-02 1.195695373412647769e-02 1.237378755234664306e-02 1.192864282565874942e-02 1.318940777929239645e-02 1.251131944704171953e-02 1.209561658933087924e-02 1.270044948895171499e-02 1.317622092450722662e-02 1.315956625792207013e-02 1.246376021722986685e-02 1.339150112711087401e-02 1.302511223992030252e-02 1.338990717207581838e-02 1.290651054049029960e-02 1.196874233730275960e-02 1.252135008077063030e-02 1.203023373212599480e-02 1.196523965144420665e-02 1.270883472710053995e-02 1.226004582542667559e-02
9.688586125379277172e-03 0.000000000000000000e+00 8.626433882218629071e-03 9.342522689434060862e-03 9.398088612559678950e-03 8.258789457132601625e-03 9.226900397702448783e-03 9.158858865934479260e-03 8.676769029722924617e-03 9.399812955206050119e-03 9.036050380060698523e-03 8.689481974854985566e-03 8.738397545702660321e-03 8.675195861709105241e-03 8.501747292390234023e-03 9.325119378916160370e-03 9.130259481597759880e-03 9.160485250484014935e-03 9.587952499229002168e-03 8.630856216171930301e-03 8.961330318136555284e-03 8.452991379028208102e-03 8.382457391999834778e-03 9.699141994897754124e-03 1.025075618525836396e-02 8.473132482983774041e-03 8.633114602382318398e-03 8.976610423885643050e-03 9.179143978811232438e-03 8.916085676279010899e-03 9.201210312824463847e-03 9.894741043274537032e-03 1.209920822994935141e-02 1.159439740080634926e-02 1.208547723386538611e-02 1.262254076114478936e-02 1.221326026123048872e-02 1.248327763229536112e-02 1.188758574828558366e-02 1.187242581685188543e-02 1.231595457152512979e-02 1.245458059309350468e-02 1.132793284825994035e-02 1.149074559928149608e-02 1.196534378386052318e-02 1.208127379167374046e-02 1.220565657939459703e-02 1.209527689411684162e-02 1.176059721443157950e-02 1.187342681900594756e-02 1.134655714041662121e-02 1.181546304710809174e-02 1.157970669008299980e-02 1.408096871837064522e-02 1.161112780935645919e-02 1.206366732577621864e-02 1.338456426305188567e-02 1.165491504277413153e-02 1.198206221405884002e-02 1.247833722064218588e-02 1.182056377513886723e-02 1.143643374604039545e-02 1.212472669433430940e-02 1.138433480476461548e-02 1.160401703677561326e-02 1.191872883405699184e-02 1.190102811702539731e-02 1.244935439450255664e-02 1.319030170275217219e-02 1.210825946658734137e-02 1.126295865991379201e-02 1.224680048222715964e-02 1.188938259448193459e-02 1.178450766471668930e-02 1.161859547629367877e-02 1.344730802615962811e-02 1.189112647903594125e-02 1.255879660712863610e-02 1.209869535679889384e-02 1.212237962522824675e-02 1.243372433718306462e-02 1.233352814723493417e-02 1.197914898529117179e-02 1.239998703889825388e-02 1.163286354283668382e-02 1.205117075136871718e-02 1.199971453379019420e-02 1.214218162465628172e-02 1.269341146549427153e-02 1.189069568071864091e-02 1.241823595724464262e-02 1.178665734385682395e-02 1.182367690314445677e-02 1.263779653900762127e-02 1.173286798892541824e-02 1.243448214561573492e-02 1.229350609407102966e-02 1.184901221000316841e-02 1.255213345852488477e-02 1.320573968713328016e-02 1.238861480036764981e-02 1.245338791737367681e-02 1.169530548547902810e-02 1.235965989990651936e-02 1.345666996644406116e-02 1.266205588276304167e-02 1.267052575538220489e-02 1.319029353666805772e-02 1.168258366097957822e-02 1.212152321706996654e-02 1.166762033539751886e-02 1.295877078771866774e-02 1.226477678238675761e-02 1.184005877735651822e-02 1.245570887499797622e-02 1.294318211670089300e-02 1.292807580060820541e-02 1.221618036336277920e-02 1.316132681448603861e-02 1.278862939409003245e-02 1.316057118744067521e-02 1.267057177067418272e-02 1.169568846117266872e-02 1.227305200173358160e-02 1.177289186033207702e-02 1.170229818871232862e-02 1.246728971335899633e-02 1.200503772077675391e-02
8.992727209882884348e-03 8.626433882218629071e-03 0.000000000000000000e+00 8.988564837514203057e-03 9.032191191659724727e-03 7.844028497564608723e-03 8.908029166969788290e-03 8.817586953041625306e-03 8.304731482590166705e-03 9.046170438433252456e-03 9.030710860014569061e-03 8.317329239244834055e-03 8.678470086214277665e-03 7.981937586156537950e-03 8.134936606730208339e-03 8.597632193805498577e-03 8.726927029330021693e-03 8.897930552825446954e-03 8.915444549444991040e-03 8.251299373806591717e-03 8.950097511455293656e-03 8.044096490000067143e-03 7.701450323760211658e-03 9.062655710410035675e-03 9.958589421535987002e-03 8.076243042262223545e-03 8.249955536564216457e-03 8.627588734396691300e-03 9.192913815849450970e-03 8.538207948848755557e-03 8.861551265524710355e-03 9.610337817860749657e-03 1.183502488698526603e-02 1.131554916082214667e-02 1.182159094013022181e-02 1.236942050629377156e-02 1.195272315432402768e-02 1.222851448277687686e-02 1.160336231662954104e-02 1.160094672299454704e-02 1.205497037043174249e-02 1.219734603787000875e-02 1.103128024661213444e-02 1.120886463983618297e-02 1.169562595404519990e-02 1.181603001731695857e-02 1.194164704790145679e-02 1.181957890893673216e-02 1.148698340627815270e-02 1.160067736584301755e-02 1.106100495222088302e-02 1.154109709295362933e-02 1.129844394507980437e-02 1.385579827337734063e-02 1.133117275375998718e-02 1.179756389977827842e-02 1.314760062971800231e-02 1.137928844679179756e-02 1.171335275230516067e-02 1.222360274656197725e-02 1.154918527623187072e-02 1.115244464317399244e-02 1.185883463211647067e-02 1.110111936775797989e-02 1.133745750094874993e-02 1.166257667173013421e-02 1.164559343501246277e-02 1.221880814918830348e-02 1.296098083177055563e-02 1.185419412043955262e-02 1.099892972515512275e-02 1.199622481026724370e-02 1.162965408704550417e-02 1.152194262412616597e-02 1.134164740570527824e-02 1.322265080649264422e-02 1.162080316872340750e-02 1.231655658884853177e-02 1.184449244599228984e-02 1.186859442332518708e-02 1.219011062441486930e-02 1.210056774942621857e-02 1.172247303435454760e-02 1.215387030065734515e-02 1.136685273842133991e-02 1.179631693436818812e-02 1.174706188675191283e-02 1.188898227443301037e-02 1.245462936498003235e-02 1.163151187091994443e-02 1.217296668587918539e-02 1.152712522837631356e-02 1.157771502438760709e-02 1.239691549279626007e-02 1.146923651993659969e-02 1.218832830384724772e-02 1.204438719884653140e-02 1.160300888242944521e-02 1.230853512130105319e-02 1.297552463934745388e-02 1.215775143713543338e-02 1.220798289340168340e-02 1.142024666298124824e-02 1.211143774815397547e-02 1.322992204195446581e-02 1.242197351350636005e-02 1.243094709150386647e-02 1.296116251424906350e-02 1.141935768076014421e-02 1.186703071940812398e-02 1.140345627865862847e-02 1.272427847041048693e-02 1.201430791770921082e-02 1.158060981856937413e-02 1.221131877671246917e-02 1.270776449659425343e-02 1.269415534970165862e-02 1.196592382783862214e-02 1.293090855992224016e-02 1.255149654371717251e-02 1.293034765124472310e-02 1.243096239824267694e-02 1.144540115233384087e-02 1.202358791686808370e-02 1.152422947761035620e-02 1.143682340930419865e-02 1.222288733433279755e-02 1.174795833526457757e-02
9.317691693453630797e-03 9.342522689434060862e-03 8.988564837514203057e-03 0.000000000000000000e+00 8.917523169653416432e-03 8.151584788679866120e-03 9.190691668377565932e-03 9.508323311531176672e-03 8.983757720834543298e-03 9.292848928940947856e-03 8.925533984233702603e-03 8.656921461563013218e-03 8.680356146529602870e-03 8.315844118195801424e-03 8.402599254325167008e-03 8.942521382783116118e-03 9.002688463321278922e-03 9.242414237997230442e-03 9.496317589123063480e-03 9.013575917874543098e-03 8.874852248554521497e-03 8.342358611512617692e-03 7.998293747617528718e-03 9.338199077278404314e-03 1.067302226501806034e-02 8.416493894610412377e-03 8.495606443891729961e-03 8.899499702273543089e-03 9.178905000123584526e-03 9.272761493407629882e-03 9.140980159393925081e-03 1.025744185889673581e-02 1.191605574258131593e-02 1.140333235001598708e-02 1.189987884960471039e-02 1.245812286546388661e-02 1.204829652181852763e-02 1.233841126869349158e-02 1.170271471447996946e-02 1.169938338719857251e-02 1.213310568528255806e-02 1.228955837932570357e-02 1.112373209932575498e-02 1.129820006111596602e-02 1.177775731635499583e-02 1.189447895151204970e-02 1.203688470268887180e-02 1.189882343395147479e-02 1.158625517853211807e-02 1.169924229819029049e-02 1.115177065082685083e-02 1.162664007565166260e-02 1.138786835510691674e-02 1.392024337687522255e-02 1.141882368675044800e-02 1.187838505144677044e-02 1.321675217003444314e-02 1.146790570766295300e-02 1.179628309740154805e-02 1.228305887240698988e-02 1.165093709687944727e-02 1.124247001024447808e-02 1.195282647919974038e-02 1.088951580060168976e-02 1.148453269710071958e-02 1.179778467624885939e-02 1.178276965890491523e-02 1.233421674451890340e-02 1.308479470625235723e-02 1.199144267757640964e-02 1.113976442756746919e-02 1.213226880287106117e-02 1.177048635656429733e-02 1.166488668362971985e-02 1.148807423695026066e-02 1.334047835643356085e-02 1.176121378727693935e-02 1.242792202999146861e-02 1.198210610117443967e-02 1.199853912139325386e-02 1.232145137967623205e-02 1.222028895186567064e-02 1.185811275902010249e-02 1.228603150969008982e-02 1.150918354078811837e-02 1.193096841396169838e-02 1.188415366599366793e-02 1.202215961478038039e-02 1.258251244637054005e-02 1.176987532928776455e-02 1.230234654342412387e-02 1.166962074643885378e-02 1.170653806532329783e-02 1.252648078833434701e-02 1.161031360003436305e-02 1.231808138407595142e-02 1.219298121111781104e-02 1.174544966866418808e-02 1.245398530998020892e-02 1.311245324155046500e-02 1.228943271232566317e-02 1.235409201784882886e-02 1.158602979739817816e-02 1.225973745193868931e-02 1.336515489553738792e-02 1.256366196522596193e-02 1.257283168640680078e-02 1.309929309462471055e-02 1.157839207788602560e-02 1.201943845038818542e-02 1.155697276557767286e-02 1.286378934997408144e-02 1.216118399118312765e-02 1.173903296948196687e-02 1.235656189191767194e-02 1.284784330259398054e-02 1.283533447707673782e-02 1.211343004246695672e-02 1.306776107571339454e-02 1.269165434527367436e-02 1.306696689109253587e-02 1.257414739447807253e-02 1.159036530542176084e-02 1.217239133743265936e-02 1.166871612587231169e-02 1.159686213212168630e-02 1.236894764849440394e-02 1.190199795167882699e-02
9.769320266515899367e-03 9.398088612559678950e-03 9.032191191659724727e-03 8.917523169653416432e-03 0.000000000000000000e+00 8.572229005818613606e-03 9.265358498255256078e-03 9.235217464491825637e-03 9.011352867664220237e-03 9.332352450771078806e-03 8.981359309745137048e-03 8.746063932763859308e-03 8.733387428922979173e-03 8.375661399456616613e-03 8.494600031053218744e-03 8.977049377944228831e-03 9.419795945172136642e-03 9.295605317138650597e-03 9.233294602007752205e-03 8.706831952009861514e-03 8.972638588762796991e-03 8.438283685544244184e-03 8.076581878462163466e-03 9.412285085732009435e-03 1.031926881532056230e-02 8.531518607441942320e-03 8.606603174618631183e-03 8.948025834584949836e-03 9.560999158966116893e-03 9.313665298574995074e-03 9.231514094830459149e-03 1.029567700155836416e-02 1.200392069635328358e-02 1.147881645023784633e-02 1.198945827004856308e-02 1.251221381207056650e-02 1.210377813699074594e-02 1.240551871904714901e-02 1.175891576621064527e-02 1.177195586199615042e-02 1.220099910134625487e-02 1.235840829792055062e-02 1.121378445913953290e-02 1.139064731533820200e-02 1.186501668440376536e-02 1.196755923764783805e-02 1.209119366260674386e-02 1.196911865451726759e-02 1.166184002377220613e-02 1.177502049727396395e-02 1.124198488568329407e-02 1.169810441233026972e-02 1.146047404153226722e-02 1.398082140752536853e-02 1.150764686126228530e-02 1.194932470040482690e-02 1.328032657270199375e-02 1.157129196287209720e-02 1.188445863368848589e-02 1.201978857011424401e-02 1.172177564006682965e-02 1.131872545387080202e-02 1.200908019628862435e-02 1.125167335486118927e-02 1.155465916770755455e-02 1.186666700410884089e-02 1.185012253497461088e-02 1.238054458815810929e-02 1.314529446392103361e-02 1.205793277856075270e-02 1.121081861753385998e-02 1.219821578216195856e-02 1.183911283867713354e-02 1.173420715679175143e-02 1.155656648495749679e-02 1.340066236326852185e-02 1.182890677865898639e-02 1.250657429261559095e-02 1.204886720493356274e-02 1.206677874159013675e-02 1.238551660500687018e-02 1.228511173653122623e-02 1.192692491917801169e-02 1.235086566019806369e-02 1.157973623451238540e-02 1.199951883349520236e-02 1.195172766658445310e-02 1.209013309682335086e-02 1.264557231834088045e-02 1.183799446266867866e-02 1.236749286055289360e-02 1.173742895419620930e-02 1.177331961426487071e-02 1.259004171320569215e-02 1.167890413372205984e-02 1.238232266394133710e-02 1.226698633943402485e-02 1.182009443922271523e-02 1.252517350473710857e-02 1.317992931906514578e-02 1.235879728296030225e-02 1.242642869791809289e-02 1.164858077688822775e-02 1.233276528128361693e-02 1.343060056901253241e-02 1.263401444842367216e-02 1.264375563526018605e-02 1.316712295169886540e-02 1.166586523363257952e-02 1.209341325819288278e-02 1.163417683826115621e-02 1.294691872568611013e-02 1.223248774968141613e-02 1.181419648379682281e-02 1.242948549761630633e-02 1.291584363044698605e-02 1.290438387309220808e-02 1.218527878777342713e-02 1.313590116471329873e-02 1.276121800636060774e-02 1.313373502695753571e-02 1.265771898560030459e-02 1.167921140877477455e-02 1.224515403215722074e-02 1.174392199563927680e-02 1.167361902657100027e-02 1.243970314819676549e-02 1.197710312197799998e-02
8.596416612675152752e-03 8.258789457132601625e-03 7.844028497564608723e-03 8.151584788679866120e-03 8.572229005818613606e-03 0.000000000000000000e+00 8.478187788756998827e-03 8.457999847076640501e-03 8.166874240266883828e-03 8.640333770812325467e-03 8.475508945907851699e-03 7.861617974474150242e-03 7.798339781777297898e-03 7.513534792444647760e-03 7.605764680669174771e-03 8.221369222230495363e-03 8.210225581440029619e-03 8.545171639713479081e-03 8.447891901640292717e-03 8.179515587424121548e-03 8.174960982634966664e-03 7.492123264162934421e-03 7.114608205469231603e-03 8.683107135698085385e-03 9.995041354354897503e-03 7.523444764210712732e-03 7.762292835055208638e-03 8.150309091203556539e-03 8.480907063119998146e-03 8.167642216449656073e-03 8.479805865169810775e-03 9.255044497664993014e-03 1.129267856828051336e-02 1.074647173133949120e-02 1.128700364585151494e-02 1.185083497000438864e-02 1.142792919813118147e-02 1.172572781416653283e-02 1.106787622065593009e-02 1.104770078275879065e-02 1.153756160269645871e-02 1.167208210993846140e-02 1.044759967998584033e-02 1.063834080891911185e-02 1.114630852180228254e-02 1.127351345780309815e-02 1.140475040440175857e-02 1.129769313774597016e-02 1.093380649752337744e-02 1.104614739619404033e-02 1.048489582432405275e-02 1.098354878922458422e-02 1.073915013112800194e-02 1.339747170336113950e-02 1.076173887305220157e-02 1.126200487515327357e-02 1.266389518719197513e-02 1.056433796441547633e-02 1.117783554143201782e-02 1.172033682141152520e-02 1.099969954093940085e-02 1.058459513120022996e-02 1.131830509458266187e-02 1.051884991915186945e-02 1.083017445999044474e-02 1.116021898186708890e-02 1.113254046168859167e-02 1.173833581499406607e-02 1.252041149259779627e-02 1.136612017935728462e-02 1.046991146041970945e-02 1.151500891537056426e-02 1.113127745256085703e-02 1.101817412202125805e-02 1.083403100003722634e-02 1.279105961335344488e-02 1.112325133120564170e-02 1.184760023852146626e-02 1.135561569875897375e-02 1.136639033211060516e-02 1.171373594207270920e-02 1.162798312719462261e-02 1.122803947166650315e-02 1.167949264620972774e-02 1.085401096204966810e-02 1.130454176262083582e-02 1.125548087803942589e-02 1.140184270385778686e-02 1.199313413313094628e-02 1.113247231728495788e-02 1.169792038494067536e-02 1.102958562914075485e-02 1.107908961079889960e-02 1.193441419480215093e-02 1.096144757542329672e-02 1.171351840817241516e-02 1.142493760938689991e-02 1.095950755199000259e-02 1.171802863563072006e-02 1.241640388026141531e-02 1.156777228575071349e-02 1.159861225584215422e-02 1.077898184934121713e-02 1.149608583722526098e-02 1.266814322975528401e-02 1.184015205439821299e-02 1.183072021804817964e-02 1.239964592728431611e-02 1.053618094771418059e-02 1.125131296406532005e-02 1.074994828796098888e-02 1.217822209409057284e-02 1.142072611628020158e-02 1.095172004296209728e-02 1.160017897748275365e-02 1.212387832376921569e-02 1.211993389309406859e-02 1.137174211228823839e-02 1.235616648857125986e-02 1.197553761630928276e-02 1.237072384884911960e-02 1.156946597815990303e-02 1.080550832626392399e-02 1.141738716701330876e-02 1.087565392088684149e-02 1.079106864762687489e-02 1.165121769072905919e-02 1.111303440539800069e-02
9.551059206385282760e-03 9.226900397702448783e-03 8.908029166969788290e-03 9.190691668377565932e-03 9.265358498255256078e-03 8.478187788756998827e-03 0.000000000000000000e+00 9.374521078390636239e-03 8.947771065433486951e-03 9.969824207190697285e-03 9.596980922275561224e-03 8.918810842399120184e-03 8.876474128536033029e-03 8.639624026300125534e-03 9.044510410883279186e-03 9.141695350040335288e-03 9.263220615666827376e-03 9.419555775130339717e-03 9.780569999757239910e-03 8.925581220105206770e-03 9.187314890362584252e-03 8.991167048271343082e-03 8.342524093719154432e-03 9.982450341411474096e-03 1.039604893907623666e-02 8.998250533564794082e-03 9.186311177368603267e-03 9.175209191279924334e-03 9.402386495066774458e-03 9.495690987743639691e-03 9.358569805112262191e-03 1.047491784726587230e-02 1.222968001384894254e-02 1.173178397435171820e-02 1.223004152320479772e-02 1.274523566562177704e-02 1.233832588025663042e-02 1.261014415013330357e-02 1.202034728409540412e-02 1.200617691651862697e-02 1.244211534804781118e-02 1.258043839242802865e-02 1.145492358382601758e-02 1.164216086668361412e-02 1.209838352005401796e-02 1.221190532383740687e-02 1.233353836616148287e-02 1.221224537333348223e-02 1.190787463257970101e-02 1.200750126141367224e-02 1.148516847268677560e-02 1.194904077848723059e-02 1.171716466434689907e-02 1.418892181172204912e-02 1.174934585963680056e-02 1.219006357729338075e-02 1.350108664859636827e-02 1.179227824863336022e-02 1.211457447254420464e-02 1.258709474994959901e-02 1.196962768547463543e-02 1.157594088332866353e-02 1.225344043272569468e-02 1.152257139077325458e-02 1.175969335492371183e-02 1.205476221117063665e-02 1.202808200208276522e-02 1.257707984831720437e-02 1.331434048810480747e-02 1.224407576705677410e-02 1.142594254757893849e-02 1.238157218063361785e-02 1.202891765796031999e-02 1.192616425022307441e-02 1.175049805462044690e-02 1.356873538235577221e-02 1.201241437841051377e-02 1.268831005796790257e-02 1.223502075892777402e-02 1.225566239355523404e-02 1.256340950977499586e-02 1.248203750444354561e-02 1.211700266676134057e-02 1.253256899202804045e-02 1.177703253020854525e-02 1.218856684236579654e-02 1.214829117206502399e-02 1.227705957105007344e-02 1.282239968671135440e-02 1.203024348917330379e-02 1.255107094168356370e-02 1.194081759400720914e-02 1.197903021058988049e-02 1.276816541629173518e-02 1.187370592422014488e-02 1.256457065387863066e-02 1.234238385112158137e-02 1.190222120096007946e-02 1.259762805979593864e-02 1.324773075979720008e-02 1.245222015950388401e-02 1.250040367142989106e-02 1.175257167386195567e-02 1.240718471952276247e-02 1.351073218745237406e-02 1.270641333346908368e-02 1.272958894450383453e-02 1.325014910975598655e-02 1.173784418745010306e-02 1.217165651124234825e-02 1.172261621423440273e-02 1.301771593228518223e-02 1.231373583354679335e-02 1.159721376571878383e-02 1.250356186552911003e-02 1.298570402266627927e-02 1.298660905762787088e-02 1.226713708428983814e-02 1.320196912461899484e-02 1.284824821823690386e-02 1.320336257772497870e-02 1.271758023764518047e-02 1.177866534747796720e-02 1.232254351560041136e-02 1.184160267214647878e-02 1.176918138821287860e-02 1.252845112670838285e-02 1.205548506017865666e-02
9.519831266257678531e-03 9.158858865934479260e-03 8.817586953041625306e-03 9.508323311531176672e-03 9.235217464491825637e-03 8.457999847076640501e-03 9.374521078390636239e-03 0.000000000000000000e+00 8.849288170821728583e-03 9.507449437969653014e-03 9.212620897796511971e-03 8.855419003284070723e-03 8.931497095001374870e-03 8.575739292637309108e-03 9.016888208231082363e-03 9.165788879202229483e-03 9.676614858271960495e-03 9.366778723211982571e-03 9.776513792566995237e-03 8.838406791052810102e-03 9.471634760597225436e-03 8.915690351011451228e-03 8.318399230102302422e-03 9.519125580025891709e-03 1.078348997896356153e-02 8.648102106667122577e-03 9.134296536487477788e-03 9.114674025468410060e-03 9.340013725003613876e-03 9.082679988820358680e-03 9.687784739947009546e-03 1.004023827895063684e-02 1.223753828200454565e-02 1.173882474443103258e-02 1.222037933528458652e-02 1.275328985554111637e-02 1.234880370380110094e-02 1.261427139812909375e-02 1.202790375930048658e-02 1.201204764496629704e-02 1.245013880433765846e-02 1.258836841210377901e-02 1.146528504039179448e-02 1.164723062269543315e-02 1.210554291498731026e-02 1.221911906225565080e-02 1.234026948254706400e-02 1.221912139032193395e-02 1.191494772231511783e-02 1.201410667371976757e-02 1.150773858285452506e-02 1.195611745908168287e-02 1.172417520454237076e-02 1.419628680387542523e-02 1.175628004527927602e-02 1.220076506894915598e-02 1.350724386071002793e-02 1.179840019590939343e-02 1.212149267243844281e-02 1.259472346840506164e-02 1.196055284457899631e-02 1.158278110551524791e-02 1.226087269305730330e-02 1.154166690870899944e-02 1.174497132922735360e-02 1.205627415572979762e-02 1.203845938784261528e-02 1.257823857274659347e-02 1.331332369654735642e-02 1.224307977545844965e-02 1.141034589218689783e-02 1.238053320878341849e-02 1.202717394509600704e-02 1.192432609483458882e-02 1.174912650225481796e-02 1.356776605382650769e-02 1.201613414910770658e-02 1.268822835146534919e-02 1.223470538101271987e-02 1.225603205119252942e-02 1.256568871745082291e-02 1.246608171791286669e-02 1.211679084003985593e-02 1.253163390270315217e-02 1.177514299334525387e-02 1.218728786798112078e-02 1.214920226877642430e-02 1.227754340826196951e-02 1.282168686212607246e-02 1.202885628675464356e-02 1.255005653039593938e-02 1.193848825720528195e-02 1.196327996436120401e-02 1.276673933816076419e-02 1.187269323634897872e-02 1.256500318806042828e-02 1.243461841631804052e-02 1.199464310947884714e-02 1.268940437335946102e-02 1.333560407733574635e-02 1.252590678038427094e-02 1.259215724157011426e-02 1.184255329080686862e-02 1.249934958081143875e-02 1.358248310370942583e-02 1.279750819284744545e-02 1.280568006827878177e-02 1.331830458364635303e-02 1.182784011572898634e-02 1.226475349991752381e-02 1.181458850416643690e-02 1.310740364359279896e-02 1.240533890468389390e-02 1.198270205777368820e-02 1.259406206945387283e-02 1.307483515771445427e-02 1.305837457115701684e-02 1.235642348141846592e-02 1.329061256225452445e-02 1.292365390748556782e-02 1.329029702405116510e-02 1.280445291310525549e-02 1.185764088830959344e-02 1.241437468872119178e-02 1.192041270111384756e-02 1.185125996373709995e-02 1.261734730193493290e-02 1.214984850696472669e-02
9.052853904996225123e-03 8.676769029722924617e-03 8.304731482590166705e-03 8.983757720834543298e-03 9.011352867664220237e-03 8.166874240266883828e-03 8.947771065433486951e-03 8.849288170821728583e-03 0.000000000000000000e+00 9.027939017289189627e-03 8.701086484510650587e-03 8.380141717834077575e-03 8.365485789740279010e-03 8.024328216761420288e-03 8.097609866833091821e-03 8.661313520985904069e-03 9.083879936566636309e-03 8.949626084818607455e-03 8.852450617239210687e-03 8.325642571331708791e-03 8.640583255052233097e-03 8.058820643807251827e-03 7.693786145866841376e-03 9.124533322883241621e-03 9.996474003104707448e-03 8.152817284216946556e-03 8.237689465054902002e-03 8.990219126442376349e-03 8.842345790016149440e-03 8.544482899328038200e-03 9.264162770478834644e-03 9.967126515510720680e-03 1.174151430757325310e-02 1.121978685677331965e-02 1.174484401555947813e-02 1.229220590119584761e-02 1.186054185253340373e-02 1.182893797880808784e-02 1.150691542777259983e-02 1.150404287238608950e-02 1.196224938124276251e-02 1.210220020736289641e-02 1.095044306200929421e-02 1.112822267722120458e-02 1.161491715526336184e-02 1.173813699350961630e-02 1.184626655808068696e-02 1.174294578414458029e-02 1.140651747548614668e-02 1.150447298551695446e-02 1.099357905308475519e-02 1.144545482580243759e-02 1.120158304515001500e-02 1.377470045396666024e-02 1.123454584238860882e-02 1.170306089259715021e-02 1.305842469199993382e-02 1.129814897809977396e-02 1.161996259777195277e-02 1.214789569362633749e-02 1.146856770384272264e-02 1.105587164235763073e-02 1.177947443999067742e-02 1.102138625940269311e-02 1.129706460085722758e-02 1.161697612626773519e-02 1.160229816464049268e-02 1.216387372767526245e-02 1.292244953192703272e-02 1.181243501104425019e-02 1.094393996913467157e-02 1.195529296254928611e-02 1.158743513818391926e-02 1.147950827228329772e-02 1.129961490032571972e-02 1.318244148371426790e-02 1.158032967122410266e-02 1.227417118958699233e-02 1.180301868888014756e-02 1.182360647220320748e-02 1.214881701115442386e-02 1.204714773413840742e-02 1.167913439570879286e-02 1.211272384781790327e-02 1.132149941107447703e-02 1.175199974655367907e-02 1.170454698549357880e-02 1.184646027130169602e-02 1.241375378686765223e-02 1.158702632829185578e-02 1.213034829823740959e-02 1.148414109662689378e-02 1.152311717042101002e-02 1.235679178110845808e-02 1.142423372315171971e-02 1.214629110367895955e-02 1.202273031457568551e-02 1.156711988235757313e-02 1.228676349844418612e-02 1.295462131881532954e-02 1.211875853317302860e-02 1.218622435113817480e-02 1.139094182246988378e-02 1.208974150313838619e-02 1.321040212607066042e-02 1.239920046180558073e-02 1.240816148795503143e-02 1.294360207129858012e-02 1.142238803176753338e-02 1.184492616101575323e-02 1.137604148870425928e-02 1.271786022358531096e-02 1.198773652516180871e-02 1.156150219743627347e-02 1.218924822898930817e-02 1.268603436809827463e-02 1.267577725807750300e-02 1.193990751665740743e-02 1.291049377315843343e-02 1.252856641793317211e-02 1.290851695685691150e-02 1.242238262727374427e-02 1.142377724808441367e-02 1.200053166070189255e-02 1.148839222685703321e-02 1.141258713440530467e-02 1.220065425408814984e-02 1.172546156906133577e-02
1.008672016567697775e-02 9.399812955206050119e-03 9.046170438433252456e-03 9.292848928940947856e-03 9.332352450771078806e-03 8.640333770812325467e-03 9.969824207190697285e-03 9.507449437969653014e-03 9.027939017289189627e-03 0.000000000000000000e+00 9.286126703307216734e-03 9.402018609252113870e-03 9.400991291022023355e-03 8.750004043046821778e-03 8.812843578592749125e-03 9.345153340425621860e-03 9.763203293282023479e-03 9.974507100927407569e-03 9.500624313274646723e-03 9.061548577023804604e-03 9.650875091048260676e-03 8.762826614240241604e-03 8.437608255803009938e-03 9.670461585264312696e-03 1.099142991906604770e-02 8.818947336601976050e-03 8.920932451003326172e-03 9.285663480096387548e-03 9.542498105165700753e-03 9.625789506069024407e-03 9.917923492414493225e-03 1.062770066152294961e-02 1.220260869954928155e-02 1.170801526255920051e-02 1.185650224235671943e-02 1.273664570694855828e-02 1.231901172670889742e-02 1.260202194816479986e-02 1.199820491708244487e-02 1.198129671041708172e-02 1.243325575272940554e-02 1.257152775315888496e-02 1.143645888922558036e-02 1.160305745769441357e-02 1.207155649287743396e-02 1.218657557176947882e-02 1.232492716381101451e-02 1.218693932979897192e-02 1.188585068675374577e-02 1.198119260086929691e-02 1.147677605143328401e-02 1.193978448863892809e-02 1.169317631885975241e-02 1.418210955355325015e-02 1.172417295719153409e-02 1.216736702576838927e-02 1.347200373309210761e-02 1.176984030883141026e-02 1.208776576205090533e-02 1.258179798816188959e-02 1.196293359575851568e-02 1.155250607288620286e-02 1.224493313300358682e-02 1.148556016211991181e-02 1.179370331912628529e-02 1.209870188039987443e-02 1.208402934571060038e-02 1.263351696815945800e-02 1.335243401161482699e-02 1.228876051473851497e-02 1.146060262057155624e-02 1.242363201516650389e-02 1.207283092455848326e-02 1.197109954030334614e-02 1.179761710147987468e-02 1.360122854295001474e-02 1.206233339293565597e-02 1.272639881618351301e-02 1.227890641189436152e-02 1.229270223295396772e-02 1.260791939062932618e-02 1.250808692381128427e-02 1.215732135878382601e-02 1.257445905320691074e-02 1.181861998036821092e-02 1.222736963850955608e-02 1.218039043609256758e-02 1.231666826467536779e-02 1.286408499276418295e-02 1.207138139818787238e-02 1.257222010874447897e-02 1.197294926734748625e-02 1.200827386964204053e-02 1.280955990357229325e-02 1.191734136026722200e-02 1.260496170605219547e-02 1.250205094685074257e-02 1.207583964879739222e-02 1.275545261406826891e-02 1.339661097538550651e-02 1.260382066187936898e-02 1.265715888015810954e-02 1.189281117887594323e-02 1.256669428339714061e-02 1.364122306289567224e-02 1.286034764142822417e-02 1.287030620418704203e-02 1.339546018364784832e-02 1.190160029651603918e-02 1.233226961729981357e-02 1.188154137229484146e-02 1.316814016872693525e-02 1.246791240627182634e-02 1.206944555302078004e-02 1.266154675889610143e-02 1.313663415554993871e-02 1.312317070427965193e-02 1.242241027683235743e-02 1.335218747357295142e-02 1.298565924282531030e-02 1.335093728008902511e-02 1.287041179296734977e-02 1.192647799965785606e-02 1.248101815746222032e-02 1.200104499359735781e-02 1.192372889916485344e-02 1.266971931593883355e-02 1.221890244341182485e-02
9.740747682846502553e-03 9.036050380060698523e-03 9.030710860014569061e-03 8.925533984233702603e-03 8.981359309745137048e-03 8.475508945907851699e-03 9.596980922275561224e-03 9.212620897796511971e-03 8.701086484510650587e-03 9.286126703307216734e-03 0.000000000000000000e+00 8.701053072920864051e-03 8.902042601340929076e-03 8.378718130488379059e-03 8.344047365277306935e-03 9.364085482450556358e-03 9.356678008060810917e-03 9.265364111908477168e-03 9.193381804661043127e-03 9.033465963891013084e-03 8.918125576463542536e-03 8.374430066671540232e-03 7.967978102559133621e-03 9.350550425881998945e-03 1.067770687342317268e-02 8.658756851519412365e-03 8.594354796612989345e-03 8.940456675145301915e-03 9.210245614793154470e-03 9.304041802524688071e-03 9.251930049752781979e-03 9.911668707725033306e-03 1.180643734475384302e-02 1.129042822681716393e-02 1.179398971834250479e-02 1.235320347806687612e-02 1.191945661872150126e-02 1.221865913661781058e-02 1.159156912630648559e-02 1.157529768093625358e-02 1.203712434380569546e-02 1.218175355303505528e-02 1.101658948293609414e-02 1.119773925887592413e-02 1.167975506835514619e-02 1.178844003220282100e-02 1.192572542623324648e-02 1.179635648174893851e-02 1.147471124029289004e-02 1.158619048728293417e-02 1.104284897334352651e-02 1.152634979620713145e-02 1.128445000627360285e-02 1.384266345435083631e-02 1.131756259847633249e-02 1.177537092095860827e-02 1.313180389063489661e-02 1.137268629711118105e-02 1.168711775118887533e-02 1.218438033199771217e-02 1.153738493180327812e-02 1.112805567465434756e-02 1.184166044339780496e-02 1.106972326387331215e-02 1.109993120406115204e-02 1.139496234470543934e-02 1.137624424208676099e-02 1.198889015736366755e-02 1.270776277838461983e-02 1.160271416627906872e-02 1.045015544546826387e-02 1.174328553765469421e-02 1.136132508176266286e-02 1.124994872157003209e-02 1.108965807855875896e-02 1.297904462474860562e-02 1.140426445607367265e-02 1.207544757424401996e-02 1.160428100242999298e-02 1.164243127293560116e-02 1.192509139164072904e-02 1.152292100598495753e-02 1.145630606141378148e-02 1.190573204750464825e-02 1.109437621633857333e-02 1.153019654387399222e-02 1.148480091423734369e-02 1.164248308018919070e-02 1.219223632864638827e-02 1.136435943641934954e-02 1.192845975069084866e-02 1.125814262472325279e-02 1.101737778282039712e-02 1.215088138962312769e-02 1.121308899451916967e-02 1.195839885900589969e-02 1.197485537392955005e-02 1.152802927429771168e-02 1.225523850713376023e-02 1.290820775006017683e-02 1.207787972242021883e-02 1.213884134548861606e-02 1.134341723836566548e-02 1.205629695043509454e-02 1.317782282048082960e-02 1.235732583101924187e-02 1.235863762880035598e-02 1.290188465505690170e-02 1.137213458261304884e-02 1.179837891808975005e-02 1.132151362626406324e-02 1.267726506065044653e-02 1.195598161476011008e-02 1.156278478785041641e-02 1.214088440257404984e-02 1.265574680754306090e-02 1.266250912803979292e-02 1.188588750080891814e-02 1.286576000078571563e-02 1.247940756225586652e-02 1.286297866529007884e-02 1.238176185264405760e-02 1.109246081620832679e-02 1.195564718538429973e-02 1.144848709888664565e-02 1.136680562303209532e-02 1.215863823714911397e-02 1.167830545253517420e-02
9.062620891985994145e-03 8.689481974854985566e-03 8.317329239244834055e-03 8.656921461563013218e-03 8.746063932763859308e-03 7.861617974474150242e-03 8.918810842399120184e-03 8.855419003284070723e-03 8.380141717834077575e-03 9.402018609252113870e-03 8.701053072920864051e-03 0.000000000000000000e+00 8.689820599781732102e-03 8.041357410158930102e-03 8.175958185891949934e-03 8.681069784953436910e-03 8.752937599564008381e-03 8.901802744663282752e-03 9.276240619952464198e-03 8.380750443563893259e-03 8.611394201768693413e-03 8.023437451802133483e-03 8.017187650951138750e-03 9.055404650138551906e-03 1.041729357713954036e-02 8.080122416593340032e-03 8.250991858456742378e-03 8.594334852612734235e-03 9.273216734753689239e-03 8.621516748544800005e-03 9.236738471865972924e-03 9.650993472610780444e-03 1.182396229488569608e-02 1.130459570195238572e-02 1.182517644043660880e-02 1.235883544430524915e-02 1.193875342009517379e-02 1.222018805967338591e-02 1.160668610513805946e-02 1.159110019332123924e-02 1.204457730365508100e-02 1.218725794637503732e-02 1.103006546417291227e-02 1.119850438472555151e-02 1.168588503863924460e-02 1.180506100867134180e-02 1.193181538980048889e-02 1.182144652566470208e-02 1.147840006151380418e-02 1.159194081931937993e-02 1.105042994338107515e-02 1.153074525224938827e-02 1.128859281041087390e-02 1.384665349210016487e-02 1.132144887430325438e-02 1.178509815148883269e-02 1.313797732943317899e-02 1.136948174331525903e-02 1.170372697882604389e-02 1.219910078228122509e-02 1.153908890871273643e-02 1.114156403887604958e-02 1.184879131515888598e-02 1.107721521626724333e-02 1.131922627699756718e-02 1.164038709727175692e-02 1.161840637415412388e-02 1.220096412851040535e-02 1.294231246294741400e-02 1.183553074656187171e-02 1.096745438147430328e-02 1.197707619763706786e-02 1.161027216977798295e-02 1.150237916806242863e-02 1.133440040583430508e-02 1.320514657506477625e-02 1.161239138176294906e-02 1.229735144804493772e-02 1.182564495880367855e-02 1.185109246992624085e-02 1.216804879938801834e-02 1.206800797360382815e-02 1.170298815672766134e-02 1.213495658862619522e-02 1.134674768693264002e-02 1.177685673400225355e-02 1.172588917350582058e-02 1.187042655958005580e-02 1.243506764378423529e-02 1.161196811615733404e-02 1.215452303842309151e-02 1.150809018887751292e-02 1.154516595607544237e-02 1.237848014044114035e-02 1.145017271401449314e-02 1.217032522892105839e-02 1.195378111694286698e-02 1.153128655193409041e-02 1.222204745441924159e-02 1.289162237724121585e-02 1.209202084128239291e-02 1.213612330565366597e-02 1.136167043174191905e-02 1.202152441115207984e-02 1.314574272723261633e-02 1.235273315997806147e-02 1.235829844307335078e-02 1.254901043194299112e-02 1.133133288464425667e-02 1.177613367977789829e-02 1.131531031798241500e-02 1.265672810601016496e-02 1.192663629016249560e-02 1.150852996304748202e-02 1.212181882114454073e-02 1.264024474893299561e-02 1.261362136250372343e-02 1.187762401554416127e-02 1.286231191340673347e-02 1.248111794839308099e-02 1.286328241112973461e-02 1.234566128794367321e-02 1.134501761436497273e-02 1.195163998263794498e-02 1.145067495003754265e-02 1.134584506705597559e-02 1.213705534780787007e-02 1.165711344383318221e-02
