0.000000000000000000e+00 8.230982752191664392e-03 8.646506438113299095e-03 7.998712680217465523e-03 8.210099956038949612e-03 8.756056463378831742e-03 7.970355351197278004e-03 8.187054300188730677e-03 7.758998089904045603e-03 8.735026148385269251e-03 8.557449586113319295e-03 8.113760855751963458e-03 7.961192374565622190e-03 8.000408615255289943e-03 1.056537362719040321e-02 8.354035871270834232e-03 8.744898947998553870e-03 8.271577680147922801e-03 8.665770569946974755e-03 8.111508072972242744e-03 8.345615211606333822e-03 8.539416784277862466e-03 8.180815943911385821e-03 8.146867459935770370e-03 8.009741752565852427e-03 8.161258421013983452e-03 8.558814851916372174e-03 8.196389455832413587e-03 7.968102249630784270e-03 8.908030263320609182e-03 8.575245832102451615e-03 7.906319450363441179e-03 9.061421238931667912e-03 9.701331582521805635e-03 8.960487046555670396e-03 8.985243790935952546e-03 9.662753359869687489e-03 9.424687767561742632e-03 1.021927150307201833e-02 9.023872314564094013e-03 9.158442564530036578e-03 9.411428083105417841e-03 1.137247478019369658e-02 9.365530837019341373e-03 9.655953219275354923e-03 9.024014184903606656e-03 9.185271292386089359e-03 9.356682149114338778e-03 9.300727357042723464e-03 8.862434270478922876e-03 9.375462286081343716e-03 9.157039111120323510e-03 9.729378718930316652e-03 8.929492676248328847e-03 8.946230458540316288e-03 9.214292325437882167e-03 9.096287789203244198e-03 9.152551702403267583e-03 9.249255345664016137e-03 8.760109952453432394e-03 8.773062179098952557e-03 9.008499714483407875e-03 9.022109136257569842e-03 9.295389275776017729e-03 9.253817324176750667e-03 9.283531303473605001e-03 9.235099940557787990e-03 9.101019466238945144e-03 9.607141704748837011e-03 9.196590963644566200e-03 9.961945207232904276e-03 8.987325001839489499e-03 9.350620073516063488e-03 9.386862944325710667e-03 9.455215662188891715e-03 9.155008739008164628e-03 9.777193316080666843e-03 9.275431700672262178e-03 9.651091748128899639e-03 9.486828207771479810e-03 9.111238530948497644e-03 9.364675540698617212e-03 9.770252748921657432e-03 8.818721350136648693e-03 9.334310545520339147e-03 9.280940224641601871e-03 9.174670635406941693e-03 9.317186824575916099e-03 9.197593139254021943e-03 9.255241773171992564e-03 9.654736753661418563e-03 9.936726727577257015e-03 9.115642245364891788e-03 9.214960292010672058e-03 9.592110473777054960e-03 9.257270119970371913e-03 9.706344514221020361e-03 9.346958398021319725e-03 9.492762690351180810e-03 9.189640964866145970e-03 8.938227378951602714e-03 1.009179128638909920e-02 9.313360148629637805e-03 9.523279490395896579e-03 9.197962478902461589e-03 9.137405327336308586e-03 9.125066312082548425e-03 9.615863374007936268e-03 9.326301462221795943e-03 8.737243493035449712e-03 9.092511356286522156e-03 9.106556113044395051e-03 9.546284962328028395e-03 9.075444064957213439e-03 9.741932439613073397e-03 9.396820874080618821e-03 9.084716850162733240e-03 9.106613498505699775e-03 8.958749697801034195e-03 9.345287443802474669e-03 9.929213683499806334e-03 9.183275693637823686e-03 9.208022659106461852e-03 9.686329132632190420e-03 8.876402702505595613e-03 9.719984148505816240e-03 9.449102945565827916e-03 9.126319877469698388e-03
8.230982752191664392e-03 0.000000000000000000e+00 7.687921130933693913e-03 7.018713043869315507e-03 7.534942700964065640e-03 7.851947481502507750e-03 7.515584317255249482e-03 7.535699394752038219e-03 7.025413868802746209e-03 8.128995575318882783e-03 8.209082702369219567e-03 7.452862606256580730e-03 7.263384129624007174e-03 7.282903169098680664e-03 1.002184931371628319e-02 7.637166648644175618e-03 8.177856058243549581e-03 7.879845035978870829e-03 7.773309778560882378e-03 7.422618544210846277e-03 7.672542311262677169e-03 7.613026799055950047e-03 7.521292136953048463e-03 7.505598965741785630e-03 7.318275808479916648e-03 7.409671770560379879e-03 7.617803735148876917e-03 7.545157041911981950e-03 7.304621461790357546e-03 8.369107997853793279e-03 7.660322031515008276e-03 7.217753264720869720e-03 8.423371871781557343e-03 9.112870928349076777e-03 8.312800669029346209e-03 8.348124306926258884e-03 9.071421021416451597e-03 8.819492935126098040e-03 9.666594901829238598e-03 8.381255254475181160e-03 8.527767514761920922e-03 8.801306911131382207e-03 1.088306252225992345e-02 8.751375941604525727e-03 9.064311897569180682e-03 8.381257778809662190e-03 8.556024088093472368e-03 8.742477586129145453e-03 8.690815949027638765e-03 8.206553442480999869e-03 8.752855480687273329e-03 8.535209001644306417e-03 9.143147708062559012e-03 8.288410887750402231e-03 8.299279838940838358e-03 8.595985045664054566e-03 8.246238609048472598e-03 8.530039169544824038e-03 8.634808145745017510e-03 8.094236808257795207e-03 8.116953180732652470e-03 8.364538020208159286e-03 8.388375110930584161e-03 8.675488375184278039e-03 8.656996325393540373e-03 8.689697564314775163e-03 8.637100648054662003e-03 8.493323613730837524e-03 9.037426668623012305e-03 8.587719459219040133e-03 9.417073372728458971e-03 8.368844441796068762e-03 8.761458158414676956e-03 8.800687216464698343e-03 8.874256091134949051e-03 8.550655277490357836e-03 9.219493268376800429e-03 8.680963117085258030e-03 9.084500495471001594e-03 8.908323992540405009e-03 8.502712993814345865e-03 8.776855236829242055e-03 9.212425647091439240e-03 8.185841034002079922e-03 8.744133866566855887e-03 8.686597806805040206e-03 8.571853689140648130e-03 8.725262077785256656e-03 8.596332100208079613e-03 8.658860718040627819e-03 9.088767387202040596e-03 9.389985483351995579e-03 8.506571513275766605e-03 8.615362294553105538e-03 9.021358740814557423e-03 8.661297369445200220e-03 9.144413943336005338e-03 8.758462168555376098e-03 8.916052580003767936e-03 8.587323094215568511e-03 8.316308684142424690e-03 9.555786638996728935e-03 8.722230101141663708e-03 8.935954234044654609e-03 8.597213693175875457e-03 8.532234309121915217e-03 8.518506848092074341e-03 9.047404893291793176e-03 8.736010855432164990e-03 8.097537742415200634e-03 8.482391109382427311e-03 8.498480438320542285e-03 8.972682404248522731e-03 8.465331080093835628e-03 9.182468983012205543e-03 8.812258660620941528e-03 8.476385352762351791e-03 8.497752784217738400e-03 8.339011895861512050e-03 8.756184285456315025e-03 9.382001168182782860e-03 8.580575827515814560e-03 8.608506996762139984e-03 9.122926517762698986e-03 8.249186595563978708e-03 9.158446738655621686e-03 8.867849844345169000e-03 8.519891016143209955e-03
8.646506438113299095e-03 7.687921130933693913e-03 0.000000000000000000e+00 7.430022211624974157e-03 7.904535041717378543e-03 8.215891219277432489e-03 7.950201355983461948e-03 7.917477901734465764e-03 7.432058037069941801e-03 8.493752005898096494e-03 8.634255840794972242e-03 7.815894989221137609e-03 7.672729089679109285e-03 7.718450395102784654e-03 9.981047249931665477e-03 7.803366448866556719e-03 8.805251129702424198e-03 8.041332899579639940e-03 8.162876638274174299e-03 7.810068103877771707e-03 8.058111080311571375e-03 8.008041830299669761e-03 7.914553648243899051e-03 8.133143374618999680e-03 7.933884525312590724e-03 7.570637984949846362e-03 7.989592559369002728e-03 8.172257238510696048e-03 7.943842314482368536e-03 8.699676030131416396e-03 8.018360094097872273e-03 7.881217742108235363e-03 8.815481851741602606e-03 9.473741548108564545e-03 8.710954492048521638e-03 8.737079259724734800e-03 9.434472986802605945e-03 9.199648737639225249e-03 1.000554540114434801e-02 8.776683782429831396e-03 8.915208014249000404e-03 9.176190161610598903e-03 1.118234370054858873e-02 9.128226636674025701e-03 9.427044472844547246e-03 8.776154766314570380e-03 8.942513159539245554e-03 9.119135780524442389e-03 9.062574205688163007e-03 8.609642094398234705e-03 9.127988797928282549e-03 8.914079144614265107e-03 9.502624362843685099e-03 8.678523463514376673e-03 8.705126439368634020e-03 8.973058518890438331e-03 8.841769842930061879e-03 8.909369994787372585e-03 9.009067317089409360e-03 8.503597251398518214e-03 8.517977257445101189e-03 8.760148364907849317e-03 8.774796036751414050e-03 9.055681251500609721e-03 9.002501236389202910e-03 9.042269214042953848e-03 8.992063258813276158e-03 8.861371028244061435e-03 9.375179546449032703e-03 8.944397221221252886e-03 9.740047800907597128e-03 8.736185894111481512e-03 9.111441569239160654e-03 9.148483374407609739e-03 9.218882652624112162e-03 8.909524887219411049e-03 9.549683726445403614e-03 9.034239574830993033e-03 9.420378948482176565e-03 9.251743351296005946e-03 8.864360588389776086e-03 9.125928064737963419e-03 9.543482967793706986e-03 8.562369124624049158e-03 9.094689840358353636e-03 9.039036746165960909e-03 8.929788197767825689e-03 9.067645657113956176e-03 8.953868747600870343e-03 9.013139385861171013e-03 9.424720119919646408e-03 9.713846614294027043e-03 8.869001558378511452e-03 8.971931927391305073e-03 9.359752896649781162e-03 9.015282787125355676e-03 9.478581823525322400e-03 9.108762415017348027e-03 9.258504547785630090e-03 8.945929503021195911e-03 8.686536751016346244e-03 9.874244790978536912e-03 9.074137848043452650e-03 9.271763963455062832e-03 8.954467514437186235e-03 8.892669557603644429e-03 8.879317371732253772e-03 9.385499623024918386e-03 9.087377381321429942e-03 8.478904080084304420e-03 8.845756077834707187e-03 8.860220479097671506e-03 9.313919229545643275e-03 8.828469533835234945e-03 9.515140426880220464e-03 9.159828574886681729e-03 8.838666064006576312e-03 8.860985649673006406e-03 8.708374927933896018e-03 9.106316329530305537e-03 9.706704525318167465e-03 8.939339090423225470e-03 8.965483118292687931e-03 9.458012868021951208e-03 8.622680183173400681e-03 9.491830533856597529e-03 9.213186907715789631e-03 8.880659346877402618e-03
7.998712680217465523e-03 7.018713043869315507e-03 7.430022211624974157e-03 0.000000000000000000e+00 7.263383942636492292e-03 7.602098607363198639e-03 7.023189275983011612e-03 7.495039397044131295e-03 6.720653357327285859e-03 7.919864518570967835e-03 7.757036396283391658e-03 7.170807220289858799e-03 6.964729858036596000e-03 7.036148952134598476e-03 9.533763829816632729e-03 7.156773845180798566e-03 7.936591683442840300e-03 7.391386784567778589e-03 7.525306113965685682e-03 7.138780978296534012e-03 7.416638962739378373e-03 7.358148303569546356e-03 7.273942908614620430e-03 7.236025583149071662e-03 7.012948793836612515e-03 6.907078250671714811e-03 7.352028205887544896e-03 7.284297532532932155e-03 7.246550993107015934e-03 8.395848320564199344e-03 7.374304234322099846e-03 6.933375766895845740e-03 8.222142131901803708e-03 8.928884025113100614e-03 8.107698750769772728e-03 8.135208649730432326e-03 8.886674150184499174e-03 8.625956106860864503e-03 9.494357174999896662e-03 8.178810372032845402e-03 8.328714368978015758e-03 8.609016351681110166e-03 1.072873187365235535e-02 8.558707673057884199e-03 8.879187516244909859e-03 8.178550542215386882e-03 8.358466237338735630e-03 8.548882654483622515e-03 8.487476496665848080e-03 7.997911937047231384e-03 8.560077361914251309e-03 8.327616308754471133e-03 8.959956160668764574e-03 8.073393725800150772e-03 8.093660720854749940e-03 8.391081576946339549e-03 8.251065209009171217e-03 8.321999280610030067e-03 8.429340757890653457e-03 7.882873081211600255e-03 7.897960070412105710e-03 8.161222742427833715e-03 8.176188891267749739e-03 8.480756854165778791e-03 8.407841300552946345e-03 8.448447292160739600e-03 8.385747072835335672e-03 8.237510573895729521e-03 8.798971844036313980e-03 8.140521606158154441e-03 9.197564149549371237e-03 8.109123325313239219e-03 8.523677752432101337e-03 8.554637309265889292e-03 8.630691041789069831e-03 8.296059175192172994e-03 8.985973769624511220e-03 8.439389355450566815e-03 8.846830896733149513e-03 8.665798965063047435e-03 8.248902488890149515e-03 8.530483311327729384e-03 8.987333701188893534e-03 7.919687511363493124e-03 8.497436396686507132e-03 8.437069703160887321e-03 8.318505752473944609e-03 8.477242316805893435e-03 8.345723202499407203e-03 8.408029793331210644e-03 8.859749045749272522e-03 9.161839671436789595e-03 8.253881534723180036e-03 8.364644884751248899e-03 8.782194004476138322e-03 8.419314399582062541e-03 8.935172198558266957e-03 8.538875762640993350e-03 8.700626396428021853e-03 8.363702225636310619e-03 8.082915601611973325e-03 9.356226129103381237e-03 8.501594228403514322e-03 8.716325364194886516e-03 8.372757128921905906e-03 8.305822945675276833e-03 8.291560407102209485e-03 8.835678500443011271e-03 8.515788398281903815e-03 7.857233841835535235e-03 8.255471421279147320e-03 8.270269357715702777e-03 8.759099684941658304e-03 8.237746660121683662e-03 8.974272569959139065e-03 8.595153307699793938e-03 8.248150513590530447e-03 8.271817511697308542e-03 8.106469825453056430e-03 8.536298395864307803e-03 9.178337651573203332e-03 8.354966004848019684e-03 8.384529170956177974e-03 8.913295625890388027e-03 8.013487252025941476e-03 8.948633250530432445e-03 8.651184349826786593e-03 8.292956936412897509e-03
8.210099956038949612e-03 7.534942700964065640e-03 7.904535041717378543e-03 7.263383942636492292e-03 0.000000000000000000e+00 8.065273644308548762e-03 7.535865934649135095e-03 7.767592842095389326e-03 7.260330663747070062e-03 8.611982038525072686e-03 8.444870532857487455e-03 7.668591935519629421e-03 7.493640947810314805e-03 7.529373806525643809e-03 9.866072058873558842e-03 7.887175598571693688e-03 8.373306942401582617e-03 7.858653378960980818e-03 8.007630377987420833e-03 7.648046409341871521e-03 8.121761583705288876e-03 8.108473710211210744e-03 7.751344367160568731e-03 7.727425138448379069e-03 7.760049693354816036e-03 7.439523443429635861e-03 7.857335475475115891e-03 8.014615243961012089e-03 7.540723920067085063e-03 8.830997484816215104e-03 7.848005247477132448e-03 7.453163869797668414e-03 8.672886596712047272e-03 9.343352010792015799e-03 8.566871202753524248e-03 8.593568931077983156e-03 9.303148558888970493e-03 9.055752228401449042e-03 9.883082482099911706e-03 8.633831854984452825e-03 8.774922866692786219e-03 9.040651829821281377e-03 1.107371083829028317e-02 8.992073099315350815e-03 9.295924469427868653e-03 8.633599194726903486e-03 8.802744269011826203e-03 8.982827054778187714e-03 8.924903216901116515e-03 8.463621152844711878e-03 8.992067945865912793e-03 8.773766722596221257e-03 9.372670920118824495e-03 8.534148534906653774e-03 8.560964150016567645e-03 8.833806887655840795e-03 8.700666538167070932e-03 8.769070555171046624e-03 8.870590476243158870e-03 8.355825081820452208e-03 8.370185268540050044e-03 8.617314829134222268e-03 8.632000997921517038e-03 8.918245327127446651e-03 8.875591437503108777e-03 8.907728922587282785e-03 8.856627791105775235e-03 8.723412380484288006e-03 9.245917810120693817e-03 8.807878711297251889e-03 9.615991272060756684e-03 8.595835124150763909e-03 8.977794054724839989e-03 9.015185084440291777e-03 9.087327509225907179e-03 8.772316614837009918e-03 9.423474507527486443e-03 8.898976893795399953e-03 9.291511463845946589e-03 9.120422922399963259e-03 8.726614764581421338e-03 8.992501397300522309e-03 9.416555426420572528e-03 8.418745581690294938e-03 8.960706434095709605e-03 8.904438104875919344e-03 8.792988421388987785e-03 8.942319486340995910e-03 8.825302759696489890e-03 8.877769225701947348e-03 9.296244268285893883e-03 9.590070111206067810e-03 8.731233737677000784e-03 8.835208704759600282e-03 9.230539029382279007e-03 8.879909271207065552e-03 9.348607704510823041e-03 8.972582364019401208e-03 9.124788061545688680e-03 8.806875188961723472e-03 8.542689020574137024e-03 9.750206138692266850e-03 8.937376077843433436e-03 9.138847188306580688e-03 8.815580479899895808e-03 8.752654693534813249e-03 8.739071680866107583e-03 9.253991114779950775e-03 8.950838746282592170e-03 8.331050157166083533e-03 8.704878819192445744e-03 8.719682473749016879e-03 9.181254709887553059e-03 8.686811986952622938e-03 9.385702675056438807e-03 9.024094839982265900e-03 8.697483531071002055e-03 8.720383243808731838e-03 8.564919760648501482e-03 8.970114277044478890e-03 9.580257280623673613e-03 8.800406292857826732e-03 8.826777054418184429e-03 9.327701505611124891e-03 8.477634347848614013e-03 9.362187096162762762e-03 9.078832205680035725e-03 8.740443218901279565e-03
8.756056463378831742e-03 7.851947481502507750e-03 8.215891219277432489e-03 7.602098607363198639e-03 8.065273644308548762e-03 0.000000000000000000e+00 7.837104727050776473e-03 8.057916517641728130e-03 7.610736473800411989e-03 8.898223653695733204e-03 8.461772465083117201e-03 8.222395179153603809e-03 7.783539815163476559e-03 8.098802436206605990e-03 1.008330211541511555e-02 7.960239571921129409e-03 8.644395663986989553e-03 8.427787699339151645e-03 8.536277091627740218e-03 8.192171997200408881e-03 8.193463035645488085e-03 8.394773211869675789e-03 8.305996183629333479e-03 8.289312652329138692e-03 7.882754465989027376e-03 7.768495847967325958e-03 8.152471441123158510e-03 8.076258566577522099e-03 7.869815602571586868e-03 8.807856317453267858e-03 8.416694850042696560e-03 7.790222286998315163e-03 8.902038914347562212e-03 9.535245865691386116e-03 8.779517162928475102e-03 8.815592040355075751e-03 9.495767761573327415e-03 9.267465905277100582e-03 1.007570740661316126e-02 8.853808085695613270e-03 8.982280787676990078e-03 9.251184949818924003e-03 1.124887412870295006e-02 9.192199677069303257e-03 9.488217429326959579e-03 8.844830967958716358e-03 9.008873732411611102e-03 9.182610450902324931e-03 9.138360188804157958e-03 8.680238390814349475e-03 8.949246564814914567e-03 8.981137031832051032e-03 9.576190366352410263e-03 8.748985971352736882e-03 8.775731649057700104e-03 9.039632468679238350e-03 8.911045896041079259e-03 8.976114992699476755e-03 9.075453858638810045e-03 8.575784514912428158e-03 8.598093982273308927e-03 8.828228439451153015e-03 8.843321659027760656e-03 9.121341509739170836e-03 9.098799943523059458e-03 9.137271544445168397e-03 9.087583183358827893e-03 8.952110792217691723e-03 9.466311453902668746e-03 9.041336490771888917e-03 9.827753789008924004e-03 8.834952773330051121e-03 9.204493224855435710e-03 9.242422982652157698e-03 9.311703540609483562e-03 9.006374919624030723e-03 9.639206268057908325e-03 9.129342125490517643e-03 9.511361435207761617e-03 9.344304793076170165e-03 8.960338023512705655e-03 9.219893340810787416e-03 9.632796009101598708e-03 8.662651476777466844e-03 9.188833902546921298e-03 9.134357139010496757e-03 9.026365392275300520e-03 9.163044383303838719e-03 9.049250006544017066e-03 9.108412332244008106e-03 9.515357864494951648e-03 9.801492779745846207e-03 8.964641496775812082e-03 9.067485039638714314e-03 9.451048028960247482e-03 9.110756706872042907e-03 9.569953561928882732e-03 9.204991019087787815e-03 9.352291878740951955e-03 9.042973675192959859e-03 8.788163327337355016e-03 9.962128243718806203e-03 9.170392026866373142e-03 9.364851212115377771e-03 9.052453612317516371e-03 8.991253474466885318e-03 8.978036153110087111e-03 9.478161963023671796e-03 9.183808747593011704e-03 8.582250750682281562e-03 8.944133422118583088e-03 8.959339664430812644e-03 9.407301837766911257e-03 8.936635089737424154e-03 9.606768894044338467e-03 9.264281910664062467e-03 8.937818126755514223e-03 8.957805218465732591e-03 8.809769804888057526e-03 9.202524776335147330e-03 9.796004109486297282e-03 9.035624700215998811e-03 9.063374145978566818e-03 9.549789710888481262e-03 8.724845658755442726e-03 9.582746336806944806e-03 9.307771011189744717e-03 8.979405898000223860e-03
7.970355351197278004e-03 7.515584317255249482e-03 7.950201355983461948e-03 7.023189275983011612e-03 7.535865934649135095e-03 7.837104727050776473e-03 0.000000000000000000e+00 7.511586887116298607e-03 7.014109368992589230e-03 8.393861560388642465e-03 7.936270125190263147e-03 7.431588533607779747e-03 7.249477792668785475e-03 7.535401420349046100e-03 1.002908000950960068e-02 7.406965705641001090e-03 8.166403551556095097e-03 7.627282155664459606e-03 7.777169095385978205e-03 7.401230973769564944e-03 7.654430404864866720e-03 7.616269180207045630e-03 7.738024532965587059e-03 7.470507558211844298e-03 7.309483841467833212e-03 7.196669295908206081e-03 7.633686760432689677e-03 7.518315724070323905e-03 7.279789799329024896e-03 8.357292913894594222e-03 7.663769613241889524e-03 7.218154840163006937e-03 8.480481036676670165e-03 9.158555874946197606e-03 8.362913981017842946e-03 8.390028920447252167e-03 9.117475209973835079e-03 8.864691680132489454e-03 9.709875892395756006e-03 8.431705906915368601e-03 8.576596061039061525e-03 8.848757993936251509e-03 1.091986657961403068e-02 8.799343754831989717e-03 9.110421685795632579e-03 8.431461133886094389e-03 8.605461131267111777e-03 8.789536682009961230e-03 8.730151034825613110e-03 8.256945710692327814e-03 8.799236846336632931e-03 8.575232412331405471e-03 9.189198545500366216e-03 8.329580349357046387e-03 8.347840288597608085e-03 8.636727562387095519e-03 8.508890779965028184e-03 8.570264700065026095e-03 8.674458756248613553e-03 8.146021746959223458e-03 8.160178760836295578e-03 8.414444474379190533e-03 8.429532107010825545e-03 8.723918258271833384e-03 8.667278716386568604e-03 8.708263373481590214e-03 8.655952458147131087e-03 8.511944290408909181e-03 9.055240254994998197e-03 8.607065732143159148e-03 9.434178933522156807e-03 8.389066752489082041e-03 8.780621803154925117e-03 8.819383013290360215e-03 8.892554821028597969e-03 8.569939133926203836e-03 9.236814313917597954e-03 8.699871842080507400e-03 9.102436657216174051e-03 8.926713488067896177e-03 8.522805358021291050e-03 8.795595689892073826e-03 9.230050888969552544e-03 8.206273628580014468e-03 8.763259075337410595e-03 8.705191101607672940e-03 8.591074683715607327e-03 8.735352988082015560e-03 8.615680311732334951e-03 8.677941699973433162e-03 9.106617368643541918e-03 9.406820977471292908e-03 8.527578208338064750e-03 8.635368015321475896e-03 9.039207707450756454e-03 8.680384137186013607e-03 9.165206546736527973e-03 8.781036103328086415e-03 8.937891014873034987e-03 8.611909729611925621e-03 8.340516200386449697e-03 9.575549553112638196e-03 8.744627559846361586e-03 8.968408127347273981e-03 8.620777379012059191e-03 8.555232028612849357e-03 8.541888764399211548e-03 9.068793055180976448e-03 8.758797931043308879e-03 8.122583636468205456e-03 8.507180771362502988e-03 8.522272495089838057e-03 8.994433645751231596e-03 8.496892300230377698e-03 9.203804870166367239e-03 8.843327844710521801e-03 8.498972601838171784e-03 8.522162030739273766e-03 8.362705956432641211e-03 8.779154919418484873e-03 9.402870812141380860e-03 8.604354861365019064e-03 8.631633306713553527e-03 9.144191332077973924e-03 8.273274829882217365e-03 9.179753097555419170e-03 8.890269739500180832e-03 8.543196812910842236e-03
8.187054300188730677e-03 7.535699394752038219e-03 7.917477901734465764e-03 7.495039397044131295e-03 7.767592842095389326e-03 8.057916517641728130e-03 7.511586887116298607e-03 0.000000000000000000e+00 7.249206038608217544e-03 8.604410406938052536e-03 8.183941919948920993e-03 7.656197513317078950e-03 7.722160754535962839e-03 7.557139660944733883e-03 1.021158756738210771e-02 7.650891302559958800e-03 8.619176186315861271e-03 7.852909437268858206e-03 7.989927666153286145e-03 7.863934842312099785e-03 7.880825378256977112e-03 7.843112687475447403e-03 7.721341137411024888e-03 7.943566276416492988e-03 7.551646192502909846e-03 7.439781465683034146e-03 8.093791516299490493e-03 7.751186006227537770e-03 7.525823798462647624e-03 8.536663072737206773e-03 7.880639989724519401e-03 7.466465810742933980e-03 8.669495513655702326e-03 9.339118878750503339e-03 8.562266758861462185e-03 8.588907628882085088e-03 9.298877194947031272e-03 9.051405857210368874e-03 9.879209347618959566e-03 8.629285186056576823e-03 8.770434769495395050e-03 9.036206055708073323e-03 1.107073286624378830e-02 8.987701918274044327e-03 9.291722683518452430e-03 8.629061869153149128e-03 8.798565126630667269e-03 8.978411744876717976e-03 8.920486808545437241e-03 8.459072189299645175e-03 8.987801844921395125e-03 8.769317610089409978e-03 9.368852036468212560e-03 8.529961626684470777e-03 8.547798758425170437e-03 8.829349320404644014e-03 8.697017434782551570e-03 8.764469337438605262e-03 8.866060619377107155e-03 8.351242568123955906e-03 8.365511962142392621e-03 8.612720783599130819e-03 8.627331875524266169e-03 8.914118026890544000e-03 8.861349558070360025e-03 8.901241644429775876e-03 8.850436981025361360e-03 8.709965469640599048e-03 9.240276378028671259e-03 8.809908881220834126e-03 9.610950714693585611e-03 8.590369414176858218e-03 8.971652108400878650e-03 9.009931237282676683e-03 9.081296001154474939e-03 8.766643454831702861e-03 9.417901458532752790e-03 8.893075545124478828e-03 9.286504554222774557e-03 9.114710335209576936e-03 8.720407390250576110e-03 8.986685359464712669e-03 9.411015816291041711e-03 8.412514430848189867e-03 8.954983054449444646e-03 8.898512235796744024e-03 8.787243110210831917e-03 8.927711341626646743e-03 8.810882974174771148e-03 8.871905178925687877e-03 9.290303943830423294e-03 9.584342723816544063e-03 8.725005712286054010e-03 8.830148200717364074e-03 9.224587840173346931e-03 8.874027855048413627e-03 9.347347739301606687e-03 8.971684332109111648e-03 9.132570075508047308e-03 8.806228548509162715e-03 8.542360451289868900e-03 9.749032384253213807e-03 8.936431995642620321e-03 9.154397760420299526e-03 8.815292171855938080e-03 8.751702374806619861e-03 8.738746217051691217e-03 9.253088440060917852e-03 8.949387364646696139e-03 8.330327000819733388e-03 8.704480064989568097e-03 8.719248964900798773e-03 9.180031138238111885e-03 8.687326448406508528e-03 9.384504262061311997e-03 9.024668699719767817e-03 8.703900155471464353e-03 8.718918626905929059e-03 8.563988550279365286e-03 8.969820377378041887e-03 9.579408155905820565e-03 8.799279310352268318e-03 8.825898190091427398e-03 9.326444367892369053e-03 8.476923520360673744e-03 9.361174192929805696e-03 9.078596230831775110e-03 8.739742753752943738e-03
7.758998089904045603e-03 7.025413868802746209e-03 7.432058037069941801e-03 6.720653357327285859e-03 7.260330663747070062e-03 7.610736473800411989e-03 7.014109368992589230e-03 7.249206038608217544e-03 0.000000000000000000e+00 7.913724397155756651e-03 7.736472106133609160e-03 7.126173935258800496e-03 7.169849232188831370e-03 7.040929995061847614e-03 9.551654133198760749e-03 7.168971047985783426e-03 8.188813582244757264e-03 7.397963722913786580e-03 7.544870551083178618e-03 7.119510678010567729e-03 7.641979841009993550e-03 7.362520035418798105e-03 7.256320356184817882e-03 7.225173009016966526e-03 7.022589277026399304e-03 6.896965279894091104e-03 7.368246539799000808e-03 7.277353930342356399e-03 7.028018604492510327e-03 8.123186427574782126e-03 7.394988538065302291e-03 6.943326881179340965e-03 8.247261167624744468e-03 8.952097631507614436e-03 8.133717053570146960e-03 8.162044707249288891e-03 8.910095612979181123e-03 8.651464279888514478e-03 9.515639828543817971e-03 8.204439204333280333e-03 8.354011879070893931e-03 8.634370516283074171e-03 1.074627728752800861e-02 8.583230344888573282e-03 8.902554298847781614e-03 8.204181511839735153e-03 8.383643090679215523e-03 8.573471788868134921e-03 8.512201932294126069e-03 8.024444232614247677e-03 8.584267577438365812e-03 8.353086397913135619e-03 8.983021221164153719e-03 8.099854894675810948e-03 8.119092265944174297e-03 8.416015339422535865e-03 8.276283676792157637e-03 8.348004573556373417e-03 8.455307833015112198e-03 7.909561482115235603e-03 7.924725354508792632e-03 8.186963538101795987e-03 8.202996761922886487e-03 8.505510233441052059e-03 8.449985933686619474e-03 8.491464599727287579e-03 8.437753346732242837e-03 8.289474415197976495e-03 8.847641302563423807e-03 8.387460899664413508e-03 9.235573121132521074e-03 8.162262291710964401e-03 8.565785294269542133e-03 8.605435082176138978e-03 8.681048044729335056e-03 8.349095015218953655e-03 9.034049873997432312e-03 8.482488027145696982e-03 8.895908471009439031e-03 8.716017208924550785e-03 8.300978253373990715e-03 8.581284638848805241e-03 9.026747090320004843e-03 7.973770088908715276e-03 8.548288788100700392e-03 8.488320794974963182e-03 8.370851738272452186e-03 8.520477866523592722e-03 8.405307660969122199e-03 8.460322514724484544e-03 8.900542971669625839e-03 9.208021566152978926e-03 8.305830608593021622e-03 8.416504267195593775e-03 8.831576878777801232e-03 8.462778892194156022e-03 8.959432655938443998e-03 8.564646757715678807e-03 8.732608274785310168e-03 8.390033088170401401e-03 8.110284165972857576e-03 9.378916829940599914e-03 8.527583371658669156e-03 8.742803932181700266e-03 8.399251864543644946e-03 8.332418721536895626e-03 8.318239487556229605e-03 8.860433163611208807e-03 8.541243385785405803e-03 7.885166066088066320e-03 8.282421014127100412e-03 8.297978545488804425e-03 8.783965363510974275e-03 8.264112916107665963e-03 8.998283951788112883e-03 8.620275287350712828e-03 8.280986251835875667e-03 8.298501420273819013e-03 8.133627800583395628e-03 8.562149422655216183e-03 9.201519040518772383e-03 8.383379436865038767e-03 8.410919150158398944e-03 8.937620704973491328e-03 8.040812414904166192e-03 8.973697894036911440e-03 8.676644917243851035e-03 8.319354151976108072e-03
8.735026148385269251e-03 8.128995575318882783e-03 8.493752005898096494e-03 7.919864518570967835e-03 8.611982038525072686e-03 8.898223653695733204e-03 8.393861560388642465e-03 8.604410406938052536e-03 7.913724397155756651e-03 0.000000000000000000e+00 8.998539880983112693e-03 8.270637464361902183e-03 8.077164031908218647e-03 8.133391381536764220e-03 1.066118231559934695e-02 8.512313689517882545e-03 8.898357266300033208e-03 8.433751934545759971e-03 8.530530233013490157e-03 8.501979430334564644e-03 8.742152705932496048e-03 8.416541369870148004e-03 8.591925793562505895e-03 8.577135679158374992e-03 8.166824299602639184e-03 8.076379116241871881e-03 8.447424659010632775e-03 8.328595341507981017e-03 8.150074486855923839e-03 9.068020146534074358e-03 8.740454949163327728e-03 8.097169467063227918e-03 9.188243796115118725e-03 9.819083437701960765e-03 9.089402921023411949e-03 9.114051216318119417e-03 9.781070405983600252e-03 9.547801531412823325e-03 1.033017113999799667e-02 9.151754736139038407e-03 9.284249342249228584e-03 9.533390883625916454e-03 1.147120753752075076e-02 9.488114015202468374e-03 9.774313783073727141e-03 9.151864843542783373e-03 9.310648459452834647e-03 9.479441288841542607e-03 9.424654471105006759e-03 8.992942802442211933e-03 9.498072931837081220e-03 9.283165338168740746e-03 9.846730814633860088e-03 9.059199090497129306e-03 9.074959116485037391e-03 9.339509999499725351e-03 9.214605661732839376e-03 9.278749828295219937e-03 9.373959558884878765e-03 8.892196568367684295e-03 8.905277788265192340e-03 9.136612363061137262e-03 9.150345341641994909e-03 9.419054427122132422e-03 9.379576801310620868e-03 9.408791950939198595e-03 9.360785998091675220e-03 9.228919974424135489e-03 9.726997410359749033e-03 9.315071395403095103e-03 1.007719061658802692e-02 9.116872200751878486e-03 9.474509605388380801e-03 9.509937142750052655e-03 9.577600232804638763e-03 9.281908599093483328e-03 9.894976211718989334e-03 9.400499903591931841e-03 9.770298379071763739e-03 9.608756789392767714e-03 9.238847586706414039e-03 9.488400362893924245e-03 9.888097536262543258e-03 8.950718328285598227e-03 9.458460847403172070e-03 9.405948933945680254e-03 9.301314230126166149e-03 9.442282439520013892e-03 9.332840235377379279e-03 9.380603089141072506e-03 9.774543891481413116e-03 1.005236117126730687e-02 9.243113454398679124e-03 9.340578796183397411e-03 9.712520681111072585e-03 9.382887821049609722e-03 9.824656286812631992e-03 9.470407634566803748e-03 9.612905751043549982e-03 9.315459134912683348e-03 9.067993602026296757e-03 1.020494139695806747e-02 9.437335647504660821e-03 9.643188070411276222e-03 9.323645880782861772e-03 9.264087545161708154e-03 9.251901311234914452e-03 9.735403862025836241e-03 9.450139804200109045e-03 8.870314786962459411e-03 9.219813222481923823e-03 9.233656198053207323e-03 9.666855846617443057e-03 9.202520990433957562e-03 9.859715331792681670e-03 9.518908083648955354e-03 9.211231772744419080e-03 9.233788468301678404e-03 9.088224754239551673e-03 9.468734295327558767e-03 1.004447125574947121e-02 9.309261051460487879e-03 9.333587066745226493e-03 9.804897468519953654e-03 9.007224777559970710e-03 9.838080034653974917e-03 9.571015397101360900e-03 9.253183173598855671e-03
8.557449586113319295e-03 8.209082702369219567e-03 8.634255840794972242e-03 7.757036396283391658e-03 8.444870532857487455e-03 8.461772465083117201e-03 7.936270125190263147e-03 8.183941919948920993e-03 7.736472106133609160e-03 8.998539880983112693e-03 0.000000000000000000e+00 8.103957880385261395e-03 7.938880364984303786e-03 8.235345075117710481e-03 1.054404603272916102e-02 8.331444594303032483e-03 8.761648289515918536e-03 8.550061795672444023e-03 8.410784949019933093e-03 8.085664910401406391e-03 8.564054221781329176e-03 8.244930639761565913e-03 8.183368644748594684e-03 8.146020270011166547e-03 7.986876697203338857e-03 8.147787341293332222e-03 8.285298313564535416e-03 8.175427787683198916e-03 7.966242782355159938e-03 8.896892480460371136e-03 8.585950283781677156e-03 7.905973950068546571e-03 9.059799722070202566e-03 9.691502057130357145e-03 8.950074741289230223e-03 8.975263063309084355e-03 9.652889712267739147e-03 9.415948571176033927e-03 1.021077343363346879e-02 9.013930547353396841e-03 9.148310166867975810e-03 9.401718979572459486e-03 1.136507055679785577e-02 9.355579120406368188e-03 9.646334399610875104e-03 9.013711911302931326e-03 9.175165002399227401e-03 9.346407726193658311e-03 9.291207830501333614e-03 8.851973500917910409e-03 9.354838322150933402e-03 9.146927595294746666e-03 9.720381622964440610e-03 8.919151961524355091e-03 8.935639224967463490e-03 9.204270859080893735e-03 9.085813022180875068e-03 9.142385504660477738e-03 9.239238479772907478e-03 8.749512867903250224e-03 8.762568543348623132e-03 8.997874597923736020e-03 9.011782286764502201e-03 9.285416473453763503e-03 9.243577496878751035e-03 9.273934426578929469e-03 9.225141151622555727e-03 9.090643850070268331e-03 9.597344660511568024e-03 9.178935984077330953e-03 9.952845656465513988e-03 8.977132686206684004e-03 9.340796805964468943e-03 9.376827992750025320e-03 9.445544684819503350e-03 9.144962610405317840e-03 9.767898553694429400e-03 9.265547640469934745e-03 9.641345999907135339e-03 9.477218544232651060e-03 9.101186598012315707e-03 9.354899587992635338e-03 9.760937218112369224e-03 8.807980683342847561e-03 9.324529535512295769e-03 9.271067106093549767e-03 9.164688045963447285e-03 9.307302434971992389e-03 9.195988431246858094e-03 9.245318386427545110e-03 9.645605134729486052e-03 9.927615509169238767e-03 9.105533509608885329e-03 9.204794310785672021e-03 9.582621332044424442e-03 9.247637848414371267e-03 9.698034238448687352e-03 9.338941318288029522e-03 9.484595660148718854e-03 9.181424345388518662e-03 8.929744974969117469e-03 1.008419404802417610e-02 9.304965430822246045e-03 9.514737546074887239e-03 9.189756862176639424e-03 9.128859388086336957e-03 9.116472613788477106e-03 9.607758538466040082e-03 9.318258820029332035e-03 8.728229151065969305e-03 9.084150322203653552e-03 9.098208681913015627e-03 9.538127241431966843e-03 9.075319737092168645e-03 9.734322286286980347e-03 9.397583307025138971e-03 9.076135227103640513e-03 9.097956054844509935e-03 8.950298446289417509e-03 9.337224876706377505e-03 9.921438000461250267e-03 9.174302933642209182e-03 9.199838111201851659e-03 9.678309530538923081e-03 8.867535559731541672e-03 9.711615143002007636e-03 9.440844332322024385e-03 9.117720447620908386e-03
8.113760855751963458e-03 7.452862606256580730e-03 7.815894989221137609e-03 7.170807220289858799e-03 7.668591935519629421e-03 8.222395179153603809e-03 7.431588533607779747e-03 7.656197513317078950e-03 7.126173935258800496e-03 8.270637464361902183e-03 8.103957880385261395e-03 0.000000000000000000e+00 7.616313571605337271e-03 7.677690441022436488e-03 9.830836208639644538e-03 7.561486134756279995e-03 8.579588021865341974e-03 7.777860599982270619e-03 8.170329209856547550e-03 7.523532701079867213e-03 8.048998137372854328e-03 7.742960673247854288e-03 7.640445579489697596e-03 7.610487969527320387e-03 7.446411826558370362e-03 7.320766470771256432e-03 7.746828928964510225e-03 7.684382159429495665e-03 7.453384749099734030e-03 8.444800633139510140e-03 7.770643196384718204e-03 7.598040158222890000e-03 8.605860124820693610e-03 9.273808017885604160e-03 8.490737891243969188e-03 8.517305214694480264e-03 9.233608419638881723e-03 8.992598963722616551e-03 9.817528390863888843e-03 8.558026225097176837e-03 8.700887339608177548e-03 8.968434049159725724e-03 1.101513138177367436e-02 8.919853064986825106e-03 9.226348784936921552e-03 8.557812003683685012e-03 8.729255939621536828e-03 8.910241840116329970e-03 8.851946948648142105e-03 8.386547553307137359e-03 8.929005743053636257e-03 8.699845661277421163e-03 9.303595011586273181e-03 8.457902208899515523e-03 8.476082782155898443e-03 8.760297029829097748e-03 8.626411348337990892e-03 8.694940866034481936e-03 8.797456436622167614e-03 8.277216605128570950e-03 8.291379881695839366e-03 8.541097035312463989e-03 8.556495741548490047e-03 8.845554022994677607e-03 8.789874565529900291e-03 8.830422292107672350e-03 8.778909548949366537e-03 8.636908782340463678e-03 9.171860134921243010e-03 8.730555237278295189e-03 9.545648113641206148e-03 8.515864204018935152e-03 8.901347467265341429e-03 8.939531998611919411e-03 9.011890655758738808e-03 8.694278701619777630e-03 9.351262698539716464e-03 8.821853756243442160e-03 9.218406068698703146e-03 9.045557902546430898e-03 8.647927136167765996e-03 8.916388371426171855e-03 9.344235656019122052e-03 8.336433300491000870e-03 8.884537602676517709e-03 8.827414697316980641e-03 8.715105283947857315e-03 8.857216546797485116e-03 8.748487473648503335e-03 8.800560070755756095e-03 9.222877106083819665e-03 9.518951200076184241e-03 8.652578325763380859e-03 8.758288642734306240e-03 9.156413522003470362e-03 8.802965447786850403e-03 9.280353569407455080e-03 8.902038732290572937e-03 9.063408650888697335e-03 8.734701907202015864e-03 8.468033495128052951e-03 9.685281523876326445e-03 8.866196739995594114e-03 9.071042112444324332e-03 8.743641997549216754e-03 8.679693083335307882e-03 8.666072899862079307e-03 9.185512700751997939e-03 8.879519519953615533e-03 8.253623708186335825e-03 8.631931785415313321e-03 8.646746658128827770e-03 9.111922802336996918e-03 8.621698634128302507e-03 9.318352317167096638e-03 8.962640325753433793e-03 8.631387599487401474e-03 8.646954151164435234e-03 8.490382905807508304e-03 8.899548130612376998e-03 9.513836080034384843e-03 8.727282037720633309e-03 8.754866491745170662e-03 9.259580055405494323e-03 8.401636886895798642e-03 9.293735354391772022e-03 9.008996645249180493e-03 8.667119188991304415e-03
