0.000000000000000000e+00 1.830288215236927757e+52 4.072336101163030225e+51 4.689990677514297924e+51 7.475790389830250737e+51 4.784978975943539998e+52 2.580784526653749440e+52 3.318362646113436476e+51 4.488192688189141233e+51 1.098707150532199329e+52 3.872098999507389796e+52 3.751666768240136215e+50 3.291312214946834990e+52 9.783783826825589562e+51 1.514951015139623772e+52 1.946654171200986073e+52 1.454006794247102773e+52 3.846573052441367354e+52 1.345749447388594565e+52 9.301906707050983647e+51 3.871418530422258860e+52 1.064098008517859848e+51 1.091087514027036150e+52 5.122465684260207595e+52 2.354097282771218944e+52 2.901732804382044766e+52 2.928340459852127082e+52 3.289011749779042834e+52 3.762035963393902487e+52 5.952612338608264498e+50 8.122859081095699821e+51 2.127320089756304589e+51 2.702631575865233692e+52 1.231272891555173411e+52 5.388089517429523947e+51 2.403709446157019810e+52 2.015473336133735896e+52 9.287663324803309216e+51 3.456688392369750281e+52 3.980794540182375081e+52 1.049811214113041364e+52 1.180835724431976564e+52 3.868203786091304351e+52 2.827511049496369749e+52 4.135690043975866400e+52 2.571797784861263100e+52 1.980973605576449198e+52 2.316257858299644931e+52 3.867746462646458403e+52 4.325304560818530703e+52 1.147936400798003479e+52 3.876890309033093421e+52 1.317310102869292701e+52 1.673939248817389077e+52 4.384331867048407059e+52 2.956971045651263358e+52 1.242621435658292757e+52 2.354934881164984090e+52 1.628876304086873951e+52 8.709634069192394581e+51 4.348333339605151655e+51 1.741196558401650236e+52 4.073815230863525738e+52 2.807575460589971803e+52 4.050315415335507551e+52 2.234911016565626700e+52 1.389369916643805305e+52 4.327818555532055611e+52 4.980708553414317198e+52 4.182379512938457827e+52 4.757103087330731158e+52 3.453025025977852451e+52 2.700504868855528596e+52 2.658628346931768002e+52 2.590155463611765781e+52 2.779953572376536863e+52 1.689802009431751824e+52 1.693196267534134882e+52 1.960524689261561031e+52 5.242261287991147324e+52 1.772109592190362703e+52 4.128901972754582348e+52 7.447521445485058765e+51 2.999763908044339802e+52 4.160810521450349260e+51 1.589386103100004936e+52 3.839071203033837175e+52 1.769606769166647119e+52 1.705425332171355761e+52 3.731178379507091424e+52 3.540209329494603243e+52 3.584321470183964287e+52 9.072555516195662964e+51 3.455372243693785571e+52 3.599899628470020405e+52 1.377073498777700135e+52 5.262456779236547132e+51 2.411148241369465469e+52 3.043931025251833233e+52 9.744304844400643953e+51 2.185138646885978472e+52 1.963178320968932552e+52 3.690297511460429462e+52 2.591792953851915924e+52 1.242238845795155260e+52 2.808675429432243788e+52 4.947812887369952285e+52 3.091319035884804634e+52 4.314427090253636055e+52 2.715427370581071270e+52 3.572079543825246152e+52 3.810463623169710408e+51 4.599977853869656561e+52 2.685837720146589662e+52 1.218933944690712120e+52 1.193822315974095397e+52 1.494426666633240885e+52 3.650537256353820473e+52 3.579713614978368431e+52 3.306943263396193155e+52 1.597857399669503164e+51 4.270247360060797668e+52 2.380468999167965549e+52 3.819026799253568909e+52 2.184118884076971596e+52 1.751914351238767833e+52 3.103577220799767431e+52 3.974579421571969267e+52
1.830288215236927757e+52 0.000000000000000000e+00 2.237521825353230646e+52 1.361289147485497965e+52 1.082709176253902683e+52 2.954690760706612242e+52 7.504963114168214172e+51 2.162124479848271272e+52 1.381468946418013700e+52 2.928995365769127219e+52 2.041810784270461773e+52 1.792771547554526295e+52 1.461023999709907765e+52 8.519098325543688007e+51 3.153372000973038520e+51 1.163659559640585150e+51 3.762814209898251164e+51 2.016284837204439331e+52 4.845387678483332584e+51 9.000975445318292593e+51 2.041130315185331103e+52 1.936698016088713476e+52 7.392007012098914735e+51 3.292177469023280370e+52 5.238090675342909882e+51 1.071444589145116743e+52 1.098052244615199325e+52 1.458723534542115077e+52 5.592324178630830244e+52 1.770762091850845095e+52 1.018002307127357642e+52 2.043020224212558149e+52 8.723433606283056694e+51 5.990153236817540805e+51 1.291479263493975096e+52 5.734212309200917873e+51 1.851851208968082723e+51 9.015218827565968353e+51 1.626400177132822524e+52 2.150506324945447856e+52 7.804770011238863934e+51 6.494524908049510604e+51 2.037915570854376594e+52 9.972228342594422578e+51 2.305401828738938643e+52 7.415095696243356094e+51 1.506853903395214412e+51 4.146546073536572687e+52 5.698034677883386691e+52 2.495016345581602946e+52 2.978224616034930838e+52 2.046602093796165664e+52 5.129781123676351890e+51 1.563489664195388130e+51 2.554043651811479834e+52 1.126682830414336133e+52 5.876667795786349336e+51 5.246466659280564656e+51 2.014119111500537066e+51 9.593248083176881659e+51 1.395454881276412458e+52 8.909165683527742080e+50 2.243527015626597981e+52 9.772872453530444448e+51 2.220027200098579794e+52 4.046228013286990757e+51 4.409182985931224519e+51 6.158106770768982837e+52 3.150420338177390505e+52 2.352091297701529538e+52 2.926814872093803932e+52 1.622736810740924960e+52 8.702166536186008393e+51 8.283401316948402452e+51 4.420443678848693006e+52 9.496653571396093716e+51 3.520090224668679315e+52 1.370919477027929084e+51 1.302364740246333570e+51 3.411973072754219035e+52 3.602397807427290726e+52 2.298613757517654856e+52 2.575040359785433235e+52 1.169475692807412178e+52 2.246369267381962949e+52 2.409021121369229540e+51 2.008782987796909683e+52 6.068144607028053792e+50 1.248628830655719463e+51 1.900890164270163933e+52 1.709921114257676018e+52 1.754033254947036531e+52 9.230326636173614605e+51 1.625084028456857548e+52 1.769611413233092648e+52 4.532147164592274892e+51 2.356533893160582603e+52 5.808600261325378449e+51 1.213642810014905742e+52 8.558577307968630958e+51 3.548504316490508475e+51 1.328901057320048618e+51 1.860009296223501705e+52 7.615047386149883004e+51 5.880493694417726301e+51 9.783872141953162968e+51 3.117524672133023997e+52 1.261030820647876612e+52 2.484138875016707766e+52 8.851391553441433798e+51 1.741791328588318661e+52 1.449241852919956583e+52 2.769689638632728272e+52 8.555495049096619049e+51 6.113542705462157701e+51 3.024110531211023420e+52 3.358615486036868715e+51 1.820249041116893248e+52 1.749425399741440142e+52 1.476655048159265664e+52 1.990073955203877774e+52 2.439959144823869911e+52 5.501807839310376592e+51 1.988738584016641950e+52 3.538306688400437057e+51 7.837386399815979076e+50 1.273289005562839408e+52 2.144291206335042042e+52
4.072336101163030225e+51 2.237521825353230646e+52 0.000000000000000000e+00 8.762326778677328148e+51 1.154812649099328229e+52 5.192212586059843420e+52 2.988018136770052330e+52 7.539734550495944135e+50 8.560528789352172122e+51 6.914735404158963062e+51 4.279332609623692154e+52 4.447502777987044179e+51 3.698545825063138411e+52 1.385611992798861979e+52 1.922184625255926927e+52 2.353887781317289494e+52 1.861240404363405663e+52 4.253806662557670243e+52 1.752983057504897455e+52 1.337424280821401520e+52 4.278652140538561750e+52 3.008238092645171042e+51 1.498321124143339306e+52 5.529699294376511548e+52 2.761330892887521834e+52 3.308966414498347655e+52 3.335574069968429972e+52 3.696245359895346255e+52 3.354802353277599066e+52 4.667597335023856841e+51 1.219519518225873137e+52 1.945016011406725636e+51 3.109865185981536582e+52 1.638506501671476832e+52 9.460425618592554172e+51 2.810943056273322700e+52 2.422706946250039052e+52 1.335999942596634077e+52 3.863922002486053170e+52 4.388028150298677971e+52 1.457044824229344386e+52 1.588069334548279719e+52 4.275437396207607240e+52 3.234744659612673170e+52 4.542923654092169822e+52 2.979031394977566522e+52 2.388207215692752088e+52 1.909024248183342041e+52 3.460512852530155513e+52 4.732538170934834124e+52 7.407027906817004570e+51 4.284123919149396310e+52 1.724543712985595590e+52 2.081172858933691966e+52 4.791565477164709949e+52 3.364204655767567311e+52 1.649855045774595646e+52 2.762168491281286979e+52 2.036109914203177106e+52 1.278197017035542481e+52 8.420669440768181880e+51 2.148430168517953392e+52 4.481048840979828627e+52 3.214809070706275224e+52 4.457549025451810441e+52 2.642144626681929589e+52 1.796603526760108195e+52 3.920584945415751658e+52 5.387942163530621151e+52 4.589613123054760716e+52 5.164336697447035111e+52 3.860258636094155341e+52 3.107738478971831486e+52 3.065861957048070892e+52 2.182921853495462359e+52 3.187187182492839752e+52 1.282568399315448668e+52 2.100429877650437771e+52 2.367758299377864452e+52 5.649494898107450214e+52 1.364875982074059548e+52 4.536135582870885769e+52 3.375185344322028540e+51 3.406997518160643223e+52 8.847442028731832854e+49 1.996619713216307825e+52 4.246304813150140596e+52 2.176840379282950275e+52 2.112658942287658650e+52 4.138411989623394845e+52 3.947442939610906664e+52 3.991555080300267177e+52 1.314489161735869452e+52 3.862605853810088460e+52 4.007133238586323295e+52 1.784307108894003290e+52 1.190120678073516907e+51 2.818381851485768359e+52 3.451164635368136123e+52 1.381664094556367551e+52 2.592372257002281361e+52 2.370411931085235974e+52 4.097531121576732351e+52 2.999026563968218814e+52 1.649472455911458149e+52 3.215909039548547209e+52 5.355046497486255175e+52 3.498552646001106992e+52 4.721660700369938413e+52 3.122660980697374159e+52 3.979313153941549573e+52 7.882799724332740633e+51 5.007211463985959451e+52 3.093071330262892551e+52 1.626167554807015009e+52 7.865887058577923743e+51 1.901660276749543775e+52 4.057770866470123894e+52 3.986947225094671320e+52 3.714176873512497108e+52 2.474478701493527393e+51 4.677480970177101089e+52 2.787702609284268439e+52 4.226260409369872862e+52 2.591352494193274485e+52 2.159147961355071255e+52 3.510810830916070320e+52 4.381813031688273220e+52
4.689990677514297924e+51 1.361289147485497965e+52 8.762326778677328148e+51 0.000000000000000000e+00 2.785799712315953478e+51 4.315979908192109674e+52 2.111785458902319382e+52 8.008353323627734400e+51 2.017979893251564417e+50 1.567706218283628988e+52 3.403099931755959472e+52 4.314824000690283970e+51 2.822313147195405729e+52 5.093793149311291639e+51 1.045951947388194113e+52 1.477655103449556280e+52 9.850077264956728482e+51 3.377573984689937561e+52 8.767503796371645068e+51 4.611916029536687053e+51 3.402419462670829068e+52 5.754088686032157772e+51 6.220884462756066240e+51 4.653466616508778334e+52 1.885098215019788886e+52 2.432733736630614973e+52 2.459341392100697290e+52 2.820012682027613041e+52 4.231035031145332279e+52 4.094729443653471308e+51 3.432868403581401897e+51 6.817310767270603177e+51 2.233632508113803634e+52 7.622738238037438840e+51 6.980988399152262727e+50 1.934710378405589752e+52 1.546474268382306370e+52 4.597672647289011292e+51 2.987689324618320488e+52 3.511795472430945821e+52 5.808121463616115047e+51 7.118366566805469042e+51 3.399204718339874558e+52 2.358511981744940222e+52 3.666690976224436608e+52 2.102798717109833308e+52 1.511974537825019406e+52 2.785256926051074723e+52 4.336745530397888195e+52 3.856305493067101442e+52 1.616935468549433139e+52 3.407891241281663628e+52 8.483110351178627755e+51 1.204940181065959019e+52 3.915332799296978331e+52 2.487971977899834097e+52 7.736223679068629645e+51 1.885935813413554297e+52 1.159877236335444291e+52 4.019643391678095993e+51 3.416573379091461020e+50 1.272197490650220444e+52 3.604816163112095945e+52 2.338576392838542276e+52 3.581316347584077759e+52 1.765911948814196907e+52 9.203708488923755127e+51 4.796817623283484340e+52 4.511709485662887938e+52 3.713380445187027503e+52 4.288104019579302429e+52 2.984025958226422659e+52 2.231505801104098804e+52 2.189629279180338210e+52 3.059154531363195573e+52 2.310954504625107070e+52 2.158801077183181616e+52 1.224197199782705089e+52 1.491525621510131239e+52 4.773262220239716468e+52 2.241108659941792761e+52 3.659902905003152555e+52 1.213751212299935536e+52 2.530764840292910009e+52 8.850801198964647183e+51 1.120387035348575011e+52 3.370072135282407382e+52 1.300607701415217327e+52 1.236426264419925968e+52 3.262179311755662163e+52 3.071210261743173982e+52 3.115322402432534495e+52 4.382564838681365040e+51 2.986373175942355247e+52 3.130900560718590613e+52 9.080744310262704753e+51 9.952447456750846384e+51 1.942149173618035677e+52 2.574931957500403441e+52 5.054314166886347358e+51 1.716139579134548679e+52 1.494179253217502760e+52 3.221298443708999669e+52 2.122793886100486132e+52 7.732397780437253345e+51 2.339676361680813995e+52 4.478813819618522493e+52 2.622319968133374310e+52 3.845428022502205731e+52 2.246428302829641477e+52 3.103080476073816891e+52 8.795270543445871834e+50 4.130978786118226237e+52 2.216838652395159870e+52 7.499348769392820615e+51 1.662821383725525189e+52 1.025427598881811093e+52 3.181538188602390680e+52 3.110714547226938638e+52 2.837944195644763894e+52 6.287848077183800755e+51 3.801248292309367344e+52 1.911469931416535757e+52 3.350027731502140180e+52 1.715119816325541803e+52 1.282915283487338041e+52 2.634578153048337639e+52 3.505580353820539475e+52
7.475790389830250737e+51 1.082709176253902683e+52 1.154812649099328229e+52 2.785799712315953478e+51 0.000000000000000000e+00 4.037399936960514393e+52 1.833205487670724100e+52 1.079415303594368854e+52 2.987597701641109836e+51 1.846286189515224269e+52 3.124519960524364190e+52 7.100623713006238777e+51 2.543733175963810448e+52 2.307993436995338161e+51 7.673719761565986983e+51 1.199075132217960999e+52 7.064277552640774339e+51 3.098994013458341748e+52 5.981704084055692919e+51 1.826116317220732911e+51 3.123839491439233786e+52 8.539888398348110585e+51 3.435084750440110768e+51 4.374886645277183053e+52 1.606518243788193605e+52 2.154153765399019160e+52 2.180761420869101743e+52 2.541432710796017760e+52 4.509615002376928092e+52 6.880529155969425450e+51 6.470686912654482532e+50 9.603110479586555990e+51 1.955052536882208353e+52 4.836938525721484698e+51 2.087700872400727454e+51 1.656130407173994205e+52 1.267894297150711089e+52 1.811872934973057815e+51 2.709109353386725207e+52 3.233215501199350539e+52 3.022321751300161569e+51 4.332566854489515564e+51 3.120624747108279277e+52 2.079932010513344675e+52 3.388111004992840795e+52 1.824218745878238027e+52 1.233394566593423859e+52 3.063836897282670004e+52 4.615325501629483476e+52 3.577725521835505629e+52 1.895515439781028686e+52 3.129311270050068347e+52 5.697310638862674277e+51 9.263602098343637373e+51 3.636752828065382518e+52 2.209392006668238816e+52 4.950423966752676832e+51 1.607355842181959016e+52 8.812972651038488769e+51 1.233843679362142515e+51 3.127457050225099746e+51 9.936175194186251628e+51 3.326236191880500664e+52 2.059996421606946729e+52 3.302736376352482477e+52 1.487331977582601360e+52 6.417908776607802314e+51 5.075397594515081217e+52 4.233129514431292656e+52 3.434800473955432221e+52 4.009524048347706616e+52 2.705445986994827377e+52 1.952925829872503257e+52 1.911049307948742928e+52 3.337734502594790323e+52 2.032374533393511789e+52 2.437381048414777163e+52 9.456172285511098081e+51 1.212945650278535957e+52 4.494682249008121719e+52 2.519688631173388043e+52 3.381322933771557274e+52 1.492331183531531083e+52 2.252184869061314462e+52 1.163660091128060133e+52 8.418070641169795963e+51 3.091492164050812101e+52 1.022027730183622046e+52 9.578462931883305541e+51 2.983599340524066350e+52 2.792630290511578169e+52 2.836742431200939214e+52 1.596765126365411563e+51 2.707793204710759965e+52 2.852320589486995331e+52 6.294944597946750611e+51 1.273824716906679920e+52 1.663569202386440395e+52 2.296351986268808160e+52 2.268514454570393880e+51 1.437559607902953398e+52 1.215599281985907479e+52 2.942718472477404388e+52 1.844213914868890851e+52 4.946598068121299202e+51 2.061096390449218714e+52 4.200233848386927211e+52 2.343739996901779295e+52 3.566848051270610450e+52 1.967848331598045930e+52 2.824500504842221078e+52 3.665326766660540994e+51 3.852398814886630424e+52 1.938258681163564588e+52 4.713549057076867802e+51 1.941401354957120736e+52 7.468476276502155458e+51 2.902958217370795931e+52 2.832134575995342825e+52 2.559364224413168613e+52 9.073647789499754898e+51 3.522668321077772594e+52 1.632889960184940475e+52 3.071447760270544367e+52 1.436539845093945990e+52 1.004335312255742760e+52 2.355998181816742091e+52 3.227000382588944194e+52
4.784978975943539998e+52 2.954690760706612242e+52 5.192212586059843420e+52 4.315979908192109674e+52 4.037399936960514393e+52 0.000000000000000000e+00 2.204194449289790559e+52 5.116815240554883779e+52 4.336159707124625942e+52 5.883686126475739460e+52 9.128799764361504686e+51 4.747462308261138005e+52 1.493666760996704477e+52 3.806600593260980909e+52 3.270027960803915695e+52 2.838324804742553394e+52 3.330972181696436959e+52 9.384059235021729107e+51 3.439229528554945433e+52 3.854788305238441368e+52 9.135604455212810054e+51 4.891388776795326249e+52 3.693891461916503848e+52 3.374867083166682612e+51 2.430881693172321054e+52 1.883246171561495499e+52 1.856638516091412916e+52 1.495967226164497165e+52 8.547014939337442485e+52 4.725452852557457337e+52 3.972693067833969485e+52 4.997710984919170125e+52 2.082347400078306306e+52 3.553706084388366056e+52 4.246170024200587338e+52 2.381269529786520188e+52 2.769505639809803836e+52 3.856212643463209343e+52 1.328290583573789452e+52 8.041844357611643853e+51 3.735167761830498768e+52 3.604143251511563435e+52 9.167751898522352490e+51 1.957467926447169718e+52 6.492889319676733322e+51 2.213181191082276632e+52 2.804005370367090800e+52 7.101236834243184929e+52 8.652725438589998933e+52 4.596744151250089633e+51 5.932915376741543079e+52 9.080886669104463119e+51 3.467668873074247298e+52 3.111039727126150922e+52 4.006471088951324073e+51 1.828007930292276109e+52 3.542357540285247242e+52 2.430044094778555909e+52 3.156102671856666048e+52 3.914015569024300407e+52 4.350145641983024168e+52 3.043782417541889496e+52 7.111637450800142606e+51 1.977403515353567664e+52 7.346635606080324474e+51 2.550067959377912767e+52 3.395609059299734693e+52 9.112797531475596142e+52 1.957295774707778312e+51 6.025994630050825706e+51 2.787588861280799760e+50 1.331953949965687281e+52 2.084474107088011402e+52 2.126350629011771731e+52 7.375134439555304184e+52 2.005025403567002604e+52 6.474780985375292088e+52 3.091782708409405117e+52 2.824454286681978968e+52 4.572823120476069932e+51 6.557088568133902968e+52 6.560770031889573850e+51 5.529731120492045476e+52 1.785215067899199931e+52 5.201060028088574659e+52 3.195592872843535063e+52 9.459077729097025580e+51 3.015372206776893145e+52 3.079553643772184238e+52 1.053800596436448442e+52 1.244769646448936224e+52 1.200657505759575445e+52 3.877723424323973436e+52 1.329606732249754693e+52 1.185079347473519460e+52 3.407905477165839332e+52 5.311224653867195376e+52 2.373830734574074530e+52 1.741047950691706499e+52 3.810548491503475603e+52 2.599840329057561527e+52 2.821800654974606914e+52 1.094681464483110271e+52 2.193186022091623808e+52 3.542740130148384207e+52 1.976303546511295945e+52 1.628339114264122867e+51 1.693659940058735364e+52 4.705518856899042093e+51 2.069551605362468729e+52 1.212899432118293581e+52 4.403932613626568559e+52 1.850011220738837698e+51 2.099141255796950337e+52 3.566045031252827347e+52 5.978801291917635661e+52 3.290552309310298847e+52 1.134441719589718994e+52 1.205265360965171834e+52 1.478035712547346312e+52 4.944764715910490547e+52 5.147316158827422643e+51 2.404509976775574449e+52 9.659521766899701586e+51 2.600860091866568403e+52 3.033064624704772165e+52 1.681401755143772568e+52 8.103995543715703323e+51
2.580784526653749440e+52 7.504963114168214172e+51 2.988018136770052330e+52 2.111785458902319382e+52 1.833205487670724100e+52 2.204194449289790559e+52 0.000000000000000000e+00 2.912620791265092689e+52 2.131965257834834851e+52 3.679491677185948370e+52 1.291314472853640356e+52 2.543267858971347978e+52 7.105276882930862144e+51 1.602406143971190085e+52 1.065833511514125136e+52 6.341303554527628357e+51 1.126777732406646401e+52 1.265788525787617914e+52 1.235035079265154875e+52 1.650593855948650809e+52 1.290634003768509686e+52 2.687194327505535159e+52 1.489697012626713024e+52 2.541681157606459219e+52 2.266872438825304290e+51 3.209482777282952593e+51 3.475559331983779082e+51 7.082272231252935268e+51 6.342820490047651395e+52 2.521258403267666247e+52 1.768498618544179192e+52 2.793516535629379567e+52 1.218470492114842189e+51 1.349511635098575764e+52 2.041975574910796779e+52 1.770750804967295966e+51 5.653111905200131448e+51 1.652018194173418252e+52 8.759038657160011067e+51 1.400010013528626173e+52 1.530973312540707678e+52 1.399948802221772345e+52 1.287419259437555442e+52 2.467265228426209071e+51 1.554905517322117492e+52 8.986741792485845153e+49 5.998109210772999759e+51 4.897042384953393839e+52 6.448530989300207843e+52 1.744520034164781795e+52 3.728720927451752521e+52 1.296105782379344512e+52 1.263474423784456739e+52 9.068452778363602302e+51 1.803547340394658151e+52 3.761865189975147156e+51 1.338163090995456151e+52 2.258496454887650513e+51 9.519082225668750906e+51 1.709821119734509849e+52 2.145951192693234141e+52 8.395879682520989377e+51 1.493030704209776564e+52 2.267909339362229612e+51 1.469530888681758377e+52 3.458735100881224080e+51 1.191414610009944002e+52 6.908603082185805051e+52 2.399924026760568822e+52 1.601594986284707855e+52 2.176318560676982781e+52 8.722404993241034099e+51 1.197203422017794221e+51 7.784382027801889447e+50 5.170939990265515221e+52 1.991690457227878548e+51 4.270586536085500998e+52 8.875882591196142923e+51 6.202598373921881432e+51 2.661476761337397884e+52 4.352894118844111877e+52 1.548117446100833439e+52 3.325536671202255449e+52 4.189793813905906942e+51 2.996865578798783568e+52 9.913984235537442382e+51 1.258286676380088266e+52 8.111777574871020548e+51 8.753591944823934134e+51 1.150393852853342383e+52 9.594248028408543348e+51 1.003536943530215246e+52 1.673528975034182878e+52 8.745877170400361309e+51 1.019115101816271231e+52 1.203711027876049039e+52 3.107030204577404286e+52 1.696362852842835722e+51 4.631464985980841921e+51 1.606354042213684513e+52 3.956458797677706361e+51 6.176062056848166218e+51 1.109512984806680420e+52 1.100842719816686245e+50 1.338545680858594180e+52 2.278909027784948131e+51 2.367028360716202845e+52 5.105345092310551945e+51 1.733642563599886615e+52 1.346428439273218961e+51 9.912950171714972434e+51 2.199738164336778000e+52 2.019193327215906855e+52 1.050531934928405044e+51 1.361850581963037320e+52 3.774606842627844571e+52 1.086357860020508289e+52 1.069752729700071697e+52 9.989290883246187247e+51 7.261587367424442465e+51 2.740570266620699457e+52 1.689462833407048494e+52 2.003155274857837248e+51 1.238242272599820533e+52 3.966656425767777115e+51 8.288701754149812079e+51 5.227926941460180574e+51 1.393794894918220359e+52
3.318362646113436476e+51 2.162124479848271272e+52 7.539734550495944135e+50 8.008353323627734400e+51 1.079415303594368854e+52 5.116815240554883779e+52 2.912620791265092689e+52 0.000000000000000000e+00 7.806555334302578373e+51 7.668708859208556811e+51 4.203935264118733576e+52 3.693529322937449765e+51 3.623148479558179302e+52 1.310214647293902604e+52 1.846787279750967552e+52 2.278490435812329853e+52 1.785843058858446288e+52 4.178409317052710602e+52 1.677585711999938080e+52 1.262026935316442145e+52 4.203254795033602641e+52 2.254264637595576628e+51 1.422923778638379931e+52 5.454301948871551907e+52 2.685933547382562193e+52 3.233569068993388015e+52 3.260176724463470331e+52 3.620848014390386614e+52 3.430199698782558706e+52 3.913623879974263092e+51 1.144122172720913630e+52 1.191042556357131389e+51 3.034467840476576941e+52 1.563109156166517191e+52 8.706452163542960423e+51 2.735545710768363059e+52 2.347309600745079677e+52 1.260602597091674436e+52 3.788524656981094061e+52 4.312630804793718862e+52 1.381647478724385011e+52 1.512671989043320344e+52 4.200040050702648131e+52 3.159347314107714061e+52 4.467526308587210181e+52 2.903634049472607413e+52 2.312809870187792713e+52 1.984421593688301150e+52 3.535910198035115154e+52 4.657140825429874483e+52 8.161001361866598319e+51 4.208726573644437201e+52 1.649146367480636215e+52 2.005775513428732326e+52 4.716168131659750840e+52 3.288807310262607670e+52 1.574457700269636537e+52 2.686771145776327870e+52 1.960712568698217731e+52 1.202799671530583106e+52 7.666695985718588131e+51 2.073032823012993751e+52 4.405651495474868987e+52 3.139411725201316115e+52 4.382151679946851332e+52 2.566747281176970480e+52 1.721206181255148820e+52 3.995982290920711831e+52 5.312544818025661511e+52 4.514215777549800544e+52 5.088939351942075470e+52 3.784861290589196232e+52 3.032341133466872377e+52 2.990464611543111251e+52 2.258319199000421734e+52 3.111789836987880643e+52 1.357965744820408309e+52 2.025032532145478396e+52 2.292360953872904546e+52 5.574097552602490573e+52 1.440273327579019189e+52 4.460738237365925596e+52 4.129158799371622289e+51 3.331600172655683582e+52 8.424478753369127835e+50 1.921222367711348451e+52 4.170907467645180955e+52 2.101443033777990900e+52 2.037261596782699541e+52 4.063014644118435204e+52 3.872045594105947024e+52 3.916157734795307536e+52 1.239091816230909811e+52 3.787208508305128820e+52 3.931735893081363654e+52 1.708909763389043915e+52 1.944094133123111320e+51 2.742984505980809249e+52 3.375767289863177014e+52 1.306266749051408176e+52 2.516974911497322252e+52 2.295014585580276067e+52 4.022133776071772710e+52 2.923629218463259705e+52 1.574075110406498509e+52 3.140511694043587568e+52 5.279649151981295534e+52 3.423155300496147883e+52 4.646263354864979304e+52 3.047263635192414518e+52 3.903915808436589932e+52 7.128826269283146884e+51 4.931814118480999810e+52 3.017673984757933442e+52 1.550770209302055634e+52 8.619860513627518822e+51 1.826262931244584400e+52 3.982373520965164785e+52 3.911549879589711679e+52 3.638779528007537467e+52 1.720505246443933312e+51 4.602083624672141448e+52 2.712305263779309330e+52 4.150863063864913753e+52 2.515955148688314844e+52 2.083750615850111614e+52 3.435413485411111211e+52 4.306415686183313048e+52
4.488192688189141233e+51 1.381468946418013700e+52 8.560528789352172122e+51 2.017979893251564417e+50 2.987597701641109836e+51 4.336159707124625942e+52 2.131965257834834851e+52 7.806555334302578373e+51 0.000000000000000000e+00 1.547526419351113518e+52 3.423279730688475739e+52 4.113026011365127279e+51 2.842492946127921465e+52 5.295591138636448330e+51 1.066131746320709715e+52 1.497834902382072016e+52 1.005187525428188451e+52 3.397753783622452765e+52 8.969301785696802423e+51 4.813714018861843079e+51 3.422599261603344803e+52 5.552290696707001081e+51 6.422682452081220937e+51 4.673646415441294070e+52 1.905278013952304356e+52 2.452913535563130177e+52 2.479521191033212494e+52 2.840192480960128777e+52 4.210855232212816544e+52 3.892931454328314617e+51 3.634666392906559253e+51 6.615512777945447151e+51 2.253812307046319104e+52 7.824536227362594867e+51 8.998968292403827144e+50 1.954890177338105222e+52 1.566654067314821840e+52 4.799470636614167983e+51 3.007869123550836224e+52 3.531975271363461556e+52 6.009919452941271738e+51 7.320164556130625068e+51 3.419384517272390294e+52 2.378691780677455692e+52 3.686870775156952344e+52 2.122978516042349044e+52 1.532154336757535141e+52 2.765077127118558987e+52 4.316565731465372991e+52 3.876485291999616646e+52 1.596755669616917403e+52 3.428071040214179364e+52 8.684908340503783781e+51 1.225119979998474754e+52 3.935512598229493003e+52 2.508151776832349833e+52 7.938021668393785671e+51 1.906115612346070033e+52 1.180057035267959894e+52 4.221441381003252684e+51 1.398593485839896603e+50 1.292377289582736445e+52 3.624995962044611149e+52 2.358756191771057746e+52 3.601496146516593494e+52 1.786091747746712643e+52 9.405506478248912482e+51 4.776637824350969668e+52 4.531889284595403673e+52 3.733560244119543238e+52 4.308283818511817633e+52 3.004205757158938394e+52 2.251685600036614274e+52 2.209809078112853945e+52 3.038974732430679837e+52 2.331134303557622806e+52 2.138621278250666146e+52 1.244376998715220559e+52 1.511705420442646974e+52 4.793442019172232735e+52 2.220928861009276760e+52 3.680082703935668291e+52 1.193571413367419933e+52 2.550944639225425745e+52 8.649003209639489828e+51 1.140566834281090613e+52 3.390251934214923118e+52 1.320787500347733063e+52 1.256606063352441704e+52 3.282359110688177367e+52 3.091390060675689186e+52 3.135502201365050231e+52 4.584362828006521731e+51 3.006552974874870982e+52 3.151080359651106348e+52 9.282542299587860779e+51 9.750649467425689029e+51 1.962328972550551412e+52 2.595111756432919176e+52 5.256112156211504049e+51 1.736319378067064415e+52 1.514359052150018495e+52 3.241478242641515405e+52 2.142973685033001868e+52 7.934195769762409371e+51 2.359856160613329997e+52 4.498993618551037697e+52 2.642499767065890046e+52 3.865607821434721467e+52 2.266608101762156947e+52 3.123260275006332095e+52 6.777290650194308248e+50 4.151158585050741972e+52 2.237018451327675605e+52 7.701146758717977971e+51 1.642641584793009719e+52 1.045607397814326696e+52 3.201717987534906948e+52 3.130894346159453842e+52 2.858123994577279098e+52 6.086050087858644729e+51 3.821428091241883611e+52 1.931649730349051226e+52 3.370207530434655384e+52 1.735299615258057273e+52 1.303095082419853776e+52 2.654757951980853374e+52 3.525760152753055742e+52
1.098707150532199329e+52 2.928995365769127219e+52 6.914735404158963062e+51 1.567706218283628988e+52 1.846286189515224269e+52 5.883686126475739460e+52 3.679491677185948370e+52 7.668708859208556811e+51 1.547526419351113518e+52 0.000000000000000000e+00 4.970806150039589257e+52 1.136223818214600658e+52 4.390019365479034983e+52 2.077085533214758285e+52 2.613658165671823234e+52 3.045361321733185534e+52 2.552713944779301969e+52 4.945280202973566284e+52 2.444456597920794027e+52 2.028897821237297561e+52 4.970125680954457790e+52 9.922973496804132110e+51 2.189794664559235612e+52 6.221172834792407588e+52 3.452804433303417874e+52 4.000439954914243696e+52 4.027047610384326012e+52 4.387718900311242295e+52 2.663328812861703025e+52 1.158233273918281990e+52 1.910993058641769178e+52 8.859751415565688034e+51 3.801338726397432622e+52 2.329980042087372872e+52 1.637516102275151590e+52 3.502416596689218740e+52 3.114180486665935092e+52 2.027473483012530117e+52 4.555395542901949742e+52 5.079501690714575075e+52 2.148518364645240692e+52 2.279542874964176025e+52 4.966910936623503281e+52 3.926218200028569211e+52 5.234397194508066394e+52 3.670504935393463094e+52 3.079680756108648660e+52 1.217550707767445469e+52 2.769039312114259473e+52 5.424011711350730164e+52 4.922925026580411758e+50 4.975597459565293414e+52 2.416017253401491631e+52 2.772646399349588007e+52 5.483039017580607053e+52 4.055678196183463351e+52 2.341328586190492218e+52 3.453642031697183020e+52 2.727583454619073412e+52 1.969670557451438787e+52 1.533540484492714494e+52 2.839903708933849432e+52 5.172522381395724668e+52 3.906282611122170733e+52 5.149022565867706481e+52 3.333618167097825630e+52 2.488077067176004767e+52 3.229111404999856150e+52 6.079415703946517192e+52 5.281086663470656757e+52 5.855810237862931151e+52 4.551732176510051913e+52 3.799212019387728058e+52 3.757335497463966932e+52 1.491448313079566053e+52 3.878660722908736324e+52 5.910948588995524949e+51 2.791903418066334343e+52 3.059231839793760492e+52 6.340968438523346254e+52 6.734024416581635075e+51 5.227609123286781277e+52 3.539550059836934522e+51 4.098471058576539263e+52 6.826260983871644027e+51 2.688093253632204397e+52 4.937778353566037168e+52 2.868313919698846315e+52 2.804132482703555222e+52 4.829885530039290885e+52 4.638916480026802705e+52 4.683028620716163217e+52 2.005962702151765492e+52 4.554079394225984501e+52 4.698606779002219335e+52 2.475780649309899065e+52 5.724614726085444826e+51 3.509855391901664931e+52 4.142638175784032695e+52 2.073137634972263857e+52 3.283845797418177933e+52 3.061885471501132014e+52 4.789004661992628391e+52 3.690500104384115386e+52 2.340945996327354456e+52 3.907382579964443781e+52 6.046520037902151215e+52 4.190026186417004096e+52 5.413134240785834985e+52 3.814134521113270731e+52 4.670786694357445613e+52 1.479753512849170369e+52 5.698685004401854427e+52 3.784544870678789123e+52 2.317641095222911316e+52 9.511516544189620107e+50 2.593133817165440081e+52 4.749244406886019934e+52 4.678420765510567360e+52 4.405650413928392616e+52 9.389214105652489126e+51 5.368954510592997129e+52 3.479176149700165011e+52 4.917733949785768903e+52 3.282826034609170525e+52 2.850621501770967295e+52 4.202284371331966893e+52 5.073286572104169261e+52
3.872098999507389796e+52 2.041810784270461773e+52 4.279332609623692154e+52 3.403099931755959472e+52 3.124519960524364190e+52 9.128799764361504686e+51 1.291314472853640356e+52 4.203935264118733576e+52 3.423279730688475739e+52 4.970806150039589257e+52 0.000000000000000000e+00 3.834582331824988334e+52 5.807867845605541413e+51 2.893720616824830707e+52 2.357147984367765758e+52 1.925444828306403191e+52 2.418092205260287288e+52 2.552594706602250851e+50 2.526349552118795231e+52 2.941908328802291165e+52 6.804690851306511611e+48 3.978508800359175515e+52 2.781011485480353114e+52 1.250366684752818597e+52 1.518001716736170851e+52 9.703661951253450300e+51 9.437585396552624475e+51 5.830872497283468289e+51 7.634134962901292283e+52 3.812572876121307134e+52 3.059813091397819282e+52 4.084831008483019922e+52 1.169467423642156104e+52 2.640826107952215853e+52 3.333290047764437135e+52 1.468389553350369986e+52 1.856625663373653633e+52 2.943332667027058608e+52 4.154106071376391161e+51 1.086955406749859836e+51 2.822287785394348565e+52 2.691263275075412700e+52 3.895213416084938711e+49 1.044587950011019382e+52 2.635910444684770035e+51 1.300301214646126164e+52 1.891125393930940066e+52 6.188356857807034726e+52 7.739845462153848730e+52 4.532055613111413724e+51 5.020035400305392876e+52 4.791309525704071596e+49 2.554788896638097095e+52 2.198159750690000453e+52 5.122328675410179949e+51 9.151279538561256401e+51 2.629477563849096507e+52 1.517164118342405440e+52 2.243222695420515313e+52 3.001135592588150205e+52 3.437265665546874497e+52 2.130902441105739293e+52 2.017162313561362080e+51 1.064523538917417461e+52 1.782164158281179547e+51 1.637187982941762564e+52 2.482729082863584491e+52 8.199917555039444875e+52 1.108609553906928200e+52 3.102805134310677651e+51 8.850040878233424253e+51 4.190739735295368793e+51 1.171594130651860801e+52 1.213470652575621528e+52 6.462254463119155045e+52 1.092145427130852401e+52 5.561901008939141885e+52 2.178902731973254914e+52 1.911574310245828499e+52 1.370162288483757528e+52 5.644208591697752765e+52 2.568029732471929506e+51 4.616851144055895273e+52 8.723350914630497280e+51 4.288180051652424456e+52 2.282712896407384860e+52 3.302779647355218911e+50 2.102492230340742145e+52 2.166673667336034035e+52 1.409206200002980064e+51 3.318896700127858880e+51 2.877775293234251095e+51 2.964843447887823233e+52 4.167267558136042249e+51 2.721993710373691248e+51 2.495025500729689129e+52 4.398344677431044110e+52 1.460950758137923795e+52 8.281679742555560308e+51 2.897668515067324869e+52 1.686960352621410792e+52 1.908920678538456712e+52 1.818014880469600018e+51 1.280306045655473340e+52 2.629860153712234536e+52 1.063423570075145609e+52 1.075713887862562622e+52 7.807799636225851612e+51 4.423280907462461929e+51 1.156671628926318526e+52 3.000194556821432453e+51 3.491052637190418356e+52 7.278788543622666323e+51 1.186261279360799868e+52 2.653165054816677144e+52 5.065921315481485458e+52 2.377672332874148644e+52 2.215617431535685918e+51 2.923853845290214981e+51 5.651557361111960428e+51 4.031884739474340345e+52 3.981483605534081379e+51 1.491630000339423981e+52 5.307220025381983949e+50 1.687980115430417934e+52 2.120184648268621431e+52 7.685217787076222319e+51 1.024804220645801031e+51
3.751666768240136215e+50 1.792771547554526295e+52 4.447502777987044179e+51 4.314824000690283970e+51 7.100623713006238777e+51 4.747462308261138005e+52 2.543267858971347978e+52 3.693529322937449765e+51 4.113026011365127279e+51 1.136223818214600658e+52 3.834582331824988334e+52 0.000000000000000000e+00 3.253795547264433528e+52 9.408617150001576273e+51 1.477434347457222576e+52 1.909137503518584877e+52 1.416490126564701312e+52 3.809056384758965360e+52 1.308232779706193103e+52 8.926740030226970358e+51 3.833901862739857398e+52 1.439264685341873303e+51 1.053570846344634954e+52 5.084949016577807197e+52 2.316580615088817217e+52 2.864216136699643304e+52 2.890823792169725621e+52 3.251495082096641372e+52 3.799552631076303949e+52 2.200945570368129114e+50 7.747692404271686532e+51 2.502486766580318543e+51 2.665114908182832230e+52 1.193756223872772347e+52 5.012922840605510658e+51 2.366192778474618082e+52 1.977956668451334700e+52 8.912496647979295927e+51 3.419171724687348819e+52 3.943277872499974151e+52 1.012294546430640035e+52 1.143319056749575368e+52 3.830687118408903421e+52 2.789994381813968819e+52 4.098173376293464939e+52 2.534281117178862170e+52 1.943456937894047736e+52 2.353774525982046127e+52 3.905263130328859864e+52 4.287787893136129773e+52 1.185453068480404675e+52 3.839373641350692491e+52 1.279793435186891239e+52 1.636422581134987615e+52 4.346815199366006129e+52 2.919454377968862428e+52 1.205104767975891295e+52 2.317418213482582894e+52 1.591359636404472755e+52 8.334467392368381292e+51 3.973166662781138366e+51 1.703679890719248775e+52 4.036298563181124276e+52 2.770058792907570341e+52 4.012798747653106089e+52 2.197394348883225238e+52 1.351853248961403843e+52 4.365335223214457073e+52 4.943191885731915736e+52 4.144862845256055833e+52 4.719586419648330759e+52 3.415508358295451521e+52 2.662988201173127134e+52 2.621111679249366540e+52 2.627672131294166711e+52 2.742436904694135933e+52 1.727318677114153020e+52 1.655679599851733420e+52 1.923008021579159569e+52 5.204744620308745862e+52 1.809626259872764431e+52 4.091385305072181417e+52 7.822688122309072054e+51 2.962247240361938872e+52 4.535977198274362549e+51 1.551869435417603474e+52 3.801554535351435713e+52 1.732090101484245923e+52 1.667908664488954299e+52 3.693661711824690494e+52 3.502692661812202313e+52 3.546804802501562826e+52 8.697388839371648346e+51 3.417855576011384109e+52 3.562382960787619475e+52 1.339556831095298939e+52 5.637623456060561085e+51 2.373631573687064273e+52 3.006414357569431771e+52 9.369138167576631993e+51 2.147621979203577010e+52 1.925661653286531090e+52 3.652780843778028000e+52 2.554276286169514463e+52 1.204722178112753798e+52 2.771158761749842326e+52 4.910296219687550823e+52 3.053802368202402641e+52 4.276910422571234593e+52 2.677910702898669808e+52 3.534562876142845222e+52 3.435296946345697119e+51 4.562461186187255099e+52 2.648321052464188200e+52 1.181417277008310525e+52 1.231338983656496859e+52 1.456909998950839689e+52 3.613020588671419011e+52 3.542196947295966437e+52 3.269426595713792225e+52 1.973024076493516785e+51 4.232730692378396206e+52 2.342952331485564087e+52 3.781510131571168511e+52 2.146602216394570134e+52 1.714397683556366371e+52 3.066060553117365969e+52 3.937062753889568337e+52
