0.000000000000000000e+00 8.425386450569359587e-03 8.173039134374273859e-03 8.252470055356762174e-03 8.451065690475507292e-03 7.914783622659410031e-03 8.343588915503611161e-03 8.323468853029923273e-03 8.103267328662849475e-03 8.681980861867300350e-03 8.365513694460998892e-03 8.103940121446840880e-03 8.020931926506385742e-03 8.221150417786442580e-03 8.015624338604114205e-03 8.237483742170611731e-03 8.305441319466170744e-03 8.346477890616479586e-03 8.311941744819105471e-03 8.253539527131883990e-03 8.405022695999707361e-03 7.964305228841785447e-03 7.736970481220055255e-03 8.673330572465713650e-03 8.889513013277580353e-03 8.000275453210343654e-03 8.082993442067171186e-03 8.670132050305787846e-03 8.326041021717692919e-03 8.227606783932675874e-03 8.339513949638877738e-03 8.736947481630480405e-03 8.711511964720730292e-03 8.488251514200888942e-03 8.790074552830236601e-03 8.888847560013349997e-03 8.777550144594742712e-03 8.869368193569066028e-03 8.614432707545678289e-03 8.578578081132283081e-03 8.809846542969188357e-03 8.810199687115934791e-03 8.430605981185815626e-03 8.466629410073412548e-03 8.616639275756437372e-03 8.728789546149732029e-03 8.716511882506088743e-03 8.810323406211132552e-03 8.603076317091147909e-03 8.560701838043072859e-03 8.418257561596035471e-03 8.548765028100089799e-03 8.465938779928964403e-03 9.412787915503789682e-03 8.431645792730851213e-03 8.690192036852728563e-03 9.235546833319367363e-03 8.634708671892747656e-03 8.684377787516678673e-03 8.942201970296407773e-03 8.613231132517593092e-03 8.472644195964553274e-03 8.707945908753053632e-03 8.456090535030883620e-03 8.509661849978126039e-03 8.687296680683439035e-03 8.726465353834719427e-03 8.956378111351489743e-03 9.126985030476967090e-03 8.680164257516793241e-03 8.284410954028820218e-03 8.890581601735444289e-03 8.642775728273684524e-03 8.640252936864394398e-03 8.533077313307345368e-03 9.207491720477632355e-03 8.640019362483644313e-03 8.928280815283896193e-03 8.687286624121407994e-03 9.053111631179791563e-03 8.884420848834759937e-03 8.810937546195482528e-03 8.649875757326121531e-03 8.847081165034976699e-03 8.466397640167719688e-03 8.672321522102221028e-03 8.778450410409466970e-03 8.896097861286514710e-03 8.926025497053255084e-03 8.593134898097608970e-03 8.902230975412669597e-03 8.670324652406634011e-03 8.703206689245287370e-03 8.901666270398888095e-03 8.508450887075608149e-03 8.867629584890833819e-03 8.657573374325809937e-03 8.548131904913339185e-03 8.735124398995779485e-03 9.008268320798137885e-03 8.815870722229923392e-03 8.735701298003665377e-03 8.540617658745074461e-03 8.803263166079709420e-03 9.097531052198071233e-03 8.824241800021609752e-03 8.838301485172480113e-03 9.083003773088760627e-03 8.504548315426062668e-03 8.570236246312298856e-03 8.541138908841578586e-03 8.968752308640259158e-03 8.656164804494922982e-03 8.552459986704240985e-03 8.959391853012114645e-03 8.992299533364859696e-03 8.970274506034858417e-03 8.636345506211421871e-03 9.029773555659996800e-03 8.886671201331080780e-03 9.010092143427517186e-03 8.963970376135900128e-03 8.507158600176915886e-03 8.647573583753129581e-03 8.497178438722132604e-03 8.334307548380614356e-03 8.789443159301746356e-03 8.511398988595203843e-03
8.425386450569359587e-03 0.000000000000000000e+00 7.692033983870032350e-03 7.954322427512115767e-03 7.954952045147036660e-03 7.419954576670598732e-03 7.876925853860511709e-03 7.847943659585415385e-03 7.608172705159205185e-03 8.032289271486392143e-03 7.691875147005471092e-03 7.610528274037226155e-03 7.534706426709079051e-03 7.715212045502082075e-03 7.512060938593171158e-03 7.939519203956291876e-03 7.846731994263547380e-03 7.864085750653360476e-03 8.014841223281008245e-03 7.576272913667016391e-03 7.747896863027401923e-03 7.461192252081584077e-03 7.364438809219451924e-03 8.187058933543024664e-03 8.256662533464263765e-03 7.500238135607126440e-03 7.592803754706077546e-03 8.010347436722367598e-03 7.851612537964193159e-03 7.750461516560589598e-03 7.871760357314608672e-03 8.291500425106986330e-03 8.243266145597271180e-03 8.004027240301362506e-03 8.321946928377900801e-03 8.433252750029263112e-03 8.313681100747649655e-03 8.412775581913323891e-03 8.145017396236978180e-03 8.100878351253578899e-03 8.349208814944575688e-03 8.349212080077763817e-03 7.946418090798408954e-03 7.981250657932155435e-03 8.141944947691132084e-03 8.262002530792572283e-03 8.249142478999710662e-03 8.353811410353691180e-03 8.127728255658302550e-03 8.081984751827841693e-03 7.929244017154050972e-03 8.069481312176513682e-03 7.980666412969893500e-03 8.991279541825981242e-03 7.943566660185117506e-03 8.220605604573832589e-03 8.802925280442547296e-03 8.161957468203790908e-03 8.214653663948872156e-03 8.490196023406122727e-03 8.138589360321385469e-03 7.987796305348566009e-03 8.239942924641063468e-03 7.975020635580790454e-03 8.027054047268325151e-03 8.216631577895653488e-03 8.258712100478663234e-03 8.505688131800481083e-03 8.686529816834792639e-03 8.209566787593587309e-03 7.779942422091470043e-03 8.434891252241409967e-03 8.169559077298318636e-03 8.167084466141049173e-03 8.056135759090192472e-03 8.772236535967432858e-03 8.170808945523062514e-03 8.474842688205912189e-03 8.217187485526125310e-03 8.608891055952016050e-03 8.427736723601534502e-03 8.344101480680347557e-03 8.176676673187619274e-03 8.388092081865861083e-03 7.979897386953666710e-03 8.200791197577659772e-03 8.314744728827387979e-03 8.440833712580685447e-03 8.472181780017093086e-03 8.115920868874349631e-03 8.446868999318127985e-03 8.199266046961476567e-03 8.229305642945557164e-03 8.446333735979241406e-03 8.025148499190120840e-03 8.410195069070036666e-03 8.185276308732052086e-03 8.068303511130449357e-03 8.268392150702338905e-03 8.560479570785551814e-03 8.355481301818594095e-03 8.269029988302983511e-03 8.064888695300958393e-03 8.341805249997986602e-03 8.655579694627050374e-03 8.363564228568922884e-03 8.378723512728124961e-03 8.640356981504625916e-03 8.016174732583002116e-03 8.091678950431065165e-03 8.060627229995450532e-03 8.518995103214320463e-03 8.183879943880834409e-03 8.073421963065428517e-03 8.508673576843117994e-03 8.543639917478609153e-03 8.520404690652254656e-03 8.162542675364578559e-03 8.583217417331045346e-03 8.430472670504559479e-03 8.562306698170409069e-03 8.514189666585526492e-03 8.019683115614283445e-03 8.174605200378213740e-03 8.013693425718027355e-03 7.838749313506473276e-03 8.327006746494275760e-03 8.028653045217553838e-03
8.173039134374273859e-03 7.692033983870032350e-03 0.000000000000000000e+00 7.886810271674324704e-03 7.883507381234090838e-03 7.339376787146611666e-03 7.813374676426471793e-03 7.778111427844288522e-03 7.535734796546920966e-03 7.959979844507516708e-03 7.795736056713136082e-03 7.536873281455755760e-03 7.623871995082378422e-03 7.480816799024942072e-03 7.443494559186679752e-03 7.690161320339179707e-03 7.761080378719731852e-03 7.815987939879247282e-03 7.777390604263524111e-03 7.502996686492710392e-03 7.851780329002043535e-03 7.380940342536496460e-03 7.139962900136828487e-03 7.955930857318693414e-03 8.192870607315423312e-03 7.421720487872354201e-03 7.519221610403549298e-03 7.942600502989059438e-03 7.959617111541862980e-03 7.673753184461293633e-03 7.802210177293241247e-03 8.232581954645551078e-03 8.192089330193013177e-03 7.950923934238136870e-03 8.270779767359541165e-03 8.383333691397158033e-03 8.262923009940924962e-03 8.362427569725185833e-03 8.087857317764051562e-03 8.048530464542437424e-03 8.298445899817893587e-03 8.298699374334929033e-03 7.888690518668165993e-03 7.927550609177717172e-03 8.089830706954674600e-03 8.210793317853098960e-03 8.197729170838653073e-03 8.298939357804130043e-03 8.075252458752579104e-03 8.029338143581404158e-03 7.874944909773091972e-03 8.016731161305624270e-03 7.927197057007950853e-03 8.944530040130065085e-03 7.889937853977339877e-03 8.169032942488659715e-03 8.755211675237774271e-03 8.109723304338798192e-03 8.162987374796797785e-03 8.440258598697691211e-03 8.086321034114586637e-03 7.934524019437961748e-03 8.188450514820177703e-03 7.921018340579909917e-03 7.974794383596032002e-03 8.166410708995109832e-03 8.208712298098636007e-03 8.461334065346571079e-03 8.639136856840656103e-03 8.159013239574842286e-03 7.730606755483800628e-03 8.385785783404837296e-03 8.118706948211340882e-03 8.116202713344003103e-03 8.000361144216237147e-03 8.725215855323204331e-03 8.115568073867585747e-03 8.426133407042010054e-03 8.166682121815220866e-03 8.560557056497887854e-03 8.378926619900107023e-03 8.299091837820137679e-03 8.125912694396286023e-03 8.338856187883145199e-03 7.927812666126876975e-03 8.150193585131524851e-03 8.264958386709613317e-03 8.391627429250536618e-03 8.423642328201419449e-03 8.064720688860799180e-03 8.397974084923976595e-03 8.148689586224383899e-03 8.183584023912065727e-03 8.397481988408237244e-03 7.973295345351561619e-03 8.360856576397427894e-03 8.134679720427456101e-03 8.020860066565816543e-03 8.218276743682343191e-03 8.512114681245332160e-03 8.310357925027839904e-03 8.218908412623860890e-03 8.008397882720450986e-03 8.292137043293684381e-03 8.607568561561366322e-03 8.314134065424359440e-03 8.329608466789971757e-03 8.592126901158425936e-03 7.963531515488841972e-03 8.040187239257371582e-03 8.009062698300720151e-03 8.469929251285222838e-03 8.133068708250741283e-03 8.021115019470111823e-03 8.460280587861470150e-03 8.495144138200461104e-03 8.471477338095542708e-03 8.111732639459114103e-03 8.535119644734119257e-03 8.381563159846578542e-03 8.514073502818769734e-03 8.465196131866491169e-03 7.971641992589482625e-03 8.123942845742016666e-03 7.965801273905219471e-03 7.785592089590244111e-03 8.276839788454101732e-03 7.976809659657546972e-03
8.252470055356762174e-03 7.954322427512115767e-03 7.886810271674324704e-03 0.000000000000000000e+00 7.771931774899197912e-03 7.420716924971600126e-03 7.883478595275755091e-03 8.035512384628410582e-03 7.793474928260246334e-03 8.030580589458652732e-03 7.691416844405171184e-03 7.621095596389735813e-03 7.546668555663241414e-03 7.557346771850659284e-03 7.516915974121681637e-03 7.773005871925173053e-03 7.840017455039451771e-03 7.898730571568838774e-03 8.019415310264651001e-03 7.772947225506787391e-03 7.742708826032897521e-03 7.461214694730308739e-03 7.222990918917482350e-03 8.023422485853269615e-03 8.467153087095854666e-03 7.511853928592783156e-03 7.586011373265131620e-03 8.009943219203480291e-03 7.864297457778685746e-03 7.940607944694604362e-03 7.868385013226142713e-03 8.496915954818421227e-03 8.234953848480415853e-03 7.995112675621949411e-03 8.312926489040053241e-03 8.429505346003989680e-03 8.310594602964379088e-03 8.414858341454608398e-03 8.136615507852334658e-03 8.096883552649127014e-03 8.340520534973487957e-03 8.345674384917511901e-03 7.933571357229152882e-03 7.972018729160895711e-03 8.133004486665261143e-03 8.252976366413108597e-03 8.245326170874386559e-03 8.341010327025919630e-03 8.123512252093369884e-03 8.077731949780519310e-03 7.919839411886482952e-03 8.060563457190019973e-03 7.971552782285916405e-03 8.983552322622807493e-03 7.934327712827031476e-03 8.211889856354180270e-03 8.795129856029385018e-03 8.153512946338023482e-03 8.206038585972370153e-03 8.476327539804243485e-03 8.136043227682864670e-03 7.978494094739841877e-03 8.235690544197295238e-03 7.801186325548927110e-03 8.027602218895583952e-03 8.216979812605601854e-03 8.259260338225032222e-03 8.505923101292374097e-03 8.687287206181162555e-03 8.209935294356747112e-03 7.780354275941954792e-03 8.435555418507243580e-03 8.169922764111355387e-03 8.167465734974203515e-03 8.052889887213927900e-03 8.772682090161288554e-03 8.167313717117770377e-03 8.470204819735102988e-03 8.217648998644154490e-03 8.608708263951648371e-03 8.428440817982208594e-03 8.344556591460137313e-03 8.176797675093664536e-03 8.388585533788517345e-03 7.980097600038670025e-03 8.200922081669378971e-03 8.315440985596105061e-03 8.440982329782183852e-03 8.472715807592935688e-03 8.116184821598074542e-03 8.447268592754578892e-03 8.199958740847669916e-03 8.229977737005780489e-03 8.446863557555951696e-03 8.025391456907246188e-03 8.410475583043213257e-03 8.186469442509022518e-03 8.069649458202212203e-03 8.269606238930568565e-03 8.561696122814252408e-03 8.356856816766410762e-03 8.270216045870399865e-03 8.065831786800340894e-03 8.343045401849507117e-03 8.656811308807750571e-03 8.364740845706656464e-03 8.379926987052936996e-03 8.641760843678469167e-03 8.017246668147742436e-03 8.092863894124030510e-03 8.061456098442408569e-03 8.519982311355195695e-03 8.184948258644150418e-03 8.074888056169019640e-03 8.509936175263360311e-03 8.544878483065501337e-03 8.521833786279048306e-03 8.163595272752037155e-03 8.584448436387840525e-03 8.431656291474390677e-03 8.563527356083866851e-03 8.515379540637054226e-03 8.020573484449093279e-03 8.175802522635654615e-03 8.015045771112987855e-03 7.839976655761317012e-03 8.328132972310216958e-03 8.029842597752792285e-03
8.451065690475507292e-03 7.954952045147036660e-03 7.883507381234090838e-03 7.771931774899197912e-03 0.000000000000000000e+00 7.594966742830555617e-03 7.890358064180404141e-03 7.868621266774759523e-03 7.785100446743221936e-03 8.026123126415563372e-03 7.688049838041002663e-03 7.629598208369608482e-03 7.542826997434168984e-03 7.557975674309664292e-03 7.524283674297835983e-03 7.769034017909097999e-03 8.016671362893879396e-03 7.900576785434980376e-03 7.852590678511404618e-03 7.597251517439376246e-03 7.755098941062301202e-03 7.469142523221224822e-03 7.224701857197295823e-03 8.030515800462644307e-03 8.277014981862066550e-03 7.525562176785104314e-03 7.599122744587775806e-03 8.006453218479828160e-03 8.034679696418845635e-03 7.937100244432133272e-03 7.880939679756540986e-03 8.493385306323604500e-03 8.241373829596453787e-03 7.996187899119508100e-03 8.319808214936344481e-03 8.425684431746629025e-03 8.306568359670408325e-03 8.415876909750102594e-03 8.132169670140160234e-03 8.098058456003424249e-03 8.340949242405417199e-03 8.346820257207395594e-03 7.939504282569597934e-03 7.978794066715597447e-03 8.139132082883089592e-03 8.254179728702328023e-03 8.241027264922514209e-03 8.341801703530472845e-03 8.125349705196347957e-03 8.079618424907095836e-03 7.925788892880689107e-03 8.061060259702041222e-03 7.971939707805611799e-03 8.984429561416295770e-03 7.940299928778494706e-03 8.212580850908354768e-03 8.795913241489684842e-03 8.164599533018773031e-03 8.212408029029970302e-03 8.301037870402440053e-03 8.136542728790880155e-03 7.979467463329323329e-03 8.231663484665006220e-03 7.961622350720131552e-03 8.029001728337478022e-03 8.218260279051479641e-03 8.260119715490824369e-03 8.501233635853512605e-03 8.688354311227873897e-03 8.211038053528282865e-03 7.781430605683080717e-03 8.436684773898367115e-03 8.171205742742462114e-03 8.168762666776779174e-03 8.053906172647219003e-03 8.773900301174853561e-03 8.168454648240230931e-03 8.476040503892307010e-03 8.218776721449589859e-03 8.610069891284212809e-03 8.429381047180228154e-03 8.345699792937368369e-03 8.178191907479244113e-03 8.389675304885622908e-03 7.981411416269248993e-03 8.202347641758034325e-03 8.316731229020010371e-03 8.442373596608725508e-03 8.473778974163223565e-03 8.117325692057770353e-03 8.448392203897996458e-03 8.201077100366207726e-03 8.230865227032957074e-03 8.447964579056103929e-03 8.026400509887371415e-03 8.411426978492602541e-03 8.188560849910216100e-03 8.071466763220019533e-03 8.271398659785520607e-03 8.563434207073226598e-03 8.358204695453569019e-03 8.272147424332259094e-03 8.062860107518663930e-03 8.344987793759025413e-03 8.658355167449173842e-03 8.366479017436029633e-03 8.381789848587971326e-03 8.643739745036432831e-03 8.023344363916707495e-03 8.094719338105235001e-03 8.063390543806996102e-03 8.526882021199663070e-03 8.186358638749117317e-03 8.076974545587417911e-03 8.511981154732700672e-03 8.546443690659122697e-03 8.523822268935605032e-03 8.165122199019202512e-03 8.586274999349170767e-03 8.433380682711806228e-03 8.565079636453127795e-03 8.521784674767418286e-03 8.027299583101060385e-03 8.177605039452910674e-03 8.016878237374121946e-03 7.841903113087104679e-03 8.329912519968275114e-03 8.031820314332169947e-03
7.914783622659410031e-03 7.419954576670598732e-03 7.339376787146611666e-03 7.420716924971600126e-03 7.594966742830555617e-03 0.000000000000000000e+00 7.539339138653259817e-03 7.509310987231748551e-03 7.409243879414175414e-03 7.697761180447265650e-03 7.493229935012672878e-03 7.252406843050217614e-03 7.166165189740040901e-03 7.186370148223373763e-03 7.147996909181172399e-03 7.417201957850392754e-03 7.488616725467463903e-03 7.548867793396435259e-03 7.505161960763039215e-03 7.382035374427818944e-03 7.391307179744257411e-03 7.081124416286397986e-03 6.825201111931207716e-03 7.689052796321271116e-03 8.121193558801462209e-03 7.129315333675127243e-03 7.228127664585564521e-03 7.671295528892112248e-03 7.513865353219384077e-03 7.400898695146434711e-03 7.529345040006270653e-03 7.985922573420683665e-03 7.901775512085389488e-03 7.649489431116397557e-03 7.984903836336564031e-03 8.101470513826949243e-03 7.980685793918390614e-03 8.085368642375790477e-03 7.798247779059356427e-03 7.752130508072331908e-03 8.018028656518391695e-03 8.013494347112801522e-03 7.584335975707609534e-03 7.625360455612588753e-03 7.795117602504791562e-03 7.921350418965153115e-03 7.908089599942580081e-03 8.018843267821257684e-03 7.780528802893592853e-03 7.731863136328729832e-03 7.570599434238445453e-03 7.718616948963382893e-03 7.629318697374767692e-03 8.684862925384864013e-03 7.585759446672979064e-03 7.882077885944372905e-03 8.488609005661085574e-03 7.664026970625559959e-03 7.876067295329259796e-03 8.166096869683069776e-03 7.792289042949302955e-03 7.636702764907077334e-03 7.898393494604506737e-03 7.614068743210444454e-03 7.684416961154415075e-03 7.883515908443741033e-03 7.926590502811857106e-03 8.187034509818948494e-03 8.376530143261307418e-03 7.876408251515084474e-03 7.428303632891919243e-03 8.113079126886834844e-03 7.834528034600865901e-03 7.832017899973113539e-03 7.711053022738221727e-03 8.465770006005778406e-03 7.831020782219536708e-03 8.154447451914220019e-03 7.884391395114563605e-03 8.289739992079688327e-03 8.105449881024956796e-03 8.022628765159304370e-03 7.841801845443103353e-03 8.063943624557191187e-03 7.634743294894877873e-03 7.867007676388251478e-03 7.986903018131399218e-03 8.118920092035242231e-03 8.152313860953290872e-03 7.777885482734730668e-03 8.125296339784175356e-03 7.866317800438889923e-03 7.902061381105583010e-03 8.125190700548569692e-03 7.682170712810636355e-03 8.086581931617389807e-03 7.831202902837834656e-03 7.708761448201584092e-03 7.924230063976913166e-03 8.230420620077222651e-03 8.020503819216895716e-03 7.919544946849812680e-03 7.700045960106945316e-03 7.995904396553335167e-03 8.325338749467172186e-03 8.024666466226791292e-03 8.034987747609504197e-03 8.310468822697066396e-03 7.509154493585475099e-03 7.737271051245233310e-03 7.699059787455012072e-03 8.192910387719871262e-03 7.839217013119192251e-03 7.713758828591515092e-03 8.170801917159183775e-03 8.208160490008463428e-03 8.184498668236695265e-03 7.816862939665762677e-03 8.249723076307597866e-03 8.095144725159162183e-03 8.233045115564548849e-03 8.019230471439889318e-03 7.661232578344557599e-03 7.825156979488143150e-03 7.651106083561600747e-03 7.468868961296991696e-03 7.990837279126458692e-03 7.666014715355926046e-03
8.343588915503611161e-03 7.876925853860511709e-03 7.813374676426471793e-03 7.883478595275755091e-03 7.890358064180404141e-03 7.539339138653259817e-03 0.000000000000000000e+00 7.951769981442475058e-03 7.730339780310074502e-03 8.318609292207778186e-03 7.979777395571031190e-03 7.726643419030204685e-03 7.634705467365839049e-03 7.673616870458069630e-03 7.791071067429868220e-03 7.858478051771578682e-03 7.940156452335346560e-03 7.980125184816092357e-03 8.123590376719601672e-03 7.704699138329033740e-03 7.857437480625650492e-03 7.740672806919840498e-03 7.335698468316136610e-03 8.311209360016330941e-03 8.345150208302922618e-03 7.780186160856314946e-03 7.872659184133696739e-03 8.114602806925084316e-03 7.958406676739868471e-03 8.033274763283467651e-03 7.961226196016834775e-03 8.581263063706124142e-03 8.341108650671020391e-03 8.105377488167874594e-03 8.423943910819355410e-03 8.527965680290567133e-03 8.410298138480024402e-03 8.508390438883906004e-03 8.244172756455316053e-03 8.200782789821201707e-03 8.445133081217432586e-03 8.445325869228425403e-03 8.044740043493394527e-03 8.087351287916239029e-03 8.241331907233764853e-03 8.359560654047285336e-03 8.346489687331157606e-03 8.445896679721938069e-03 8.231648693049689949e-03 8.182171465988347103e-03 8.031381009553140160e-03 8.169554168349820941e-03 8.082171716054627891e-03 9.078716425788186523e-03 8.045891094701539473e-03 8.318248017828763080e-03 8.893136469434190575e-03 8.261265743594661815e-03 8.312941481362435062e-03 8.579200726531840265e-03 8.243544050806125151e-03 8.089217030217045121e-03 8.337413059555976586e-03 8.076432376618057629e-03 8.132929628762780236e-03 8.315278699876913968e-03 8.355882244363177502e-03 8.599719956262151521e-03 8.778763413383208064e-03 8.308140258088455438e-03 7.890016704549961471e-03 8.530456041922289054e-03 8.268866771787919748e-03 8.266550074968806450e-03 8.153413769557731755e-03 8.863433907394177580e-03 8.265554446124293367e-03 8.569693499990814131e-03 8.315766399780325641e-03 8.701777153449750252e-03 8.523392244434161574e-03 8.446006784437904216e-03 8.275941078405584309e-03 8.484272389677791071e-03 8.082295128120321401e-03 8.299809317644051693e-03 8.416647415667239535e-03 8.536202731689729317e-03 8.567221563511088350e-03 8.216163807276702369e-03 8.542515554059822852e-03 8.302823018015388634e-03 8.332935579814472124e-03 8.541739050976760589e-03 8.126499106294227462e-03 8.505812167799154527e-03 8.274120892782543465e-03 8.158832669417408201e-03 8.355935787499765149e-03 8.644535520989166805e-03 8.446955027351005924e-03 8.356704746769904116e-03 8.155886997374937192e-03 8.428177311554076179e-03 8.743006816571934417e-03 8.449762222523799285e-03 8.469501368974851480e-03 8.728746698932379755e-03 8.107544658179116626e-03 8.181757683799256373e-03 8.150854824842505841e-03 8.608415266630827997e-03 8.272730492833217653e-03 8.002685690093373772e-03 8.593069797197596185e-03 8.627562542949607227e-03 8.609744959978179318e-03 8.252013212349940466e-03 8.666653640845534481e-03 8.520935712190386840e-03 8.646441585943574412e-03 8.598965120570952608e-03 8.120302791855181501e-03 8.263746016880365794e-03 8.109697123497404056e-03 7.936565689793060804e-03 8.418605320948563744e-03 8.119385317943123015e-03
8.323468853029923273e-03 7.847943659585415385e-03 7.778111427844288522e-03 8.035512384628410582e-03 7.868621266774759523e-03 7.509310987231748551e-03 7.951769981442475058e-03 0.000000000000000000e+00 7.690353061312587418e-03 8.096391052039296141e-03 7.777703832463015582e-03 7.690889001176512245e-03 7.624011118546394905e-03 7.643791335630499562e-03 7.767290398431921615e-03 7.853619970244519327e-03 8.112242787529165555e-03 7.957218205095022839e-03 8.102406526770307427e-03 7.669803884443763230e-03 8.001562277393620484e-03 7.698965264932960441e-03 7.311308375752708331e-03 8.093164701165698333e-03 8.520532061285683925e-03 7.583146249989006736e-03 7.843360375887316674e-03 8.080095095146946557e-03 7.931050102633152230e-03 7.830691170445684343e-03 8.118385857635267155e-03 8.364753317961543325e-03 8.322422978290746481e-03 8.085891397639146869e-03 8.399570541369368037e-03 8.509845892823098695e-03 8.391794310757209191e-03 8.489474025893983464e-03 8.225225317244174578e-03 8.181301146593097234e-03 8.426755437601204587e-03 8.426976942145570845e-03 8.025359156709781575e-03 8.067384546754938560e-03 8.222248954371135649e-03 8.340791673820086710e-03 8.327592430731896311e-03 8.427334276192412557e-03 8.212532892125227676e-03 8.162803917412199753e-03 8.017055432563731723e-03 8.150283712333675906e-03 8.062635800100911160e-03 9.061944801753011799e-03 8.026257383323635169e-03 8.299645520907644736e-03 8.875631420100992333e-03 8.242030366002562475e-03 8.294017380505471632e-03 8.561160713609456199e-03 8.218604387567144190e-03 8.069676042791547668e-03 8.318632558934099808e-03 8.061443416415471283e-03 8.108166164991246344e-03 8.295629874437526405e-03 8.337153795969061421e-03 8.581135972515691393e-03 8.760290763587865251e-03 8.288471340358951472e-03 7.864334195269644806e-03 8.511324799558990864e-03 8.248925959946480646e-03 8.246581048984938725e-03 8.133275607747890781e-03 8.845171923538218753e-03 8.246296168879197266e-03 8.550859043967459078e-03 8.296238838629741222e-03 8.683205645001352072e-03 8.504442512470357027e-03 8.421747504366198372e-03 8.256299871163046145e-03 8.465066607500867576e-03 8.061813341527118357e-03 8.279987942371447307e-03 8.397212892422680278e-03 8.517361709287969707e-03 8.548235507117918353e-03 8.196105037479101824e-03 8.523323216078093970e-03 8.282909517116741546e-03 8.308313539952590782e-03 8.522672966123639657e-03 8.106310279536690921e-03 8.486827831500155794e-03 8.265307200864475609e-03 8.149799844704900750e-03 8.347305877954650996e-03 8.636125006397625190e-03 8.433297720419079616e-03 8.348060782003310226e-03 8.146385342578287697e-03 8.419833192679460759e-03 8.729891897764487790e-03 8.441388220468444906e-03 8.456224133064292256e-03 8.714918685686074210e-03 8.097725806134650414e-03 8.172818390169013514e-03 8.141780226822492583e-03 8.600597731966603404e-03 8.263816161157039319e-03 8.154207596518863940e-03 8.584841563680799259e-03 8.619257206222714213e-03 8.596197901322403731e-03 8.242600773371898740e-03 8.658415970591618396e-03 8.507701913565497015e-03 8.637854356106797193e-03 8.590136671890843262e-03 8.106795867151942239e-03 8.254775353914440075e-03 8.095983750410585406e-03 7.922880447472351040e-03 8.409573928856986166e-03 8.110549098369234516e-03
8.103267328662849475e-03 7.608172705159205185e-03 7.535734796546920966e-03 7.793474928260246334e-03 7.785100446743221936e-03 7.409243879414175414e-03 7.730339780310074502e-03 7.690353061312587418e-03 0.000000000000000000e+00 7.871812368007293642e-03 7.535089811025348465e-03 7.455725967518036026e-03 7.364739928118732397e-03 7.393638842633430165e-03 7.340593579512041077e-03 7.610704274541801873e-03 7.849673433519971377e-03 7.734040241797424282e-03 7.673103424260340095e-03 7.421599440991110894e-03 7.591890566885055834e-03 7.290260590203727700e-03 7.042269118795974232e-03 7.881475639671363387e-03 8.115368304687930676e-03 7.347536190684641685e-03 7.424653568706826232e-03 8.036617991457497071e-03 7.686800596994627054e-03 7.577410011753655909e-03 7.895345967931661699e-03 8.332281023113709273e-03 8.083249041674327867e-03 7.838022469298917480e-03 8.168916546468944773e-03 8.282602421138355112e-03 8.155343529341420317e-03 8.089255276982757967e-03 7.977020769890768789e-03 7.936798116370980677e-03 8.191365570236728427e-03 8.190957578976910264e-03 7.780165048722449163e-03 7.819717643363977011e-03 7.984202190895087203e-03 8.107626567798745243e-03 8.088566689223693901e-03 8.197547999679435926e-03 7.969695240503721703e-03 7.917460421054236044e-03 7.771080419694448120e-03 7.904833347579168570e-03 7.813705136979730292e-03 8.847707072564211378e-03 7.775806605501789023e-03 8.059578816353246689e-03 8.654828111648683181e-03 8.004463987594363783e-03 8.053855677332667773e-03 8.340794484492776092e-03 7.981385203222618116e-03 7.821294744397378276e-03 8.084616665178449846e-03 7.813264717463528145e-03 7.871514797584518858e-03 8.065028553966535965e-03 8.108133457623400986e-03 8.360538754070943532e-03 8.545375930612450835e-03 8.057977280160315975e-03 7.618271940235610100e-03 8.288507171498569331e-03 8.017102285337199957e-03 8.014618398942758432e-03 7.897132893543495555e-03 8.632443807965269403e-03 8.014347964308186911e-03 8.329131045224322585e-03 8.065861346380731947e-03 8.465741795894919999e-03 8.281185755346601174e-03 8.195803677386124392e-03 8.024313296727571265e-03 8.240636872101060606e-03 7.822738095463301414e-03 8.048730953377615169e-03 8.165634669130138190e-03 8.294462784609605427e-03 8.326532387036249608e-03 7.961895033008318384e-03 8.300593377682496596e-03 8.047562794369139336e-03 8.078596680370074903e-03 8.300156828865621478e-03 7.868947363679185125e-03 8.262991317171753183e-03 8.034841631176849533e-03 7.914788791759353251e-03 8.119573391387904446e-03 8.417809645665437837e-03 8.208051780128244185e-03 8.120322360362133493e-03 7.905723300581351393e-03 8.194857664951074941e-03 8.514829263435302886e-03 8.216777104039320323e-03 8.232437599539945902e-03 8.499844809208187760e-03 7.870704637862253536e-03 7.938796752992019132e-03 7.906752207694170420e-03 8.380309690711271881e-03 8.032419374705668247e-03 7.920493389072452012e-03 8.365485644983725044e-03 8.400618683014466487e-03 8.377388131064974347e-03 8.010683449966938055e-03 8.441288372121187947e-03 8.285127620746308291e-03 8.419642891996899706e-03 8.374993695890384227e-03 7.869831280230714377e-03 8.023617360262767784e-03 7.858888888760179672e-03 7.679715700148387336e-03 8.179159121776694713e-03 7.874386538914842151e-03
8.681980861867300350e-03 8.032289271486392143e-03 7.959979844507516708e-03 8.030580589458652732e-03 8.026123126415563372e-03 7.697761180447265650e-03 8.318609292207778186e-03 8.096391052039296141e-03 7.871812368007293642e-03 0.000000000000000000e+00 7.933707163332753484e-03 8.047789702109715490e-03 7.968266066546617066e-03 7.815575599173526719e-03 7.773374444173485748e-03 8.024051724106570638e-03 8.270026099892068341e-03 8.322228711791340369e-03 8.082132832847791284e-03 7.853034226121321376e-03 8.177480865630415430e-03 7.720453038347708206e-03 7.494226018487222703e-03 8.250506512753800689e-03 8.694769613644303535e-03 7.764383858231898444e-03 7.844030081413435121e-03 8.243287933063976961e-03 8.105146673006916394e-03 8.181402543671256397e-03 8.303615749480443287e-03 8.734109785462447137e-03 8.468064672217383293e-03 8.237208699181049198e-03 8.364891927914763423e-03 8.657504467768389889e-03 8.537122610353812049e-03 8.638166568938234272e-03 8.373840243383553344e-03 8.330697203946699561e-03 8.575968899222633640e-03 8.576251712609561650e-03 8.177981065747470801e-03 8.214450197979346335e-03 8.370136981623917810e-03 8.486492923438709174e-03 8.479167498763781272e-03 8.571046806829851761e-03 8.361723569389278507e-03 8.312111254114042808e-03 8.169761918908691536e-03 8.305309163842242159e-03 8.214144412198859727e-03 9.199266697974883833e-03 8.178541279367235184e-03 8.446043147441425689e-03 9.010148868063286992e-03 8.390068584845779970e-03 8.440352125511665221e-03 8.708148663647529916e-03 8.378511585896216904e-03 8.220937045130943463e-03 8.470287572628304104e-03 8.204156852434659961e-03 8.269353738497603468e-03 8.452454478235588153e-03 8.493237631316772132e-03 8.736454496392910551e-03 8.907047043267312877e-03 8.445658990487358783e-03 8.030863293060635719e-03 8.663179203680725082e-03 8.406657214903379485e-03 8.404340432152386520e-03 8.293866638739386468e-03 8.989818801686887129e-03 8.404468436770054160e-03 8.701897699431903124e-03 8.452957301819521291e-03 8.831004039728279631e-03 8.656585131595397400e-03 8.575367727484040428e-03 8.413567695993598092e-03 8.618162354538792813e-03 8.223562113561958681e-03 8.436677146076794823e-03 8.547201605851107928e-03 8.668722067113760962e-03 8.699717025596739178e-03 8.354924067948767824e-03 8.669288912039763845e-03 8.435529468415961171e-03 8.464319897767174500e-03 8.674705432924244633e-03 8.267484212425972936e-03 8.639375385490343992e-03 8.424272092197114536e-03 8.315756167864033974e-03 8.504429909386724759e-03 8.786747140407991791e-03 8.592964120664313421e-03 8.504909561865241566e-03 8.302682343283834115e-03 8.575282263725940435e-03 8.878322202970133012e-03 8.596249928350323949e-03 8.610860498109520339e-03 8.868891997599643792e-03 8.260881577481704249e-03 8.333700422507153704e-03 8.303441591966947630e-03 8.751680099354886694e-03 8.422427917760717808e-03 8.321073284395578279e-03 8.736907251607426220e-03 8.770097418541471582e-03 8.748023092086743349e-03 8.402109948423412342e-03 8.808597011779445082e-03 8.660938056947203867e-03 8.788323737340689168e-03 8.742051194760363034e-03 8.268898006125062483e-03 8.413831109134050842e-03 8.262874438688505574e-03 8.089887540412897191e-03 8.560879292661518689e-03 8.273008947227404250e-03
8.365513694460998892e-03 7.691875147005471092e-03 7.795736056713136082e-03 7.691416844405171184e-03 7.688049838041002663e-03 7.493229935012672878e-03 7.979777395571031190e-03 7.777703832463015582e-03 7.535089811025348465e-03 7.933707163332753484e-03 0.000000000000000000e+00 7.534740909253496988e-03 7.604625757907677863e-03 7.471231775311958784e-03 7.425136447756375095e-03 7.865510016799104678e-03 7.933259769154153360e-03 7.806449939066004672e-03 7.767709940236787111e-03 7.672225436868632814e-03 7.653103880152677813e-03 7.370169420271240751e-03 7.131220026819017239e-03 7.931633395801072905e-03 8.375641383602493162e-03 7.571075716992802830e-03 7.510178611208631616e-03 7.931671877888251190e-03 7.776084220405089092e-03 7.848168676528450433e-03 7.802777211317497678e-03 8.227885004187198217e-03 8.134752107697169193e-03 7.891215034337173764e-03 8.214818212444539858e-03 8.328888796335368744e-03 8.205963101650776484e-03 8.308964954015249024e-03 8.031149091690215763e-03 7.989774756816911058e-03 8.242935477277637396e-03 8.243534595548268964e-03 7.829860904178573278e-03 7.869334313048152035e-03 8.032389502400351378e-03 8.153810140543116258e-03 8.141326442818537859e-03 8.243686152925488314e-03 8.018551768046671899e-03 7.971467099730280767e-03 7.819357277864176850e-03 7.958420797660528678e-03 7.868063763833409510e-03 8.895551734177106068e-03 7.830544148410376049e-03 8.111690098198861762e-03 8.704342017497816025e-03 8.057428423519039443e-03 8.105384935405841526e-03 8.381040465265981315e-03 8.029702872462745819e-03 7.874655312126391943e-03 8.131979051295454980e-03 7.857612627676280673e-03 7.894315057062631369e-03 8.078061540638285104e-03 8.120881151384149940e-03 8.384976917517675266e-03 8.557304230373189227e-03 8.075603641332215407e-03 7.482936232298884917e-03 8.304558767708592956e-03 8.029471113964332593e-03 8.026095498406580347e-03 7.915286267387067892e-03 8.645304069937981978e-03 8.042735705998284648e-03 8.347194956003474789e-03 8.087716286386903777e-03 8.488178570121652014e-03 8.293150104092521929e-03 8.044690978102149795e-03 8.037165255837655509e-03 8.257911446942739486e-03 7.835470205443758121e-03 8.061641329943953702e-03 8.178920706316488917e-03 8.311730587633478148e-03 8.338389799932588789e-03 7.975084890898164608e-03 8.318234442654916933e-03 8.059746269687867101e-03 7.931764738668320089e-03 8.317353608513197716e-03 7.886911636981514331e-03 8.285204519430246217e-03 8.069258957888245445e-03 7.954364487571816481e-03 8.158726430103856869e-03 8.450910586062928068e-03 8.246388527850952513e-03 8.154607104348543176e-03 7.941807525410741336e-03 8.233220608917062033e-03 8.551988716760114753e-03 8.254663213122239232e-03 8.265810580411982536e-03 8.533151403014322539e-03 7.902616307680339000e-03 7.973929352754541983e-03 7.941214233883685247e-03 8.414615675832575956e-03 8.072044320763612293e-03 7.970712372337023649e-03 8.398391279914044910e-03 8.438878102688130919e-03 8.420657890790383959e-03 8.045328523655633640e-03 8.474599788098191935e-03 8.318438517337038707e-03 8.453014340235258384e-03 8.409251448312058883e-03 7.748226943244733607e-03 8.058797870431065255e-03 7.898383010411198085e-03 7.716045719450828275e-03 8.214072862609212572e-03 7.909649409745051624e-03
8.103940121446840880e-03 7.610528274037226155e-03 7.536873281455755760e-03 7.621095596389735813e-03 7.629598208369608482e-03 7.252406843050217614e-03 7.726643419030204685e-03 7.690889001176512245e-03 7.455725967518036026e-03 8.047789702109715490e-03 7.534740909253496988e-03 0.000000000000000000e+00 7.532345035000169615e-03 7.395293342404033778e-03 7.356023279825170576e-03 7.613560318193115205e-03 7.682831766180787426e-03 7.719391479241962013e-03 7.863428175017339594e-03 7.434050292576113717e-03 7.581281682524859157e-03 7.279145286979467853e-03 7.194130329910375030e-03 7.860694798539156342e-03 8.308635433459079372e-03 7.331409966648604580e-03 7.420883747121315849e-03 7.851008181193195462e-03 7.880987151545114019e-03 7.596350859830078642e-03 7.885538220370658449e-03 8.157420729442591695e-03 8.095996401146081031e-03 7.851136669962109974e-03 8.181404952905629163e-03 8.289968985454225156e-03 8.167653236200110231e-03 8.269451235930534369e-03 7.995270399813084183e-03 7.950514997236476228e-03 8.203985620319166269e-03 8.204255267799951193e-03 7.792014478029610572e-03 7.827649033468532525e-03 7.992390029951716712e-03 8.114994198702759481e-03 8.101879094759872890e-03 8.208834248650273904e-03 7.978034126540585469e-03 7.931215130428265550e-03 7.774313865667309247e-03 7.918008619443689736e-03 7.827286631956201918e-03 8.858727213752826471e-03 7.789409619624531982e-03 8.072570768667139754e-03 8.667077245244646233e-03 8.012940404212413187e-03 8.066776521313250709e-03 8.343046941051757148e-03 7.988942685821807943e-03 7.834616239024292522e-03 8.092438760083631860e-03 7.816209765087208175e-03 7.875251435177163181e-03 8.069073800536844671e-03 8.111817113434550280e-03 8.368910353409675026e-03 8.548767958414426466e-03 8.061978308953048067e-03 7.622398743454308380e-03 8.292102556864333271e-03 8.020991657657173396e-03 8.018501543683356075e-03 7.905064126796848903e-03 8.636118605713083776e-03 8.022013824118452013e-03 8.332781648659052728e-03 8.069765757101218101e-03 8.469792043665267875e-03 8.284775739221620847e-03 8.199376226438469945e-03 8.028173408148649853e-03 8.244400658017077277e-03 7.826912314231724080e-03 8.052842861675407402e-03 8.169549459847241790e-03 8.298149073976296766e-03 8.330222170646411906e-03 7.966057719097689727e-03 8.304543896641314316e-03 8.051702311864741488e-03 8.082293884991556543e-03 8.303848843050585030e-03 7.873304526877377904e-03 8.266923414464374953e-03 8.026794148396937389e-03 7.917425520951834259e-03 8.112438023005260485e-03 8.410814778503895861e-03 8.212370507595342581e-03 8.118343940420692795e-03 7.909670298056069998e-03 8.186805279075629049e-03 8.507408970285625441e-03 8.215380977091934697e-03 8.230439950227392415e-03 8.318128974474512521e-03 7.854060633741168432e-03 7.930824252187768444e-03 7.899834468123033068e-03 8.373863089354553757e-03 8.025709046553376400e-03 7.917960406649835262e-03 8.357496763935066963e-03 8.399325800738330697e-03 8.370535776049896348e-03 8.003908963049694361e-03 8.439496714528964966e-03 8.283557093404897084e-03 8.418423987403370404e-03 8.363393256039120677e-03 7.857732165918373743e-03 8.022007928792949938e-03 7.861126533302929126e-03 7.672251962354104983e-03 8.172191372283230809e-03 7.866486208946133624e-03
