0.000000000000000000e+00 9.688586125379266764e-03 8.992727209882861797e-03 9.317691693453622123e-03 9.769320266515894163e-03 8.596416612675156221e-03 9.551059206385286229e-03 9.519831266257666388e-03 9.052853904996209511e-03 1.008672016567699163e-02 9.740747682846538982e-03 9.062620891985988941e-03 9.045732071169827748e-03 9.062238938392938245e-03 8.878401495435896476e-03 9.297574739118857554e-03 9.413503268962640502e-03 9.555675629140201327e-03 9.557231207733066225e-03 9.362147130873235343e-03 9.638086556610227229e-03 8.816405262904255039e-03 8.474634424556972898e-03 1.009532151680235523e-02 1.091526539349476493e-02 8.841672204117623918e-03 8.980698926996370790e-03 9.709725985320450878e-03 9.533724107041872259e-03 9.262842411493617256e-03 9.536346278563603840e-03 1.023230454068469776e-02 1.234038343264474979e-02 1.184729771427809816e-02 1.234029805340052313e-02 1.285283332213797355e-02 1.245106824915194303e-02 1.271578535071476133e-02 1.211824917660644409e-02 1.211939286002978143e-02 1.255056526515159303e-02 1.268836299538613280e-02 1.157499461198726806e-02 1.174562723591674948e-02 1.220934390366675872e-02 1.232193152072713453e-02 1.244394565046173622e-02 1.232219418476498095e-02 1.200818151320262074e-02 1.212014777717480320e-02 1.160342470159220554e-02 1.206227176845389368e-02 1.183332904184784644e-02 1.428427665994389667e-02 1.186436126036673894e-02 1.230431117342368520e-02 1.360033507254191851e-02 1.190466835600338148e-02 1.222506604357252204e-02 1.270999221185487547e-02 1.206752357040395338e-02 1.169416887188481045e-02 1.236450951069166006e-02 1.162616947499559364e-02 1.186770460682700853e-02 1.217473884518474256e-02 1.215586422618715641e-02 1.268926564590689039e-02 1.342075296159297125e-02 1.236048405703411845e-02 1.155110068997078528e-02 1.249641053051240777e-02 1.214764238631739490e-02 1.204570038660922500e-02 1.187057535227090468e-02 1.367145468659552825e-02 1.213310862741885654e-02 1.279910576591357547e-02 1.235110627739040810e-02 1.237050238636288810e-02 1.267892500184687396e-02 1.259537889982041692e-02 1.223413046474937892e-02 1.264569454627669995e-02 1.189776970699409596e-02 1.230453304054051830e-02 1.225378285705447379e-02 1.239225839843623514e-02 1.293355701148671960e-02 1.214809373598482733e-02 1.266323260012852496e-02 1.204742093330337695e-02 1.209742632524883274e-02 1.287863599292863107e-02 1.199377122865035936e-02 1.267723108079841544e-02 1.254213085439358048e-02 1.210391635514405928e-02 1.279456836210472563e-02 1.343385946811940547e-02 1.262992691163126319e-02 1.269741241976514272e-02 1.194080342703435389e-02 1.260649488700530188e-02 1.368050406488402135e-02 1.290123904883557458e-02 1.291071076414516787e-02 1.341886717261853851e-02 1.195695373412725311e-02 1.237378755234751909e-02 1.192864282565951964e-02 1.318940777929335229e-02 1.251131944704260424e-02 1.209561658933167548e-02 1.270044948895263787e-02 1.317622092450822756e-02 1.315956625792301382e-02 1.246376021723073074e-02 1.339150112711190097e-02 1.302511223992126009e-02 1.338990717207684013e-02 1.290651054049120859e-02 1.196874233730353503e-02 1.252135008077152195e-02 1.203023373212678757e-02 1.196523965144505146e-02 1.270883472710142119e-02 1.226004582542754469e-02
9.688586125379266764e-03 0.000000000000000000e+00 8.626433882218603050e-03 9.342522689434055658e-03 9.398088612559668542e-03 8.258789457132599890e-03 9.226900397702450518e-03 9.158858865934463647e-03 8.676769029722903800e-03 9.399812955206043180e-03 9.036050380060728013e-03 8.689481974854982096e-03 8.738397545702698485e-03 8.675195861709080955e-03 8.501747292390228819e-03 9.325119378916141288e-03 9.130259481597785901e-03 9.160485250483997588e-03 9.587952499229014311e-03 8.630856216171900810e-03 8.961330318136534467e-03 8.452991379028199428e-03 8.382457391999836513e-03 9.699141994897747185e-03 1.025075618525837090e-02 8.473132482983779246e-03 8.633114602382297581e-03 8.976610423885632642e-03 9.179143978811215090e-03 8.916085676278988348e-03 9.201210312824448234e-03 9.894741043274540501e-03 1.209920822994976948e-02 1.159439740080673957e-02 1.208547723386579030e-02 1.262254076114525600e-02 1.221326026123091546e-02 1.248327763229580001e-02 1.188758574828598091e-02 1.187242581685231044e-02 1.231595457152555653e-02 1.245458059309395571e-02 1.132793284826030290e-02 1.149074559928186905e-02 1.196534378386093778e-02 1.208127379167415680e-02 1.220565657939503418e-02 1.209527689411724581e-02 1.176059721443196114e-02 1.187342681900636389e-02 1.134655714041699071e-02 1.181546304710848552e-02 1.157970669008340225e-02 1.408096871837121768e-02 1.161112780935687205e-02 1.206366732577664538e-02 1.338456426305239914e-02 1.165491504277451490e-02 1.198206221405924594e-02 1.247833722064262130e-02 1.182056377513926101e-02 1.143643374604079097e-02 1.212472669433473267e-02 1.138433480476497110e-02 1.160401703677608684e-02 1.191872883405749664e-02 1.190102811702591426e-02 1.244935439450308920e-02 1.319030170275280883e-02 1.210825946658787219e-02 1.126295865991426559e-02 1.224680048222770608e-02 1.188938259448244633e-02 1.178450766471719757e-02 1.161859547629415582e-02 1.344730802616026476e-02 1.189112647903643391e-02 1.255879660712919468e-02 1.209869535679942293e-02 1.212237962522876196e-02 1.243372433718363188e-02 1.233352814723547367e-02 1.197914898529168180e-02 1.239998703889880032e-02 1.163286354283717822e-02 1.205117075136923413e-02 1.199971453379069727e-02 1.214218162465680387e-02 1.269341146549485613e-02 1.189069568071914919e-02 1.241823595724520467e-02 1.178665734385731488e-02 1.182367690314495116e-02 1.263779653900818679e-02 1.173286798892591437e-02 1.243448214561627789e-02 1.229350609407194213e-02 1.184901221000396639e-02 1.255213345852584580e-02 1.320573968713433313e-02 1.238861480036851197e-02 1.245338791737460836e-02 1.169530548547978444e-02 1.235965989990745091e-02 1.345666996644515577e-02 1.266205588276399924e-02 1.267052575538317460e-02 1.319029353666905172e-02 1.168258366098034497e-02 1.212152321707085992e-02 1.166762033539831163e-02 1.295877078771963571e-02 1.226477678238765620e-02 1.184005877735731967e-02 1.245570887499890603e-02 1.294318211670190261e-02 1.292807580060915951e-02 1.221618036336365003e-02 1.316132681448708985e-02 1.278862939409099696e-02 1.316057118744170910e-02 1.267057177067510212e-02 1.169568846117345108e-02 1.227305200173449407e-02 1.177289186033287673e-02 1.170229818871319251e-02 1.246728971335990185e-02 1.200503772077763515e-02
8.992727209882861797e-03 8.626433882218603050e-03 0.000000000000000000e+00 8.988564837514194383e-03 9.032191191659717788e-03 7.844028497564605254e-03 8.908029166969793494e-03 8.817586953041601019e-03 8.304731482590138950e-03 9.046170438433245517e-03 9.030710860014610694e-03 8.317329239244821912e-03 8.678470086214317564e-03 7.981937586156499786e-03 8.134936606730203135e-03 8.597632193805467352e-03 8.726927029330044244e-03 8.897930552825427872e-03 8.915444549444994510e-03 8.251299373806558757e-03 8.950097511455271104e-03 8.044096490000053265e-03 7.701450323760205587e-03 9.062655710410018328e-03 9.958589421535988737e-03 8.076243042262223545e-03 8.249955536564188702e-03 8.627588734396680892e-03 9.192913815849435358e-03 8.538207948848726067e-03 8.861551265524691273e-03 9.610337817860756596e-03 1.183502488698568583e-02 1.131554916082253351e-02 1.182159094013062427e-02 1.236942050629423646e-02 1.195272315432445789e-02 1.222851448277731748e-02 1.160336231662993829e-02 1.160094672299497379e-02 1.205497037043217444e-02 1.219734603787046845e-02 1.103128024661250220e-02 1.120886463983656114e-02 1.169562595404562318e-02 1.181603001731737837e-02 1.194164704790189394e-02 1.181957890893712594e-02 1.148698340627853608e-02 1.160067736584343388e-02 1.106100495222126119e-02 1.154109709295402832e-02 1.129844394508020509e-02 1.385579827337791482e-02 1.133117275376040178e-02 1.179756389977870343e-02 1.314760062971851752e-02 1.137928844679217920e-02 1.171335275230557353e-02 1.222360274656241266e-02 1.154918527623226103e-02 1.115244464317438622e-02 1.185883463211690088e-02 1.110111936775833724e-02 1.133745750094923392e-02 1.166257667173064942e-02 1.164559343501298493e-02 1.221880814918883951e-02 1.296098083177119401e-02 1.185419412044009038e-02 1.099892972515559980e-02 1.199622481026779361e-02 1.162965408704602459e-02 1.152194262412668119e-02 1.134164740570576223e-02 1.322265080649329475e-02 1.162080316872391404e-02 1.231655658884909556e-02 1.184449244599282587e-02 1.186859442332570229e-02 1.219011062441543308e-02 1.210056774942677195e-02 1.172247303435506108e-02 1.215387030065790026e-02 1.136685273842183257e-02 1.179631693436871201e-02 1.174706188675241590e-02 1.188898227443353946e-02 1.245462936498062043e-02 1.163151187092046485e-02 1.217296668587974050e-02 1.152712522837680623e-02 1.157771502438811190e-02 1.239691549279683599e-02 1.146923651993709756e-02 1.218832830384780283e-02 1.204438719884746295e-02 1.160300888243024665e-02 1.230853512130201943e-02 1.297552463934851727e-02 1.215775143713631115e-02 1.220798289340262709e-02 1.142024666298201499e-02 1.211143774815491916e-02 1.322992204195556562e-02 1.242197351350733149e-02 1.243094709150485352e-02 1.296116251425007485e-02 1.141935768076092830e-02 1.186703071940902257e-02 1.140345627865942298e-02 1.272427847041146184e-02 1.201430791771011114e-02 1.158060981857017904e-02 1.221131877671341286e-02 1.270776449659526651e-02 1.269415534970262140e-02 1.196592382783950512e-02 1.293090855992329660e-02 1.255149654371815783e-02 1.293034765124575873e-02 1.243096239824361716e-02 1.144540115233464231e-02 1.202358791686900658e-02 1.152422947761117152e-02 1.143682340930506948e-02 1.222288733433371001e-02 1.174795833526546575e-02
9.317691693453622123e-03 9.342522689434055658e-03 8.988564837514194383e-03 0.000000000000000000e+00 8.917523169653400819e-03 8.151584788679866120e-03 9.190691668377572870e-03 9.508323311531169733e-03 8.983757720834531155e-03 9.292848928940937447e-03 8.925533984233732093e-03 8.656921461563013218e-03 8.680356146529642769e-03 8.315844118195780607e-03 8.402599254325163539e-03 8.942521382783103975e-03 9.002688463321303208e-03 9.242414237997225238e-03 9.496317589123077357e-03 9.013575917874534424e-03 8.874852248554504150e-03 8.342358611512607283e-03 7.998293747617525248e-03 9.338199077278393906e-03 1.067302226501808810e-02 8.416493894610421050e-03 8.495606443891703941e-03 8.899499702273544824e-03 9.178905000123577587e-03 9.272761493407621208e-03 9.140980159393916407e-03 1.025744185889674968e-02 1.191605574258172533e-02 1.140333235001637045e-02 1.189987884960510417e-02 1.245812286546434458e-02 1.204829652181895611e-02 1.233841126869391833e-02 1.170271471448036671e-02 1.169938338719898538e-02 1.213310568528298133e-02 1.228955837932615806e-02 1.112373209932611406e-02 1.129820006111633725e-02 1.177775731635540522e-02 1.189447895151246257e-02 1.203688470268930895e-02 1.189882343395186684e-02 1.158625517853249451e-02 1.169924229819069815e-02 1.115177065082721165e-02 1.162664007565205986e-02 1.138786835510730532e-02 1.392024337687578460e-02 1.141882368675084872e-02 1.187838505144719198e-02 1.321675217003494968e-02 1.146790570766333117e-02 1.179628309740195745e-02 1.228305887240741835e-02 1.165093709687983065e-02 1.124247001024486665e-02 1.195282647920016192e-02 1.088951580060203150e-02 1.148453269710119490e-02 1.179778467624936419e-02 1.178276965890544779e-02 1.233421674451942555e-02 1.308479470625299214e-02 1.199144267757695087e-02 1.113976442756795145e-02 1.213226880287160935e-02 1.177048635656480560e-02 1.166488668363023506e-02 1.148807423695074117e-02 1.334047835643420270e-02 1.176121378727743895e-02 1.242792202999202199e-02 1.198210610117496876e-02 1.199853912139376734e-02 1.232145137967680625e-02 1.222028895186621361e-02 1.185811275902061077e-02 1.228603150969064667e-02 1.150918354078861450e-02 1.193096841396222574e-02 1.188415366599417447e-02 1.202215961478090775e-02 1.258251244637113332e-02 1.176987532928827976e-02 1.230234654342467204e-02 1.166962074643934470e-02 1.170653806532379222e-02 1.252648078833490906e-02 1.161031360003485918e-02 1.231808138407649612e-02 1.219298121111874258e-02 1.174544966866499646e-02 1.245398530998118036e-02 1.311245324155152665e-02 1.228943271232652880e-02 1.235409201784976908e-02 1.158602979739893450e-02 1.225973745193963127e-02 1.336515489553849294e-02 1.256366196522692470e-02 1.257283168640778610e-02 1.309929309462572362e-02 1.157839207788681837e-02 1.201943845038909268e-02 1.155697276557846910e-02 1.286378934997505462e-02 1.216118399118402624e-02 1.173903296948277178e-02 1.235656189191861563e-02 1.284784330259499882e-02 1.283533447707769365e-02 1.211343004246784143e-02 1.306776107571444231e-02 1.269165434527464754e-02 1.306696689109357844e-02 1.257414739447900408e-02 1.159036530542256055e-02 1.217239133743358397e-02 1.166871612587311487e-02 1.159686213212255367e-02 1.236894764849530773e-02 1.190199795167972037e-02
9.769320266515894163e-03 9.398088612559668542e-03 9.032191191659717788e-03 8.917523169653400819e-03 0.000000000000000000e+00 8.572229005818625749e-03 9.265358498255264752e-03 9.235217464491820433e-03 9.011352867664204624e-03 9.332352450771068397e-03 8.981359309745170008e-03 8.746063932763852369e-03 8.733387428923015602e-03 8.375661399456597531e-03 8.494600031053220479e-03 8.977049377944218422e-03 9.419795945172169602e-03 9.295605317138647128e-03 9.233294602007760879e-03 8.706831952009845901e-03 8.972638588762781378e-03 8.438283685544237245e-03 8.076581878462159997e-03 9.412285085732005965e-03 1.031926881532057617e-02 8.531518607441954463e-03 8.606603174618610366e-03 8.948025834584949836e-03 9.560999158966118627e-03 9.313665298574986401e-03 9.231514094830452211e-03 1.029567700155838324e-02 1.200392069635368604e-02 1.147881645023822797e-02 1.198945827004895860e-02 1.251221381207102100e-02 1.210377813699116747e-02 1.240551871904757575e-02 1.175891576621103211e-02 1.177195586199656155e-02 1.220099910134667641e-02 1.235840829792099818e-02 1.121378445913990066e-02 1.139064731533857844e-02 1.186501668440417129e-02 1.196755923764824744e-02 1.209119366260716366e-02 1.196911865451765790e-02 1.166184002377258257e-02 1.177502049727437682e-02 1.124198488568366530e-02 1.169810441233066871e-02 1.146047404153266273e-02 1.398082140752594273e-02 1.150764686126268949e-02 1.194932470040524324e-02 1.328032657270249856e-02 1.157129196287247017e-02 1.188445863368889702e-02 1.201978857011466381e-02 1.172177564006721476e-02 1.131872545387118019e-02 1.200908019628903721e-02 1.125167335486153622e-02 1.155465916770803507e-02 1.186666700410934396e-02 1.185012253497514344e-02 1.238054458815863665e-02 1.314529446392166158e-02 1.205793277856128526e-02 1.121081861753433530e-02 1.219821578216249459e-02 1.183911283867764355e-02 1.173420715679226664e-02 1.155656648495797037e-02 1.340066236326916543e-02 1.182890677865948599e-02 1.250657429261614606e-02 1.204886720493409356e-02 1.206677874159064849e-02 1.238551660500743397e-02 1.228511173653175706e-02 1.192692491917852690e-02 1.235086566019860665e-02 1.157973623451287806e-02 1.199951883349572104e-02 1.195172766658495443e-02 1.209013309682387648e-02 1.264557231834146853e-02 1.183799446266918867e-02 1.236749286055343656e-02 1.173742895419670196e-02 1.177331961426537205e-02 1.259004171320626114e-02 1.167890413372255076e-02 1.238232266394188527e-02 1.226698633943495466e-02 1.182009443922351494e-02 1.252517350473807828e-02 1.317992931906619876e-02 1.235879728296117482e-02 1.242642869791903137e-02 1.164858077688898236e-02 1.233276528128455542e-02 1.343060056901362875e-02 1.263401444842462626e-02 1.264375563526117310e-02 1.316712295169986287e-02 1.166586523363336361e-02 1.209341325819377616e-02 1.163417683826194378e-02 1.294691872568708504e-02 1.223248774968231645e-02 1.181419648379762773e-02 1.242948549761724482e-02 1.291584363044800780e-02 1.290438387309316738e-02 1.218527878777431704e-02 1.313590116471434997e-02 1.276121800636158439e-02 1.313373502695858001e-02 1.265771898560123093e-02 1.167921140877556906e-02 1.224515403215814188e-02 1.174392199564008345e-02 1.167361902657186416e-02 1.243970314819766929e-02 1.197710312197888816e-02
8.596416612675156221e-03 8.258789457132599890e-03 7.844028497564605254e-03 8.151584788679866120e-03 8.572229005818625749e-03 0.000000000000000000e+00 8.478187788757005766e-03 8.457999847076654379e-03 8.166874240266890767e-03 8.640333770812335876e-03 8.475508945907900271e-03 7.861617974474151976e-03 7.798339781777328256e-03 7.513534792444639954e-03 7.605764680669189516e-03 8.221369222230498833e-03 8.210225581440052170e-03 8.545171639713486020e-03 8.447891901640303125e-03 8.179515587424121548e-03 8.174960982634971868e-03 7.492123264162933553e-03 7.114608205469248083e-03 8.683107135698094059e-03 9.995041354354939137e-03 7.523444764210724008e-03 7.762292835055203434e-03 8.150309091203560008e-03 8.480907063120003350e-03 8.167642216449652603e-03 8.479805865169821183e-03 9.255044497665019035e-03 1.129267856828095398e-02 1.074647173133989886e-02 1.128700364585193128e-02 1.185083497000486916e-02 1.142792919813162729e-02 1.172572781416698559e-02 1.106787622065634295e-02 1.104770078275922086e-02 1.153756160269690627e-02 1.167208210993893151e-02 1.044759967998623064e-02 1.063834080891951084e-02 1.114630852180271622e-02 1.127351345780354050e-02 1.140475040440221480e-02 1.129769313774638302e-02 1.093380649752377122e-02 1.104614739619447401e-02 1.048489582432443785e-02 1.098354878922501443e-02 1.073915013112841828e-02 1.339747170336172584e-02 1.076173887305262311e-02 1.126200487515370899e-02 1.266389518719250769e-02 1.056433796441586491e-02 1.117783554143244804e-02 1.172033682141197797e-02 1.099969954093981024e-02 1.058459513120063589e-02 1.131830509458310423e-02 1.051884991915223722e-02 1.083017445999094261e-02 1.116021898186762840e-02 1.113254046168914678e-02 1.173833581499461598e-02 1.252041149259844680e-02 1.136612017935785014e-02 1.046991146042021079e-02 1.151500891537113498e-02 1.113127745256140000e-02 1.101817412202179235e-02 1.083403100003773288e-02 1.279105961335411448e-02 1.112325133120616906e-02 1.184760023852205087e-02 1.135561569875954274e-02 1.136639033211114640e-02 1.171373594207330594e-02 1.162798312719519854e-02 1.122803947166704265e-02 1.167949264621031234e-02 1.085401096205018852e-02 1.130454176262138746e-02 1.125548087803996018e-02 1.140184270385833504e-02 1.199313413313156385e-02 1.113247231728550606e-02 1.169792038494125476e-02 1.102958562914127874e-02 1.107908961079943390e-02 1.193441419480274594e-02 1.096144757542383101e-02 1.171351840817298935e-02 1.142493760938783666e-02 1.095950755199081098e-02 1.171802863563170018e-02 1.241640388026248737e-02 1.156777228575158779e-02 1.159861225584309791e-02 1.077898184934199255e-02 1.149608583722621681e-02 1.266814322975640464e-02 1.184015205439918617e-02 1.183072021804917710e-02 1.239964592728532745e-02 1.053618094771497336e-02 1.125131296406622732e-02 1.074994828796178858e-02 1.217822209409156163e-02 1.142072611628111578e-02 1.095172004296291433e-02 1.160017897748370601e-02 1.212387832377024958e-02 1.211993389309504524e-02 1.137174211228913524e-02 1.235616648857232151e-02 1.197553761631027329e-02 1.237072384885016911e-02 1.156946597816082764e-02 1.080550832626473064e-02 1.141738716701423857e-02 1.087565392088766202e-02 1.079106864762774745e-02 1.165121769072997686e-02 1.111303440539890275e-02
9.551059206385286229e-03 9.226900397702450518e-03 8.908029166969793494e-03 9.190691668377572870e-03 9.265358498255264752e-03 8.478187788757005766e-03 0.000000000000000000e+00 9.374521078390641443e-03 8.947771065433490420e-03 9.969824207190726775e-03 9.596980922275620204e-03 8.918810842399121919e-03 8.876474128536069458e-03 8.639624026300123799e-03 9.044510410883306942e-03 9.141695350040337023e-03 9.263220615666862071e-03 9.419555775130344921e-03 9.780569999757267666e-03 8.925581220105213709e-03 9.187314890362594660e-03 8.991167048271350021e-03 8.342524093719176984e-03 9.982450341411487973e-03 1.039604893907626615e-02 8.998250533564814899e-03 9.186311177368613676e-03 9.175209191279926069e-03 9.402386495066788336e-03 9.495690987743648365e-03 9.358569805112265660e-03 1.047491784726590006e-02 1.222968001384937796e-02 1.173178397435211719e-02 1.223004152320521058e-02 1.274523566562225062e-02 1.233832588025706931e-02 1.261014415013374766e-02 1.202034728409581352e-02 1.200617691651904850e-02 1.244211534804825527e-02 1.258043839242849703e-02 1.145492358382639575e-02 1.164216086668400964e-02 1.209838352005444644e-02 1.221190532383784055e-02 1.233353836616192696e-02 1.221224537333389162e-02 1.190787463258010000e-02 1.200750126141410419e-02 1.148516847268715030e-02 1.194904077848763999e-02 1.171716466434731194e-02 1.418892181172263720e-02 1.174934585963721342e-02 1.219006357729381616e-02 1.350108664859689216e-02 1.179227824863376094e-02 1.211457447254462617e-02 1.258709474995003963e-02 1.196962768547503789e-02 1.157594088332906078e-02 1.225344043272613356e-02 1.152257139077361887e-02 1.175969335492420276e-02 1.205476221117115186e-02 1.202808200208329605e-02 1.257707984831774387e-02 1.331434048810545452e-02 1.224407576705731880e-02 1.142594254757942768e-02 1.238157218063417296e-02 1.202891765796084214e-02 1.192616425022359310e-02 1.175049805462093436e-02 1.356873538235642100e-02 1.201241437841102724e-02 1.268831005796846809e-02 1.223502075892831872e-02 1.225566239355575446e-02 1.256340950977557699e-02 1.248203750444409899e-02 1.211700266676186272e-02 1.253256899202860424e-02 1.177703253020905005e-02 1.218856684236632910e-02 1.214829117206553399e-02 1.227705957105061120e-02 1.282239968671195461e-02 1.203024348917383288e-02 1.255107094168412575e-02 1.194081759400771395e-02 1.197903021059038703e-02 1.276816541629230764e-02 1.187370592422065142e-02 1.256457065387918924e-02 1.234238385112249384e-02 1.190222120096087396e-02 1.259762805979688927e-02 1.324773075979823224e-02 1.245222015950474097e-02 1.250040367143081046e-02 1.175257167386270507e-02 1.240718471952368708e-02 1.351073218745345826e-02 1.270641333347002216e-02 1.272958894450480077e-02 1.325014910975697013e-02 1.173784418745087502e-02 1.217165651124322949e-02 1.172261621423519029e-02 1.301771593228614847e-02 1.231373583354767112e-02 1.159721376571956446e-02 1.250356186553003290e-02 1.298570402266727673e-02 1.298660905762882498e-02 1.226713708429070029e-02 1.320196912462003047e-02 1.284824821823786489e-02 1.320336257772600219e-02 1.271758023764608947e-02 1.177866534747875477e-02 1.232254351560131862e-02 1.184160267214727329e-02 1.176918138821372341e-02 1.252845112670927102e-02 1.205548506017952229e-02
9.519831266257666388e-03 9.158858865934463647e-03 8.817586953041601019e-03 9.508323311531169733e-03 9.235217464491820433e-03 8.457999847076654379e-03 9.374521078390641443e-03 0.000000000000000000e+00 8.849288170821714705e-03 9.507449437969649544e-03 9.212620897796546665e-03 8.855419003284063784e-03 8.931497095001414768e-03 8.575739292637284822e-03 9.016888208231087568e-03 9.165788879202213871e-03 9.676614858272002129e-03 9.366778723211968694e-03 9.776513792567012584e-03 8.838406791052787551e-03 9.471634760597213293e-03 8.915690351011454698e-03 8.318399230102305891e-03 9.519125580025884770e-03 1.078348997896357714e-02 8.648102106667127781e-03 9.134296536487470849e-03 9.114674025468411794e-03 9.340013725003599998e-03 9.082679988820337863e-03 9.687784739947000873e-03 1.004023827895064898e-02 1.223753828200497412e-02 1.173882474443141942e-02 1.222037933528498897e-02 1.275328985554157780e-02 1.234880370380153289e-02 1.261427139812953610e-02 1.202790375930087863e-02 1.201204764496671164e-02 1.245013880433809561e-02 1.258836841210423697e-02 1.146528504039217092e-02 1.164723062269581826e-02 1.210554291498773354e-02 1.221911906225606713e-02 1.234026948254749768e-02 1.221912139032233294e-02 1.191494772231549773e-02 1.201410667372018910e-02 1.150773858285489802e-02 1.195611745908209227e-02 1.172417520454277495e-02 1.419628680387600289e-02 1.175628004527968021e-02 1.220076506894958099e-02 1.350724386071054661e-02 1.179840019590976986e-02 1.212149267243885567e-02 1.259472346840549879e-02 1.196055284457939183e-02 1.158278110551563996e-02 1.226087269305772311e-02 1.154166690870935680e-02 1.174497132922782891e-02 1.205627415573030069e-02 1.203845938784313743e-02 1.257823857274711736e-02 1.331332369654798960e-02 1.224307977545897354e-02 1.141034589218737662e-02 1.238053320878395799e-02 1.202717394509651185e-02 1.192432609483509709e-02 1.174912650225530368e-02 1.356776605382715474e-02 1.201613414910820618e-02 1.268822835146590430e-02 1.223470538101325417e-02 1.225603205119304116e-02 1.256568871745138496e-02 1.246608171791340619e-02 1.211679084004036594e-02 1.253163390270370381e-02 1.177514299334575174e-02 1.218728786798164467e-02 1.214920226877692563e-02 1.227754340826249513e-02 1.282168686212666053e-02 1.202885628675515531e-02 1.255005653039648582e-02 1.193848825720577461e-02 1.196327996436170014e-02 1.276673933816133491e-02 1.187269323634947485e-02 1.256500318806097471e-02 1.243461841631895472e-02 1.199464310947964164e-02 1.268940437336042205e-02 1.333560407733679239e-02 1.252590678038512616e-02 1.259215724157103193e-02 1.184255329080763190e-02 1.249934958081237030e-02 1.358248310371051870e-02 1.279750819284839261e-02 1.280568006827975149e-02 1.331830458364734529e-02 1.182784011572976177e-02 1.226475349991841372e-02 1.181458850416722099e-02 1.310740364359376173e-02 1.240533890468477861e-02 1.198270205777448444e-02 1.259406206945480611e-02 1.307483515771546041e-02 1.305837457115796747e-02 1.235642348141934022e-02 1.329061256225556875e-02 1.292365390748653579e-02 1.329029702405219900e-02 1.280445291310616969e-02 1.185764088831037580e-02 1.241437468872209904e-02 1.192041270111464379e-02 1.185125996373795516e-02 1.261734730193583669e-02 1.214984850696560620e-02
9.052853904996209511e-03 8.676769029722903800e-03 8.304731482590138950e-03 8.983757720834531155e-03 9.011352867664204624e-03 8.166874240266890767e-03 8.947771065433490420e-03 8.849288170821714705e-03 0.000000000000000000e+00 9.027939017289177484e-03 8.701086484510674873e-03 8.380141717834070636e-03 8.365485789740311970e-03 8.024328216761387328e-03 8.097609866833086617e-03 8.661313520985883252e-03 9.083879936566658861e-03 8.949626084818595312e-03 8.852450617239207217e-03 8.325642571331684505e-03 8.640583255052212280e-03 8.058820643807234479e-03 7.693786145866831835e-03 9.124533322883229478e-03 9.996474003104716122e-03 8.152817284216955229e-03 8.237689465054875981e-03 8.990219126442371145e-03 8.842345790016130358e-03 8.544482899328015649e-03 9.264162770478827705e-03 9.967126515510727619e-03 1.174151430757366596e-02 1.121978685677370302e-02 1.174484401555987712e-02 1.229220590119631078e-02 1.186054185253383221e-02 1.182893797880851805e-02 1.150691542777299188e-02 1.150404287238650236e-02 1.196224938124319098e-02 1.210220020736334223e-02 1.095044306200965330e-02 1.112822267722157060e-02 1.161491715526376950e-02 1.173813699351002743e-02 1.184626655808111370e-02 1.174294578414497407e-02 1.140651747548652312e-02 1.150447298551736733e-02 1.099357905308511428e-02 1.144545482580283137e-02 1.120158304515040879e-02 1.377470045396723269e-02 1.123454584238900780e-02 1.170306089259756134e-02 1.305842469200044209e-02 1.129814897810015387e-02 1.161996259777236390e-02 1.214789569362676770e-02 1.146856770384310949e-02 1.105587164235801237e-02 1.177947443999109028e-02 1.102138625940304699e-02 1.129706460085770289e-02 1.161697612626825041e-02 1.160229816464102698e-02 1.216387372767579154e-02 1.292244953192767110e-02 1.181243501104478621e-02 1.094393996913513821e-02 1.195529296254983602e-02 1.158743513818443621e-02 1.147950827228381120e-02 1.129961490032619850e-02 1.318244148371491321e-02 1.158032967122460399e-02 1.227417118958755958e-02 1.180301868888068186e-02 1.182360647220371055e-02 1.214881701115499459e-02 1.204714773413895039e-02 1.167913439570931501e-02 1.211272384781846186e-02 1.132149941107497490e-02 1.175199974655420816e-02 1.170454698549408014e-02 1.184646027130221990e-02 1.241375378686823856e-02 1.158702632829237099e-02 1.213034829823796297e-02 1.148414109662739511e-02 1.152311717042151656e-02 1.235679178110903401e-02 1.142423372315222972e-02 1.214629110367951292e-02 1.202273031457661706e-02 1.156711988235838498e-02 1.228676349844516971e-02 1.295462131881638945e-02 1.211875853317390811e-02 1.218622435113912023e-02 1.139094182247065747e-02 1.208974150313934376e-02 1.321040212607177584e-02 1.239920046180655565e-02 1.240816148795602022e-02 1.294360207129958973e-02 1.142238803176832442e-02 1.184492616101665702e-02 1.137604148870505379e-02 1.271786022358629975e-02 1.198773652516271770e-02 1.156150219743709226e-02 1.218924822899025533e-02 1.268603436809929985e-02 1.267577725807847444e-02 1.193990751665830082e-02 1.291049377315949855e-02 1.252856641793415049e-02 1.290851695685796448e-02 1.242238262727467235e-02 1.142377724808520990e-02 1.200053166070281715e-02 1.148839222685785026e-02 1.141258713440617030e-02 1.220065425408905363e-02 1.172546156906223262e-02
1.008672016567699163e-02 9.399812955206043180e-03 9.046170438433245517e-03 9.292848928940937447e-03 9.332352450771068397e-03 8.640333770812335876e-03 9.969824207190726775e-03 9.507449437969649544e-03 9.027939017289177484e-03 0.000000000000000000e+00 9.286126703307258368e-03 9.402018609252122544e-03 9.400991291022073662e-03 8.750004043046807900e-03 8.812843578592757798e-03 9.345153340425621860e-03 9.763203293282066847e-03 9.974507100927411038e-03 9.500624313274657132e-03 9.061548577023794196e-03 9.650875091048264146e-03 8.762826614240241604e-03 8.437608255803015142e-03 9.670461585264312696e-03 1.099142991906607719e-02 8.818947336601991663e-03 8.920932451003314029e-03 9.285663480096392752e-03 9.542498105165695549e-03 9.625789506069019202e-03 9.917923492414493225e-03 1.062770066152297042e-02 1.220260869954969442e-02 1.170801526255958042e-02 1.185650224235710454e-02 1.273664570694901278e-02 1.231901172670931549e-02 1.260202194816522313e-02 1.199820491708283518e-02 1.198129671041748417e-02 1.243325575272982535e-02 1.257152775315932558e-02 1.143645888922593772e-02 1.160305745769478133e-02 1.207155649287783641e-02 1.218657557176988301e-02 1.232492716381143431e-02 1.218693932979936050e-02 1.188585068675412394e-02 1.198119260086971151e-02 1.147677605143364657e-02 1.193978448863932187e-02 1.169317631886013405e-02 1.418210955355381220e-02 1.172417295719192787e-02 1.216736702576880387e-02 1.347200373309260894e-02 1.176984030883178496e-02 1.208776576205131299e-02 1.258179798816231633e-02 1.196293359575889732e-02 1.155250607288657756e-02 1.224493313300400489e-02 1.148556016212025355e-02 1.179370331912675887e-02 1.209870188040037056e-02 1.208402934571112773e-02 1.263351696815998883e-02 1.335243401161545149e-02 1.228876051473904753e-02 1.146060262057203329e-02 1.242363201516703992e-02 1.207283092455899501e-02 1.197109954030385441e-02 1.179761710148035346e-02 1.360122854295064965e-02 1.206233339293614863e-02 1.272639881618405945e-02 1.227890641189489061e-02 1.229270223295447079e-02 1.260791939062988649e-02 1.250808692381181683e-02 1.215732135878433255e-02 1.257445905320745717e-02 1.181861998036871052e-02 1.222736963851008343e-02 1.218039043609305851e-02 1.231666826467588821e-02 1.286408499276476408e-02 1.207138139818838066e-02 1.257222010874502541e-02 1.197294926734797371e-02 1.200827386964254014e-02 1.280955990357285357e-02 1.191734136026771119e-02 1.260496170605274018e-02 1.250205094685166891e-02 1.207583964879818846e-02 1.275545261406923168e-02 1.339661097538655254e-02 1.260382066188022940e-02 1.265715888015903935e-02 1.189281117887669957e-02 1.256669428339807215e-02 1.364122306289677032e-02 1.286034764142917654e-02 1.287030620418801695e-02 1.339546018364884232e-02 1.190160029651682501e-02 1.233226961730069481e-02 1.188154137229562902e-02 1.316814016872790843e-02 1.246791240627271972e-02 1.206944555302158321e-02 1.266154675889703818e-02 1.313663415555094659e-02 1.312317070428060430e-02 1.242241027683323347e-02 1.335218747357400267e-02 1.298565924282628348e-02 1.335093728009006768e-02 1.287041179296827785e-02 1.192647799965864709e-02 1.248101815746313105e-02 1.200104499359816446e-02 1.192372889916571387e-02 1.266971931593973213e-02 1.221890244341271130e-02
9.740747682846538982e-03 9.036050380060728013e-03 9.030710860014610694e-03 8.925533984233732093e-03 8.981359309745170008e-03 8.475508945907900271e-03 9.596980922275620204e-03 9.212620897796546665e-03 8.701086484510674873e-03 9.286126703307258368e-03 0.000000000000000000e+00 8.701053072920907419e-03 8.902042601341000200e-03 8.378718130488403346e-03 8.344047365277327752e-03 9.364085482450591053e-03 9.356678008060878571e-03 9.265364111908508393e-03 9.193381804661089965e-03 9.033465963891040840e-03 8.918125576463568557e-03 8.374430066671574927e-03 7.967978102559168316e-03 9.350550425882035374e-03 1.067770687342323339e-02 8.658756851519457468e-03 8.594354796613022304e-03 8.940456675145341814e-03 9.210245614793187430e-03 9.304041802524724500e-03 9.251930049752820143e-03 9.911668707725083613e-03 1.180643734475428190e-02 1.129042822681757333e-02 1.179398971834292285e-02 1.235320347806736531e-02 1.191945661872195056e-02 1.221865913661827029e-02 1.159156912630690713e-02 1.157529768093668900e-02 1.203712434380615690e-02 1.218175355303554273e-02 1.101658948293648792e-02 1.119773925887632485e-02 1.167975506835558508e-02 1.178844003220326508e-02 1.192572542623370098e-02 1.179635648174935658e-02 1.147471124029329249e-02 1.158619048728337826e-02 1.104284897334391335e-02 1.152634979620756166e-02 1.128445000627402613e-02 1.384266345435143306e-02 1.131756259847676443e-02 1.177537092095905062e-02 1.313180389063542917e-02 1.137268629711158871e-02 1.168711775118930207e-02 1.218438033199816840e-02 1.153738493180369966e-02 1.112805567465476562e-02 1.184166044339825079e-02 1.106972326387368512e-02 1.109993120406162215e-02 1.139496234470593547e-02 1.137624424208727621e-02 1.198889015736419317e-02 1.270776277838523913e-02 1.160271416627958740e-02 1.045015544546872184e-02 1.174328553765522677e-02 1.136132508176316593e-02 1.124994872157052996e-02 1.108965807855923254e-02 1.297904462474924053e-02 1.140426445607417572e-02 1.207544757424457160e-02 1.160428100243052901e-02 1.164243127293610944e-02 1.192509139164128415e-02 1.152292100598547274e-02 1.145630606141427761e-02 1.190573204750519296e-02 1.109437621633906426e-02 1.153019654387450396e-02 1.148480091423783982e-02 1.164248308018970071e-02 1.219223632864696767e-02 1.136435943641984914e-02 1.192845975069138469e-02 1.125814262472373331e-02 1.101737778282087764e-02 1.215088138962368627e-02 1.121308899451965366e-02 1.195839885900644266e-02 1.197485537393049373e-02 1.152802927429852874e-02 1.225523850713475423e-02 1.290820775006125062e-02 1.207787972242110874e-02 1.213884134548957709e-02 1.134341723836645131e-02 1.205629695043605731e-02 1.317782282048194677e-02 1.235732583102022372e-02 1.235863762880135691e-02 1.290188465505792172e-02 1.137213458261386416e-02 1.179837891809066425e-02 1.132151362626488550e-02 1.267726506065144053e-02 1.195598161476103295e-02 1.156278478785124561e-02 1.214088440257500047e-02 1.265574680754409653e-02 1.266250912804076610e-02 1.188588750080981672e-02 1.286576000078678596e-02 1.247940756225686225e-02 1.286297866529114223e-02 1.238176185264500129e-02 1.109246081620912476e-02 1.195564718538524342e-02 1.144848709888747137e-02 1.136680562303298003e-02 1.215863823715004031e-02 1.167830545253608666e-02
9.062620891985988941e-03 8.689481974854982096e-03 8.317329239244821912e-03 8.656921461563013218e-03 8.746063932763852369e-03 7.861617974474151976e-03 8.918810842399121919e-03 8.855419003284063784e-03 8.380141717834070636e-03 9.402018609252122544e-03 8.701053072920907419e-03 0.000000000000000000e+00 8.689820599781773736e-03 8.041357410158916225e-03 8.175958185891962077e-03 8.681069784953429971e-03 8.752937599564027463e-03 8.901802744663277547e-03 9.276240619952481545e-03 8.380750443563882851e-03 8.611394201768688209e-03 8.023437451802124809e-03 8.017187650951147423e-03 9.055404650138548436e-03 1.041729357713956292e-02 8.080122416593343501e-03 8.250991858456728500e-03 8.594334852612725562e-03 9.273216734753690974e-03 8.621516748544782657e-03 9.236738471865976394e-03 9.650993472610799526e-03 1.182396229488613497e-02 1.130459570195278297e-02 1.182517644043702514e-02 1.235883544430571926e-02 1.193875342009562482e-02 1.222018805967383694e-02 1.160668610513846538e-02 1.159110019332167292e-02 1.204457730365552683e-02 1.218725794637550222e-02 1.103006546417328523e-02 1.119850438472594009e-02 1.168588503863967482e-02 1.180506100867177374e-02 1.193181538980093125e-02 1.182144652566511321e-02 1.147840006151419623e-02 1.159194081931981361e-02 1.105042994338146026e-02 1.153074525224980981e-02 1.128859281041128676e-02 1.384665349210074774e-02 1.132144887430367071e-02 1.178509815148926811e-02 1.313797732943370634e-02 1.136948174331564934e-02 1.170372697882647930e-02 1.219910078228166744e-02 1.153908890871313195e-02 1.114156403887645377e-02 1.184879131515932139e-02 1.107721521626761456e-02 1.131922627699805638e-02 1.164038709727227734e-02 1.161840637415465470e-02 1.220096412851095179e-02 1.294231246294804717e-02 1.183553074656241988e-02 1.096745438147479421e-02 1.197707619763761777e-02 1.161027216977850683e-02 1.150237916806294905e-02 1.133440040583479774e-02 1.320514657506543024e-02 1.161239138176346081e-02 1.229735144804549977e-02 1.182564495880422846e-02 1.185109246992676647e-02 1.216804879938858733e-02 1.206800797360437633e-02 1.170298815672818696e-02 1.213495658862676595e-02 1.134674768693314829e-02 1.177685673400279479e-02 1.172588917350633059e-02 1.187042655958059356e-02 1.243506764378483898e-02 1.161196811615785793e-02 1.215452303842365356e-02 1.150809018887802640e-02 1.154516595607594891e-02 1.237848014044172495e-02 1.145017271401499968e-02 1.217032522892162218e-02 1.195378111694378465e-02 1.153128655193489879e-02 1.222204745442021130e-02 1.289162237724227403e-02 1.209202084128326027e-02 1.213612330565460098e-02 1.136167043174269101e-02 1.202152441115302527e-02 1.314574272723371268e-02 1.235273315997901557e-02 1.235829844307432916e-02 1.254901043194397645e-02 1.133133288464504597e-02 1.177613367977878994e-02 1.131531031798321124e-02 1.265672810601113640e-02 1.192663629016338205e-02 1.150852996304828346e-02 1.212181882114547575e-02 1.264024474893401216e-02 1.261362136250468446e-02 1.187762401554504597e-02 1.286231191340778471e-02 1.248111794839405070e-02 1.286328241113077198e-02 1.234566128794459088e-02 1.134501761436576203e-02 1.195163998263885398e-02 1.145067495003835450e-02 1.134584506705683428e-02 1.213705534780877386e-02 1.165711344383405998e-02
