0.000000000000000000e+00 8.800763842480364627e-03 8.301274927443787546e-03 8.523763163641819018e-03 8.838400885247609320e-03 7.960207216772713021e-03 8.682116180674367967e-03 8.673123762020878286e-03 8.328407886190722711e-03 9.074477426109308492e-03 8.746550672307160101e-03 8.331888856811972902e-03 8.259645667453680354e-03 8.347439856656103593e-03 8.158483416324477724e-03 8.524418867540914727e-03 8.554696880531519748e-03 8.690945752179064093e-03 8.674011463817795503e-03 8.564634615621291580e-03 8.773144194200646964e-03 8.137052807756435177e-03 7.840780139477027469e-03 9.086076007384903674e-03 9.634738469428116500e-03 8.140772687797327017e-03 8.283578515564620284e-03 8.804260027163179209e-03 8.681862146725649251e-03 8.505969530734149714e-03 8.682797448336013191e-03 9.152985412040648763e-03 9.711800616885262957e-03 9.349509764451053445e-03 9.777434859384167773e-03 1.004110683529197898e-02 9.818885004383734114e-03 9.999619710333368036e-03 9.567995362151268321e-03 9.525096777102729645e-03 9.846907579111222747e-03 9.915689823446344198e-03 9.209193061185609597e-03 9.311005521622325865e-03 9.593864617758874128e-03 9.703280807136708055e-03 9.750190803141369975e-03 9.772242188790811537e-03 9.511640111403570422e-03 9.516914312091558775e-03 9.226190583346486132e-03 9.480303034164631881e-03 9.303294591369784886e-03 1.105636890728864397e-02 9.322562871272081775e-03 9.691395772078234896e-03 1.057627404962894341e-02 9.443028633885821449e-03 9.614456127559022763e-03 1.001864351631483532e-02 9.537176633696379732e-03 9.215638940100306584e-03 9.707256399831491744e-03 9.287999034678955795e-03 9.350684590354188877e-03 9.572622508400773986e-03 9.580474836300416352e-03 9.982740243452633416e-03 1.040411656765147415e-02 9.649475142489875173e-03 9.074274467591755475e-03 9.751961249238249793e-03 9.499917964207354668e-03 9.418542780552357357e-03 9.359166278709264361e-03 1.060538844661988028e-02 9.575692474928270553e-03 1.000626335374053648e-02 9.644872012134131020e-03 9.716996160960661780e-03 9.903747611768961082e-03 9.872914655118584376e-03 9.593387750167150715e-03 9.869701696232397944e-03 9.325124354585634032e-03 9.634581131400829154e-03 9.670772243169202878e-03 9.712463600532248234e-03 1.006292730017391800e-02 9.516116107636342358e-03 9.898119268588835562e-03 9.478299600519058885e-03 9.502815306692205879e-03 1.002881581042293878e-02 9.402982866369685028e-03 9.903094284274840953e-03 9.703169825296802456e-03 9.488336630189919338e-03 9.867666869039658575e-03 1.031916128220107705e-02 9.869731699682346426e-03 9.823241002908860570e-03 9.388010167453893218e-03 9.734765355136959161e-03 1.048576416667120620e-02 9.974187114494652284e-03 9.962345163515413937e-03 1.039694721185477691e-02 9.396961158736219163e-03 9.582888581397771416e-03 9.324888107833138179e-03 1.022090095776469545e-02 9.701272677935602121e-03 9.495559496788373230e-03 9.821396219827959254e-03 1.014707640945019390e-02 1.022517342721827351e-02 9.682963422192016750e-03 1.029597572146706726e-02 1.006582266644715992e-02 1.030231084981661667e-02 1.004610597951096328e-02 9.398276871651354072e-03 9.693310230476643100e-03 9.418112535576001268e-03 9.259756671677533968e-03 9.898566071249529849e-03 9.496893908687586289e-03
8.800763842480364627e-03 0.000000000000000000e+00 8.038560456172955462e-03 8.534469368114168744e-03 8.567082521804320408e-03 7.708270595593250639e-03 8.440594581272472044e-03 8.415656835702911912e-03 8.057252121897191116e-03 8.567901642534181406e-03 8.230051986627877000e-03 8.065439675720516635e-03 8.023593751639301885e-03 8.067949130136982394e-03 7.883362017790558618e-03 8.536901192516552564e-03 8.333148981449437637e-03 8.414114135450076817e-03 8.687105124520070124e-03 8.040358394031180134e-03 8.276448544987803635e-03 7.871714266729440759e-03 7.773981245692096129e-03 8.805531979922481822e-03 9.136448508258857015e-03 7.873244735808535358e-03 8.027885720748331039e-03 8.275305224504602569e-03 8.425747371625548834e-03 8.254509790834660063e-03 8.437730261751054048e-03 8.904479003875118842e-03 9.503689581213383905e-03 9.132226168731235813e-03 9.561235003352978878e-03 9.841074028531463652e-03 9.613525492639845085e-03 9.798553110031950342e-03 9.366068260321568084e-03 9.312194410182179222e-03 9.643236979638574596e-03 9.712787993349856000e-03 8.994939704130934521e-03 9.092716365730297429e-03 9.383190452976513524e-03 9.495394219544617612e-03 9.543671389926750709e-03 9.573392379188951085e-03 9.298959802685019885e-03 9.304042381633629427e-03 9.006174876941094865e-03 9.267171098949677707e-03 9.084968075826274636e-03 1.087764437244947979e-02 9.104575904352997170e-03 9.483396221474810553e-03 1.038784791341120471e-02 9.228593227464280263e-03 9.404434621456972399e-03 9.818091576529797138e-03 9.324770588097299612e-03 8.994486254416457841e-03 9.499742854121894994e-03 9.078315702390442679e-03 9.130243147492117170e-03 9.357735634605847744e-03 9.366320368743595581e-03 9.779763714042327347e-03 1.020885233407813238e-02 9.436964506988786833e-03 8.836831325363447842e-03 9.541749655360465959e-03 9.283102070260434296e-03 9.199441160261298198e-03 9.145621279989189431e-03 1.041476485547136906e-02 9.369144756691302756e-03 9.802981980380646998e-03 9.432261667370373318e-03 9.507227140494301995e-03 9.697037687435103998e-03 9.656155513494107945e-03 9.379146738247442008e-03 9.662552414217510585e-03 9.103258939511039635e-03 9.421386607834366517e-03 9.458186489545127029e-03 9.501772586461390210e-03 9.860031265948547910e-03 9.299805082586154459e-03 9.691423160705448306e-03 9.260424695581276344e-03 9.276784619558366141e-03 9.825432918094839999e-03 9.183906135885258268e-03 9.697482210809710290e-03 9.491940456695316039e-03 9.272711692463310104e-03 9.660808414523132728e-03 1.012322655557585174e-02 9.664284354551260295e-03 9.615410130965573038e-03 9.178008871623578521e-03 9.524576571199056679e-03 1.029331079319879307e-02 9.770019897400538875e-03 9.757559220084709856e-03 1.020212939991241297e-02 9.169113175964286114e-03 9.368779268164548549e-03 9.104263058496316757e-03 1.002349404291007218e-02 9.491031725110269171e-03 9.279840800617391097e-03 9.613178954116544453e-03 9.947325926599292004e-03 1.002751729501634090e-02 9.472217281512542233e-03 1.009890102343314472e-02 9.863948911595643576e-03 1.010572803488776934e-02 9.844794126958369626e-03 9.171161074111788478e-03 9.482188069774433528e-03 9.200486680319535857e-03 9.037123882876273162e-03 9.693154416889586053e-03 9.280569773786396734e-03
8.301274927443787546e-03 8.038560456172955462e-03 0.000000000000000000e+00 8.283759639036781738e-03 8.309014443908191438e-03 7.422015822977614564e-03 8.209789889882619304e-03 8.173089483321823237e-03 7.798291331866220866e-03 8.319737975898395740e-03 8.226226966412390762e-03 7.804479241051473504e-03 7.986968357399372789e-03 7.577388686968703282e-03 7.624648205075673819e-03 8.024163065883063717e-03 8.053346557389692850e-03 8.214895390913721368e-03 8.200299248182493089e-03 7.778593158559816631e-03 8.274618606998912149e-03 7.590503836426099570e-03 7.287605463552791589e-03 8.339013933294673470e-03 8.921701160265839425e-03 7.596816014779570955e-03 7.763860947996391489e-03 8.027887005687499994e-03 8.437881341804410670e-03 7.993099322122762529e-03 8.195678573691493260e-03 8.693299601072816338e-03 9.294285036589862437e-03 8.912404300723070216e-03 9.352953017674007011e-03 9.639704057410570029e-03 9.406804439634364884e-03 9.596372265795707207e-03 9.143703738760430855e-03 9.097286311401577702e-03 9.436563777522322810e-03 9.508234202223339593e-03 8.764507358355384803e-03 8.871512073720408051e-03 9.170018198525085526e-03 9.285430431028965023e-03 9.334504391135941756e-03 9.358442628244111050e-03 9.083733531642485329e-03 9.088549502751041773e-03 8.782110230147535668e-03 9.050670998407886123e-03 8.863342430744452008e-03 1.069729170980393725e-02 8.883711586859681375e-03 9.272902829150674736e-03 1.019844312935939620e-02 9.011645164591314955e-03 9.191814831907393207e-03 9.615975461925418619e-03 9.110668414636003201e-03 8.770707535676958502e-03 9.289448850419256346e-03 8.856588694157558131e-03 8.914150736705449274e-03 9.148639857724766289e-03 9.157449298398002285e-03 9.588660561807673885e-03 1.001932598902616212e-02 9.229173462087025132e-03 8.620734339441566557e-03 9.336593591833216785e-03 9.071295145561455303e-03 8.985408006361441172e-03 8.923538473885331973e-03 1.022918238295430701e-02 9.152274224331149316e-03 9.604419705649288458e-03 9.224343464430038997e-03 9.300654724320305336e-03 9.496561771711058489e-03 9.462830205732155470e-03 9.169913259399248631e-03 9.460725704988064144e-03 8.886783699929982558e-03 9.213252641999925344e-03 9.251968678489470507e-03 9.295319030235794575e-03 9.663216358595889607e-03 9.088461460312920528e-03 9.490256193730636433e-03 9.048931204810614290e-03 9.073754206610686740e-03 9.627467311236072300e-03 8.969411788462387444e-03 9.495921573054273354e-03 9.285891961352111743e-03 9.068526312983538756e-03 9.458689597359305409e-03 9.931362837618520553e-03 9.470898080551166595e-03 9.412257550213451451e-03 8.955168991528665925e-03 9.319092067290068657e-03 1.010442803909101725e-02 9.570676817777528170e-03 9.558399544578960461e-03 1.001207898563690087e-02 8.954244763791622055e-03 9.159002141211488104e-03 8.887857628206964622e-03 9.829306030065225810e-03 9.284378897427508423e-03 9.067737505725951760e-03 9.410523824275348129e-03 9.751618124929176470e-03 9.833845822559353009e-03 9.265577575235049365e-03 9.906871284018820001e-03 9.667031810295767524e-03 9.913846848636057724e-03 9.646945591134270526e-03 8.964285171804703065e-03 9.275916532472207321e-03 8.994174817250316645e-03 8.818801405084543410e-03 9.491641090214183660e-03 9.068722893751287803e-03
8.523763163641819018e-03 8.534469368114168744e-03 8.283759639036781738e-03 0.000000000000000000e+00 8.249076045021728684e-03 7.656965918069781607e-03 8.413103864946732194e-03 8.655035111187711974e-03 8.286344372666169800e-03 8.516594186412580411e-03 8.177747103246708893e-03 8.040523060365801708e-03 7.998505790264166110e-03 7.806963440960851264e-03 7.840518496004944896e-03 8.256276396041992496e-03 8.271229357694722534e-03 8.444738215132313250e-03 8.646900071162094345e-03 8.296580624953449681e-03 8.221506654693871985e-03 7.819733349361791819e-03 7.526768032323040598e-03 8.533238651899794844e-03 9.428597724944474609e-03 7.845662090295362975e-03 7.962822000306294529e-03 8.227911778447585117e-03 8.412943831298782399e-03 8.497941416029382994e-03 8.392155654674169143e-03 9.173782442652935257e-03 9.423551910622848457e-03 9.047986113282746948e-03 9.480033487345272333e-03 9.771690037310680130e-03 9.544207935445532531e-03 9.740626879894992429e-03 9.284976814950437335e-03 9.238427033912213759e-03 9.563186998499929869e-03 9.643040153186685851e-03 8.903198431171370497e-03 9.007746791855363033e-03 9.300645119849716702e-03 9.413390181022029610e-03 9.472129048619002192e-03 9.485756319049258936e-03 9.224939077273149393e-03 9.229698007553572073e-03 8.920057567845885230e-03 9.183964861231415366e-03 9.000076715499537305e-03 1.080809418375279669e-02 9.019388419257545059e-03 9.402122005597087634e-03 1.031500581993805010e-02 9.146513317966916898e-03 9.322883013491168810e-03 9.729813704104420952e-03 9.254228405579278255e-03 8.908510860733303768e-03 9.426777671033583633e-03 8.763384634049407526e-03 9.072606268523589201e-03 9.300355003631907008e-03 9.309789230107851782e-03 9.725335323984592509e-03 1.015855112382942245e-02 9.380746232565656539e-03 8.776981523019745240e-03 9.486796678574124439e-03 9.225783644701938957e-03 9.141639366377816989e-03 9.081636383240271684e-03 1.036465236278308506e-02 9.305849309709927561e-03 9.739153671918127433e-03 9.376184434468184600e-03 9.449063823065454934e-03 9.643303820850518404e-03 9.601907655448087969e-03 9.321553066905087157e-03 9.608009084163284669e-03 9.044063312421829481e-03 9.364128122661389067e-03 9.403017650463332128e-03 9.444876513764301554e-03 9.806955815145412120e-03 9.242083281985643065e-03 9.636509365293872975e-03 9.204065356167776685e-03 9.220397921777282943e-03 9.772144762958597311e-03 9.125355267228983658e-03 9.642343060598872542e-03 9.439831153880353862e-03 9.219560791371999089e-03 9.609878825765921437e-03 1.007506146390638353e-02 9.613682966036396840e-03 9.564047006772179171e-03 9.122712003777075709e-03 9.472728237753517966e-03 1.024612439139151523e-02 9.719448925444115761e-03 9.707072134915263606e-03 1.015522547071572371e-02 9.115150152890220264e-03 9.315843024041108381e-03 9.048081314934652494e-03 9.974531098508035085e-03 9.438167084834914178e-03 9.227551302455561100e-03 9.561846791798349690e-03 9.898104722169119227e-03 9.979677526055890854e-03 9.419446800903008565e-03 1.005060397802038340e-02 9.814026956461484666e-03 1.005746547952912975e-02 9.795135724901024576e-03 9.116725807022730763e-03 9.430024403667922397e-03 9.146909350035431138e-03 8.982206220250173526e-03 9.642423865280387932e-03 9.227093527980860868e-03
8.838400885247609320e-03 8.567082521804320408e-03 8.309014443908191438e-03 8.249076045021728684e-03 0.000000000000000000e+00 7.940414903188886334e-03 8.455496340961500198e-03 8.446883722835241831e-03 8.302837940970964753e-03 8.538762014920524973e-03 8.206694914079859168e-03 8.090161497184569783e-03 8.024307446560217244e-03 7.840641554505107386e-03 7.888815358510263553e-03 8.277130490411198360e-03 8.557405598913891270e-03 8.476867629924529982e-03 8.438747345209142436e-03 8.071570349402711758e-03 8.277790819103012995e-03 7.870124527685300880e-03 7.565857605825719936e-03 8.577425324754065286e-03 9.167854884403534368e-03 7.907673526105241449e-03 8.022201727851046432e-03 8.254280532736373369e-03 8.687496413429062966e-03 8.522070750877241974e-03 8.445267086540392265e-03 9.195626609761002254e-03 9.471605908067068716e-03 9.087430022566945348e-03 9.528901789611668796e-03 9.798573730289555916e-03 9.571785688027665412e-03 9.776603573262616226e-03 9.312579235350372520e-03 9.277188934572098977e-03 9.598615399153586497e-03 9.679860277126667301e-03 8.952149813123158606e-03 9.058216125416356998e-03 9.348382343294445521e-03 9.451481483124312549e-03 9.499156540284124650e-03 9.522341602759488294e-03 9.265137669030778372e-03 9.270189094958468032e-03 8.968590186075278692e-03 9.221264996061859578e-03 9.037999361639880921e-03 1.083971006214568510e-02 9.067939111581760012e-03 9.439101358551039642e-03 1.034824172595998591e-02 9.203469837185349403e-03 9.371193063743721990e-03 9.511870681790279142e-03 9.291106727875983809e-03 8.948387963598343833e-03 9.454703429257428279e-03 9.023028241597303573e-03 9.112663980165457492e-03 9.339483189581261266e-03 9.347946897901984742e-03 9.750327121566915861e-03 1.019333887067801203e-02 9.418894278099148448e-03 8.817729327610003207e-03 9.524616226557564014e-03 9.265119834344352767e-03 9.181392921321689105e-03 9.120779342881059348e-03 1.039903071237078050e-02 9.344347439762598975e-03 9.784601919721525043e-03 9.414447029500975714e-03 9.487657777020284955e-03 9.679965275720158954e-03 9.639073302961796014e-03 9.360741733196184869e-03 9.645149208040364880e-03 9.084326460092662092e-03 9.403223424572957137e-03 9.441431145736372751e-03 9.483544518925222239e-03 9.843160940814438611e-03 9.281002620123914026e-03 9.673662081756217654e-03 9.242855088813960868e-03 9.258676424869825491e-03 9.808601134617789263e-03 9.164496193358783252e-03 9.679012021672386834e-03 9.480801365087200561e-03 9.260736159407572526e-03 9.649396668385171183e-03 1.011249046099215593e-02 9.651971445979536796e-03 9.604089350486646331e-03 9.155777742896956117e-03 9.513224312714767955e-03 1.028239265283779728e-02 9.758404454966477723e-03 9.746325567868054790e-03 1.019262434827741641e-02 9.163827152706615839e-03 9.356835730441779089e-03 9.090552887936483029e-03 1.002158092050944860e-02 9.477598090108348139e-03 9.269009888871271655e-03 9.602200611658161591e-03 9.935818055611791988e-03 1.001779376524131356e-02 9.459220180807392450e-03 1.008831341343631796e-02 9.852511406725801904e-03 1.009447314634493581e-02 9.841639305574651636e-03 9.166855313884423456e-03 9.470358390205347102e-03 9.188445922027594845e-03 9.024854904809524736e-03 9.681560261741167447e-03 9.268731452025461004e-03
7.960207216772713021e-03 7.708270595593250639e-03 7.422015822977614564e-03 7.656965918069781607e-03 7.940414903188886334e-03 0.000000000000000000e+00 7.866393145566485251e-03 7.846750923726235685e-03 7.656614041171241718e-03 7.988090488224816252e-03 7.824219592561437731e-03 7.441940224565302305e-03 7.371663848021470407e-03 7.191048544386292353e-03 7.234062133802228282e-03 7.690264484229152042e-03 7.696225223907387537e-03 7.891709620794194052e-03 7.857019162291374592e-03 7.658529667458782546e-03 7.665894261342834880e-03 7.194347922893131082e-03 6.868543524260604938e-03 8.005062724790434556e-03 8.889189522629197329e-03 7.206532812048423164e-03 7.386647269928050923e-03 7.658961897488307351e-03 7.860080682889245343e-03 7.660109681448302316e-03 7.860620647508011205e-03 8.390798216028299075e-03 8.911768821758042289e-03 8.510991610776376393e-03 8.976213835135398583e-03 9.272778515023342299e-03 9.037997672884616820e-03 9.238972564706536550e-03 8.764308241352939538e-03 8.705969658454118520e-03 9.069996316191493435e-03 9.136122856943360016e-03 8.355412263240271156e-03 8.469217955050532820e-03 8.781862259031238821e-03 8.902704885213464162e-03 8.954562026928359827e-03 8.989804139326739926e-03 8.693582646819911913e-03 8.696294269923512607e-03 8.376129480894398474e-03 8.656545568454568004e-03 8.467014865545073252e-03 1.037155364643312788e-02 8.480716901053547002e-03 8.896344643448673289e-03 9.855238709098258082e-03 8.419322446917941807e-03 8.812552597944230126e-03 9.258849997085727770e-03 8.722376415977815128e-03 8.368813239398279966e-03 8.907494988916945036e-03 8.446993823031070242e-03 8.537825258581122415e-03 8.779888309363203039e-03 8.785636775032738821e-03 9.234499826071072837e-03 9.690263295312371086e-03 8.866254071950633447e-03 8.228126147800050513e-03 8.978809079058281545e-03 8.701162703860797903e-03 8.611133094726582463e-03 8.547389237491509820e-03 9.907628339601801462e-03 8.785937001026174545e-03 9.257239146222884935e-03 8.861099345413776460e-03 8.931807036422545476e-03 9.144496644913147412e-03 9.111436860309463093e-03 8.804131469239090055e-03 9.108197744695760087e-03 8.507128950407030071e-03 8.849106562540762916e-03 8.890102447081103462e-03 8.935040390020718842e-03 9.319527398888572539e-03 8.718766798579441479e-03 9.138339135808004263e-03 8.679398184651911444e-03 8.703748662747309156e-03 9.282711976717669330e-03 8.593653061470757012e-03 9.144141439086978310e-03 8.870904671426116730e-03 8.638797498383796181e-03 9.062463915893739091e-03 9.555786180374638977e-03 9.077223809584976030e-03 9.004169607665056529e-03 8.526982961713331158e-03 8.906266036445112041e-03 9.727910801059442072e-03 9.180878572735782367e-03 9.156672270624157881e-03 9.635762195349126605e-03 8.338644903611825213e-03 8.746501742812924293e-03 8.451560773621458883e-03 9.462932810560740343e-03 8.886904817475541410e-03 8.646533162739554121e-03 9.001466070263213284e-03 9.360149248683244036e-03 9.449183654901082904e-03 8.867465079339911099e-03 9.521818695777617414e-03 9.282034772391279179e-03 9.538900382562864530e-03 9.040525708439387659e-03 8.536056931348144639e-03 8.869970043834943946e-03 8.560399765092169960e-03 8.384500806704399054e-03 9.108465493864093335e-03 8.642783585143606548e-03
8.682116180674367967e-03 8.440594581272472044e-03 8.209789889882619304e-03 8.413103864946732194e-03 8.455496340961500198e-03 7.866393145566485251e-03 0.000000000000000000e+00 8.550982063008968209e-03 8.225888400751193291e-03 8.967125095504195967e-03 8.630882477283467399e-03 8.219821983616183714e-03 8.139428036440641070e-03 8.011531827700807754e-03 8.265399113760792116e-03 8.394445533726912004e-03 8.441730975358673755e-03 8.572525759446406046e-03 8.825114998905501940e-03 8.219503700381391303e-03 8.419870757795483787e-03 8.256018588039731876e-03 7.726311455646262503e-03 8.980444968672526493e-03 9.237648905526913215e-03 8.254707808495985455e-03 8.414074168396476136e-03 8.415215146596840765e-03 8.565544772423824144e-03 8.650403932914224256e-03 8.542529330965669895e-03 9.313870237062451402e-03 9.611910498033853292e-03 9.245450252474654573e-03 9.678189105157825392e-03 9.944095708361209984e-03 9.719259237091569525e-03 9.903583537550905355e-03 9.475874910645729413e-03 9.423001474818212819e-03 9.748737398083170969e-03 9.817954066071716071e-03 9.103006822406480014e-03 9.214301025878198284e-03 9.493240625193959115e-03 9.603668160436718698e-03 9.650524475054845022e-03 9.673177309451136408e-03 9.417515374208382598e-03 9.415041198304184566e-03 9.120278355953899060e-03 9.377933277207926507e-03 9.198568422883593443e-03 1.096949835027598817e-02 9.218491346378542700e-03 9.590238770168702312e-03 1.048562227000467313e-02 9.341177390215876092e-03 9.514136593618553045e-03 9.912117921660456091e-03 9.445547834482041077e-03 9.109443945698911596e-03 9.607092331123761458e-03 9.191365928335857791e-03 9.252895194657884126e-03 9.469038564641235611e-03 9.474613901426039500e-03 9.884559924876383172e-03 1.031037396019732905e-02 9.547383089679390214e-03 8.965017908633647961e-03 9.651169412067152342e-03 9.395978479746755485e-03 9.313800017184575494e-03 9.254083717617798271e-03 1.051419917493541523e-02 9.471955074147437106e-03 9.908608193656066182e-03 9.542974276536560219e-03 9.616011721800038839e-03 9.803961800225467413e-03 9.773582618581154458e-03 9.490724370005920729e-03 9.770315681848648626e-03 9.219258633837873820e-03 9.532667822461727072e-03 9.576441993559454968e-03 9.611309251182741445e-03 9.965425364392670529e-03 9.412681065271771494e-03 9.799362556251906345e-03 9.381764299960390630e-03 9.399176800147259619e-03 9.931364627708291412e-03 9.297871273500572104e-03 9.804100555125575336e-03 9.571532434681825907e-03 9.354966992247621890e-03 9.737949051070643458e-03 1.019651261938811677e-02 9.751581590013040646e-03 9.693464913779452005e-03 9.262590829166960152e-03 9.603372418800961569e-03 1.037373741595012423e-02 9.845871470393337960e-03 9.842738675768177709e-03 1.028542836859871155e-02 9.252826242908138502e-03 9.449543216102498228e-03 9.188199590565193295e-03 1.010718886359009833e-02 9.570528891790650028e-03 9.135535865557363813e-03 9.691715163634739491e-03 1.002163317662238019e-02 1.011043038396134373e-02 9.552692135184096336e-03 1.017161107809803726e-02 9.948932765252620561e-03 1.017943817483325970e-02 9.921463958691732060e-03 9.272054193631298555e-03 9.562136295636224428e-03 9.292488960827197109e-03 9.129372175122808797e-03 9.778936881102201842e-03 9.361848486945753556e-03
8.673123762020878286e-03 8.415656835702911912e-03 8.173089483321823237e-03 8.655035111187711974e-03 8.446883722835241831e-03 7.846750923726235685e-03 8.550982063008968209e-03 0.000000000000000000e+00 8.180922976919422288e-03 8.654864095532979057e-03 8.357035270384212053e-03 8.183522295700894691e-03 8.159960409472383908e-03 7.987091781995716427e-03 8.255568497623230403e-03 8.419092945968407321e-03 8.725233318873442181e-03 8.558470368430425371e-03 8.820695374041318676e-03 8.184184435681203518e-03 8.646671955249653554e-03 8.211362539635044810e-03 7.716904210107904290e-03 8.673232894623551792e-03 9.530484898197985263e-03 7.997628752086054574e-03 8.391367727611372465e-03 8.379798624330690379e-03 8.544069116991322502e-03 8.374629941562327859e-03 8.796772612470202604e-03 9.013673837737753991e-03 9.612584186649708248e-03 9.245753583975854437e-03 9.667806357758750718e-03 9.944915448854381099e-03 9.720404369662091065e-03 9.902519920122821936e-03 9.476512623308496266e-03 9.422671852118888122e-03 9.749495344781615100e-03 9.818728002636273669e-03 9.104322682247228959e-03 9.213612267542822462e-03 9.493588331734246696e-03 9.604032612134431879e-03 9.650644212026880317e-03 9.673460577748205225e-03 9.417900919579639749e-03 9.415089308364094425e-03 9.130307835010599560e-03 9.378298829348786017e-03 9.198868508641874081e-03 1.097013098379939766e-02 9.218777440019887762e-03 9.591647800822786576e-03 1.048561474847544035e-02 9.341033675732177133e-03 9.514385375899551273e-03 9.912777729053379519e-03 9.435128539410813850e-03 9.109687908182381721e-03 9.607575015982519270e-03 9.199655972085876363e-03 9.242592173764382218e-03 9.467349186293348706e-03 9.475695739210872326e-03 9.883242743988983683e-03 1.030809033272556824e-02 9.545191739697223357e-03 8.953930712635950820e-03 9.648946592161086050e-03 9.393423970753836394e-03 9.311194526338599509e-03 9.251754867130545373e-03 1.051190343211155787e-02 9.471424029898161193e-03 9.906802217640519465e-03 9.541083815464959997e-03 9.614317222691673090e-03 9.802618210689154413e-03 9.762098275768531577e-03 9.488843064579361233e-03 9.768151134755688469e-03 9.216594708070487488e-03 9.530212033163872401e-03 9.574548691755096347e-03 9.609795827656152784e-03 9.963236951926782506e-03 9.410207047624349203e-03 9.796953320744285904e-03 9.379017582080206861e-03 9.387891799045254212e-03 9.929054456023470379e-03 9.295629437446994991e-03 9.802396715474327032e-03 9.602269747435249192e-03 9.385884736456302779e-03 9.768623853370765261e-03 1.022551407899923402e-02 9.771594804050419761e-03 9.724044982984195173e-03 9.292361591801035978e-03 9.634139756771305241e-03 1.039291713882471019e-02 9.876391879560337747e-03 9.863788129919870071e-03 1.030279154998717597e-02 9.282348629400142409e-03 9.480694438496037671e-03 9.218915410730095170e-03 1.013714936758402380e-02 9.601033383684060354e-03 9.391384807565692286e-03 9.721600034627849579e-03 1.005113463046282234e-02 1.013001445986869489e-02 9.582075766424244176e-03 1.020093602533275919e-02 9.969615244780948363e-03 1.020795544001217373e-02 9.949708722941137326e-03 9.294679060708065446e-03 9.592649239844144513e-03 9.314999202012612389e-03 9.153457055850862389e-03 9.808146138974611558e-03 9.393684156712012526e-03
8.328407886190722711e-03 8.057252121897191116e-03 7.798291331866220866e-03 8.286344372666169800e-03 8.302837940970964753e-03 7.656614041171241718e-03 8.225888400751193291e-03 8.180922976919422288e-03 0.000000000000000000e+00 8.315955843642587955e-03 7.993341664362083737e-03 7.833705428385981037e-03 7.762683118661170556e-03 7.594502012119475065e-03 7.611869358778582638e-03 8.050831015282913436e-03 8.312821679740563935e-03 8.233324915963692245e-03 8.172593939109911929e-03 7.810066740013302429e-03 8.041325521809885440e-03 7.604505290616403457e-03 7.295411899831067207e-03 8.365810995392438179e-03 8.937634182654509429e-03 7.641521030595352718e-03 7.763930155031066593e-03 8.280691784913529752e-03 8.177026039723313613e-03 7.986567285959299614e-03 8.468990430968046865e-03 8.958842238412067713e-03 9.257708166375637135e-03 8.874712534738366312e-03 9.327470090103861036e-03 9.613629771422296105e-03 9.371010739851378876e-03 9.322549288652736549e-03 9.105508876338336971e-03 9.058819215331706531e-03 9.400394753613245877e-03 9.470472204977910258e-03 8.736652683250259455e-03 8.843837602454083374e-03 9.142249172500031482e-03 9.259274301188670855e-03 9.296824822107778094e-03 9.333025402762228084e-03 9.056241519824495545e-03 9.050347847017473774e-03 8.762976721986651465e-03 9.012946480087366541e-03 8.824883848315067877e-03 1.066640229352789834e-02 8.845269939920645877e-03 9.235810697793341018e-03 1.016373024868477692e-02 8.982401140303596099e-03 9.155358432727085660e-03 9.590807124486898025e-03 9.083246253329325948e-03 8.732454976568482935e-03 9.262467327905629655e-03 8.829414617658475420e-03 8.900625119672061006e-03 9.132981893285848154e-03 9.142504974328157299e-03 9.566791713788368526e-03 1.000665414365354416e-02 9.214958566483622687e-03 8.598119029247945633e-03 9.322843669745574033e-03 9.056840536338650605e-03 8.970807122231491335e-03 8.909185446102909842e-03 1.021611982702149042e-02 9.138850974059076898e-03 9.590416555302997206e-03 9.210312684112861858e-03 9.285736323378561072e-03 9.482559730603436904e-03 9.441080857043173541e-03 9.155376372371952509e-03 9.446887946598035365e-03 8.871144485112555239e-03 9.198137009705807665e-03 9.237468262808372702e-03 9.281286858810714954e-03 9.649426630103983757e-03 9.073184887047560168e-03 9.476057817309650050e-03 9.034028519631956758e-03 9.051434227530779503e-03 9.614044091998820429e-03 8.953925774057323178e-03 9.481993735749243840e-03 9.277554901956201056e-03 9.051951563907487466e-03 9.450262343116216934e-03 9.923471255521900194e-03 9.452842013184725375e-03 9.403907865423987225e-03 8.943691639728735404e-03 9.310715566801693044e-03 1.009718176922266147e-02 9.562033884975569553e-03 9.549519451076307619e-03 1.000576739013092978e-02 8.961013567566976368e-03 9.150443178601830665e-03 8.877344280705336266e-03 9.830527570384141323e-03 9.274065971881469139e-03 9.060647950438364961e-03 9.401982280832076044e-03 9.743290214140620104e-03 9.827164848809152517e-03 9.255327666572051720e-03 9.899148107746960634e-03 9.658201138488673593e-03 9.905464257262186489e-03 9.646311280503470573e-03 8.956176004354426262e-03 9.266871370635329161e-03 8.977621370137529866e-03 8.809102556715252968e-03 9.483083861197063105e-03 9.059966060805137861e-03
9.074477426109308492e-03 8.567901642534181406e-03 8.319737975898395740e-03 8.516594186412580411e-03 8.538762014920524973e-03 7.988090488224816252e-03 8.967125095504195967e-03 8.654864095532979057e-03 8.315955843642587955e-03 0.000000000000000000e+00 8.438996611661798292e-03 8.572479837747214518e-03 8.516553555126456579e-03 8.107739309293525778e-03 8.129901815968402362e-03 8.539427869949007405e-03 8.813247341769725116e-03 8.975427206018697993e-03 8.647898502476204091e-03 8.327425044773861113e-03 8.772327261946441870e-03 8.111454283601979287e-03 7.833825179324958518e-03 8.778173160238855396e-03 9.667900191794207357e-03 8.128272285242429257e-03 8.256588700880302181e-03 8.500263893680939237e-03 8.675689318977107198e-03 8.756592194661488859e-03 8.946337389995737480e-03 9.441888493249403838e-03 9.654537280099521196e-03 9.291546503118284367e-03 9.456183181212161545e-03 9.996854321862333123e-03 9.764464398060852118e-03 9.956627522119702520e-03 9.521899505258500304e-03 9.467603202172649932e-03 9.802233445953529786e-03 9.871084656335616520e-03 9.151482730858587905e-03 9.251250859682881231e-03 9.536591494976300043e-03 9.647378160880244746e-03 9.704519620673193389e-03 9.716452523942157443e-03 9.464529154848340051e-03 9.458917451172374480e-03 9.176477846275496453e-03 9.432983631918122683e-03 9.244670561743772996e-03 1.101871960150523772e-02 9.263910822185611460e-03 9.634409209446016115e-03 1.052340318219672013e-02 9.387360732328960469e-03 9.557464974859932252e-03 9.966553118638390302e-03 9.501754371032474986e-03 9.156321861041885612e-03 9.661450976868586268e-03 9.229461836063599864e-03 9.318783830288819223e-03 9.540317181896768028e-03 9.549404360862896041e-03 9.962039074513035289e-03 1.037503920402816845e-02 9.618745431853733055e-03 9.032195141730179483e-03 9.720716440777037171e-03 9.467560371083351412e-03 9.386263984186555762e-03 9.327846031660320947e-03 1.057603775879361468e-02 9.545513941342110426e-03 9.975815948405013234e-03 9.613907853745877474e-03 9.684421574744001004e-03 9.873268023256165371e-03 9.832668153080464241e-03 9.560668756003375818e-03 9.839316619179118428e-03 9.291114339523540849e-03 9.601611062277722389e-03 9.639240915073708088e-03 9.680485031865911777e-03 1.003334162480003754e-02 9.483283353188192571e-03 9.855985308024877573e-03 9.446111953042709078e-03 9.461609904441080354e-03 9.999458891973879437e-03 9.370386656839256243e-03 9.872644889943204063e-03 9.681103943883231921e-03 9.474083726441078629e-03 9.846074472736233638e-03 1.029871627397672788e-02 9.856699028268054580e-03 9.801146981355157023e-03 9.362952702904731722e-03 9.712833009936578180e-03 1.046432081530094399e-02 9.952118919997749238e-03 9.940161098903776971e-03 1.038510859660586420e-02 9.365353215956707250e-03 9.560104366121457628e-03 9.300234523093793212e-03 1.021030012546853515e-02 9.678230821329470920e-03 9.482460480291880767e-03 9.799966553625664642e-03 1.012539908780886108e-02 1.020516119588560193e-02 9.660670579185411111e-03 1.027444378712765241e-02 1.004426950326097433e-02 1.028100033269273468e-02 1.002617326011520128e-02 9.375317489594827552e-03 9.671112228620982326e-03 9.403208936388199324e-03 9.236831451669999180e-03 9.877166557635232852e-03 9.474278960572608474e-03
8.746550672307160101e-03 8.230051986627877000e-03 8.226226966412390762e-03 8.177747103246708893e-03 8.206694914079859168e-03 7.824219592561437731e-03 8.630882477283467399e-03 8.357035270384212053e-03 7.993341664362083737e-03 8.438996611661798292e-03 0.000000000000000000e+00 7.992207398858201112e-03 8.139730832978416680e-03 7.760011461553940719e-03 7.770656621554612384e-03 8.471356288582098520e-03 8.473060780363937672e-03 8.382294337821243405e-03 8.358187869569700529e-03 8.227357915211216954e-03 8.168260025621371448e-03 7.764303774196715593e-03 7.467066564627223950e-03 8.466752296265455877e-03 9.365579304281369810e-03 7.985508520252777159e-03 7.936908821368984443e-03 8.181444452444766938e-03 8.358103662065531278e-03 8.438456430646853676e-03 8.381509886510435034e-03 8.847739139599299432e-03 9.338434660527193329e-03 8.959199856213625329e-03 9.397330071926992753e-03 9.686089706623190673e-03 9.449248278075578558e-03 9.645509356812907373e-03 9.193788862597907646e-03 9.143105898949288601e-03 9.483006154986073008e-03 9.555498512270582667e-03 8.815838398004992998e-03 8.923143529886556208e-03 9.218427693403868570e-03 9.329893652850976965e-03 9.382048482783384921e-03 9.404259127304389135e-03 9.134039501258494828e-03 9.137959989725838797e-03 8.836808409578591345e-03 9.099647951577537891e-03 8.913545849405710847e-03 1.074131636295806019e-02 8.934220536427856657e-03 9.318678225313447097e-03 1.024282566012893123e-02 9.067868849178851998e-03 9.236544137474380148e-03 9.651024380706651334e-03 9.160918849125485736e-03 8.818317837088555586e-03 9.336919120077362064e-03 8.897905000967853625e-03 8.890983368716864205e-03 9.106682132052398154e-03 9.115205718959426204e-03 9.564635870458007907e-03 9.979259557889199120e-03 9.196300723888016504e-03 8.368302337124326057e-03 9.302662699996274223e-03 9.028770687444818283e-03 8.941150115653632643e-03 8.891007276532031031e-03 1.019221578194903777e-02 9.140182133290628702e-03 9.574505522352545414e-03 9.198874687687322999e-03 9.281277829028640111e-03 9.453844258201730272e-03 9.180713619768725992e-03 9.127989542671790732e-03 9.428775408746889117e-03 8.842464445076983481e-03 9.170885257119070974e-03 9.211848013310626818e-03 9.264916879141873660e-03 9.620547944814870564e-03 9.046221281708562850e-03 9.459657278356754101e-03 9.005703971270246841e-03 8.808746451366596120e-03 9.595084971235392710e-03 8.934808257565967499e-03 9.473049005972872250e-03 9.311442892202956984e-03 9.094309711153202372e-03 9.493176111588074589e-03 9.955472435029658063e-03 9.493316281638538787e-03 9.437778436643269250e-03 8.981067645723369436e-03 9.353209765440967036e-03 1.013703418481099600e-02 9.601362210874280281e-03 9.581710705043686854e-03 1.003910578350381000e-02 8.992499838980890989e-03 9.185623291787637854e-03 8.911428164792494638e-03 9.865521946461744407e-03 9.317899668984623920e-03 9.124120219008224203e-03 9.435278821571042168e-03 9.785803922140500280e-03 9.878577078354499469e-03 9.288424167106174370e-03 9.932118444347413228e-03 9.690272506233213110e-03 9.938240953556949642e-03 9.681847952185096765e-03 8.775071034848844903e-03 9.302504173122744940e-03 9.019631653401164947e-03 8.846021097110771600e-03 9.518711507754507722e-03 9.095182326812037768e-03
8.331888856811972902e-03 8.065439675720516635e-03 7.804479241051473504e-03 8.040523060365801708e-03 8.090161497184569783e-03 7.441940224565302305e-03 8.219821983616183714e-03 8.183522295700894691e-03 7.833705428385981037e-03 8.572479837747214518e-03 7.992207398858201112e-03 0.000000000000000000e+00 8.004220481961893396e-03 7.602401559313826974e-03 7.647786150948174266e-03 8.060733598576452774e-03 8.078049003379803722e-03 8.207312070250761399e-03 8.462972567873568511e-03 7.838624488696585568e-03 8.022656101514346813e-03 7.583483885879500203e-03 7.513912473058669689e-03 8.326537365842845775e-03 9.234467255664544766e-03 7.608285575880858846e-03 7.760806909176069801e-03 8.016617522394631212e-03 8.473478868988694804e-03 8.028547421925201835e-03 8.452906380478474729e-03 8.712193734858547298e-03 9.290490607376843471e-03 8.908480890711615446e-03 9.358761469461372717e-03 9.635963635032602018e-03 9.402176394653462624e-03 9.593841601666069918e-03 9.148879563813872712e-03 9.094051867773022407e-03 9.432925251417197815e-03 9.504789523037389040e-03 8.766879674265051769e-03 8.867782323355872728e-03 9.166696483957969405e-03 9.281614424825562412e-03 9.331112553117758973e-03 9.362051627162772810e-03 9.080983227713595313e-03 9.085732219832519385e-03 8.778584828475113899e-03 9.046889967827547938e-03 8.859827156949396862e-03 1.069440001097781735e-02 8.880303565072246788e-03 9.268790803405339493e-03 1.019530065639477623e-02 9.008349451899901744e-03 9.188637826369430717e-03 9.603585381732577392e-03 9.107110303719143443e-03 8.766746502898083160e-03 9.285949202473126746e-03 8.844303577798875993e-03 8.908288652784330380e-03 9.141352453804006684e-03 9.148916882946316748e-03 9.583209682173774585e-03 1.001347541332704184e-02 9.223172974282571254e-03 8.606505029931680803e-03 9.330393572260526486e-03 9.064865297316634929e-03 8.978880992091554589e-03 8.924163200727653830e-03 1.022388649807928589e-02 9.152864791292460514e-03 9.598192363785281594e-03 9.218319776986227954e-03 9.295270067868045827e-03 9.489489046421563032e-03 9.448253213415327284e-03 9.163487260637891152e-03 9.454653195994805817e-03 8.879963554566515371e-03 9.206871508883864019e-03 9.245277450196320856e-03 9.289385438583930288e-03 9.656915988457493230e-03 9.081987508451150673e-03 9.484547816822180497e-03 9.042708738067516822e-03 9.059138415811164580e-03 9.621571508577956428e-03 8.963143729667361059e-03 9.490349899247471979e-03 9.249585891762415052e-03 9.044869686123243810e-03 9.424626251429675874e-03 9.898586943099961857e-03 9.450541587108205605e-03 9.388463782824214843e-03 8.939910567371265118e-03 9.283106491406780889e-03 1.007140175148094931e-02 9.548306624730261774e-03 9.534180006430687318e-03 9.726229265132897706e-03 8.919426080226404777e-03 9.122514205853447106e-03 8.852905303468768666e-03 9.807834601533159738e-03 9.249614787481113057e-03 9.043782722364160018e-03 9.374864464826177662e-03 9.730011709395528646e-03 9.802865752484858294e-03 9.230466239164122205e-03 9.884763085595797347e-03 9.644122294228556214e-03 9.892484132327288016e-03 9.613441847535819651e-03 8.921709284505335846e-03 9.252124897871440851e-03 8.969405484374321641e-03 8.782142940029514025e-03 9.458040483140486843e-03 9.032225539049306556e-03
