0.000000000000000000e+00 1.438690157699478757e-02 1.260392733914401063e-02 1.401929004734737104e-02 1.271347725773918150e-02 1.587493275363769524e-02 1.450567227191801832e-02 1.422609089280196977e-02 1.239997640582684094e-02 1.309510390638126721e-02 1.537429698741696674e-02 1.349149274807143715e-02 1.498661856085417576e-02 1.423806115434734718e-02 1.418055432041841375e-02 1.350265039279693879e-02 1.454042406904242600e-02 1.422001463647882408e-02 1.444917755838641404e-02 1.266211661044844457e-02 1.530398236725732074e-02 1.249584060285204544e-02 1.387592761639660881e-02 1.617651739501024810e-02 1.449803381038340840e-02 1.434627801584281888e-02 1.484037151392367596e-02 1.506365589344939478e-02 1.494391586739960212e-02 1.402782221987276465e-02 1.426520448126993024e-02 1.215465034494197551e-02 1.490554287118949113e-02 1.443659007839641871e-02 1.406985553281563973e-02 1.478224655339426506e-02 1.382169920665164697e-02 1.421238305380495386e-02 1.494716253918986458e-02 1.598158900723272921e-02 1.383382418698701419e-02 1.417341823356039858e-02 1.537139460650857430e-02 1.464122185096729777e-02 1.535637243683557127e-02 1.494353558753881359e-02 1.490656547620955452e-02 1.426354151960660711e-02 1.455463561973386818e-02 1.569953222504455112e-02 1.368261201045355320e-02 1.539893386757699295e-02 1.397788611174432052e-02 1.427199925388318927e-02 1.553695121210573772e-02 1.494710632449870041e-02 1.325545761555523699e-02 1.469037735076958624e-02 1.418335915815362516e-02 1.291012089908160666e-02 1.372919275572409732e-02 1.334754454306153783e-02 1.552902283702074435e-02 1.535521935217429995e-02 1.582981583348518073e-02 1.451071735003654946e-02 1.291732933415083544e-02 1.475142468512256888e-02 1.577295356639418084e-02 1.570737986982156942e-02 1.605864912030623148e-02 1.531563604914470619e-02 1.477466937073143062e-02 1.331837186367377211e-02 1.474636129971958198e-02 1.482955507010776629e-02 1.418741101328119605e-02 1.441587723614999074e-02 1.450764707970507612e-02 1.636825891990814977e-02 1.336752619343749456e-02 1.553798059829572011e-02 1.446858315569452859e-02 1.394841411804759526e-02 1.251015540475420434e-02 1.438201011790044351e-02 1.502241354392380886e-02 1.451207727368599917e-02 1.399181556670664808e-02 1.543038050827746921e-02 1.521048454601592499e-02 1.497121268097985174e-02 1.473310117376526451e-02 1.541930332351578239e-02 1.546003799432633073e-02 1.473454565397410224e-02 1.404496776352329342e-02 1.458831316269694478e-02 1.503947489915352480e-02 1.446707723837487719e-02 1.490887250298370686e-02 1.347589267912096579e-02 1.550843433695323764e-02 1.489460077169533526e-02 1.378099501217203843e-02 1.502715383215291745e-02 1.589966116868761145e-02 1.523239805075145628e-02 1.563502387731565205e-02 1.347448036522423676e-02 1.523863076818814805e-02 1.448431795472722265e-02 1.572698958461197019e-02 1.519915868492979945e-02 1.439370533769430277e-02 1.371481741218935103e-02 1.425387063163294221e-02 1.524934485367535064e-02 1.522107636574570114e-02 1.509990671010437956e-02 1.367668670362090153e-02 1.547715399983221746e-02 1.491615349334121828e-02 1.534882293032637131e-02 1.466452691820094127e-02 1.405879373431527177e-02 1.466140229757765395e-02 1.577701663767889367e-02
1.438690157699478757e-02 0.000000000000000000e+00 1.348569671689068411e-02 1.362973258619527492e-02 1.246007489832276494e-02 1.340876499499070625e-02 1.347516310647249582e-02 1.384433300330554194e-02 1.205854118339659553e-02 1.464085541879305355e-02 1.324002601378659015e-02 1.368982166938435482e-02 1.293653881818742669e-02 1.338528849961412304e-02 1.119187872873382214e-02 1.260951820240007078e-02 1.307649880850021533e-02 1.151106688161458724e-02 1.317240765888591861e-02 1.383606146085457345e-02 1.311386051188566382e-02 1.441563486640766965e-02 1.279677630623550846e-02 1.373440985310698907e-02 1.346733342816340204e-02 1.308010410270724413e-02 1.290984376955769432e-02 1.301718279682474375e-02 1.635657176075780081e-02 1.343687490693073160e-02 1.319574520087909812e-02 1.419755995457987544e-02 1.279636775657555688e-02 1.314308956472410791e-02 1.374448478896214861e-02 1.290792698735826124e-02 1.374069135869347008e-02 1.325687675510211182e-02 1.294430076690377199e-02 1.343493057888242581e-02 1.362712554338589219e-02 1.338201624632356576e-02 1.304147126664982441e-02 1.284616794427097253e-02 1.310310572262209441e-02 1.297903768701275801e-02 1.283350944728363710e-02 1.550916384587415139e-02 1.581653586372278042e-02 1.318822518711787808e-02 1.343271087173938255e-02 1.290131035197775167e-02 1.303352584292578713e-02 1.347197639578247633e-02 1.328777948966411784e-02 1.309908999910838583e-02 1.285887844079650587e-02 1.331396280958457162e-02 1.291554226711219382e-02 1.319664673667438580e-02 1.355642548963631108e-02 1.248872608213952642e-02 1.323064440354014028e-02 1.304924373779628097e-02 1.337093771738140542e-02 1.296237290247090682e-02 1.339103323378908715e-02 1.652653119787906091e-02 1.352389055607353986e-02 1.313089511836443811e-02 1.357923212403305997e-02 1.191872171989382008e-02 1.295480926620964923e-02 1.324459320573230688e-02 1.486702684071886105e-02 1.291316601065448967e-02 1.481339622302962379e-02 1.126275721200433420e-02 1.353093174380323727e-02 1.379192512862074949e-02 1.471858974339831927e-02 1.311635596073448123e-02 1.569278658513801467e-02 1.286191586636209819e-02 1.303574126242208579e-02 1.277299328098572585e-02 1.305868872182647591e-02 1.298759930852492507e-02 1.318848161885395609e-02 1.287418497092196121e-02 1.304221125140701647e-02 1.299139682466768538e-02 1.238595978720866478e-02 1.281934264050822378e-02 1.324099041318801094e-02 1.307315270520218592e-02 1.381468495077807848e-02 1.321513067305142043e-02 1.287729425184040363e-02 1.303378891618990273e-02 1.278957417293386661e-02 1.293200703668204339e-02 1.316874291048533707e-02 1.278860124355154886e-02 1.386096407547392911e-02 1.288892451942131277e-02 1.355287578228115374e-02 1.280618837233162173e-02 1.321155551479718908e-02 1.264001645748497223e-02 1.311928030694017693e-02 1.330148430102367357e-02 1.336616249698121053e-02 1.300402906816368852e-02 1.362314862437905352e-02 1.269428852383490229e-02 1.257175639376596071e-02 1.298246853277819531e-02 1.285998062764693098e-02 1.291367429784930076e-02 1.352191247570652850e-02 1.303956780549919703e-02 1.291123854939733688e-02 1.302903273195129240e-02 1.299540481881068972e-02 1.374675837855550420e-02 1.294536136031065356e-02 1.329764187922725244e-02
1.260392733914401063e-02 1.348569671689068411e-02 0.000000000000000000e+00 1.307809283317201872e-02 1.329680285130665357e-02 1.465327809422520972e-02 1.235403181746885792e-02 1.322385207456062105e-02 1.265651052641494044e-02 1.233282292563023935e-02 1.431345948351358394e-02 1.327905701256505699e-02 1.287724751978621372e-02 1.319970005664593271e-02 1.343551003446289381e-02 1.363973349401675396e-02 1.304853945721090244e-02 1.420804060069928015e-02 1.299995512690141526e-02 1.277370318714291311e-02 1.416447893591870483e-02 1.306378969511269410e-02 1.315893952516000547e-02 1.511646453175063444e-02 1.374210034400292872e-02 1.360517848323521822e-02 1.372616594862784492e-02 1.414439794544607859e-02 1.524749899335419226e-02 1.300363284901353070e-02 1.331420031106038578e-02 1.202275594449485167e-02 1.381610579250313643e-02 1.328894728894805012e-02 1.313155059954781642e-02 1.369261541235804180e-02 1.360484040034706105e-02 1.352408389691968013e-02 1.384383443715933582e-02 1.476984066617472932e-02 1.304174613279144787e-02 1.317680616580566358e-02 1.441270091682724311e-02 1.360916849564264633e-02 1.413902378588332599e-02 1.393345932302225004e-02 1.393169222508566091e-02 1.450661481547331488e-02 1.354282503985560805e-02 1.465533775326952753e-02 1.237349673809099229e-02 1.413218613205969101e-02 1.281191603941458403e-02 1.310292802929997197e-02 1.437104886233548685e-02 1.379619229169145450e-02 1.322102633421478636e-02 1.350830600798593080e-02 1.356890634749436005e-02 1.316511980481092567e-02 1.291453637912391705e-02 1.342065673097308197e-02 1.450432517814054766e-02 1.421540527339337258e-02 1.451830921519083051e-02 1.337681648425507151e-02 1.307802458891081133e-02 1.540799801372267491e-02 1.484381774941624828e-02 1.439779909087601784e-02 1.487214682362620298e-02 1.441851491296147411e-02 1.374231813916021103e-02 1.349071550876267470e-02 1.402278920691221037e-02 1.361649395061513210e-02 1.401859139481828609e-02 1.330712466823042242e-02 1.327727125680001896e-02 1.516768266556783179e-02 1.351257070355352599e-02 1.433489635910968271e-02 1.460845920376863810e-02 1.356301049840246721e-02 1.277348955556289849e-02 1.317296098618342230e-02 1.306559036846465134e-02 1.323979211874595253e-02 1.338673810726605587e-02 1.435372563368386006e-02 1.397710399410186100e-02 1.393524436497026175e-02 1.352775884913981139e-02 1.398381278113783668e-02 1.435442806697364779e-02 1.352691673434573000e-02 1.339136159322687307e-02 1.374102719638575602e-02 1.392946773643964457e-02 1.358337427788878365e-02 1.336409049112151880e-02 1.359200743125649202e-02 1.440793373575322348e-02 1.375359135136556589e-02 1.313697267705556115e-02 1.387679514234981329e-02 1.463046081890592882e-02 1.384587104971873699e-02 1.444183732932386756e-02 1.359201655417533773e-02 1.404548047310358663e-02 1.340991034116201935e-02 1.460097712599915491e-02 1.404561852658887076e-02 1.347873835342417934e-02 1.318132428971335868e-02 1.299732032135612024e-02 1.406753199862386533e-02 1.418099068134672999e-02 1.285253025300314017e-02 1.179655629212568273e-02 1.437768354766984051e-02 1.236332709730330638e-02 1.426388599360861251e-02 1.352549101829364497e-02 1.350973293489883195e-02 1.374441761428290762e-02 1.462285278610247867e-02
1.401929004734737104e-02 1.362973258619527492e-02 1.307809283317201872e-02 0.000000000000000000e+00 1.208858753498804478e-02 1.468189988412993245e-02 1.373792160943343096e-02 1.249024092284458168e-02 1.321168742853646473e-02 1.380888550085532414e-02 1.421466538428965351e-02 1.310717338918412737e-02 1.389435238911269042e-02 1.301721371439696316e-02 1.334250461639266416e-02 1.363992392201124164e-02 1.345275736302574410e-02 1.424960507878079465e-02 1.330085928178510908e-02 1.325283488027253695e-02 1.424431319016979114e-02 1.371045596454336345e-02 1.296257162048208671e-02 1.499108159411988508e-02 1.348136237444453288e-02 1.324677906549834652e-02 1.374903113093508059e-02 1.391281701937231025e-02 1.425964966857188286e-02 1.289158553443915146e-02 1.194448621005440858e-02 1.320280319452853471e-02 1.346476435298689378e-02 1.213200804421228109e-02 1.302690364916366146e-02 1.359096739075050554e-02 1.359960031871895215e-02 1.288262876188353903e-02 1.270874601971250240e-02 1.468136371867108901e-02 1.314001830961570444e-02 1.320764309294225787e-02 1.387678805306023604e-02 1.354755548942692539e-02 1.408462675839372048e-02 1.377159022844666111e-02 1.380845661946968755e-02 1.471807692194362915e-02 1.419179980115584973e-02 1.439553241832058558e-02 1.321559615624685012e-02 1.376250390992375325e-02 1.314058441054780611e-02 1.345952359492318465e-02 1.408417775879067246e-02 1.401407717210928147e-02 1.316282529930148416e-02 1.225310657557782124e-02 1.310148004020929464e-02 1.294731820002398975e-02 1.322696170430319278e-02 1.365360671364357174e-02 1.442130525832238663e-02 1.397971280282275797e-02 1.455175046237308818e-02 1.350172166335348103e-02 1.321322119141618914e-02 1.526901118562750542e-02 1.466424127449117085e-02 1.433408091912188875e-02 1.470975209046818458e-02 1.439434114415488741e-02 1.230896841761696704e-02 1.336287219857922211e-02 1.537255327674995169e-02 1.369344706388635029e-02 1.358888144870770698e-02 1.349229526515569044e-02 1.361114719444510637e-02 1.495856071258984399e-02 1.379402444561162941e-02 1.429149428629007332e-02 1.466863574002367880e-02 1.399342618589876665e-02 1.304532952412602517e-02 1.333498389518488793e-02 1.373089178384956539e-02 1.198151125640621595e-02 1.312349499512077515e-02 1.436219799922744400e-02 1.411738901579430265e-02 1.397766222907572721e-02 1.320918771624235606e-02 1.404573341235956264e-02 1.419220740500191230e-02 1.333719546233089193e-02 1.313256207990494591e-02 1.307225278521530545e-02 1.352677540695826353e-02 1.353844728329493818e-02 1.361727592900395696e-02 1.356834721729217874e-02 1.404621586571971371e-02 1.342447661032324449e-02 1.207119574600424954e-02 1.244690118343380440e-02 1.467247458282675346e-02 1.391610622289874560e-02 1.423546988183243926e-02 1.366454233231713215e-02 1.369716579976348186e-02 1.298046304380276114e-02 1.458836826775813597e-02 1.409467962806897762e-02 1.295025207442290598e-02 1.326738277997669031e-02 1.342714862825103092e-02 1.292930610426191312e-02 1.385800576991127846e-02 1.374486815886300124e-02 1.296404142957536046e-02 1.424478710891422840e-02 1.386121678939665827e-02 1.396566422271005269e-02 1.342128268831282480e-02 1.336237353264644635e-02 1.243254900235521779e-02 1.433029367252745129e-02
1.271347725773918150e-02 1.246007489832276494e-02 1.329680285130665357e-02 1.208858753498804478e-02 0.000000000000000000e+00 1.476556176938588483e-02 1.388334169415005384e-02 1.348600603021703898e-02 1.303470129978999414e-02 1.397794318563870195e-02 1.427963657452791836e-02 1.304801279469865530e-02 1.407722520329306344e-02 1.325677358183149045e-02 1.213712300643302044e-02 1.328511548326522657e-02 1.360712852271830572e-02 1.374545311407666601e-02 1.358970942908322571e-02 1.341989562135982583e-02 1.428469944010014869e-02 1.372700489946462356e-02 1.195055537316782809e-02 1.499423931110000809e-02 1.341201502845835308e-02 1.366077922781940880e-02 1.380700668922168160e-02 1.410463446832373353e-02 1.521443529182048456e-02 1.330587253111383504e-02 1.291249824352072931e-02 1.370616360654472801e-02 1.243668947589922011e-02 1.331973448965253007e-02 1.338014416722907267e-02 1.370872099885445290e-02 1.381571162725162873e-02 1.185215038178704522e-02 1.384811777285307154e-02 1.474844740451718324e-02 1.315243763748373540e-02 1.342187912109217389e-02 1.299286779859994655e-02 1.370092824712488590e-02 1.430764836127743772e-02 1.388469173954167378e-02 1.371456660093600330e-02 1.505174280248827538e-02 1.512598337927921650e-02 1.453500022752174381e-02 1.359449147971563722e-02 1.424481266886367704e-02 1.322483951275264802e-02 1.360813345121744504e-02 1.419593492920574566e-02 1.405044460757410955e-02 1.334207607989795416e-02 1.334799257289350644e-02 1.206598087708954034e-02 1.175484814133862140e-02 1.332847349968359525e-02 1.321597252104876954e-02 1.447672258531058735e-02 1.404849503006534717e-02 1.463408521235125444e-02 1.352560978947561603e-02 1.283592611569896701e-02 1.434495971730208666e-02 1.475644558645250286e-02 1.427952764739263102e-02 1.479515166821485962e-02 1.426183969012920910e-02 1.332991685199828510e-02 1.340549750011991482e-02 1.544398351521367521e-02 1.397919656755683415e-02 1.413407065504295075e-02 1.351563399482842188e-02 1.378408907320611068e-02 1.506625455588053719e-02 1.426344070241806691e-02 1.444135278005941742e-02 1.488234808916134681e-02 1.394681586105656242e-02 1.267644091502692465e-02 1.355372471913186133e-02 1.411110103287803105e-02 1.331268001096994578e-02 1.178092976383375047e-02 1.441461391893715874e-02 1.419263463308915833e-02 1.380518567121214943e-02 1.326608403070235476e-02 1.419365917514966470e-02 1.420057225673047700e-02 1.358238772872602355e-02 1.321764784858854222e-02 1.348721329559925131e-02 1.388613520150999356e-02 1.350325186917900912e-02 1.386342064149496782e-02 1.340516078135541890e-02 1.419831056991910888e-02 1.376923202184316200e-02 1.339857580421766753e-02 1.369867397670233508e-02 1.464670299751835540e-02 1.414473095535957216e-02 1.431940912593777232e-02 1.231029041912056789e-02 1.411459292740386423e-02 1.337609772056826997e-02 1.468694712493089603e-02 1.389735425637403203e-02 1.301275934289445983e-02 1.360924446556168940e-02 1.316305357675053543e-02 1.397860919573784381e-02 1.398717778530076360e-02 1.391043181980693849e-02 1.317359375597652871e-02 1.430449065559127354e-02 1.400301941330526177e-02 1.425035574090667730e-02 1.353527346283372144e-02 1.324319332846538542e-02 1.356967135432096336e-02 1.438221963505477603e-02
1.587493275363769524e-02 1.340876499499070625e-02 1.465327809422520972e-02 1.468189988412993245e-02 1.476556176938588483e-02 0.000000000000000000e+00 1.313735167010827293e-02 1.492893177901202621e-02 1.445169998749891958e-02 1.565951608354474583e-02 1.234801643776995729e-02 1.484859112222339413e-02 1.279867303335688843e-02 1.337441706345562746e-02 1.372260528388757200e-02 1.332991878738134378e-02 1.384097762911331263e-02 1.229434463683934387e-02 1.391419613979712200e-02 1.469812162356781346e-02 1.265923692946936338e-02 1.534560018834116302e-02 1.418694380012768506e-02 1.215735538516448180e-02 1.395089672745222602e-02 1.279015345067719203e-02 1.298889934588566553e-02 1.251804127728863708e-02 1.760287489286179938e-02 1.443885075584262073e-02 1.420898835322170067e-02 1.525945180020427290e-02 1.329199171992775583e-02 1.396798071568644897e-02 1.477981566199622170e-02 1.336489378315448666e-02 1.388181219343209531e-02 1.419192449513606048e-02 1.322024814954283339e-02 1.192682224867248203e-02 1.443686894694649718e-02 1.463336182275061341e-02 1.256436203721323155e-02 1.300031222839519510e-02 1.260692408451890949e-02 1.278777062196691759e-02 1.295174314733302245e-02 1.685371596854163059e-02 1.745795674386260016e-02 1.212927732601513583e-02 1.545394327521491286e-02 1.279362289565555422e-02 1.412956852081687087e-02 1.416156315624102560e-02 1.260113306564594055e-02 1.319679024699737906e-02 1.377963872577717477e-02 1.409856263886674795e-02 1.377151977145365733e-02 1.412222068165605408e-02 1.452132926589328951e-02 1.326569593122916071e-02 1.212530882191930129e-02 1.245370234741746511e-02 1.207787432960528290e-02 1.400954677410930910e-02 1.442517163995762040e-02 1.805770751766935453e-02 1.197367366447475365e-02 1.231738050815388980e-02 1.214376302503910286e-02 1.234807521920081551e-02 1.369894723292030582e-02 1.380408886345394978e-02 1.764150787119737190e-02 1.291890080158818524e-02 1.610205495951356341e-02 1.327988366654543444e-02 1.406440292264511671e-02 1.212174396173348184e-02 1.575907046837018294e-02 1.242927393373382920e-02 1.681529336297098859e-02 1.267136353366294169e-02 1.432997854157413813e-02 1.366165114495476555e-02 1.297986006869097757e-02 1.389425857105125624e-02 1.415932029826258085e-02 1.199727474757815611e-02 1.258976943982020001e-02 1.283270516929937988e-02 1.322599605058377183e-02 1.236248743230970379e-02 1.279741693259260800e-02 1.367687112920712607e-02 1.488717713500498953e-02 1.378039644311784481e-02 1.339708191827622234e-02 1.363712562782726755e-02 1.352678571149024470e-02 1.349828940846067166e-02 1.267948259993608752e-02 1.321635362740855753e-02 1.467952957825171233e-02 1.289917406293756078e-02 1.191681196321314924e-02 1.252874656677928182e-02 1.235094517987092230e-02 1.327230760342268563e-02 1.313284180995234751e-02 1.428830886947554842e-02 1.102819151804049734e-02 1.245549165887159873e-02 1.465844809347234545e-02 1.522754840099083129e-02 1.349596469207238122e-02 1.268509964304477544e-02 1.267715010235677918e-02 1.300543437915233080e-02 1.468241631388684208e-02 1.222441774370193988e-02 1.287668043415553416e-02 1.271447831805595959e-02 1.348492505883146231e-02 1.430128847707958471e-02 1.328132577058427528e-02 1.219503549664365492e-02
1.450567227191801832e-02 1.347516310647249582e-02 1.235403181746885792e-02 1.373792160943343096e-02 1.388334169415005384e-02 1.313735167010827293e-02 0.000000000000000000e+00 1.365986618219647286e-02 1.330304709162611482e-02 1.410467676242340915e-02 1.402495593825320817e-02 1.353738090405524029e-02 1.344392235370571106e-02 1.344905082200769687e-02 1.315098310655313935e-02 1.323373288416588266e-02 1.285443054317348885e-02 1.391404723023392277e-02 1.296096277320583044e-02 1.222463944963518047e-02 1.241229886463778714e-02 1.402323830577555108e-02 1.340129281473259604e-02 1.456560286752024355e-02 1.341532206982961294e-02 1.321193952679026312e-02 1.241474385635454696e-02 1.352924867658561632e-02 1.615286392043147057e-02 1.327364082339008503e-02 1.320758251007022287e-02 1.412578717453992494e-02 1.368717752861809897e-02 1.304210794890353284e-02 1.250913636431044522e-02 1.346456192701571755e-02 1.377856040703285059e-02 1.352737092382400551e-02 1.342977936826443217e-02 1.411648009912704407e-02 1.337195899015084823e-02 1.338888916829885159e-02 1.396450998883435463e-02 1.347403454312243003e-02 1.369866284822131297e-02 1.361694850319463898e-02 1.332354707646736872e-02 1.525532173557925773e-02 1.558198416422581362e-02 1.413790168457289970e-02 1.417430590306164445e-02 1.367745627380361102e-02 1.321550119292479349e-02 1.304080339552387939e-02 1.404139429569272249e-02 1.195269118193185119e-02 1.322505243526734750e-02 1.345888079327595480e-02 1.327322387402340639e-02 1.339454223299353479e-02 1.325182356272062295e-02 1.327751474823676663e-02 1.379389363728605877e-02 1.372133952207878205e-02 1.402196636567518660e-02 1.177783712971155680e-02 1.338976181764477656e-02 1.639892018952188862e-02 1.420357742257753741e-02 1.373720390047027812e-02 1.425995086802519379e-02 1.406752037704759803e-02 1.339566089548082685e-02 1.348961014866904319e-02 1.588428440751674803e-02 1.357261105224964737e-02 1.469060603248631587e-02 1.298833312789998175e-02 1.147299642191212422e-02 1.461558748868878321e-02 1.462704563171903470e-02 1.369683821257527620e-02 1.500473180683276238e-02 1.373942420526979950e-02 1.336862294423770553e-02 1.203018642456213372e-02 1.353652696396962646e-02 1.343139207729367873e-02 1.332922269015003949e-02 1.403271218983800396e-02 1.357275968310416372e-02 1.354020296364902634e-02 1.333161384779340403e-02 1.248531895115598776e-02 1.368429727926976161e-02 1.200440548047154200e-02 1.352625404153968112e-02 1.347543742248933675e-02 1.369465109083119018e-02 1.312673317928583425e-02 1.333743598985218277e-02 1.338874590064407545e-02 1.372863635170187661e-02 1.336566975528894613e-02 1.385024830808969862e-02 1.366579101633573316e-02 1.325682610765004099e-02 1.353384672599269867e-02 1.388669420045251721e-02 1.338325378127455320e-02 1.359945448112766762e-02 1.325934342602758109e-02 1.404264291184802518e-02 1.374427323069160253e-02 1.342916043258148874e-02 1.385711371172911738e-02 1.315697873714123493e-02 1.366739320878575248e-02 1.363664523660187283e-02 1.343537736352601666e-02 1.347474745621004937e-02 1.371630736793344463e-02 1.222208689725128548e-02 1.362775644020908228e-02 1.295269971719092798e-02 1.325716159329800962e-02 1.341292523013041388e-02 1.395221759931989172e-02
1.422609089280196977e-02 1.384433300330554194e-02 1.322385207456062105e-02 1.249024092284458168e-02 1.348600603021703898e-02 1.492893177901202621e-02 1.365986618219647286e-02 0.000000000000000000e+00 1.314746492240359207e-02 1.396330624319110786e-02 1.472636751044432979e-02 1.324484489497754214e-02 1.414843751949331624e-02 1.345995912628788344e-02 1.364314844221458864e-02 1.374733899716000692e-02 1.338544322043930430e-02 1.456413573360181533e-02 1.342428601301834216e-02 1.325970467456468599e-02 1.444500061579395526e-02 1.362180713880328450e-02 1.350128682338693972e-02 1.513604075940447151e-02 1.345551392038008172e-02 1.358741034921314567e-02 1.398581235608688245e-02 1.411338714727733423e-02 1.396216168972694294e-02 1.193202214856796915e-02 1.307518294434821364e-02 1.351329078122735262e-02 1.385540050125419302e-02 1.209900652767522712e-02 1.197941192392498917e-02 1.366010866408005203e-02 1.368588107692468060e-02 1.331273386645434598e-02 1.382521827991405917e-02 1.491897686136912232e-02 1.307911487075508368e-02 1.303262215331129487e-02 1.430073489397555922e-02 1.396214216237107696e-02 1.429730596275325880e-02 1.424287404711453361e-02 1.386042216190499013e-02 1.462640900883216064e-02 1.403398300627784444e-02 1.449429896089435114e-02 1.307588367815869755e-02 1.438431717900252871e-02 1.312919616660613437e-02 1.339500781015211944e-02 1.428048427063661682e-02 1.377601612979905028e-02 1.338891470729486853e-02 1.231496326794871872e-02 1.306467108920874795e-02 1.357812711524814323e-02 1.345817732170655028e-02 1.397070047652866458e-02 1.432226885269841966e-02 1.424699357229479608e-02 1.464169559877704155e-02 1.328002260377251359e-02 1.352877428152374564e-02 1.531226601857592698e-02 1.490963577994307808e-02 1.456466929067349800e-02 1.490878719527319318e-02 1.470365486808729132e-02 1.267160970685149435e-02 1.393255109660963657e-02 1.521684311528384397e-02 1.387721863115260086e-02 1.362226587080194590e-02 1.367562089644912444e-02 1.359289024315820521e-02 1.519429693204005574e-02 1.398079464056762450e-02 1.448842551212936765e-02 1.306975258920807167e-02 1.431023816226976303e-02 1.305783702914036469e-02 1.344553734341400603e-02 1.435151626550782572e-02 1.360342320366979448e-02 1.354927016062479860e-02 1.457385051429173697e-02 1.428091123145890443e-02 1.419412989728715407e-02 1.368645020987916024e-02 1.426666028637977104e-02 1.308869647460603539e-02 1.317887010118095302e-02 1.263437053148090683e-02 1.380566109866540429e-02 1.415085127060203112e-02 1.380536424539362782e-02 1.377680011247200270e-02 1.386198275334390301e-02 1.285794164827160253e-02 1.349803976942203117e-02 1.368221418796241630e-02 1.276712617277793449e-02 1.500446049562803065e-02 1.433400026337374247e-02 1.433804033826839575e-02 1.398858895566726900e-02 1.426912149889240054e-02 1.266739154108167953e-02 1.483175259793198010e-02 1.435376889387796756e-02 1.292536894694835611e-02 1.209828013382808695e-02 1.365663602402965651e-02 1.417015062789065728e-02 1.429447892438743747e-02 1.404097093472193337e-02 1.278439430374007924e-02 1.450927292584552192e-02 1.405501099376963749e-02 1.307313990282965750e-02 1.348359138224913129e-02 1.336319996174566149e-02 1.387503443056242909e-02 1.458730764571745074e-02
1.239997640582684094e-02 1.205854118339659553e-02 1.265651052641494044e-02 1.321168742853646473e-02 1.303470129978999414e-02 1.445169998749891958e-02 1.330304709162611482e-02 1.314746492240359207e-02 0.000000000000000000e+00 1.359888389152226311e-02 1.427320845284973938e-02 1.320905199723126054e-02 1.377826049286896663e-02 1.326280848793514808e-02 1.292333644872228730e-02 1.322946547216040554e-02 1.309729209823217409e-02 1.366793480824167462e-02 1.323682325591236247e-02 1.207367675623360025e-02 1.398882910069615057e-02 1.341874660783334838e-02 1.306475938522182884e-02 1.492805960014923286e-02 1.344755608894901422e-02 1.340634259334761748e-02 1.382717713520698229e-02 1.387160797177354986e-02 1.548543080011073603e-02 1.284164822833578669e-02 1.296088967739655179e-02 1.220974264059638235e-02 1.382538567343377829e-02 1.325941975768532739e-02 1.220949125751847469e-02 1.367027654374982151e-02 1.240841701072877348e-02 1.324037161352551936e-02 1.374982010425905218e-02 1.463916017843955829e-02 1.310383689899335784e-02 1.270520250807611988e-02 1.419825682051491927e-02 1.336692463185237996e-02 1.412503271114197607e-02 1.394931176590587414e-02 1.365002853976295810e-02 1.479410190715126430e-02 1.490212347299536833e-02 1.429142800995633796e-02 1.355608321841161173e-02 1.408387733326650973e-02 1.200423400164069183e-02 1.326780850230959048e-02 1.432719923217658925e-02 1.370906067447306802e-02 1.278872900540647430e-02 1.331785687997908904e-02 1.341050567054787035e-02 1.308787830423330592e-02 1.290611059953465992e-02 1.319745378406811907e-02 1.419080532328621455e-02 1.408513091266352761e-02 1.435995071429330486e-02 1.321396670735030046e-02 1.284424680742379983e-02 1.562097038898432530e-02 1.463632157080702392e-02 1.424516183501814588e-02 1.473755177581345839e-02 1.410965715981313262e-02 1.361624473498655209e-02 1.333606716741875253e-02 1.401746888632351279e-02 1.378141217463620637e-02 1.432230243002519283e-02 1.293118856071587275e-02 1.333892774616497745e-02 1.500030972669761688e-02 1.379850493903501084e-02 1.406384817892250387e-02 1.470113491931344420e-02 1.368820365774209985e-02 1.159239597377054003e-02 1.306778750861150272e-02 1.403346228854824608e-02 1.339856656327636543e-02 1.332621469713288036e-02 1.306805590743631215e-02 1.402664417439792102e-02 1.394992727777253153e-02 1.332876564252475499e-02 1.380887216615671147e-02 1.418957000703129599e-02 1.341099591823811769e-02 1.318354244922074169e-02 1.364645642054941772e-02 1.389920253320537855e-02 1.336543718769033981e-02 1.349139509444098779e-02 1.326238804517322102e-02 1.418673003695773878e-02 1.354360071156096405e-02 1.311640751052811464e-02 1.377158931292411098e-02 1.468176531340537397e-02 1.379058909010538563e-02 1.432064662839745151e-02 1.351882133057151318e-02 1.406157323162050311e-02 1.305740321863130098e-02 1.432011429770407157e-02 1.395495832322467961e-02 1.331329330307766401e-02 1.200762680889303456e-02 1.316167891983357693e-02 1.380515155395094229e-02 1.296157344744489938e-02 1.392624709556184066e-02 1.272360159500473577e-02 1.415919270192261305e-02 1.377049085431786800e-02 1.392207246006237423e-02 1.358657053023035015e-02 1.336675399582403813e-02 1.367911522791874848e-02 1.444169583167047993e-02
1.309510390638126721e-02 1.464085541879305355e-02 1.233282292563023935e-02 1.380888550085532414e-02 1.397794318563870195e-02 1.565951608354474583e-02 1.410467676242340915e-02 1.396330624319110786e-02 1.359888389152226311e-02 0.000000000000000000e+00 1.393788074910778246e-02 1.348531215939211513e-02 1.464126177085574472e-02 1.417666951841665447e-02 1.444283717022470763e-02 1.456535487802243858e-02 1.421225794869607380e-02 1.513383635994027844e-02 1.406759197650458981e-02 1.234168915402779863e-02 1.492466534526969667e-02 1.152276947988944630e-02 1.387773674956379287e-02 1.579979653950821031e-02 1.441220090460433763e-02 1.444630288205990716e-02 1.462920165416162037e-02 1.457795143962813122e-02 1.502366314913229986e-02 1.351559821134315671e-02 1.397992894852047828e-02 1.294187407668064699e-02 1.465710777361785289e-02 1.432744303615425888e-02 1.389705422819601660e-02 1.464302955724639671e-02 1.394553409214531123e-02 1.410939851490850862e-02 1.479890558301840374e-02 1.547594922227730520e-02 1.240927094155764784e-02 1.400940212929986141e-02 1.512849135170300265e-02 1.429986349490586402e-02 1.512463779671997625e-02 1.450733574556637394e-02 1.452298811529804425e-02 1.273840209594325444e-02 1.423950011234140223e-02 1.552801451640637397e-02 1.340152885345767368e-02 1.516973768644251999e-02 1.289353425882212509e-02 1.392578686895276988e-02 1.526233683163263390e-02 1.463897545107272977e-02 1.405043582119936893e-02 1.422595100573759673e-02 1.421044958420321185e-02 1.381987057861281884e-02 1.212848197884311939e-02 1.317531786170316951e-02 1.536528990026940662e-02 1.483516311599380848e-02 1.446412750342535025e-02 1.422991646289996533e-02 1.395620288776546619e-02 1.421900855350258057e-02 1.565771029323499014e-02 1.539407063561535997e-02 1.572491411236423553e-02 1.487038296512446962e-02 1.454207246415036882e-02 1.362375801071752379e-02 1.508940397077930366e-02 1.447667765913137478e-02 1.390895856295988435e-02 1.447441548554881385e-02 1.413407266186112940e-02 1.607321281142252978e-02 1.169979126443319861e-02 1.523086771198309611e-02 1.451873379022279933e-02 1.373826847363187817e-02 1.375941145572473837e-02 1.404297540062231231e-02 1.482975597432285852e-02 1.427102092288173515e-02 1.407928380259461203e-02 1.542293321531700706e-02 1.472322298409406947e-02 1.499007423233517100e-02 1.423415202255298023e-02 1.517579689250202896e-02 1.509636182880472362e-02 1.437129601716500074e-02 1.367727493167082524e-02 1.450427622661506523e-02 1.451483074456561863e-02 1.353207946367750852e-02 1.431437903705078465e-02 1.407210708940324385e-02 1.523636950473943041e-02 1.465040856957858066e-02 1.241461830224577928e-02 1.485898647711163777e-02 1.576454837787601843e-02 1.482210265640676768e-02 1.531194701319487164e-02 1.466710042954037264e-02 1.474344825090179861e-02 1.403602638755409825e-02 1.553473540507329526e-02 1.470744536296750976e-02 1.410266716560337752e-02 1.362627264915523134e-02 1.428620626504991352e-02 1.504979627021763196e-02 1.491290419261341073e-02 1.482271922877782463e-02 1.373649778132163268e-02 1.535622410502001517e-02 1.349314384356524107e-02 1.515678377558403803e-02 1.444515443480889894e-02 1.415939625408014005e-02 1.439435191592728161e-02 1.543291440783500258e-02
1.537429698741696674e-02 1.324002601378659015e-02 1.431345948351358394e-02 1.421466538428965351e-02 1.427963657452791836e-02 1.234801643776995729e-02 1.402495593825320817e-02 1.472636751044432979e-02 1.427320845284973938e-02 1.393788074910778246e-02 0.000000000000000000e+00 1.431762654157973415e-02 1.258060229565204600e-02 1.422314847024100902e-02 1.348190900722621641e-02 1.313176952647058908e-02 1.377136483139342407e-02 1.225490307916486145e-02 1.375385562303123310e-02 1.435421349299161042e-02 1.273497433947766259e-02 1.461968698833032883e-02 1.275323378891326728e-02 1.236954699530692231e-02 1.397295245103161339e-02 1.353603969116302062e-02 1.276019087715323137e-02 1.230387824187988664e-02 1.736051902859868032e-02 1.417131618545948261e-02 1.387649066985352682e-02 1.484958604294221197e-02 1.302475537254116703e-02 1.386478060893861670e-02 1.462485520560231206e-02 1.317294814356295696e-02 1.456067285704367928e-02 1.392852656901550322e-02 1.302889804731369866e-02 1.227964725723908017e-02 1.379631924587337681e-02 1.440162211045496743e-02 1.240688211485610482e-02 1.296789946682741501e-02 1.233610747624924384e-02 1.218323943897546557e-02 1.272215039107290127e-02 1.602640998673096270e-02 1.695343931841191559e-02 1.235016148892422241e-02 1.525755714391473748e-02 1.271815758008989182e-02 1.361331927301530700e-02 1.399796582607539669e-02 1.251329717862140374e-02 1.323760699435561072e-02 1.359327924591323053e-02 1.379678286259426040e-02 1.347174851003241601e-02 1.388868355042251722e-02 1.390882056877533295e-02 1.277226034774365040e-02 1.231015415997608123e-02 1.243881000280722300e-02 1.217743713282760064e-02 1.392569700622451646e-02 1.415860279337093595e-02 1.741682597671686053e-02 1.221911246403653908e-02 1.234837452781726609e-02 1.242127804664528400e-02 1.206386552265003784e-02 1.345040995564487744e-02 1.223185528559411761e-02 1.735541473356424017e-02 1.275563859347066988e-02 1.575525677744184228e-02 1.325153152498208774e-02 1.397208786194115669e-02 1.262943800657019729e-02 1.501951304274666901e-02 1.253582972048005242e-02 1.656820633559552558e-02 1.226071765209213980e-02 1.405097664799581127e-02 1.362861587254975138e-02 1.256613559807106054e-02 1.345071211912427823e-02 1.362335502468218704e-02 1.226939565062154687e-02 1.252828024948756877e-02 1.283509290486651612e-02 1.290092195549640344e-02 1.246998626542203913e-02 1.266113731798026304e-02 1.355075311441434824e-02 1.460433152497330953e-02 1.351173657304126190e-02 1.276114914364344204e-02 1.225119734056224173e-02 1.330105761881125725e-02 1.317607894331726710e-02 1.261901771916979637e-02 1.315787687653017200e-02 1.291660678190579940e-02 1.280131695829880498e-02 1.245749913607560946e-02 1.236651643943520278e-02 1.205231448591988740e-02 1.302369091944602028e-02 1.186839484346765596e-02 1.408904731331174498e-02 1.223952836280729935e-02 1.224205319221004576e-02 1.417114571770069359e-02 1.494631118852085029e-02 1.327127186784414666e-02 1.241147564626603195e-02 1.237465375992076108e-02 1.286689564920305215e-02 1.447425068871055487e-02 1.233341957619121798e-02 1.266296936932446819e-02 1.278036612698391083e-02 1.338841902702314970e-02 1.431532417338963158e-02 1.297548157524341418e-02 1.221304965013255209e-02
1.349149274807143715e-02 1.368982166938435482e-02 1.327905701256505699e-02 1.310717338918412737e-02 1.304801279469865530e-02 1.484859112222339413e-02 1.353738090405524029e-02 1.324484489497754214e-02 1.320905199723126054e-02 1.348531215939211513e-02 1.431762654157973415e-02 0.000000000000000000e+00 1.423471955305935337e-02 1.325285049065348664e-02 1.233807020044508547e-02 1.378257585529789331e-02 1.360786007587814171e-02 1.427854243025722218e-02 1.357854523887599626e-02 1.338428416113561677e-02 1.314867363048218690e-02 1.338858616625604805e-02 1.346539590911509029e-02 1.506269686326986226e-02 1.357358162972387497e-02 1.380091973602141919e-02 1.350303998709177257e-02 1.396973722004328511e-02 1.406404922460221911e-02 1.307853172871428944e-02 1.333616948385854019e-02 1.347846301851509006e-02 1.412278054033331079e-02 1.339695671110131651e-02 1.319267163880015296e-02 1.370383507187456287e-02 1.311622687310287985e-02 1.323606251488484639e-02 1.391424199757365122e-02 1.461285478884415817e-02 1.321848122221393022e-02 1.209913704187444601e-02 1.437296030762080096e-02 1.372919533834379181e-02 1.420335780094992076e-02 1.403347285682678483e-02 1.401628524839599287e-02 1.318694594021179931e-02 1.497279429165153733e-02 1.468008447793296353e-02 1.359600281239272367e-02 1.438318801856343365e-02 1.336755780527533813e-02 1.345140227216107438e-02 1.469711331202219057e-02 1.409906759482522885e-02 1.181918406255849652e-02 1.378043688277069863e-02 1.329799500509046273e-02 1.216469272565109082e-02 1.299255884060201982e-02 1.357094646800410809e-02 1.445119193657360551e-02 1.411575529775353603e-02 1.475207537792767865e-02 1.221993421123605816e-02 1.220195301860838716e-02 1.516584224168491743e-02 1.481016563512881599e-02 1.455130505727170523e-02 1.496373043517343349e-02 1.437654640035069750e-02 1.401030957483538793e-02 1.366149885422115670e-02 1.507908446871972230e-02 1.416875757155012551e-02 1.366261935698174536e-02 1.341158113583582924e-02 1.330335475457313996e-02 1.530475829224997933e-02 1.333782427904785239e-02 1.433617209317824583e-02 1.464757408971643741e-02 1.429683109051444606e-02 1.306479995108990842e-02 1.329543117103458745e-02 1.404528686625648205e-02 1.342236172649758849e-02 1.350338280201907742e-02 1.455956284777599856e-02 1.420169195460762972e-02 1.400073282811675583e-02 1.353143745116261974e-02 1.436931627127063446e-02 1.445510423717475193e-02 1.342374217058369887e-02 1.188817619191663739e-02 1.364346420399321566e-02 1.381737684177363791e-02 1.221912463594095402e-02 1.383331579059549586e-02 1.347589057729679102e-02 1.431194116518608866e-02 1.361860190626391041e-02 1.216595116488224972e-02 1.413122131463642912e-02 1.502332056371813267e-02 1.420614708119263478e-02 1.460728928489446812e-02 1.277732189270803891e-02 1.405135338354760073e-02 1.312978559427542373e-02 1.465071825923306217e-02 1.432472562238110494e-02 1.345679179582663122e-02 1.271156430771777472e-02 1.356020125765367706e-02 1.422699158332431553e-02 1.420592711604886337e-02 1.433196044901882162e-02 1.310388888992596555e-02 1.425805110688972699e-02 1.412806888082869701e-02 1.413546816150722252e-02 1.353029301748033715e-02 1.311642628705381522e-02 1.397993074481047697e-02 1.438437718706619094e-02
