0.000000000000000000e+00 8.800763842480364627e-03 8.301274927443787546e-03 8.523763163641819018e-03 8.838400885247607586e-03 7.960207216772713021e-03 8.682116180674364497e-03 8.673123762020878286e-03 8.328407886190722711e-03 9.074477426109308492e-03 8.746550672307160101e-03 8.331888856811971167e-03 8.259645667453680354e-03 8.347439856656103593e-03 8.158483416324479459e-03 8.524418867540912992e-03 8.554696880531518013e-03 8.690945752179065828e-03 8.674011463817797238e-03 8.564634615621293315e-03 8.773144194200646964e-03 8.137052807756435177e-03 7.840780139477027469e-03 9.086076007384903674e-03 9.634738469428116500e-03 8.140772687797328752e-03 8.283578515564622019e-03 8.804260027163179209e-03 8.681862146725650986e-03 8.505969530734149714e-03 8.682797448336013191e-03 9.152985412040650498e-03 9.711800616885262957e-03 9.349509764451053445e-03 9.777434859384167773e-03 1.004110683529197898e-02 9.818885004383737583e-03 9.999619710333369771e-03 9.567995362151270056e-03 9.525096777102733114e-03 9.846907579111222747e-03 9.915689823446344198e-03 9.209193061185609597e-03 9.311005521622324130e-03 9.593864617758872393e-03 9.703280807136709790e-03 9.750190803141368240e-03 9.772242188790809803e-03 9.511640111403570422e-03 9.516914312091560510e-03 9.226190583346487867e-03 9.480303034164630147e-03 9.303294591369784886e-03 1.105636890728864397e-02 9.322562871272083510e-03 9.691395772078234896e-03 1.057627404962894341e-02 9.443028633885821449e-03 9.614456127559027968e-03 1.001864351631483879e-02 9.537176633696381467e-03 9.215638940100306584e-03 9.707256399831495214e-03 9.287999034678955795e-03 9.350684590354187142e-03 9.572622508400773986e-03 9.580474836300414618e-03 9.982740243452635151e-03 1.040411656765147415e-02 9.649475142489871704e-03 9.074274467591750271e-03 9.751961249238246324e-03 9.499917964207351198e-03 9.418542780552357357e-03 9.359166278709264361e-03 1.060538844661988202e-02 9.575692474928268819e-03 1.000626335374053648e-02 9.644872012134129285e-03 9.716996160960658310e-03 9.903747611768957612e-03 9.872914655118584376e-03 9.593387750167148981e-03 9.869701696232399679e-03 9.325124354585632297e-03 9.634581131400829154e-03 9.670772243169202878e-03 9.712463600532248234e-03 1.006292730017392147e-02 9.516116107636342358e-03 9.898119268588835562e-03 9.478299600519058885e-03 9.502815306692204145e-03 1.002881581042293878e-02 9.402982866369683293e-03 9.903094284274837483e-03 9.703169825296805925e-03 9.488336630189919338e-03 9.867666869039658575e-03 1.031916128220107705e-02 9.869731699682346426e-03 9.823241002908860570e-03 9.388010167453891483e-03 9.734765355136960896e-03 1.048576416667120620e-02 9.974187114494657488e-03 9.962345163515415672e-03 1.039694721185477691e-02 9.396961158736219163e-03 9.582888581397771416e-03 9.324888107833138179e-03 1.022090095776469545e-02 9.701272677935605590e-03 9.495559496788374965e-03 9.821396219827959254e-03 1.014707640945019043e-02 1.022517342721827177e-02 9.682963422192016750e-03 1.029597572146707073e-02 1.006582266644716166e-02 1.030231084981662014e-02 1.004610597951096154e-02 9.398276871651354072e-03 9.693310230476644834e-03 9.418112535575999533e-03 9.259756671677533968e-03 9.898566071249531584e-03 9.496893908687584554e-03
8.800763842480364627e-03 0.000000000000000000e+00 8.038560456172955462e-03 8.534469368114170479e-03 8.567082521804318673e-03 7.708270595593250639e-03 8.440594581272468575e-03 8.415656835702911912e-03 8.057252121897191116e-03 8.567901642534181406e-03 8.230051986627875266e-03 8.065439675720516635e-03 8.023593751639301885e-03 8.067949130136982394e-03 7.883362017790558618e-03 8.536901192516552564e-03 8.333148981449435902e-03 8.414114135450076817e-03 8.687105124520071858e-03 8.040358394031181868e-03 8.276448544987803635e-03 7.871714266729440759e-03 7.773981245692097863e-03 8.805531979922481822e-03 9.136448508258857015e-03 7.873244735808537093e-03 8.027885720748332773e-03 8.275305224504604304e-03 8.425747371625548834e-03 8.254509790834661798e-03 8.437730261751054048e-03 8.904479003875120577e-03 9.503689581213382170e-03 9.132226168731235813e-03 9.561235003352978878e-03 9.841074028531465387e-03 9.613525492639846820e-03 9.798553110031952076e-03 9.366068260321571554e-03 9.312194410182180956e-03 9.643236979638574596e-03 9.712787993349856000e-03 8.994939704130934521e-03 9.092716365730293959e-03 9.383190452976513524e-03 9.495394219544617612e-03 9.543671389926750709e-03 9.573392379188947615e-03 9.298959802685019885e-03 9.304042381633632897e-03 9.006174876941094865e-03 9.267171098949675973e-03 9.084968075826274636e-03 1.087764437244947979e-02 9.104575904353000640e-03 9.483396221474810553e-03 1.038784791341120471e-02 9.228593227464280263e-03 9.404434621456974133e-03 9.818091576529798872e-03 9.324770588097303081e-03 8.994486254416457841e-03 9.499742854121898464e-03 9.078315702390440944e-03 9.130243147492111966e-03 9.357735634605846009e-03 9.366320368743593847e-03 9.779763714042327347e-03 1.020885233407813238e-02 9.436964506988783363e-03 8.836831325363442638e-03 9.541749655360464225e-03 9.283102070260434296e-03 9.199441160261294728e-03 9.145621279989189431e-03 1.041476485547136732e-02 9.369144756691301021e-03 9.802981980380646998e-03 9.432261667370371583e-03 9.507227140494300260e-03 9.697037687435100528e-03 9.656155513494106210e-03 9.379146738247440274e-03 9.662552414217514055e-03 9.103258939511039635e-03 9.421386607834366517e-03 9.458186489545125294e-03 9.501772586461390210e-03 9.860031265948547910e-03 9.299805082586152724e-03 9.691423160705448306e-03 9.260424695581276344e-03 9.276784619558364406e-03 9.825432918094836529e-03 9.183906135885256533e-03 9.697482210809710290e-03 9.491940456695316039e-03 9.272711692463310104e-03 9.660808414523132728e-03 1.012322655557585521e-02 9.664284354551260295e-03 9.615410130965571303e-03 9.178008871623578521e-03 9.524576571199060149e-03 1.029331079319879307e-02 9.770019897400542344e-03 9.757559220084713325e-03 1.020212939991241297e-02 9.169113175964286114e-03 9.368779268164548549e-03 9.104263058496316757e-03 1.002349404291007218e-02 9.491031725110274375e-03 9.279840800617392832e-03 9.613178954116544453e-03 9.947325926599288534e-03 1.002751729501634090e-02 9.472217281512542233e-03 1.009890102343314645e-02 9.863948911595641841e-03 1.010572803488777108e-02 9.844794126958369626e-03 9.171161074111785008e-03 9.482188069774435263e-03 9.200486680319535857e-03 9.037123882876273162e-03 9.693154416889586053e-03 9.280569773786396734e-03
8.301274927443787546e-03 8.038560456172955462e-03 0.000000000000000000e+00 8.283759639036780004e-03 8.309014443908191438e-03 7.422015822977614564e-03 8.209789889882617570e-03 8.173089483321823237e-03 7.798291331866221733e-03 8.319737975898395740e-03 8.226226966412389027e-03 7.804479241051472636e-03 7.986968357399372789e-03 7.577388686968703282e-03 7.624648205075675554e-03 8.024163065883063717e-03 8.053346557389691115e-03 8.214895390913723103e-03 8.200299248182493089e-03 7.778593158559818366e-03 8.274618606998912149e-03 7.590503836426097835e-03 7.287605463552793324e-03 8.339013933294675204e-03 8.921701160265839425e-03 7.596816014779570955e-03 7.763860947996391489e-03 8.027887005687501729e-03 8.437881341804410670e-03 7.993099322122762529e-03 8.195678573691494995e-03 8.693299601072816338e-03 9.294285036589862437e-03 8.912404300723068482e-03 9.352953017674007011e-03 9.639704057410571764e-03 9.406804439634368353e-03 9.596372265795708942e-03 9.143703738760432589e-03 9.097286311401581171e-03 9.436563777522322810e-03 9.508234202223337858e-03 8.764507358355384803e-03 8.871512073720408051e-03 9.170018198525083791e-03 9.285430431028966758e-03 9.334504391135941756e-03 9.358442628244109315e-03 9.083733531642485329e-03 9.088549502751045242e-03 8.782110230147535668e-03 9.050670998407884388e-03 8.863342430744452008e-03 1.069729170980393725e-02 8.883711586859683110e-03 9.272902829150674736e-03 1.019844312935939620e-02 9.011645164591314955e-03 9.191814831907394942e-03 9.615975461925422088e-03 9.110668414636003201e-03 8.770707535676956768e-03 9.289448850419258080e-03 8.856588694157558131e-03 8.914150736705442335e-03 9.148639857724764554e-03 9.157449298397998816e-03 9.588660561807675620e-03 1.001932598902616212e-02 9.229173462087023397e-03 8.620734339441564822e-03 9.336593591833215050e-03 9.071295145561453568e-03 8.985408006361439437e-03 8.923538473885331973e-03 1.022918238295430875e-02 9.152274224331147581e-03 9.604419705649288458e-03 9.224343464430033793e-03 9.300654724320303601e-03 9.496561771711056754e-03 9.462830205732155470e-03 9.169913259399246896e-03 9.460725704988065879e-03 8.886783699929980823e-03 9.213252641999921874e-03 9.251968678489470507e-03 9.295319030235794575e-03 9.663216358595891342e-03 9.088461460312920528e-03 9.490256193730636433e-03 9.048931204810612555e-03 9.073754206610686740e-03 9.627467311236072300e-03 8.969411788462385710e-03 9.495921573054273354e-03 9.285891961352113477e-03 9.068526312983538756e-03 9.458689597359305409e-03 9.931362837618522288e-03 9.470898080551166595e-03 9.412257550213447982e-03 8.955168991528660721e-03 9.319092067290070391e-03 1.010442803909101551e-02 9.570676817777529904e-03 9.558399544578960461e-03 1.001207898563690087e-02 8.954244763791622055e-03 9.159002141211488104e-03 8.887857628206966357e-03 9.829306030065225810e-03 9.284378897427513627e-03 9.067737505725951760e-03 9.410523824275348129e-03 9.751618124929174736e-03 9.833845822559354743e-03 9.265577575235049365e-03 9.906871284018821736e-03 9.667031810295767524e-03 9.913846848636059458e-03 9.646945591134270526e-03 8.964285171804703065e-03 9.275916532472209056e-03 8.994174817250316645e-03 8.818801405084543410e-03 9.491641090214185394e-03 9.068722893751286068e-03
8.523763163641819018e-03 8.534469368114170479e-03 8.283759639036780004e-03 0.000000000000000000e+00 8.249076045021726949e-03 7.656965918069781607e-03 8.413103864946730459e-03 8.655035111187711974e-03 8.286344372666169800e-03 8.516594186412580411e-03 8.177747103246707158e-03 8.040523060365799973e-03 7.998505790264167845e-03 7.806963440960850396e-03 7.840518496004944896e-03 8.256276396041994231e-03 8.271229357694719064e-03 8.444738215132314985e-03 8.646900071162094345e-03 8.296580624953449681e-03 8.221506654693871985e-03 7.819733349361791819e-03 7.526768032323041466e-03 8.533238651899794844e-03 9.428597724944474609e-03 7.845662090295362975e-03 7.962822000306294529e-03 8.227911778447586852e-03 8.412943831298782399e-03 8.497941416029382994e-03 8.392155654674170878e-03 9.173782442652938726e-03 9.423551910622848457e-03 9.047986113282746948e-03 9.480033487345272333e-03 9.771690037310681864e-03 9.544207935445534266e-03 9.740626879894992429e-03 9.284976814950439070e-03 9.238427033912215494e-03 9.563186998499929869e-03 9.643040153186685851e-03 8.903198431171372232e-03 9.007746791855361299e-03 9.300645119849716702e-03 9.413390181022031344e-03 9.472129048619002192e-03 9.485756319049255467e-03 9.224939077273149393e-03 9.229698007553575542e-03 8.920057567845886964e-03 9.183964861231413632e-03 9.000076715499535571e-03 1.080809418375279669e-02 9.019388419257546793e-03 9.402122005597087634e-03 1.031500581993804837e-02 9.146513317966915163e-03 9.322883013491174015e-03 9.729813704104422686e-03 9.254228405579283459e-03 8.908510860733302034e-03 9.426777671033585368e-03 8.763384634049407526e-03 9.072606268523589201e-03 9.300355003631903539e-03 9.309789230107848312e-03 9.725335323984594244e-03 1.015855112382942245e-02 9.380746232565653070e-03 8.776981523019743506e-03 9.486796678574122704e-03 9.225783644701937222e-03 9.141639366377815254e-03 9.081636383240268215e-03 1.036465236278308506e-02 9.305849309709925826e-03 9.739153671918127433e-03 9.376184434468179396e-03 9.449063823065449730e-03 9.643303820850514935e-03 9.601907655448087969e-03 9.321553066905087157e-03 9.608009084163286403e-03 9.044063312421826012e-03 9.364128122661389067e-03 9.403017650463332128e-03 9.444876513764299819e-03 9.806955815145412120e-03 9.242083281985637860e-03 9.636509365293874710e-03 9.204065356167774950e-03 9.220397921777281208e-03 9.772144762958593842e-03 9.125355267228980188e-03 9.642343060598872542e-03 9.439831153880355596e-03 9.219560791372000824e-03 9.609878825765919702e-03 1.007506146390638353e-02 9.613682966036398575e-03 9.564047006772179171e-03 9.122712003777068770e-03 9.472728237753517966e-03 1.024612439139151350e-02 9.719448925444119231e-03 9.707072134915265341e-03 1.015522547071572371e-02 9.115150152890221999e-03 9.315843024041108381e-03 9.048081314934650760e-03 9.974531098508033350e-03 9.438167084834917647e-03 9.227551302455561100e-03 9.561846791798349690e-03 9.898104722169115757e-03 9.979677526055890854e-03 9.419446800903008565e-03 1.005060397802038513e-02 9.814026956461486401e-03 1.005746547952913149e-02 9.795135724901024576e-03 9.116725807022730763e-03 9.430024403667925867e-03 9.146909350035431138e-03 8.982206220250173526e-03 9.642423865280389667e-03 9.227093527980860868e-03
8.838400885247607586e-03 8.567082521804318673e-03 8.309014443908191438e-03 8.249076045021726949e-03 0.000000000000000000e+00 7.940414903188886334e-03 8.455496340961496729e-03 8.446883722835241831e-03 8.302837940970966488e-03 8.538762014920523238e-03 8.206694914079859168e-03 8.090161497184568049e-03 8.024307446560217244e-03 7.840641554505105651e-03 7.888815358510265288e-03 8.277130490411198360e-03 8.557405598913889536e-03 8.476867629924529982e-03 8.438747345209144171e-03 8.071570349402711758e-03 8.277790819103012995e-03 7.870124527685300880e-03 7.565857605825720804e-03 8.577425324754065286e-03 9.167854884403534368e-03 7.907673526105241449e-03 8.022201727851049902e-03 8.254280532736375103e-03 8.687496413429062966e-03 8.522070750877241974e-03 8.445267086540392265e-03 9.195626609761003989e-03 9.471605908067068716e-03 9.087430022566945348e-03 9.528901789611668796e-03 9.798573730289559386e-03 9.571785688027667147e-03 9.776603573262619695e-03 9.312579235350374254e-03 9.277188934572100712e-03 9.598615399153584762e-03 9.679860277126667301e-03 8.952149813123156871e-03 9.058216125416356998e-03 9.348382343294445521e-03 9.451481483124312549e-03 9.499156540284124650e-03 9.522341602759486559e-03 9.265137669030778372e-03 9.270189094958471501e-03 8.968590186075280427e-03 9.221264996061857844e-03 9.037999361639880921e-03 1.083971006214568510e-02 9.067939111581765216e-03 9.439101358551039642e-03 1.034824172595998591e-02 9.203469837185351138e-03 9.371193063743727195e-03 9.511870681790280876e-03 9.291106727875987278e-03 8.948387963598342099e-03 9.454703429257431749e-03 9.023028241597305307e-03 9.112663980165457492e-03 9.339483189581261266e-03 9.347946897901981272e-03 9.750327121566917596e-03 1.019333887067801203e-02 9.418894278099144979e-03 8.817729327609999737e-03 9.524616226557562279e-03 9.265119834344349298e-03 9.181392921321689105e-03 9.120779342881057614e-03 1.039903071237078223e-02 9.344347439762598975e-03 9.784601919721523308e-03 9.414447029500975714e-03 9.487657777020283220e-03 9.679965275720152015e-03 9.639073302961794279e-03 9.360741733196183134e-03 9.645149208040368349e-03 9.084326460092660357e-03 9.403223424572953668e-03 9.441431145736376221e-03 9.483544518925222239e-03 9.843160940814440346e-03 9.281002620123914026e-03 9.673662081756217654e-03 9.242855088813960868e-03 9.258676424869820287e-03 9.808601134617785794e-03 9.164496193358779783e-03 9.679012021672386834e-03 9.480801365087202295e-03 9.260736159407574261e-03 9.649396668385169448e-03 1.011249046099215593e-02 9.651971445979540265e-03 9.604089350486646331e-03 9.155777742896954383e-03 9.513224312714769690e-03 1.028239265283779728e-02 9.758404454966481192e-03 9.746325567868059994e-03 1.019262434827741468e-02 9.163827152706615839e-03 9.356835730441779089e-03 9.090552887936483029e-03 1.002158092050944860e-02 9.477598090108351608e-03 9.269009888871269920e-03 9.602200611658161591e-03 9.935818055611788518e-03 1.001779376524131356e-02 9.459220180807392450e-03 1.008831341343631970e-02 9.852511406725801904e-03 1.009447314634493754e-02 9.841639305574653371e-03 9.166855313884423456e-03 9.470358390205350571e-03 9.188445922027593110e-03 9.024854904809526471e-03 9.681560261741170917e-03 9.268731452025461004e-03
7.960207216772713021e-03 7.708270595593250639e-03 7.422015822977614564e-03 7.656965918069781607e-03 7.940414903188886334e-03 0.000000000000000000e+00 7.866393145566481782e-03 7.846750923726235685e-03 7.656614041171242585e-03 7.988090488224817987e-03 7.824219592561437731e-03 7.441940224565300570e-03 7.371663848021469539e-03 7.191048544386291486e-03 7.234062133802230017e-03 7.690264484229152910e-03 7.696225223907387537e-03 7.891709620794194052e-03 7.857019162291376327e-03 7.658529667458783413e-03 7.665894261342836614e-03 7.194347922893131082e-03 6.868543524260605805e-03 8.005062724790436290e-03 8.889189522629197329e-03 7.206532812048424032e-03 7.386647269928052657e-03 7.658961897488310820e-03 7.860080682889247078e-03 7.660109681448302316e-03 7.860620647508011205e-03 8.390798216028300810e-03 8.911768821758040554e-03 8.510991610776376393e-03 8.976213835135398583e-03 9.272778515023344034e-03 9.037997672884623759e-03 9.238972564706540019e-03 8.764308241352941273e-03 8.705969658454123725e-03 9.069996316191491700e-03 9.136122856943360016e-03 8.355412263240271156e-03 8.469217955050532820e-03 8.781862259031242290e-03 8.902704885213464162e-03 8.954562026928358093e-03 8.989804139326738192e-03 8.693582646819911913e-03 8.696294269923516077e-03 8.376129480894401944e-03 8.656545568454564535e-03 8.467014865545071517e-03 1.037155364643312788e-02 8.480716901053550472e-03 8.896344643448673289e-03 9.855238709098258082e-03 8.419322446917943542e-03 8.812552597944235330e-03 9.258849997085731240e-03 8.722376415977822067e-03 8.368813239398279966e-03 8.907494988916948506e-03 8.446993823031070242e-03 8.537825258581122415e-03 8.779888309363203039e-03 8.785636775032737086e-03 9.234499826071076306e-03 9.690263295312371086e-03 8.866254071950631713e-03 8.228126147800047044e-03 8.978809079058278075e-03 8.701162703860794434e-03 8.611133094726577258e-03 8.547389237491509820e-03 9.907628339601801462e-03 8.785937001026172810e-03 9.257239146222884935e-03 8.861099345413774725e-03 8.931807036422542007e-03 9.144496644913145678e-03 9.111436860309463093e-03 8.804131469239088320e-03 9.108197744695761822e-03 8.507128950407026602e-03 8.849106562540762916e-03 8.890102447081105197e-03 8.935040390020718842e-03 9.319527398888572539e-03 8.718766798579439745e-03 9.138339135808004263e-03 8.679398184651911444e-03 8.703748662747307421e-03 9.282711976717667596e-03 8.593653061470753543e-03 9.144141439086978310e-03 8.870904671426118465e-03 8.638797498383797915e-03 9.062463915893740826e-03 9.555786180374640712e-03 9.077223809584981234e-03 9.004169607665056529e-03 8.526982961713329423e-03 8.906266036445115511e-03 9.727910801059443807e-03 9.180878572735785836e-03 9.156672270624161350e-03 9.635762195349126605e-03 8.338644903611826947e-03 8.746501742812924293e-03 8.451560773621458883e-03 9.462932810560742078e-03 8.886904817475546614e-03 8.646533162739555856e-03 9.001466070263213284e-03 9.360149248683242301e-03 9.449183654901084639e-03 8.867465079339911099e-03 9.521818695777620883e-03 9.282034772391280913e-03 9.538900382562864530e-03 9.040525708439387659e-03 8.536056931348146373e-03 8.869970043834945680e-03 8.560399765092169960e-03 8.384500806704397319e-03 9.108465493864096804e-03 8.642783585143606548e-03
8.682116180674364497e-03 8.440594581272468575e-03 8.209789889882617570e-03 8.413103864946730459e-03 8.455496340961496729e-03 7.866393145566481782e-03 0.000000000000000000e+00 8.550982063008966474e-03 8.225888400751191556e-03 8.967125095504195967e-03 8.630882477283463930e-03 8.219821983616178510e-03 8.139428036440639336e-03 8.011531827700804284e-03 8.265399113760790381e-03 8.394445533726910269e-03 8.441730975358670286e-03 8.572525759446402577e-03 8.825114998905498470e-03 8.219503700381389569e-03 8.419870757795480318e-03 8.256018588039728406e-03 7.726311455646260769e-03 8.980444968672524758e-03 9.237648905526911480e-03 8.254707808495985455e-03 8.414074168396474401e-03 8.415215146596839030e-03 8.565544772423822409e-03 8.650403932914220786e-03 8.542529330965666426e-03 9.313870237062451402e-03 9.611910498033849823e-03 9.245450252474651104e-03 9.678189105157821923e-03 9.944095708361209984e-03 9.719259237091569525e-03 9.903583537550903620e-03 9.475874910645727678e-03 9.423001474818212819e-03 9.748737398083167499e-03 9.817954066071714336e-03 9.103006822406478279e-03 9.214301025878194815e-03 9.493240625193955645e-03 9.603668160436718698e-03 9.650524475054843287e-03 9.673177309451132938e-03 9.417515374208380863e-03 9.415041198304186301e-03 9.120278355953899060e-03 9.377933277207923038e-03 9.198568422883589973e-03 1.096949835027598297e-02 9.218491346378539231e-03 9.590238770168698842e-03 1.048562227000467140e-02 9.341177390215874357e-03 9.514136593618556514e-03 9.912117921660456091e-03 9.445547834482039343e-03 9.109443945698908127e-03 9.607092331123757989e-03 9.191365928335856056e-03 9.252895194657880656e-03 9.469038564641230407e-03 9.474613901426032561e-03 9.884559924876383172e-03 1.031037396019732731e-02 9.547383089679379806e-03 8.965017908633644492e-03 9.651169412067147138e-03 9.395978479746750281e-03 9.313800017184572025e-03 9.254083717617793067e-03 1.051419917493541349e-02 9.471955074147430167e-03 9.908608193656064447e-03 9.542974276536558484e-03 9.616011721800031900e-03 9.803961800225460474e-03 9.773582618581147519e-03 9.490724370005917260e-03 9.770315681848648626e-03 9.219258633837868616e-03 9.532667822461720133e-03 9.576441993559451499e-03 9.611309251182739710e-03 9.965425364392668794e-03 9.412681065271762820e-03 9.799362556251902875e-03 9.381764299960388895e-03 9.399176800147254415e-03 9.931364627708286208e-03 9.297871273500563430e-03 9.804100555125571867e-03 9.571532434681824172e-03 9.354966992247618421e-03 9.737949051070641723e-03 1.019651261938811677e-02 9.751581590013038911e-03 9.693464913779450270e-03 9.262590829166956682e-03 9.603372418800961569e-03 1.037373741595012250e-02 9.845871470393337960e-03 9.842738675768177709e-03 1.028542836859870635e-02 9.252826242908135032e-03 9.449543216102496493e-03 9.188199590565189825e-03 1.010718886359009659e-02 9.570528891790651763e-03 9.135535865557362079e-03 9.691715163634736022e-03 1.002163317662237672e-02 1.011043038396134026e-02 9.552692135184091132e-03 1.017161107809803552e-02 9.948932765252620561e-03 1.017943817483325797e-02 9.921463958691728591e-03 9.272054193631295085e-03 9.562136295636222694e-03 9.292488960827193639e-03 9.129372175122807062e-03 9.778936881102201842e-03 9.361848486945750086e-03
8.673123762020878286e-03 8.415656835702911912e-03 8.173089483321823237e-03 8.655035111187711974e-03 8.446883722835241831e-03 7.846750923726235685e-03 8.550982063008966474e-03 0.000000000000000000e+00 8.180922976919424022e-03 8.654864095532979057e-03 8.357035270384212053e-03 8.183522295700892957e-03 8.159960409472383908e-03 7.987091781995716427e-03 8.255568497623232138e-03 8.419092945968410791e-03 8.725233318873442181e-03 8.558470368430425371e-03 8.820695374041316941e-03 8.184184435681205252e-03 8.646671955249653554e-03 8.211362539635044810e-03 7.716904210107905157e-03 8.673232894623553527e-03 9.530484898197985263e-03 7.997628752086054574e-03 8.391367727611374200e-03 8.379798624330690379e-03 8.544069116991322502e-03 8.374629941562327859e-03 8.796772612470202604e-03 9.013673837737762665e-03 9.612584186649706514e-03 9.245753583975854437e-03 9.667806357758750718e-03 9.944915448854384568e-03 9.720404369662094535e-03 9.902519920122823671e-03 9.476512623308499736e-03 9.422671852118891592e-03 9.749495344781615100e-03 9.818728002636273669e-03 9.104322682247228959e-03 9.213612267542822462e-03 9.493588331734246696e-03 9.604032612134431879e-03 9.650644212026880317e-03 9.673460577748201755e-03 9.417900919579638014e-03 9.415089308364096160e-03 9.130307835010601294e-03 9.378298829348784282e-03 9.198868508641874081e-03 1.097013098379939766e-02 9.218777440019889496e-03 9.591647800822786576e-03 1.048561474847544035e-02 9.341033675732177133e-03 9.514385375899556477e-03 9.912777729053381254e-03 9.435128539410817319e-03 9.109687908182381721e-03 9.607575015982521005e-03 9.199655972085876363e-03 9.242592173764378749e-03 9.467349186293346971e-03 9.475695739210870591e-03 9.883242743988985418e-03 1.030809033272556824e-02 9.545191739697221622e-03 8.953930712635949085e-03 9.648946592161086050e-03 9.393423970753832924e-03 9.311194526338599509e-03 9.251754867130543639e-03 1.051190343211155960e-02 9.471424029898157723e-03 9.906802217640517730e-03 9.541083815464956527e-03 9.614317222691671355e-03 9.802618210689150943e-03 9.762098275768531577e-03 9.488843064579361233e-03 9.768151134755690204e-03 9.216594708070484018e-03 9.530212033163872401e-03 9.574548691755096347e-03 9.609795827656151049e-03 9.963236951926782506e-03 9.410207047624347468e-03 9.796953320744284169e-03 9.379017582080206861e-03 9.387891799045252478e-03 9.929054456023468644e-03 9.295629437446993257e-03 9.802396715474327032e-03 9.602269747435252661e-03 9.385884736456304514e-03 9.768623853370765261e-03 1.022551407899923576e-02 9.771594804050419761e-03 9.724044982984195173e-03 9.292361591801034243e-03 9.634139756771306976e-03 1.039291713882470845e-02 9.876391879560337747e-03 9.863788129919873540e-03 1.030279154998717250e-02 9.282348629400145879e-03 9.480694438496035936e-03 9.218915410730095170e-03 1.013714936758402380e-02 9.601033383684062089e-03 9.391384807565695755e-03 9.721600034627849579e-03 1.005113463046281887e-02 1.013001445986869489e-02 9.582075766424244176e-03 1.020093602533276612e-02 9.969615244780948363e-03 1.020795544001217546e-02 9.949708722941137326e-03 9.294679060708065446e-03 9.592649239844146247e-03 9.314999202012612389e-03 9.153457055850862389e-03 9.808146138974613293e-03 9.393684156712012526e-03
8.328407886190722711e-03 8.057252121897191116e-03 7.798291331866221733e-03 8.286344372666169800e-03 8.302837940970966488e-03 7.656614041171242585e-03 8.225888400751191556e-03 8.180922976919424022e-03 0.000000000000000000e+00 8.315955843642587955e-03 7.993341664362083737e-03 7.833705428385979302e-03 7.762683118661169689e-03 7.594502012119476800e-03 7.611869358778586107e-03 8.050831015282916905e-03 8.312821679740563935e-03 8.233324915963693980e-03 8.172593939109913663e-03 7.810066740013303296e-03 8.041325521809887175e-03 7.604505290616402589e-03 7.295411899831068074e-03 8.365810995392436444e-03 8.937634182654509429e-03 7.641521030595352718e-03 7.763930155031068328e-03 8.280691784913531486e-03 8.177026039723315348e-03 7.986567285959301349e-03 8.468990430968046865e-03 8.958842238412071182e-03 9.257708166375637135e-03 8.874712534738366312e-03 9.327470090103859302e-03 9.613629771422297840e-03 9.371010739851380611e-03 9.322549288652740018e-03 9.105508876338338706e-03 9.058819215331711736e-03 9.400394753613244142e-03 9.470472204977911992e-03 8.736652683250261189e-03 8.843837602454083374e-03 9.142249172500031482e-03 9.259274301188672590e-03 9.296824822107778094e-03 9.333025402762224615e-03 9.056241519824495545e-03 9.050347847017478978e-03 8.762976721986653200e-03 9.012946480087366541e-03 8.824883848315067877e-03 1.066640229352789834e-02 8.845269939920647612e-03 9.235810697793344487e-03 1.016373024868477866e-02 8.982401140303597833e-03 9.155358432727089130e-03 9.590807124486901494e-03 9.083246253329331152e-03 8.732454976568486404e-03 9.262467327905631390e-03 8.829414617658477155e-03 8.900625119672061006e-03 9.132981893285848154e-03 9.142504974328153830e-03 9.566791713788370261e-03 1.000665414365354416e-02 9.214958566483622687e-03 8.598119029247945633e-03 9.322843669745572298e-03 9.056840536338647135e-03 8.970807122231487865e-03 8.909185446102909842e-03 1.021611982702149216e-02 9.138850974059075163e-03 9.590416555302997206e-03 9.210312684112861858e-03 9.285736323378557602e-03 9.482559730603435169e-03 9.441080857043173541e-03 9.155376372371952509e-03 9.446887946598035365e-03 8.871144485112555239e-03 9.198137009705807665e-03 9.237468262808374436e-03 9.281286858810714954e-03 9.649426630103987226e-03 9.073184887047558433e-03 9.476057817309646580e-03 9.034028519631953288e-03 9.051434227530779503e-03 9.614044091998820429e-03 8.953925774057321443e-03 9.481993735749243840e-03 9.277554901956202790e-03 9.051951563907489201e-03 9.450262343116216934e-03 9.923471255521903664e-03 9.452842013184728845e-03 9.403907865423987225e-03 8.943691639728733669e-03 9.310715566801694779e-03 1.009718176922265974e-02 9.562033884975573023e-03 9.549519451076311088e-03 1.000576739013092978e-02 8.961013567566978102e-03 9.150443178601830665e-03 8.877344280705338000e-03 9.830527570384143057e-03 9.274065971881472609e-03 9.060647950438366696e-03 9.401982280832079514e-03 9.743290214140618369e-03 9.827164848809154252e-03 9.255327666572051720e-03 9.899148107746965838e-03 9.658201138488675327e-03 9.905464257262188224e-03 9.646311280503470573e-03 8.956176004354426262e-03 9.266871370635330896e-03 8.977621370137529866e-03 8.809102556715254703e-03 9.483083861197064840e-03 9.059966060805136126e-03
9.074477426109308492e-03 8.567901642534181406e-03 8.319737975898395740e-03 8.516594186412580411e-03 8.538762014920523238e-03 7.988090488224817987e-03 8.967125095504195967e-03 8.654864095532979057e-03 8.315955843642587955e-03 0.000000000000000000e+00 8.438996611661798292e-03 8.572479837747211048e-03 8.516553555126456579e-03 8.107739309293525778e-03 8.129901815968402362e-03 8.539427869949007405e-03 8.813247341769721646e-03 8.975427206018699727e-03 8.647898502476204091e-03 8.327425044773861113e-03 8.772327261946441870e-03 8.111454283601979287e-03 7.833825179324960253e-03 8.778173160238853662e-03 9.667900191794207357e-03 8.128272285242429257e-03 8.256588700880305651e-03 8.500263893680942706e-03 8.675689318977107198e-03 8.756592194661488859e-03 8.946337389995737480e-03 9.441888493249405573e-03 9.654537280099521196e-03 9.291546503118284367e-03 9.456183181212163280e-03 9.996854321862333123e-03 9.764464398060853853e-03 9.956627522119704254e-03 9.521899505258503774e-03 9.467603202172651666e-03 9.802233445953529786e-03 9.871084656335616520e-03 9.151482730858587905e-03 9.251250859682881231e-03 9.536591494976301778e-03 9.647378160880244746e-03 9.704519620673193389e-03 9.716452523942153974e-03 9.464529154848340051e-03 9.458917451172377949e-03 9.176477846275498187e-03 9.432983631918122683e-03 9.244670561743772996e-03 1.101871960150523772e-02 9.263910822185613195e-03 9.634409209446016115e-03 1.052340318219671840e-02 9.387360732328960469e-03 9.557464974859937457e-03 9.966553118638393771e-03 9.501754371032476720e-03 9.156321861041885612e-03 9.661450976868586268e-03 9.229461836063599864e-03 9.318783830288814019e-03 9.540317181896766294e-03 9.549404360862894306e-03 9.962039074513037024e-03 1.037503920402816845e-02 9.618745431853729586e-03 9.032195141730177748e-03 9.720716440777035436e-03 9.467560371083347942e-03 9.386263984186552292e-03 9.327846031660319212e-03 1.057603775879361468e-02 9.545513941342108691e-03 9.975815948405013234e-03 9.613907853745875740e-03 9.684421574743997535e-03 9.873268023256163636e-03 9.832668153080464241e-03 9.560668756003375818e-03 9.839316619179120163e-03 9.291114339523537380e-03 9.601611062277722389e-03 9.639240915073708088e-03 9.680485031865911777e-03 1.003334162480003754e-02 9.483283353188190837e-03 9.855985308024877573e-03 9.446111953042709078e-03 9.461609904441076885e-03 9.999458891973877703e-03 9.370386656839251038e-03 9.872644889943204063e-03 9.681103943883233656e-03 9.474083726441078629e-03 9.846074472736233638e-03 1.029871627397672962e-02 9.856699028268056315e-03 9.801146981355157023e-03 9.362952702904729987e-03 9.712833009936579914e-03 1.046432081530094399e-02 9.952118919997752708e-03 9.940161098903776971e-03 1.038510859660586420e-02 9.365353215956708985e-03 9.560104366121457628e-03 9.300234523093793212e-03 1.021030012546853515e-02 9.678230821329474390e-03 9.482460480291880767e-03 9.799966553625664642e-03 1.012539908780885761e-02 1.020516119588560193e-02 9.660670579185409376e-03 1.027444378712765415e-02 1.004426950326097259e-02 1.028100033269273642e-02 1.002617326011520128e-02 9.375317489594827552e-03 9.671112228620982326e-03 9.403208936388199324e-03 9.236831451669997445e-03 9.877166557635234587e-03 9.474278960572608474e-03
8.746550672307160101e-03 8.230051986627875266e-03 8.226226966412389027e-03 8.177747103246707158e-03 8.206694914079859168e-03 7.824219592561437731e-03 8.630882477283463930e-03 8.357035270384212053e-03 7.993341664362083737e-03 8.438996611661798292e-03 0.000000000000000000e+00 7.992207398858199377e-03 8.139730832978416680e-03 7.760011461553938984e-03 7.770656621554611516e-03 8.471356288582100255e-03 8.473060780363932468e-03 8.382294337821241670e-03 8.358187869569702264e-03 8.227357915211216954e-03 8.168260025621371448e-03 7.764303774196713859e-03 7.467066564627223950e-03 8.466752296265455877e-03 9.365579304281369810e-03 7.985508520252777159e-03 7.936908821368986178e-03 8.181444452444768672e-03 8.358103662065531278e-03 8.438456430646853676e-03 8.381509886510435034e-03 8.847739139599302902e-03 9.338434660527191594e-03 8.959199856213623595e-03 9.397330071926991019e-03 9.686089706623190673e-03 9.449248278075580293e-03 9.645509356812909108e-03 9.193788862597909381e-03 9.143105898949290336e-03 9.483006154986073008e-03 9.555498512270582667e-03 8.815838398004992998e-03 8.923143529886556208e-03 9.218427693403868570e-03 9.329893652850976965e-03 9.382048482783384921e-03 9.404259127304382196e-03 9.134039501258494828e-03 9.137959989725844001e-03 8.836808409578591345e-03 9.099647951577536156e-03 8.913545849405707377e-03 1.074131636295806019e-02 8.934220536427860127e-03 9.318678225313447097e-03 1.024282566012892949e-02 9.067868849178850263e-03 9.236544137474383617e-03 9.651024380706654804e-03 9.160918849125489205e-03 8.818317837088553851e-03 9.336919120077362064e-03 8.897905000967851891e-03 8.890983368716860735e-03 9.106682132052396419e-03 9.115205718959424469e-03 9.564635870458011377e-03 9.979259557889199120e-03 9.196300723888011300e-03 8.368302337124322587e-03 9.302662699996270754e-03 9.028770687444814813e-03 8.941150115653629174e-03 8.891007276532031031e-03 1.019221578194903777e-02 9.140182133290625233e-03 9.574505522352545414e-03 9.198874687687319529e-03 9.281277829028636642e-03 9.453844258201726802e-03 9.180713619768722522e-03 9.127989542671788997e-03 9.428775408746889117e-03 8.842464445076981747e-03 9.170885257119069239e-03 9.211848013310626818e-03 9.264916879141871925e-03 9.620547944814872299e-03 9.046221281708561116e-03 9.459657278356752366e-03 9.005703971270245106e-03 8.808746451366590915e-03 9.595084971235392710e-03 8.934808257565962294e-03 9.473049005972870515e-03 9.311442892202956984e-03 9.094309711153200637e-03 9.493176111588074589e-03 9.955472435029658063e-03 9.493316281638537052e-03 9.437778436643267516e-03 8.981067645723365966e-03 9.353209765440965301e-03 1.013703418481099253e-02 9.601362210874280281e-03 9.581710705043688589e-03 1.003910578350381000e-02 8.992499838980892723e-03 9.185623291787637854e-03 8.911428164792491169e-03 9.865521946461744407e-03 9.317899668984627390e-03 9.124120219008225938e-03 9.435278821571042168e-03 9.785803922140496811e-03 9.878577078354499469e-03 9.288424167106174370e-03 9.932118444347418432e-03 9.690272506233211375e-03 9.938240953556951376e-03 9.681847952185093295e-03 8.775071034848844903e-03 9.302504173122744940e-03 9.019631653401163213e-03 8.846021097110769865e-03 9.518711507754509457e-03 9.095182326812037768e-03
8.331888856811971167e-03 8.065439675720516635e-03 7.804479241051472636e-03 8.040523060365799973e-03 8.090161497184568049e-03 7.441940224565300570e-03 8.219821983616178510e-03 8.183522295700892957e-03 7.833705428385979302e-03 8.572479837747211048e-03 7.992207398858199377e-03 0.000000000000000000e+00 8.004220481961889927e-03 7.602401559313824372e-03 7.647786150948174266e-03 8.060733598576451039e-03 8.078049003379800252e-03 8.207312070250763134e-03 8.462972567873566776e-03 7.838624488696583834e-03 8.022656101514346813e-03 7.583483885879498468e-03 7.513912473058668821e-03 8.326537365842845775e-03 9.234467255664543031e-03 7.608285575880857111e-03 7.760806909176068934e-03 8.016617522394631212e-03 8.473478868988694804e-03 8.028547421925201835e-03 8.452906380478472995e-03 8.712193734858547298e-03 9.290490607376840002e-03 8.908480890711615446e-03 9.358761469461369248e-03 9.635963635032602018e-03 9.402176394653464359e-03 9.593841601666069918e-03 9.148879563813872712e-03 9.094051867773022407e-03 9.432925251417196080e-03 9.504789523037385571e-03 8.766879674265050035e-03 8.867782323355870994e-03 9.166696483957969405e-03 9.281614424825560677e-03 9.331112553117757238e-03 9.362051627162771075e-03 9.080983227713593578e-03 9.085732219832522855e-03 8.778584828475113899e-03 9.046889967827542733e-03 8.859827156949393392e-03 1.069440001097781562e-02 8.880303565072246788e-03 9.268790803405337758e-03 1.019530065639477623e-02 9.008349451899901744e-03 9.188637826369434186e-03 9.603585381732579127e-03 9.107110303719145178e-03 8.766746502898083160e-03 9.285949202473128480e-03 8.844303577798874258e-03 8.908288652784325176e-03 9.141352453804004949e-03 9.148916882946311543e-03 9.583209682173772850e-03 1.001347541332703490e-02 9.223172974282567785e-03 8.606505029931677334e-03 9.330393572260523016e-03 9.064865297316629725e-03 8.978880992091551119e-03 8.924163200727653830e-03 1.022388649807928415e-02 9.152864791292457045e-03 9.598192363785279860e-03 9.218319776986224484e-03 9.295270067868040623e-03 9.489489046421559562e-03 9.448253213415325549e-03 9.163487260637889417e-03 9.454653195994805817e-03 8.879963554566511902e-03 9.206871508883862285e-03 9.245277450196320856e-03 9.289385438583926818e-03 9.656915988457491495e-03 9.081987508451147204e-03 9.484547816822178762e-03 9.042708738067515087e-03 9.059138415811159376e-03 9.621571508577952958e-03 8.963143729667355855e-03 9.490349899247470244e-03 9.249585891762415052e-03 9.044869686123240340e-03 9.424626251429672405e-03 9.898586943099961857e-03 9.450541587108203870e-03 9.388463782824214843e-03 8.939910567371261649e-03 9.283106491406780889e-03 1.007140175148094757e-02 9.548306624730261774e-03 9.534180006430687318e-03 9.726229265132895971e-03 8.919426080226403042e-03 9.122514205853445371e-03 8.852905303468766932e-03 9.807834601533159738e-03 9.249614787481114792e-03 9.043782722364158283e-03 9.374864464826175928e-03 9.730011709395523442e-03 9.802865752484854825e-03 9.230466239164120471e-03 9.884763085595797347e-03 9.644122294228554479e-03 9.892484132327289750e-03 9.613441847535817916e-03 8.921709284505330642e-03 9.252124897871440851e-03 8.969405484374319906e-03 8.782142940029512290e-03 9.458040483140486843e-03 9.032225539049304822e-03
