0.000000000000000000e+00 1.066920884775347279e-02 1.131397434994448926e-02 1.210658344471730180e-02 1.113497570705559124e-02 1.170425916818149635e-02 9.428455978554402955e-03 1.067474224401569922e-02 1.130706076109680089e-02 1.138976220295571766e-02 1.104517737394243408e-02 1.309292643504730326e-02 1.199030374978758869e-02 1.185858931538764927e-02 1.120897975057152419e-02 1.312276582378731592e-02 1.242011795649584742e-02 1.188061760887096190e-02 1.308202065777144471e-02 1.295444915642595361e-02 1.267368101392041431e-02 1.328755553844712493e-02 1.166748984959662186e-02 1.201404976889376697e-02 1.223519056476171478e-02 1.317984365257419618e-02 1.336291267904728998e-02 1.247634142953486097e-02 1.492496092788266407e-02 1.168015476638424414e-02 1.323459221026529291e-02 1.455824689418632086e-02 1.462877593165723064e-02 1.453749178627121615e-02 1.480729090186370077e-02 1.333387049502763981e-02 1.499907559231576301e-02 1.579037935187662181e-02 1.565682663893907742e-02 1.580265913383693474e-02 1.576797352483988446e-02 1.509584491789811057e-02 1.424440328448455841e-02 1.696985264063740131e-02 1.522529237794635962e-02 1.573541379802806048e-02 1.560779231727339733e-02 1.626958437798818949e-02 1.539070220945719381e-02 1.516593745083572899e-02 1.492197467668140987e-02 1.833175722764694010e-02 1.607117240277615433e-02 1.812750581407731112e-02 1.892564602603157009e-02 1.959548931884652970e-02 1.565151815799474891e-02 1.716590865502252636e-02 1.888331337653955527e-02 1.736267829285214129e-02 1.651267151914876524e-02 1.682690751462391845e-02 1.831128391940944553e-02 1.798861453542701869e-02 1.662152799478535531e-02 1.638768566276749619e-02 1.595065974090627975e-02 1.670970203554337369e-02 1.715695665270671952e-02 1.716947142241256191e-02 1.658566165476000470e-02 1.839478685786226711e-02 1.925598001394548953e-02 1.904752329725259777e-02 1.617933208728521838e-02 1.870418430166211413e-02 1.785565101008963415e-02 1.829875465171452650e-02 1.786660869622051784e-02 2.132745323935103174e-02 1.827603320441248749e-02 1.854311316197239379e-02 1.766984342730598678e-02 1.942376896171872647e-02 2.006494357767091286e-02 1.974145167550207108e-02 1.616253618564083422e-02 1.811412961571688338e-02 2.091059912538782706e-02 1.720467323801753295e-02 2.026457303257974893e-02 1.878553218912057746e-02 1.719556272016190338e-02 1.869058988595265203e-02 1.863011787048516471e-02 1.866426950269080634e-02 1.934506937192400841e-02 2.018752339631543768e-02 1.877056801982301265e-02 1.683942843202950596e-02 1.844634881987142205e-02 1.844067609812082703e-02 1.882262146262235133e-02 1.953832900484544360e-02 2.160889780027545892e-02 1.901406916787228354e-02 1.967556162557559940e-02 1.930621809604177175e-02 1.851284999013677948e-02 1.885219300857547686e-02 2.140880527676269907e-02 1.841465037211597114e-02 1.860504512354504980e-02 2.178865637217451690e-02 1.920226832330996711e-02 2.108965153399222636e-02 1.862962408609812603e-02 2.083528474029507430e-02 2.109273316091757680e-02 2.214788529464566114e-02 1.912572741197401255e-02 1.915177877948815235e-02 2.130894721422232907e-02 1.879291794920470021e-02 1.867337367476619436e-02 1.931353320846115884e-02 2.123423136404725339e-02 2.169733262063496329e-02
1.066920884775347279e-02 0.000000000000000000e+00 1.069193795070129231e-02 1.132863549230388872e-02 1.038308118504838520e-02 1.080571909058171583e-02 8.667850981067313706e-03 9.754136964621703751e-03 1.065430706179617409e-02 1.078270245213833710e-02 1.057723189663740265e-02 1.255080845786597961e-02 1.141604710234159215e-02 1.171220592816805094e-02 1.056420284681163120e-02 1.245816721824222380e-02 1.132896304966647671e-02 1.138857479287311639e-02 1.299154702034541892e-02 1.245802983172598563e-02 1.212104701189315598e-02 1.310215588068844306e-02 1.064373833619012416e-02 1.087451154968086843e-02 1.120396835854643898e-02 1.214114614909950554e-02 1.274111196383408313e-02 1.191043235083660660e-02 1.439692195405430607e-02 1.059811551100868152e-02 1.272508276605162879e-02 1.397312314034085227e-02 1.392664721885850630e-02 1.410843554606497005e-02 1.364679192445731985e-02 1.324819355999469657e-02 1.455086663908228793e-02 1.529365244685599104e-02 1.477181670858835651e-02 1.533385981210944569e-02 1.536286448794843551e-02 1.505514390185680451e-02 1.313270029512200732e-02 1.649962847794098075e-02 1.470666474667050791e-02 1.586518586140201609e-02 1.456981931715070795e-02 1.532175711233753519e-02 1.480240409549734605e-02 1.422915884634867387e-02 1.382055809745671299e-02 1.734179783158096982e-02 1.563737675291860044e-02 1.706642206572272016e-02 1.797363547128914829e-02 1.922173898142503362e-02 1.515102153614408288e-02 1.614131439217366890e-02 1.786021593877933078e-02 1.701552745919616277e-02 1.610671916654467586e-02 1.631624304002728121e-02 1.774409712800582850e-02 1.758887288037234639e-02 1.624241219808209707e-02 1.658147017253290903e-02 1.614088050857141396e-02 1.622700736057201137e-02 1.683634352023872724e-02 1.610884452876659018e-02 1.610609834881274877e-02 1.795655466680279658e-02 1.872855810563325146e-02 1.797075885723186175e-02 1.579888789753813860e-02 1.896313786782326608e-02 1.749193264242099657e-02 1.787768231573155092e-02 1.747374846685915625e-02 2.093621770856052278e-02 1.791741040198521762e-02 1.808010839140699461e-02 1.736398503127703496e-02 1.911748600394370251e-02 1.966739851287154645e-02 1.945577301570714304e-02 1.625496853401654090e-02 1.765937688741322370e-02 2.056376746169632022e-02 1.746711588701156670e-02 1.924120885473524362e-02 1.835400367880645270e-02 1.692714962845278184e-02 1.820269442554825826e-02 1.820356864187066062e-02 1.781461849565908404e-02 1.899618811536544702e-02 1.964669030060101768e-02 1.838267573927133622e-02 1.709897849032637404e-02 1.874561906481643156e-02 1.752143370731251010e-02 1.915451030477111766e-02 1.913157624286922209e-02 2.132660615132850324e-02 1.858495436956392188e-02 1.920840929240800674e-02 1.879597658886711722e-02 1.751270339038966256e-02 1.837668184889759346e-02 2.105134387508571236e-02 1.859960519213810573e-02 1.820009983160872022e-02 2.153746554511240530e-02 1.830216622336819365e-02 2.065934781867603820e-02 1.897894760991829244e-02 2.036883634400461079e-02 2.074833761671536492e-02 2.185286497106617501e-02 1.877232740721453130e-02 1.943824840625420561e-02 2.093536902613259143e-02 1.915149392082244467e-02 1.769768371904482246e-02 1.888401119712735179e-02 2.156391477354670239e-02 2.131890709343439022e-02
1.131397434994448926e-02 1.069193795070129231e-02 0.000000000000000000e+00 1.201599780100628088e-02 1.114249638590809367e-02 1.161406332412254216e-02 9.516693949901358640e-03 1.059044209471038736e-02 1.121220282055487849e-02 1.180924517538849139e-02 1.095169037309535326e-02 1.366557615655416419e-02 1.153058728087897472e-02 1.182773281406978606e-02 1.087318000354975563e-02 1.303447991551744817e-02 1.236005369215485532e-02 1.178761531570149575e-02 1.357546577505630743e-02 1.257760409827539047e-02 1.270028701787871868e-02 1.389121023688014156e-02 1.172630002450644054e-02 1.203704333571385503e-02 1.180328933947940619e-02 1.333168695237019891e-02 1.278948011643038854e-02 1.267299939852288733e-02 1.495174193615323409e-02 1.175748032522287712e-02 1.281497807702378956e-02 1.389929586097366637e-02 1.455302734541705049e-02 1.441697449644347047e-02 1.477063684953731394e-02 1.388570963977535551e-02 1.445788196196054823e-02 1.536588535727353814e-02 1.514980854912049806e-02 1.516635935657944557e-02 1.565581841479087716e-02 1.554928574680849995e-02 1.419591799787371308e-02 1.643049040199755575e-02 1.519359146117420928e-02 1.637762468256825227e-02 1.574201695570531453e-02 1.633886584336001133e-02 1.532969160409858832e-02 1.457080917673768752e-02 1.487947004620328480e-02 1.827634558641016982e-02 1.608559609757963249e-02 1.807172507721485633e-02 1.895258628144851076e-02 1.968798232034886866e-02 1.562284697364000295e-02 1.718722724151499140e-02 1.891371504547697396e-02 1.745222544451409050e-02 1.657334949660361004e-02 1.625153441620133879e-02 1.827975779225902639e-02 1.795716995867179672e-02 1.678136853253814689e-02 1.703893397762329398e-02 1.658958373108000359e-02 1.679989705197755881e-02 1.721322414707287737e-02 1.717192036956588508e-02 1.660331340618730750e-02 1.837308769864865257e-02 1.917581939281253617e-02 1.907304528376384603e-02 1.634095942871138796e-02 1.928641043223874516e-02 1.789857487980802547e-02 1.830035712448262533e-02 1.784748277443211351e-02 2.144861128358330898e-02 1.836743298887666062e-02 1.847110879229905273e-02 1.843177325701774588e-02 1.959255242485473392e-02 2.009773602887111876e-02 1.985957628318707133e-02 1.675373577326484328e-02 1.800350603233686134e-02 2.100823669236017224e-02 1.777702988641035806e-02 2.026455815540554456e-02 1.875432066763299196e-02 1.789907941060768504e-02 1.867154065754390163e-02 1.864336699030902031e-02 1.814952413074933865e-02 1.950235988517252592e-02 2.007216655162447766e-02 1.878859260993517508e-02 1.755001448611425915e-02 1.913705204845951233e-02 1.853693294046023649e-02 1.968200649982163736e-02 1.948238839206960921e-02 2.093402130122107990e-02 1.898152009711357585e-02 1.968497171778174973e-02 1.935182018394324827e-02 1.860970828827792842e-02 1.883268614295851781e-02 2.148142829168066953e-02 1.840532530064169572e-02 1.857531890850764103e-02 2.197795078695329377e-02 1.932916540801677893e-02 2.115400729653767534e-02 1.940204134896574700e-02 2.075982037003873057e-02 2.106613346160290945e-02 2.215224036964274362e-02 1.916500020743253790e-02 1.985995653962695576e-02 2.129092975268851579e-02 1.881456632559504530e-02 1.874641997277286948e-02 1.930194336241203984e-02 2.202682311081596497e-02 2.173312273649961532e-02
1.210658344471730180e-02 1.132863549230388872e-02 1.201599780100628088e-02 0.000000000000000000e+00 1.178358116487131582e-02 1.232275095769300860e-02 1.028738014220654390e-02 1.128831193935657742e-02 1.232828623382322894e-02 1.241967401775883120e-02 1.189642971106970315e-02 1.362414114898029098e-02 1.255336757401618458e-02 1.248041512401912995e-02 1.196244891653702042e-02 1.304932052120932190e-02 1.251572855644997664e-02 1.266332917568865554e-02 1.418094407580388142e-02 1.353661103106128423e-02 1.304503754005366389e-02 1.431059528574524231e-02 1.189064494009174806e-02 1.262997468282120450e-02 1.270394879139304274e-02 1.324477982929571883e-02 1.383260277202141147e-02 1.260939619917096632e-02 1.525486965922124606e-02 1.230583322595525664e-02 1.391364602840840757e-02 1.493086045278301834e-02 1.500041000493616133e-02 1.557071945224740295e-02 1.515240622437718024e-02 1.377341943470186160e-02 1.491858919638459728e-02 1.631837361290895336e-02 1.556409178698250385e-02 1.627046756004773415e-02 1.624299308504749753e-02 1.608067285678342617e-02 1.473564086751967886e-02 1.740680743658952132e-02 1.515013104850343115e-02 1.668339280749909365e-02 1.613759623847696792e-02 1.677422320886394480e-02 1.582283750068588096e-02 1.574934382978078820e-02 1.534186717557142580e-02 1.801443959953713536e-02 1.641145323303987505e-02 1.857222231716210842e-02 1.933680157218268386e-02 2.003265400615058395e-02 1.556860846142041517e-02 1.761776581365648298e-02 1.932507378194980516e-02 1.790442819129594784e-02 1.700678822115221298e-02 1.736456113398366502e-02 1.874419588327858044e-02 1.765353820953246416e-02 1.723176708526395762e-02 1.748475526937315686e-02 1.706309959783282662e-02 1.727242096617733272e-02 1.766476698758348562e-02 1.750412869811619060e-02 1.698867593633340140e-02 1.878923908335707743e-02 1.966594800433951046e-02 1.935864139251089119e-02 1.670502713024275138e-02 1.973219217906956036e-02 1.832946399518300962e-02 1.794106209197634041e-02 1.834647599515894234e-02 2.175340590214727352e-02 1.798815997320014903e-02 1.891048638070051691e-02 1.885088059027833357e-02 1.992325725396488709e-02 2.045711121151943049e-02 2.019282726868072003e-02 1.720456799972712794e-02 1.855887234674204883e-02 2.125357748826387991e-02 1.827512328571304079e-02 2.074524691040680741e-02 1.916551523774015151e-02 1.830164426344828288e-02 1.834375455617097417e-02 1.911013939317844287e-02 1.841382529245376778e-02 1.985791658260253889e-02 2.050609110945466468e-02 1.921948003398332022e-02 1.793674785571985203e-02 1.955489600215537527e-02 1.883172610495844126e-02 2.004251132524092344e-02 1.988318176829069472e-02 2.200756253381283903e-02 1.941404983390864272e-02 2.004954171337458915e-02 1.973279073103726897e-02 1.896240980045718269e-02 1.909638554518832895e-02 2.165698771432563244e-02 1.951880764857750680e-02 1.904433127960268937e-02 2.225223469998262663e-02 1.970178900648118792e-02 2.144287972072525181e-02 1.978833899675365784e-02 2.119362357540444108e-02 2.137472658038755066e-02 2.251471595967268272e-02 1.881217538350755947e-02 2.016717495607316460e-02 2.167877908283844315e-02 1.992130124898718394e-02 1.915401019830979823e-02 1.972671420016849225e-02 2.230188194242718400e-02 2.210899888252650450e-02
1.113497570705559124e-02 1.038308118504838520e-02 1.114249638590809367e-02 1.178358116487131582e-02 0.000000000000000000e+00 1.146368969313279335e-02 9.188837033647053940e-03 1.020962907727805506e-02 1.103037160321494736e-02 1.108107872443094520e-02 1.068726120430467212e-02 1.297815234398430780e-02 1.130602952947288263e-02 1.213259238599018880e-02 1.058063456849918024e-02 1.230593198239576976e-02 1.154946696843359329e-02 1.169347557114505318e-02 1.291879865722979706e-02 1.276485334361581077e-02 1.186978852405616396e-02 1.295386513214428353e-02 1.151073359580306009e-02 1.170146874654424268e-02 1.203609999570237621e-02 1.298524863273989305e-02 1.307393935243449448e-02 1.250634513507624911e-02 1.466550585893982434e-02 1.158489786790947718e-02 1.304672523478634695e-02 1.426654857266661074e-02 1.429544919037935985e-02 1.485929989172737192e-02 1.455602596649175143e-02 1.372774333971622275e-02 1.490511570191248650e-02 1.514851432785204420e-02 1.558651267925015814e-02 1.556229334880658392e-02 1.556238493575194844e-02 1.541692939225564919e-02 1.388929893580665050e-02 1.694268638182083730e-02 1.507785881188284348e-02 1.632347847112976258e-02 1.557648735211550686e-02 1.551820626387024650e-02 1.467599392200679906e-02 1.435694470457152608e-02 1.468527419272655683e-02 1.755100425601675493e-02 1.522208920806143208e-02 1.798830709916980977e-02 1.878731470170024939e-02 1.942287055819121380e-02 1.496854719616719578e-02 1.697119173899371003e-02 1.874823054012556348e-02 1.738883756146342857e-02 1.644334879042108968e-02 1.674126501966797381e-02 1.800224783935702386e-02 1.773259058794754081e-02 1.603940595195465016e-02 1.691615190178953967e-02 1.652212664709398413e-02 1.603213347414755158e-02 1.708457587292059113e-02 1.692350618824025807e-02 1.638282824336677324e-02 1.827077593049658555e-02 1.908516292697640809e-02 1.892731496158934004e-02 1.615737422554202815e-02 1.922201907943239807e-02 1.777817877385030193e-02 1.816725052466263562e-02 1.714424412992502506e-02 2.118421288125270363e-02 1.819955086857054719e-02 1.827106311151492635e-02 1.829049759282412937e-02 1.934695940158611197e-02 1.924921861066158230e-02 1.966820538770337398e-02 1.595077665004248843e-02 1.799079854369902906e-02 2.090485566953867794e-02 1.773560274723697330e-02 2.017535024670998739e-02 1.857022566478189196e-02 1.778097818188250842e-02 1.852022983380827506e-02 1.852619691558645906e-02 1.870206345194675573e-02 1.933242663562879590e-02 2.008188759485319067e-02 1.872332176267781437e-02 1.740666699040499185e-02 1.899162321203481940e-02 1.837619955760377496e-02 1.950303222080714341e-02 1.943100281824636580e-02 2.155700255090030673e-02 1.890036926766355124e-02 1.886157640457958654e-02 1.913833292850351114e-02 1.832672708497939257e-02 1.871721988779268334e-02 2.125566158234673889e-02 1.891749449138787134e-02 1.847655542156454236e-02 2.174454616236924653e-02 1.912315027688995042e-02 2.090614821277568536e-02 1.916652712638756625e-02 2.069595257899588259e-02 2.092618332029275510e-02 2.207754401473357650e-02 1.899038500017668704e-02 1.974180749466405635e-02 2.116405357806027190e-02 1.942209122194101314e-02 1.857259768744186010e-02 1.915550036921140342e-02 2.184619942518002678e-02 2.166552697644932857e-02
1.170425916818149635e-02 1.080571909058171583e-02 1.161406332412254216e-02 1.232275095769300860e-02 1.146368969313279335e-02 0.000000000000000000e+00 9.608835301716311256e-03 1.123086657584002578e-02 1.150858187282526382e-02 1.215452655898465947e-02 1.152800028458872417e-02 1.376903690727255755e-02 1.165681250988482610e-02 1.207611677576844039e-02 1.095516170696343543e-02 1.278155756677974361e-02 1.251671295939298274e-02 1.173536783085753037e-02 1.368963559640506977e-02 1.259093598168942348e-02 1.293149768711631710e-02 1.407645985081156133e-02 1.146682877882983058e-02 1.204170832331221373e-02 1.208478104613622088e-02 1.347180893882619392e-02 1.348403150580139431e-02 1.277471867136162516e-02 1.514453031292815541e-02 1.155986805635709179e-02 1.352806473636264210e-02 1.472068430214222567e-02 1.470198071573495385e-02 1.522769583351763628e-02 1.432069138941840201e-02 1.407815358915106944e-02 1.511204292284509983e-02 1.607520322932166901e-02 1.583486579516475701e-02 1.589350163430681626e-02 1.517844386303689522e-02 1.509317630782840147e-02 1.421615358278813419e-02 1.706739879447505964e-02 1.523580210523699241e-02 1.649390642505393217e-02 1.508111038299982630e-02 1.647480207125704560e-02 1.549057325691483543e-02 1.537662176284723334e-02 1.506105051643285772e-02 1.843144886883617620e-02 1.628569444141875905e-02 1.807123688991548252e-02 1.912089622933660360e-02 1.983016181876342404e-02 1.585772067659804024e-02 1.728971698538270957e-02 1.899147277355853203e-02 1.691755708474032213e-02 1.678186163180224108e-02 1.704793230344930910e-02 1.842162181453168776e-02 1.808800009399402775e-02 1.700602846608816401e-02 1.706504874057377524e-02 1.678607285194625917e-02 1.693650417928405441e-02 1.740349182140708828e-02 1.664792035871468998e-02 1.669671349998367790e-02 1.850878041813059857e-02 1.862356103458030418e-02 1.840555865914890107e-02 1.640291955701309728e-02 1.946351415201078364e-02 1.720199158144611329e-02 1.845719737756972706e-02 1.801458128124226385e-02 2.155765448821354846e-02 1.850404731168855607e-02 1.857440006496539897e-02 1.860587923839103139e-02 1.965288712264357668e-02 2.023840048487335688e-02 1.994392406531218104e-02 1.689153961017060210e-02 1.820052967218954709e-02 2.111315464072310508e-02 1.801023011109097530e-02 2.045874797403663195e-02 1.887023495154153963e-02 1.803539752840995283e-02 1.875665614414999058e-02 1.875912270022296255e-02 1.895935853209464172e-02 1.954275296659907513e-02 2.033277645080846033e-02 1.816870599195903255e-02 1.765772086461117260e-02 1.929843446327210096e-02 1.862504043965860015e-02 1.973922755970112727e-02 1.966044190353139279e-02 2.173215382320078937e-02 1.913252684392507605e-02 1.971962070448125132e-02 1.945365575399129326e-02 1.874448911722299480e-02 1.899974909138855972e-02 2.157803237665505136e-02 1.912731612350251562e-02 1.807448329089223968e-02 2.205666466992500796e-02 1.949789596089803942e-02 2.126634464426681304e-02 1.950234697500349140e-02 2.080722811711010686e-02 2.125362865873023713e-02 2.235314893727899030e-02 1.933008877576521123e-02 1.997818232861835880e-02 2.141617415712807754e-02 1.967610459896426689e-02 1.810644534981590073e-02 1.944824996276070181e-02 2.218079237995999875e-02 2.173117865164850976e-02
9.428455978554402955e-03 8.667850981067313706e-03 9.516693949901358640e-03 1.028738014220654390e-02 9.188837033647053940e-03 9.608835301716311256e-03 0.000000000000000000e+00 9.006911506521299987e-03 9.913421934356079004e-03 1.001153907831588141e-02 9.455094159343707325e-03 1.189953984267046010e-02 1.005537107286889539e-02 1.059804933392646115e-02 9.235900836382317583e-03 1.137532667536927770e-02 1.052920334045302775e-02 1.027674440800190221e-02 1.225984446770082142e-02 1.131091453038660100e-02 1.122020418247395013e-02 1.219433142413182437e-02 9.707627923476864346e-03 1.017728880802497640e-02 1.043181265860981290e-02 1.164843670028567826e-02 1.161054919866299183e-02 1.098048199767986260e-02 1.368328688384783803e-02 1.027577549427169563e-02 1.199328712135592015e-02 1.330755872663259842e-02 1.294220349991200350e-02 1.384778182669900264e-02 1.321947971967885049e-02 1.257368311657087838e-02 1.341925145425750324e-02 1.474793628800209061e-02 1.465132840488306276e-02 1.466547014830308152e-02 1.420334942451837411e-02 1.446915019586484871e-02 1.286335767748500794e-02 1.594250814706202335e-02 1.411344121231191372e-02 1.528502633181187502e-02 1.414877846954116017e-02 1.518439993426962294e-02 1.385383411901536417e-02 1.408665458387507209e-02 1.369056324605991831e-02 1.730005405098879179e-02 1.500179923081562845e-02 1.712228793217622502e-02 1.793500886954169787e-02 1.873716111157575429e-02 1.461060174409159647e-02 1.573417783207749568e-02 1.796504567704785074e-02 1.642706516603019765e-02 1.551490482154782753e-02 1.544964434708553241e-02 1.733092837476069015e-02 1.697581370988435895e-02 1.572070327752778107e-02 1.551963030393407016e-02 1.555647980925575248e-02 1.566732107398730728e-02 1.579209540789418970e-02 1.608726635015350626e-02 1.513763324675598300e-02 1.700718486294185497e-02 1.825763859549809839e-02 1.802908533189472723e-02 1.519928723507899156e-02 1.841139873102213761e-02 1.643840334520850141e-02 1.734234802190302849e-02 1.686996166821016011e-02 2.054626472133281798e-02 1.734049395891461287e-02 1.753933351134351337e-02 1.740627266020623037e-02 1.863190542287680718e-02 1.916321543188729062e-02 1.842804650101577402e-02 1.527992393950763916e-02 1.717018824903621468e-02 2.007171572059809547e-02 1.688991995064287668e-02 1.938487103932354239e-02 1.782993075011866935e-02 1.681265089877426872e-02 1.762983150130168278e-02 1.725939240781283746e-02 1.783410242650970007e-02 1.856632935664170522e-02 1.924437526290547970e-02 1.774595374784478097e-02 1.644876136264088878e-02 1.816027242846104256e-02 1.755932850067795647e-02 1.822667633344998359e-02 1.861164091698455300e-02 2.082711384652085815e-02 1.804650684137916114e-02 1.869002825845135149e-02 1.839711905124533434e-02 1.754946658006058258e-02 1.785356686643392587e-02 2.061418860756613139e-02 1.810759152880432252e-02 1.722292913962875441e-02 2.101280145420304085e-02 1.836587192880001496e-02 2.025974037746402709e-02 1.799129890442108942e-02 1.989782310406715965e-02 2.025211229291587131e-02 2.133598987563689944e-02 1.822072876189555213e-02 1.898412445180470975e-02 2.044274181452848671e-02 1.859438468519205440e-02 1.773219987118411847e-02 1.839845549867928989e-02 2.114958239847457289e-02 2.089711835809652044e-02
1.067474224401569922e-02 9.754136964621703751e-03 1.059044209471038736e-02 1.128831193935657742e-02 1.020962907727805506e-02 1.123086657584002578e-02 9.006911506521299987e-03 0.000000000000000000e+00 1.133288954439294442e-02 1.093746106957551104e-02 1.049932147002832251e-02 1.280460132580267356e-02 1.120987777676584612e-02 1.150817645831861240e-02 1.083904824001842397e-02 1.219676621516514216e-02 1.189359176749565060e-02 1.153750691015055681e-02 1.323960252231868445e-02 1.273979517895590038e-02 1.228860253144310570e-02 1.338626283864085414e-02 1.132599301342338861e-02 1.109415495839648907e-02 1.181942120513754940e-02 1.227802749691318460e-02 1.298201187332524709e-02 1.229062520800938349e-02 1.460024597617121285e-02 1.104340940568600792e-02 1.248615912378538834e-02 1.423576823817981375e-02 1.422668765993479606e-02 1.417987236086396333e-02 1.442834111373708129e-02 1.353875227238457088e-02 1.470664224577998558e-02 1.560239170206845910e-02 1.543076572268866492e-02 1.492076597938462451e-02 1.546404299773399688e-02 1.530041681318454125e-02 1.383185253208252599e-02 1.681391549460177146e-02 1.495347577128472438e-02 1.614848821655408273e-02 1.543617468095165660e-02 1.545380868420776280e-02 1.503970064497540948e-02 1.482776463403771491e-02 1.387373355601166994e-02 1.805267644999737284e-02 1.578422538229828226e-02 1.789098179192055368e-02 1.870861868382635643e-02 1.936749121682587726e-02 1.542717779642079935e-02 1.691424151689958910e-02 1.856610915086647634e-02 1.727565810377499136e-02 1.619490051530789523e-02 1.647146875943528849e-02 1.806352295421714826e-02 1.768778584801778894e-02 1.589063555766000169e-02 1.679790876692617563e-02 1.637317046767400308e-02 1.650812613761993425e-02 1.699482474901637535e-02 1.617320249843195307e-02 1.634724390740991545e-02 1.814027833941385046e-02 1.900427673849470339e-02 1.877327987406402984e-02 1.608412109185672345e-02 1.912930518933007168e-02 1.767585058509915999e-02 1.799629259184312713e-02 1.759851665116867955e-02 2.115358358731410718e-02 1.812810383089481781e-02 1.823277711344907515e-02 1.816024147912373779e-02 1.928244549101479355e-02 1.980456834045759423e-02 1.962969275494067314e-02 1.641265282019276767e-02 1.785409860200316487e-02 2.077544947865507877e-02 1.762274699549898002e-02 2.009305232440544361e-02 1.846114753986830698e-02 1.761053482585069746e-02 1.840084294139038290e-02 1.841420861416708313e-02 1.844287036225199586e-02 1.929789030318190476e-02 1.924796346151672402e-02 1.860081569296254123e-02 1.732777394845497546e-02 1.879604346152626351e-02 1.824057843123681397e-02 1.942408011155880021e-02 1.928492535738915437e-02 2.146077395084781958e-02 1.879283909201078309e-02 1.873448869068224804e-02 1.899931820384509473e-02 1.766163225611065354e-02 1.856291974059472508e-02 2.122581330022479951e-02 1.882350067715349642e-02 1.832782727471422499e-02 2.173371571727175655e-02 1.908547206484325492e-02 2.085086665111704485e-02 1.909769447046229252e-02 2.060869955174184781e-02 2.092715636965724116e-02 2.193719831045034055e-02 1.895023689305749826e-02 1.964054417022955898e-02 2.106554563934504021e-02 1.931377173623195775e-02 1.848752589670482616e-02 1.901156309369391242e-02 2.179816222768824266e-02 2.158878073738634482e-02
1.130706076109680089e-02 1.065430706179617409e-02 1.121220282055487849e-02 1.232828623382322894e-02 1.103037160321494736e-02 1.150858187282526382e-02 9.913421934356079004e-03 1.133288954439294442e-02 0.000000000000000000e+00 1.171621618317532712e-02 1.146156942029112266e-02 1.377730640221225267e-02 1.215865457561682988e-02 1.261376755694223160e-02 1.152783816260715549e-02 1.322140784902345670e-02 1.268865840316805299e-02 1.233246370465785821e-02 1.333946491424542989e-02 1.320904331843507709e-02 1.285859775072473871e-02 1.406484934606021080e-02 1.209401575876935253e-02 1.241140097619425862e-02 1.255007154697628143e-02 1.359947150526690483e-02 1.352154395841567540e-02 1.293859286938222122e-02 1.518263891517190010e-02 1.188727517526971464e-02 1.307651488425329994e-02 1.412502389635457607e-02 1.483019361578651919e-02 1.518874229924107623e-02 1.498219114670452587e-02 1.421389159451444048e-02 1.527292492681004039e-02 1.612398270788818061e-02 1.584043102927390825e-02 1.592021775727578414e-02 1.593124511076493902e-02 1.580779214115935263e-02 1.425885945115200858e-02 1.711091121407206164e-02 1.546982452058054923e-02 1.663733390271955603e-02 1.576370698234625528e-02 1.650212562658786783e-02 1.563452147909419332e-02 1.467937695435047284e-02 1.519616845176246372e-02 1.778648810159845842e-02 1.616203520516730149e-02 1.761331431097137856e-02 1.914013181578232484e-02 1.979233161007326255e-02 1.530448210537750479e-02 1.664130028349933635e-02 1.905572975743619404e-02 1.704319492063308128e-02 1.679650009908073560e-02 1.712512100968729967e-02 1.769076211775847535e-02 1.741779572789917130e-02 1.690654490495045389e-02 1.719793827197094865e-02 1.689435104785894787e-02 1.698062427959054488e-02 1.743478110340236642e-02 1.734887223558847363e-02 1.686968436525862480e-02 1.855460033687706886e-02 1.933606887167686403e-02 1.918940138393740794e-02 1.653622756568159241e-02 1.948179761744377181e-02 1.799469698536523138e-02 1.847201402718211607e-02 1.807074501488329515e-02 2.151308630037895853e-02 1.847884024443930545e-02 1.873416468346231212e-02 1.861361286132105428e-02 1.972531447911397492e-02 2.015198585224142400e-02 2.003288162667001687e-02 1.693658413144212907e-02 1.766188512951516465e-02 2.120618446010744812e-02 1.736105255428754823e-02 2.051428179000035559e-02 1.890386678338041443e-02 1.802877847172720815e-02 1.887582307441604615e-02 1.886060645713511646e-02 1.890239941353218101e-02 1.964012297120935890e-02 2.040669843001545816e-02 1.898432622270594672e-02 1.770915503189160814e-02 1.930791744280931088e-02 1.865941400433807074e-02 1.979602645363993246e-02 1.970877398699878366e-02 2.172661713731019115e-02 1.922685805346252552e-02 1.983922827863679461e-02 1.953006195312762330e-02 1.875372807186367896e-02 1.907918381695637017e-02 2.157056734620453955e-02 1.906684070069653014e-02 1.807438455379424200e-02 2.213143736373957352e-02 1.953597308416715403e-02 2.125691129942198013e-02 1.954726605231103462e-02 2.101397904734433539e-02 2.046238058256891895e-02 2.232657702966831317e-02 1.924620070134887978e-02 1.999069982789562078e-02 2.151207921211119659e-02 1.889646828632411679e-02 1.873783846031637154e-02 1.947599011353499249e-02 2.217831257641983758e-02 2.114368860923470858e-02
1.138976220295571766e-02 1.078270245213833710e-02 1.180924517538849139e-02 1.241967401775883120e-02 1.108107872443094520e-02 1.215452655898465947e-02 1.001153907831588141e-02 1.093746106957551104e-02 1.171621618317532712e-02 0.000000000000000000e+00 1.117935143031404538e-02 1.394178819475528838e-02 1.236364876532190099e-02 1.266374929297535423e-02 1.176347529627917547e-02 1.326811903746757254e-02 1.262952236113543993e-02 1.236701537640008154e-02 1.377861070325456065e-02 1.342998991937436465e-02 1.255027609348380660e-02 1.343058272528877863e-02 1.215441023793784742e-02 1.238587514232754316e-02 1.249316660197022540e-02 1.345698849029989055e-02 1.362102504261811578e-02 1.251853017291538160e-02 1.460997066941936706e-02 1.215291108034210858e-02 1.363645077698023324e-02 1.425174771965937760e-02 1.487055897376198497e-02 1.533243260573986452e-02 1.495059466721749067e-02 1.414981697291022716e-02 1.532683800099522708e-02 1.615674208980854773e-02 1.599200285224792323e-02 1.607269818548757653e-02 1.612209208062044888e-02 1.592689630638561768e-02 1.442164649196192930e-02 1.732516395963770370e-02 1.559879093352582909e-02 1.661351577136440522e-02 1.599430788301660702e-02 1.574777201437372806e-02 1.569909930758679045e-02 1.536967664572844346e-02 1.507267169322480151e-02 1.852833743077059864e-02 1.616131815969715224e-02 1.838066721799446607e-02 1.909018494329832102e-02 1.908279995992732611e-02 1.573503125638500005e-02 1.743140732293528908e-02 1.906417848049767397e-02 1.776754165236345620e-02 1.621796389365069702e-02 1.718007773584698250e-02 1.851195990213608950e-02 1.817792027213473507e-02 1.703655832703108997e-02 1.732214346275626204e-02 1.676756431348314091e-02 1.707649412724935103e-02 1.686600320725076610e-02 1.738647151556173623e-02 1.677688271089496433e-02 1.854100527687107744e-02 1.950910067277285623e-02 1.924119387881484400e-02 1.646879237601352533e-02 1.953918714256911576e-02 1.816506043037233523e-02 1.846229660358045602e-02 1.809832567995645070e-02 2.076040854064592489e-02 1.854979041045069083e-02 1.875835345444878260e-02 1.865657039310599646e-02 1.906088165965853440e-02 2.026662701686528581e-02 2.003231321563557835e-02 1.691178190112236149e-02 1.841408411403207962e-02 2.122092008866737281e-02 1.814374983035792199e-02 2.053874000994619642e-02 1.901073022830587073e-02 1.808205912858926873e-02 1.822058147809780745e-02 1.893878944332259839e-02 1.904035647770227491e-02 1.965759212786584442e-02 2.042184858757256291e-02 1.898928321029891286e-02 1.775763890214342514e-02 1.934014003719166860e-02 1.872049145690736840e-02 1.983065505061343270e-02 1.975654589120750398e-02 2.192390308318180672e-02 1.919387618174533267e-02 1.979297032760691730e-02 1.955066839282201471e-02 1.807432596338877373e-02 1.900062958276364095e-02 2.159749267040451254e-02 1.858818264534537260e-02 1.889364005202447822e-02 2.216891248470539283e-02 1.953226677484510773e-02 2.057265872950208782e-02 1.960260429458111561e-02 2.101292408309937687e-02 2.130156982098228846e-02 2.241963802455009674e-02 1.930743091292323743e-02 2.009085345722273069e-02 2.152452372033012915e-02 1.976145199131621247e-02 1.893069068849687064e-02 1.950895755330071465e-02 2.222750883286178300e-02 2.192050086828411723e-02
1.104517737394243408e-02 1.057723189663740265e-02 1.095169037309535326e-02 1.189642971106970315e-02 1.068726120430467212e-02 1.152800028458872417e-02 9.455094159343707325e-03 1.049932147002832251e-02 1.146156942029112266e-02 1.117935143031404538e-02 0.000000000000000000e+00 1.356004293269215052e-02 1.147876480280694486e-02 1.216278641529745450e-02 1.121739123007993964e-02 1.237727936495853359e-02 1.233524164197315892e-02 1.151337020289748027e-02 1.340367914522609671e-02 1.300612881412854457e-02 1.240796956614076234e-02 1.363464358969853317e-02 1.152940969119326323e-02 1.191168455549260555e-02 1.213247730519676458e-02 1.307788187918512354e-02 1.299702882662277445e-02 1.245610899620608163e-02 1.419780568059650361e-02 1.141332088157544916e-02 1.306439542939678324e-02 1.385137637560939460e-02 1.444148074957743097e-02 1.494627295334614338e-02 1.465358766842393863e-02 1.334597488828338958e-02 1.495856098323142085e-02 1.570371668070375329e-02 1.552523748169399101e-02 1.516139995235451024e-02 1.574089681123257492e-02 1.555996774045864499e-02 1.411118376393301864e-02 1.690588794992802651e-02 1.520671805132573461e-02 1.631903234592858853e-02 1.552076000182639470e-02 1.619434849028054610e-02 1.534112974594133670e-02 1.508913931143422531e-02 1.463416952260808944e-02 1.824883134135541277e-02 1.517101588662497606e-02 1.807409553905045194e-02 1.823414867198352649e-02 1.882314747789001763e-02 1.551337497432937577e-02 1.715108664686157414e-02 1.883970595908224244e-02 1.685368518405774840e-02 1.576370018742472359e-02 1.673758681820024241e-02 1.818255137260338036e-02 1.714484056563510272e-02 1.672351353632984400e-02 1.691372181959521076e-02 1.656803854027545306e-02 1.673531530850345256e-02 1.715430657256231464e-02 1.707752221498108972e-02 1.658204719297139140e-02 1.758588127768593440e-02 1.917329518280472961e-02 1.898169013358849688e-02 1.628812954237575730e-02 1.924069843448433792e-02 1.784050880433369138e-02 1.752679865644173399e-02 1.773212519974104104e-02 2.132650102633109127e-02 1.820807814652750101e-02 1.841112417130739629e-02 1.830913520895719945e-02 1.941859791647732730e-02 2.000697683170175184e-02 1.966508638272523521e-02 1.660431841061553795e-02 1.807222978037668210e-02 2.092073412493550971e-02 1.784809336161875815e-02 1.959405079719986342e-02 1.803764586950094145e-02 1.781287806797585485e-02 1.858672379347158995e-02 1.862683080660143195e-02 1.870006982072060925e-02 1.931422203956494749e-02 2.011690807438826223e-02 1.877527828555487777e-02 1.745202578721560815e-02 1.907574142170019235e-02 1.838788791445587073e-02 1.955622395836962776e-02 1.942893291596537592e-02 2.161366152953424560e-02 1.816572434655708973e-02 1.951457206050644794e-02 1.858915384339823035e-02 1.848631088571251954e-02 1.878076359475681911e-02 2.115647257962709887e-02 1.897281427634184975e-02 1.854564271614824247e-02 2.178471570166924665e-02 1.929757086827455642e-02 2.101844243012905566e-02 1.928701454471691557e-02 2.078430640928158671e-02 2.022871187026432580e-02 2.212041538893148862e-02 1.902923836126137538e-02 1.975742390559114686e-02 2.119293377090859104e-02 1.945258538984144178e-02 1.801734746359086661e-02 1.849840999578974271e-02 2.194560864043361426e-02 2.165756767622549483e-02
1.309292643504730326e-02 1.255080845786597961e-02 1.366557615655416419e-02 1.362414114898029098e-02 1.297815234398430780e-02 1.376903690727255755e-02 1.189953984267046010e-02 1.280460132580267356e-02 1.377730640221225267e-02 1.394178819475528838e-02 1.356004293269215052e-02 0.000000000000000000e+00 1.408521098875845784e-02 1.434587127946184218e-02 1.346932473786087436e-02 1.494399015823296047e-02 1.434666324232724936e-02 1.361970616902643400e-02 1.539309930336745305e-02 1.495946051321175342e-02 1.467819866233449969e-02 1.546467221718983605e-02 1.331474156958780894e-02 1.407611986663782032e-02 1.419066191057264011e-02 1.510746476181071621e-02 1.516798367922921748e-02 1.466575515430397665e-02 1.659441440241859328e-02 1.395873600997483456e-02 1.518562763176175417e-02 1.621368490324849934e-02 1.551127933952162197e-02 1.662674880389996765e-02 1.640664187411258051e-02 1.565169345568863044e-02 1.661013201953386378e-02 1.715580940650810945e-02 1.728757367358412997e-02 1.728228843854338545e-02 1.736124156287640816e-02 1.719452128654416767e-02 1.580713261276437201e-02 1.850239713593842747e-02 1.691151887289435787e-02 1.789611319575208984e-02 1.720581467837554654e-02 1.773356808006263177e-02 1.698401310514848286e-02 1.681382426108050249e-02 1.657398311685544939e-02 1.960098943989230930e-02 1.765070118979752273e-02 1.949064917407212355e-02 2.020386924667854495e-02 2.097362221307810456e-02 1.727526620936030433e-02 1.771623027967222930e-02 2.023194417627531896e-02 1.895477497330768854e-02 1.813461699606784203e-02 1.834214762332506132e-02 1.960667690003382868e-02 1.936389084402285327e-02 1.824960885537404293e-02 1.844067997758473687e-02 1.814283093429266969e-02 1.823468970340587358e-02 1.865562218689259186e-02 1.854126690536665387e-02 1.811889882265588572e-02 1.972812999922459939e-02 2.052548244059854143e-02 2.033066375542491241e-02 1.781700692119707677e-02 2.067582921431337928e-02 1.930737228628311500e-02 1.966404926554012403e-02 1.925054995486161560e-02 2.262218391062444448e-02 1.950150913779971976e-02 1.987072544514614444e-02 1.975363735946032706e-02 2.085805111225713659e-02 2.132985830504171773e-02 2.106834473303224875e-02 1.816508214145553038e-02 1.955464803431032975e-02 2.223944569420664708e-02 1.931311817727394270e-02 2.156170821273185184e-02 2.009398198740368000e-02 1.921951816990842554e-02 1.999584689752684913e-02 1.994815422111754361e-02 2.008536022410594910e-02 2.068108723490445430e-02 2.143844298907764470e-02 2.017959671642088199e-02 1.897344248780821058e-02 2.045069921263115154e-02 1.986874644235415294e-02 2.089060871347208845e-02 2.085618231561390395e-02 2.291744540317177531e-02 2.032118595837042671e-02 2.085947550055733402e-02 2.065174917479761785e-02 1.987222419505278032e-02 2.010129585875201214e-02 2.267758841932650954e-02 2.040534294127710480e-02 1.905019101963083966e-02 2.310123807852354147e-02 1.952127408651381513e-02 2.236620544654261203e-02 2.060389898175308057e-02 2.203829404215000565e-02 2.235517603948270621e-02 2.341178705019150014e-02 2.047238558961545982e-02 2.110029383997209101e-02 2.255836124583808153e-02 2.082954251469418261e-02 2.004111793501615543e-02 2.064187541118542302e-02 2.201539705197849001e-02 2.300050169757401897e-02
