0.000000000000000000e+00 7.908611897857128342e-03 7.798497058708103204e-03 7.745843460917532092e-03 7.918240856892038229e-03 8.178169659904742719e-03 8.260478426139418809e-03 9.576415104362691680e-03 8.351825292374612589e-03 8.191556342101174656e-03 9.379631402730790810e-03 8.269585239705279367e-03 8.199965812333029000e-03 7.799093833098185921e-03 8.692238701235796561e-03 8.035510463910535903e-03 7.883566900699261540e-03 8.379543084207229445e-03 7.914604281118012979e-03 8.459696804347752522e-03 9.304320379720846385e-03 8.402964031227904557e-03 7.980268514406349545e-03 7.939561759805145377e-03 8.040588088292313987e-03 7.820588613543651493e-03 7.937616871884722175e-03 8.477004815981502642e-03 8.634642295131748566e-03 8.330662200198213005e-03 8.016356788425525043e-03 7.770250320844010461e-03 8.077747971941159205e-03 8.455881392915904834e-03 7.643225713088308039e-03 8.463434778689495411e-03 8.804193716331119510e-03 8.426494818778225426e-03 9.213552896012732613e-03 7.823859891456919416e-03 8.551786329800642114e-03 7.748628954382997570e-03 8.141869557782090844e-03 8.302434876218076423e-03 9.051573753263103192e-03 8.491047043663995861e-03 8.612181210342561080e-03 8.531418098299147282e-03 7.783870160950137791e-03 8.097399113934223083e-03 8.073213127991795204e-03 8.507753668733948268e-03 8.645169215458556669e-03 8.346745701553035315e-03 8.162880693413742186e-03 7.969615500447852635e-03 8.306255177504422854e-03 7.822358536078904967e-03 8.257166793941892943e-03 8.022637161375217874e-03 8.258792694174999643e-03 8.718929207909115534e-03 8.724362383055621339e-03 8.395410976685136265e-03 8.558148677609947116e-03 7.917137746767017453e-03 8.216551072961200339e-03 9.479276153731557020e-03 8.228510421043779346e-03 8.264396314930779613e-03 7.797864783338786902e-03 8.681054508238177786e-03 8.004357168728111482e-03 7.811259090010433219e-03 8.261999610152306189e-03 8.409789408042302183e-03 8.060833495150325143e-03 8.867926923107945919e-03 8.484813251600340292e-03 8.586188889568422203e-03 8.079092745259990396e-03 8.431084424490248655e-03 8.440821925434818448e-03 8.080472483946710832e-03 7.758700486979648765e-03 7.830411467811436085e-03 8.782689406463461620e-03 8.113282135830564984e-03 8.050115578127740174e-03 8.119592183885174577e-03 8.077462819526070800e-03 8.832800206725116218e-03 8.010907116844503961e-03 8.107734982186073913e-03 8.383873447713574567e-03 8.223635431965201428e-03 8.223427671171715594e-03 7.936648142608006273e-03 9.070592906318321325e-03 8.752923170022625446e-03 8.608377455901263312e-03 7.832945143305467331e-03 9.118265139874986991e-03 8.182629758866723224e-03 7.795656866932740639e-03 8.162498272532634283e-03 7.968171535790437646e-03 8.775393565412001329e-03 8.264223422257499160e-03 7.994641421089843797e-03 8.220705570157931311e-03 8.692205868017794518e-03 7.749448725462747961e-03 8.055306367412948948e-03 8.223838045689072992e-03 8.465901701790595757e-03 7.361177136924153437e-03 8.287049679851608494e-03 8.085561509691996732e-03 7.739455719630312057e-03 8.439125897685589503e-03 8.436730730743023307e-03 8.171512029905124083e-03 8.123591946270788608e-03 8.622236008166443352e-03 7.994336929745826659e-03 9.245591164720786542e-03 7.822639362716002354e-03
7.908611897857128342e-03 0.000000000000000000e+00 7.671308871201753046e-03 7.612410035205308297e-03 7.794684725206321718e-03 7.920856671316910472e-03 8.162504207059268282e-03 9.469818129206726554e-03 8.389991568747588377e-03 8.075691819100496924e-03 9.279164657714455283e-03 8.141911424065249869e-03 8.093629914487813354e-03 7.683713521216765929e-03 8.440261857691326933e-03 8.040914787527907170e-03 7.616710990824919134e-03 8.400724258485489995e-03 7.789297988812970454e-03 8.199791241877104828e-03 9.045328188880949125e-03 8.303951298486177135e-03 7.734944458041718811e-03 7.796476401918752720e-03 7.905890539613966844e-03 7.814789346774150131e-03 7.679529992906949411e-03 8.215685088145149514e-03 8.514617867661304282e-03 8.217163480587850316e-03 7.896787486361789982e-03 7.517458397163627806e-03 7.962400913580055042e-03 8.359359791047373672e-03 7.660848385574377598e-03 8.352956784754570277e-03 8.706810120458308849e-03 8.334324842147435713e-03 9.123720420836334624e-03 7.582046690301809042e-03 8.435903039292261957e-03 7.746241836186914913e-03 8.040728601258394226e-03 8.193201598702341826e-03 8.965017188260107628e-03 8.394549507304290004e-03 8.507146188005165408e-03 8.296718936814833842e-03 7.657345549437953765e-03 7.981361257580863941e-03 8.103173479533402543e-03 8.269054674088626572e-03 8.545350303210403134e-03 8.238443685244820763e-03 8.051236739420479516e-03 7.746093566684262785e-03 8.204452134359201815e-03 7.708423632632357796e-03 8.138275894156447171e-03 7.906730233850221140e-03 8.152984228965915944e-03 8.614823914591307821e-03 8.772334024404337613e-03 8.282758266049863871e-03 8.427532327606278642e-03 7.786395482855773369e-03 8.110839504255307544e-03 9.391013824745230582e-03 8.002645371406021460e-03 8.279610832717682750e-03 7.675747810959920869e-03 8.437959510460177684e-03 7.881220039914199962e-03 7.689236118890351891e-03 8.156407911188663651e-03 8.313931066768392997e-03 7.809835194640545215e-03 8.759677611603287548e-03 8.228509691475087429e-03 8.467567172597560005e-03 8.091738910750757158e-03 8.317786834830745088e-03 8.298575143786927552e-03 8.105274500903984075e-03 7.639422511567432392e-03 7.835587433504475133e-03 8.685189572559872187e-03 7.998191543452453159e-03 8.066859639332299783e-03 7.995389691529941265e-03 7.835358776493729291e-03 8.734948314402794789e-03 7.907602983128992832e-03 8.012104333843104997e-03 8.418151206165363012e-03 8.119513385031905742e-03 8.123823344170319483e-03 7.667514986064544527e-03 8.822341240927122907e-03 8.654148927148639509e-03 8.385927767713272779e-03 7.708604703907761049e-03 9.014093614617324848e-03 8.208847609604361800e-03 7.688077482858312987e-03 8.181157903923753222e-03 7.837765181559477531e-03 8.667063510001869753e-03 8.149842554619235110e-03 7.900396885117960330e-03 8.089518460009794548e-03 8.592902010688746248e-03 7.498748067658058368e-03 8.087933751052146097e-03 8.265147769440301870e-03 8.346673432462446696e-03 7.232625843052604628e-03 8.188160449763871862e-03 7.974635501980364277e-03 7.610279420199058016e-03 8.482258080105262166e-03 8.327795968456345316e-03 8.204196365907200778e-03 7.892823297490093523e-03 8.519329073189129201e-03 8.000932442717823001e-03 9.148931240915786356e-03 7.694773734521510693e-03
7.798497058708103204e-03 7.671308871201753046e-03 0.000000000000000000e+00 7.630568425248221952e-03 7.797077603934061095e-03 8.062443041976946959e-03 8.167583538038933680e-03 9.491527824845337469e-03 8.259901713784897556e-03 8.087448238595747879e-03 9.135745896494908494e-03 8.013582935012720024e-03 8.104085329858155134e-03 7.686297674235941305e-03 8.441998162111982729e-03 7.927187583554925338e-03 7.765876079677758864e-03 8.408974437634100449e-03 7.930026941314224226e-03 8.209376116099205770e-03 9.036228411102803157e-03 8.461005550152594229e-03 7.736930046210867100e-03 7.815601636163039059e-03 8.053399656831956160e-03 7.698454402646002018e-03 7.687271429504853419e-03 8.225313907518591247e-03 8.665438488480146223e-03 8.224031290592733606e-03 7.902721296293024542e-03 7.531472238638559427e-03 7.985481500219047610e-03 8.355307194924667738e-03 7.661674949550146239e-03 8.369480184832241848e-03 8.726231176047594129e-03 8.326981875515698794e-03 9.134847076282447131e-03 7.703985189623172199e-03 8.442995484193378114e-03 7.641981240165179358e-03 8.062317094038887189e-03 8.202642617505287795e-03 8.965111073132596767e-03 8.402739107201134469e-03 8.373909622580570991e-03 8.429753377300841510e-03 7.670890582975831325e-03 7.988822769910756266e-03 7.979384045435061051e-03 8.416583253149973257e-03 8.557710501316340493e-03 8.126757285983193801e-03 8.065589353838151232e-03 7.869635404601855316e-03 8.200829325277566792e-03 7.723715618063111896e-03 8.155274436392745407e-03 7.782442018961967939e-03 8.154050395146446306e-03 8.611284604128221706e-03 8.776048281600052139e-03 8.157474671517006559e-03 8.453914286109422485e-03 7.797030170656453311e-03 8.119105994159308420e-03 9.401921353872296633e-03 7.997821562873420193e-03 8.157822797258787104e-03 7.808021006087286983e-03 8.464857917605159501e-03 7.875582730417706248e-03 7.837244551838280088e-03 8.293548185054679459e-03 8.315323670170009229e-03 7.928409590038256946e-03 8.777396077037558433e-03 8.242954740260101734e-03 8.489308183500819671e-03 7.978283421202450598e-03 8.335507371584461797e-03 8.189729236825024627e-03 8.111627817965462450e-03 7.770461536127234829e-03 7.735389609444735630e-03 8.694762283002924891e-03 8.005330586006852156e-03 8.073935866624000826e-03 8.008780877463220205e-03 7.972684860951597188e-03 8.742745740781749861e-03 7.788747214686795629e-03 8.013949154081755413e-03 8.422902111153750607e-03 8.250792324321484447e-03 8.134308291099262567e-03 7.812698486425758912e-03 8.967058538097575152e-03 8.658868486799677078e-03 8.522295613686314483e-03 7.724380771623339317e-03 9.031239786540851480e-03 8.086397358016549075e-03 7.694539323805509555e-03 8.187680498865496787e-03 7.730990223330378580e-03 8.663750114190321705e-03 8.167965495513882651e-03 8.020419972098820696e-03 7.979979632523240274e-03 8.590345604602230359e-03 7.497815553643203020e-03 8.088235234691751319e-03 8.264200301477194963e-03 8.369700763372754648e-03 7.357465807989960194e-03 8.314487390517967536e-03 7.863256390774351137e-03 7.625213419021665932e-03 8.490818951742673190e-03 8.336339610026785932e-03 8.075247815538337190e-03 7.895355025561051274e-03 8.523311432987720759e-03 8.004224106793021362e-03 9.146329568302755467e-03 7.599487498663027793e-03
7.745843460917532092e-03 7.612410035205308297e-03 7.630568425248221952e-03 0.000000000000000000e+00 7.732608525328603724e-03 7.871583355017525499e-03 8.243719959266268896e-03 9.435075222047459645e-03 8.199222880535624383e-03 8.037028170221968346e-03 9.225526766304968651e-03 7.958591716593493848e-03 8.163303800083912543e-03 7.490668624233664565e-03 8.516000564485535704e-03 7.873859746989626818e-03 7.571063924084315416e-03 8.198964383178065224e-03 7.739321482292737392e-03 8.166265582879700044e-03 8.999230743950394767e-03 8.265296529643834100e-03 7.657919247472947527e-03 7.750719434021927437e-03 7.865049515063416222e-03 7.635108688785194504e-03 7.615039720404337409e-03 8.160236239826226118e-03 8.467169938724579056e-03 8.306853662402670369e-03 7.823771788233924510e-03 7.581053589920595803e-03 7.919042460908460104e-03 8.309779578340892314e-03 7.607502870578189760e-03 8.310270741541208456e-03 8.656092672324332271e-03 8.270537296497609131e-03 9.093230993228734391e-03 7.521234775093115464e-03 8.399603681440459893e-03 7.697900016383645884e-03 8.002403519241446661e-03 8.143752891413407261e-03 8.900304497442350707e-03 8.351701157688268262e-03 8.321327993667221312e-03 8.388293458241661421e-03 7.608633906309169269e-03 8.076701184834694791e-03 8.060859534263862397e-03 8.235013191561273149e-03 8.515913206723926127e-03 8.199107784857544157e-03 8.009858107931247181e-03 7.787926878562161960e-03 8.146464320980227602e-03 7.651536900504545512e-03 8.104598654066690749e-03 7.842835749637386278e-03 8.095684151443018409e-03 8.574824958873922959e-03 8.715676918917015722e-03 8.246021326334887144e-03 8.389175210206399613e-03 7.606228663797563391e-03 8.054829017366590266e-03 9.342753360332708631e-03 8.047844677742362410e-03 8.096054897781309462e-03 7.616516272265614826e-03 8.524192042554040033e-03 7.806128684793142182e-03 7.762987861881951931e-03 8.234364428348940612e-03 8.130991857338277368e-03 7.763861037316537386e-03 8.560757713202216471e-03 8.310603221160036205e-03 8.415899462216196864e-03 7.901486360397124570e-03 8.121434186850882281e-03 8.255985366663528072e-03 7.911673991076652313e-03 7.696446671744090924e-03 7.765832887367304059e-03 8.628880480894565719e-03 7.815764039740822830e-03 7.876906224723735639e-03 7.934205533911893593e-03 7.770492876912445807e-03 8.697625098143755770e-03 7.840591813221303719e-03 7.943169745165507348e-03 8.364435538188623800e-03 8.057206139331293815e-03 7.943192729338367439e-03 7.645782433340121871e-03 8.931987766033086529e-03 8.604168886889800028e-03 8.464086609953102788e-03 7.550888996907426792e-03 8.986764201381336470e-03 8.157283918439506287e-03 7.639868591582261656e-03 8.150339001343815185e-03 7.675004671349494254e-03 8.478006185937579306e-03 8.253480339713549496e-03 7.978917307895979846e-03 8.053397207077402434e-03 8.415543414963568003e-03 7.569212886206768201e-03 8.030907238078891994e-03 8.215023636103838123e-03 8.326374095310250245e-03 7.280432343445668482e-03 8.272479254154556025e-03 7.812966053569946404e-03 7.559373233402777448e-03 8.445197327137778445e-03 8.430188159705812728e-03 8.173328905460339189e-03 7.966990068902038771e-03 8.340987737520877063e-03 7.967013838606961870e-03 9.099238878310699288e-03 7.647278525621146843e-03
7.918240856892038229e-03 7.794684725206321718e-03 7.797077603934061095e-03 7.732608525328603724e-03 0.000000000000000000e+00 8.020272225229300653e-03 8.268089167251553920e-03 9.562928784473500102e-03 8.497613901519813009e-03 8.330415919521076337e-03 9.216087977335233120e-03 8.120218537564604169e-03 8.198217184438241420e-03 7.671330778534771883e-03 8.546473145207053590e-03 8.156556177411485378e-03 7.753672377021338276e-03 8.356967947258672411e-03 8.031104995251928461e-03 8.460558841776709069e-03 9.286154492008652159e-03 8.569808422639119821e-03 7.852083637394539212e-03 7.920214081049091123e-03 8.028762840248775123e-03 7.805757825023077606e-03 7.802920676368459152e-03 8.325560995678139842e-03 8.625503667288500140e-03 8.332410404482114633e-03 8.010305204205909677e-03 7.643646680949529003e-03 8.089799999625316498e-03 8.474591297398201620e-03 7.787065918997648946e-03 8.348926470796365004e-03 8.807849423478670073e-03 8.437674368446017661e-03 9.244286796036317588e-03 7.687011067189318883e-03 8.560067334692843949e-03 7.871588563153918139e-03 8.170490926787600527e-03 8.174928801555037330e-03 9.064975979379963703e-03 8.502245491752708287e-03 8.621854957266427560e-03 8.533058813043588667e-03 7.790578270699981787e-03 8.221116311591640177e-03 8.230518695974032781e-03 8.516663104787443317e-03 8.650570021835817663e-03 8.372701856237195484e-03 8.176403992378964217e-03 7.966939624383322094e-03 8.181428613001525546e-03 7.838575444530336556e-03 8.266064976697058350e-03 8.025832808740814006e-03 8.258968406107892318e-03 8.586459260227118778e-03 8.881961974461069845e-03 8.400605808376470154e-03 8.560047368223308931e-03 7.899627380791232958e-03 8.353625835928440990e-03 9.481161008724686007e-03 8.101868352660751213e-03 8.253965016654499220e-03 7.801111808371040575e-03 8.691814572745336365e-03 8.001682387431508295e-03 7.953841379656918439e-03 8.411306089824413870e-03 8.429710902632682121e-03 8.048054605149682766e-03 8.715573217781075188e-03 8.479379449571160243e-03 8.574514900131698439e-03 8.063475302254012253e-03 8.412464035247795707e-03 8.428973322924906628e-03 8.086342711987508716e-03 7.886729574504477286e-03 7.814650070062559295e-03 8.782394586512495480e-03 8.125157047607281871e-03 8.180189015225752119e-03 8.134566223615309621e-03 7.955866244641783200e-03 8.705421496061687900e-03 8.031401387381800761e-03 8.000126268928271778e-03 8.523991484666072760e-03 8.359566343328747942e-03 8.234544681452621653e-03 7.933447130466063021e-03 9.075353506853876123e-03 8.615718778190190746e-03 8.624591212660577544e-03 7.728869682295728787e-03 9.115244024986878663e-03 8.342468414167084761e-03 7.937260909497518765e-03 8.171621065672249329e-03 7.958350287727634573e-03 8.777270482235184287e-03 8.404867034508633691e-03 8.147549042535657746e-03 8.089037858039199030e-03 8.693595794308674532e-03 7.634120583909977109e-03 8.186600616587094356e-03 8.381070157574851617e-03 8.475981548620458578e-03 7.480273049452142858e-03 8.301610926182053860e-03 7.973567299034383174e-03 7.738930320268289954e-03 8.451760840909721198e-03 8.583330666942933299e-03 8.333379988196212493e-03 8.137918134933391778e-03 8.618162308288431633e-03 8.130699521493731791e-03 9.234825955539816000e-03 7.701528109324074119e-03
8.178169659904742719e-03 7.920856671316910472e-03 8.062443041976946959e-03 7.871583355017525499e-03 8.020272225229300653e-03 0.000000000000000000e+00 8.380083664781632496e-03 9.505382197740120873e-03 8.605884015881417118e-03 8.447268228926517464e-03 9.481242898946586409e-03 8.255106167859465813e-03 8.307014051852221886e-03 7.808676293287761770e-03 8.652921795389489565e-03 8.150375460670065964e-03 7.882648616291945340e-03 8.471497671648380717e-03 8.034845565639738701e-03 8.580271819816550141e-03 9.245541733364016565e-03 8.679719410128352089e-03 7.977610139510281362e-03 8.042159066693097338e-03 8.139797557294279132e-03 7.947603464585570668e-03 8.057503113773539782e-03 8.443938736190285607e-03 8.735911104732207999e-03 8.587078357424305156e-03 8.126226150661728168e-03 7.788351501844982885e-03 8.221183158240460628e-03 8.590630086325748774e-03 7.926580843318965786e-03 8.470057697296057286e-03 8.921055821035087791e-03 8.561302865949554919e-03 9.345596367842061783e-03 7.948529463124180683e-03 8.676984455701973117e-03 8.015857301042003322e-03 8.306924783933619660e-03 8.293894777044966138e-03 9.164003174684992592e-03 8.635650999305001518e-03 8.735102154423853710e-03 8.659461160366862392e-03 7.922021752336534661e-03 8.361095910804203571e-03 8.354574781950766318e-03 8.640565559411369015e-03 8.784413180277447081e-03 8.488346660464418311e-03 8.163376941356430272e-03 8.111150182119613791e-03 8.441042541470570801e-03 7.845581185955572898e-03 8.394873285095937054e-03 8.154481048315363745e-03 8.390895370237119386e-03 8.709188956460754000e-03 9.002347631968351735e-03 8.531643563116928300e-03 8.666124286384852340e-03 8.015398513679772297e-03 8.341667211181121727e-03 9.583912576870903463e-03 8.214503963845567330e-03 8.515003357901479442e-03 8.057765298225237627e-03 8.804675026930658746e-03 8.126935007450208914e-03 7.947076455066235529e-03 8.382882496618558263e-03 8.553789902728226383e-03 8.172003141707316620e-03 8.825441270781683376e-03 8.607606749694206305e-03 8.695169764556170966e-03 8.325845888050589783e-03 8.410549056276138066e-03 8.546581905471920676e-03 8.342937605830781297e-03 8.010827703197311023e-03 7.955127017942075981e-03 8.901514371209106116e-03 8.119140045916203516e-03 8.308574004640304628e-03 8.120910138762855654e-03 8.204846762115270212e-03 8.818853505983085053e-03 8.149345023138201971e-03 8.255028868425738631e-03 8.649507921782954509e-03 8.496870032662870789e-03 8.370647675989639422e-03 8.067820302579001637e-03 9.184488514520779481e-03 8.873144286100831737e-03 8.747505358620889099e-03 7.983486273823260648e-03 9.222426181096700717e-03 8.460615523100871102e-03 8.072830571514682391e-03 8.427738371127662179e-03 7.965760727720771345e-03 8.896472181430838122e-03 8.539682219585112075e-03 8.149887821601142779e-03 8.352754158237591861e-03 8.815299792692415579e-03 7.769929761139732043e-03 8.196805248248765011e-03 8.514363927741921967e-03 8.595547110306151622e-03 7.633021109946479255e-03 8.554089109222735854e-03 8.234267716756836150e-03 7.758441616389455571e-03 8.718032482030268690e-03 8.720866462250743620e-03 8.457579795918363993e-03 8.150468803219538746e-03 8.749887176044402609e-03 8.123435284711542567e-03 9.348003231792518034e-03 7.836022657221801066e-03
8.260478426139418809e-03 8.162504207059268282e-03 8.167583538038933680e-03 8.243719959266268896e-03 8.268089167251553920e-03 8.380083664781632496e-03 0.000000000000000000e+00 9.691408079157698072e-03 8.673393044641077021e-03 8.526810629140414363e-03 9.513691788951226733e-03 8.612035580193277626e-03 8.529932095331210426e-03 8.051781398684067573e-03 9.014203238148008404e-03 8.364383842236337505e-03 8.259199102948614965e-03 8.838191444469083516e-03 8.246935932867934319e-03 8.798631628636194649e-03 9.578573098158533333e-03 8.901084235361489058e-03 8.337470119896809098e-03 8.273896131679414970e-03 8.384593110673379396e-03 8.167638830480576304e-03 8.169521461500307488e-03 8.640665145091550384e-03 8.935226146687142573e-03 8.647776954741087652e-03 8.499946894638083644e-03 8.018841811156028274e-03 8.453506164657972541e-03 8.802268892069774198e-03 8.172720882835649708e-03 8.816614975345875641e-03 9.142153840439043097e-03 8.787963613311465180e-03 9.545813967721519452e-03 8.202515986346824162e-03 8.910683776357232813e-03 8.256810741805035644e-03 8.521808094755226742e-03 8.674712034046527104e-03 9.394578592480816795e-03 8.853513369140851921e-03 8.944474292003538538e-03 8.880076498419002887e-03 8.053092032547566614e-03 8.595589130778673315e-03 8.584895063995734432e-03 8.852370396568599170e-03 9.000395479350565761e-03 8.708731008020132239e-03 8.519978378778913716e-03 8.355490366199586419e-03 8.666743730324109538e-03 8.220324093802845039e-03 8.496697885714336179e-03 8.390100743286763030e-03 8.625473962076128653e-03 9.062554884654159398e-03 9.212292795374086435e-03 8.747628727186925607e-03 8.889831008184103517e-03 8.152932269635718154e-03 8.692974760806939163e-03 9.775423610354381718e-03 8.587290756942641407e-03 8.741304036155771173e-03 8.293763621725007418e-03 9.026116864929479428e-03 8.231548083781787054e-03 8.310806080503293711e-03 8.581149035357020852e-03 8.764651891286879409e-03 8.423002689967387657e-03 9.203293130158910970e-03 8.817396019496380119e-03 8.921011729977435661e-03 8.571890123564136765e-03 8.776865122241531147e-03 8.779026493265574757e-03 8.585172914667189500e-03 8.127865388475461611e-03 8.324734883617467690e-03 8.962126540723121607e-03 8.344232087432066833e-03 8.547005797299712243e-03 8.350526506193899773e-03 8.441501843759014606e-03 9.018439064018408252e-03 8.262020493026052403e-03 8.484594133733688870e-03 8.856395449652387786e-03 8.714025492964030950e-03 8.591744615852346667e-03 8.309968582358530365e-03 9.373848487586733738e-03 9.069226979471285005e-03 8.958405311400890331e-03 8.230925324378284696e-03 9.435602303831121251e-03 8.535041703601795038e-03 8.178101689162451185e-03 8.505784200921752067e-03 8.321713095608003832e-03 8.948668395402169240e-03 8.754894979742213618e-03 8.362468332220972592e-03 8.567461936068367090e-03 9.029062611474406724e-03 8.126442684914501197e-03 8.402454055136742567e-03 8.717767139423744649e-03 8.677422036600272032e-03 7.884016835504048526e-03 8.622279248142994054e-03 8.464978744477621650e-03 8.121117684861362679e-03 8.901415464598256763e-03 8.915516984501031111e-03 8.525493400137132069e-03 8.487568405929683119e-03 8.959481454997249988e-03 8.480504613705043201e-03 9.535963298923273018e-03 8.072910976251250828e-03
9.576415104362691680e-03 9.469818129206726554e-03 9.491527824845337469e-03 9.435075222047459645e-03 9.562928784473500102e-03 9.505382197740120873e-03 9.691408079157698072e-03 0.000000000000000000e+00 9.953309475210432231e-03 9.648787395562588576e-03 1.045805004799491185e-02 9.748388997228419825e-03 9.640052637361147883e-03 9.370752997037311641e-03 1.008156924012333644e-02 9.668616456023336816e-03 9.445546894776736188e-03 9.754657238100223476e-03 9.401452308466829583e-03 9.901727017280696763e-03 1.058348421354158783e-02 9.985538475405284983e-03 9.374446066644065087e-03 9.428126970118032996e-03 9.503745622316364314e-03 9.331044463847283643e-03 9.338772304196243240e-03 9.751550723953811284e-03 1.014678998223425554e-02 9.910094999400301599e-03 9.500253085408154677e-03 9.203877804475863594e-03 9.622876160115336613e-03 9.927587374687674854e-03 9.377565876933136382e-03 9.924667997578739964e-03 1.018420159761407665e-02 9.903081183876382212e-03 1.054007296080222700e-02 9.398713153772525475e-03 9.992321425042352198e-03 9.446008155745035453e-03 9.688671159246249262e-03 9.788134632257869741e-03 1.041277419260915223e-02 9.946178199700984879e-03 1.005032184230755625e-02 9.986543043546873208e-03 9.365197735052371852e-03 9.738199647323187574e-03 9.721458723360524787e-03 9.966938651918824318e-03 1.007291738158257698e-02 9.836169709373204784e-03 9.681820265861411715e-03 9.523174894181854130e-03 9.794067825015521228e-03 9.409881978106111877e-03 9.752893444234807252e-03 9.563327044428811263e-03 9.743779143289660674e-03 1.013959153429142869e-02 1.025323381620597656e-02 9.858574488377649242e-03 9.969359974555030979e-03 9.306033374375872330e-03 9.830021913467500844e-03 1.055578811163531555e-02 9.562460210014689724e-03 9.855652179988190487e-03 9.468414978747494160e-03 1.010203988261301582e-02 9.544613158908591549e-03 9.341273494229760180e-03 9.862702246131551873e-03 9.879345382124662955e-03 9.422117291305287870e-03 1.022833867544267056e-02 9.925058926108624308e-03 9.835027997069818728e-03 9.702514353868169766e-03 9.706443471932954883e-03 9.880034583475760107e-03 9.717150591528219555e-03 9.308963570794324960e-03 9.498709567150277408e-03 1.015936178448387239e-02 9.643889994523337922e-03 9.686037943460007807e-03 9.631215662213992237e-03 9.440842698301541228e-03 1.021784568936510811e-02 9.548428431175653638e-03 9.639908479557347809e-03 9.961643245618627060e-03 9.839704656446297826e-03 9.737249216234908356e-03 9.488023551132991618e-03 1.040230415206775186e-02 1.015395435158960788e-02 1.004219161950395400e-02 9.418852198849633067e-03 1.025855756198583782e-02 9.812568544306158116e-03 9.500161376845154063e-03 9.621520796731944034e-03 9.351233772569149741e-03 1.017457101972145395e-02 9.880226327914565926e-03 9.657585961247834583e-03 9.712198612489278057e-03 1.011222148637305925e-02 9.199203695203482870e-03 9.691254393365995867e-03 9.855181299023839728e-03 9.918905285459023169e-03 8.992949182542906220e-03 9.881738266291269571e-03 9.624988007476431920e-03 9.331026866032054307e-03 9.859329583996247204e-03 1.001489338085158678e-02 9.811457611758028774e-03 9.652104632632796735e-03 1.004888039260687198e-02 9.491270241815927960e-03 1.053119745529771181e-02 9.407426114492056443e-03
8.351825292374612589e-03 8.389991568747588377e-03 8.259901713784897556e-03 8.199222880535624383e-03 8.497613901519813009e-03 8.605884015881417118e-03 8.673393044641077021e-03 9.953309475210432231e-03 0.000000000000000000e+00 8.755425985210531920e-03 9.744160538353965548e-03 8.554882885991104899e-03 8.767935052525302822e-03 8.126873937625718122e-03 8.955759184784440122e-03 8.465042063859090637e-03 8.361149930387258566e-03 8.941504390275007916e-03 8.342502371649946832e-03 8.872087400503323937e-03 9.494098750705372292e-03 8.821515875187681266e-03 8.297223394947279146e-03 8.515995623739456080e-03 8.612938724769658022e-03 8.257263838334989031e-03 8.267701527262050556e-03 8.892275500184138731e-03 9.021822549306796751e-03 8.744659457311095355e-03 8.442908525898336000e-03 8.121611122293596191e-03 8.534923718878990873e-03 8.735880113292269350e-03 8.239516279397464046e-03 8.899990786038442653e-03 9.219019984682993302e-03 8.853659674944754435e-03 9.617169861025136671e-03 8.298743646734775894e-03 8.979323667463855879e-03 8.333045961493241657e-03 8.595376612291403401e-03 8.747745404481470366e-03 9.441343957618555244e-03 8.934135927891953544e-03 8.879804781568790412e-03 8.956780170672274180e-03 8.253601189992174070e-03 8.672494255988202200e-03 8.654335262403807863e-03 8.931740813986442998e-03 9.070362761272312765e-03 8.779446603643376382e-03 8.466512166393743224e-03 8.428203625025850951e-03 8.735231008882470699e-03 8.172663617344757062e-03 8.696987556025376556e-03 8.473079014882941781e-03 8.696999120661224464e-03 8.991905250927115581e-03 9.276970413662747120e-03 8.821689118564351659e-03 8.967429301267813499e-03 8.367565308023384996e-03 8.774435878747767828e-03 9.858079277974222260e-03 8.674651089598724510e-03 8.823462383685634278e-03 8.256721173046674064e-03 9.102271956834787070e-03 8.296402032429693943e-03 8.404960519810869210e-03 8.687110637465696172e-03 8.708168884125724526e-03 8.512839864699382753e-03 9.280505469735172291e-03 8.754578872157137148e-03 8.997272155112876271e-03 8.637373357700206533e-03 8.850110276336994528e-03 8.855996968107142722e-03 8.518406639878895598e-03 8.339947923893554008e-03 8.406504833101327914e-03 9.190138583005259126e-03 8.421353825221279676e-03 8.618406592980415101e-03 8.418008927796580276e-03 8.525022150568906457e-03 9.234452217162741547e-03 8.335199749031638530e-03 8.437773806028340401e-03 8.937730293513503066e-03 8.780613953774180774e-03 8.680172008256131777e-03 8.404027792490839990e-03 9.456597101705944627e-03 9.156487630935860461e-03 9.024009309448759522e-03 8.315066322859299489e-03 9.509540374211415681e-03 8.598987189329327166e-03 8.378510616545294457e-03 8.742357760386046742e-03 8.419752986332290981e-03 9.017987395099052311e-03 8.833724286366664152e-03 8.466162122498784720e-03 8.664674441959575521e-03 9.112745388370542543e-03 8.237831329917738241e-03 8.495137507419609629e-03 8.652264968361687500e-03 8.757024001860611029e-03 7.980519512248743577e-03 8.862705709360010203e-03 8.559338195633108340e-03 8.220982432358492700e-03 8.855065502075033096e-03 8.998563065617732823e-03 8.752588156080549908e-03 8.584632105455245257e-03 9.042449106751056925e-03 8.449910555494981323e-03 9.621887038843816159e-03 8.294894362353739600e-03
8.191556342101174656e-03 8.075691819100496924e-03 8.087448238595747879e-03 8.037028170221968346e-03 8.330415919521076337e-03 8.447268228926517464e-03 8.526810629140414363e-03 9.648787395562588576e-03 8.755425985210531920e-03 0.000000000000000000e+00 9.616565500356019300e-03 8.412741220469522468e-03 8.453533993039462346e-03 8.084943347532501726e-03 8.801293390325717891e-03 8.450456756756727014e-03 8.040052768586703619e-03 8.631779014387011562e-03 8.311464977682900962e-03 8.589726950588131432e-03 9.530575207930887249e-03 8.673447071415683191e-03 8.270150793600140882e-03 8.217197236567845911e-03 8.306718363643612879e-03 8.099950705471682666e-03 8.100297183050149050e-03 8.730849450217318883e-03 9.022551338589198527e-03 8.739663399500670338e-03 8.415798465041188225e-03 7.937106756085615319e-03 8.229312363270110953e-03 8.583455899541979350e-03 8.055716373257710422e-03 8.727184347122437374e-03 8.913741461289280410e-03 8.689306397842726584e-03 9.310020042511959679e-03 8.113076247308347727e-03 8.814632152539636500e-03 8.024442697683362158e-03 8.429843532463641986e-03 8.580172388596219932e-03 9.303088024594960773e-03 8.746884076128518329e-03 8.862541438310951591e-03 8.789238467257232471e-03 8.090448947339321656e-03 8.490695993687289930e-03 8.494570459025038364e-03 8.775144532559968694e-03 8.908968251076057263e-03 8.612079831029299110e-03 8.302002635096960431e-03 8.240485209566548661e-03 8.578052238993145659e-03 8.129851829554123749e-03 8.539504633885705923e-03 8.175611841202098592e-03 8.529440276281686009e-03 8.981234143032871403e-03 9.118370196658781915e-03 8.659822673741145518e-03 8.822113522077569894e-03 8.186104511697319536e-03 8.608221331908263996e-03 9.710558658032532320e-03 8.501593417725567675e-03 8.662279906451192044e-03 8.084025364362966773e-03 8.947886547822515163e-03 8.295750786950700090e-03 8.104769235941800334e-03 8.525905093751505112e-03 8.559793839749262750e-03 8.326585430176737176e-03 9.117454085756241181e-03 8.747827967918444733e-03 8.839634757791248881e-03 8.487805113521280226e-03 8.690834725464750485e-03 8.565000979415029678e-03 8.501520369483076336e-03 8.170400645888023158e-03 8.239586488003401710e-03 8.894569052414843038e-03 8.261399718213746288e-03 8.469446927935405864e-03 8.394499979731590705e-03 8.347769693634835009e-03 9.093667004557465239e-03 8.175531579780511565e-03 8.400726553016458001e-03 8.797201816094319879e-03 8.477279693941687858e-03 8.516354314738471681e-03 8.219646026691406621e-03 9.305001959947793375e-03 9.002276382391295739e-03 8.875461356527284545e-03 8.006402266206373922e-03 9.351301906862785618e-03 8.600092084182157925e-03 8.084436919515103348e-03 8.549899624027657366e-03 8.242306302131425372e-03 9.026494209330899327e-03 8.657882566207033073e-03 8.417439373868100191e-03 8.352202844627940048e-03 8.950556298036364822e-03 8.045688540136881894e-03 8.342174948569331533e-03 8.633621169517633614e-03 8.593466015090178364e-03 7.788685726834785120e-03 8.546922968885853691e-03 8.383760285600120460e-03 7.916668030745144247e-03 8.857269025965107748e-03 8.690273626994206649e-03 8.583509761757897663e-03 8.276053399241022415e-03 8.882763779998343809e-03 8.384060847843722783e-03 9.483997241945022263e-03 8.128642843109382815e-03
9.379631402730790810e-03 9.279164657714455283e-03 9.135745896494908494e-03 9.225526766304968651e-03 9.216087977335233120e-03 9.481242898946586409e-03 9.513691788951226733e-03 1.045805004799491185e-02 9.744160538353965548e-03 9.616565500356019300e-03 0.000000000000000000e+00 9.398971385281392615e-03 9.636608549537167140e-03 9.028956783171901770e-03 9.732310568259005049e-03 9.328577466635731147e-03 9.255544893086990743e-03 9.585920714526177319e-03 9.211044645307078435e-03 9.546301554502013842e-03 1.041313928916148129e-02 9.804934444610535413e-03 9.162620203193160007e-03 9.391851452730633903e-03 9.462279280847720603e-03 9.142254011478365833e-03 9.119582786371956476e-03 9.723896374072000040e-03 9.782867388302786404e-03 9.574511637286686055e-03 9.447525657411245253e-03 9.149387884425864287e-03 9.423599830298305322e-03 9.734805972383896513e-03 9.166554248416634854e-03 9.743371254479870139e-03 1.001230980012323031e-02 9.700907856460765089e-03 1.037561820415773550e-02 9.208468467578112548e-03 9.801611709780101017e-03 9.247099483015856422e-03 9.483565004981240470e-03 9.594866260012678560e-03 1.022667457219261257e-02 9.755424290979655688e-03 9.847206947016766063e-03 9.787467586082135296e-03 9.179329813064567023e-03 9.538353468862736245e-03 9.532554381833552998e-03 9.607554750095229773e-03 9.874219631240147010e-03 9.484552757606260973e-03 9.494580713744316114e-03 9.322754915335020390e-03 9.593157948063483348e-03 9.212081099566286208e-03 9.558885704132297212e-03 9.362465133124629746e-03 9.393759037451664823e-03 9.943735293018222954e-03 1.006165212344896712e-02 9.667064304805411332e-03 9.781530031457472130e-03 9.250220518778235618e-03 9.634326802204227005e-03 1.056171121135320197e-02 9.514828553579374529e-03 9.490132452802661767e-03 9.130296121541283533e-03 9.906777919977641234e-03 9.327245056029456749e-03 9.282503908850874008e-03 9.665084464754258517e-03 9.516771469862510269e-03 9.380140390268371792e-03 1.005099977679886278e-02 9.562485538828362913e-03 9.789870940287428644e-03 9.340912802638805940e-03 9.513153355099220748e-03 9.694250472676819302e-03 9.511396297051659399e-03 9.085798844759197454e-03 9.129769750418861851e-03 9.803601516663876941e-03 9.421786291009011730e-03 9.472857095504418068e-03 9.416508938728727213e-03 9.238674841840996757e-03 1.002703965600105357e-02 9.359290335638157168e-03 9.424814755868657704e-03 9.602065749576373099e-03 9.625596874724707749e-03 9.554114933362535533e-03 9.303664717876128018e-03 1.025117315865406616e-02 9.969830656129191615e-03 9.859007321868952858e-03 9.231984134776242620e-03 1.009259700871731509e-02 9.615545296315764975e-03 9.312971172343744927e-03 9.595553120420017429e-03 9.325438481868286722e-03 1.000154393952968832e-02 9.689309902276238215e-03 9.476767868510406478e-03 9.532257740619649519e-03 9.936289704581220683e-03 8.998513767369119287e-03 9.510396378780440127e-03 9.664407230375156310e-03 9.742007168007963888e-03 8.917974118513267295e-03 9.706988645968859727e-03 9.438505448235849291e-03 9.146183787982611890e-03 9.839529980438294424e-03 9.835681057717336750e-03 9.631787511644491692e-03 9.464988870714063918e-03 9.872331055206896161e-03 9.467346860702297376e-03 1.019592498435044348e-02 9.207945581114231753e-03
8.269585239705279367e-03 8.141911424065249869e-03 8.013582935012720024e-03 7.958591716593493848e-03 8.120218537564604169e-03 8.255106167859465813e-03 8.612035580193277626e-03 9.748388997228419825e-03 8.554882885991104899e-03 8.412741220469522468e-03 9.398971385281392615e-03 0.000000000000000000e+00 8.541759914157410691e-03 7.900025764976743164e-03 8.735741641308164551e-03 8.391416142144851945e-03 7.977156488744103352e-03 8.696562515231799628e-03 8.125618114309262827e-03 8.652706685987558016e-03 9.298600999701448974e-03 8.632370088666315930e-03 8.074426641404407884e-03 8.148943152822326480e-03 8.252806201919822560e-03 8.027034958804404527e-03 8.021572569163885544e-03 8.536820447106723692e-03 8.942108486916506074e-03 8.673655248246382385e-03 8.211929905015050504e-03 7.886777460045653679e-03 8.331050164119632381e-03 8.677797992368809638e-03 8.016957003482580446e-03 8.688582138284191639e-03 9.013712068694373220e-03 8.513244549844522016e-03 9.410841920734257585e-03 8.055636218512679872e-03 8.755973452117820841e-03 8.109437600289249454e-03 8.386801105908390716e-03 8.524544989718749882e-03 9.099636472468199469e-03 8.712202665244320188e-03 8.810272688075425698e-03 8.758188790209023300e-03 8.029007239097269225e-03 8.319334740228169836e-03 8.439283514700784278e-03 8.716204713359137352e-03 8.864789025960639543e-03 8.574469567795476796e-03 8.390296006621210737e-03 8.072816782864972521e-03 8.521773761880215015e-03 8.065643978577724874e-03 8.494553979187644335e-03 8.255633503361371750e-03 8.480274388446607664e-03 8.924570823944731612e-03 9.070735411311247123e-03 8.612818170198528397e-03 8.603374564478140016e-03 8.124509946541525959e-03 8.563176980574011346e-03 9.664403145394864780e-03 8.297024388280359319e-03 8.589201980203766545e-03 8.135850375421402325e-03 8.731952025158789404e-03 8.081486953342773352e-03 8.157549074886380133e-03 8.615397502544723182e-03 8.621830565587055087e-03 8.261624893612073625e-03 8.902384183969580186e-03 8.539215749641865250e-03 8.762916371053480410e-03 8.276319963918813555e-03 8.616770805823329230e-03 8.484662339448981530e-03 8.275169218928945039e-03 8.095573375174041145e-03 8.043092784741526918e-03 8.835854424702152543e-03 8.320914673585116939e-03 8.245090591125540935e-03 8.327495884595269293e-03 8.152430115961365950e-03 9.029350317536023740e-03 8.108522062161921395e-03 8.202554399662803641e-03 8.710632108564311457e-03 8.557757478533383963e-03 8.467338038891955229e-03 8.166361609199184607e-03 9.279523490271430683e-03 8.967344189977088237e-03 8.838154901129012531e-03 8.080351154953899911e-03 9.314676050999651583e-03 8.427758640206681542e-03 8.178696971334206700e-03 8.401460401229613253e-03 8.191605730944528235e-03 8.973376769083768814e-03 8.630521171725767660e-03 8.382548021699605736e-03 8.444602400960725397e-03 8.912854668901180541e-03 7.996027670054133007e-03 8.419318595613909176e-03 8.592878778262182105e-03 8.691170472219268694e-03 7.735349139349017439e-03 8.666972807681817478e-03 8.340668035780441844e-03 7.866805323905977712e-03 8.809977759512203216e-03 8.805153147297640689e-03 8.420292933831619031e-03 8.360113196252131479e-03 8.837036232112092937e-03 8.354241560168796862e-03 9.426716898954676238e-03 8.073470602509860705e-03
