0.000000000000000000e+00 1.216697916023409994e-02 1.006994732810845283e-02 1.052741813695295958e-02 1.000961107361381629e-02 1.622431960154680983e-02 1.084568275156325666e-02 1.058393105217876606e-02 1.009615375686619305e-02 9.919674159368599767e-03 1.465328312587360453e-02 1.027320687572676715e-02 1.311877389807993358e-02 1.077970827819070554e-02 1.152442247364387010e-02 1.173759743725108495e-02 1.133447164508179922e-02 1.316821835995245042e-02 1.129573041773188936e-02 9.911606918517168463e-03 1.266029120243294254e-02 9.670761031295696877e-03 1.083680180092614492e-02 1.777637655397310695e-02 1.090861666248989399e-02 1.098732397746386008e-02 1.233145984210695829e-02 1.339969189675143009e-02 9.143030255987470711e-03 1.091724336977226845e-02 1.091476825723301965e-02 9.455724151550527756e-03 1.230845151439954877e-02 1.125020681620430771e-02 1.048344762227100720e-02 1.198704765858089015e-02 9.996178200892094287e-03 1.104149469489047741e-02 1.172497589255527828e-02 1.778742554644678966e-02 1.071350632102743665e-02 1.051649500024666971e-02 1.391650848814672374e-02 1.183951003083289800e-02 1.328497615135363318e-02 1.343978826145317794e-02 1.330665972710179563e-02 9.472110414805556822e-03 9.175089295342681722e-03 1.512967117146147428e-02 9.967863463905005106e-03 1.251253437752097158e-02 1.098413734138413943e-02 1.085814805573623483e-02 1.353027534143900340e-02 1.224746508154786820e-02 1.066500302176005659e-02 1.104767141224268466e-02 1.149593109574285552e-02 1.043929006513743228e-02 1.072284196039176817e-02 1.153041100236256063e-02 1.472300163210664772e-02 1.398230873069350455e-02 1.638573477246591317e-02 1.089512981888576468e-02 1.009230367839148226e-02 8.931244697009965011e-03 1.540573887082029303e-02 1.435980384185725663e-02 1.591836994531457827e-02 1.485344966786675616e-02 1.158313363652176652e-02 1.065213970526165434e-02 9.057962910420469180e-03 1.254926004832427472e-02 9.929367760583047639e-03 1.189695089403704047e-02 1.090184869441648309e-02 2.111061573685430251e-02 9.922971732772184125e-03 1.344690442633627962e-02 9.432670810355160348e-03 1.295438777443639125e-02 1.054873741627565704e-02 1.121526605192712384e-02 1.226670102078250210e-02 1.140231475695632594e-02 1.093422661223316002e-02 1.578870136806993438e-02 1.330692015475658067e-02 1.250374574361457630e-02 1.289635650589988913e-02 1.381164065911487035e-02 1.346952146291800767e-02 1.171353473945803240e-02 1.064606955703342045e-02 1.116883629161349693e-02 1.198178045756231880e-02 1.178962056503054558e-02 1.201831641459337116e-02 1.106626548194137270e-02 1.357682122194329120e-02 1.194202790519781517e-02 1.042957358310686936e-02 1.283773771376751742e-02 1.664480299799838206e-02 1.368831301517005848e-02 1.411953763023673404e-02 1.161259484247544743e-02 1.199028401320005773e-02 1.127386739086854751e-02 1.477020688637310959e-02 1.461408077513298188e-02 1.058313542799080818e-02 1.032096400232267001e-02 1.198352875233639481e-02 1.320397691058192678e-02 1.332220998079782469e-02 1.262049131084929006e-02 1.060810121666606355e-02 1.414591293437888510e-02 1.295301378287509915e-02 1.273020878492229363e-02 1.170752327285839826e-02 1.060909837819739091e-02 1.176899225899248266e-02 1.522147301596718516e-02
1.216697916023409994e-02 0.000000000000000000e+00 1.294776595594347018e-02 1.289221501294672383e-02 1.220521033601849187e-02 1.775818733509328812e-02 1.319744792917952256e-02 1.288751226032967476e-02 1.223614192522898443e-02 1.264061939178947290e-02 1.640695520845410552e-02 1.277086009118335273e-02 1.508194825151125927e-02 1.306424695968802681e-02 1.270237666227499312e-02 1.440334125013449651e-02 1.350480998064872151e-02 1.434450772178047159e-02 1.352745811787935473e-02 1.288548941739554692e-02 1.461511316942368938e-02 1.273996616272785043e-02 1.308560258434764839e-02 1.924054029191257786e-02 1.324150749462711836e-02 1.328053037766231681e-02 1.443657659190518069e-02 1.529827153607609541e-02 1.186690282435393790e-02 1.321018373478315307e-02 1.312479160421366892e-02 1.256837785018609724e-02 1.431168959428140257e-02 1.347073652905315597e-02 1.287125964161382752e-02 1.410443924398061509e-02 1.245386807789559611e-02 1.331063082533765797e-02 1.386736829170109528e-02 1.919390258000389440e-02 1.315707538796732912e-02 1.282548575304135775e-02 1.566805444412087620e-02 1.398838581509362702e-02 1.518723699320480638e-02 1.540694834186434430e-02 1.522369964292111071e-02 1.201137144792058416e-02 1.181158264708969015e-02 1.673629450753575526e-02 1.188696656406346662e-02 1.437505794846016295e-02 1.326490753684408594e-02 1.321866467914775169e-02 1.541737000221801365e-02 1.433380050416386241e-02 1.333427618501612476e-02 1.330034783871669388e-02 1.374793917692803541e-02 1.328864496368265154e-02 1.313984662964493358e-02 1.410394600762068101e-02 1.644093520495094191e-02 1.574693518953894714e-02 1.790603033802656147e-02 1.300832078116287947e-02 1.299227672513162540e-02 1.177785731532936253e-02 1.710565984064622846e-02 1.600835710711425233e-02 1.747936525415307724e-02 1.536437692894561738e-02 1.370936480455701816e-02 1.352000300528093460e-02 1.111294143415046329e-02 1.463491763722536351e-02 1.234138023615319150e-02 1.310062319243816657e-02 1.321670897937818855e-02 2.236665581803283162e-02 1.245113166584906408e-02 1.525652805553200791e-02 1.208891120909617173e-02 1.548269898333499463e-02 1.338386806855032356e-02 1.335195029940228206e-02 1.437960830439374491e-02 1.359618709847978772e-02 1.329998091218869034e-02 1.731593039143930826e-02 1.520557858173413220e-02 1.456972907573421926e-02 1.474741358201128900e-02 1.552671298430858063e-02 1.532215985705198853e-02 1.382535074371295941e-02 1.295738294117707891e-02 1.346500708391407293e-02 1.394146857111366183e-02 1.391372008109679342e-02 1.403453362942028854e-02 1.378996906283025750e-02 1.539210311056037582e-02 1.400827514226142025e-02 1.294992931601613925e-02 1.479017678667285222e-02 1.821556952973731741e-02 1.545423097044464067e-02 1.586053734222205372e-02 1.433554752580712757e-02 1.406791563433779264e-02 1.341934208342620422e-02 1.647468122646091396e-02 1.635337025819297296e-02 1.287594344137243940e-02 1.196022952659884196e-02 1.415243160328983653e-02 1.508898619321825604e-02 1.514258854389212428e-02 1.458940523441541563e-02 1.305803646614144692e-02 1.582461589543841460e-02 1.492450203202817793e-02 1.466939911410365845e-02 1.389655879649584654e-02 1.306071171442214733e-02 1.397356704110154155e-02 1.682837151529979758e-02
1.006994732810845283e-02 1.294776595594347018e-02 0.000000000000000000e+00 1.127136104325562535e-02 1.143453576492089833e-02 1.668926793803402614e-02 1.090357464631841120e-02 1.128912365267789424e-02 1.143871157329367713e-02 1.028928769638311723e-02 1.522073310999954611e-02 1.124334397539171818e-02 1.296014016422023830e-02 1.148555714051822940e-02 1.237270139499370078e-02 1.307948242890226431e-02 1.186208714198373239e-02 1.447386860011571318e-02 1.183653376709031119e-02 1.114664342526249484e-02 1.326027087847968765e-02 1.089955277679618972e-02 1.173332950433327374e-02 1.831158716284296897e-02 1.171228131964216837e-02 1.183429225180069461e-02 1.294547466831315850e-02 1.405678365161497703e-02 1.003346982455731624e-02 1.162596185148184226e-02 1.165536653063015821e-02 1.030155982420240084e-02 1.295193236713383482e-02 1.192534604639624955e-02 1.119406782014137521e-02 1.260378270528410456e-02 1.103018583853854900e-02 1.184686715582579028e-02 1.235038510094072471e-02 1.824687773643698593e-02 1.149364246676078984e-02 1.126417778919159077e-02 1.454394449051564508e-02 1.250079442677664784e-02 1.383489677121278218e-02 1.407410080409749950e-02 1.397085357631305813e-02 1.035181020093246460e-02 9.482044856456145823e-03 1.571628429808476571e-02 1.020913978800126742e-02 1.309075367410175196e-02 1.164964506139507666e-02 1.151700929914432729e-02 1.410224891487596617e-02 1.286069773152642010e-02 1.187998160252624197e-02 1.169299692167664710e-02 1.233348689091252025e-02 1.175139981583666476e-02 1.150211057357043362e-02 1.282795056736233362e-02 1.531834236054967387e-02 1.454042108994221989e-02 1.682136461953133086e-02 1.158398033317078503e-02 1.138265354990867367e-02 9.966096023323876493e-03 1.603566598921044029e-02 1.485141515631065515e-02 1.642705513569315753e-02 1.554136300064338019e-02 1.227320574826330606e-02 1.194548001748072831e-02 9.517249269372239986e-03 1.317130008040389225e-02 1.069055268584458152e-02 1.260735444156030859e-02 1.155124755810974478e-02 2.153080821754318683e-02 1.076460283071165903e-02 1.401673721598227507e-02 1.028672713333498266e-02 1.410197929157647884e-02 1.188910988319621595e-02 1.189194379755228320e-02 1.225529466324526418e-02 1.196645840122495009e-02 1.174076820493161200e-02 1.635719847598121959e-02 1.383339424665826038e-02 1.313321255822316909e-02 1.347115543585743896e-02 1.427412892565638712e-02 1.406356396584871118e-02 1.233095022889379305e-02 1.142212662898204993e-02 1.194792978291565888e-02 1.261665614593496763e-02 1.250606704280086967e-02 1.250350843001225495e-02 1.236250276638489048e-02 1.418042715602552475e-02 1.257005256421674794e-02 1.125894018659277275e-02 1.344050616138663980e-02 1.706829020975253464e-02 1.414568746506021484e-02 1.466964612170007162e-02 1.293576217089245119e-02 1.258497362743793424e-02 1.194528161283516313e-02 1.533529958142724678e-02 1.512395713936341875e-02 1.133336729084756869e-02 1.111774342040658219e-02 1.257849717993456476e-02 1.377601198624784848e-02 1.395080559403217256e-02 1.246622271533515819e-02 1.081283845418156905e-02 1.471987306760307902e-02 1.265005580136142026e-02 1.336568733205412661e-02 1.232946988788434853e-02 1.148426698335426252e-02 1.246970917275313714e-02 1.575038954714467337e-02
1.052741813695295958e-02 1.289221501294672383e-02 1.127136104325562535e-02 0.000000000000000000e+00 1.069587992220811905e-02 1.666800937982084937e-02 1.154428007008883629e-02 1.088707418422932977e-02 1.144894266929100297e-02 1.084015048098828198e-02 1.512335941608381265e-02 1.106183810418201983e-02 1.364284158590181942e-02 1.133741760905132394e-02 1.224867597586609680e-02 1.300318038794869881e-02 1.192619058359975504e-02 1.442097087207187302e-02 1.187817746844083838e-02 1.110394248484693550e-02 1.321376483059063384e-02 1.095920620987969954e-02 1.155207139751436227e-02 1.822738981782203935e-02 1.154321763298556992e-02 1.158038512733183638e-02 1.290664855363950203e-02 1.389397518323205218e-02 9.459337716112455746e-03 1.147059335792358602e-02 1.086620858255952886e-02 1.064350101827380574e-02 1.272148842352278930e-02 1.120628358855356443e-02 1.106631989072098289e-02 1.254728561499263151e-02 1.088808146539823121e-02 1.156465936429252120e-02 1.162089985734204856e-02 1.818129426241029203e-02 1.139011656046444443e-02 1.111628016717505774e-02 1.423368862129636980e-02 1.239937694037924858e-02 1.375819695656261415e-02 1.399891169725521640e-02 1.387292644557284842e-02 1.024624677284251793e-02 9.526801530296146944e-03 1.555852755854407292e-02 1.059172059511314691e-02 1.282760905919962634e-02 1.165334360698730941e-02 1.153610361377971870e-02 1.396023169662448035e-02 1.285527766162857140e-02 1.179181371920896837e-02 1.098487724715388990e-02 1.207943152332055341e-02 1.157894883064812183e-02 1.143665122508220888e-02 1.281981019651594680e-02 1.523668126143341503e-02 1.442030382009901190e-02 1.680099174931290462e-02 1.152190349278073810e-02 1.130145459765397042e-02 9.785867063420175538e-03 1.592157840980482422e-02 1.479117228156517742e-02 1.633766955515136843e-02 1.547194010339939495e-02 1.142021019730798080e-02 1.177702610516352492e-02 9.871222396641534530e-03 1.312067980913753443e-02 1.040758455906936469e-02 1.255270824320194739e-02 1.154291231453837864e-02 2.139854295789305610e-02 1.068910951415989741e-02 1.392425435687151200e-02 1.016473267951083226e-02 1.420168040555766856e-02 1.190373224827661301e-02 1.182301858467214861e-02 1.275312269323892501e-02 1.119557989340647097e-02 1.159032284543680576e-02 1.627928602123891386e-02 1.384959333514239679e-02 1.310485921398230232e-02 1.327577950235065904e-02 1.422555104387103649e-02 1.394976243979954671e-02 1.222886850760189319e-02 1.121821955087273608e-02 1.163001393850362705e-02 1.241370729187828148e-02 1.239688087631879605e-02 1.251954059974438524e-02 1.226244931016870661e-02 1.396761188042960553e-02 1.240865330200779069e-02 1.055976466137880342e-02 1.249682929666237965e-02 1.706993441829712799e-02 1.409173084868443546e-02 1.453018803515858728e-02 1.289478956283953912e-02 1.237205145332151424e-02 1.174607409394256945e-02 1.527446086331004510e-02 1.513163680389127685e-02 1.108949365877736314e-02 1.096748525284921630e-02 1.266020023315647842e-02 1.290858177467269115e-02 1.376384472727174534e-02 1.307341437613643992e-02 1.133861009633421214e-02 1.459577758857596302e-02 1.350883357742599551e-02 1.317888102722229726e-02 1.225462889807228152e-02 1.133371275143746706e-02 1.162068447694777559e-02 1.559172850904069763e-02
1.000961107361381629e-02 1.220521033601849187e-02 1.143453576492089833e-02 1.069587992220811905e-02 0.000000000000000000e+00 1.677235257038106261e-02 1.170695713728558962e-02 1.132085852989080099e-02 1.148952834058177171e-02 1.099508115481136368e-02 1.522837398043587649e-02 1.108251108065281230e-02 1.382019413016586686e-02 1.153230674186690036e-02 1.160010375437422157e-02 1.299541683816207369e-02 1.208303120547332861e-02 1.426511959828360987e-02 1.206519730123669504e-02 1.129299422907291059e-02 1.332449154374357354e-02 1.104436074530144342e-02 1.106444514149820292e-02 1.830263325283211853e-02 1.158194059638074751e-02 1.186960746942559292e-02 1.301780832917401667e-02 1.406082119006611848e-02 9.980940146992087550e-03 1.171608204838683019e-02 1.155151910610971097e-02 1.094855712076544391e-02 1.208556876631971394e-02 1.197690715323813243e-02 1.131534017931864339e-02 1.268674021890423692e-02 1.105581983409221515e-02 1.106312392439001181e-02 1.242161489163163754e-02 1.826756842621146681e-02 1.143671571236477488e-02 1.130527300972263699e-02 1.358896292151454480e-02 1.254797336968524468e-02 1.394768654319737677e-02 1.414199789578470673e-02 1.393986455373947067e-02 1.043216115106322499e-02 1.004092691852754432e-02 1.570211387674041656e-02 1.080009454324899754e-02 1.316502720394812156e-02 1.179349019935717509e-02 1.169693336096499711e-02 1.408958339322684446e-02 1.297030331121816135e-02 1.196404535550091817e-02 1.169036332965001437e-02 1.150529367980545128e-02 1.106345335460013832e-02 1.159155272909253263e-02 1.278514181436356430e-02 1.533418042596225613e-02 1.450806989019675503e-02 1.690099487839731573e-02 1.161410190555913456e-02 1.132222460195010487e-02 9.450183314114743785e-03 1.604069346405281524e-02 1.482665264761080619e-02 1.644326143455470887e-02 1.546201385652913422e-02 1.212116911351034283e-02 1.193389530708224323e-02 9.973212084365128127e-03 1.332600437926598734e-02 1.069096422190961293e-02 1.263703597152080436e-02 1.171413216044489038e-02 2.152617929589773632e-02 1.091165441699452898e-02 1.406936195898867738e-02 1.031392906448310928e-02 1.428020094578608991e-02 1.188632753373393587e-02 1.201267929050663791e-02 1.302573096815339698e-02 1.206466831704691364e-02 1.101794645336559401e-02 1.640091871154739436e-02 1.396886889139201809e-02 1.313563069920081934e-02 1.341173695932159488e-02 1.438415907881708186e-02 1.401393506066847885e-02 1.240460752753350278e-02 1.130070828473394434e-02 1.191727291892608412e-02 1.264669156594241603e-02 1.249159338974829142e-02 1.270467528175637205e-02 1.231001414740797752e-02 1.411237296533327662e-02 1.262679725065993241e-02 1.133734244836159463e-02 1.337046034823801549e-02 1.714738872386669527e-02 1.429202025882927822e-02 1.464223352642258363e-02 1.216167170008478765e-02 1.267079451145560441e-02 1.197521370173930746e-02 1.539485795098336461e-02 1.511563191384455301e-02 1.122056640091833452e-02 1.113447295188344302e-02 1.260776813323721129e-02 1.371749898781680042e-02 1.390509909476100522e-02 1.324631431807446469e-02 1.147088115279481721e-02 1.469577878536335556e-02 1.364168847181476511e-02 1.338821030385600741e-02 1.237937274276157407e-02 1.140832575554846622e-02 1.244105051411550054e-02 1.568766869217019105e-02
1.622431960154680983e-02 1.775818733509328812e-02 1.668926793803402614e-02 1.666800937982084937e-02 1.677235257038106261e-02 0.000000000000000000e+00 1.585202671073943775e-02 1.665886310846990959e-02 1.676745861134272195e-02 1.643897954172960155e-02 1.932319327056814667e-02 1.660610539595095900e-02 1.830856133333654337e-02 1.581119648839216310e-02 1.735710356586085343e-02 1.785408219334563493e-02 1.698830778773699479e-02 1.862720786938982034e-02 1.709396766076594354e-02 1.659697629194086671e-02 1.778033293280356988e-02 1.650587715603423281e-02 1.695741014703543506e-02 2.167507572645374289e-02 1.677709642534029599e-02 1.596191608046973118e-02 1.772545369567933918e-02 1.837192823346300158e-02 1.582132490905779898e-02 1.689949646933378707e-02 1.681897284691174707e-02 1.636783344399285814e-02 1.776654229889435693e-02 1.705323880485495880e-02 1.660256093179237127e-02 1.752869977048007732e-02 1.553513380542299524e-02 1.697570420557490897e-02 1.729586355802246664e-02 2.161751916582247898e-02 1.682919894639607616e-02 1.663506384911811464e-02 1.881172037963805069e-02 1.720673694027998954e-02 1.836653517244946424e-02 1.855369468551289203e-02 1.842855294223621695e-02 1.603850742021045717e-02 1.589722093748710541e-02 1.962620371460517196e-02 1.632785045112317493e-02 1.773146100576902112e-02 1.699236338619619993e-02 1.675161991534597841e-02 1.854947980037293526e-02 1.761551554353138482e-02 1.690690607250175392e-02 1.693275010338883904e-02 1.733766404297888697e-02 1.692975271194522083e-02 1.684025069687326848e-02 1.762800515660777056e-02 1.926977170989054369e-02 1.871520252771641246e-02 2.053903873125569393e-02 1.678795378414953479e-02 1.672172933443780846e-02 1.584049311987178327e-02 1.984384261399872035e-02 1.905035414726972270e-02 2.018275374800914887e-02 1.951790448675830986e-02 1.726420941244127122e-02 1.703889933521297861e-02 1.578091886499284266e-02 1.787980679794396593e-02 1.625544106703525823e-02 1.747815294438912967e-02 1.676671794802801069e-02 2.444622454556703156e-02 1.632585067830430794e-02 1.835707788902347926e-02 1.599820329282479123e-02 1.865377526979693570e-02 1.714831610858712913e-02 1.695291817474434137e-02 1.772975448466907258e-02 1.719438975997049021e-02 1.697884124631877240e-02 1.999391960419337824e-02 1.829162353731419999e-02 1.781436587592616708e-02 1.811939829205500355e-02 1.859340656505152622e-02 1.846116559760151501e-02 1.728694134010259897e-02 1.672401307545750074e-02 1.698245726628339405e-02 1.750489320973647872e-02 1.735695413786435617e-02 1.750774714780263877e-02 1.726941059944243906e-02 1.851717709391844172e-02 1.743317307637823679e-02 1.665284739032284536e-02 1.801878516617145404e-02 2.070116807466308717e-02 1.859602554606737054e-02 1.888543262898925712e-02 1.780814234438933552e-02 1.737152174588451475e-02 1.707409172663381519e-02 1.779783023328845165e-02 1.930337199283960192e-02 1.665870778580269898e-02 1.656801372205022119e-02 1.764834142020895585e-02 1.830251175261177893e-02 1.840233512778563507e-02 1.791898067421731147e-02 1.679912149017676742e-02 1.885326382962241101e-02 1.809601338071223711e-02 1.790161016044571063e-02 1.737122016756652634e-02 1.660480499392623724e-02 1.738334142131599952e-02 1.964821874067369106e-02
1.084568275156325666e-02 1.319744792917952256e-02 1.090357464631841120e-02 1.154428007008883629e-02 1.170695713728558962e-02 1.585202671073943775e-02 0.000000000000000000e+00 1.146943589725034525e-02 1.168822542402032059e-02 1.106418427952066130e-02 1.539719178958855877e-02 1.133821442950940644e-02 1.385098982240934133e-02 1.162589393616201075e-02 1.252572564841885998e-02 1.311328095475963740e-02 1.205408734976117294e-02 1.464293501038577486e-02 1.206650869844298063e-02 1.075805041947634939e-02 1.257661287867674511e-02 1.124490316803031242e-02 1.199410092285578718e-02 1.838546407506096853e-02 1.187983819225238782e-02 1.188659926858655694e-02 1.245707035964498111e-02 1.412274477137192598e-02 1.030935482600959033e-02 1.180083884429843077e-02 1.172820312477333010e-02 1.115585103628000639e-02 1.317649308902713728e-02 1.206832177823439350e-02 1.081323164579041200e-02 1.285321105016018484e-02 1.105540426729488199e-02 1.204284663334234326e-02 1.244042280562635862e-02 1.824430766544431204e-02 1.174428432320766269e-02 1.142090406908330066e-02 1.467830677087500479e-02 1.272260729877180800e-02 1.399727164138241629e-02 1.424933528215854665e-02 1.400911971440434341e-02 1.054272244432499089e-02 1.024835550095620253e-02 1.582024616587853968e-02 1.102478013161970610e-02 1.317389144016849721e-02 1.199948038446207489e-02 1.168221841698814135e-02 1.431552252850039689e-02 1.217788082790201634e-02 1.212953617283426232e-02 1.196671432017420295e-02 1.250782006087277319e-02 1.200604830773376736e-02 1.167552484180220743e-02 1.302288070217708787e-02 1.535193065159560361e-02 1.460626363271715598e-02 1.691543939504269733e-02 1.104869050132656870e-02 1.158524008679350827e-02 1.025345630090708504e-02 1.605369245220792523e-02 1.483665513602624303e-02 1.647360586797349744e-02 1.568188790868719346e-02 1.243395683958201277e-02 1.219359125643922070e-02 1.017367389332133297e-02 1.344114090243546215e-02 1.088257414743123291e-02 1.272404285632932307e-02 1.091204754385931459e-02 2.159994639374671413e-02 1.110159905317075098e-02 1.407405656943002542e-02 1.041051152661145313e-02 1.445497038053094978e-02 1.222172380270240485e-02 1.146220544120845307e-02 1.304951041915005175e-02 1.234379611849762033e-02 1.189455487254788453e-02 1.649556631591391972e-02 1.396962361305793994e-02 1.325587946330178922e-02 1.366593357849521344e-02 1.357422124194468740e-02 1.410688054064632851e-02 1.178301474527197919e-02 1.150686003202212003e-02 1.213055121017521561e-02 1.283385424816621372e-02 1.259623547632926152e-02 1.279305304111660359e-02 1.255606788159824121e-02 1.423521276730880039e-02 1.273479057940783872e-02 1.157976577763787998e-02 1.364943193116304604e-02 1.629755363458989734e-02 1.433987220831403099e-02 1.474630825272607408e-02 1.313184584754211945e-02 1.272094336279266935e-02 1.208785204628450363e-02 1.534021559983700204e-02 1.528022774600641676e-02 1.143473224372144187e-02 1.133277259893444334e-02 1.292821053503532061e-02 1.392180433189807616e-02 1.401602157924450483e-02 1.323988478960923948e-02 1.167754495321652632e-02 1.472898501475386479e-02 1.288226259145500673e-02 1.342001025344113398e-02 1.243046638520120366e-02 1.152454266689553752e-02 1.265715278918652306e-02 1.575719064819612603e-02
1.058393105217876606e-02 1.288751226032967476e-02 1.128912365267789424e-02 1.088707418422932977e-02 1.132085852989080099e-02 1.665886310846990959e-02 1.146943589725034525e-02 0.000000000000000000e+00 1.136821267868970073e-02 1.087582269038205908e-02 1.520491702026795754e-02 1.109123107505570818e-02 1.365770884322153531e-02 1.142394915627603473e-02 1.227851226911428305e-02 1.295612339042643765e-02 1.185615095353888086e-02 1.442785920462832765e-02 1.184725322170693609e-02 1.109194082234033450e-02 1.319356631444549080e-02 1.090448658283539422e-02 1.165274860086662825e-02 1.812750298727395029e-02 1.148443403659502732e-02 1.161356705178067696e-02 1.291463124041902430e-02 1.383341406751210749e-02 9.391581273847112929e-03 1.085536052537847823e-02 1.143686113630023975e-02 1.075848626958732061e-02 1.277359257509505519e-02 1.114342711342130275e-02 1.051995860576156010e-02 1.249659261442644456e-02 1.083730177430840616e-02 1.163514114599831402e-02 1.219552168030315145e-02 1.816800580674739901e-02 1.127763258490272445e-02 1.100797959815707355e-02 1.434905977428425732e-02 1.245801072371249991e-02 1.371987810746196426e-02 1.406905934222599068e-02 1.381208633271287234e-02 1.022284118695527058e-02 9.498592668220380217e-03 1.549159513698841230e-02 1.058080190660908027e-02 1.302550747823411417e-02 1.158253204598209442e-02 1.143877794959281477e-02 1.393911971337999899e-02 1.267815658414420989e-02 1.178112747007689642e-02 1.093875589849773941e-02 1.194057742158688082e-02 1.171030266770035737e-02 1.145023648128765462e-02 1.281043858258761048e-02 1.507523718281580417e-02 1.441374072350814876e-02 1.672930237188240479e-02 1.134324984518217568e-02 1.134048187041122695e-02 9.834163067064227368e-03 1.587119218232858550e-02 1.478945985509040432e-02 1.630795516958838398e-02 1.547665354183698321e-02 1.148531045133674780e-02 1.189041500328790781e-02 9.859325800446790827e-03 1.309628323904941417e-02 1.044291130694288174e-02 1.253898000816919961e-02 1.148380913623201979e-02 2.138679613247256722e-02 1.074121911655694442e-02 1.391014919356207274e-02 9.487103388146400640e-03 1.421082292108876745e-02 1.185142184222203257e-02 1.176244183057284856e-02 1.290254945302500393e-02 1.194174934043293682e-02 1.165170899456439459e-02 1.626245738768906587e-02 1.382264474524372115e-02 1.305192698977736959e-02 1.338039568764481067e-02 1.422833495471019331e-02 1.307596038954059875e-02 1.211818346187629181e-02 1.108102930870972537e-02 1.182122147593199848e-02 1.254329739055269274e-02 1.238576182145510740e-02 1.250189018987819811e-02 1.226029420030666679e-02 1.301999629172166315e-02 1.231725850521279107e-02 1.124054187985610957e-02 1.247309111616795411e-02 1.711786238683151232e-02 1.418427880022316533e-02 1.443288072231501025e-02 1.292769992039339427e-02 1.253382301566617271e-02 1.158471543515079798e-02 1.526994548217399175e-02 1.512170202507359847e-02 1.103431522297754555e-02 1.038392343303463049e-02 1.266295331057448216e-02 1.366187017052271357e-02 1.384652081239397259e-02 1.311636584191510496e-02 1.126379465713658531e-02 1.459201066916306251e-02 1.349274396053200091e-02 1.237743196266452225e-02 1.224010909030636210e-02 1.126596262570326960e-02 1.235391618283660994e-02 1.558402088885370122e-02
1.009615375686619305e-02 1.223614192522898443e-02 1.143871157329367713e-02 1.144894266929100297e-02 1.148952834058177171e-02 1.676745861134272195e-02 1.168822542402032059e-02 1.136821267868970073e-02 0.000000000000000000e+00 1.103135045208699337e-02 1.536463330232285505e-02 1.134966091006522557e-02 1.385433730104522129e-02 1.167618009491667129e-02 1.232562423142416312e-02 1.309678015404592763e-02 1.205723864159099178e-02 1.440904412580817570e-02 1.210791489394314607e-02 1.078874571696829092e-02 1.337336214532801500e-02 1.114915027896130721e-02 1.186761683867164179e-02 1.838909113840139081e-02 1.179947275319880202e-02 1.194010479731512538e-02 1.319106722189501181e-02 1.410822982600150842e-02 1.021464716095663548e-02 1.171631527641146635e-02 1.166638857326667347e-02 1.043301488382022447e-02 1.311473048525331996e-02 1.209415631919158636e-02 1.082804525244810377e-02 1.280632444189424429e-02 1.057761477314521532e-02 1.187575459608934680e-02 1.253686271681921961e-02 1.833854668582132405e-02 1.167055625987463777e-02 1.128171478520229205e-02 1.463020892231286542e-02 1.257670711243881467e-02 1.403085259981515925e-02 1.426276976540160474e-02 1.398045921781899611e-02 1.053546280328140558e-02 1.019766550708510640e-02 1.573402194320189587e-02 1.090623678660452602e-02 1.324634503327166805e-02 1.124708771392834289e-02 1.173184986993476044e-02 1.428168000026893043e-02 1.299187050695888371e-02 1.193289767937313547e-02 1.173837935202078422e-02 1.246020924194130540e-02 1.190729222629689603e-02 1.164063237546561144e-02 1.291760314563481990e-02 1.536402552249551204e-02 1.464654185080052802e-02 1.690642046162282516e-02 1.170999566868162131e-02 1.140743689520290309e-02 1.012343273059129051e-02 1.611713301639361787e-02 1.491574220046068197e-02 1.652939750722289339e-02 1.554336869764308057e-02 1.239509027604194721e-02 1.206044904549901341e-02 9.520796978081299752e-03 1.340196666065121209e-02 1.088544320821492953e-02 1.262076260055973106e-02 1.174090119951358251e-02 2.160328527628061629e-02 1.094650771753351987e-02 1.407878552116812940e-02 1.041933913272122952e-02 1.431765084935317581e-02 1.134882415469935270e-02 1.204365782886735597e-02 1.314110723738588435e-02 1.225066100970768034e-02 1.192030040834816257e-02 1.545900578714629742e-02 1.404921771332084089e-02 1.333205850192446286e-02 1.356105181449796318e-02 1.437542775781661640e-02 1.416963714975114086e-02 1.243218988397254594e-02 1.147512446800280292e-02 1.209724471373129287e-02 1.279640246679150488e-02 1.259282822141137223e-02 1.270050485184674380e-02 1.242382629388140078e-02 1.426742002275070004e-02 1.268095630677323719e-02 1.138043003647659819e-02 1.356339634916209694e-02 1.729068485240116762e-02 1.432180116986130763e-02 1.478281649007608632e-02 1.310502677196341038e-02 1.278267815802275505e-02 1.198201280491016651e-02 1.530976118936436606e-02 1.525929541611607126e-02 1.144070164971095448e-02 1.056258400523626614e-02 1.283483114904454374e-02 1.384647233652120009e-02 1.323045438662596301e-02 1.339833639478495847e-02 1.150666226804013779e-02 1.479917036428712862e-02 1.371931111092606140e-02 1.342664977865450082e-02 1.256012423803397858e-02 1.160777803180467090e-02 1.263395897062017173e-02 1.583428569362259342e-02
9.919674159368599767e-03 1.264061939178947290e-02 1.028928769638311723e-02 1.084015048098828198e-02 1.099508115481136368e-02 1.643897954172960155e-02 1.106418427952066130e-02 1.087582269038205908e-02 1.103135045208699337e-02 0.000000000000000000e+00 1.403411511732903169e-02 1.070167060868427132e-02 1.332130264922208249e-02 1.111271185760783799e-02 1.202161609046491220e-02 1.274652720238880765e-02 1.157704238784880435e-02 1.414186009572859434e-02 1.150095633249569038e-02 1.016477530007847685e-02 1.286622149516641021e-02 9.775022487486748415e-03 1.120304413555202154e-02 1.792554445408344951e-02 1.126241048458053763e-02 1.143038002808941488e-02 1.263262491011328016e-02 1.355569862403831205e-02 9.518901896782490032e-03 1.110020761379868978e-02 1.119619112752193515e-02 1.024643241642271899e-02 1.256222626483354150e-02 1.160520638936476251e-02 1.073981841348948911e-02 1.228851793893332052e-02 1.047694782228365817e-02 1.136399579013364081e-02 1.203711007633480497e-02 1.790071459841842405e-02 1.043844370647334027e-02 1.081870084304380371e-02 1.414473139502091248e-02 1.206248832752081224e-02 1.354070862333891893e-02 1.361771167559217705e-02 1.352363022111356325e-02 9.262599139321802191e-03 9.413704412074298464e-03 1.539058492497249325e-02 1.023550358054183158e-02 1.277479269323657934e-02 1.075284062262626267e-02 1.111741123015258861e-02 1.375611419982433574e-02 1.248478804154977244e-02 1.150478895803825653e-02 1.125053620929455239e-02 1.188460475403714869e-02 1.130944303371672621e-02 1.037595675921908212e-02 1.177845547314057724e-02 1.498519901197603067e-02 1.403734871602892696e-02 1.568274959447256769e-02 1.118097328278242278e-02 1.097446954550450327e-02 9.020407000921800214e-03 1.569848547128736838e-02 1.456121079663219749e-02 1.609947978337817470e-02 1.505784983155853199e-02 1.185887957434158570e-02 1.126324100678623673e-02 9.502484464867519756e-03 1.277081438401704225e-02 1.019222256645841568e-02 1.230700345188429946e-02 1.115300946450837813e-02 2.126489315670244268e-02 9.621649607769676080e-03 1.365220474209195844e-02 9.790104102806911415e-03 1.315979278679258249e-02 1.156390115708283428e-02 1.147469205925332955e-02 1.255398702722474932e-02 1.168415686303973973e-02 1.132681431046315620e-02 1.609177830430115475e-02 1.343309050636862234e-02 1.285302183964305567e-02 1.306248250280168076e-02 1.403682659870386477e-02 1.366276458099005726e-02 1.195079831319769727e-02 1.091011609907984771e-02 1.153387460155912321e-02 1.216514708174511183e-02 1.180388307510131692e-02 1.208754936369607971e-02 1.188202806898205725e-02 1.380310577225969844e-02 1.221180767227587720e-02 1.013970523236848269e-02 1.312079022251973551e-02 1.691038120336372380e-02 1.386621868836568870e-02 1.432093659800709115e-02 1.265800391058548302e-02 1.214039302256104090e-02 1.140067129829418387e-02 1.502597173902467734e-02 1.473181788016513991e-02 1.085853165668240576e-02 1.069331773415031078e-02 1.236523688762508622e-02 1.345758411621215088e-02 1.353504639039669090e-02 1.286471488730389287e-02 1.100976476740884481e-02 1.442145829133693533e-02 1.244720272916040489e-02 1.300429454650214693e-02 1.196913548469243083e-02 1.101852851552538072e-02 1.203161437026515831e-02 1.540982966685850233e-02
1.465328312587360453e-02 1.640695520845410552e-02 1.522073310999954611e-02 1.512335941608381265e-02 1.522837398043587649e-02 1.932319327056814667e-02 1.539719178958855877e-02 1.520491702026795754e-02 1.536463330232285505e-02 1.403411511732903169e-02 0.000000000000000000e+00 1.501570887230849541e-02 1.698454516156438707e-02 1.534481910517032990e-02 1.595026489620738480e-02 1.651176165074300442e-02 1.568391557941620565e-02 1.743030101798051859e-02 1.569645002794550770e-02 1.512090461639764745e-02 1.655984708386402937e-02 1.488313242252531365e-02 1.454448653671548859e-02 2.054399496416432769e-02 1.544645028955406868e-02 1.549262526789233103e-02 1.635062630492498809e-02 1.707928042508434149e-02 1.432976475913448969e-02 1.544530042069872620e-02 1.534865483349025575e-02 1.486815856722671983e-02 1.639211443209196567e-02 1.568577339452915248e-02 1.518476725866648412e-02 1.613910921587958375e-02 1.487261585938847233e-02 1.553775080480672942e-02 1.588240343104482810e-02 2.062069181263357157e-02 1.524252928173114481e-02 1.517273384091615343e-02 1.753744417875792438e-02 1.598711987814621649e-02 1.698329148497607077e-02 1.706689382377078040e-02 1.711232388441382909e-02 1.433499323901224649e-02 1.431054241197298252e-02 1.847875442211945052e-02 1.487760741881651028e-02 1.638477519764618487e-02 1.543313189358118918e-02 1.540195250338779152e-02 1.727019260970509562e-02 1.634715346739461922e-02 1.556819894361329004e-02 1.547752528842814487e-02 1.590494952246051738e-02 1.552528811764236974e-02 1.524878169379185848e-02 1.614973953094667528e-02 1.815902994296735018e-02 1.753697963271943008e-02 1.937658474940544967e-02 1.540687155046779021e-02 1.526749674102033383e-02 1.418761367454790014e-02 1.861663377918964732e-02 1.783126160430925991e-02 1.903341203864264766e-02 1.828947755448829399e-02 1.585666080649162854e-02 1.459317867274262728e-02 1.426889276473676527e-02 1.658541764106438721e-02 1.474245000370607607e-02 1.617005696664352427e-02 1.535732301695215754e-02 2.361136457393607502e-02 1.468239118082574103e-02 1.714933306211071512e-02 1.449400852300770752e-02 1.728517469826533134e-02 1.571660334202024806e-02 1.563295638363437767e-02 1.625571935892101971e-02 1.569086669422151484e-02 1.541188725091586012e-02 1.904655707672713028e-02 1.707064009802666121e-02 1.655065453486606608e-02 1.675555954529342473e-02 1.742516551578809220e-02 1.715844625503145163e-02 1.592476825966278667e-02 1.525594251796120668e-02 1.552837993899184969e-02 1.594366045742289656e-02 1.493397914548002386e-02 1.612290727078045591e-02 1.583223007100769894e-02 1.723977984796423030e-02 1.610101264107340405e-02 1.417601008968977228e-02 1.674960458111173292e-02 1.972986474539976942e-02 1.731606560058735964e-02 1.747815899587377639e-02 1.642848963104532115e-02 1.503212706647078997e-02 1.564885967201628050e-02 1.808830121078326691e-02 1.807985249830895702e-02 1.507391507849373431e-02 1.509368998602066136e-02 1.626872304065460004e-02 1.690960739152683884e-02 1.702775259947966746e-02 1.659657136430162799e-02 1.535656202187853092e-02 1.770912987933188215e-02 1.678573999555288410e-02 1.663886901338242075e-02 1.599181379509593409e-02 1.527300721360637034e-02 1.595436307019201805e-02 1.840947555811608266e-02
1.027320687572676715e-02 1.277086009118335273e-02 1.124334397539171818e-02 1.106183810418201983e-02 1.108251108065281230e-02 1.660610539595095900e-02 1.133821442950940644e-02 1.109123107505570818e-02 1.134966091006522557e-02 1.070167060868427132e-02 1.501570887230849541e-02 0.000000000000000000e+00 1.365029988380270405e-02 1.128925100499055499e-02 1.145615451553305165e-02 1.291470709784905968e-02 1.184185074068786793e-02 1.428469879322018590e-02 1.183196694869541148e-02 1.108930595225895988e-02 1.235422067039080966e-02 1.082450483373195195e-02 1.158641544656508794e-02 1.810965675728139559e-02 1.145729329039170581e-02 1.166801289624855298e-02 1.268520967810377736e-02 1.380014269599242650e-02 9.332494468545957447e-03 1.143581631877572773e-02 1.145224288273533238e-02 1.072573821961113338e-02 1.284235975145571820e-02 1.174880780142094003e-02 1.104580791493968428e-02 1.244438361937119132e-02 1.062753452541688633e-02 1.154367469809130728e-02 1.221644980840830806e-02 1.800144113349999922e-02 1.131648503665618963e-02 1.045550676342084026e-02 1.433819232299103456e-02 1.233213692102034034e-02 1.367147247216858943e-02 1.395388114769842945e-02 1.380792518727205244e-02 9.556798990544847563e-03 9.882025655749455614e-03 1.555845777397423489e-02 1.065251473576070765e-02 1.297625052342581652e-02 1.159856179388690615e-02 1.139285286999918399e-02 1.405906052812544264e-02 1.275753632240476075e-02 1.096835093440283806e-02 1.159768295878517430e-02 1.200997062418718286e-02 1.093725203775514250e-02 1.122662043247663922e-02 1.266149463757675411e-02 1.511087256671751235e-02 1.434291079655241122e-02 1.675140220673363919e-02 1.071199531334602988e-02 1.063827961978290257e-02 9.676649536963793583e-03 1.582004184907184405e-02 1.469623484973095646e-02 1.628880566705396063e-02 1.535195589098537795e-02 1.214075275649127879e-02 1.176208529723460870e-02 9.726520047679969999e-03 1.314988993580496965e-02 1.037938013457538958e-02 1.238668919289911789e-02 1.127815604020064068e-02 2.142964328633800014e-02 1.050711256877900207e-02 1.381786823394972642e-02 1.009078225291796735e-02 1.417615100709769711e-02 1.176015598542627313e-02 1.170659700060744379e-02 1.275324427215785567e-02 1.185892781936897372e-02 1.159679443882886268e-02 1.622686344097436575e-02 1.372766795414132393e-02 1.296085131158628868e-02 1.329115442061334917e-02 1.422295714962140516e-02 1.390328763587945007e-02 1.210889142614776648e-02 1.053801162149295770e-02 1.170882537801449207e-02 1.240369477954999730e-02 1.153937279504057070e-02 1.246162322359854052e-02 1.213077225477510700e-02 1.393933145016758475e-02 1.234766490293404996e-02 1.049283761758875583e-02 1.332938325978210402e-02 1.709522360765078700e-02 1.411211990695882511e-02 1.454183878460304710e-02 1.211788884199231989e-02 1.241851993048212997e-02 1.168011022590748939e-02 1.515843276328584371e-02 1.508468582349530018e-02 1.110039486940849612e-02 1.073912495101244161e-02 1.253166813267905973e-02 1.363641474867702263e-02 1.375582789891660607e-02 1.316562721641473081e-02 1.124296532036131967e-02 1.441384485828310115e-02 1.346572729949116823e-02 1.312117305963452288e-02 1.214915630843471303e-02 1.114276002241866050e-02 1.235518127663897889e-02 1.543903693453626755e-02
