0.000000000000000000e+00 8.230982752191702556e-03 8.646506438113333790e-03 7.998712680217505422e-03 8.210099956038986041e-03 8.756056463378873375e-03 7.970355351197316168e-03 8.187054300188772310e-03 7.758998089904083767e-03 8.735026148385310885e-03 8.557449586113360929e-03 8.113760855752003356e-03 7.961192374565663823e-03 8.000408615255326372e-03 1.056537362719045178e-02 8.354035871270874131e-03 8.744898947998597238e-03 8.271577680147960965e-03 8.665770569947018123e-03 8.111508072972282643e-03 8.345615211606368516e-03 8.539416784277907568e-03 8.180815943911423985e-03 8.146867459935810268e-03 8.009741752565890591e-03 8.161258421014021616e-03 8.558814851916412073e-03 8.196389455832451751e-03 7.968102249630820699e-03 8.908030263320650816e-03 8.575245832102493249e-03 7.906319450363479343e-03 9.061421238931713015e-03 9.701331582521852473e-03 8.960487046555713764e-03 8.985243790935990710e-03 9.662753359869732592e-03 9.424687767561786000e-03 1.021927150307206864e-02 9.023872314564133912e-03 9.158442564530083416e-03 9.411428083105459474e-03 1.137247478019375209e-02 9.365530837019379537e-03 9.655953219275401761e-03 9.024014184903648289e-03 9.185271292386136197e-03 9.356682149114380412e-03 9.300727357042766832e-03 8.862434270478966244e-03 9.375462286081387084e-03 9.157039111120365144e-03 9.729378718930363490e-03 8.929492676248370481e-03 8.946230458540361391e-03 9.214292325437929004e-03 9.096287789203287566e-03 9.152551702403307482e-03 9.249255345664061240e-03 8.760109952453477497e-03 8.773062179098995925e-03 9.008499714483459916e-03 9.022109136257608006e-03 9.295389275776061097e-03 9.253817324176794035e-03 9.283531303473648369e-03 9.235099940557831358e-03 9.101019466238991981e-03 9.607141704748878644e-03 9.196590963644606098e-03 9.961945207232951113e-03 8.987325001839532868e-03 9.350620073516113795e-03 9.386862944325759239e-03 9.455215662188936818e-03 9.155008739008211466e-03 9.777193316080713681e-03 9.275431700672305546e-03 9.651091748128944742e-03 9.486828207771530116e-03 9.111238530948544481e-03 9.364675540698667519e-03 9.770252748921707739e-03 8.818721350136692061e-03 9.334310545520387720e-03 9.280940224641643504e-03 9.174670635406988531e-03 9.317186824575961202e-03 9.197593139254061842e-03 9.255241773172034198e-03 9.654736753661465401e-03 9.936726727577303853e-03 9.115642245364938626e-03 9.214960292010718895e-03 9.592110473777103533e-03 9.257270119970413547e-03 9.706344514221067199e-03 9.346958398021366562e-03 9.492762690351225913e-03 9.189640964866191072e-03 8.938227378951649552e-03 1.009179128638914430e-02 9.313360148629679439e-03 9.523279490395939947e-03 9.197962478902506692e-03 9.137405327336348485e-03 9.125066312082588324e-03 9.615863374007983105e-03 9.326301462221837577e-03 8.737243493035489611e-03 9.092511356286563790e-03 9.106556113044440154e-03 9.546284962328070028e-03 9.075444064957256807e-03 9.741932439613115030e-03 9.396820874080665659e-03 9.084716850162781812e-03 9.106613498505744878e-03 8.958749697801079298e-03 9.345287443802516303e-03 9.929213683499851437e-03 9.183275693637867054e-03 9.208022659106503485e-03 9.686329132632237257e-03 8.876402702505637246e-03 9.719984148505859609e-03 9.449102945565873019e-03 9.126319877469741756e-03
8.230982752191702556e-03 0.000000000000000000e+00 7.687921130933731209e-03 7.018713043869352804e-03 7.534942700964106406e-03 7.851947481502547649e-03 7.515584317255291115e-03 7.535699394752081587e-03 7.025413868802784373e-03 8.128995575318924416e-03 8.209082702369262935e-03 7.452862606256621496e-03 7.263384129624047073e-03 7.282903169098717093e-03 1.002184931371633350e-02 7.637166648644218118e-03 8.177856058243591214e-03 7.879845035978912463e-03 7.773309778560924012e-03 7.422618544210885308e-03 7.672542311262715332e-03 7.613026799055987344e-03 7.521292136953085759e-03 7.505598965741824662e-03 7.318275808479953078e-03 7.409671770560417176e-03 7.617803735148915949e-03 7.545157041912020114e-03 7.304621461790394843e-03 8.369107997853834913e-03 7.660322031515050777e-03 7.217753264720908751e-03 8.423371871781597242e-03 9.112870928349121880e-03 8.312800669029389578e-03 8.348124306926303986e-03 9.071421021416493230e-03 8.819492935126141409e-03 9.666594901829287170e-03 8.381255254475222793e-03 8.527767514761966025e-03 8.801306911131423841e-03 1.088306252225997375e-02 8.751375941604574299e-03 9.064311897569229254e-03 8.381257778809702089e-03 8.556024088093519206e-03 8.742477586129185352e-03 8.690815949027685602e-03 8.206553442481041502e-03 8.752855480687320167e-03 8.535209001644351520e-03 9.143147708062602380e-03 8.288410887750445599e-03 8.299279838940883461e-03 8.595985045664101404e-03 8.246238609048515966e-03 8.530039169544865671e-03 8.634808145745062613e-03 8.094236808257840310e-03 8.116953180732692369e-03 8.364538020208200919e-03 8.388375110930624060e-03 8.675488375184323142e-03 8.656996325393583741e-03 8.689697564314822001e-03 8.637100648054705371e-03 8.493323613730880892e-03 9.037426668623059142e-03 8.587719459219081766e-03 9.417073372728507544e-03 8.368844441796112130e-03 8.761458158414723793e-03 8.800687216464743445e-03 8.874256091134992419e-03 8.550655277490402939e-03 9.219493268376849002e-03 8.680963117085303132e-03 9.084500495471048431e-03 8.908323992540448377e-03 8.502712993814392703e-03 8.776855236829288892e-03 9.212425647091479139e-03 8.185841034002125025e-03 8.744133866566900989e-03 8.686597806805083574e-03 8.571853689140694968e-03 8.725262077785303494e-03 8.596332100208121246e-03 8.658860718040671187e-03 9.088767387202089168e-03 9.389985483352042417e-03 8.506571513275815177e-03 8.615362294553152375e-03 9.021358740814602525e-03 8.661297369445240119e-03 9.144413943336055645e-03 8.758462168555421201e-03 8.916052580003813038e-03 8.587323094215615349e-03 8.316308684142466323e-03 9.555786638996775773e-03 8.722230101141708811e-03 8.935954234044704916e-03 8.597213693175915356e-03 8.532234309121958585e-03 8.518506848092117709e-03 9.047404893291834810e-03 8.736010855432208358e-03 8.097537742415249207e-03 8.482391109382475883e-03 8.498480438320585653e-03 8.972682404248566099e-03 8.465331080093878996e-03 9.182468983012252381e-03 8.812258660620984896e-03 8.476385352762398628e-03 8.497752784217781769e-03 8.339011895861557153e-03 8.756184285456360128e-03 9.382001168182827963e-03 8.580575827515864867e-03 8.608506996762185087e-03 9.122926517762749293e-03 8.249186595564025545e-03 9.158446738655665054e-03 8.867849844345214103e-03 8.519891016143253323e-03
8.646506438113333790e-03 7.687921130933731209e-03 0.000000000000000000e+00 7.430022211625010586e-03 7.904535041717414973e-03 8.215891219277475857e-03 7.950201355983501847e-03 7.917477901734507398e-03 7.432058037069979965e-03 8.493752005898139862e-03 8.634255840795012141e-03 7.815894989221177508e-03 7.672729089679145714e-03 7.718450395102820216e-03 9.981047249931710580e-03 7.803366448866594016e-03 8.805251129702471036e-03 8.041332899579676369e-03 8.162876638274212462e-03 7.810068103877807269e-03 8.058111080311611274e-03 8.008041830299706190e-03 7.914553648243935480e-03 8.133143374619037844e-03 7.933884525312627153e-03 7.570637984949882791e-03 7.989592559369040892e-03 8.172257238510737681e-03 7.943842314482404965e-03 8.699676030131459764e-03 8.018360094097915641e-03 7.881217742108275262e-03 8.815481851741644240e-03 9.473741548108607913e-03 8.710954492048568476e-03 8.737079259724778169e-03 9.434472986802649314e-03 9.199648737639270352e-03 1.000554540114439311e-02 8.776683782429878233e-03 8.915208014249042037e-03 9.176190161610642271e-03 1.118234370054863556e-02 9.128226636674070804e-03 9.427044472844590614e-03 8.776154766314612013e-03 8.942513159539285453e-03 9.119135780524482288e-03 9.062574205688213314e-03 8.609642094398276338e-03 9.127988797928325918e-03 8.914079144614301536e-03 9.502624362843730202e-03 8.678523463514421776e-03 8.705126439368673918e-03 8.973058518890481700e-03 8.841769842930106982e-03 8.909369994787410749e-03 9.009067317089452728e-03 8.503597251398558113e-03 8.517977257445135883e-03 8.760148364907892685e-03 8.774796036751452213e-03 9.055681251500653089e-03 9.002501236389248013e-03 9.042269214042998951e-03 8.992063258813321261e-03 8.861371028244104803e-03 9.375179546449077805e-03 8.944397221221296254e-03 9.740047800907640496e-03 8.736185894111524880e-03 9.111441569239207491e-03 9.148483374407658311e-03 9.218882652624152060e-03 8.909524887219454417e-03 9.549683726445445248e-03 9.034239574831041605e-03 9.420378948482223402e-03 9.251743351296052784e-03 8.864360588389819454e-03 9.125928064738005052e-03 9.543482967793750354e-03 8.562369124624087321e-03 9.094689840358403943e-03 9.039036746166000807e-03 8.929788197767869057e-03 9.067645657113996074e-03 8.953868747600910241e-03 9.013139385861212646e-03 9.424720119919693245e-03 9.713846614294073881e-03 8.869001558378554820e-03 8.971931927391346706e-03 9.359752896649829734e-03 9.015282787125397310e-03 9.478581823525370972e-03 9.108762415017394865e-03 9.258504547785673458e-03 8.945929503021239279e-03 8.686536751016387878e-03 9.874244790978585484e-03 9.074137848043497753e-03 9.271763963455113139e-03 8.954467514437229603e-03 8.892669557603686062e-03 8.879317371732298875e-03 9.385499623024961754e-03 9.087377381321473310e-03 8.478904080084346054e-03 8.845756077834750555e-03 8.860220479097714874e-03 9.313919229545683173e-03 8.828469533835278313e-03 9.515140426880262098e-03 9.159828574886723362e-03 8.838666064006617945e-03 8.860985649673048040e-03 8.708374927933939386e-03 9.106316329530354109e-03 9.706704525318217772e-03 8.939339090423263634e-03 8.965483118292734768e-03 9.458012868022001515e-03 8.622680183173440580e-03 9.491830533856637428e-03 9.213186907715827795e-03 8.880659346877447721e-03
7.998712680217505422e-03 7.018713043869352804e-03 7.430022211625010586e-03 0.000000000000000000e+00 7.263383942636532191e-03 7.602098607363238537e-03 7.023189275983050643e-03 7.495039397044170326e-03 6.720653357327321421e-03 7.919864518571007733e-03 7.757036396283434158e-03 7.170807220289896096e-03 6.964729858036633296e-03 7.036148952134635773e-03 9.533763829816681301e-03 7.156773845180838464e-03 7.936591683442883668e-03 7.391386784567815886e-03 7.525306113965725581e-03 7.138780978296568706e-03 7.416638962739416537e-03 7.358148303569582785e-03 7.273942908614658594e-03 7.236025583149108958e-03 7.012948793836651547e-03 6.907078250671751241e-03 7.352028205887580457e-03 7.284297532532968585e-03 7.246550993107052363e-03 8.395848320564244446e-03 7.374304234322138010e-03 6.933375766895881302e-03 8.222142131901841872e-03 8.928884025113143982e-03 8.107698750769814361e-03 8.135208649730472225e-03 8.886674150184546012e-03 8.625956106860909606e-03 9.494357174999938295e-03 8.178810372032888770e-03 8.328714368978060861e-03 8.609016351681158738e-03 1.072873187365240739e-02 8.558707673057922363e-03 8.879187516244954961e-03 8.178550542215423311e-03 8.358466237338775529e-03 8.548882654483665883e-03 8.487476496665889714e-03 7.997911937047271283e-03 8.560077361914294677e-03 8.327616308754512767e-03 8.959956160668816616e-03 8.073393725800192405e-03 8.093660720854789839e-03 8.391081576946381182e-03 8.251065209009209381e-03 8.321999280610066496e-03 8.429340757890691621e-03 7.882873081211647093e-03 7.897960070412142139e-03 8.161222742427873614e-03 8.176188891267787903e-03 8.480756854165820424e-03 8.407841300552989713e-03 8.448447292160786437e-03 8.385747072835377305e-03 8.237510573895776358e-03 8.798971844036366022e-03 8.140521606158199544e-03 9.197564149549412871e-03 8.109123325313282588e-03 8.523677752432149909e-03 8.554637309265934395e-03 8.630691041789116669e-03 8.296059175192216362e-03 8.985973769624554588e-03 8.439389355450613653e-03 8.846830896733199820e-03 8.665798965063090803e-03 8.248902488890192883e-03 8.530483311327772752e-03 8.987333701188935167e-03 7.919687511363534757e-03 8.497436396686552235e-03 8.437069703160928955e-03 8.318505752473987977e-03 8.477242316805933334e-03 8.345723202499447102e-03 8.408029793331250543e-03 8.859749045749319360e-03 9.161839671436838167e-03 8.253881534723219934e-03 8.364644884751299206e-03 8.782194004476185159e-03 8.419314399582111114e-03 8.935172198558310325e-03 8.538875762641038453e-03 8.700626396428066955e-03 8.363702225636352253e-03 8.082915601612014958e-03 9.356226129103428074e-03 8.501594228403555956e-03 8.716325364194929884e-03 8.372757128921952743e-03 8.305822945675314997e-03 8.291560407102254587e-03 8.835678500443054639e-03 8.515788398281945448e-03 7.857233841835578603e-03 8.255471421279185484e-03 8.270269357715746145e-03 8.759099684941698202e-03 8.237746660121728765e-03 8.974272569959180698e-03 8.595153307699833836e-03 8.248150513590573815e-03 8.271817511697350175e-03 8.106469825453099798e-03 8.536298395864354641e-03 9.178337651573250169e-03 8.354966004848061317e-03 8.384529170956221342e-03 8.913295625890433130e-03 8.013487252025986579e-03 8.948633250530477548e-03 8.651184349826831696e-03 8.292956936412942612e-03
8.210099956038986041e-03 7.534942700964106406e-03 7.904535041717414973e-03 7.263383942636532191e-03 0.000000000000000000e+00 8.065273644308586926e-03 7.535865934649174994e-03 7.767592842095430959e-03 7.260330663747109094e-03 8.611982038525116054e-03 8.444870532857530823e-03 7.668591935519669320e-03 7.493640947810351234e-03 7.529373806525680238e-03 9.866072058873609149e-03 7.887175598571733587e-03 8.373306942401625985e-03 7.858653378961020716e-03 8.007630377987464201e-03 7.648046409341911420e-03 8.121761583705328774e-03 8.108473710211252378e-03 7.751344367160606028e-03 7.727425138448422437e-03 7.760049693354855067e-03 7.439523443429674025e-03 7.857335475475154055e-03 8.014615243961050253e-03 7.540723920067122360e-03 8.830997484816261942e-03 7.848005247477177551e-03 7.453163869797708313e-03 8.672886596712094109e-03 9.343352010792055698e-03 8.566871202753569350e-03 8.593568931078024789e-03 9.303148558889015596e-03 9.055752228401492410e-03 9.883082482099956809e-03 8.633831854984497928e-03 8.774922866692831322e-03 9.040651829821324745e-03 1.107371083829033001e-02 8.992073099315397652e-03 9.295924469427917225e-03 8.633599194726943385e-03 8.802744269011869571e-03 8.982827054778234552e-03 8.924903216901163353e-03 8.463621152844751777e-03 8.992067945865954426e-03 8.773766722596262890e-03 9.372670920118873067e-03 8.534148534906697142e-03 8.560964150016609278e-03 8.833806887655884163e-03 8.700666538167117769e-03 8.769070555171089992e-03 8.870590476243200503e-03 8.355825081820493841e-03 8.370185268540089943e-03 8.617314829134263901e-03 8.632000997921555202e-03 8.918245327127493488e-03 8.875591437503160819e-03 8.907728922587329623e-03 8.856627791105818603e-03 8.723412380484331374e-03 9.245917810120737185e-03 8.807878711297293522e-03 9.615991272060801787e-03 8.595835124150805542e-03 8.977794054724886827e-03 9.015185084440340349e-03 9.087327509225952282e-03 8.772316614837053286e-03 9.423474507527528077e-03 8.898976893795445056e-03 9.291511463845995161e-03 9.120422922400006627e-03 8.726614764581461237e-03 8.992501397300570881e-03 9.416555426420621100e-03 8.418745581690338306e-03 8.960706434095754708e-03 8.904438104875966181e-03 8.792988421389031153e-03 8.942319486341042747e-03 8.825302759696529789e-03 8.877769225701995920e-03 9.296244268285942455e-03 9.590070111206121586e-03 8.731233737677044152e-03 8.835208704759647119e-03 9.230539029382325844e-03 8.879909271207112390e-03 9.348607704510873348e-03 8.972582364019451515e-03 9.124788061545738987e-03 8.806875188961766840e-03 8.542689020574182127e-03 9.750206138692315422e-03 8.937376077843480274e-03 9.138847188306630995e-03 8.815580479899940911e-03 8.752654693534856617e-03 8.739071680866152686e-03 9.253991114779995877e-03 8.950838746282637273e-03 8.331050157166130371e-03 8.704878819192489112e-03 8.719682473749060247e-03 9.181254709887599896e-03 8.686811986952669776e-03 9.385702675056485644e-03 9.024094839982309268e-03 8.697483531071045423e-03 8.720383243808773471e-03 8.564919760648544850e-03 8.970114277044522258e-03 9.580257280623723920e-03 8.800406292857873569e-03 8.826777054418227797e-03 9.327701505611171728e-03 8.477634347848657381e-03 9.362187096162809599e-03 9.078832205680079093e-03 8.740443218901328137e-03
8.756056463378873375e-03 7.851947481502547649e-03 8.215891219277475857e-03 7.602098607363238537e-03 8.065273644308586926e-03 0.000000000000000000e+00 7.837104727050823311e-03 8.057916517641771498e-03 7.610736473800452755e-03 8.898223653695778307e-03 8.461772465083162303e-03 8.222395179153648911e-03 7.783539815163515591e-03 8.098802436206644154e-03 1.008330211541515892e-02 7.960239571921169308e-03 8.644395663987036391e-03 8.427787699339195013e-03 8.536277091627783586e-03 8.192171997200452249e-03 8.193463035645527984e-03 8.394773211869720891e-03 8.305996183629375113e-03 8.289312652329180325e-03 7.882754465989069009e-03 7.768495847967364122e-03 8.152471441123200144e-03 8.076258566577561998e-03 7.869815602571623298e-03 8.807856317453314696e-03 8.416694850042739928e-03 7.790222286998356796e-03 8.902038914347609050e-03 9.535245865691429484e-03 8.779517162928516735e-03 8.815592040355119119e-03 9.495767761573374252e-03 9.267465905277145685e-03 1.007570740661321330e-02 8.853808085695656638e-03 8.982280787677033446e-03 9.251184949818969105e-03 1.124887412870300557e-02 9.192199677069344890e-03 9.488217429327009886e-03 8.844830967958757992e-03 9.008873732411654470e-03 9.182610450902371768e-03 9.138360188804206530e-03 8.680238390814391108e-03 8.949246564814966609e-03 8.981137031832096135e-03 9.576190366352457101e-03 8.748985971352780250e-03 8.775731649057743472e-03 9.039632468679283453e-03 8.911045896041126096e-03 8.976114992699518388e-03 9.075453858638851679e-03 8.575784514912473261e-03 8.598093982273347091e-03 8.828228439451196383e-03 8.843321659027805759e-03 9.121341509739214204e-03 9.098799943523108030e-03 9.137271544445218704e-03 9.087583183358872996e-03 8.952110792217740295e-03 9.466311453902715584e-03 9.041336490771932285e-03 9.827753789008974311e-03 8.834952773330094489e-03 9.204493224855482547e-03 9.242422982652208005e-03 9.311703540609528665e-03 9.006374919624081030e-03 9.639206268057955163e-03 9.129342125490567950e-03 9.511361435207813658e-03 9.344304793076213533e-03 8.960338023512752492e-03 9.219893340810832519e-03 9.632796009101643811e-03 8.662651476777510212e-03 9.188833902546968135e-03 9.134357139010541859e-03 9.026365392275352562e-03 9.163044383303882087e-03 9.049250006544063904e-03 9.108412332244053208e-03 9.515357864495000220e-03 9.801492779745896514e-03 8.964641496775853716e-03 9.067485039638755948e-03 9.451048028960292585e-03 9.110756706872091479e-03 9.569953561928931304e-03 9.204991019087834653e-03 9.352291878740998793e-03 9.042973675193003227e-03 8.788163327337401853e-03 9.962128243718856510e-03 9.170392026866418245e-03 9.364851212115421139e-03 9.052453612317561474e-03 8.991253474466933890e-03 8.978036153110130480e-03 9.478161963023720368e-03 9.183808747593051602e-03 8.582250750682324930e-03 8.944133422118624721e-03 8.959339664430857747e-03 9.407301837766954625e-03 8.936635089737470991e-03 9.606768894044388774e-03 9.264281910664111039e-03 8.937818126755561060e-03 8.957805218465779429e-03 8.809769804888097425e-03 9.202524776335197637e-03 9.796004109486349323e-03 9.035624700216049118e-03 9.063374145978613655e-03 9.549789710888529834e-03 8.724845658755486094e-03 9.582746336806991644e-03 9.307771011189791555e-03 8.979405898000268962e-03
7.970355351197316168e-03 7.515584317255291115e-03 7.950201355983501847e-03 7.023189275983050643e-03 7.535865934649174994e-03 7.837104727050823311e-03 0.000000000000000000e+00 7.511586887116340240e-03 7.014109368992628261e-03 8.393861560388685833e-03 7.936270125190308250e-03 7.431588533607820513e-03 7.249477792668824506e-03 7.535401420349084264e-03 1.002908000950964752e-02 7.406965705641040121e-03 8.166403551556138465e-03 7.627282155664501240e-03 7.777169095386018971e-03 7.401230973769603108e-03 7.654430404864904884e-03 7.616269180207085529e-03 7.738024532965627825e-03 7.470507558211885064e-03 7.309483841467872244e-03 7.196669295908243377e-03 7.633686760432730443e-03 7.518315724070362936e-03 7.279789799329063060e-03 8.357292913894634120e-03 7.663769613241931157e-03 7.218154840163047703e-03 8.480481036676713533e-03 9.158555874946247913e-03 8.362913981017884579e-03 8.390028920447295535e-03 9.117475209973883651e-03 8.864691680132531088e-03 9.709875892395799374e-03 8.431705906915413704e-03 8.576596061039106628e-03 8.848757993936298347e-03 1.091986657961407925e-02 8.799343754832033085e-03 9.110421685795682886e-03 8.431461133886136022e-03 8.605461131267156880e-03 8.789536682010002863e-03 8.730151034825658213e-03 8.256945710692369447e-03 8.799236846336679768e-03 8.575232412331443635e-03 9.189198545500413054e-03 8.329580349357091490e-03 8.347840288597654923e-03 8.636727562387137153e-03 8.508890779965075021e-03 8.570264700065065994e-03 8.674458756248655186e-03 8.146021746959270296e-03 8.160178760836340681e-03 8.414444474379233901e-03 8.429532107010865444e-03 8.723918258271880222e-03 8.667278716386611973e-03 8.708263373481637051e-03 8.655952458147174455e-03 8.511944290408957753e-03 9.055240254995046770e-03 8.607065732143202516e-03 9.434178933522200175e-03 8.389066752489125409e-03 8.780621803154968485e-03 8.819383013290403583e-03 8.892554821028646542e-03 8.569939133926255878e-03 9.236814313917644792e-03 8.699871842080555973e-03 9.102436657216229562e-03 8.926713488067943014e-03 8.522805358021336153e-03 8.795595689892118929e-03 9.230050888969597647e-03 8.206273628580056101e-03 8.763259075337455697e-03 8.705191101607718043e-03 8.591074683715652430e-03 8.735352988082060663e-03 8.615680311732374849e-03 8.677941699973478265e-03 9.106617368643590490e-03 9.406820977471341480e-03 8.527578208338108118e-03 8.635368015321519264e-03 9.039207707450803292e-03 8.680384137186058710e-03 9.165206546736571341e-03 8.781036103328133252e-03 8.937891014873081824e-03 8.611909729611968989e-03 8.340516200386498269e-03 9.575549553112690238e-03 8.744627559846406689e-03 8.968408127347324288e-03 8.620777379012102559e-03 8.555232028612894460e-03 8.541888764399254916e-03 9.068793055181023285e-03 8.758797931043359186e-03 8.122583636468254029e-03 8.507180771362549826e-03 8.522272495089881425e-03 8.994433645751274964e-03 8.496892300230421066e-03 9.203804870166417545e-03 8.843327844710563435e-03 8.498972601838215152e-03 8.522162030739318869e-03 8.362705956432684579e-03 8.779154919418529976e-03 9.402870812141429432e-03 8.604354861365064167e-03 8.631633306713596895e-03 9.144191332078027701e-03 8.273274829882265938e-03 9.179753097555466007e-03 8.890269739500224200e-03 8.543196812910890808e-03
8.187054300188772310e-03 7.535699394752081587e-03 7.917477901734507398e-03 7.495039397044170326e-03 7.767592842095430959e-03 8.057916517641771498e-03 7.511586887116340240e-03 0.000000000000000000e+00 7.249206038608256575e-03 8.604410406938097639e-03 8.183941919948964361e-03 7.656197513317121450e-03 7.722160754536004472e-03 7.557139660944774649e-03 1.021158756738215802e-02 7.650891302560000433e-03 8.619176186315911578e-03 7.852909437268899839e-03 7.989927666153327779e-03 7.863934842312143153e-03 7.880825378257018746e-03 7.843112687475489037e-03 7.721341137411066521e-03 7.943566276416534622e-03 7.551646192502949745e-03 7.439781465683071443e-03 8.093791516299533861e-03 7.751186006227577668e-03 7.525823798462686655e-03 8.536663072737251876e-03 7.880639989724561034e-03 7.466465810742972144e-03 8.669495513655750898e-03 9.339118878750546707e-03 8.562266758861503818e-03 8.588907628882126721e-03 9.298877194947078109e-03 9.051405857210415712e-03 9.879209347619013343e-03 8.629285186056618456e-03 8.770434769495441887e-03 9.036206055708118426e-03 1.107073286624384208e-02 8.987701918274087695e-03 9.291722683518504472e-03 8.629061869153194231e-03 8.798565126630715841e-03 8.978411744876761344e-03 8.920486808545484078e-03 8.459072189299688543e-03 8.987801844921441963e-03 8.769317610089449877e-03 9.368852036468262867e-03 8.529961626684515880e-03 8.547798758425213805e-03 8.829349320404685647e-03 8.697017434782598408e-03 8.764469337438646895e-03 8.866060619377153992e-03 8.351242568124002744e-03 8.365511962142437724e-03 8.612720783599172453e-03 8.627331875524311272e-03 8.914118026890589103e-03 8.861349558070405127e-03 8.901241644429824448e-03 8.850436981025406463e-03 8.709965469640649355e-03 9.240276378028718096e-03 8.809908881220875759e-03 9.610950714693628980e-03 8.590369414176903320e-03 8.971652108400922018e-03 9.009931237282725255e-03 9.081296001154520042e-03 8.766643454831751434e-03 9.417901458532797893e-03 8.893075545124523931e-03 9.286504554222826599e-03 9.114710335209618569e-03 8.720407390250622948e-03 8.986685359464757772e-03 9.411015816291095487e-03 8.412514430848236704e-03 8.954983054449493218e-03 8.898512235796789127e-03 8.787243110210877020e-03 8.927711341626691846e-03 8.810882974174816251e-03 8.871905178925734714e-03 9.290303943830471867e-03 9.584342723816596105e-03 8.725005712286097379e-03 8.830148200717410911e-03 9.224587840173397238e-03 8.874027855048460464e-03 9.347347739301655259e-03 8.971684332109158486e-03 9.132570075508092411e-03 8.806228548509207818e-03 8.542360451289915738e-03 9.749032384253260644e-03 8.936431995642670628e-03 9.154397760420348099e-03 8.815292171855981448e-03 8.751702374806668433e-03 8.738746217051738055e-03 9.253088440060962955e-03 8.949387364646737772e-03 8.330327000819780225e-03 8.704480064989613200e-03 8.719248964900850815e-03 9.180031138238155253e-03 8.687326448406557100e-03 9.384504262061360569e-03 9.024668699719814655e-03 8.703900155471511191e-03 8.718918626905975897e-03 8.563988550279410389e-03 8.969820377378090459e-03 9.579408155905867403e-03 8.799279310352315156e-03 8.825898190091472501e-03 9.326444367892414156e-03 8.476923520360717113e-03 9.361174192929852533e-03 9.078596230831825417e-03 8.739742753752992310e-03
7.758998089904083767e-03 7.025413868802784373e-03 7.432058037069979965e-03 6.720653357327321421e-03 7.260330663747109094e-03 7.610736473800452755e-03 7.014109368992628261e-03 7.249206038608256575e-03 0.000000000000000000e+00 7.913724397155796550e-03 7.736472106133649926e-03 7.126173935258839527e-03 7.169849232188870401e-03 7.040929995061884043e-03 9.551654133198807586e-03 7.168971047985821590e-03 8.188813582244798897e-03 7.397963722913823009e-03 7.544870551083218517e-03 7.119510678010603291e-03 7.641979841010032581e-03 7.362520035418834534e-03 7.256320356184856046e-03 7.225173009017004690e-03 7.022589277026436601e-03 6.896965279894124931e-03 7.368246539799038104e-03 7.277353930342395430e-03 7.028018604492545021e-03 8.123186427574825494e-03 7.394988538065341323e-03 6.943326881179378261e-03 8.247261167624787837e-03 8.952097631507659539e-03 8.133717053570188593e-03 8.162044707249327055e-03 8.910095612979226226e-03 8.651464279888559580e-03 9.515639828543861339e-03 8.204439204333320232e-03 8.354011879070944238e-03 8.634370516283119273e-03 1.074627728752805718e-02 8.583230344888611446e-03 8.902554298847826716e-03 8.204181511839776786e-03 8.383643090679260626e-03 8.573471788868174820e-03 8.512201932294172907e-03 8.024444232614287575e-03 8.584267577438409180e-03 8.353086397913172048e-03 8.983021221164200557e-03 8.099854894675856051e-03 8.119092265944219400e-03 8.416015339422575764e-03 8.276283676792202740e-03 8.348004573556411581e-03 8.455307833015153832e-03 7.909561482115278971e-03 7.924725354508834266e-03 8.186963538101835886e-03 8.202996761922922916e-03 8.505510233441091958e-03 8.449985933686668046e-03 8.491464599727334417e-03 8.437753346732284471e-03 8.289474415198018128e-03 8.847641302563472379e-03 8.387460899664456876e-03 9.235573121132562707e-03 8.162262291711006035e-03 8.565785294269585501e-03 8.605435082176178876e-03 8.681048044729381893e-03 8.349095015218997023e-03 9.034049873997475680e-03 8.482488027145742085e-03 8.895908471009482399e-03 8.716017208924595888e-03 8.300978253374032348e-03 8.581284638848846874e-03 9.026747090320049946e-03 7.973770088908760378e-03 8.548288788100745494e-03 8.488320794975003081e-03 8.370851738272490350e-03 8.520477866523632621e-03 8.405307660969162098e-03 8.460322514724526177e-03 8.900542971669670941e-03 9.208021566153025764e-03 8.305830608593063255e-03 8.416504267195640612e-03 8.831576878777846334e-03 8.462778892194201125e-03 8.959432655938494305e-03 8.564646757715720440e-03 8.732608274785353536e-03 8.390033088170444769e-03 8.110284165972897474e-03 9.378916829940646752e-03 8.527583371658710790e-03 8.742803932181747104e-03 8.399251864543690049e-03 8.332418721536935524e-03 8.318239487556274708e-03 8.860433163611253909e-03 8.541243385785445702e-03 7.885166066088109688e-03 8.282421014127145514e-03 8.297978545488847793e-03 8.783965363511019378e-03 8.264112916107707596e-03 8.998283951788157986e-03 8.620275287350752727e-03 8.280986251835917300e-03 8.298501420273865850e-03 8.133627800583435527e-03 8.562149422655261286e-03 9.201519040518814016e-03 8.383379436865080400e-03 8.410919150158444046e-03 8.937620704973534697e-03 8.040812414904207825e-03 8.973697894036954809e-03 8.676644917243894403e-03 8.319354151976147971e-03
8.735026148385310885e-03 8.128995575318924416e-03 8.493752005898139862e-03 7.919864518571007733e-03 8.611982038525116054e-03 8.898223653695778307e-03 8.393861560388685833e-03 8.604410406938097639e-03 7.913724397155796550e-03 0.000000000000000000e+00 8.998539880983159531e-03 8.270637464361942082e-03 8.077164031908260280e-03 8.133391381536805853e-03 1.066118231559939726e-02 8.512313689517922444e-03 8.898357266300080046e-03 8.433751934545806808e-03 8.530530233013536995e-03 8.501979430334608012e-03 8.742152705932541151e-03 8.416541369870191372e-03 8.591925793562549263e-03 8.577135679158418360e-03 8.166824299602679083e-03 8.076379116241911779e-03 8.447424659010672673e-03 8.328595341508026120e-03 8.150074486855965472e-03 9.068020146534117726e-03 8.740454949163372830e-03 8.097169467063267817e-03 9.188243796115165563e-03 9.819083437702005868e-03 9.089402921023455317e-03 9.114051216318162785e-03 9.781070405983647090e-03 9.547801531412870163e-03 1.033017113999804698e-02 9.151754736139086979e-03 9.284249342249275422e-03 9.533390883625963291e-03 1.147120753752079933e-02 9.488114015202510007e-03 9.774313783073777448e-03 9.151864843542826741e-03 9.310648459452879749e-03 9.479441288841589444e-03 9.424654471105051862e-03 8.992942802442255301e-03 9.498072931837136731e-03 9.283165338168785849e-03 9.846730814633906925e-03 9.059199090497176143e-03 9.074959116485082494e-03 9.339509999499770454e-03 9.214605661732882744e-03 9.278749828295263305e-03 9.373959558884930807e-03 8.892196568367736337e-03 8.905277788265239178e-03 9.136612363061180631e-03 9.150345341642038277e-03 9.419054427122175790e-03 9.379576801310667705e-03 9.408791950939248902e-03 9.360785998091723792e-03 9.228919974424180592e-03 9.726997410359795870e-03 9.315071395403138471e-03 1.007719061658806856e-02 9.116872200751923588e-03 9.474509605388427638e-03 9.509937142750101227e-03 9.577600232804683866e-03 9.281908599093531900e-03 9.894976211719039641e-03 9.400499903591976944e-03 9.770298379071812311e-03 9.608756789392814551e-03 9.238847586706460877e-03 9.488400362893972817e-03 9.888097536262595300e-03 8.950718328285643330e-03 9.458460847403222377e-03 9.405948933945728827e-03 9.301314230126211252e-03 9.442282439520053791e-03 9.332840235377422647e-03 9.380603089141121079e-03 9.774543891481461688e-03 1.005236117126735718e-02 9.243113454398729431e-03 9.340578796183447718e-03 9.712520681111122892e-03 9.382887821049656560e-03 9.824656286812682299e-03 9.470407634566852320e-03 9.612905751043600289e-03 9.315459134912731920e-03 9.067993602026343594e-03 1.020494139695811604e-02 9.437335647504712863e-03 9.643188070411326529e-03 9.323645880782906875e-03 9.264087545161754991e-03 9.251901311234963024e-03 9.735403862025884814e-03 9.450139804200154148e-03 8.870314786962502779e-03 9.219813222481967191e-03 9.233656198053257630e-03 9.666855846617488160e-03 9.202520990434000930e-03 9.859715331792728507e-03 9.518908083649000457e-03 9.211231772744467652e-03 9.233788468301728711e-03 9.088224754239600245e-03 9.468734295327609074e-03 1.004447125574951978e-02 9.309261051460536451e-03 9.333587066745273331e-03 9.804897468519998757e-03 9.007224777560015813e-03 9.838080034654023490e-03 9.571015397101409472e-03 9.253183173598900774e-03
8.557449586113360929e-03 8.209082702369262935e-03 8.634255840795012141e-03 7.757036396283434158e-03 8.444870532857530823e-03 8.461772465083162303e-03 7.936270125190308250e-03 8.183941919948964361e-03 7.736472106133649926e-03 8.998539880983159531e-03 0.000000000000000000e+00 8.103957880385303028e-03 7.938880364984347154e-03 8.235345075117752114e-03 1.054404603272921306e-02 8.331444594303079321e-03 8.761648289515965374e-03 8.550061795672489126e-03 8.410784949019976461e-03 8.085664910401448024e-03 8.564054221781374279e-03 8.244930639761609281e-03 8.183368644748638052e-03 8.146020270011209916e-03 7.986876697203378755e-03 8.147787341293370386e-03 8.285298313564577050e-03 8.175427787683240549e-03 7.966242782355203306e-03 8.896892480460419708e-03 8.585950283781725728e-03 7.905973950068586470e-03 9.059799722070247668e-03 9.691502057130403983e-03 8.950074741289271857e-03 8.975263063309127723e-03 9.652889712267782515e-03 9.415948571176079029e-03 1.021077343363352083e-02 9.013930547353443679e-03 9.148310166868026116e-03 9.401718979572506324e-03 1.136507055679790781e-02 9.355579120406413290e-03 9.646334399610927146e-03 9.013711911302978164e-03 9.175165002399272504e-03 9.346407726193703414e-03 9.291207830501385656e-03 8.851973500917955512e-03 9.354838322150980240e-03 9.146927595294790034e-03 9.720381622964490917e-03 8.919151961524400193e-03 8.935639224967510327e-03 9.204270859080945777e-03 9.085813022180927109e-03 9.142385504660519371e-03 9.239238479772950846e-03 8.749512867903295327e-03 8.762568543348666500e-03 8.997874597923777654e-03 9.011782286764545569e-03 9.285416473453808606e-03 9.243577496878799607e-03 9.273934426578979776e-03 9.225141151622602564e-03 9.090643850070318638e-03 9.597344660511621800e-03 9.178935984077374322e-03 9.952845656465562560e-03 8.977132686206729106e-03 9.340796805964517516e-03 9.376827992750077362e-03 9.445544684819553657e-03 9.144962610405368147e-03 9.767898553694481442e-03 9.265547640469983318e-03 9.641345999907183911e-03 9.477218544232701367e-03 9.101186598012362544e-03 9.354899587992685644e-03 9.760937218112417796e-03 8.807980683342890929e-03 9.324529535512344341e-03 9.271067106093600074e-03 9.164688045963492388e-03 9.307302434972037491e-03 9.195988431246906666e-03 9.245318386427593682e-03 9.645605134729538094e-03 9.927615509169292543e-03 9.105533509608930431e-03 9.204794310785720593e-03 9.582621332044474749e-03 9.247637848414419839e-03 9.698034238448739394e-03 9.338941318288078094e-03 9.484595660148765692e-03 9.181424345388568969e-03 8.929744974969166041e-03 1.008419404802422641e-02 9.304965430822296352e-03 9.514737546074942751e-03 9.189756862176689731e-03 9.128859388086378590e-03 9.116472613788525678e-03 9.607758538466090389e-03 9.318258820029373668e-03 8.728229151066019612e-03 9.084150322203700390e-03 9.098208681913062465e-03 9.538127241432008477e-03 9.075319737092217218e-03 9.734322286287032389e-03 9.397583307025184074e-03 9.076135227103690820e-03 9.097956054844560242e-03 8.950298446289462612e-03 9.337224876706427812e-03 9.921438000461300574e-03 9.174302933642257754e-03 9.199838111201893293e-03 9.678309530538973388e-03 8.867535559731586775e-03 9.711615143002056208e-03 9.440844332322071222e-03 9.117720447620956958e-03
8.113760855752003356e-03 7.452862606256621496e-03 7.815894989221177508e-03 7.170807220289896096e-03 7.668591935519669320e-03 8.222395179153648911e-03 7.431588533607820513e-03 7.656197513317121450e-03 7.126173935258839527e-03 8.270637464361942082e-03 8.103957880385303028e-03 0.000000000000000000e+00 7.616313571605378904e-03 7.677690441022476386e-03 9.830836208639691376e-03 7.561486134756319026e-03 8.579588021865385342e-03 7.777860599982313987e-03 8.170329209856587449e-03 7.523532701079905377e-03 8.048998137372894227e-03 7.742960673247894186e-03 7.640445579489735760e-03 7.610487969527360286e-03 7.446411826558410260e-03 7.320766470771293728e-03 7.746828928964550123e-03 7.684382159429538166e-03 7.453384749099771327e-03 8.444800633139551774e-03 7.770643196384758103e-03 7.598040158222931634e-03 8.605860124820738713e-03 9.273808017885647528e-03 8.490737891244012556e-03 8.517305214694525367e-03 9.233608419638926826e-03 8.992598963722661654e-03 9.817528390863933946e-03 8.558026225097216735e-03 8.700887339608220916e-03 8.968434049159765623e-03 1.101513138177372640e-02 8.919853064986866739e-03 9.226348784936970124e-03 8.557812003683723176e-03 8.729255939621576726e-03 8.910241840116375073e-03 8.851946948648185473e-03 8.386547553307177258e-03 8.929005743053684829e-03 8.699845661277464531e-03 9.303595011586320018e-03 8.457902208899557156e-03 8.476082782155941811e-03 8.760297029829139381e-03 8.626411348338035995e-03 8.694940866034520099e-03 8.797456436622210982e-03 8.277216605128616053e-03 8.291379881695880999e-03 8.541097035312507357e-03 8.556495741548528211e-03 8.845554022994719240e-03 8.789874565529941924e-03 8.830422292107722657e-03 8.778909548949413374e-03 8.636908782340508781e-03 9.171860134921291582e-03 8.730555237278338557e-03 9.545648113641252985e-03 8.515864204018976785e-03 8.901347467265388266e-03 8.939531998611962779e-03 9.011890655758785645e-03 8.694278701619824468e-03 9.351262698539763302e-03 8.821853756243483793e-03 9.218406068698755187e-03 9.045557902546472531e-03 8.647927136167811099e-03 8.916388371426218692e-03 9.344235656019163686e-03 8.336433300491047707e-03 8.884537602676566281e-03 8.827414697317022274e-03 8.715105283947900683e-03 8.857216546797528484e-03 8.748487473648550172e-03 8.800560070755799463e-03 9.222877106083864768e-03 9.518951200076238017e-03 8.652578325763427697e-03 8.758288642734354812e-03 9.156413522003517200e-03 8.802965447786892036e-03 9.280353569407505387e-03 8.902038732290618039e-03 9.063408650888742438e-03 8.734701907202060966e-03 8.468033495128096319e-03 9.685281523876371548e-03 8.866196739995640952e-03 9.071042112444376374e-03 8.743641997549263592e-03 8.679693083335351250e-03 8.666072899862126144e-03 9.185512700752043042e-03 8.879519519953658901e-03 8.253623708186380928e-03 8.631931785415360159e-03 8.646746658128872873e-03 9.111922802337040286e-03 8.621698634128344141e-03 9.318352317167141741e-03 8.962640325753477161e-03 8.631387599487444842e-03 8.646954151164480337e-03 8.490382905807553407e-03 8.899548130612427305e-03 9.513836080034435150e-03 8.727282037720676677e-03 8.754866491745217499e-03 9.259580055405541160e-03 8.401636886895845480e-03 9.293735354391820594e-03 9.008996645249218657e-03 8.667119188991351253e-03
