0.000000000000000000e+00 9.770864677553709951e-03 9.351197204298493382e-03 9.928940763733188485e-03 9.330161487540129805e-03 9.894149169025224025e-03 1.001248483893009585e-02 1.000856491069906928e-02 9.254039011175397775e-03 9.771891872398109913e-03 9.839723067543265991e-03 9.769099561572876581e-03 9.857331880876021857e-03 9.974201200209645984e-03 9.776352617430884503e-03 9.254928871953336730e-03 9.970263925764328086e-03 9.268348522496827960e-03 9.937080111180643729e-03 9.357087290247222133e-03 1.003202971588789370e-02 9.379201083799984517e-03 9.774161941538284798e-03 9.928426716414142164e-03 9.977112631479068475e-03 9.888595725246945856e-03 9.854879731102193091e-03 9.850668491302670346e-03 1.000454890915647606e-02 9.888178216528733383e-03 9.953695799806228442e-03 9.300841643214367849e-03 9.949766509947036500e-03 9.906877786074633901e-03 9.954389167701286137e-03 9.941480689543801333e-03 9.898426162424627667e-03 9.918825562506164081e-03 9.970689423152052921e-03 9.909688996427353652e-03 9.834159613485382589e-03 9.976872745751945784e-03 9.890570234472843489e-03 9.901243491494684038e-03 9.908583845557305050e-03 9.792911468305812162e-03 9.840961893791171783e-03 1.003247737229384651e-02 9.946970228624360186e-03 9.893286523736315868e-03 9.901475230597438573e-03 1.002362784083581961e-02 9.815965853612705974e-03 9.951999260990232465e-03 9.920066246839194871e-03 9.923164198088873372e-03 9.397410234662168307e-03 1.003296554648853804e-02 9.794962158785804757e-03 9.321275885317245255e-03 9.825695625927607230e-03 9.283602553778975974e-03 9.873102053635569864e-03 9.946228063701436153e-03 9.921750312905692690e-03 9.996271007109376605e-03 9.390068059470993780e-03 9.890448001568239930e-03 9.856381053275336396e-03 9.962821280640177940e-03 9.991116459098274560e-03 9.791052433152917789e-03 1.001821175505990605e-02 9.396523923742971379e-03 1.002959060724263954e-02 9.856308552200546830e-03 1.010050819895642708e-02 9.798066011468467909e-03 1.000778752492650046e-02 9.901031931003357114e-03 9.869398052561626639e-03 9.978481267926626180e-03 1.009570683600495046e-02 9.233105799040805875e-03 9.190163807815163177e-03 9.899567260410215702e-03 9.900820392985738849e-03 9.934670752829666274e-03 9.827088072328909671e-03 9.806823414626613528e-03 9.926231553479930927e-03 9.873661190754660921e-03 9.878403598542509836e-03 9.933954060443580744e-03 9.980211270803861223e-03 9.972903894805052946e-03 9.938339378138214344e-03 9.940135090310402502e-03 1.003172098778810570e-02 9.938736034632005695e-03 1.005430771471627419e-02 9.376360214501458512e-03 9.992755280856868011e-03 9.960096848371400788e-03 9.872705997902844408e-03 9.896569697544960187e-03 9.857982599052315942e-03 9.908702477965960348e-03 9.939708444990256672e-03 9.223616296526591929e-03 1.003865392721665917e-02 9.988288960674600314e-03 9.943452788567874387e-03 9.841891078669683796e-03 1.003287808860932502e-02 9.883356630326198614e-03 9.768600627884880053e-03 9.918756948914867616e-03 9.909620178547426037e-03 9.936202022369521047e-03 9.792437486428759441e-03 9.904208849573405832e-03 9.886456358373525363e-03 9.978226925067897046e-03 9.899751081835174091e-03 9.931348516304457086e-03 9.862055682657461589e-03 9.950315804571622375e-03
9.770864677553709951e-03 0.000000000000000000e+00 9.718123352758225794e-03 9.784507045695837318e-03 9.165246665764648429e-03 9.664016711644558486e-03 9.938472415415336089e-03 9.808025710129442826e-03 9.058539652343036361e-03 9.922179977306320661e-03 9.689705107542889370e-03 9.732172200645523505e-03 9.735106249768152656e-03 9.815512703330172076e-03 8.895860233788391649e-03 9.694846754401917691e-03 9.774823300186936265e-03 8.778336863578310723e-03 9.793507989461405078e-03 9.806040594333287688e-03 9.850931439974258685e-03 9.887332990996096360e-03 9.634723801135799612e-03 9.732004140885821067e-03 9.885013454145899492e-03 9.811221624950506454e-03 9.758557732249246650e-03 9.697007606734598870e-03 9.981334981969404788e-03 9.731622635403676391e-03 9.730698566942138500e-03 9.841614226036287175e-03 9.772551404289255700e-03 9.751610501632064845e-03 9.849714713076059003e-03 9.807764476745167714e-03 9.842217346948388748e-03 9.791201924642103580e-03 9.823982186523454868e-03 9.651647450996565791e-03 9.814738145655827611e-03 9.792312773269312362e-03 9.672934629124928588e-03 9.774353318823408160e-03 9.743579147218265832e-03 9.710322916378431868e-03 9.691705746256523701e-03 9.925121638641669353e-03 9.841908103790909801e-03 9.655590603916550801e-03 9.295420375417449282e-03 9.744029640127839162e-03 9.678694944998192384e-03 9.878726960519435690e-03 9.773210131875200921e-03 9.790391824587362651e-03 9.669434188968184171e-03 9.874027048415164737e-03 9.723851610899681905e-03 9.717133411828031073e-03 9.784534098652904535e-03 9.628634739400126694e-03 9.692067233731026243e-03 9.730507011831987865e-03 9.685491311334237102e-03 9.699159128806884161e-03 9.797450039605906311e-03 9.989268196751608861e-03 9.722203779678235611e-03 9.687809116335275098e-03 9.762197002876360843e-03 8.833800848435865993e-03 9.852790450938068295e-03 9.861476347233522413e-03 9.362279507262429371e-03 9.777610292636218156e-03 9.915402085107192370e-03 8.970809029284309080e-03 9.890241191540596888e-03 9.644277207030069882e-03 9.833980199444692510e-03 9.747458693633833174e-03 1.007499199300049796e-02 9.666257409173697676e-03 9.617771219345535444e-03 9.670014230293965535e-03 9.811018650491224596e-03 9.782374040098094914e-03 9.790297168023933197e-03 9.565798434691527921e-03 9.762878810901511745e-03 9.768251744842797180e-03 9.610764326276079877e-03 9.659589391416065901e-03 9.789332961508429715e-03 9.775932403027357345e-03 9.757742696781599237e-03 9.851234932789585536e-03 9.787714739995742944e-03 9.784003415771104495e-03 9.839293551364985610e-03 9.751283658157970310e-03 9.780865006336769349e-03 9.764055780308790455e-03 9.897545829025950967e-03 9.720374692689423557e-03 9.694011471024253229e-03 9.666866418358809054e-03 9.715311181128208698e-03 9.689094267071008196e-03 9.867822425559358637e-03 9.756993811235363870e-03 9.759833712752094201e-03 9.674507220720211798e-03 9.842879812887351740e-03 9.094928340740110126e-03 9.695015220769542807e-03 9.730962262941294724e-03 9.686375641947258044e-03 9.758839998076068029e-03 9.755771633085819766e-03 9.654844603455472324e-03 9.744932656815046348e-03 9.775623707503629245e-03 9.779678977746975380e-03 9.923122512263080411e-03 9.778824283551403040e-03 9.707702463778136032e-03
9.351197204298493382e-03 9.718123352758225794e-03 0.000000000000000000e+00 9.768103115132079420e-03 9.824333414572459025e-03 9.667748493616712055e-03 9.275183387661025888e-03 9.807030668205716020e-03 9.675037673915568362e-03 9.259987944865419318e-03 9.675519508893067055e-03 9.806707552582588638e-03 9.075612042782401148e-03 9.798047587427909100e-03 9.754736072024587645e-03 9.725422513568237476e-03 9.656501655882948273e-03 9.724023034090138740e-03 9.639618584860572270e-03 9.680151960125052066e-03 9.837865494157898086e-03 9.701181365024033262e-03 9.767642915791142563e-03 9.789658924626075051e-03 9.893238158468597998e-03 9.852145746999236425e-03 9.667603141042008241e-03 9.727748926272254681e-03 9.912673612619280275e-03 9.713682061330249431e-03 9.802991511073146091e-03 9.251435380948034096e-03 9.785582137410745243e-03 9.716927520603154539e-03 9.778553558201879409e-03 9.742337879515181390e-03 1.000170937875222155e-02 9.845274008463501814e-03 9.770569153473839322e-03 9.695982281086061236e-03 9.723698883976969118e-03 9.824715186314747842e-03 9.758644762643101794e-03 9.732555456036150188e-03 9.692103430384861953e-03 9.657306833098622256e-03 9.720305973098289712e-03 9.949836753655533911e-03 9.271521902844904323e-03 9.751570735624401007e-03 9.245321574311451615e-03 9.801955407228227918e-03 9.612459683113555586e-03 9.745874248558076755e-03 9.730294840256810754e-03 9.726046767061981985e-03 9.714823639274021774e-03 9.810736010037547639e-03 9.770726065655252479e-03 9.721210166497249242e-03 9.716162195310315206e-03 9.698621404617436062e-03 9.730722870022998766e-03 9.751181593701153602e-03 9.668955602265815255e-03 9.801411394846699932e-03 9.764630393836098987e-03 9.938915431664448533e-03 9.763054226309419298e-03 9.717964694074099352e-03 9.794236653302108159e-03 9.737130660636071980e-03 9.863496394242244128e-03 9.794778648113327407e-03 9.493532093581004763e-03 9.679499801533063275e-03 9.924527079608405633e-03 9.666979174708538458e-03 9.784977813567470595e-03 9.689479469024734823e-03 9.778648242221832029e-03 9.776959240091058143e-03 9.989831322898023655e-03 9.548115991721103923e-03 9.620170251987084781e-03 9.707053645600545455e-03 9.199542808737989560e-03 9.668775257023608238e-03 9.767021267749274871e-03 9.666373261165359110e-03 9.691319508061674651e-03 9.709271510281504772e-03 9.662010459109417540e-03 9.649933880419351434e-03 9.802992581390602284e-03 9.748847268609387925e-03 9.807880213829922242e-03 9.847998276489296904e-03 9.840998224399500824e-03 9.808858000755480908e-03 9.732345235257651786e-03 9.773353472335533781e-03 9.823827189129073767e-03 9.757568464163616714e-03 9.799232457583753608e-03 9.707355111095074957e-03 9.609001280323263561e-03 9.622230683646797872e-03 9.738979271955518907e-03 9.671195767049023742e-03 9.815828665509810855e-03 9.795889437628565663e-03 9.776406491738663315e-03 9.628635989426944861e-03 9.881880073527655323e-03 9.753785276468081994e-03 9.558479857672330660e-03 9.717163230946873620e-03 9.760145190995701478e-03 9.123736301832824705e-03 9.165473031593289119e-03 9.732160639724993581e-03 8.964088780040242732e-03 9.811666581348719302e-03 9.693569705478011916e-03 9.910324079829521335e-03 9.730391949525209888e-03 9.757122741559704285e-03
9.928940763733188485e-03 9.784507045695837318e-03 9.768103115132079420e-03 0.000000000000000000e+00 9.289614533491068887e-03 9.745655136389242551e-03 9.963744532740974671e-03 9.580248339709078118e-03 9.817326990777117818e-03 9.897509084720330225e-03 9.692631483512051740e-03 9.769317380207021700e-03 9.726886930755974589e-03 9.789177826989564971e-03 9.764452683846366540e-03 9.769129325137427058e-03 9.829979018707491259e-03 9.783273064415839299e-03 9.789998606120463992e-03 9.776149702049805046e-03 9.910830565561390068e-03 9.880889590584888624e-03 9.729779269456581212e-03 9.808097753102214267e-03 9.870148961077164496e-03 9.752645685924044017e-03 9.743365284062747642e-03 9.696238982754351241e-03 9.470986908503146659e-03 9.700077088524505092e-03 9.227053161476348603e-03 9.719872637492037518e-03 9.699534482073075142e-03 9.211383228534696446e-03 9.787830249555776185e-03 9.800751927782763717e-03 1.000196101605047537e-02 9.715976364620132130e-03 9.252852503113586161e-03 9.733182667584635087e-03 9.764944237026293786e-03 9.825830908239035003e-03 9.599159913552606296e-03 9.758837241582558886e-03 9.731346372269338713e-03 9.692979165423604507e-03 9.742314022931228279e-03 9.994431161238838054e-03 9.455329283096901988e-03 9.714790804583924716e-03 9.734572964675711204e-03 9.690297130053726962e-03 9.737706395579977248e-03 9.881635322073874239e-03 9.708307036559411102e-03 9.834981277306529754e-03 9.754089528244067053e-03 9.296831880918170199e-03 9.667757924543107784e-03 9.691171382245216542e-03 9.787671999950269680e-03 9.807920965467790270e-03 9.761836381297567602e-03 9.749335325465610658e-03 9.747768420120579355e-03 9.873546414589389267e-03 9.818842609193089571e-03 9.904459808637208415e-03 9.761246341741009955e-03 9.766874189051477639e-03 9.812280354972419127e-03 9.778794848509271900e-03 9.236090682402083377e-03 9.769144578785854752e-03 1.001853854676666017e-02 9.745482851604925223e-03 9.794575279750116978e-03 9.737805190960102317e-03 9.902516055251657512e-03 9.663969295375801627e-03 9.841003017139558079e-03 9.806387894875015845e-03 1.001750315737496601e-02 9.740794168498313060e-03 9.751314692367849327e-03 9.770678575006111824e-03 9.713497541488310544e-03 9.114837369169940043e-03 9.748470554611043254e-03 9.699458498886839170e-03 9.809106408331085686e-03 9.792466975077138494e-03 9.603424533688778228e-03 9.713693390148901707e-03 9.809953071473295760e-03 9.773588066780528744e-03 9.756534960311352006e-03 9.688304821855201962e-03 9.772059033748651050e-03 9.832330767218074030e-03 9.865114111633106753e-03 9.807624216452228566e-03 9.746585056010019857e-03 9.729131673358457771e-03 9.291063222171488251e-03 9.034858071262492213e-03 9.704622503019001006e-03 9.682102974113933336e-03 9.722143739763662584e-03 9.745990954328150740e-03 9.746338561466812503e-03 9.736122216101154164e-03 9.826159328710570157e-03 9.733100985089936444e-03 9.785751146212570348e-03 9.752851413695116239e-03 9.738989054836675111e-03 9.115754324225662161e-03 9.705005225782405848e-03 9.723922228136606255e-03 9.751984115928381477e-03 9.729453199034466745e-03 9.772587312673901641e-03 9.761231797248004147e-03 9.736882269555713343e-03 9.905688846055884372e-03 9.124801698170223116e-03 9.718663966557853501e-03
9.330161487540129805e-03 9.165246665764648429e-03 9.824333414572459025e-03 9.289614533491068887e-03 0.000000000000000000e+00 9.805287816715512264e-03 1.002595271711583837e-02 9.879428413208058909e-03 9.770106555780075364e-03 9.942678014834843356e-03 9.744973480792040385e-03 9.704496612062475311e-03 9.826337048588172640e-03 9.876284803347198590e-03 9.156582069793294323e-03 9.703394518053704704e-03 9.891049202236100110e-03 9.609145212419028040e-03 9.879458659426432546e-03 9.852554508438700342e-03 9.949017814498885975e-03 9.861140377761833109e-03 9.227361907594053628e-03 9.846798270645809939e-03 9.829525196683045266e-03 9.930961505429351452e-03 9.781611018982320008e-03 9.790319883505963286e-03 9.880156005491644647e-03 9.832844919949837101e-03 9.749733854774176797e-03 9.895093878932149922e-03 9.122257984435068121e-03 9.809260052534759730e-03 9.917206354551840602e-03 9.858010728904614134e-03 1.006284821996660493e-02 9.201635600420258326e-03 9.872371005664693985e-03 9.783331397733296964e-03 9.735484485091507739e-03 9.899556452325359787e-03 9.057684747762988556e-03 9.821325868148340216e-03 9.843226779673457799e-03 9.768390680927578271e-03 9.749907215129893431e-03 1.006359064786779833e-02 9.856909650471912948e-03 9.801118471077726463e-03 9.826656361247812499e-03 9.918746436239356257e-03 9.780900498032742141e-03 9.942189033930249817e-03 9.774723571137311842e-03 9.871934339280694429e-03 9.829399366162352991e-03 9.845518678483823963e-03 9.117677785047037173e-03 9.160326272817015392e-03 9.838778383224902613e-03 9.714320550223335890e-03 9.806935788919626806e-03 9.781573518493303851e-03 9.804531136032001645e-03 9.874557268530894522e-03 9.746055748670608143e-03 9.422932047721287174e-03 9.829912229020862716e-03 9.758705341809689390e-03 9.871284836409623120e-03 9.735424728608678066e-03 9.781940700826378954e-03 9.827309873767913276e-03 9.993904209197934652e-03 9.866344746999643547e-03 9.954684332640746647e-03 9.750136882014931103e-03 9.971417250106950556e-03 9.755799915951220147e-03 9.955390428906557565e-03 9.881004510768121030e-03 1.004861355087958985e-02 9.761584584042082291e-03 9.665253207382229830e-03 9.860486068605905582e-03 9.886411697698355150e-03 9.790183754709903124e-03 9.163294290240927426e-03 9.768244120953969642e-03 9.861231188453500884e-03 9.759167580354806762e-03 9.665185318229454689e-03 9.803449171369165924e-03 9.818559233705517753e-03 9.858114487761766159e-03 9.749824345415556218e-03 9.859662462734392410e-03 9.914921915984708373e-03 9.846579553561196282e-03 9.959801081215273119e-03 9.776757525727182777e-03 9.823809029909936694e-03 9.855537412473708986e-03 9.908930158341591396e-03 9.707262797694959922e-03 9.741528660676478102e-03 9.804077212681677408e-03 9.776272326057728473e-03 9.086170425561410080e-03 9.936196210823667122e-03 9.862516009786411256e-03 9.890692989275390312e-03 9.683165886375477011e-03 9.814210117825716492e-03 9.816046658553720383e-03 9.639438082922273388e-03 9.731877980311188017e-03 9.778251980655666004e-03 9.816676231456244670e-03 9.791102036182847829e-03 9.774121683148145889e-03 9.835557921810129944e-03 9.884638611141725179e-03 9.781121308604813838e-03 9.879834334516991029e-03 9.752318102934847549e-03 9.765985245374080026e-03
9.894149169025224025e-03 9.664016711644558486e-03 9.667748493616712055e-03 9.745655136389242551e-03 9.805287816715512264e-03 0.000000000000000000e+00 9.112953738106751092e-03 9.768735543058399209e-03 9.677969012535547061e-03 9.862650121489166533e-03 9.550379766988886798e-03 9.726350319411802489e-03 9.624710576855551036e-03 9.043172869848695172e-03 9.673932823678317930e-03 9.670099756600068763e-03 9.612136095528798704e-03 9.503596127169607749e-03 9.682135144424420040e-03 9.709510849630870188e-03 9.647868122313529513e-03 9.806351601660058190e-03 9.739156800488379256e-03 9.596724682109956245e-03 9.709756801645810440e-03 9.047624956717955497e-03 9.589271253446282964e-03 9.501806679442897571e-03 9.937954529171974180e-03 9.663307015017675791e-03 9.670347010025164003e-03 9.779002822735350514e-03 9.735415461853349703e-03 9.656732835246002039e-03 9.789005613895365027e-03 9.689785298176057868e-03 9.226682099402992721e-03 9.740396300276272720e-03 9.677182967607807565e-03 9.496525361315670544e-03 9.723888014215970391e-03 9.793765111367308887e-03 9.604429774236228345e-03 9.482482002025336906e-03 9.616807385257046537e-03 9.587329945731659989e-03 9.583052665015839161e-03 9.991011091852420797e-03 9.933808353779216560e-03 9.558065645336169189e-03 9.777197823310365687e-03 9.653524197960627190e-03 9.665875690659405522e-03 9.701980927781312519e-03 9.654832475660121011e-03 9.593526344577312653e-03 9.565673613264866204e-03 9.792792307787961600e-03 9.677782530346300954e-03 9.633144865913424032e-03 9.720111014824324089e-03 9.609538231157664992e-03 9.504435860935904479e-03 9.542480339552504923e-03 9.542427511802087717e-03 9.712514884338819404e-03 9.744163695880920725e-03 1.005595543287533811e-02 9.556346377922618832e-03 9.599129541053999862e-03 9.626750920433444630e-03 9.573917878150857083e-03 9.805769316179057532e-03 9.722607661898212753e-03 1.003604476746733191e-02 9.617108407755210753e-03 9.935385242785111162e-03 9.558578905634718126e-03 9.717486407930294584e-03 9.484013565925606196e-03 9.810909435579901611e-03 9.584116981653758444e-03 1.003627455288724594e-02 9.585376555653240052e-03 9.667350192729590869e-03 9.579076827337116087e-03 9.684542112050296969e-03 9.722275395381094892e-03 9.755329651068062394e-03 9.428984032957641453e-03 9.578269995601514791e-03 9.590235829662813183e-03 9.555950928200702618e-03 9.518633111322260740e-03 9.656870209455102258e-03 9.638250384907315338e-03 9.720344826621395151e-03 9.699172311661780413e-03 9.783442559387980214e-03 9.654703674536186178e-03 9.782306346280253764e-03 9.623443827747787602e-03 9.656281873195433560e-03 9.631190227869403445e-03 9.807078177376332695e-03 9.566073058287967792e-03 9.495616950308660015e-03 9.556426414725874979e-03 9.578842770290710296e-03 9.656631908188550995e-03 9.668578152824718747e-03 9.711553620438012971e-03 8.730190904244093317e-03 9.555318279138172791e-03 9.824995320552304748e-03 9.742779270271726896e-03 9.646246093668764399e-03 9.617235766887407764e-03 9.624728759072987555e-03 9.664763053332562151e-03 9.718322596516166048e-03 9.545493256162530804e-03 9.568618649180316363e-03 9.611918699046748116e-03 9.653147159586289439e-03 9.729299062638536999e-03 9.621639867946675875e-03 9.566774087686816253e-03
1.001248483893009585e-02 9.938472415415336089e-03 9.275183387661025888e-03 9.963744532740974671e-03 1.002595271711583837e-02 9.112953738106751092e-03 0.000000000000000000e+00 9.919808568131401744e-03 9.861260042933486791e-03 9.909813623609209365e-03 9.870220643824140563e-03 9.839014282250434923e-03 9.815586254439475841e-03 9.910751802228319127e-03 9.875859934225388742e-03 9.786185659096004533e-03 9.805109592127813148e-03 9.902359372872033064e-03 9.815920816070836455e-03 9.276639254327789449e-03 9.292614153736665147e-03 9.946805220075087897e-03 9.970768089934512607e-03 9.920011624365591626e-03 1.000676610469790340e-02 9.893549270924575922e-03 9.283066609677046235e-03 9.809091280562586002e-03 1.007972346901265734e-02 9.830153126941113331e-03 9.837815092334441930e-03 9.983571778115650150e-03 9.983716702151812505e-03 9.823956973797369138e-03 9.384546834477151128e-03 9.948290692623457110e-03 9.992456546679209101e-03 9.991374184775719813e-03 9.862314120703640288e-03 9.766748576181380828e-03 9.905773693290655449e-03 9.914766722658382991e-03 9.904110733343907125e-03 9.921346259841309217e-03 9.850734989836648289e-03 9.832380616273497451e-03 9.780503866719966050e-03 1.005223561748884789e-02 9.928283959962796307e-03 9.887010698596475702e-03 9.937429664155041087e-03 9.892201008197721787e-03 9.886532767076756240e-03 9.862388562610015577e-03 9.937309693174337447e-03 9.167074026229149811e-03 9.911758174312357630e-03 1.001843681239748818e-02 9.906334450993609791e-03 9.910912555158668188e-03 9.833508636713401974e-03 9.873093485540938505e-03 9.802495791189599558e-03 9.844917165556797342e-03 9.811172394978001643e-03 9.290093443749408014e-03 9.908874877711233362e-03 1.012021207967989979e-02 9.833251369537120840e-03 9.753159627764877368e-03 9.889973125134841545e-03 9.904763803149021703e-03 9.993151958003442664e-03 9.992745621499250427e-03 1.006259916634762511e-02 9.923661269530526657e-03 1.003985054003240195e-02 9.768839423305706107e-03 9.183157843932169759e-03 9.833263296158901295e-03 1.002721678317139084e-02 9.851183564839842768e-03 1.001900897041095410e-02 9.881349128797043552e-03 9.888139724026539026e-03 9.320077614507914568e-03 9.862539429038660529e-03 9.967734635230166007e-03 9.895088153205914769e-03 9.843996938749490291e-03 9.835765250544747929e-03 9.830882401961692219e-03 9.840149741610657724e-03 9.146362308675961422e-03 9.864547666984253838e-03 9.275714717458416469e-03 9.833352816819922529e-03 9.983231207490703835e-03 1.002698316020670180e-02 9.880236835181580718e-03 9.982393581050984233e-03 9.931994918591256424e-03 9.895228880878579117e-03 9.892188781615133403e-03 1.004238764196469305e-02 9.899828018862136952e-03 9.118361841755935962e-03 9.813530287327974777e-03 9.841170526192610096e-03 9.846017410313162230e-03 9.932683633493907815e-03 9.890324949441926805e-03 9.839975327077393752e-03 9.808446397052229815e-03 9.926233958896461818e-03 9.892547916378524944e-03 9.851119650681857548e-03 9.863076417493808756e-03 9.843009790772747417e-03 9.795346533207594311e-03 9.885245959325517431e-03 9.781420552202964649e-03 9.190081466481397898e-03 9.873347620372821890e-03 9.769101262684107626e-03 9.908359841605094906e-03 9.880982543868665341e-03 9.814155695963595535e-03
1.000856491069906928e-02 9.808025710129442826e-03 9.807030668205716020e-03 9.580248339709078118e-03 9.879428413208058909e-03 9.768735543058399209e-03 9.919808568131401744e-03 0.000000000000000000e+00 9.768222783950356036e-03 9.959322763169214943e-03 9.796731698247591186e-03 9.823678755669282975e-03 9.766598106524354908e-03 9.891869302271129316e-03 9.818806224891547460e-03 9.754213658183930394e-03 9.794371093240630127e-03 9.820863722361621029e-03 9.790507069044144042e-03 9.790774761593007761e-03 9.922688268354726282e-03 9.858151789721505964e-03 9.849517591673828329e-03 9.754902497846730178e-03 9.843173165620087289e-03 9.812592099027253600e-03 9.776184463419020435e-03 9.681133633776289882e-03 9.427628157313778720e-03 9.181145992035856171e-03 9.757344646735751151e-03 9.845699255086069746e-03 9.773938663895097995e-03 9.177264681771751115e-03 9.301702912690355818e-03 9.785491018144205216e-03 9.989273719597166479e-03 9.805376945189406973e-03 9.773052878086951195e-03 9.752558715542246695e-03 9.695512412128681756e-03 9.751815057211846854e-03 9.723571483719063366e-03 9.838153801285776101e-03 9.732360203392909082e-03 9.785000215470889690e-03 9.718322404707989068e-03 9.996707491930212353e-03 9.448955890826584575e-03 9.686879945892073671e-03 9.742022897668903975e-03 9.886364807921176057e-03 9.700592478166406712e-03 9.823522907114497563e-03 9.720172138297945158e-03 9.714285702479487361e-03 9.775154012799979267e-03 9.282829969532621975e-03 9.589714907087727030e-03 9.833974096773881110e-03 9.825223037389916800e-03 9.835699279982644538e-03 9.654440110059680363e-03 9.775206960167202516e-03 9.715743873896552987e-03 9.750542854525845113e-03 9.881856815619359871e-03 9.975134733619833369e-03 9.753832371786723410e-03 9.794785951630424065e-03 9.818022826972378631e-03 9.815472621085008509e-03 9.321277959543889866e-03 9.898586292195385092e-03 1.002446347906665175e-02 9.754237595483690806e-03 9.853581944365910270e-03 9.752913595415201725e-03 9.879054192888314656e-03 9.684337856781228757e-03 9.916241887279594533e-03 9.822756123721108207e-03 9.387091403825318855e-03 9.779859033829406412e-03 9.730815467495799315e-03 9.751711792815880367e-03 9.872039669281913732e-03 9.791060120151814580e-03 9.830921751936547159e-03 9.714914470441043601e-03 9.814280976881348262e-03 9.779386659352344580e-03 9.720925824218473038e-03 9.744040529537614098e-03 9.121933822020460852e-03 9.701453179241184901e-03 9.650544567782763997e-03 9.883791533842693419e-03 9.923223318828298944e-03 9.856185853974458802e-03 9.877449795651473477e-03 9.837095081897687110e-03 8.994294863648166771e-03 9.683126153274605047e-03 9.939966111879762131e-03 9.052106473278604543e-03 9.775083902414672885e-03 9.787539600144853566e-03 9.672462591565726686e-03 9.803687951522099125e-03 9.910695779307403946e-03 9.616179993978752477e-03 9.852434446937938239e-03 9.755679772056597213e-03 9.758198759926518459e-03 9.241011548908847559e-03 9.768390973356149212e-03 9.753658604146750108e-03 9.805880882296485329e-03 9.787517743356623570e-03 9.709230902304367625e-03 9.756897342912016977e-03 9.787160061074563419e-03 9.129730911959541700e-03 9.748508230776154609e-03 9.872085219879932899e-03 9.773164812212103980e-03 9.743140052041571533e-03
9.254039011175397775e-03 9.058539652343036361e-03 9.675037673915568362e-03 9.817326990777117818e-03 9.770106555780075364e-03 9.677969012535547061e-03 9.861260042933486791e-03 9.768222783950356036e-03 0.000000000000000000e+00 9.823925464700485402e-03 9.733158584813370040e-03 9.791072448330558065e-03 9.722076907795787828e-03 9.862870768321187198e-03 9.629723455008390096e-03 9.654024484116697016e-03 9.731715933798288851e-03 9.600383682198645324e-03 9.773521941596381019e-03 9.248950823594457096e-03 9.854368524481163863e-03 9.801669400722105505e-03 9.788383082624719025e-03 9.803017151949951560e-03 9.865867712595169023e-03 9.848425733118610151e-03 9.791364197409386030e-03 9.698192034478738885e-03 9.950838278527728703e-03 9.688636814832308000e-03 9.715326993016359935e-03 9.259254433854351499e-03 9.842778022793390383e-03 9.766246085836477811e-03 9.332049018865584689e-03 9.824285248490684935e-03 9.466626089165078653e-03 9.779636095126015977e-03 9.832528806067677984e-03 9.723424569166546835e-03 9.777216717346237998e-03 9.724665288898695290e-03 9.760808285983546898e-03 9.711931672678190963e-03 9.780998111656988292e-03 9.742817022853966086e-03 9.660226572103478362e-03 9.998324549772542869e-03 9.840504386014033156e-03 9.702613288866023672e-03 9.774020134349916192e-03 9.853970226897901599e-03 9.173259619092951830e-03 9.834293633135929996e-03 9.808395317153733098e-03 9.754521470158039609e-03 9.662999474549714002e-03 9.768066188914218198e-03 9.784840245493486161e-03 9.752297119885391594e-03 9.735128735746638104e-03 9.692753897806329413e-03 9.703808410154146288e-03 9.772161422111819151e-03 9.685753982196990478e-03 9.809375214673749649e-03 9.703044686816856071e-03 9.954186485666729339e-03 9.770365191539124444e-03 9.710712879860017993e-03 9.823341196563497441e-03 9.677973744766973224e-03 9.878286836973244195e-03 9.795431903295279130e-03 9.388094458955153002e-03 9.796911891274340950e-03 9.986596109639067284e-03 9.595228331809285693e-03 9.849193366770347610e-03 9.707799563633471088e-03 9.828704850661269463e-03 9.755973386434758574e-03 9.986397450704436601e-03 9.661937229184822812e-03 9.067426487585197870e-03 9.741842545511492438e-03 9.849686524828227610e-03 9.811608728673372817e-03 9.816201821797196359e-03 8.935221806275137069e-03 9.797919473662064851e-03 9.795517395818102366e-03 9.660189774204000837e-03 9.666171898961895687e-03 9.818912410122292850e-03 9.748811982987404604e-03 9.743117578552144484e-03 9.878231964128993126e-03 9.908801083671403206e-03 9.792815319987657752e-03 9.820443307252501100e-03 9.734007664359995218e-03 9.823737292273114485e-03 9.763881872942619528e-03 9.804246725283996891e-03 9.733437163104586426e-03 9.741876362438126394e-03 9.696611785942282555e-03 9.767496846072464337e-03 9.729802626328247148e-03 9.898821356847973402e-03 9.728288298209476076e-03 9.703757727933791724e-03 9.677693192415641812e-03 9.867930937698644878e-03 9.147208623604028213e-03 9.687199479599195931e-03 9.700619799863360176e-03 9.124377765386187944e-03 9.812460746233079081e-03 9.670859706983439205e-03 9.730980577577794804e-03 9.765729854864690224e-03 9.780760352627924578e-03 9.794681599406308836e-03 9.914766330129345939e-03 9.777959462165480495e-03 9.765755839609036038e-03
9.771891872398109913e-03 9.922179977306320661e-03 9.259987944865419318e-03 9.897509084720330225e-03 9.942678014834843356e-03 9.862650121489166533e-03 9.909813623609209365e-03 9.959322763169214943e-03 9.823925464700485402e-03 0.000000000000000000e+00 9.103904239168543813e-03 9.838105014493914516e-03 9.785306909297082634e-03 9.978479237462575813e-03 9.931944435893713327e-03 9.894445460586364163e-03 9.892942594858710956e-03 9.876013295767975542e-03 9.838674803864794552e-03 9.285909899577490800e-03 9.951666040023645493e-03 9.156935321054009494e-03 9.813541994023455839e-03 9.846148787232993083e-03 9.997230214369713999e-03 9.992933582740896187e-03 9.857046855551008027e-03 9.736068413122895768e-03 1.000647473101313155e-02 9.749725170395892593e-03 9.901366464287192012e-03 9.741330475784423445e-03 9.909403078054318872e-03 9.930414219492459185e-03 9.902297245285908781e-03 9.937250866084832226e-03 1.002155446138303270e-02 9.920102894029784318e-03 9.967887240132186633e-03 9.792398300031484801e-03 9.266120101660401537e-03 9.945356060194015385e-03 9.849468470445715482e-03 9.821191146034708580e-03 9.882253257823990153e-03 9.702649170452125327e-03 9.777833268737039230e-03 9.437776737422222395e-03 9.809881150890598089e-03 9.893123901801480907e-03 9.816129651280312493e-03 9.990865331250937953e-03 9.306221845503013027e-03 9.885635502593201687e-03 9.871986109764072093e-03 9.863121655312808225e-03 9.875432997669901514e-03 9.913606818411540081e-03 9.858051784107329032e-03 9.824359102584787409e-03 9.196408783116670135e-03 9.256532848929899943e-03 9.870157193701305925e-03 9.764823870531184197e-03 9.146987103950747836e-03 9.946286952539150350e-03 9.911406449082201323e-03 9.573617417197602397e-03 9.888340961810002105e-03 9.899750185076139006e-03 9.924469849128517498e-03 9.736838403295058203e-03 9.983728918246439696e-03 9.684066264152224254e-03 1.009553797727963907e-02 9.791915965489296145e-03 1.001047022783682454e-02 9.881080036684853490e-03 9.933658121968653651e-03 9.837680437485032264e-03 9.230063948069364491e-03 9.911594658318201301e-03 1.008487482531349524e-02 9.194079207981575505e-03 9.826452407961159055e-03 9.834874841647729335e-03 9.890614250818148198e-03 9.899108332908770208e-03 9.886935990638232377e-03 9.853820734288271793e-03 9.787998723919576205e-03 9.922977283292003930e-03 9.763404252033060921e-03 9.886725832595338881e-03 9.898827578931715734e-03 9.900898432349250142e-03 9.863974249582232665e-03 9.975885380336842190e-03 9.917003628260463374e-03 9.673468604482544919e-03 9.854230326457975517e-03 9.831348243320138514e-03 9.943866924687193992e-03 9.921127612169960627e-03 9.293748670804204831e-03 9.887069429816036994e-03 9.876924485025109085e-03 9.816092973450067302e-03 9.873768630758977816e-03 9.891814445505551362e-03 9.901919808157804911e-03 9.835235264669768204e-03 9.935059014490647822e-03 9.711717316813936116e-03 9.973542297654569566e-03 9.900928986981513691e-03 9.836092520763662500e-03 9.891518095827970744e-03 9.847446366337473528e-03 9.887968588279125517e-03 9.844658035886260164e-03 9.908634362948226526e-03 9.206258341721285099e-03 9.957394408938755742e-03 9.856121526045291334e-03 1.000833565723623260e-02 9.817890224728422627e-03 9.883497143992392431e-03
9.839723067543265991e-03 9.689705107542889370e-03 9.675519508893067055e-03 9.692631483512051740e-03 9.744973480792040385e-03 9.550379766988886798e-03 9.870220643824140563e-03 9.796731698247591186e-03 9.733158584813370040e-03 9.103904239168543813e-03 0.000000000000000000e+00 9.640268027758573666e-03 9.631957674745249276e-03 9.802561647731076674e-03 9.687401389533478388e-03 9.693617110498424505e-03 9.720282432038060069e-03 9.561018250880471900e-03 9.723929639562780419e-03 9.715850870809296033e-03 9.747708684694827638e-03 9.689269044615566803e-03 9.020264002077890003e-03 9.532202034344065822e-03 9.817611365224453504e-03 9.762653564102715537e-03 9.596036588157573488e-03 9.520910104386916262e-03 9.987477362451690002e-03 9.675664968211044811e-03 9.666544801582226815e-03 9.776350242739293567e-03 9.739116115818525696e-03 9.721091233628121470e-03 9.843298478905445140e-03 9.702434885943581749e-03 9.892540509040171140e-03 9.754385392363994559e-03 9.681913793532701679e-03 9.523056989894510341e-03 9.623570857313801241e-03 9.812633187522295727e-03 9.611687420416311842e-03 9.623806116339667441e-03 9.578095592316529169e-03 9.463483597585463716e-03 9.589964537916117332e-03 9.815490199370120739e-03 9.885325439138063081e-03 9.597443967005039184e-03 9.827215838297907041e-03 9.676225569372094715e-03 9.584643237502707067e-03 9.791021277883211679e-03 9.673191594243759489e-03 9.687960684818780477e-03 9.648218137712957429e-03 9.791719593559376073e-03 9.673748090128187274e-03 9.676306656460213415e-03 9.617623097558189449e-03 9.542656522831909766e-03 9.584570363976576898e-03 9.612946817844596550e-03 9.517833596876910593e-03 9.784603578465462387e-03 9.761495592066016247e-03 9.941465246383724211e-03 9.526850332499699550e-03 9.626816006777281706e-03 9.624057995643654426e-03 9.558638191258860689e-03 9.812163768507993836e-03 8.976054252432669189e-03 1.006265154394348112e-02 9.666383011303403272e-03 9.931238397697692705e-03 9.638177038041127048e-03 9.767807084256849640e-03 9.520024470576319425e-03 9.680410566987925763e-03 9.662898520587603901e-03 1.005928222672865073e-02 9.536848465596459504e-03 9.679036332227462791e-03 9.684272305073494957e-03 9.618003223950162203e-03 9.669163573338742518e-03 9.662095028507892980e-03 9.552563135482963416e-03 9.647522222534152953e-03 9.670984281870829286e-03 9.551588172201273819e-03 9.608787687722594728e-03 9.666155671051826145e-03 9.687844139937434179e-03 9.731838566915210556e-03 9.695384887866319995e-03 9.657537433910279995e-03 8.942554651477360034e-03 9.790157982258192171e-03 9.613587512842672669e-03 9.679764035964148750e-03 9.692177661867702743e-03 9.007673399782081466e-03 9.628005830096247192e-03 9.574633819659962228e-03 9.574487386660984062e-03 9.492460981823290511e-03 9.660133998435987968e-03 9.015334954198768458e-03 9.733571002526874433e-03 9.592864143419258666e-03 9.563541673125831172e-03 9.736596533600861553e-03 9.759546527248346565e-03 9.662189021430780608e-03 9.576972780402771487e-03 9.589432539480201995e-03 9.694970801221173412e-03 9.746431554927947188e-03 9.628429294028118673e-03 9.594474134495911341e-03 9.687600491110715667e-03 9.690586904300755103e-03 9.846105880447764136e-03 9.610888632669446069e-03 9.544208101362014474e-03
9.769099561572876581e-03 9.732172200645523505e-03 9.806707552582588638e-03 9.769317380207021700e-03 9.704496612062475311e-03 9.726350319411802489e-03 9.839014282250434923e-03 9.823678755669282975e-03 9.791072448330558065e-03 9.838105014493914516e-03 9.640268027758573666e-03 0.000000000000000000e+00 9.777327837981913614e-03 9.806728057254018166e-03 9.141301555166243820e-03 9.741206588768138927e-03 9.815023840485385259e-03 9.708806020161777142e-03 9.808866620654867197e-03 9.827234163754503676e-03 9.231194140565838341e-03 9.824412830108691236e-03 9.826702748797924367e-03 9.737526990231587520e-03 9.847581490226756107e-03 9.890466233283259564e-03 9.598631328224594902e-03 9.657498940632443934e-03 9.430723498486951600e-03 9.728589429093126642e-03 9.808731922570878420e-03 9.856368184859565923e-03 9.853108560791926096e-03 9.746066383368267097e-03 9.824770393792094450e-03 9.762490949292471423e-03 9.834315355625206090e-03 9.760019432337395037e-03 9.812516471685085381e-03 9.608732779116753789e-03 9.754338515887597816e-03 9.275544775918685356e-03 9.727082139453365264e-03 9.753222433988082210e-03 9.699745854349198226e-03 9.699144037816874453e-03 9.732538410049304187e-03 9.392956121670830577e-03 9.906937194546524064e-03 9.751438774748185170e-03 9.858970179429877093e-03 9.864844718788366718e-03 9.748720405351055454e-03 9.814921891920814004e-03 9.840532045174607903e-03 9.800970067548606460e-03 9.085029970969006261e-03 9.902262483480618604e-03 9.661961856851964542e-03 9.186312566862310861e-03 9.668221746811887785e-03 9.722885978283477351e-03 9.691069551667520765e-03 9.723686336476470432e-03 9.739921810217270354e-03 9.211697197922599778e-03 9.279156405581186901e-03 9.884615329504041481e-03 9.713608350047333445e-03 9.730599110267952254e-03 9.809364318510085598e-03 9.711594867999403732e-03 9.923199303381443834e-03 9.814044574755565256e-03 9.957258514116079651e-03 9.822759351137803213e-03 9.848363989417446146e-03 9.646517224840635979e-03 9.733165670197803723e-03 9.718989020893988723e-03 9.744432816411935372e-03 9.755609037936147435e-03 1.002554874405159682e-02 9.763199192339772764e-03 9.686210918684884028e-03 9.723935128397776309e-03 9.761636715353997143e-03 9.740018877417214865e-03 9.809527569669457617e-03 9.690313882070099999e-03 9.752973457033669441e-03 9.715416811255794469e-03 9.662046376280064922e-03 9.754437434753964950e-03 9.816007830036069248e-03 9.724337709520358697e-03 9.198510179612909635e-03 9.815047097154262420e-03 9.818394738297374011e-03 9.145105353313420782e-03 9.862317159565313004e-03 9.743991136192549016e-03 9.766641832208895063e-03 9.727726856874995345e-03 9.291950187934633343e-03 9.770424889184167044e-03 9.761248119710021556e-03 9.737630938153487778e-03 9.774971583982987322e-03 9.144854900272164980e-03 9.833232840967457908e-03 9.733747372610504142e-03 9.764323919613706465e-03 9.732933184489119330e-03 9.862346792216918068e-03 9.608704444280325233e-03 9.682227302519030507e-03 9.748943657266490731e-03 9.744395181447549140e-03 9.851806872622563896e-03 9.734901267523781571e-03 9.617055114696243176e-03 9.783881657997966358e-03 9.757771780988681865e-03 9.700482040650659776e-03 9.784537800019983689e-03 9.798796848731349332e-03 9.625754881768970594e-03
