0.000000000000000000e+00 1.154717046445619122e-02 1.033119615262916360e-02 9.636766578082510415e-03 1.199375015898115904e-02 1.181180612503650480e-02 1.346497251778742445e-02 1.143127088281647476e-02 1.159463390848340138e-02 1.048229167254705746e-02 1.085699610114176927e-02 1.250695557364048770e-02 1.106815968608983528e-02 1.066732461310446710e-02 1.100869975488567160e-02 1.033995579420128076e-02 1.024194886946605369e-02 1.093433338444216828e-02 1.043700495976769907e-02 1.002898099131230118e-02 1.016597983880614120e-02 1.173105107055369065e-02 1.337394299217593494e-02 1.054770632010460125e-02 1.096487775170624374e-02 1.077533373334683443e-02 1.002341093888031373e-02 1.249718849967556417e-02 1.041273362909092733e-02 1.082180967648102565e-02 1.109387228451732058e-02 1.081391914141272524e-02 1.038482104518536654e-02 1.049600996832348275e-02 1.107276449664541980e-02 1.048878770927464711e-02 1.044047402558224112e-02 1.146512318083528839e-02 1.015125588259325334e-02 1.056665700010045623e-02 1.202336372238792424e-02 1.252568237027614634e-02 1.031726949035612247e-02 1.162666325750616979e-02 1.132194245425298916e-02 1.129174298518964212e-02 1.040951300542007803e-02 1.116195494719638553e-02 1.115356138504758343e-02 1.125612787044255776e-02 1.063007901402192659e-02 1.101450927532252738e-02 1.115303825950079292e-02 1.102122597842717516e-02 1.134495086735739199e-02 1.180834097331772206e-02 1.194637626423479190e-02 1.098661610006212118e-02 1.069860378500274607e-02 1.142345733372993229e-02 1.088066493729265317e-02 1.069380725199843563e-02 1.071116241887525196e-02 1.170299647895277177e-02 1.140011179802144850e-02 1.167292781569284274e-02 1.031107500662468111e-02 1.095895061117738156e-02 1.141939504079081749e-02 1.090260433142609987e-02 1.020294543763610243e-02 1.085440249094137694e-02 1.078436845324746117e-02 1.111084375511417997e-02 1.049735818331124643e-02 1.080232748795242892e-02 1.329466049191541793e-02 9.919890362982825005e-03 9.871117108150161135e-03 1.215106304387904984e-02 1.099163544881756951e-02 1.172863608335481672e-02 1.033611403479507522e-02 1.045821576641578834e-02 1.196434484392611304e-02 1.000681839932129197e-02 1.123339959575935139e-02 1.189092029303006996e-02 1.144169696722831253e-02 1.120648959071482084e-02 1.184906269574135390e-02 1.073941770973930315e-02 1.142178753847637555e-02 1.146647866306859699e-02 1.114848104754778864e-02 1.139901094920597879e-02 1.144658645443105520e-02 1.039684757089505591e-02 1.058085279056387475e-02 1.182238101630415754e-02 1.040888083676763318e-02 1.062985160200147043e-02 1.147855953413176068e-02 1.186451239878949342e-02 1.118625357513801551e-02 8.970170712770897392e-03 1.162834530071288515e-02 1.126318989659603684e-02 9.895693056204142579e-03 1.096723451346290519e-02 1.040984034554932013e-02 1.053488430405964855e-02 1.230144011490789946e-02 1.051906835252575632e-02 1.106425081304262398e-02 1.054650597638224878e-02 1.133600389402818036e-02 1.017140322098963878e-02 1.035005599552438725e-02 1.009568944239306980e-02 1.003485403429976545e-02 9.753093346933876598e-03 9.748180868849582945e-03 1.037086216885982695e-02 8.881687280991859210e-03 9.875239358556235983e-03 1.029137001471600726e-02 1.057922873777934931e-02
1.154717046445619122e-02 0.000000000000000000e+00 1.095927355947494755e-02 1.077409128577083534e-02 1.221847237622816253e-02 1.291619841727997646e-02 1.440532564715922212e-02 1.262816106761847045e-02 1.278811502435620376e-02 1.189915538605023151e-02 1.222861178018490660e-02 1.363090783174507326e-02 1.239858241322137032e-02 1.211615905498818549e-02 1.231495530629841961e-02 1.166226678987737110e-02 1.164328012894305132e-02 1.217378044644475826e-02 1.184331335201671380e-02 1.141016892793486094e-02 1.166507260496829970e-02 1.299485560622091508e-02 1.448639662938830050e-02 1.192867737901277467e-02 1.235277023101627979e-02 1.219159880178736881e-02 1.206545556409493319e-02 1.372897897480915459e-02 1.185916845404957551e-02 1.221725621174513457e-02 1.249605915619594367e-02 1.229708875143675079e-02 1.241998700875337862e-02 1.195814474144742817e-02 1.239414658779987993e-02 1.195642059397915985e-02 1.186952392284988146e-02 1.277668200388719019e-02 1.164525727253115650e-02 1.195487832671693514e-02 1.317974153343691793e-02 1.365262130662104299e-02 1.168470737888309581e-02 1.291372925251275255e-02 1.255179942950414469e-02 1.250984517350350184e-02 1.172770442258985225e-02 1.235161661808625508e-02 1.242129040707918609e-02 1.250277756587584929e-02 1.116442412488293998e-02 1.232744699762954553e-02 1.233409249718626401e-02 1.227706660888350058e-02 1.260403115867397839e-02 1.299298441043219426e-02 1.303430612967242282e-02 1.226737834429756507e-02 1.196255742725285849e-02 1.271828563637266915e-02 1.212594943972867233e-02 1.205374858810857180e-02 1.202990517528312528e-02 1.302653208741834726e-02 1.273119490523670454e-02 1.288627942884205610e-02 1.170961106712493233e-02 1.229264406873393362e-02 1.258496874307723189e-02 1.229204662067928666e-02 1.161645770766215648e-02 1.218959334136945731e-02 1.216757321499155678e-02 1.232522071167895493e-02 1.185135683100829729e-02 1.205803662031591436e-02 1.433265505849723800e-02 1.131330567499874359e-02 1.132983757729974679e-02 1.329991520664561278e-02 1.228132200082518964e-02 1.287628702336526126e-02 1.165194078136662544e-02 1.178171159437528537e-02 1.317943755585595719e-02 1.139585673122732283e-02 1.251818089850379248e-02 1.310120122815548738e-02 1.269059008100009191e-02 1.249241285452620115e-02 1.304443687403082121e-02 1.206661444586644427e-02 1.269223413709253713e-02 1.273515828004007609e-02 1.243132379176603922e-02 1.266352929559251030e-02 1.270532387744049627e-02 1.178988838583746625e-02 1.198682483153125193e-02 1.305920641624831215e-02 1.190001929685499324e-02 1.202647781283669275e-02 1.267891936055977851e-02 1.304240242249031165e-02 1.254231457000871963e-02 1.104680002954352112e-02 1.288658216709386711e-02 1.251494224924365288e-02 1.114363390660441135e-02 1.141335379954447511e-02 1.190872169878678423e-02 1.183451547835115934e-02 1.344456744391382859e-02 1.175977039567070899e-02 1.230573604968688249e-02 1.192418546721450354e-02 1.268710362762698850e-02 1.163319585230031435e-02 1.188399685936212050e-02 1.163389339515009599e-02 1.143984378941615386e-02 1.184958479923842005e-02 1.144165215973206966e-02 1.245715331791974120e-02 1.115976076971395177e-02 1.110077737308860779e-02 1.168327983969336126e-02 1.267466277118544857e-02
1.033119615262916360e-02 1.095927355947494755e-02 0.000000000000000000e+00 9.676841507285571450e-03 1.209329579993225975e-02 1.190853609649964590e-02 1.346246164256224148e-02 1.150525971136121331e-02 1.176973434206488034e-02 1.066137836400484970e-02 1.101623805865400117e-02 1.258608795878664310e-02 1.121568495200088098e-02 1.082249433568878427e-02 1.104752818056264387e-02 1.039956504236850231e-02 1.026673992439863445e-02 1.093476304058113059e-02 1.050696338951369324e-02 1.012528117743178094e-02 1.033668486029933747e-02 1.185104597973815101e-02 1.354091936632033713e-02 1.061141799987668465e-02 1.107267605770357634e-02 1.097690435312197697e-02 1.081939625730551739e-02 1.270908347343524362e-02 1.059066914984766773e-02 1.100241998298904199e-02 1.132559835515083678e-02 1.117208488285521134e-02 1.125707358093889186e-02 1.069951145545099472e-02 1.127154892885170144e-02 1.070350913782380092e-02 1.055420525119464374e-02 1.164542393872326428e-02 1.035632279633656033e-02 1.070334111483858298e-02 1.210951476090305068e-02 1.255732975149020589e-02 1.040911826233683821e-02 1.179981672999869634e-02 1.145383358562691335e-02 1.122750198107590712e-02 1.044294386578511341e-02 1.117135674670421096e-02 1.124088229215485998e-02 1.140180368408979378e-02 1.062831967310534122e-02 1.102960356292061010e-02 1.112501757038508732e-02 1.114405674817428582e-02 1.139680647618963004e-02 1.173513693115421468e-02 1.187230703239173200e-02 1.097884441863834423e-02 1.005841672851003066e-02 1.140254851667965065e-02 1.022846674122222799e-02 1.065724515055230595e-02 1.070698302266676408e-02 1.182890541028551283e-02 1.148339372356342591e-02 1.166880052411211829e-02 1.037905503321811737e-02 1.105515769620384406e-02 1.150651625286185607e-02 1.097280974576674180e-02 1.023832042709819402e-02 1.095692103027522471e-02 1.088550561187042083e-02 1.117231877250068721e-02 1.046500799226037642e-02 1.074641777723265093e-02 1.334549214457618829e-02 9.970816848449238351e-03 9.382455251811194774e-03 1.217932673502857520e-02 1.107305726856172047e-02 1.180523713201526992e-02 1.042125167109686501e-02 1.052191441832683351e-02 1.207069176675389793e-02 1.007655199313339800e-02 1.135918774112299953e-02 1.193058479145033685e-02 1.146911758643146158e-02 1.122778503649558487e-02 1.119296442796302929e-02 1.067162983932809332e-02 1.150175131425579603e-02 1.157857805876954908e-02 1.113622429332485411e-02 1.145551099177736024e-02 1.154044976241068964e-02 9.865115555804982589e-03 1.066086459344538391e-02 1.187369976404462762e-02 1.051428719388977119e-02 1.077464662745255923e-02 1.081254910557400556e-02 1.201942680003007316e-02 1.129816991266214231e-02 9.629105446571042948e-03 1.167768042189249594e-02 1.143280131511217879e-02 1.057615996460770785e-02 1.096941843280231990e-02 1.071456611945684374e-02 1.064594755214677731e-02 1.232119404931168206e-02 1.060914355516556773e-02 1.117281085784013750e-02 1.062072949283951635e-02 1.143704496100049657e-02 1.034556870882021029e-02 1.059244075395382803e-02 1.024963465279538251e-02 9.600048169833836145e-03 1.053243431674667253e-02 1.015156831178987487e-02 1.130354846664401169e-02 9.764471488434947263e-03 9.839928342501238698e-03 1.125541155874418796e-02 1.085485193229381203e-02
9.636766578082510415e-03 1.077409128577083534e-02 9.676841507285571450e-03 0.000000000000000000e+00 1.111177599815237234e-02 1.151487750870440994e-02 1.332636496185397174e-02 1.050285922046848876e-02 1.128224351356937535e-02 1.030847121244571514e-02 1.068158641376765368e-02 1.232047294978580801e-02 1.021513228897204771e-02 1.061412361573120522e-02 1.070286925092403529e-02 1.016498351348458715e-02 1.005093489879513302e-02 1.080490441743865195e-02 1.032467701373638962e-02 9.746897016893980165e-03 1.016244934684362028e-02 1.167222154115147605e-02 1.333630345591982520e-02 1.041818803958191597e-02 1.089932647335017935e-02 1.062166781609588315e-02 1.055340413696919701e-02 1.241418994271796181e-02 9.735407136168152883e-03 1.062913902176554695e-02 1.102695352499566406e-02 1.082839706976690582e-02 1.092186953633928620e-02 1.038593208160683984e-02 1.094024488341508242e-02 1.030854180819512980e-02 1.025849919976027508e-02 1.125516552068230730e-02 9.497785565500311417e-03 1.033532351995435257e-02 1.107923857806946896e-02 1.225071681601570123e-02 9.511181204683177154e-03 1.152259074225964533e-02 1.109094217582241339e-02 1.114620641838195980e-02 1.020616442963744736e-02 1.100255511862300445e-02 1.099661127732338983e-02 1.113083756209772186e-02 1.040075775975969792e-02 1.084738525359774455e-02 1.089495645077579247e-02 1.091111167663552477e-02 1.119550668856389257e-02 1.160756982907056208e-02 1.171561341092422319e-02 1.082669181297892663e-02 1.048536935791303214e-02 1.128326858647289710e-02 1.066601189396583320e-02 1.043708858090204583e-02 9.941498373298166685e-03 1.160336950995896448e-02 1.134627132591477759e-02 1.149258325417691802e-02 1.008834927013509131e-02 1.072268291439920293e-02 1.121214262252849536e-02 1.082752074049119113e-02 9.978264092581115227e-03 1.068665269383161850e-02 1.064024933737359527e-02 1.095522651210403646e-02 1.021714508644087395e-02 1.065374344900657001e-02 1.315807563584478132e-02 9.708900508889886302e-03 9.718483847896908917e-03 1.193598158757583697e-02 1.079135777347809549e-02 1.155929702580029729e-02 1.015435681602586647e-02 1.032686354483585735e-02 1.186964915369231009e-02 9.858737229017403361e-03 1.114751163025322171e-02 1.172222171457900503e-02 1.131591326552688903e-02 1.107854141116740125e-02 1.175591550439939945e-02 1.055811043826691831e-02 1.126533950566306098e-02 1.144331855251641203e-02 1.102784360147033779e-02 1.126958793297705257e-02 1.124916319424598167e-02 1.026998214471428611e-02 1.050596326481175423e-02 1.181674301882975828e-02 1.029198947398030431e-02 1.061328768755620371e-02 1.135081207258458423e-02 1.175910993281426009e-02 1.121853304514740420e-02 9.360716616600463225e-03 1.154473018358063985e-02 1.119672135165192088e-02 1.036518905547205958e-02 1.075402682195036180e-02 1.047929949750434422e-02 1.048463785140533316e-02 1.219590758553970242e-02 1.030930923348316076e-02 1.091183934864320935e-02 1.039876928935662068e-02 1.125970863560348326e-02 9.530566028455551147e-03 1.034617148002878878e-02 1.006711613499965997e-02 1.001151478221407737e-02 1.033265003355451558e-02 9.975555564463764457e-03 1.097987486691472288e-02 9.511827745785067859e-03 1.030875818333833703e-02 1.108109090532221133e-02 1.138192964584668586e-02
1.199375015898115904e-02 1.221847237622816253e-02 1.209329579993225975e-02 1.111177599815237234e-02 0.000000000000000000e+00 1.214076698291887378e-02 1.457903344131172840e-02 1.270465399433125253e-02 1.201239179777685226e-02 1.193530907461677094e-02 1.229672157524856584e-02 1.375884887320094098e-02 1.256796499684980327e-02 1.232010407174892117e-02 1.258229632278484375e-02 1.202229113406991234e-02 1.196047458743529704e-02 1.254319727210311160e-02 1.213633601330202545e-02 1.175441942883035350e-02 1.203759397252422703e-02 1.327079465669699608e-02 1.470244087314429363e-02 1.221966428794869081e-02 1.263431296254962852e-02 1.243722502949263717e-02 1.227603519039820006e-02 1.397572983381584720e-02 1.215254070469897092e-02 1.241778814955928761e-02 1.278870436612339172e-02 1.265046636908825038e-02 1.272434483254730048e-02 1.224020932092736991e-02 1.272769151050058903e-02 1.225056053159415126e-02 1.214490927177083388e-02 1.305392694685434882e-02 1.186134606151275327e-02 1.225788055942591062e-02 1.343771630736118917e-02 1.390982781547983257e-02 1.203698150226322275e-02 1.321752874444617060e-02 1.290692881092757316e-02 1.280841629917418324e-02 1.211896257424182645e-02 1.270970305980053533e-02 1.272223839082975254e-02 1.285244187184838086e-02 1.211787997206054818e-02 1.261634896113557162e-02 1.267783997439560044e-02 1.246843026235010775e-02 1.288105092763807726e-02 1.327534626648080480e-02 1.333069414708145002e-02 1.250705596470028103e-02 1.238044749067853702e-02 1.300506680598647463e-02 1.246886007308028142e-02 1.233206214344528644e-02 1.232018905187511233e-02 1.327100354555398390e-02 1.285502145609807544e-02 1.307590970304692984e-02 1.192204204357757286e-02 1.253713261108126316e-02 1.198236697676802187e-02 1.253909215118231661e-02 1.183768546178499623e-02 1.239410718417630411e-02 1.246179122506376434e-02 1.257687049152373185e-02 1.211603801295367024e-02 1.240859730108344328e-02 1.453539682186221274e-02 1.166080670066863868e-02 1.164626569211347010e-02 1.343300913912004110e-02 1.245368648079191176e-02 1.223938158850035492e-02 1.191566738241003551e-02 1.214054602169263239e-02 1.330340501720002518e-02 1.163215145545437069e-02 1.287166646322855657e-02 1.335917175306401694e-02 1.286632844940192692e-02 1.276168496713009533e-02 1.339236762603999813e-02 1.237256242693847430e-02 1.296681600481012185e-02 1.309351230489269602e-02 1.270972354461612566e-02 1.293509544540377351e-02 1.295127415517166765e-02 1.215162307613661639e-02 1.227930845316021514e-02 1.329298813044568067e-02 1.218502610030099825e-02 1.237017104655613320e-02 1.302620862587459266e-02 1.330591312336606644e-02 1.287464830960451286e-02 1.126772281841522186e-02 1.313888261210884555e-02 1.283806834944898646e-02 1.220418279148236147e-02 1.246920231754292813e-02 1.227310477154529983e-02 1.227141038306653678e-02 1.364676002966483045e-02 1.137980086236277909e-02 1.257071059810682852e-02 1.221571406070804007e-02 1.288252958959567283e-02 1.188199712534093386e-02 1.206624215337800433e-02 1.192539060383306787e-02 1.186595157637679657e-02 1.223921723726907433e-02 1.188100964362244667e-02 1.189037833783271672e-02 1.154551659036401855e-02 1.224160989196924898e-02 1.281341213983322458e-02 1.304807063754581838e-02
1.181180612503650480e-02 1.291619841727997646e-02 1.190853609649964590e-02 1.151487750870440994e-02 1.214076698291887378e-02 0.000000000000000000e+00 1.318756949739740940e-02 1.159241509960765547e-02 1.145382134258702764e-02 1.070521935139375803e-02 1.109798042238943107e-02 1.348891903823581581e-02 1.222381682785098414e-02 1.190496494310243347e-02 1.220103827821878220e-02 1.167280560446733520e-02 1.159878838343148498e-02 1.216069790330853717e-02 1.180567362056787056e-02 1.127171264710729454e-02 1.160920114420087301e-02 1.295674589624171494e-02 1.441922055279818392e-02 1.186688159282807062e-02 1.217727219841453247e-02 1.182534619106722328e-02 1.183652941209131434e-02 1.357915093755788713e-02 1.177263808247281003e-02 1.130935411162548726e-02 1.247282358972869737e-02 1.233276193988214371e-02 1.241028912031411080e-02 1.183486389469292147e-02 1.241834092997266305e-02 1.191586379069133408e-02 1.176051231147681383e-02 1.275650907894588203e-02 1.158521404217181978e-02 1.191593234408551590e-02 1.320712083164531613e-02 1.362110118655654109e-02 1.163214880926128833e-02 1.289230779179382363e-02 1.262583448451355325e-02 1.238960753500595834e-02 1.178136383774773185e-02 1.240444051861016965e-02 1.241147896920094876e-02 1.255821200585686449e-02 1.194982324855503597e-02 1.230480358665774279e-02 1.227166592761633375e-02 1.229765938525016061e-02 1.256953422636579269e-02 1.297100328174943459e-02 1.288894686968836654e-02 1.223808194676364626e-02 1.205975630936940469e-02 1.267743692155220633e-02 1.203073574877688845e-02 1.199373179666880264e-02 1.205343593422468669e-02 1.300644397419652501e-02 1.271812698820702810e-02 1.276792909534109517e-02 1.160937009098791245e-02 1.224522371471377727e-02 1.255136479549071732e-02 1.225277746548197010e-02 1.156877847170612560e-02 1.214091354714141174e-02 1.207524815310268701e-02 1.235403214979141455e-02 1.180079959893493013e-02 1.207452740215296180e-02 1.429037783469208102e-02 1.132085672196257026e-02 1.131535120393754174e-02 1.318175422025723298e-02 1.223161419986546102e-02 1.282808620550737050e-02 1.166315416628648481e-02 1.166124817688995313e-02 1.303819121193580156e-02 1.140650872458086849e-02 1.256453138071367791e-02 1.304122254727147628e-02 1.173214574323363547e-02 1.236797811842107152e-02 1.307633710217893062e-02 1.195545353038506529e-02 1.262836601338099621e-02 1.270687497535644486e-02 1.220795675842900260e-02 1.257813284398764941e-02 1.253410138815688225e-02 1.181988447028372441e-02 1.185168058548480112e-02 1.211209994313110043e-02 1.176474075015819694e-02 1.198481927566544085e-02 1.261503834252740430e-02 1.309677519950335975e-02 1.255071170668869453e-02 1.100031254084559915e-02 1.267536999055707270e-02 1.248454953503477793e-02 1.198003174549483983e-02 1.209278879787134206e-02 1.196302651520826828e-02 1.193045043100058981e-02 1.344659264631690998e-02 1.183981913222235775e-02 1.236619365062507914e-02 1.193230758979842328e-02 1.265624121594568531e-02 1.166190559189496552e-02 1.190764808289238204e-02 1.162122153761718270e-02 1.162968275037525208e-02 1.193893189649345050e-02 1.155114408439926986e-02 1.238039231447938225e-02 1.117332936738693258e-02 1.196013124311143608e-02 1.261369424538172183e-02 1.284863210929380363e-02
1.346497251778742445e-02 1.440532564715922212e-02 1.346246164256224148e-02 1.332636496185397174e-02 1.457903344131172840e-02 1.318756949739740940e-02 0.000000000000000000e+00 1.402597283591368316e-02 1.408787821641600824e-02 1.235832395471114439e-02 1.357569530115662268e-02 1.497453330383650624e-02 1.395600926604849239e-02 1.358043245487164721e-02 1.375749227073232855e-02 1.330523630668824231e-02 1.324581570413104099e-02 1.368957642859306746e-02 1.342861843231638042e-02 1.301525870728269946e-02 1.324799932301102927e-02 1.440917152592476394e-02 1.562750620188548337e-02 1.346583877470014859e-02 1.372944503932976498e-02 1.264728107243029594e-02 1.353191534504315577e-02 1.493924486008520874e-02 1.338820178860350256e-02 1.353645620125322989e-02 1.399873942646128952e-02 1.389223666232426192e-02 1.394555759426285846e-02 1.351172210816927594e-02 1.395767390684591810e-02 1.353032827341149602e-02 1.343933333088612181e-02 1.424147973952073765e-02 1.331437602320646729e-02 1.353888449088061149e-02 1.465756721271587425e-02 1.500474165064729151e-02 1.331233717392291821e-02 1.437321675934340875e-02 1.411242471109223386e-02 1.298055411708400227e-02 1.330536465944981948e-02 1.385189924843225825e-02 1.392652606149543011e-02 1.405935529943861187e-02 1.352803306080355324e-02 1.385296795267831720e-02 1.371652275121850936e-02 1.385543868880373397e-02 1.405559694862734861e-02 1.433536224793983092e-02 1.432384354245175989e-02 1.369912193986278295e-02 1.362070682794755579e-02 1.408300910316101842e-02 1.274341172462849225e-02 1.352290653742131005e-02 1.363717005148085831e-02 1.446114845190395355e-02 1.420488475002531885e-02 1.425660641916667859e-02 1.322342165438827877e-02 1.381145637831031683e-02 1.414186724574647593e-02 1.381020776079363958e-02 1.321285578632877371e-02 1.370277195350353382e-02 1.361459795746605521e-02 1.386693365811976844e-02 1.335084153528146717e-02 1.358572223457211320e-02 1.558512449944677442e-02 1.292991980921867103e-02 1.303968555326111625e-02 1.469022037569226759e-02 1.379722241490478896e-02 1.441048525616671870e-02 1.330659543776485654e-02 1.331620470755468834e-02 1.458036791411644086e-02 1.303825685080169973e-02 1.409596674951059218e-02 1.451338902389992004e-02 1.406273524775894859e-02 1.398972500519655125e-02 1.455175577251329420e-02 1.361457962685066851e-02 1.415857916979018812e-02 1.427759892200215243e-02 1.391569499984010062e-02 1.411996633029377959e-02 1.408071316126453462e-02 1.336180476369338253e-02 1.353543945350298323e-02 1.443239724021241552e-02 1.346337398721050502e-02 1.356125421823635609e-02 1.419247274857675725e-02 1.451494256478273390e-02 1.401850534008468492e-02 1.275628253814984313e-02 1.431545717176706256e-02 1.391471849005627981e-02 1.355301754526833623e-02 1.278912067790242968e-02 1.354371369256359044e-02 1.345944895604695747e-02 1.484580946986599481e-02 1.349688513613273022e-02 1.382439426535088389e-02 1.350891883869107316e-02 1.415957648785416863e-02 1.325126765014398612e-02 1.350320291096476256e-02 1.326604061817543596e-02 1.320874171613546470e-02 1.353684380930252236e-02 1.322691079859494509e-02 1.401183477273260612e-02 1.298480951057652370e-02 1.362771675072086373e-02 1.414374590189245925e-02 1.433805966925815953e-02
1.143127088281647476e-02 1.262816106761847045e-02 1.150525971136121331e-02 1.050285922046848876e-02 1.270465399433125253e-02 1.159241509960765547e-02 1.402597283591368316e-02 0.000000000000000000e+00 1.136446687660347399e-02 1.120358939695187579e-02 1.158512206190674167e-02 1.319806139868780551e-02 1.106782829357587893e-02 1.160817546068301440e-02 1.185021162309344601e-02 1.129987731156268521e-02 1.121404277489479462e-02 1.180534170499223691e-02 1.137407300704313361e-02 1.034637603361004098e-02 1.134602222023901874e-02 1.266604664530119988e-02 1.417240315024373767e-02 1.148359340597235843e-02 1.194955740538448073e-02 1.167921748866853141e-02 1.153469515966901345e-02 1.339158647261950649e-02 1.145910444646777021e-02 1.174218495500131514e-02 1.214711566592624643e-02 1.193451794673238732e-02 1.208242881996484351e-02 1.150293039474967888e-02 1.207996388062631231e-02 1.157127474707367321e-02 1.145111556573266340e-02 1.243943740117911707e-02 1.124258022673337368e-02 1.152617165674951413e-02 1.284403330408254509e-02 1.325130946334558690e-02 1.128073275515419777e-02 1.251710322615654999e-02 1.226966605710757413e-02 1.208738723333306099e-02 1.132834595112782415e-02 1.206418089939673317e-02 1.206909649115210301e-02 1.220610219300508753e-02 1.150584170807468845e-02 1.194417400237326142e-02 1.108909023281351956e-02 1.186981831370077962e-02 1.217455660142834073e-02 1.261912747874648945e-02 1.171840427056894569e-02 1.180612218579041306e-02 1.154494222867563126e-02 1.225681861889328823e-02 1.169161437064944464e-02 1.155239605240274137e-02 1.163518057049380688e-02 1.266878529521529330e-02 1.241801859278229662e-02 1.253109655169276290e-02 1.128340954686413850e-02 1.189551860135827990e-02 1.230187119489968041e-02 1.191752424871671615e-02 1.113879287590083256e-02 1.172428670052663886e-02 1.171670915533976759e-02 1.201017166729666068e-02 1.136389244927852801e-02 1.172883129858894903e-02 1.401355216955038271e-02 1.094858117830969403e-02 1.100918102804014989e-02 1.295937975957716162e-02 1.181986907349127230e-02 1.260803144124203641e-02 1.125033627760183182e-02 1.143601365080895715e-02 1.283014746908124615e-02 1.100704513056419663e-02 1.226406909029468389e-02 1.276277976725088623e-02 1.223948718099911875e-02 1.213002097585390467e-02 1.278462437210395840e-02 1.167047940607678427e-02 1.222839311610997640e-02 1.235831558257801874e-02 1.201070887082191473e-02 1.210067915457945648e-02 1.136354802943733214e-02 1.137933328239112973e-02 1.142559242630906795e-02 1.268065317773130196e-02 1.064452186701560915e-02 1.161524224466519740e-02 1.233370138429278062e-02 1.278050752372833845e-02 1.224463939792502613e-02 1.058704505357814865e-02 1.250679392942923365e-02 1.222897907446849307e-02 1.163668108850766589e-02 1.176663399657454888e-02 1.161371216533443190e-02 1.160961982805570718e-02 1.314580262132928300e-02 1.152832550451906787e-02 1.203296944680182050e-02 1.157104930260894823e-02 1.235069735621012986e-02 1.119769874014515075e-02 1.155640594192884445e-02 1.126428266971382479e-02 1.128566555806053383e-02 1.156101860553914416e-02 1.112136565289471336e-02 1.221754269146325435e-02 1.086896113655275165e-02 1.167219034351739577e-02 1.228373619506395627e-02 1.255063811291380962e-02
1.159463390848340138e-02 1.278811502435620376e-02 1.176973434206488034e-02 1.128224351356937535e-02 1.201239179777685226e-02 1.145382134258702764e-02 1.408787821641600824e-02 1.136446687660347399e-02 0.000000000000000000e+00 1.062057857551989941e-02 1.098219350590928269e-02 1.244515645724789468e-02 1.128925242559414115e-02 1.102821656763900739e-02 1.199699290569137926e-02 1.152134944940217537e-02 1.145805480350296085e-02 1.205377570029877825e-02 1.164111855362405350e-02 1.110880808249383421e-02 1.154069061467926163e-02 1.283914367306252836e-02 1.424152978770889220e-02 1.165746557584168390e-02 1.207204344208402495e-02 1.181302339544375649e-02 1.105658002511102946e-02 1.354161699401815362e-02 1.169931222850236797e-02 1.190851311206744811e-02 1.233224929781558815e-02 1.211776742966364818e-02 1.226253190913434085e-02 1.168274777049803717e-02 1.227017443362223535e-02 1.177315620969543453e-02 1.161707001088477416e-02 1.261655360534541352e-02 1.141847535764811510e-02 1.177086386581633129e-02 1.306930016601427422e-02 1.350363194047924341e-02 1.152568150023577064e-02 1.268927828587757684e-02 1.246429860824720647e-02 1.235479151574335813e-02 1.161974687365088452e-02 1.226094525651084087e-02 1.225691616698821110e-02 1.240272942016303927e-02 1.178366301972780250e-02 1.206888502410795316e-02 1.213591296185077308e-02 1.199796036263965117e-02 1.242317379279456527e-02 1.283478131844469593e-02 1.273790204342639849e-02 1.208658136511703805e-02 1.183557512428491665e-02 1.253094610756402653e-02 1.196847813937882039e-02 1.171461285833282073e-02 1.180719992382986243e-02 1.284541118755721731e-02 1.256016428401388399e-02 1.270923056322348366e-02 1.148379401492028752e-02 1.200253592486583316e-02 1.239558084568479976e-02 1.202998348715220503e-02 1.133830168929888214e-02 1.198200481549309762e-02 1.198812178555578624e-02 1.219266907254322463e-02 1.159267384415807976e-02 1.194340343780006183e-02 1.416491236282461930e-02 1.118851299240735016e-02 1.122133610866274563e-02 1.305757192965103196e-02 1.208738523577029995e-02 1.269921310054827890e-02 1.152030611748752417e-02 1.164352390203255740e-02 1.298749165109275988e-02 1.119636669909225210e-02 1.243799469793663119e-02 1.294150760411418542e-02 1.239934920444864253e-02 1.231585961270808931e-02 1.295297586749149209e-02 1.188609655117221428e-02 1.251104770906383626e-02 1.262810056429398108e-02 1.216707572464006785e-02 1.244882908624007217e-02 1.240958464778387296e-02 1.166564110859295844e-02 1.176954510753323163e-02 1.277606780645091679e-02 1.155914575906207345e-02 1.183384060506902265e-02 1.255152785510931651e-02 1.294695210148976740e-02 1.227851088130373601e-02 1.077937755856193079e-02 1.261596444857306099e-02 1.234469580480738495e-02 1.181276831086865847e-02 1.206510480238567884e-02 1.180448005271700351e-02 1.174098108363594295e-02 1.331406220933021613e-02 1.166309853689406761e-02 1.222406321052810219e-02 1.176689543569765448e-02 1.249386608069733007e-02 1.149183337682897071e-02 1.174159958900291949e-02 1.145338884737293061e-02 1.147358290958098992e-02 1.171218272456918917e-02 1.134025853746226109e-02 1.223114224196034799e-02 1.101004598810152724e-02 1.186718771512271751e-02 1.245929508860128127e-02 1.271727046384972699e-02
1.048229167254705746e-02 1.189915538605023151e-02 1.066137836400484970e-02 1.030847121244571514e-02 1.193530907461677094e-02 1.070521935139375803e-02 1.235832395471114439e-02 1.120358939695187579e-02 1.062057857551989941e-02 0.000000000000000000e+00 1.003774726734796632e-02 1.247007444925747784e-02 1.107293279339415307e-02 1.002928429676521772e-02 1.033543593732990512e-02 1.032233235971416474e-02 1.030830182481426265e-02 1.097539063067602509e-02 1.052220023089693243e-02 9.949323532848332666e-03 1.034033194003884659e-02 1.185205980654565130e-02 1.340282331140500369e-02 1.056135910034768262e-02 1.100880705594009003e-02 1.008646109110364689e-02 1.064244238153580838e-02 1.256370487268899244e-02 1.052972426148974204e-02 1.073124333158348952e-02 1.128682066775821453e-02 1.114315297939114276e-02 1.119608219026774383e-02 1.059216362548327621e-02 1.120714575350438731e-02 1.066351611291592276e-02 1.047742354085377456e-02 1.141202871646722870e-02 1.025067769091697091e-02 1.064598898881250442e-02 1.199715874052942333e-02 1.251673913018780566e-02 9.809443642749571604e-03 1.164726867816894169e-02 1.142299817206560847e-02 1.120396050252213047e-02 1.042501533367522736e-02 1.113894007570380429e-02 1.114764701212437453e-02 1.131563772554348805e-02 1.062877367908244761e-02 1.110593278362500581e-02 1.105609242005927556e-02 1.103148930579819949e-02 1.138293405549458022e-02 1.178239926903380461e-02 1.114469567876656513e-02 1.094927778381835602e-02 1.070019639872084490e-02 1.139082074963160621e-02 1.073571829570725902e-02 1.067469503213838190e-02 1.081259183895628105e-02 1.185672100408193506e-02 1.142596798768143705e-02 1.173357515280143773e-02 1.036248952744963508e-02 1.097936567158226163e-02 1.147479493900685314e-02 1.104130808484468478e-02 1.027766152573137380e-02 1.092312483777201776e-02 1.088328704302588164e-02 1.116843249872343478e-02 1.053919308201800402e-02 1.080829599873311432e-02 1.332652627694843640e-02 9.986982021367336870e-03 9.984093705810543132e-03 1.213575552338201462e-02 1.105911508569408681e-02 1.181653725932468174e-02 1.040164880461337711e-02 1.050624113088516158e-02 1.204840903854770620e-02 1.011397575575010040e-02 1.140493827620925847e-02 1.191076196377923065e-02 1.140973001731983641e-02 1.129475681520106765e-02 1.201547825020998425e-02 1.080818127859886971e-02 1.150539013899367843e-02 1.165501700094244419e-02 1.114633500314197480e-02 1.146125284469960703e-02 1.143338820647226035e-02 1.048821542082476084e-02 1.062624326087578328e-02 1.189574352506367512e-02 1.052268280316746851e-02 1.011964080216112838e-02 1.157194090590144865e-02 1.191452208586995902e-02 1.139218849885961782e-02 9.488821468174363574e-03 1.163623960374857852e-02 1.059926607121385554e-02 1.064844919334197171e-02 1.082538816947512667e-02 1.056715774879210361e-02 1.054265665145843328e-02 1.237344133236348634e-02 1.062394100659449364e-02 1.115559609690937141e-02 1.060333937529547854e-02 1.145390750573071180e-02 1.032152363175603896e-02 1.057761268037980644e-02 1.031495446850683867e-02 1.030023386423729870e-02 1.061765593368949739e-02 1.024128705996905225e-02 1.062930786278097096e-02 9.821082901622188444e-03 1.075411393141060580e-02 1.146453804449497349e-02 1.165554525910833701e-02
1.085699610114176927e-02 1.222861178018490660e-02 1.101623805865400117e-02 1.068158641376765368e-02 1.229672157524856584e-02 1.109798042238943107e-02 1.357569530115662268e-02 1.158512206190674167e-02 1.098219350590928269e-02 1.003774726734796632e-02 0.000000000000000000e+00 1.276492766990463233e-02 1.141867574371760626e-02 1.102109628030991696e-02 1.132652699981183050e-02 1.065048572400793987e-02 1.053973029862689988e-02 1.109522996038237938e-02 1.080958634638876960e-02 9.752829077116411532e-03 1.072626948623381718e-02 1.209810737630827651e-02 1.375092840046891231e-02 1.088810224102955589e-02 1.141971921944945345e-02 1.117424602300239392e-02 1.107048886206180548e-02 1.293876480073842712e-02 1.085293744962826171e-02 1.116196009120370633e-02 1.159498204396431850e-02 1.144835276034771900e-02 1.152704719541402037e-02 1.087038588318002194e-02 1.141695134690620499e-02 1.088302887208922147e-02 1.015443737860305742e-02 1.188564345292707908e-02 9.990374788265039829e-03 1.075836017217652110e-02 1.232825519277778656e-02 1.279716019695709833e-02 1.072004490917084947e-02 1.203203424127905451e-02 1.174311578525559507e-02 1.165574926552636822e-02 1.086214493263787904e-02 1.152325916265698087e-02 1.145241121939917506e-02 1.171048484478400854e-02 1.104541613867117064e-02 1.141203893786330893e-02 1.151089960244204222e-02 1.146323210360455057e-02 1.168235044879744992e-02 1.216807287265897139e-02 1.222675937071095002e-02 1.133515574010751821e-02 1.119473391890547093e-02 1.187909432368775865e-02 1.128293364859283242e-02 1.112618578327611088e-02 1.118699018411626299e-02 1.219157513967046580e-02 1.188340085710524498e-02 1.203355188442333315e-02 1.072726330591349669e-02 1.131574638438383358e-02 1.181634937271823331e-02 1.136807890604575773e-02 1.057570755724923650e-02 1.125304002313943195e-02 1.125895845667660398e-02 1.148921736517358530e-02 1.080272579483756816e-02 1.118549287485023913e-02 1.348573587360166713e-02 1.032196761461154355e-02 1.031929266123394334e-02 1.161231919592204710e-02 1.126760439197128406e-02 1.199441277206660106e-02 1.060088204814954756e-02 1.085103477853534629e-02 1.221092057860786138e-02 1.038890499243195001e-02 1.165268130666999823e-02 1.223182128158310789e-02 1.159742753564983395e-02 1.147691064310318691e-02 1.222273127596772667e-02 1.104958822281585339e-02 1.173527588954764202e-02 1.191808624541933898e-02 1.073531459747024096e-02 1.169661526638338458e-02 1.177936243174445771e-02 1.090640119690864003e-02 1.095782129734171675e-02 1.212689174345185812e-02 1.092498103354956791e-02 1.109785441189872768e-02 1.179532746220142425e-02 1.231987913490541903e-02 1.172521997321493599e-02 9.884994508115857795e-03 1.113935105671566214e-02 1.163472107234487553e-02 1.107330101016705363e-02 1.128573142362441703e-02 1.101429505792751208e-02 1.094879400714487971e-02 1.268328190394055026e-02 1.099611504749482480e-02 1.150723234634079897e-02 1.101174582373532981e-02 1.176266607176774080e-02 1.073882674186142118e-02 1.098600232242745618e-02 1.061415131189029880e-02 1.058339756771342795e-02 1.102061584637481668e-02 1.056576548283528344e-02 1.152920951883777342e-02 9.699659541875557678e-03 1.109101310129217803e-02 1.173223705187303317e-02 1.199046231605566636e-02
1.250695557364048770e-02 1.363090783174507326e-02 1.258608795878664310e-02 1.232047294978580801e-02 1.375884887320094098e-02 1.348891903823581581e-02 1.497453330383650624e-02 1.319806139868780551e-02 1.244515645724789468e-02 1.247007444925747784e-02 1.276492766990463233e-02 0.000000000000000000e+00 1.299174275199483850e-02 1.266114346352576608e-02 1.291331728069275257e-02 1.224665306612232607e-02 1.221250223372167404e-02 1.284214498252856523e-02 1.239362149763243402e-02 1.206230421229891395e-02 1.238730047681380585e-02 1.356564819090531372e-02 1.497352479710440526e-02 1.254419470239849857e-02 1.293303585388459569e-02 1.279637587783628502e-02 1.247462483831170837e-02 1.426224902398772268e-02 1.256738832313225411e-02 1.283469664807642199e-02 1.312256001810725367e-02 1.299333183206123447e-02 1.304801681532919734e-02 1.258334179344834831e-02 1.305029352337221983e-02 1.259339867425962080e-02 1.248735468334869099e-02 1.336972395153308325e-02 1.226977855245834324e-02 1.255954396552585832e-02 1.380989441450587198e-02 1.419325657604515213e-02 1.238281744314214880e-02 1.348982851589585440e-02 1.306291611174363772e-02 1.307132214079218153e-02 1.233726667585864981e-02 1.295202623093625292e-02 1.287247566080361276e-02 1.299344353135529345e-02 1.251231177860800611e-02 1.197737084607610782e-02 1.298385579032889509e-02 1.198930874829824168e-02 1.308165682369542490e-02 1.353698658334884924e-02 1.356674952698592486e-02 1.279061802893923135e-02 1.262690137763520029e-02 1.321114505528210060e-02 1.270447016999869637e-02 1.257274259586301651e-02 1.179356827318925847e-02 1.340857504834505609e-02 1.323104663045114593e-02 1.336514899320464210e-02 1.222525486026844292e-02 1.194638281513479665e-02 1.315028234610830446e-02 1.268281261963042153e-02 1.217311469756817040e-02 1.271172952406197758e-02 1.272568475657114007e-02 1.295778556560023276e-02 1.246733429875864635e-02 1.273425851853623482e-02 1.482971973141336205e-02 1.201783570934163853e-02 1.206859873630363941e-02 1.385636355210056493e-02 1.281566096359089066e-02 1.346519814143631519e-02 1.227403297256299090e-02 1.238884111937616980e-02 1.365555559589028828e-02 1.134759537406785333e-02 1.310954782188033900e-02 1.366374274333972440e-02 1.325708519495582237e-02 1.301913091319521765e-02 1.357772763150492772e-02 1.261161241769574032e-02 1.325849562736652019e-02 1.331129154266145857e-02 1.300310730933351526e-02 1.316644670769985190e-02 1.326620888648786731e-02 1.248483388069762494e-02 1.260257093683200824e-02 1.367854918241167943e-02 1.251677855507408489e-02 1.269968489485529851e-02 1.326149526090630859e-02 1.367806084310168278e-02 1.220765427525083782e-02 1.166844311021965341e-02 1.345467826547218707e-02 1.318039167749113401e-02 1.255140044022461966e-02 1.290005040527369452e-02 1.262560157113891413e-02 1.260981790328333414e-02 1.398952853525935701e-02 1.242764445744449532e-02 1.297407918956080750e-02 1.251511052851852351e-02 1.316943851265399250e-02 1.228553881218140235e-02 1.256074823886661924e-02 1.220207872907982938e-02 1.230889113438044143e-02 1.259591217198878510e-02 1.223314092722178198e-02 1.318902224246517804e-02 1.203368355549054580e-02 1.266405932624306216e-02 1.325378930863601971e-02 1.349342392133196129e-02
