0.000000000000000000e+00 8.230982752191702556e-03 8.646506438113333790e-03 7.998712680217505422e-03 8.210099956038986041e-03 8.756056463378873375e-03 7.970355351197316168e-03 8.187054300188772310e-03 7.758998089904082900e-03 8.735026148385310885e-03 8.557449586113360929e-03 8.113760855752003356e-03 7.961192374565665558e-03 8.000408615255328107e-03 1.056537362719045178e-02 8.354035871270874131e-03 8.744898947998597238e-03 8.271577680147960965e-03 8.665770569947018123e-03 8.111508072972284378e-03 8.345615211606368516e-03 8.539416784277907568e-03 8.180815943911423985e-03 8.146867459935808534e-03 8.009741752565892325e-03 8.161258421014021616e-03 8.558814851916412073e-03 8.196389455832453486e-03 7.968102249630820699e-03 8.908030263320654285e-03 8.575245832102493249e-03 7.906319450363479343e-03 9.061421238931713015e-03 9.701331582521852473e-03 8.960487046555713764e-03 8.985243790935990710e-03 9.662753359869737796e-03 9.424687767561786000e-03 1.021927150307206864e-02 9.023872314564133912e-03 9.158442564530083416e-03 9.411428083105459474e-03 1.137247478019375209e-02 9.365530837019379537e-03 9.655953219275403496e-03 9.024014184903650024e-03 9.185271292386137931e-03 9.356682149114383881e-03 9.300727357042766832e-03 8.862434270478966244e-03 9.375462286081390553e-03 9.157039111120365144e-03 9.729378718930360020e-03 8.929492676248370481e-03 8.946230458540361391e-03 9.214292325437929004e-03 9.096287789203287566e-03 9.152551702403307482e-03 9.249255345664061240e-03 8.760109952453477497e-03 8.773062179098995925e-03 9.008499714483459916e-03 9.022109136257609741e-03 9.295389275776062832e-03 9.253817324176794035e-03 9.283531303473650104e-03 9.235099940557831358e-03 9.101019466238993716e-03 9.607141704748878644e-03 9.196590963644606098e-03 9.961945207232952848e-03 8.987325001839534602e-03 9.350620073516113795e-03 9.386862944325759239e-03 9.455215662188936818e-03 9.155008739008211466e-03 9.777193316080713681e-03 9.275431700672305546e-03 9.651091748128946476e-03 9.486828207771530116e-03 9.111238530948546216e-03 9.364675540698665784e-03 9.770252748921706004e-03 8.818721350136693796e-03 9.334310545520387720e-03 9.280940224641648709e-03 9.174670635406988531e-03 9.317186824575966406e-03 9.197593139254061842e-03 9.255241773172034198e-03 9.654736753661467136e-03 9.936726727577302118e-03 9.115642245364940360e-03 9.214960292010717161e-03 9.592110473777108737e-03 9.257270119970413547e-03 9.706344514221067199e-03 9.346958398021366562e-03 9.492762690351229382e-03 9.189640964866194542e-03 8.938227378951651286e-03 1.009179128638914430e-02 9.313360148629682908e-03 9.523279490395938213e-03 9.197962478902506692e-03 9.137405327336350219e-03 9.125066312082588324e-03 9.615863374007988310e-03 9.326301462221837577e-03 8.737243493035491346e-03 9.092511356286563790e-03 9.106556113044441889e-03 9.546284962328071763e-03 9.075444064957258541e-03 9.741932439613116765e-03 9.396820874080667393e-03 9.084716850162783547e-03 9.106613498505744878e-03 8.958749697801077563e-03 9.345287443802516303e-03 9.929213683499849702e-03 9.183275693637868789e-03 9.208022659106505220e-03 9.686329132632238992e-03 8.876402702505637246e-03 9.719984148505859609e-03 9.449102945565873019e-03 9.126319877469743491e-03
8.230982752191702556e-03 0.000000000000000000e+00 7.687921130933731209e-03 7.018713043869351069e-03 7.534942700964106406e-03 7.851947481502547649e-03 7.515584317255291115e-03 7.535699394752082454e-03 7.025413868802784373e-03 8.128995575318924416e-03 8.209082702369259466e-03 7.452862606256621496e-03 7.263384129624046205e-03 7.282903169098718828e-03 1.002184931371633350e-02 7.637166648644217251e-03 8.177856058243591214e-03 7.879845035978914197e-03 7.773309778560924879e-03 7.422618544210885308e-03 7.672542311262715332e-03 7.613026799055987344e-03 7.521292136953085759e-03 7.505598965741823794e-03 7.318275808479953945e-03 7.409671770560417176e-03 7.617803735148916816e-03 7.545157041912019247e-03 7.304621461790394843e-03 8.369107997853840117e-03 7.660322031515050777e-03 7.217753264720908751e-03 8.423371871781597242e-03 9.112870928349123614e-03 8.312800669029389578e-03 8.348124306926305721e-03 9.071421021416496699e-03 8.819492935126141409e-03 9.666594901829287170e-03 8.381255254475222793e-03 8.527767514761966025e-03 8.801306911131423841e-03 1.088306252225997375e-02 8.751375941604574299e-03 9.064311897569230989e-03 8.381257778809705558e-03 8.556024088093519206e-03 8.742477586129187087e-03 8.690815949027685602e-03 8.206553442481039767e-03 8.752855480687323636e-03 8.535209001644353255e-03 9.143147708062600645e-03 8.288410887750445599e-03 8.299279838940885196e-03 8.595985045664099669e-03 8.246238609048515966e-03 8.530039169544865671e-03 8.634808145745062613e-03 8.094236808257840310e-03 8.116953180732692369e-03 8.364538020208202654e-03 8.388375110930624060e-03 8.675488375184324877e-03 8.656996325393583741e-03 8.689697564314822001e-03 8.637100648054705371e-03 8.493323613730880892e-03 9.037426668623059142e-03 8.587719459219081766e-03 9.417073372728509278e-03 8.368844441796112130e-03 8.761458158414723793e-03 8.800687216464743445e-03 8.874256091134992419e-03 8.550655277490402939e-03 9.219493268376850736e-03 8.680963117085303132e-03 9.084500495471050166e-03 8.908323992540450112e-03 8.502712993814392703e-03 8.776855236829285423e-03 9.212425647091479139e-03 8.185841034002128494e-03 8.744133866566900989e-03 8.686597806805088778e-03 8.571853689140696703e-03 8.725262077785306963e-03 8.596332100208122981e-03 8.658860718040671187e-03 9.088767387202089168e-03 9.389985483352040682e-03 8.506571513275815177e-03 8.615362294553152375e-03 9.021358740814605995e-03 8.661297369445241853e-03 9.144413943336055645e-03 8.758462168555421201e-03 8.916052580003816508e-03 8.587323094215617084e-03 8.316308684142468058e-03 9.555786638996775773e-03 8.722230101141710545e-03 8.935954234044703182e-03 8.597213693175918825e-03 8.532234309121960319e-03 8.518506848092117709e-03 9.047404893291836545e-03 8.736010855432208358e-03 8.097537742415250941e-03 8.482391109382477618e-03 8.498480438320587388e-03 8.972682404248566099e-03 8.465331080093884200e-03 9.182468983012255850e-03 8.812258660620986631e-03 8.476385352762398628e-03 8.497752784217781769e-03 8.339011895861557153e-03 8.756184285456360128e-03 9.382001168182827963e-03 8.580575827515866602e-03 8.608506996762186822e-03 9.122926517762751028e-03 8.249186595564025545e-03 9.158446738655666788e-03 8.867849844345215837e-03 8.519891016143253323e-03
8.646506438113333790e-03 7.687921130933731209e-03 0.000000000000000000e+00 7.430022211625009719e-03 7.904535041717414973e-03 8.215891219277475857e-03 7.950201355983500112e-03 7.917477901734507398e-03 7.432058037069979965e-03 8.493752005898139862e-03 8.634255840795010406e-03 7.815894989221177508e-03 7.672729089679146582e-03 7.718450395102821084e-03 9.981047249931710580e-03 7.803366448866594016e-03 8.805251129702471036e-03 8.041332899579678103e-03 8.162876638274215932e-03 7.810068103877808136e-03 8.058111080311611274e-03 8.008041830299706190e-03 7.914553648243935480e-03 8.133143374619037844e-03 7.933884525312628888e-03 7.570637984949882791e-03 7.989592559369040892e-03 8.172257238510735947e-03 7.943842314482404965e-03 8.699676030131463234e-03 8.018360094097915641e-03 7.881217742108275262e-03 8.815481851741644240e-03 9.473741548108609647e-03 8.710954492048568476e-03 8.737079259724779903e-03 9.434472986802651048e-03 9.199648737639270352e-03 1.000554540114439311e-02 8.776683782429878233e-03 8.915208014249042037e-03 9.176190161610642271e-03 1.118234370054863556e-02 9.128226636674070804e-03 9.427044472844592349e-03 8.776154766314615482e-03 8.942513159539285453e-03 9.119135780524482288e-03 9.062574205688213314e-03 8.609642094398278073e-03 9.127988797928329387e-03 8.914079144614303271e-03 9.502624362843728467e-03 8.678523463514421776e-03 8.705126439368675653e-03 8.973058518890483434e-03 8.841769842930106982e-03 8.909369994787412483e-03 9.009067317089452728e-03 8.503597251398558113e-03 8.517977257445139352e-03 8.760148364907892685e-03 8.774796036751453948e-03 9.055681251500653089e-03 9.002501236389248013e-03 9.042269214042998951e-03 8.992063258813321261e-03 8.861371028244104803e-03 9.375179546449074336e-03 8.944397221221296254e-03 9.740047800907642231e-03 8.736185894111524880e-03 9.111441569239207491e-03 9.148483374407658311e-03 9.218882652624152060e-03 8.909524887219456152e-03 9.549683726445446982e-03 9.034239574831039871e-03 9.420378948482223402e-03 9.251743351296054518e-03 8.864360588389819454e-03 9.125928064738005052e-03 9.543482967793750354e-03 8.562369124624089056e-03 9.094689840358403943e-03 9.039036746166002542e-03 8.929788197767870792e-03 9.067645657113997809e-03 8.953868747600911976e-03 9.013139385861212646e-03 9.424720119919694980e-03 9.713846614294072146e-03 8.869001558378556554e-03 8.971931927391348441e-03 9.359752896649833204e-03 9.015282787125397310e-03 9.478581823525372707e-03 9.108762415017394865e-03 9.258504547785680397e-03 8.945929503021241014e-03 8.686536751016387878e-03 9.874244790978585484e-03 9.074137848043501223e-03 9.271763963455111404e-03 8.954467514437231337e-03 8.892669557603689531e-03 8.879317371732298875e-03 9.385499623024963489e-03 9.087377381321473310e-03 8.478904080084344319e-03 8.845756077834750555e-03 8.860220479097716609e-03 9.313919229545684908e-03 8.828469533835280048e-03 9.515140426880262098e-03 9.159828574886728567e-03 8.838666064006617945e-03 8.860985649673048040e-03 8.708374927933937651e-03 9.106316329530354109e-03 9.706704525318212567e-03 8.939339090423265369e-03 8.965483118292734768e-03 9.458012868022001515e-03 8.622680183173440580e-03 9.491830533856637428e-03 9.213186907715827795e-03 8.880659346877447721e-03
7.998712680217505422e-03 7.018713043869351069e-03 7.430022211625009719e-03 0.000000000000000000e+00 7.263383942636531324e-03 7.602098607363237670e-03 7.023189275983049776e-03 7.495039397044169459e-03 6.720653357327319687e-03 7.919864518571007733e-03 7.757036396283429822e-03 7.170807220289895229e-03 6.964729858036632429e-03 7.036148952134634905e-03 9.533763829816679566e-03 7.156773845180836729e-03 7.936591683442881934e-03 7.391386784567816753e-03 7.525306113965725581e-03 7.138780978296567839e-03 7.416638962739413934e-03 7.358148303569582785e-03 7.273942908614657726e-03 7.236025583149104622e-03 7.012948793836651547e-03 6.907078250671746904e-03 7.352028205887579590e-03 7.284297532532968585e-03 7.246550993107050628e-03 8.395848320564246181e-03 7.374304234322135408e-03 6.933375766895879568e-03 8.222142131901840137e-03 8.928884025113143982e-03 8.107698750769814361e-03 8.135208649730472225e-03 8.886674150184546012e-03 8.625956106860907871e-03 9.494357174999938295e-03 8.178810372032887036e-03 8.328714368978059127e-03 8.609016351681155269e-03 1.072873187365240566e-02 8.558707673057920629e-03 8.879187516244954961e-03 8.178550542215425045e-03 8.358466237338778998e-03 8.548882654483665883e-03 8.487476496665887979e-03 7.997911937047269548e-03 8.560077361914294677e-03 8.327616308754511032e-03 8.959956160668813147e-03 8.073393725800190671e-03 8.093660720854789839e-03 8.391081576946382917e-03 8.251065209009209381e-03 8.321999280610064761e-03 8.429340757890691621e-03 7.882873081211643623e-03 7.897960070412142139e-03 8.161222742427870144e-03 8.176188891267789638e-03 8.480756854165818689e-03 8.407841300552989713e-03 8.448447292160784702e-03 8.385747072835375571e-03 8.237510573895776358e-03 8.798971844036364287e-03 8.140521606158197809e-03 9.197564149549414605e-03 8.109123325313280853e-03 8.523677752432148175e-03 8.554637309265934395e-03 8.630691041789113199e-03 8.296059175192214627e-03 8.985973769624554588e-03 8.439389355450611918e-03 8.846830896733201555e-03 8.665798965063090803e-03 8.248902488890192883e-03 8.530483311327771018e-03 8.987333701188933432e-03 7.919687511363534757e-03 8.497436396686548765e-03 8.437069703160930689e-03 8.318505752473987977e-03 8.477242316805933334e-03 8.345723202499445367e-03 8.408029793331248808e-03 8.859749045749319360e-03 9.161839671436834698e-03 8.253881534723219934e-03 8.364644884751297471e-03 8.782194004476186894e-03 8.419314399582109379e-03 8.935172198558308590e-03 8.538875762641038453e-03 8.700626396428068690e-03 8.363702225636352253e-03 8.082915601612016693e-03 9.356226129103426339e-03 8.501594228403555956e-03 8.716325364194926414e-03 8.372757128921951009e-03 8.305822945675314997e-03 8.291560407102252853e-03 8.835678500443058109e-03 8.515788398281943714e-03 7.857233841835576868e-03 8.255471421279188954e-03 8.270269357715744410e-03 8.759099684941696468e-03 8.237746660121728765e-03 8.974272569959178963e-03 8.595153307699835571e-03 8.248150513590570346e-03 8.271817511697348441e-03 8.106469825453096328e-03 8.536298395864352906e-03 9.178337651573246700e-03 8.354966004848061317e-03 8.384529170956221342e-03 8.913295625890431395e-03 8.013487252025986579e-03 8.948633250530475813e-03 8.651184349826829961e-03 8.292956936412942612e-03
8.210099956038986041e-03 7.534942700964106406e-03 7.904535041717414973e-03 7.263383942636531324e-03 0.000000000000000000e+00 8.065273644308586926e-03 7.535865934649174994e-03 7.767592842095431827e-03 7.260330663747109094e-03 8.611982038525116054e-03 8.444870532857529088e-03 7.668591935519669320e-03 7.493640947810351234e-03 7.529373806525681972e-03 9.866072058873609149e-03 7.887175598571733587e-03 8.373306942401625985e-03 7.858653378961022451e-03 8.007630377987464201e-03 7.648046409341913154e-03 8.121761583705328774e-03 8.108473710211252378e-03 7.751344367160606028e-03 7.727425138448421570e-03 7.760049693354855935e-03 7.439523443429674025e-03 7.857335475475155789e-03 8.014615243961050253e-03 7.540723920067122360e-03 8.830997484816263676e-03 7.848005247477177551e-03 7.453163869797708313e-03 8.672886596712094109e-03 9.343352010792057433e-03 8.566871202753567616e-03 8.593568931078026524e-03 9.303148558889017330e-03 9.055752228401492410e-03 9.883082482099956809e-03 8.633831854984497928e-03 8.774922866692831322e-03 9.040651829821324745e-03 1.107371083829033001e-02 8.992073099315397652e-03 9.295924469427918960e-03 8.633599194726948589e-03 8.802744269011869571e-03 8.982827054778238021e-03 8.924903216901163353e-03 8.463621152844753512e-03 8.992067945865957895e-03 8.773766722596262890e-03 9.372670920118873067e-03 8.534148534906697142e-03 8.560964150016612748e-03 8.833806887655885898e-03 8.700666538167119504e-03 8.769070555171089992e-03 8.870590476243198769e-03 8.355825081820493841e-03 8.370185268540089943e-03 8.617314829134263901e-03 8.632000997921556937e-03 8.918245327127493488e-03 8.875591437503160819e-03 8.907728922587331358e-03 8.856627791105818603e-03 8.723412380484333109e-03 9.245917810120735450e-03 8.807878711297293522e-03 9.615991272060801787e-03 8.595835124150805542e-03 8.977794054724888562e-03 9.015185084440340349e-03 9.087327509225952282e-03 8.772316614837055021e-03 9.423474507527531546e-03 8.898976893795443321e-03 9.291511463845995161e-03 9.120422922400008361e-03 8.726614764581461237e-03 8.992501397300569146e-03 9.416555426420621100e-03 8.418745581690340041e-03 8.960706434095754708e-03 8.904438104875969651e-03 8.792988421389031153e-03 8.942319486341046217e-03 8.825302759696529789e-03 8.877769225701995920e-03 9.296244268285942455e-03 9.590070111206119852e-03 8.731233737677045886e-03 8.835208704759647119e-03 9.230539029382327579e-03 8.879909271207114124e-03 9.348607704510873348e-03 8.972582364019451515e-03 9.124788061545744192e-03 8.806875188961768575e-03 8.542689020574182127e-03 9.750206138692315422e-03 8.937376077843482008e-03 9.138847188306627525e-03 8.815580479899940911e-03 8.752654693534858352e-03 8.739071680866152686e-03 9.253991114779997612e-03 8.950838746282637273e-03 8.331050157166128636e-03 8.704878819192490846e-03 8.719682473749063717e-03 9.181254709887599896e-03 8.686811986952671510e-03 9.385702675056485644e-03 9.024094839982312738e-03 8.697483531071045423e-03 8.720383243808773471e-03 8.564919760648543115e-03 8.970114277044522258e-03 9.580257280623722185e-03 8.800406292857873569e-03 8.826777054418229532e-03 9.327701505611173463e-03 8.477634347848657381e-03 9.362187096162809599e-03 9.078832205680079093e-03 8.740443218901328137e-03
8.756056463378873375e-03 7.851947481502547649e-03 8.215891219277475857e-03 7.602098607363237670e-03 8.065273644308586926e-03 0.000000000000000000e+00 7.837104727050823311e-03 8.057916517641773232e-03 7.610736473800452755e-03 8.898223653695780042e-03 8.461772465083157099e-03 8.222395179153648911e-03 7.783539815163517325e-03 8.098802436206645888e-03 1.008330211541515892e-02 7.960239571921169308e-03 8.644395663987036391e-03 8.427787699339195013e-03 8.536277091627780117e-03 8.192171997200453984e-03 8.193463035645527984e-03 8.394773211869720891e-03 8.305996183629375113e-03 8.289312652329178591e-03 7.882754465989069009e-03 7.768495847967364122e-03 8.152471441123200144e-03 8.076258566577561998e-03 7.869815602571623298e-03 8.807856317453316430e-03 8.416694850042739928e-03 7.790222286998356796e-03 8.902038914347609050e-03 9.535245865691432954e-03 8.779517162928516735e-03 8.815592040355120854e-03 9.495767761573375987e-03 9.267465905277145685e-03 1.007570740661321330e-02 8.853808085695656638e-03 8.982280787677033446e-03 9.251184949818969105e-03 1.124887412870300557e-02 9.192199677069344890e-03 9.488217429327011621e-03 8.844830967958763196e-03 9.008873732411656204e-03 9.182610450902373503e-03 9.138360188804206530e-03 8.680238390814391108e-03 8.949246564814968344e-03 8.981137031832096135e-03 9.576190366352455366e-03 8.748985971352780250e-03 8.775731649057745207e-03 9.039632468679285188e-03 8.911045896041126096e-03 8.976114992699518388e-03 9.075453858638853413e-03 8.575784514912473261e-03 8.598093982273347091e-03 8.828228439451199852e-03 8.843321659027809228e-03 9.121341509739215939e-03 9.098799943523108030e-03 9.137271544445218704e-03 9.087583183358872996e-03 8.952110792217740295e-03 9.466311453902713849e-03 9.041336490771934020e-03 9.827753789008976046e-03 8.834952773330094489e-03 9.204493224855482547e-03 9.242422982652209740e-03 9.311703540609526930e-03 9.006374919624082764e-03 9.639206268057956897e-03 9.129342125490567950e-03 9.511361435207815393e-03 9.344304793076215268e-03 8.960338023512754227e-03 9.219893340810832519e-03 9.632796009101642076e-03 8.662651476777513682e-03 9.188833902546968135e-03 9.134357139010545329e-03 9.026365392275352562e-03 9.163044383303885557e-03 9.049250006544063904e-03 9.108412332244053208e-03 9.515357864495000220e-03 9.801492779745896514e-03 8.964641496775857185e-03 9.067485039638757682e-03 9.451048028960297789e-03 9.110756706872093214e-03 9.569953561928933039e-03 9.204991019087836387e-03 9.352291878741003997e-03 9.042973675193006697e-03 8.788163327337403588e-03 9.962128243718856510e-03 9.170392026866421714e-03 9.364851212115419404e-03 9.052453612317563209e-03 8.991253474466933890e-03 8.978036153110130480e-03 9.478161963023722103e-03 9.183808747593051602e-03 8.582250750682323195e-03 8.944133422118624721e-03 8.959339664430857747e-03 9.407301837766956359e-03 8.936635089737472726e-03 9.606768894044392243e-03 9.264281910664114508e-03 8.937818126755561060e-03 8.957805218465782898e-03 8.809769804888095690e-03 9.202524776335197637e-03 9.796004109486345854e-03 9.035624700216050853e-03 9.063374145978613655e-03 9.549789710888529834e-03 8.724845658755486094e-03 9.582746336806991644e-03 9.307771011189791555e-03 8.979405898000268962e-03
7.970355351197316168e-03 7.515584317255291115e-03 7.950201355983500112e-03 7.023189275983049776e-03 7.535865934649174994e-03 7.837104727050823311e-03 0.000000000000000000e+00 7.511586887116341107e-03 7.014109368992628261e-03 8.393861560388687568e-03 7.936270125190306515e-03 7.431588533607820513e-03 7.249477792668825374e-03 7.535401420349085999e-03 1.002908000950964752e-02 7.406965705641040988e-03 8.166403551556140200e-03 7.627282155664502974e-03 7.777169095386019838e-03 7.401230973769603975e-03 7.654430404864904884e-03 7.616269180207085529e-03 7.738024532965627825e-03 7.470507558211883330e-03 7.309483841467872244e-03 7.196669295908243377e-03 7.633686760432730443e-03 7.518315724070363804e-03 7.279789799329063060e-03 8.357292913894637590e-03 7.663769613241931157e-03 7.218154840163047703e-03 8.480481036676713533e-03 9.158555874946249648e-03 8.362913981017884579e-03 8.390028920447295535e-03 9.117475209973885386e-03 8.864691680132531088e-03 9.709875892395799374e-03 8.431705906915413704e-03 8.576596061039106628e-03 8.848757993936300081e-03 1.091986657961407925e-02 8.799343754832034820e-03 9.110421685795682886e-03 8.431461133886139492e-03 8.605461131267158614e-03 8.789536682010004598e-03 8.730151034825658213e-03 8.256945710692367713e-03 8.799236846336683238e-03 8.575232412331443635e-03 9.189198545500411319e-03 8.329580349357091490e-03 8.347840288597656658e-03 8.636727562387137153e-03 8.508890779965075021e-03 8.570264700065065994e-03 8.674458756248656921e-03 8.146021746959270296e-03 8.160178760836340681e-03 8.414444474379233901e-03 8.429532107010867178e-03 8.723918258271878487e-03 8.667278716386611973e-03 8.708263373481637051e-03 8.655952458147174455e-03 8.511944290408959488e-03 9.055240254995043300e-03 8.607065732143204251e-03 9.434178933522203644e-03 8.389066752489125409e-03 8.780621803154968485e-03 8.819383013290403583e-03 8.892554821028646542e-03 8.569939133926255878e-03 9.236814313917646527e-03 8.699871842080555973e-03 9.102436657216229562e-03 8.926713488067944749e-03 8.522805358021336153e-03 8.795595689892117194e-03 9.230050888969594178e-03 8.206273628580059570e-03 8.763259075337457432e-03 8.705191101607721513e-03 8.591074683715654164e-03 8.735352988082064132e-03 8.615680311732374849e-03 8.677941699973480000e-03 9.106617368643592225e-03 9.406820977471341480e-03 8.527578208338109853e-03 8.635368015321519264e-03 9.039207707450805027e-03 8.680384137186058710e-03 9.165206546736571341e-03 8.781036103328134987e-03 8.937891014873085294e-03 8.611909729611968989e-03 8.340516200386500004e-03 9.575549553112690238e-03 8.744627559846410159e-03 8.968408127347322553e-03 8.620777379012104294e-03 8.555232028612896195e-03 8.541888764399254916e-03 9.068793055181023285e-03 8.758797931043359186e-03 8.122583636468252294e-03 8.507180771362551561e-03 8.522272495089881425e-03 8.994433645751274964e-03 8.496892300230422801e-03 9.203804870166417545e-03 8.843327844710565169e-03 8.498972601838216887e-03 8.522162030739318869e-03 8.362705956432684579e-03 8.779154919418529976e-03 9.402870812141425963e-03 8.604354861365065901e-03 8.631633306713598630e-03 9.144191332078027701e-03 8.273274829882265938e-03 9.179753097555466007e-03 8.890269739500224200e-03 8.543196812910890808e-03
8.187054300188772310e-03 7.535699394752082454e-03 7.917477901734507398e-03 7.495039397044169459e-03 7.767592842095431827e-03 8.057916517641773232e-03 7.511586887116341107e-03 0.000000000000000000e+00 7.249206038608257442e-03 8.604410406938099373e-03 8.183941919948964361e-03 7.656197513317121450e-03 7.722160754536006207e-03 7.557139660944776384e-03 1.021158756738215802e-02 7.650891302560002168e-03 8.619176186315911578e-03 7.852909437268901574e-03 7.989927666153329514e-03 7.863934842312144888e-03 7.880825378257018746e-03 7.843112687475490771e-03 7.721341137411066521e-03 7.943566276416534622e-03 7.551646192502951480e-03 7.439781465683073178e-03 8.093791516299537331e-03 7.751186006227579403e-03 7.525823798462687522e-03 8.536663072737253610e-03 7.880639989724562769e-03 7.466465810742973878e-03 8.669495513655750898e-03 9.339118878750548441e-03 8.562266758861503818e-03 8.588907628882128456e-03 9.298877194947081579e-03 9.051405857210417447e-03 9.879209347619013343e-03 8.629285186056620191e-03 8.770434769495443622e-03 9.036206055708118426e-03 1.107073286624384555e-02 8.987701918274087695e-03 9.291722683518506207e-03 8.629061869153197700e-03 8.798565126630717576e-03 8.978411744876764813e-03 8.920486808545484078e-03 8.459072189299688543e-03 8.987801844921447167e-03 8.769317610089453346e-03 9.368852036468262867e-03 8.529961626684517614e-03 8.547798758425217275e-03 8.829349320404687382e-03 8.697017434782600143e-03 8.764469337438646895e-03 8.866060619377155727e-03 8.351242568124004478e-03 8.365511962142439459e-03 8.612720783599174187e-03 8.627331875524314742e-03 8.914118026890590837e-03 8.861349558070406862e-03 8.901241644429826183e-03 8.850436981025409933e-03 8.709965469640649355e-03 9.240276378028718096e-03 8.809908881220875759e-03 9.610950714693630714e-03 8.590369414176905055e-03 8.971652108400923753e-03 9.009931237282730460e-03 9.081296001154521777e-03 8.766643454831751434e-03 9.417901458532799627e-03 8.893075545124525666e-03 9.286504554222828334e-03 9.114710335209625508e-03 8.720407390250624682e-03 8.986685359464757772e-03 9.411015816291095487e-03 8.412514430848240174e-03 8.954983054449494953e-03 8.898512235796792597e-03 8.787243110210877020e-03 8.927711341626695316e-03 8.810882974174816251e-03 8.871905178925734714e-03 9.290303943830471867e-03 9.584342723816594370e-03 8.725005712286100848e-03 8.830148200717414381e-03 9.224587840173402442e-03 8.874027855048463934e-03 9.347347739301655259e-03 8.971684332109160220e-03 9.132570075508094146e-03 8.806228548509214757e-03 8.542360451289917472e-03 9.749032384253262379e-03 8.936431995642674098e-03 9.154397760420348099e-03 8.815292171855983183e-03 8.751702374806670168e-03 8.738746217051738055e-03 9.253088440060966424e-03 8.949387364646739507e-03 8.330327000819780225e-03 8.704480064989618404e-03 8.719248964900852550e-03 9.180031138238158722e-03 8.687326448406558835e-03 9.384504262061362304e-03 9.024668699719816389e-03 8.703900155471512926e-03 8.718918626905977631e-03 8.563988550279410389e-03 8.969820377378093929e-03 9.579408155905865668e-03 8.799279310352318625e-03 8.825898190091474235e-03 9.326444367892417625e-03 8.476923520360718847e-03 9.361174192929854268e-03 9.078596230831827152e-03 8.739742753752992310e-03
7.758998089904082900e-03 7.025413868802784373e-03 7.432058037069979965e-03 6.720653357327319687e-03 7.260330663747109094e-03 7.610736473800452755e-03 7.014109368992628261e-03 7.249206038608257442e-03 0.000000000000000000e+00 7.913724397155798285e-03 7.736472106133647324e-03 7.126173935258839527e-03 7.169849232188870401e-03 7.040929995061885778e-03 9.551654133198807586e-03 7.168971047985820723e-03 8.188813582244800632e-03 7.397963722913824744e-03 7.544870551083219384e-03 7.119510678010605026e-03 7.641979841010031714e-03 7.362520035418834534e-03 7.256320356184856046e-03 7.225173009017003822e-03 7.022589277026437468e-03 6.896965279894124931e-03 7.368246539799038972e-03 7.277353930342394563e-03 7.028018604492544154e-03 8.123186427574828963e-03 7.394988538065340455e-03 6.943326881179377394e-03 8.247261167624787837e-03 8.952097631507664743e-03 8.133717053570188593e-03 8.162044707249327055e-03 8.910095612979227961e-03 8.651464279888559580e-03 9.515639828543861339e-03 8.204439204333320232e-03 8.354011879070944238e-03 8.634370516283119273e-03 1.074627728752805718e-02 8.583230344888611446e-03 8.902554298847830186e-03 8.204181511839780255e-03 8.383643090679262361e-03 8.573471788868178289e-03 8.512201932294172907e-03 8.024444232614287575e-03 8.584267577438410915e-03 8.353086397913173783e-03 8.983021221164198822e-03 8.099854894675856051e-03 8.119092265944221135e-03 8.416015339422575764e-03 8.276283676792202740e-03 8.348004573556411581e-03 8.455307833015153832e-03 7.909561482115278971e-03 7.924725354508836000e-03 8.186963538101837620e-03 8.202996761922924651e-03 8.505510233441091958e-03 8.449985933686668046e-03 8.491464599727336152e-03 8.437753346732284471e-03 8.289474415198018128e-03 8.847641302563472379e-03 8.387460899664456876e-03 9.235573121132564442e-03 8.162262291711006035e-03 8.565785294269585501e-03 8.605435082176184081e-03 8.681048044729378424e-03 8.349095015218997023e-03 9.034049873997479149e-03 8.482488027145740350e-03 8.895908471009484134e-03 8.716017208924597623e-03 8.300978253374034083e-03 8.581284638848845139e-03 9.026747090320048211e-03 7.973770088908763848e-03 8.548288788100745494e-03 8.488320794975008285e-03 8.370851738272490350e-03 8.520477866523636090e-03 8.405307660969162098e-03 8.460322514724524443e-03 8.900542971669670941e-03 9.208021566153024029e-03 8.305830608593066725e-03 8.416504267195640612e-03 8.831576878777849804e-03 8.462778892194199390e-03 8.959432655938494305e-03 8.564646757715720440e-03 8.732608274785358740e-03 8.390033088170446504e-03 8.110284165972899209e-03 9.378916829940646752e-03 8.527583371658714259e-03 8.742803932181745369e-03 8.399251864543691784e-03 8.332418721536937259e-03 8.318239487556274708e-03 8.860433163611255644e-03 8.541243385785447437e-03 7.885166066088107953e-03 8.282421014127147249e-03 8.297978545488849528e-03 8.783965363511019378e-03 8.264112916107712800e-03 8.998283951788159721e-03 8.620275287350754462e-03 8.280986251835917300e-03 8.298501420273865850e-03 8.133627800583435527e-03 8.562149422655261286e-03 9.201519040518812281e-03 8.383379436865080400e-03 8.410919150158445781e-03 8.937620704973536431e-03 8.040812414904206090e-03 8.973697894036953074e-03 8.676644917243894403e-03 8.319354151976149706e-03
8.735026148385310885e-03 8.128995575318924416e-03 8.493752005898139862e-03 7.919864518571007733e-03 8.611982038525116054e-03 8.898223653695780042e-03 8.393861560388687568e-03 8.604410406938099373e-03 7.913724397155798285e-03 0.000000000000000000e+00 8.998539880983159531e-03 8.270637464361942082e-03 8.077164031908262015e-03 8.133391381536805853e-03 1.066118231559939726e-02 8.512313689517924178e-03 8.898357266300081780e-03 8.433751934545808543e-03 8.530530233013536995e-03 8.501979430334611482e-03 8.742152705932541151e-03 8.416541369870191372e-03 8.591925793562550998e-03 8.577135679158416626e-03 8.166824299602682552e-03 8.076379116241913514e-03 8.447424659010676143e-03 8.328595341508026120e-03 8.150074486855967207e-03 9.068020146534124665e-03 8.740454949163376300e-03 8.097169467063269552e-03 9.188243796115165563e-03 9.819083437702011072e-03 9.089402921023458787e-03 9.114051216318166254e-03 9.781070405983652294e-03 9.547801531412871898e-03 1.033017113999804698e-02 9.151754736139086979e-03 9.284249342249277157e-03 9.533390883625966761e-03 1.147120753752080106e-02 9.488114015202513477e-03 9.774313783073779183e-03 9.151864843542831945e-03 9.310648459452886688e-03 9.479441288841592914e-03 9.424654471105053596e-03 8.992942802442257036e-03 9.498072931837138466e-03 9.283165338168789318e-03 9.846730814633906925e-03 9.059199090497176143e-03 9.074959116485084229e-03 9.339509999499775658e-03 9.214605661732887948e-03 9.278749828295265040e-03 9.373959558884930807e-03 8.892196568367736337e-03 8.905277788265242647e-03 9.136612363061184100e-03 9.150345341642041747e-03 9.419054427122177525e-03 9.379576801310667705e-03 9.408791950939248902e-03 9.360785998091725527e-03 9.228919974424185796e-03 9.726997410359799340e-03 9.315071395403138471e-03 1.007719061658807203e-02 9.116872200751925323e-03 9.474509605388431108e-03 9.509937142750104697e-03 9.577600232804683866e-03 9.281908599093533635e-03 9.894976211719041376e-03 9.400499903591978679e-03 9.770298379071815781e-03 9.608756789392818021e-03 9.238847586706460877e-03 9.488400362893972817e-03 9.888097536262595300e-03 8.950718328285646799e-03 9.458460847403222377e-03 9.405948933945734031e-03 9.301314230126214722e-03 9.442282439520060730e-03 9.332840235377424382e-03 9.380603089141121079e-03 9.774543891481461688e-03 1.005236117126735718e-02 9.243113454398734635e-03 9.340578796183447718e-03 9.712520681111129831e-03 9.382887821049658295e-03 9.824656286812684033e-03 9.470407634566854055e-03 9.612905751043605493e-03 9.315459134912735389e-03 9.067993602026347064e-03 1.020494139695811778e-02 9.437335647504714597e-03 9.643188070411328264e-03 9.323645880782910345e-03 9.264087545161756726e-03 9.251901311234963024e-03 9.735403862025888283e-03 9.450139804200157617e-03 8.870314786962506248e-03 9.219813222481970660e-03 9.233656198053257630e-03 9.666855846617488160e-03 9.202520990434002665e-03 9.859715331792731977e-03 9.518908083649002191e-03 9.211231772744467652e-03 9.233788468301728711e-03 9.088224754239600245e-03 9.468734295327610809e-03 1.004447125574951978e-02 9.309261051460539921e-03 9.333587066745275065e-03 9.804897468520003961e-03 9.007224777560017548e-03 9.838080034654025224e-03 9.571015397101411207e-03 9.253183173598904243e-03
8.557449586113360929e-03 8.209082702369259466e-03 8.634255840795010406e-03 7.757036396283429822e-03 8.444870532857529088e-03 8.461772465083157099e-03 7.936270125190306515e-03 8.183941919948964361e-03 7.736472106133647324e-03 8.998539880983159531e-03 0.000000000000000000e+00 8.103957880385301293e-03 7.938880364984345420e-03 8.235345075117750380e-03 1.054404603272921306e-02 8.331444594303077586e-03 8.761648289515965374e-03 8.550061795672489126e-03 8.410784949019974727e-03 8.085664910401448024e-03 8.564054221781370810e-03 8.244930639761605812e-03 8.183368644748634582e-03 8.146020270011206446e-03 7.986876697203378755e-03 8.147787341293368651e-03 8.285298313564575315e-03 8.175427787683238814e-03 7.966242782355199836e-03 8.896892480460421443e-03 8.585950283781723993e-03 7.905973950068584735e-03 9.059799722070244199e-03 9.691502057130405717e-03 8.950074741289270122e-03 8.975263063309125988e-03 9.652889712267784250e-03 9.415948571176079029e-03 1.021077343363351909e-02 9.013930547353443679e-03 9.148310166868022647e-03 9.401718979572506324e-03 1.136507055679790608e-02 9.355579120406411556e-03 9.646334399610927146e-03 9.013711911302981633e-03 9.175165002399272504e-03 9.346407726193705148e-03 9.291207830501382187e-03 8.851973500917952042e-03 9.354838322150981975e-03 9.146927595294790034e-03 9.720381622964487447e-03 8.919151961524398459e-03 8.935639224967508593e-03 9.204270859080942307e-03 9.085813022180925375e-03 9.142385504660517637e-03 9.239238479772949111e-03 8.749512867903293592e-03 8.762568543348666500e-03 8.997874597923779388e-03 9.011782286764547303e-03 9.285416473453806871e-03 9.243577496878797872e-03 9.273934426578978041e-03 9.225141151622602564e-03 9.090643850070315168e-03 9.597344660511618331e-03 9.178935984077372587e-03 9.952845656465562560e-03 8.977132686206727372e-03 9.340796805964515781e-03 9.376827992750077362e-03 9.445544684819553657e-03 9.144962610405366413e-03 9.767898553694479707e-03 9.265547640469981583e-03 9.641345999907183911e-03 9.477218544232699632e-03 9.101186598012360809e-03 9.354899587992683910e-03 9.760937218112414326e-03 8.807980683342887460e-03 9.324529535512342607e-03 9.271067106093598340e-03 9.164688045963490654e-03 9.307302434972039226e-03 9.195988431246906666e-03 9.245318386427591947e-03 9.645605134729536359e-03 9.927615509169290808e-03 9.105533509608930431e-03 9.204794310785717124e-03 9.582621332044478218e-03 9.247637848414418105e-03 9.698034238448737659e-03 9.338941318288079829e-03 9.484595660148767426e-03 9.181424345388568969e-03 8.929744974969166041e-03 1.008419404802422467e-02 9.304965430822296352e-03 9.514737546074939281e-03 9.189756862176687996e-03 9.128859388086378590e-03 9.116472613788523943e-03 9.607758538466090389e-03 9.318258820029373668e-03 8.728229151066017877e-03 9.084150322203700390e-03 9.098208681913062465e-03 9.538127241432008477e-03 9.075319737092217218e-03 9.734322286287032389e-03 9.397583307025185809e-03 9.076135227103689085e-03 9.097956054844558507e-03 8.950298446289459142e-03 9.337224876706427812e-03 9.921438000461298840e-03 9.174302933642257754e-03 9.199838111201893293e-03 9.678309530538971653e-03 8.867535559731586775e-03 9.711615143002054473e-03 9.440844332322069488e-03 9.117720447620955224e-03
8.113760855752003356e-03 7.452862606256621496e-03 7.815894989221177508e-03 7.170807220289895229e-03 7.668591935519669320e-03 8.222395179153648911e-03 7.431588533607820513e-03 7.656197513317121450e-03 7.126173935258839527e-03 8.270637464361942082e-03 8.103957880385301293e-03 0.000000000000000000e+00 7.616313571605379772e-03 7.677690441022478121e-03 9.830836208639691376e-03 7.561486134756321628e-03 8.579588021865385342e-03 7.777860599982314854e-03 8.170329209856590919e-03 7.523532701079907112e-03 8.048998137372894227e-03 7.742960673247894186e-03 7.640445579489735760e-03 7.610487969527359418e-03 7.446411826558410260e-03 7.320766470771293728e-03 7.746828928964550123e-03 7.684382159429538166e-03 7.453384749099771327e-03 8.444800633139553508e-03 7.770643196384758103e-03 7.598040158222931634e-03 8.605860124820738713e-03 9.273808017885649263e-03 8.490737891244012556e-03 8.517305214694527102e-03 9.233608419638930295e-03 8.992598963722661654e-03 9.817528390863933946e-03 8.558026225097218470e-03 8.700887339608220916e-03 8.968434049159765623e-03 1.101513138177372640e-02 8.919853064986868474e-03 9.226348784936973593e-03 8.557812003683728380e-03 8.729255939621578461e-03 8.910241840116375073e-03 8.851946948648185473e-03 8.386547553307177258e-03 8.929005743053688299e-03 8.699845661277464531e-03 9.303595011586320018e-03 8.457902208899557156e-03 8.476082782155941811e-03 8.760297029829139381e-03 8.626411348338035995e-03 8.694940866034520099e-03 8.797456436622212717e-03 8.277216605128616053e-03 8.291379881695882734e-03 8.541097035312507357e-03 8.556495741548529946e-03 8.845554022994719240e-03 8.789874565529941924e-03 8.830422292107722657e-03 8.778909548949413374e-03 8.636908782340510515e-03 9.171860134921289848e-03 8.730555237278338557e-03 9.545648113641254720e-03 8.515864204018976785e-03 8.901347467265390001e-03 8.939531998611966249e-03 9.011890655758783911e-03 8.694278701619826202e-03 9.351262698539765036e-03 8.821853756243483793e-03 9.218406068698756922e-03 9.045557902546476001e-03 8.647927136167811099e-03 8.916388371426216958e-03 9.344235656019161951e-03 8.336433300491047707e-03 8.884537602676566281e-03 8.827414697317024009e-03 8.715105283947902418e-03 8.857216546797530218e-03 8.748487473648550172e-03 8.800560070755799463e-03 9.222877106083866502e-03 9.518951200076236283e-03 8.652578325763429432e-03 8.758288642734354812e-03 9.156413522003522404e-03 8.802965447786892036e-03 9.280353569407507122e-03 8.902038732290618039e-03 9.063408650888747642e-03 8.734701907202060966e-03 8.468033495128099788e-03 9.685281523876371548e-03 8.866196739995642687e-03 9.071042112444374639e-03 8.743641997549263592e-03 8.679693083335352985e-03 8.666072899862126144e-03 9.185512700752048246e-03 8.879519519953658901e-03 8.253623708186380928e-03 8.631931785415361894e-03 8.646746658128876342e-03 9.111922802337042021e-03 8.621698634128345876e-03 9.318352317167141741e-03 8.962640325753480630e-03 8.631387599487446577e-03 8.646954151164480337e-03 8.490382905807551672e-03 8.899548130612427305e-03 9.513836080034433415e-03 8.727282037720678412e-03 8.754866491745217499e-03 9.259580055405541160e-03 8.401636886895845480e-03 9.293735354391820594e-03 9.008996645249218657e-03 8.667119188991351253e-03
