0.000000000000000000e+00 9.830247084137464647e-03 9.311930444056667686e-03 9.796770009544295693e-03 9.834494651714337926e-03 9.877227707943334739e-03 1.000620178300763025e-02 9.893554634865868794e-03 9.161841864373982541e-03 9.848904355630974661e-03 9.996230581110772395e-03 9.847138697719210604e-03 9.816968490700017647e-03 9.858113997308681764e-03 1.000988075323964825e-02 9.116876251292791583e-03 9.901539695465588764e-03 9.308366270687519484e-03 9.772995495920248910e-03 9.863591992649738127e-03 9.925135351139596426e-03 9.979469004677303176e-03 9.358391556706299741e-03 9.984807290413873562e-03 9.878746113015776306e-03 1.012149222483464499e-02 9.829096484999598482e-03 9.926637881736199986e-03 9.913121020788695850e-03 9.322071250220461888e-03 9.972897479939173138e-03 9.900554046713626669e-03 9.909309455868844235e-03 9.208646371226066399e-03 9.889831119199304910e-03 1.022515644067245079e-02 9.978401302524149419e-03 9.953342510790136322e-03 9.872191826650176041e-03 9.955726731983848346e-03 9.858324713935797540e-03 9.945528254448136526e-03 1.006262581253901563e-02 9.806267166819903833e-03 9.965967504162573723e-03 9.899207519872409156e-03 9.837166383981344603e-03 9.104373476614253946e-03 9.989138950658310590e-03 1.012896310528948497e-02 9.813950609638188993e-03 9.768268941271899056e-03 9.945945157369486672e-03 9.939878458498684413e-03 1.003575445869987412e-02 9.933191211552935829e-03 9.752155011626177650e-03 9.984668285922156106e-03 9.988961690188147280e-03 1.020411028682951388e-02 9.355213408014876469e-03 1.007827436191734670e-02 9.959924758585581711e-03 9.957435848044282958e-03 9.900636179292883476e-03 1.001476929309568983e-02 9.988448413216933358e-03 1.044366982175697241e-02 1.032709288421035203e-02 1.025379881687881953e-02 1.002105030558492378e-02 1.015214870878895261e-02 1.008478253701199784e-02 1.015677509035387699e-02 1.000427351135388040e-02 1.016428861194669173e-02 1.027409339199837970e-02 1.008997027359416487e-02 1.023756364480711036e-02 1.020083353403174881e-02 1.041767561901514420e-02 1.003129409136709234e-02 1.016571092431331133e-02 9.893579375536143417e-03 1.032005222651050450e-02 1.012939737158414025e-02 1.006578706208816412e-02 1.030339700299004110e-02 1.005953103361874844e-02 1.009373954277252572e-02 1.009407038432397902e-02 1.007896659604820555e-02 1.016028187402018973e-02 1.030745281493351123e-02 9.950297441984955887e-03 1.026182548950411479e-02 1.020058082828034438e-02 1.001274447181038467e-02 1.016418661824725934e-02 1.006525436755240782e-02 1.021735118334458556e-02 9.974255813217598743e-03 1.022031895430173913e-02 1.011101224896843696e-02 9.996012810639800378e-03 1.011286948481118081e-02 1.009410072786703742e-02 1.040491729973748621e-02 1.028095816629386906e-02 1.005719921789339361e-02 1.020995914272606296e-02 1.017081052228295361e-02 1.012913869189034123e-02 1.015838083517142318e-02 1.007999687796640870e-02 1.003828973070897829e-02 1.029220786717492675e-02 1.025299557317120580e-02 1.004244550162347767e-02 1.025566658825873695e-02 1.012095380492200603e-02 1.011380816091686334e-02 1.006411639488820689e-02 1.000172375556332080e-02 1.009657214900301463e-02 1.014326776114690340e-02 1.007137407157730931e-02 1.019845850849717545e-02
9.830247084137464647e-03 0.000000000000000000e+00 9.962689945165657812e-03 9.811214352757545790e-03 9.812902984998463085e-03 9.968384188530269793e-03 9.771743175474337587e-03 9.914154052570137154e-03 9.806755176860816256e-03 9.802158436935768868e-03 8.943438922595475446e-03 1.002136708524402342e-02 9.719575128827212182e-03 9.789229417563525409e-03 9.903027009140488723e-03 9.771132694632263249e-03 9.896892966982234752e-03 9.307419130838354843e-03 9.856784192356684779e-03 8.938674503109077588e-03 9.688643783700500584e-03 9.923040736158515382e-03 9.896027401342939733e-03 9.372660622204376235e-03 9.930187649038531295e-03 1.001533858165123449e-02 9.721385514490312255e-03 9.803706678044437142e-03 9.271880004902853870e-03 9.903319575319480261e-03 9.816230958307151089e-03 9.981260622282045816e-03 9.898171979951108854e-03 9.913484146594445101e-03 9.704316055971447252e-03 1.011036719544720734e-02 9.924333931968482014e-03 9.934668232428646439e-03 9.824280905846860534e-03 9.960243276616645089e-03 9.815864057255780512e-03 1.009302853303880969e-02 1.000537315487031939e-02 9.931622166018474335e-03 9.861750124158477626e-03 9.846313123358022348e-03 9.810828122958621320e-03 9.890262547453530784e-03 9.932074136972520936e-03 1.007363780920653672e-02 9.709927882094881654e-03 9.730802137092436563e-03 9.870441736855861681e-03 9.128972014789774395e-03 9.974858608644873725e-03 1.001356627721647005e-02 9.827090678745748972e-03 9.963489685436220655e-03 9.845007161189996484e-03 1.017076683642779283e-02 9.935400604947649747e-03 9.889431392315012684e-03 9.972828932005224287e-03 1.002830308141267925e-02 9.867806871836836899e-03 9.928303981410075904e-03 9.874452812807837238e-03 1.036807074247570425e-02 1.023908606692029710e-02 1.021783264372037002e-02 9.928230111475731118e-03 1.005634498393149362e-02 9.980019736408277803e-03 1.007475748509733572e-02 9.891523095406177038e-03 1.006974424249967859e-02 1.019775431703142179e-02 9.985942246396919617e-03 1.014975345920313306e-02 1.011165090160939632e-02 1.034309030134194542e-02 9.924269436325414487e-03 1.006885846118522367e-02 9.774189828270631736e-03 1.023622387359907938e-02 1.003675507461026725e-02 9.960511935334438391e-03 1.022042230628514813e-02 9.969251383342776079e-03 1.000797225262763795e-02 9.982998733968751967e-03 9.992723808539548044e-03 1.005691187499164682e-02 1.024975718696105077e-02 9.753449377444314491e-03 1.016706209486025782e-02 1.010686041101372355e-02 9.899831105833013789e-03 1.007941715521056339e-02 9.970812859452954022e-03 1.015537310224558752e-02 1.003130391223918359e-02 1.012830625455748111e-02 1.002497008898925630e-02 9.901302495952130772e-03 1.000823265220685335e-02 1.001495454324100032e-02 1.037712751067130720e-02 1.019820686592888895e-02 9.952976199644329378e-03 1.013006471447162361e-02 1.006719486728068283e-02 9.997807650326972009e-03 1.007865885310533886e-02 9.968452354049233549e-03 9.949180213613685944e-03 1.022179162864326162e-02 1.018865022968744490e-02 9.935153039263264901e-03 1.017079318020387355e-02 1.002362273081951888e-02 1.001058040420455680e-02 9.964371141146829980e-03 9.906885671457850082e-03 1.000891964249056576e-02 1.009706896113990449e-02 9.971254377097629740e-03 1.013728961004074954e-02
9.311930444056667686e-03 9.962689945165657812e-03 0.000000000000000000e+00 9.253541922093804634e-03 1.014687177202716790e-02 9.318854468247169884e-03 1.008518925022114897e-02 9.866702699784733396e-03 9.172408388498642928e-03 1.007312326164533367e-02 1.011701484721969080e-02 9.977403253749366277e-03 9.974079860945082865e-03 9.292045794261948391e-03 1.012418602031282810e-02 9.983910294913600839e-03 1.003303016692861510e-02 9.387823804397493060e-03 9.995762075304127567e-03 1.014776648957886086e-02 1.001717619859932885e-02 1.005610126419231171e-02 1.001215533861397715e-02 1.013236719216218176e-02 9.376383383087683390e-03 1.022824821353888330e-02 9.729196590374982259e-03 9.420218373836115877e-03 9.281742372937721447e-03 1.006129579165906257e-02 1.013970971050311143e-02 1.000371190544100189e-02 1.014827237048754500e-02 1.012164385514963648e-02 1.001607009477826181e-02 1.037011454413334921e-02 1.003280976901168436e-02 1.017210586473867896e-02 1.004592932817565017e-02 1.001249542362540185e-02 1.010333196385907253e-02 9.548623675181586862e-03 1.018492754559281906e-02 1.016602398287973046e-02 1.021294854001970551e-02 1.010304357324024772e-02 9.311491923549944719e-03 1.001212489914407242e-02 1.016016429567829712e-02 1.022794118133952927e-02 1.004062517856671791e-02 9.982645601885407893e-03 1.007830678149525955e-02 1.013671782186361531e-02 1.021990524367565566e-02 1.014298617976259684e-02 1.009383408567437503e-02 1.008402244173875646e-02 1.012955061018539112e-02 1.024952556075574804e-02 1.005161171883169578e-02 1.020370300155492779e-02 1.017410613493753210e-02 1.016462454810340178e-02 9.352480265471641019e-03 1.013843384621007475e-02 1.015237946637913800e-02 1.047560111593287199e-02 1.038929574714047774e-02 9.826205794580445893e-03 1.015604270792613666e-02 1.027437869687180573e-02 1.022001864544820789e-02 1.024372785963494938e-02 1.015752704176540663e-02 1.030714382397086848e-02 1.037046990804294487e-02 1.021688262129095276e-02 1.030090314774610542e-02 1.032044482316842211e-02 1.046410990371273754e-02 1.017773886743134244e-02 1.028878184650898128e-02 9.939258823051189129e-03 1.037714193140830063e-02 1.019373953368484832e-02 1.016884889117009028e-02 1.038244537284734557e-02 1.021223786613713845e-02 1.013932606469696365e-02 1.025065853791589862e-02 1.011098877152407337e-02 1.021826327469774545e-02 1.030972004595885963e-02 9.961260866024047173e-03 1.035444060185701856e-02 1.035272445787305956e-02 1.017984523717636522e-02 1.029139823742930386e-02 1.020472824662255543e-02 1.034288174128174947e-02 1.027196288768517270e-02 1.033261672417359195e-02 1.023935974800090770e-02 1.019433207109836023e-02 1.025166983930815914e-02 1.019929266795663834e-02 1.055458487486874569e-02 1.038791978027302568e-02 1.016807026395384790e-02 1.035744140387827653e-02 1.029498008300986159e-02 1.020352309244920014e-02 1.033016747960168596e-02 1.022559403436945971e-02 1.021501728058955144e-02 1.039511166655897496e-02 1.038762439834105267e-02 1.019685534842926754e-02 1.039087981198613155e-02 1.024374237380671487e-02 1.018191118057545398e-02 1.020845533357742085e-02 1.010947771061860602e-02 1.023292981517339231e-02 1.023520541666525160e-02 1.021695381310691424e-02 1.025815237316810014e-02
9.796770009544295693e-03 9.811214352757545790e-03 9.253541922093804634e-03 0.000000000000000000e+00 9.897045083539059498e-03 9.230242640803387397e-03 9.882462830905847442e-03 9.105913764608303956e-03 9.669087343807673124e-03 9.790640382959073934e-03 9.936509219427311010e-03 9.887230873267387546e-03 9.749440082601193089e-03 9.721143994996912785e-03 9.951855083038956690e-03 9.803919051692941075e-03 9.105204622135982043e-03 9.999677394614173154e-03 9.840324101455032862e-03 9.884838008859175504e-03 9.768919884947869364e-03 9.735904361723635506e-03 9.241012343081578609e-03 1.002855229638189433e-02 9.824402194808963540e-03 9.950785012524665518e-03 9.664090538758784293e-03 9.774442848034968143e-03 9.283743400922634184e-03 9.900237598742415990e-03 9.977608191815132144e-03 9.124053766855752534e-03 9.981085510113138146e-03 9.976621916108856930e-03 9.833273666031261406e-03 1.023570434695241643e-02 9.265733129014821351e-03 1.002185999909118753e-02 9.876474842198107798e-03 9.991542558565390947e-03 9.905320386379250219e-03 1.006850040703664503e-02 1.004583384513737902e-02 9.929458456700920518e-03 1.003177482351968845e-02 9.901737547151023139e-03 9.814923360762343313e-03 9.944533028286255474e-03 1.004915583354700458e-02 1.010963082777559599e-02 9.910840571409512342e-03 9.810107139854088582e-03 9.958929881647267390e-03 9.992532304410909824e-03 1.003236134541425455e-02 1.006504588083791119e-02 9.915607778376920103e-03 9.942115380802038840e-03 9.941341472798780401e-03 1.029467826516466955e-02 1.000242609309981955e-02 1.008032973907356696e-02 1.005230127345287452e-02 1.009394655696638742e-02 9.794751119219319291e-03 9.970092030226994362e-03 9.941410752008571217e-03 1.038777059641264079e-02 1.027607956344989311e-02 1.020524586511824434e-02 9.901556407220806280e-03 1.010301879713230121e-02 1.003496570563125467e-02 1.010270305499269723e-02 9.945641483744906836e-03 1.004724535633700656e-02 1.022539293361218217e-02 1.004067866826874322e-02 1.017807636351529370e-02 1.014539412089025469e-02 1.036062822801287267e-02 9.986392606925454524e-03 1.010772377673002480e-02 9.825099350484074387e-03 1.026749327995789794e-02 1.007259752280350099e-02 1.001286127068908710e-02 1.025308968613343474e-02 1.000871910361193252e-02 1.003817184726442380e-02 1.003573914786265280e-02 9.963903355804619791e-03 1.009961580394806539e-02 1.028601960211383663e-02 9.865030853460788479e-03 1.020466726852441511e-02 1.014186259509712584e-02 9.964301816099769421e-03 1.005715762369349849e-02 1.001497235725124293e-02 1.012113880422410572e-02 1.006929275876907413e-02 1.016166681486444998e-02 1.007056533772195464e-02 9.964646681844734066e-03 1.004925649679399430e-02 1.005860163568902434e-02 1.040431464525105702e-02 1.022889966556027146e-02 9.998874349870987693e-03 1.016976964237820136e-02 1.011337019738442304e-02 1.003173467116290005e-02 1.013486891657184794e-02 1.001426096697669021e-02 1.000537004410549831e-02 1.018268761763707272e-02 1.020271638349255251e-02 9.981063528795925538e-03 1.021257905196257254e-02 1.005929758133811136e-02 1.004698601182890672e-02 1.000091281816212208e-02 9.946854165227801692e-03 1.010089693643703539e-02 1.006853173924588014e-02 1.003012815865892728e-02 1.009959565504048133e-02
9.834494651714337926e-03 9.812902984998463085e-03 1.014687177202716790e-02 9.897045083539059498e-03 0.000000000000000000e+00 1.008179850617848747e-02 9.925494810137559451e-03 1.005517901674477486e-02 9.923513190271052511e-03 9.804951756702064841e-03 9.879556054996248282e-03 1.005788819359757121e-02 9.746410644980385563e-03 1.000406926116825107e-02 9.931476603471562498e-03 9.891874578715134994e-03 9.969025391770008210e-03 1.009596521430109091e-02 9.120785257627175846e-03 9.170271908429131202e-03 9.846807244512166546e-03 1.000367376057842601e-02 9.904342846890588914e-03 1.010087560377485177e-02 1.003431533113969751e-02 1.004104006167115537e-02 9.959033162833670974e-03 1.006762515141555389e-02 1.006500361460356194e-02 9.261623652133097601e-03 9.904809321365266525e-03 1.001573673933066691e-02 9.948835164899097472e-03 9.151948076645767885e-03 9.885856436533172614e-03 9.367130252403807478e-03 9.251770984793978442e-03 9.946362618679071774e-03 9.853967056970247898e-03 9.971499338289646283e-03 9.871920402557750329e-03 1.001671273513075888e-02 9.281263877109638058e-03 9.820851746121272638e-03 9.762810640012394015e-03 9.803168428599427775e-03 9.794534008026330174e-03 9.927728109423739414e-03 9.885304059953152825e-03 1.005980740824728367e-02 9.906843790536749156e-03 9.749054773715737365e-03 9.039572446492510557e-03 9.927144437518761397e-03 1.000437091031577963e-02 1.005300531044714570e-02 9.818220315368084844e-03 9.894116154356338150e-03 9.819114601395836223e-03 1.021584110515881896e-02 1.009486940849992249e-02 9.973534944731233393e-03 9.949333090276053435e-03 9.981285169193110374e-03 9.960111292504958413e-03 9.992702402856783531e-03 9.965911457506757345e-03 1.043133684830548948e-02 1.030981634721533924e-02 1.029863251572995901e-02 1.000703478736547462e-02 1.012601922566483403e-02 1.006703201505227026e-02 1.013681105793112595e-02 9.977161215689920801e-03 1.014829157265537130e-02 1.020549772299093362e-02 1.006023255021515003e-02 1.022271344166830048e-02 1.018860542075714429e-02 1.040996822223771816e-02 9.880700406975719691e-03 1.013867971818638129e-02 9.880379494347319921e-03 1.029552219334701341e-02 1.011450381395417181e-02 1.004439427556316072e-02 1.029457959198453593e-02 1.004836773895554508e-02 1.008085958519011095e-02 1.007245548911556154e-02 1.008312186064427331e-02 1.015001383340877542e-02 1.032220903118538473e-02 9.952556039610543567e-03 1.023011448565971232e-02 1.018296337415676781e-02 9.989291740925681021e-03 1.016485198096715378e-02 1.004708027772027376e-02 1.016298799149246805e-02 1.002949616700943465e-02 1.020576183180011212e-02 1.008845054834513373e-02 9.986903377631785317e-03 1.009702718562255873e-02 1.002233536099651247e-02 1.045057629892032908e-02 1.026120081002532790e-02 1.003852834175467980e-02 1.020104511740974745e-02 1.015827477375967798e-02 1.012772710923574154e-02 1.015742026275402547e-02 1.006153569553849304e-02 1.003007058648148347e-02 1.028720100410589026e-02 1.024351593149196334e-02 1.002826685434795445e-02 1.022544695954593665e-02 1.010112534254440156e-02 1.010284717305987533e-02 1.004917420349176437e-02 1.000031414720489037e-02 1.013871565460102223e-02 1.016833752650053539e-02 1.005660334828679600e-02 1.019545920841280484e-02
9.877227707943334739e-03 9.968384188530269793e-03 9.318854468247169884e-03 9.230242640803387397e-03 1.008179850617848747e-02 0.000000000000000000e+00 1.002171893536824530e-02 9.870115352933486741e-03 9.278812984578985179e-03 9.946685192626442823e-03 9.978400944206730280e-03 9.871716831961585559e-03 9.977848533888843824e-03 9.925334686718809488e-03 1.002096199647727233e-02 9.340289038595963114e-03 9.926525711495760157e-03 1.005294803005217855e-02 9.937277641924433316e-03 9.965563116233382493e-03 9.359913943702270062e-03 9.993148583531879375e-03 9.935462334087156316e-03 9.997479534727677156e-03 9.928352050885682484e-03 9.614821488092130039e-03 9.284013923779411287e-03 9.945931003063361933e-03 9.851282319040323074e-03 1.010822236088312724e-02 1.002425134807014007e-02 9.948660353070858803e-03 1.009366401772576922e-02 1.010736425074375798e-02 9.242827077142912184e-03 1.022707058495490179e-02 1.005063630663837783e-02 1.001037329139551138e-02 1.000708391684737575e-02 1.005542080862374503e-02 9.993402472025958438e-03 1.020203201584126210e-02 1.007082564314907593e-02 1.008482648676660952e-02 1.013829490464055599e-02 1.004534348392222345e-02 9.964904245202056698e-03 1.000620284929028270e-02 1.007042589692905103e-02 9.546657818286003253e-03 1.002242274846469605e-02 9.976270686427143181e-03 1.007862116254582691e-02 1.004076162817972920e-02 1.010630288284151100e-02 1.011512095205028931e-02 1.005107652600984065e-02 1.000400930497519908e-02 1.010284696334173837e-02 1.035306358402102167e-02 1.014796011324709674e-02 1.017966424059951226e-02 1.003261728724809572e-02 1.019707606257376498e-02 9.240614231733388848e-03 1.009173406515702365e-02 1.007834524747601955e-02 1.041082221240754828e-02 1.035964155315237216e-02 1.023323656311518094e-02 1.003232797790061005e-02 1.020253949079200778e-02 1.015410061403582143e-02 1.020832633210674856e-02 1.002877307639561504e-02 1.021303676542247366e-02 1.030569197541188198e-02 1.015103430221250130e-02 1.022160627979340486e-02 1.019856602149792069e-02 1.043216628600533713e-02 1.010525025370812360e-02 1.022421408188491782e-02 9.949430238810541213e-03 1.034795542500508911e-02 1.010875221985379178e-02 1.013286582942267422e-02 1.033722621091479922e-02 1.006568960381860542e-02 1.001634328488690794e-02 1.017193593206697395e-02 9.475906388798610580e-03 1.020892974051673327e-02 1.029786014342703830e-02 1.002954305051729361e-02 1.030382274480502736e-02 1.025079615847478316e-02 1.009000514260711447e-02 1.021316717654809948e-02 1.012608465115797003e-02 1.024792006152919210e-02 1.008887467972351820e-02 1.025117199537161836e-02 1.017212528469596186e-02 1.009071018897022415e-02 1.016690597234377359e-02 1.017090052023625520e-02 1.044559070456608195e-02 1.027818088246268587e-02 1.010816658147639831e-02 1.022436946999628546e-02 1.016051367360728402e-02 1.010633101516885367e-02 1.023376723254502095e-02 1.010089006989918492e-02 1.011135151865004411e-02 1.027469345965052912e-02 1.027213650272946338e-02 1.010796678507464019e-02 1.025414567776020656e-02 1.016052555793364905e-02 9.992138488051761566e-03 1.011054504953438557e-02 1.002641105121663233e-02 1.019667026087095821e-02 9.580218637495580350e-03 1.013016859788415554e-02 1.025245023873628224e-02
1.000620178300763025e-02 9.771743175474337587e-03 1.008518925022114897e-02 9.882462830905847442e-03 9.925494810137559451e-03 1.002171893536824530e-02 0.000000000000000000e+00 9.868822889114095900e-03 9.882761449375101689e-03 9.846511370810313510e-03 9.079535090697209848e-03 9.997492543492794356e-03 9.773429259671648911e-03 9.832281832420323650e-03 9.973799304435615812e-03 9.949684409591055823e-03 9.865749902502276084e-03 1.011075839819893483e-02 9.909806728231050285e-03 9.850413602807488525e-03 9.860562079168576008e-03 9.184494392464548351e-03 9.926336440091398233e-03 9.325129170367553108e-03 9.343497465555421558e-03 9.172515572632761530e-03 9.863172748245441213e-03 9.813386730589200579e-03 1.002733601040758232e-02 9.963271111065947344e-03 9.199454111687885641e-03 9.994738917328603242e-03 1.002486022888063669e-02 1.003416973456397118e-02 9.887320505897870260e-03 1.013023539828191918e-02 9.253304017301290998e-03 1.002111268665414542e-02 9.867880886724795034e-03 9.987704007938181389e-03 9.901176229980011845e-03 1.005273922209325155e-02 9.957046600939415196e-03 1.004575265033749026e-02 9.920872222524123110e-03 9.919670167905176097e-03 9.939290354074804129e-03 1.000066081195001913e-02 1.009857116977998757e-02 1.011681826641923354e-02 9.971204645220175036e-03 9.819589416834728288e-03 9.996036241974969386e-03 9.958165769980787188e-03 1.008900526340578835e-02 1.006090538409145328e-02 9.916660599409155008e-03 1.004464441791520952e-02 9.968786181236394262e-03 1.022454334584302002e-02 1.006714105193272021e-02 9.430470332877140607e-03 1.005289626225460559e-02 1.008926497095659174e-02 1.001096117106843077e-02 1.006301816857932407e-02 1.002739916148440852e-02 1.046952978769433509e-02 1.035370079390235572e-02 1.033431760376907378e-02 1.005985839566145117e-02 1.017987671772396449e-02 1.010993440153070896e-02 1.019244004282768290e-02 1.003133195356489815e-02 1.018458569726766495e-02 1.030950278316126491e-02 1.012527133446440748e-02 1.027507697955910328e-02 1.022874786742715772e-02 1.039767288244763249e-02 1.004825965422160954e-02 1.019323651232003150e-02 8.988359970444123950e-03 1.034470500695176820e-02 1.016734273466775827e-02 1.009635292853070139e-02 1.034469902236147439e-02 1.010576980227566313e-02 1.013688371353508276e-02 1.012486956751247960e-02 1.012730717723376792e-02 1.008474731706645276e-02 1.036775984104291830e-02 9.992978020800369690e-03 1.029293775377677390e-02 1.023820227120541757e-02 1.003967859713789448e-02 1.019070110926935564e-02 1.010262365081914145e-02 1.026243227784087893e-02 1.017116460652917748e-02 1.025439506978032163e-02 1.014501960557403874e-02 1.005374746085537126e-02 1.014303536858292103e-02 1.013271177469787961e-02 1.048892836434267214e-02 1.031190336366757943e-02 1.009897477447978080e-02 1.024691731263948323e-02 1.020929805531773510e-02 1.016663053486134213e-02 1.021930870510191942e-02 1.003809286243244857e-02 1.009618141584154097e-02 1.032829481272450750e-02 1.030748723411762345e-02 1.008261665361314362e-02 1.029303588099239955e-02 1.014849322114936073e-02 1.015699727495745532e-02 1.010098061995962082e-02 9.985977258418319777e-03 1.018725945483259059e-02 1.020694232369343674e-02 1.011841435905196096e-02 1.024963682425482706e-02
9.893554634865868794e-03 9.914154052570137154e-03 9.866702699784733396e-03 9.105913764608303956e-03 1.005517901674477486e-02 9.870115352933486741e-03 9.868822889114095900e-03 0.000000000000000000e+00 9.175955459841478659e-03 9.913181313213810866e-03 9.975873624966227760e-03 9.738594990425526038e-03 9.879584623768058321e-03 9.823875404364679903e-03 1.001113715326306351e-02 9.890109804192541779e-03 9.821987134514081202e-03 1.006540182084237657e-02 9.894451726097510530e-03 9.992920368966798708e-03 9.908056521279028778e-03 9.312260283415680837e-03 9.294242247448266173e-03 9.398169037306456156e-03 9.241512370824156442e-03 1.006044139593966977e-02 9.158395525072800941e-03 9.155010471571505687e-03 9.836546770385399402e-03 9.948880852099443312e-03 9.872222136994067074e-03 9.259178839386109083e-03 1.007577326140623314e-02 1.010396973084616568e-02 9.940216046484932205e-03 1.024909895594187069e-02 9.951088387946310787e-03 1.004459621683795323e-02 1.000292912894781144e-02 1.011318523177884461e-02 1.000444077663046813e-02 1.024292630114064136e-02 1.008174089175786249e-02 9.971871900612031339e-03 1.013716296069437812e-02 1.006440480562660091e-02 9.997193435131902436e-03 1.005642129664099244e-02 1.007809161967020486e-02 1.015324920591593669e-02 1.002567839888695612e-02 9.939078586919759817e-03 1.007873015214189039e-02 1.007976290861927957e-02 1.013346263104202873e-02 1.004560171121712461e-02 1.003580094069792331e-02 9.429849840906067565e-03 1.003148406944032699e-02 1.026161648624578614e-02 1.007848668573633685e-02 1.011531926872101701e-02 1.014113080650617428e-02 1.013601306261851208e-02 9.961897208366692763e-03 1.009354191836791745e-02 1.007630478084404861e-02 1.048398994263912733e-02 1.038448830329668539e-02 1.034603209408985376e-02 1.002878527837182572e-02 1.020569686371099183e-02 1.015225796105916935e-02 1.015881427015543487e-02 1.007395986431075356e-02 1.021234436246732345e-02 1.032672696896123031e-02 1.016326671494432142e-02 1.029407717053077050e-02 1.024725193011710375e-02 1.039908826031971101e-02 1.009401052024062363e-02 1.021144986716632404e-02 9.955471662530140584e-03 1.036766104844072389e-02 1.018727636998837359e-02 1.014023237859788817e-02 1.034865299401243298e-02 1.012819051018094482e-02 1.016291221810063268e-02 1.016278513581428573e-02 1.013543446367378038e-02 1.016992292896159999e-02 1.038932814838137292e-02 1.003918516448150215e-02 1.031007008612784895e-02 1.020377535314925983e-02 1.008543478642856712e-02 9.576719229958041354e-03 1.012898791971743664e-02 1.021205440023128033e-02 1.019042768939107564e-02 1.026401582583577957e-02 1.016149019602913262e-02 1.008208348639259497e-02 1.011651355168810378e-02 1.011172103359184692e-02 1.042861861189384697e-02 1.033507181098975922e-02 1.011999941165453616e-02 1.021506643279964169e-02 1.022083562110062335e-02 1.016629570119285952e-02 1.024071146675267600e-02 1.014102766024136716e-02 1.012252952459367916e-02 1.026980570253947615e-02 1.025630052236946657e-02 1.005010110373174941e-02 1.030359063138598132e-02 1.011786112375951362e-02 1.016789285841259403e-02 1.006161021975216646e-02 1.000133320819056142e-02 1.020967076541359243e-02 1.018493861902020764e-02 1.014033746996267048e-02 1.025786017640381749e-02
9.161841864373982541e-03 9.806755176860816256e-03 9.172408388498642928e-03 9.669087343807673124e-03 9.923513190271052511e-03 9.278812984578985179e-03 9.882761449375101689e-03 9.175955459841478659e-03 0.000000000000000000e+00 9.875047774119599664e-03 9.976933499082425022e-03 9.325445285062173434e-03 9.825185244659169828e-03 9.829803508956973593e-03 9.952116705178599976e-03 9.740337869639681401e-03 9.905405179978406249e-03 9.894536369018443189e-03 9.257957755533667565e-03 9.963281284005488445e-03 9.817442303476454912e-03 9.862930265947155578e-03 9.831854720312588336e-03 9.409654868527321178e-03 9.141623912670043470e-03 1.009780459205459995e-02 9.651979118585944650e-03 9.675110760899779602e-03 9.303087232172133764e-03 9.771138565484987354e-03 9.921860695761399243e-03 9.877646721747934330e-03 1.001017407375150332e-02 9.965289819542375374e-03 9.813751252002423167e-03 1.019357397270815799e-02 9.939066729470721548e-03 1.001839148533321608e-02 9.915032544091964897e-03 9.938613299664361689e-03 9.937718463029996188e-03 1.005457348582995507e-02 1.007416951447382206e-02 9.997520296654929112e-03 1.006243619828176006e-02 1.000471162579633956e-02 9.864587716795122571e-03 9.863133131968864278e-03 1.006041717884393304e-02 1.001805090516796545e-02 9.942013712662529229e-03 9.847822194430297382e-03 9.959976066873101400e-03 9.965667181663291282e-03 1.003128152648494371e-02 1.000773999322950372e-02 9.938856671828418671e-03 9.926098794675763948e-03 9.978552107072101093e-03 1.024779307067573419e-02 9.936220305282317602e-03 9.997193128101143980e-03 1.005578412008504771e-02 9.569744488195639984e-03 9.848211873326160465e-03 9.994348979000408639e-03 1.000838042213442886e-02 1.042681308401391047e-02 1.032569455001330211e-02 1.023978536254697806e-02 1.001431335781150650e-02 1.014652175290351593e-02 1.009662304500876483e-02 1.011823365112498804e-02 1.000762453997629947e-02 1.016988402382601811e-02 1.022298565349943032e-02 1.010274354195027889e-02 1.023349569300810100e-02 1.019691740808096117e-02 1.035637406555201499e-02 1.003335566809726229e-02 1.015718849501468131e-02 9.905092849928312515e-03 1.031324417464781103e-02 1.012223805819797637e-02 1.007147197174146531e-02 1.031102565401997156e-02 1.007581435219913508e-02 1.008784185270870590e-02 1.010798486676569609e-02 1.003455746883012006e-02 1.015493910581375878e-02 1.032069596434287070e-02 9.924953040182352484e-03 1.025814203762076028e-02 1.021245023385086714e-02 1.003000770329029109e-02 1.011485678326085567e-02 1.007823052098425799e-02 1.023362341573977839e-02 1.012276512332138147e-02 1.022106420555372007e-02 1.011797905821939375e-02 1.003476229697520747e-02 1.011294420276692869e-02 1.005085170678587589e-02 1.043282218424394434e-02 1.028376554444448976e-02 1.007278041513023394e-02 1.021575367559829882e-02 1.017243647106439060e-02 1.009103177971684348e-02 1.019498752102560371e-02 1.008714888739053843e-02 1.007051984215396809e-02 1.028635249606851300e-02 1.026858813237251956e-02 1.005377516895059574e-02 1.026928866969435347e-02 1.010924356540075959e-02 1.011077830123164982e-02 1.007072712227386618e-02 9.947244435807372012e-03 1.015208529882560655e-02 1.007602259456019320e-02 1.008976946243675746e-02 1.021886522732960365e-02
9.848904355630974661e-03 9.802158436935768868e-03 1.007312326164533367e-02 9.790640382959073934e-03 9.804951756702064841e-03 9.946685192626442823e-03 9.846511370810313510e-03 9.913181313213810866e-03 9.875047774119599664e-03 0.000000000000000000e+00 9.830636012705154872e-03 1.005795638701497199e-02 9.782524344789341950e-03 9.915108532978772829e-03 9.008157434101356567e-03 9.898973668819243191e-03 9.748408289800607196e-03 1.001897479243779934e-02 9.799017222206609160e-03 9.832470640321319677e-03 9.756421773927144089e-03 9.889378361060938843e-03 9.182460992627350035e-03 1.014525095781633121e-02 9.867622501885225592e-03 9.221213170687145647e-03 9.858102232948933244e-03 9.956925878095566895e-03 1.006680803859614885e-02 1.001763211119906238e-02 9.865738419806292792e-03 9.972277005643008507e-03 9.884989328285600368e-03 9.889508959683747380e-03 9.820638212876695028e-03 9.938216923360150210e-03 9.893171042531685722e-03 9.946363767518623042e-03 9.856088708748995952e-03 1.002095207018246538e-02 9.808882683154218629e-03 1.007420594421397191e-02 9.179608181793355234e-03 9.844615775171365601e-03 9.923387098849394475e-03 9.758935287453470581e-03 9.732442518630701755e-03 9.849122729494919418e-03 9.952839442733474665e-03 1.006518842018002020e-02 9.820416621875346572e-03 9.734134623719832916e-03 9.796099219572371522e-03 9.859525252998845024e-03 9.900185884135014047e-03 9.999378422277792333e-03 9.826918607638518086e-03 9.878785923908667624e-03 9.868798020432535678e-03 1.020833891345474496e-02 9.992211675911801330e-03 1.009035240855503390e-02 9.961843437609722504e-03 9.431502733161145971e-03 9.834658829330544805e-03 9.825095188685616446e-03 9.828651227844879129e-03 1.025534744117149663e-02 1.017015000840238229e-02 1.017239862641274029e-02 9.876281537345736258e-03 9.918069106060791937e-03 9.926207102846657665e-03 9.969665435453068519e-03 9.838225429815153009e-03 9.998663741252253670e-03 1.013463570367729646e-02 9.928680299496865300e-03 1.009364597645474523e-02 1.005767940627796779e-02 1.027903088879999170e-02 9.796512789078930944e-03 9.999564905486054908e-03 9.699215034100859903e-03 1.017652730923499817e-02 9.969954329571824314e-03 9.899204450520454265e-03 1.015500007562039793e-02 9.905484531285936242e-03 9.962409749982447868e-03 9.929380979073847840e-03 9.947196915086621224e-03 1.000581822385023141e-02 1.021311109210681044e-02 9.781237080869354533e-03 1.009996114993214934e-02 1.003641630444599385e-02 9.743921246579023698e-03 1.000986195030600760e-02 9.850426506233092572e-03 9.980008056862953864e-03 9.930548356268392371e-03 9.931587104386727094e-03 9.939811602714359109e-03 9.844507272153423666e-03 9.892732864139896359e-03 9.961617152625343655e-03 1.031787077209424426e-02 1.006900094297418294e-02 9.892352320701248633e-03 9.993630445243418398e-03 1.001409225501931344e-02 9.987526298483623277e-03 1.001697895372545728e-02 9.842935063999306428e-03 9.882621960976388162e-03 1.016795566237043390e-02 1.004408063298471883e-02 9.890963518332426471e-03 1.012228908230676516e-02 9.962569757472906559e-03 9.961953558609943846e-03 9.906296947588249385e-03 9.840182284439464439e-03 9.930905459289263160e-03 1.003152797530559338e-02 9.922920704249361956e-03 9.339368861574192868e-03
9.996230581110772395e-03 8.943438922595475446e-03 1.011701484721969080e-02 9.936509219427311010e-03 9.879556054996248282e-03 9.978400944206730280e-03 9.079535090697209848e-03 9.975873624966227760e-03 9.976933499082425022e-03 9.830636012705154872e-03 0.000000000000000000e+00 1.008161959156833251e-02 9.900448459971327581e-03 9.990535480186562428e-03 9.937450115851068771e-03 9.917123334600026416e-03 9.941067429540966643e-03 1.008093913172791560e-02 9.828669145371522059e-03 8.972909402066278975e-03 9.100931200309447452e-03 9.882273842101338759e-03 9.735916087109670880e-03 9.908176110725726640e-03 9.929792453946852115e-03 9.294154502523934575e-03 9.824406053111252313e-03 9.282768293787536235e-03 9.917978926422670385e-03 1.002046288087125002e-02 9.157937172934985451e-03 1.008611827425213471e-02 1.003448443852356445e-02 9.967519278169146776e-03 9.929151537659859986e-03 1.011924175955579257e-02 9.970160427622274876e-03 1.006916956672172618e-02 9.917746159488689470e-03 1.014939468980856699e-02 9.883476814697833915e-03 1.022779398048680698e-02 9.977506573548421132e-03 1.002209115600455336e-02 9.281090545166306716e-03 9.869959886175857719e-03 9.945959271504798554e-03 1.002643536532401951e-02 1.009528542060648439e-02 1.019158974186689000e-02 9.956112677365501831e-03 9.872193118006302240e-03 9.926009846148314136e-03 9.883319318191216216e-03 1.009319362298730788e-02 1.013515865380767121e-02 9.962521381301962450e-03 1.006715156528332697e-02 9.916006763235188370e-03 1.033337582673812469e-02 1.014357044418042614e-02 9.928270139958547680e-03 1.005115066427335509e-02 1.020660585842010637e-02 9.990378669132812806e-03 1.005964602225267214e-02 1.001035926497901955e-02 1.047363429713075479e-02 1.035220519735773927e-02 1.033804104962270792e-02 1.005676706320177485e-02 1.017080542065721023e-02 1.010639450681390453e-02 1.019684201981872068e-02 1.002257876866128120e-02 1.017521706488993746e-02 1.030062194286215753e-02 1.011104624553889678e-02 1.026826852154613841e-02 1.022235312835150824e-02 1.044249946004272879e-02 1.003223516924071912e-02 1.018285749126114810e-02 9.773155259459999009e-03 1.034800717589221333e-02 1.015813754303161731e-02 1.008380988176166802e-02 1.033459080747311555e-02 1.009421074356511502e-02 1.013162534826831870e-02 1.010970275068195229e-02 1.011440966237594878e-02 1.017136603045819959e-02 1.037486141498884275e-02 9.984513043132190943e-03 1.028373660526517470e-02 1.021869632386181517e-02 1.001959546853792814e-02 1.019370439764195890e-02 1.009508180609038942e-02 1.025336237236722757e-02 1.014777912186152174e-02 1.024194867041041714e-02 1.014647678733618212e-02 1.003200946290710646e-02 1.012964385723198746e-02 1.007019988331123682e-02 1.048396955421479482e-02 1.030318120473352160e-02 1.007584015977583923e-02 1.023308610210782281e-02 1.018436426704445209e-02 1.015434483837054230e-02 1.019805584857242167e-02 1.003411651047090083e-02 1.007679711053861490e-02 1.033690887562681293e-02 1.029722892875114051e-02 1.006263271143356501e-02 1.022604569407805503e-02 1.014633239188090022e-02 1.006982355243852059e-02 1.008359588373482739e-02 1.002172619626807461e-02 1.015974459133609994e-02 1.019080986808756743e-02 1.008634342165281618e-02 1.024646176730328699e-02
9.847138697719210604e-03 1.002136708524402342e-02 9.977403253749366277e-03 9.887230873267387546e-03 1.005788819359757121e-02 9.871716831961585559e-03 9.997492543492794356e-03 9.738594990425526038e-03 9.325445285062173434e-03 1.005795638701497199e-02 1.008161959156833251e-02 0.000000000000000000e+00 9.971406252067244180e-03 9.954574560162935890e-03 1.010308459244396717e-02 9.328906616513230748e-03 9.344026102125585834e-03 9.990618623325212347e-03 9.990513312787968614e-03 1.002887660556918067e-02 1.009048471177866751e-02 9.880301971988223603e-03 1.007356307575798214e-02 9.877588185710856061e-03 9.356233539754853917e-03 1.015493819117022946e-02 9.297488402566328816e-03 9.389136163103635815e-03 9.894764746817854423e-03 9.444839574654773431e-03 9.982854935169219179e-03 9.321095695791977581e-03 9.999067481884522240e-03 1.010716648400085405e-02 9.969837027419629558e-03 1.013275967641817134e-02 1.010513058638452810e-02 9.851056369300496829e-03 1.004984507390962838e-02 1.003077004980656647e-02 9.867235443588546345e-03 1.014381490584215055e-02 1.002021501578767917e-02 1.000270613369178690e-02 1.010294200752155126e-02 9.999019087939745379e-03 1.001822750165296504e-02 1.000801589817185491e-02 1.002533483925609377e-02 9.599745550342183090e-03 1.000427119438830094e-02 9.886778559450051101e-03 1.010818579026134638e-02 1.002187758797969119e-02 1.014973660504913527e-02 9.892062562604312173e-03 9.975374791293671606e-03 9.409533879719329807e-03 1.005506694220113274e-02 9.640926299557799756e-03 9.479967407927185688e-03 9.514252977684370047e-03 1.012181949266024311e-02 1.013880132006342652e-02 1.003597322305315766e-02 1.016276706448818352e-02 1.016206496479544336e-02 1.054142563931895725e-02 1.045491088589572265e-02 1.041794256432623106e-02 1.012085859809893837e-02 1.028115898540021486e-02 1.023270352931284627e-02 1.028362246817001932e-02 1.011026312255381907e-02 1.022930558637448646e-02 1.040323807908486754e-02 1.024488800822036423e-02 1.037248314594899079e-02 1.026973399034591256e-02 1.047045413952127531e-02 1.016273778381883430e-02 1.029350509805851063e-02 1.005785939995502629e-02 1.044064858243979980e-02 1.026225148133289196e-02 1.023170223686800141e-02 1.041694023150475414e-02 1.020257386798500976e-02 1.022556478839422439e-02 1.024457285934843309e-02 1.021309469191138825e-02 1.029804405410741572e-02 1.042029701263314477e-02 1.010046477430021766e-02 1.036945246770603485e-02 1.031471884205484302e-02 1.016415423792230502e-02 1.026391875784751599e-02 1.019580490166366316e-02 1.025527951180744100e-02 1.014626136528020556e-02 1.033053871654020066e-02 1.017806795876462916e-02 1.015877077391001346e-02 1.022989155041559642e-02 1.017455776785900802e-02 1.044498132885278083e-02 1.033109227003339674e-02 1.020192448101274636e-02 1.026955789366812942e-02 1.024886619124807524e-02 1.022814138774721070e-02 1.029753588980655658e-02 1.021321801239640642e-02 1.018854820821208859e-02 1.034095885461342769e-02 1.031609418280691852e-02 1.018442591964249799e-02 1.031119836859996364e-02 1.023939967173856380e-02 1.020706144746677362e-02 1.018875279338413500e-02 1.005008401248057640e-02 1.026425783693536882e-02 9.679555041959084921e-03 1.021260227797147861e-02 1.026147394379767382e-02
