0.000000000000000000e+00 8.800763842480383708e-03 8.301274927443810098e-03 8.523763163641843305e-03 8.838400885247630137e-03 7.960207216772733838e-03 8.682116180674392253e-03 8.673123762020893898e-03 8.328407886190741793e-03 9.074477426109332778e-03 8.746550672307180918e-03 8.331888856811993718e-03 8.259645667453701171e-03 8.347439856656122675e-03 8.158483416324496806e-03 8.524418867540937278e-03 8.554696880531547504e-03 8.690945752179086645e-03 8.674011463817814585e-03 8.564634615621312397e-03 8.773144194200666046e-03 8.137052807756455994e-03 7.840780139477046551e-03 9.086076007384924491e-03 9.634738469428139052e-03 8.140772687797349569e-03 8.283578515564644570e-03 8.804260027163200025e-03 8.681862146725671803e-03 8.505969530734170531e-03 8.682797448336034007e-03 9.152985412040673049e-03 9.711800616885283774e-03 9.349509764451074262e-03 9.777434859384190324e-03 1.004110683529200673e-02 9.818885004383763604e-03 9.999619710333394057e-03 9.567995362151292607e-03 9.525096777102752196e-03 9.846907579111248768e-03 9.915689823446368484e-03 9.209193061185633883e-03 9.311005521622350151e-03 9.593864617758894944e-03 9.703280807136730607e-03 9.750190803141399465e-03 9.772242188790841028e-03 9.511640111403596443e-03 9.516914312091586531e-03 9.226190583346508683e-03 9.480303034164659637e-03 9.303294591369809172e-03 1.105636890728867172e-02 9.322562871272107796e-03 9.691395772078266121e-03 1.057627404962896943e-02 9.443028633885845735e-03 9.614456127559052254e-03 1.001864351631486308e-02 9.537176633696407488e-03 9.215638940100336074e-03 9.707256399831516031e-03 9.287999034678974877e-03 9.350684590354207959e-03 9.572622508400793068e-03 9.580474836300435434e-03 9.982740243452657702e-03 1.040411656765149670e-02 9.649475142489890786e-03 9.074274467591774557e-03 9.751961249238270610e-03 9.499917964207373750e-03 9.418542780552379909e-03 9.359166278709285178e-03 1.060538844661990630e-02 9.575692474928293105e-03 1.000626335374055730e-02 9.644872012134150102e-03 9.716996160960684331e-03 9.903747611768978429e-03 9.872914655118603458e-03 9.593387750167171532e-03 9.869701696232420496e-03 9.325124354585654848e-03 9.634581131400851706e-03 9.670772243169221960e-03 9.712463600532272520e-03 1.006292730017394402e-02 9.516116107636364910e-03 9.898119268588856379e-03 9.478299600519079701e-03 9.502815306692228431e-03 1.002881581042295613e-02 9.402982866369704110e-03 9.903094284274858300e-03 9.703169825296825007e-03 9.488336630189945359e-03 9.867666869039679392e-03 1.031916128220109787e-02 9.869731699682367243e-03 9.823241002908877917e-03 9.388010167453910565e-03 9.734765355136985182e-03 1.048576416667122702e-02 9.974187114494673101e-03 9.962345163515439958e-03 1.039694721185479946e-02 9.396961158736238245e-03 9.582888581397797437e-03 9.324888107833162465e-03 1.022090095776471627e-02 9.701272677935624672e-03 9.495559496788390577e-03 9.821396219827981805e-03 1.014707640945021125e-02 1.022517342721829432e-02 9.682963422192041036e-03 1.029597572146709154e-02 1.006582266644718074e-02 1.030231084981663922e-02 1.004610597951098409e-02 9.398276871651378359e-03 9.693310230476669120e-03 9.418112535576020350e-03 9.259756671677553050e-03 9.898566071249550666e-03 9.496893908687605371e-03
8.800763842480383708e-03 0.000000000000000000e+00 8.038560456172979748e-03 8.534469368114191296e-03 8.567082521804342959e-03 7.708270595593271456e-03 8.440594581272492861e-03 8.415656835702929259e-03 8.057252121897211933e-03 8.567901642534203957e-03 8.230051986627901286e-03 8.065439675720539187e-03 8.023593751639320967e-03 8.067949130137003211e-03 7.883362017790574230e-03 8.536901192516573381e-03 8.333148981449458453e-03 8.414114135450101103e-03 8.687105124520085736e-03 8.040358394031200950e-03 8.276448544987827921e-03 7.871714266729461576e-03 7.773981245692118680e-03 8.805531979922506108e-03 9.136448508258877832e-03 7.873244735808554440e-03 8.027885720748355325e-03 8.275305224504625121e-03 8.425747371625569651e-03 8.254509790834680880e-03 8.437730261751076599e-03 8.904479003875141394e-03 9.503689581213406457e-03 9.132226168731256630e-03 9.561235003352996226e-03 9.841074028531491408e-03 9.613525492639872841e-03 9.798553110031978097e-03 9.366068260321599309e-03 9.312194410182200038e-03 9.643236979638600617e-03 9.712787993349880286e-03 8.994939704130962277e-03 9.092716365730319980e-03 9.383190452976536075e-03 9.495394219544636694e-03 9.543671389926773260e-03 9.573392379188971901e-03 9.298959802685042436e-03 9.304042381633650244e-03 9.006174876941117416e-03 9.267171098949700259e-03 9.084968075826298922e-03 1.087764437244950581e-02 9.104575904353021457e-03 9.483396221474838308e-03 1.038784791341123073e-02 9.228593227464308019e-03 9.404434621456996685e-03 9.818091576529819689e-03 9.324770588097325633e-03 8.994486254416480392e-03 9.499742854121922750e-03 9.078315702390465231e-03 9.130243147492132783e-03 9.357735634605868560e-03 9.366320368743614663e-03 9.779763714042349898e-03 1.020885233407815493e-02 9.436964506988809384e-03 8.836831325363465189e-03 9.541749655360486776e-03 9.283102070260455113e-03 9.199441160261319014e-03 9.145621279989210248e-03 1.041476485547138987e-02 9.369144756691320103e-03 9.802981980380667815e-03 9.432261667370395869e-03 9.507227140494322812e-03 9.697037687435121345e-03 9.656155513494127027e-03 9.379146738247462825e-03 9.662552414217531402e-03 9.103258939511056982e-03 9.421386607834389068e-03 9.458186489545146111e-03 9.501772586461412762e-03 9.860031265948570461e-03 9.299805082586177010e-03 9.691423160705470857e-03 9.260424695581295426e-03 9.276784619558386957e-03 9.825432918094862550e-03 9.183906135885279085e-03 9.697482210809727637e-03 9.491940456695338590e-03 9.272711692463334390e-03 9.660808414523162219e-03 1.012322655557587776e-02 9.664284354551279377e-03 9.615410130965599059e-03 9.178008871623601073e-03 9.524576571199079231e-03 1.029331079319881735e-02 9.770019897400564896e-03 9.757559220084735876e-03 1.020212939991243899e-02 9.169113175964306930e-03 9.368779268164571100e-03 9.104263058496341043e-03 1.002349404291009820e-02 9.491031725110296927e-03 9.279840800617410179e-03 9.613178954116565270e-03 9.947325926599312820e-03 1.002751729501636518e-02 9.472217281512564785e-03 1.009890102343316901e-02 9.863948911595667862e-03 1.010572803488779536e-02 9.844794126958393912e-03 9.171161074111809294e-03 9.482188069774456080e-03 9.200486680319558408e-03 9.037123882876292244e-03 9.693154416889603400e-03 9.280569773786419285e-03
8.301274927443810098e-03 8.038560456172979748e-03 0.000000000000000000e+00 8.283759639036802555e-03 8.309014443908213990e-03 7.422015822977637116e-03 8.209789889882640121e-03 8.173089483321840584e-03 7.798291331866242550e-03 8.319737975898416557e-03 8.226226966412411579e-03 7.804479241051493453e-03 7.986968357399393606e-03 7.577388686968720630e-03 7.624648205075693769e-03 8.024163065883086268e-03 8.053346557389713667e-03 8.214895390913742185e-03 8.200299248182512171e-03 7.778593158559837448e-03 8.274618606998936435e-03 7.590503836426120386e-03 7.287605463552815008e-03 8.339013933294696021e-03 8.921701160265863711e-03 7.596816014779588302e-03 7.763860947996411438e-03 8.027887005687522545e-03 8.437881341804428018e-03 7.993099322122786815e-03 8.195678573691510607e-03 8.693299601072842359e-03 9.294285036589891927e-03 8.912404300723089298e-03 9.352953017674026093e-03 9.639704057410596050e-03 9.406804439634392639e-03 9.596372265795731493e-03 9.143703738760451671e-03 9.097286311401607192e-03 9.436563777522347096e-03 9.508234202223360410e-03 8.764507358355407354e-03 8.871512073720432337e-03 9.170018198525111547e-03 9.285430431028991044e-03 9.334504391135969512e-03 9.358442628244138806e-03 9.083733531642509615e-03 9.088549502751064324e-03 8.782110230147561689e-03 9.050670998407912143e-03 8.863342430744476294e-03 1.069729170980396327e-02 8.883711586859705661e-03 9.272902829150702492e-03 1.019844312935942222e-02 9.011645164591340976e-03 9.191814831907419228e-03 9.615975461925441170e-03 9.110668414636025753e-03 8.770707535676984523e-03 9.289448850419280632e-03 8.856588694157578948e-03 8.914150736705466621e-03 9.148639857724785371e-03 9.157449298398023102e-03 9.588660561807696436e-03 1.001932598902618640e-02 9.229173462087040744e-03 8.620734339441583904e-03 9.336593591833239336e-03 9.071295145561476120e-03 8.985408006361465458e-03 8.923538473885351055e-03 1.022918238295433303e-02 9.152274224331168398e-03 9.604419705649307540e-03 9.224343464430054609e-03 9.300654724320324418e-03 9.496561771711075836e-03 9.462830205732178021e-03 9.169913259399269448e-03 9.460725704988088430e-03 8.886783699930006844e-03 9.213252641999947895e-03 9.251968678489489589e-03 9.295319030235817126e-03 9.663216358595912159e-03 9.088461460312941345e-03 9.490256193730657250e-03 9.048931204810631637e-03 9.073754206610709291e-03 9.627467311236096587e-03 8.969411788462409996e-03 9.495921573054292436e-03 9.285891961352136029e-03 9.068526312983566512e-03 9.458689597359326226e-03 9.931362837618543105e-03 9.470898080551187412e-03 9.412257550213472268e-03 8.955168991528685007e-03 9.319092067290094678e-03 1.010442803909104154e-02 9.570676817777548986e-03 9.558399544578988216e-03 1.001207898563692515e-02 8.954244763791642872e-03 9.159002141211507186e-03 8.887857628206985439e-03 9.829306030065244892e-03 9.284378897427527505e-03 9.067737505725972577e-03 9.410523824275372415e-03 9.751618124929195552e-03 9.833845822559377295e-03 9.265577575235071917e-03 9.906871284018840818e-03 9.667031810295793545e-03 9.913846848636083744e-03 9.646945591134294812e-03 8.964285171804722147e-03 9.275916532472228138e-03 8.994174817250340931e-03 8.818801405084564227e-03 9.491641090214204476e-03 9.068722893751308620e-03
8.523763163641843305e-03 8.534469368114191296e-03 8.283759639036802555e-03 0.000000000000000000e+00 8.249076045021751236e-03 7.656965918069802424e-03 8.413103864946756480e-03 8.655035111187734526e-03 8.286344372666192351e-03 8.516594186412602963e-03 8.177747103246729710e-03 8.040523060365822525e-03 7.998505790264190396e-03 7.806963440960869478e-03 7.840518496004962243e-03 8.256276396042016782e-03 8.271229357694743350e-03 8.444738215132337536e-03 8.646900071162111692e-03 8.296580624953470498e-03 8.221506654693892802e-03 7.819733349361816105e-03 7.526768032323061415e-03 8.533238651899819130e-03 9.428597724944504099e-03 7.845662090295383792e-03 7.962822000306313611e-03 8.227911778447611138e-03 8.412943831298799746e-03 8.497941416029405545e-03 8.392155654674195164e-03 9.173782442652959543e-03 9.423551910622871008e-03 9.047986113282771234e-03 9.480033487345293150e-03 9.771690037310707885e-03 9.544207935445558552e-03 9.740626879895020185e-03 9.284976814950461621e-03 9.238427033912239780e-03 9.563186998499961095e-03 9.643040153186715341e-03 8.903198431171399987e-03 9.007746791855387319e-03 9.300645119849742723e-03 9.413390181022050426e-03 9.472129048619028213e-03 9.485756319049283222e-03 9.224939077273180618e-03 9.229698007553594624e-03 8.920057567845912985e-03 9.183964861231437918e-03 9.000076715499559857e-03 1.080809418375282618e-02 9.019388419257571080e-03 9.402122005597115389e-03 1.031500581993807786e-02 9.146513317966944653e-03 9.322883013491198301e-03 9.729813704104446972e-03 9.254228405579309480e-03 8.908510860733329789e-03 9.426777671033607919e-03 8.763384634049424873e-03 9.072606268523608283e-03 9.300355003631922621e-03 9.309789230107870864e-03 9.725335323984615060e-03 1.015855112382944674e-02 9.380746232565673887e-03 8.776981523019760853e-03 9.486796678574145256e-03 9.225783644701961508e-03 9.141639366377839540e-03 9.081636383240287297e-03 1.036465236278310935e-02 9.305849309709948378e-03 9.739153671918151720e-03 9.376184434468201948e-03 9.449063823065475751e-03 9.643303820850535751e-03 9.601907655448112255e-03 9.321553066905114912e-03 9.608009084163305485e-03 9.044063312421850298e-03 9.364128122661413353e-03 9.403017650463354679e-03 9.444876513764329309e-03 9.806955815145436406e-03 9.242083281985662147e-03 9.636509365293895527e-03 9.204065356167794032e-03 9.220397921777307229e-03 9.772144762958619862e-03 9.125355267229002740e-03 9.642343060598891624e-03 9.439831153880376413e-03 9.219560791372019906e-03 9.609878825765945723e-03 1.007506146390640435e-02 9.613682966036415922e-03 9.564047006772198253e-03 9.122712003777098261e-03 9.472728237753540517e-03 1.024612439139153952e-02 9.719448925444136578e-03 9.707072134915294831e-03 1.015522547071574626e-02 9.115150152890237611e-03 9.315843024041129197e-03 9.048081314934676780e-03 9.974531098508055901e-03 9.438167084834936729e-03 9.227551302455581916e-03 9.561846791798370507e-03 9.898104722169138309e-03 9.979677526055915140e-03 9.419446800903034586e-03 1.005060397802040595e-02 9.814026956461507217e-03 1.005746547952915577e-02 9.795135724901050597e-03 9.116725807022748110e-03 9.430024403667943214e-03 9.146909350035455424e-03 8.982206220250192608e-03 9.642423865280407014e-03 9.227093527980881685e-03
8.838400885247630137e-03 8.567082521804342959e-03 8.309014443908213990e-03 8.249076045021751236e-03 0.000000000000000000e+00 7.940414903188908885e-03 8.455496340961521015e-03 8.446883722835264383e-03 8.302837940970985570e-03 8.538762014920544055e-03 8.206694914079879985e-03 8.090161497184590600e-03 8.024307446560236326e-03 7.840641554505124733e-03 7.888815358510282635e-03 8.277130490411220912e-03 8.557405598913912087e-03 8.476867629924556002e-03 8.438747345209163253e-03 8.071570349402730840e-03 8.277790819103032077e-03 7.870124527685321697e-03 7.565857605825740753e-03 8.577425324754089572e-03 9.167854884403556920e-03 7.907673526105260531e-03 8.022201727851072453e-03 8.254280532736397655e-03 8.687496413429082048e-03 8.522070750877264525e-03 8.445267086540411347e-03 9.195626609761026540e-03 9.471605908067091267e-03 9.087430022566967899e-03 9.528901789611691348e-03 9.798573730289581937e-03 9.571785688027689698e-03 9.776603573262638777e-03 9.312579235350398540e-03 9.277188934572121529e-03 9.598615399153610783e-03 9.679860277126689852e-03 8.952149813123184627e-03 9.058216125416381284e-03 9.348382343294468072e-03 9.451481483124335101e-03 9.499156540284147202e-03 9.522341602759509110e-03 9.265137669030804393e-03 9.270189094958488848e-03 8.968590186075302978e-03 9.221264996061889069e-03 9.037999361639903473e-03 1.083971006214571112e-02 9.067939111581786032e-03 9.439101358551067397e-03 1.034824172596001020e-02 9.203469837185378893e-03 9.371193063743751481e-03 9.511870681790299958e-03 9.291106727876008095e-03 8.948387963598368119e-03 9.454703429257459504e-03 9.023028241597322655e-03 9.112663980165476574e-03 9.339483189581282083e-03 9.347946897902009028e-03 9.750327121566940147e-03 1.019333887067803458e-02 9.418894278099167530e-03 8.817729327610017084e-03 9.524616226557586565e-03 9.265119834344368380e-03 9.181392921321711656e-03 9.120779342881076696e-03 1.039903071237080652e-02 9.344347439762621527e-03 9.784601919721542390e-03 9.414447029500996530e-03 9.487657777020305772e-03 9.679965275720178036e-03 9.639073302961816830e-03 9.360741733196209155e-03 9.645149208040387431e-03 9.084326460092681174e-03 9.403223424572981423e-03 9.441431145736397038e-03 9.483544518925244790e-03 9.843160940814462898e-03 9.281002620123934843e-03 9.673662081756241940e-03 9.242855088813981684e-03 9.258676424869846308e-03 9.808601134617806611e-03 9.164496193358807538e-03 9.679012021672407651e-03 9.480801365087223112e-03 9.260736159407598547e-03 9.649396668385190265e-03 1.011249046099217674e-02 9.651971445979557612e-03 9.604089350486670618e-03 9.155777742896973465e-03 9.513224312714795711e-03 1.028239265283781984e-02 9.758404454966498540e-03 9.746325567868080811e-03 1.019262434827743723e-02 9.163827152706634921e-03 9.356835730441799906e-03 9.090552887936510784e-03 1.002158092050947288e-02 9.477598090108370690e-03 9.269009888871292471e-03 9.602200611658180673e-03 9.935818055611809335e-03 1.001779376524133611e-02 9.459220180807418471e-03 1.008831341343633878e-02 9.852511406725822721e-03 1.009447314634496010e-02 9.841639305574670718e-03 9.166855313884439069e-03 9.470358390205369653e-03 9.188445922027617396e-03 9.024854904809547287e-03 9.681560261741188264e-03 9.268731452025483555e-03
7.960207216772733838e-03 7.708270595593271456e-03 7.422015822977637116e-03 7.656965918069802424e-03 7.940414903188908885e-03 0.000000000000000000e+00 7.866393145566504333e-03 7.846750923726256502e-03 7.656614041171263402e-03 7.988090488224837069e-03 7.824219592561456812e-03 7.441940224565323121e-03 7.371663848021492958e-03 7.191048544386310568e-03 7.234062133802246497e-03 7.690264484229173726e-03 7.696225223907410089e-03 7.891709620794218338e-03 7.857019162291390205e-03 7.658529667458802495e-03 7.665894261342860033e-03 7.194347922893152766e-03 6.868543524260626622e-03 8.005062724790453638e-03 8.889189522629225085e-03 7.206532812048442246e-03 7.386647269928073474e-03 7.658961897488331637e-03 7.860080682889267895e-03 7.660109681448320530e-03 7.860620647508032022e-03 8.390798216028325096e-03 8.911768821758063105e-03 8.510991610776400679e-03 8.976213835135419400e-03 9.272778515023368320e-03 9.037997672884648045e-03 9.238972564706564305e-03 8.764308241352963824e-03 8.705969658454142807e-03 9.069996316191519456e-03 9.136122856943387771e-03 8.355412263240297177e-03 8.469217955050555371e-03 8.781862259031264842e-03 8.902704885213486713e-03 8.954562026928385848e-03 8.989804139326760743e-03 8.693582646819937934e-03 8.696294269923535158e-03 8.376129480894422760e-03 8.656545568454590556e-03 8.467014865545094068e-03 1.037155364643315217e-02 8.480716901053573023e-03 8.896344643448699310e-03 9.855238709098282368e-03 8.419322446917967828e-03 8.812552597944263086e-03 9.258849997085753791e-03 8.722376415977844619e-03 8.368813239398307721e-03 8.907494988916972792e-03 8.446993823031096263e-03 8.537825258581143231e-03 8.779888309363223856e-03 8.785636775032757903e-03 9.234499826071098857e-03 9.690263295312393638e-03 8.866254071950650795e-03 8.228126147800067861e-03 8.978809079058302361e-03 8.701162703860822190e-03 8.611133094726605014e-03 8.547389237491527167e-03 9.907628339601824013e-03 8.785937001026193627e-03 9.257239146222909221e-03 8.861099345413793807e-03 8.931807036422566293e-03 9.144496644913169964e-03 9.111436860309483909e-03 8.804131469239114341e-03 9.108197744695784373e-03 8.507128950407049153e-03 8.849106562540787202e-03 8.890102447081124279e-03 8.935040390020743128e-03 9.319527398888591621e-03 8.718766798579462296e-03 9.138339135808025079e-03 8.679398184651932260e-03 8.703748662747333442e-03 9.282711976717690147e-03 8.593653061470779564e-03 9.144141439086999126e-03 8.870904671426142751e-03 8.638797498383818732e-03 9.062463915893763378e-03 9.555786180374661529e-03 9.077223809585000316e-03 9.004169607665084285e-03 8.526982961713351974e-03 8.906266036445138062e-03 9.727910801059469828e-03 9.180878572735804918e-03 9.156672270624183901e-03 9.635762195349145687e-03 8.338644903611846029e-03 8.746501742812945110e-03 8.451560773621481434e-03 9.462932810560764629e-03 8.886904817475562227e-03 8.646533162739576672e-03 9.001466070263239305e-03 9.360149248683261383e-03 9.449183654901103721e-03 8.867465079339933651e-03 9.521818695777638231e-03 9.282034772391299995e-03 9.538900382562888816e-03 9.040525708439410210e-03 8.536056931348167190e-03 8.869970043834963028e-03 8.560399765092189042e-03 8.384500806704423340e-03 9.108465493864114151e-03 8.642783585143625630e-03
8.682116180674392253e-03 8.440594581272492861e-03 8.209789889882640121e-03 8.413103864946756480e-03 8.455496340961521015e-03 7.866393145566504333e-03 0.000000000000000000e+00 8.550982063008990761e-03 8.225888400751215843e-03 8.967125095504220253e-03 8.630882477283491686e-03 8.219821983616202796e-03 8.139428036440660152e-03 8.011531827700826836e-03 8.265399113760809463e-03 8.394445533726932820e-03 8.441730975358698041e-03 8.572525759446426863e-03 8.825114998905519287e-03 8.219503700381410385e-03 8.419870757795502869e-03 8.256018588039754427e-03 7.726311455646283320e-03 8.980444968672545575e-03 9.237648905526940971e-03 8.254707808496004537e-03 8.414074168396498687e-03 8.415215146596861581e-03 8.565544772423843226e-03 8.650403932914245073e-03 8.542529330965690712e-03 9.313870237062477422e-03 9.611910498033877578e-03 9.245450252474677125e-03 9.678189105157844474e-03 9.944095708361232536e-03 9.719259237091592077e-03 9.903583537550933111e-03 9.475874910645753699e-03 9.423001474818240575e-03 9.748737398083195255e-03 9.817954066071743827e-03 9.103006822406506035e-03 9.214301025878217366e-03 9.493240625193983401e-03 9.603668160436742984e-03 9.650524475054869308e-03 9.673177309451158959e-03 9.417515374208405149e-03 9.415041198304210587e-03 9.120278355953921612e-03 9.377933277207950793e-03 9.198568422883617729e-03 1.096949835027601072e-02 9.218491346378563517e-03 9.590238770168724863e-03 1.048562227000470089e-02 9.341177390215905582e-03 9.514136593618582535e-03 9.912117921660483846e-03 9.445547834482061894e-03 9.109443945698939352e-03 9.607092331123784010e-03 9.191365928335880342e-03 9.252895194657901473e-03 9.469038564641256428e-03 9.474613901426062051e-03 9.884559924876407458e-03 1.031037396019735854e-02 9.547383089679407561e-03 8.965017908633670513e-03 9.651169412067174894e-03 9.395978479746772832e-03 9.313800017184596311e-03 9.254083717617819088e-03 1.051419917493543951e-02 9.471955074147461393e-03 9.908608193656090468e-03 9.542974276536584505e-03 9.616011721800059656e-03 9.803961800225484760e-03 9.773582618581171805e-03 9.490724370005943281e-03 9.770315681848671177e-03 9.219258633837894637e-03 9.532667822461746154e-03 9.576441993559474050e-03 9.611309251182765731e-03 9.965425364392693081e-03 9.412681065271792311e-03 9.799362556251928896e-03 9.381764299960409711e-03 9.399176800147276967e-03 9.931364627708315698e-03 9.297871273500587716e-03 9.804100555125594418e-03 9.571532434681848459e-03 9.354966992247642707e-03 9.737949051070669479e-03 1.019651261938814626e-02 9.751581590013063197e-03 9.693464913779474557e-03 9.262590829166982703e-03 9.603372418800985855e-03 1.037373741595014852e-02 9.845871470393360511e-03 9.842738675768201995e-03 1.028542836859873064e-02 9.252826242908157583e-03 9.449543216102520779e-03 9.188199590565219316e-03 1.010718886359012261e-02 9.570528891790669110e-03 9.135535865557382895e-03 9.691715163634758573e-03 1.002163317662240274e-02 1.011043038396136629e-02 9.552692135184117153e-03 1.017161107809805981e-02 9.948932765252646582e-03 1.017943817483328572e-02 9.921463958691758081e-03 9.272054193631321106e-03 9.562136295636245245e-03 9.292488960827216191e-03 9.129372175122831348e-03 9.778936881102222659e-03 9.361848486945774372e-03
8.673123762020893898e-03 8.415656835702929259e-03 8.173089483321840584e-03 8.655035111187734526e-03 8.446883722835264383e-03 7.846750923726256502e-03 8.550982063008990761e-03 0.000000000000000000e+00 8.180922976919443104e-03 8.654864095532998139e-03 8.357035270384231135e-03 8.183522295700910304e-03 8.159960409472406459e-03 7.987091781995737244e-03 8.255568497623249485e-03 8.419092945968428138e-03 8.725233318873461263e-03 8.558470368430447922e-03 8.820695374041334288e-03 8.184184435681224334e-03 8.646671955249677841e-03 8.211362539635062158e-03 7.716904210107923372e-03 8.673232894623570874e-03 9.530484898198011284e-03 7.997628752086071921e-03 8.391367727611395017e-03 8.379798624330711196e-03 8.544069116991339849e-03 8.374629941562348676e-03 8.796772612470219951e-03 9.013673837737781747e-03 9.612584186649727330e-03 9.245753583975873519e-03 9.667806357758771535e-03 9.944915448854405385e-03 9.720404369662118821e-03 9.902519920122849692e-03 9.476512623308520553e-03 9.422671852118914143e-03 9.749495344781641121e-03 9.818728002636296220e-03 9.104322682247253246e-03 9.213612267542848483e-03 9.493588331734267513e-03 9.604032612134456165e-03 9.650644212026899399e-03 9.673460577748224307e-03 9.417900919579662300e-03 9.415089308364115242e-03 9.130307835010620376e-03 9.378298829348810303e-03 9.198868508641894898e-03 1.097013098379942368e-02 9.218777440019913783e-03 9.591647800822810863e-03 1.048561474847546637e-02 9.341033675732203154e-03 9.514385375899577293e-03 9.912777729053402070e-03 9.435128539410839871e-03 9.109687908182402538e-03 9.607575015982548761e-03 9.199655972085897179e-03 9.242592173764401300e-03 9.467349186293367788e-03 9.475695739210898347e-03 9.883242743989002765e-03 1.030809033272558906e-02 9.545191739697244174e-03 8.953930712635968167e-03 9.648946592161105132e-03 9.393423970753853741e-03 9.311194526338618591e-03 9.251754867130566190e-03 1.051190343211157868e-02 9.471424029898182009e-03 9.906802217640536812e-03 9.541083815464973875e-03 9.614317222691692172e-03 9.802618210689175229e-03 9.762098275768554129e-03 9.488843064579385519e-03 9.768151134755712756e-03 9.216594708070506570e-03 9.530212033163893218e-03 9.574548691755117164e-03 9.609795827656171865e-03 9.963236951926799853e-03 9.410207047624366550e-03 9.796953320744308455e-03 9.379017582080231147e-03 9.387891799045271560e-03 9.929054456023492931e-03 9.295629437447017543e-03 9.802396715474340910e-03 9.602269747435270009e-03 9.385884736456321861e-03 9.768623853370789548e-03 1.022551407899925484e-02 9.771594804050440577e-03 9.724044982984215990e-03 9.292361591801051590e-03 9.634139756771329527e-03 1.039291713882473100e-02 9.876391879560356829e-03 9.863788129919890887e-03 1.030279154998719332e-02 9.282348629400161491e-03 9.480694438496058488e-03 9.218915410730117721e-03 1.013714936758404982e-02 9.601033383684077702e-03 9.391384807565716572e-03 9.721600034627870396e-03 1.005113463046283795e-02 1.013001445986872091e-02 9.582075766424264993e-03 1.020093602533278347e-02 9.969615244780970914e-03 1.020795544001219454e-02 9.949708722941159877e-03 9.294679060708086263e-03 9.592649239844163594e-03 9.314999202012629737e-03 9.153457055850881471e-03 9.808146138974630640e-03 9.393684156712031608e-03
8.328407886190741793e-03 8.057252121897211933e-03 7.798291331866242550e-03 8.286344372666192351e-03 8.302837940970985570e-03 7.656614041171263402e-03 8.225888400751215843e-03 8.180922976919443104e-03 0.000000000000000000e+00 8.315955843642608772e-03 7.993341664362106289e-03 7.833705428386001854e-03 7.762683118661190505e-03 7.594502012119495882e-03 7.611869358778600853e-03 8.050831015282935987e-03 8.312821679740584752e-03 8.233324915963716531e-03 8.172593939109931011e-03 7.810066740013323246e-03 8.041325521809906257e-03 7.604505290616425141e-03 7.295411899831088023e-03 8.365810995392455526e-03 8.937634182654535450e-03 7.641521030595370065e-03 7.763930155031088277e-03 8.280691784913550568e-03 8.177026039723334430e-03 7.986567285959318696e-03 8.468990430968069416e-03 8.958842238412090264e-03 9.257708166375659686e-03 8.874712534738387129e-03 9.327470090103881853e-03 9.613629771422318657e-03 9.371010739851401428e-03 9.322549288652762570e-03 9.105508876338361257e-03 9.058819215331730818e-03 9.400394753613266693e-03 9.470472204977939748e-03 8.736652683250280271e-03 8.843837602454105926e-03 9.142249172500052298e-03 9.259274301188695142e-03 9.296824822107802380e-03 9.333025402762250636e-03 9.056241519824518096e-03 9.050347847017496325e-03 8.762976721986674017e-03 9.012946480087389092e-03 8.824883848315090429e-03 1.066640229352792436e-02 8.845269939920666694e-03 9.235810697793368773e-03 1.016373024868480121e-02 8.982401140303623854e-03 9.155358432727115151e-03 9.590807124486924046e-03 9.083246253329350234e-03 8.732454976568507221e-03 9.262467327905653941e-03 8.829414617658494502e-03 8.900625119672078353e-03 9.132981893285870706e-03 9.142504974328178116e-03 9.566791713788389342e-03 1.000665414365356498e-02 9.214958566483638300e-03 8.598119029247962980e-03 9.322843669745594850e-03 9.056840536338666217e-03 8.970807122231512151e-03 8.909185446102925454e-03 1.021611982702151644e-02 9.138850974059094245e-03 9.590416555303016288e-03 9.210312684112879206e-03 9.285736323378581888e-03 9.482559730603457721e-03 9.441080857043196092e-03 9.155376372371973326e-03 9.446887946598054447e-03 8.871144485112577791e-03 9.198137009705833686e-03 9.237468262808396988e-03 9.281286858810737506e-03 9.649426630104004574e-03 9.073184887047580985e-03 9.476057817309667397e-03 9.034028519631974105e-03 9.051434227530798585e-03 9.614044091998846450e-03 8.953925774057342260e-03 9.481993735749262922e-03 9.277554901956223607e-03 9.051951563907508283e-03 9.450262343116241220e-03 9.923471255521922746e-03 9.452842013184753131e-03 9.403907865424008042e-03 8.943691639728754486e-03 9.310715566801715595e-03 1.009718176922268403e-02 9.562033884975588635e-03 9.549519451076333640e-03 1.000576739013095580e-02 8.961013567566995450e-03 9.150443178601851482e-03 8.877344280705358817e-03 9.830527570384162139e-03 9.274065971881493425e-03 9.060647950438385778e-03 9.401982280832100330e-03 9.743290214140639185e-03 9.827164848809176803e-03 9.255327666572072537e-03 9.899148107746986655e-03 9.658201138488697879e-03 9.905464257262210775e-03 9.646311280503491389e-03 8.956176004354447079e-03 9.266871370635348243e-03 8.977621370137554152e-03 8.809102556715273785e-03 9.483083861197082187e-03 9.059966060805156943e-03
9.074477426109332778e-03 8.567901642534203957e-03 8.319737975898416557e-03 8.516594186412602963e-03 8.538762014920544055e-03 7.988090488224837069e-03 8.967125095504220253e-03 8.654864095532998139e-03 8.315955843642608772e-03 0.000000000000000000e+00 8.438996611661819108e-03 8.572479837747233600e-03 8.516553555126475661e-03 8.107739309293543126e-03 8.129901815968417975e-03 8.539427869949028221e-03 8.813247341769747667e-03 8.975427206018722279e-03 8.647898502476221438e-03 8.327425044773880194e-03 8.772327261946464422e-03 8.111454283602003573e-03 7.833825179324981069e-03 8.778173160238876213e-03 9.667900191794231643e-03 8.128272285242448339e-03 8.256588700880322998e-03 8.500263893680965258e-03 8.675689318977128014e-03 8.756592194661511411e-03 8.946337389995756562e-03 9.441888493249422920e-03 9.654537280099542013e-03 9.291546503118305184e-03 9.456183181212187566e-03 9.996854321862353940e-03 9.764464398060879874e-03 9.956627522119732010e-03 9.521899505258526325e-03 9.467603202172674218e-03 9.802233445953557542e-03 9.871084656335640806e-03 9.151482730858608722e-03 9.251250859682908986e-03 9.536591494976322594e-03 9.647378160880269032e-03 9.704519620673217675e-03 9.716452523942179995e-03 9.464529154848369541e-03 9.458917451172397031e-03 9.176477846275519004e-03 9.432983631918146969e-03 9.244670561743799017e-03 1.101871960150526547e-02 9.263910822185634011e-03 9.634409209446045605e-03 1.052340318219674616e-02 9.387360732328984755e-03 9.557464974859958273e-03 9.966553118638414588e-03 9.501754371032497537e-03 9.156321861041913368e-03 9.661450976868612289e-03 9.229461836063618946e-03 9.318783830288840039e-03 9.540317181896790580e-03 9.549404360862916857e-03 9.962039074513061310e-03 1.037503920402819101e-02 9.618745431853748667e-03 9.032195141730196830e-03 9.720716440777059722e-03 9.467560371083368759e-03 9.386263984186576578e-03 9.327846031660341763e-03 1.057603775879363724e-02 9.545513941342129507e-03 9.975815948405035785e-03 9.613907853745893087e-03 9.684421574744020086e-03 9.873268023256187922e-03 9.832668153080485057e-03 9.560668756003405308e-03 9.839316619179137510e-03 9.291114339523561666e-03 9.601611062277741471e-03 9.639240915073730639e-03 9.680485031865937798e-03 1.003334162480006356e-02 9.483283353188213388e-03 9.855985308024898389e-03 9.446111953042731629e-03 9.461609904441099436e-03 9.999458891973901989e-03 9.370386656839277059e-03 9.872644889943221411e-03 9.681103943883254473e-03 9.474083726441101180e-03 9.846074472736256189e-03 1.029871627397674870e-02 9.856699028268075397e-03 9.801146981355183044e-03 9.362952702904752539e-03 9.712833009936600731e-03 1.046432081530096828e-02 9.952118919997770055e-03 9.940161098903802991e-03 1.038510859660588675e-02 9.365353215956726332e-03 9.560104366121481914e-03 9.300234523093812294e-03 1.021030012546855770e-02 9.678230821329493472e-03 9.482460480291901583e-03 9.799966553625683724e-03 1.012539908780888363e-02 1.020516119588562622e-02 9.660670579185435397e-03 1.027444378712767323e-02 1.004426950326099861e-02 1.028100033269275723e-02 1.002617326011522210e-02 9.375317489594846634e-03 9.671112228621001408e-03 9.403208936388220140e-03 9.236831451670016527e-03 9.877166557635251934e-03 9.474278960572632760e-03
8.746550672307180918e-03 8.230051986627901286e-03 8.226226966412411579e-03 8.177747103246729710e-03 8.206694914079879985e-03 7.824219592561456812e-03 8.630882477283491686e-03 8.357035270384231135e-03 7.993341664362106289e-03 8.438996611661819108e-03 0.000000000000000000e+00 7.992207398858221928e-03 8.139730832978437497e-03 7.760011461553959801e-03 7.770656621554628864e-03 8.471356288582124541e-03 8.473060780363956754e-03 8.382294337821265956e-03 8.358187869569717876e-03 8.227357915211236036e-03 8.168260025621395734e-03 7.764303774196738145e-03 7.467066564627244767e-03 8.466752296265476693e-03 9.365579304281397566e-03 7.985508520252797976e-03 7.936908821369006994e-03 8.181444452444792959e-03 8.358103662065552095e-03 8.438456430646874493e-03 8.381509886510454116e-03 8.847739139599323718e-03 9.338434660527212411e-03 8.959199856213649615e-03 9.397330071927015305e-03 9.686089706623211490e-03 9.449248278075606314e-03 9.645509356812933394e-03 9.193788862597930198e-03 9.143105898949318092e-03 9.483006154986099029e-03 9.555498512270612158e-03 8.815838398005020754e-03 8.923143529886578759e-03 9.218427693403892856e-03 9.329893652850999516e-03 9.382048482783410942e-03 9.404259127304411686e-03 9.134039501258519114e-03 9.137959989725866553e-03 8.836808409578612161e-03 9.099647951577560442e-03 8.913545849405735133e-03 1.074131636295808621e-02 8.934220536427882678e-03 9.318678225313473118e-03 1.024282566012896072e-02 9.067868849178878018e-03 9.236544137474406169e-03 9.651024380706677355e-03 9.160918849125511756e-03 8.818317837088583341e-03 9.336919120077393289e-03 8.897905000967877912e-03 8.890983368716883287e-03 9.106682132052424175e-03 9.115205718959445286e-03 9.564635870458033928e-03 9.979259557889225141e-03 9.196300723888033851e-03 8.368302337124345139e-03 9.302662699996295040e-03 9.028770687444837365e-03 8.941150115653656930e-03 8.891007276532050113e-03 1.019221578194906552e-02 9.140182133290651253e-03 9.574505522352567966e-03 9.198874687687342080e-03 9.281277829028662663e-03 9.453844258201749354e-03 9.180713619768743339e-03 9.127989542671815018e-03 9.428775408746908199e-03 8.842464445077004298e-03 9.170885257119096995e-03 9.211848013310649369e-03 9.264916879141899680e-03 9.620547944814889646e-03 9.046221281708587136e-03 9.459657278356778387e-03 9.005703971270265923e-03 8.808746451366618671e-03 9.595084971235416996e-03 8.934808257565988315e-03 9.473049005972893066e-03 9.311442892202983004e-03 9.094309711153224923e-03 9.493176111588098876e-03 9.955472435029682349e-03 9.493316281638557869e-03 9.437778436643298741e-03 8.981067645723390253e-03 9.353209765440986118e-03 1.013703418481101681e-02 9.601362210874302833e-03 9.581710705043712875e-03 1.003910578350383255e-02 8.992499838980911805e-03 9.185623291787663874e-03 8.911428164792518924e-03 9.865521946461768693e-03 9.317899668984644737e-03 9.124120219008245020e-03 9.435278821571066454e-03 9.785803922140517627e-03 9.878577078354525490e-03 9.288424167106198656e-03 9.932118444347437514e-03 9.690272506233237396e-03 9.938240953556973928e-03 9.681847952185117581e-03 8.775071034848865720e-03 9.302504173122764022e-03 9.019631653401185764e-03 8.846021097110792417e-03 9.518711507754530274e-03 9.095182326812062054e-03
8.331888856811993718e-03 8.065439675720539187e-03 7.804479241051493453e-03 8.040523060365822525e-03 8.090161497184590600e-03 7.441940224565323121e-03 8.219821983616202796e-03 8.183522295700910304e-03 7.833705428386001854e-03 8.572479837747233600e-03 7.992207398858221928e-03 0.000000000000000000e+00 8.004220481961914213e-03 7.602401559313844322e-03 7.647786150948189879e-03 8.060733598576471856e-03 8.078049003379822804e-03 8.207312070250785685e-03 8.462972567873584123e-03 7.838624488696606385e-03 8.022656101514367630e-03 7.583483885879521019e-03 7.513912473058689638e-03 8.326537365842866592e-03 9.234467255664569052e-03 7.608285575880876193e-03 7.760806909176089750e-03 8.016617522394652029e-03 8.473478868988712151e-03 8.028547421925222652e-03 8.452906380478493811e-03 8.712193734858569849e-03 9.290490607376866022e-03 8.908480890711634528e-03 9.358761469461393534e-03 9.635963635032628039e-03 9.402176394653486910e-03 9.593841601666097674e-03 9.148879563813898733e-03 9.094051867773044959e-03 9.432925251417225571e-03 9.504789523037413326e-03 8.766879674265072586e-03 8.867782323355893545e-03 9.166696483957997160e-03 9.281614424825581494e-03 9.331112553117783259e-03 9.362051627162795361e-03 9.080983227713619599e-03 9.085732219832541937e-03 8.778584828475136451e-03 9.046889967827570489e-03 8.859827156949417679e-03 1.069440001097783990e-02 8.880303565072271074e-03 9.268790803405362044e-03 1.019530065639479878e-02 9.008349451899927765e-03 9.188637826369458472e-03 9.603585381732601678e-03 9.107110303719169464e-03 8.766746502898110915e-03 9.285949202473151032e-03 8.844303577798895075e-03 8.908288652784344258e-03 9.141352453804025766e-03 9.148916882946335830e-03 9.583209682173795402e-03 1.001347541332706093e-02 9.223172974282585132e-03 8.606505029931699885e-03 9.330393572260545568e-03 9.064865297316652276e-03 8.978880992091575405e-03 8.924163200727676382e-03 1.022388649807930670e-02 9.152864791292479596e-03 9.598192363785304146e-03 9.218319776986245301e-03 9.295270067868063174e-03 9.489489046421576909e-03 9.448253213415348101e-03 9.163487260637911969e-03 9.454653195994826634e-03 8.879963554566532719e-03 9.206871508883883101e-03 9.245277450196341673e-03 9.289385438583951105e-03 9.656915988457514047e-03 9.081987508451168020e-03 9.484547816822203048e-03 9.042708738067532434e-03 9.059138415811181927e-03 9.621571508577977244e-03 8.963143729667378407e-03 9.490349899247485857e-03 9.249585891762435869e-03 9.044869686123264627e-03 9.424626251429694956e-03 9.898586943099986143e-03 9.450541587108224686e-03 9.388463782824237394e-03 8.939910567371291139e-03 9.283106491406805175e-03 1.007140175148096839e-02 9.548306624730284325e-03 9.534180006430711604e-03 9.726229265132915053e-03 8.919426080226420389e-03 9.122514205853467922e-03 8.852905303468787748e-03 9.807834601533184024e-03 9.249614787481132139e-03 9.043782722364179100e-03 9.374864464826196744e-03 9.730011709395545993e-03 9.802865752484882580e-03 9.230466239164143022e-03 9.884763085595823368e-03 9.644122294228577030e-03 9.892484132327310567e-03 9.613441847535838733e-03 8.921709284505354928e-03 9.252124897871458198e-03 8.969405484374342458e-03 8.782142940029531372e-03 9.458040483140505925e-03 9.032225539049325638e-03
