0.000000000000000000e+00 7.989516968542857353e-03 7.797534901860550711e-03 8.009541726194642844e-03 7.787181058542084165e-03 7.796140514989793879e-03 7.825450055504414720e-03 7.799409399074142858e-03 7.800347079762130938e-03 7.770222893695992450e-03 7.790410159600814552e-03 7.822180974864242908e-03 7.810099263380868365e-03 7.789065705079764937e-03 7.784327944908071666e-03 7.796548397859300560e-03 7.778564519555823675e-03 7.782325277476546607e-03 7.821715119149530437e-03 8.062302270336135779e-03 7.782018593036350851e-03 8.043146917735751258e-03 8.028775815354091683e-03 7.794152752850657187e-03 7.795811318136222808e-03 8.000327234657917883e-03 7.753792995966905105e-03 8.002545909847691777e-03 8.019163381867368615e-03 8.028663087806140949e-03 7.817771842475652877e-03 7.810686085671829718e-03 8.260747971522906102e-03 8.237375043583060677e-03 8.235646323969175384e-03 8.005884655368123923e-03 8.223895479071919451e-03 8.176220952711001771e-03 8.269128738634185655e-03 8.197622128268893665e-03 8.277063875147502511e-03 8.270754457709184743e-03 8.253223609288701593e-03 8.232311302025339603e-03 8.298583451783556747e-03 8.015487386758812435e-03 8.200560690335990596e-03 8.191034160803066858e-03 8.226340051832035580e-03 8.292631411159800611e-03 8.246167476146171529e-03 8.206047372445802665e-03 8.266856981191313472e-03 7.999303386341074726e-03 8.263577425618293462e-03 8.239624763472805022e-03 8.251349904052514977e-03 8.259642517423854829e-03 8.248641938102149046e-03 8.248265312121380241e-03 8.288213735331798060e-03 8.260742992367304388e-03 8.257684861834452272e-03 8.242022165953379401e-03 8.466748952103874543e-03 8.451173879733717489e-03 8.438157149243771804e-03 8.491926014277222101e-03 8.387680782524848527e-03 8.477966396998779311e-03 8.434384157643323374e-03 8.467068989430878712e-03 8.468079870858048752e-03 8.532626960392791088e-03 8.429264460444615276e-03 8.475471203112424495e-03 8.447576272517272680e-03 8.443031381118145870e-03 8.454494498612824538e-03 8.437795881809893872e-03 8.453523831796731433e-03 8.390293910429365634e-03 8.489234254852194919e-03 8.431020808278876996e-03 8.438142098678772657e-03 8.498758173138793587e-03 8.496896693675398682e-03 8.413386723158552266e-03 8.468998606856965872e-03 8.418811972391056567e-03 8.447361623826260199e-03 8.452593757160731247e-03 8.420380274668194318e-03 8.510069147743671777e-03 8.394143534331625564e-03 8.513396060042815669e-03 8.433989519026694262e-03 8.465162124429607277e-03 8.470108936735422367e-03 8.423688450263547289e-03 8.435009379067957835e-03 8.431265974978903455e-03 8.539873448136753309e-03 8.439238985855678291e-03 8.493948931243581676e-03 8.485700881561683562e-03 8.434168180103720699e-03 8.447174464995777995e-03 8.471083202878820426e-03 8.515097004145294468e-03 8.537610263252044460e-03 8.446831670382726892e-03 8.402207296360160449e-03 8.491021013877638260e-03 8.391098298838491759e-03 8.457713282751503150e-03 8.425783967113536013e-03 8.472005604824474692e-03 8.506245310150121683e-03 8.451528881803848509e-03 8.502050967391604902e-03 8.507398344958514227e-03 8.431165228499236039e-03 8.446810403965773068e-03 8.457112529820762920e-03 8.403609610573469640e-03 8.466300447787499309e-03 8.481162956175423984e-03
7.989516968542857353e-03 0.000000000000000000e+00 7.809735083823239957e-03 8.029614659659227438e-03 7.844499918334893809e-03 7.816609390292822770e-03 7.852873224949215303e-03 7.796883247211680926e-03 7.793134518770685436e-03 8.023720590359993340e-03 7.775699208963687999e-03 7.823256597304827781e-03 7.828077338841367416e-03 7.796981210003431882e-03 7.825112056184231266e-03 7.788710809632570092e-03 7.811316045960166668e-03 7.803766167717746984e-03 7.818082949614741511e-03 8.047420894616248710e-03 7.801874182267385521e-03 7.833786670565100543e-03 8.015315742602040910e-03 7.796649764750943241e-03 7.828189539457868287e-03 7.809876672377185497e-03 7.806053698577617057e-03 7.794023884352318556e-03 7.817314763492577007e-03 7.791489219223931076e-03 7.840325702303580294e-03 8.068601167541549976e-03 8.284941706073042575e-03 8.264313809840837313e-03 8.274589730500526985e-03 8.255603322588624463e-03 8.259977597843151664e-03 8.221652705890742860e-03 8.305491666694003738e-03 8.247460887962940884e-03 8.275730965969991734e-03 8.308228892505814880e-03 8.077548359592116867e-03 8.261434232251578871e-03 8.353105439050590580e-03 8.243991671449022243e-03 8.248624712763268085e-03 8.216598574282370226e-03 8.231731765672932119e-03 8.329205105862887148e-03 8.291926278299218550e-03 8.256218039975334738e-03 8.294947965800162498e-03 8.252573693326083204e-03 8.298058695198687329e-03 8.294253093087997075e-03 8.273045612401689827e-03 8.303179797964715947e-03 8.301473279448218223e-03 8.279084378700051275e-03 8.322578401525733416e-03 8.086936474736102290e-03 8.296174928016956593e-03 8.262304193216354203e-03 8.485948189087913832e-03 8.473748525077531499e-03 8.466977980812254861e-03 8.515609352579405281e-03 8.420771749413408572e-03 8.492455089473245969e-03 8.452759736605570604e-03 8.491878305902039389e-03 8.485728801559504209e-03 8.544786588847491995e-03 8.460013010182577606e-03 8.500421712261209406e-03 8.469439009101419752e-03 8.468005878353543348e-03 8.481872908209503806e-03 8.460434997206781743e-03 8.478080777034893711e-03 8.420344023093677757e-03 8.511567324359594136e-03 8.457219012798621732e-03 8.459549686953126563e-03 8.517864028648906155e-03 8.519962911219451304e-03 8.431088062727326582e-03 8.486298669887143778e-03 8.447104321566163004e-03 8.474224295227822043e-03 8.480541422162547402e-03 8.451762529197737531e-03 8.526300932465842933e-03 8.416803165070662479e-03 8.538731594375629369e-03 8.436662263112102572e-03 8.461191074044983537e-03 8.486672477048581853e-03 8.433474063845619595e-03 8.452419874520803941e-03 8.451360363994095057e-03 8.535939565844129565e-03 8.443177956894433109e-03 8.489380836968115837e-03 8.484835814182765945e-03 8.437637099528267140e-03 8.461746475779300530e-03 8.471580422459700291e-03 8.511253255031641513e-03 8.534237022854399002e-03 8.450179188504651495e-03 8.410248378429800026e-03 8.288590443959001700e-03 8.408459940908051197e-03 8.466636273149039452e-03 8.436226619867155663e-03 8.481346569336375638e-03 8.503942432063255411e-03 8.248166723524040511e-03 8.515892849445233503e-03 8.512268803278483578e-03 8.433723164695903357e-03 8.449263536407873240e-03 8.457712356700000308e-03 8.416771067160025779e-03 8.476407133725601811e-03 8.479983168274333669e-03
7.797534901860550711e-03 7.809735083823239957e-03 0.000000000000000000e+00 7.795034437251573654e-03 8.066128635655641504e-03 7.812431868140356367e-03 7.842092766508006532e-03 7.830712709410015196e-03 8.058162015036072004e-03 7.816472795176632529e-03 7.810267722514888274e-03 7.825108165261458054e-03 8.036242669798059762e-03 7.825322876465642258e-03 8.013081326634327248e-03 8.015829372938579681e-03 8.066674938280114435e-03 7.838442560108934212e-03 7.849873422112583002e-03 8.063962300013388304e-03 8.042245259721220174e-03 7.825960843963291474e-03 8.036909334467707069e-03 7.785724012123683944e-03 7.810588499181669343e-03 7.794402877926689434e-03 7.763690924794800809e-03 7.791978337056767664e-03 7.828486126004272072e-03 8.036201550968817206e-03 7.828062003846869218e-03 7.783377538297553411e-03 8.004637303006536739e-03 8.215193703073303544e-03 8.235750901923077905e-03 8.204492977426335043e-03 8.210825468478937655e-03 8.147969368291560141e-03 8.260218060202571821e-03 7.970607387832590041e-03 8.221003846615906885e-03 8.256100355016738820e-03 8.236556935273140964e-03 8.211340136137425250e-03 8.280733255965113879e-03 8.195979670419111657e-03 8.219724528127253169e-03 8.161113308946067735e-03 7.994386954935707792e-03 8.265035282080189505e-03 8.245303647194357835e-03 8.190888914973404669e-03 8.222078522484611851e-03 7.979449316597931469e-03 8.252085456752730405e-03 8.226085746004911659e-03 8.218032649170469231e-03 8.243250867959083655e-03 8.247075411477461024e-03 8.219198506946294447e-03 8.264457027145314869e-03 8.033132288871513635e-03 8.237682009020195692e-03 8.230706778155339604e-03 8.247983296495101438e-03 8.428675721669965162e-03 8.431104799067005301e-03 8.466336577724713208e-03 8.378024973607402573e-03 8.459779503968320805e-03 8.418939311137076456e-03 8.440906623918395871e-03 8.450189861619383791e-03 8.504271771086811468e-03 8.407245600622113499e-03 8.456288209126217384e-03 8.433432297488267781e-03 8.421535361447071016e-03 8.431654117210468993e-03 8.422033486911804923e-03 8.437623981975613668e-03 8.378726872330754041e-03 8.470040845212006148e-03 8.411859994439505397e-03 8.423226964174315712e-03 8.479221600013990209e-03 8.471661183259817166e-03 8.396812807675032783e-03 8.449004610838384624e-03 8.398954621670375043e-03 8.422617450109651238e-03 8.429665536924526789e-03 8.400443698129939768e-03 8.291846532919738139e-03 8.380780898088344144e-03 8.487152442594273274e-03 8.426910014239216706e-03 8.454321044018390380e-03 8.468658534211101138e-03 8.413116409302388854e-03 8.441625476270706377e-03 8.432087866703344078e-03 8.535088951713782138e-03 8.438985134342553984e-03 8.481545378907232036e-03 8.471585696209919802e-03 8.436483257704891978e-03 8.442976427913632953e-03 8.468529838358607176e-03 8.492991204883679549e-03 8.532581953230504099e-03 8.447141881551210527e-03 8.394990698905219900e-03 8.479143874872089454e-03 8.393364910061000897e-03 8.449833425853117003e-03 8.426674702672306075e-03 8.468458662080350502e-03 8.503476039993488819e-03 8.434770116004412094e-03 8.494724785342078199e-03 8.499707213568781158e-03 8.416578332854534814e-03 8.439564876121134068e-03 8.446071290438663878e-03 8.405287774350105739e-03 8.461724209157434756e-03 8.475211704204694413e-03
8.009541726194642844e-03 8.029614659659227438e-03 7.795034437251573654e-03 0.000000000000000000e+00 8.044671324589944966e-03 8.028965255438693521e-03 7.814347079314359901e-03 7.778798939948284100e-03 8.042898454294115929e-03 7.767375311186022237e-03 7.786344205820256402e-03 7.812402093998670367e-03 7.789831009983126837e-03 8.025934768807396411e-03 7.796413615797502701e-03 7.783833393096401335e-03 8.022625255326827631e-03 7.811345216987741931e-03 8.062411752435319143e-03 7.816331899889812987e-03 7.785099980907623542e-03 7.799824871369304309e-03 7.810258183897027424e-03 8.015568722270058691e-03 7.806256136334051819e-03 7.798666084137668292e-03 7.779722792187505898e-03 8.010323330411532952e-03 7.806966518791574189e-03 8.017089115490596066e-03 7.783567536561023827e-03 7.788477234816915291e-03 7.966467148758718531e-03 8.189469901090658255e-03 8.219974758653431426e-03 8.218956159786064072e-03 7.999372396687215447e-03 8.171282130900651627e-03 8.257767408055343913e-03 8.186688909268687378e-03 8.222601882471066229e-03 8.258795444811178540e-03 8.238920651838132353e-03 8.228220128108780160e-03 8.281964714637194205e-03 8.190874601897253290e-03 8.200090525199266178e-03 7.914085064750168291e-03 8.186008772994971677e-03 8.285300257900389195e-03 8.232991956840284356e-03 8.167190519631174414e-03 8.234744755503810992e-03 8.220833418428488346e-03 8.241130011382895651e-03 8.228190085898012471e-03 8.221351120965555287e-03 8.236868395518997382e-03 8.245191097347190010e-03 8.226472795389119450e-03 8.248068882398007853e-03 8.255808084205777664e-03 8.225654717047406472e-03 8.231514439801581109e-03 8.428977255025836210e-03 8.426641801821409955e-03 8.404313559191788421e-03 8.459592678922338641e-03 8.351737724121689396e-03 8.444661390901140458e-03 8.394140365681096103e-03 8.424772602839986774e-03 8.435225558069567309e-03 8.500970462453698653e-03 8.387957307602974047e-03 8.435076128515931956e-03 8.424776420044405648e-03 8.409096336559819529e-03 8.420290638453327078e-03 8.419380587067171531e-03 8.420263625844999836e-03 8.355151654415167786e-03 8.449184785473283846e-03 8.388799758483899555e-03 8.403573202815328019e-03 8.465886600616340241e-03 8.463792984108930995e-03 8.382997863593930413e-03 8.437092165469169819e-03 8.384291502512311589e-03 8.414633626299690417e-03 8.418802587408054025e-03 8.385127624770470633e-03 8.478074206813434807e-03 8.359944265665556623e-03 8.480914555201411742e-03 8.392557347094452280e-03 8.434843009456146831e-03 8.437363916905315370e-03 8.373470523550733194e-03 8.408235389898313303e-03 8.397594841360310827e-03 8.508712749844752135e-03 8.406678705003332516e-03 8.469917362335339234e-03 8.453300449819603837e-03 8.401372081139481252e-03 8.415553813065254976e-03 8.438016281804237503e-03 8.474983628856085430e-03 8.506372900160555361e-03 8.414321157541973170e-03 8.367624018554750340e-03 8.459784819853597912e-03 8.356715810630089766e-03 8.423838466802644614e-03 8.400324134001787776e-03 8.438663145312275127e-03 8.474238918744379442e-03 8.421004642851915092e-03 8.468811307602687813e-03 8.474498520445600258e-03 8.391386220746263960e-03 8.412952685926780236e-03 8.424765943786268613e-03 8.370625645949213850e-03 8.432993286280521597e-03 8.449904894424200771e-03
7.787181058542084165e-03 7.844499918334893809e-03 8.066128635655641504e-03 8.044671324589944966e-03 0.000000000000000000e+00 7.846221698623959476e-03 7.778078614952159409e-03 7.834452367857630203e-03 8.064759839315883624e-03 7.779139343129624559e-03 8.040337901598606368e-03 8.034210568168357811e-03 8.027545753993583361e-03 7.831419680392252142e-03 7.815513417084897496e-03 8.030425268193027571e-03 7.751672565126015678e-03 7.828626249580918420e-03 8.089804219260213203e-03 7.822756842174724209e-03 8.000721142365099445e-03 8.069240009008830233e-03 7.853650103697507392e-03 7.790831180654957805e-03 7.828817609599645136e-03 8.052269569776417807e-03 8.011502667149670784e-03 8.073073590354230833e-03 8.059685722917276848e-03 8.049399322899985013e-03 7.806289354855738653e-03 8.040718959800083679e-03 8.189848797551321433e-03 8.178178700890926384e-03 8.191407065133647983e-03 8.166889951704395939e-03 8.207297671445115336e-03 8.167951292809652944e-03 8.001023727927292564e-03 8.199492275793354365e-03 8.220956423444834502e-03 8.236218404820238106e-03 8.207984491694795756e-03 8.190590513229257033e-03 8.255352569404577831e-03 8.182218978367919449e-03 8.151922896562253940e-03 8.115029636275198494e-03 8.203236070792603585e-03 8.255545017193385154e-03 8.186693501138231702e-03 8.120309285535833727e-03 8.215817198705076957e-03 8.195822570315265676e-03 8.006681874676966140e-03 8.180759625296664395e-03 8.216076833061141879e-03 8.199275491088361609e-03 8.199773437626576081e-03 8.192624028645487805e-03 8.232834530718729019e-03 8.226860299177855135e-03 8.235319137017452565e-03 8.184721865875882116e-03 8.358608596388662423e-03 8.346789698003748842e-03 8.317383411810548577e-03 8.377213415682200140e-03 8.270029096929594481e-03 8.364406794080380889e-03 8.310224230993531330e-03 8.350144761705374438e-03 8.350429236516793488e-03 8.419693948708334777e-03 8.310321805296567999e-03 8.352122538268447194e-03 8.334098352973846185e-03 8.334312553350464378e-03 8.341309923146486213e-03 8.116855819407724909e-03 8.333978692951616793e-03 8.276223090542923072e-03 8.367977135110281003e-03 8.321629816327598059e-03 8.317014366322574015e-03 8.380771457740151739e-03 8.387117084701523062e-03 8.319024009048454210e-03 8.354461375112590821e-03 8.297703467493989724e-03 8.331022246664442771e-03 8.333162583147700128e-03 8.297393420029226807e-03 8.404788623637200751e-03 8.273144259536891615e-03 8.396799014532524419e-03 8.330253208112170862e-03 8.369937264121749682e-03 8.365350260429425117e-03 8.310972027116904012e-03 8.336873438539805017e-03 8.325026681825766980e-03 8.439536126810540453e-03 8.333232428371670913e-03 8.395097816531874035e-03 8.376400279885036146e-03 8.329801737748976018e-03 8.358381639686156273e-03 8.366956928923760875e-03 8.414584340353650771e-03 8.436827674663036417e-03 8.343147957894198399e-03 8.293403400223189198e-03 8.386997580369297961e-03 8.279802486099453393e-03 8.352393330793810369e-03 8.322336702374691017e-03 8.366579528413636488e-03 8.404564628354434241e-03 8.344025051322357528e-03 8.399750610286690206e-03 8.407081259455599642e-03 8.328177041354929006e-03 8.340277174814312439e-03 8.357321967507149937e-03 8.296346922353925457e-03 8.361864385769626415e-03 8.387636568060434158e-03
7.796140514989793879e-03 7.816609390292822770e-03 7.812431868140356367e-03 8.028965255438693521e-03 7.846221698623959476e-03 0.000000000000000000e+00 7.835802295664204276e-03 7.813786433805940471e-03 7.836131966477852262e-03 7.817259253496359334e-03 7.819610365410624778e-03 7.828308884123055117e-03 8.026134859204232808e-03 8.030672138486606715e-03 7.819785383458921837e-03 7.794153272151965739e-03 8.050874669950252790e-03 8.037297399791544159e-03 7.848114665207100993e-03 7.874057773295512971e-03 8.054754402720977133e-03 7.810624915817190698e-03 8.035855452507527710e-03 8.033511888647827323e-03 7.819526647126697969e-03 7.802613634753476253e-03 7.803435739964220165e-03 7.783863593453224303e-03 8.044134729358025024e-03 7.835831628109286504e-03 8.037396880245951253e-03 7.833355765006582566e-03 8.211252129395699498e-03 8.211812020230023143e-03 8.208728965518463996e-03 7.961557952065783164e-03 7.991537866893765052e-03 8.171723128687141333e-03 8.214168674180946303e-03 8.175829427060755591e-03 8.217396288979730845e-03 8.228405467465173609e-03 8.211076515441085091e-03 7.979759646290725261e-03 8.260662468569105604e-03 8.177141393725577065e-03 8.203266325230489098e-03 8.179742809395698297e-03 7.982466486497540731e-03 8.261642343899450180e-03 8.210538485333247413e-03 8.185377583170744958e-03 8.223811184582466641e-03 8.176143525038594498e-03 8.222062734693794117e-03 7.999843907931526374e-03 8.199803631606333507e-03 8.008752840837589718e-03 8.238420722393866719e-03 8.216364222892683783e-03 8.235122962042771069e-03 8.221721793290391253e-03 8.203547069009373138e-03 8.221561875736837707e-03 8.464549939500414996e-03 8.449579201969573475e-03 8.447481652631774751e-03 8.495852248138651905e-03 8.400214799914743416e-03 8.490777546381595917e-03 8.441108962937298593e-03 8.473512275222989248e-03 8.473340378532992490e-03 8.534786537907377429e-03 8.431270252832988310e-03 8.475451761781624058e-03 8.462826477570462025e-03 8.450434657961476692e-03 8.462682788600990949e-03 8.439335533653183341e-03 8.459997403535396421e-03 8.407577961744129927e-03 8.488131288583214071e-03 8.437126375328401692e-03 8.446670264187597019e-03 8.506788975555056379e-03 8.502834671864903035e-03 8.411462251893564793e-03 8.473195500044640449e-03 8.427805165433474230e-03 8.454405354511808704e-03 8.452345923536226657e-03 8.431865690854595946e-03 8.517060886852239124e-03 8.403026184463152290e-03 8.520777937773270708e-03 8.428260728547862582e-03 8.470441898960337154e-03 8.463120618697240333e-03 8.410264274724734909e-03 8.435308733778476217e-03 8.425236096171283620e-03 8.530999107160933820e-03 8.433621300522525788e-03 8.492782225719393632e-03 8.475702987776452535e-03 8.427576437099898801e-03 8.447157586225086112e-03 8.473016153258135230e-03 8.498026672711491217e-03 8.528556324301925229e-03 8.439511731770829930e-03 8.396823048159298905e-03 8.474842151552551550e-03 8.387856478420260831e-03 8.459127390465915122e-03 8.211457552699896398e-03 8.473717688622067756e-03 8.506019437485698789e-03 8.446100849831113255e-03 8.484499138237292654e-03 8.505623757923946177e-03 8.425249618079503483e-03 8.440327252858962140e-03 8.441489125142653122e-03 8.409081804314709127e-03 8.467311366018484553e-03 8.473754440306442356e-03
7.825450055504414720e-03 7.852873224949215303e-03 7.842092766508006532e-03 7.814347079314359901e-03 7.778078614952159409e-03 7.835802295664204276e-03 0.000000000000000000e+00 8.036266181581742940e-03 8.074161752759233257e-03 8.050918023088290618e-03 7.820665934438015762e-03 8.049385314520948395e-03 8.059789246983856473e-03 8.058872527911865175e-03 7.832287972983435417e-03 7.831756180990284005e-03 8.030902481048238922e-03 7.843861478228597930e-03 8.081610091982762908e-03 7.856535944940082339e-03 7.818545775104863635e-03 8.060673110777020339e-03 7.855686188743249074e-03 7.794782779726039910e-03 7.814217374244935427e-03 8.050274585770997304e-03 7.802210890836058094e-03 7.852171613618631404e-03 8.060632633099780800e-03 8.075583545602501440e-03 8.032021916477243353e-03 8.059569314496650011e-03 8.161727253011893252e-03 8.157121646205699877e-03 8.205749954708482438e-03 8.160493871596528892e-03 8.158423542334329939e-03 8.156885511942239472e-03 7.989979263415056612e-03 7.950699643286728013e-03 8.208734577752462708e-03 8.202636913668416227e-03 8.195054967748307065e-03 7.956801927993497475e-03 8.243470132715308499e-03 8.175874189763933375e-03 8.192107566074432676e-03 7.927139298166558865e-03 8.177477789539519537e-03 8.237695980303055485e-03 7.971145685710891507e-03 8.145355174260239875e-03 8.207407569905664224e-03 8.161028064941762764e-03 7.999064889546152191e-03 8.171252338296519646e-03 8.206750762337291019e-03 8.200576854652495695e-03 8.217798561574415558e-03 8.194563896978155140e-03 8.224920840215756493e-03 8.206683006496382632e-03 8.205320347311336263e-03 8.206477617376859920e-03 8.391160397549968578e-03 8.397716237044957829e-03 8.372236686626339033e-03 8.411407969404666868e-03 8.337599929921219247e-03 8.423035673013275909e-03 8.359038488706723585e-03 8.395008409267585778e-03 8.395873194749277346e-03 8.465405710164608175e-03 8.360265931716133470e-03 8.398812861182622033e-03 8.176100550905843894e-03 8.387439837311005258e-03 8.390667554290087010e-03 8.173865637333304832e-03 8.384455108214009661e-03 8.348133495677310598e-03 8.419794621205012319e-03 8.374490922663046719e-03 8.376269173934344781e-03 8.428203607961764696e-03 8.432079085783909800e-03 8.361568164689490990e-03 8.397387937419384385e-03 8.340290583569944308e-03 8.376895412633237128e-03 8.392112643665312205e-03 8.353753729763230967e-03 8.439411150540532258e-03 8.335713974459004610e-03 8.442282924684163178e-03 8.377788659119178236e-03 8.398246316290445060e-03 8.411914005584327642e-03 8.357147179622340105e-03 8.383641991671358581e-03 8.383936504277900506e-03 8.471686802546344458e-03 8.392750605377329032e-03 8.442761800668961703e-03 8.415613119279879983e-03 8.379516912736544379e-03 8.398818647008967839e-03 8.411668343834279374e-03 8.461004937199312348e-03 8.476702373733132137e-03 8.397892479883385317e-03 8.344240171281274918e-03 8.433140921062990195e-03 8.344927311635958606e-03 8.407772239623393165e-03 8.380249219900604007e-03 8.403136694733954679e-03 8.445768388371533916e-03 8.386889779073732412e-03 8.438269184418050253e-03 8.446491459293846427e-03 8.383498329456270937e-03 8.397325562287893952e-03 8.392106228182674016e-03 8.123606876607932306e-03 8.404924015740240090e-03 8.420764183519890977e-03
7.799409399074142858e-03 7.796883247211680926e-03 7.830712709410015196e-03 7.778798939948284100e-03 7.834452367857630203e-03 7.813786433805940471e-03 8.036266181581742940e-03 0.000000000000000000e+00 7.806412222945871386e-03 7.786102207177867350e-03 7.789697846162210552e-03 7.846128824737940224e-03 7.820314477047595955e-03 8.012317282524402881e-03 7.798396516871170837e-03 7.783980069858375400e-03 7.804670924675369791e-03 8.008464971721397652e-03 8.052697972011340494e-03 7.818841270210999395e-03 7.828918723826433501e-03 7.834681991544295912e-03 7.810669205271012112e-03 8.048715060695267945e-03 7.813605615999728166e-03 7.809874372264684859e-03 7.805417333783573088e-03 7.804122199219002548e-03 7.829046507299807292e-03 8.037201548791126152e-03 7.806422325899392035e-03 8.066681383987153731e-03 8.229148690388123771e-03 8.242624813059705111e-03 8.054269038536463268e-03 8.230685531805375516e-03 8.232561417369747489e-03 8.228611545575048938e-03 8.289167923554647752e-03 8.244018854708977731e-03 8.274171109016436806e-03 8.280092623546798578e-03 8.261532784764380466e-03 8.260386641345287412e-03 8.323713109677603750e-03 8.199653731415483190e-03 8.233077115181466898e-03 7.976692594091432803e-03 8.209720294593545950e-03 8.324147405369094685e-03 8.280328264873756602e-03 8.241794574929843520e-03 8.299904652912921954e-03 8.246716261538569737e-03 8.090355001749080510e-03 8.274052130839575775e-03 8.264011647791112344e-03 8.266941911427438602e-03 8.274165421171694734e-03 8.252009653105759832e-03 8.091008708314690115e-03 8.273188964764170358e-03 8.268653199372760429e-03 8.263399306247002848e-03 8.477402387428523492e-03 8.466753211721364872e-03 8.459949797451285156e-03 8.517153998610303353e-03 8.413094260360886797e-03 8.494839827260090848e-03 8.454728592083555691e-03 8.477148108106662833e-03 8.487260507361312628e-03 8.540632332202174881e-03 8.457276710854211982e-03 8.485209646258578403e-03 8.479742315941729558e-03 8.262823668584459366e-03 8.482137795343125397e-03 8.465831225696775555e-03 8.481405538808115332e-03 8.420252604460236670e-03 8.497347832600327805e-03 8.449051992718017989e-03 8.459220639243045584e-03 8.517096559226864511e-03 8.514728437483451429e-03 8.423857212142126655e-03 8.493749075637969936e-03 8.449589982920054781e-03 8.474272359704356286e-03 8.479504996771466269e-03 8.442361738238408561e-03 8.525283835368671626e-03 8.417135157017720942e-03 8.529539019734523955e-03 8.458812637437423607e-03 8.498553595957379636e-03 8.501390667867845391e-03 8.445255491827967712e-03 8.465246790445695932e-03 8.456975582943995415e-03 8.567802863630109497e-03 8.472207367688241661e-03 8.530030800016635481e-03 8.512870198386040740e-03 8.461055800234264582e-03 8.484749289200427258e-03 8.494859944292871765e-03 8.533406610164157372e-03 8.565100024722171329e-03 8.472211874571202242e-03 8.436490631851738947e-03 8.512713738901023577e-03 8.419486028427281693e-03 8.489899840176470466e-03 8.458913163941312111e-03 8.502760267555718732e-03 8.536565206822747595e-03 8.474049103487655069e-03 8.520842385455132048e-03 8.534324939860542941e-03 8.456156060892779797e-03 8.480141653027604282e-03 8.480455035136327466e-03 8.437554166080796572e-03 8.487776541865200974e-03 8.509683514765865875e-03
7.800347079762130938e-03 7.793134518770685436e-03 8.058162015036072004e-03 8.042898454294115929e-03 8.064759839315883624e-03 7.836131966477852262e-03 8.074161752759233257e-03 7.806412222945871386e-03 0.000000000000000000e+00 8.025351001782383281e-03 7.774048649342306036e-03 7.813513594013292776e-03 7.764256551239838260e-03 7.798766275131512569e-03 7.838778367442971254e-03 7.783102169334673096e-03 7.772344928901421535e-03 7.836286618292942485e-03 7.774352981891682543e-03 8.062101977601330086e-03 7.790949002549405270e-03 7.819677134714186559e-03 7.836437826948296215e-03 8.030479282160843391e-03 8.064335099537762314e-03 8.023302737765396903e-03 7.814441711287948775e-03 7.822677894390756004e-03 7.806058899464893459e-03 7.783539097500466811e-03 8.058644294183155490e-03 8.065841301756884046e-03 8.228381055741468622e-03 8.224558294027821057e-03 8.014261283143198078e-03 8.212626514276033865e-03 8.223603092806877971e-03 8.207263755010137107e-03 8.292541998244610732e-03 8.240415201512000729e-03 8.243053592568314047e-03 8.298124299954917280e-03 8.235254744400776275e-03 8.226803320782200696e-03 8.298569630011725512e-03 8.211093881281446294e-03 7.937262620611763853e-03 8.200685158406322006e-03 8.221386630577179680e-03 8.269031120773104662e-03 8.264671045677294756e-03 8.196398291412091211e-03 8.270637189705035489e-03 8.223260052164622913e-03 8.278066184032805211e-03 8.239907635558792534e-03 8.238317810471578947e-03 8.250872685968005729e-03 8.263666083404980212e-03 8.223071840667646806e-03 8.268114152301109243e-03 8.260130997134646630e-03 8.235895600103963071e-03 7.968900926587158678e-03 8.431245954198345743e-03 8.194958004908284299e-03 8.385908541846221614e-03 8.439353217418258876e-03 8.354223354290538778e-03 8.448148541026673924e-03 8.382770861530745507e-03 8.423156580598925927e-03 8.423280286452144994e-03 8.477796848502206981e-03 8.385960567016912184e-03 8.421557484291505857e-03 8.411458399044139875e-03 8.391233612253062163e-03 8.409562850968757899e-03 8.400464302614710915e-03 8.409475857257646403e-03 8.356345185110587714e-03 8.435577536679297883e-03 8.387293648847592500e-03 8.390820130760565793e-03 8.451892597911658464e-03 8.451786828379017485e-03 8.143101933956498756e-03 8.415760728599900459e-03 8.374819280403657251e-03 8.403943902858972137e-03 8.399322043966392023e-03 8.385107759678106162e-03 8.464113690190096587e-03 8.343025682038943125e-03 8.459015703278354240e-03 8.398765513552038445e-03 8.444455437736706274e-03 8.431849904732930875e-03 8.391776150826694980e-03 8.411919539074977706e-03 8.393465314820698284e-03 8.509459654934808243e-03 8.393594440581953614e-03 8.471045088495500822e-03 8.453349314199670381e-03 8.398875254854746772e-03 8.425603451363183199e-03 8.440211471978643215e-03 8.473444248874010057e-03 8.498501499714766413e-03 8.402115751385122455e-03 8.372471374721763421e-03 8.453255129653440558e-03 8.360423766402998863e-03 8.427052203872686942e-03 8.397006091476918316e-03 8.441612813380327748e-03 8.476414328207618892e-03 8.404350364021321435e-03 8.461146434416037115e-03 8.467276869307002393e-03 8.394693259785233203e-03 8.417188094001709989e-03 8.422310374333169189e-03 8.383745115809117243e-03 8.427409155189337364e-03 8.450067514456909706e-03
7.770222893695992450e-03 8.023720590359993340e-03 7.816472795176632529e-03 7.767375311186022237e-03 7.779139343129624559e-03 7.817259253496359334e-03 8.050918023088290618e-03 7.786102207177867350e-03 8.025351001782383281e-03 0.000000000000000000e+00 7.999467550393884671e-03 8.023639277841478068e-03 7.792328386213509366e-03 7.780560811852067944e-03 7.796087589763237534e-03 7.760852293905210440e-03 7.762150277092667167e-03 7.795135337823681267e-03 8.020934967525723130e-03 7.809903277920910228e-03 8.027729334491241070e-03 8.033812364706870157e-03 7.808527523147569538e-03 8.034595414855797563e-03 8.022787430030608319e-03 7.770509943022974042e-03 7.760128851925369477e-03 7.807843558341683726e-03 7.774365856094076800e-03 7.793155135027203355e-03 7.787403852100860391e-03 7.775795616141342216e-03 8.230151027933741911e-03 8.233593384741118293e-03 8.251888285314425489e-03 8.228473451331319577e-03 8.239247581904243431e-03 8.202270981097201097e-03 8.281062084090335881e-03 8.228411234445951947e-03 8.263653178140394073e-03 8.275642726163249044e-03 8.264746814883022069e-03 8.239216961512491749e-03 8.302312623850881604e-03 7.994427350789335210e-03 8.203665783213132112e-03 8.160907016477933831e-03 8.218460818209044269e-03 8.288947081549605245e-03 8.256757138394429582e-03 8.191082435945575349e-03 8.259283865941883379e-03 8.218729716634639790e-03 8.264621591545218832e-03 8.231098114723512868e-03 8.024792185149634549e-03 8.254700075217081059e-03 8.262213201632961218e-03 8.226084000926630127e-03 8.276045524464273329e-03 8.257941825068981431e-03 8.276883310583654785e-03 8.253739018903135521e-03 8.439831153779863912e-03 8.436906078292770797e-03 8.414956131834195815e-03 8.470545088795373295e-03 8.363018877731094244e-03 8.455355506074747549e-03 8.404676245891848363e-03 8.444118539570858936e-03 8.446426793055281101e-03 8.511370592250213155e-03 8.406706550663967450e-03 8.445799801497778231e-03 8.433545497743683700e-03 8.420047004624921921e-03 8.431133578159905745e-03 8.424783565107632488e-03 8.430449454451335520e-03 8.366041991264391159e-03 8.459529840986282703e-03 8.407852796581712432e-03 8.414115600745751544e-03 8.476341789086037914e-03 8.473768811868299597e-03 8.393651302181266358e-03 8.448350062144839925e-03 8.395579747658532543e-03 8.426154789575346013e-03 8.429390357691409624e-03 8.396152814830953187e-03 8.489340873407301077e-03 8.370613540452988624e-03 8.491391957803242144e-03 8.410917693199158190e-03 8.451878251692320973e-03 8.447111155428007473e-03 8.392608712341332808e-03 8.411945483250374278e-03 8.408465673077274855e-03 8.518086072425535421e-03 8.417113086760658058e-03 8.480944632094960384e-03 8.456805216319447996e-03 8.412119526755636525e-03 8.432536159671356890e-03 8.449073880797391273e-03 8.492344487961944050e-03 8.516787484689059343e-03 8.425148526851637329e-03 8.370318972212957565e-03 8.470127019118828954e-03 8.367057508357271869e-03 8.434674343167447227e-03 8.402750240393963913e-03 8.449217021320143753e-03 8.484557592970278991e-03 8.431724204182448543e-03 8.480149140656931608e-03 8.478071256420789334e-03 8.400131207798687896e-03 8.423339650921426308e-03 8.429308671144327553e-03 8.389063705969437845e-03 8.444319611092491323e-03 8.467307024175193403e-03
7.790410159600814552e-03 7.775699208963687999e-03 7.810267722514888274e-03 7.786344205820256402e-03 8.040337901598606368e-03 7.819610365410624778e-03 7.820665934438015762e-03 7.789697846162210552e-03 7.774048649342306036e-03 7.999467550393884671e-03 0.000000000000000000e+00 8.016355274959202290e-03 7.767896827411614746e-03 7.778380182133180602e-03 8.019307811841893882e-03 7.769809792778701978e-03 7.780881686562574930e-03 8.023564107338287954e-03 8.019094142601214739e-03 8.047823033387566105e-03 7.760437430837399848e-03 7.793355586927540497e-03 7.797329867083475745e-03 7.763520279624517434e-03 7.814824670077600774e-03 7.788838088806165731e-03 7.996203076947079255e-03 7.788991391178749432e-03 7.776051495553758588e-03 7.764956737777939377e-03 8.053030078267268618e-03 8.052019576351874749e-03 8.210480888235253613e-03 8.010686686768067263e-03 8.249165124838302166e-03 8.208036139456061434e-03 8.213568094808977593e-03 8.201157001639890198e-03 8.281636810649148708e-03 8.232988274324453890e-03 8.244025745538867064e-03 8.282511465647134780e-03 8.251973001983544526e-03 8.226175256451247891e-03 8.299367712654086987e-03 8.218534327732219397e-03 8.198461233775137039e-03 8.168629721182504508e-03 8.199641777791810693e-03 8.292145593847860541e-03 8.246237848831368053e-03 8.215617151482199759e-03 8.267194100712223562e-03 8.222551102898913167e-03 8.276737033273952326e-03 8.243675260818513276e-03 8.020073179592837956e-03 8.250441969618280483e-03 8.271108249706164706e-03 8.225075645225069648e-03 8.278300778266868207e-03 8.254524343933410460e-03 8.246628617009301929e-03 8.231721073485067861e-03 8.445749836459808327e-03 8.428479656972480763e-03 8.414802520976561243e-03 8.470008522214375266e-03 8.363086215383818897e-03 8.464682105573800852e-03 8.403391149985726602e-03 8.444635245793575412e-03 8.445605799168623765e-03 8.511074622318405558e-03 8.406650502806313832e-03 8.452867865845599404e-03 8.426030024779627287e-03 8.420022066326875512e-03 8.430599498689936994e-03 8.435188595316075663e-03 8.430262620540066379e-03 8.374782470988571814e-03 8.467229287176931268e-03 8.413901247628932656e-03 8.414031482006992246e-03 8.476212308983429450e-03 8.473528386035437260e-03 8.383219344876615894e-03 8.448049558953589153e-03 8.394965148369026159e-03 8.427198607057680493e-03 8.429760860101994518e-03 8.396800131583295745e-03 8.489504748884855317e-03 8.370760957482466236e-03 8.491670035837353692e-03 8.399943840768111375e-03 8.448934950839792277e-03 8.444771261986658284e-03 8.397791262295655618e-03 8.417736636184912358e-03 8.406811379464829495e-03 8.515669345458066683e-03 8.414550780918192766e-03 8.469217074722781152e-03 8.454597976636245293e-03 8.409408647603543868e-03 8.440873113573056988e-03 8.445829691496995265e-03 8.482879367908488857e-03 8.514199652649576816e-03 8.422540910879931439e-03 8.367996444949826057e-03 8.459333566399935070e-03 8.365000698859231809e-03 8.432385164518142739e-03 8.400606204156290530e-03 8.447006840759146290e-03 8.481480479363649044e-03 8.421109023812888700e-03 8.478362366962781047e-03 8.475881077966408716e-03 8.398388173044271307e-03 8.420742543984838235e-03 8.426169809678168976e-03 8.378923451701386291e-03 8.443243698939067662e-03 8.465295999059921014e-03
7.822180974864242908e-03 7.823256597304827781e-03 7.825108165261458054e-03 7.812402093998670367e-03 8.034210568168357811e-03 7.828308884123055117e-03 8.049385314520948395e-03 7.846128824737940224e-03 7.813513594013292776e-03 8.023639277841478068e-03 8.016355274959202290e-03 0.000000000000000000e+00 7.767473129006387603e-03 7.814810807711276494e-03 7.848087721981311660e-03 8.035294020725860381e-03 8.042472577476119169e-03 7.856636400058332123e-03 8.044244028115397904e-03 7.849177806113563638e-03 8.004355731238416496e-03 8.028941226385722177e-03 8.085879992998198235e-03 7.779858673474531958e-03 8.050389319305770869e-03 7.809990135682561702e-03 8.022717619375162659e-03 7.834374416942745806e-03 8.033029475825395269e-03 7.797760040616552590e-03 8.055002675530380241e-03 8.015126646656618031e-03 8.176376846281960264e-03 8.183222878164893646e-03 8.186126384059378217e-03 8.157380880078335395e-03 7.965106294039452084e-03 7.938886314892706561e-03 8.230395209844464446e-03 7.957843350306326516e-03 8.198315242001489450e-03 8.243472492389134626e-03 7.974630545660200964e-03 8.175435813191227891e-03 8.244478568072161756e-03 8.179957285952004983e-03 8.153255625378094673e-03 8.142146139008807348e-03 8.187334947495770315e-03 8.235605273786857777e-03 8.195113408240870326e-03 8.154021343012109180e-03 8.191925037764580600e-03 8.171590260488940591e-03 8.239959140729672532e-03 8.191338283621641195e-03 8.198221686268138131e-03 8.216080640695904921e-03 8.215215440291778401e-03 8.182675759903267412e-03 8.221562903566190586e-03 8.207815846008674823e-03 8.225095271697627913e-03 8.184019113266084722e-03 8.374838912664822957e-03 8.371134721161199027e-03 8.357297048056424801e-03 8.403221031126926338e-03 8.297216952250368455e-03 8.396473732850889132e-03 8.353045877433032396e-03 8.385043244073239060e-03 8.378340350590228469e-03 8.450286486210403097e-03 8.341561879363475207e-03 8.389801265824933796e-03 8.377918683226542873e-03 8.362161649013339498e-03 8.364803745721655082e-03 8.376582506981070445e-03 8.371263330259719193e-03 8.317458174962235468e-03 8.394546851309598462e-03 8.350206822817075533e-03 8.355493610434258991e-03 8.419215259514575486e-03 8.415027314957610610e-03 8.329036346293521367e-03 8.373250762232321148e-03 8.327524574323471804e-03 8.360240886518823314e-03 8.372011720141108587e-03 8.340779890689547713e-03 8.433793282682748929e-03 8.310797649521282221e-03 8.434006424194640320e-03 8.343750704989133515e-03 8.386504750598379812e-03 8.372135611655711490e-03 8.313421052559581345e-03 8.336416797016389657e-03 8.332743485083253174e-03 8.440864781499659436e-03 8.333670731139270274e-03 8.388979201576361039e-03 8.389162862739643969e-03 8.335570011612815355e-03 8.140220859353253582e-03 8.365389737040259538e-03 8.425642524000619485e-03 8.439362976073937553e-03 8.348821424183302392e-03 8.311556581005951141e-03 8.380244082451367149e-03 8.292595635824098060e-03 8.351562279289619084e-03 8.328144960497387353e-03 8.373665724658583762e-03 8.400141664662576571e-03 8.349965962969337074e-03 8.399523156290949685e-03 8.410073679052863099e-03 8.326655116965469075e-03 8.347948893287104877e-03 8.347107792246535179e-03 8.308179425022238496e-03 8.361842332651595044e-03 8.167843258085368333e-03
