0.000000000000000000e+00 7.045511619651403934e-03 7.020758834537408136e-03 7.032003036307495417e-03 7.028482626968239437e-03 7.034040149319538589e-03 7.014909983733980288e-03 7.011870962199238597e-03 7.018118525656803081e-03 7.015372457779027980e-03 7.036348148486419769e-03 6.983109003205245462e-03 7.021909098394535365e-03 7.003112000707689688e-03 7.024441192564267675e-03 7.030169985225940936e-03 7.023871135826384102e-03 7.021350546639891325e-03 6.986759196243399507e-03 7.024299627410073889e-03 7.025838277868400560e-03 6.991972452392486263e-03 7.030063030060937704e-03 7.040903375499865842e-03 7.038195091040094428e-03 7.022487792772554201e-03 7.031754620070237646e-03 7.033706246380852165e-03 7.032794912974243279e-03 7.043257928003691069e-03 7.033405198104781229e-03 7.024900812387885850e-03 7.029713592750846604e-03 6.975462674039452707e-03 7.027285368332861042e-03 7.006896406617023343e-03 7.024566183255289732e-03 7.025220925116497719e-03 7.016858709633285243e-03 7.029671671152579182e-03 7.023111240649715717e-03 6.965046693277678232e-03 7.034068049438038824e-03 7.029108826908406389e-03 7.031711251464666315e-03 6.961799258934661325e-03 7.021373644786013668e-03 7.027692690341777113e-03 7.029617226770750772e-03 7.020984707497198059e-03 7.033371458546269599e-03 7.018900355662801953e-03 7.031000196287146183e-03 7.024173125379877362e-03 7.019000865911373052e-03 7.019708850638237303e-03 7.036528769258700369e-03 7.020445050275134907e-03 7.024942512427081835e-03 7.017037433462396459e-03 7.027702214474942401e-03 7.027106925737743384e-03 7.030450209415788250e-03 7.024278071900657422e-03 7.016893463576278668e-03 6.938850483297663921e-03 6.967567296008160722e-03 7.015217797280220817e-03 7.018769576639236583e-03 7.024626069890607151e-03 7.027467300257761278e-03 7.020544075939794473e-03 7.028881217961090860e-03 7.020354929746521443e-03 7.024287850276643083e-03 6.921517423078712115e-03 7.026538666109787695e-03 7.024666708169948620e-03 7.029791538266307038e-03 7.021950248913797453e-03 7.021413059652130244e-03 7.028543404551593557e-03 6.933864548712154359e-03 7.020212972906809436e-03 7.022104952860403794e-03 7.019341334452539570e-03 6.943940424967987024e-03 7.028235226222679342e-03 7.020162611418697719e-03 6.934015393400335715e-03 7.020483729177862293e-03 7.025369868554350028e-03 6.937321659149259245e-03 7.023186740410929454e-03 7.020985894994041104e-03 7.020859177196014760e-03 7.025486399980586036e-03 7.025158684995817110e-03 7.027765434168859772e-03 6.952028576222057769e-03 6.921008709675127019e-03 7.021089940002222217e-03 6.882266355346595629e-03 7.025917447864535835e-03 7.024058976774313033e-03 7.026780232283863850e-03 7.031778657867915339e-03 7.029275619865207533e-03 7.016869350114301497e-03 7.029746969036777815e-03 7.025756160428469309e-03 6.921767565679553223e-03 7.019389516450285325e-03 7.020030149530592789e-03 7.017566644884351904e-03 7.027100965605943828e-03 6.887340459323734905e-03 7.025541848552118059e-03 7.027572150442886606e-03 7.024525450917789432e-03 7.024668655499981089e-03 6.889195206311048841e-03 7.026391218608609400e-03 6.885506748833279678e-03 7.026082653117435468e-03 7.022786655217201288e-03 6.888796036157332318e-03 7.025866853847571175e-03
7.045511619651403934e-03 0.000000000000000000e+00 7.029304555585522141e-03 7.024618217150989732e-03 7.026445676719097512e-03 7.023765737441728732e-03 7.032725947528880098e-03 7.006315267436879005e-03 7.019105523473274585e-03 7.017739446485252684e-03 7.038950340638219436e-03 6.987917951684573768e-03 7.030302926690983056e-03 7.031594668297764736e-03 7.026685856527613988e-03 7.032037120276959929e-03 6.996337270599487304e-03 7.036643178705600209e-03 7.027917043446837986e-03 7.029439428935194828e-03 7.035793979031771707e-03 7.020338207664225325e-03 7.019699773203436945e-03 7.017247983910858064e-03 7.022297308631983946e-03 6.993941375731072170e-03 7.029460058236658947e-03 7.027626405435423440e-03 7.036112762101298483e-03 7.032146143795115108e-03 7.037664308449456847e-03 7.026056854344688019e-03 7.024832345135462695e-03 6.981268447915698998e-03 6.976563682536667671e-03 7.038212552527440755e-03 7.030453469476837490e-03 7.024364671610812058e-03 6.972634276305024123e-03 7.033131365134963689e-03 7.029795129858633536e-03 7.021898959279972673e-03 7.001007933134271305e-03 7.029089216038694396e-03 7.033819093107789890e-03 7.027785590186640813e-03 6.965338241125626148e-03 6.964077137433253087e-03 7.028272954447294107e-03 6.980427652870276056e-03 6.992400081386017027e-03 6.896621687413013145e-03 7.036032421115525487e-03 6.923785475372892101e-03 6.896123978195265770e-03 7.023011802216450397e-03 7.039298758332022433e-03 6.923690383024293411e-03 6.925975773668233658e-03 7.023651048260943532e-03 7.035001540569576009e-03 7.022955506778294672e-03 7.026664079247438646e-03 7.027880130432990168e-03 7.033381965469128264e-03 7.027340619236262069e-03 7.032461139685076273e-03 7.024444261787802721e-03 7.028288367927764367e-03 6.945588028387968994e-03 7.033255748441382196e-03 7.023692622966478533e-03 7.025846566707487882e-03 6.894216457905931808e-03 7.029112797481453824e-03 7.031046033329719190e-03 7.032211393453300340e-03 7.028021347919863673e-03 7.034029957903438664e-03 7.023857506950210647e-03 7.033014334516723975e-03 7.028433352865573296e-03 6.941285079440717189e-03 7.027975107916577258e-03 7.025791097679296056e-03 7.027972273326434788e-03 7.024274588814412648e-03 7.031400547881430478e-03 7.025658350981146653e-03 7.026761546014417999e-03 6.889534096552169147e-03 7.028316011860435107e-03 6.947119469340824749e-03 7.024702609211447638e-03 7.024281679265074151e-03 6.927830426752586666e-03 7.032308589540492948e-03 7.020341309588559037e-03 7.036101731416919552e-03 7.031909941841533833e-03 7.031457854755332124e-03 6.926172467088887071e-03 7.021243899200574172e-03 7.028915111262723156e-03 7.034091621292143728e-03 7.029882193859461788e-03 7.030929212745878204e-03 7.026431077610311923e-03 6.895512574957053664e-03 7.028079288021727572e-03 7.029842388100090815e-03 7.028374916659760677e-03 7.022794324321493878e-03 7.034097579081194027e-03 6.926450156057307496e-03 7.024512911682846521e-03 7.026832859679637590e-03 7.025295092678885377e-03 7.031409996226012891e-03 7.031685692755571850e-03 7.035895020893048919e-03 7.024615005141104235e-03 7.029688635848289902e-03 7.025411073443280606e-03 6.925709310045464508e-03 7.025833636631098958e-03 7.025549147230741344e-03 7.029323683760489716e-03
7.020758834537408136e-03 7.029304555585522141e-03 0.000000000000000000e+00 7.009696825909757407e-03 7.013528278080115134e-03 7.017245281785723307e-03 7.012022070460944938e-03 6.991124086859415963e-03 6.999180915430104795e-03 7.018463635090094188e-03 7.015140520669069929e-03 7.013145312890678787e-03 6.983654421334513883e-03 6.981928486942602652e-03 6.993185139197552642e-03 7.012197375134919183e-03 7.006203819499370183e-03 7.013148776932947963e-03 7.011620151985038796e-03 6.984728897858682312e-03 7.015080259006091674e-03 7.013314448376757257e-03 7.015946278543165431e-03 7.027937203193668214e-03 7.000779780177949531e-03 7.009529255583615490e-03 6.983846059660092122e-03 7.024222611916084748e-03 7.016103494195661920e-03 7.035337201423960858e-03 6.993621578667441434e-03 6.957881689167122637e-03 7.011854942885711872e-03 6.952642686961632741e-03 7.009517907557961773e-03 7.018980419293298183e-03 6.954380226893928582e-03 6.961773477996343988e-03 6.945749267015019664e-03 6.949390334528906914e-03 7.005013190977274831e-03 7.003924607492948221e-03 7.016478287691846512e-03 6.951168530507037362e-03 7.015300088817257723e-03 7.007008666801006237e-03 7.012518262991305519e-03 7.011179949229229269e-03 7.010258156307055087e-03 6.949032961962971038e-03 7.013815797210359859e-03 6.999966473154635958e-03 7.015118849404844946e-03 7.004028820967611417e-03 7.001774404207859563e-03 7.003578545425306369e-03 7.015554229775170479e-03 7.003700641684678339e-03 7.008913526370229817e-03 7.004376182938186826e-03 7.014538452452793831e-03 6.937009986195613077e-03 7.011492523299007670e-03 7.006144664484410811e-03 7.013810882020778993e-03 7.009342576551409916e-03 7.012852609958025903e-03 7.007874696510573050e-03 7.005667474382699933e-03 7.007032546361139334e-03 7.014295582678149038e-03 7.001535520174263609e-03 7.002050840053909361e-03 7.002809379787315776e-03 7.011669143660302292e-03 7.000190274517194451e-03 7.010743434184060936e-03 7.006718791735098810e-03 7.011244865938562852e-03 7.007382106158194582e-03 7.012472924573001989e-03 7.009184319298705432e-03 7.012654702452038487e-03 7.007690212451016427e-03 7.004987726488425687e-03 7.006979004818513629e-03 7.011017329877875480e-03 7.001458705226389773e-03 7.005661993171486725e-03 6.997058454026561583e-03 7.002633103781518396e-03 7.007209486421027075e-03 7.008553029313668511e-03 7.005196409447436018e-03 7.005393297734638543e-03 6.901093666495806099e-03 7.019966825513577514e-03 6.997847358157303042e-03 7.010160517100491422e-03 7.014700615618282495e-03 7.009890261974291610e-03 7.006672327001499043e-03 7.007650232956941748e-03 7.007247836120235850e-03 6.870054379177376568e-03 7.008683109107057517e-03 7.014243469002211066e-03 7.012532156691351007e-03 7.003858422535276691e-03 7.010895066880540663e-03 7.009065973511136374e-03 6.900029342258107504e-03 7.000081027410802806e-03 7.014074762683738563e-03 7.009541980081923813e-03 7.010362907592947862e-03 7.005942354941220758e-03 7.004495562647058624e-03 7.007737289966246320e-03 7.006156432148586376e-03 7.013995486560898641e-03 7.003709011832589919e-03 7.008330506476706176e-03 6.868592600619242462e-03 7.009951140957508195e-03 7.004649360962797791e-03 7.010782275256762820e-03 7.008556349870797252e-03
7.032003036307495417e-03 7.024618217150989732e-03 7.009696825909757407e-03 0.000000000000000000e+00 7.008357826697358788e-03 7.018189169270563042e-03 7.010348638242347441e-03 6.989758558163902680e-03 7.018237001453571725e-03 7.019115290899696942e-03 7.026812823665019338e-03 6.968062194725283334e-03 7.002092958131050753e-03 6.986240636722641957e-03 7.014007968378638616e-03 6.973748967055558995e-03 6.975111837767682468e-03 7.018107138431239553e-03 7.011918342956483322e-03 7.008531343039314972e-03 7.005851438970853162e-03 7.012633690606462529e-03 6.992487700443770181e-03 7.028309587211453019e-03 7.017043985664117751e-03 6.971395978139345584e-03 7.014541329613646278e-03 6.991824813122065121e-03 7.008459565780784072e-03 7.033301366520462033e-03 7.020920052134771265e-03 7.002770948760260634e-03 7.009571430315978194e-03 7.009348561481923770e-03 7.008668291668285026e-03 6.983037605101601736e-03 6.953221868664819644e-03 7.016181371860471909e-03 6.943642492522321408e-03 7.012378742505169862e-03 7.008011305759074064e-03 7.005744950462684632e-03 7.017349843542964628e-03 7.014987844904832168e-03 6.975703303992257347e-03 7.006162990718660562e-03 7.012186959621576759e-03 7.011402531515013338e-03 7.010691256438179170e-03 7.009109164325647186e-03 7.015545431519634029e-03 6.867292734000894454e-03 7.013188542024185144e-03 7.007302870320915138e-03 7.002334208671199926e-03 7.003489382683482888e-03 6.976930092666007791e-03 7.003366121158901940e-03 7.009550984278033886e-03 7.004953982160109713e-03 7.014649107794633867e-03 7.013052908288368650e-03 7.013386611374738087e-03 6.897082166856728647e-03 7.015245598816204770e-03 7.010062651394895553e-03 7.015148139150629084e-03 7.009573760502231347e-03 7.006181450864816182e-03 7.005650329260975674e-03 7.010201756359203326e-03 7.003040145232674284e-03 7.011880025096789079e-03 7.001249816535755864e-03 7.009630443270606186e-03 7.009196622151549552e-03 7.011560354810359059e-03 6.897478840749897075e-03 7.014707143764909933e-03 7.006316444300528939e-03 6.920217962848179000e-03 7.010982934247048451e-03 7.014680685071703926e-03 7.007287033990736505e-03 7.004568898053630671e-03 7.006400495664128099e-03 7.011497594695288889e-03 7.012327018344905079e-03 7.003154745805831305e-03 7.005650503684261385e-03 7.008406507104701991e-03 7.007153339456226489e-03 7.008942975350355813e-03 6.895611929685651655e-03 7.007966014727915957e-03 6.897854141959020198e-03 7.019518713855963689e-03 7.001700443068853766e-03 7.015859208602390727e-03 7.014864420530045677e-03 7.010618184436874338e-03 7.005407953646436078e-03 7.007854713753658600e-03 7.007480707060365945e-03 7.011801463176827419e-03 7.009677140132985693e-03 7.014268772154897899e-03 7.012846219976616446e-03 7.003422610137479201e-03 7.003354148196664838e-03 7.000860041333245229e-03 7.011141703064125395e-03 7.002379788718274267e-03 7.013126582227653845e-03 7.010143910563984386e-03 7.008824740661407510e-03 7.006240080241719036e-03 7.008102939680958474e-03 7.000204292309771328e-03 7.008763819286910335e-03 6.921293111791728889e-03 6.999288080137101159e-03 7.009936189738850965e-03 7.003691684870963149e-03 7.010400289345694938e-03 7.005638791315100047e-03 7.007087415039813666e-03 7.010964852127918312e-03
7.028482626968239437e-03 7.026445676719097512e-03 7.013528278080115134e-03 7.008357826697358788e-03 0.000000000000000000e+00 7.017638847980121539e-03 7.011224129342636356e-03 6.986504492087606058e-03 7.001599677917010565e-03 6.998517203177628473e-03 7.016654335446617305e-03 6.972201333774580810e-03 6.983419434467891609e-03 7.013334060664026294e-03 6.991761575287532872e-03 6.980528963314863375e-03 6.975875395088002549e-03 7.014921052082941609e-03 6.974801210303044167e-03 7.008245813095818726e-03 6.987830219696444627e-03 6.966245339853033118e-03 7.015501419750928835e-03 7.019238013720598135e-03 7.022105866991370897e-03 7.006832023621920556e-03 7.013911760828654696e-03 7.025729057168028646e-03 7.014064804263853842e-03 7.037673985078263250e-03 7.016725590344938430e-03 7.005492250692528684e-03 7.005302074050313334e-03 7.007627302338261845e-03 7.012643933061113444e-03 7.022149521390842059e-03 7.009545954157082176e-03 6.962353503892861582e-03 7.007277933381768700e-03 7.009430959831785754e-03 7.003365748262603031e-03 7.003373151895119983e-03 7.012694578255299419e-03 7.016372644771823493e-03 7.015127802039462096e-03 7.012996094086257522e-03 7.012348499351278922e-03 6.938418568585621310e-03 6.959936202220577857e-03 6.949556285097578320e-03 7.014139895968979528e-03 6.871191192019019192e-03 6.957860300600585829e-03 7.006344882337464663e-03 7.000948364069317989e-03 6.999881220638548562e-03 6.979598800854004692e-03 7.002045337114082453e-03 7.007030321737770136e-03 7.006472846167228000e-03 7.014946629283791944e-03 7.011399751381564363e-03 7.002210201323785799e-03 7.004802202457363451e-03 6.951390536513816880e-03 7.009440419483978398e-03 7.015098716580661121e-03 6.935548175398208691e-03 7.006381942513508106e-03 7.000975607963046653e-03 7.010119893111979757e-03 7.002783483113969240e-03 7.009664262689302254e-03 7.002546291420316815e-03 7.011373060883860885e-03 7.008789071474535136e-03 7.011116855195565802e-03 7.006688917096506007e-03 6.938807601425284535e-03 7.002225297354572331e-03 7.011934839105356428e-03 7.008316424510848026e-03 7.012066144707627784e-03 7.003667127460370262e-03 6.869250392051632834e-03 7.003412465698756126e-03 6.923355075748619143e-03 7.011657684880329665e-03 7.005749171613099083e-03 7.008458900676968299e-03 7.005699524693068288e-03 7.001171483425452056e-03 7.008738209866503983e-03 7.004930227167879483e-03 7.005684685710468311e-03 7.010220027389398208e-03 7.018970895199566629e-03 7.007641082311848527e-03 7.015423427013749678e-03 7.015180241973405055e-03 7.007932881570959165e-03 7.005661206578280356e-03 7.006857689684462334e-03 7.008517095529575268e-03 7.011787586665528017e-03 7.009310454451173240e-03 6.903464363853232047e-03 7.008818458684738621e-03 6.998147503680171924e-03 7.012360797104473173e-03 7.005511714235618421e-03 7.008893800637047526e-03 7.001538732435245993e-03 7.007203600347507860e-03 7.007456564136528739e-03 7.002068642894489561e-03 7.000102497324078854e-03 7.004837609709871002e-03 7.007965526126585555e-03 7.008096375520827225e-03 7.013496515325477743e-03 7.004832402288448980e-03 7.009239581656298221e-03 7.004273934664106624e-03 7.009137759486909480e-03 7.004440906657925618e-03 7.009114532375774857e-03 7.014765159211316069e-03
7.034040149319538589e-03 7.023765737441728732e-03 7.017245281785723307e-03 7.018189169270563042e-03 7.017638847980121539e-03 0.000000000000000000e+00 7.003621519887657035e-03 7.012604624346102135e-03 7.000606763057370258e-03 7.025745097627775562e-03 7.030874557917483371e-03 7.008892907433259684e-03 6.981397786620395854e-03 6.988012522089441167e-03 6.992780460275372159e-03 6.981642520694483767e-03 7.008728769497418569e-03 6.994111908024417713e-03 7.009685914432505285e-03 6.983539017863735210e-03 7.018301000131841813e-03 7.015845240659756600e-03 6.996642515714409510e-03 7.017546596016169952e-03 7.004754981216624633e-03 7.009354307642015787e-03 7.022935479902363623e-03 7.019239851254587687e-03 7.018956894936474560e-03 7.018292914548777614e-03 7.020401025665946697e-03 7.010188798209381067e-03 7.014147912667110379e-03 7.011425896208040888e-03 6.960400620856950320e-03 7.025202876679442938e-03 7.010329406814974976e-03 7.019145568495163343e-03 7.007733186248627129e-03 7.007558955207104055e-03 6.943803707272646827e-03 6.945747475078204586e-03 7.013367938574865783e-03 7.015194900361493464e-03 7.013547906060881888e-03 7.012128127148678156e-03 6.942631877611734476e-03 7.013375993661623113e-03 7.011568574863627328e-03 7.010884731800090357e-03 7.017725647695389340e-03 7.003120020816375364e-03 7.019035411231725613e-03 7.000538281139411824e-03 7.005098329091733432e-03 7.006215530944967344e-03 7.025648847164256069e-03 7.006011959294036924e-03 7.009557739927359428e-03 6.918358521905781065e-03 7.017846917069802369e-03 7.015259653286998534e-03 7.015329670856134368e-03 7.008295651241953049e-03 7.018317914306106131e-03 7.007836030635254676e-03 7.017803076303162114e-03 7.011434819556142985e-03 7.009931137555882111e-03 6.921797315483545904e-03 7.013962285352121594e-03 7.005162526087025179e-03 6.903077596043973377e-03 6.869497335531493665e-03 7.011511999664508075e-03 7.011646868845773824e-03 6.917259201727736333e-03 7.009613295697983935e-03 7.015059054043822941e-03 7.009882249426979337e-03 7.015161148957235228e-03 7.009477829526342650e-03 7.017260422373652537e-03 7.009304095025955042e-03 7.007957053599463831e-03 7.008971531947349141e-03 7.013488222476922315e-03 7.013548487618530280e-03 7.008046331330324702e-03 7.011229837736478177e-03 7.009083827187444563e-03 7.009667247469425835e-03 7.011006454131300455e-03 7.006292371867261712e-03 7.005803930168545170e-03 7.012873151075162126e-03 7.017138495950814292e-03 7.010298978599729773e-03 6.922222549068050151e-03 7.015150175729021123e-03 7.012907868469530313e-03 7.008919662014851532e-03 7.007468352173611657e-03 7.010786355466825000e-03 7.008828289213501171e-03 7.011565145311555308e-03 7.010779099525657650e-03 7.014905742187091398e-03 7.006517194258574804e-03 7.015279132631082465e-03 7.011465621364840368e-03 7.007205086702352620e-03 6.870960442138950193e-03 7.016197210858581522e-03 7.013827895368657077e-03 7.012593916284387031e-03 7.008170620631707683e-03 7.004426040331423325e-03 7.012955028593918436e-03 7.013154087859941287e-03 7.017534118558793610e-03 7.007926298702348705e-03 7.011938031411877117e-03 7.006974559953942604e-03 6.900575194633459461e-03 7.007626299774425208e-03 7.015127026670123916e-03 7.005702315619088960e-03
7.014909983733980288e-03 7.032725947528880098e-03 7.012022070460944938e-03 7.010348638242347441e-03 7.011224129342636356e-03 7.003621519887657035e-03 0.000000000000000000e+00 7.011698481583283904e-03 7.017985535175107377e-03 7.017202859711728184e-03 7.029909760458994371e-03 6.979623530118233068e-03 6.996702777984289447e-03 7.008564556301981156e-03 7.005660072398580546e-03 6.999902842054989659e-03 6.994242358561782169e-03 7.012764764911780073e-03 7.021797433876169128e-03 7.000950549839618856e-03 7.021038644195192260e-03 6.993806208094991740e-03 7.003881544916267486e-03 7.021099207420865469e-03 7.018207698682963312e-03 6.993978102500914527e-03 7.005600802059963432e-03 7.021083992302824990e-03 7.021014982737812903e-03 7.045377926817037416e-03 7.026491312085591905e-03 7.013521834603859972e-03 6.983773109241060185e-03 7.018785733600004136e-03 6.984988064667591728e-03 7.027782536226674821e-03 6.971247696080780550e-03 7.024730930506384481e-03 7.021334495864563555e-03 7.017941761436712056e-03 6.961891674290913469e-03 7.018514576212908987e-03 7.023527165162572750e-03 7.026426467343191602e-03 7.034962218099123470e-03 7.015653066502242248e-03 6.962217761609720314e-03 7.021745557752076539e-03 6.976803622563797561e-03 7.021079997467484859e-03 7.025722129187674317e-03 7.012803546651514598e-03 7.026654802189525109e-03 7.017638522683741428e-03 7.012497752827099619e-03 7.016254461321196068e-03 7.036596409508617117e-03 6.918715594037459608e-03 7.021089015069897910e-03 7.013561349404917947e-03 7.020833203260218314e-03 6.957818215275454743e-03 7.021386290441590169e-03 7.018845899216728974e-03 7.020678914138947513e-03 6.933461501332378527e-03 7.025790933998419911e-03 7.012367134737428065e-03 6.938916100113650710e-03 7.019255174561780247e-03 6.970318678932024836e-03 6.890898727707868258e-03 7.022664828168450127e-03 7.013714550642534927e-03 7.021736588783212066e-03 7.020731997156026694e-03 6.940420761615699423e-03 7.019935921867344331e-03 7.018680547127248252e-03 7.020381214656565109e-03 7.024453903380970671e-03 7.023580493611328648e-03 7.018625749958784001e-03 7.020020406679797556e-03 7.017388397469667694e-03 6.886114627690501609e-03 6.943932305978416965e-03 7.024905206474865542e-03 7.015861949017684722e-03 7.021608504282923942e-03 7.016271030290775236e-03 7.020480852028247384e-03 7.012848584512087514e-03 7.014575874763825068e-03 6.918690065361628345e-03 7.022750857717546639e-03 7.032970622809024339e-03 7.017454851542664733e-03 7.017652530365789572e-03 7.018970665762620624e-03 7.019024699387830211e-03 7.019605648757800895e-03 6.888331375679898790e-03 7.021279980578086673e-03 7.025956064627425675e-03 7.021768115877615075e-03 7.024130895435578073e-03 7.025071357501039976e-03 7.011730899272352636e-03 7.021736793238753105e-03 7.022415932804703005e-03 7.021972095938669792e-03 6.888937415704535390e-03 7.020640840365081209e-03 7.022400972459559750e-03 7.023299202585162396e-03 6.890383185647940521e-03 7.019822038786856754e-03 7.023632889002063943e-03 7.021499612876684789e-03 7.026800891374741960e-03 7.019278412639952044e-03 7.022899725527010847e-03 7.016925411321327938e-03 7.020796448401211282e-03 7.018306191772048092e-03 7.024420371771431318e-03 7.023803041100994474e-03
7.011870962199238597e-03 7.006315267436879005e-03 6.991124086859415963e-03 6.989758558163902680e-03 6.986504492087606058e-03 7.012604624346102135e-03 7.011698481583283904e-03 0.000000000000000000e+00 7.026208093817360931e-03 6.990561586866878181e-03 7.013833585595688827e-03 6.969125280264066788e-03 6.982449281375761180e-03 6.986871394270149048e-03 7.010075954509877548e-03 6.978094815452861276e-03 6.997992166933726145e-03 7.013126009505240080e-03 7.009002744900465383e-03 7.012648239331936012e-03 7.012750520280312642e-03 7.007852558759057431e-03 7.015029613048376703e-03 6.990394488422518177e-03 7.015756526794595521e-03 6.967780342918559675e-03 7.017756388420988076e-03 7.023088840246067416e-03 7.013125355725190885e-03 7.018446880430869068e-03 6.991755530594644281e-03 7.005123859263210316e-03 7.005071216416898158e-03 6.953058252018045997e-03 7.010528041978329912e-03 7.020480804245772359e-03 7.006508947332774559e-03 7.013935401503301748e-03 7.005723553208309182e-03 6.947584697467840999e-03 7.000941916657545117e-03 7.003120754989865596e-03 7.012743649751408161e-03 7.014039246114381169e-03 7.016790099150360845e-03 7.010266063395611917e-03 7.009938770268567092e-03 6.936290877639490933e-03 7.009677983625072634e-03 7.004056008122822551e-03 6.961193870987955439e-03 6.998165829268503460e-03 7.013401193238857911e-03 7.004183630536500380e-03 6.999539349137951991e-03 6.999095334952780238e-03 7.021301884647408904e-03 7.000359789345642937e-03 7.004364162389233039e-03 7.003949768435082691e-03 7.010605505637411763e-03 6.999716920817731537e-03 7.010145648851095861e-03 7.002970080860757181e-03 6.948256437929843307e-03 7.007092914352609607e-03 7.012404617711893648e-03 7.006016947313002674e-03 7.004598287108721247e-03 6.911819939498706732e-03 7.010402987279574713e-03 7.000101982123577669e-03 7.008669859538038324e-03 6.999618604773300869e-03 7.009191994096464554e-03 7.007266983945182118e-03 7.008705940918731440e-03 7.003496989189711593e-03 7.009708117351762767e-03 7.001204855202345159e-03 7.009935208514033421e-03 7.004414826761284039e-03 7.011468288252813846e-03 7.004046423767504477e-03 7.001647220757119781e-03 7.004369760730645017e-03 7.000456942131787035e-03 7.007800461354234990e-03 7.002493961933206092e-03 7.005728938983088461e-03 7.004913196295670455e-03 6.998790508182183359e-03 7.005714023946360211e-03 7.002151384880680139e-03 7.004184916876303284e-03 6.998012473005888433e-03 7.017794354736045168e-03 6.866389657080214544e-03 7.012983440455968116e-03 7.013458608120045831e-03 7.004490815865523946e-03 7.003741884993501185e-03 7.004836271777925213e-03 7.005204859394205223e-03 7.009969494068919900e-03 7.006850774687207843e-03 6.896530122834681337e-03 7.008056671514631582e-03 6.867719987809519505e-03 7.008018082594331087e-03 7.006211977746737776e-03 7.007763190984342243e-03 6.996482830756497497e-03 7.010967418644436719e-03 7.007641602495211924e-03 7.000776043925613368e-03 7.000658859471937945e-03 7.002463402915091485e-03 7.008037074198907382e-03 7.003150231859099281e-03 7.012761515352672163e-03 7.003066142568594582e-03 7.005138800319215577e-03 7.001742481815445215e-03 7.007508535340458561e-03 7.001356416411093353e-03 7.008668664885310019e-03 7.012635797594157089e-03
7.018118525656803081e-03 7.019105523473274585e-03 6.999180915430104795e-03 7.018237001453571725e-03 7.001599677917010565e-03 7.000606763057370258e-03 7.017985535175107377e-03 7.026208093817360931e-03 0.000000000000000000e+00 7.012946814989332034e-03 7.033483343583524575e-03 7.015579263216028053e-03 7.015734985406807400e-03 7.025998295011450477e-03 7.019525988925343074e-03 7.018961200424909952e-03 7.020668457266143227e-03 7.031537094967328302e-03 6.986705037427433720e-03 7.019520331926725268e-03 7.021776772837725646e-03 7.026259645885237631e-03 7.031330872098089622e-03 7.042572883483741442e-03 7.038043694621390692e-03 7.023087455953221266e-03 7.021412154620809525e-03 7.036178391181141870e-03 7.029516318430473372e-03 7.035404159072952170e-03 7.002170569429293050e-03 6.971852551064428201e-03 7.025580753323538985e-03 7.019057349581783213e-03 7.026674713766960581e-03 7.037505567799772800e-03 7.022799300674857116e-03 7.030388345698724249e-03 7.017761457823360784e-03 7.018060288766241397e-03 7.018494639980055183e-03 7.019180112364448339e-03 7.020002545940148136e-03 7.017115020733628340e-03 7.028776413080787058e-03 7.026530623959270985e-03 7.017409922446446111e-03 7.024505127343676734e-03 7.027075571003055417e-03 6.963153266516938431e-03 7.030156165823090580e-03 6.883445757432004458e-03 7.021017096805914036e-03 6.913294838394088912e-03 7.015974337268584930e-03 7.015824617283224901e-03 6.992211918353380233e-03 6.908476452660221138e-03 7.022280902600481003e-03 6.932673091949804849e-03 7.028504300602160006e-03 7.026510789840257135e-03 6.930163547641927067e-03 6.905010865724050227e-03 7.024092902140051040e-03 7.019905072792792522e-03 7.029312714316423953e-03 7.021501664755065535e-03 7.020234022630092441e-03 7.020454911823104625e-03 7.028855205015356773e-03 7.015260787899177918e-03 7.018899588808740798e-03 7.015876354845893004e-03 7.025435791979494152e-03 7.022111825015476226e-03 7.015844937016106446e-03 7.020203619055999204e-03 7.026650663130330765e-03 7.019232572171395582e-03 7.017383257495142697e-03 7.024914291325983461e-03 7.028077223051505847e-03 7.021056558522557542e-03 7.013526203088267519e-03 7.020540665057905041e-03 7.024472729255047329e-03 6.937188293595121687e-03 7.019751775508707020e-03 6.927519049504571487e-03 7.021650710096964676e-03 7.017158473876573301e-03 7.021743739415235198e-03 7.019275699675415862e-03 7.020764540525015023e-03 7.019416640372223674e-03 7.032728667261581301e-03 7.021661700450095717e-03 7.028520399535070733e-03 7.026177597854043819e-03 7.023613485930503900e-03 7.019356511548387016e-03 7.020714083793956964e-03 7.021791920405771013e-03 7.020487193813682719e-03 7.023222508841318878e-03 7.027510222514399968e-03 7.026203885120149012e-03 7.017172734285139109e-03 7.026530817312408306e-03 7.021190029557596024e-03 7.012573987219188586e-03 6.882339537402100589e-03 7.027704707641533113e-03 7.025005044141155106e-03 7.022647325698142852e-03 7.019331941435409845e-03 7.021546164572402618e-03 6.877055146234201805e-03 7.019678430434510633e-03 7.018833313309326763e-03 7.018015382735083053e-03 7.024097869863588257e-03 6.878300139502159342e-03 7.012819807974777359e-03 7.018333029134873197e-03 7.025728525979701815e-03 6.884778395844928268e-03
7.015372457779027980e-03 7.017739446485252684e-03 7.018463635090094188e-03 7.019115290899696942e-03 6.998517203177628473e-03 7.025745097627775562e-03 7.017202859711728184e-03 6.990561586866878181e-03 7.012946814989332034e-03 0.000000000000000000e+00 7.013312077796090595e-03 7.020421568962767304e-03 7.013436691244950665e-03 7.020639201590085296e-03 7.021458611130732344e-03 7.015194385770147367e-03 7.007165537745290232e-03 7.021716521975816631e-03 7.009325184165813086e-03 7.022324884019196314e-03 6.994737843925473778e-03 6.976674146481621520e-03 7.024631261909705660e-03 7.030099329864639666e-03 7.020823765114891403e-03 7.013789177243028722e-03 7.024870253846935558e-03 7.000939195144150265e-03 6.977784960613921637e-03 7.041837151151169281e-03 7.029830563888795833e-03 6.965703171804869982e-03 7.019101061644619777e-03 7.016152903266721294e-03 7.012185284851645516e-03 7.023825468583126327e-03 7.014188602252370563e-03 7.023892713808907277e-03 7.014919911253518492e-03 7.019371778447179057e-03 7.016201941820628986e-03 7.013153257437266218e-03 7.016532801014555704e-03 7.023857334057732535e-03 7.029934851065531252e-03 7.015497917712520438e-03 7.019716384948927398e-03 6.934112978831960018e-03 7.020953358055042129e-03 7.009962632405246016e-03 7.014859040650441371e-03 7.008211820264626489e-03 7.014982489612845394e-03 7.014071838819356183e-03 7.007996765170809370e-03 6.873609721673932561e-03 7.015034962409770654e-03 7.011045709336502334e-03 7.007355783129646902e-03 7.013984111327638965e-03 6.956996522607064408e-03 7.020095279385954977e-03 7.019762372012347713e-03 7.013482696633465026e-03 7.022496648440916013e-03 7.017256673687891425e-03 7.009849875439662890e-03 7.016451598268098194e-03 6.925545949948326563e-03 7.013883087170097799e-03 7.015001918473281681e-03 7.006311279067543689e-03 7.018962885841400351e-03 7.009461356248651923e-03 7.011360882701559750e-03 7.014909917623118711e-03 7.018308506200704629e-03 7.012771695698005389e-03 7.016592675526569026e-03 6.869707158106688402e-03 7.019358211685815425e-03 7.018205885285417472e-03 7.021794078729866849e-03 6.904076228739257012e-03 7.011582156629721056e-03 7.012883317361912061e-03 7.010224657910805492e-03 7.019946599441026329e-03 7.012944492497182915e-03 7.017978691199358403e-03 7.015030012244778332e-03 7.014785409334255671e-03 7.015537424463076308e-03 6.903902158342737315e-03 7.014833217507919494e-03 7.017519502919248621e-03 7.022229123584590102e-03 7.015070532791544376e-03 7.017089455848380536e-03 7.022525421729974675e-03 7.014047224580315099e-03 7.013759535663753424e-03 7.014214440161594191e-03 7.015025154258783951e-03 7.020519408712936130e-03 7.014419385479059299e-03 7.012040617841972662e-03 7.019571234821867303e-03 6.875439126079834623e-03 7.011490829439637196e-03 7.013429816106428807e-03 6.906804452503001110e-03 7.010410743251347526e-03 7.020965803121346875e-03 7.017576685263317640e-03 6.875735085126447564e-03 7.013085789946194026e-03 7.011917932949256367e-03 7.017461843883117042e-03 7.017759942689616622e-03 7.019814608456226464e-03 7.012988543757342486e-03 7.016551560059989048e-03 7.011768599888751341e-03 7.016800673024035061e-03 7.011875877066367328e-03 7.019673124125601869e-03 7.015775608733663439e-03
7.036348148486419769e-03 7.038950340638219436e-03 7.015140520669069929e-03 7.026812823665019338e-03 7.016654335446617305e-03 7.030874557917483371e-03 7.029909760458994371e-03 7.013833585595688827e-03 7.033483343583524575e-03 7.013312077796090595e-03 0.000000000000000000e+00 7.032558700959333498e-03 7.001997408399829835e-03 7.030334160944913709e-03 7.032612384529997838e-03 6.996822744394491991e-03 7.026788451578541012e-03 7.014038492756592691e-03 7.020326543529484785e-03 7.034665455002189413e-03 7.022792333824191303e-03 7.025312581231885241e-03 7.025707307612713039e-03 7.038415791776405847e-03 7.039845239220037312e-03 7.026018323183139298e-03 7.024315776789415502e-03 7.028584234253123890e-03 6.989273830589557042e-03 7.032105110871168449e-03 7.030213291856087475e-03 6.975559315259870392e-03 7.024656602701222045e-03 7.028152971437818392e-03 7.026164046480582077e-03 7.012130195264675188e-03 7.028986143699203666e-03 7.028291376907433961e-03 7.022587305043803858e-03 6.972072665326102536e-03 7.028308066420666314e-03 7.025576743950118046e-03 7.035771864205377958e-03 7.027777903239565416e-03 7.038057339188843152e-03 7.032375805270166952e-03 7.023751488347359032e-03 7.030336984202452053e-03 7.033127902041539682e-03 7.026963208855796159e-03 7.022320393699316501e-03 7.020959205828999905e-03 6.966084403883135261e-03 7.026390398781977471e-03 6.892229652421455986e-03 6.888957690238057922e-03 7.040564952429713245e-03 7.023724996024891323e-03 7.028830480839103577e-03 6.941823360706534697e-03 6.960618644727509241e-03 7.024212293524839147e-03 7.027528465590613706e-03 6.912927638799509084e-03 7.034989614595236855e-03 7.025660728133468862e-03 7.034530333677539368e-03 7.028539390069083251e-03 7.026673554430110102e-03 7.026438544014011224e-03 7.034866051480101294e-03 6.888776807224011693e-03 7.031056576265336602e-03 7.022361021563699145e-03 7.032113519101608479e-03 7.027375646825042080e-03 7.030769464932903022e-03 6.921862564406252617e-03 7.027065742590174122e-03 7.026762193965837081e-03 7.023295807882054369e-03 7.029947338467740746e-03 7.025957945014092362e-03 7.026086960804834095e-03 7.024763077536080695e-03 7.023962810322866013e-03 7.028572622612415909e-03 7.031808518703447017e-03 7.025053552935745654e-03 7.030436239984780462e-03 6.892170919493213754e-03 6.922413324107897295e-03 7.028125968238513321e-03 7.024840864541835768e-03 7.027162234886274485e-03 7.029247841839536201e-03 7.029506922349214836e-03 7.027214604598506185e-03 7.035509566703367947e-03 7.032210801135747695e-03 7.029882614685692421e-03 7.020817403192376564e-03 7.026606781823852531e-03 7.027164940397144510e-03 7.032719686011855605e-03 6.912267124490275444e-03 7.027925209592001711e-03 6.924932026348481519e-03 7.023053011492501850e-03 7.031023231100165007e-03 7.016791421456149147e-03 7.029693653732660072e-03 7.020633738326419182e-03 7.026400563996092370e-03 7.031074523592692645e-03 7.029032837333367735e-03 7.025263166296761425e-03 7.027814325636459053e-03 6.884015196634713125e-03 7.028077481464256246e-03 7.032620332475710001e-03 7.024904770535840212e-03 7.028099601647476956e-03 7.024056592192075635e-03 6.923969672571099812e-03 6.886894357474905755e-03 7.031609975234267770e-03 7.028567268771624202e-03
6.983109003205245462e-03 6.987917951684573768e-03 7.013145312890678787e-03 6.968062194725283334e-03 6.972201333774580810e-03 7.008892907433259684e-03 6.979623530118233068e-03 6.969125280264066788e-03 7.015579263216028053e-03 7.020421568962767304e-03 7.032558700959333498e-03 0.000000000000000000e+00 7.007309388203661685e-03 7.012354540375301086e-03 7.007513558137299335e-03 7.009901261576403572e-03 7.004173416758935344e-03 6.972829537955283451e-03 7.008998700995638063e-03 7.012468822820345712e-03 7.013131150308197885e-03 7.004818645543867822e-03 6.971874716115567319e-03 7.026618451941195505e-03 7.017517237721731214e-03 7.006387131979581115e-03 7.017584161556173275e-03 7.023510088732740075e-03 7.013590874859213821e-03 7.037180239473828439e-03 7.014962945790538355e-03 7.004251174930743902e-03 6.945019965117081064e-03 7.005826244217160971e-03 7.010751476174611856e-03 7.021063479656136121e-03 7.006472153840798307e-03 6.999031060297821599e-03 7.005653935760989236e-03 7.001603842978183258e-03 7.006282856230688742e-03 7.003284218326198511e-03 7.008971666001993263e-03 7.013972399466768953e-03 7.019966015892967377e-03 7.010339942428302912e-03 7.009331358270621225e-03 7.007770508965396709e-03 7.011135507195486068e-03 7.005588620647002635e-03 7.013821281094987509e-03 6.997715497064625409e-03 7.014000370400650525e-03 7.003983892192422456e-03 6.998059922920607176e-03 7.000882932328033291e-03 7.021407503238414824e-03 6.873918332157047222e-03 7.006438580181025867e-03 7.004111988452525923e-03 7.012865007870217569e-03 7.009962937756769596e-03 7.004810967224818670e-03 7.003810925662568368e-03 7.012664269712498046e-03 7.006765468976982984e-03 7.012943487833447898e-03 7.006215376291769110e-03 7.004330422022054040e-03 7.003916512579872432e-03 7.012540468317843972e-03 6.999894487650792571e-03 7.008419452176250543e-03 6.999735017344598832e-03 7.009547504827948194e-03 7.007293065137812187e-03 7.008872252508998278e-03 7.004030846601508146e-03 7.010598320082214036e-03 7.004512813270745084e-03 6.998596609496931381e-03 7.008173038103968251e-03 7.011842188989800273e-03 7.004753541037367533e-03 7.002185240789786727e-03 7.003660221435155896e-03 7.008018914935839304e-03 7.010016585880617448e-03 7.003250523137821183e-03 7.008268852552906533e-03 7.004888028324392224e-03 7.004594503900428600e-03 7.005514372412301530e-03 7.002516989632797013e-03 7.003275984699477985e-03 7.007063486989011623e-03 7.008090644041228140e-03 7.004948949384676334e-03 7.013067943337505765e-03 7.013427808847616518e-03 7.007707524831222057e-03 7.004149376840779380e-03 7.004461994968822630e-03 7.006029154736339616e-03 7.010643793797941871e-03 7.006335609388987876e-03 7.009837656337274993e-03 7.009829939465713096e-03 7.000638063423836495e-03 7.003977926909472559e-03 7.006294978718827920e-03 7.008086658519211559e-03 6.844221662870937986e-03 7.010835142613852135e-03 6.865607370232353589e-03 7.007843813559013271e-03 7.002448856809160606e-03 7.004959866472384132e-03 7.007657440161216972e-03 7.007947034300430166e-03 7.012339600897861229e-03 7.002520838678982090e-03 7.007743657072608434e-03 7.001797647195518240e-03 7.007126037305084175e-03 7.002499903709178374e-03 6.836499036932890128e-03 7.012576795330357528e-03
