0.000000000000000000e+00 7.547468576630188795e-03 7.532385245071260109e-03 7.476918656632610197e-03 7.648758161136260010e-03 7.794480549186196851e-03 7.993906777982819067e-03 9.162584189821078653e-03 8.074120819022891776e-03 7.918788479745713163e-03 8.908172309276107120e-03 7.866054719264003320e-03 7.918975290190751609e-03 7.393676161171924832e-03 8.267738878830597007e-03 7.776123480637828385e-03 7.494719776947600387e-03 8.075921454371340694e-03 7.596069227450368867e-03 8.088952932145449318e-03 8.896590847199795787e-03 8.153209266425241047e-03 7.605551939659118202e-03 7.651782459051074264e-03 7.775831726919375797e-03 7.534810707624598966e-03 7.550010370960836929e-03 8.090091362987723855e-03 8.337302319984817717e-03 8.071291814887610050e-03 7.773320291135655744e-03 7.391240703755336434e-03 7.665701923324552691e-03 8.016075216083119390e-03 7.328388988380645473e-03 8.016921575547824447e-03 8.357617443484455233e-03 7.944263966077818456e-03 8.778856602464642223e-03 7.392278240103058486e-03 8.094948175941663396e-03 7.427371379011313106e-03 7.730483909173458540e-03 7.866549535371048299e-03 8.564806155468840387e-03 8.019493279072330283e-03 8.177990221094407972e-03 8.093555814108361127e-03 7.345676229815000131e-03 7.779351207533702350e-03 7.778395734147930396e-03 8.092335451646547398e-03 8.180140082030966028e-03 7.872512166726925581e-03 7.731151179458059866e-03 7.549585117136679846e-03 7.867529137674305825e-03 7.437926739315132638e-03 7.802077150277034016e-03 7.607321680787018127e-03 7.800684612394249463e-03 8.267437513003546637e-03 8.345371564716914589e-03 7.940885634418984318e-03 8.098645444058067897e-03 7.495906389914945046e-03 7.918545943048877628e-03 9.030947681965047907e-03 7.799092713990902516e-03 7.924644828174573843e-03 7.530573328006902496e-03 8.264095577088759539e-03 7.605664565257901945e-03 7.485128217710925423e-03 7.991761788476835909e-03 8.012325580267019159e-03 7.664242420255185616e-03 8.453319765086165366e-03 8.020554666134114066e-03 8.101427099358385689e-03 7.779090789814120145e-03 8.014459393745140478e-03 8.013800366702782466e-03 7.779329068228840738e-03 7.431274954647783433e-03 7.533740509181896007e-03 8.358028091569123796e-03 7.727488519069844637e-03 7.774923565823163053e-03 7.672769920285667407e-03 7.668517969326118199e-03 8.364081184535890681e-03 7.607720652536655026e-03 7.728261869195744184e-03 8.074894851362637502e-03 7.920422542532286336e-03 7.799836038407712870e-03 7.547655938406225458e-03 8.660821247587728935e-03 8.352168928636941742e-03 8.178354644323582862e-03 7.440552339055092612e-03 8.669510148472555494e-03 7.853773510554279066e-03 7.531053308291403917e-03 7.851061573384275280e-03 7.551409799982071284e-03 8.356008430961802541e-03 7.992012031777183043e-03 7.713495319470606987e-03 7.797430782501939273e-03 8.265058689724210511e-03 7.343161245856043816e-03 7.777068142715668105e-03 7.919797922627815415e-03 8.018900549927168719e-03 7.074428705834549455e-03 7.994655543051398805e-03 7.724594332995957623e-03 7.341772496866534777e-03 8.155457060978175271e-03 8.155770383246567848e-03 7.916813315649078031e-03 7.730196105006695989e-03 8.180896556534257916e-03 7.711774222240581206e-03 8.783250670373714264e-03 7.440305807730466202e-03
7.547468576630188795e-03 0.000000000000000000e+00 7.412999884730207475e-03 7.356219725667399213e-03 7.532110760224746716e-03 7.662932942844406618e-03 7.884768590015328593e-03 9.069778315671841659e-03 7.984903127851075005e-03 7.807826027534774289e-03 8.812327858093422714e-03 7.752787375776115653e-03 7.808212423331226115e-03 7.270399484073350287e-03 8.142745423726531137e-03 7.678960079010200591e-03 7.358075882832082124e-03 7.986509229676369212e-03 7.478177052744669658e-03 7.961612557889194766e-03 8.777320439896226997e-03 8.046961829624629456e-03 7.471188007537009346e-03 7.534765261357811821e-03 7.661676514702508989e-03 7.430908076679404971e-03 7.414490786904491364e-03 7.962767277079467812e-03 8.233828073035128620e-03 7.963277117575603276e-03 7.659363429983377658e-03 7.253008507888094453e-03 7.548459834937376600e-03 7.906234924558200663e-03 7.219071921193176943e-03 7.906840907777107005e-03 8.253806561946144815e-03 7.833132754190468353e-03 8.681456784769827836e-03 7.254123037418113221e-03 7.986141907043413021e-03 7.320477608964411596e-03 7.614875825447597543e-03 7.753594377186529343e-03 8.464375053060317969e-03 7.909739100434317813e-03 8.070979474120934180e-03 7.966647349512693405e-03 7.220953067046839008e-03 7.665424278262527279e-03 7.681723626114670203e-03 7.965332217486974925e-03 8.073206279695082505e-03 7.759691121345012148e-03 7.615298257864320554e-03 7.414603727072156467e-03 7.754688225268331798e-03 7.315629947849146102e-03 7.687612890450870942e-03 7.488789215588395262e-03 7.686454147968907642e-03 8.161992569689835095e-03 8.262426442018749526e-03 7.829278718449201452e-03 7.989714240355919386e-03 7.374624712451777891e-03 7.807696831507672866e-03 8.936922858493718744e-03 7.668215670819216075e-03 7.831374243582879882e-03 7.411264593619899636e-03 8.139237512119791573e-03 7.486982626989852931e-03 7.364711644139428776e-03 7.882385282996095741e-03 7.902480108109807486e-03 7.530678317753399832e-03 8.350894216506735482e-03 7.892309787537327148e-03 7.992794111622826547e-03 7.682149532356465430e-03 7.904385750569526553e-03 7.903064326226894032e-03 7.682530135467522531e-03 7.309661154147884844e-03 7.430070746161618160e-03 8.254262707739911872e-03 7.611610528772669304e-03 7.677930258663415684e-03 7.555505865006941629e-03 7.535207579508520527e-03 8.260347366665036356e-03 7.489455795416982177e-03 7.612746112333602586e-03 7.985635067165148052e-03 7.809574775593231682e-03 7.685768077566073296e-03 7.411776890234741087e-03 8.539853957469306991e-03 8.248253912772948032e-03 8.052787827684671287e-03 7.318161785053759090e-03 8.570255914833485589e-03 7.758820698564602471e-03 7.411982891419702929e-03 7.756000924602715445e-03 7.431405139423591030e-03 8.251923834424879436e-03 7.882476418161487447e-03 7.598687408110464496e-03 7.682631443141463290e-03 8.159675651619286221e-03 7.203953531726927165e-03 7.680402787089075575e-03 7.826888509978952024e-03 7.908710632899827384e-03 6.944181018852889527e-03 7.885419854691152336e-03 7.608792749245577546e-03 7.217031479020800944e-03 8.068216291387349595e-03 8.049296015876842431e-03 7.823658559926748024e-03 7.598072515292873461e-03 8.073958150177392226e-03 7.612894922522588960e-03 8.685761898458104965e-03 7.317809846180483094e-03
7.532385245071260109e-03 7.412999884730207475e-03 0.000000000000000000e+00 7.357320587110803209e-03 7.532874972052680702e-03 7.680762199595526571e-03 7.885541709405601354e-03 9.070723765578107139e-03 7.967248220065711872e-03 7.808747926459704523e-03 8.789855796595863122e-03 7.736247145004588113e-03 7.809102472911525102e-03 7.271240019647112057e-03 8.143388131043708539e-03 7.663112603774787680e-03 7.374527499073514798e-03 7.987284731332158771e-03 7.495029903013703150e-03 7.962374399888838550e-03 8.777707133532630310e-03 8.066954985974804718e-03 7.471928832228027020e-03 7.535869370466241612e-03 7.679569084872919262e-03 7.416288862153271565e-03 7.415347023623100088e-03 7.963639012057282043e-03 8.254552514712356140e-03 7.964036556065822586e-03 7.660147133174674376e-03 7.254069214709120417e-03 7.549662881477637796e-03 7.906896497388493303e-03 7.219911453366660049e-03 7.907894463223734058e-03 8.254827806800132950e-03 7.833704499603988750e-03 8.682273792231484308e-03 7.269641459424538640e-03 7.987014069156654975e-03 7.306712970989630643e-03 7.616092572133035914e-03 7.754475126011908630e-03 8.465015155467747396e-03 7.910637103860338609e-03 8.052762334643574771e-03 7.985779825900542542e-03 7.222050674069938579e-03 7.666285310616308829e-03 7.665698438194147070e-03 7.984772742159928355e-03 8.074122640528759789e-03 7.743471861825528511e-03 7.616378106455889280e-03 7.430886475304294449e-03 7.755342624717202586e-03 7.316652118737798985e-03 7.688715146434876857e-03 7.473754485379961905e-03 7.687198292623287701e-03 8.162596376787413163e-03 8.263170587063620176e-03 7.812472697101805093e-03 7.990892183043581468e-03 7.375588957617168484e-03 7.808556455881358188e-03 8.937682099797285631e-03 7.668813899073263773e-03 7.814547269398064433e-03 7.427595467643192777e-03 8.140371632485493211e-03 7.487636122983943113e-03 7.381176649374624095e-03 7.901130055807318101e-03 7.903199311256251317e-03 7.547392346065029921e-03 8.351842426208847675e-03 7.893224586771279902e-03 7.993897391125111274e-03 7.666227637920654953e-03 7.905350191778836091e-03 7.886146580517984506e-03 7.683366489393200077e-03 7.325532560735378319e-03 7.415706769233622320e-03 8.255038371098522704e-03 7.612437904145882839e-03 7.678779324392923274e-03 7.556477043354516837e-03 7.552226290169665630e-03 8.261136349355022862e-03 7.474477536224748836e-03 7.613531492818880961e-03 7.986342212152401990e-03 7.827905811639225900e-03 7.686741463992429954e-03 7.428469468555239791e-03 8.562189982045730757e-03 8.249062003360290926e-03 8.072442113573061531e-03 7.319272299934989970e-03 8.571247281102083171e-03 7.742502216187665924e-03 7.412892698609831361e-03 7.756866941872509955e-03 7.416989098403694615e-03 8.252538741137035658e-03 7.883543112169400305e-03 7.615776932626396566e-03 7.666952777997012615e-03 8.160306813176190430e-03 7.204731828726781452e-03 7.681187070238921361e-03 7.827611992696364290e-03 7.909889884049789779e-03 6.958344246119623801e-03 7.904012911413595827e-03 7.593358902980450534e-03 7.218102884980375118e-03 8.069071034947892379e-03 8.050176667194231320e-03 7.806842836367626666e-03 7.598939738158775291e-03 8.074774253120683976e-03 7.613712259934049022e-03 8.686260040151036477e-03 7.304207953292032179e-03
7.476918656632610197e-03 7.356219725667399213e-03 7.357320587110803209e-03 0.000000000000000000e+00 7.477303792624213040e-03 7.609637293884913625e-03 7.851191629781926681e-03 9.026515365736198851e-03 7.915770987752422314e-03 7.756068459148125413e-03 8.767273820643598989e-03 7.682951677654196142e-03 7.773323059438067700e-03 7.197739633065786298e-03 8.112505503707618040e-03 7.609022541277757866e-03 7.301680352216628755e-03 7.917169158805040241e-03 7.422994680005336361e-03 7.911279402229427077e-03 8.732679259415065953e-03 7.997293437839692390e-03 7.415437847854295869e-03 7.480223251243434297e-03 7.608518300556518787e-03 7.359474980561638360e-03 7.358384868888052585e-03 7.912055825965201919e-03 8.185466606298772221e-03 7.930906118454563586e-03 7.605565682923639409e-03 7.209660802943987888e-03 7.493629930980780229e-03 7.854632771659087603e-03 7.160552088618155064e-03 7.855406216489621909e-03 8.204985294636080867e-03 7.780558161443067167e-03 8.636018064549139117e-03 7.196237869084455736e-03 7.935565941322645159e-03 7.263175958384809200e-03 7.560861427986609144e-03 7.700583798968372792e-03 8.416746345379515909e-03 7.858313949450837846e-03 8.002105439862669534e-03 7.934365037978879237e-03 7.162543149746240963e-03 7.628944317960791727e-03 7.628201488838545416e-03 7.915101749607526133e-03 8.023464516693086870e-03 7.706951495611297741e-03 7.561226957830562145e-03 7.373256678190033553e-03 7.701566086160527465e-03 7.258102222094508366e-03 7.634358091378221772e-03 7.432925786711644563e-03 7.632735097930517729e-03 8.112774478842765466e-03 8.213592227714939381e-03 7.777295232110352681e-03 7.939143857058015771e-03 7.302867195640135381e-03 7.755568994716319740e-03 8.892605607067134016e-03 7.630868510865020278e-03 7.761802868873199021e-03 7.355209235721521868e-03 8.109152722775445077e-03 7.430976825433772276e-03 7.323324689587571053e-03 7.848727052729339779e-03 7.833244987205157522e-03 7.476124134772100388e-03 8.282581511508655542e-03 7.858873226972817871e-03 7.941983258299952289e-03 7.611752040239920178e-03 7.834886827376111307e-03 7.851673883770218451e-03 7.612128424907079263e-03 7.267113343633848331e-03 7.373561502393645613e-03 8.205403460229137788e-03 7.541045645743083697e-03 7.607604870521736742e-03 7.500508149382765187e-03 7.480300718754506924e-03 8.211946104412762640e-03 7.433624168508777899e-03 7.558143137838917169e-03 7.934698919309205595e-03 7.757363231296663005e-03 7.615513882562768497e-03 7.356402291750648546e-03 8.515208033983420050e-03 8.199424650057766592e-03 8.021318491991108815e-03 7.246321694341392554e-03 8.524253372285035130e-03 7.705842516160171102e-03 7.356046079437541380e-03 7.703413625343501908e-03 7.360177885079922412e-03 8.183535664168302415e-03 7.849257382640556502e-03 7.560854262172666054e-03 7.629274748185053100e-03 8.091260177475748799e-03 7.159878955887292659e-03 7.626632028080474086e-03 7.774597462952970509e-03 7.857751763923920274e-03 6.895517044592517492e-03 7.851821274426526789e-03 7.538516159748840338e-03 7.158484553979800082e-03 8.018234332537815812e-03 8.018340767396938198e-03 7.771732578397193801e-03 7.560208284808052695e-03 8.005329381373382791e-03 7.558878189108890651e-03 8.639932739749519794e-03 7.260487880944964043e-03
7.648758161136260010e-03 7.532110760224746716e-03 7.532874972052680702e-03 7.477303792624213040e-03 0.000000000000000000e+00 7.776963498941621977e-03 7.994481600782019082e-03 9.162700566159026963e-03 8.093895329238341707e-03 7.937651337414241073e-03 8.884416868249676164e-03 7.848331514220235894e-03 7.919399642347944510e-03 7.378813551491929072e-03 8.247987189177425488e-03 7.793838424140838751e-03 7.479275779966608299e-03 8.075984546324861679e-03 7.612867362726353018e-03 8.089392023621428535e-03 8.896651634562255384e-03 8.173859599722289523e-03 7.589618361962856621e-03 7.651965795484489199e-03 7.776158784485562477e-03 7.535027573221611367e-03 7.534321344284164619e-03 8.071201677468562222e-03 8.337522847955396860e-03 8.071717647258088227e-03 7.773762776633025284e-03 7.376513209057085352e-03 7.666330172372897052e-03 8.016762778164990971e-03 7.344214883066739474e-03 7.999012400797764558e-03 8.358041897575165316e-03 7.944815856180072189e-03 8.779831768614040563e-03 7.377161853487781452e-03 8.095478633777493729e-03 7.443313442096079376e-03 7.731434500692955548e-03 7.849097580244801184e-03 8.565349994577437648e-03 8.020070372070012624e-03 8.178551747772946912e-03 8.093937836800626021e-03 7.346230259384702553e-03 7.797045520634499766e-03 7.796870939328299187e-03 8.092909664964323749e-03 8.180594359503171389e-03 7.873379378307742565e-03 7.731837104815982367e-03 7.549962816982928697e-03 7.850189595602005688e-03 7.438659757586934401e-03 7.802676194920199482e-03 7.607776687293182558e-03 7.801060007165116876e-03 8.247807630245920785e-03 8.366793521486795560e-03 7.941334846063640568e-03 8.099144967118927438e-03 7.496068789464665344e-03 7.937267929325074814e-03 9.031359340887133713e-03 7.782175371244489694e-03 7.924855574806379324e-03 7.531083867060061818e-03 8.264704337000505080e-03 7.606110877464109313e-03 7.501812902083272727e-03 8.011179590658345367e-03 8.013124392922666567e-03 7.664436450795890365e-03 8.432356640794799393e-03 8.020847687662813197e-03 8.101616505723474235e-03 7.779216865772973534e-03 8.014538032571285817e-03 8.013975794995705990e-03 7.779879707618643329e-03 7.447375388314155138e-03 7.533853826031402211e-03 8.358400114751068227e-03 7.728166893644645118e-03 7.792892209243705744e-03 7.673576121021994170e-03 7.652274833193460982e-03 8.344034871433897438e-03 7.608519418647422504e-03 7.712005398543615720e-03 8.094500710470572263e-03 7.939150439519286270e-03 7.800490296910381899e-03 7.548068105832340946e-03 8.661305163843462454e-03 8.331988451062245088e-03 8.179088467767218346e-03 7.425788237221465568e-03 8.669734769510916914e-03 7.872616662714332011e-03 7.547910677142931693e-03 7.851682270747886369e-03 7.551724887594935161e-03 8.356462246646486486e-03 8.011231672822166638e-03 7.731501720555374914e-03 7.780410641620648729e-03 8.265456519306940350e-03 7.328718703898666476e-03 7.795059648741022723e-03 7.938969726422693413e-03 8.019538633875904557e-03 7.088694663371870874e-03 7.995325470931152756e-03 7.708293119130953108e-03 7.342238296844363389e-03 8.156021209325755791e-03 8.175951741122627556e-03 7.936066952404150637e-03 7.730949513515615427e-03 8.181216356820888644e-03 7.729476326397348267e-03 8.783360740316254953e-03 7.425293315713725473e-03
7.794480549186196851e-03 7.662932942844406618e-03 7.680762199595526571e-03 7.609637293884913625e-03 7.776963498941621977e-03 0.000000000000000000e+00 8.114796301190630237e-03 9.238214679329039003e-03 8.213182849842253289e-03 8.060257295041999004e-03 9.013979874895640398e-03 7.972180868171684434e-03 8.041186905652039987e-03 7.513655669851682095e-03 8.363167531851810332e-03 7.901650913224604958e-03 7.611527828424785244e-03 8.194627245350116426e-03 7.725867123597115159e-03 8.209043999962650079e-03 8.977680015611423647e-03 8.291635975858106453e-03 7.719033743362803748e-03 7.779855191035017249e-03 7.901078760201131826e-03 7.666112479806853203e-03 7.681881744191302978e-03 8.189983337380283071e-03 8.451212106050846537e-03 8.210470260363870315e-03 7.898742545114974256e-03 7.511364486036255922e-03 7.795249773658466906e-03 8.137818128131291823e-03 7.480909035236492539e-03 8.119394189196105227e-03 8.472469026854015373e-03 8.067507519314207759e-03 8.887120734157549079e-03 7.527947091322690840e-03 8.214950789685223839e-03 7.577675397473779446e-03 7.858985548574663749e-03 7.972639536891644105e-03 8.675923511898267146e-03 8.141404951917828939e-03 8.296320384933483782e-03 8.213619851647173051e-03 7.482695506377813090e-03 7.923162437774617858e-03 7.922687562941774231e-03 8.212633889529400225e-03 8.298733553962345591e-03 7.997470904813890058e-03 7.841155793001399615e-03 7.681788823443085577e-03 7.992386303553729657e-03 7.556680005600534440e-03 7.928526352268027225e-03 7.737980337729905012e-03 7.927040182716404287e-03 8.363341877600320370e-03 8.481209491339285200e-03 8.064230663361088638e-03 8.218331713453742859e-03 7.628523350589616267e-03 8.041030820738386334e-03 9.135011573262616369e-03 7.906998768094586350e-03 8.065973373070073685e-03 7.678926974074982113e-03 8.380860028186885510e-03 7.736233935632631613e-03 7.617742149359148576e-03 8.112723647087732859e-03 8.134416078778452727e-03 7.793212977128378093e-03 8.544278404045186834e-03 8.142091770103250872e-03 8.221009116025588051e-03 7.922718192606415660e-03 8.116485649959906748e-03 8.135044488930367676e-03 7.923280377936476812e-03 7.581230212661970065e-03 7.664992458870318291e-03 8.472991715530679008e-03 7.837704144500485387e-03 7.918907683458081131e-03 7.784528115479567509e-03 7.797670853194669897e-03 8.457644256580253844e-03 7.738526659218952775e-03 7.856496358575795064e-03 8.214205726574089553e-03 8.062198343848945431e-03 7.926499536624467129e-03 7.679762261391512301e-03 8.770546135523941619e-03 8.467268527745968471e-03 8.297044762838021864e-03 7.575517545010564818e-03 8.778809652377188993e-03 7.996684815891413889e-03 7.679597819943938079e-03 7.993807812203244240e-03 7.666416560522549065e-03 8.470985453030793755e-03 8.132740724144322045e-03 7.841154762928405700e-03 7.923889243194259802e-03 8.381766995360169850e-03 7.464659273966292585e-03 7.903094109706765638e-03 8.061945862636721652e-03 8.140596478456808838e-03 7.231786187442842961e-03 8.135146206871049154e-03 7.852971337297972795e-03 7.463344446031378726e-03 8.293746069569228260e-03 8.294244110900092157e-03 8.058857675662695064e-03 7.840776825522820931e-03 8.299300973376725482e-03 7.838941851970147520e-03 8.890823397387167398e-03 7.558867726030066292e-03
7.993906777982819067e-03 7.884768590015328593e-03 7.885541709405601354e-03 7.851191629781926681e-03 7.994481600782019082e-03 8.114796301190630237e-03 0.000000000000000000e+00 9.410210600155207231e-03 8.395168759998980143e-03 8.248474154093831875e-03 9.167169475057952363e-03 8.201810561988574083e-03 8.248591529639512365e-03 7.741220029002481018e-03 8.581862677187431995e-03 8.113865686708084113e-03 7.853028539443801873e-03 8.417936290778308545e-03 7.944660716519924212e-03 8.412449820535281009e-03 9.182039835138282660e-03 8.492406074160458243e-03 7.956734605077517633e-03 7.997054470570722981e-03 8.113939812158006346e-03 7.887383817110767484e-03 7.886701384343211205e-03 8.391676250709672463e-03 8.644465973377077339e-03 8.392350859966859686e-03 8.131039987237667979e-03 7.738867563289423754e-03 8.013674712090013835e-03 8.343560047592448944e-03 7.711584608908039935e-03 8.344556497851910240e-03 8.667545477233720014e-03 8.276005590120590755e-03 9.070032400644096465e-03 7.756885541534312006e-03 8.418501947158679721e-03 7.804503108897102234e-03 8.074733790117704507e-03 8.202840956919451101e-03 8.865324233912523846e-03 8.347169560472933458e-03 8.496662056252572356e-03 8.416978506290794318e-03 7.696753636254576557e-03 8.136932177373937952e-03 8.136412318334217478e-03 8.415697872881936631e-03 8.499196581351377289e-03 8.208270391522099613e-03 8.074939206229059599e-03 7.904689008170602549e-03 8.203521902439777497e-03 7.800013716780123708e-03 8.122693508304449153e-03 7.958604633832262049e-03 8.140660013399126510e-03 8.581892317929572245e-03 8.675835239299486273e-03 8.272631239044805559e-03 8.421569988914528668e-03 7.836243589270045634e-03 8.268591172992374380e-03 9.311651259640464293e-03 8.138968174412525985e-03 8.274424335620995247e-03 7.901671298659642892e-03 8.578768113604509984e-03 7.938611250889765492e-03 7.858857967404929076e-03 8.317162494882098314e-03 8.340169406333178617e-03 8.011986824741836044e-03 8.758784455571105507e-03 8.347630130033015586e-03 8.424201369112895715e-03 8.136665629100217623e-03 8.341994928334700923e-03 8.341347093524577663e-03 8.137117304728292214e-03 7.790576395384645608e-03 7.904627932999262058e-03 8.644847847384971862e-03 8.052551498885087561e-03 8.132805699782646655e-03 8.001514033001493401e-03 8.016039345092403415e-03 8.650783191952201093e-03 7.940949782198605464e-03 8.072544858724217676e-03 8.417184047592769433e-03 8.270633025466996024e-03 8.139871443890150243e-03 7.902674800388538590e-03 8.956370454206812742e-03 8.661971168462734294e-03 8.497470390660032125e-03 7.802541538100669569e-03 8.964861392153118322e-03 8.187580221389477789e-03 7.884454060295295608e-03 8.184821940344593968e-03 7.905817349393834056e-03 8.642880968595887878e-03 8.338728659897164802e-03 8.055693367148784520e-03 8.137224273082836051e-03 8.579535642194028103e-03 7.710714636661613643e-03 8.115172081748976002e-03 8.270177247638225981e-03 8.325706329727580735e-03 7.472066726475196270e-03 8.320185721033553083e-03 8.069189026459658298e-03 7.709578912722598806e-03 8.493719410902033154e-03 8.494449778382913083e-03 8.247013835570426304e-03 8.074174652399132915e-03 8.499645793503764549e-03 8.072731416717217681e-03 9.073454233517725884e-03 7.784648201081103940e-03
9.162584189821078653e-03 9.069778315671841659e-03 9.070723765578107139e-03 9.026515365736198851e-03 9.162700566159026963e-03 9.238214679329039003e-03 9.410210600155207231e-03 0.000000000000000000e+00 9.503184121516352126e-03 9.350892543742229598e-03 1.013109288221730915e-02 9.321632145863525953e-03 9.350722475270765999e-03 8.947988684417516186e-03 9.642310029008855504e-03 9.264171180562472824e-03 9.028065532514345168e-03 9.474755810373896095e-03 9.095539627561398388e-03 9.499136721004596343e-03 1.015645339448886450e-02 9.566623965398793686e-03 9.090495117775659537e-03 9.139586239661476319e-03 9.237393489812719891e-03 9.047379250847611271e-03 9.047011850442305755e-03 9.471480557837041320e-03 9.715030546142960216e-03 9.500327010994969942e-03 9.235701932814380233e-03 8.922663679356653346e-03 9.163520333471746396e-03 9.441485714838363311e-03 8.908998891556926814e-03 9.441978260193968978e-03 9.714985536618364961e-03 9.384261022158777929e-03 1.005938202320834710e-02 8.947091140943223136e-03 9.504251187845562041e-03 8.987266204939706529e-03 9.215072554761645843e-03 9.322265573838648192e-03 9.883833413199715617e-03 9.444029700436439370e-03 9.570922035678743750e-03 9.503346219532781899e-03 8.910237013576868467e-03 9.267175199658164025e-03 9.266494927312971322e-03 9.502312196050017104e-03 9.572468658181501264e-03 9.327191736572180286e-03 9.215108660299677415e-03 9.071508478005387704e-03 9.323084877999257211e-03 8.983350208374945092e-03 9.271208613311441096e-03 9.116981785179062089e-03 9.269786574890533093e-03 9.642778885263042846e-03 9.722173917507313801e-03 9.381175651536463947e-03 9.506578906952403707e-03 9.004370484614471204e-03 9.378124291160293627e-03 1.023292859874891207e-02 9.242150031801087129e-03 9.382785285027365682e-03 9.068773547491580309e-03 9.640047706225413765e-03 9.115743134877616824e-03 9.008665647073938604e-03 9.436728913822408499e-03 9.438283138586927093e-03 9.136204452867904835e-03 9.792382416379301346e-03 9.444543559957493256e-03 9.480436843627201154e-03 9.266537353956190784e-03 9.411442480534949404e-03 9.439027242060419459e-03 9.267033320036309127e-03 8.966546125480407900e-03 9.071457178616650768e-03 9.715136338762217147e-03 9.212268999458917557e-03 9.263468975392335006e-03 9.168627138996928924e-03 9.139587553279251639e-03 9.720400177521352353e-03 9.117212230157129005e-03 9.212854289162833790e-03 9.503346075080465472e-03 9.379694690492811418e-03 9.269639329810020964e-03 9.069764562255418563e-03 9.961882207091980745e-03 9.710890342545162174e-03 9.571047632420903034e-03 8.985475711163403920e-03 9.935890543017023013e-03 9.326625581220089264e-03 9.069778645446191848e-03 9.297190451535925285e-03 9.047872422695059716e-03 9.714019811075164448e-03 9.437269050938024498e-03 9.214779838207443757e-03 9.267277513206722758e-03 9.640782228909563698e-03 8.885144422391985305e-03 9.265121520992935719e-03 9.379579319916696301e-03 9.443355600886634352e-03 8.685231839284691946e-03 9.438864966051117508e-03 9.210034742807491487e-03 8.907246927075979093e-03 9.539350719644453663e-03 9.568725791229198627e-03 9.377155273771191346e-03 9.214341845609930193e-03 9.572964167537450705e-03 9.187256934169064568e-03 1.006231006771645363e-02 8.985222576519340254e-03
8.074120819022891776e-03 7.984903127851075005e-03 7.967248220065711872e-03 7.915770987752422314e-03 8.093895329238341707e-03 8.213182849842253289e-03 8.395168759998980143e-03 9.503184121516352126e-03 0.000000000000000000e+00 8.346036370323380721e-03 9.260120335690151180e-03 8.259478729772310943e-03 8.346325707313509770e-03 7.824648021593246308e-03 8.632380426157049147e-03 8.192685316955017685e-03 7.936016466193974647e-03 8.493673108726382259e-03 8.025690358103968608e-03 8.487477890569312955e-03 9.221851325477113670e-03 8.544144465684527442e-03 8.019431453592159101e-03 8.096632465921425881e-03 8.212450697035971955e-03 7.969071756892452674e-03 7.968577311216053921e-03 8.488719234117109852e-03 8.716327568958594924e-03 8.467373404202565776e-03 8.189936517634803168e-03 7.822778220179319938e-03 8.094187941097797864e-03 8.398437739334938673e-03 7.795967121906383426e-03 8.420748718217367992e-03 8.739723217949069839e-03 8.352781530824955267e-03 9.137860873228469821e-03 7.841210039761433229e-03 8.493541340977491319e-03 7.887786810876682569e-03 8.154281848722902057e-03 8.280651726582368907e-03 8.934658219291227374e-03 8.423306225983832538e-03 8.548766395906624502e-03 8.492186612593457390e-03 7.797961294003175926e-03 8.215719269979247091e-03 8.215000523735199386e-03 8.491032945637490975e-03 8.573294716903000906e-03 8.286042852468127745e-03 8.135122371674926786e-03 7.986485426722814834e-03 8.281190672626679086e-03 7.865676704126299199e-03 8.220613471935523525e-03 8.039851954722109298e-03 8.219297796114955618e-03 8.632302261155511830e-03 8.747699478604674395e-03 8.349556142536018744e-03 8.496660681236192086e-03 7.936681203961735639e-03 8.345736338703484830e-03 9.377431292803987961e-03 8.217979895462230663e-03 8.351544614168995850e-03 7.965536600827256494e-03 8.651982784252210817e-03 8.019069571570858548e-03 7.941735716038345050e-03 8.393387514871619715e-03 8.395348197725319150e-03 8.092719636150838558e-03 8.829898520835091288e-03 8.402473525724386480e-03 8.499328144963857329e-03 8.215209012814974135e-03 8.418122484009386494e-03 8.417433718177212351e-03 8.195918576544577658e-03 7.891370232899616241e-03 7.986653744898606147e-03 8.740035824967849407e-03 8.131814956744715800e-03 8.211576304145330393e-03 8.081211730243273439e-03 8.096606865071298564e-03 8.745568013869218713e-03 8.021623416248619201e-03 8.132900568359364979e-03 8.492508853185061837e-03 8.347482873162092795e-03 8.218791422978622210e-03 7.984810252385997689e-03 9.025406671200653791e-03 8.734339581306755154e-03 8.571324984040033443e-03 7.885952564691874750e-03 9.033816878191379060e-03 8.264608255141265430e-03 7.984140182479343081e-03 8.282961485230996151e-03 7.988001806905118893e-03 8.714368260576902184e-03 8.414823844916487564e-03 8.135300958980976049e-03 8.216290949023791201e-03 8.652810351176386944e-03 7.795963143664231057e-03 8.193788652140201675e-03 8.326376786093679649e-03 8.401246144873610738e-03 7.560284221113581886e-03 8.417467142888710938e-03 8.149144496485880712e-03 7.794488738872071623e-03 8.546169876605978072e-03 8.568700648096800460e-03 8.344427332344776446e-03 8.154121530883089511e-03 8.573858814013993537e-03 8.133440261366295387e-03 9.141452990790997421e-03 7.885490033834976695e-03
7.918788479745713163e-03 7.807826027534774289e-03 7.808747926459704523e-03 7.756068459148125413e-03 7.937651337414241073e-03 8.060257295041999004e-03 8.248474154093831875e-03 9.350892543742229598e-03 8.346036370323380721e-03 0.000000000000000000e+00 9.131255253496534108e-03 8.109415369876924254e-03 8.176572873541359046e-03 7.678868335500067116e-03 8.491496003589005248e-03 8.059753663237861562e-03 7.757635294992291583e-03 8.326788613640095232e-03 7.886833465582589187e-03 8.321197690346403969e-03 9.119858212944200251e-03 8.401251800646828555e-03 7.880525647730099795e-03 7.922161499425610723e-03 8.040165396286979085e-03 7.810811409590049346e-03 7.810115500859702090e-03 8.342704792873160621e-03 8.599860049998589440e-03 8.343434602999275779e-03 8.056631882741738943e-03 7.659977217064200920e-03 7.919535120681173504e-03 8.251772347346758227e-03 7.631120157119322678e-03 8.272886083344279523e-03 8.577394556270840492e-03 8.203315932232956714e-03 8.981284380385002111e-03 7.677628223192245645e-03 8.347589574572921237e-03 7.708657282037939713e-03 7.999620309325532891e-03 8.129251585051882473e-03 8.799360476290251157e-03 8.275142552975655805e-03 8.426949910054463630e-03 8.346109163663175887e-03 7.633688356138904410e-03 8.062430785901701993e-03 8.062071099130277418e-03 8.345166064439364650e-03 8.429330502104462677e-03 8.134766767997266348e-03 7.981276560625664637e-03 7.826861775870526741e-03 8.130072609481215837e-03 7.721362612992438770e-03 8.067818588847216685e-03 7.864198946729863970e-03 8.066315088131603694e-03 8.513211642034215418e-03 8.607830245155418877e-03 8.200100098782157898e-03 8.351221428591621213e-03 7.775705599958809139e-03 8.196009574771510528e-03 9.250295507857698996e-03 8.064702441315199644e-03 8.202071850246645673e-03 7.806921548496650529e-03 8.510041772199617924e-03 7.880725909676445165e-03 7.763811316509756574e-03 8.246407501128009618e-03 8.248663378254528222e-03 7.935971108208412714e-03 8.691806404672706640e-03 8.276349841182762887e-03 8.353524080519342254e-03 8.062428104436787299e-03 8.270282416007650531e-03 8.249567820082574082e-03 8.062925517393702834e-03 7.729400597411411993e-03 7.827388264034383994e-03 8.577818059079983168e-03 7.977976536682543363e-03 8.058723516626035629e-03 7.944320742976381314e-03 7.940086647262848199e-03 8.606054314129129093e-03 7.864776160207503919e-03 7.997543877655145794e-03 8.347001100104953566e-03 8.177977296427782830e-03 8.065883283650637087e-03 7.825312888158957036e-03 8.891791794284906528e-03 8.594380351414316471e-03 8.427675966182483769e-03 7.706810893002732227e-03 8.900019930457050282e-03 8.134353100967522954e-03 7.807477474546483005e-03 8.131093316628552198e-03 7.828673844080280900e-03 8.598146470561120538e-03 8.266812952262721920e-03 7.999792655604309050e-03 8.044118583878660106e-03 8.510788036838419501e-03 7.630995873753106985e-03 8.041830607224622826e-03 8.197717168163490276e-03 8.254539877413214974e-03 7.388844042996081836e-03 8.249154099260847667e-03 7.994202217347742834e-03 7.613455904571595455e-03 8.424720867165447213e-03 8.403344394813279383e-03 8.194752821510281268e-03 7.980699838421395631e-03 8.429942963625567526e-03 7.997475542116334879e-03 9.010304349203064264e-03 7.723641046284575838e-03
8.908172309276107120e-03 8.812327858093422714e-03 8.789855796595863122e-03 8.767273820643598989e-03 8.884416868249676164e-03 9.013979874895640398e-03 9.167169475057952363e-03 1.013109288221730915e-02 9.260120335690151180e-03 9.131255253496534108e-03 0.000000000000000000e+00 9.047450920220906703e-03 9.131745403554356738e-03 8.664358704232086317e-03 9.376427917009976312e-03 8.988673605338384429e-03 8.769177672715282312e-03 9.234231554811688641e-03 8.841319287397094231e-03 9.229337277899780229e-03 9.936168877032842614e-03 9.326327399598034057e-03 8.835623463210148104e-03 8.910885713744421538e-03 9.012742823916796570e-03 8.791565242921912937e-03 8.790528216170139658e-03 9.257140420805930539e-03 9.450751522673040556e-03 9.231022342390149404e-03 9.010761562390556811e-03 8.684399917375228498e-03 8.909071587569180120e-03 9.196683418062987642e-03 8.645789285118891249e-03 9.197339220791082154e-03 9.479921140222979589e-03 9.137218215611539809e-03 9.836183633867264312e-03 8.685657131799928016e-03 9.261580248151235831e-03 8.726923785364971986e-03 8.962197946306480964e-03 9.073297196051587424e-03 9.654173666479404919e-03 9.199215880718073293e-03 9.330280906368171312e-03 9.260503758235479402e-03 8.647699437038469661e-03 9.016208936615725464e-03 9.015741472007359272e-03 9.232557377617273131e-03 9.331984983198119907e-03 9.053070465022744137e-03 8.962653442023224559e-03 8.813884701351212478e-03 9.074019483715032447e-03 8.722959193610907436e-03 9.020422825893260194e-03 8.860930034849860346e-03 8.994248948764693372e-03 9.404803744185567110e-03 9.486968032933910944e-03 9.134322654432962957e-03 9.264177221508235541e-03 8.769516876215280657e-03 9.131158939842138472e-03 1.005179850956301399e-02 9.017595451590082814e-03 9.109857926017253180e-03 8.788383188516721636e-03 9.402029568597753198e-03 8.859297198406616142e-03 8.773957905194642096e-03 9.191655736683184905e-03 9.166873141400140590e-03 8.907222310001274013e-03 9.560041240203152532e-03 9.173351800910240633e-03 9.266095140792881060e-03 8.990746353701589699e-03 9.168178418211945027e-03 9.194348974749006961e-03 9.016042822947024915e-03 8.707202367478667979e-03 8.790403748847212123e-03 9.451122707516263627e-03 8.959000062429800862e-03 9.012192802180673049e-03 8.914094446249602385e-03 8.886753430727154304e-03 9.485268180533280857e-03 8.861543185438386372e-03 8.959739983128524321e-03 9.233709007177428457e-03 9.132346740056657836e-03 9.019026008404191705e-03 8.812406588895184412e-03 9.735628630080043339e-03 9.475377772778660612e-03 9.330768599203063604e-03 8.725229098699410768e-03 9.711295698570028209e-03 9.077590353885098273e-03 8.812467201289985591e-03 9.075265917755728079e-03 8.815343760183518354e-03 9.478945975079235142e-03 9.192214490410842778e-03 8.962343977515165386e-03 9.016687542568442224e-03 9.403072312345621755e-03 8.623491199552774100e-03 9.014450170691143752e-03 9.132581484065623381e-03 9.198892900039680118e-03 8.436843248117930141e-03 9.194347455943562702e-03 8.957339846436228326e-03 8.644441718233794592e-03 9.328175868862644340e-03 9.328455145585074632e-03 9.130278492288418715e-03 8.961842671601485608e-03 9.332947946812688439e-03 8.960762110318310630e-03 9.807334195409023181e-03 8.724721994275083659e-03
7.866054719264003320e-03 7.752787375776115653e-03 7.736247145004588113e-03 7.682951677654196142e-03 7.848331514220235894e-03 7.972180868171684434e-03 8.201810561988574083e-03 9.321632145863525953e-03 8.259478729772310943e-03 8.109415369876924254e-03 9.047450920220906703e-03 0.000000000000000000e+00 8.128693180541182034e-03 7.588198270937544961e-03 8.427360574604825585e-03 7.990168919590876287e-03 7.684833503283018848e-03 8.281085537062665702e-03 7.797698793738887593e-03 8.275279936614617429e-03 9.035507858417673663e-03 8.336651232850317630e-03 7.791111394641688989e-03 7.851357973751419556e-03 7.971205936653420060e-03 7.738501959913515055e-03 7.737761322662245131e-03 8.256299443475834110e-03 8.535946526480278629e-03 8.276967589149695700e-03 7.968350336360820185e-03 7.586143643862200588e-03 7.867201146715852023e-03 8.205234968623085004e-03 7.556462576678613617e-03 8.206101518401379483e-03 8.536414230345132706e-03 8.116283398665338766e-03 8.946645549252254387e-03 7.603292901283694588e-03 8.281258490791585866e-03 7.652074301146092467e-03 7.929551854173334455e-03 8.060525042214000332e-03 8.714632398273200811e-03 8.208559518044762290e-03 8.361687748423309030e-03 8.280414352397718475e-03 7.558529106095319625e-03 7.974533706157803034e-03 7.992554365794190749e-03 8.278804584589087925e-03 8.364225436985891354e-03 8.066425098060716128e-03 7.929844661637644107e-03 7.737558819024595823e-03 8.061341474613809704e-03 7.647354022309789737e-03 7.998640291935050356e-03 7.810438874020303457e-03 7.996953555481429304e-03 8.448715229205309984e-03 8.544579195802827140e-03 8.132343355489991821e-03 8.264302531498455770e-03 7.702676268542476765e-03 8.128402914275278598e-03 9.192986511787348824e-03 7.976508362887374873e-03 8.133996288624809057e-03 7.751628238828136078e-03 8.423996697099329217e-03 7.790926430798609560e-03 7.707787519298113857e-03 8.199797016398325394e-03 8.201504533948352632e-03 7.864814659546996364e-03 8.606601831738266983e-03 8.189267609052202843e-03 8.287182876475569782e-03 7.973996106996611780e-03 8.203076354681537730e-03 8.182485122591183491e-03 7.974180486600227977e-03 7.655483865683466137e-03 7.737659485703075012e-03 8.514776711859338779e-03 7.925977949853720700e-03 7.969966858733600057e-03 7.873303605626920040e-03 7.851115580937286648e-03 8.542525638219238340e-03 7.793286844613034857e-03 7.908913952662634597e-03 8.280159202950292466e-03 8.129901712500770330e-03 7.996464033033138727e-03 7.752775605131261884e-03 8.831660080569856200e-03 8.531178567062423432e-03 8.362669091136963953e-03 7.649930030153501322e-03 8.839863750067315437e-03 8.046906995595810158e-03 7.752876882069267145e-03 8.044261719316775014e-03 7.756350511310965319e-03 8.534570154942385314e-03 8.200176751157042809e-03 7.929864264354269388e-03 7.993758102118476983e-03 8.446672413403345098e-03 7.556097299218768153e-03 7.991193362493266908e-03 8.129957674046978111e-03 8.208036871906672013e-03 7.310850126152359206e-03 8.203020199217500238e-03 7.924020929669746069e-03 7.538839605243491046e-03 8.359513956122043357e-03 8.359786611463214390e-03 8.107885800320206379e-03 7.929078824236162823e-03 8.364846819460938776e-03 7.927642335441617560e-03 8.950516262514522647e-03 7.649756263171908488e-03
