0.000000000000000000e+00 8.389429216558032254e-03 8.111233047556769965e-03 8.330380955655662320e-03 8.390756531702327214e-03 7.760470344848653321e-03 8.464410664733279174e-03 8.463282899869199044e-03 8.112350765511099765e-03 8.656191991493993390e-03 8.270228221693709525e-03 8.112612511055704648e-03 8.015234467981930538e-03 7.966884833817433967e-03 7.921953050833435359e-03 8.333929627448855362e-03 8.333292008070279644e-03 8.468342755967925642e-03 8.459561588077436564e-03 8.162335152776444003e-03 8.384377680993928064e-03 7.920536047974928440e-03 7.621763010557505540e-03 8.660893002056644155e-03 9.194809796227141480e-03 7.921544627181909687e-03 8.103345454855128902e-03 8.384097800427172537e-03 8.465409215608494728e-03 8.330540075184200005e-03 8.465533524038334340e-03 8.932846987856030846e-03 8.539342046523620139e-03 8.174145415239449444e-03 8.678161198914223842e-03 8.847603801867357995e-03 8.681218999679879769e-03 8.848169985172698107e-03 8.407941951680798776e-03 8.296829228910222731e-03 8.680663639375427523e-03 8.692985404050340356e-03 8.074490358141223414e-03 8.172225041644222768e-03 8.406592186971525993e-03 8.538826828745519487e-03 8.542384863526765806e-03 8.678991935839115018e-03 8.398494861484650381e-03 8.293208233206058461e-03 8.078349910143675996e-03 8.285026142024283849e-03 8.079016075811991729e-03 9.957944959447588909e-03 8.083541330199485453e-03 8.535344679032975945e-03 9.435626112055527093e-03 8.290544292580226057e-03 8.413085443570089347e-03 8.855798776794963217e-03 8.402542389404315040e-03 7.989317503544101501e-03 8.534671707915348488e-03 8.179511776651545579e-03 8.175242729543631334e-03 8.403911568371153981e-03 8.408628566008907734e-03 8.845737935234453467e-03 9.219389737229048351e-03 8.412714648305851667e-03 7.824792943758769603e-03 8.539599708571087369e-03 8.285061174667795666e-03 8.179826073913105955e-03 8.177938509316834415e-03 9.441064738680232313e-03 8.410448871952238767e-03 8.841484021631020040e-03 8.412050529849305833e-03 8.539830711038599517e-03 8.690427541549252191e-03 8.688262257395933108e-03 8.405068620456569717e-03 8.681346197550262114e-03 8.082025468492655754e-03 8.413183081672499786e-03 8.535861157789013248e-03 8.535675946359962130e-03 8.848939011210461489e-03 8.291671812590120649e-03 8.690472724797318818e-03 8.289350028941924395e-03 8.292277302928082600e-03 8.842011014437373487e-03 8.179880612221973255e-03 8.690517731933735876e-03 8.415516277879883655e-03 8.289449082561009194e-03 8.553779892009857541e-03 9.035393810518389454e-03 8.686574612358279393e-03 8.547561756319007817e-03 8.183809234565400312e-03 8.420675903319845002e-03 9.226835808224167351e-03 8.696218446822029380e-03 8.690630663179765847e-03 9.221318317697289532e-03 8.184908291220906185e-03 8.294321343230407970e-03 8.080867561147992914e-03 9.024334341819461799e-03 8.418352175967376561e-03 8.294107395801272181e-03 8.546699038449317998e-03 8.857886637133932997e-03 9.029173037608436911e-03 8.416642120622833123e-03 9.030076475754288123e-03 8.842608424419896862e-03 9.033014664222162315e-03 8.849322774544610484e-03 8.184879816814226439e-03 8.413962392306349389e-03 8.184935121029681890e-03 7.911934296687291729e-03 8.688981046149391735e-03 8.188208418729138807e-03
8.389429216558032254e-03 0.000000000000000000e+00 7.822165196470120402e-03 8.101863216204095372e-03 8.108765344189550542e-03 7.453412052507796259e-03 8.193605202373496071e-03 8.192220227518601239e-03 7.822907791635564864e-03 8.334849614698340917e-03 7.935733164856073607e-03 7.823745080935513505e-03 7.721845175814006333e-03 7.663674021590582280e-03 7.622211352903336158e-03 8.105485007003115916e-03 8.056712969219155182e-03 8.196714506026167926e-03 8.238945281119016209e-03 7.823889571210711213e-03 8.054847992111865279e-03 7.621433471381530537e-03 7.343288332599697682e-03 8.391405779607551477e-03 8.887795340683799297e-03 7.622444479461924945e-03 7.814130700446605959e-03 8.053159129519963169e-03 8.194191381766283491e-03 8.053018291484446284e-03 8.194797832938992277e-03 8.682635066580620536e-03 8.265473878328807866e-03 7.882156440584120807e-03 8.410216827791264227e-03 8.587697906742068621e-03 8.413937208959243810e-03 8.588319978071445523e-03 8.128223452343092195e-03 8.011116325121199477e-03 8.413371480691116469e-03 8.426268968955652472e-03 7.777598018390637254e-03 7.880162931579675831e-03 8.126319960177074905e-03 8.264941876401381629e-03 8.268676239997142796e-03 8.411876273755536024e-03 8.117825225284470286e-03 8.007313481906875793e-03 7.781470701685997034e-03 7.998694820079541370e-03 7.782143790654828114e-03 9.736655587778284687e-03 7.786924159921431755e-03 8.261283288445359085e-03 9.198285625546436320e-03 8.004531001783372554e-03 8.133136974379173711e-03 8.596245731621264194e-03 8.122090134763899905e-03 7.687790656661521935e-03 8.260582095915772541e-03 7.888283477883444028e-03 7.883334170964225937e-03 8.123474993574915370e-03 8.128436537819519123e-03 8.585772381862141062e-03 8.974344503177036914e-03 8.132742572065310149e-03 7.514283395655894406e-03 8.265740864726102075e-03 7.998713190320973568e-03 7.888138574051834981e-03 7.886384619748517885e-03 9.203901860796982748e-03 8.130606385353070925e-03 8.581296802162151349e-03 8.132045227905887810e-03 8.265980570072080716e-03 8.423573031299182168e-03 8.420910949512177418e-03 8.124695361861571444e-03 8.414070751034421342e-03 7.785303358585452492e-03 8.133228024230011385e-03 8.261838735612505452e-03 8.261622149354557951e-03 8.589074658199212509e-03 8.005667306884319337e-03 8.423617593400239967e-03 8.003253269259718791e-03 8.005934430079722844e-03 8.581845861955419638e-03 7.888196256975829601e-03 8.423668807011328030e-03 8.135687524966114803e-03 8.003365961717285801e-03 8.280618582249446580e-03 8.783271090712346102e-03 8.419583058109676374e-03 8.274097046250095122e-03 7.892804546986839295e-03 8.141111483731745119e-03 8.982077951503214530e-03 8.429638034361038035e-03 8.423789887916007316e-03 8.976384386899982984e-03 7.893120890861384659e-03 8.008473069320422993e-03 7.784083444445322360e-03 8.771803054669491048e-03 8.138671719159745743e-03 8.008301746930578807e-03 8.273190684422037852e-03 8.598425204211128728e-03 8.776829227223573171e-03 8.136873926712938354e-03 8.777731403521693912e-03 8.582473440381347893e-03 8.780792812195403751e-03 8.589519979268057590e-03 7.893136014744579071e-03 8.134054554439837728e-03 7.893555872397024428e-03 7.606382978232258292e-03 8.422097554538618067e-03 7.896984699205147895e-03
8.111233047556769965e-03 7.822165196470120402e-03 0.000000000000000000e+00 7.861123688635359916e-03 7.867980192810330314e-03 7.186419602777649289e-03 7.962791597267947219e-03 7.960843708517663375e-03 7.574683795200268070e-03 8.108993522166031004e-03 7.736530975349784588e-03 7.575441810622201774e-03 7.508843651750250411e-03 7.364104310442542989e-03 7.364411163000472889e-03 7.819239727007917806e-03 7.818086825699531450e-03 7.967161609741774814e-03 7.957243804952071273e-03 7.575787834197923905e-03 7.862764846332128896e-03 7.362795674960562371e-03 7.032423428041074259e-03 8.114562954679938045e-03 8.682443519459523765e-03 7.364106336439058507e-03 7.565426034746006514e-03 7.815786440281880312e-03 8.010184203001457712e-03 7.815119745503147641e-03 7.963516463329770728e-03 8.470648885955021912e-03 8.031568846594007785e-03 7.631487387051889837e-03 8.182098751535088130e-03 8.366184597746221044e-03 8.185927534154332705e-03 8.366855508054537108e-03 7.888118794406420373e-03 7.766341665056664643e-03 8.185340205377165945e-03 8.198753900935247876e-03 7.521849248720497046e-03 7.629422735265563131e-03 7.886574941185504894e-03 8.031013859078327613e-03 8.034901164693632539e-03 8.183571526689211936e-03 7.877717769618493293e-03 7.762366702866244951e-03 7.526126210432112010e-03 7.753335560518972470e-03 7.526817796867248285e-03 9.547949133782158981e-03 7.531845661288617301e-03 8.027194683858363683e-03 8.996126867811898853e-03 7.759476073739880915e-03 7.893686751216015193e-03 8.375037127484784988e-03 7.882194999007840347e-03 7.427987895444383183e-03 8.026464756044651011e-03 7.637939245437039455e-03 7.632757123198266255e-03 7.883611405741380168e-03 7.888790390362301203e-03 8.364542876252203593e-03 8.765669750194465815e-03 7.893292687176390113e-03 7.246394787580477150e-03 8.031855098008491151e-03 7.753369481523818621e-03 7.637777422478162805e-03 7.635737184305929105e-03 9.001909732609596898e-03 7.890841667577573951e-03 8.359555258142900569e-03 7.892562822675181985e-03 8.032095195763729392e-03 8.195965505293778541e-03 8.193601383293565299e-03 7.884882930512402549e-03 8.186084160359194395e-03 7.530151890113562403e-03 7.893797748081420734e-03 8.027820066793461135e-03 8.027557849937777545e-03 8.367622038386446706e-03 7.760643618455095524e-03 8.196006191608476085e-03 7.758154968027049757e-03 7.761317495184623556e-03 8.360126498339521400e-03 7.637836019051883613e-03 8.196053999853687710e-03 7.896373497247944143e-03 7.758560021955232186e-03 8.047359284818447062e-03 8.568518177041094253e-03 8.192157844631495212e-03 8.040565423222964872e-03 7.642239502014095548e-03 7.902034844669073022e-03 8.773631168565597729e-03 8.202262958774308305e-03 8.196191636672289782e-03 8.767798208114538014e-03 7.643047128518812815e-03 7.763587243970343672e-03 7.528865033889683631e-03 8.556693582905885651e-03 7.899479936870217739e-03 7.763453935508740807e-03 8.039627671321542338e-03 8.377307465081966498e-03 8.561887909500003752e-03 7.897606734230710676e-03 8.562796846131525211e-03 8.360777567412873423e-03 8.565960370814494629e-03 8.368100905192675867e-03 7.643414355156552022e-03 7.894665801761114460e-03 7.643770869810146036e-03 7.342683211507924045e-03 8.194446889700526121e-03 7.647057769487061382e-03
8.330380955655662320e-03 8.101863216204095372e-03 7.861123688635359916e-03 0.000000000000000000e+00 8.052106397232109899e-03 7.445103341978646580e-03 8.186860676513130902e-03 8.236200948424204568e-03 7.861244718433862619e-03 8.327475451601930312e-03 7.928194675543951894e-03 7.816479263285878651e-03 7.715074708618843008e-03 7.614404571938731582e-03 7.614459594817604531e-03 8.049983293521991573e-03 8.048831293301111911e-03 8.192035991010730364e-03 8.231997711362985456e-03 7.863260313054591319e-03 8.047038055554471894e-03 7.613206592783399590e-03 7.298624444024376379e-03 8.332578105845840979e-03 8.944611734579459641e-03 7.615040561659442916e-03 7.805686287539463641e-03 8.045500784558639110e-03 8.187867139140792352e-03 8.095205757177027089e-03 8.187382234086751712e-03 8.735528785391208015e-03 8.257713826565054108e-03 7.873877167328548199e-03 8.402619219121762462e-03 8.580684038738543504e-03 8.406733805175302734e-03 8.581700738948585747e-03 8.120286696669821655e-03 8.003356327316395874e-03 8.405786892835689222e-03 8.419066715651447180e-03 7.768964290002003913e-03 7.871875480016110593e-03 8.118366547725229879e-03 8.257163030816774135e-03 8.261272906990010934e-03 8.404049817159779320e-03 8.110217707546572841e-03 7.999545614620658454e-03 7.773037054242815103e-03 7.990575622993285193e-03 7.773721542342451260e-03 9.730301326512497823e-03 7.778501957312842011e-03 8.253508579026654426e-03 9.191518321250273862e-03 7.996427321795942719e-03 8.125201963310315495e-03 8.588422531003706353e-03 8.114799192272233522e-03 7.679229158204767085e-03 8.253161296883946424e-03 7.834624808374943475e-03 7.875448527253824105e-03 8.115923987046490262e-03 8.120895321307844417e-03 8.578808637168503989e-03 8.967808950891833011e-03 8.125203602165282160e-03 7.505855396868169917e-03 8.258385622818931876e-03 7.990987298324286892e-03 7.880255514668584732e-03 7.878296110084061568e-03 9.197580655085049045e-03 8.122846683546383964e-03 8.573952495989817929e-03 8.124506738870260203e-03 8.258610169050878760e-03 8.416420448266466459e-03 8.413752286363681068e-03 8.117142128166592724e-03 8.406901624240684795e-03 7.777270674212540154e-03 8.125686216716575261e-03 8.254481086769216089e-03 8.254252657688863556e-03 8.582117480304490842e-03 7.997951358213642448e-03 8.416460395916021062e-03 7.995542889664575964e-03 7.998227986867383066e-03 8.574880307590231066e-03 7.880314295113757458e-03 8.416510291382770653e-03 8.128161862855923930e-03 7.995663982771638451e-03 8.273286885447475245e-03 8.776539904410494281e-03 8.412436226110439966e-03 8.266756399548711928e-03 7.884937304032453576e-03 8.133593573753794201e-03 8.975553133899116451e-03 8.422495945308231327e-03 8.416640402793763159e-03 8.969858363215101049e-03 7.885254614961841393e-03 8.000770957061595703e-03 7.776054572525170627e-03 8.765056536957648720e-03 8.131149760656701531e-03 8.000609175744933035e-03 8.265848926686771708e-03 8.591486523439146802e-03 8.770096129601426607e-03 8.129348040331324868e-03 8.770994162647689427e-03 8.575515464140934588e-03 8.774058981716906930e-03 8.582571507877126415e-03 7.885268226863686655e-03 8.126526533000276095e-03 7.885697970567661502e-03 7.598098565871113166e-03 8.414945716669829448e-03 7.889124409270665064e-03
8.390756531702327214e-03 8.108765344189550542e-03 7.867980192810330314e-03 8.052106397232109899e-03 0.000000000000000000e+00 7.493205934963428037e-03 8.193996985094851443e-03 8.193188015225649420e-03 7.867899328538775425e-03 8.333766866089768743e-03 7.935155428847390918e-03 7.824403171182455971e-03 7.722026221230146939e-03 7.621742949819937038e-03 7.622393508128312740e-03 8.056382824647666946e-03 8.104228098585570042e-03 8.198751397099815486e-03 8.188745918323414585e-03 7.824790463674444196e-03 8.054936380400171819e-03 7.621403314852785889e-03 7.306604757571907513e-03 8.339770644126319812e-03 8.889071400774172654e-03 7.623671134341145246e-03 7.813953563867546623e-03 8.052195067946427837e-03 8.244726164083306802e-03 8.101770139582617491e-03 8.194978403516009133e-03 8.741300349007441461e-03 8.265228947645275950e-03 7.881325593438976568e-03 8.409972630616180736e-03 8.586849539200580583e-03 8.413113861153309961e-03 8.588453564348423261e-03 8.126924362620965153e-03 8.010825815697080257e-03 8.412519149117968220e-03 8.426005723836673192e-03 7.777090093691632101e-03 7.879891999989112328e-03 8.126042493796545307e-03 8.264096685393622355e-03 8.267822450383269933e-03 8.410792475486770017e-03 8.117563408049014231e-03 8.007040786956588427e-03 7.781010838384489967e-03 7.997843090256834264e-03 7.781288027190990698e-03 9.735803262906198019e-03 7.786614847536587648e-03 8.260439788748075163e-03 9.197447662597743254e-03 8.004522416377345823e-03 8.132881051967685154e-03 8.539296578968961354e-03 8.121896796330305493e-03 7.686946236310616964e-03 8.259727010734007127e-03 7.887023238218687782e-03 7.883135054222993598e-03 8.123285703323100335e-03 8.128237234805116285e-03 8.584980866966848007e-03 8.974189244854562444e-03 8.132546071693530498e-03 7.514058754327332043e-03 8.265558635820922928e-03 7.998516879465710980e-03 7.887937383999696003e-03 7.885968449166093353e-03 9.203751844545400226e-03 8.130190351268589549e-03 8.581113855696945181e-03 8.131850414957659742e-03 8.265783136365105477e-03 8.423391545753434323e-03 8.420732411975677748e-03 8.124503388862686776e-03 8.413888440573766281e-03 7.785095241040034843e-03 8.133037556490488318e-03 8.261659042597608790e-03 8.261436229102607151e-03 8.588899336199839335e-03 8.005465409182831518e-03 8.423435169914672560e-03 8.003055508328664122e-03 8.005732947150184450e-03 8.581670810141085737e-03 7.887984623481423402e-03 8.423479583974309223e-03 8.135517360564141140e-03 8.003188597519665312e-03 8.280449061394686699e-03 8.783121677404430797e-03 8.419414087991194257e-03 8.273929678077307157e-03 7.892175273931868046e-03 8.140938764156007909e-03 8.981928994442946526e-03 8.429474311584478005e-03 8.423626648299351732e-03 8.976247138962908587e-03 7.893169099302136185e-03 8.008291183868551308e-03 7.783886769888544686e-03 8.772094357082179175e-03 8.138484823700367979e-03 8.008128222180464773e-03 8.273026420576192960e-03 8.598262960600847743e-03 8.776687365632692556e-03 8.136688887227929573e-03 8.777581676325731108e-03 8.582315346103340514e-03 8.780637123078752909e-03 8.589637056202401033e-03 7.893339138041702285e-03 8.133878125406508730e-03 7.893373550832399194e-03 7.606184245216148811e-03 8.421932525497787675e-03 7.896800477539744553e-03
7.760470344848653321e-03 7.453412052507796259e-03 7.186419602777649289e-03 7.445103341978646580e-03 7.493205934963428037e-03 0.000000000000000000e+00 7.603064078587363703e-03 7.601189539988969721e-03 7.223718281540886590e-03 7.758500704002044800e-03 7.351542549918010407e-03 7.187861057961453595e-03 7.072433491551372887e-03 6.959000676929317196e-03 6.959420447412193247e-03 7.450271943228108963e-03 7.448885182800598151e-03 7.608116557337614265e-03 7.597411883680155187e-03 7.225496853553168772e-03 7.447245522371642376e-03 6.957485864410186890e-03 6.598042184415479558e-03 7.764104310610826960e-03 8.414327057876353974e-03 6.959173494933453517e-03 7.176647654047988052e-03 7.445419803346530786e-03 7.603675983361645428e-03 7.445847371835736042e-03 7.603995893126530743e-03 8.141285642187351748e-03 7.666091521055818162e-03 7.238238391628903055e-03 7.825917639964293307e-03 8.020357828006273448e-03 7.830247602910853436e-03 8.021456745558062928e-03 7.513660557665125146e-03 7.383038037148929519e-03 7.829629912068779285e-03 7.843487273833825088e-03 7.120195048120713313e-03 7.236059753582488492e-03 7.511606493908188319e-03 7.665503927968024198e-03 7.669647858598904570e-03 7.827787819434899388e-03 7.502183693903496237e-03 7.378773565370177687e-03 7.124848038643720634e-03 7.369069787976932628e-03 7.125865615988966756e-03 9.252252061441632036e-03 7.130984339732683759e-03 7.661777397923966171e-03 8.680103477574094631e-03 7.337896650655137409e-03 7.519538751888114360e-03 8.030061109474738099e-03 7.507019482135821042e-03 7.019156016351960937e-03 7.660669532568152064e-03 7.244893990842406900e-03 7.240045694212421563e-03 7.508813792775330224e-03 7.514334860687081619e-03 8.018737913507552328e-03 8.440102748210677117e-03 7.519177530725762101e-03 6.822470482536949384e-03 7.666798501310824292e-03 7.369496946636313293e-03 7.245420630251672711e-03 7.243254246565599720e-03 8.686542696229022573e-03 7.516589620767905565e-03 8.013763096021754920e-03 7.518396859920237554e-03 7.666699267081208621e-03 7.840926905408388686e-03 7.838429775523307955e-03 7.510184393785866372e-03 7.830456644906395175e-03 7.129539678824642172e-03 7.519714904498433876e-03 7.662540847971821903e-03 7.662218574398060519e-03 8.022280951057425211e-03 7.377303298461803868e-03 7.840966862956549530e-03 7.374686154291607357e-03 7.378027880098285592e-03 8.014375332794726470e-03 7.245477500206743381e-03 7.841015156136672826e-03 7.521492722076834371e-03 7.373843353683783367e-03 7.682843067225850718e-03 8.232942265211871599e-03 7.836472735641366108e-03 7.675092493494612041e-03 7.249326302396307160e-03 7.527547290868983297e-03 8.447428003318208437e-03 7.847155011128686269e-03 7.840187136365578749e-03 8.441399091392878112e-03 7.214328548000263977e-03 7.380003777096827422e-03 7.127149769276807344e-03 8.221149252612403729e-03 7.525639389948103088e-03 7.379465252932065032e-03 7.674087810503362785e-03 8.031517075064923197e-03 8.225708571572523664e-03 7.523635406852210647e-03 8.226605701438129484e-03 8.014628842536172110e-03 8.230458137237805713e-03 7.976781229052404276e-03 7.250584731039589129e-03 7.520188331052391796e-03 7.250653117956327998e-03 6.926236694547776608e-03 7.839249670691912988e-03 7.254448240360667280e-03
8.464410664733279174e-03 8.193605202373496071e-03 7.962791597267947219e-03 8.186860676513130902e-03 8.193996985094851443e-03 7.603064078587363703e-03 0.000000000000000000e+00 8.322930690876336260e-03 7.963287722373571867e-03 8.517214856156312894e-03 8.122012252763235324e-03 7.963647011224249742e-03 7.863457158729747140e-03 7.767482562438797825e-03 7.810764682587945790e-03 8.189711046686389689e-03 8.189638152815273409e-03 8.327928486318447385e-03 8.371841318265991344e-03 7.964819217627185088e-03 8.189038156831597234e-03 7.810221792901992331e-03 7.459588284143680442e-03 8.522314137284858412e-03 9.003602566846844943e-03 7.811158958275520904e-03 8.000680657824936481e-03 8.187260677854923258e-03 8.324911492965089699e-03 8.237347151182213348e-03 8.324336754305289993e-03 8.863385980455718016e-03 8.397588676135176594e-03 8.023232438031097438e-03 8.539690559590794663e-03 8.712975067836466886e-03 8.542820688194129736e-03 8.713583488545168301e-03 8.263449020006082696e-03 8.149077850524254554e-03 8.542258971247678259e-03 8.554875412639105156e-03 7.921014690912511758e-03 8.021565295490027878e-03 8.261594619803460868e-03 8.397067102013594866e-03 8.400708250843512415e-03 8.540557595381085415e-03 8.253590897626927533e-03 8.145366776923852747e-03 7.924972715721642288e-03 8.136958402196402609e-03 7.925650219770359259e-03 9.843299920945961651e-03 7.930308327536744750e-03 8.393485450580528626e-03 9.312649032819217063e-03 8.142648661218165884e-03 8.268251469517784794e-03 8.720903249131137930e-03 8.258092295733331784e-03 7.833618989790949380e-03 8.392800699909247486e-03 8.029112306535886659e-03 8.024656668597760292e-03 8.258824584512519662e-03 8.263655136030808104e-03 8.711079955779858081e-03 9.092426451253550826e-03 8.267860722190253919e-03 7.664785742987114021e-03 8.397850481639173095e-03 8.136986166048862726e-03 8.029064703378102977e-03 8.027138651358583024e-03 9.318184918227070956e-03 8.265541766767714807e-03 8.706718621096025748e-03 8.267181838711695763e-03 8.398082545127329851e-03 8.552249367784337322e-03 8.550036250542170785e-03 8.260014029108538047e-03 8.542952419577538870e-03 7.928737209283661519e-03 8.268342568918710458e-03 8.394336800780305419e-03 8.393826490591213552e-03 8.714340730797640391e-03 8.143772777098641155e-03 8.552298997971935837e-03 8.141695225236163930e-03 8.144398012850309967e-03 8.707258607684719223e-03 8.029117268748178771e-03 8.552340866286154211e-03 8.270278585979368158e-03 8.141059781256985289e-03 8.411913295744760308e-03 8.904289898703362724e-03 8.548263607783861823e-03 8.405546963440056751e-03 8.033172277489068064e-03 8.275568256040423745e-03 9.099953908106687972e-03 8.557698032514431119e-03 8.552384490991174482e-03 9.094357551927211361e-03 8.033446312361343031e-03 8.146046668747766034e-03 7.927102610468748575e-03 8.893445121030695705e-03 8.273190677019119296e-03 8.097304677442579077e-03 8.404666324411287637e-03 8.723009982875324850e-03 8.898289444438782850e-03 8.271442573640968438e-03 8.898848043279415643e-03 8.707808567307358250e-03 8.901860763739008822e-03 8.714285631394289716e-03 8.034199449937183546e-03 8.268689615777440396e-03 8.034255896061550176e-03 7.754141037924557577e-03 8.550634363632195201e-03 8.037225625841686039e-03
8.463282899869199044e-03 8.192220227518601239e-03 7.960843708517663375e-03 8.236200948424204568e-03 8.193188015225649420e-03 7.601189539988969721e-03 8.322930690876336260e-03 0.000000000000000000e+00 7.961141366349896303e-03 8.459867823016005428e-03 8.071427113663671299e-03 7.961455130280008230e-03 7.863208011028697056e-03 7.765953166198292894e-03 7.809827077369825912e-03 8.190131496056260105e-03 8.240671381342580537e-03 8.327086459840125215e-03 8.370991016756377037e-03 7.962884663447560712e-03 8.237687307243099499e-03 7.807547529543404537e-03 7.458476372460886260e-03 8.465122185634808144e-03 9.066829465383216546e-03 7.765498701899710247e-03 7.999125206970790491e-03 8.185247175036160575e-03 8.323692667863069258e-03 8.185619163055242800e-03 8.376146269246686690e-03 8.801743739073279033e-03 8.396489903713250103e-03 8.022055499467854386e-03 8.538072736110336597e-03 8.711935282719308546e-03 8.541744414943893901e-03 8.712528803687603213e-03 8.262326743639117690e-03 8.147920725000019557e-03 8.541186879565832585e-03 8.553807952362454600e-03 7.919821054024740042e-03 8.020379260203398114e-03 8.260465117839848811e-03 8.395963482121182597e-03 8.399604654756791938e-03 8.539483431274478425e-03 8.252463494557920470e-03 8.144211797225606869e-03 7.924188435153012994e-03 8.135806560976063112e-03 7.924453723896154531e-03 9.842418507080261808e-03 7.929112931609021142e-03 8.392386461161150876e-03 9.311695112966488636e-03 8.141492421704069407e-03 8.267123015304403064e-03 8.719865018943543170e-03 8.256313562932479644e-03 7.832403834379234042e-03 8.391698323518451130e-03 8.028336619770190530e-03 8.023186057032784604e-03 8.257687839459175450e-03 8.262530339140573832e-03 8.710035312371985569e-03 9.091433931410576597e-03 8.266728962792870700e-03 7.663184746688455826e-03 8.396743231730766435e-03 8.135824999264098384e-03 8.027882010556446415e-03 8.025959270986126812e-03 9.317224187101505115e-03 8.264418929327801283e-03 8.705668754830427070e-03 8.266052686610580319e-03 8.396977542513466355e-03 8.551171246402672343e-03 8.548550174196036314e-03 8.258881643679076220e-03 8.541871897137797570e-03 7.927534114536897297e-03 8.267207047791819488e-03 8.393227338185161798e-03 8.392723422591131729e-03 8.713288416210997547e-03 8.142612948096308520e-03 8.551215229474929541e-03 8.140536505031072817e-03 8.142859921290027461e-03 8.706205848596154998e-03 8.027937370273369871e-03 8.551263270565356497e-03 8.269615896034965968e-03 8.140367258256514180e-03 8.411290337698671196e-03 8.903768852270848785e-03 8.547256724396686337e-03 8.404919492472903014e-03 8.032443465332017932e-03 8.274908862265320866e-03 9.099034063644749828e-03 8.557111757445660938e-03 8.551383264144672355e-03 9.093422873681160715e-03 8.032709336099785880e-03 8.145354390495481919e-03 7.926347971143388182e-03 8.892965820848437036e-03 8.272528772057037572e-03 8.145150793887657309e-03 8.404029968540562348e-03 8.722451870414146130e-03 8.897427218915090336e-03 8.270769331331693716e-03 8.898327581257714849e-03 8.706831934029045025e-03 8.901334325556883864e-03 8.713713055464759188e-03 8.033145225664513334e-03 8.268023169072154926e-03 8.033166972375785364e-03 7.753000495581679335e-03 8.550031699931402371e-03 8.036511883419673874e-03
8.112350765511099765e-03 7.822907791635564864e-03 7.574683795200268070e-03 7.861244718433862619e-03 7.867899328538775425e-03 7.223718281540886590e-03 7.963287722373571867e-03 7.961141366349896303e-03 0.000000000000000000e+00 8.108937719250251461e-03 7.693716112364722311e-03 7.576484045046481819e-03 7.469004945259136163e-03 7.364813073879268590e-03 7.364142359746849234e-03 7.820163380294736441e-03 7.863849677635641189e-03 7.967821328022600333e-03 7.956456350416075268e-03 7.577027173293774363e-03 7.818137988934208138e-03 7.363515076033929317e-03 7.033096699269440061e-03 8.115624789497382502e-03 8.683315043514170176e-03 7.365829244655473784e-03 7.565530488897656732e-03 7.861141661548628687e-03 7.962575838727878330e-03 7.814752886117956251e-03 8.011588802149964550e-03 8.524983049098253107e-03 8.031002246238556214e-03 7.630934302531255063e-03 8.182105674656088221e-03 8.366176846286852570e-03 8.185367735290742172e-03 8.314714867829265874e-03 7.887542139821420925e-03 7.765760449947770039e-03 8.184776619378050094e-03 8.198157243847134512e-03 7.521833824885140567e-03 7.629414270873078469e-03 7.886559188571255416e-03 8.031014195874370057e-03 8.034323795094050827e-03 8.183578443880122275e-03 7.877711946975318388e-03 7.761787739378068346e-03 7.526495853561553269e-03 7.752776208273757901e-03 7.526258394945340401e-03 9.547352036939731057e-03 7.531276565826431658e-03 8.026629076554769870e-03 8.995531607813342378e-03 7.759158324158344638e-03 7.893131359720450754e-03 8.375036164848602416e-03 7.882254835272647919e-03 7.427432402502594927e-03 8.026462316759653062e-03 7.637925847336725360e-03 7.632821697968830872e-03 7.883660208750456824e-03 7.888841509462167501e-03 8.364280449585672489e-03 8.765732859299142296e-03 7.893349657863880584e-03 7.246119300560297655e-03 8.031916937207067217e-03 7.753425013635954766e-03 7.637831667624178471e-03 7.635793580837461555e-03 9.001968992269647474e-03 7.890906370440421008e-03 8.359615315567460112e-03 7.892622374053579956e-03 8.032152463837942749e-03 8.196021821152518760e-03 8.193290929333242947e-03 7.884941933657742610e-03 8.186143991108774803e-03 7.530201190757645179e-03 7.893849049387951719e-03 8.027874216123742981e-03 8.027621957867553046e-03 8.367679460754512064e-03 7.760693091063581087e-03 8.196065643835643427e-03 7.758204749880827887e-03 7.761019942764173229e-03 8.360186963311430977e-03 7.637885221553105362e-03 8.196114564912766742e-03 7.896450825717720931e-03 7.758336767968518864e-03 8.047434612819134858e-03 8.568597053643694367e-03 8.191904905707239962e-03 8.040642605252435599e-03 7.642292360691863712e-03 7.902111045847481918e-03 8.773712170329258861e-03 8.202338118882171458e-03 8.196262574773448620e-03 8.767886201636316060e-03 7.643738164301167905e-03 7.763662823993949628e-03 7.528929687076565958e-03 8.557198921858676435e-03 7.899543218479923579e-03 7.763540476668195564e-03 8.039702811038012056e-03 8.377381718632169114e-03 8.561975716803079881e-03 7.897668085477736050e-03 8.562874484632523181e-03 8.360851434994711132e-03 8.566032932325835791e-03 8.368437545344623030e-03 7.643528710286490342e-03 7.894736818953067975e-03 7.643552224585808789e-03 7.342748630801283240e-03 8.194522558927970837e-03 7.647131677346133763e-03
8.656191991493993390e-03 8.334849614698340917e-03 8.108993522166031004e-03 8.327475451601930312e-03 8.333766866089768743e-03 7.758500704002044800e-03 8.517214856156312894e-03 8.459867823016005428e-03 8.108937719250251461e-03 0.000000000000000000e+00 8.214947677306225216e-03 8.158510949216794469e-03 8.060266432122433281e-03 7.918072426944705242e-03 7.917960484593268219e-03 8.331584933309403238e-03 8.383264200784988976e-03 8.521443437283622580e-03 8.455975715471122575e-03 8.110778946519641222e-03 8.381618816615223760e-03 7.916752330213912628e-03 7.618727447525942137e-03 8.599732513730130173e-03 9.193823654452546248e-03 7.918257003117934456e-03 8.099531298529945647e-03 8.326876156250405392e-03 8.462340861574912595e-03 8.379908596994887701e-03 8.517705359285530561e-03 8.993513117847243971e-03 8.535335217759832532e-03 8.169962310252153193e-03 8.616351363310023950e-03 8.844323896077945640e-03 8.677308539241460408e-03 8.844901734695287746e-03 8.404412969473022688e-03 8.292703313465470821e-03 8.677298215189775676e-03 8.689621987843915846e-03 8.070260276531696086e-03 8.168020241195624032e-03 8.402527085581089003e-03 8.534838415810003937e-03 8.538932360338766583e-03 8.675069075102154192e-03 8.394955722960038141e-03 8.289076229151067302e-03 8.074517261050344341e-03 8.281421998315281752e-03 8.074776562068024591e-03 9.955175535293533592e-03 8.079302638327637287e-03 8.531341188392585831e-03 9.432032397111026270e-03 8.286435173367447116e-03 8.409023455734618291e-03 8.852075090418045494e-03 8.399677502555913042e-03 7.985028977484546348e-03 8.531218832252954187e-03 8.175322650353160706e-03 8.171630763734939046e-03 8.400432643551605447e-03 8.405154830977821026e-03 8.842880376425402145e-03 9.216350578262951301e-03 8.409249437677009803e-03 7.820609848835520170e-03 8.536200687526205103e-03 8.281506401393563463e-03 8.176212019796865946e-03 8.174333881242841493e-03 9.438122160984319803e-03 8.406986632423040992e-03 8.838259956688290439e-03 8.408582443366494075e-03 8.536428000630359031e-03 8.687115639185366556e-03 8.684533937487234900e-03 8.401585150959204815e-03 8.678032937599484617e-03 8.078343187018140539e-03 8.409700384150595870e-03 8.532456917785546241e-03 8.532273758400661656e-03 8.845719985540317909e-03 8.288120694414743972e-03 8.686603835735858328e-03 8.285799686072615328e-03 8.288342892061479131e-03 8.838791242961016245e-03 8.176269156462710741e-03 8.687210961022564376e-03 8.412075101459031909e-03 8.286261453468203586e-03 8.550420408094517796e-03 9.032298855642826793e-03 8.683643196083066021e-03 8.544194784925511488e-03 8.180213375866595207e-03 8.417238522756659638e-03 9.223820341731596775e-03 8.692936384690812257e-03 8.687339537517373145e-03 9.218714710880409474e-03 8.180913339480115620e-03 8.290804314850344289e-03 8.077216122421111352e-03 9.021704910742367120e-03 8.414909462693716605e-03 8.291056819209793524e-03 8.543338710859112173e-03 8.854688823129383546e-03 9.026080212786060167e-03 8.413202322696617524e-03 9.026966736471712591e-03 8.839406584287041665e-03 9.029908634845063356e-03 8.846138066169592293e-03 8.181331727423525949e-03 8.410518381190574405e-03 8.181672797064293984e-03 7.908187951480523392e-03 8.685701580380287765e-03 8.184630215034760861e-03
8.270228221693709525e-03 7.935733164856073607e-03 7.736530975349784588e-03 7.928194675543951894e-03 7.935155428847390918e-03 7.351542549918010407e-03 8.122012252763235324e-03 8.071427113663671299e-03 7.693716112364722311e-03 8.214947677306225216e-03 0.000000000000000000e+00 7.694010504294098926e-03 7.631021414967663515e-03 7.486907708933853572e-03 7.487179595969500369e-03 7.980132952019063433e-03 7.978899595774155071e-03 8.077136736035529785e-03 8.067916816628108514e-03 7.738292307923850394e-03 7.929407513479314051e-03 7.485704555405818701e-03 7.163739141749751391e-03 8.220416640773895237e-03 8.840386789652293631e-03 7.527136616347413454e-03 7.683794489898856592e-03 7.928350492890853807e-03 8.073381656608103960e-03 7.975827795103841711e-03 8.074396077994289156e-03 8.572209490381066388e-03 8.141677645535591937e-03 7.749594352872629828e-03 8.289465337743497433e-03 8.470447593591997476e-03 8.293240719309228834e-03 8.471110257674798610e-03 8.000976701585477135e-03 7.881624936004926613e-03 8.292669915572941156e-03 8.305851330046732511e-03 7.642318252470382649e-03 7.747581012922250855e-03 7.999468420295367116e-03 8.141131683971384106e-03 8.144952708025810298e-03 8.290923753989477146e-03 7.990792509318398254e-03 7.877745263862236114e-03 7.646868786063265935e-03 7.868900989707305546e-03 7.647169504637507664e-03 9.636842407140067818e-03 7.652085226656112592e-03 8.137387226781943317e-03 9.091302818755381959e-03 7.875151708804022793e-03 8.006416451269078235e-03 8.478717376170875897e-03 7.995172728874502463e-03 7.550494021944445869e-03 8.136680418109715554e-03 7.755506565171836099e-03 7.750306532664244519e-03 7.995237967947351268e-03 8.000304930325819602e-03 8.468021479465620907e-03 8.862478701045709353e-03 8.005205190366440973e-03 7.333560237677607015e-03 8.141109574382628805e-03 7.867624134356604113e-03 7.754425388127467351e-03 7.752796206805615334e-03 9.095573043482463316e-03 8.003444360543997618e-03 8.462958053399510100e-03 8.004851338014838669e-03 8.141660563107928558e-03 8.301724460007028905e-03 8.248399531398411394e-03 7.996481042237260292e-03 8.292558756346523827e-03 7.649107246696324434e-03 8.005196176917969003e-03 8.136653899786209718e-03 8.136930138165477874e-03 8.470461073295678864e-03 7.874733539497835375e-03 8.302300445254359729e-03 7.872266485607456316e-03 7.830526105447627172e-03 8.463503697092091341e-03 7.754849825556154978e-03 8.302487173151741964e-03 8.008671845271134529e-03 7.873640200948767501e-03 8.157130579512160765e-03 8.669187813844854429e-03 8.298960525328987967e-03 8.150117605073701338e-03 7.759729422982111942e-03 8.014562045624208653e-03 8.871712572976794831e-03 8.309238941809534915e-03 8.302915542339779978e-03 8.865584103692626672e-03 7.760754510154654548e-03 7.878553833613582622e-03 7.648782023438552118e-03 8.657987036628062363e-03 8.012060699708787107e-03 7.879483191730787123e-03 8.149188433784855176e-03 8.481349057354457127e-03 8.663350107815414800e-03 8.009877531689416769e-03 8.663563894804304430e-03 8.464716612238493143e-03 8.666673691641087890e-03 8.472192034665457921e-03 7.717568708215833372e-03 8.007013369182587603e-03 7.761227356889732060e-03 7.466715341932509721e-03 8.301212779959968660e-03 7.764436925515074729e-03
8.112612511055704648e-03 7.823745080935513505e-03 7.575441810622201774e-03 7.816479263285878651e-03 7.824403171182455971e-03 7.187861057961453595e-03 7.963647011224249742e-03 7.961455130280008230e-03 7.576484045046481819e-03 8.158510949216794469e-03 7.694010504294098926e-03 0.000000000000000000e+00 7.510199441746647463e-03 7.365563214995073278e-03 7.365883560811867584e-03 7.821045092799879320e-03 7.819776573931605870e-03 7.967407059558114651e-03 8.005445658604601333e-03 7.578391825666578804e-03 7.817620518177647443e-03 7.363117138362695185e-03 7.068053302720395115e-03 8.114535376648903883e-03 8.741542800614027914e-03 7.365149465435157083e-03 7.565720967666682631e-03 7.815998156483353401e-03 8.012018950877938112e-03 7.816790385705658928e-03 8.011327188950968098e-03 8.471882998830684852e-03 8.032166431375817317e-03 7.632119173218222460e-03 8.183186093519423387e-03 8.366750169535093484e-03 8.186508414562476688e-03 8.367435168121235139e-03 7.889166661190549767e-03 7.766969038118455744e-03 8.185922333035828072e-03 8.199338345296014463e-03 7.522694468489486697e-03 7.630055696203281827e-03 7.887189064957415494e-03 8.031610540577237278e-03 8.035497867207223519e-03 8.184380839479988776e-03 7.878336740877752917e-03 7.762996108990830556e-03 7.526776474098092161e-03 7.753953454355150786e-03 7.527461890531485407e-03 9.548443615583794217e-03 7.532492362577477597e-03 8.027792812551302892e-03 8.996655304255312888e-03 7.760101248169774812e-03 7.894301776756229919e-03 8.375190339682429125e-03 7.882807130786180852e-03 7.428638360933427671e-03 8.027061957967060110e-03 7.638184098022774045e-03 7.633385167606776892e-03 7.884208669448259169e-03 7.889386123166548109e-03 8.365108860358004897e-03 8.766203432873308568e-03 7.893895125607406152e-03 7.246728663642235807e-03 8.032444300494205602e-03 7.753980418902346565e-03 7.638398741707793510e-03 7.636567710829191002e-03 9.002430834890471495e-03 7.891658065953514531e-03 8.360116273737786680e-03 7.893166503068656248e-03 8.032690696739168412e-03 8.196537469782452789e-03 8.193802359263400309e-03 7.885482463526362340e-03 8.186661333144442179e-03 7.530782015258432292e-03 7.894396528747894132e-03 8.028410064506139726e-03 8.028149431908824726e-03 8.368182276493343896e-03 7.761253846733923503e-03 8.196587748967100115e-03 7.758768353048898364e-03 7.761573041491109069e-03 8.360689858441492511e-03 7.638460145625719511e-03 8.196633313853996655e-03 7.896141764072200225e-03 7.759084723445799220e-03 8.047139647673480847e-03 8.568255745746957558e-03 8.192683949996400206e-03 8.041059671466605982e-03 7.643194989928895657e-03 7.901803595608859754e-03 8.773340825735977122e-03 8.202760644297688031e-03 8.196668057950677946e-03 8.710335422449498599e-03 7.642870571335063853e-03 7.763369959629479178e-03 7.528708293035941274e-03 8.557170303507053918e-03 7.899265879522967410e-03 7.763968676706182841e-03 8.039390028333587637e-03 8.377792502216124815e-03 8.561642501089697030e-03 7.897384556606670825e-03 8.563266252721031535e-03 8.361258826518110782e-03 8.566433631519362879e-03 8.367844799109267623e-03 7.642894066449424859e-03 7.895177706054461175e-03 7.644288678557188688e-03 7.342527552982830268e-03 8.194219595943507198e-03 7.646854697065964650e-03
