0.000000000000000000e+00 6.444513237008996434e-03 6.442516151293539023e-03 6.442368835464746396e-03 6.444516170212779595e-03 6.442726950251155722e-03 6.442278711352587145e-03 6.442278435023311711e-03 6.442518224527946959e-03 6.444516151303828801e-03 6.444515968003512903e-03 6.442517470947129420e-03 6.442579861203613124e-03 6.444512338007003793e-03 6.442637013705974046e-03 6.442368128338364641e-03 6.442370147040989842e-03 6.442277514121262649e-03 6.442280305681854710e-03 6.444512374499310366e-03 6.444512768817473557e-03 6.442635571342304572e-03 6.442804895662767803e-03 6.444514532195042521e-03 6.444513050735707974e-03 6.442634832504930478e-03 6.442518042320693333e-03 6.444515481194502265e-03 6.442278975506065750e-03 6.442368525660948329e-03 6.442278609500902940e-03 6.441919761567124411e-03 6.444527613722743006e-03 6.444526980700307321e-03 6.444527074727831803e-03 6.444528531436478740e-03 6.444527080199347405e-03 6.444527856733046726e-03 6.444526689566187037e-03 6.444529157106317595e-03 6.444527046839770151e-03 6.444528997230065601e-03 6.444527517122080641e-03 6.444526530922691128e-03 6.444527834400476905e-03 6.444527900578336972e-03 6.444527915629171683e-03 6.444527243344906099e-03 6.444525956412050678e-03 6.444528811391732163e-03 6.444527461496612000e-03 6.444527132538400635e-03 6.444527991918996834e-03 6.444527834088956998e-03 6.444529056587046736e-03 6.444527048112837740e-03 6.444527526779218578e-03 6.444528155890478192e-03 6.444528390281418009e-03 6.444529268629936927e-03 6.444525467839546176e-03 6.444529004641470424e-03 6.444526946646991598e-03 6.444527099390922817e-03 6.444526704218299026e-03 6.444527013861089601e-03 6.444527595935355124e-03 6.444527018284156548e-03 6.444527871585222639e-03 6.444528283745805212e-03 6.444528822835312622e-03 6.444527622741824495e-03 6.444527100426482476e-03 6.444527794857299145e-03 6.444527418840098262e-03 6.444527991697871633e-03 6.444527730763487290e-03 6.444527218139676703e-03 6.444528185741592828e-03 6.444527335842007223e-03 6.444528325312733931e-03 6.444528160767304566e-03 6.444527132129617385e-03 6.444527198199318310e-03 6.444528467680823471e-03 6.444528317118942799e-03 6.444526775463139782e-03 6.444527002918021968e-03 6.444528062915785144e-03 6.444527936802590604e-03 6.444528267823905997e-03 6.444527478317451860e-03 6.444528231119904180e-03 6.444527390223393770e-03 6.444527819761721420e-03 6.444527995557768410e-03 6.444528513413957764e-03 6.444527137433253387e-03 6.444529061291785071e-03 6.444528926786720867e-03 6.444527183247329011e-03 6.444528413529910550e-03 6.444527536681998563e-03 6.444529106455633427e-03 6.444528331252046341e-03 6.444528782039726095e-03 6.444528186103503850e-03 6.444527259999339140e-03 6.444528272635809477e-03 6.444528449572000869e-03 6.444528173425283397e-03 6.444526837765432448e-03 6.444528862937488542e-03 6.444526870323188418e-03 6.444528420897437278e-03 6.444528978454099576e-03 6.444527864338221897e-03 6.444528672203943265e-03 6.444528346529138432e-03 6.444527342163246762e-03 6.444528721434021612e-03 6.444527901522625023e-03 6.444527827864888862e-03 6.444528209535579574e-03 6.444527956642802542e-03 6.444529920280277387e-03 6.444527443117118760e-03 6.444529036490162510e-03
6.444513237008996434e-03 0.000000000000000000e+00 6.442709048011689699e-03 6.444514797804438110e-03 6.444514458336577170e-03 6.442922198911238407e-03 6.442471505530669371e-03 6.442471172546853503e-03 6.442710345235149426e-03 6.442370831319005169e-03 6.442642387151777811e-03 6.442711103806541759e-03 6.442774500563781467e-03 6.444511605268560955e-03 6.442829156715935111e-03 6.444513516419816436e-03 6.442564682184359799e-03 6.442468446704096262e-03 6.444514931939153597e-03 6.442708083935458525e-03 6.442562004892942590e-03 6.442829409550510436e-03 6.444512654513969395e-03 6.444512329031142940e-03 6.441948215530602338e-03 6.442828512697851458e-03 6.442711821893277666e-03 6.442562023321263091e-03 6.442470888194758681e-03 6.442561507584859855e-03 6.442471502855286886e-03 6.442110584118426395e-03 6.444528278240334133e-03 6.444527645585321554e-03 6.444526625504137102e-03 6.444529196201149134e-03 6.444527744824577256e-03 6.444528554968962861e-03 6.444528322598330576e-03 6.444529821810438333e-03 6.444527712450559727e-03 6.444529662261736826e-03 6.444528526300495087e-03 6.444527224594802199e-03 6.444528499370200288e-03 6.444528565463710293e-03 6.444528580961244105e-03 6.444528298422578898e-03 6.444526650271413873e-03 6.444529476210135617e-03 6.444528166510603631e-03 6.444527798119502153e-03 6.444528656983296473e-03 6.444528499403662236e-03 6.444529721555268716e-03 6.444527713106852455e-03 6.444528191557652268e-03 6.444528845849891580e-03 6.444529055357996021e-03 6.444529933135581014e-03 6.444526189794535891e-03 6.444529669352975013e-03 6.444527611976513110e-03 6.444528616154556779e-03 6.444527397663781486e-03 6.444527677871876060e-03 6.444528260382945822e-03 6.444527714269837962e-03 6.444528535565806696e-03 6.444528948262488212e-03 6.444528841757639001e-03 6.444528287100383980e-03 6.444527764581878954e-03 6.444528459021854963e-03 6.444528434474850777e-03 6.444528655800635733e-03 6.444528763960624511e-03 6.444527882682190602e-03 6.444528850394466366e-03 6.444528000710196373e-03 6.444528989312466732e-03 6.444528074321373423e-03 6.444527796287030479e-03 6.444527862561788729e-03 6.444529131735583435e-03 6.444528981274256878e-03 6.444527467988259498e-03 6.444527667433259943e-03 6.444528726928895265e-03 6.444528600963143547e-03 6.444528931697772467e-03 6.444528170872832092e-03 6.444528196657381067e-03 6.444528054466698228e-03 6.444528484171555861e-03 6.444528660114049075e-03 6.444529177646399383e-03 6.444527833430650256e-03 6.444529725737334000e-03 6.444529591543416737e-03 6.444527879456021270e-03 6.444529078048668279e-03 6.444529135128068513e-03 6.444529770904374247e-03 6.444528995949264615e-03 6.444529446465805354e-03 6.444528850290169586e-03 6.444527957796746670e-03 6.444528183581898530e-03 6.444529114091279015e-03 6.444528838042576022e-03 6.444527542358336435e-03 6.444529527912349308e-03 6.444527607092529267e-03 6.444529085124589725e-03 6.444529643180106453e-03 6.444528557975557834e-03 6.444529337115609789e-03 6.444529010709269465e-03 6.444528006654741577e-03 6.444529385924709780e-03 6.444528591712590099e-03 6.444527847121800899e-03 6.444528874055817889e-03 6.444528652634624009e-03 6.444530585040094024e-03 6.444528136825508971e-03 6.444529701017739573e-03
6.442516151293539023e-03 6.442709048011689699e-03 0.000000000000000000e+00 6.444514681819264387e-03 6.444513616072232096e-03 6.443070133256196402e-03 6.442621014861579787e-03 6.442619554590870747e-03 6.442858774925556975e-03 6.442518616668767642e-03 6.444515308381110197e-03 6.442859308774469100e-03 6.444514594343172045e-03 6.442975861288580477e-03 6.442978320038032780e-03 6.442709443849771629e-03 6.442710764289080738e-03 6.442619858847023137e-03 6.442622226709127445e-03 6.442856643680968179e-03 6.444513863201041699e-03 6.442977010977615424e-03 6.443147584447286337e-03 6.442517804268450485e-03 6.442096847048811754e-03 6.442976683997036526e-03 6.442860313882223071e-03 6.442710802376043142e-03 6.444512899602116221e-03 6.442709137743488947e-03 6.442619868331299349e-03 6.442259510878112043e-03 6.444528467888383134e-03 6.444527834905823538e-03 6.444526851049373235e-03 6.444529385822602222e-03 6.444527934117597751e-03 6.444528770080097495e-03 6.444527620919408145e-03 6.444530011030529318e-03 6.444527901547252025e-03 6.444529851638541862e-03 6.444528410212709002e-03 6.444527435972418131e-03 6.444528688590897558e-03 6.444528754763701774e-03 6.444528770062153515e-03 6.444528136345133683e-03 6.444526861697051287e-03 6.444529665341470342e-03 6.444528385367068700e-03 6.444527987242397449e-03 6.444528846126144558e-03 6.444528688798035684e-03 6.444529910796508582e-03 6.444527902282050531e-03 6.444528380916779604e-03 6.444529054574964395e-03 6.444529244483895858e-03 6.444530122143425112e-03 6.444526423840390636e-03 6.444529858834984956e-03 6.444527801074824772e-03 6.444528830878856751e-03 6.444527609914638133e-03 6.444527868538559891e-03 6.444528450873959410e-03 6.444528520218030694e-03 6.444528725956422295e-03 6.444529138475744816e-03 6.444529676898561564e-03 6.444528477122515690e-03 6.444527954813352756e-03 6.444528649254562154e-03 6.444528312458936911e-03 6.444528846085359475e-03 6.444528624358780537e-03 6.444528073142407644e-03 6.444529040475673216e-03 6.444528190593681177e-03 6.444529180052606561e-03 6.444529014432400643e-03 6.444527986528674965e-03 6.444528052930033335e-03 6.444529322071171872e-03 6.444529171515328905e-03 6.444527680864300077e-03 6.444527857317495882e-03 6.444528917645130604e-03 6.444528791199450289e-03 6.444529122047629871e-03 6.444528383892764514e-03 6.444529085157016911e-03 6.444528244958299019e-03 6.444528674486699714e-03 6.444528850296775413e-03 6.444529368014816594e-03 6.444528575739914660e-03 6.444529915886640023e-03 6.444529781432397145e-03 6.444528666204186150e-03 6.444529268256988727e-03 6.444528468244183593e-03 6.444529961138444063e-03 6.444529185392157411e-03 6.444529636720767313e-03 6.444529040942758788e-03 6.444528173438042289e-03 6.444528423270170364e-03 6.444529303984034181e-03 6.444529028299961389e-03 6.444527762153993804e-03 6.444529717765156394e-03 6.444527852481816282e-03 6.444529275790008942e-03 6.444529833135538913e-03 6.444528770148811626e-03 6.444529527343640166e-03 6.444529201006735618e-03 6.444528197042138397e-03 6.444529576119359740e-03 6.444528800839254869e-03 6.444528751752898361e-03 6.444529064431907782e-03 6.444529383588974876e-03 6.444530775380072178e-03 6.444528348783374293e-03 6.444529891213402611e-03
6.442368835464746396e-03 6.444514797804438110e-03 6.444514681819264387e-03 0.000000000000000000e+00 6.442560921138775452e-03 6.442921700399765854e-03 6.442471991693547555e-03 6.444513779298654925e-03 6.444514550879984136e-03 6.442369530658464093e-03 6.442642122567148431e-03 6.442711358636121939e-03 6.442776499610069346e-03 6.442827566376700676e-03 6.442829226628092772e-03 6.442562155182757905e-03 6.442563335323170381e-03 6.442472953219749963e-03 6.444515054033557629e-03 6.444514526497305100e-03 6.442560815928549504e-03 6.442828459647504356e-03 6.442999764685776107e-03 6.442368390475960993e-03 6.444517050330353033e-03 6.442829181850993209e-03 6.442709862657071233e-03 6.442560934259015590e-03 6.442472122587622647e-03 6.444514852855074902e-03 6.442470792554688165e-03 6.444516101106825129e-03 6.444526823676291136e-03 6.444526232452105208e-03 6.444525151152675872e-03 6.444528389284645033e-03 6.444526940224744316e-03 6.444528438119266275e-03 6.444526883963904579e-03 6.444529015446626673e-03 6.444526239213293171e-03 6.444528856091144738e-03 6.444526801385168195e-03 6.444525810912937053e-03 6.444527059426386796e-03 6.444527109162342601e-03 6.444527775204511935e-03 6.444526455775844050e-03 6.444525844589356345e-03 6.444528669712660043e-03 6.444526762584892703e-03 6.444526372766726241e-03 6.444527254274517482e-03 6.444526830636461423e-03 6.444528318017037766e-03 6.444526257777317621e-03 6.444526611381635323e-03 6.444527420739911035e-03 6.444527616299339061e-03 6.444527563320538027e-03 6.444526209445880678e-03 6.444528275458717183e-03 6.444526805747257010e-03 6.442723654112380606e-03 6.444526595515120623e-03 6.444526875500204352e-03 6.444527458241757281e-03 6.444526911629153143e-03 6.444527733523920665e-03 6.444528145749054901e-03 6.444528039530248581e-03 6.444527485099289972e-03 6.444526962074822486e-03 6.444527656521038296e-03 6.444527303435259799e-03 6.444527853349882318e-03 6.444527615476204098e-03 6.444526391655950627e-03 6.444528047993588853e-03 6.444527197446201124e-03 6.444528187311041392e-03 6.444527272058535664e-03 6.444526993594182525e-03 6.444527060178895095e-03 6.444528329191341436e-03 6.444528178477840728e-03 6.444526666179929697e-03 6.444526864729707011e-03 6.444527924508076239e-03 6.444527798455684624e-03 6.444528129332279844e-03 6.444527369064877859e-03 6.444527394890414880e-03 6.444527252076846617e-03 6.444527681839965806e-03 6.444527857672709137e-03 6.444528375765441915e-03 6.444527032284337771e-03 6.444528923856933378e-03 6.444528789662548607e-03 6.444527078330401434e-03 6.444528276167739433e-03 6.444528333319694477e-03 6.444528969023853929e-03 6.444528194067911629e-03 6.444528644584904264e-03 6.444528048409153137e-03 6.444527156234198563e-03 6.444527381583553191e-03 6.444528312210224402e-03 6.444528035890336425e-03 6.444526740170548884e-03 6.444528726030319780e-03 6.444526806020618205e-03 6.444528283243901139e-03 6.444528841299772617e-03 6.444527756472261809e-03 6.444528535092248003e-03 6.444528208828399600e-03 6.444527204773091954e-03 6.444528584044119206e-03 6.444527789863170771e-03 6.444527045086616106e-03 6.444528072175154457e-03 6.444527851483289500e-03 6.444529783160098460e-03 6.444527334865244282e-03 6.444528899137083079e-03
6.444516170212779595e-03 6.444514458336577170e-03 6.444513616072232096e-03 6.442560921138775452e-03 0.000000000000000000e+00 6.444514675833887263e-03 6.442472523270948576e-03 6.442473415156696991e-03 6.444513202180108397e-03 6.442368936254870906e-03 6.442641816900225235e-03 6.442712664323207300e-03 6.442775366211310820e-03 6.442826793209404865e-03 6.442829732908332725e-03 6.442560830727241290e-03 6.444514681269129797e-03 6.442472657765421426e-03 6.442473879457717365e-03 6.442710183928905023e-03 6.442562640193398062e-03 6.442829742463147130e-03 6.442999430502896821e-03 6.442369613758027781e-03 6.441951312986310928e-03 6.442831330248456612e-03 6.442711774805932358e-03 6.442560393266009121e-03 6.444513037227771884e-03 6.444513847379303682e-03 6.442472268575014094e-03 6.444514934535581878e-03 6.444528277253410917e-03 6.444526443963850826e-03 6.444526623787340258e-03 6.444527866597418199e-03 6.444526450888487037e-03 6.444529240627874453e-03 6.444526154522320187e-03 6.444529817354358731e-03 6.444526415756266120e-03 6.444529658163587922e-03 6.444528199860915726e-03 6.444527223203593870e-03 6.444528495855762415e-03 6.444527297245295459e-03 6.444527311976653086e-03 6.444526633045584603e-03 6.444526648482495901e-03 6.444529473674071376e-03 6.444527744300918883e-03 6.444526575658522487e-03 6.444527469361843904e-03 6.444526899589630986e-03 6.444529716502978532e-03 6.444526445491426635e-03 6.444526729582914816e-03 6.444529250097059438e-03 6.444529054160969168e-03 6.442262221720374514e-03 6.444526404284807788e-03 6.444528497161225965e-03 6.444526343068641971e-03 6.444526632661705043e-03 6.444527401998660296e-03 6.444527682280580365e-03 6.444528263695086315e-03 6.444526390179191808e-03 6.444528539934312253e-03 6.444528951854362406e-03 6.444528845306300366e-03 6.444528291510394531e-03 6.444527768852709171e-03 6.444528463295940389e-03 6.444528108990045870e-03 6.444528660036569385e-03 6.444528421389025818e-03 6.444527885712590318e-03 6.444528854099985764e-03 6.444528003655775050e-03 6.444528993032366988e-03 6.444528078488188753e-03 6.444527800442261325e-03 6.444527866280017579e-03 6.444529135822346481e-03 6.444528985540696510e-03 6.444527472557644299e-03 6.444527671583754128e-03 6.444528730606038924e-03 6.444528604647649372e-03 6.444528935384108426e-03 6.444528174770478186e-03 6.444528200282122199e-03 6.444528058176531016e-03 6.444528487415298809e-03 6.444528663152134483e-03 6.444529183356529668e-03 6.444527839073236480e-03 6.444529730950982957e-03 6.444529596876175277e-03 6.444527884188998301e-03 6.444529083485917020e-03 6.444528249041579608e-03 6.444529776365621153e-03 6.444529000602296047e-03 6.444529451685748755e-03 6.444528855480739782e-03 6.444527963549859066e-03 6.444528584100474300e-03 6.444529119258711469e-03 6.444528842824011686e-03 6.444528449364128088e-03 6.444529532110465121e-03 6.444527612884548042e-03 6.444529090847138028e-03 6.444529647828402090e-03 6.444528563973134401e-03 6.444529341476550217e-03 6.444529015922631325e-03 6.444528011849669398e-03 6.444529390569595818e-03 6.444529053324799493e-03 6.444528629700505863e-03 6.444528879228466657e-03 6.444528658268309368e-03 6.444530590307575788e-03 6.444528141952151137e-03 6.444529706429065474e-03
6.442726950251155722e-03 6.442922198911238407e-03 6.443070133256196402e-03 6.442921700399765854e-03 6.444514675833887263e-03 0.000000000000000000e+00 6.442833274021274662e-03 6.442831761802516460e-03 6.444513831904449645e-03 6.442730432169730369e-03 6.444514370415262844e-03 6.443071486118066675e-03 6.443135567290552215e-03 6.443187867070678670e-03 6.443190702295071605e-03 6.442922682888875020e-03 6.442923873982402648e-03 6.442832704739010104e-03 6.442835168206693421e-03 6.444512612423626031e-03 6.442921436923758349e-03 6.443188735926978945e-03 6.443360140827279064e-03 6.442728885151555347e-03 6.444514819098608530e-03 6.443188803752500186e-03 6.443071921765274220e-03 6.442921718921284374e-03 6.442832276471267654e-03 6.442922284257911712e-03 6.442832354030661457e-03 6.442472800799008137e-03 6.444527889690738857e-03 6.444527302559253067e-03 6.444526306720268008e-03 6.444528764902284455e-03 6.444528019521782343e-03 6.444528812303377055e-03 6.444527753662026258e-03 6.444529465128130512e-03 6.444527987146508874e-03 6.444529253863059103e-03 6.444527913213438271e-03 6.444526935058997145e-03 6.444528127812002884e-03 6.444528176502629935e-03 6.444528192566766935e-03 6.444528245160592063e-03 6.444526334060042549e-03 6.444529119090078133e-03 6.444527908747586971e-03 6.444527441932173389e-03 6.444528930149079869e-03 6.444527879735115726e-03 6.444529389268853319e-03 6.444527986635664903e-03 6.444527667706321898e-03 6.443016269991834639e-03 6.444529328507890217e-03 6.444530206729305946e-03 6.444525928900182027e-03 6.444529941574159843e-03 6.444527224147359769e-03 6.444527631291822878e-03 6.444527730330141223e-03 6.444527956875702179e-03 6.444528537880124704e-03 6.444528051298729736e-03 6.444528815109855195e-03 6.444529227016873238e-03 6.444529765285968333e-03 6.444528565976994153e-03 6.444528043677359187e-03 6.444528738128006348e-03 6.444528425276315614e-03 6.444528935248136463e-03 6.444528737143974916e-03 6.444528161186690446e-03 6.444529129019515613e-03 6.444527616727398558e-03 6.444529268567495556e-03 6.444529103076338319e-03 6.444528075507891321e-03 6.444528141450692020e-03 6.444529410942058216e-03 6.444529260081257802e-03 6.444527800900735730e-03 6.444527945990552627e-03 6.444529006465154856e-03 6.444528880068993958e-03 6.444529210235207771e-03 6.444528504642933926e-03 6.444529173210059199e-03 6.444528333783482339e-03 6.444528763128541844e-03 6.444528938513778560e-03 6.444527731669826530e-03 6.444526484243041399e-03 6.444529406655504465e-03 6.444528592790305273e-03 6.444528204990826979e-03 6.444527592218109863e-03 6.444526948669351309e-03 6.444528325080850842e-03 6.444527275152170387e-03 6.444529110353178041e-03 6.444527318355005793e-03 6.444526301417395284e-03 6.443085693800427137e-03 6.444528823243053303e-03 6.444527486068896312e-03 6.444527885868894107e-03 6.444529793932078122e-03 6.444526332554626966e-03 6.444527599075849066e-03 6.444528057590457291e-03 6.444526964937085864e-03 6.444529603351078356e-03 6.444527363345620326e-03 6.444527651656980355e-03 6.444529003482820859e-03 6.442623106216306336e-03 6.444527226946305740e-03 6.444528571002560921e-03 6.444527334111975307e-03 6.444529792254177249e-03 6.444528459336035936e-03 6.444528321491747001e-03
6.442278711352587145e-03 6.442471505530669371e-03 6.442621014861579787e-03 6.442471991693547555e-03 6.442472523270948576e-03 6.442833274021274662e-03 0.000000000000000000e+00 6.442381531802767250e-03 6.442621602088218630e-03 6.444516299922344732e-03 6.444516941366019817e-03 6.442621505438060267e-03 6.442683399148063823e-03 6.442738375657751371e-03 6.444514485966485080e-03 6.442469629801102909e-03 6.442472644972361412e-03 6.442379733205750268e-03 6.444515169709274030e-03 6.442620779444337663e-03 6.442472693928958001e-03 6.444515345538445565e-03 6.442908965432117725e-03 6.444515459227614755e-03 6.441857858737143512e-03 6.444514353403715291e-03 6.444514098003492619e-03 6.442472318781702727e-03 6.442381110471750300e-03 6.444512965582597716e-03 6.442379600155478947e-03 6.444514301301261863e-03 6.444528041451591874e-03 6.444527408843461064e-03 6.444527502072517483e-03 6.444528958305774727e-03 6.444527507881180062e-03 6.444528302806501810e-03 6.444528085458800341e-03 6.444529585305932250e-03 6.444527474856498114e-03 6.444529424906945622e-03 6.444527957359835746e-03 6.444527473465826682e-03 6.444528263024161194e-03 6.444528328746663287e-03 6.444528343424121321e-03 6.444527682447710563e-03 6.444526921024811006e-03 6.444529239802662159e-03 6.444527910029153837e-03 6.444527560689855897e-03 6.444528420053338182e-03 6.444528260938613314e-03 6.444529485176962898e-03 6.444527475431181644e-03 6.444527954215518474e-03 6.444528598170018441e-03 6.444528818909782582e-03 6.444528803006726800e-03 6.444527409713329477e-03 6.444529432419208136e-03 6.444527374397606909e-03 6.444528188748788883e-03 6.444527646201400790e-03 6.444527441341923318e-03 6.444528022864532898e-03 6.444527461971181169e-03 6.444528298914077233e-03 6.444528711230611447e-03 6.444529250653099894e-03 6.444528050276941179e-03 6.444527527903752204e-03 6.444528222562741389e-03 6.444527858398397743e-03 6.444528419296171283e-03 6.444528169629560113e-03 6.444527645660606818e-03 6.444528613461132302e-03 6.444527763388917425e-03 6.444528752673972342e-03 6.444528588457528080e-03 6.444527559684730227e-03 6.444527625691827584e-03 6.444528895379604376e-03 6.444528744836777040e-03 6.444527752804740661e-03 6.444527430478221887e-03 6.444528490293450519e-03 6.444528364513812078e-03 6.444528695559150790e-03 6.444528430116395340e-03 6.444528658959527284e-03 6.444527817721971107e-03 6.444528247289933037e-03 6.444528423104368096e-03 6.444528204999203091e-03 6.444526861222616559e-03 6.444528735080782417e-03 6.444528532804368916e-03 6.444527622957958030e-03 6.444528088004639749e-03 6.444528190951625754e-03 6.444528797762231857e-03 6.444528753379101874e-03 6.444528435907295218e-03 6.444528607660385267e-03 6.444527700917963668e-03 6.444527208907031672e-03 6.444528156298139944e-03 6.444527904664942158e-03 6.444527281684653275e-03 6.444528554946210228e-03 6.442563837281361540e-03 6.444528095668353163e-03 6.444528610196326342e-03 6.444528074976862975e-03 6.444528364728267268e-03 6.444527951320193002e-03 6.444527764977753259e-03 6.444528327403706291e-03 6.444527548243949612e-03 6.444528271340302372e-03 6.444527901753676312e-03 6.444528395818121917e-03 6.444530341609855384e-03 6.444527664161028499e-03 6.444528755776021342e-03
6.442278435023311711e-03 6.442471172546853503e-03 6.442619554590870747e-03 6.444513779298654925e-03 6.442473415156696991e-03 6.442831761802516460e-03 6.442381531802767250e-03 0.000000000000000000e+00 6.442619965969505029e-03 6.442278154890117292e-03 6.442552333408319010e-03 6.442619362988359979e-03 6.442685311936302388e-03 6.442737826456981440e-03 6.444515289892059628e-03 6.442472863891669441e-03 6.444518069240059641e-03 6.442380499415677371e-03 6.444515859533598429e-03 6.442619320556060986e-03 6.444512903696953537e-03 6.444512188848602885e-03 6.442909425107296723e-03 6.442277483673859370e-03 6.444514131518266908e-03 6.442737340196702869e-03 6.444513346869651729e-03 6.442470617425150557e-03 6.442381168028847409e-03 6.442471168930501493e-03 6.444512420659925626e-03 6.442020967125114926e-03 6.444527950627338374e-03 6.444527317486174744e-03 6.444526274154707517e-03 6.444528867760693745e-03 6.444527416539244311e-03 6.444528210920621829e-03 6.444527994905719682e-03 6.444529493470882268e-03 6.444527384013629297e-03 6.444529334357292777e-03 6.444527866299365818e-03 6.444527381326880904e-03 6.444528171660364457e-03 6.444528237378928728e-03 6.444528252095301814e-03 6.444527591490720360e-03 6.444526830145766265e-03 6.444529148193552104e-03 6.444528604325608367e-03 6.444527469619412176e-03 6.444528328699426767e-03 6.444528170720253621e-03 6.444529393823381948e-03 6.444527384606242928e-03 6.444527863145082559e-03 6.444528506500115002e-03 6.444528727544834856e-03 6.444528712505761571e-03 6.444525834706277614e-03 6.444529341068347232e-03 6.444527283299239344e-03 6.444528893821429780e-03 6.444527055807035450e-03 6.444527349629243333e-03 6.444527931995114138e-03 6.444527371179044339e-03 6.444528207300964304e-03 6.444528619877950767e-03 6.444528496762265586e-03 6.444527958916397049e-03 6.444527436198496835e-03 6.444528130865692997e-03 6.444527767042396854e-03 6.444528327663905272e-03 6.444528079059398500e-03 6.444527554430369044e-03 6.444528522358238844e-03 6.444527672183718650e-03 6.444528661308600477e-03 6.444527729378624580e-03 6.444527468360525084e-03 6.444527534323764295e-03 6.444528803689134923e-03 6.444528653121240833e-03 6.444527661299188394e-03 6.444527339514439374e-03 6.444528398710580759e-03 6.444528272808241857e-03 6.444528603660427783e-03 6.444528338626022770e-03 6.444527851800780326e-03 6.444527726228914052e-03 6.444528155838122503e-03 6.444528331779155080e-03 6.444528850380344849e-03 6.444527491913634200e-03 6.444529398232174723e-03 6.444529264061519234e-03 6.444527537181981430e-03 6.444528750793042902e-03 6.444528807857521045e-03 6.444529443390752121e-03 6.444528667646074425e-03 6.444529118977264728e-03 6.444528522237723267e-03 6.444527613885334301e-03 6.444527824831019699e-03 6.444528786816389535e-03 6.444528509867313883e-03 6.444528118326947781e-03 6.444529200407323605e-03 6.444527245160223093e-03 6.444528757598853158e-03 6.444529315141870121e-03 6.444528216514578550e-03 6.444529009169253954e-03 6.444528682659717532e-03 6.444527679438237684e-03 6.444529058155033796e-03 6.444528251950796746e-03 6.444528281686260837e-03 6.444528546790631585e-03 6.444528311337863191e-03 6.444530257486516880e-03 6.444528345774324686e-03 6.444529373731805975e-03
6.442518224527946959e-03 6.442710345235149426e-03 6.442858774925556975e-03 6.444514550879984136e-03 6.444513202180108397e-03 6.444513831904449645e-03 6.442621602088218630e-03 6.442619965969505029e-03 0.000000000000000000e+00 6.442518133387284233e-03 6.442792578536138404e-03 6.442861081218836591e-03 6.442923622736013503e-03 6.442977080911246358e-03 6.442977485739451171e-03 6.442710905355388679e-03 6.444514495695798789e-03 6.442620941621184268e-03 6.442620398065587034e-03 6.442858925088635995e-03 6.442711731700452235e-03 6.442978231565543897e-03 6.443148754967384720e-03 6.442519728594681833e-03 6.442098644114732306e-03 6.442979759729748450e-03 6.442860200228611375e-03 6.444513803659381035e-03 6.442618251872655327e-03 6.442708038379463785e-03 6.444514926585481231e-03 6.444513729029605585e-03 6.444527150555600346e-03 6.444526583584879974e-03 6.444526759076259215e-03 6.444529291798827345e-03 6.444526589730635753e-03 6.442411370150261454e-03 6.444526327049061344e-03 6.444528737677922801e-03 6.444526556852760851e-03 6.444528502821513308e-03 6.444528317288198901e-03 6.444527343807151393e-03 6.444528595052844387e-03 6.444528662418981362e-03 6.444527451793059802e-03 6.444528044307482745e-03 6.444526769395153391e-03 6.444528392228405719e-03 6.444529027401280086e-03 6.444526716708686223e-03 6.444527610640663276e-03 6.444527040546829157e-03 6.444528673911613728e-03 6.444526585396938290e-03 6.444526867883589548e-03 6.444528169543460583e-03 6.444527952708157398e-03 6.444530028709243713e-03 6.444526543284336689e-03 6.444528637980033968e-03 6.444527708848512247e-03 6.444528737749671832e-03 6.444527523702300517e-03 6.444527780758174500e-03 6.444528363263043493e-03 6.444527841432901895e-03 6.444528638807647987e-03 6.444529051410502647e-03 6.444528973638383174e-03 6.444528390381392725e-03 6.444527867734439232e-03 6.444528562181709753e-03 6.444528225537030607e-03 6.444528758420088599e-03 6.444528537924307243e-03 6.444527985933670884e-03 6.444528953651812615e-03 6.444528103404612712e-03 6.444529092608934466e-03 6.444528206170704356e-03 6.444527899659833851e-03 6.444527965846813360e-03 6.444529234710659818e-03 6.444529083913947895e-03 6.444527593381143941e-03 6.444527770798194610e-03 6.444528830183784279e-03 6.444528703542544250e-03 6.444529034962068886e-03 6.444528296281259658e-03 6.444528328631687550e-03 6.444528157751421883e-03 6.444528586969133603e-03 6.444528763251145161e-03 6.444529282490292499e-03 6.444527962035861805e-03 6.444529830089598677e-03 6.444529695756599091e-03 6.444528006874500684e-03 6.444529182627510393e-03 6.444528380660074357e-03 6.444529875495930149e-03 6.444529099734493290e-03 6.444529550815402026e-03 6.444528954603800236e-03 6.444528088442462270e-03 6.444529461465262760e-03 6.444529218397307239e-03 6.444528941959755571e-03 6.444528548014643796e-03 6.444529631004823969e-03 6.444527767706375275e-03 6.444529189984365969e-03 6.444529746972550710e-03 6.444528685243284573e-03 6.444529440381753689e-03 6.444529115062179458e-03 6.444528110986497485e-03 6.444529489723257662e-03 6.444529151917513347e-03 6.444528757430180790e-03 6.444528978371211018e-03 6.444528781227944030e-03 6.444530689194792779e-03 6.444528262980617032e-03 6.444529805564497109e-03
6.444516151303828801e-03 6.442370831319005169e-03 6.442518616668767642e-03 6.442369530658464093e-03 6.442368936254870906e-03 6.442730432169730369e-03 6.444516299922344732e-03 6.442278154890117292e-03 6.442518133387284233e-03 0.000000000000000000e+00 6.442447819456432849e-03 6.444514533052590061e-03 6.444516536443743553e-03 6.442634612462192975e-03 6.442636009217862433e-03 6.442369904997326951e-03 6.444516369408967785e-03 6.444515996929241902e-03 6.442279560681181579e-03 6.442517870238009293e-03 6.444513899505266950e-03 6.442635206601829770e-03 6.442806594079598589e-03 6.442174479625929415e-03 6.444517035054633976e-03 6.442635522312035144e-03 6.442517271110394586e-03 6.442367839714389227e-03 6.442279197219046190e-03 6.444513496931450654e-03 6.444515243089219379e-03 6.444517664178478142e-03 6.444526128176495360e-03 6.444525555964618520e-03 6.442185466465437903e-03 6.444528183715663057e-03 6.444525571588587652e-03 6.444527510048808118e-03 6.444526342305261293e-03 6.444527714082820026e-03 6.444526700012582522e-03 6.444528649784567881e-03 6.444526108003370037e-03 6.444525103974840449e-03 6.444526372451857450e-03 6.444526417074546674e-03 6.444527568057532678e-03 6.444525733596159073e-03 6.444525608874664656e-03 6.444527368026384782e-03 6.444526856978022300e-03 6.444526785528859741e-03 6.444526581620787023e-03 6.444527487201895388e-03 6.444527646049415595e-03 6.444525563325888967e-03 6.444525864651871362e-03 6.444526714766455992e-03 6.444526928083608129e-03 6.444528008025629355e-03 6.444526636943426721e-03 6.444527607628482493e-03 6.444526599644808534e-03 6.444525673402729839e-03 6.444526361905590466e-03 6.444526671046343393e-03 6.444527253214090562e-03 6.444527323464567872e-03 6.444527528217244491e-03 6.444527941710406944e-03 6.444527798027385734e-03 6.444527279826113043e-03 6.444526757168111963e-03 6.444527452126092883e-03 6.444527077059342655e-03 6.444527647848486904e-03 6.444527388982177439e-03 6.444526875639966686e-03 6.444527843432613055e-03 6.444526992526369152e-03 6.444527982361857900e-03 6.444527030784218298e-03 6.444526788789335832e-03 6.444526855624923244e-03 6.444528124175516806e-03 6.444527973380935991e-03 6.444526432174248545e-03 6.444526659934057822e-03 6.444527720494994637e-03 6.444527593542140158e-03 6.444526761986742701e-03 6.444527135213052801e-03 6.444527153043324783e-03 6.444527048067649928e-03 6.444527477291590173e-03 6.444527653089129025e-03 6.444528173011625574e-03 6.444527381207546674e-03 6.444528720876599448e-03 6.444528586514571868e-03 6.444527470929568153e-03 6.444528072736272449e-03 6.444527194846582686e-03 6.444528766118478268e-03 6.444527989574076569e-03 6.444528441229236022e-03 6.444527844623836391e-03 6.444527693201557161e-03 6.444527113619713705e-03 6.444528108952409309e-03 6.444527832448474977e-03 6.444527439755993146e-03 6.444528522233193037e-03 6.444527480481249647e-03 6.444528080811483088e-03 6.444528637073373804e-03 6.444527524548592304e-03 6.444528331807990520e-03 6.444528004991702079e-03 6.444527001255218393e-03 6.444528380091190875e-03 6.444527561746727501e-03 6.444527583804809424e-03 6.444527868913103169e-03 6.444528188736394284e-03 6.444529580045994799e-03 6.444527102973297665e-03 6.444528696175030533e-03
6.444515968003512903e-03 6.442642387151777811e-03 6.444515308381110197e-03 6.442642122567148431e-03 6.442641816900225235e-03 6.444514370415262844e-03 6.444516941366019817e-03 6.442552333408319010e-03 6.442792578536138404e-03 6.442447819456432849e-03 0.000000000000000000e+00 6.442791958415517752e-03 6.444516799965382958e-03 6.442907599655730774e-03 6.442910070115753091e-03 6.444516656746523443e-03 6.444517824571363747e-03 6.442551947260312210e-03 6.442555353596702249e-03 6.444514291131005733e-03 6.442640471764490666e-03 6.442908704409801117e-03 6.443080699025964184e-03 6.442446995908271759e-03 6.444517036653367274e-03 6.444514059036045295e-03 6.442792117079952641e-03 6.442641781476457150e-03 6.442552227908500059e-03 6.444515742762645279e-03 6.442553581967262744e-03 6.442192741043695388e-03 6.444528063353650166e-03 6.444527430321011705e-03 6.444526429305226685e-03 6.444528981942412513e-03 6.444527529298559217e-03 6.444528355586656189e-03 6.444527202319864229e-03 6.444529606534281189e-03 6.444527497250327960e-03 6.444529448221165101e-03 6.444527999048372049e-03 6.444527022349820153e-03 6.444528284906254553e-03 6.444528350097391764e-03 6.444528365948843859e-03 6.444527724245301126e-03 6.444526448330532321e-03 6.444529261897441290e-03 6.444528716071754558e-03 6.444527582887657653e-03 6.444528441846385583e-03 6.444528284626624068e-03 6.444529507104483461e-03 6.444527497567673069e-03 6.444527976509959073e-03 6.444529037111692248e-03 6.444528838622419487e-03 6.444528860099153940e-03 6.444526000467916405e-03 6.444529453973844683e-03 6.444527397185712513e-03 6.444527652973860120e-03 6.444526598236147152e-03 6.444525298836190595e-03 6.444525880275581153e-03 6.444526900453466899e-03 6.444525806218184653e-03 6.444527613732914557e-03 6.443014542250560805e-03 6.444526923267801521e-03 6.444525430344847858e-03 6.444526161732961125e-03 6.444526488069215152e-03 6.444525818246621927e-03 6.444528197551593722e-03 6.444526084621965585e-03 6.444528213211529744e-03 6.444527059172552516e-03 6.444526497603404562e-03 6.442459563547629775e-03 6.444525416748923992e-03 6.444526467941634994e-03 6.444526868225708242e-03 6.444526599552975743e-03 6.444525049169158755e-03 6.444526306748735688e-03 6.444526167641254077e-03 6.444526265154264764e-03 6.444527536281170754e-03 6.444525845740080826e-03 6.442733160301346816e-03 6.444526255093440195e-03 6.444526857572877195e-03 6.444527336382885330e-03 6.444528340734155016e-03 6.444527563312843661e-03 6.444529508696655168e-03 6.444528675234278796e-03 6.444527604853689945e-03 6.444528225943687953e-03 6.444527452472131185e-03 6.444529553324146107e-03 6.444528777807688631e-03 6.444529228575872695e-03 6.444527978950039329e-03 6.444527028345917868e-03 6.444527785958587517e-03 6.444528291261674216e-03 6.444528036717411812e-03 6.444527530099862685e-03 6.444529310072463421e-03 6.444528793800491200e-03 6.444528232617013040e-03 6.444529426408979363e-03 6.444528917151660756e-03 6.444528499776322472e-03 6.444528095844817908e-03 6.444527114942821128e-03 6.444528470470602295e-03 6.444528157152461766e-03 6.442804022457548734e-03 6.444528038498373475e-03 6.444528382289757724e-03 6.444529802440230638e-03 6.444527278207568335e-03 6.444528889804799002e-03
6.442517470947129420e-03 6.442711103806541759e-03 6.442859308774469100e-03 6.442711358636121939e-03 6.442712664323207300e-03 6.443071486118066675e-03 6.442621505438060267e-03 6.442619362988359979e-03 6.442861081218836591e-03 6.444514533052590061e-03 6.442791958415517752e-03 0.000000000000000000e+00 6.444515936853971623e-03 6.442977490053923562e-03 6.442979949986890956e-03 6.442711848737374056e-03 6.442712916666447354e-03 6.442619305800717337e-03 6.444516577728053724e-03 6.442860466089713606e-03 6.442709443968830038e-03 6.442976214333407357e-03 6.444514518633879044e-03 6.442516553136443461e-03 6.444515828056938608e-03 6.442977245134452573e-03 6.442859491829754440e-03 6.442709943226555477e-03 6.444515470751165966e-03 6.442711179019838287e-03 6.444513432363458208e-03 6.442260991431766545e-03 6.444528401130310974e-03 6.444527768032729670e-03 6.444527860908177454e-03 6.444529318334317296e-03 6.444527866871027459e-03 6.444528704081877585e-03 6.444528445027574402e-03 6.444529944932053667e-03 6.444527834355796500e-03 6.444529784869712681e-03 6.444528649006239091e-03 6.444527369186913920e-03 6.444528622258860473e-03 6.444528687896574487e-03 6.444528703117235156e-03 6.444528421109299923e-03 6.444526795637605179e-03 6.444529599341409891e-03 6.444528319304664021e-03 6.444527920050745033e-03 6.444528779428118984e-03 6.444528621203561396e-03 6.444529844445054736e-03 6.444527835528364619e-03 6.444528313960111096e-03 6.444528988138411955e-03 6.444529178251308735e-03 6.444529212440190495e-03 6.444526357336491894e-03 6.444529791799415153e-03 6.444527734129136196e-03 6.444528016567608979e-03 6.444527542819512671e-03 6.444527800777860929e-03 6.444528383072061634e-03 6.444528452882715419e-03 6.444528658178934680e-03 6.444529071207930233e-03 6.444528993078625992e-03 6.444528409711791986e-03 6.444527887199175478e-03 6.444528581643651360e-03 6.444528557687165260e-03 6.444528778418615739e-03 6.444528886541332248e-03 6.444528005386923261e-03 6.444528973339752262e-03 6.444528123660173830e-03 6.444529112274119745e-03 6.444528225295466893e-03 6.444527918909813066e-03 6.444527985515605996e-03 6.444529254357603612e-03 6.444529103896100980e-03 6.444527613535142203e-03 6.444527790049532981e-03 6.444528849890496236e-03 6.444528723584737849e-03 6.444529055180489574e-03 6.444528316571219474e-03 6.444528347974251559e-03 6.444528177426112579e-03 6.444528607113021897e-03 6.444528783065873144e-03 6.444527607567547729e-03 6.444528500771705068e-03 6.444528127905009215e-03 6.444527872264647038e-03 6.444528594586055453e-03 6.444529192110119535e-03 6.444529249917834747e-03 6.444528200640483977e-03 6.444527220325299913e-03 6.444529562045888185e-03 6.444528963959509152e-03 6.442109834083621298e-03 6.444526715574670599e-03 6.444527570223008810e-03 6.444527342130948813e-03 6.444527687216733414e-03 6.444527959046576771e-03 6.444527776388330603e-03 6.444527485924614156e-03 6.444529757886138452e-03 6.444526862636365018e-03 6.444527767575620493e-03 6.444529125449270819e-03 6.444528121643086811e-03 6.444529500746296914e-03 6.444526936660478246e-03 6.444526388339183627e-03 6.444528989289654251e-03 6.444529306988777337e-03 6.444529121138344203e-03 6.444526526835260213e-03 6.444528180908853585e-03
