0.000000000000000000e+00 6.573739849854381631e-03 6.574255356701309318e-03 6.574012400876827998e-03 6.551696976292871281e-03 6.574129963831372089e-03 6.552676528861613690e-03 6.551388438233872805e-03 6.554545572067964343e-03 6.547233067058092111e-03 6.548323501461677729e-03 6.552265285453599819e-03 6.553664041514925022e-03 6.552962107067887391e-03 6.574477461932501376e-03 6.573882123048372349e-03 6.547130379050152341e-03 6.550405268592377969e-03 6.573679485231907413e-03 6.552424253787711601e-03 6.550850426235771927e-03 6.573839462232037960e-03 6.551313669059110646e-03 6.551299142177432165e-03 6.553055410635692454e-03 6.573975306116095277e-03 6.573930502862646887e-03 6.551380586132860874e-03 6.552557193658133453e-03 6.545601520031574076e-03 6.574028377146929995e-03 6.553425298037505141e-03 6.575569950650655277e-03 6.575325997064026748e-03 6.575320976174282850e-03 6.575605089320960342e-03 6.575323821981610486e-03 6.575137158763655863e-03 6.575272860962562589e-03 6.575709342881525150e-03 6.575313589348024540e-03 6.575599151962067609e-03 6.575308175244330526e-03 6.575263294067199872e-03 6.575259001975633164e-03 6.575701586620970318e-03 6.575422758264131209e-03 6.575234343345529205e-03 6.575604843010774553e-03 6.575327406245928125e-03 6.575325116724972489e-03 6.575342666928037615e-03 6.575612883475919802e-03 6.575343620043874737e-03 6.575335018264267563e-03 6.575670429773095189e-03 6.575743977790511098e-03 6.575328714722828739e-03 6.575292535311917132e-03 6.575694988158414453e-03 6.575740159871086912e-03 6.575654100228625100e-03 6.575285894349211166e-03 6.575386262083699265e-03 6.575496390792640554e-03 6.575489650755513178e-03 6.575365022156011083e-03 6.575345381118685890e-03 6.575343045868175564e-03 6.575377085283768200e-03 6.575390707534227788e-03 6.575531788527970260e-03 6.575398468149249928e-03 6.575442872238835765e-03 6.575315513430626119e-03 6.575417985287346570e-03 6.575370991339588196e-03 6.575459173645548105e-03 6.575434195844368293e-03 6.575382057960375490e-03 6.575405459842418796e-03 6.575394889742794229e-03 6.575345131681981960e-03 6.575518151957605167e-03 6.575346064869105889e-03 6.575478591467745493e-03 6.575495519292239195e-03 6.575368428981481252e-03 6.575313371725556751e-03 6.575421033113233206e-03 6.575450870224149730e-03 6.575364969412068189e-03 6.575420257782499563e-03 6.575403654888555341e-03 6.575290389861394164e-03 6.575412077569024218e-03 6.575301502703540663e-03 6.575441859245838988e-03 6.575189824336555994e-03 6.575391125326479104e-03 6.575447571660912073e-03 6.575358966947318119e-03 6.575368015682226189e-03 6.575483530685316026e-03 6.575377822487488144e-03 6.575490748458369741e-03 6.575454993612787208e-03 6.575451683041106700e-03 6.575402907884357259e-03 6.575603722398497969e-03 6.575405289194442143e-03 6.575437196534079758e-03 6.575312226350418267e-03 6.575326638464292113e-03 6.575396886024290240e-03 6.575304207181766232e-03 6.575369370106289545e-03 6.575444929691945557e-03 6.575505555171052077e-03 6.575436648861041761e-03 6.575394785565097377e-03 6.575439160960040198e-03 6.575391006431245168e-03 6.575270400068736198e-03 6.575522163970698442e-03 6.575371517632359712e-03 6.575400004361427360e-03 6.575435704114139523e-03
6.573739849854381631e-03 0.000000000000000000e+00 6.554901074365201627e-03 6.558830189668777080e-03 6.555897987688442952e-03 6.554183057444653952e-03 6.573683019156026895e-03 6.555769240177588240e-03 6.558833618803922190e-03 6.551438325023838279e-03 6.573660546274540627e-03 6.556716621222943506e-03 6.558007425966645015e-03 6.557139533070008297e-03 6.574066293695100295e-03 6.573686698380131095e-03 6.551622957442940903e-03 6.573728501882996136e-03 6.553893224715486542e-03 6.556676000266335562e-03 6.554939541155675037e-03 6.554844630485753658e-03 6.555708046545170864e-03 6.555843615651021049e-03 6.557392498748355544e-03 6.573703936194756452e-03 6.554832535071445504e-03 6.555804954659787132e-03 6.557063132628640836e-03 6.550156511316345721e-03 6.555075624850496482e-03 6.557879829108911700e-03 6.575524631410033759e-03 6.575266199414042320e-03 6.575271277138386612e-03 6.575619650525382255e-03 6.575263724403415319e-03 6.575088710928215369e-03 6.575203908094631559e-03 6.575657544633759476e-03 6.575261584008375293e-03 6.575542332793512558e-03 6.575214427826958988e-03 6.575207959043211613e-03 6.575199542778636594e-03 6.575649609518716132e-03 6.575369543287958203e-03 6.575179718158683136e-03 6.575620290271080512e-03 6.575278860029602594e-03 6.575165058518598823e-03 6.575358838469656450e-03 6.575551979399679205e-03 6.575359849652708671e-03 6.575294069312192895e-03 6.575684293243611728e-03 6.558329988745606985e-03 6.575344862614504460e-03 6.575308704272159882e-03 6.575645530918442644e-03 6.575753909833935776e-03 6.575602397652303283e-03 6.575301893101570538e-03 6.575332236471046442e-03 6.575517205633808066e-03 6.575511473841363745e-03 6.575386664095003719e-03 6.575374108038490630e-03 6.575364673345776047e-03 6.575354184714541673e-03 6.575412516824739352e-03 6.575553020387592262e-03 6.575420261460195731e-03 6.575464494615326609e-03 6.575337153375902799e-03 6.575439620762478510e-03 6.575392614622766960e-03 6.575480990293638625e-03 6.575455812807804584e-03 6.575403702069062238e-03 6.575427079430284406e-03 6.575416534378091850e-03 6.575366952166667583e-03 6.575539767059324948e-03 6.575367710298778492e-03 6.575500222910052144e-03 6.575517152764700536e-03 6.575389239685792107e-03 6.575342661632775122e-03 6.575442676525455367e-03 6.575472698439679096e-03 6.575386602629509566e-03 6.575441507932563642e-03 6.575425289882206974e-03 6.575312029189484854e-03 6.575433894757952945e-03 6.575323328790455037e-03 6.575463712279126446e-03 6.575217795413028365e-03 6.575412329335748006e-03 6.575469002983830649e-03 6.575380803538723867e-03 6.575389859627731037e-03 6.575424794530744001e-03 6.575399244646397759e-03 6.575512584003208143e-03 6.575476408105044787e-03 6.575473521436653486e-03 6.575424730770157780e-03 6.575625116130740314e-03 6.575426536917419046e-03 6.575458622759819578e-03 6.575334054419973255e-03 6.575354645089057093e-03 6.575418726522768570e-03 6.575332156485608898e-03 6.575397817199932042e-03 6.575466717343070658e-03 6.575527403378420357e-03 6.575458068514861490e-03 6.575416151901841526e-03 6.575460536899909066e-03 6.575412851968822844e-03 6.575292233657703371e-03 6.575543568902161157e-03 6.575392880151933322e-03 6.575421406234380033e-03 6.575457110888563786e-03
6.574255356701309318e-03 6.554901074365201627e-03 0.000000000000000000e+00 6.556330756638955454e-03 6.553402100655857619e-03 6.551786396521074203e-03 6.574012979255980729e-03 6.553591035272695459e-03 6.556261668659806204e-03 6.549506490334739903e-03 6.574267485531191599e-03 6.554101714805249390e-03 6.555589055214574787e-03 6.555252392756742187e-03 6.535034863530889485e-03 6.554350370373055595e-03 6.574155309951983280e-03 6.552929117519415078e-03 6.551943510840995549e-03 6.554205334535193397e-03 6.552910048357636803e-03 6.552841577602697663e-03 6.553666718402528964e-03 6.573961519798168611e-03 6.573664963116217751e-03 6.555075151356355018e-03 6.552683851319842864e-03 6.573959004068504093e-03 6.573844643542778657e-03 6.548062957917220699e-03 6.552591300462153392e-03 6.573885431963753627e-03 6.575759783096726818e-03 6.575511718318004933e-03 6.575507053688499359e-03 6.575791840639565004e-03 6.575509889622838285e-03 6.575388946705737828e-03 6.575459117037899849e-03 6.575895856857549328e-03 6.575499669254645033e-03 6.575785692955952826e-03 6.575494112165650336e-03 6.575449032732255845e-03 6.575444727655051398e-03 6.575887292260737191e-03 6.575608568247653940e-03 6.575420082575124045e-03 6.575791619220488354e-03 6.575513478059262160e-03 6.575399567561077130e-03 6.575528971196040878e-03 6.575798832081117436e-03 6.575529343871011623e-03 6.575603428973524414e-03 6.575856690026021280e-03 6.575864730259554057e-03 6.575515015896428797e-03 6.575478840937304219e-03 6.575880692931801441e-03 6.575926874136745794e-03 6.575839806131360439e-03 6.575472200620755860e-03 6.575571743976199764e-03 6.575609979644184838e-03 6.575675450257402986e-03 6.575550651173184269e-03 6.575595616032115995e-03 6.575528655751782491e-03 6.575514916775803027e-03 6.575576589277162300e-03 6.575715552653259299e-03 6.575584268948808306e-03 6.575628537842692287e-03 6.575501143267025068e-03 6.575603695483747159e-03 6.575556365155279907e-03 6.575645278407277888e-03 6.575619879593605846e-03 6.575567959771686649e-03 6.575591080172074263e-03 6.575580787925844502e-03 6.575531252301613540e-03 6.575703770312420204e-03 6.575532001014196791e-03 6.575663988234777685e-03 6.575681186644435905e-03 6.575480477602367244e-03 6.575503221122116181e-03 6.575606926451862608e-03 6.575636981416524592e-03 6.575550568939914596e-03 6.575605889861578512e-03 6.575589835991288087e-03 6.575476014290624477e-03 6.575597978013884154e-03 6.575487670739144433e-03 6.575628005874909962e-03 6.575376149105249812e-03 6.575575106542540585e-03 6.575631568365495477e-03 6.575545135591994578e-03 6.575554167413855296e-03 6.575186010706485402e-03 6.575561796291385860e-03 6.575676855777247594e-03 6.575638969397247340e-03 6.575637813941300272e-03 6.575589028192587761e-03 6.575787694346275393e-03 6.575589282965536159e-03 6.575621184190263979e-03 6.575498373086969238e-03 6.575514184453465708e-03 6.575583040167420901e-03 6.575491721757011077e-03 6.575557913740988358e-03 6.575631055253336812e-03 6.575691677770030032e-03 6.575620610664075633e-03 6.575578685686799332e-03 6.575623141126613058e-03 6.575577125580046346e-03 6.575456571873468208e-03 6.575706143134530009e-03 6.575555436664481772e-03 6.575583944546273957e-03 6.575619698981760922e-03
6.574012400876827998e-03 6.558830189668777080e-03 6.556330756638955454e-03 0.000000000000000000e+00 6.557237814521746540e-03 6.555568077562286787e-03 6.558870176928285022e-03 6.573929473189647245e-03 6.560193943770974319e-03 6.553360788305880036e-03 6.554681753060559793e-03 6.558045727837999266e-03 6.559281584102892061e-03 6.559002042451664988e-03 6.538876444875411573e-03 6.558315581306330654e-03 6.553173147134830172e-03 6.556592553598765763e-03 6.555554935603146068e-03 6.558014600790573571e-03 6.556649565607888981e-03 6.556533154394789294e-03 6.557528321480311957e-03 6.557527555358866160e-03 6.558584866842248270e-03 6.559164808904086215e-03 6.556443798724192161e-03 6.557507223253978418e-03 6.573820418958852170e-03 6.574092470573449261e-03 6.556281041970569122e-03 6.559189538549384767e-03 6.575799013657345447e-03 6.575545162478014030e-03 6.575540204779017905e-03 6.575824688408673895e-03 6.575543001975461994e-03 6.575364551631176710e-03 6.575492549006826601e-03 6.575928984493287222e-03 6.575532815037372913e-03 6.575818514093667577e-03 6.575527812084326282e-03 6.575482495392632847e-03 6.575478189308752754e-03 6.575920744010194455e-03 6.575641945748686087e-03 6.575453536103914066e-03 6.575824728945823920e-03 6.575546635075825083e-03 6.575441468654455966e-03 6.575562105541443714e-03 6.575832512469995464e-03 6.575563031902004890e-03 6.575566009759480253e-03 6.575889821005147240e-03 6.575904288685987913e-03 6.575548129460120211e-03 6.575511697200324412e-03 6.575914150423548162e-03 6.575959983700495337e-03 6.575873249752538403e-03 6.575505152970379137e-03 6.575605438978627745e-03 6.575645158054209231e-03 6.575703427318055523e-03 6.575505254418494670e-03 6.575495097812922470e-03 6.575478340929326489e-03 6.559063004829729024e-03 6.575605258564654922e-03 6.575673843649446938e-03 6.575612302325783108e-03 6.575581429181701076e-03 6.575452720425611387e-03 6.575559046440579598e-03 6.575503488867144586e-03 6.575673112535185792e-03 6.575568608663255599e-03 6.575519378090789735e-03 6.575547309816269156e-03 6.575534099066393176e-03 6.575559574592460335e-03 6.575663488872300101e-03 6.575485235012029639e-03 6.575618789766425956e-03 6.575637030195743103e-03 6.575514584211958509e-03 6.575464462021910796e-03 6.575560810215216358e-03 6.575664661407887822e-03 6.575495532816502502e-03 6.575562146317380161e-03 6.575543886541584601e-03 6.575425543575891957e-03 6.575626299699794709e-03 6.575521380468786654e-03 6.575661739947725494e-03 6.575415100511058930e-03 6.575608876464142730e-03 6.575665342661931451e-03 6.575578855530685683e-03 6.575587892259869213e-03 6.575240131769180194e-03 6.575595570764432296e-03 6.575710577125948829e-03 6.575672733540116957e-03 6.575671536862192669e-03 6.575622744885251288e-03 6.575821446558254707e-03 6.575623058438548330e-03 6.575654648010818837e-03 6.575532090943097922e-03 6.575553834999885681e-03 6.575616766728188158e-03 6.575531330838822394e-03 6.575596891351508620e-03 6.575664767902561145e-03 6.575725409242293845e-03 6.575654384234240132e-03 6.575612435206398473e-03 6.575656259712030563e-03 6.575610858398949106e-03 6.575490290793692752e-03 6.575739893681114071e-03 6.575588846067046550e-03 6.575617711390206038e-03 6.575653455114940406e-03
6.551696976292871281e-03 6.555897987688442952e-03 6.553402100655857619e-03 6.557237814521746540e-03 0.000000000000000000e+00 6.552634230481887805e-03 6.555873020966677435e-03 6.554552262054091048e-03 6.557203624644616577e-03 6.574015197106770902e-03 6.573949667633291472e-03 6.555094911978339225e-03 6.556388015799429272e-03 6.555861757762208517e-03 6.535785820756366202e-03 6.573951577272533348e-03 6.550298521550825502e-03 6.553548081431485005e-03 6.552783181896551165e-03 6.555090851723782176e-03 6.573771356468970616e-03 6.574088042992197109e-03 6.554471573966676352e-03 6.554548592429487730e-03 6.573647454530813332e-03 6.556273114510663587e-03 6.553722413664613521e-03 6.574018710390282239e-03 6.555835311125865830e-03 6.574094743757027265e-03 6.553260800771914044e-03 6.556232582858181369e-03 6.575707531375925979e-03 6.575458984212385373e-03 6.575454000039363152e-03 6.575738791934451419e-03 6.575456819979626222e-03 6.575274904557154750e-03 6.575406379550880094e-03 6.575842812182799459e-03 6.575446612239558945e-03 6.575732638244040015e-03 6.575441377214745996e-03 6.575396296298198495e-03 6.575391993955737036e-03 6.575834565408657413e-03 6.575555515981835672e-03 6.575367343848617478e-03 6.575738560227731636e-03 6.575460426912219103e-03 6.575348936821984527e-03 6.575475909421920478e-03 6.575746102138418751e-03 6.575476605500048775e-03 6.575550700495858686e-03 6.575803641977872628e-03 6.575813647123230667e-03 6.575461958372844952e-03 6.575425782421550486e-03 6.575827966558875706e-03 6.575873830086245708e-03 6.575787077815525329e-03 6.575419143405678707e-03 6.575519011025665779e-03 6.575629707747333332e-03 6.575623714339141716e-03 6.575498905615441078e-03 6.575543901731420102e-03 6.575476590773236991e-03 6.575463960330268573e-03 6.575524212464980631e-03 6.575663542666598978e-03 6.575532196654748293e-03 6.575576194142729314e-03 6.575449409968129461e-03 6.575551644733425294e-03 6.575504662454640867e-03 6.575592901224618265e-03 6.575567505097607013e-03 6.575515952770666708e-03 6.575539333097985863e-03 6.575528775994922588e-03 6.575478876150711929e-03 6.575651689431036631e-03 6.575479953285920214e-03 6.575612251785130716e-03 6.575629179328901924e-03 6.575502090876390177e-03 6.575541366729190269e-03 6.575554913242001066e-03 6.575584957642661987e-03 6.575498876598107403e-03 6.575554131434847328e-03 6.575537180386031855e-03 6.575424294070957541e-03 6.575545924329771058e-03 6.575434945303218308e-03 6.575575286897287347e-03 6.575324670587794074e-03 6.575522389700122310e-03 6.575578856412549709e-03 6.575492411249564406e-03 6.575501446458305310e-03 6.575137281825788396e-03 6.575509081904403613e-03 6.575624138303265941e-03 6.575586257426885815e-03 6.575585095064406978e-03 6.575536304039078517e-03 6.575734985192484630e-03 6.575536569385136143e-03 6.575568471802872329e-03 6.575445647986816189e-03 6.575462269203220279e-03 6.575530317173547412e-03 6.575439778705224197e-03 6.575506449545805154e-03 6.575578332646168749e-03 6.575638961107758453e-03 6.575567897822226331e-03 6.575525966991426635e-03 6.575570431782834513e-03 6.575524405249372380e-03 6.575403845566643243e-03 6.575653431152370630e-03 6.575502717831013810e-03 6.575531230598048379e-03 6.575566984198326706e-03
6.574129963831372089e-03 6.554183057444653952e-03 6.551786396521074203e-03 6.555568077562286787e-03 6.552634230481887805e-03 0.000000000000000000e+00 6.554033390407062488e-03 6.552716231186727844e-03 6.555573000931120067e-03 6.574157707431262619e-03 6.549814354136753065e-03 6.573875332183331047e-03 6.554467870122595088e-03 6.574225091528028593e-03 6.534191495214673913e-03 6.553542191911687805e-03 6.548649853568290838e-03 6.574148635911452980e-03 6.573982133184413067e-03 6.573767671260791201e-03 6.552039649444800842e-03 6.574047066649628922e-03 6.573971618893720628e-03 6.574105897761384557e-03 6.554234090104524464e-03 6.554568350045377433e-03 6.551975697867017459e-03 6.552889590933019641e-03 6.554187737287209096e-03 6.547086067126397027e-03 6.573777884172691058e-03 6.554689386101430169e-03 6.575784274662179602e-03 6.575355980778533650e-03 6.575363482856868072e-03 6.575752924159209908e-03 6.575353876864293776e-03 6.575288720545691135e-03 6.575423285706406828e-03 6.575855838296196590e-03 6.575353905247244279e-03 6.575748075160570659e-03 6.575460413287948988e-03 6.575298020130439236e-03 6.575288189152413663e-03 6.575744220651237419e-03 6.575462093193533419e-03 6.575268727107968884e-03 6.575753842646124905e-03 6.575372032375802894e-03 6.552134230860503714e-03 6.575382623461367877e-03 6.575762571677981616e-03 6.575387027650557437e-03 6.575484828834948087e-03 6.575710741119561789e-03 6.575719484689894825e-03 6.575368543166929675e-03 6.575331315520628953e-03 6.575741389200460453e-03 6.575886824456430614e-03 6.575696188556749873e-03 6.575327811360516701e-03 6.575424083383799717e-03 6.575577082969089916e-03 6.575643631704198439e-03 6.575518830357373820e-03 6.575500918194434295e-03 6.575496833006765247e-03 6.575482381887656595e-03 6.575544998170832454e-03 6.575683738382092150e-03 6.575552032173525262e-03 6.575596941273155298e-03 6.575469318751289705e-03 6.575572093845957929e-03 6.575524766256700578e-03 6.575613465090802794e-03 6.575588287516845667e-03 6.575536139215087256e-03 6.575558806873752285e-03 6.575548969068974008e-03 6.575499425481386509e-03 6.575671604228962817e-03 6.575500182367946880e-03 6.575632388613674752e-03 6.575649584828606800e-03 6.575447581119029522e-03 6.575469507611514039e-03 6.575575108765528871e-03 6.575605158086997477e-03 6.575518734480691359e-03 6.575574028553270688e-03 6.575558026388595746e-03 6.575444186770824234e-03 6.575566377037302991e-03 6.575456116187148800e-03 6.575596994438220530e-03 6.575343284139941596e-03 6.575543782443982535e-03 6.575600540227911038e-03 6.575513924976616846e-03 6.575522834635266593e-03 6.575151090356961062e-03 6.575530772863435146e-03 6.575645618373212632e-03 6.575607633057099603e-03 6.575606484808696993e-03 6.575558021471770986e-03 6.575756135956754844e-03 6.575558000964439910e-03 6.575590157868274957e-03 6.575467045915918407e-03 6.575546016629985405e-03 6.575552050803290527e-03 6.575528009686978405e-03 6.575525051210580514e-03 6.575599073322114553e-03 6.575660653029574525e-03 6.575589593709459807e-03 6.575547466265920134e-03 6.575591561752442728e-03 6.575546105438276855e-03 6.575425245142717950e-03 6.575674811855050303e-03 6.575523879988637299e-03 6.575552611194758132e-03 6.575588367908950099e-03
6.552676528861613690e-03 6.573683019156026895e-03 6.574012979255980729e-03 6.558870176928285022e-03 6.555873020966677435e-03 6.554033390407062488e-03 0.000000000000000000e+00 6.555559617148196128e-03 6.558765628089232788e-03 6.573764259125995137e-03 6.552488126242585371e-03 6.556585087450266837e-03 6.557866414966197557e-03 6.573892693795813785e-03 6.574122912669858043e-03 6.556403004724501750e-03 6.551503284328513178e-03 6.554798042780746528e-03 6.553927290918513428e-03 6.556482281287619694e-03 6.554782555468114530e-03 6.554913289516015214e-03 6.573564609856852141e-03 6.555546569458160083e-03 6.557301968067666582e-03 6.557802957017603782e-03 6.554964319180616762e-03 6.555566448719960145e-03 6.556905324349046778e-03 6.550097547907891317e-03 6.555098895520551465e-03 6.557839475912916917e-03 6.575671644821591035e-03 6.575361354466300115e-03 6.575356591499057282e-03 6.575641180878056581e-03 6.575359194451060527e-03 6.575179989586868619e-03 6.575308986511164619e-03 6.575745430098467285e-03 6.575349207436105917e-03 6.575635030029084935e-03 6.575344338492567636e-03 6.575298887913910185e-03 6.575294590302382253e-03 6.575737184340249564e-03 6.575458361282353163e-03 6.575269708106575017e-03 6.575640951770853754e-03 6.575363029235323231e-03 6.575254912888518245e-03 6.575378283950081976e-03 6.575648977820899681e-03 6.575379220948633641e-03 6.575378561403443477e-03 6.575706046252019314e-03 6.575779012317143311e-03 6.575364328518100952e-03 6.575328152414398018e-03 6.575730591191941005e-03 6.575776031071445087e-03 6.575689478418935557e-03 6.575321513012555470e-03 6.575421852630102502e-03 6.575463189519858281e-03 6.575524903164688996e-03 6.575400102730925671e-03 6.575387224298953788e-03 6.575378095853283422e-03 6.575368242556915363e-03 6.575426240479913427e-03 6.575567111907138114e-03 6.575433710056265840e-03 6.575478193471769039e-03 6.575350586008767324e-03 6.575453355825653864e-03 6.575406025567737817e-03 6.575494720756310842e-03 6.575469540459354806e-03 6.575417402320414897e-03 6.575440544179720487e-03 6.575430235009575332e-03 6.575380674454150108e-03 6.575553234012489548e-03 6.575381446953816773e-03 6.575513655196628567e-03 6.575530851733394321e-03 6.575333674688248892e-03 6.575356058531482695e-03 6.575456378021510284e-03 6.575486418060141371e-03 6.575400005038038037e-03 6.575455347443493262e-03 6.575439297557299743e-03 6.575325452999129447e-03 6.575447630685948668e-03 6.575337413333520731e-03 6.575478330325489236e-03 6.575232366755881172e-03 6.575427555808543295e-03 6.575483998878569290e-03 6.575395221085025659e-03 6.575404166126502283e-03 6.575514320148767924e-03 6.575414260728842074e-03 6.575526988450256481e-03 6.575491111494081477e-03 6.575487833884665831e-03 6.575439357228784511e-03 6.575639916293918655e-03 6.575441720058506322e-03 6.575473626501284093e-03 6.575348369778947870e-03 6.575428660596504930e-03 6.575433365396329832e-03 6.575410650772058919e-03 6.575411975864533035e-03 6.575481153945429529e-03 6.575542008888194193e-03 6.575473088563975679e-03 6.575430994321310348e-03 6.575475039404532485e-03 6.575427472038345919e-03 6.575306546468900025e-03 6.575558265689661688e-03 6.575407387092850955e-03 6.575436128202006777e-03 6.575471809669540882e-03
6.551388438233872805e-03 6.555769240177588240e-03 6.553591035272695459e-03 6.573929473189647245e-03 6.554552262054091048e-03 6.552716231186727844e-03 6.555559617148196128e-03 0.000000000000000000e+00 6.557239389936227701e-03 6.573812198590951901e-03 6.551407378511879369e-03 6.555127897752826942e-03 6.573976663824742175e-03 6.555998114528482565e-03 6.574194019349706951e-03 6.555133411445333846e-03 6.573702267914105675e-03 6.553442896634301129e-03 6.552525026945593342e-03 6.573727625619989537e-03 6.553469202985716911e-03 6.553521270284900016e-03 6.554106316285435857e-03 6.573584772449962872e-03 6.555926929330000222e-03 6.556391081923639702e-03 6.573773835165847707e-03 6.554241488439086633e-03 6.555610762544365235e-03 6.548572801864819236e-03 6.553727731012253845e-03 6.556506782695891745e-03 6.575572275269077512e-03 6.575322630473097105e-03 6.575317667952616622e-03 6.575602471122528846e-03 6.575320466457104662e-03 6.575139250943889610e-03 6.575270009400873555e-03 6.575706505953830654e-03 6.575310276450852670e-03 6.575596310649373805e-03 6.575305286595173847e-03 6.575259949567200876e-03 6.575255640253208425e-03 6.575698260723340967e-03 6.575419430008565096e-03 6.575230991670241200e-03 6.575602235450031703e-03 6.575324107335801284e-03 6.575213579586306790e-03 6.575339570067456271e-03 6.575610030886046287e-03 6.575340512006658256e-03 6.575337590142909909e-03 6.575667326731501547e-03 6.575679484739817802e-03 6.575325613574969398e-03 6.575289434797459108e-03 6.575691674646191170e-03 6.575737528910902824e-03 6.575650764914188137e-03 6.575282798871821127e-03 6.575382919943827988e-03 6.575422854179182285e-03 6.575486450589154708e-03 6.575361827176461928e-03 6.575346866440742212e-03 6.575339827410304691e-03 6.575374120503221266e-03 6.575387791024588091e-03 6.575528846107903981e-03 6.575395256665366416e-03 6.575439930047841455e-03 6.575312312062802506e-03 6.575415087043639042e-03 6.575367761374284296e-03 6.575456272721182799e-03 6.575431281838132330e-03 6.575379132383256386e-03 6.575402267527625209e-03 6.575391963176448196e-03 6.575342221518985092e-03 6.575514959820572165e-03 6.575343175220510830e-03 6.575475385343358681e-03 6.575492583605395402e-03 6.575293344938506861e-03 6.575315383151946781e-03 6.575418107546758366e-03 6.575447966669980063e-03 6.575361739168719341e-03 6.575417068873976902e-03 6.575401030944540148e-03 6.575287180739788559e-03 6.575409180559143099e-03 6.575299160931844834e-03 6.575439863762130160e-03 6.575252786103029205e-03 6.575388898044501329e-03 6.575445542855330207e-03 6.575356641702174987e-03 6.575366009181245197e-03 6.575477200487481362e-03 6.575375798995013871e-03 6.575488731660640053e-03 6.575452957765325242e-03 6.575449683746978878e-03 6.575400372992039506e-03 6.575601481746460794e-03 6.575403262596603814e-03 6.575435168243706427e-03 6.575309887234428823e-03 6.575329777284945158e-03 6.575394560561264104e-03 6.575307346337383972e-03 6.575426385605885431e-03 6.575442582646306988e-03 6.575503545104209070e-03 6.575434627502208841e-03 6.575392213235684534e-03 6.575436904051682949e-03 6.575389003095716452e-03 6.575268063520557302e-03 6.575519796560905066e-03 6.575368936077275427e-03 6.575397980454639538e-03 6.575433340673814998e-03
6.554545572067964343e-03 6.558833618803922190e-03 6.556261668659806204e-03 6.560193943770974319e-03 6.557203624644616577e-03 6.555573000931120067e-03 6.558765628089232788e-03 6.557239389936227701e-03 0.000000000000000000e+00 6.553231342724550636e-03 6.554473734077477520e-03 6.557677347163220517e-03 6.573581008001353268e-03 6.558969741992604942e-03 6.538986523247762930e-03 6.558318728089373127e-03 6.573938743391083590e-03 6.556639948667492175e-03 6.555719401429229050e-03 6.557802770039067829e-03 6.573902025758798263e-03 6.556559408653390639e-03 6.557368261114130369e-03 6.557361617484489154e-03 6.558561122357290177e-03 6.559043861620548858e-03 6.556546099605945789e-03 6.557372740258148730e-03 6.558732206487572977e-03 6.551614872333856067e-03 6.556450098714102989e-03 6.559237040120178761e-03 6.575834195566875214e-03 6.575580564716034492e-03 6.575575610223174244e-03 6.575860362508435808e-03 6.575578406089774113e-03 6.575400659485541172e-03 6.575527950153682577e-03 6.575964379284060003e-03 6.575568220741814102e-03 6.575854199968678669e-03 6.575563215583560099e-03 6.575517897537465697e-03 6.575513589511679767e-03 6.575956137119600385e-03 6.575677350181483895e-03 6.575488939729742799e-03 6.575860127559724280e-03 6.575582041665274484e-03 6.575476752652530815e-03 6.575597510580910750e-03 6.575867909637486859e-03 6.575598435715679022e-03 6.575600806682209767e-03 6.575925215464460336e-03 6.575939604330645685e-03 6.575583556822078325e-03 6.575547384513390041e-03 6.575949544148132139e-03 6.575995384400773643e-03 6.575908644804685441e-03 6.575540747889310755e-03 6.575640841387028410e-03 6.575685834684838124e-03 6.575744699940432557e-03 6.575619913772469578e-03 6.575608060504221572e-03 6.575597579424192519e-03 6.575589032576639043e-03 6.575645712004132490e-03 6.575784845470252285e-03 6.575653187654030216e-03 6.575697666605836642e-03 6.575570411888814054e-03 6.575673152402401224e-03 6.575625859110414625e-03 6.575714186070919821e-03 6.575689007729493274e-03 6.575637215362404621e-03 6.575660345847796247e-03 6.575650039562699195e-03 6.575600151966699662e-03 6.575772703306416271e-03 6.575601258522955142e-03 6.575733459077472490e-03 6.575750642574301925e-03 6.575556668518985591e-03 6.575662380085702842e-03 6.575676177638474160e-03 6.575706227170886875e-03 6.575619837006670132e-03 6.575675145429452778e-03 6.575658746988176026e-03 6.575545288596364168e-03 6.575667428459894617e-03 6.575557016878266249e-03 6.575697674038894283e-03 6.575506457929910197e-03 6.575644625100928765e-03 6.575701271983564779e-03 6.575614493773024663e-03 6.575623830156107977e-03 6.575277198884205143e-03 6.575631509570803272e-03 6.575746501731244593e-03 6.575708667883458161e-03 6.575707480480697843e-03 6.575658182946109501e-03 6.575857190073319987e-03 6.575658992578196568e-03 6.575690888893478275e-03 6.575567720682829430e-03 6.575589551875956132e-03 6.575652395041721963e-03 6.575567050003612406e-03 6.575682250908948361e-03 6.575700388385464709e-03 6.575761327706489828e-03 6.575690323192009967e-03 6.575647874582377442e-03 6.575692633795992420e-03 6.575646789148775935e-03 6.575525923732834614e-03 6.575775520052685660e-03 6.575624618828923400e-03 6.575653658497407524e-03 6.575689084271162978e-03
6.547233067058092111e-03 6.551438325023838279e-03 6.549506490334739903e-03 6.553360788305880036e-03 6.574015197106770902e-03 6.574157707431262619e-03 6.573764259125995137e-03 6.573812198590951901e-03 6.553231342724550636e-03 0.000000000000000000e+00 6.573759785749973966e-03 6.551067759560490721e-03 6.552113325209049828e-03 6.551556988356442741e-03 6.574353043721692727e-03 6.573908521687195014e-03 6.546056048864901458e-03 6.549258534321427024e-03 6.548210766141831021e-03 6.573947497179865977e-03 6.573928607600924151e-03 6.549340241487656110e-03 6.573716865184464284e-03 6.573843178798900386e-03 6.551854180901315813e-03 6.552330955037431390e-03 6.549546023326796931e-03 6.550010594272916674e-03 6.551484766136249707e-03 6.544613335447478294e-03 6.574176294710347423e-03 6.552452947554208117e-03 6.575529039739948407e-03 6.575287475184697118e-03 6.575282466646042122e-03 6.575566806284080003e-03 6.575285301278821493e-03 6.575097996367779314e-03 6.575234316778573104e-03 6.575670834307414427e-03 6.575275076634348390e-03 6.575560639284504065e-03 6.575269598211993735e-03 6.575224772965614431e-03 6.575220474910992152e-03 6.575663078537414240e-03 6.575384249163088689e-03 6.575195828185736828e-03 6.575566562453431622e-03 6.575288898545993133e-03 6.575286951855311215e-03 6.575304384476572672e-03 6.575574363077290284e-03 6.575305340118732696e-03 6.575293802091133379e-03 6.575632148937723791e-03 6.575637083905667632e-03 6.575290431788256319e-03 6.575254252061749072e-03 6.575656482850284965e-03 6.575701881749222016e-03 6.575615596075235110e-03 6.575247609342940031e-03 6.575347749944272097e-03 6.575458419913656968e-03 6.575451751867833136e-03 6.575326924429596501e-03 6.575305473352630568e-03 6.575304594000220236e-03 6.575287464914120195e-03 6.575352456530937639e-03 6.575493690376755726e-03 6.575360218377475537e-03 6.575404430414079349e-03 6.575277418800219362e-03 6.575379888918809340e-03 6.575332902910218519e-03 6.575420926573789272e-03 6.575395746363730740e-03 6.575343965867728666e-03 6.575367367665055883e-03 6.575356793929339021e-03 6.575306877904533304e-03 6.575479723191194822e-03 6.575307968597502405e-03 6.575440501441057184e-03 6.575457430339680387e-03 6.575330808616634479e-03 6.575370983765334472e-03 6.575382936297984732e-03 6.575412980636577247e-03 6.575326880599439983e-03 6.575382158152632758e-03 6.575365209700211738e-03 6.575252298470990291e-03 6.575374174486173923e-03 6.575263234019497818e-03 6.575403575906290168e-03 6.575148869273809461e-03 6.575352839317565555e-03 6.575409282594422630e-03 6.575320693693509702e-03 6.575329736295594356e-03 6.575444003966963644e-03 6.575339531441634112e-03 6.575452470896060719e-03 6.575416710326744199e-03 6.575413405541507932e-03 6.575364636978729520e-03 6.575565447233216836e-03 6.575366998253780876e-03 6.575398906333180041e-03 6.575273953427151867e-03 6.575285940918411051e-03 6.575358609383153211e-03 6.575263504954871781e-03 6.575328454051944556e-03 6.575406658770326269e-03 6.575467273716079954e-03 6.575398359270324088e-03 6.575356512561888848e-03 6.575400888219880800e-03 6.575352721828565256e-03 6.575232126197079995e-03 6.575483890644073272e-03 6.575333249110737292e-03 6.575361719406183983e-03 6.575397428464087313e-03
6.548323501461677729e-03 6.573660546274540627e-03 6.574267485531191599e-03 6.554681753060559793e-03 6.573949667633291472e-03 6.549814354136753065e-03 6.552488126242585371e-03 6.551407378511879369e-03 6.554473734077477520e-03 6.573759785749973966e-03 0.000000000000000000e+00 6.552339096189213619e-03 6.553590416629340165e-03 6.573932264937249435e-03 6.574351308512710150e-03 6.573775798862607593e-03 6.547364736273078058e-03 6.573879873321332272e-03 6.549731490624487694e-03 6.552310124030301212e-03 6.573786563501342675e-03 6.550510244092096201e-03 6.551408862244856995e-03 6.551391676131635214e-03 6.552990713736674654e-03 6.573986117639724763e-03 6.550753266255404314e-03 6.551316142144654291e-03 6.552625044476591103e-03 6.545628985408839980e-03 6.574213875087894267e-03 6.553535437151243245e-03 6.575618699948231408e-03 6.575307864515547544e-03 6.575303092443514873e-03 6.575587711197547827e-03 6.575305693125124175e-03 6.575120499980352529e-03 6.575255512989180984e-03 6.575691963153231477e-03 6.575295708037613013e-03 6.575581559312228958e-03 6.575290876718456641e-03 6.575245397732125407e-03 6.575241099932177015e-03 6.575683712191414051e-03 6.575404876811953743e-03 6.575216214453471521e-03 6.575587478649460270e-03 6.575309530429448296e-03 6.575192274211777953e-03 6.575324783762885768e-03 6.575595528629276688e-03 6.575325742874497080e-03 6.575317225344182344e-03 6.575652559322970291e-03 6.575725910231209996e-03 6.575310830438570349e-03 6.575274653612540703e-03 6.575677119142794846e-03 6.575722561942096145e-03 6.575636001941022150e-03 6.575268012156303306e-03 6.575368377985072767e-03 6.575478515115400040e-03 6.575472411537221576e-03 6.575347589223141248e-03 6.575327794816952440e-03 6.575325261939863816e-03 6.575309905965821995e-03 6.575373121305652831e-03 6.575514357079349781e-03 6.575380881270403467e-03 6.575425097189817152e-03 6.575298084352527821e-03 6.575400553430189171e-03 6.575353565752064047e-03 6.575441591894426278e-03 6.575416413615693505e-03 6.575364632657264459e-03 6.575388031018985710e-03 6.575377460492692894e-03 6.575327545068192572e-03 6.575500387414221978e-03 6.575328636326555759e-03 6.575461162633394925e-03 6.575478093443156910e-03 6.575350896597704706e-03 6.575390935451165715e-03 6.575403602474720784e-03 6.575433643405411734e-03 6.575347545376159647e-03 6.575402824180011721e-03 6.575385883748328421e-03 6.575272964323477902e-03 6.575394835929748195e-03 6.575283939091547056e-03 6.575424855035377422e-03 6.575172645395433932e-03 6.575374110593465958e-03 6.575430547103673293e-03 6.575341752033634322e-03 6.575350684679469142e-03 6.575465142159847218e-03 6.575360805958798543e-03 6.575473513498636922e-03 6.575437656733787092e-03 6.575434355707252508e-03 6.575385902545603789e-03 6.575586478595457120e-03 6.575388266049330722e-03 6.575420174091121082e-03 6.575294898509282358e-03 6.575375720674095543e-03 6.575379900530512259e-03 6.575357734754161583e-03 6.575352189247240728e-03 6.575427689220612014e-03 6.575488536820342511e-03 6.575419636105628123e-03 6.575377559596583786e-03 6.575421596474765977e-03 6.575373995098416670e-03 6.575253073312912686e-03 6.575504826930220724e-03 6.575353948309553206e-03 6.575382671159975094e-03 6.575418366662131621e-03
6.552265285453599819e-03 6.556716621222943506e-03 6.554101714805249390e-03 6.558045727837999266e-03 6.555094911978339225e-03 6.573875332183331047e-03 6.556585087450266837e-03 6.555127897752826942e-03 6.557677347163220517e-03 6.551067759560490721e-03 6.552339096189213619e-03 0.000000000000000000e+00 6.573738924174973505e-03 6.574021554210213517e-03 6.536840548975030724e-03 6.556062353259960868e-03 6.574181471003673685e-03 6.554387387482714378e-03 6.574046076212129545e-03 6.555576188847742590e-03 6.574043266335289661e-03 6.554302502391841367e-03 6.555060666027051793e-03 6.555053471240334002e-03 6.556431618300846004e-03 6.556848231054140767e-03 6.554294016863817206e-03 6.555269594162179379e-03 6.556608262397439074e-03 6.549321053567649757e-03 6.554149593515370097e-03 6.573800236728826948e-03 6.575844322278086990e-03 6.575534326541438920e-03 6.575529867173837174e-03 6.575814168396116634e-03 6.575532495071474519e-03 6.575411198809017616e-03 6.575481439231457836e-03 6.575918193328020300e-03 6.575522486296266587e-03 6.575807798471906135e-03 6.575516738434837583e-03 6.575471865973431251e-03 6.575467571875420920e-03 6.575910106344402817e-03 6.575631627250418457e-03 6.575442693474730683e-03 6.575813943360325417e-03 6.575536291930689572e-03 6.575531252727702392e-03 6.575551784079707203e-03 6.575821411849018354e-03 6.575552391637540239e-03 6.575550852974561093e-03 6.575879501688663455e-03 6.575890791427039389e-03 6.575537828282637144e-03 6.575501657748064437e-03 6.575903503193624051e-03 6.575948995757859711e-03 6.575862407892756924e-03 6.575495008429551105e-03 6.575594810255315677e-03 6.575635240359067532e-03 6.575697911790608433e-03 6.575573117823795347e-03 6.575558168732723550e-03 6.575550777176145806e-03 6.575539708695458258e-03 6.575598924268576811e-03 6.575738048023297387e-03 6.575606394691395351e-03 6.575650877602519026e-03 6.575523614075978220e-03 6.575626368522631895e-03 6.575579066715710012e-03 6.575667397987890357e-03 6.575642218620620337e-03 6.575590425917064719e-03 6.575613555779598676e-03 6.575603250617894670e-03 6.575553359225684395e-03 6.575725911776356819e-03 6.575554468286992464e-03 6.575686670849440960e-03 6.575703861040821559e-03 6.575506082122800806e-03 6.575616888524647360e-03 6.575629389720157557e-03 6.575659443711384666e-03 6.575573040896443705e-03 6.575628354907501853e-03 6.575611961253179788e-03 6.575498489945244031e-03 6.575620647431303784e-03 6.575510265435683538e-03 6.575651455353055674e-03 6.575461040011833583e-03 6.575598385112549696e-03 6.575655023497321838e-03 6.575568072218145044e-03 6.575577303011973136e-03 6.575220576606946761e-03 6.575585267353301067e-03 6.575700069512542718e-03 6.575662127508373131e-03 6.575660959072571025e-03 6.575611952998309910e-03 6.575810741985908120e-03 6.575612746810901091e-03 6.575644642793807178e-03 6.575521189486721423e-03 6.575599600000945309e-03 6.575606188141717816e-03 6.575581574337154706e-03 6.575636787516726464e-03 6.575653951930175191e-03 6.575715096746961343e-03 6.575644086295152728e-03 6.575601430155960693e-03 6.575645877134286832e-03 6.575600562127555462e-03 6.575479392558405446e-03 6.575728975802015881e-03 6.575577851130704962e-03 6.575607120494675675e-03 6.575642537214028936e-03
