0.000000000000000000e+00 6.444160914961661983e-03 6.442406476065940489e-03 6.442222917829500822e-03 6.444163420556688580e-03 6.442639929218840766e-03 6.442103864064420080e-03 6.442103310676676464e-03 6.442408312143183859e-03 6.444163228538257911e-03 6.444162540571199589e-03 6.442407416494595578e-03 6.442479916581701251e-03 6.444160178154755697e-03 6.442543609878277448e-03 6.442222542259977425e-03 6.442224252369460266e-03 6.442102772034609751e-03 6.442105343063378974e-03 6.444160227804657942e-03 6.444160244388994277e-03 6.442542099026056339e-03 6.442716890398022915e-03 6.444161657737371846e-03 6.444160484541541431e-03 6.442541606125842639e-03 6.442407925464495658e-03 6.444162479249628504e-03 6.442104181366221233e-03 6.442222986971306818e-03 6.442103679265364681e-03 6.441579028534938529e-03 6.444172417474116656e-03 6.444170978777152142e-03 6.444171967014968375e-03 6.444174760495368498e-03 6.444171718503648345e-03 6.444174283774628358e-03 6.444171490858029844e-03 6.444174601524872877e-03 6.444171679954930308e-03 6.444175057949167937e-03 6.444172508069189766e-03 6.444170984608443321e-03 6.444173037187536125e-03 6.444173302085141712e-03 6.444172776362085478e-03 6.444173028918361718e-03 6.444170383532429706e-03 6.444174239950329133e-03 6.444172506992897932e-03 6.444171309122591514e-03 6.444172269798916462e-03 6.444174843222848746e-03 6.444174204253013370e-03 6.444171553805225043e-03 6.444173453550026617e-03 6.444173764375281908e-03 6.444173372951608920e-03 6.444175677337907887e-03 6.444169779029995486e-03 6.444174060269279580e-03 6.444171404715963274e-03 6.444172786434398253e-03 6.444170983429160088e-03 6.444171325229464294e-03 6.444172102549614381e-03 6.444172282753729032e-03 6.444173750228188689e-03 6.444173156800672361e-03 6.444172971611206169e-03 6.444172419306381031e-03 6.444171243987277704e-03 6.444172027003492939e-03 6.444171961639352623e-03 6.444174149754421967e-03 6.444172758026973404e-03 6.444172128593802888e-03 6.444173022489356820e-03 6.444171799198092528e-03 6.444173594373755164e-03 6.444173415661472344e-03 6.444171452214129264e-03 6.444171919296527197e-03 6.444172910484734229e-03 6.444173182498866802e-03 6.444171750380562648e-03 6.444171441621737717e-03 6.444173386902342718e-03 6.444172306077229281e-03 6.444173473332628389e-03 6.444172345797670627e-03 6.444172885896467910e-03 6.444172452531183280e-03 6.444172070357874656e-03 6.444172890101227714e-03 6.444173387427381064e-03 6.444171711353334150e-03 6.444174183675205683e-03 6.444174830348464028e-03 6.444172376371503155e-03 6.444173374966236101e-03 6.444172229203520494e-03 6.444174125126207568e-03 6.444174269354822730e-03 6.444174086654297882e-03 6.444173304574098669e-03 6.444173379895074688e-03 6.444173105199043142e-03 6.444173155233646338e-03 6.444172459446505762e-03 6.444172385570341027e-03 6.444173843542806007e-03 6.444171791896889483e-03 6.444173471521131256e-03 6.444174634870265296e-03 6.444173856911645029e-03 6.444173610479482159e-03 6.444173964040267842e-03 6.444172361654115257e-03 6.444174555159032890e-03 6.444173707160126552e-03 6.444172603160288823e-03 6.444172909041319397e-03 6.444172618379581663e-03 6.444174418976851906e-03 6.444172692860070280e-03 6.444173726373434580e-03
6.444160914961661983e-03 0.000000000000000000e+00 6.442667666433188160e-03 6.444162162804013133e-03 6.444161683573086490e-03 6.442903441086097159e-03 6.442364921392718970e-03 6.442364888078971376e-03 6.442668918597737292e-03 6.442224756367392197e-03 6.442585403341063478e-03 6.442669920871075401e-03 6.442742470890077365e-03 6.444159279553729643e-03 6.442804235868563288e-03 6.444160901571844083e-03 6.442486639202334164e-03 6.442362592979897044e-03 6.444162013391914988e-03 6.442666916515529807e-03 6.442484612633596688e-03 6.442804595824567528e-03 6.444159942088758218e-03 6.444160179957201043e-03 6.441577698268780884e-03 6.442803937234840503e-03 6.442670337150487384e-03 6.442484711385930256e-03 6.442364536556926397e-03 6.442484252264854029e-03 6.442364853218024781e-03 6.441838405140917420e-03 6.444172944993805177e-03 6.444171506556900866e-03 6.444171527224503045e-03 6.444175288276934345e-03 6.444172246128029163e-03 6.444174847559487433e-03 6.444172801933805567e-03 6.444175129204669436e-03 6.444172208270638330e-03 6.444175585951151218e-03 6.444173208272932843e-03 6.444171541026466957e-03 6.444173565020691781e-03 6.444173829859943005e-03 6.444173304509128071e-03 6.444173766679370252e-03 6.444170940132018174e-03 6.444174767678441211e-03 6.444173081285828851e-03 6.444171837411060907e-03 6.444172797669019126e-03 6.444175371357261685e-03 6.444174732089322753e-03 6.444172081598256545e-03 6.444173981275756920e-03 6.444174315302449510e-03 6.444173900828555936e-03 6.444176204790360261e-03 6.444170387730193371e-03 6.444174587901529104e-03 6.444171932858898041e-03 6.444173961088687022e-03 6.444171539842862527e-03 6.444171852562214677e-03 6.444172630127229656e-03 6.444172842657473928e-03 6.444174277516406119e-03 6.444173684444835098e-03 6.444173070032984708e-03 6.444172946874377264e-03 6.444171771383868513e-03 6.444172554408818081e-03 6.444172666798238767e-03 6.444174677086878314e-03 6.444173476968578437e-03 6.444172656229586044e-03 6.444173550231800315e-03 6.444172327015506435e-03 6.444174121695396378e-03 6.444173407323254207e-03 6.444171979612460001e-03 6.444172446868263494e-03 6.444173437848803310e-03 6.444173709894623209e-03 6.444172306153995132e-03 6.444171969263870828e-03 6.444173914227290315e-03 6.444172833478462210e-03 6.444174000495754041e-03 6.444172901601673276e-03 6.444172934442663619e-03 6.444172979987740010e-03 6.444172597902480745e-03 6.444173417704819606e-03 6.444173914958949839e-03 6.444172271335539721e-03 6.444174711318536621e-03 6.444175358188305308e-03 6.444172936453532521e-03 6.444173902672148922e-03 6.444173502222421725e-03 6.444174652772173550e-03 6.444174797138556114e-03 6.444174614276665554e-03 6.444173832057613870e-03 6.444173943555625214e-03 6.444173091641160027e-03 6.444173682942038947e-03 6.444172987184363516e-03 6.444172959726090881e-03 6.444174371496626426e-03 6.444172401100264728e-03 6.444173999048206231e-03 6.444175162677935262e-03 6.444174413474615219e-03 6.444174138389080139e-03 6.444174491518413206e-03 6.444172889333432165e-03 6.444175082835800622e-03 6.444174258387476775e-03 6.444172711703542202e-03 6.444173436747838504e-03 6.444173178356993326e-03 6.444174946818998634e-03 6.444173249480744312e-03 6.444174254088418270e-03
6.442406476065940489e-03 6.442667666433188160e-03 0.000000000000000000e+00 6.444161947496930207e-03 6.444160990763512023e-03 6.443087531545769325e-03 6.442550213721341852e-03 6.442549200473335520e-03 6.442853284224682973e-03 6.442408684045016105e-03 6.444162218921906451e-03 6.442854094610795355e-03 6.444161575859671046e-03 6.442987208600904625e-03 6.442989116709611254e-03 6.442668066912482852e-03 6.442669263124064898e-03 6.442549203058416107e-03 6.442551214310636432e-03 6.442851491134302805e-03 6.444161298959681129e-03 6.442988326420077787e-03 6.443163681599969189e-03 6.442407696707044308e-03 6.441762327065126033e-03 6.442988268834878157e-03 6.442854767263657585e-03 6.442669448965755025e-03 6.444160297530718805e-03 6.442668016278857955e-03 6.442549159913413780e-03 6.442022999551673575e-03 6.444172938543719052e-03 6.444171499893117626e-03 6.444171563223547068e-03 6.444175281802633215e-03 6.444172239440201788e-03 6.444174866274507418e-03 6.444172102433351479e-03 6.444175122471346336e-03 6.444172201477674569e-03 6.444175579281263486e-03 6.444173061576721241e-03 6.444171554572485430e-03 6.444173558286326979e-03 6.444173823177330208e-03 6.444173297720063101e-03 6.444173582333904277e-03 6.444170953644748172e-03 6.444174760917227227e-03 6.444173106680858680e-03 6.444171830640365792e-03 6.444172790917371274e-03 6.444175364748771020e-03 6.444174725373593218e-03 6.444172074879065369e-03 6.444173974582501595e-03 6.444174325125073127e-03 6.444173894062981724e-03 6.444176197917323400e-03 6.444170438888298900e-03 6.444174581374326714e-03 6.444171926066602149e-03 6.444173979626786897e-03 6.444171553918824277e-03 6.444171846718203638e-03 6.444172624200013473e-03 6.444173240336859877e-03 6.444174271523411823e-03 6.444173678340009252e-03 6.444173492786934611e-03 6.444172940609545729e-03 6.444171765294140833e-03 6.444172548319401783e-03 6.444172515576203873e-03 6.444174671062461238e-03 6.444173311944381005e-03 6.444172650300223140e-03 6.444173544033524048e-03 6.444172320755708200e-03 6.444174115924127498e-03 6.444173936555995172e-03 6.444171973532426823e-03 6.444172440838802710e-03 6.444173431796029576e-03 6.444173703813982877e-03 6.444172320516625141e-03 6.444171962940230432e-03 6.444173908446284432e-03 6.444172827392825875e-03 6.444173994459604163e-03 6.444172916090882587e-03 6.444173407051951262e-03 6.444172974078268314e-03 6.444172591893431584e-03 6.444173411650304210e-03 6.444173908868752049e-03 6.444172602961025474e-03 6.444174705112305779e-03 6.444175351826886104e-03 6.444173312830701536e-03 6.444173896512649796e-03 6.444172840898553661e-03 6.444174646638708287e-03 6.444174790527553570e-03 6.444174608157854367e-03 6.444173826138518794e-03 6.444173962594132096e-03 6.444173134362319103e-03 6.444173676585676462e-03 6.444172981048126164e-03 6.444172985581489432e-03 6.444174365107664150e-03 6.444172452396191436e-03 6.444173993143629924e-03 6.444175156373464428e-03 6.444174427440690911e-03 6.444174132238857447e-03 6.444174485435649573e-03 6.444172883260216450e-03 6.444175076666323367e-03 6.444174268364352004e-03 6.444173202996302148e-03 6.444173430665143393e-03 6.444173499513631935e-03 6.444174940710487368e-03 6.444173263271552217e-03 6.444174247919893378e-03
6.442222917829500822e-03 6.444162162804013133e-03 6.444161947496930207e-03 0.000000000000000000e+00 6.442483929762167147e-03 6.442902985788217032e-03 6.442365486369519556e-03 6.444160996814726240e-03 6.444161782492208515e-03 6.442223334454463650e-03 6.442585250868936540e-03 6.442669838232453761e-03 6.442744510717565709e-03 6.442803382080122300e-03 6.442804287249106338e-03 6.442484668941918409e-03 6.442485721608508589e-03 6.442366392008721208e-03 6.444162189217407175e-03 6.444161823065473749e-03 6.442483737391296178e-03 6.442803674163355768e-03 6.442980101067340322e-03 6.442222424756579788e-03 6.444163962651776149e-03 6.442804221779205136e-03 6.442668468014338574e-03 6.442483514411094167e-03 6.442365593111189746e-03 6.444162083622118585e-03 6.442364802797052696e-03 6.444163295921043026e-03 6.444171474390856733e-03 6.444170078076201687e-03 6.444170035737497096e-03 6.444174246854320401e-03 6.444171206974626948e-03 6.444174282118932812e-03 6.444171348156198589e-03 6.444174088432880372e-03 6.444170717735209740e-03 6.444174545129429006e-03 6.444171635775782121e-03 6.444170112184553247e-03 6.444172110023667008e-03 6.444172357881285118e-03 6.444172264532946511e-03 6.444172083667628996e-03 6.444169900582672264e-03 6.444173726908235082e-03 6.444171661309047727e-03 6.444170397200837258e-03 6.444171378762525958e-03 6.444173615721055827e-03 6.444173312276316873e-03 6.444170610607160253e-03 6.444172356072301600e-03 6.444172874651678089e-03 6.444172446675631993e-03 6.444174013867633166e-03 6.444170400071971144e-03 6.444173176568590566e-03 6.444170892781436386e-03 6.442680084028025098e-03 6.444170502035003779e-03 6.444170814584658340e-03 6.444171592348777941e-03 6.444171804568064356e-03 6.444173239771626253e-03 6.444172646405653578e-03 6.444172032263089517e-03 6.444171909157165624e-03 6.444170733349483503e-03 6.444171516379629434e-03 6.444171470638478984e-03 6.444173639113059439e-03 6.444172267060132436e-03 6.444171143402510626e-03 6.444172512236286121e-03 6.444171288536054698e-03 6.444173083978192544e-03 6.444172369530386073e-03 6.444170941486555317e-03 6.444171408879872075e-03 6.444172399794401325e-03 6.444172671684142949e-03 6.444171268611785866e-03 6.444170931129009766e-03 6.444172876212089611e-03 6.444171795444258478e-03 6.444172962539536538e-03 6.444171864058369399e-03 6.444171896961450700e-03 6.444171941992292603e-03 6.444171560029719921e-03 6.444172379741487135e-03 6.444172877290204639e-03 6.444171234261166295e-03 6.444173673650363879e-03 6.444174320520319917e-03 6.444171899403257874e-03 6.444172865003526020e-03 6.444172464791662371e-03 6.444173615103930552e-03 6.444173759469986988e-03 6.444173576608228267e-03 6.444172794388809689e-03 6.444172906111295986e-03 6.444172053951608553e-03 6.444172645273154969e-03 6.444171949398160189e-03 6.444171922000255931e-03 6.444173333827444942e-03 6.444171364161878010e-03 6.444172961379745525e-03 6.444174125010112934e-03 6.444173376052709026e-03 6.444173100657918721e-03 6.444173453850056583e-03 6.444171851664016494e-03 6.444174045167904569e-03 6.444173220783733398e-03 6.444171674192923985e-03 6.444172399079105447e-03 6.444172141277462566e-03 6.444173909151101713e-03 6.444172211804439186e-03 6.444173216420007004e-03
6.444163420556688580e-03 6.444161683573086490e-03 6.444160990763512023e-03 6.442483929762167147e-03 0.000000000000000000e+00 6.444162068207874051e-03 6.442365661470909541e-03 6.442366814244098079e-03 6.444160748066429106e-03 6.442223126312484303e-03 6.442585319721888526e-03 6.442671169633292297e-03 6.442743458527955096e-03 6.442802432228217704e-03 6.442804466676652075e-03 6.442483384290876615e-03 6.444161904892256945e-03 6.442365948956215935e-03 6.442366826325956163e-03 6.442668643813436076e-03 6.442485335507866680e-03 6.442804983391631907e-03 6.442979649918130318e-03 6.442223643508833419e-03 6.441580650880057886e-03 6.442806197306576166e-03 6.442670187906214194e-03 6.442483372798875688e-03 6.444160440086653743e-03 6.444161185102360856e-03 6.442365731525755146e-03 6.444162146846185192e-03 6.444172937245769457e-03 6.444170405245629521e-03 6.444171519074627305e-03 6.444174016159886359e-03 6.444171024902212511e-03 6.444175312061520625e-03 6.444170918892447308e-03 6.444175117646574677e-03 6.444170984972003198e-03 6.444175574505769249e-03 6.444173044084624061e-03 6.444171533268106163e-03 6.444173554764072442e-03 6.444172644301915387e-03 6.444172118820361284e-03 6.444172350849560089e-03 6.444170932203676164e-03 6.444174757762373244e-03 6.444172547503050456e-03 6.444170711758848841e-03 6.444171713097910856e-03 6.444173632870056796e-03 6.444174720179207498e-03 6.444170897595349543e-03 6.444172496937481363e-03 6.444174521272708588e-03 6.444173893072115480e-03 6.442061439167214541e-03 6.444170700966471432e-03 6.444173519263500342e-03 6.444170747675542939e-03 6.444172291363708081e-03 6.444171536722703882e-03 6.444171849707149534e-03 6.444172626406641582e-03 6.444171576674677035e-03 6.444174274634038163e-03 6.444173680893530015e-03 6.444173066537245420e-03 6.444172944020522958e-03 6.444171768469658841e-03 6.444172551496697016e-03 6.444172504725614349e-03 6.444174674144655460e-03 6.444173301391892435e-03 6.444172652259526519e-03 6.444173546724927572e-03 6.444172322896695240e-03 6.444174118188260823e-03 6.444173404414557486e-03 6.444171976591514528e-03 6.444172443359806948e-03 6.444173434789597643e-03 6.444173706977192155e-03 6.444172303354352670e-03 6.444171966238942430e-03 6.444173910685877492e-03 6.444172830051359858e-03 6.444173996966614387e-03 6.444172898172909059e-03 6.444172930959660671e-03 6.444172976467625255e-03 6.444172594113849878e-03 6.444173413686826203e-03 6.444173912958411216e-03 6.444172269350314369e-03 6.444174709033206709e-03 6.444175356005860111e-03 6.444172933825027469e-03 6.444173900510121421e-03 6.444172806685609552e-03 6.444174650630361649e-03 6.444174794380331910e-03 6.444174611999027406e-03 6.444173829619702018e-03 6.444173941497147694e-03 6.444173295905782604e-03 6.444173680613574269e-03 6.444172984516589528e-03 6.444173668985950058e-03 6.444174368457168851e-03 6.444172399036056549e-03 6.444173997059978072e-03 6.444175159916644066e-03 6.444174411669078596e-03 6.444174135496109554e-03 6.444174489102401371e-03 6.444172887035750155e-03 6.444175080066514086e-03 6.444174518334660345e-03 6.444173273158419583e-03 6.444173434424886777e-03 6.444173176363214919e-03 6.444174944565725545e-03 6.444173247183420522e-03 6.444174251901526977e-03
6.442639929218840766e-03 6.442903441086097159e-03 6.443087531545769325e-03 6.442902985788217032e-03 6.444162068207874051e-03 0.000000000000000000e+00 6.442785313278950009e-03 6.442783658975793741e-03 6.444161389980653139e-03 6.442642721588614542e-03 6.444161145871258982e-03 6.443088539656378205e-03 6.443162357504248101e-03 6.443222240725036444e-03 6.443224309787090077e-03 6.442903935252495065e-03 6.442905002794873347e-03 6.442784689530909811e-03 6.442786779141594818e-03 6.444160272143703398e-03 6.442902680107974629e-03 6.443222529403091862e-03 6.443399040505308137e-03 6.442641222437447621e-03 6.444161677101306780e-03 6.443222647000190588e-03 6.443088832943441244e-03 6.442903049050427607e-03 6.442784479712798142e-03 6.442903765810886751e-03 6.442784499350292030e-03 6.442258997485295069e-03 6.444172055697234766e-03 6.444170665297816770e-03 6.444170713392233241e-03 6.444174348572706719e-03 6.444171805429783038e-03 6.444174382751303304e-03 6.444171715821835240e-03 6.444174273459464704e-03 6.444171767644273074e-03 6.444174673397444139e-03 6.444172254447051718e-03 6.444170745364113245e-03 6.444172694022484195e-03 6.444172940028168768e-03 6.444172415286756987e-03 6.444173164440874201e-03 6.444170116674956088e-03 6.444173911738316010e-03 6.444172324742540765e-03 6.444170982894847043e-03 6.444172355935437121e-03 6.444174160885103413e-03 6.444173900640814620e-03 6.444171640223366783e-03 6.444172917937457563e-03 6.443015867611067045e-03 6.444173459002533987e-03 6.444175762717815024e-03 6.444169650696441633e-03 6.444174145024812901e-03 6.444171044269767813e-03 6.444172686707516119e-03 6.444171147607038845e-03 6.444171414474003136e-03 6.444172191115113066e-03 6.444172456112665613e-03 6.444173839769867448e-03 6.444173246191520384e-03 6.444173060572551404e-03 6.444172508667351910e-03 6.444171333359389846e-03 6.444172116392271436e-03 6.444172100621759804e-03 6.444174239315350952e-03 6.444172896965427895e-03 6.444172217862495153e-03 6.444173111887653745e-03 6.444171440760043321e-03 6.444173683749491142e-03 6.444173504496266899e-03 6.444171541695129998e-03 6.444172008671171167e-03 6.444172999868433456e-03 6.444173271692444672e-03 6.444171914102372195e-03 6.444171530909083463e-03 6.444173476468014437e-03 6.444172395462541801e-03 6.444173562069075399e-03 6.444172510089339438e-03 6.444172974621309620e-03 6.444172542102367951e-03 6.444172159833210650e-03 6.444172979289787030e-03 6.444172080720940964e-03 6.444170532746343501e-03 6.444173891026064652e-03 6.444173705468080743e-03 6.444172541246525644e-03 6.444172020222705202e-03 6.444171137850863811e-03 6.444172818403734286e-03 6.444172592194477231e-03 6.444173775051532591e-03 6.444171891228230378e-03 6.444171797433814568e-03 6.443099649363698972e-03 6.444172892050358675e-03 6.444171258119352555e-03 6.444172588846159948e-03 6.444173923182236474e-03 6.444170739883706318e-03 6.444172116496578624e-03 6.444173150732494283e-03 6.444172361921096139e-03 6.444173690291207963e-03 6.444172393725510276e-03 6.444172028287529184e-03 6.444174189017741125e-03 6.442479641767158600e-03 6.444171493239761808e-03 6.444172633612190240e-03 6.444171473577079735e-03 6.444173566779193112e-03 6.444172849788662796e-03 6.444172495011587891e-03
6.442103864064420080e-03 6.442364921392718970e-03 6.442550213721341852e-03 6.442365486369519556e-03 6.442365661470909541e-03 6.442785313278950009e-03 0.000000000000000000e+00 6.442246496082624195e-03 6.442550542830294616e-03 6.444163339191101569e-03 6.444163723509372353e-03 6.442551114441896418e-03 6.442622747840897127e-03 6.442684563654334749e-03 6.444161438600537299e-03 6.442363502896735102e-03 6.442365779237462994e-03 6.442244448850941406e-03 6.444162019083368373e-03 6.442550032060864393e-03 6.442366326493221065e-03 6.444162623502436987e-03 6.442860070966172081e-03 6.444162801804658065e-03 6.441458871059042336e-03 6.444161888791362022e-03 6.444161467882499571e-03 6.442365862511091439e-03 6.442245558473982427e-03 6.444160328902449539e-03 6.442244547567118132e-03 6.444161526154540409e-03 6.444172769231338097e-03 6.444171330858608146e-03 6.444172318499900680e-03 6.444175111679037449e-03 6.444172070333268471e-03 6.444174655540815637e-03 6.444172625889618526e-03 6.444174953756728538e-03 6.444172031995693169e-03 6.444175409739604996e-03 6.444172870780413669e-03 6.444171644462973712e-03 6.444173389644780939e-03 6.444173654187888844e-03 6.444173128280199919e-03 6.444173390684113621e-03 6.444171063458867775e-03 6.444174592293789097e-03 6.444172883523521453e-03 6.444171661210872787e-03 6.444172621873401480e-03 6.444175194365148879e-03 6.444174556680414868e-03 6.444171905246740689e-03 6.444173805094774790e-03 6.444174129572547566e-03 6.444173725413988515e-03 6.444175332680363195e-03 6.444171676340223684e-03 6.444174412101688273e-03 6.444171756599798712e-03 6.444173587864377925e-03 6.444171642822904555e-03 6.444171676846619824e-03 6.444172453903167404e-03 6.444172651512525968e-03 6.444174101779549628e-03 6.444173508420852382e-03 6.444173323507981777e-03 6.444172770965941877e-03 6.444171595600628119e-03 6.444172378742828514e-03 6.444172323770018355e-03 6.444174501470593779e-03 6.444173119771729949e-03 6.444172480243011772e-03 6.444173374240691476e-03 6.444172150867805843e-03 6.444173945877974125e-03 6.444173767512241351e-03 6.444171803888243573e-03 6.444172270922983448e-03 6.444173262219189159e-03 6.444173534247608914e-03 6.444172442763291923e-03 6.444171793300136793e-03 6.444173738493433161e-03 6.444172657820872174e-03 6.444173825097119189e-03 6.444173013999269714e-03 6.444173237810269829e-03 6.444172804162782986e-03 6.444172422012834148e-03 6.444173241771369506e-03 6.444173222402500151e-03 6.444171579887249604e-03 6.444173999353481133e-03 6.444174563909135095e-03 6.444172742518981811e-03 6.444173191203927779e-03 6.444172838578086059e-03 6.444173959820805389e-03 6.444174617410721936e-03 6.444173879755542809e-03 6.444173652282838075e-03 6.444173748226332543e-03 6.444172396213708291e-03 6.444173005970027512e-03 6.444172334387863500e-03 6.444172759074547757e-03 6.444173678708790647e-03 6.442475760555250314e-03 6.444173288065430105e-03 6.444174401074433643e-03 6.444173989721864448e-03 6.444173445933691104e-03 6.444173696799307578e-03 6.444172710310686752e-03 6.444174288664949145e-03 6.444173487116754140e-03 6.444172976564796658e-03 6.444172744439161105e-03 6.444172984222722167e-03 6.444174766537467611e-03 6.444172843860800429e-03 6.444173589849579858e-03
6.442103310676676464e-03 6.442364888078971376e-03 6.442549200473335520e-03 6.444160996814726240e-03 6.442366814244098079e-03 6.442783658975793741e-03 6.442246496082624195e-03 0.000000000000000000e+00 6.442549770723737107e-03 6.442103396500381378e-03 6.442466053205142540e-03 6.442549069940342252e-03 6.442624364764251016e-03 6.442684253207560559e-03 6.444162495125525456e-03 6.442366417293939572e-03 6.444164815142091468e-03 6.442245369325820883e-03 6.444163032071728234e-03 6.442549020114637925e-03 6.444160279661584681e-03 6.444159748983996003e-03 6.442860601185036555e-03 6.442102535056695896e-03 6.444161587361982302e-03 6.442683631552093004e-03 6.444160835171764204e-03 6.442364436233365306e-03 6.442246094886201757e-03 6.442365162845478666e-03 6.444160292552336515e-03 6.441720131509481861e-03 6.444172632824586751e-03 6.444171194006859463e-03 6.444171186248039834e-03 6.444174975566462245e-03 6.444171933483130478e-03 6.444174518607259997e-03 6.444172489832824223e-03 6.444174816636700533e-03 6.444171895557788791e-03 6.444175273622888139e-03 6.444172734104979677e-03 6.444171507122764195e-03 6.444173252782927491e-03 6.444173517319480744e-03 6.444172991570620498e-03 6.444173254223979630e-03 6.444170927084888825e-03 6.444174455296093791e-03 6.444173320549992888e-03 6.444171524653979390e-03 6.444172485025984401e-03 6.444175058481468703e-03 6.444174419833364684e-03 6.444171768838629320e-03 6.444173668531855831e-03 6.444173992502592353e-03 6.444173588551051733e-03 6.444175196626017454e-03 6.444170038274069610e-03 6.444174275258451878e-03 6.444171620016529711e-03 6.444174036069653770e-03 6.444171214169259858e-03 6.444171540065839546e-03 6.444172317565923826e-03 6.444172515341659718e-03 6.444173965009439634e-03 6.444173371887621481e-03 6.444172739053575898e-03 6.444172634426453827e-03 6.444171458826711274e-03 6.444172241975692703e-03 6.444172187213161387e-03 6.444174364677842173e-03 6.444172983693118896e-03 6.444172343730747606e-03 6.444173237849505805e-03 6.444172014398902824e-03 6.444173809333667881e-03 6.444173076389987306e-03 6.444171667305217434e-03 6.444172134376957226e-03 6.444173125457334714e-03 6.444173397464793805e-03 6.444172306180041138e-03 6.444171656964639214e-03 6.444173601756363577e-03 6.444172521046651753e-03 6.444173688111163624e-03 6.444172877428620827e-03 6.444172603528895878e-03 6.444172667496422466e-03 6.444172285383775386e-03 6.444173105187309472e-03 6.444173603162554713e-03 6.444171945132945271e-03 6.444174399390975583e-03 6.444175046289688999e-03 6.444172609684921220e-03 6.444173590887392923e-03 6.444173190464614655e-03 6.444174340835574603e-03 6.444174484603108939e-03 6.444174302367744987e-03 6.444173519666308338e-03 6.444173614531283588e-03 6.444172747214488815e-03 6.444173371136257232e-03 6.444172674734269940e-03 6.444173360571570086e-03 6.444174059567609088e-03 6.444172051634832442e-03 6.444173687100498114e-03 6.444174850301518861e-03 6.444174088164656561e-03 6.444173826076217935e-03 6.444174179130388036e-03 6.444172577590198507e-03 6.444174770620381305e-03 6.444173935387606002e-03 6.444172946012958689e-03 6.444173124952823350e-03 6.444172852271765929e-03 6.444174634841693533e-03 6.444173265368214470e-03 6.444173942272435514e-03
6.442408312143183859e-03 6.442668918597737292e-03 6.442853284224682973e-03 6.444161782492208515e-03 6.444160748066429106e-03 6.444161389980653139e-03 6.442550542830294616e-03 6.442549770723737107e-03 0.000000000000000000e+00 6.442408136695722612e-03 6.442771491258851221e-03 6.442855595979542563e-03 6.442927735422280568e-03 6.442988363650568179e-03 6.442988458952787420e-03 6.442669070903519861e-03 6.444161685291519177e-03 6.442550248725181089e-03 6.442549752853949860e-03 6.442853464232639431e-03 6.442670241855037901e-03 6.442989481612905467e-03 6.443164783591730053e-03 6.442409386405629351e-03 6.441764171036681343e-03 6.442990634868272538e-03 6.442854613796504537e-03 6.444161281284545469e-03 6.442547993199587535e-03 6.442667070094262871e-03 6.444162021491614718e-03 6.444161077631922925e-03 6.444171658211450895e-03 6.444170302817860130e-03 6.444171409313683048e-03 6.444175125111860011e-03 6.444170921905031414e-03 6.442246099455317676e-03 6.444170853567950628e-03 6.444173898688920245e-03 6.444170883753881640e-03 6.444174256558378271e-03 6.444172906300917741e-03 6.444171400605752838e-03 6.444173402593371056e-03 6.444173668351129737e-03 6.444172016801069831e-03 6.444173427785386196e-03 6.444170800034249719e-03 6.444173537277211525e-03 6.444173470182491120e-03 6.444170610661683479e-03 6.444171612106263519e-03 6.444173531804198857e-03 6.444173544353150318e-03 6.444170795528239570e-03 6.444172393547960460e-03 6.444173301509724394e-03 6.444172646745827647e-03 6.444176041788903311e-03 6.444170598139255940e-03 6.444173417923438132e-03 6.444171772399361758e-03 6.444173823876435912e-03 6.444171404986457838e-03 6.444171696807790561e-03 6.444172474447367426e-03 6.444172709926461982e-03 6.444174122024008515e-03 6.444173528923070361e-03 6.444172943812145372e-03 6.444172791407387288e-03 6.444171615865343372e-03 6.444172398895903903e-03 6.444172366214197603e-03 6.444174521133562948e-03 6.444173162875023453e-03 6.444172500745763178e-03 6.444173394751478989e-03 6.444172171158227096e-03 6.444173966242692717e-03 6.444173281083167247e-03 6.444171824212846685e-03 6.444172291405225218e-03 6.444173282191979941e-03 6.444173553956532643e-03 6.444172170881926412e-03 6.444171813857483416e-03 6.444173758746961182e-03 6.444172677461307286e-03 6.444173845023856532e-03 6.444172766343743419e-03 6.444172808253456099e-03 6.444172824525423379e-03 6.444172442139566893e-03 6.444173262176303325e-03 6.444173760501138715e-03 6.444172139518897051e-03 6.444174556581080265e-03 6.444175203404276832e-03 6.444172803826139946e-03 6.444173748059354133e-03 6.444172690997652941e-03 6.444174498171008347e-03 6.444174641925981550e-03 6.444174459537723408e-03 6.444173677151996890e-03 6.444173814468981062e-03 6.444173707726862446e-03 6.444173528161450427e-03 6.444172832060729959e-03 6.444173516250108723e-03 6.444174215870223169e-03 6.444172304305660279e-03 6.444173844605983331e-03 6.444175007469187498e-03 6.444174279441384524e-03 6.444173982915501683e-03 6.444174336651553418e-03 6.444172734580580139e-03 6.444174927627713788e-03 6.444174365604511505e-03 6.444173149866243636e-03 6.444173281974413525e-03 6.444173046529213730e-03 6.444174791970267574e-03 6.444173114817933895e-03 6.444174099446702171e-03
6.444163228538257911e-03 6.442224756367392197e-03 6.442408684045016105e-03 6.442223334454463650e-03 6.442223126312484303e-03 6.442642721588614542e-03 6.444163339191101569e-03 6.442103396500381378e-03 6.442408136695722612e-03 0.000000000000000000e+00 6.442322738755067862e-03 6.444162126176311393e-03 6.444163641397502966e-03 6.442541792107245660e-03 6.442542709769834806e-03 6.442223874753442818e-03 6.444163578292830437e-03 6.444163393872484255e-03 6.442104750922117602e-03 6.442407927994529132e-03 6.444161280980274971e-03 6.442542057217004459e-03 6.442718566238609876e-03 6.441960349446755434e-03 6.444164278571626325e-03 6.442542425701154769e-03 6.442407313315880873e-03 6.442222055104600623e-03 6.442104356385355834e-03 6.444161191371475424e-03 6.444162803415100747e-03 6.444164811541799529e-03 6.444170974306168663e-03 6.444169608249192792e-03 6.441968738728897671e-03 6.444174314005994379e-03 6.444170244293181971e-03 6.444173838108149810e-03 6.444171044881459934e-03 6.444173209970495940e-03 6.444171234509213538e-03 6.444174611624654998e-03 6.444171154468113921e-03 6.444169612120919516e-03 6.444171623228197622e-03 6.444171860914992347e-03 6.444172330032385716e-03 6.444171553809724916e-03 6.444169937701192327e-03 6.444172848175487925e-03 6.444171750814768271e-03 6.444170863741263341e-03 6.444170915036475343e-03 6.444174397402080423e-03 6.444172849249480382e-03 6.444170111644445358e-03 6.444171751254858943e-03 6.444172374170610909e-03 6.444171958394257459e-03 6.444174510379213280e-03 6.444170881341795484e-03 6.444172719663362504e-03 6.444170959212261636e-03 6.444171414572911864e-03 6.444170541324467823e-03 6.444170882789421358e-03 6.444171660082076945e-03 6.444172276825844113e-03 6.444173307311705685e-03 6.444172714913908202e-03 6.444172059195825072e-03 6.444171976741882094e-03 6.444170801192348509e-03 6.444171584642766765e-03 6.444171519875739954e-03 6.444173706449789381e-03 6.444172316156517380e-03 6.444171686361500895e-03 6.444172580312997056e-03 6.444171356242471560e-03 6.444173151775423047e-03 6.444172396708866025e-03 6.444171009345473454e-03 6.444171476962043052e-03 6.444172467549162328e-03 6.444172739330078677e-03 6.444171307552540133e-03 6.444170998996057685e-03 6.444172944745036290e-03 6.444171863280944400e-03 6.444172001035104042e-03 6.444171903137203318e-03 6.444171923658073044e-03 6.444172010529969005e-03 6.444171628153448801e-03 6.444172447804681104e-03 6.444172946719756156e-03 6.444171641078647039e-03 6.444173742960422439e-03 6.444174389776203063e-03 6.444172350400584164e-03 6.444172933931774545e-03 6.444171787331884858e-03 6.444173684476389719e-03 6.444173827774496606e-03 6.444173645609468752e-03 6.444172862953484460e-03 6.444173514560843676e-03 6.444172053363152186e-03 6.444172714407045421e-03 6.444172018248205645e-03 6.444172703324990009e-03 6.444173402522482448e-03 6.444172114523789505e-03 6.444173031020107578e-03 6.444174193339634663e-03 6.444173416696248775e-03 6.444173169641209155e-03 6.444173522444917278e-03 6.444171920527672591e-03 6.444174113663533876e-03 6.444173266673197502e-03 6.444172266866921538e-03 6.444172468083770276e-03 6.444172537423865574e-03 6.444173978336496106e-03 6.444172252391718383e-03 6.444173285735196009e-03
6.444162540571199589e-03 6.442585403341063478e-03 6.444162218921906451e-03 6.442585250868936540e-03 6.442585319721888526e-03 6.444161145871258982e-03 6.444163723509372353e-03 6.442466053205142540e-03 6.442771491258851221e-03 6.442322738755067862e-03 0.000000000000000000e+00 6.442770825896826196e-03 6.444163488404368312e-03 6.442903760157712642e-03 6.442905714925576711e-03 6.444163514393506237e-03 6.444164584586224535e-03 6.442466179300176260e-03 6.442469007769283627e-03 6.444161378803447277e-03 6.442583924032783439e-03 6.442904307945908522e-03 6.443081232894535930e-03 6.442321732934673008e-03 6.444163654677214498e-03 6.444161088553595346e-03 6.442770861659188886e-03 6.442584896854407044e-03 6.442466482523433527e-03 6.444162795054065793e-03 6.442467339662688065e-03 6.441941010925891775e-03 6.444172473764982721e-03 6.444171035045150216e-03 6.444171078587786726e-03 6.444174817354625384e-03 6.444171774445857544e-03 6.444174391249711878e-03 6.444171621719910203e-03 6.444174657725489953e-03 6.444171736806631606e-03 6.444175115196785174e-03 6.444172591417545760e-03 6.444171081259482056e-03 6.444173094043966279e-03 6.444173358150844140e-03 6.444172833145589592e-03 6.444173111536851892e-03 6.444170480578884780e-03 6.444174296809080348e-03 6.444173160942920538e-03 6.444171365933649108e-03 6.444172326265587211e-03 6.444174900090170362e-03 6.444174261125540891e-03 6.444171609993358182e-03 6.444173509806178264e-03 6.444174059355720421e-03 6.444173427714279881e-03 6.444175076393362893e-03 6.444169949538764916e-03 6.444174116418136845e-03 6.444171461613852452e-03 6.444172956904649884e-03 6.444170690401901380e-03 6.444169795284071696e-03 6.444170571672892117e-03 6.444171967421910216e-03 6.444171783445348800e-03 6.444172508099205686e-03 6.443013822831704721e-03 6.444171741440666082e-03 6.444169762124186268e-03 6.444170583305016201e-03 6.444170994736698327e-03 6.444172027721926932e-03 6.444172830589667972e-03 6.444170937967182156e-03 6.444172852221752117e-03 6.444171351279158813e-03 6.444171935645994984e-03 6.442332487204303210e-03 6.444169921941041330e-03 6.444171208499229440e-03 6.444171499679741434e-03 6.444171649540384426e-03 6.444170201700841726e-03 6.444170766705847181e-03 6.444171645758153821e-03 6.444170822451438484e-03 6.444172760661314933e-03 6.444170900374459818e-03 6.442695019259824657e-03 6.444171260599752121e-03 6.444171077154762887e-03 6.444171991908068976e-03 6.444173041649834711e-03 6.444171750466776670e-03 6.444174238626814051e-03 6.444174394907190712e-03 6.444172409283517415e-03 6.444173013388068520e-03 6.444171983131363052e-03 6.444174179731379515e-03 6.444174323702683144e-03 6.444174141021609750e-03 6.444172922035763459e-03 6.444172959071035878e-03 6.444172469305784086e-03 6.444172823801498119e-03 6.444172148644682248e-03 6.444172709973629981e-03 6.444173898376694305e-03 6.444172927757334246e-03 6.444173109339665015e-03 6.444174690107371851e-03 6.444174311434194835e-03 6.444173264797299627e-03 6.444173529277062371e-03 6.444171955906840069e-03 6.444174120233534496e-03 6.444173587444772602e-03 6.442780499545606651e-03 6.444172564504017930e-03 6.444172657946938866e-03 6.444174124561208132e-03 6.444172351013318853e-03 6.444173406160125586e-03
6.442407416494595578e-03 6.442669920871075401e-03 6.442854094610795355e-03 6.442669838232453761e-03 6.442671169633292297e-03 6.443088539656378205e-03 6.442551114441896418e-03 6.442549069940342252e-03 6.442855595979542563e-03 6.444162126176311393e-03 6.442770825896826196e-03 0.000000000000000000e+00 6.444163073320171263e-03 6.442989060776956045e-03 6.442990968958299015e-03 6.442670509472640458e-03 6.442671405334724627e-03 6.442549451467029231e-03 6.444163827082010666e-03 6.442854896925147463e-03 6.442668258786084061e-03 6.442987819829734328e-03 6.444161955045176957e-03 6.442406906911351920e-03 6.444162917639555295e-03 6.442988685071108536e-03 6.442854236725126943e-03 6.442668882237239346e-03 6.444162903774672095e-03 6.442670031142482857e-03 6.444161157676435610e-03 6.442024748833347081e-03 6.444172809342387995e-03 6.444171370564507305e-03 6.444172358019919881e-03 6.444175151956381409e-03 6.444172109679176946e-03 6.444174737612615514e-03 6.444172666106642682e-03 6.444174993680280850e-03 6.444172071832157157e-03 6.444175450005708815e-03 6.444173072470527931e-03 6.444171425371564635e-03 6.444173429368155702e-03 6.444173693855119282e-03 6.444173168215591718e-03 6.444173630873436046e-03 6.444170824844914526e-03 6.444174632161749593e-03 6.444172978035983546e-03 6.444171700998313490e-03 6.444172661674881300e-03 6.444175234779462268e-03 6.444174596435981762e-03 6.444171945582947286e-03 6.444173845242867106e-03 6.444174196087500833e-03 6.444173765181517195e-03 6.444175427131547916e-03 6.444170310228493868e-03 6.444174451908288130e-03 6.444171796561418662e-03 6.444173319035280054e-03 6.444171424407012412e-03 6.444171716801385015e-03 6.444172494145773526e-03 6.444173110691435273e-03 6.444174141574426223e-03 6.444173548723747952e-03 6.444172963362739155e-03 6.444172810929781406e-03 6.444171635444599991e-03 6.444172418473336460e-03 6.444172531286682798e-03 6.444174541148933386e-03 6.444173340879940683e-03 6.444172520376755323e-03 6.444173414510451225e-03 6.444172191299011969e-03 6.444173985989762148e-03 6.444173300420292030e-03 6.444171843678164931e-03 6.444172311155486541e-03 6.444173301913644347e-03 6.444173573959357561e-03 6.444172190953161884e-03 6.444171833323271772e-03 6.444173778524018778e-03 6.444172697542843546e-03 6.444173865219817755e-03 6.444172786533365095e-03 6.444172827769243522e-03 6.444172844281868991e-03 6.444172462178500947e-03 6.444173281992135460e-03 6.444171921353630816e-03 6.444172465900948645e-03 6.444172676409534901e-03 6.444173128502274014e-03 6.444173179031263861e-03 6.444173757904646249e-03 6.444173358093416119e-03 6.444172658909816213e-03 6.444172469430888874e-03 6.444174471070678555e-03 6.444173686892344308e-03 6.441773394179690221e-03 6.444171217711788975e-03 6.444171726227369314e-03 6.444171092334975010e-03 6.444172848242947851e-03 6.444172379081083979e-03 6.444172313990080211e-03 6.444171962719281305e-03 6.444175018151421241e-03 6.444172205498455673e-03 6.444172145015565276e-03 6.444174347637750613e-03 6.444172745870482312e-03 6.444174938477956367e-03 6.444172120838573270e-03 6.444170850885034239e-03 6.444173293195930297e-03 6.444173360693877632e-03 6.444173090689787366e-03 6.444171182861972366e-03 6.444172328740773933e-03
