0.000000000000000000e+00 8.734460867349438246e-03 9.692751946876739660e-03 1.028761277854443705e-02 9.434114238508191017e-03 9.908818795053557504e-03 8.056561245647240674e-03 9.461043182672044735e-03 9.758371333367371961e-03 1.003969643819498277e-02 9.283306953439846021e-03 1.248847165689800573e-02 1.059415436629237983e-02 1.060670921486021184e-02 9.551233499952349604e-03 1.150241166962666893e-02 1.109143005245828879e-02 1.008502076364049642e-02 1.209851591020584712e-02 1.123868928744587749e-02 1.072468879455909692e-02 1.217027369996032289e-02 9.897585472395555375e-03 1.001206505866026122e-02 1.017218035693837758e-02 1.179161663562381182e-02 1.133519713051807029e-02 1.038602343167237783e-02 1.282533923180504028e-02 9.367678922314104373e-03 1.110932038345875499e-02 1.312553753951374233e-02 1.277742413080101315e-02 1.359439599103679473e-02 1.324508913826645019e-02 1.160302911236045162e-02 1.371757028359552565e-02 1.390335057972485328e-02 1.437451058038343235e-02 1.443436621804813219e-02 1.443322076958738001e-02 1.419244193414848608e-02 1.202028209151425817e-02 1.469405495746401759e-02 1.293199960609419177e-02 1.439860313431976652e-02 1.443641632478885779e-02 1.518090055625760312e-02 1.384430669062862440e-02 1.373168653018642937e-02 1.285123445791022841e-02 1.831087742964319573e-02 1.394444679828050516e-02 1.720568229567426971e-02 1.844588764768329697e-02 1.859558016758056792e-02 1.299308080427678119e-02 1.701241189776329585e-02 1.735481231385424886e-02 1.614665624189619286e-02 1.459558299495723049e-02 1.532715642314247742e-02 1.634394516886403248e-02 1.715256698277422762e-02 1.462433035851800657e-02 1.595689433700419116e-02 1.446044927720292750e-02 1.523747481708034694e-02 1.611986075779682850e-02 1.607568568290007258e-02 1.463512895521677966e-02 1.839602243453761915e-02 1.744833984335612126e-02 1.846161014233151099e-02 1.393819838070295240e-02 1.722239044598641161e-02 1.629114904131948732e-02 1.717399686943031981e-02 1.551059680194414279e-02 1.895322093692972804e-02 1.628598293699707461e-02 1.634064863019243571e-02 1.621158683583586932e-02 1.742945717963945498e-02 1.870550768339484041e-02 1.874140709474070299e-02 1.590214587702028226e-02 1.627921875713612965e-02 1.885113923701936187e-02 1.607911022372678425e-02 1.883390899568852112e-02 1.730149661484887968e-02 1.602697640337075527e-02 1.728636489389819356e-02 1.733184436568181719e-02 1.736116672809504338e-02 1.574409499002105833e-02 1.879730718806991302e-02 1.644971497602476171e-02 1.528465948484314559e-02 1.721217412206202044e-02 1.723711362177425890e-02 1.848808589876714537e-02 1.741495849130122314e-02 1.910889620194864205e-02 1.737342895797872391e-02 1.761499676851998111e-02 1.746087984696617634e-02 1.844579606394605026e-02 1.646360500020320819e-02 1.896918232178018693e-02 1.722887735008287249e-02 1.846641423057909445e-02 1.917215312320040901e-02 1.745531284137797137e-02 1.895935843303174842e-02 1.841936085589901753e-02 1.889624018535411565e-02 1.899697598887740285e-02 1.915850445132402657e-02 1.648952334175091475e-02 1.844579833839792016e-02 1.902316883035063896e-02 1.836198494199318618e-02 1.734977200113481735e-02 1.853625996781273558e-02 1.890693181840263914e-02 1.916099931737128351e-02
8.734460867349438246e-03 0.000000000000000000e+00 9.155285936296065838e-03 9.746681603351636108e-03 8.843355508610390575e-03 9.331488905473117254e-03 7.384454877307261925e-03 8.863809421616634238e-03 9.212236338823821813e-03 9.516046665052017156e-03 8.702459989269972426e-03 1.209178917725235551e-02 1.011413589076277583e-02 1.018910975221543579e-02 8.984321191021852823e-03 1.104815293536707578e-02 1.054457849534954673e-02 9.594951854537675864e-03 1.177206360034677331e-02 1.078621594710734745e-02 1.025551686410028883e-02 1.181954389722147079e-02 9.319759173499610888e-03 9.408883454969855023e-03 9.599234767372509178e-03 1.127814460507546405e-02 1.086853568615157341e-02 9.862773403836042757e-03 1.242303517489567154e-02 8.747360943494923713e-03 1.064795163126518000e-02 1.272681982629973209e-02 1.235625596468309211e-02 1.323036686822059126e-02 1.273911610574513312e-02 1.123891623084831946e-02 1.334508518283144402e-02 1.352412437027778781e-02 1.391259167081568271e-02 1.407181049908192740e-02 1.407774029718384529e-02 1.394735852630474802e-02 1.150289949746679218e-02 1.433194299677074089e-02 1.253261231563046127e-02 1.417579913542573594e-02 1.395447790036611485e-02 1.470355789860050208e-02 1.345974399711038876e-02 1.325984250242192089e-02 1.234849684635799111e-02 1.780378023622000705e-02 1.357500730138677843e-02 1.670745235800222966e-02 1.794004019929167429e-02 1.829042710975273614e-02 1.259548993457953320e-02 1.651900350735775388e-02 1.686077844482700150e-02 1.582012976154492656e-02 1.424335310816813617e-02 1.496990580326322366e-02 1.599917915736946694e-02 1.683235815254786188e-02 1.428814228161275762e-02 1.579226734322299042e-02 1.423870792662461880e-02 1.489800645166760446e-02 1.579752493603288691e-02 1.558899335228153098e-02 1.427983175182325273e-02 1.808733600234171610e-02 1.711936596914798853e-02 1.794769915247119638e-02 1.357053173827852365e-02 1.710320266254676189e-02 1.596423997219819854e-02 1.685304656094237241e-02 1.516947972853374335e-02 1.864838786553535757e-02 1.596672020770379535e-02 1.600316941479262497e-02 1.590496828898913667e-02 1.712086741595840803e-02 1.840150882195558044e-02 1.844699489364440975e-02 1.572327844091081853e-02 1.594585127563102542e-02 1.855175695673901004e-02 1.592411143655325656e-02 1.831788951421064321e-02 1.698135573383494773e-02 1.572046739187961048e-02 1.696236177090051922e-02 1.701292402044243118e-02 1.688035651954476052e-02 1.541131140162235562e-02 1.847926701536975469e-02 1.612776722509087421e-02 1.510086620015074765e-02 1.709489798925244511e-02 1.675031062291950854e-02 1.841998608769562784e-02 1.709615099886938050e-02 1.881887182197175545e-02 1.705373395360538710e-02 1.729210833036302214e-02 1.713246070607519697e-02 1.794102567757014516e-02 1.612546380531966472e-02 1.866827577744704578e-02 1.710371254364711005e-02 1.815977073402682065e-02 1.888924045443806168e-02 1.697503106309405929e-02 1.864889377788404856e-02 1.835122899938466598e-02 1.858571706042187743e-02 1.869605504779136423e-02 1.886465068682937132e-02 1.617229061277642571e-02 1.837091598414250515e-02 1.872131867009734982e-02 1.829406016043935018e-02 1.685485338906655625e-02 1.822864184918847330e-02 1.884174572905518430e-02 1.886081427151873463e-02
9.692751946876739660e-03 9.155285936296065838e-03 0.000000000000000000e+00 1.061592482348147452e-02 9.821469183591696739e-03 1.026835814912128476e-02 8.545464429898499623e-03 9.827367383636325879e-03 1.011365661727309587e-02 1.045025424147011384e-02 9.659266605340886477e-03 1.288424644723382834e-02 1.086540309023254804e-02 1.092275540794647101e-02 9.885272881647668569e-03 1.180474571047650072e-02 1.140600222511683332e-02 1.045715745283057850e-02 1.249188812645176533e-02 1.148740837354834607e-02 1.106960292392098963e-02 1.255725764483706791e-02 1.026692945952458781e-02 1.037885035793077726e-02 1.046185564380060912e-02 1.210237800332274703e-02 1.155776429926338653e-02 1.074928871300069415e-02 1.310371003528354970e-02 9.775320154617132135e-03 1.136045484683972234e-02 1.327099927660632672e-02 1.305202956133103172e-02 1.383683780524068777e-02 1.351194530299078440e-02 1.198429868739479646e-02 1.385145920658348642e-02 1.404824282551646493e-02 1.449788835881584206e-02 1.453972932652996576e-02 1.467963518835935927e-02 1.456831902973106281e-02 1.231165317966486858e-02 1.480061854606768389e-02 1.320670926894446616e-02 1.478515105719855477e-02 1.470433071062944921e-02 1.542645300391663928e-02 1.409833886206919573e-02 1.385994475775739927e-02 1.312113226047554627e-02 1.852161481304450893e-02 1.420503826478252025e-02 1.742257924512643705e-02 1.866063173863137872e-02 1.881291212942190483e-02 1.325753903214013478e-02 1.723884877198335677e-02 1.757941638030612735e-02 1.638758490019413122e-02 1.485270219168485263e-02 1.540750891723421598e-02 1.657070863288043552e-02 1.737417566397184837e-02 1.489889398807432361e-02 1.636292294598531288e-02 1.484768562485443318e-02 1.549554553688591886e-02 1.635953101474773783e-02 1.630855490453718415e-02 1.489084190605347718e-02 1.860688622474665488e-02 1.765460509173636186e-02 1.867585660945225018e-02 1.420777734003892713e-02 1.762630879406678827e-02 1.652540974895836887e-02 1.739597686857494857e-02 1.574599568675141836e-02 1.917099024755680378e-02 1.653026977341933920e-02 1.656534180976551932e-02 1.662973038265520148e-02 1.766215136761048812e-02 1.891885393372093327e-02 1.896348749410042833e-02 1.630186667554076388e-02 1.649313954708886767e-02 1.906901711211850606e-02 1.647045881116710950e-02 1.904287465251332592e-02 1.752179986629632744e-02 1.643525764658211250e-02 1.750719528760378077e-02 1.755566409797414476e-02 1.738234426955439366e-02 1.600088577648495561e-02 1.899113191667994860e-02 1.667844397446467675e-02 1.568911685308984130e-02 1.763241660361665811e-02 1.746625963517456012e-02 1.894898006689503880e-02 1.763250770451056312e-02 1.906599517826896434e-02 1.759259801430216111e-02 1.783492686113969175e-02 1.768344996844189651e-02 1.866838664855387936e-02 1.668934746487796966e-02 1.918253577059442216e-02 1.743147684309749590e-02 1.867628644387710202e-02 1.940143828044326932e-02 1.769091805723580976e-02 1.917254755098611249e-02 1.886948571229508584e-02 1.909866919963486634e-02 1.920230532635800944e-02 1.936506732787337398e-02 1.672785265533175553e-02 1.888852189297248602e-02 1.923173594913936413e-02 1.856234039446442302e-02 1.757521082642618873e-02 1.874789032678515072e-02 1.936048947764537620e-02 1.937035165467770187e-02
1.028761277854443705e-02 9.746681603351636108e-03 1.061592482348147452e-02 0.000000000000000000e+00 1.036439748046362463e-02 1.079839723306563921e-02 9.188927655089501254e-03 1.037805327728229081e-02 1.070159012529449220e-02 1.096474122716601871e-02 1.025693891596023317e-02 1.316114983705834671e-02 1.140127976256113777e-02 1.141544725389222366e-02 1.049555325723061650e-02 1.213704410578831001e-02 1.177770438739384092e-02 1.098770371644809674e-02 1.290423895669720079e-02 1.200442521998564514e-02 1.151676478849873210e-02 1.296226765673540691e-02 1.072483513749154793e-02 1.089733100748181346e-02 1.101621302836331383e-02 1.242189817752152418e-02 1.208903917423286359e-02 1.114872145397170430e-02 1.347248934823752110e-02 1.032675553447802257e-02 1.189581625869920445e-02 1.376302268693746500e-02 1.343687297367091894e-02 1.433873861056924118e-02 1.388373586195893773e-02 1.231216182761311895e-02 1.420622172838422251e-02 1.453694616415382966e-02 1.483408409978564067e-02 1.503376447251372067e-02 1.503572716261557078e-02 1.492320378929636385e-02 1.273243380533325628e-02 1.528923627651828689e-02 1.348399472654660154e-02 1.512507187103137932e-02 1.504944240083507315e-02 1.575950316772512308e-02 1.446050999751275455e-02 1.436854975990088136e-02 1.351323302956197389e-02 1.855389320576889683e-02 1.455681740824794207e-02 1.773266885205009719e-02 1.894987158896027646e-02 1.909854751517939611e-02 1.353551991070211027e-02 1.754257566053060019e-02 1.788151035297506214e-02 1.670561323255281144e-02 1.519686868621456834e-02 1.590618701423537895e-02 1.688962743775860101e-02 1.744900961476388707e-02 1.524499823662954327e-02 1.668185438924315103e-02 1.519704013924642536e-02 1.583121766727779711e-02 1.667783699761126934e-02 1.662120211602434450e-02 1.522515011918308681e-02 1.889864563610632250e-02 1.796967373058091719e-02 1.895825140697646183e-02 1.456074509149455493e-02 1.793951154255322283e-02 1.684194497437413104e-02 1.746957777456192504e-02 1.608158274678354524e-02 1.945048166525179673e-02 1.663879982188063919e-02 1.688374640372188387e-02 1.694659324049497748e-02 1.795933201688868636e-02 1.920292161351964261e-02 1.924607207789390262e-02 1.662148541132713042e-02 1.682815493421259412e-02 1.934511451589405670e-02 1.679964275923804401e-02 1.933942530715189803e-02 1.782269831272458721e-02 1.675177649486916248e-02 1.757826337512306478e-02 1.786258939565554815e-02 1.766044024767279841e-02 1.632229717294031435e-02 1.928290274934502807e-02 1.700043767546895873e-02 1.601679864105220313e-02 1.793400872855933220e-02 1.776300310181004594e-02 1.923416377580017614e-02 1.793269971358832024e-02 1.960662562157699379e-02 1.789573817106566989e-02 1.813190644227295756e-02 1.798328288641985045e-02 1.895426898432251567e-02 1.698524976476599099e-02 1.944784872830842767e-02 1.795069233355661015e-02 1.896931255362113711e-02 1.967841595760681100e-02 1.799102683137863284e-02 1.945073448117166925e-02 1.915578200692956423e-02 1.939033073470501981e-02 1.947280593330764573e-02 1.965023628396874583e-02 1.683264068209728084e-02 1.916493422719894868e-02 1.951741074703705267e-02 1.909712432677415292e-02 1.787664223830539786e-02 1.903807412597177326e-02 1.963383589363518547e-02 1.965459008202087229e-02
9.434114238508191017e-03 8.843355508610390575e-03 9.821469183591696739e-03 1.036439748046362463e-02 0.000000000000000000e+00 1.001009566831809368e-02 8.211307957944296090e-03 9.534807740352044605e-03 9.859857751842573959e-03 1.013642002611828651e-02 9.381768365705795906e-03 1.258667983593212032e-02 1.062597319978525988e-02 1.077683417926653293e-02 9.606310040405276196e-03 1.150259698841218925e-02 1.109417805531818721e-02 1.021062645132808817e-02 1.219513896580417915e-02 1.133201642819110268e-02 1.075481377286761735e-02 1.223393173548462803e-02 1.000494803073567231e-02 1.009702961922813620e-02 1.027323027827765738e-02 1.188293290599013591e-02 1.142229033205835464e-02 1.051029085275913266e-02 1.290514294793771236e-02 9.505059385849267198e-03 1.120216227054667349e-02 1.320211370595119650e-02 1.284386555156123710e-02 1.378956836127603371e-02 1.333127942258282954e-02 1.177957997866367970e-02 1.380476891572697540e-02 1.387437793247934745e-02 1.446837212469271466e-02 1.450668011818697506e-02 1.450713121465666521e-02 1.439489417794773997e-02 1.209465972202146411e-02 1.478306226313557369e-02 1.301735321112377185e-02 1.462730311586798483e-02 1.453196119494659135e-02 1.510484829830160969e-02 1.380277878336652955e-02 1.368404178765555979e-02 1.292995427447152929e-02 1.815175267394473699e-02 1.389254836127511335e-02 1.727738657217545853e-02 1.851531077251658899e-02 1.866061785926588501e-02 1.297581442911224445e-02 1.708326054680719616e-02 1.742638822665392578e-02 1.623609207575385863e-02 1.468389059799829303e-02 1.540826293728156902e-02 1.639857343489728447e-02 1.721932784997703622e-02 1.458870355227016510e-02 1.620643253399666611e-02 1.468367030614921472e-02 1.517595884172198532e-02 1.620388027558991237e-02 1.613940418530224186e-02 1.471167964422283314e-02 1.846620977075207407e-02 1.751637803266726384e-02 1.853160247616433484e-02 1.402946306886046837e-02 1.749055859719125805e-02 1.636986895931278815e-02 1.724598943762004760e-02 1.542933997731604952e-02 1.901807397213383169e-02 1.637263880902026236e-02 1.640694040817544316e-02 1.647338000028344268e-02 1.750357340067810324e-02 1.853502604414540567e-02 1.881430904736221613e-02 1.596729942650250769e-02 1.635549333625162943e-02 1.892813142531049597e-02 1.633291773799365465e-02 1.890724149537283127e-02 1.736261048344646396e-02 1.627941003245002294e-02 1.735673204496534713e-02 1.740742049920039267e-02 1.744768057769395878e-02 1.583821030038790739e-02 1.886710196711150617e-02 1.653293557337104022e-02 1.552738231430811008e-02 1.748031318662233990e-02 1.731392544858533639e-02 1.880425790656327367e-02 1.748809446447986346e-02 1.918584166321065862e-02 1.744587605097077179e-02 1.747590999819150295e-02 1.752695855259467014e-02 1.851295799959905286e-02 1.653765745605573906e-02 1.903282246842206982e-02 1.749640601612838589e-02 1.853620855908128320e-02 1.924815587962157293e-02 1.753700691292726238e-02 1.901664821139533584e-02 1.871506953977974258e-02 1.895989491486763448e-02 1.906152235911751439e-02 1.922919923060828484e-02 1.657120523356144307e-02 1.874788758724154486e-02 1.909238273620554593e-02 1.866951735185414657e-02 1.742308229761268742e-02 1.860427074581769147e-02 1.921606573233353155e-02 1.923999710433132657e-02
9.908818795053557504e-03 9.331488905473117254e-03 1.026835814912128476e-02 1.079839723306563921e-02 1.001009566831809368e-02 0.000000000000000000e+00 8.731178567741993204e-03 1.006428943815485845e-02 1.028578380393533991e-02 1.063224497351237044e-02 9.883072375779190441e-03 1.299605127968800691e-02 1.100774014990374937e-02 1.108960681946752347e-02 1.005443549874448540e-02 1.185645039889716285e-02 1.155430879433034380e-02 1.056488107883560464e-02 1.261263549972234041e-02 1.162029979770353751e-02 1.122676707968150479e-02 1.268920495585406857e-02 1.037451362866376355e-02 1.051009257006124166e-02 1.063302208625114924e-02 1.223275855403583960e-02 1.180220855336290044e-02 1.088938213159547017e-02 1.323053066250692508e-02 9.900980804726384685e-03 1.157928277433453203e-02 1.351880529079699245e-02 1.317719424767985550e-02 1.409019033192407920e-02 1.350327563297505466e-02 1.213252858787887065e-02 1.409590556854787430e-02 1.429530092795025693e-02 1.474747691407759208e-02 1.478328038150354337e-02 1.464157238786298332e-02 1.453727594795228145e-02 1.243060313168831317e-02 1.505174113376149536e-02 1.331911369561853201e-02 1.490014739641423898e-02 1.464616171207305285e-02 1.553230767030655372e-02 1.421280710728898070e-02 1.411912769586096648e-02 1.324951503286766336e-02 1.861621926219792986e-02 1.432393559842975138e-02 1.750735742487655872e-02 1.875570961081922394e-02 1.890537344899964611e-02 1.339812767113080470e-02 1.733566539090555456e-02 1.767131260237979340e-02 1.629913260816887033e-02 1.496589709105148464e-02 1.568076051232046575e-02 1.667421795475959589e-02 1.747002004588218277e-02 1.501467291424010871e-02 1.645521180603222444e-02 1.496396868903431855e-02 1.560404348748176476e-02 1.646562336813591626e-02 1.622291665241277353e-02 1.499484719156644885e-02 1.870148086074018695e-02 1.754119339962188426e-02 1.851176899796710615e-02 1.431622447426302881e-02 1.773589807859428033e-02 1.642008635313907047e-02 1.749433069020631462e-02 1.585415456504405893e-02 1.926151611491827911e-02 1.663144423540156847e-02 1.666192260580514825e-02 1.673498488916229723e-02 1.775473962194084807e-02 1.901186320058560406e-02 1.905295127926812798e-02 1.640360033258754166e-02 1.661008389966413951e-02 1.915957756860269673e-02 1.659050820176240920e-02 1.914201423470883803e-02 1.761810231907590812e-02 1.653694347399333603e-02 1.759979597942007770e-02 1.764911483103413087e-02 1.769349815300434725e-02 1.609371968771979716e-02 1.910042561384285228e-02 1.658298190853227383e-02 1.579037073616493606e-02 1.773014877771598302e-02 1.756163671695852579e-02 1.903432574061156984e-02 1.773196227388466537e-02 1.940754333550374910e-02 1.769012711930528781e-02 1.791810828787080562e-02 1.777873126367341891e-02 1.876133286338825187e-02 1.679378008056060800e-02 1.927230809213177631e-02 1.773363233182972259e-02 1.852343133158590449e-02 1.948990891273640405e-02 1.779094457606941737e-02 1.926267366033992956e-02 1.895974115751597466e-02 1.918436033858446702e-02 1.929917265164752746e-02 1.946500505869612138e-02 1.683068248152977744e-02 1.898255093419429565e-02 1.932413640292010570e-02 1.890446575438990001e-02 1.744597734161831490e-02 1.884145297957246987e-02 1.945490469038345382e-02 1.944937595828380439e-02
8.056561245647240674e-03 7.384454877307261925e-03 8.545464429898499623e-03 9.188927655089501254e-03 8.211307957944296090e-03 8.731178567741993204e-03 0.000000000000000000e+00 8.298756602248118577e-03 8.660044393040276095e-03 8.984219578147364937e-03 8.076313805128279913e-03 1.167026197713391319e-02 9.528564897122390048e-03 9.635614519239634607e-03 8.348456604017704535e-03 1.051920418202101706e-02 1.006935902811637203e-02 9.002792677091239759e-03 1.132972906426086071e-02 1.025178120020475009e-02 9.727300158833681806e-03 1.133551698463364406e-02 8.733943661959628693e-03 8.882278196285207233e-03 9.064924526905689464e-03 1.084303996476869598e-02 1.034691375394320573e-02 9.331022225800381445e-03 1.198486243412876656e-02 8.197024734261416229e-03 1.015220107944237414e-02 1.230360910408272689e-02 1.186169664746549411e-02 1.292430911288706789e-02 1.236540143214132255e-02 1.077033228295621974e-02 1.284561844324206246e-02 1.314115937783288598e-02 1.363970408419236564e-02 1.367429025685996079e-02 1.358149511886503659e-02 1.356548751963666116e-02 1.112542182428919758e-02 1.395802907316180327e-02 1.212562861064465404e-02 1.378712705804510143e-02 1.359286024337058411e-02 1.445603681481442797e-02 1.297852275584739611e-02 1.296139570105715039e-02 1.201757234269997497e-02 1.766483783707060648e-02 1.317507136548273609e-02 1.653657037497783047e-02 1.780274633944203128e-02 1.796227033788562466e-02 1.218439039948286673e-02 1.619794236750466201e-02 1.669445949180506719e-02 1.545934783279511934e-02 1.385197491587984199e-02 1.450121787988389865e-02 1.565091588372808512e-02 1.648336850797516365e-02 1.390196186719490530e-02 1.529873021929312703e-02 1.385676533246486819e-02 1.452315003151249083e-02 1.530731545731983494e-02 1.537826707952569087e-02 1.379812973439705284e-02 1.758337433313012996e-02 1.678418431161862734e-02 1.781743338152290065e-02 1.317479443693002350e-02 1.675630361167304919e-02 1.547215175270280109e-02 1.650694877333206204e-02 1.479174072136158272e-02 1.832980129656924112e-02 1.560796281393876314e-02 1.565116230107685760e-02 1.570655477599279190e-02 1.677884571010743522e-02 1.807088715863959180e-02 1.793266072882931939e-02 1.524621384772021498e-02 1.559256255906786744e-02 1.822129049953328736e-02 1.556993678781483197e-02 1.820320812891306275e-02 1.663737885013380491e-02 1.550020717485111124e-02 1.661444536135497571e-02 1.652327965392121414e-02 1.671185201783573562e-02 1.506082437960424777e-02 1.815929178356310084e-02 1.575773038200871737e-02 1.472434183529051227e-02 1.674527229944665352e-02 1.657845780484148643e-02 1.791904927949457965e-02 1.675387001413280660e-02 1.849181972006406355e-02 1.670982888299920796e-02 1.695250101890735661e-02 1.680157894052849987e-02 1.780668824853669924e-02 1.577375752070449971e-02 1.834276937446443698e-02 1.676440158982169318e-02 1.765419488260419265e-02 1.855622218577800825e-02 1.681047616303317851e-02 1.833169000631501913e-02 1.784335289983085202e-02 1.826208513987551130e-02 1.836919613814334482e-02 1.853518170604461293e-02 1.581580434246755706e-02 1.804621708815996178e-02 1.839627865782229518e-02 1.796160584993079096e-02 1.668689583456572229e-02 1.789876215465645293e-02 1.852581639935331481e-02 1.853989835900234431e-02
9.461043182672044735e-03 8.863809421616634238e-03 9.827367383636325879e-03 1.037805327728229081e-02 9.534807740352044605e-03 1.006428943815485845e-02 8.298756602248118577e-03 0.000000000000000000e+00 1.000142894535070021e-02 1.018386769247230615e-02 9.448527555850452439e-03 1.263240917201007701e-02 1.068896763430834951e-02 1.076596427776613067e-02 9.733279329188593981e-03 1.155558626796913263e-02 1.121806357414564803e-02 1.027387422374464489e-02 1.233871435930499437e-02 1.140474459348995648e-02 1.089095219010476068e-02 1.239549077446553717e-02 1.007360084177193367e-02 1.008280549412650384e-02 1.032228378106956994e-02 1.183698442047387278e-02 1.149122963656390786e-02 1.056774952358878646e-02 1.295716808230527005e-02 9.523187277818917842e-03 1.119276294327762114e-02 1.325514093067740699e-02 1.289746010856628045e-02 1.371124917034990086e-02 1.337837936484752646e-02 1.183301019637616851e-02 1.384692479145649240e-02 1.404536248863903249e-02 1.451266859778178354e-02 1.441571605902070355e-02 1.455053349370919943e-02 1.444266197894849245e-02 1.215261773245445223e-02 1.482542636842035938e-02 1.307214203466522395e-02 1.466866416489434610e-02 1.457485676784392968e-02 1.514650584974830232e-02 1.396847505463697132e-02 1.386182889806229258e-02 1.285089925560557907e-02 1.841588830638413513e-02 1.407315290020023923e-02 1.731630419338929527e-02 1.855425973934365577e-02 1.870080197261740976e-02 1.313370778861951312e-02 1.712389034610859936e-02 1.746196733835671255e-02 1.627553438614558895e-02 1.471973707324221274e-02 1.543133747521275960e-02 1.645721893622083265e-02 1.725951547439189340e-02 1.462787620754226262e-02 1.624599676494791964e-02 1.472523302651773322e-02 1.537341151772500351e-02 1.624557156327358781e-02 1.600112818022752723e-02 1.476110798194253497e-02 1.850182099835703461e-02 1.755709415697618778e-02 1.856610464136732724e-02 1.407517895988497254e-02 1.753007890028620425e-02 1.640945569704266652e-02 1.728086883054390233e-02 1.562679537716176945e-02 1.905772217411121419e-02 1.641327868488124536e-02 1.644561554439742321e-02 1.651509232924544546e-02 1.754664105039925939e-02 1.880960776608140220e-02 1.885715148718329973e-02 1.617056820852496787e-02 1.639154204193917289e-02 1.896182748467673679e-02 1.637195931861949033e-02 1.894673418961253034e-02 1.740014562509587318e-02 1.631638752807914802e-02 1.739349223675796738e-02 1.744656042505670149e-02 1.746850293931604195e-02 1.588222293129018525e-02 1.865403919354391427e-02 1.657170089628776793e-02 1.557060040957309287e-02 1.751353625436420647e-02 1.735224912521320106e-02 1.884157521453218992e-02 1.752286186811161106e-02 1.922233856521060255e-02 1.748367564324518342e-02 1.750355026342504533e-02 1.756611708644157874e-02 1.832212299067392108e-02 1.657203707877600088e-02 1.907574785102194095e-02 1.753646749102078309e-02 1.856711891629090130e-02 1.929556466865019193e-02 1.758097136957248105e-02 1.905561294748114171e-02 1.875660776686982265e-02 1.899609520429296899e-02 1.910373768952645934e-02 1.925964672898507896e-02 1.661467158289695739e-02 1.878522524415989284e-02 1.912515656733409022e-02 1.870527954274954149e-02 1.746300587596466905e-02 1.863828913021505634e-02 1.925584464514977501e-02 1.927649726150731241e-02
9.758371333367371961e-03 9.212236338823821813e-03 1.011365661727309587e-02 1.070159012529449220e-02 9.859857751842573959e-03 1.028578380393533991e-02 8.660044393040276095e-03 1.000142894535070021e-02 0.000000000000000000e+00 1.049407925508157903e-02 9.785104038816778982e-03 1.292786440597234326e-02 1.101064981357190165e-02 1.110271941957876977e-02 1.003322797317017859e-02 1.186808922318183072e-02 1.149677774159443833e-02 1.057478457007417043e-02 1.246417096736049043e-02 1.163212526590539329e-02 1.114036087122282845e-02 1.262770342713299097e-02 1.037654381827113510e-02 1.048345469229360061e-02 1.062930823467710464e-02 1.218091233249796526e-02 1.170972054502194930e-02 1.083984060080779403e-02 1.317169593512368050e-02 9.847920016882897448e-03 1.143360903085078109e-02 1.333690244139416718e-02 1.312194012708964991e-02 1.402588016804040723e-02 1.358361579616152413e-02 1.207592451991805656e-02 1.404527958931182235e-02 1.424062212315801469e-02 1.469056889289878723e-02 1.472788102823780441e-02 1.473925662974362970e-02 1.463113790778155371e-02 1.236068488875142514e-02 1.498292474659278402e-02 1.327450912060071896e-02 1.485480487515125972e-02 1.474203606373333635e-02 1.547933158880136773e-02 1.416791915288752486e-02 1.391965994064938046e-02 1.319734869420827184e-02 1.832642740456658439e-02 1.424874158331670103e-02 1.726340858678495835e-02 1.870722857755796956e-02 1.885346910959254108e-02 1.322556604576171496e-02 1.707118978619470359e-02 1.762564461527714454e-02 1.625811354667472050e-02 1.491091863656495396e-02 1.562921832384184598e-02 1.642101817476716505e-02 1.719819254327538752e-02 1.494801566834393428e-02 1.640815246133849395e-02 1.491260588034170990e-02 1.554951085480375805e-02 1.641245003206259767e-02 1.635868833886032145e-02 1.495098564448664805e-02 1.865222784196786734e-02 1.770504104321574124e-02 1.871818175777204690e-02 1.426878609133247836e-02 1.768549166880894336e-02 1.656095380732043945e-02 1.744365899971138389e-02 1.580359129880656854e-02 1.920942072467774972e-02 1.656607210172426209e-02 1.662180241719045035e-02 1.668324573842980274e-02 1.770793396278657131e-02 1.895282725834041698e-02 1.900761238496248562e-02 1.635251235348008161e-02 1.637620190022870056e-02 1.911468878225696180e-02 1.634339185973231884e-02 1.909821627247185183e-02 1.756318670264993276e-02 1.648400039209460891e-02 1.755619308775380194e-02 1.760709444555170686e-02 1.763469876085001914e-02 1.605105936624197718e-02 1.905472091753096509e-02 1.673632277653900810e-02 1.573849030784431682e-02 1.767986577685759508e-02 1.751108949927439318e-02 1.899131695333374989e-02 1.768294802162263465e-02 1.936000561013329416e-02 1.764357418902977662e-02 1.788092612548646335e-02 1.773098537681503870e-02 1.871185677720939994e-02 1.674471359062234058e-02 1.922226781122493913e-02 1.767488138148054500e-02 1.847780387811942884e-02 1.944492369087392689e-02 1.774250496711575475e-02 1.921266710007332040e-02 1.891273632019611906e-02 1.915130789003660280e-02 1.898070139878586804e-02 1.940991383322299493e-02 1.676235218831274854e-02 1.893317235712553906e-02 1.928096312486706279e-02 1.859660706109099795e-02 1.760271738851363135e-02 1.879296921908348017e-02 1.940672527081144585e-02 1.915775851098811336e-02
1.003969643819498277e-02 9.516046665052017156e-03 1.045025424147011384e-02 1.096474122716601871e-02 1.013642002611828651e-02 1.063224497351237044e-02 8.984219578147364937e-03 1.018386769247230615e-02 1.049407925508157903e-02 0.000000000000000000e+00 1.001660507768208259e-02 1.314876131870413439e-02 1.125911652002793868e-02 1.133734229313253239e-02 1.032229218838973811e-02 1.208832953249697369e-02 1.169825412388969879e-02 1.081267740415723863e-02 1.274227772899876390e-02 1.187639579261977676e-02 1.131292480614867410e-02 1.270970858503187549e-02 1.062922936387108996e-02 1.071696622888348993e-02 1.084387166551662417e-02 1.237801475375614225e-02 1.195071350413938471e-02 1.099699678679634529e-02 1.324275493232327829e-02 1.015300171534338526e-02 1.174972560324975476e-02 1.352341836226022415e-02 1.331343687315150563e-02 1.421470689405452369e-02 1.375058834210428522e-02 1.226676922856680119e-02 1.422030713366882922e-02 1.441768587119552844e-02 1.487181174553552435e-02 1.491553424588689877e-02 1.492162451947945910e-02 1.480608343471676892e-02 1.257278656300097643e-02 1.517873682384194255e-02 1.348111446359249663e-02 1.501519328505357236e-02 1.493367319172306945e-02 1.545405750021639629e-02 1.434705008040299684e-02 1.422944022365456133e-02 1.336546112955896287e-02 1.871383450743628607e-02 1.442525478491959133e-02 1.762733241703444767e-02 1.884572802296084759e-02 1.873538612808417492e-02 1.349312114010692808e-02 1.743911665278124329e-02 1.776223032335912805e-02 1.660204531977248210e-02 1.492579118142012100e-02 1.579346787531163421e-02 1.677926646997537560e-02 1.757300043991848887e-02 1.512905146738214961e-02 1.657384495067974056e-02 1.505519303684001685e-02 1.571777145282540061e-02 1.637880894332074261e-02 1.651650633834428339e-02 1.510382170020163617e-02 1.879016673271963200e-02 1.786682831453416734e-02 1.886205444036542431e-02 1.442818809599160333e-02 1.783355582064764799e-02 1.673368372093197651e-02 1.759114118325258783e-02 1.595937468136877924e-02 1.907540207435317811e-02 1.673556449294830509e-02 1.677684243019281207e-02 1.683929494317356126e-02 1.762929577841945705e-02 1.910371531332460612e-02 1.914665757416457101e-02 1.649683079838663163e-02 1.672199097965031481e-02 1.925587208264490507e-02 1.670138340125870702e-02 1.923940255562990934e-02 1.772098134504140887e-02 1.664175974041847555e-02 1.748199121671614731e-02 1.775887998518697539e-02 1.779387442493628180e-02 1.620406942381778098e-02 1.919599122666071009e-02 1.688208130733717324e-02 1.590585903245250732e-02 1.782389706008480693e-02 1.766343868464666234e-02 1.913295190232324611e-02 1.783158831389340671e-02 1.951477863537429136e-02 1.778710247231227864e-02 1.801363659463480621e-02 1.787931104242772642e-02 1.859723712519972469e-02 1.688256702887509439e-02 1.936134078528530325e-02 1.761783424059211109e-02 1.887231587145150533e-02 1.958503416646575207e-02 1.788860654073435794e-02 1.908581833781382645e-02 1.905611535683524385e-02 1.928654478260830724e-02 1.939277582731479405e-02 1.955810573240657213e-02 1.692797949208688785e-02 1.907963591868698863e-02 1.941905670566516223e-02 1.900009390257093034e-02 1.777104628411608003e-02 1.893597987463085594e-02 1.954804925269103960e-02 1.955382993325015251e-02
9.283306953439846021e-03 8.702459989269972426e-03 9.659266605340886477e-03 1.025693891596023317e-02 9.381768365705795906e-03 9.883072375779190441e-03 8.076313805128279913e-03 9.448527555850452439e-03 9.785104038816778982e-03 1.001660507768208259e-02 0.000000000000000000e+00 1.259362974144455360e-02 1.052289181583120938e-02 1.066593458230468902e-02 9.558961797485783507e-03 1.139702337278414648e-02 1.108418070466753343e-02 1.004686984579625068e-02 1.216943605030988002e-02 1.125116224647581056e-02 1.069889856547292205e-02 1.224216603680681331e-02 9.869621279287817128e-03 9.990318634695760994e-03 1.016042667009229260e-02 1.178525566040399333e-02 1.129853635764944790e-02 1.036037081187554838e-02 1.270379084881971890e-02 9.319856924183717028e-03 1.108623058914934116e-02 1.299520830407456529e-02 1.275251694705469875e-02 1.370128995577320034e-02 1.322887148989457251e-02 1.160244534203078680e-02 1.371361432587850544e-02 1.389609869713976861e-02 1.436994773357869355e-02 1.429402657890045149e-02 1.443067268452493529e-02 1.431295775668003228e-02 1.200899416555749333e-02 1.468072221855902700e-02 1.293197623313509410e-02 1.453797422256965406e-02 1.442698525362574695e-02 1.517332789775830380e-02 1.383882242480406581e-02 1.372976883846268974e-02 1.281230134252250678e-02 1.830292985330724334e-02 1.378459941784683333e-02 1.719832733389140347e-02 1.821537106330270439e-02 1.835645605494771321e-02 1.298600505010432012e-02 1.700788190609365744e-02 1.735061357536811857e-02 1.598510780498485495e-02 1.443792381692937145e-02 1.531155512654311206e-02 1.632737002734361426e-02 1.693543275136434947e-02 1.464554948339252816e-02 1.611612118676186353e-02 1.459541206980871295e-02 1.524818884698787153e-02 1.612202960507364349e-02 1.606669913314629633e-02 1.463678240126381133e-02 1.815562695652311181e-02 1.743976112352839045e-02 1.845362464445836001e-02 1.394398766865636088e-02 1.740814622196296124e-02 1.628718113156504832e-02 1.696937213863949565e-02 1.549344040066939591e-02 1.895108958047155359e-02 1.627748394939425997e-02 1.633004869531869824e-02 1.638277472968379875e-02 1.742893475155247313e-02 1.869912509885239549e-02 1.873632744638159889e-02 1.605579195669024767e-02 1.627412703465453206e-02 1.884919457846371063e-02 1.625533752208591781e-02 1.859967669361568821e-02 1.709654195528741150e-02 1.619534870929005901e-02 1.727674411239537092e-02 1.733123017158724744e-02 1.736476927640767318e-02 1.573907292468153946e-02 1.878944871628355356e-02 1.645126808627577278e-02 1.543809031429692336e-02 1.740465383644488120e-02 1.722683102294329804e-02 1.872716509094597692e-02 1.740494086557236447e-02 1.911162607496116883e-02 1.715049954937727245e-02 1.759662790911314598e-02 1.725434217176174609e-02 1.844488926935623774e-02 1.645365061223449596e-02 1.894158546045960831e-02 1.741833563341944890e-02 1.845788094387220205e-02 1.917182981507498801e-02 1.746691486298182147e-02 1.895140519117414699e-02 1.864717925020487402e-02 1.888888552631996440e-02 1.873727985847660482e-02 1.915312192771310984e-02 1.648788058882644583e-02 1.867043303960121137e-02 1.901365720830858544e-02 1.859127039595454001e-02 1.714828759375559147e-02 1.829082494021330718e-02 1.914586083332234234e-02 1.915489051592955683e-02
1.248847165689800573e-02 1.209178917725235551e-02 1.288424644723382834e-02 1.316114983705834671e-02 1.258667983593212032e-02 1.299605127968800691e-02 1.167026197713391319e-02 1.263240917201007701e-02 1.292786440597234326e-02 1.314876131870413439e-02 1.259362974144455360e-02 0.000000000000000000e+00 1.351148900706216315e-02 1.356520024978430904e-02 1.276591181815090598e-02 1.416641395588207411e-02 1.386381642431353672e-02 1.304877677907232206e-02 1.470540894610071828e-02 1.398584811247349617e-02 1.360581268696862967e-02 1.473930751015879552e-02 1.289915843920980652e-02 1.308556072713234174e-02 1.318520849428893305e-02 1.439650054605962071e-02 1.404813489151954253e-02 1.336414167437543696e-02 1.520081664328417313e-02 1.264406409557176231e-02 1.386981458296092373e-02 1.544051588046589131e-02 1.497816738063060052e-02 1.592524359417334459e-02 1.554423241472942946e-02 1.430941788304337242e-02 1.593466317781122230e-02 1.606098454943311743e-02 1.650367329980264447e-02 1.652144797429350859e-02 1.654629353379534484e-02 1.644438309292610770e-02 1.454620500267978650e-02 1.677495528493803956e-02 1.529848319568496463e-02 1.663825692889878485e-02 1.655503256494257266e-02 1.718995062702605853e-02 1.604203734364018433e-02 1.595204634550160400e-02 1.522074869574262419e-02 2.003031807277662335e-02 1.612942693108090214e-02 1.901302910874262328e-02 2.015724187477885634e-02 2.030468270158956867e-02 1.534191173592897028e-02 1.852675455432466547e-02 1.915327073824140899e-02 1.806488779433038788e-02 1.669106845173261647e-02 1.732564998692119607e-02 1.821591542624103124e-02 1.896388212408560772e-02 1.673057528200256119e-02 1.803549754730445626e-02 1.668964033226228230e-02 1.725667525029033617e-02 1.803542487030984978e-02 1.798457855063496230e-02 1.672357556019141850e-02 2.011238906894738734e-02 1.923477620229317384e-02 2.017370192995222508e-02 1.612856274490443928e-02 1.921102319386393947e-02 1.818602765671328142e-02 1.898292476793893985e-02 1.748234378392024210e-02 2.064107066379767402e-02 1.815994171314537498e-02 1.822498227117688024e-02 1.828201606255544856e-02 1.922871081428302251e-02 2.040323921216339459e-02 2.044322428534835895e-02 1.797916967854700648e-02 1.817505673573388894e-02 2.054654364546909875e-02 1.815660786634113594e-02 2.053011990263253067e-02 1.909936598241824754e-02 1.809994777151116216e-02 1.908552807599630738e-02 1.913027917714751197e-02 1.916643285073504205e-02 1.768681995952023356e-02 2.048849553402772028e-02 1.833342943781262821e-02 1.743170355287548476e-02 1.920331060246600191e-02 1.904816299555117665e-02 2.043004391078085194e-02 1.920684861965938489e-02 2.079242893660800812e-02 1.916623488339441739e-02 1.938345554928234613e-02 1.924984627379843286e-02 2.016602400853986440e-02 1.832283761297609503e-02 2.065247712524195117e-02 1.921807104729902904e-02 1.981964585834072520e-02 2.085727650282084497e-02 1.891024256173223436e-02 2.064404352835065570e-02 2.035337426088376991e-02 2.057984064535193364e-02 2.067763116942271037e-02 2.083434739426564403e-02 1.837047615652303428e-02 2.037637084827306072e-02 2.070432753995634506e-02 2.030376120571350876e-02 1.914806948528554806e-02 2.024544952526694669e-02 2.041812138631680235e-02 2.084134380739480555e-02
