0.000000000000000000e+00 6.487419563929677606e-03 6.482969372771256455e-03 6.483061909171611292e-03 6.482801333482045639e-03 6.487454437526008616e-03 6.482216637301978397e-03 6.487463855338040583e-03 6.482082674740935122e-03 6.482367195357122136e-03 6.487472019400613264e-03 6.487458422209367061e-03 6.482364936498354567e-03 6.487451843797120699e-03 6.487455638076343976e-03 6.482596953621689619e-03 6.487451221624354267e-03 6.482121724388581648e-03 6.482910427779973485e-03 6.487442664298742265e-03 6.487486650149483502e-03 6.481916736030953960e-03 6.487446009624616219e-03 6.482818162487201212e-03 6.482598356113809454e-03 6.482991439297351548e-03 6.487444921568791094e-03 6.487464641524865426e-03 6.481630815738410357e-03 6.482087311315353796e-03 6.482602632252218965e-03 6.487432523362012156e-03 6.487471489350032580e-03 6.487476376860874805e-03 6.483316691611670096e-03 6.487485130610276367e-03 6.487499303700586251e-03 6.487506360101146473e-03 6.487470839340169805e-03 6.487502319638854473e-03 6.487506918468645412e-03 6.483186766507607543e-03 6.487450068185434369e-03 6.487490809133469698e-03 6.487503823644546162e-03 6.487493844700287574e-03 6.487493421709385720e-03 6.487486762852550000e-03 6.487490106227902613e-03 6.482645379335088935e-03 6.482610457001347117e-03 6.487473412970704185e-03 6.487494334895674460e-03 6.487485443200495701e-03 6.487486641515841958e-03 6.487489082185743383e-03 6.487486706407832177e-03 6.487465275994620806e-03 6.487481900906202741e-03 6.487488146556760239e-03 6.487497364814283005e-03 6.487489265775719938e-03 6.481667013961798715e-03 6.487511048390189050e-03 6.487488193335892023e-03 6.487489170971919711e-03 6.482396915271729579e-03 6.487474629579605481e-03 6.487472985897412524e-03 6.482400639810175468e-03 6.482992234947091217e-03 6.487454292871183172e-03 6.487471541431313708e-03 6.483078826418058743e-03 6.482232117325502710e-03 6.487442186634904961e-03 6.487491493698418696e-03 6.487465666336786514e-03 6.487480983191739291e-03 6.487503247237699430e-03 6.482628650897386165e-03 6.487470614614643423e-03 6.487485594947941907e-03 6.482615805632398198e-03 6.483170945332747750e-03 6.483007175121224645e-03 6.487473140927075242e-03 6.487452435909308972e-03 6.482610093928572147e-03 6.487471627143672794e-03 6.487481277086534076e-03 6.487476586421174474e-03 6.487457686603030800e-03 6.487439272650293194e-03 6.482125210856616929e-03 6.482401949209280236e-03 6.487450326045739527e-03 6.487469744769554236e-03 6.487488717692221213e-03 6.487478312134306764e-03 6.487471395520425302e-03 6.487458791456614422e-03 6.487497500999547459e-03 6.482493687199624224e-03 6.482973718064237792e-03 6.482499361406827282e-03 6.487486129419506135e-03 6.487483730780615326e-03 6.482238851723685046e-03 6.482697959290357158e-03 6.487480816550846366e-03 6.487462144269527144e-03 6.487484732431028980e-03 6.482602768895314241e-03 6.482373371396257973e-03 6.487465123936041536e-03 6.483651499565020425e-03 6.482256222538250456e-03 6.487440695364038619e-03 6.487463317029587215e-03 6.481965285708548956e-03 6.481951388422852595e-03 6.482339351883349005e-03 6.487443526012360261e-03 6.487484058659374192e-03 6.482725354825479708e-03 6.487511458203179017e-03 6.487448860105838808e-03
6.487419563929677606e-03 0.000000000000000000e+00 6.483135755703077485e-03 6.483228015230629859e-03 6.482982444590348024e-03 6.482765413238845628e-03 6.482425058800969295e-03 6.487453506755924346e-03 6.487454262351546874e-03 6.482544181142245975e-03 6.487471262694432909e-03 6.487435147666392732e-03 6.482560435347716268e-03 6.487468948209428217e-03 6.481962302215558101e-03 6.487435723228035349e-03 6.483222514151737101e-03 6.487476357473515899e-03 6.483083685954589732e-03 6.482251075033394067e-03 6.480703685602358724e-03 6.482114729849868667e-03 6.483079315021689389e-03 6.482955559594268807e-03 6.482753844871557217e-03 6.487433853472054229e-03 6.483147981938032489e-03 6.482275518855604331e-03 6.481786388165144790e-03 6.482260770891865205e-03 6.482779584136604684e-03 6.483379542805795155e-03 6.487475137459277827e-03 6.487496799287236805e-03 6.487507204295293352e-03 6.487481897722648626e-03 6.487515621312800809e-03 6.487538456798763904e-03 6.487489351141214125e-03 6.483455115737013670e-03 6.487484562009204758e-03 6.487477024142015818e-03 6.487473666613833255e-03 6.487498088053282076e-03 6.487525436378701466e-03 6.487517059036078046e-03 6.487498741944827153e-03 6.482329632484267433e-03 6.487477481571722777e-03 6.482814085214003326e-03 6.487490760474177824e-03 6.482308651983734356e-03 6.487502269274507231e-03 6.487493875994693009e-03 6.487485338522676337e-03 6.483243810145805988e-03 6.487499974882900838e-03 6.487476536180401994e-03 6.487471439929080007e-03 6.487491456567668832e-03 6.487512498587758719e-03 6.487493438729724851e-03 6.487522658700718876e-03 6.487502752115575574e-03 6.487447629507930510e-03 6.487469423565117924e-03 6.482585104943314365e-03 6.487500935377343500e-03 6.482838768315113236e-03 6.487478602235366258e-03 6.483172675812282591e-03 6.481982682793788371e-03 6.487462319211467418e-03 6.483250603806722800e-03 6.482421223878228819e-03 6.487468432682664578e-03 6.483016574172871874e-03 6.487465592066280103e-03 6.482423839265132395e-03 6.487487862386781892e-03 6.487483924725204014e-03 6.487475070636927223e-03 6.487425676469779287e-03 6.487480257994556604e-03 6.483348966150068692e-03 6.487476212422965335e-03 6.487491736998560882e-03 6.487457485319833225e-03 6.487466759461830122e-03 6.487456748992045420e-03 6.483018999906614219e-03 6.487487761857354228e-03 6.487482178701182468e-03 6.487474975942133550e-03 6.487495231251266641e-03 6.482585253661353984e-03 6.487482174109438816e-03 6.483143509634218746e-03 6.481223731014913898e-03 6.487492364817351760e-03 6.482188632902124645e-03 6.487456772733786632e-03 6.487483188601248819e-03 6.487460782193555167e-03 6.483175107353028252e-03 6.487465075201857313e-03 6.487467465298127518e-03 6.487473311274446000e-03 6.482414169643500347e-03 6.482915105920895871e-03 6.487447142836921463e-03 6.487476067833197226e-03 6.483491047478853395e-03 6.487485204340001817e-03 6.487494880551861361e-03 6.487447560936923999e-03 6.483835108980741391e-03 6.482453783190158560e-03 6.487461100810056405e-03 6.487460041000912316e-03 6.487488400986617630e-03 6.482121894599516404e-03 6.487439442391977444e-03 6.482899752014896835e-03 6.487490221204328562e-03 6.487459727099489232e-03 6.487513186937290607e-03 6.487434981595169119e-03
6.482969372771256455e-03 6.483135755703077485e-03 0.000000000000000000e+00 6.483242204446539730e-03 6.482967895121274915e-03 6.487445706588147037e-03 6.482416331136713929e-03 6.487471376219265673e-03 6.482279149298432637e-03 6.482550096890354364e-03 6.480691951174320092e-03 6.482630364447459700e-03 6.482562708922910699e-03 6.487457142838303110e-03 6.481943725303500846e-03 6.482773965655543209e-03 6.487449801093382769e-03 6.487467196746226315e-03 6.487463779351290705e-03 6.482239357512912387e-03 6.480668020005683934e-03 6.487459159673705789e-03 6.483060819339032943e-03 6.482974010581239732e-03 6.487439302378219912e-03 6.483145841375681853e-03 6.483138953253306420e-03 6.482278778713743833e-03 6.487437958331811021e-03 6.482250344974744248e-03 6.482768564734321670e-03 6.483388625267537918e-03 6.487501481819322839e-03 6.487479946029004255e-03 6.487495694670619012e-03 6.487500592569485011e-03 6.487534804802366772e-03 6.487511161623441686e-03 6.487493499686971914e-03 6.487494669192398443e-03 6.487489828138186428e-03 6.483376660101695423e-03 6.487504873251823123e-03 6.487498001547540270e-03 6.487511671562185694e-03 6.487522509379763103e-03 6.482164714657494102e-03 6.487486624691203921e-03 6.487489689274796890e-03 6.482810850080984212e-03 6.482813357915372283e-03 6.487494360784608685e-03 6.487510514708626566e-03 6.482719549762839054e-03 6.487504407659781640e-03 6.487511544675896892e-03 6.487479577456875708e-03 6.487481165542710419e-03 6.487492544803930353e-03 6.483108650718277452e-03 6.487498023307625324e-03 6.487474288091476041e-03 6.487518179236206016e-03 6.482592610116565471e-03 6.487478074806745515e-03 6.487471705878155269e-03 6.482584277227558187e-03 6.487502288666672189e-03 6.482811738427938369e-03 6.482563710032741150e-03 6.487442409407927213e-03 6.482010747820280382e-03 6.487438059807905909e-03 6.487478861265792707e-03 6.487441767955715553e-03 6.487454965291000915e-03 6.487450217875469910e-03 6.487478932420739225e-03 6.482427774192456478e-03 6.487512488774123572e-03 6.482812369374317714e-03 6.487481477887345818e-03 6.482413794524005853e-03 6.487475261191580876e-03 6.487469087138090194e-03 6.483210462794413570e-03 6.487485630385838448e-03 6.487450023644529551e-03 6.487463257491877383e-03 6.487460996072303213e-03 6.487477267337653057e-03 6.487485473679865597e-03 6.483104255259597264e-03 6.487464493115505972e-03 6.487479627795002604e-03 6.487477046540706359e-03 6.487490754321535193e-03 6.487450153072865655e-03 6.487476801342928479e-03 6.487494261520927209e-03 6.487502314678189781e-03 6.487472164075620482e-03 6.487505397188020502e-03 6.482681109928549457e-03 6.483172603485416741e-03 6.487465246541950468e-03 6.483200062403689581e-03 6.487455610679086770e-03 6.482434937601584506e-03 6.487453228694328028e-03 6.482804606804741868e-03 6.487458379657039080e-03 6.483473412097278191e-03 6.487477300207615018e-03 6.487482437883638348e-03 6.487478688016550497e-03 6.487478143862417286e-03 6.487461339832107689e-03 6.482910624091336484e-03 6.487467774595249287e-03 6.487491375674420135e-03 6.482128463289755713e-03 6.482529326116423692e-03 6.482899197085314515e-03 6.487490931647924008e-03 6.487453372393622679e-03 6.487485165931204840e-03 6.483349044370225606e-03
6.483061909171611292e-03 6.483228015230629859e-03 6.483242204446539730e-03 0.000000000000000000e+00 6.483052909735640551e-03 6.482851134640307128e-03 6.487456116041533973e-03 6.487465611050810196e-03 6.482349573490400231e-03 6.482644833318280779e-03 6.487453968981563186e-03 6.482735570300367581e-03 6.487443846161337901e-03 6.483473375972420745e-03 6.487419317175811134e-03 6.482870823483520908e-03 6.483317907060398740e-03 6.482349987445289695e-03 6.483171252591062896e-03 6.482353064496938766e-03 6.480778080443313008e-03 6.482212323376643388e-03 6.483121464660582256e-03 6.483046738044390481e-03 6.482854812548599285e-03 6.483232029292657073e-03 6.483212217672587770e-03 6.482342096307791048e-03 6.481862976758772515e-03 6.487436705737205725e-03 6.482822682238585134e-03 6.487426247528365990e-03 6.487487535954482298e-03 6.487488856507996927e-03 6.487508668703441048e-03 6.487491044660727117e-03 6.487500050512872742e-03 6.487501477053452849e-03 6.487511412148496380e-03 6.483518232977304729e-03 6.487510597757914499e-03 6.487486475611658338e-03 6.487501356437306438e-03 6.487489381161581393e-03 6.487475061056761569e-03 6.487525201290803532e-03 6.482240296724558343e-03 6.487513191565310797e-03 6.487486383981493077e-03 6.487512223474211324e-03 6.487499164590918022e-03 6.482420540045685277e-03 6.487537737278045724e-03 6.487506455366156763e-03 6.487507400230525800e-03 6.487464727782448100e-03 6.487481641813467627e-03 6.487469090668255937e-03 6.487501276463734402e-03 6.487464810266762617e-03 6.487500378036216257e-03 6.487511987065937291e-03 6.487500953204702880e-03 6.487527825587546121e-03 6.487469348289370483e-03 6.483350891031495686e-03 6.482649277741131359e-03 6.487480292564361088e-03 6.487454920324388016e-03 6.482650002891211967e-03 6.483244682831131901e-03 6.487455762515585873e-03 6.487425619380695826e-03 6.487464680218837064e-03 6.487446895925156123e-03 6.482521158092838069e-03 6.483111720313830019e-03 6.481680304173969079e-03 6.487463503629785182e-03 6.487485680893909264e-03 6.482871558128399693e-03 6.482499386599852031e-03 6.487441397110231892e-03 6.482869842133357451e-03 6.487460138060701341e-03 6.487447383784096869e-03 6.487471569257698134e-03 6.482970000814919538e-03 6.482869141890110383e-03 6.487447796906532435e-03 6.483075530510839721e-03 6.487509257081794031e-03 6.487459683316750512e-03 6.487448960936652124e-03 6.487485894712316688e-03 6.482640730527945011e-03 6.482880440224679519e-03 6.483279308446386266e-03 6.487500293230316108e-03 6.487480459952225074e-03 6.487483616955346671e-03 6.483436551148424182e-03 6.487525666696916486e-03 6.487452394216402032e-03 6.483256984177769404e-03 6.487495542761128817e-03 6.483283704653233608e-03 6.481887644148937727e-03 6.487480962336731466e-03 6.487476520479956710e-03 6.487472525956366337e-03 6.482080445191550598e-03 6.487475547280220634e-03 6.487474716255474221e-03 6.487491979258811804e-03 6.487500452832990934e-03 6.487454776873610718e-03 6.487481446035768887e-03 6.483002195995800181e-03 6.487459187406502750e-03 6.487504532127014167e-03 6.487470381405702549e-03 6.487473331287670585e-03 6.487458767102789910e-03 6.482255931112102486e-03 6.487486247873224324e-03 6.487495417763681528e-03 6.487444807184976174e-03
6.482801333482045639e-03 6.482982444590348024e-03 6.482967895121274915e-03 6.483052909735640551e-03 0.000000000000000000e+00 6.482557664865986821e-03 6.482225369845082824e-03 6.487435431777295938e-03 6.487450652897638372e-03 6.487462875083900571e-03 6.480501867367433576e-03 6.482465489819775641e-03 6.482361683408679326e-03 6.483210550883335144e-03 6.481788657382082409e-03 6.487420530038022840e-03 6.483057970352469786e-03 6.482084685761564657e-03 6.487448191177672477e-03 6.487439707189609182e-03 6.487455804241665930e-03 6.487473598639896880e-03 6.482896406432574372e-03 6.482790779574851281e-03 6.482586105007626109e-03 6.482964301734805458e-03 6.482978528406641711e-03 6.482097221069255816e-03 6.481607751004263458e-03 6.482082420694267738e-03 6.482601039454328855e-03 6.483207067637442901e-03 6.487483716555311232e-03 6.487494732666655543e-03 6.487502879300061608e-03 6.482303635547902523e-03 6.487497604405373895e-03 6.487512712355249407e-03 6.487526137579235734e-03 6.483237527733298235e-03 6.487514548435528543e-03 6.487477488056037599e-03 6.487493128809498216e-03 6.482521556833403809e-03 6.487512146378606251e-03 6.487503434856335335e-03 6.487502614315226318e-03 6.487479539857230956e-03 6.487491571060139024e-03 6.487467471636222498e-03 6.487506725147158121e-03 6.487484235374962535e-03 6.487494238678662671e-03 6.487520092469675238e-03 6.487505280093378360e-03 6.487477130473835903e-03 6.482529810726085119e-03 6.487483905310346272e-03 6.487492998798336657e-03 6.487482802199916881e-03 6.487485049123318560e-03 6.481832826283293394e-03 6.487534290708600083e-03 6.487507429521300467e-03 6.487493599260213926e-03 6.487456568509283004e-03 6.487475767929213634e-03 6.487475002385172280e-03 6.482633447347873820e-03 6.482374337742438999e-03 6.482990417631161531e-03 6.487468781691556677e-03 6.487467464808443704e-03 6.487490888842884114e-03 6.487467261987412033e-03 6.487471609476016393e-03 6.487463300390075398e-03 6.481429565927451092e-03 6.487463249778911700e-03 6.487478939162206852e-03 6.482593839431094115e-03 6.487434235337070400e-03 6.487457435970461414e-03 6.482621521767615268e-03 6.487475769480964549e-03 6.482967855059720147e-03 6.487464863011069803e-03 6.487469680956364261e-03 6.487460137689813125e-03 6.487501810287670846e-03 6.482837323728608998e-03 6.481657106376933347e-03 6.487482469848577724e-03 6.482730002729762513e-03 6.487474660783906777e-03 6.487484028904509821e-03 6.487466449540319792e-03 6.487461786183997166e-03 6.487496834828057959e-03 6.481649545644506058e-03 6.487499474678537666e-03 6.483178368112801557e-03 6.487476278908823821e-03 6.487500910195146894e-03 6.487457386737329086e-03 6.482512810008562130e-03 6.487469218539241439e-03 6.487487018157251858e-03 6.487457564622943311e-03 6.487477520767837881e-03 6.482632775588988323e-03 6.487457174289534487e-03 6.483325067168211817e-03 6.487455945048905930e-03 6.487498128815161191e-03 6.487481741683058523e-03 6.487477147072007524e-03 6.482274811480076386e-03 6.482730548147702491e-03 6.487456584811435341e-03 6.481974087659994437e-03 6.487462991687747808e-03 6.487469885911593265e-03 6.487468870148959538e-03 6.487472516997261178e-03 6.487477485017123860e-03 6.487480459438064312e-03 6.483147276230071671e-03
6.487454437526008616e-03 6.482765413238845628e-03 6.487445706588147037e-03 6.482851134640307128e-03 6.482557664865986821e-03 0.000000000000000000e+00 6.482011433433647676e-03 6.479695358452593722e-03 6.487427299369634588e-03 6.487443760205359455e-03 6.487463016780058850e-03 6.482285903710998352e-03 6.482132905276785650e-03 6.483023605482841033e-03 6.481571945222149023e-03 6.482381018663563484e-03 6.482858961487356075e-03 6.481871679152678700e-03 6.482698356479641225e-03 6.487444488875315426e-03 6.480323504839014849e-03 6.487459060583914729e-03 6.482675813832666431e-03 6.482564875146286723e-03 6.482353338107562507e-03 6.482779253124031429e-03 6.487425641118706524e-03 6.481885959448537710e-03 6.481412227528164476e-03 6.487437822090094328e-03 6.482364768039954560e-03 6.483007524292974319e-03 6.487491055645025657e-03 6.487490595361446177e-03 6.487514167215652564e-03 6.482102698665078919e-03 6.487494490955618073e-03 6.487519093682878914e-03 6.487514500534998646e-03 6.487479675858868859e-03 6.487511668461930399e-03 6.487496437052437358e-03 6.487512163952481765e-03 6.482314937834964506e-03 6.487485170410848927e-03 6.487530390823238388e-03 6.487495365828086814e-03 6.487493857947328191e-03 6.487484943264725835e-03 6.487490077823283678e-03 6.487501617783415254e-03 6.487503610431755857e-03 6.487524426240429826e-03 6.487514952667261699e-03 6.482541350249028216e-03 6.487499349785168581e-03 6.487492567177275717e-03 6.482972269529877624e-03 6.487505113045514971e-03 6.487483128131997685e-03 6.487508180062690789e-03 6.481647744499303455e-03 6.487542919709415185e-03 6.487524701506743041e-03 6.487470003704956002e-03 6.487413108813219753e-03 6.482187285287421656e-03 6.487462850890450376e-03 6.482402650985381008e-03 6.487475946087319957e-03 6.487462793895852967e-03 6.487466516108976629e-03 6.487453919477112300e-03 6.482874222500188861e-03 6.482030084554906216e-03 6.487482852046654730e-03 6.487451781208672386e-03 6.481225409234252569e-03 6.487485629813971241e-03 6.487477484249732501e-03 6.487458324052272629e-03 6.482039560573684897e-03 6.487445591404497093e-03 6.487476382131914486e-03 6.487455146135114037e-03 6.482787634920128897e-03 6.487481006807121510e-03 6.482517590140401097e-03 6.487466314434885140e-03 6.482629484338984886e-03 6.487464935233407289e-03 6.481461953398898884e-03 6.487465954440993672e-03 6.487470746876046641e-03 6.487494281296243143e-03 6.487511216474678953e-03 6.487488789919345668e-03 6.487468789610270105e-03 6.487494887775608135e-03 6.487491421293764375e-03 6.487511137269202574e-03 6.487481436091267067e-03 6.487471452017286311e-03 6.487489082360068347e-03 6.487462624420725459e-03 6.487474649139913715e-03 6.482794680149631984e-03 6.487488335626102019e-03 6.487484672768837994e-03 6.482545242871512979e-03 6.487495187649581010e-03 6.487471920410362372e-03 6.483119626810809714e-03 6.482435978160615807e-03 6.487518561539720383e-03 6.487483886846260109e-03 6.487487888066376628e-03 6.487483746956180554e-03 6.487481016679004335e-03 6.483105210779161777e-03 6.487491572348659530e-03 6.487500000496322812e-03 6.487466154205693246e-03 6.482550794527983454e-03 6.487500713836645387e-03 6.482521131779306854e-03 6.487492680563770354e-03 6.482945121177562282e-03
6.482216637301978397e-03 6.482425058800969295e-03 6.482416331136713929e-03 6.487456116041533973e-03 6.482225369845082824e-03 6.482011433433647676e-03 0.000000000000000000e+00 6.479339997408869664e-03 6.481511706538890458e-03 6.481787378028955500e-03 6.479948125326037006e-03 6.487445818259508432e-03 6.481781376073718001e-03 6.482662069928335838e-03 6.487456074668817088e-03 6.481993312503766050e-03 6.487462784558283187e-03 6.487445259721216426e-03 6.482298391758998558e-03 6.487445484816412380e-03 6.487448038894716267e-03 6.487472909803276323e-03 6.487426960455973564e-03 6.482217343396648110e-03 6.482027019520107333e-03 6.482395433859948139e-03 6.482403948199180928e-03 6.481491541208606391e-03 6.481036339755839697e-03 6.481500535604985992e-03 6.487448093764956562e-03 6.482636759368592266e-03 6.487495510525612477e-03 6.487479568240757388e-03 6.487523959408133915e-03 6.487507849846772812e-03 6.487521053034941455e-03 6.487532647075449493e-03 6.487519965145859685e-03 6.487500469562350151e-03 6.487542331105046814e-03 6.487501941538045130e-03 6.487491753165653720e-03 6.487529827089589217e-03 6.487556447921151784e-03 6.487532686698144375e-03 6.487482842001613542e-03 6.487504565271083254e-03 6.482791512322260037e-03 6.487507794011732228e-03 6.487514615344512972e-03 6.487478747236753024e-03 6.487530807783323770e-03 6.487507324005319098e-03 6.487487340985895017e-03 6.487515454489714214e-03 6.487502678486879552e-03 6.487495546961882277e-03 6.482110236085709271e-03 6.487489119583057795e-03 6.487523045062900708e-03 6.487515686177453521e-03 6.487551385422380031e-03 6.487520624533802370e-03 6.487487162772273205e-03 6.482525351057029199e-03 6.487471712402471079e-03 6.487472858578017913e-03 6.487480981619224603e-03 6.487480274013202215e-03 6.487452840917342159e-03 6.487487761695654581e-03 6.482345177384869414e-03 6.487466564607292235e-03 6.481641492217189542e-03 6.487460724672059788e-03 6.487481417806568659e-03 6.487503577612064448e-03 6.487469662219332370e-03 6.487497446415678784e-03 6.487491377824282021e-03 6.487467520328693560e-03 6.487484285516094233e-03 6.487500870650541457e-03 6.482591904919435613e-03 6.487464879366433915e-03 6.481071750663008890e-03 6.482152552392384144e-03 6.487480512626607292e-03 6.482275968512964288e-03 6.487474754426186471e-03 6.481094337484782919e-03 6.482369222421934148e-03 6.487469588703840932e-03 6.487469834840435545e-03 6.487501523822462521e-03 6.487480176627965188e-03 6.487479053987985946e-03 6.487477100414978590e-03 6.487465866602655507e-03 6.487508653309955950e-03 6.487497052497182004e-03 6.487494860490942289e-03 6.481950794689277269e-03 6.482434951173673271e-03 6.481935899139572126e-03 6.487457981940479741e-03 6.481081472570530098e-03 6.487480328644521649e-03 6.482162799306686457e-03 6.487474164525827876e-03 6.487480922345843261e-03 6.487465845812803895e-03 6.482041184978059797e-03 6.487488725499596619e-03 6.481714052122554935e-03 6.487471710502964485e-03 6.481691228346499190e-03 6.487482521542783064e-03 6.487463455375026486e-03 6.487438622618012588e-03 6.487469397932165566e-03 6.481801678907189723e-03 6.487457978702906337e-03 6.487498515145622736e-03 6.487457549607118790e-03 6.487483173859613823e-03 6.482588083783460270e-03
6.487463855338040583e-03 6.487453506755924346e-03 6.487471376219265673e-03 6.487465611050810196e-03 6.487435431777295938e-03 6.479695358452593722e-03 6.479339997408869664e-03 0.000000000000000000e+00 6.487506918462583420e-03 6.479512301520825440e-03 6.477623260451277794e-03 6.487462587503093313e-03 6.479479715151133419e-03 6.487438636132523279e-03 6.487447313839358499e-03 6.487446172108277294e-03 6.487475232149251571e-03 6.479171472736883208e-03 6.479987023529230200e-03 6.487454562859270614e-03 6.487485511425715445e-03 6.487469257340530010e-03 6.480015535713089768e-03 6.479913235266126365e-03 6.479697888300329535e-03 6.480071911868294857e-03 6.480102382023686727e-03 6.479234280877531685e-03 6.487450467768293358e-03 6.487450861644646766e-03 6.479728067824210361e-03 6.480311543242217587e-03 6.487527480468146916e-03 6.487532442982290454e-03 6.487536115804869510e-03 6.487521129716953758e-03 6.487501053385073824e-03 6.487552139808874276e-03 6.487510532951917125e-03 6.487504345011408172e-03 6.487540499554323228e-03 6.487514575499793434e-03 6.487542018422234012e-03 6.487513318984060827e-03 6.487561719846377147e-03 6.487530178343931669e-03 6.487546881853669366e-03 6.487542521803480421e-03 6.487490558031726133e-03 6.487534332396330608e-03 6.487514193182408219e-03 6.487522769030082577e-03 6.487528325738657620e-03 6.487528594927604794e-03 6.487524115269926138e-03 6.487515993541044697e-03 6.487513882843036830e-03 6.487491134659194997e-03 6.487518726650288829e-03 6.487500151948294436e-03 6.487492165545787233e-03 6.487540989854309603e-03 6.487540997276148788e-03 6.487515658073722373e-03 6.487463130897830506e-03 6.480192465057626160e-03 6.487504158259376798e-03 6.477377442868630097e-03 6.479738022614156719e-03 6.487491259241944495e-03 6.487434373778165793e-03 6.487511361216555424e-03 6.487497689004918279e-03 6.480198942054682040e-03 6.487475763223963555e-03 6.487480102089481296e-03 6.479940167894666057e-03 6.487460909276694318e-03 6.487485240391806587e-03 6.479265117772781656e-03 6.487474117822167839e-03 6.479352591273962805e-03 6.487477553252326938e-03 6.487496154675291386e-03 6.480314540991173773e-03 6.487469313230910008e-03 6.487459107615840825e-03 6.487499268903914630e-03 6.487485437512150940e-03 6.487482155870794714e-03 6.479928774534543523e-03 6.487500590540347736e-03 6.487465378475936774e-03 6.487484587518528578e-03 6.487492631858660097e-03 6.487518120924668126e-03 6.487510042180543932e-03 6.487476057766464188e-03 6.487493935637096004e-03 6.487512433839533708e-03 6.487512353713476877e-03 6.487495514523195991e-03 6.478154379862314204e-03 6.487519105055543876e-03 6.487482829968992115e-03 6.479634645048855217e-03 6.480116001601062339e-03 6.487521814764308538e-03 6.487518200541679027e-03 6.487493362980442137e-03 6.487489181589323368e-03 6.487512376370750504e-03 6.480432282053291693e-03 6.487474634586372184e-03 6.487534682832472518e-03 6.487484578960542661e-03 6.480769973809654382e-03 6.487475946631273728e-03 6.487495363384513693e-03 6.487477981421903121e-03 6.479129871508624086e-03 6.487502790386189683e-03 6.487500829745714188e-03 6.487484678540779079e-03 6.487510692678204009e-03 6.479860002956782869e-03 6.487480670633167384e-03 6.487481231280850177e-03
6.482082674740935122e-03 6.487454262351546874e-03 6.482279149298432637e-03 6.482349573490400231e-03 6.487450652897638372e-03 6.487427299369634588e-03 6.481511706538890458e-03 6.487506918462583420e-03 0.000000000000000000e+00 6.487450442887216992e-03 6.487469963931021856e-03 6.481775752710662412e-03 6.487459654553874751e-03 6.482496925743558985e-03 6.481099393990443283e-03 6.481888225419924800e-03 6.487477469936796248e-03 6.487497886457493403e-03 6.482181171029926386e-03 6.487419387602352469e-03 6.479797098214471959e-03 6.481238839693245768e-03 6.482179859312258742e-03 6.487459545474204108e-03 6.487455281605241340e-03 6.482263180254235410e-03 6.482288244735992869e-03 6.487459237484120150e-03 6.480917528174800005e-03 6.481381985015612947e-03 6.481875211102162450e-03 6.482512738600443129e-03 6.487487400634592456e-03 6.481557405708344294e-03 6.487484329439923217e-03 6.487508597692114888e-03 6.487518958450129436e-03 6.487505949236587084e-03 6.487522942106185506e-03 6.487515592146108311e-03 6.487525061677208542e-03 6.487482379766909037e-03 6.487472216365451801e-03 6.487508184372857596e-03 6.487495709927166773e-03 6.487532201094349353e-03 6.481289541128321292e-03 6.487501926226634137e-03 6.487484639446548622e-03 6.487496067368634690e-03 6.487481534324343255e-03 6.487489187282753471e-03 6.487520562008548299e-03 6.487491538884416868e-03 6.482031892886093265e-03 6.487486399791714264e-03 6.487466836078191815e-03 6.482473496404263930e-03 6.487490592624001358e-03 6.487479109700855159e-03 6.487502951478706613e-03 6.481150138904983628e-03 6.487529182452199741e-03 6.487502061475813181e-03 6.487476751067632399e-03 6.487473242893895646e-03 6.487470592544194656e-03 6.487507726325130245e-03 6.487496708862634971e-03 6.487486914564812544e-03 6.482298918191502050e-03 6.487486062605620114e-03 6.482159258390808240e-03 6.487482155937103652e-03 6.481543516546893133e-03 6.481564353265328003e-03 6.487495930254766688e-03 6.487499975004068671e-03 6.481550317949989239e-03 6.487498759526695406e-03 6.487458555884246386e-03 6.487466960511755094e-03 6.487470915513501336e-03 6.481929925907718541e-03 6.487465702104593633e-03 6.487461064527571576e-03 6.487490281494493784e-03 6.482008024061470738e-03 6.487464008772049137e-03 6.482102475515956475e-03 6.487478354351308360e-03 6.487476380974089782e-03 6.482210119847600996e-03 6.482028508568310650e-03 6.487481022098215422e-03 6.487476583548854904e-03 6.487485289482499036e-03 6.487477477595681059e-03 6.487479800684087597e-03 6.487475344819079032e-03 6.487471029591953750e-03 6.487486066436894822e-03 6.487508532351990084e-03 6.481765790618570187e-03 6.487424780481292758e-03 6.487491681545631307e-03 6.487466425974534184e-03 6.480921557820446682e-03 6.487465262841527608e-03 6.482050408478270791e-03 6.487486636878515844e-03 6.487484731539337746e-03 6.487511064167687282e-03 6.481914884333357489e-03 6.481684943448163920e-03 6.481563079229741772e-03 6.487481580934251896e-03 6.487497937215077302e-03 6.487493376247810244e-03 6.487469766498676210e-03 6.481275192005195480e-03 6.487466102187349620e-03 6.487441750412418009e-03 6.487474617921052018e-03 6.487498184468737557e-03 6.482053048770059812e-03 6.487504863302659235e-03 6.487452767790958738e-03
6.482367195357122136e-03 6.482544181142245975e-03 6.482550096890354364e-03 6.482644833318280779e-03 6.487462875083900571e-03 6.487443760205359455e-03 6.481787378028955500e-03 6.479512301520825440e-03 6.487450442887216992e-03 0.000000000000000000e+00 6.487475471105256727e-03 6.482076614908141576e-03 6.481905720875906322e-03 6.487442266342420723e-03 6.481368623481332907e-03 6.487469546264258702e-03 6.482620779574925149e-03 6.481677533689197794e-03 6.487443763172603961e-03 6.481675600952158806e-03 6.487478062381726168e-03 6.481519740069957396e-03 6.487456884174120156e-03 6.482383986584887986e-03 6.482152737655000156e-03 6.482545637364394917e-03 6.482555364306804430e-03 6.487450164931869885e-03 6.487460059080252424e-03 6.487464877785099893e-03 6.487427248192701237e-03 6.482760790140098053e-03 6.482403431326055898e-03 6.481831300714733027e-03 6.487465131034837913e-03 6.487491615463802930e-03 6.481243530099134974e-03 6.487502176759635600e-03 6.480382523188036974e-03 6.487498671767889108e-03 6.487513090894666233e-03 6.482733451818579150e-03 6.487476363171451078e-03 6.487499221203460800e-03 6.487521308815686998e-03 6.487478816912294402e-03 6.487478660159281055e-03 6.487479258017770332e-03 6.487517813708001957e-03 6.487475544495681541e-03 6.487493350239135863e-03 6.487489362489084685e-03 6.487509552944909288e-03 6.487480603201483016e-03 6.482294785404264618e-03 6.487458462017143060e-03 6.487485548017781628e-03 6.487496515070747052e-03 6.487499876295686058e-03 6.482499752356808004e-03 6.487500388701533845e-03 6.487517107614570837e-03 6.487514215489232142e-03 6.487506695929004183e-03 6.487506328186292033e-03 6.487445072530169908e-03 6.487456679489206172e-03 6.487474538505291592e-03 6.487463365957026572e-03 6.487483986837161085e-03 6.482560964857938396e-03 6.487487134120549850e-03 6.487491886855190591e-03 6.482650374436158686e-03 6.481802061489086442e-03 6.481845627578594095e-03 6.487461731444904567e-03 6.487478556817773828e-03 6.487488373526506188e-03 6.487480173568798553e-03 6.487481191745771841e-03 6.487449030122740407e-03 6.481839639940128323e-03 6.487494180916885539e-03 6.487464195328356865e-03 6.487464724313459982e-03 6.481221508469866589e-03 6.482281676781444582e-03 6.487490577220905025e-03 6.487464382576500939e-03 6.487454218889495208e-03 6.487498947305778488e-03 6.482487751774964647e-03 6.487467125454923593e-03 6.487510373501353261e-03 6.481944046975701874e-03 6.487490505885063277e-03 6.487468833903492840e-03 6.487485816654843876e-03 6.487482333333556214e-03 6.487494718937832777e-03 6.482741355556628608e-03 6.487470886711311537e-03 6.487491246784556076e-03 6.482554321880332031e-03 6.487431462034358789e-03 6.487462830781377983e-03 6.487495468182323012e-03 6.487447778670386335e-03 6.487469226208024582e-03 6.482191979301508804e-03 6.487476225400839319e-03 6.487481073926813259e-03 6.482205666668905408e-03 6.487486714506971591e-03 6.481829713592899764e-03 6.487464165680398298e-03 6.481824845649871054e-03 6.487485619720400297e-03 6.482877995858357320e-03 6.487502695057990355e-03 6.481517430502393290e-03 6.487439927131924411e-03 6.482288005582165918e-03 6.487489273854001905e-03 6.487430727434050255e-03 6.487519684276273416e-03 6.487484815256064873e-03
6.487472019400613264e-03 6.487471262694432909e-03 6.480691951174320092e-03 6.487453968981563186e-03 6.480501867367433576e-03 6.487463016780058850e-03 6.479948125326037006e-03 6.477623260451277794e-03 6.487469963931021856e-03 6.487475471105256727e-03 0.000000000000000000e+00 6.480211578146608323e-03 6.487508010310120282e-03 6.480917890665158915e-03 6.479493254015258712e-03 6.480327604165986473e-03 6.487489808512054111e-03 6.479801596953310878e-03 6.480589507518325250e-03 6.479792052580178770e-03 6.487481116423172989e-03 6.487481661577995315e-03 6.480570108840637625e-03 6.487469860508783201e-03 6.487427789699139885e-03 6.480682512868383809e-03 6.480646515042541231e-03 6.487454397564868316e-03 6.479297235545979604e-03 6.479834054585771955e-03 6.487437921568207574e-03 6.487436435042400612e-03 6.487530969659700657e-03 6.487537420948689786e-03 6.487520152280886777e-03 6.487536056424674305e-03 6.487518726970576896e-03 6.487533200506147464e-03 6.487541079985519391e-03 6.487544188551989596e-03 6.487538064327615442e-03 6.487525689019692926e-03 6.487524721687580077e-03 6.487515561445102337e-03 6.487540813005201329e-03 6.487520595244358236e-03 6.487516453746799278e-03 6.487529233626491108e-03 6.487544067754956630e-03 6.487528753428103978e-03 6.487528740280103928e-03 6.479860076726949060e-03 6.487507374232794055e-03 6.480267669179989691e-03 6.487548561671599087e-03 6.487514235136087465e-03 6.487504649388847223e-03 6.487511305620654277e-03 6.487511958281036613e-03 6.487502570894754239e-03 6.480354420441475707e-03 6.487529227995180586e-03 6.487526284191582997e-03 6.487524989091053573e-03 6.487478221099646919e-03 6.487458649662546616e-03 6.487515680228374618e-03 6.487462951070895045e-03 6.487462785583580221e-03 6.480086485233959269e-03 6.480711802075528501e-03 6.487499607422226103e-03 6.487461502678621740e-03 6.487466229148340820e-03 6.487467937411854971e-03 6.479956451330291974e-03 6.487478104138424961e-03 6.487488355470821637e-03 6.479965050528819701e-03 6.487452289198579469e-03 6.480323450173759020e-03 6.479935477610518878e-03 6.487500697807421432e-03 6.487489333228101292e-03 6.480847397782379601e-03 6.480670493944755764e-03 6.479335280240803782e-03 6.487451478482642378e-03 6.487460593272475866e-03 6.487460199905327116e-03 6.480521238506575972e-03 6.487500324966399487e-03 6.487506899681835630e-03 6.487449387970615870e-03 6.479839032954319220e-03 6.487487649980961529e-03 6.487527186454293722e-03 6.487504810188123028e-03 6.487543194788666229e-03 6.487503487143483905e-03 6.487512706222131956e-03 6.487519053754051308e-03 6.478748239052430948e-03 6.487496251203210725e-03 6.487520779712212422e-03 6.487487006762993058e-03 6.487504169872580252e-03 6.487546078944372158e-03 6.487508727038494849e-03 6.487518018911410042e-03 6.487517411161322807e-03 6.487527500932659813e-03 6.481013042501575054e-03 6.487501467111706638e-03 6.487533879182571551e-03 6.487514866302116628e-03 6.487469496080531736e-03 6.487518237337951653e-03 6.487510114937630745e-03 6.487505667374432808e-03 6.487518010943806902e-03 6.487511666072418200e-03 6.487518059221413641e-03 6.487507329769452193e-03 6.487531588414504127e-03 6.487521930982184139e-03 6.478534371806976902e-03 6.487481510350829976e-03
6.487458422209367061e-03 6.487435147666392732e-03 6.482630364447459700e-03 6.482735570300367581e-03 6.482465489819775641e-03 6.482285903710998352e-03 6.487445818259508432e-03 6.487462587503093313e-03 6.481775752710662412e-03 6.482076614908141576e-03 6.480211578146608323e-03 0.000000000000000000e+00 6.487443374959252738e-03 6.482898063101518761e-03 6.481460782415472341e-03 6.487464947486353342e-03 6.482741565808985799e-03 6.487437033528505904e-03 6.482587120584667843e-03 6.487415288160042551e-03 6.480163287865876691e-03 6.481664258993994482e-03 6.482580551181673159e-03 6.482490847713968940e-03 6.482294960313501019e-03 6.482647250502651844e-03 6.482654383602859567e-03 6.481797281262364173e-03 6.487408152823179522e-03 6.487434617194634198e-03 6.482254588905105031e-03 6.482906184999164510e-03 6.487529568771454105e-03 6.487497761391429127e-03 6.487501990227047613e-03 6.487509818987657016e-03 6.487519916573931955e-03 6.482121748987046406e-03 6.487489957682108892e-03 6.487511705143164838e-03 6.487494142140478974e-03 6.487499945188530612e-03 6.487498154069412139e-03 6.487497868908270911e-03 6.480959279297286366e-03 6.487516957646892804e-03 6.487476067810376938e-03 6.487523158950138889e-03 6.487502398812055454e-03 6.482328389638495822e-03 6.487495604963383448e-03 6.487467727318760140e-03 6.487520622230668124e-03 6.487505794798193587e-03 6.487499624989103743e-03 6.482714630700046540e-03 6.487481687218639437e-03 6.487481613810230745e-03 6.487529293508318036e-03 6.487500848277229053e-03 6.487510679760367938e-03 6.487497721954268125e-03 6.487520527143052392e-03 6.487514307081921304e-03 6.481791346398271814e-03 6.487460257091039878e-03 6.487484798274155938e-03 6.487493711932910620e-03 6.482292797773746978e-03 6.487460243226559134e-03 6.487427707626782294e-03 6.481476051039771272e-03 6.482578339217819757e-03 6.487453360376384780e-03 6.487465285120569934e-03 6.487454367784712544e-03 6.487457995434001146e-03 6.481116723888799905e-03 6.481933204398030238e-03 6.487460440132616565e-03 6.482287315545970201e-03 6.487436586896612976e-03 6.481913211605816807e-03 6.482271186396953815e-03 6.487450718954877044e-03 6.482679558084965266e-03 6.481330421502048099e-03 6.487434044347431365e-03 6.482271219729287236e-03 6.487464232418734510e-03 6.482486040456554750e-03 6.487481177078331836e-03 6.482599985942299504e-03 6.482401613256400137e-03 6.487442241031071352e-03 6.487459518249496376e-03 6.487494597465443338e-03 6.487464888296192757e-03 6.487523138449143023e-03 6.487505705159616644e-03 6.487515994705645231e-03 6.487482896618107162e-03 6.487503502582007628e-03 6.482227928525850953e-03 6.487486371554138792e-03 6.482235426570020012e-03 6.487478643866051269e-03 6.487477621273197124e-03 6.487486105831673060e-03 6.487503924762942804e-03 6.487488711422424031e-03 6.487497192047182899e-03 6.487496136373206712e-03 6.487482493988990483e-03 6.487495461323259348e-03 6.487494656855694736e-03 6.487494850567909407e-03 6.487528498868212583e-03 6.487501817514426498e-03 6.483005854812954813e-03 6.487511964116694091e-03 6.487494987523483893e-03 6.482082024432915014e-03 6.487473451644197413e-03 6.487501169035373057e-03 6.487477960928087276e-03 6.487484581117488290e-03 6.487477940981470868e-03
