0.000000000000000000e+00 6.724787146939534624e-03 6.681747486046852973e-03 6.680411854176061294e-03 6.726022789744863159e-03 6.684897513531043618e-03 6.679201529066021957e-03 6.679164277956999018e-03 6.682574374167696112e-03 6.726059793901054649e-03 6.726227526594375297e-03 6.682391814686343759e-03 6.683482482248178161e-03 6.724445052528961984e-03 6.685055421177634079e-03 6.680023220202939427e-03 6.680863961120575914e-03 6.678757082074186432e-03 6.679835332201938987e-03 6.724441430758469965e-03 6.724678458922535816e-03 6.684536276616093349e-03 6.686860426953497062e-03 6.725449548414391687e-03 6.724812095819796692e-03 6.684196361014999033e-03 6.682553081504104611e-03 6.725850053356272756e-03 6.679298210585086874e-03 6.680140540761127059e-03 6.679213583322175969e-03 6.675331013778439820e-03 6.732263701344913184e-03 6.732413228351168295e-03 6.731851331499574820e-03 6.732280344665348554e-03 6.731942056965631305e-03 6.731852041275124786e-03 6.731939319140299409e-03 6.732897639603003213e-03 6.732037925946977690e-03 6.732536120197243554e-03 6.732383683003972594e-03 6.732084652618006669e-03 6.732414271188929752e-03 6.732265951319938921e-03 6.732419999138168805e-03 6.731760857500789820e-03 6.731708870523115708e-03 6.732835250452428276e-03 6.732346856792154749e-03 6.732421076400951256e-03 6.732895716159022735e-03 6.731427671979187469e-03 6.733130269121459857e-03 6.732096060266487027e-03 6.731671197363895028e-03 6.732369396051840829e-03 6.732563620931491556e-03 6.732303682092364606e-03 6.731579611155554671e-03 6.733205129546868811e-03 6.732124217477788303e-03 6.731901353446899557e-03 6.732199121680714458e-03 6.732188544961039030e-03 6.732310086637299795e-03 6.731655136634622470e-03 6.731912414598431593e-03 6.732638715619221857e-03 6.733451151809136115e-03 6.732330216917795269e-03 6.732442582647464070e-03 6.732759400486975666e-03 6.732407891510451547e-03 6.731795529471494913e-03 6.732219127529920875e-03 6.731949659259758856e-03 6.732603966543277037e-03 6.732179835106627541e-03 6.732383875277215060e-03 6.732274752348815089e-03 6.732270335837500438e-03 6.732097840932013515e-03 6.733027208472419818e-03 6.732603977305995878e-03 6.731829197120306994e-03 6.732123326940683307e-03 6.732217863154205638e-03 6.732629547875787664e-03 6.732349295026441097e-03 6.732315790203516337e-03 6.732654301961773537e-03 6.732034256308658780e-03 6.732711874236210932e-03 6.732304237379415322e-03 6.732774240015853943e-03 6.732181795940936700e-03 6.732825910577397779e-03 6.732354038627188543e-03 6.731850168949470026e-03 6.732594302872494177e-03 6.732353720762611869e-03 6.732956689243878995e-03 6.732075498092968471e-03 6.732553221198263327e-03 6.732429559693232576e-03 6.731509506242618242e-03 6.732601617435709715e-03 6.732858456837381711e-03 6.732881494678214646e-03 6.731569846165080459e-03 6.732810146141220316e-03 6.731968601773138765e-03 6.732591649624702565e-03 6.732520236522774107e-03 6.731803603566050183e-03 6.732727476605712344e-03 6.732226918753982624e-03 6.732039355212021681e-03 6.732300619344129891e-03 6.731951383842122057e-03 6.732457074904267535e-03 6.732676366327610545e-03 6.732566270970714341e-03 6.733850119206216504e-03 6.731970147390915760e-03 6.733165517693606023e-03
6.724787146939534624e-03 0.000000000000000000e+00 6.684147922236226280e-03 6.725511304334488155e-03 6.725402156384939836e-03 6.688216843767999346e-03 6.681613102901435945e-03 6.681353917061718349e-03 6.684630870426253209e-03 6.681251433422580842e-03 6.684680248565044551e-03 6.684868628986647549e-03 6.686686809652024090e-03 6.724213816407742343e-03 6.687138251309733897e-03 6.725013837119572617e-03 6.684069219158420526e-03 6.680217384456204298e-03 6.725655721351542389e-03 6.683734171805454614e-03 6.682870428104064828e-03 6.687192837737807732e-03 6.724776856881514546e-03 6.724408796223445978e-03 6.674946627968901015e-03 6.686791771239909699e-03 6.685220491630134571e-03 6.682883798106126032e-03 6.681305703834096270e-03 6.682589348113953526e-03 6.681627668720534555e-03 6.676913392665607093e-03 6.732702860102065222e-03 6.732855667755738120e-03 6.731841049729665391e-03 6.732721226261230776e-03 6.732381919055979713e-03 6.732297169738963270e-03 6.732788573614654007e-03 6.733338035129414305e-03 6.732486834455667958e-03 6.732978821055429081e-03 6.733030016365407384e-03 6.732532048609686862e-03 6.732857517758787311e-03 6.732708517246397198e-03 6.732865985250529803e-03 6.732420667018275927e-03 6.732157750793709219e-03 6.733277037877180744e-03 6.732801158111951546e-03 6.732869690559361263e-03 6.733340045355549162e-03 6.731873769506162113e-03 6.733573280738310712e-03 6.732540181617455849e-03 6.732112311534007958e-03 6.732817820705671273e-03 6.733007980338243798e-03 6.732742107864937361e-03 6.732024794019894620e-03 6.733646158341686366e-03 6.732570398929864190e-03 6.732716683419969622e-03 6.732641371714534299e-03 6.732620186133350844e-03 6.732746137829815659e-03 6.732102272498882191e-03 6.732344042639854670e-03 6.733075248496258117e-03 6.733561442102576657e-03 6.732764894110723417e-03 6.732875824303334936e-03 6.733192416138422155e-03 6.733048216904040893e-03 6.732228759614235052e-03 6.732871207434036609e-03 6.732386988797023353e-03 6.733041450039536392e-03 6.732620739700372059e-03 6.732815140597024975e-03 6.732354714785331040e-03 6.732703569930987425e-03 6.732532740800566996e-03 6.733458543630657309e-03 6.733037066366129482e-03 6.732263317692340800e-03 6.732560054422875341e-03 6.732649534501968999e-03 6.733062685724820404e-03 6.732780178144130365e-03 6.732749751559172213e-03 6.732748741610517992e-03 6.732468434635494395e-03 6.733147555797317114e-03 6.732742194449518880e-03 6.733207321346742352e-03 6.732628023207862765e-03 6.733261307801817822e-03 6.732792702913809220e-03 6.732298972862841777e-03 6.733030279138373965e-03 6.733183037506089604e-03 6.733392085619151896e-03 6.732513943405710188e-03 6.732988747335184702e-03 6.732862732359128251e-03 6.731947837978717077e-03 6.732681630837026622e-03 6.733294168804233523e-03 6.733318689842876688e-03 6.732017863265084279e-03 6.733251007743113435e-03 6.732418660730963428e-03 6.733024791538920126e-03 6.732958759817321732e-03 6.732247855126845433e-03 6.733167807135492094e-03 6.732660099295784822e-03 6.732475575170177896e-03 6.732736648479517930e-03 6.732399290003373768e-03 6.732570444325792526e-03 6.733112341876883872e-03 6.733012306394830539e-03 6.734288108885908702e-03 6.732414856197813970e-03 6.733601301174126953e-03
6.681747486046852973e-03 6.684147922236226280e-03 0.000000000000000000e+00 6.725516338461733426e-03 6.725068530236818706e-03 6.689758339253120897e-03 6.683883299654024522e-03 6.683172411191457864e-03 6.686459159662577929e-03 6.682774979153897552e-03 6.725918001439922835e-03 6.686602894104718038e-03 6.725568394996860218e-03 6.688193044087409334e-03 6.689299482439231039e-03 6.684267993861717563e-03 6.684824121360328705e-03 6.683412848092434508e-03 6.684427693198319656e-03 6.685566121931761988e-03 6.725116688841097611e-03 6.688634275267787456e-03 6.691597755244120364e-03 6.682484151777899097e-03 6.676839648140923261e-03 6.688411534519042752e-03 6.687051439578240407e-03 6.684823222704079464e-03 6.724778957254421395e-03 6.684055465356920044e-03 6.683440746880930060e-03 6.679048037966136241e-03 6.732979912671872152e-03 6.733129307669323202e-03 6.732117235594023592e-03 6.732998252824426780e-03 6.732655874823349762e-03 6.732575606920560007e-03 6.732672484607442158e-03 6.733611068731389093e-03 6.732758461698055800e-03 6.733253951949973518e-03 6.733108904225081764e-03 6.732807514161857562e-03 6.733130473387563888e-03 6.732982300456140205e-03 6.733137718701123937e-03 6.732486235229589479e-03 6.732434705020470637e-03 6.733548596526234449e-03 6.733070165034478992e-03 6.733141303499010424e-03 6.733611417613968170e-03 6.732148904876333016e-03 6.733846015938895098e-03 6.732812414678270366e-03 6.732387747260852422e-03 6.733095823096582784e-03 6.733279704290078514e-03 6.733012610647616698e-03 6.732306250991532647e-03 6.733920675462213949e-03 6.732842130700340474e-03 6.732988926615973702e-03 6.732928044031226585e-03 6.732909938549374966e-03 6.733033963000768785e-03 6.732686534930695105e-03 6.732630999750518347e-03 6.733360227017607703e-03 6.734163267455873896e-03 6.733048635740461300e-03 6.733160934311505086e-03 6.733477592538828632e-03 6.733138276116396731e-03 6.732514127275986832e-03 6.732949786158654026e-03 6.732674118874933458e-03 6.733325473866708967e-03 6.732901578762141848e-03 6.733105375213459774e-03 6.732984184946450533e-03 6.732988712732178478e-03 6.732819643633607479e-03 6.733745178094371897e-03 6.733322206418606952e-03 6.732557418892586541e-03 6.732841884384225400e-03 6.732939556316661425e-03 6.733347794912334511e-03 6.733066615174160968e-03 6.733044895153168265e-03 6.733366743896773352e-03 6.732756019552187457e-03 6.733433148550991426e-03 6.733025918848169547e-03 6.733494221263751703e-03 6.733193248813966990e-03 6.733546005610391467e-03 6.733074829978198499e-03 6.732880246684501066e-03 6.733315317911010150e-03 6.733089731808836881e-03 6.733677300563376683e-03 6.732791599578265632e-03 6.733274244739614889e-03 6.733152810454009519e-03 6.732232934853353903e-03 6.732971473242380968e-03 6.733576156323881588e-03 6.733604388552553652e-03 6.732299675200675501e-03 6.733532770625618412e-03 6.732707669803801934e-03 6.733314659298417736e-03 6.733241278658572831e-03 6.732533984345262165e-03 6.733453094358709569e-03 6.732945889488186827e-03 6.732762899893857123e-03 6.733021705468930293e-03 6.732684548282028350e-03 6.733178369827354758e-03 6.733399332591561218e-03 6.733573699672728251e-03 6.734574902298567575e-03 6.732699572950798760e-03 6.733886108702116444e-03
6.680411854176061294e-03 6.725511304334488155e-03 6.725516338461733426e-03 0.000000000000000000e+00 6.682293758501537360e-03 6.687985214067242688e-03 6.681778280565831181e-03 6.725174115896039723e-03 6.725479322984465914e-03 6.680755523643336184e-03 6.684477421005747926e-03 6.685089730178677900e-03 6.687408653009655618e-03 6.686298804778929503e-03 6.687175784647278638e-03 6.682931608029370370e-03 6.683411785358400921e-03 6.682178614253432396e-03 6.725688937771485965e-03 6.725455482433910503e-03 6.682278220092013020e-03 6.686820265777223583e-03 6.689978402731066448e-03 6.680240391337074340e-03 6.726508832604186951e-03 6.687162277245713334e-03 6.684414362403308385e-03 6.682465609256736487e-03 6.681844737119984994e-03 6.725556338895710695e-03 6.681176436343308316e-03 6.726035526486626864e-03 6.732043634611181368e-03 6.732200344879743503e-03 6.731161466565536468e-03 6.732370878797837993e-03 6.732049547204442715e-03 6.732294885943667165e-03 6.732133729839244983e-03 6.732989662298917953e-03 6.731815670668787367e-03 6.732634674177825039e-03 6.732178483043975599e-03 6.731871374146916956e-03 6.732191010659782301e-03 6.732033654626495486e-03 6.732521645850629045e-03 6.731531635480502221e-03 6.731811171908324253e-03 6.732926041253622235e-03 6.732136200863262331e-03 6.732210889282796464e-03 6.732684076426988067e-03 6.731159336207604739e-03 6.732911574130165562e-03 6.731872837562315366e-03 6.731420892596209730e-03 6.732165844588517203e-03 6.732348888531537387e-03 6.731671065355464799e-03 6.731913051098725037e-03 6.732987336513149117e-03 6.732219735430591649e-03 6.691640880129745561e-03 6.732342720506461452e-03 6.732319035386631623e-03 6.732447204687864659e-03 6.731798013128420001e-03 6.732046447173954326e-03 6.732772696199492736e-03 6.733261064962778146e-03 6.732467422666891729e-03 6.732573268097996437e-03 6.732889965556380224e-03 6.732553063111160023e-03 6.731926563536523057e-03 6.732366243912859573e-03 6.731751271566767565e-03 6.732740342344417650e-03 6.732309647965541155e-03 6.732517966240682446e-03 6.732054150479956089e-03 6.732398609075028809e-03 6.732231794141397586e-03 6.733155293054874854e-03 6.732731433916695589e-03 6.731967682994811908e-03 6.732254881990687966e-03 6.732348442743114718e-03 6.732759945123073173e-03 6.732478912564787699e-03 6.732454101333080511e-03 6.732453000597345312e-03 6.732167551371997377e-03 6.732845852835158719e-03 6.732439637013255297e-03 6.732912866667567324e-03 6.732339631076303572e-03 6.732966938540839615e-03 6.732498112903845082e-03 6.732010641739573885e-03 6.732735777439155696e-03 6.732887914667508300e-03 6.733097705029335647e-03 6.732219260598483988e-03 6.732694205981765503e-03 6.732568196247136136e-03 6.731656536210931484e-03 6.732385980284875428e-03 6.732999719548855323e-03 6.733020512625415357e-03 6.731719677205008807e-03 6.732956217855651064e-03 6.732131328040509392e-03 6.732730341418237570e-03 6.732664307660480608e-03 6.731957332817672945e-03 6.732871660638917351e-03 6.732365531081917730e-03 6.732180897822758782e-03 6.732442106691049165e-03 6.732104788536389002e-03 6.732272862793564107e-03 6.732817946606919901e-03 6.732723943594977681e-03 6.733993964381187504e-03 6.732119463817761926e-03 6.733306933873809547e-03
6.726022789744863159e-03 6.725402156384939836e-03 6.725068530236818706e-03 6.682293758501537360e-03 0.000000000000000000e+00 6.725482036411342332e-03 6.682050725439388390e-03 6.682278821193644164e-03 6.724833790545264173e-03 6.680408074494896889e-03 6.684237567175972845e-03 6.685561292213764925e-03 6.686927455205835327e-03 6.686050735261500795e-03 6.687442808698268980e-03 6.682401400319976092e-03 6.725510018118861094e-03 6.682086918896239756e-03 6.682608225226812498e-03 6.684630066882829569e-03 6.683025699132469355e-03 6.687273812959403443e-03 6.689853382124177732e-03 6.680686094827408862e-03 6.676105639440289667e-03 6.688007726639066779e-03 6.685185529675070903e-03 6.682143443187981736e-03 6.724823421153270676e-03 6.725132400297000393e-03 6.681851965248588460e-03 6.725587327752537668e-03 6.732590453420536462e-03 6.732257450251541951e-03 6.731722525874826203e-03 6.732088689600961191e-03 6.731775179731941741e-03 6.732507758236879955e-03 6.731777273680160552e-03 6.733199970277757053e-03 6.731855021349588027e-03 6.732846166215351175e-03 6.732693115407690013e-03 6.732412647896621020e-03 6.732724237708201040e-03 6.732090001566126171e-03 6.732239618638653431e-03 6.731579088688066995e-03 6.732036390322482071e-03 6.733153648513491574e-03 6.732541574864561208e-03 6.732252013287591715e-03 6.732722614946741978e-03 6.731197642265222304e-03 6.733427893186671488e-03 6.731921492933850074e-03 6.731463903022788520e-03 6.732938680681349770e-03 6.732891356097762785e-03 6.685151352634040312e-03 6.731951925937746523e-03 6.733040024078621073e-03 6.731942522677193501e-03 6.731737582730900650e-03 6.732581103621159031e-03 6.732558389046592283e-03 6.732675606452007133e-03 6.731516135927253716e-03 6.732282607164193945e-03 6.733007042189868840e-03 6.733492249493403144e-03 6.732703657005795726e-03 6.732812675628807586e-03 6.733129384225412795e-03 6.732782750499667276e-03 6.732165556492167476e-03 6.732599284548086184e-03 6.732313758944665112e-03 6.732974886099871506e-03 6.732546939675147432e-03 6.732748992422298191e-03 6.732290463977043567e-03 6.732639346794254236e-03 6.732466251378903255e-03 6.733393680321157759e-03 6.732973684069059814e-03 6.732204622135349627e-03 6.732495768118524314e-03 6.732582861670098964e-03 6.732994745752770259e-03 6.732713251223984736e-03 6.732685888608032181e-03 6.732681061643455006e-03 6.732402247195592299e-03 6.733075950274263616e-03 6.732669337232830356e-03 6.733161753578698235e-03 6.732581111139330880e-03 6.733210627609368011e-03 6.732742506235675668e-03 6.732243597154948488e-03 6.732981822341248777e-03 6.732741806393736927e-03 6.733343967938386701e-03 6.732458412509781734e-03 6.732937720150576795e-03 6.732812694578362185e-03 6.731903395443805324e-03 6.732851938369870289e-03 6.733243257612459877e-03 6.733264004956502312e-03 6.732351465727520051e-03 6.733190725447322014e-03 6.732375422507407177e-03 6.732979154536856449e-03 6.732903324138042947e-03 6.732204940665025353e-03 6.733109056641694082e-03 6.732610166190549153e-03 6.732424228524414543e-03 6.732681145533993619e-03 6.732595745184875684e-03 6.732868566548815166e-03 6.733061284158899790e-03 6.732965400464838851e-03 6.734238211096604636e-03 6.732362767457579673e-03 6.733552808434780344e-03
6.684897513531043618e-03 6.688216843767999346e-03 6.689758339253120897e-03 6.687985214067242688e-03 6.725482036411342332e-03 0.000000000000000000e+00 6.687536932429322990e-03 6.686990042451162672e-03 6.725094504352591845e-03 6.686458604331690751e-03 6.725632837597942011e-03 6.690381745776225082e-03 6.692273441445301639e-03 6.691658065777897520e-03 6.692995742833434715e-03 6.688350982410654587e-03 6.688855713524240187e-03 6.687364574710345615e-03 6.688417779255541491e-03 6.724617678354379187e-03 6.687896314644812407e-03 6.692167206376397476e-03 6.695352237004848807e-03 6.685818176752368440e-03 6.725767447090071245e-03 6.692177043693777437e-03 6.690550068157728562e-03 6.687981000201743097e-03 6.687140864205403691e-03 6.688122655808348936e-03 6.687169671511293371e-03 6.683137568492539954e-03 6.732885173616556113e-03 6.733046703329461855e-03 6.732043205497582547e-03 6.732892965393809034e-03 6.732896027278509679e-03 6.732802250173361598e-03 6.732920770645275770e-03 6.733529029384918360e-03 6.733000041956001443e-03 6.733159188336292587e-03 6.733034602709187834e-03 6.732733044341129153e-03 6.733043337824697223e-03 6.732887988966416472e-03 6.733050125727648751e-03 6.732731035770468664e-03 6.732367645415211245e-03 6.733462139755952425e-03 6.733008653132909263e-03 6.733058662927859407e-03 6.733835918409146991e-03 6.732009902216706462e-03 6.733762023272150607e-03 6.733040924948239560e-03 6.732270276184908545e-03 6.697377044059853006e-03 6.733506815590199757e-03 6.733249435041454428e-03 6.732247768872067807e-03 6.734135511729424928e-03 6.732757918416376608e-03 6.732581536131035035e-03 6.733219896547133765e-03 6.733186652976151827e-03 6.733296196304994555e-03 6.732682026346951780e-03 6.732917781805894050e-03 6.733640674222657677e-03 6.734441038791203621e-03 6.733332163691888896e-03 6.733444299179043406e-03 6.733760922470691940e-03 6.733428038154987486e-03 6.732800714191303909e-03 6.733238478041748444e-03 6.732949479419712488e-03 6.733605916940153292e-03 6.732856917334775586e-03 6.733384752565641992e-03 6.733265309604757193e-03 6.733272719526871460e-03 6.733100091725612892e-03 6.734028138251062050e-03 6.733602303199742213e-03 6.732843658807499514e-03 6.733122989922975428e-03 6.733222886726095840e-03 6.733630894597036204e-03 6.733343576148667110e-03 6.733339191047831712e-03 6.733641828678191450e-03 6.733039802454339647e-03 6.733713938222805548e-03 6.733303035916367481e-03 6.732887095271714029e-03 6.732354585170527775e-03 6.733402128308695576e-03 6.732748523730945102e-03 6.732757149864998687e-03 6.732705759990439791e-03 6.732531379859417291e-03 6.733074910869533795e-03 6.732137616958791364e-03 6.733135089384995400e-03 6.732530955950550948e-03 6.731602959516642080e-03 6.698197834904187804e-03 6.733427024016090494e-03 6.733012962860743418e-03 6.732496295520623737e-03 6.733681711705727380e-03 6.732145066925753277e-03 6.732698035846281306e-03 6.732615144247311965e-03 6.731910726001088911e-03 6.733600186075341942e-03 6.732304702851354961e-03 6.732630822011306977e-03 6.732865577868980302e-03 6.691371944178674258e-03 6.732606769901105029e-03 6.733254948428253617e-03 6.732742489935521733e-03 6.734250871978221184e-03 6.732880438325831475e-03 6.733293900945327461e-03
6.679201529066021957e-03 6.681613102901435945e-03 6.683883299654024522e-03 6.681778280565831181e-03 6.682050725439388390e-03 6.687536932429322990e-03 0.000000000000000000e+00 6.680251865604630405e-03 6.684184092928045599e-03 6.726176809220067200e-03 6.726539233292062013e-03 6.683997334155403550e-03 6.684971871729471216e-03 6.685678168670299536e-03 6.725529729876627942e-03 6.680699602077628217e-03 6.682098392436813111e-03 6.679728280069969180e-03 6.725806082153272872e-03 6.683789377047790435e-03 6.681961247102619766e-03 6.725751064410285564e-03 6.688621342384182267e-03 6.725759442330782670e-03 6.673442506381951043e-03 6.725312998573956813e-03 6.725259398226956543e-03 6.681878740866733883e-03 6.680295111846856586e-03 6.724797517207881797e-03 6.679567940851350791e-03 6.725328197819770149e-03 6.732515585460089810e-03 6.732668715939852354e-03 6.732099650797703123e-03 6.732523881796997206e-03 6.732191970889262432e-03 6.732110121825876994e-03 6.732598808897063275e-03 6.733152330435346680e-03 6.732291503856772767e-03 6.732786617641452892e-03 6.732644577728807804e-03 6.732610092012078495e-03 6.732673501041929083e-03 6.732521363768787653e-03 6.732671165951005510e-03 6.732013274797509633e-03 6.732238553888970911e-03 6.733092195154620312e-03 6.732600911900899453e-03 6.732676534159084090e-03 6.733150925426791868e-03 6.731670969405639457e-03 6.733389332571781093e-03 6.732343933306006271e-03 6.731920124221331750e-03 6.732635136876898539e-03 6.732822944491650974e-03 6.732159656877441910e-03 6.732371269010304499e-03 6.733457110330902384e-03 6.732375157060950695e-03 6.732467468804667621e-03 6.732719319023415180e-03 6.732436920360499247e-03 6.732551082470063578e-03 6.731903872841231602e-03 6.732159219937345826e-03 6.732887399014944249e-03 6.733702318943927956e-03 6.732579382026287161e-03 6.732691357839374301e-03 6.733010489439333890e-03 6.732663512372534000e-03 6.732045054984679006e-03 6.732467131102756915e-03 6.732198674488944733e-03 6.732855079914992422e-03 6.732429191124330616e-03 6.732631121355883881e-03 6.732524124741978179e-03 6.732519669131781410e-03 6.732346631241468114e-03 6.733278335854409914e-03 6.732855198833716248e-03 6.732354988048445434e-03 6.732372679813124552e-03 6.732464945371260945e-03 6.732880708740464001e-03 6.732600485707459538e-03 6.732833386408594925e-03 6.732905543396589844e-03 6.732283106033945877e-03 6.732960997756058837e-03 6.732553326855219601e-03 6.732617204822148593e-03 6.732037708916516379e-03 6.732660259359283736e-03 6.732181199363519025e-03 6.732050939960925774e-03 6.732434109644028046e-03 6.732604496376764884e-03 6.732797745064603330e-03 6.732263853680654428e-03 6.732380416717254068e-03 6.732611085432893723e-03 6.731709428220456273e-03 6.732092794956370113e-03 6.732705735223140468e-03 6.732731332318678263e-03 6.731769675396006777e-03 6.732658221448790600e-03 6.689669866000374360e-03 6.732433473880285180e-03 6.732348046566722678e-03 6.731927166317629337e-03 6.732581039528494696e-03 6.732042372350818295e-03 6.732232464452508891e-03 6.732127495763061756e-03 6.731797333786594152e-03 6.732648256215641516e-03 6.732525167725271660e-03 6.732759838612242635e-03 6.734025586460428217e-03 6.732094395854734507e-03 6.733009961296821527e-03
6.679164277956999018e-03 6.681353917061718349e-03 6.683172411191457864e-03 6.725174115896039723e-03 6.682278821193644164e-03 6.686990042451162672e-03 6.680251865604630405e-03 0.000000000000000000e+00 6.683264673135996987e-03 6.678959536326246373e-03 6.683549569159730197e-03 6.683112688281791537e-03 6.685792895883564679e-03 6.685369768346689258e-03 6.725732547270869138e-03 6.682008365778907728e-03 6.726913757202949810e-03 6.679911935473417661e-03 6.725982219847017468e-03 6.683089112241340918e-03 6.724771683550647555e-03 6.724460090480016521e-03 6.688748296618664095e-03 6.678724635026382639e-03 6.725215795872637424e-03 6.685216236623730927e-03 6.724915214252393317e-03 6.681099088624600085e-03 6.680141164094164155e-03 6.681236450263177556e-03 6.724438374937747633e-03 6.675767490985314023e-03 6.732516321046128072e-03 6.732665240746708683e-03 6.731636832197201818e-03 6.732526682766535979e-03 6.732189297876378480e-03 6.732099142985205342e-03 6.732600925160500335e-03 6.733143815793351736e-03 6.732292435126949193e-03 6.732789238551075903e-03 6.732644560896007026e-03 6.732598741337959998e-03 6.732670185628901634e-03 6.732518117642153667e-03 6.732666984733221179e-03 6.732012307200343181e-03 6.732238016904436816e-03 6.733086317556046668e-03 6.732968640178622552e-03 6.732674810497303076e-03 6.733147527392400675e-03 6.731676692313674944e-03 6.733385976224735316e-03 6.732345190623107399e-03 6.731918458739274795e-03 6.732628715689754906e-03 6.732819435959949694e-03 6.732162456479680313e-03 6.731828312647943589e-03 6.733453699186626486e-03 6.732373505912785452e-03 6.732821331433084047e-03 6.732443685120353960e-03 6.732426698111663652e-03 6.732551007822000673e-03 6.731902114685188107e-03 6.732150221834807581e-03 6.732879919820875490e-03 6.733368030324417448e-03 6.732571762154498062e-03 6.732680597990225481e-03 6.732999670656031506e-03 6.732655905485271548e-03 6.732036002372620599e-03 6.732468039272630420e-03 6.732193166276420615e-03 6.732850090729492788e-03 6.732423670290990647e-03 6.732624235652157930e-03 6.732161296996439989e-03 6.732513298946808146e-03 6.732339134949020219e-03 6.733267339142115677e-03 6.732844382888052842e-03 6.732345817844805590e-03 6.732369654182707337e-03 6.732456054460715829e-03 6.732869924279377694e-03 6.732588814544759187e-03 6.732823644968663306e-03 6.732556729790111806e-03 6.732274853091819306e-03 6.732952741619687917e-03 6.732547155856535327e-03 6.733024174221639499e-03 6.732443814857940086e-03 6.733075489362378568e-03 6.732606817722051017e-03 6.732107872837169923e-03 6.732846932799647216e-03 6.732999921703766190e-03 6.733206244593916562e-03 6.732320709283923232e-03 6.732802807768840936e-03 6.732672447885294266e-03 6.731753379042973266e-03 6.732481297077775803e-03 6.733110909201176636e-03 6.733127195983256742e-03 6.732231364750305459e-03 6.733065182591030720e-03 6.732218610472763369e-03 6.732838862057795477e-03 6.732768361778813590e-03 6.732054218197379772e-03 6.732978472918741200e-03 6.732469554131632547e-03 6.732292460902493218e-03 6.732548791229597991e-03 6.732206426778883195e-03 6.732746826112417579e-03 6.732929209400291722e-03 6.732830628926587437e-03 6.734102663996834569e-03 6.732503818447763480e-03 6.733418104777277695e-03
6.682574374167696112e-03 6.684630870426253209e-03 6.686459159662577929e-03 6.725479322984465914e-03 6.724833790545264173e-03 6.725094504352591845e-03 6.684184092928045599e-03 6.683264673135996987e-03 0.000000000000000000e+00 6.682592923875926502e-03 6.687140247800391589e-03 6.687365019720504546e-03 6.688661721929129583e-03 6.688650259647682672e-03 6.688908611754896226e-03 6.684948017316152437e-03 6.725478870561223815e-03 6.683830015291698443e-03 6.683583388760076967e-03 6.686488541838421333e-03 6.685161709803021275e-03 6.689102213065856346e-03 6.692039301334232193e-03 6.683264776898139962e-03 6.677447901252464568e-03 6.689805930172757452e-03 6.687001963031426882e-03 6.725119081744011622e-03 6.682684123945896448e-03 6.683589550788831407e-03 6.725622309067372934e-03 6.725122751522974972e-03 6.732357693056878825e-03 6.732524027011326483e-03 6.731983576745006331e-03 6.732850854135496131e-03 6.732034908361010997e-03 6.687613459532034191e-03 6.732044402312314935e-03 6.732983302139548300e-03 6.732134087155266372e-03 6.732603406148402435e-03 6.732967311605378077e-03 6.732669135418626986e-03 6.732983121818122106e-03 6.732846289339729923e-03 6.732505815355293438e-03 6.732353211616190665e-03 6.732293713492185777e-03 6.732923030685334514e-03 6.733277070139536725e-03 6.732529171002714710e-03 6.733001954925461364e-03 6.731474458753796547e-03 6.733230588369654851e-03 6.732189748018020323e-03 6.731718986061237253e-03 6.732714405045296668e-03 6.732669535333431383e-03 6.732870743198036273e-03 6.732211758513509045e-03 6.733315574359585200e-03 6.732702090559784629e-03 6.732848182444942445e-03 6.732847555348807009e-03 6.732813249335751517e-03 6.732939005104060688e-03 6.732301515498520170e-03 6.732540933178862708e-03 6.733270457849160028e-03 6.733766918167552809e-03 6.732961915706676265e-03 6.733071208464481983e-03 6.733387752534941012e-03 6.733050457285050944e-03 6.732419691862097898e-03 6.732867082614828191e-03 6.732583439670548550e-03 6.733238070155063947e-03 6.732811314556337579e-03 6.733012411203431573e-03 6.732560341366020801e-03 6.732900947828382617e-03 6.732729889705866069e-03 6.733651956344269621e-03 6.733227757893668446e-03 6.732463681347931363e-03 6.732757333743773741e-03 6.732846323935017495e-03 6.733253148080118287e-03 6.732976495847459338e-03 6.732949978616200454e-03 6.732955811033679121e-03 6.732665687512386088e-03 6.733339181307544143e-03 6.732937042395312557e-03 6.733422027630784137e-03 6.732844113875653680e-03 6.733470955562598746e-03 6.733000244212450879e-03 6.732504081685853660e-03 6.733242090429895736e-03 6.732998964876354617e-03 6.733604172001922059e-03 6.732718928522772942e-03 6.733198165719287386e-03 6.733073110709762547e-03 6.732166916144311820e-03 6.733466151352374661e-03 6.733503526625971188e-03 6.733524357918080870e-03 6.732606238805169570e-03 6.733448370268323331e-03 6.732645317559063022e-03 6.733239498315032705e-03 6.733163645660488958e-03 6.732468106829711876e-03 6.733366842285462908e-03 6.732870678353896667e-03 6.732684620333455675e-03 6.732941620709715497e-03 6.732849208388277940e-03 6.733137400670420603e-03 6.733321578402165150e-03 6.733228274905426504e-03 6.734495702154268820e-03 6.732623623910556111e-03 6.733812899944490067e-03
6.726059793901054649e-03 6.681251433422580842e-03 6.682774979153897552e-03 6.680755523643336184e-03 6.680408074494896889e-03 6.686458604331690751e-03 6.726176809220067200e-03 6.678959536326246373e-03 6.682592923875926502e-03 0.000000000000000000e+00 6.681518374337179315e-03 6.725338870764745874e-03 6.726270200179520001e-03 6.684013936016405810e-03 6.684664438917952214e-03 6.680847116365361098e-03 6.726126134646731938e-03 6.725931994792254745e-03 6.679508165208890638e-03 6.682531542195276758e-03 6.725136363582951554e-03 6.684306172157615522e-03 6.687504027277576396e-03 6.677389312350643334e-03 6.726370042301070377e-03 6.684410621029217639e-03 6.682215530648903321e-03 6.679998664414137782e-03 6.679412456428506124e-03 6.724894701602444035e-03 6.725605310895532360e-03 6.726601791888433754e-03 6.731599101261778913e-03 6.731772670303557034e-03 6.683323009161344121e-03 6.732084242758418560e-03 6.731292335489315846e-03 6.731665408159009586e-03 6.731745940418846878e-03 6.732247524230029409e-03 6.731847831285921180e-03 6.732342368984684487e-03 6.731750424608295459e-03 6.731426308183297881e-03 6.731762601359390745e-03 6.731616467462327690e-03 6.732224329123638260e-03 6.731101108888759739e-03 6.731511109406940890e-03 6.732181571325848018e-03 6.732070224196578558e-03 6.732226214058672706e-03 6.732252572863061009e-03 6.731241198395863760e-03 6.732485600509249823e-03 6.731435520589386726e-03 6.730972483734228885e-03 6.731737198877066515e-03 6.731912251639377356e-03 6.731724792522758918e-03 6.731939291717044770e-03 6.732561884407189598e-03 6.731931472668025405e-03 6.731252933932407173e-03 6.732055942852431356e-03 6.732040521349935344e-03 6.732164327561554820e-03 6.731826973544318728e-03 6.731760310545480651e-03 6.732497786977175748e-03 6.732971670044807753e-03 6.732181626213619430e-03 6.732291043966367496e-03 6.732611913783501448e-03 6.732269799703588867e-03 6.731639094957980914e-03 6.732082325435236395e-03 6.731804562093957403e-03 6.732461153898760403e-03 6.732028310988544956e-03 6.732235292943684543e-03 6.731765639146728396e-03 6.732117831570630200e-03 6.731952702801123102e-03 6.732872269608671315e-03 6.732447751024852461e-03 6.731677840153502471e-03 6.731974130718120300e-03 6.732073511274353460e-03 6.732477594158955275e-03 6.731731207024572311e-03 6.732165403993236458e-03 6.732159995221501277e-03 6.731892692610906732e-03 6.732566765188208527e-03 6.732160322493871939e-03 6.732652816820646272e-03 6.732358365162874683e-03 6.732704250355728282e-03 6.732232741848994013e-03 6.732037493293346886e-03 6.732469511187749722e-03 6.732220362266121312e-03 6.732835718641324782e-03 6.731941370010259378e-03 6.732427853469268378e-03 6.732299378551500658e-03 6.731729232689267692e-03 6.732111382088998286e-03 6.732734633906383749e-03 6.732755085954947143e-03 6.731849021418393787e-03 6.732686160468309526e-03 6.732252088928122012e-03 6.732473034919873520e-03 6.732390579280103475e-03 6.731686698651033474e-03 6.732607040397367570e-03 6.732095229447683515e-03 6.731913506531436546e-03 6.732170952971105668e-03 6.731837439402519642e-03 6.732361624721496830e-03 6.732553620973626314e-03 6.732736010336387578e-03 6.733731348566264138e-03 6.731850207328937165e-03 6.733044905000661745e-03
6.726227526594375297e-03 6.684680248565044551e-03 6.725918001439922835e-03 6.684477421005747926e-03 6.684237567175972845e-03 6.725632837597942011e-03 6.726539233292062013e-03 6.683549569159730197e-03 6.687140247800391589e-03 6.681518374337179315e-03 0.000000000000000000e+00 6.686947679055693129e-03 6.726534248281018299e-03 6.688004466865464688e-03 6.689056287153408338e-03 6.726404281024975923e-03 6.726858041122818314e-03 6.683304230919773041e-03 6.684722109145470152e-03 6.725481809853235855e-03 6.683747779384090551e-03 6.688557624117169760e-03 6.692069566397105575e-03 6.681242515209655751e-03 6.726610863979577172e-03 6.725395986435811838e-03 6.686999297045660533e-03 6.684374140837727636e-03 6.683387685008938296e-03 6.725988799333735939e-03 6.684067030547020775e-03 6.679343809890892110e-03 6.732573730767738365e-03 6.732723511419368145e-03 6.731710214503612046e-03 6.732600543101429323e-03 6.732247081675922333e-03 6.732190884869828328e-03 6.732280862856441020e-03 6.733205408649417176e-03 6.732356464520086563e-03 6.732860203615447653e-03 6.732716976860609465e-03 6.732416292798838742e-03 6.732734181381826860e-03 6.732576397084045865e-03 6.732737966809304413e-03 6.732084425786293534e-03 6.732044947004608808e-03 6.733155117556891521e-03 6.733015065142730800e-03 6.732739313933234181e-03 6.733210007625639593e-03 6.731748548493666356e-03 6.733449967988857331e-03 6.732405570815573094e-03 6.731984867976461423e-03 6.732929548449644551e-03 6.732865496419986051e-03 6.732229726280560163e-03 6.731916716093939469e-03 6.733511250697402258e-03 6.732444360858453117e-03 6.732239954223012343e-03 6.732055633944411532e-03 6.731329685550434434e-03 6.731448975333649033e-03 6.731556432300149322e-03 6.730963280898736092e-03 6.732203134458883236e-03 6.696646954195711703e-03 6.731879006733458050e-03 6.731590550427780581e-03 6.731895655647769476e-03 6.731894721706052978e-03 6.730830966084374971e-03 6.732380911871001933e-03 6.731413966536388578e-03 6.732492371447749806e-03 6.732016453355227012e-03 6.731481602290286317e-03 6.687560438925846569e-03 6.731407512558070655e-03 6.731658061471737162e-03 6.732162272321300794e-03 6.731728742106085107e-03 6.730966361914250858e-03 6.731700570842207888e-03 6.731298983699238528e-03 6.731769804959512535e-03 6.731904927237510224e-03 6.731450889640627593e-03 6.691857056598443654e-03 6.731482202851842532e-03 6.732183137350476569e-03 6.732008624632165698e-03 6.732739348520653914e-03 6.732450782632039971e-03 6.733108153157166438e-03 6.732303396003325863e-03 6.732114504352036677e-03 6.732562955362443764e-03 6.732347947917704037e-03 6.733232885196299526e-03 6.732351061069916619e-03 6.732826075157311713e-03 6.732381327301769844e-03 6.731469202864437396e-03 6.732462174365671029e-03 6.732830694950541102e-03 6.732846157791026569e-03 6.731931235930693411e-03 6.733088616595204502e-03 6.732934364522988498e-03 6.732554848283511112e-03 6.732808772029463644e-03 6.732392966809399269e-03 6.732694423844165499e-03 6.732183731310639740e-03 6.731992037585136403e-03 6.732254434558931390e-03 6.732173508000666856e-03 6.693460239727473150e-03 6.732655880523055227e-03 6.732824705729291946e-03 6.733824874811751050e-03 6.731946764797013850e-03 6.733136235669615575e-03
6.682391814686343759e-03 6.684868628986647549e-03 6.686602894104718038e-03 6.685089730178677900e-03 6.685561292213764925e-03 6.690381745776225082e-03 6.683997334155403550e-03 6.683112688281791537e-03 6.687365019720504546e-03 6.725338870764745874e-03 6.686947679055693129e-03 0.000000000000000000e+00 6.726073059823849815e-03 6.688766673026489210e-03 6.689887005321956681e-03 6.685201081617177417e-03 6.685667177264206958e-03 6.682967698901883143e-03 6.726262856831832261e-03 6.687191004162091126e-03 6.684258970072082771e-03 6.688248722790115022e-03 6.725435369866630472e-03 6.681852786942812407e-03 6.726043955194774965e-03 6.688687459460541246e-03 6.686664980256705818e-03 6.684389943330268716e-03 6.725748124631930787e-03 6.684884438045103974e-03 6.724911081109104759e-03 6.679550583040730523e-03 6.732916745848509937e-03 6.733065701766714935e-03 6.732492435736484732e-03 6.732929697143746721e-03 6.732589348412338671e-03 6.732519524888335230e-03 6.732997010294242135e-03 6.733554159238998825e-03 6.732692743526311890e-03 6.733190951176614911e-03 6.733240999095239411e-03 6.732744494627683138e-03 6.733071155242937623e-03 6.732918429489593258e-03 6.733074521702676202e-03 6.732632293479298702e-03 6.732379213939461773e-03 6.733493287429898576e-03 6.733013298103578646e-03 6.733075657729617122e-03 6.733549823438900531e-03 6.732079484475476418e-03 6.733786687677054475e-03 6.732749778164210698e-03 6.732322428334067653e-03 6.733036640091188789e-03 6.733221844838051251e-03 6.732575795756368976e-03 6.732244314635792322e-03 6.733855963784036482e-03 6.732778802484106102e-03 6.732576681640844996e-03 6.732861528913790944e-03 6.732835918761138731e-03 6.732959501119599108e-03 6.732617926388686884e-03 6.732557290134877186e-03 6.733291477288924284e-03 6.733784839034522018e-03 6.732978134314236522e-03 6.733089079659745207e-03 6.733405619033137716e-03 6.733266061244502429e-03 6.732442066971329464e-03 6.733083725328417070e-03 6.732600588171364087e-03 6.733257697948451942e-03 6.732837033677874054e-03 6.733030978525201930e-03 6.732575031785411300e-03 6.732916822764246738e-03 6.732749149334924313e-03 6.733671741907492139e-03 6.733250300198989451e-03 6.732487192506637040e-03 6.732773312451994022e-03 6.732865842178087021e-03 6.733275882151831121e-03 6.733000542505210295e-03 6.732975093689467193e-03 6.732972186095985238e-03 6.732684753347825159e-03 6.733363702973498011e-03 6.732958414244263716e-03 6.732746865640763453e-03 6.733055895478900175e-03 6.732813504278997718e-03 6.732321001362225749e-03 6.732768654248797585e-03 6.733170437633890192e-03 6.733328360197642776e-03 6.732930979232966233e-03 6.732018814260838646e-03 6.733140383368289676e-03 6.733000869513511809e-03 6.683476901704793992e-03 6.732255447196980325e-03 6.732834585441684755e-03 6.732894751794315721e-03 6.732165692008146123e-03 6.732800165382370715e-03 6.732563791042926044e-03 6.732567037634601230e-03 6.733106742496673507e-03 6.731795357682338228e-03 6.732714319896740060e-03 6.732805555162832932e-03 6.732622555570237123e-03 6.732885787299758458e-03 6.731932427494319825e-03 6.732147613936952449e-03 6.733260315227898064e-03 6.733424370736621964e-03 6.733850780250039483e-03 6.731964716146831076e-03 6.733149523219585618e-03
