0.000000000000000000e+00 7.023569920736929748e-03 7.026395370138215600e-03 6.949666797168446881e-03 7.031228651458419805e-03 7.040159747742696580e-03 7.033400844715514966e-03 7.033240294232309155e-03 7.035130609105809743e-03 7.036314293094299809e-03 7.032606458136648683e-03 7.032808910307560002e-03 7.028733940665811419e-03 7.029178539842391785e-03 7.034748407467541001e-03 7.033210455933243226e-03 7.032831209508693185e-03 7.033454391237333944e-03 7.031423868279329699e-03 7.033020174515375311e-03 7.028795928331351903e-03 7.031622210925123247e-03 7.031350427486897023e-03 7.037305030941541639e-03 7.033008254006800283e-03 7.039670996283137194e-03 6.945250414206093070e-03 7.030262750707799539e-03 7.031632221170106868e-03 7.032163110325558714e-03 7.028279082382373616e-03 7.027883934112154340e-03 6.935198785002654950e-03 7.030378697188557208e-03 7.035796049891035291e-03 7.030451178373801902e-03 7.032399398437309129e-03 7.032383256173765917e-03 7.028760859517054101e-03 7.033509443274924000e-03 7.034631285989735756e-03 7.033779677934766036e-03 7.033704816758524526e-03 7.029429474147247739e-03 7.032129069596482901e-03 7.034835780560094558e-03 7.035510760372023185e-03 7.030898036219436140e-03 7.030940840213391330e-03 7.031551046724817192e-03 7.033856609182100386e-03 7.035496690023550041e-03 7.036405225249888103e-03 7.033925805464323611e-03 7.033041962107007203e-03 7.032341422586092100e-03 7.032639770352325584e-03 7.033607460564532572e-03 7.034815872235783418e-03 7.030084353938030606e-03 7.039537138332876628e-03 7.034364204154494940e-03 7.035234420250679327e-03 7.030393718902227043e-03 7.031706691486036380e-03 7.031666146253074540e-03 7.033120990655083483e-03 7.034471973199590833e-03 7.034020539428525488e-03 7.031543538831019208e-03 7.035429589134507833e-03 7.031355216755207083e-03 7.029736288148994219e-03 7.039224898008493263e-03 7.038090054156701143e-03 7.031228750543323282e-03 7.033167116119233044e-03 7.036921876471845423e-03 7.033812256737577776e-03 7.039335048383256466e-03 7.036688922344303508e-03 7.032952133464573895e-03 7.034174827768522806e-03 7.035549876871765619e-03 7.035008538757697022e-03 7.036694886168854898e-03 7.029842348159998783e-03 7.033548031411729698e-03 7.034289278112591109e-03 7.036864535799451995e-03 7.030690785435719965e-03 7.035828120720662680e-03 7.033686426755917862e-03 7.032744011640171093e-03 7.035337418332968107e-03 7.032862837958345041e-03 7.033654370589469129e-03 7.029558932513472677e-03 7.033538545638128199e-03 7.029558774261294822e-03 7.030222726704648747e-03 7.028448251421504783e-03 7.035060204615284883e-03 7.033881250626028252e-03 7.029849952005192901e-03 6.967908039289606378e-03 7.030922346579857041e-03 7.032575125189346847e-03 6.942506711374259176e-03 7.036056669020470701e-03 7.030095293051155485e-03 7.032074832242053188e-03 7.030884744029153657e-03 7.033985521173165799e-03 7.036097762317762572e-03 7.033377017523845601e-03 7.030916818944374889e-03 7.030010770625013186e-03 7.027831565698015349e-03 7.032301895370409242e-03 7.028177857378108649e-03 6.939055329673073959e-03 7.021780916465280437e-03 6.916333545558912485e-03 6.948403738443173494e-03 6.930571561288649193e-03 6.914478309850972081e-03 6.897138510659233356e-03
7.023569920736929748e-03 0.000000000000000000e+00 6.902856097235655908e-03 6.907903588298174025e-03 6.870028705465703461e-03 7.035797057905688809e-03 7.030529059396498776e-03 7.033290381892447554e-03 7.032749325199876174e-03 7.039412661687856516e-03 7.034143369947717071e-03 7.033471759087067850e-03 7.030101611785669405e-03 7.032211530313166661e-03 7.035576291110640784e-03 7.031916397221196074e-03 7.033495117512487439e-03 7.031542254819201331e-03 7.032644146113994389e-03 7.031368860945858522e-03 7.033184573784527320e-03 7.033405520971116459e-03 7.034473141837468274e-03 7.038179722246039327e-03 7.035617871267822732e-03 7.042260212567123465e-03 7.037939354305172007e-03 7.033912117955633779e-03 7.033137858847048236e-03 7.033897660811216403e-03 7.031600681234203426e-03 7.032552374019798713e-03 7.036801224190051586e-03 7.033417166013763641e-03 7.037032968596826366e-03 7.033540256417715637e-03 7.033763675446894764e-03 7.035481312104462613e-03 7.032055204755812729e-03 7.034335713783564439e-03 7.035045382294970173e-03 7.034549925949224597e-03 7.033771883635010942e-03 7.032085399364683236e-03 7.032458065377757139e-03 7.035122939781826568e-03 7.034335318905695321e-03 7.029377682155153392e-03 7.031501251911657230e-03 7.031955398976776420e-03 6.906927301027933688e-03 7.036222757612707775e-03 7.034350868696487118e-03 7.034048451861940436e-03 7.033825238095418007e-03 7.032950558172334360e-03 7.031041550836240363e-03 7.034199235920971655e-03 7.033247826522277119e-03 7.034917043673834421e-03 7.038250748991878303e-03 7.035251082452641247e-03 7.035718924853609328e-03 7.034421467439629441e-03 7.035554647768373950e-03 7.032259498278251898e-03 7.033795532570374757e-03 7.035407545939616029e-03 7.029905596490505781e-03 7.034099116341963227e-03 7.036085249135939391e-03 7.032032799179614539e-03 7.032062618065208770e-03 7.037902431344804886e-03 7.038682652479582615e-03 7.029820125208621241e-03 7.033758305505840441e-03 7.035330843100129003e-03 7.036279123026129532e-03 7.039872317601537054e-03 7.037252832951746556e-03 7.029274647732663799e-03 7.032791463291813809e-03 7.033962697264159979e-03 7.036321461506745908e-03 7.036692167862981968e-03 7.030371172558957243e-03 7.034341913480078416e-03 7.034917606952259192e-03 7.037609924820985643e-03 7.031150365495709119e-03 7.036423717171734309e-03 7.034448601960026533e-03 7.033277880326998903e-03 7.036020467224587613e-03 7.033588635728883071e-03 7.034376155910981344e-03 7.030075924595893117e-03 7.034910828120096056e-03 7.031721054955851827e-03 7.033220309834498085e-03 7.029547235034943470e-03 7.033878200380276093e-03 7.034233047688370592e-03 7.032724530421925746e-03 7.036980199849377469e-03 7.032240662147671260e-03 7.031403019455524303e-03 6.907246658634932750e-03 6.900106451749772607e-03 7.033630867597292537e-03 7.029987020721698357e-03 7.031453346600289277e-03 7.028679131702833018e-03 7.034296060591718053e-03 7.034104658928646246e-03 7.034824199202464705e-03 7.031917214989038233e-03 7.033030929783259944e-03 7.034580188715221748e-03 7.027206166866513913e-03 7.031078363625284031e-03 7.026541512781345027e-03 7.029140745698329168e-03 7.029949263298818259e-03 6.894130231247653888e-03 6.886497372281800977e-03 7.026014714771874198e-03
7.026395370138215600e-03 6.902856097235655908e-03 0.000000000000000000e+00 6.947184833126065877e-03 7.031909861048578174e-03 7.041786631596733646e-03 7.032563759218636232e-03 7.034809490149507294e-03 7.038799595459989573e-03 7.040713545252625695e-03 7.035227395512337958e-03 7.034527256588534762e-03 7.031508889066941277e-03 7.031629356241712522e-03 7.035573532818276306e-03 7.034714336404046184e-03 7.033506923132390974e-03 7.031975726951211238e-03 7.032059102637561003e-03 7.034698182605666518e-03 7.032179954339267715e-03 7.034244564991563343e-03 7.035706283143204273e-03 7.037944187780676396e-03 7.033647243176881919e-03 7.043312395727970715e-03 7.038859390378548672e-03 7.035066992688610542e-03 7.034395745705898650e-03 7.035022765635769344e-03 7.032729570843145907e-03 7.036855447451544412e-03 7.037976599480869067e-03 7.034473960172227605e-03 7.040012903211208088e-03 7.034592088858973233e-03 7.033942133377059022e-03 7.036624069361835723e-03 7.033437866239669427e-03 7.035389157197444697e-03 7.036359030180861125e-03 7.034390896684238753e-03 7.035279889941759360e-03 7.033187358460916971e-03 7.035601755919506511e-03 7.033113824040107542e-03 7.035599414474650801e-03 7.031530763394928246e-03 7.032652706061707712e-03 7.035155896186468319e-03 7.031589613654269308e-03 7.033113156364925039e-03 7.035989589153919532e-03 7.037184733084185517e-03 7.034549989856477351e-03 7.030043450842214832e-03 7.030302479696456594e-03 7.033387151319673257e-03 6.943764441231642208e-03 7.029866647312681821e-03 6.948129739808480039e-03 7.032749452732331256e-03 7.035128114032241850e-03 7.033381411428768666e-03 7.033531877757048453e-03 7.031301102736356098e-03 7.034688722123962935e-03 7.036241352123704697e-03 7.035746874125980641e-03 7.030885556166013156e-03 7.035513863037363980e-03 7.033163186842464505e-03 7.031463129674714492e-03 7.040855188448588708e-03 7.036573602726292447e-03 7.028889839056168265e-03 7.034772875807332806e-03 7.037770245996791130e-03 6.960098903019349900e-03 7.039547422928830143e-03 7.038410375824623311e-03 7.034347107960307183e-03 7.035883760702381015e-03 7.037043121650717048e-03 7.037316947112524750e-03 7.038179774029680938e-03 7.033683401110471002e-03 7.034245651080143526e-03 7.034839376193468066e-03 7.034563172582838399e-03 6.906895511442388141e-03 7.031819793779410174e-03 7.035245396855040016e-03 7.033414124815409729e-03 7.032740837914481721e-03 7.034302251247106542e-03 7.035359738609933342e-03 6.941456029823004671e-03 7.034224420993809637e-03 7.029653589450120081e-03 7.029881816079480879e-03 7.030840356191990839e-03 6.924033473483789947e-03 7.037622036062032155e-03 7.030896237311778756e-03 7.037942872608829101e-03 7.030010380080756530e-03 7.035210811512776323e-03 7.030814809296555799e-03 7.033612564796353633e-03 7.036556257624507031e-03 7.034034515356306881e-03 7.030439073447422062e-03 7.035007651298989806e-03 7.037832180948430660e-03 7.033919977533427056e-03 7.032608312046228355e-03 7.033261905690137324e-03 7.033050659381655939e-03 7.034482436495060470e-03 6.947339070560062425e-03 7.029817690573774217e-03 7.030744507898200289e-03 7.030829497348825910e-03 7.029651438485174861e-03 6.925688674737499537e-03 7.027028301648511992e-03 6.905301175917850573e-03
6.949666797168446881e-03 6.907903588298174025e-03 6.947184833126065877e-03 0.000000000000000000e+00 6.911512249239744159e-03 7.035041217101898649e-03 7.035530344745075278e-03 6.927913904885622115e-03 7.028757119098575680e-03 7.039705946451235360e-03 7.034226290468374373e-03 7.033051710867667915e-03 6.925722117412423141e-03 7.033771559609131030e-03 7.030170917700164640e-03 7.035418161600395272e-03 7.034147255178794904e-03 7.035901469009104778e-03 7.034410785775388822e-03 7.031544083405989395e-03 7.036706016848270386e-03 7.035202340530794483e-03 7.036258514807726058e-03 7.039942889955914072e-03 7.037179003291603278e-03 7.041206625884892899e-03 7.038275630977076230e-03 7.033510901499793848e-03 6.951333748965999107e-03 7.032509913198657474e-03 7.031623220554481662e-03 7.034466043628464192e-03 7.036679169508130299e-03 7.033849855253990029e-03 7.038982907175787666e-03 7.030041994407014092e-03 7.033614910093700587e-03 7.031432260611733369e-03 6.956927730756925360e-03 7.033499673667460705e-03 6.914881246267385283e-03 7.029656055283504783e-03 6.956229815576309150e-03 7.032358494459679636e-03 7.030234587460323231e-03 7.037229896261433006e-03 7.036595977495443618e-03 7.033109561958506700e-03 7.033221825275605757e-03 7.034083320713297935e-03 7.032372394332439373e-03 7.036724078355358937e-03 7.035421939230720144e-03 7.037671791400282664e-03 7.035437059236556052e-03 7.033211350400046802e-03 7.031727644353975328e-03 7.035950958445759407e-03 7.035912139389461847e-03 7.034788667081498699e-03 7.040279597048966671e-03 7.032630317945857794e-03 6.953193524708107566e-03 7.033921102920570774e-03 7.037127002255717106e-03 7.032261835405147557e-03 7.033896723585904287e-03 7.034379378599111589e-03 7.032226456710768091e-03 7.035741379348594941e-03 7.035178728668326636e-03 7.033545049411549926e-03 7.032190192304716217e-03 7.041581321148306614e-03 7.036199779847692425e-03 7.033601208251740941e-03 7.035357446293327710e-03 7.037872676365065222e-03 7.038127884617843312e-03 7.037097645997037083e-03 7.037677486889820123e-03 7.031518283309353030e-03 7.036235881045706068e-03 7.038136490196853119e-03 7.037899014372038520e-03 7.040487183281347351e-03 7.034127823939873188e-03 7.034172048150152262e-03 7.036706045896327748e-03 7.039290060169585590e-03 7.033362424506080061e-03 7.036704123020869929e-03 7.034772296120519498e-03 7.038382551048554155e-03 7.037878400948257250e-03 7.035211569702662197e-03 7.033011047902628515e-03 7.032129025966773681e-03 7.036719108606662165e-03 7.036076011146729856e-03 7.030996195065448463e-03 7.033282932284442429e-03 7.036166961819616955e-03 7.036772500225939829e-03 7.036494596993138860e-03 7.037605522914460593e-03 7.034059288233473171e-03 7.035796192440013121e-03 7.031407353615297569e-03 7.034484418382403077e-03 7.037326345860564145e-03 7.036208931495603267e-03 7.033296800176041391e-03 7.031891770813024703e-03 7.037313303262380387e-03 7.034708471700992262e-03 7.035189519716554367e-03 6.957033169695536756e-03 7.033668956490765796e-03 7.036273843783571666e-03 7.033360511742389569e-03 7.033401760028327489e-03 7.033608847091739856e-03 7.028536523522616042e-03 7.031684170978436121e-03 7.025132843552931404e-03 7.030442792405701413e-03 7.029996849748405482e-03
7.031228651458419805e-03 6.870028705465703461e-03 7.031909861048578174e-03 6.911512249239744159e-03 0.000000000000000000e+00 6.888802443690095374e-03 7.032451396563675454e-03 7.029246305013219821e-03 6.886208968707073323e-03 7.032784611722029192e-03 7.030071772370541372e-03 7.032562046376399263e-03 7.029619875370288380e-03 7.032017111530498160e-03 7.038694156370310651e-03 7.037085490690213503e-03 7.036780121176974129e-03 7.037461477756292924e-03 7.035796326455477645e-03 7.036707754112836097e-03 7.038394411769196765e-03 7.036719768634892153e-03 7.037705523301949519e-03 7.041419260956842223e-03 7.038881413520868026e-03 7.045219354773829372e-03 7.037886574102154846e-03 7.037240600591417906e-03 7.036393603397660124e-03 7.033660060618814394e-03 7.034946672371777433e-03 7.039129804071891407e-03 7.040268810708780189e-03 7.036572724928667928e-03 7.042259999529867226e-03 7.036819880290794832e-03 7.036832104827670659e-03 7.038805118421016457e-03 7.032030477972035960e-03 7.037734338334157916e-03 7.038262878863463766e-03 7.037922789245136534e-03 7.039258099199355821e-03 7.035610505579075434e-03 7.037860317070095822e-03 7.038499820198794443e-03 7.039686719454929520e-03 7.034774543977228428e-03 7.034928050196714161e-03 7.037298564755714407e-03 7.031368966893245670e-03 7.039491380708653122e-03 7.040049178767444904e-03 7.033826117928008471e-03 7.037077854503325826e-03 7.036321478800316997e-03 7.036259056216048746e-03 7.035612652693202553e-03 7.040800225862616640e-03 7.038343023439623362e-03 7.043345519030062320e-03 7.038365533984506338e-03 7.038865706485307808e-03 7.037516936347857494e-03 7.031983171028031478e-03 7.031877517071182492e-03 7.033746799981076617e-03 7.038274899642482652e-03 6.888188599854841096e-03 7.037048957205365059e-03 7.036172784763456735e-03 7.031957042711882780e-03 7.035361524753085995e-03 7.039751139153198854e-03 7.041599740027748230e-03 7.035064122023548111e-03 7.036757444399171363e-03 7.040586133929824415e-03 7.037347368303392345e-03 7.037903840132631733e-03 7.035743319208688680e-03 6.873113982737027311e-03 7.033438823177638397e-03 7.039585557582171520e-03 7.034242841217988075e-03 7.036050945776141721e-03 7.037098390359810759e-03 7.037546593816875438e-03 7.034422152201512055e-03 7.040793523937773427e-03 7.036795618511624065e-03 7.039725055932464538e-03 7.037763532443627214e-03 7.040088559817647869e-03 7.039274002121194591e-03 7.036906897585300247e-03 7.037442613439256513e-03 7.035198202047744306e-03 7.038197920319644654e-03 7.033777668182416253e-03 7.036399936443322664e-03 7.034737717005926962e-03 7.039274503355869017e-03 7.037587022083561204e-03 7.037935873057852947e-03 7.034592122700447994e-03 7.035392936661698411e-03 7.037096659692101790e-03 7.033995600733274241e-03 7.035283521592944865e-03 7.038759331437387419e-03 7.037716484130402718e-03 7.032508576518903612e-03 6.909471848978696734e-03 7.037875209305412272e-03 7.037261838402602068e-03 7.034687939366713293e-03 7.033367358436648856e-03 7.030033764116712380e-03 7.037625279340928471e-03 7.034417617684526197e-03 7.037695429257089137e-03 7.035277707706282836e-03 6.887925441097167076e-03 7.035462596689488757e-03 7.030520624061469340e-03 7.033246425970734322e-03 7.031640507265619726e-03
7.040159747742696580e-03 7.035797057905688809e-03 7.041786631596733646e-03 7.035041217101898649e-03 6.888802443690095374e-03 0.000000000000000000e+00 6.835369459792784569e-03 6.903664593629337855e-03 6.896160266463221417e-03 6.922820132917947150e-03 6.913030628366028177e-03 7.036692013026003660e-03 7.031957528612660727e-03 7.034321629991358189e-03 7.041049238431868612e-03 7.040922069050921904e-03 7.040578720039307285e-03 7.040791386518544838e-03 7.039807999534452090e-03 7.035458009107790553e-03 7.038104740890691567e-03 7.040650155302560602e-03 7.041499413433884025e-03 7.045223774433832797e-03 7.039837036706533824e-03 7.035266754908503853e-03 7.037416192520076601e-03 7.038038783693674992e-03 7.039200056887987174e-03 6.918421243067912271e-03 7.038888516147907490e-03 7.043023910297857744e-03 7.044142230782207345e-03 7.037462125755076896e-03 7.046231499159187096e-03 7.040730394887102436e-03 7.038599639309105205e-03 7.042881268807286294e-03 7.038447643468864756e-03 7.041432394540947902e-03 7.044034818685109521e-03 7.041822420008771351e-03 7.040986156598901327e-03 7.039375924896880930e-03 7.042017179972032311e-03 7.032284911798493236e-03 7.043427944393720885e-03 7.038654889918095903e-03 7.038876820491426871e-03 7.041353498159406282e-03 7.041760230090957778e-03 7.043415511273478334e-03 7.040425083948357275e-03 7.043026847231720518e-03 7.041043033883562056e-03 7.040172369858085054e-03 7.034885672876651369e-03 7.041357964369670749e-03 7.044713075675491237e-03 7.042059463326302490e-03 7.037481934259509110e-03 7.042217873195278158e-03 7.044300654212140057e-03 7.041727163002138926e-03 7.042884989855270790e-03 7.034604249119932005e-03 7.038621742008260504e-03 7.042456253412724722e-03 7.037212130239270912e-03 7.041289717673199569e-03 7.043132893499334107e-03 7.039157823929097571e-03 7.036875460650574704e-03 7.047139618854844113e-03 7.045658774985832234e-03 7.038764941407552045e-03 7.040965654685230231e-03 7.044550672108368210e-03 7.042690985227229548e-03 7.044302989598690869e-03 7.044324207316260758e-03 7.036501994861552207e-03 7.041803471952074768e-03 7.038198814500629986e-03 7.039803547478832961e-03 7.045738243041501161e-03 7.041133687899311065e-03 7.041385281096955440e-03 6.907454588894227157e-03 7.041518618076947345e-03 7.040525193585547500e-03 7.040501287221177622e-03 7.041429053434773190e-03 7.040723414845716406e-03 7.036215436164112817e-03 7.040446644527981884e-03 7.037822994493575166e-03 7.039035865249195986e-03 7.037708149577917051e-03 6.891369492754107103e-03 7.037044870244322896e-03 7.037103846357988315e-03 7.038515238334062951e-03 7.043794900139885296e-03 7.041690388687087479e-03 7.043981164656734802e-03 7.033123755851499945e-03 7.039522759113930883e-03 7.042524765605052972e-03 7.033743578017871700e-03 7.042898875107593722e-03 7.041387853446574342e-03 7.038861025784626593e-03 7.038302671583397153e-03 7.044097637965041937e-03 7.041530225225591487e-03 7.042046512182846205e-03 7.040601197899706669e-03 7.040543378874769033e-03 7.041806904699575952e-03 7.040468332874815632e-03 7.041886723264973759e-03 7.039285770990139947e-03 7.035028714818729843e-03 7.038414573165617180e-03 7.034922740281781932e-03 7.042102885371178018e-03 7.039444792630081965e-03
7.033400844715514966e-03 7.030529059396498776e-03 7.032563759218636232e-03 7.035530344745075278e-03 7.032451396563675454e-03 6.835369459792784569e-03 0.000000000000000000e+00 7.030611102727780254e-03 7.030970968287347973e-03 6.858295191042459993e-03 7.027910186004650978e-03 7.033566413820561795e-03 7.031897210490322715e-03 7.030213934115916996e-03 7.033553710677140948e-03 7.033803728711817381e-03 7.033505012359790066e-03 7.031110755166052224e-03 7.032763091124284369e-03 7.030735966637184989e-03 7.032794243137968290e-03 7.033387841662705128e-03 7.031346285281899616e-03 7.037992413682069362e-03 7.032824020497463989e-03 6.858470764477602941e-03 7.035471077775207888e-03 7.030881819056816404e-03 7.032092978261715761e-03 7.026996373318532968e-03 7.031754526311275247e-03 7.036090346681033759e-03 7.037048943502137270e-03 7.033415693896085015e-03 7.039074714732311729e-03 7.033750565916810880e-03 7.033761432575918147e-03 7.035682385390022546e-03 7.033809385688438894e-03 7.034585850728078578e-03 7.037097006407969611e-03 7.034694379860852165e-03 7.035685742244658820e-03 7.032351016108769753e-03 7.034700906879539847e-03 6.834069315844474614e-03 7.032450025698551779e-03 7.027437960913045407e-03 7.031564276735680942e-03 7.034148892076615318e-03 7.034555844547231256e-03 7.036420242497619902e-03 7.029610166198756518e-03 7.036253716207449375e-03 7.033730358211416449e-03 7.030273163179860327e-03 7.028155334366322296e-03 7.031656301055027106e-03 7.037533912426305847e-03 7.032352690646037283e-03 6.858543927636915130e-03 7.032873097938633147e-03 7.037400226871084498e-03 7.034554242987762877e-03 7.035775255435707497e-03 7.029658563224789984e-03 7.030019082818087656e-03 7.035510109983524919e-03 7.034872963891710546e-03 7.034205105716714000e-03 7.036197635689063999e-03 7.032045401241182429e-03 7.029503726636161277e-03 7.039846603404942109e-03 7.036368248619021513e-03 7.027915278614797930e-03 7.033833088688683753e-03 7.034750453383534045e-03 7.038392407536575753e-03 7.040084388606629787e-03 7.037421173777419839e-03 7.034555446896727585e-03 7.034909011879933449e-03 7.033235051019247515e-03 7.036452371379444889e-03 7.035602409285660226e-03 7.034088946472357926e-03 7.034466186106022589e-03 7.030749607100057925e-03 7.037779642671740561e-03 7.033665261056260519e-03 7.036501361022084317e-03 7.034531563643876481e-03 7.036949134322978763e-03 7.036035604092724140e-03 7.033638333427794098e-03 7.031807691643759788e-03 7.028174064009299477e-03 7.034949323022177126e-03 7.030045850126007308e-03 7.033236774104134961e-03 7.029491254420424523e-03 7.035981271589072591e-03 7.036425240547314504e-03 7.032395787400530507e-03 7.037403051006778029e-03 7.032181693696099890e-03 7.028806264351538345e-03 7.035305996846313338e-03 6.846764900571505365e-03 7.035669611597594221e-03 7.031410217007739993e-03 7.031741146316662985e-03 7.035400599199866621e-03 7.033983365822433706e-03 7.034243158151856114e-03 7.034995078495846592e-03 7.031351908500628814e-03 7.033462981457695370e-03 7.034738427744393306e-03 7.029831615657947640e-03 7.034733458088193725e-03 7.032406499825270309e-03 7.032330654673576466e-03 7.035780400902875292e-03 7.032161118100511456e-03 7.035139876901856833e-03 7.032398939342244214e-03
7.033240294232309155e-03 7.033290381892447554e-03 7.034809490149507294e-03 6.927913904885622115e-03 7.029246305013219821e-03 6.903664593629337855e-03 7.030611102727780254e-03 0.000000000000000000e+00 6.897693742445908452e-03 7.030084025411426248e-03 7.027536067615371661e-03 7.030929864217301886e-03 6.896067148018095692e-03 7.030090837233152722e-03 7.033625950068786610e-03 7.035124594671274267e-03 7.033961895605317372e-03 7.034332064817475950e-03 7.032746643136642342e-03 6.934923375778927028e-03 7.036659535157229958e-03 7.034972244270405566e-03 7.035906693734781184e-03 7.038451141693130575e-03 7.036851141102362650e-03 7.040172709233843452e-03 7.034354962611815386e-03 7.035283972401863706e-03 7.034573664022015886e-03 7.031959834547519585e-03 7.033118663400251928e-03 7.034229689356408244e-03 7.038416690852351484e-03 7.033552898411002050e-03 7.040313433832054782e-03 7.034971023551768281e-03 7.034912919868559732e-03 7.037054320266317858e-03 7.033623129659871513e-03 7.034698696977658566e-03 7.036529032971716204e-03 7.033037667210410848e-03 7.036316389478453753e-03 7.032243565611499998e-03 7.036045549128387179e-03 7.034037494900417450e-03 7.035310283196961022e-03 7.032923356722784076e-03 7.033090691994902006e-03 7.035462027709662829e-03 7.031750028212629955e-03 7.037512042241574929e-03 6.911693316139342139e-03 7.032946675204635248e-03 7.033874637661740106e-03 7.034203045163624733e-03 6.883541938882185504e-03 7.033009300900425892e-03 7.032277570387545328e-03 7.031691641820969271e-03 7.037037416561947589e-03 7.033249933946679640e-03 7.037060288091397456e-03 7.035700321209455502e-03 7.037364391647758441e-03 7.033729827328564881e-03 7.035079697920936827e-03 7.036612795824975612e-03 7.036049312502329518e-03 7.035547901892718996e-03 7.034625172279341913e-03 7.030958257839625865e-03 7.030986631940548855e-03 7.041343750219220335e-03 7.036940420651477401e-03 7.033163598197102358e-03 7.035134211939536412e-03 7.038943457535096378e-03 7.039783975592096670e-03 7.041323513168724034e-03 7.035505616563606651e-03 7.035664562930206423e-03 7.033237164056335700e-03 7.037651047204534355e-03 7.037763172841481410e-03 7.039327826722992752e-03 7.035488244457662778e-03 7.035772044760956259e-03 7.032889522990561949e-03 7.039082903495750762e-03 7.034945895210197551e-03 7.037726431727303437e-03 7.032345257416833251e-03 7.034706979667472090e-03 7.037100627227935515e-03 7.029360461441695740e-03 6.900665944991296423e-03 7.031509279429228043e-03 7.031228689114570572e-03 7.032185340068765507e-03 6.919128982097600376e-03 7.030951166548552421e-03 7.035545718724207573e-03 7.038019227465059334e-03 7.036149450736210731e-03 7.037096040389109221e-03 7.033481648704226902e-03 7.035539085096266347e-03 7.036859585330102439e-03 7.034394212022621919e-03 7.037082994913053911e-03 7.036000127580553480e-03 7.033062862297135252e-03 7.036564781804546809e-03 7.038446495041753535e-03 7.035582646435022125e-03 7.036441031970867843e-03 7.031850198609651374e-03 7.034900023085629076e-03 7.036148979674841132e-03 7.035037721824233259e-03 7.035923378671029779e-03 7.031766793952418625e-03 7.035573954583797252e-03 7.034254632359425441e-03 7.033456190853863525e-03 7.036312851050808247e-03 7.033750880293732077e-03
7.035130609105809743e-03 7.032749325199876174e-03 7.038799595459989573e-03 7.028757119098575680e-03 6.886208968707073323e-03 6.896160266463221417e-03 7.030970968287347973e-03 6.897693742445908452e-03 0.000000000000000000e+00 6.927907828840215720e-03 6.910785206938174080e-03 6.866654762607490858e-03 6.899365019579277621e-03 6.913125831962314144e-03 7.034815155739609395e-03 7.037663284405699070e-03 7.037434559038818239e-03 7.038044622205892956e-03 7.036508194422149733e-03 7.032191605590916092e-03 7.039108761459596415e-03 7.037478768168385461e-03 7.035844383786433488e-03 7.039652461238511336e-03 7.037494389048487911e-03 7.042302134966564250e-03 6.927853824481535437e-03 7.037780223728085961e-03 7.038442667526626645e-03 7.034277733752342977e-03 7.035633213515270039e-03 7.036725947281822179e-03 7.040912463306157193e-03 7.034928807084817569e-03 7.042848181393948463e-03 7.037532321621290353e-03 7.035393317158952775e-03 7.039586379287803876e-03 7.035049105820122446e-03 7.038325596385534497e-03 7.040700000794346790e-03 7.038613142304291602e-03 7.039869315392102873e-03 7.033571581702798524e-03 7.038523654653758808e-03 7.039079411026836000e-03 7.040194804558122868e-03 7.035483508204834480e-03 7.035444431221380725e-03 7.037956152340471561e-03 7.038348122092235454e-03 7.033878711182270545e-03 7.037485527715017959e-03 7.031615061903124728e-03 7.037690383405381320e-03 7.037005188773005730e-03 7.031584643969685314e-03 7.038088215613630752e-03 7.039114508000367428e-03 7.038768109129858730e-03 7.043671323970094288e-03 7.033769636964684602e-03 7.034937459856174628e-03 7.038217705408078562e-03 7.039464624920315633e-03 7.036110197243911242e-03 7.037479108972974004e-03 7.032875630000246479e-03 7.033919231884034999e-03 7.035965014658887746e-03 7.036930425913898168e-03 7.035791947552503915e-03 7.035989036192884065e-03 7.043688370580943742e-03 7.039645214476628922e-03 7.035845442087718636e-03 7.037613009497752266e-03 7.041697537587847042e-03 7.042263000715977619e-03 7.041124346665276514e-03 7.041084356781003584e-03 7.033313909313254272e-03 7.038591060327865391e-03 7.040179608042176213e-03 7.040060079998428783e-03 7.037106245509430064e-03 7.037846276138246329e-03 7.038368173386432523e-03 7.035166775319969500e-03 7.041585933969657200e-03 7.037344878646761316e-03 7.040347563174630813e-03 7.038352228586394060e-03 7.040577862216262049e-03 7.037489154347190481e-03 7.037301043767715293e-03 7.034759652215226075e-03 7.035960145880269627e-03 7.038678247078310538e-03 7.032456663499151751e-03 7.032104129773996196e-03 7.033949313504454445e-03 7.039676383804619082e-03 7.040373727158638802e-03 7.030275219399639841e-03 7.038724449179202189e-03 7.033402093875400739e-03 7.036463944682576702e-03 7.039068689900906256e-03 7.040331467559568686e-03 7.039568944217667983e-03 7.036202558953114777e-03 7.035596342422139118e-03 7.034827099541476197e-03 7.040992857566498106e-03 7.038089357437091187e-03 7.038574339856155937e-03 7.037267787635879956e-03 7.037215331995432324e-03 7.038507223739216660e-03 7.037406973462095178e-03 7.036245818912101324e-03 7.034402581492221057e-03 7.031816199899557605e-03 7.034548598150555838e-03 7.035864965038218788e-03 7.038764340618596134e-03 7.036227138898867167e-03
7.036314293094299809e-03 7.039412661687856516e-03 7.040713545252625695e-03 7.039705946451235360e-03 7.032784611722029192e-03 6.922820132917947150e-03 6.858295191042459993e-03 7.030084025411426248e-03 6.927907828840215720e-03 0.000000000000000000e+00 6.939240658533647917e-03 7.035877632899127480e-03 7.032254724389635885e-03 6.941131635375586903e-03 6.946453295345747861e-03 7.037658387690384591e-03 7.039500597742728329e-03 7.039892070457028084e-03 7.038562566490394468e-03 7.036086156575146501e-03 7.039377091423205252e-03 7.039435957595355578e-03 7.037879867394739725e-03 7.042009381879979144e-03 7.039519582957387382e-03 6.951905966193541384e-03 7.039179002508123492e-03 7.037553394371461046e-03 7.038739634591849141e-03 7.033440429096357582e-03 7.037642633471943507e-03 7.041870099054325927e-03 7.042689735847332266e-03 7.037288540298508241e-03 7.044638783429850275e-03 7.039499754816777935e-03 7.037478070484408897e-03 7.034785993974172064e-03 7.034990779392658565e-03 7.040147051356837257e-03 7.038770274965562221e-03 7.038837880087931397e-03 6.963948719432368033e-03 7.034334181253728766e-03 7.040392375838705127e-03 7.031440861486884346e-03 7.040674307752523356e-03 7.035069636685123591e-03 7.034675784680572905e-03 7.037857463492745713e-03 7.036838856715224924e-03 7.042219485100303412e-03 7.038236520060958505e-03 7.038007861717350024e-03 7.039590092128627727e-03 7.037287602425178895e-03 6.917720039291505411e-03 7.037809056334311253e-03 7.037753539645017799e-03 7.034409222543227917e-03 7.032930975998781531e-03 7.038657220762196097e-03 7.043059807016089323e-03 7.040167246990958021e-03 7.035686924227588755e-03 7.038278567157699520e-03 7.039581787490348588e-03 7.039836303537101540e-03 7.040510631831298910e-03 7.039950961838001287e-03 7.042064756721312137e-03 7.038042409479312866e-03 7.037778254373083971e-03 7.045878772617756441e-03 7.044407770318806064e-03 7.035671453933150035e-03 7.039775730329747051e-03 7.043407203339783172e-03 7.042317982124954474e-03 7.043529096464008418e-03 7.043414691523685982e-03 7.040222723675887938e-03 7.040797873182610099e-03 7.041974030198528897e-03 7.042263615343848787e-03 7.044878762643632351e-03 7.039828429626344627e-03 7.038035597756183738e-03 7.037549549494622261e-03 7.043665154192361305e-03 7.039615649561293577e-03 7.042459053126093847e-03 7.040381016066721807e-03 7.042809885531694548e-03 7.039861707286515502e-03 7.039548688962778827e-03 7.038298321393326139e-03 7.035786511131915909e-03 7.038754577813238593e-03 7.036869413492172209e-03 7.037000886134989891e-03 6.943842347104454971e-03 7.041958542700236384e-03 7.039291753984828169e-03 7.040530709780145821e-03 7.037261230352797117e-03 7.035725464497086246e-03 6.933827070226235463e-03 7.039170401670494584e-03 7.030321035155732458e-03 7.036767886787696422e-03 7.035387569254013436e-03 7.037574127641659828e-03 7.041031990705338625e-03 7.042659156675881195e-03 7.038124040002926088e-03 7.038032080579531384e-03 7.037863946153580935e-03 7.036663752228400522e-03 7.040621017611997309e-03 7.039046744086566859e-03 7.038524549326434163e-03 7.038158902944621070e-03 6.934171975770693670e-03 7.037007742923514012e-03 7.036862854103782122e-03 7.040970188619817376e-03 7.035048647882773815e-03
7.032606458136648683e-03 7.034143369947717071e-03 7.035227395512337958e-03 7.034226290468374373e-03 7.030071772370541372e-03 6.913030628366028177e-03 7.027910186004650978e-03 7.027536067615371661e-03 6.910785206938174080e-03 6.939240658533647917e-03 0.000000000000000000e+00 7.030177934151520328e-03 7.027765648267417231e-03 7.027888634242539061e-03 7.034315375950002218e-03 7.031839262942186052e-03 7.031453084278371617e-03 7.026726314309473045e-03 7.031841034012359382e-03 6.945597285267499262e-03 7.035323524995023593e-03 7.032650812759877294e-03 7.034847529009386966e-03 7.037062596481633361e-03 7.035793559413978070e-03 7.040900754110423522e-03 7.035398594998924261e-03 7.034291376121397724e-03 7.032456502210760255e-03 7.030153850931041698e-03 7.031963456704135029e-03 7.036185902724803251e-03 7.037275884214919987e-03 7.031162174976272709e-03 7.036070336948433736e-03 7.030831667062302504e-03 6.933710314718599318e-03 7.035675830341258340e-03 6.940213045980310469e-03 7.026617687315886256e-03 7.032370128858798225e-03 7.032701172504675184e-03 7.035393989021782903e-03 7.031344397218333014e-03 7.034809029122032417e-03 7.035572278029319539e-03 7.036789532979669838e-03 7.031896319448527680e-03 7.030024386204467013e-03 7.034516321970735869e-03 7.035084867702040036e-03 7.036466530722127605e-03 7.037176560737679401e-03 7.036516783086397414e-03 7.033026372053181180e-03 7.033355233648710438e-03 7.032006179655053354e-03 7.033050515948583228e-03 7.038120890330564622e-03 7.035470864919671739e-03 7.040474770437854697e-03 7.035597819060548756e-03 7.037732165691039550e-03 7.034761892869170578e-03 7.036106742657816625e-03 7.032670409593286785e-03 7.034126971078614142e-03 7.034232212291979640e-03 7.035179960014609386e-03 7.034355396780852913e-03 7.032716693263614538e-03 7.032380584386232515e-03 7.032531685743268444e-03 7.040100271934890928e-03 7.034561733613727864e-03 7.032124671312406546e-03 7.028420959134070410e-03 7.037568447988832784e-03 7.036916185819054419e-03 6.902209529390401603e-03 7.035690001683234107e-03 7.029615232009551670e-03 7.029373336607030662e-03 7.036487536311118902e-03 7.031534850495339828e-03 7.038075452325036341e-03 7.032803884841704045e-03 7.034474731607790604e-03 7.027357563607969024e-03 7.035216127815560605e-03 7.031293852165500582e-03 7.034324769776365699e-03 7.032300589524203768e-03 7.036854214502316456e-03 6.926493022903781015e-03 7.031463245127603928e-03 7.034407870915220483e-03 7.032402741406934207e-03 7.032933733613715675e-03 7.028624770448536375e-03 7.033347257029786900e-03 7.030474689602603418e-03 7.031918456525746743e-03 7.037083137474267613e-03 7.035043131448729878e-03 7.032213594980680008e-03 6.896957296980673995e-03 7.032884610874018567e-03 7.035742275114211138e-03 7.035710504304974224e-03 7.035154460170317710e-03 7.030757266703270905e-03 7.032065087984337368e-03 7.035697643230762535e-03 7.037401338833754877e-03 7.034569879390483241e-03 7.033740192219341270e-03 7.033946918842460573e-03 7.033736961901578856e-03 7.034075245774339992e-03 7.028968949823733575e-03 7.034950226932295755e-03 7.031731146898026127e-03 7.030536350123633635e-03 6.952048247251569647e-03 7.031543122811150480e-03 7.034409667776398561e-03 7.031617634011895490e-03
7.032808910307560002e-03 7.033471759087067850e-03 7.034527256588534762e-03 7.033051710867667915e-03 7.032562046376399263e-03 7.036692013026003660e-03 7.033566413820561795e-03 7.030929864217301886e-03 6.866654762607490858e-03 7.035877632899127480e-03 7.030177934151520328e-03 0.000000000000000000e+00 7.027734593177818387e-03 7.028262585867068798e-03 7.035149931011126789e-03 7.030563652546242825e-03 7.030470025666719219e-03 7.033733993298606907e-03 7.029552253410455490e-03 7.032124735178921920e-03 7.034952823910795190e-03 7.033077086826800516e-03 7.034131839615547117e-03 7.037782726229601001e-03 7.035081311553427474e-03 7.041951116587613982e-03 7.027941843323668933e-03 7.033591730895288364e-03 7.034445209251975403e-03 7.033591751948970600e-03 7.031416771164221424e-03 7.035680333145303764e-03 7.036587869736854114e-03 7.033065959106327147e-03 7.038711289686879098e-03 7.033282598226097207e-03 7.033286524024062562e-03 7.035251348239601396e-03 7.030564625993799763e-03 7.033874268340565769e-03 7.036593094018737081e-03 7.034231673132821348e-03 7.034757785252770783e-03 7.031768403133705110e-03 7.030543709979749679e-03 7.033837641641609018e-03 7.033107079487386538e-03 7.029808707490412846e-03 7.026925540553807283e-03 7.028388080406753301e-03 7.031542920248697558e-03 6.877393148818389777e-03 7.036415311728876944e-03 6.877167039921638046e-03 7.030337278105430396e-03 7.032472032758385096e-03 7.029744793162396969e-03 7.031033613735224001e-03 7.034965836365683102e-03 7.032209017499129952e-03 7.036282794761893056e-03 7.032529708762471493e-03 6.887094144293814599e-03 7.028419192786337401e-03 7.032321794048364619e-03 7.029461607924259413e-03 7.031001487064699601e-03 6.876718952472657582e-03 7.031358531020034074e-03 7.027704427476246310e-03 7.033107255890859097e-03 7.028876377413195188e-03 7.029037655754028467e-03 7.039462994702497256e-03 7.038244711010872498e-03 7.031460001949742245e-03 7.033457863614867023e-03 7.037178879275945292e-03 7.038081066113629179e-03 7.039683861924724874e-03 7.035714088158367095e-03 7.032664003587256463e-03 7.033141576622834248e-03 7.032509343632941702e-03 7.034627311386598691e-03 6.905994788517379364e-03 7.029807463814458091e-03 7.034002945889609830e-03 7.034528037877992371e-03 7.036001821184903124e-03 7.029907306704633214e-03 7.033925911682412623e-03 7.034033750698985045e-03 7.033566830692250006e-03 7.035616469366115164e-03 7.031887342709057867e-03 7.033958431958630200e-03 7.031674437397167007e-03 7.034670165996792512e-03 7.034020682649414630e-03 7.032734370385652391e-03 7.031104639783946134e-03 7.032016454849555030e-03 7.036229622502428692e-03 6.864768061362067596e-03 7.033503571261011562e-03 7.031865426848413377e-03 7.033746040563439335e-03 7.031405719222734441e-03 7.036667918798976060e-03 7.035335687907136835e-03 7.034146058563247803e-03 7.031165216114907031e-03 7.031080387999612789e-03 7.036520255142667511e-03 7.031223388714086600e-03 7.030630540738838641e-03 7.030634539874368316e-03 7.033007483428341602e-03 7.031432703354138607e-03 7.033123570968984398e-03 7.034233675010439883e-03 7.031753348307908519e-03 7.033929209834484386e-03 7.035516007466809628e-03 7.030766723613294210e-03 7.034662322626216227e-03 7.032102315272663155e-03
