0.000000000000000000e+00 6.438517725349436269e-03 6.437346183118688656e-03 6.437259206744954353e-03 6.438518735988419360e-03 6.437470205026077537e-03 6.437206113160259813e-03 6.437205911030265647e-03 6.437346912219078961e-03 6.438518728775440882e-03 6.438518664421935718e-03 6.437346684861578947e-03 6.437383271351619640e-03 6.438517415025669585e-03 6.437416424820542951e-03 6.437258795088276857e-03 6.437259624184778380e-03 6.437205663089000905e-03 6.437206619678094432e-03 6.438517427653622956e-03 6.438517563464657249e-03 6.437415933122878596e-03 6.437515580165600881e-03 6.438518170839621808e-03 6.438517660541044976e-03 6.437415620951871670e-03 6.437346927028541645e-03 6.438518497825804730e-03 6.437206157418908642e-03 6.437259004674244361e-03 6.437206127060892194e-03 6.436994616376475603e-03 6.438522662524700374e-03 6.438522441941394413e-03 6.438522479587513274e-03 6.438522980273171138e-03 6.438522480198501097e-03 6.438522750185188617e-03 6.438522343894143539e-03 6.438523193514024065e-03 6.438522467287233556e-03 6.438523140294373157e-03 6.438522628170228849e-03 6.438522287971430898e-03 6.438522738160035175e-03 6.438522762472806589e-03 6.438522765852665482e-03 6.438522537835301811e-03 6.438522091244374378e-03 6.438523073094607439e-03 6.438522609080391500e-03 6.438522493973137042e-03 6.438522788485140369e-03 6.438522746006715078e-03 6.438523156258102627e-03 6.438522467435951399e-03 6.438522637096538194e-03 6.438522849708681363e-03 6.438522930056760248e-03 6.438523237586329766e-03 6.438521922934137970e-03 6.438523137406978840e-03 6.438522431850190499e-03 6.438522487070062576e-03 6.438522348066413707e-03 6.438522456277596777e-03 6.438522657624080534e-03 6.438522461624338923e-03 6.438522755119838528e-03 6.438522892615857439e-03 6.438523073686109981e-03 6.438522665934286356e-03 6.438522483679599319e-03 6.438522722108140119e-03 6.438522594363054775e-03 6.438522798115215752e-03 6.438522704058369239e-03 6.438522528656635303e-03 6.438522858999802187e-03 6.438522567593165519e-03 6.438522909185897050e-03 6.438522853360956893e-03 6.438522496152485758e-03 6.438522520481047492e-03 6.438522953467003609e-03 6.438522904814345318e-03 6.438522375465251246e-03 6.438522452302950644e-03 6.438522819879324496e-03 6.438522772763260842e-03 6.438522889786304007e-03 6.438522615483471823e-03 6.438522874692696220e-03 6.438522587284064604e-03 6.438522731515468334e-03 6.438522795675013198e-03 6.438522969956765422e-03 6.438522498205494562e-03 6.438523159746223877e-03 6.438523117508119370e-03 6.438522516178105809e-03 6.438522937272317392e-03 6.438522635386436516e-03 6.438523173906864419e-03 6.438522912368015681e-03 6.438523065264924357e-03 6.438522858960222736e-03 6.438522545266491155e-03 6.438522888185527204e-03 6.438522947086751380e-03 6.438522852383251997e-03 6.438522398332164470e-03 6.438523091396230677e-03 6.438522405931974141e-03 6.438522939420222510e-03 6.438523133918188854e-03 6.438522753421449703e-03 6.438523025935343098e-03 6.438522916817407057e-03 6.438522570179168979e-03 6.438523046455111275e-03 6.438522764612567180e-03 6.438522735173318398e-03 6.438522865562013898e-03 6.438522778671402005e-03 6.438523449158097683e-03 6.438522605379046714e-03 6.438523148643748167e-03
6.438517725349436269e-03 0.000000000000000000e+00 6.437459950267049487e-03 6.438518262353675956e-03 6.438518145507801833e-03 6.437584782680419275e-03 6.437319844231205283e-03 6.437319624030378960e-03 6.437460411984607771e-03 6.437259946339379119e-03 6.437420048458971332e-03 6.437460706613311150e-03 6.437497638229782750e-03 6.438517162353417540e-03 6.437529931855872842e-03 6.438517820829641608e-03 6.437373954542423109e-03 6.437318753879841399e-03 6.438518308122418918e-03 6.437459665282059887e-03 6.437373016550377962e-03 6.437530025139292893e-03 6.438517523432497371e-03 6.438517412134891690e-03 6.437012087351021150e-03 6.437529658481429967e-03 6.437460998348227756e-03 6.437372951353388661e-03 6.437319585151861367e-03 6.437372800844982576e-03 6.437319892898731022e-03 6.437107668297701105e-03 6.438522889004569955e-03 6.438522668495559598e-03 6.438522322197211094e-03 6.438523206803006826e-03 6.438522706700216050e-03 6.438522988357047588e-03 6.438522904124288800e-03 6.438523420031675923e-03 6.438522693988230072e-03 6.438523366878292319e-03 6.438522973156588641e-03 6.438522524523519579e-03 6.438522964731308203e-03 6.438522989027034224e-03 6.438522992497384100e-03 6.438522898708842930e-03 6.438522327834473452e-03 6.438523299635370151e-03 6.438522849506362299e-03 6.438522720668099324e-03 6.438523015075543927e-03 6.438522972647917411e-03 6.438523382829105905e-03 6.438522694012092928e-03 6.438522863629260462e-03 6.438523084954576176e-03 6.438523156649746809e-03 6.438523464064232170e-03 6.438522169462278753e-03 6.438523363926044497e-03 6.438522658494306300e-03 6.438523007074684404e-03 6.438522584574734448e-03 6.438522682655583446e-03 6.438522884090460037e-03 6.438522698972854764e-03 6.438522981491762338e-03 6.438523119096164170e-03 6.438523078130276370e-03 6.438522892382673307e-03 6.438522710086816078e-03 6.438522948517311911e-03 6.438522941674826999e-03 6.438523024511828147e-03 6.438523057356182987e-03 6.438522755142012631e-03 6.438523085507699695e-03 6.438522794144378204e-03 6.438523135561819398e-03 6.438522821424371573e-03 6.438522722560169158e-03 6.438522746930157824e-03 6.438523179854098444e-03 6.438523131221667896e-03 6.438522611786156799e-03 6.438522678782915634e-03 6.438523046257846327e-03 6.438522999171603436e-03 6.438523116136608826e-03 6.438522851810596359e-03 6.438522860702778489e-03 6.438522813709037125e-03 6.438522957974171686e-03 6.438523022163189502e-03 6.438523196379611173e-03 6.438522735556437282e-03 6.438523386212135005e-03 6.438523344036927235e-03 6.438522753571701909e-03 6.438523163753044794e-03 6.438523183797587209e-03 6.438523400373406987e-03 6.438523138884696961e-03 6.438523291726818733e-03 6.438523085373685367e-03 6.438522783349404782e-03 6.438522855261734172e-03 6.438523173567650519e-03 6.438523078883877544e-03 6.438522638673479029e-03 6.438523317969078834e-03 6.438522657494432505e-03 6.438523165841997936e-03 6.438523360440698805e-03 6.438522989968488604e-03 6.438523252495435834e-03 6.438523143229564309e-03 6.438522796654245518e-03 6.438523272930131436e-03 6.438522999905679431e-03 6.438522739712437479e-03 6.438523092043022325e-03 6.438523016021244910e-03 6.438523675687579488e-03 6.438522841939077826e-03 6.438523375126295294e-03
6.437346183118688656e-03 6.437459950267049487e-03 0.000000000000000000e+00 6.438518221921300626e-03 6.438517854891664775e-03 6.437671951921501538e-03 6.437407555751731986e-03 6.437406946983355131e-03 6.437547751352502845e-03 6.437347063974557804e-03 6.438518437141519876e-03 6.437547968782880367e-03 6.438518191680276531e-03 6.437616677891454947e-03 6.437617524104334230e-03 6.437459897330850660e-03 6.437460485694054303e-03 6.437407120405759173e-03 6.437407929947599854e-03 6.437547050015489207e-03 6.438517940680480930e-03 6.437617079479231001e-03 6.437717156334100098e-03 6.437346937816275198e-03 6.437099496479725333e-03 6.437616909618231603e-03 6.437548359382515469e-03 6.437460411326901243e-03 6.438517608262972480e-03 6.437459864930587632e-03 6.437407210181456466e-03 6.437195178446252289e-03 6.438522952923985722e-03 6.438522732348833828e-03 6.438522398661601469e-03 6.438523270717010256e-03 6.438522770547826408e-03 6.438523061154558663e-03 6.438522661013263565e-03 6.438523483864568020e-03 6.438522757796204601e-03 6.438523430742790210e-03 6.438522932036423209e-03 6.438522596033187557e-03 6.438523028564358160e-03 6.438523052876087872e-03 6.438523056306153132e-03 6.438522841683037845e-03 6.438522399353778687e-03 6.438523363450411076e-03 6.438522923737843504e-03 6.438522784481389045e-03 6.438523078892983975e-03 6.438523036515935057e-03 6.438523446666393792e-03 6.438522757835917626e-03 6.438522927490096352e-03 6.438523155502876884e-03 6.438523220463631541e-03 6.438523527854396293e-03 6.438522248813219502e-03 6.438523427812062501e-03 6.438522722302547109e-03 6.438523079793016628e-03 6.438522656261059726e-03 6.438522746779993221e-03 6.438522948179353951e-03 6.438522974991408264e-03 6.438523045560412029e-03 6.438523183128929371e-03 6.438523364065255189e-03 6.438522956376741165e-03 6.438522774123272771e-03 6.438523012553960291e-03 6.438522898335763758e-03 6.438523088559170229e-03 6.438523008026231405e-03 6.438522819224881850e-03 6.438523149513744950e-03 6.438522858110700027e-03 6.438523199701104427e-03 6.438523143659535472e-03 6.438522786598710988e-03 6.438522810994249529e-03 6.438523243911470698e-03 6.438523195260062275e-03 6.438522683597773348e-03 6.438522742749225314e-03 6.438523110392320968e-03 6.438523063209034177e-03 6.438523180197093174e-03 6.438522923651296415e-03 6.438523165066557460e-03 6.438522877798180839e-03 6.438523022027587903e-03 6.438523086189988122e-03 6.438523260443928392e-03 6.438522989598407034e-03 6.438523450232127437e-03 6.438523408004319382e-03 6.438523022919337251e-03 6.438523227785011155e-03 6.438522952547413684e-03 6.438523464410572314e-03 6.438523202761907774e-03 6.438523355768215051e-03 6.438523149495303105e-03 6.438522856253052311e-03 6.438522936477565975e-03 6.438523237535809414e-03 6.438523142925607796e-03 6.438522713093975704e-03 6.438523381929168662e-03 6.438522740698097817e-03 6.438523229966315771e-03 6.438523424421538528e-03 6.438523061639375711e-03 6.438523316531320068e-03 6.438523207279557917e-03 6.438522860722338363e-03 6.438523336959291014e-03 6.438523070534320387e-03 6.438523049834917258e-03 6.438523156108848754e-03 6.438523266134507476e-03 6.438523739745979566e-03 6.438522913565210802e-03 6.438523439155703805e-03
6.437259206744954353e-03 6.438518262353675956e-03 6.438518221921300626e-03 0.000000000000000000e+00 6.437372567842561399e-03 6.437584590450796430e-03 6.437319991148630557e-03 6.438517911011520933e-03 6.438518176892466666e-03 6.437259477996729734e-03 6.437419937616922251e-03 6.437460773288120053e-03 6.437498306680298175e-03 6.437529364815893634e-03 6.437529935410558901e-03 6.437372930449229182e-03 6.437373470593355657e-03 6.437320285273384624e-03 6.438518350245392430e-03 6.438518168399126086e-03 6.437372586920688498e-03 6.437529677076048000e-03 6.437630006495444548e-03 6.437259238998739065e-03 6.438519038084285044e-03 6.437529868019179098e-03 6.437460302879726391e-03 6.437372555799335608e-03 6.437319989593545504e-03 6.438518281301705733e-03 6.437319627866762428e-03 6.438518711609336406e-03 6.438522389496634940e-03 6.438522183386663836e-03 6.438521816099784974e-03 6.438522930460815509e-03 6.438522430826771302e-03 6.438522949296131628e-03 6.438522410103618941e-03 6.438523143801814889e-03 6.438522188116576478e-03 6.438523090687013270e-03 6.438522380912065253e-03 6.438522039297297529e-03 6.438522470448368971e-03 6.438522489178903456e-03 6.438522716390404806e-03 6.438522265890438481e-03 6.438522051740927857e-03 6.438523023378670343e-03 6.438522367803798177e-03 6.438522231334248974e-03 6.438522533621088631e-03 6.438522399168670682e-03 6.438522901212394116e-03 6.438522194366831999e-03 6.438522320743024496e-03 6.438522595656089031e-03 6.438522662549989173e-03 6.438522649552977720e-03 6.438522177957602989e-03 6.438522885642651572e-03 6.438522382292073340e-03 6.437464872926054738e-03 6.438522309191933683e-03 6.438522407229788427e-03 6.438522608711115709e-03 6.438522423490586691e-03 6.438522706132456669e-03 6.438522843641627386e-03 6.438522802731261145e-03 6.438522617031735944e-03 6.438522434633603755e-03 6.438522673065343385e-03 6.438522553125768620e-03 6.438522749069945303e-03 6.438522662844677058e-03 6.438522242650868491e-03 6.438522810075906003e-03 6.438522518538480725e-03 6.438522860210678204e-03 6.438522546018084387e-03 6.438522447069501553e-03 6.438522471501998377e-03 6.438522904393487525e-03 6.438522855710004066e-03 6.438522336472188128e-03 6.438522403290130799e-03 6.438522770821930065e-03 6.438522723718345143e-03 6.438522840712132198e-03 6.438522576496730904e-03 6.438522585396836383e-03 6.438522538279423113e-03 6.438522682556607063e-03 6.438522746723432562e-03 6.438522921052448195e-03 6.438522460375745680e-03 6.438523110885039681e-03 6.438523068709780736e-03 6.438522478395184920e-03 6.438522888425887020e-03 6.438522908485106062e-03 6.438523125046298652e-03 6.438522863557489748e-03 6.438523016399661826e-03 6.438522810046517185e-03 6.438522508084296332e-03 6.438522579906452194e-03 6.438522898240477133e-03 6.438522803502057766e-03 6.438522363281710612e-03 6.438523042641790088e-03 6.438522382325915193e-03 6.438522890514867050e-03 6.438523085113612154e-03 6.438522714715607352e-03 6.438522977139455629e-03 6.438522867902414341e-03 6.438522521327003610e-03 6.438522997603012693e-03 6.438522724583171583e-03 6.438522464349200058e-03 6.438522816715895776e-03 6.438522740839513342e-03 6.438523400360528399e-03 6.438522566593909285e-03 6.438523099799166143e-03
6.438518735988419360e-03 6.438518145507801833e-03 6.438517854891664775e-03 6.437372567842561399e-03 0.000000000000000000e+00 6.438518220484652083e-03 6.437320067295911746e-03 6.437320269193053980e-03 6.438517712701698377e-03 6.437259166758742095e-03 6.437419725780806762e-03 6.437461116638564483e-03 6.437497809522275960e-03 6.437528991232336316e-03 6.437530002769674582e-03 6.437372367090936007e-03 6.438518222134343751e-03 6.437320076509276193e-03 6.437320491896167743e-03 6.437460260887355006e-03 6.437373108765318507e-03 6.437530012748037336e-03 6.437629784590654866e-03 6.437259553925548522e-03 6.437013027486216538e-03 6.437530501679901082e-03 6.437460855081142061e-03 6.437372262831799960e-03 6.438517655766645351e-03 6.438517934967333961e-03 6.437320029545840448e-03 6.438518309437888353e-03 6.438522890764027985e-03 6.438522256550258810e-03 6.438522323789754899e-03 6.438522750856177056e-03 6.438522262648977562e-03 6.438523226704967982e-03 6.438522159255808536e-03 6.438523421088968197e-03 6.438522249366564199e-03 6.438523368007374389e-03 6.438522863454919018e-03 6.438522526190569757e-03 6.438522965979426999e-03 6.438522554223797406e-03 6.438522557512568571e-03 6.438522327280838189e-03 6.438522329420636077e-03 6.438523301081352374e-03 6.438522706330971485e-03 6.438522301768020636e-03 6.438522608377236951e-03 6.438522422874181327e-03 6.438523383766545267e-03 6.438522259341310922e-03 6.438522361538953631e-03 6.438523226098310896e-03 6.438523158367316472e-03 6.437193253579585189e-03 6.438522245642019221e-03 6.438522962517190425e-03 6.438522223550516982e-03 6.438522326416074200e-03 6.438522587395377472e-03 6.438522685502972437e-03 6.438522886715632686e-03 6.438522244075156262e-03 6.438522984330711900e-03 6.438523121778086562e-03 6.438523080789191992e-03 6.438522895230076176e-03 6.438522712906194490e-03 6.438522951337313088e-03 6.438522831143618681e-03 6.438523027324040415e-03 6.438522940934960498e-03 6.438522757710454618e-03 6.438523088212494416e-03 6.438522796695794748e-03 6.438523138269405290e-03 6.438522824208299175e-03 6.438522725356251100e-03 6.438522749637548559e-03 6.438523182636384130e-03 6.438523134040255273e-03 6.438522614654209816e-03 6.438522681578050418e-03 6.438523048956854011e-03 6.438523001872451662e-03 6.438523118837623585e-03 6.438522854542695628e-03 6.438522863376896360e-03 6.438522816414550889e-03 6.438522960585744102e-03 6.438523024733159780e-03 6.438523199488771671e-03 6.438522738639803310e-03 6.438523389220964302e-03 6.438523347070002761e-03 6.438522756471072757e-03 6.438523166807115679e-03 6.438522879773280611e-03 6.438523403432277852e-03 6.438523141780214121e-03 6.438523294737087850e-03 6.438523088377814431e-03 6.438522786453934436e-03 6.438522994325585752e-03 6.438523176567081951e-03 6.438523081805464128e-03 6.438522952445632254e-03 6.438523320772753661e-03 6.438522660591395295e-03 6.438523168953736234e-03 6.438523363335204620e-03 6.438522993124508320e-03 6.438523255331817137e-03 6.438523146238313809e-03 6.438522799659476999e-03 6.438523275823934688e-03 6.438523159970054380e-03 6.438523010482094175e-03 6.438523095043583930e-03 6.438523019102786876e-03 6.438523678707197898e-03 6.438522844919063008e-03 6.438523378175077007e-03
6.437470205026077537e-03 6.437584782680419275e-03 6.437671951921501538e-03 6.437584590450796430e-03 6.438518220484652083e-03 0.000000000000000000e+00 6.437532081400350152e-03 6.437531453673257624e-03 6.438517929986767654e-03 6.437471435834621163e-03 6.438518113814111626e-03 6.437672465640112592e-03 6.437709633731705794e-03 6.437741116558935543e-03 6.437742092198658200e-03 6.437584760460058307e-03 6.437585304347193289e-03 6.437531847932395114e-03 6.437532690369236754e-03 6.438517509525619117e-03 6.437584448250814606e-03 6.437741420583951643e-03 6.437841784343929785e-03 6.437471056787535777e-03 6.438518268617402472e-03 6.437741386477310521e-03 6.437672660153154550e-03 6.437584474212846609e-03 6.437531690876087918e-03 6.437584695948805197e-03 6.437531813867558225e-03 6.437320059227579286e-03 6.438522753783266182e-03 6.438522549013287431e-03 6.438522211068976007e-03 6.438523056886114558e-03 6.438522799656241739e-03 6.438523075404429044e-03 6.438522706532638293e-03 6.438523295864933063e-03 6.438522786944028513e-03 6.438523224829487308e-03 6.438522760978679718e-03 6.438522423586346896e-03 6.438522835407390309e-03 6.438522853734448929e-03 6.438522857300663961e-03 6.438522878968543257e-03 6.438522217453257999e-03 6.438523175400123928e-03 6.438522759604372800e-03 6.438522596621081874e-03 6.438523107722925881e-03 6.438522757425653789e-03 6.438523267202467433e-03 6.438522786732408729e-03 6.438522681540220435e-03 6.437636275074130193e-03 6.438523249293163185e-03 6.438523556796514093e-03 6.438522078139161282e-03 6.438523456382239107e-03 6.438522523429642853e-03 6.438522666909736979e-03 6.438522696984541605e-03 6.438522776478602244e-03 6.438522977609142418e-03 6.438522812870245415e-03 6.438523075423280284e-03 6.438523212868111842e-03 6.438523393773608154e-03 6.438522986179267930e-03 6.438522803927797938e-03 6.438523042360402328e-03 6.438522936427641501e-03 6.438523118424038620e-03 6.438523046111972563e-03 6.438522848863702762e-03 6.438523179253474726e-03 6.438522659854970485e-03 6.438523229435385437e-03 6.438523173419584932e-03 6.438522816426604616e-03 6.438522840729287745e-03 6.438523273717486860e-03 6.438523225004464529e-03 6.438522724243609871e-03 6.438522772515238753e-03 6.438523140187862870e-03 6.438523093014777987e-03 6.438523209864903916e-03 6.438522964441064679e-03 6.438523194707224118e-03 6.438522907594622195e-03 6.438523051787234039e-03 6.438523115863778457e-03 6.438522697698396795e-03 6.438522269864271896e-03 6.438523275952351931e-03 6.438522998927821012e-03 6.438522865151836798e-03 6.438522651189538398e-03 6.438522429827338994e-03 6.438522901744413857e-03 6.438522545137170122e-03 6.438523175435295447e-03 6.438522556874342120e-03 6.438522211614732156e-03 6.437677254691436500e-03 6.438523073278720581e-03 6.438522612789061156e-03 6.438522756207469382e-03 6.438523409174510062e-03 6.438522217963396806e-03 6.438522653276212981e-03 6.438522813345796438e-03 6.438522440162495336e-03 6.438523343744454591e-03 6.438522574726912237e-03 6.438522673528495471e-03 6.438523140765964672e-03 6.437405122877553829e-03 6.438522525498226005e-03 6.438522987293582300e-03 6.438522561059451844e-03 6.438523402358868261e-03 6.438522952300758558e-03 6.438522899457227791e-03
6.437206113160259813e-03 6.437319844231205283e-03 6.437407555751731986e-03 6.437319991148630557e-03 6.437320067295911746e-03 6.437532081400350152e-03 0.000000000000000000e+00 6.437266676270689270e-03 6.437407772233842002e-03 6.438518779476725198e-03 6.438519000218087020e-03 6.437407772542497013e-03 6.437444187731173120e-03 6.437476591486696563e-03 6.438518154366029353e-03 6.437319009388441787e-03 6.437320181026789760e-03 6.437266124749294743e-03 6.438518389806744020e-03 6.437407521857502549e-03 6.437320182446197754e-03 6.438518451079535548e-03 6.437576679502372314e-03 6.438518490445626664e-03 6.436958893969810941e-03 6.438518109528482483e-03 6.438518021160077875e-03 6.437319981434742877e-03 6.437266589827038421e-03 6.438517631051857842e-03 6.437266166115762286e-03 6.438518091317227930e-03 6.438522808693765941e-03 6.438522588194224572e-03 6.438522625679042773e-03 6.438523126268549251e-03 6.438522626358396048e-03 6.438522902664493841e-03 6.438522823742229284e-03 6.438523339778522842e-03 6.438522613514666496e-03 6.438523286453133598e-03 6.438522778560579196e-03 6.438522611185072513e-03 6.438522884510218015e-03 6.438522908730872144e-03 6.438522912035322607e-03 6.438522687995826450e-03 6.438522422121475269e-03 6.438523219401796026e-03 6.438522762528152941e-03 6.438522640227676772e-03 6.438522934736267897e-03 6.438522891998197002e-03 6.438523302601396880e-03 6.438522613522157031e-03 6.438522783206599744e-03 6.438523000752528064e-03 6.438523076407835603e-03 6.438523076086058276e-03 6.438522591339278234e-03 6.438523283585999117e-03 6.438522578023844409e-03 6.438522861057983937e-03 6.438522671207998378e-03 6.438522602396926087e-03 6.438522803632333764e-03 6.438522613424547611e-03 6.438522901208390374e-03 6.438523038735882373e-03 6.438523219873632138e-03 6.438522812064443809e-03 6.438522629798029175e-03 6.438522868272704078e-03 6.438522744615942164e-03 6.438522944258232711e-03 6.438522854171520315e-03 6.438522674783962556e-03 6.438523005167275277e-03 6.438522713725700411e-03 6.438523055281171817e-03 6.438522999522831164e-03 6.438522642286697260e-03 6.438522666602626739e-03 6.438523099630187596e-03 6.438523050981418555e-03 6.438522710876088372e-03 6.438522598438206450e-03 6.438522965977778144e-03 6.438522918928997474e-03 6.438523035956990673e-03 6.438522942089288000e-03 6.438523020884706974e-03 6.438522733406874636e-03 6.438522877644231070e-03 6.438522941807574979e-03 6.438522863414943183e-03 6.438522402727994524e-03 6.438523047146069850e-03 6.438522981347258138e-03 6.438522667178011964e-03 6.438522824805312066e-03 6.438522860642465623e-03 6.438523067317752750e-03 6.438523057408423317e-03 6.438522945828041230e-03 6.438523003885748310e-03 6.438522696706631965e-03 6.438522521575370909e-03 6.438522845771704750e-03 6.438522759607543874e-03 6.438522550850946796e-03 6.438522984941265175e-03 6.437370744432874270e-03 6.438522827030807895e-03 6.438523006731604673e-03 6.438522825434550914e-03 6.438522919589102257e-03 6.438522780406401302e-03 6.438522715358730060e-03 6.438522910274659811e-03 6.438522642384719545e-03 6.438522887603607275e-03 6.438522759150777305e-03 6.438522929563763979e-03 6.438523594039115457e-03 6.438522680941022661e-03 6.438523051756706375e-03
6.437205911030265647e-03 6.437319624030378960e-03 6.437406946983355131e-03 6.438517911011520933e-03 6.437320269193053980e-03 6.437531453673257624e-03 6.437266676270689270e-03 0.000000000000000000e+00 6.437407103696496727e-03 6.437205846828730933e-03 6.437366852242904641e-03 6.437406928407812118e-03 6.437444740174563633e-03 6.437476296505439260e-03 6.438518432116710315e-03 6.437320017443181296e-03 6.438519389772192139e-03 6.437266283426238724e-03 6.438518627988951484e-03 6.437406913375555428e-03 6.438517609898272882e-03 6.438517363452962543e-03 6.437576731822471955e-03 6.437205769114429793e-03 6.438518033016386345e-03 6.437476076438147614e-03 6.438517762444236590e-03 6.437319289638721367e-03 6.437266504410618824e-03 6.437319506574812854e-03 6.438517443865299054e-03 6.437054623306289608e-03 6.438522777349189700e-03 6.438522556741774552e-03 6.438522202504598502e-03 6.438523094980341983e-03 6.438522594908805720e-03 6.438522871094534521e-03 6.438522792452604747e-03 6.438523308229571890e-03 6.438522582166215751e-03 6.438523255164068509e-03 6.438522747160770228e-03 6.438522579574721891e-03 6.438522853056362003e-03 6.438522877276166116e-03 6.438522880588707330e-03 6.438522656617258304e-03 6.438522390765879198e-03 6.438523187898385035e-03 6.438523001376653815e-03 6.438522608833342591e-03 6.438522903284487481e-03 6.438522860776106985e-03 6.438523271149659832e-03 6.438522582177253796e-03 6.438522751812207449e-03 6.438522969228692439e-03 6.438523044953838211e-03 6.438523044793927931e-03 6.438522048298885199e-03 6.438523252134811109e-03 6.438522546623756150e-03 6.438523103899885039e-03 6.438522468081193072e-03 6.438522570872998521e-03 6.438522772278496703e-03 6.438522582076637232e-03 6.438522869704694021e-03 6.438523007284961512e-03 6.438522960482519382e-03 6.438522780611972106e-03 6.438522598275822455e-03 6.438522836752205193e-03 6.438522713157220252e-03 6.438522912750631495e-03 6.438522822871417181e-03 6.438522643357634002e-03 6.438522973766849615e-03 6.438522682304496231e-03 6.438523023827416418e-03 6.438522703787342982e-03 6.438522610841415986e-03 6.438522635148556487e-03 6.438523068111115522e-03 6.438523019457152718e-03 6.438522679394197493e-03 6.438522567065780092e-03 6.438522934480209702e-03 6.438522887406748253e-03 6.438523004395521956e-03 6.438522910610698299e-03 6.438522743083117082e-03 6.438522701927467014e-03 6.438522846173268081e-03 6.438522910362030893e-03 6.438523084793965068e-03 6.438522618977948232e-03 6.438523274578239301e-03 6.438523232407799418e-03 6.438522636840160809e-03 6.438523052169617400e-03 6.438523072210860371e-03 6.438523288737798243e-03 6.438523027089567384e-03 6.438523180096363853e-03 6.438522973629085683e-03 6.438522666114400959e-03 6.438522732913228713e-03 6.438523061980254945e-03 6.438522967114394119e-03 6.438522838142991117e-03 6.438523206335234304e-03 6.438522533991584799e-03 6.438523054203931090e-03 6.438523248699037742e-03 6.438522873554673384e-03 6.438523140772218351e-03 6.438523031485626422e-03 6.438522685078726729e-03 6.438523161242794973e-03 6.438522884096187227e-03 6.438522890283199934e-03 6.438522980457541019e-03 6.438522899487185598e-03 6.438523564043671828e-03 6.438522914928314876e-03 6.438523263536615089e-03
6.437346912219078961e-03 6.437460411984607771e-03 6.437547751352502845e-03 6.438518176892466666e-03 6.438517712701698377e-03 6.438517929986767654e-03 6.437407772233842002e-03 6.437407103696496727e-03 0.000000000000000000e+00 6.437346912348592548e-03 6.437508010080091915e-03 6.437548593802385269e-03 6.437585231611963124e-03 6.437617112933829468e-03 6.437617251471270535e-03 6.437460415147374694e-03 6.438518157786837261e-03 6.437407508074529522e-03 6.437407315266258437e-03 6.437547850589161666e-03 6.437460818109815887e-03 6.437617514783054370e-03 6.437717574443903822e-03 6.437347615542990224e-03 6.437100130904499333e-03 6.437617983248427635e-03 6.437548335042746553e-03 6.438517919759995968e-03 6.437406571886225559e-03 6.437459500808463686e-03 6.438518306743059617e-03 6.438517893906222853e-03 6.438522500635331276e-03 6.438522302820735843e-03 6.438522368753648618e-03 6.438523240391793093e-03 6.438522308756333343e-03 6.437280845244976527e-03 6.438522217013562844e-03 6.438523047110825473e-03 6.438522295929690817e-03 6.438522968033689141e-03 6.438522901935205683e-03 6.438522566086602415e-03 6.438522998338094827e-03 6.438523022890865234e-03 6.438522603818821674e-03 6.438522811760606125e-03 6.438522369379502154e-03 6.438522926773556677e-03 6.438523146594947802e-03 6.438522348326562381e-03 6.438522654984261614e-03 6.438522469390714140e-03 6.438523022482265865e-03 6.438522305665451625e-03 6.438522407526544103e-03 6.438522851952411738e-03 6.438522776895764209e-03 6.438523497647752683e-03 6.438522291784830147e-03 6.438523009031960759e-03 6.438522692342490972e-03 6.438523049650098085e-03 6.438522627514992568e-03 6.438522717716024107e-03 6.438522919149449603e-03 6.438522742391099458e-03 6.438523016623906928e-03 6.438523154209434100e-03 6.438523123100555606e-03 6.438522927522771604e-03 6.438522745200926482e-03 6.438522983632921116e-03 6.438522869446084047e-03 6.438523059518204417e-03 6.438522979235011996e-03 6.438522790276283991e-03 6.438523120643069135e-03 6.438522829166231677e-03 6.438523170704985553e-03 6.438522866388273966e-03 6.438522757718933079e-03 6.438522782071024603e-03 6.438523214932529055e-03 6.438523166232223115e-03 6.438522654594895991e-03 6.438522713940123508e-03 6.438523081392680605e-03 6.438523034169908905e-03 6.438523151273583753e-03 6.438522894622537851e-03 6.438522905691928915e-03 6.438522848849809362e-03 6.438522993016677909e-03 6.438523057274402918e-03 6.438523231834808111e-03 6.438522779265249893e-03 6.438523421567973054e-03 6.438523379364883940e-03 6.438522797040475629e-03 6.438523199154775820e-03 6.438522923523902659e-03 6.438523435777628208e-03 6.438523174125917493e-03 6.438523327082238713e-03 6.438523120721633894e-03 6.438522827752109386e-03 6.438523294700394979e-03 6.438523208914103714e-03 6.438523114151844910e-03 6.438522984694270042e-03 6.438523353070453766e-03 6.438522712243042664e-03 6.438523201300475236e-03 6.438523395683387780e-03 6.438523033156676005e-03 6.438523287631706463e-03 6.438523178585502972e-03 6.438522832006167429e-03 6.438523308174030381e-03 6.438523192207070388e-03 6.438523052672074851e-03 6.438523127391460044e-03 6.438523059727650592e-03 6.438523711003409609e-03 6.438522884901242901e-03 6.438523410521489881e-03
6.438518728775440882e-03 6.437259946339379119e-03 6.437347063974557804e-03 6.437259477996729734e-03 6.437259166758742095e-03 6.437471435834621163e-03 6.438518779476725198e-03 6.437205846828730933e-03 6.437346912348592548e-03 0.000000000000000000e+00 6.437305738432749780e-03 6.438518171361430099e-03 6.438518860851974619e-03 6.437415629636369235e-03 6.437416110477916370e-03 6.437259438357799575e-03 6.438518804196626671e-03 6.438518675798497737e-03 6.437206394986526130e-03 6.437346853589639983e-03 6.438517953063136595e-03 6.437415839781375666e-03 6.437516197265490299e-03 6.437145175278068988e-03 6.438519033392815609e-03 6.437415890831696755e-03 6.437346693419271695e-03 6.437258773122311352e-03 6.437206265462020426e-03 6.438517814605786843e-03 6.438518415903035814e-03 6.438519250655466188e-03 6.438522151977453534e-03 6.438521952221808349e-03 6.437148798173792860e-03 6.438522861704112053e-03 6.438521961332319306e-03 6.438522631828710353e-03 6.438522225422290551e-03 6.438522697586430803e-03 6.438522348898963014e-03 6.438523021781170433e-03 6.438522143812869074e-03 6.438521797800834078e-03 6.438522235599417054e-03 6.438522252354894268e-03 6.438522647313856505e-03 6.438522018732670271e-03 6.438521972715561745e-03 6.438522577123710275e-03 6.438522401915129992e-03 6.438522375548821550e-03 6.438522303875931704e-03 6.438522627605181708e-03 6.438522671608805370e-03 6.438521957066982958e-03 6.438522065370653677e-03 6.438522354175928511e-03 6.438522427450978601e-03 6.438522804328303956e-03 6.438522327143592072e-03 6.438522657452332501e-03 6.438522313426803083e-03 6.438521997088551482e-03 6.438522230590803738e-03 6.438522338697773295e-03 6.438522540062887115e-03 6.438522567057456888e-03 6.438522637427982268e-03 6.438522775193675218e-03 6.438522721426807524e-03 6.438522548334052117e-03 6.438522366009961397e-03 6.438522604545297845e-03 6.438522476994425203e-03 6.438522680326089209e-03 6.438522586689370171e-03 6.438522411140557705e-03 6.438522741522271879e-03 6.438522449912100105e-03 6.438522791578481924e-03 6.438522464759990384e-03 6.438522378466410463e-03 6.438522402949685246e-03 6.438522835747842801e-03 6.438522787048000899e-03 6.438522257792170765e-03 6.438522334688902803e-03 6.438522702379184670e-03 6.438522655093434702e-03 6.438522371435323813e-03 6.438522497847890859e-03 6.438522504022845504e-03 6.438522469837415843e-03 6.438522614005494360e-03 6.438522678165165859e-03 6.438522852863069572e-03 6.438522582111977886e-03 6.438523042649965840e-03 6.438523000441055862e-03 6.438522615283170242e-03 6.438522820099479987e-03 6.438522518007088087e-03 6.438523056826331650e-03 6.438522795016687374e-03 6.438522948088833478e-03 6.438522741648557146e-03 6.438522694742579780e-03 6.438522489160163238e-03 6.438522829949201720e-03 6.438522735173501411e-03 6.438522605968745142e-03 6.438522974241678992e-03 6.438522616357700463e-03 6.438522822390563109e-03 6.438523016626569728e-03 6.438522636454712192e-03 6.438522908842812115e-03 6.438522799494208158e-03 6.438522452983270160e-03 6.438522929171274119e-03 6.438522647647831540e-03 6.438522651398545689e-03 6.438522748423730450e-03 6.438522858583290744e-03 6.438523332098090163e-03 6.438522488340642572e-03 6.438523031567646750e-03
6.438518664421935718e-03 6.437420048458971332e-03 6.438518437141519876e-03 6.437419937616922251e-03 6.437419725780806762e-03 6.438518113814111626e-03 6.438519000218087020e-03 6.437366852242904641e-03 6.437508010080091915e-03 6.437305738432749780e-03 0.000000000000000000e+00 6.437507829429430818e-03 6.438518951157680241e-03 6.437576225046243335e-03 6.437577075968278426e-03 6.438518902247160509e-03 6.438519305070832498e-03 6.437366788428316479e-03 6.437367956269432825e-03 6.438518086646847528e-03 6.437419317619119154e-03 6.437576610922375597e-03 6.437677177146980401e-03 6.437305608067372432e-03 6.438519032714648885e-03 6.438518007179809544e-03 6.437507928821156571e-03 6.437419697364083794e-03 6.437366875855546865e-03 6.438518587784611627e-03 6.437367437835113913e-03 6.437155240550120582e-03 6.438522816500293934e-03 6.438522595914757986e-03 6.438522256284745504e-03 6.438523134425102809e-03 6.438522634066497566e-03 6.438522920971538090e-03 6.438522519491301881e-03 6.438523347448604425e-03 6.438522621420010410e-03 6.438523294544494513e-03 6.438522793136634836e-03 6.438522456275729347e-03 6.438522892312035367e-03 6.438522916425649251e-03 6.438522919966997889e-03 6.438522702594433496e-03 6.438522259648083758e-03 6.438523227246609366e-03 6.438523040330088910e-03 6.438522648093399602e-03 6.438522942520227138e-03 6.438522900164934254e-03 6.438523310412570463e-03 6.438522621375496538e-03 6.438522791091626576e-03 6.438523152019435918e-03 6.438523083771075829e-03 6.438523096039287449e-03 6.438522105560402775e-03 6.438523291322385302e-03 6.438522586008831212e-03 6.438522677021760177e-03 6.438522312743119938e-03 6.438521866607414303e-03 6.438522067809523096e-03 6.438522421652738241e-03 6.438522044603085456e-03 6.438522663410569877e-03 6.437635690171501258e-03 6.438522426618262760e-03 6.438521909586088741e-03 6.438522161169066282e-03 6.438522275110901416e-03 6.438522050015845974e-03 6.438522865973796486e-03 6.438522138841717979e-03 6.438522870089647375e-03 6.438522473005616788e-03 6.438522280943628946e-03 6.437309587933078524e-03 6.438521906462811931e-03 6.438522270189691275e-03 6.438522404371236491e-03 6.438522314625975788e-03 6.438521782051131320e-03 6.438522213679133757e-03 6.438522168226768795e-03 6.438522198319379490e-03 6.438522639218705219e-03 6.438522054815518786e-03 6.437470385691584397e-03 6.438522197181742630e-03 6.438522401435511910e-03 6.438522569406714829e-03 6.438522910171517490e-03 6.438522644309176667e-03 6.438523313273923111e-03 6.438523030425343484e-03 6.438522660898330328e-03 6.438522872201438152e-03 6.438522606083695726e-03 6.438523327326456554e-03 6.438523065723573101e-03 6.438523218617334121e-03 6.438522787353026001e-03 6.438522464994228360e-03 6.438522720107763692e-03 6.438522892202138900e-03 6.438522805168270940e-03 6.438522636279530274e-03 6.438523244869551534e-03 6.438523067727803216e-03 6.438522874225124926e-03 6.438523287556782021e-03 6.438523115293920927e-03 6.438522966206997565e-03 6.438522829908346380e-03 6.438522491495758497e-03 6.438522959482590076e-03 6.438522851949514750e-03 6.437511883259971167e-03 6.438522806111316929e-03 6.438522924862361517e-03 6.438523408381986030e-03 6.438522548175753396e-03 6.438523097849684768e-03
6.437346684861578947e-03 6.437460706613311150e-03 6.437547968782880367e-03 6.437460773288120053e-03 6.437461116638564483e-03 6.437672465640112592e-03 6.437407772542497013e-03 6.437406928407812118e-03 6.437548593802385269e-03 6.438518171361430099e-03 6.437507829429430818e-03 0.000000000000000000e+00 6.438518654230783109e-03 6.437617287119818017e-03 6.437618133552667175e-03 6.437460773775442908e-03 6.437461275187439033e-03 6.437406978362379510e-03 6.438518875360114968e-03 6.437548414037794035e-03 6.437460062559058512e-03 6.437616853126428181e-03 6.438518166102564708e-03 6.437346555018026370e-03 6.438518616738085794e-03 6.437617150433505575e-03 6.437548124150893093e-03 6.437460163756607116e-03 6.438518494823946420e-03 6.437460615839937089e-03 6.438517792202843627e-03 6.437195736794352682e-03 6.438522930679236277e-03 6.438522710080698576e-03 6.438522747494451227e-03 6.438523248324432013e-03 6.438522748204304411e-03 6.438523039068258860e-03 6.438522945705928840e-03 6.438523461753223147e-03 6.438522735463611361e-03 6.438523408495878432e-03 6.438523014794319231e-03 6.438522573786958393e-03 6.438523006405812328e-03 6.438523030609295296e-03 6.438523034023395028e-03 6.438522940342496052e-03 6.438522377254217791e-03 6.438523341358810825e-03 6.438522901639512526e-03 6.438522762148761111e-03 6.438523056660236214e-03 6.438523014101860988e-03 6.438523424503883250e-03 6.438522735592158708e-03 6.438522905205237498e-03 6.438523133326620393e-03 6.438523198325074928e-03 6.438523215231187723e-03 6.438522226628301537e-03 6.438523405511060310e-03 6.438522700019699667e-03 6.438522800237267418e-03 6.438522633952658940e-03 6.438522724333149358e-03 6.438522925724523421e-03 6.438522952630066319e-03 6.438523023110002443e-03 6.438523160781614400e-03 6.438523129604196982e-03 6.438522934000534374e-03 6.438522751705863696e-03 6.438522990137287606e-03 6.438522983414326009e-03 6.438523066131041431e-03 6.438523098968134718e-03 6.438522796778920095e-03 6.438523127193108292e-03 6.438522835830739165e-03 6.438523177250812801e-03 6.438522872828192876e-03 6.438522764180343479e-03 6.438522788617276858e-03 6.438523221474103629e-03 6.438523172841648795e-03 6.438522661242338137e-03 6.438522720401768096e-03 6.438523087946613349e-03 6.438523040791559182e-03 6.438523157930872189e-03 6.438522901297254186e-03 6.438522912175908934e-03 6.438522855397363527e-03 6.438522999658823943e-03 6.438523063849980674e-03 6.438522655465890240e-03 6.438522965697243867e-03 6.438522835313801977e-03 6.438522751055639898e-03 6.438522999696145652e-03 6.438523203645364276e-03 6.438523223837143081e-03 6.438522859438046246e-03 6.438522526680728018e-03 6.438523331926508664e-03 6.438523125186548443e-03 6.437103723425702598e-03 6.438522349402006802e-03 6.438522641803490036e-03 6.438522563188660980e-03 6.438522689203831501e-03 6.438522777303337490e-03 6.438522716579560788e-03 6.438522614688226009e-03 6.438523400462563967e-03 6.438522405007282394e-03 6.438522711700636267e-03 6.438523183258661534e-03 6.438522836733794573e-03 6.438523312975239291e-03 6.438522429388247523e-03 6.438522236992393066e-03 6.438523132173089129e-03 6.438523241903365210e-03 6.438523171526848964e-03 6.438522286765763387e-03 6.438522851524248157e-03
