0.000000000000000000e+00 1.384584074294407420e-02 1.278617863300634053e-02 1.491976778328408561e-02 1.313094326766960432e-02 1.244227257301707724e-02 1.384032193536898110e-02 1.313046661267204714e-02 1.491274234490933513e-02 1.177304694451510210e-02 1.210202923226428445e-02 1.348310889385364968e-02 1.419504275426637999e-02 1.384119524384932673e-02 1.005058394348139900e-02 1.349028161025021301e-02 1.177299538365500671e-02 1.278272513358342209e-02 1.244567620743079576e-02 1.348377654259933639e-02 1.278182957903309033e-02 1.278847414587380195e-02 1.313210914140102402e-02 1.313266465247924127e-02 1.383965324612357849e-02 1.420051419289826422e-02 1.278969488589714633e-02 1.313076388608640580e-02 1.383924897678108501e-02 1.145488957526036126e-02 1.278761097791232884e-02 1.419553529596685217e-02 1.348691783240501402e-02 1.178001266864273436e-02 1.384599700191898458e-02 1.384410358401783579e-02 1.177967788583495455e-02 1.210965801342832500e-02 1.085953624060506141e-02 1.384257226662082355e-02 1.313764349288080134e-02 1.244213308549775056e-02 9.807862759330918112e-03 1.244503523331948538e-02 1.178054959607364137e-02 1.384235050838230133e-02 1.313665467751943747e-02 1.244619427331693055e-02 1.278557359549342166e-02 1.420435279304383888e-02 1.244330932644151927e-02 1.313719791249207645e-02 1.177800128274649090e-02 1.384535893756718913e-02 1.384452941403698130e-02 1.313271216353770546e-02 1.348456585194605581e-02 1.313720461669083336e-02 1.278899432031146630e-02 1.491704287542083320e-02 1.491776028126303236e-02 1.384288758353435095e-02 1.349005152222412796e-02 1.278666587151414992e-02 1.313487324874756425e-02 1.313482892460978747e-02 1.313621710668079826e-02 1.348758259397235017e-02 1.210669210615465501e-02 1.313644698922511282e-02 1.146099068577601486e-02 1.419927308759777809e-02 1.278742890934969623e-02 1.278543051045351840e-02 1.244353382690187651e-02 1.348917847468141321e-02 1.177832640807782889e-02 1.313568896047155252e-02 1.210592180532126146e-02 1.244357637426708914e-02 1.348934065628177616e-02 1.278742773867167816e-02 1.177939093612910375e-02 1.491909499298611948e-02 1.278739326077651603e-02 1.313463212000156623e-02 1.348799114522787959e-02 1.278688050206062791e-02 1.313447258703682313e-02 1.313513019328155750e-02 1.210647658130589027e-02 1.146106137176050067e-02 1.348850313791231589e-02 1.313463567247658524e-02 1.210780502415165910e-02 1.313637081923041058e-02 1.178031438965949224e-02 1.278556373508228476e-02 1.210845875031176140e-02 1.313567277496194632e-02 1.420165786751606887e-02 1.115341270943409624e-02 1.278652781253948600e-02 1.210567225505828140e-02 1.313588084558154311e-02 1.348769289009524482e-02 1.348887889535612880e-02 1.210672680172755582e-02 1.278695260149666398e-02 1.527625201339488474e-02 1.348870086514299821e-02 1.348811469949585951e-02 1.210835394944216777e-02 1.348932704522368999e-02 1.177929947625739639e-02 1.244269774408754067e-02 1.348829489442989263e-02 1.348793832049695156e-02 1.420198837932978159e-02 1.278612469898123861e-02 1.146034412298833384e-02 1.313431916155650969e-02 1.313593869753332602e-02 1.178093446630249647e-02 1.455948824413938643e-02 1.177880734725838922e-02 1.244351856025054277e-02 1.348928896000500463e-02
1.384584074294407420e-02 0.000000000000000000e+00 1.440290744770757539e-02 1.624360514023999447e-02 1.469642416392243425e-02 1.411713432319548767e-02 1.530497879812667793e-02 1.469602749652486676e-02 1.624136939873233043e-02 1.357021760022969308e-02 1.384604158327530296e-02 1.499463145199833765e-02 1.560827296823638806e-02 1.530143145461413182e-02 1.213255954308125988e-02 1.500075008063979365e-02 1.357018344911028844e-02 1.440939667461351228e-02 1.411995583425349095e-02 1.499519462557804411e-02 1.440394426405441387e-02 1.440483214110141290e-02 1.469741073738031756e-02 1.469788375741437093e-02 1.530010734307411108e-02 1.561300130784260519e-02 1.440584786728897095e-02 1.469627897905064103e-02 1.529976127941937852e-02 1.330819532931703381e-02 1.440411426217438895e-02 1.560870481380793005e-02 1.499789894382691328e-02 1.357594531013157912e-02 1.530557855875499043e-02 1.530394853208358157e-02 1.357566979078145969e-02 1.384735728536753974e-02 1.281488176640978131e-02 1.530262632954737870e-02 1.470211230444984363e-02 1.412186468317611597e-02 1.192411871977394969e-02 1.412426691366948199e-02 1.357638736494491336e-02 1.530243518960648988e-02 1.470127946947831499e-02 1.412522631535634114e-02 1.440712130221717159e-02 1.561636851531208146e-02 1.412283486687126131e-02 1.470173922902805880e-02 1.357428961209438019e-02 1.530503068746159531e-02 1.530431306167057311e-02 1.469796169200471812e-02 1.499146726365887215e-02 1.470174488669878654e-02 1.440997388239252143e-02 1.624511542351329135e-02 1.624575709217698782e-02 1.530289815917379274e-02 1.500057048431605207e-02 1.440802986475421543e-02 1.469978140394615808e-02 1.469974409769459964e-02 1.470091323226890151e-02 1.499846727219870252e-02 1.384491526513625427e-02 1.470110542100769996e-02 1.331318115442898901e-02 1.561193925171944219e-02 1.440866835871438927e-02 1.440700188286045402e-02 1.412302634742777438e-02 1.499982674892205020e-02 1.357455950791978949e-02 1.470046838204201733e-02 1.384428038760393380e-02 1.412306147853613358e-02 1.499996490085745565e-02 1.440866738677569828e-02 1.357543574373713292e-02 1.624694713923902772e-02 1.440863868027715197e-02 1.469957837730501843e-02 1.499881539970574634e-02 1.440821106574916542e-02 1.469944376727648667e-02 1.469999785923546166e-02 1.384473751347792443e-02 1.331323948510621837e-02 1.499925153098912237e-02 1.469958143989327261e-02 1.384583241804447640e-02 1.470104264154921576e-02 1.357619590537992478e-02 1.440711299310166137e-02 1.384637117011462519e-02 1.470045481998444661e-02 1.561401959156039770e-02 1.305902940523316624e-02 1.440791700001709495e-02 1.384407257170021215e-02 1.470063006437246841e-02 1.499856139105857147e-02 1.499957157229860234e-02 1.384494371629082891e-02 1.440827118905565161e-02 1.656694492166870675e-02 1.499941996181912256e-02 1.499892068255081340e-02 1.384628476184561301e-02 1.499995309576567827e-02 1.357536040513319421e-02 1.412233419344063878e-02 1.499907398603360191e-02 1.499877044307259058e-02 1.561430788852141704e-02 1.440758075952004030e-02 1.331264795639813467e-02 1.469931487644287466e-02 1.470067876579992522e-02 1.357670633009954060e-02 1.592796809375389422e-02 1.357495537769462177e-02 1.412301362660967757e-02 1.499992085583692729e-02
1.278617863300634053e-02 1.440290744770757539e-02 0.000000000000000000e+00 1.542690015512374925e-02 1.373504866580600205e-02 1.308937577740443108e-02 1.440711329663582445e-02 1.373462457953820125e-02 1.542449197986501923e-02 1.247822282668469701e-02 1.278640626410748257e-02 1.406537200352797265e-02 1.473887693535639101e-02 1.440323907655477464e-02 1.088226659210531945e-02 1.406726771507265002e-02 1.248396060682356590e-02 1.341041237988405826e-02 1.309254921345864853e-02 1.406599881385848030e-02 1.340956573227444597e-02 1.341055632709126783e-02 1.373616592207972838e-02 1.374172025086687482e-02 1.440645120165161622e-02 1.473948246244114434e-02 1.341168419191095078e-02 1.373994037105653356e-02 1.440609622814728596e-02 1.218601670740467394e-02 1.340973401548008898e-02 1.474389247864524473e-02 1.406897433721665709e-02 1.248463901975267569e-02 1.440776108652022484e-02 1.440596966164583125e-02 1.248433140570914465e-02 1.278786371384479925e-02 1.163860716449965915e-02 1.440452085431115185e-02 1.374135321275962891e-02 1.309466610593913033e-02 1.066321417454613001e-02 1.309734994540351534e-02 1.248513245732061488e-02 1.440431105007822579e-02 1.374042842670662734e-02 1.309842182312937614e-02 1.341307840547353337e-02 1.474771034375291397e-02 1.309575013334582719e-02 1.374093648664109421e-02 1.248279069855366338e-02 1.440715738769242880e-02 1.440637491137964667e-02 1.373674149899794909e-02 1.406675977506580133e-02 1.374094276111485248e-02 1.341625858778716998e-02 1.542856939657248454e-02 1.542925760928594639e-02 1.440481918375595589e-02 1.407192261127157736e-02 1.341409382965021505e-02 1.373876006373275609e-02 1.373872096703363140e-02 1.374001921885096254e-02 1.406960171072530949e-02 1.278512994783181922e-02 1.374023269673457087e-02 1.219161323290969198e-02 1.474287942854300357e-02 1.341480318862571693e-02 1.341294533083562356e-02 1.309596145611790878e-02 1.407110119790362483e-02 1.248308948575043743e-02 1.373952527098877378e-02 1.278442042136448270e-02 1.309600076714860506e-02 1.407125378125212434e-02 1.341480210283583357e-02 1.248406769788448084e-02 1.543053802816368031e-02 1.341477006801777838e-02 1.373853692299158678e-02 1.406998415277485766e-02 1.341429095687177338e-02 1.373838757849343492e-02 1.373900273104586810e-02 1.278493137675571628e-02 1.219167816813399897e-02 1.407046584574602258e-02 1.373854027623241936e-02 1.278615501925547265e-02 1.374016295606814847e-02 1.248491629661698486e-02 1.341306919249648719e-02 1.278675711582032658e-02 1.373951014914016715e-02 1.474514736207940303e-02 1.190903323935318253e-02 1.341396549044198208e-02 1.278416897237769773e-02 1.373970474273848372e-02 1.406970357037926750e-02 1.407081934031119592e-02 1.278516184397566341e-02 1.341436038769517128e-02 1.577379729329570629e-02 1.407065186163557885e-02 1.407010039759932878e-02 1.278666060930927842e-02 1.407124085129400626e-02 1.248398362768383084e-02 1.309518818364468519e-02 1.407026982939065321e-02 1.406993447135406784e-02 1.474546168502254180e-02 1.341359068101152970e-02 1.219101942241427108e-02 1.373824426022390681e-02 1.373975885081636823e-02 1.248548611044923012e-02 1.508624878949023709e-02 1.248353141646812298e-02 1.309594729152091172e-02 1.407120513103980210e-02
1.491976778328408561e-02 1.624360514023999447e-02 1.542690015512374925e-02 0.000000000000000000e+00 1.569362654430698015e-02 1.516697185603651382e-02 1.624319300677887906e-02 1.569742485827662140e-02 1.710464352229813453e-02 1.466805304019512882e-02 1.491543937809771368e-02 1.596465424881847103e-02 1.652377385601951770e-02 1.624387645403379404e-02 1.333288839485009467e-02 1.596621935688925797e-02 1.466801079174588109e-02 1.542854594521602708e-02 1.516955441811961361e-02 1.596516678049347132e-02 1.542785794958768768e-02 1.542866412910974538e-02 1.569454524812390755e-02 1.569497119780423680e-02 1.624264090640918645e-02 1.652429207851092291e-02 1.542958504979272463e-02 1.569351324457294097e-02 1.624627594848089898e-02 1.443283024626478180e-02 1.542799023110265171e-02 1.652416878994133684e-02 1.596765731600049282e-02 1.467324556594407949e-02 1.624766976735540075e-02 1.624618283849076084e-02 1.467299356399291016e-02 1.492115177330636394e-02 1.397361764260324907e-02 1.624498023741270322e-02 1.569881679445554040e-02 1.517127373144597398e-02 1.314376831198999819e-02 1.517346045596423311e-02 1.467364996593315853e-02 1.624480611070911948e-02 1.569805997837847231e-02 1.517433376574080575e-02 1.543073557316976784e-02 1.653121687172637994e-02 1.517215683521983688e-02 1.569847576126297967e-02 1.467173100655039947e-02 1.624716867085772287e-02 1.624651673403193844e-02 1.569504322997960707e-02 1.596583418974943658e-02 1.569848090935274665e-02 1.543332867673560468e-02 1.710813553272247725e-02 1.710872506439422777e-02 1.624522789871286899e-02 1.597008461042302013e-02 1.543156348287288634e-02 1.569669457418875272e-02 1.569666271847943925e-02 1.569772280065215297e-02 1.596816961681235894e-02 1.491891974491581056e-02 1.569375942105075833e-02 1.443251436287836323e-02 1.652716501507842800e-02 1.543214180780741115e-02 1.543062457357164720e-02 1.517232682212841556e-02 1.596940584161898880e-02 1.467197366140487839e-02 1.569732087342796609e-02 1.491834054191770211e-02 1.517235875677935136e-02 1.596953147685568550e-02 1.543213860535599426e-02 1.467277741810230768e-02 1.710981948045504214e-02 1.543211253494595862e-02 1.569650979749743006e-02 1.596848618275016271e-02 1.543172410434570305e-02 1.569638744425930904e-02 1.569689099628684276e-02 1.491875979218706960e-02 1.443256571371910428e-02 1.596888279737812208e-02 1.569651262374962761e-02 1.491975640299659546e-02 1.569784271100071321e-02 1.467347279679864780e-02 1.543072793468710721e-02 1.492025018301781566e-02 1.569730860655645446e-02 1.652906840174920428e-02 1.419888089060554470e-02 1.543145885497955797e-02 1.491813547343337140e-02 1.569746785763741215e-02 1.596825760387081752e-02 1.596917617283091090e-02 1.491894791821318962e-02 1.543178080321429453e-02 1.740551002883767781e-02 1.596903833002085923e-02 1.596858431600961178e-02 1.492017131892294131e-02 1.596952307158544526e-02 1.467270849599838778e-02 1.517169907828598216e-02 1.596872369680667203e-02 1.596844770427852805e-02 1.652933183533954534e-02 1.543115313905201076e-02 1.443202506865844462e-02 1.569627274120760640e-02 1.569751210991294707e-02 1.467393970362285832e-02 1.681650450924556880e-02 1.467233801844545875e-02 1.517231750863897409e-02 1.596949378474718170e-02
1.313094326766960432e-02 1.469642416392243425e-02 1.373504866580600205e-02 1.569362654430698015e-02 0.000000000000000000e+00 1.342791800310030523e-02 1.469593959651203062e-02 1.404966733922799992e-02 1.569127508726084197e-02 1.284578763325729817e-02 1.313652998723930515e-02 1.436935310249152706e-02 1.502280523435697845e-02 1.469673283187149411e-02 1.130077954256854256e-02 1.437589825564719766e-02 1.284019033941714329e-02 1.373698611682968619e-02 1.343097158101318536e-02 1.436995612849550907e-02 1.374120327213024587e-02 1.374217141365114032e-02 1.405114988489147669e-02 1.405165468172575073e-02 1.469985876767337767e-02 1.502340704040021867e-02 1.373822554053794401e-02 1.405480894928227802e-02 1.469495693128018698e-02 1.256495102819356682e-02 1.373633315896292950e-02 1.502326202158153941e-02 1.437284315802182626e-02 1.284639975035508849e-02 1.470113137063776450e-02 1.469939322066102921e-02 1.284610397915259168e-02 1.313793854009759343e-02 1.203196685910720189e-02 1.469798750305086575e-02 1.405617067743910806e-02 1.343301674631371644e-02 1.108820784514921026e-02 1.343559905640412909e-02 1.284687422779440431e-02 1.469778394474406495e-02 1.405527783185643240e-02 1.343663038717394717e-02 1.373957383476131708e-02 1.503139609745882989e-02 1.343405971071816134e-02 1.405576834443489354e-02 1.284462251254582868e-02 1.470054562418665438e-02 1.469978640367048360e-02 1.405171837788361799e-02 1.437070000423712815e-02 1.405577440464105335e-02 1.374263793770074890e-02 1.569523916983876083e-02 1.569591165216591144e-02 1.469827696516978581e-02 1.437569645785429992e-02 1.374055217831971452e-02 1.405366938286559640e-02 1.405362937809406104e-02 1.405488277710586174e-02 1.437345033976985230e-02 1.313531182453342612e-02 1.405508884893103168e-02 1.256457866002654369e-02 1.502669696322227015e-02 1.374123563568205308e-02 1.373944559061319667e-02 1.343426309141895064e-02 1.437490149147875249e-02 1.284490982554655804e-02 1.405440588201873481e-02 1.313462957667959827e-02 1.343430089483554565e-02 1.437504916154231337e-02 1.374123459092713335e-02 1.284585040536804883e-02 1.569716281773211528e-02 1.374120373517886788e-02 1.405345169920372596e-02 1.437382043985470544e-02 1.374074442193948600e-02 1.405331048844075427e-02 1.405390141335345101e-02 1.313512086228397699e-02 1.256464114514782744e-02 1.437428661849780506e-02 1.405345494815541871e-02 1.313629746082719575e-02 1.405502153621878900e-02 1.284666636965514815e-02 1.373956493260052557e-02 1.313687639567369218e-02 1.405439129681009154e-02 1.502890300954392265e-02 1.229258057120691597e-02 1.374042852741609935e-02 1.313438726364783531e-02 1.405457916863631952e-02 1.437354890437632197e-02 1.437462871300672004e-02 1.313534245956299480e-02 1.374080900061207776e-02 1.603291607170469549e-02 1.437446663819362189e-02 1.437393294495109899e-02 1.313678358986444805e-02 1.437503659511629554e-02 1.284576955581020682e-02 1.343351904706912257e-02 1.437409687669327467e-02 1.437377236474915443e-02 1.502920875115289212e-02 1.374006738079628677e-02 1.256400735776980714e-02 1.405316915969426726e-02 1.405463140262819960e-02 1.284721426943668393e-02 1.536109774661978920e-02 1.284533475208528112e-02 1.343424943968987879e-02 1.437500207211677566e-02
1.244227257301707724e-02 1.411713432319548767e-02 1.308937577740443108e-02 1.516697185603651382e-02 1.342791800310030523e-02 0.000000000000000000e+00 1.411661669098820439e-02 1.342747518249438020e-02 1.516451394328093005e-02 1.212738685877632651e-02 1.243669856485932722e-02 1.377431370701401314e-02 1.446240698136098089e-02 1.412230902883475359e-02 1.046190202532770556e-02 1.377125128179488081e-02 1.212132010741215696e-02 1.309686236331714104e-02 1.276680305424166863e-02 1.377495324942580590e-02 1.309058725684790481e-02 1.309701175131027136e-02 1.343426815850341446e-02 1.343481104174244767e-02 1.411595443291785608e-02 1.446304878660370843e-02 1.309279148084105046e-02 1.342776911863060620e-02 1.411558060754372623e-02 1.181676609024675390e-02 1.309615750219995760e-02 1.446290164553955607e-02 1.377300424650537009e-02 1.212804162016891014e-02 1.412212015460803834e-02 1.412028005737677935e-02 1.212772096339446819e-02 1.244402797234877775e-02 1.124670007476924298e-02 1.411878911781166632e-02 1.343441988081749833e-02 1.276339203385081812e-02 1.023551896614408735e-02 1.276617963290505899e-02 1.212855592970539520e-02 1.411856981028514722e-02 1.343346281475935912e-02 1.276729445075905529e-02 1.309421336748733782e-02 1.447148580500988956e-02 1.275891517243039376e-02 1.343398860723872025e-02 1.212611890408474800e-02 1.412149891331735546e-02 1.412069457119207588e-02 1.342964705827034803e-02 1.377071333605125840e-02 1.343399509778357183e-02 1.309750987115559061e-02 1.516869572638152378e-02 1.516940208630297542e-02 1.411909271810005313e-02 1.377604116627690473e-02 1.309526343698363612e-02 1.343173988952718612e-02 1.343169936061294582e-02 1.343304294204717905e-02 1.377364762114796116e-02 1.244118242775127912e-02 1.343326391603601004e-02 1.182260295583228288e-02 1.446653072093667322e-02 1.309600330016748998e-02 1.309407532557329938e-02 1.276473932514280915e-02 1.377519706105452893e-02 1.212643035231803987e-02 1.343253175737497106e-02 1.244044337097876055e-02 1.276478023135545724e-02 1.377535451571550856e-02 1.309600217415756232e-02 1.212744999769146438e-02 1.517071047874357995e-02 1.309596892030399397e-02 1.343150888458856732e-02 1.377404432061672505e-02 1.309547178396167078e-02 1.343135439524848276e-02 1.343199095601368444e-02 1.244097561988139790e-02 1.182267062367397745e-02 1.377454140035294997e-02 1.343151233856679228e-02 1.244225018772192326e-02 1.343319170938938462e-02 1.212833452943772906e-02 1.309420386213311360e-02 1.244287736133808421e-02 1.343251609478583568e-02 1.446885853601360961e-02 1.152817846835453401e-02 1.309513397480128842e-02 1.244018210406982149e-02 1.343271748288821579e-02 1.377375476497170667e-02 1.377490619853591856e-02 1.244121568807974969e-02 1.309554378755861843e-02 1.552112697912554247e-02 1.377473336125827758e-02 1.377416427445383139e-02 1.244277684044754924e-02 1.377534325984407573e-02 1.212736238401910041e-02 1.276393732765807379e-02 1.377433916954960876e-02 1.377399304187340058e-02 1.446918116128821305e-02 1.309474503914477561e-02 1.182198405868083342e-02 1.343120598675925578e-02 1.343277348462119936e-02 1.212892847239797206e-02 1.481854434461172057e-02 1.212689100250792344e-02 1.276472461482201434e-02 1.377530431748288930e-02
1.384032193536898110e-02 1.530497879812667793e-02 1.440711329663582445e-02 1.624319300677887906e-02 1.469593959651203062e-02 1.411661669098820439e-02 0.000000000000000000e+00 1.469553666849482063e-02 1.624095336312124729e-02 1.357483186045969556e-02 1.384051910239644627e-02 1.499415833283244785e-02 1.560782812192052643e-02 1.530527791968887795e-02 1.213195851749162418e-02 1.499585559349986275e-02 1.356963982736040901e-02 1.440420052809041930e-02 1.411944438900060092e-02 1.499471906135299397e-02 1.440344076011845602e-02 1.440433642138727252e-02 1.470148034020639372e-02 1.469739010001382649e-02 1.529965011692105588e-02 1.560839733046335588e-02 1.440535416160663995e-02 1.469578753267766422e-02 1.529930186067069570e-02 1.330764127839059209e-02 1.440361675274325244e-02 1.560826337385750294e-02 1.499743476629027301e-02 1.357540802348491428e-02 1.530512714745102185e-02 1.530349488589271070e-02 1.357513249239172652e-02 1.384683339214524446e-02 1.281430921059117586e-02 1.530217479486755371e-02 1.470163154965299472e-02 1.412135460918901089e-02 1.192351114765792357e-02 1.412375695129646294e-02 1.357585009963187955e-02 1.530198364448899853e-02 1.470079867858260260e-02 1.412471639754680000e-02 1.440662345900801077e-02 1.561593124464834802e-02 1.412232482744243955e-02 1.470125624166712316e-02 1.357375225402109552e-02 1.530457707964665535e-02 1.530386158800978690e-02 1.469747852846271623e-02 1.499542976530420652e-02 1.470126189963913248e-02 1.440947617571361819e-02 1.624470416079498367e-02 1.624534380025431310e-02 1.530244663354889990e-02 1.500010229813291025e-02 1.440753428268122180e-02 1.469929608478219921e-02 1.469926098569582056e-02 1.470043017883022364e-02 1.499799895644373521e-02 1.384438902953559654e-02 1.470062238006724677e-02 1.331262907587728132e-02 1.561149962717654077e-02 1.440817056164433833e-02 1.440650400252878674e-02 1.412251408086485568e-02 1.499935850223584229e-02 1.357401995058015072e-02 1.469998530766455751e-02 1.384375412167151639e-02 1.412254921492061589e-02 1.499949665959455017e-02 1.440816959081266113e-02 1.357489623024182683e-02 1.624653385428606600e-02 1.440814088300104885e-02 1.469909525699888975e-02 1.499834710349247369e-02 1.440771102917237645e-02 1.469896064003498211e-02 1.469951476111326129e-02 1.384421127032539264e-02 1.331268740811091499e-02 1.499878325644876317e-02 1.469909832222955799e-02 1.384530622812580637e-02 1.470055959594032680e-02 1.357565642997299316e-02 1.440661512204645042e-02 1.384584501141860116e-02 1.469997175106226885e-02 1.561358006285588039e-02 1.305846557960443216e-02 1.440741916831601854e-02 1.384354850937328900e-02 1.470014700336964679e-02 1.499809308519115154e-02 1.499910331709056882e-02 1.384441748547148195e-02 1.440777337667059795e-02 1.656654352270795980e-02 1.499895170127469105e-02 1.499845239692211042e-02 1.384575859779135429e-02 1.499948679295781337e-02 1.357482089123428735e-02 1.412182385302984330e-02 1.499860570418401831e-02 1.499830214742730629e-02 1.561386837086439251e-02 1.440708291391761854e-02 1.331209585657408892e-02 1.469883174725365033e-02 1.470019570547619059e-02 1.357616688038044278e-02 1.592754204305642934e-02 1.357441584358676408e-02 1.412250136455897934e-02 1.499945261767839447e-02
1.313046661267204714e-02 1.469602749652486676e-02 1.373462457953820125e-02 1.569742485827662140e-02 1.404966733922799992e-02 1.342747518249438020e-02 1.469553666849482063e-02 0.000000000000000000e+00 1.569092613444343295e-02 1.284530026325974954e-02 1.313068525542705409e-02 1.436895393961809715e-02 1.502684977985690139e-02 1.469634565740206289e-02 1.130739409487692068e-02 1.437077493983858478e-02 1.284525375022646521e-02 1.373654718669256938e-02 1.343051203894956788e-02 1.437426731992703412e-02 1.373573263852640239e-02 1.373669129913634990e-02 1.405071676689595081e-02 1.405609209518562247e-02 1.469492384701206154e-02 1.502303763555421119e-02 1.374281645688189661e-02 1.404950468018538456e-02 1.469455702417006050e-02 1.255870016847212244e-02 1.373591935941330736e-02 1.502289844997840677e-02 1.437243320643182866e-02 1.284591482958842568e-02 1.470073542693173425e-02 1.469899720555102075e-02 1.284561904337514979e-02 1.313746847783005267e-02 1.203144210100857113e-02 1.469759143020291960e-02 1.405574624268074099e-02 1.343256170085214106e-02 1.108764336661907657e-02 1.343514414160075846e-02 1.284638933106131350e-02 1.469738786352980768e-02 1.405485335618865232e-02 1.343617552454938295e-02 1.373913412438401184e-02 1.503101317422361749e-02 1.343360472490909632e-02 1.405534389073710179e-02 1.284413750279090292e-02 1.470014965747395465e-02 1.469938787395451592e-02 1.405129373341505380e-02 1.437028996571276980e-02 1.405534995122272902e-02 1.374219837831019975e-02 1.569487928954642342e-02 1.569555179324341743e-02 1.469788090420507017e-02 1.437528662772473778e-02 1.374011251730518357e-02 1.405324251927999625e-02 1.405320481958107805e-02 1.405445827843706218e-02 1.437303841597805006e-02 1.313484162207483562e-02 1.405466583828618443e-02 1.256407957140514772e-02 1.502631387271433604e-02 1.374079600465904182e-02 1.373900587448223520e-02 1.343380810571404016e-02 1.437449162532858371e-02 1.284442482699221788e-02 1.405398136304067749e-02 1.313415934181373819e-02 1.343384591232081593e-02 1.437463929959111909e-02 1.374079496036442055e-02 1.284536545563407829e-02 1.569680299707282636e-02 1.374076410324860664e-02 1.405302713413868546e-02 1.437341052569890941e-02 1.374030242079144273e-02 1.405288288513160261e-02 1.405347686971365577e-02 1.313465064910135718e-02 1.256414205664011310e-02 1.437387672279911988e-02 1.405303038646164154e-02 1.313582730709815689e-02 1.405459704564847832e-02 1.284618146444061089e-02 1.373912522546360399e-02 1.313640817342878048e-02 1.405396679391473884e-02 1.502852000773142321e-02 1.229206815184814144e-02 1.373998886280834199e-02 1.313393835372980711e-02 1.405415467548697811e-02 1.437313898278116432e-02 1.437421885197214325e-02 1.313487226401299432e-02 1.374036935236865216e-02 1.603256648047744759e-02 1.437405676997501394e-02 1.437352305311635423e-02 1.313631346634386125e-02 1.437462675587092807e-02 1.284528460516781018e-02 1.343306404756022809e-02 1.437368876061598764e-02 1.437336245155329019e-02 1.502882574856723684e-02 1.373962771145638417e-02 1.256350825450240107e-02 1.405274459921964161e-02 1.405420689902016872e-02 1.284672939200049054e-02 1.536072678173817235e-02 1.284484979125666282e-02 1.343379447331415934e-02 1.437459222611212062e-02
1.491274234490933513e-02 1.624136939873233043e-02 1.542449197986501923e-02 1.710464352229813453e-02 1.569127508726084197e-02 1.516451394328093005e-02 1.624095336312124729e-02 1.569092613444343295e-02 0.000000000000000000e+00 1.466549471055930698e-02 1.491292574011995539e-02 1.596234749315290566e-02 1.652541597194440159e-02 1.624163985480709532e-02 1.333011755074548291e-02 1.596392563467141298e-02 1.467012756696795331e-02 1.542614257927406134e-02 1.516710244459395715e-02 1.596286522950605274e-02 1.542970761718619362e-02 1.542626001959464255e-02 1.569218953663990487e-02 1.569261495255044533e-02 1.624040398866398796e-02 1.652210997316945137e-02 1.542718345926814838e-02 1.569115797768367432e-02 1.624011199418064211e-02 1.442538387010513373e-02 1.542559071354904741e-02 1.652199309235236752e-02 1.596536479693693930e-02 1.467069307056926425e-02 1.624543576199669048e-02 1.624394852405181347e-02 1.467044102149880035e-02 1.491864646379020484e-02 1.397094227791622657e-02 1.624274567112931819e-02 1.569646825079767591e-02 1.516881759798536546e-02 1.314097081539981719e-02 1.517100475738374261e-02 1.467109754601736947e-02 1.624257150809517783e-02 1.569571127782743922e-02 1.517187824131413336e-02 1.542833182104696131e-02 1.652904166469807215e-02 1.516970087634470984e-02 1.569612714690031205e-02 1.466917822836878368e-02 1.624493456097518551e-02 1.624428248575424116e-02 1.569269390360693989e-02 1.596354129026248195e-02 1.569613229605284002e-02 1.543092545497639148e-02 1.710607591639939917e-02 1.710666556220938675e-02 1.624299338402579104e-02 1.596779260013534915e-02 1.542915989978141389e-02 1.569434561088749527e-02 1.569431375083145397e-02 1.569537639568378828e-02 1.596587958165340132e-02 1.491641628749810176e-02 1.569555106118332086e-02 1.442991777487402129e-02 1.652499135112241516e-02 1.542973836334779816e-02 1.542822314545415525e-02 1.516987321746644628e-02 1.596711606957301050e-02 1.466942318121676643e-02 1.569497204135227378e-02 1.491583697672168099e-02 1.516990515899890521e-02 1.596724172663810393e-02 1.542973748525381002e-02 1.467022485210435316e-02 1.710776253756274984e-02 1.542971140997921424e-02 1.569416314101554702e-02 1.596619621635737493e-02 1.542932057952143415e-02 1.569404347971056768e-02 1.569454442177112968e-02 1.491625403884623384e-02 1.442997132907329269e-02 1.596659291131975744e-02 1.569416596878662681e-02 1.491725310948990336e-02 1.569549398722758921e-02 1.467092034451531433e-02 1.542832418312171765e-02 1.491774623630858637e-02 1.569495975141908806e-02 1.652689275477900802e-02 1.419624326912498867e-02 1.542905525251125898e-02 1.491562958674743332e-02 1.569511903626129301e-02 1.596596521330720386e-02 1.596688397423484326e-02 1.491644218168450796e-02 1.542937726453205878e-02 1.740350666943971114e-02 1.596674610257218380e-02 1.596629199492939286e-02 1.491766581784240847e-02 1.596723094471976662e-02 1.467015590102995967e-02 1.516924302974456858e-02 1.596643299043048678e-02 1.596615535212038417e-02 1.652715624263128777e-02 1.542874947429183352e-02 1.442942837739976010e-02 1.569392367370899682e-02 1.569516329773720104e-02 1.467138733854646618e-02 1.681438734991870174e-02 1.466978535464097226e-02 1.516986158424910892e-02 1.596720165121594606e-02
1.177304694451510210e-02 1.357021760022969308e-02 1.247822282668469701e-02 1.466805304019512882e-02 1.284578763325729817e-02 1.212738685877632651e-02 1.357483186045969556e-02 1.284530026325974954e-02 1.466549471055930698e-02 0.000000000000000000e+00 1.177957479874870012e-02 1.320290997193329131e-02 1.393292464790236301e-02 1.357056754647446677e-02 9.627182849622739971e-03 1.321030647309412095e-02 1.142975148277644397e-02 1.248044069098598781e-02 1.212490412243537492e-02 1.320893423272511899e-02 1.248528198620052140e-02 1.248060704662982273e-02 1.284699318753928197e-02 1.284757062850342205e-02 1.356899280952273551e-02 1.393359986873474003e-02 1.248187505058518526e-02 1.284004985352845893e-02 1.356858266878602920e-02 1.109681942523925609e-02 1.248549600308164302e-02 1.393344545020605216e-02 1.320684346313714778e-02 1.143705767366630724e-02 1.357552723376080107e-02 1.357358585561485413e-02 1.143670764961956902e-02 1.178122758011884881e-02 1.047290943195311290e-02 1.357201572742985744e-02 1.284715536798754568e-02 1.212723741122542429e-02 9.374468458505674784e-03 1.213025233162410947e-02 1.143761900150919684e-02 1.357178834498716340e-02 1.284613545257995426e-02 1.213145638963755019e-02 1.248337884879376428e-02 1.394249875504238213e-02 1.212845937516342405e-02 1.284669577433444551e-02 1.143495478989821693e-02 1.357487300823288605e-02 1.357402256333098238e-02 1.284206879264546304e-02 1.320442298778181506e-02 1.284670268749874174e-02 1.248691955085936243e-02 1.466994052487510976e-02 1.467067139913319843e-02 1.357233903381988883e-02 1.321006550033267633e-02 1.248450945189486828e-02 1.284429796290652986e-02 1.284425223994468263e-02 1.284568410599248867e-02 1.320752699405183458e-02 1.177813562290596673e-02 1.284591970715944290e-02 1.110318300122129127e-02 1.393730308265025107e-02 1.248529926631601443e-02 1.248323075666824336e-02 1.212869259763794082e-02 1.320916784038430637e-02 1.143529469603762026e-02 1.284513934741681428e-02 1.177733259928616730e-02 1.212873681664756141e-02 1.320933459698129739e-02 1.248529805414973909e-02 1.143640765911464220e-02 1.467203114336041760e-02 1.248526235844523921e-02 1.284404923515068513e-02 1.320794701288712826e-02 1.248473161993105332e-02 1.284388787440987958e-02 1.284456298378010286e-02 1.177791097309325782e-02 1.110325702860296380e-02 1.320847344785815516e-02 1.284405288679891025e-02 1.177929583573322433e-02 1.284584266436076747e-02 1.143737311216436354e-02 1.248336865518486806e-02 1.177997736910649240e-02 1.284512264136095962e-02 1.393974232717766840e-02 1.078088500361133739e-02 1.248436654695797565e-02 1.177707241932847773e-02 1.284533725876991703e-02 1.320764033647253005e-02 1.320885981025764905e-02 1.177817182706051430e-02 1.248480624641101940e-02 1.503558970574234502e-02 1.320867675184980890e-02 1.320807404708128872e-02 1.177986808886382492e-02 1.320932067097848293e-02 1.143631205359802068e-02 1.212782408592907174e-02 1.320825938786442631e-02 1.320789269152811488e-02 1.394008038901676377e-02 1.248394930561317479e-02 1.110250578237421785e-02 1.284372641414066422e-02 1.284539693482924898e-02 1.143802138683698046e-02 1.430534463460054681e-02 1.143579751907879485e-02 1.212867675465243052e-02 1.320928144332081562e-02
1.210202923226428445e-02 1.384604158327530296e-02 1.278640626410748257e-02 1.491543937809771368e-02 1.313652998723930515e-02 1.243669856485932722e-02 1.384051910239644627e-02 1.313068525542705409e-02 1.491292574011995539e-02 1.177957479874870012e-02 0.000000000000000000e+00 1.348332195029162614e-02 1.419523731454515672e-02 1.384638802105735839e-02 1.005089369416768338e-02 1.349048854468994779e-02 1.177326005983725735e-02 1.278854432152014622e-02 1.244011528643087540e-02 1.348398322209948784e-02 1.278763122665787892e-02 1.278311384755654104e-02 1.313233033814589605e-02 1.313288582389000175e-02 1.383985459642194001e-02 1.420071142794526384e-02 1.278434030399500099e-02 1.313098022616042415e-02 1.383945425310419315e-02 1.145515815824376185e-02 1.278784405582138184e-02 1.419573545088387116e-02 1.348712977688046495e-02 1.178026899917352689e-02 1.384619966268856722e-02 1.384430628323541669e-02 1.177993422727711612e-02 1.210990387144011624e-02 1.085982323908179364e-02 1.384277499522139528e-02 1.313786125353251857e-02 1.244236902447790581e-02 9.808181949701538782e-03 1.244527108771920076e-02 1.178080591030886658e-02 1.384255323911327829e-02 1.313687246152130464e-02 1.244643009340671430e-02 1.278580011740899913e-02 1.420454892265095997e-02 1.244354139254730089e-02 1.313741568366458973e-02 1.177825768256191875e-02 1.384556161057787400e-02 1.384473210330585020e-02 1.313293004075814611e-02 1.348477582246044963e-02 1.313742238770600201e-02 1.278922075038659532e-02 1.491722779520776587e-02 1.491794519192079886e-02 1.384309030305970988e-02 1.349026137672044122e-02 1.278689236244221102e-02 1.313509107482432187e-02 1.313504675465257399e-02 1.313643490307561494e-02 1.348779250227219104e-02 1.210693805023675858e-02 1.313666325694556533e-02 1.146125756940448610e-02 1.419946930704713180e-02 1.278765538169068447e-02 1.278565703415435358e-02 1.244376972650956467e-02 1.348938834972823048e-02 1.177858279695467164e-02 1.313590676861931331e-02 1.210616777320023402e-02 1.244381227264387130e-02 1.348955052787851119e-02 1.278765421179480118e-02 1.177964728953170143e-02 1.491927988394906729e-02 1.278761973480837741e-02 1.313484995385189383e-02 1.348820104555514300e-02 1.278710698897543227e-02 1.313469352607382797e-02 1.313534801536208468e-02 1.210672253478155790e-02 1.146132825384347381e-02 1.348871302733778248e-02 1.313485350468410195e-02 1.210805093561691421e-02 1.313658861283494364e-02 1.178057071301749810e-02 1.278579025878657550e-02 1.210870464263702137e-02 1.313589058596347815e-02 1.420185404712477964e-02 1.115368991513700399e-02 1.278675430952113876e-02 1.210591822618383405e-02 1.313609865166656156e-02 1.348790279748370881e-02 1.348908877704332182e-02 1.210697274685965802e-02 1.278717908888584928e-02 1.527643203461749241e-02 1.348891075200858540e-02 1.348832459884203618e-02 1.210859984431148818e-02 1.348953893924280563e-02 1.177955583548030878e-02 1.244293593917792165e-02 1.348850478916270752e-02 1.348814822265708389e-02 1.420218455321295078e-02 1.278635120800598185e-02 1.146061102990461600e-02 1.313453700209986884e-02 1.313615650225299393e-02 1.178119077065096533e-02 1.455967851998189212e-02 1.177906371967544531e-02 1.244375446062745243e-02 1.348949883296231972e-02
1.348310889385364968e-02 1.499463145199833765e-02 1.406537200352797265e-02 1.596465424881847103e-02 1.436935310249152706e-02 1.377431370701401314e-02 1.499415833283244785e-02 1.436895393961809715e-02 1.596234749315290566e-02 1.320290997193329131e-02 1.348332195029162614e-02 0.000000000000000000e+00 1.531567066788417329e-02 1.499935911495302483e-02 1.171346432503013804e-02 1.467968489569562718e-02 1.320821860788660811e-02 1.406724652235942334e-02 1.377725788487460870e-02 1.467848395207647060e-02 1.407132644878679971e-02 1.406738026949895873e-02 1.437038595242030349e-02 1.437087038901908344e-02 1.499354016895316881e-02 1.531196395525832171e-02 1.406843271747634620e-02 1.436921804335121629e-02 1.499320725050576515e-02 1.293184632095138210e-02 1.406661792163965349e-02 1.531612213122966575e-02 1.468130146872200122e-02 1.320884843522240372e-02 1.499920310436989035e-02 1.499751809988596717e-02 1.320856328158850554e-02 1.348985808335946383e-02 1.242246985133706877e-02 1.499615536237807953e-02 1.437525253942483101e-02 1.377421960496407437e-02 1.150660974242509287e-02 1.377670837315134698e-02 1.320930591878441071e-02 1.499595803321469682e-02 1.437439037286370250e-02 1.377770234124313549e-02 1.406974924503408275e-02 1.531973981829047246e-02 1.377522825200741367e-02 1.437486403079536561e-02 1.320713490798509568e-02 1.499863526525996825e-02 1.499789672847116895e-02 1.437095333631146533e-02 1.467922634036694131e-02 1.437486988522563083e-02 1.407270426133496073e-02 1.596622198622957983e-02 1.596687829277041240e-02 1.499643597851047470e-02 1.468405967103698917e-02 1.407069274369325725e-02 1.437283493694001268e-02 1.437279857342431931e-02 1.437400889710654071e-02 1.468188488887859668e-02 1.348732485420933366e-02 1.437420786932223915e-02 1.293702807809683775e-02 1.531517388977502413e-02 1.407135184990580996e-02 1.406962553364923818e-02 1.377542079281072335e-02 1.468329062497472290e-02 1.320741193078405276e-02 1.437354838357108623e-02 1.348666734547136932e-02 1.377545720939188194e-02 1.468343347450015539e-02 1.407135084464761383e-02 1.320831878403856165e-02 1.596809936231974314e-02 1.407132109741143777e-02 1.437262700820526179e-02 1.468224486123926448e-02 1.407087584927311369e-02 1.437249066895732522e-02 1.437306126831458183e-02 1.348714079263876701e-02 1.293708837945496508e-02 1.468269582678223377e-02 1.437263016308084826e-02 1.348827472882599757e-02 1.437414287869815885e-02 1.320910550154221451e-02 1.406974063633031728e-02 1.348883447610428089e-02 1.437353432156220426e-02 1.531731738765647506e-02 1.267441456240469069e-02 1.407057349869954982e-02 1.348643338970324963e-02 1.437371573879524939e-02 1.468198220343046312e-02 1.468302675565198376e-02 1.348735435492020955e-02 1.407094041586567056e-02 1.629611327566455464e-02 1.468286998029089650e-02 1.468235370944097860e-02 1.348874321928264855e-02 1.468342325915826876e-02 1.320824082773390182e-02 1.377470572544382300e-02 1.468251400654949253e-02 1.468219836776005725e-02 1.531761445420009443e-02 1.407022519249577844e-02 1.293647679437733879e-02 1.437235419887430456e-02 1.437376617270512760e-02 1.320963375963895257e-02 1.564046211450972890e-02 1.320782162312876713e-02 1.377540762453604954e-02 1.468338792484194695e-02
