0.000000000000000000e+00 6.445975147730116823e-03 6.445983027244159801e-03 6.445980612005798929e-03 6.443869005804792049e-03 6.445982087964535236e-03 6.444046645361856118e-03 6.443862903735536780e-03 6.444239734198262994e-03 6.443217330935380877e-03 6.443426883694347226e-03 6.443966923330404946e-03 6.444125045309959977e-03 6.444049186830822819e-03 6.445984385858154544e-03 6.445976428265619979e-03 6.443216596610830058e-03 6.443742682500750926e-03 6.445974907501446534e-03 6.443968591752270020e-03 6.443746437439179693e-03 6.445976443802974368e-03 6.443861891444292028e-03 6.443862168682063830e-03 6.444053281533768454e-03 6.445980501634971868e-03 6.445977173166268087e-03 6.443862274244374459e-03 6.444045437746979965e-03 6.442956030892809695e-03 6.445981504619483285e-03 6.444123684079671767e-03 6.445996209235605248e-03 6.445989001899059961e-03 6.445987451728189821e-03 6.445995638739331762e-03 6.445989563459541237e-03 6.445986796226849114e-03 6.445989716263144341e-03 6.445997319802681050e-03 6.445987761343120737e-03 6.445997251623458366e-03 6.445993462223670485e-03 6.445987711139912826e-03 6.445988180000376301e-03 6.445997139904172633e-03 6.445989607916818506e-03 6.445987294594524367e-03 6.445996882257404997e-03 6.445987398222548063e-03 6.445988501242322539e-03 6.445988178252248617e-03 6.445998074107827172e-03 6.445988288254669851e-03 6.445988534124385931e-03 6.445997394383023819e-03 6.445998148687148190e-03 6.445987994375860543e-03 6.445987790164259788e-03 6.445996379317345606e-03 6.445996992365103130e-03 6.445996552894004729e-03 6.445987339617005769e-03 6.445989310669718308e-03 6.445990136769417372e-03 6.445989914991009234e-03 6.445988225764238619e-03 6.445988270572129523e-03 6.445988817631123982e-03 6.445988615965757285e-03 6.445990263283898555e-03 6.445989739304568145e-03 6.445989045255793096e-03 6.445989505734869840e-03 6.445988132049386768e-03 6.445988604744276942e-03 6.445989537652578767e-03 6.445989514533946758e-03 6.445990122819338433e-03 6.445989037581794506e-03 6.445988710290536175e-03 6.445988918723815492e-03 6.445989163231791858e-03 6.445989145449373091e-03 6.445988220424327814e-03 6.445989763690728770e-03 6.445989780386657264e-03 6.445988731900312643e-03 6.445988198353001276e-03 6.445988980330420726e-03 6.445990398267665775e-03 6.445989980806038008e-03 6.445988887792839829e-03 6.445989052026395404e-03 6.445987971886820399e-03 6.445988877084444721e-03 6.445988712413044941e-03 6.445989775654159884e-03 6.445987339261815066e-03 6.445988897902459568e-03 6.445988888136962996e-03 6.445990419036333810e-03 6.445988874342938046e-03 6.445993842108756547e-03 6.445988762622993119e-03 6.445989991884525094e-03 6.445989494748127942e-03 6.445990682971266747e-03 6.445989400970770535e-03 6.445990353840958670e-03 6.445988749694044409e-03 6.445989223832741463e-03 6.445988861605680617e-03 6.445988063536896816e-03 6.445990319238294186e-03 6.445988897171696028e-03 6.445988796101845622e-03 6.445989232777469234e-03 6.445989635643789399e-03 6.445989632324737768e-03 6.445990342924428837e-03 6.445989630909593725e-03 6.445988839206212052e-03 6.445988311300767867e-03 6.445989731527383866e-03 6.445989937337887055e-03 6.445989648462067088e-03 6.445989094320689339e-03
6.445975147730116823e-03 0.000000000000000000e+00 6.444366728407271115e-03 6.444859560284914649e-03 6.444487639598743371e-03 6.444226027754507841e-03 6.445974685005957487e-03 6.444483123420800472e-03 6.444859571953917218e-03 6.443835972217400523e-03 6.445974556589626099e-03 6.444588070234654256e-03 6.444745231292424437e-03 6.444667872025958665e-03 6.445978790317025142e-03 6.445974506645173879e-03 6.443837744751902512e-03 6.445975131351124043e-03 6.444220634516973321e-03 6.444587970703998837e-03 6.444364045667174204e-03 6.444363574468487364e-03 6.444482627383447786e-03 6.444483942407578173e-03 6.444673296858440328e-03 6.445978086180860836e-03 6.444363443473439222e-03 6.444482995664192228e-03 6.444666880778986140e-03 6.443577651019294708e-03 6.444368631363945298e-03 6.444744788145203261e-03 6.445994925337876665e-03 6.445987518894871759e-03 6.445986099200708315e-03 6.445994720260396493e-03 6.445988079972390407e-03 6.445985424733589875e-03 6.445988077487268923e-03 6.445995962758942384e-03 6.445986379900838989e-03 6.445995825009178531e-03 6.445991295421451932e-03 6.445986288558827777e-03 6.445986697333581407e-03 6.445995782683754116e-03 6.445988225199361481e-03 6.445985872548551203e-03 6.445995963985356320e-03 6.445986057089204795e-03 6.445986152524159872e-03 6.445987263278784435e-03 6.445996587402891796e-03 6.445987373161459442e-03 6.445987291804461915e-03 6.445996474912477243e-03 6.444603338905653678e-03 6.445987079495037533e-03 6.445986875278226537e-03 6.445995051475398967e-03 6.445996073011330332e-03 6.445995195969780704e-03 6.445986424690459786e-03 6.445987909850270023e-03 6.445989224918175289e-03 6.445989003696743491e-03 6.445987314380425583e-03 6.445987445159438202e-03 6.445987906220183340e-03 6.445987464601132984e-03 6.445989351957130166e-03 6.445988827632057223e-03 6.445988133939484221e-03 6.445988594317137756e-03 6.445987220661290699e-03 6.445987693350039086e-03 6.445988626246453718e-03 6.445988603219284137e-03 6.445989211396687540e-03 6.445988126194428756e-03 6.445987798907195851e-03 6.445988007338643300e-03 6.445988251916951427e-03 6.445988234050685668e-03 6.445987309038799136e-03 6.445988852295319108e-03 6.445988868992953702e-03 6.445987820054613002e-03 6.445987411782036665e-03 6.445988068947100351e-03 6.445989486973798151e-03 6.445989069408437390e-03 6.445987976169735567e-03 6.445988140622712845e-03 6.445987060495893262e-03 6.445987965777416617e-03 6.445987801096790711e-03 6.445988864387972375e-03 6.445986504120047693e-03 6.445987986221355694e-03 6.445987976576189951e-03 6.445989507739163273e-03 6.445987963057993840e-03 6.445992383475841574e-03 6.445987851051799590e-03 6.445989080605573490e-03 6.445988583162995909e-03 6.445989771686780508e-03 6.445988489673737040e-03 6.445989442262577314e-03 6.445987838053231223e-03 6.445988312265795404e-03 6.445987950301382968e-03 6.445987237577398971e-03 6.445989407953201661e-03 6.445988071147960505e-03 6.445987961317228322e-03 6.445988321477092060e-03 6.445988724377359029e-03 6.445988720749256870e-03 6.445989431275690566e-03 6.445988719295819673e-03 6.445987927938956821e-03 6.445987399996559557e-03 6.445988819931805329e-03 6.445989025680919256e-03 6.445988736862418890e-03 6.445988182716602850e-03
6.445983027244159801e-03 6.444366728407271115e-03 0.000000000000000000e+00 6.444549985403892969e-03 6.444178006426500016e-03 6.443917103381804380e-03 6.445981022465571003e-03 6.444182677564760930e-03 6.444548978719276226e-03 6.443537994495501624e-03 6.445983233933922328e-03 6.444277175299272485e-03 6.444436157855599687e-03 6.444370075437150062e-03 6.440415389615613759e-03 6.444283123494742513e-03 6.445982450266597719e-03 6.444065350018421054e-03 6.443922415833630915e-03 6.444278154008806041e-03 6.444065212539900299e-03 6.444064583879196076e-03 6.444183640693768034e-03 6.445980715581048001e-03 6.445974724724709212e-03 6.444431937130135242e-03 6.444063412298250103e-03 6.445980610810539760e-03 6.445979575927515866e-03 6.443278239608496438e-03 6.444059113418168332e-03 6.445976570660057366e-03 6.446000601746976373e-03 6.445993349990250879e-03 6.445991800101272436e-03 6.445999987629435699e-03 6.445993911807111273e-03 6.445991601710454773e-03 6.445994064823372394e-03 6.446001668570072382e-03 6.445992109712535278e-03 6.446001600400326492e-03 6.445997810518151044e-03 6.445992059258548804e-03 6.445992528099363933e-03 6.446001488021309810e-03 6.445993956129864207e-03 6.445991642707988266e-03 6.446001231161486468e-03 6.445991746595920377e-03 6.445991848774485465e-03 6.445992526742680938e-03 6.446002422478335457e-03 6.445992636364449198e-03 6.445993525194500424e-03 6.446001742850524831e-03 6.446002075010148422e-03 6.445992342866511439e-03 6.445992138655753760e-03 6.446000727444139121e-03 6.446001341234268087e-03 6.446000901006202280e-03 6.445991688109065261e-03 6.445993658637684011e-03 6.445993971308077060e-03 6.445994263271027404e-03 6.445992573954844804e-03 6.445993077298008828e-03 6.445993165787471980e-03 6.445992693058718269e-03 6.445994611607119146e-03 6.445994082941336988e-03 6.445993393523218040e-03 6.445993853949926085e-03 6.445992480227090947e-03 6.445992953015457563e-03 6.445993885667634406e-03 6.445993863008855039e-03 6.445994471053756794e-03 6.445993385933638901e-03 6.445993058483615208e-03 6.445993267079316684e-03 6.445993511704024327e-03 6.445993493646572960e-03 6.445992568816214831e-03 6.445994111751309624e-03 6.445994128620558677e-03 6.445992547807444586e-03 6.445992610534974354e-03 6.445993328688537014e-03 6.445994746748274357e-03 6.445994328945898327e-03 6.445993235987169598e-03 6.445993400574724988e-03 6.445992320055908206e-03 6.445993225444962733e-03 6.445993060931785347e-03 6.445994124190748860e-03 6.445991720109308862e-03 6.445993241643251104e-03 6.445993231945403544e-03 6.445994767559221073e-03 6.445993222873336662e-03 6.445986981334565595e-03 6.445993106367595843e-03 6.445994340408470538e-03 6.445993838507521785e-03 6.445995031493557265e-03 6.445993749488976646e-03 6.445994697669618287e-03 6.445993093465557031e-03 6.445993567601950372e-03 6.445993210125142668e-03 6.445992451197785945e-03 6.445994667764889420e-03 6.445993284735571614e-03 6.445993181899558472e-03 6.445993581296913938e-03 6.445993984177905527e-03 6.445993976038243839e-03 6.445994686425316790e-03 6.445993974635464037e-03 6.445993187738323707e-03 6.445992659825942363e-03 6.445994075328798784e-03 6.445994280894671268e-03 6.445993992130326367e-03 6.445993438075677852e-03
6.445980612005798929e-03 6.444859560284914649e-03 6.444549985403892969e-03 0.000000000000000000e+00 6.444669602129420201e-03 6.444408617281200541e-03 6.444860063457159838e-03 6.445980281628016506e-03 6.445042437268584841e-03 6.444029922360223345e-03 6.444241174024169932e-03 6.444770469934032499e-03 6.444927375280377554e-03 6.444860762310276707e-03 6.440906327201005588e-03 6.444776019785620341e-03 6.444027786658135075e-03 6.444555357713548267e-03 6.444411716008875170e-03 6.444770493683561752e-03 6.444555802916318750e-03 6.444554963840371138e-03 6.444675584619571906e-03 6.444675927533624095e-03 6.444854156626675899e-03 6.444926668243759066e-03 6.444554280499378840e-03 6.444675195109566927e-03 6.445979124319555637e-03 6.445981194779015766e-03 6.444549584129143430e-03 6.444926447142350183e-03 6.445999651532982946e-03 6.445992331964674714e-03 6.445990781895450696e-03 6.445998969240683031e-03 6.445992893548166229e-03 6.445990224293989164e-03 6.445993046760879579e-03 6.446000650345150469e-03 6.445991091497133528e-03 6.446000581977077981e-03 6.445996792628395054e-03 6.445991041250982538e-03 6.445991510083532577e-03 6.446000470028762780e-03 6.445992938048384843e-03 6.445990624690312899e-03 6.446000212910235790e-03 6.445990728394111052e-03 6.445990945447737860e-03 6.445991508517450244e-03 6.446001404590868435e-03 6.445991618486164934e-03 6.445992008489305827e-03 6.446000724630744638e-03 6.446001125278769811e-03 6.445991324639836588e-03 6.445991120263440573e-03 6.445999709455625323e-03 6.446000322999060998e-03 6.445999883003471556e-03 6.445990669804304435e-03 6.445992640769720484e-03 6.445993026946962579e-03 6.445993241623946234e-03 6.445991020952816612e-03 6.445991192952681484e-03 6.445991535840134290e-03 6.444686387852432280e-03 6.445993590148711705e-03 6.445992575444195981e-03 6.445992371854131903e-03 6.445992279464358120e-03 6.445990880989303611e-03 6.445991417150663712e-03 6.445992218071410103e-03 6.445992841333534305e-03 6.445992840117511363e-03 6.445991786533647114e-03 6.445991523217019063e-03 6.445991693044506206e-03 6.445992490184084510e-03 6.445992006226885541e-03 6.445990994677256759e-03 6.445992558532602328e-03 6.445992592985116086e-03 6.445991602737347753e-03 6.445991156149901043e-03 6.445991775004360907e-03 6.445993724647383454e-03 6.445992615630836454e-03 6.445991700818445684e-03 6.445991846969782377e-03 6.445990690143373406e-03 6.445992204249352021e-03 6.445992043029964355e-03 6.445993106328996511e-03 6.445990762733714262e-03 6.445992223890683118e-03 6.445992214201587238e-03 6.445993749672918049e-03 6.445992204996441044e-03 6.445986440406877536e-03 6.445992088623495042e-03 6.445993322536960370e-03 6.445992820749397480e-03 6.445994013617650439e-03 6.445992731603226999e-03 6.445993679908067035e-03 6.445992075721559446e-03 6.445992549672804883e-03 6.445992192233278122e-03 6.445991501339220879e-03 6.445993649888408401e-03 6.445992334832165681e-03 6.445992224472985553e-03 6.445992563409917026e-03 6.445992966316125422e-03 6.445992958294631363e-03 6.445993668648395888e-03 6.445992956473805754e-03 6.445992169875971144e-03 6.445991641933690973e-03 6.445993057555793153e-03 6.445993262895543564e-03 6.445992974372269715e-03 6.445992420302370379e-03
6.443869005804792049e-03 6.444487639598743371e-03 6.444178006426500016e-03 6.444669602129420201e-03 0.000000000000000000e+00 6.444036507669707696e-03 6.444487231493366622e-03 6.444303129335490418e-03 6.444669689904486930e-03 6.445981185310214155e-03 6.445980515078215782e-03 6.444398199416556672e-03 6.444555400481288138e-03 6.444487017993088401e-03 6.440533300682285515e-03 6.445980531785076503e-03 6.443656684046676804e-03 6.444182429600976009e-03 6.444041521690677815e-03 6.444398078696507264e-03 6.445978565742529857e-03 6.445981878431038779e-03 6.444302423103756734e-03 6.444303399257501376e-03 6.445974649376349716e-03 6.444554762918396768e-03 6.444184349169834042e-03 6.445981226630158149e-03 6.444487167676021984e-03 6.445982089673112959e-03 6.444176407699648591e-03 6.444554085030751445e-03 6.445999624941672196e-03 6.445992357256314156e-03 6.445990807149499548e-03 6.445998994673731927e-03 6.445992918828842219e-03 6.445990204378341040e-03 6.445993072086056430e-03 6.446000675617701882e-03 6.445991116755360462e-03 6.446000607432119701e-03 6.445996817782883789e-03 6.445991066526155985e-03 6.445991535367378775e-03 6.446000495293874831e-03 6.445992963173771857e-03 6.445990649972988158e-03 6.446000238197018006e-03 6.445990753646370537e-03 6.445990884215897949e-03 6.445991533783068834e-03 6.446001429745482937e-03 6.445991643629825525e-03 6.445992532651974825e-03 6.446000749896253941e-03 6.446001099152756132e-03 6.445991349907051124e-03 6.445991145692745936e-03 6.445999734716351993e-03 6.446000348282544638e-03 6.445999908276161747e-03 6.445990695152274685e-03 6.445992665906141207e-03 6.445993492681506391e-03 6.445993271149750778e-03 6.445991581833807570e-03 6.445992085315790238e-03 6.445992173449038333e-03 6.445991712511435143e-03 6.445993619062587339e-03 6.445993090664419237e-03 6.445992401166069329e-03 6.445992861422195942e-03 6.445991488128951195e-03 6.445991960684754711e-03 6.445992893604712143e-03 6.445992870441330340e-03 6.445993478499381299e-03 6.445992393659906103e-03 6.445992066354508908e-03 6.445992274796544241e-03 6.445992519152460819e-03 6.445992501264835410e-03 6.445991576497966426e-03 6.445993119631703537e-03 6.445993136325471433e-03 6.445992088067232541e-03 6.445992372506308132e-03 6.445992336398640929e-03 6.445993754448810405e-03 6.445993336906092989e-03 6.445992243857312162e-03 6.445992407838910428e-03 6.445991327973204024e-03 6.445992233117968720e-03 6.445992068192094547e-03 6.445993131461040526e-03 6.445990742221427948e-03 6.445992248939086573e-03 6.445992239243469868e-03 6.445993774823821978e-03 6.445992230139746017e-03 6.445986103326343912e-03 6.445992113665562420e-03 6.445993347676620688e-03 6.445992845802504638e-03 6.445994038760946739e-03 6.445992756753223668e-03 6.445993704964067712e-03 6.445992100763521006e-03 6.445992574900173688e-03 6.445992217387835378e-03 6.445991474645840734e-03 6.445993675031742864e-03 6.445992308155816183e-03 6.445992203993174997e-03 6.445992588560861720e-03 6.445992991448156427e-03 6.445992983336670985e-03 6.445993693715927272e-03 6.445992981926343401e-03 6.445992195008134855e-03 6.445991667088315016e-03 6.445993082620230658e-03 6.445993288181694342e-03 6.445992999425371670e-03 6.445992445366726352e-03
6.445982087964535236e-03 6.444226027754507841e-03 6.443917103381804380e-03 6.444408617281200541e-03 6.444036507669707696e-03 0.000000000000000000e+00 6.444224802388610548e-03 6.444040750852899659e-03 6.444408611215817102e-03 6.445982651958194302e-03 6.443605938132744050e-03 6.445976517132227628e-03 6.444292215649469538e-03 6.445983262968314406e-03 6.440274298531183453e-03 6.444141210800956136e-03 6.443396600800278991e-03 6.445982883217347623e-03 6.445981322320827080e-03 6.445975529865029079e-03 6.443923257086085765e-03 6.445982013552078137e-03 6.445980592705838862e-03 6.445981966747883068e-03 6.444223212877509682e-03 6.444293136472492405e-03 6.443922942245412268e-03 6.444042079333439643e-03 6.444226024309720850e-03 6.443135668658888683e-03 6.445975726930584793e-03 6.444294335184403387e-03 6.446001107365300492e-03 6.445992318508024857e-03 6.445990962094733275e-03 6.446000075572826983e-03 6.445992880261901779e-03 6.445991254667713007e-03 6.445994154927087681e-03 6.446001755523474326e-03 6.445991229438135899e-03 6.446001689515785428e-03 6.445997902199174928e-03 6.445991116698947254e-03 6.445991495941767561e-03 6.446000650209243558e-03 6.445993075115240972e-03 6.445990700111065008e-03 6.446001320149953237e-03 6.445990926198489832e-03 6.443788283975936289e-03 6.445991645676748052e-03 6.446002512392279803e-03 6.445991799389825909e-03 6.445993001579251175e-03 6.446000862230090618e-03 6.446001198049433438e-03 6.445991461845579015e-03 6.445991230660027410e-03 6.445999933687860534e-03 6.446001428315009142e-03 6.446000062900276474e-03 6.445990830832710322e-03 6.445992750513597665e-03 6.445994042509894939e-03 6.445994356526389170e-03 6.445992667208147453e-03 6.445992734537006087e-03 6.445993259036957371e-03 6.445992772487972242e-03 6.445994704995379812e-03 6.445994176170513103e-03 6.445993486474510537e-03 6.445993947335108484e-03 6.445992573475303050e-03 6.445993046396351726e-03 6.445993979044679217e-03 6.445993956273202673e-03 6.445994564439681655e-03 6.445993479185466168e-03 6.445993151382976155e-03 6.445993360333944662e-03 6.445993604955429189e-03 6.445993586669210296e-03 6.445992662071475116e-03 6.445994205128111575e-03 6.445994222000755482e-03 6.445992619011390104e-03 6.445992674904944646e-03 6.445993421945455694e-03 6.445994839999173547e-03 6.445994422180997656e-03 6.445993329239689019e-03 6.445993493840697190e-03 6.445992413300651730e-03 6.445993318828129384e-03 6.445993154323234435e-03 6.445994217917983167e-03 6.445991795995345032e-03 6.445993335145961886e-03 6.445993325621166871e-03 6.445994861200842439e-03 6.445993316383740075e-03 6.445986939733387364e-03 6.445993200055989691e-03 6.445994434005849517e-03 6.445993931980819464e-03 6.445995125010103334e-03 6.445993843223127295e-03 6.445994791021916401e-03 6.445993187007397970e-03 6.445993661285275358e-03 6.445993303646234580e-03 6.445992961965138837e-03 6.445994761522913334e-03 6.445993845796252168e-03 6.445993257802585391e-03 6.445993674385038820e-03 6.445994077886352779e-03 6.445994069732591258e-03 6.445994780026891198e-03 6.445994067991124912e-03 6.445993281459400613e-03 6.445992753351114345e-03 6.445994168802378355e-03 6.445994374255871982e-03 6.445994085610861311e-03 6.445993531553548261e-03
6.444046645361856118e-03 6.445974685005957487e-03 6.445981022465571003e-03 6.444860063457159838e-03 6.444487231493366622e-03 6.444224802388610548e-03 0.000000000000000000e+00 6.444481153913887879e-03 6.444859082236250626e-03 6.445975189621081479e-03 6.444044928308387959e-03 6.444587154188429270e-03 6.444744201627034159e-03 6.445976596709350297e-03 6.445979535710999984e-03 6.444582204748417788e-03 6.443836642060535476e-03 6.444363310417982812e-03 6.444221084014433408e-03 6.444586180353553684e-03 6.444362737161145847e-03 6.444364428957471275e-03 6.445973511683395114e-03 6.444481278613031251e-03 6.444672551658345988e-03 6.444744144900263309e-03 6.444364704027633235e-03 6.444481174657561151e-03 6.444665695896229125e-03 6.443577279738532497e-03 6.444368855430136246e-03 6.444744354349399296e-03 6.445995837177598449e-03 6.445988168705841549e-03 6.445986618718687299e-03 6.445994806137296702e-03 6.445988730285834127e-03 6.445986040174224094e-03 6.445988883676264693e-03 6.445996487201309522e-03 6.445986928328567567e-03 6.445996418899246731e-03 6.445992629693069603e-03 6.445986878097599744e-03 6.445987346946544655e-03 6.445996306880950183e-03 6.445988774888913170e-03 6.445986461419470244e-03 6.445996049662846596e-03 6.445986565215710076e-03 6.445986741372861442e-03 6.445987345237655548e-03 6.445997241491376560e-03 6.445987455213079281e-03 6.445987811281481475e-03 6.445996561373781505e-03 6.445997315520891717e-03 6.445987161361032419e-03 6.445986957146061097e-03 6.445995546299651720e-03 6.445996159640318170e-03 6.445995719746898736e-03 6.445986506605119737e-03 6.445988477619150545e-03 6.445988837384210302e-03 6.445989081902683479e-03 6.445987392587084613e-03 6.445987523170424761e-03 6.445987984402885840e-03 6.445987543232512169e-03 6.445989430335643047e-03 6.445988906296006710e-03 6.445988212140210498e-03 6.445988672681755502e-03 6.445987298853805662e-03 6.445987771754244089e-03 6.445988704417239534e-03 6.445988681620723124e-03 6.445989289787132717e-03 6.445988204555149446e-03 6.445987877120487597e-03 6.445988085703414569e-03 6.445988330301922684e-03 6.445988312278248117e-03 6.445987387437747927e-03 6.445988930501448180e-03 6.445988947363661195e-03 6.445987413878168960e-03 6.445987489919146295e-03 6.445988147315235249e-03 6.445989565363740258e-03 6.445989147564870105e-03 6.445988054623270035e-03 6.445988219186574858e-03 6.445987138678744080e-03 6.445988044179222498e-03 6.445987879664761416e-03 6.445988943281357256e-03 6.445986583078576644e-03 6.445988065506796753e-03 6.445988055739599286e-03 6.445989586548262276e-03 6.445988041743577930e-03 6.445992999259497411e-03 6.445987930238236512e-03 6.445989159375819025e-03 6.445988662139395114e-03 6.445989850378976496e-03 6.445988568567656216e-03 6.445989521306692317e-03 6.445987917304048069e-03 6.445988391443038291e-03 6.445988028993566814e-03 6.445987691653625243e-03 6.445989486873054952e-03 6.445988575542321852e-03 6.445988039955625332e-03 6.445988400249002929e-03 6.445988803252206654e-03 6.445988799946218359e-03 6.445989510409999047e-03 6.445988798164250556e-03 6.445988006826859108e-03 6.445987478692437496e-03 6.445988898895648606e-03 6.445989104573672697e-03 6.445988815860535966e-03 6.445988261692746184e-03
6.443862903735536780e-03 6.444483123420800472e-03 6.444182677564760930e-03 6.445980281628016506e-03 6.444303129335490418e-03 6.444040750852899659e-03 6.444481153913887879e-03 0.000000000000000000e+00 6.444672995819040323e-03 6.445975963716188938e-03 6.443862708999743318e-03 6.444401581317427130e-03 6.445980435519454294e-03 6.444485268038839185e-03 6.445980179257104412e-03 6.444398396757414736e-03 6.445975107526707645e-03 6.444178838289383281e-03 6.444036362975814544e-03 6.445978365813767944e-03 6.444178725540081198e-03 6.444179353604094322e-03 6.444296012644694718e-03 6.445973763746252680e-03 6.444487619726111186e-03 6.444558818695934367e-03 6.445975783466135339e-03 6.444296984015537855e-03 6.444481796609049726e-03 6.443391222752015320e-03 6.444184501039097734e-03 6.444560044515866906e-03 6.445995344855071085e-03 6.445988076419378356e-03 6.445986526328644634e-03 6.445994713869991795e-03 6.445988637993670632e-03 6.445985925207732906e-03 6.445988791227397555e-03 6.445996394818871884e-03 6.445986835931097683e-03 6.445996326622814576e-03 6.445992537112515269e-03 6.445986785695211052e-03 6.445987254528807997e-03 6.445996214495104681e-03 6.445988682495182483e-03 6.445986369140916522e-03 6.445995957389349593e-03 6.445986472828482000e-03 6.445986606491263364e-03 6.445987252958675084e-03 6.445997149085530564e-03 6.445987362947201184e-03 6.445987686484640211e-03 6.445996469093408059e-03 6.445996823024969201e-03 6.445987069082032873e-03 6.445986864864696256e-03 6.445995453921275070e-03 6.445996067487266487e-03 6.445995627475770498e-03 6.445986414328108184e-03 6.445988385226288954e-03 6.445988716709162222e-03 6.445988989743363373e-03 6.445987300516249283e-03 6.445987405567427976e-03 6.445987892345138130e-03 6.445987691062021220e-03 6.445989338191314422e-03 6.445988814226932991e-03 6.445988119986831820e-03 6.445988580627315910e-03 6.445987206787190046e-03 6.445987679690878477e-03 6.445988612360670569e-03 6.445988589472687394e-03 6.445989197738562562e-03 6.445988112493223655e-03 6.445987785048064994e-03 6.445987993639155575e-03 6.445988238153844453e-03 6.445988220207475236e-03 6.445987295374194098e-03 6.445988838434411027e-03 6.445988855299652001e-03 6.445987293208103874e-03 6.445987360778721378e-03 6.445988055249166071e-03 6.445989473209794325e-03 6.445989055508798138e-03 6.445987962550736410e-03 6.445988127131800464e-03 6.445987046614934379e-03 6.445987952028765962e-03 6.445987787634483920e-03 6.445988851130799238e-03 6.445986872709017802e-03 6.445987973259164477e-03 6.445987963590883545e-03 6.445989494282195961e-03 6.445987949805932066e-03 6.445992909262770326e-03 6.445987838088947444e-03 6.445989067341605441e-03 6.445988570196637020e-03 6.445989758450294815e-03 6.445988476093802121e-03 6.445989429177192975e-03 6.445987825155249928e-03 6.445988299294050199e-03 6.445987936832062691e-03 6.445987199612904575e-03 6.445989394482396460e-03 6.445988033257975085e-03 6.445988263452489576e-03 6.445988307998812804e-03 6.445988711102179462e-03 6.445988707796767962e-03 6.445989418034423109e-03 6.445988706244143614e-03 6.445987914676350530e-03 6.445987386530621123e-03 6.445988806736946061e-03 6.445989012434621100e-03 6.445988723928073455e-03 6.445988169533796441e-03
6.444239734198262994e-03 6.444859571953917218e-03 6.444548978719276226e-03 6.445042437268584841e-03 6.444669689904486930e-03 6.444408611215817102e-03 6.444859082236250626e-03 6.444672995819040323e-03 0.000000000000000000e+00 6.444028539764003541e-03 6.444239251768031813e-03 6.444767216015847254e-03 6.445973768558339173e-03 6.444860875461735396e-03 6.440907469360820231e-03 6.444776027617491777e-03 6.445979818877119009e-03 6.444556104432749497e-03 6.444413584631659454e-03 6.444768391526142261e-03 6.445980051247827622e-03 6.444555397306880352e-03 6.444674240070520817e-03 6.444674070390648234e-03 6.444853934756566809e-03 6.444925416578697538e-03 6.444555267558205007e-03 6.444673862360866465e-03 6.444858619683683197e-03 6.443766915859233148e-03 6.444551468598100179e-03 6.444927175018617255e-03 6.446000068991271370e-03 6.445992749509439970e-03 6.445991199440834381e-03 6.445999386937356287e-03 6.445993311092964445e-03 6.445990642348272195e-03 6.445993464305401974e-03 6.446001067888199217e-03 6.445991509042449559e-03 6.446000999684978368e-03 6.445997210172254785e-03 6.445991458795967237e-03 6.445991927628298701e-03 6.446000887571640657e-03 6.445993355593376481e-03 6.445991042235420763e-03 6.446000630453452805e-03 6.445991145939578872e-03 6.445991362833510506e-03 6.445991926062656988e-03 6.446001822133700342e-03 6.445992036031219889e-03 6.445992425496961664e-03 6.446001142173678894e-03 6.446001542737713960e-03 6.445991742186495295e-03 6.445991537969692972e-03 6.446000126998708765e-03 6.446000740542540824e-03 6.446000300546515099e-03 6.445991087434250685e-03 6.445993058314536915e-03 6.445993448033149331e-03 6.445993663064221273e-03 6.445991973755269867e-03 6.445992127944135536e-03 6.445992565337696142e-03 6.445992141377331931e-03 6.445994011255375133e-03 6.445993482845948676e-03 6.445992793071991106e-03 6.445993253607775093e-03 6.445991880031035764e-03 6.445992352909420652e-03 6.445993285601398122e-03 6.445993262545854537e-03 6.445993870709991642e-03 6.445992785725331367e-03 6.445992458283320362e-03 6.445992666868899726e-03 6.445992911227623953e-03 6.445992893213564091e-03 6.445991968604091772e-03 6.445993511663598331e-03 6.445993528516900072e-03 6.445992024766551871e-03 6.445992764714782164e-03 6.445992728476760900e-03 6.445994146533094715e-03 6.445993728758842890e-03 6.445992635786286680e-03 6.445992800107034661e-03 6.445991719862297249e-03 6.445992625334187424e-03 6.445992460683043143e-03 6.445993524189221231e-03 6.445991538582645369e-03 6.445992641651550684e-03 6.445992632045051060e-03 6.445994167335921191e-03 6.445992622856955463e-03 6.445986860196173743e-03 6.445992506479302289e-03 6.445993740386509602e-03 6.445993238600267704e-03 6.445994431492912610e-03 6.445993149150000198e-03 6.445994097656369999e-03 6.445992493572550233e-03 6.445992967708877655e-03 6.445992609882330616e-03 6.445991919105157307e-03 6.445994067540843607e-03 6.445992752608268456e-03 6.445992934207127670e-03 6.445992981049582064e-03 6.445993384158225752e-03 6.445993376155855284e-03 6.445994086195815272e-03 6.445993374619290138e-03 6.445992587730579697e-03 6.445992059586631850e-03 6.445993475192732074e-03 6.445993680650588531e-03 6.445993392240565237e-03 6.445992837943184672e-03
6.443217330935380877e-03 6.443835972217400523e-03 6.443537994495501624e-03 6.444029922360223345e-03 6.445981185310214155e-03 6.445982651958194302e-03 6.445975189621081479e-03 6.445975963716188938e-03 6.444028539764003541e-03 0.000000000000000000e+00 6.445975385687148507e-03 6.443756850688178890e-03 6.443912043808073045e-03 6.443837238907916889e-03 6.445983430092026845e-03 6.445976490529372292e-03 6.443007789999273191e-03 6.443532822696049385e-03 6.443389634073302431e-03 6.445980419746067357e-03 6.445976887971300619e-03 6.443534043767354218e-03 6.445974996070313184e-03 6.445976329250446314e-03 6.443843191210020353e-03 6.443914035603074547e-03 6.443535855240919985e-03 6.443650791140667286e-03 6.443836153489673757e-03 6.442748026999052177e-03 6.445982747660364449e-03 6.443915307850571136e-03 6.445996076428582057e-03 6.445988898487515009e-03 6.445987348322898547e-03 6.445995535461496694e-03 6.445989460041880517e-03 6.445986667684242000e-03 6.445989612827096420e-03 6.445997216396812980e-03 6.445987657934169196e-03 6.445997148213105168e-03 6.445993358724726695e-03 6.445987607731757524e-03 6.445988076584561327e-03 6.445997036504593804e-03 6.445989504512542045e-03 6.445987191190770058e-03 6.445996778979712176e-03 6.445987294818710488e-03 6.445988398205767557e-03 6.445988074974905342e-03 6.445997970696414059e-03 6.445988184988224109e-03 6.445988393109808312e-03 6.445997291105320590e-03 6.445997555217793801e-03 6.445987891098529411e-03 6.445987686886963351e-03 6.445996275921446993e-03 6.445996889091380223e-03 6.445996449498754034e-03 6.445987236339586167e-03 6.445989207269246096e-03 6.445990033619261421e-03 6.445989811979032681e-03 6.445988122649829247e-03 6.445988138452785413e-03 6.445988714257219060e-03 6.445988191073198648e-03 6.445990160023348271e-03 6.445989636185261648e-03 6.445988941991150599e-03 6.445989402370388803e-03 6.445988028939603036e-03 6.445988501632323939e-03 6.445989434553623179e-03 6.445989411269423958e-03 6.445990019449644552e-03 6.445988934472175573e-03 6.445988607174863924e-03 6.445988815611494727e-03 6.445989059966982827e-03 6.445989042088937429e-03 6.445988117312078172e-03 6.445989660580801923e-03 6.445989677275170901e-03 6.445988629010101535e-03 6.445988914282506192e-03 6.445988877216090283e-03 6.445990295270280848e-03 6.445989877707400742e-03 6.445988784676623742e-03 6.445988948659564684e-03 6.445987868780160904e-03 6.445988774076238589e-03 6.445988609147713759e-03 6.445989672371467590e-03 6.445987209584926915e-03 6.445988794622677272e-03 6.445988784853335686e-03 6.445990315764693439e-03 6.445988771066600044e-03 6.445993737010008266e-03 6.445988659339362339e-03 6.445989888606142720e-03 6.445989391470939925e-03 6.445990579695038032e-03 6.445989297698649645e-03 6.445990250565590378e-03 6.445988646410385874e-03 6.445989120549104612e-03 6.445988758336064668e-03 6.445987930848636263e-03 6.445990215962353435e-03 6.445988764481530749e-03 6.445988666450146523e-03 6.445989129505752535e-03 6.445989532361084962e-03 6.445989529041152959e-03 6.445990239655763517e-03 6.445989527640689880e-03 6.445988735923468584e-03 6.445988208031122428e-03 6.445989628256929178e-03 6.445989834075571689e-03 6.445989545184880806e-03 6.445988991050193885e-03
6.443426883694347226e-03 6.445974556589626099e-03 6.445983233933922328e-03 6.444241174024169932e-03 6.445980515078215782e-03 6.443605938132744050e-03 6.444044928308387959e-03 6.443862708999743318e-03 6.444239251768031813e-03 6.445975385687148507e-03 0.000000000000000000e+00 6.443967913369486912e-03 6.444124547342191395e-03 6.445976983810279733e-03 6.445982934298978735e-03 6.445975381058745811e-03 6.443218829511345586e-03 6.445976889545135431e-03 6.443602584548489137e-03 6.443967485062237870e-03 6.445975658539250530e-03 6.443744154258567239e-03 6.443862596396852764e-03 6.443862871361397821e-03 6.444052911721163436e-03 6.445980683665582071e-03 6.443746031243796808e-03 6.443861887697215594e-03 6.444045996882835636e-03 6.442956549781288754e-03 6.445982988796551856e-03 6.444124719965319860e-03 6.445996435994014173e-03 6.445988767346518510e-03 6.445987217340951037e-03 6.445995404788063682e-03 6.445989328907480304e-03 6.445986562814459871e-03 6.445989482347855293e-03 6.445997085851404296e-03 6.445987526950787069e-03 6.445997017549549672e-03 6.445993228377592567e-03 6.445987476738723396e-03 6.445987945587565958e-03 6.445996905518979088e-03 6.445989373524595861e-03 6.445987060060645937e-03 6.445996648313096627e-03 6.445987163837998968e-03 6.445987195886340379e-03 6.445987943859667751e-03 6.445997840174274955e-03 6.445988053868000923e-03 6.445988299980364919e-03 6.445997159992841209e-03 6.445997914210405480e-03 6.445987759983248452e-03 6.445987555768416775e-03 6.445996144937897465e-03 6.445996758290360902e-03 6.445996318385036929e-03 6.445987105227451129e-03 6.445989076273824121e-03 6.445989902480677054e-03 6.445989681169206169e-03 6.445987991843329067e-03 6.445988036603116957e-03 6.445988583450906230e-03 6.445988081138283310e-03 6.445990029209663734e-03 6.445989505378715498e-03 6.445988811181326689e-03 6.445989271560088711e-03 6.445987898133083774e-03 6.445988370821826088e-03 6.445989303743015174e-03 6.445989280459868062e-03 6.445989888639404308e-03 6.445988803665834987e-03 6.445988476368293488e-03 6.445988684805151539e-03 6.445988929157391370e-03 6.445988911282602915e-03 6.445987986505708096e-03 6.445989529770239021e-03 6.445989546464727694e-03 6.445988497864413476e-03 6.445988783000561675e-03 6.445988746409761841e-03 6.445990164460607859e-03 6.445989746900976890e-03 6.445988653870268412e-03 6.445988817853642167e-03 6.445987737973618223e-03 6.445988643262299915e-03 6.445988478339558653e-03 6.445989541937004880e-03 6.445987105485126954e-03 6.445988664177937193e-03 6.445988654399631423e-03 6.445990185222672669e-03 6.445988640399383414e-03 6.445993605687043611e-03 6.445988528898380539e-03 6.445989758031317463e-03 6.445989260799140155e-03 6.445990449034235542e-03 6.445989167253477620e-03 6.445990119977195246e-03 6.445988515964162606e-03 6.445988990103011448e-03 6.445988627668400479e-03 6.445988290465795231e-03 6.445990085547565092e-03 6.445989174377004215e-03 6.445988562308557941e-03 6.445988998923734246e-03 6.445989401907863819e-03 6.445989398606111719e-03 6.445990109099744396e-03 6.445989396835279973e-03 6.445988605482814646e-03 6.445988077367454175e-03 6.445989497574290857e-03 6.445989703263365136e-03 6.445989414520313099e-03 6.445988860371622622e-03
6.443966923330404946e-03 6.444588070234654256e-03 6.444277175299272485e-03 6.444770469934032499e-03 6.444398199416556672e-03 6.445976517132227628e-03 6.444587154188429270e-03 6.444401581317427130e-03 6.444767216015847254e-03 6.443756850688178890e-03 6.443967913369486912e-03 0.000000000000000000e+00 6.445974997768379351e-03 6.445981090272947904e-03 6.440636764995312340e-03 6.444503542455318375e-03 6.445982251555622093e-03 6.444283663590578623e-03 6.445981350873235781e-03 6.444495817532243896e-03 6.445981597787787086e-03 6.444282923690945741e-03 6.444401140596533323e-03 6.444400992352912819e-03 6.444582186591188595e-03 6.444653189925569035e-03 6.444282846575380072e-03 6.444402521364246163e-03 6.444587025361193065e-03 6.443494353960842538e-03 6.444278358076347551e-03 6.445975852832363379e-03 6.446000735175554455e-03 6.445993067004056505e-03 6.445991517209127830e-03 6.445999704317114179e-03 6.445993628820807612e-03 6.445991318453229806e-03 6.445993781508057609e-03 6.446001385262922073e-03 6.445991826828983626e-03 6.446001316964950628e-03 6.445997527447776612e-03 6.445991776388050078e-03 6.445992245247259347e-03 6.446001205131525295e-03 6.445993673386100041e-03 6.445991359711258049e-03 6.446000947848164880e-03 6.445991463700396530e-03 6.445992562467570998e-03 6.445992243854920846e-03 6.446002139322028895e-03 6.445992353602955291e-03 6.445992694790147505e-03 6.446001459964843805e-03 6.446001823021544827e-03 6.445992059978680223e-03 6.445991855773461517e-03 6.446000444545420781e-03 6.446001057809701285e-03 6.446000617999242399e-03 6.445991405216200745e-03 6.445993375902184068e-03 6.445993722511136545e-03 6.445993980111227976e-03 6.445992290798212981e-03 6.445992407515164190e-03 6.445992882380253280e-03 6.445992431704832687e-03 6.445994328315384457e-03 6.445993799832008472e-03 6.445993110119083679e-03 6.445993570662552491e-03 6.445992197074024849e-03 6.445992669965627461e-03 6.445993602649553213e-03 6.445993579600580760e-03 6.445994187765656351e-03 6.445993102775148323e-03 6.445992775326449958e-03 6.445992983918719284e-03 6.445993228282438647e-03 6.445993210256206231e-03 6.445992285655014614e-03 6.445993828711663216e-03 6.445993845571921198e-03 6.445992299253547504e-03 6.445993082631951317e-03 6.445993045526557039e-03 6.445994463588019564e-03 6.445994045801577838e-03 6.445992952829301785e-03 6.445993117164541646e-03 6.445992036905328834e-03 6.445992942394719767e-03 6.445992777751938588e-03 6.445993841573908339e-03 6.445991856308423348e-03 6.445992958966792474e-03 6.445992949347333599e-03 6.445994484639961004e-03 6.445992940039725096e-03 6.445986916905514091e-03 6.445992823794400965e-03 6.445994057651263133e-03 6.445993555714973726e-03 6.445994748681680916e-03 6.445993466534192043e-03 6.445994414848019681e-03 6.445992810882525403e-03 6.445993285018751344e-03 6.445992927071092851e-03 6.445992585165494400e-03 6.445994384951539424e-03 6.445993468979559736e-03 6.445993251924710815e-03 6.445993298314311309e-03 6.445993701524117998e-03 6.445993693476734059e-03 6.445994403426389546e-03 6.445993691624741541e-03 6.445992905109249917e-03 6.445992376779572167e-03 6.445993792302896590e-03 6.445993997655635743e-03 6.445993709362530209e-03 6.445993155057672119e-03
