0.000000000000000000e+00 6.922484540288998019e-03 6.953429880756243665e-03 7.037217808663179079e-03 7.055098815706286469e-03 7.041441579472588683e-03 7.037211059197924154e-03 6.929104933451095232e-03 7.038219707139962977e-03 7.040348413055633192e-03 7.039751392237180577e-03 7.050779353485498759e-03 6.884945468986924770e-03 7.042388089039496382e-03 7.038730685006498559e-03 7.039026462042468832e-03 7.044026384427310404e-03 7.043374469028773968e-03 7.040155945179878139e-03 7.032457417290968911e-03 7.040323715469135567e-03 7.038021788058171010e-03 7.040420152778445635e-03 7.041847745765638864e-03 7.044162836132854440e-03 7.036189148515239154e-03 7.041184925332173543e-03 7.040654846534621404e-03 7.036133573351768811e-03 7.042083600800745288e-03 7.042719041877169503e-03 7.043190903168104061e-03 7.052065633431778974e-03 7.040823266725001334e-03 7.041689627996975884e-03 7.039000839127033601e-03 7.042491265525237763e-03 7.040203470825049173e-03 6.885962734735824944e-03 7.044778475464016920e-03 7.040129509188553306e-03 7.037072819314304020e-03 7.047355726354385431e-03 6.922226764411344192e-03 7.040540655162706718e-03 7.053131854655359315e-03 7.039590124479027863e-03 7.039066169928449856e-03 7.038077430424786313e-03 7.046211294786851320e-03 7.039751508532328568e-03 7.040571345167625193e-03 7.038784481851158986e-03 7.048614120131263365e-03 7.049205004766959624e-03 7.039619484322534766e-03 6.966143211511288680e-03 7.046903885139748150e-03 7.051197384438136206e-03 7.044416136685118478e-03 7.039502031136395110e-03 7.040677523541824002e-03 7.048885202056050236e-03 7.038461462718361220e-03 7.044783015717624025e-03 7.039543024379293391e-03 6.885244260564956330e-03 7.041680395067007568e-03 7.037761774787703629e-03 7.045860638651869380e-03 7.042979280130824346e-03 7.040845584245586375e-03 7.038573809523039106e-03 7.040488095776935122e-03 7.042542767827154881e-03 7.043746648747489791e-03 7.044872854919516890e-03 7.038992025892780099e-03 7.040194138333626291e-03 7.047815722810982751e-03 7.041952032049263177e-03 6.960116769880903519e-03 7.043006020843339300e-03 7.038234263717569467e-03 7.051720848225718000e-03 7.045448903084554348e-03 7.044254648224855531e-03 7.048942935080507698e-03 7.048728582655021217e-03 7.046792186328177353e-03 7.041468329348983361e-03 7.039547443059564896e-03 7.045079163761692673e-03 7.045182014667097058e-03 7.043260827966336089e-03 7.039703168396072713e-03 7.042701235905792466e-03 7.037591451416876261e-03 7.043283899391150106e-03 7.041779408191689398e-03 7.045032075229208830e-03 7.037557816953299121e-03 7.046226216717267447e-03 7.043020331312870030e-03 7.041218712556220755e-03 7.040924009902613072e-03 7.049042751925960019e-03 7.039696897306079067e-03 7.040154970194847060e-03 7.038210038867131341e-03 7.040334922145048344e-03 7.045463484386012276e-03 7.039238901697130769e-03 7.048941715231979085e-03 7.046314299678774554e-03 7.035576377171642859e-03 7.041013675547685112e-03 7.052686478643564738e-03 7.040813448529260540e-03 7.042895738150783090e-03 7.039853521831688533e-03 7.044784858023471832e-03 7.042310072790376567e-03 6.968286722222325966e-03 7.049068904142752334e-03 7.041975525601611510e-03 7.045551036101992647e-03 7.045471300049627704e-03
6.922484540288998019e-03 0.000000000000000000e+00 7.042284957389361583e-03 7.038569390563964578e-03 7.049409655446444919e-03 7.036016464354842744e-03 7.038115661065477702e-03 7.029956826484836697e-03 7.035965328160887280e-03 6.928398404818932391e-03 6.950095181902719334e-03 7.043084926443051418e-03 7.033209128800853131e-03 7.037291540320051060e-03 7.029009520007078321e-03 7.033736756674654859e-03 7.038698652493745149e-03 7.036345682426795901e-03 7.034942255212128966e-03 7.033614390805809254e-03 7.034023857189223607e-03 7.038886294951057776e-03 7.036000701907053033e-03 7.042643448134357220e-03 6.954094177110326479e-03 7.036667311938508799e-03 7.035342996503652149e-03 7.036204613620615153e-03 6.890904809840223307e-03 7.032061038497705932e-03 7.038418185710016220e-03 7.036792689820427389e-03 7.046756137419189249e-03 7.035673804349325960e-03 7.041765135932329805e-03 7.034411837603042443e-03 7.038299535793410971e-03 6.954649497548511319e-03 7.035795026969375587e-03 7.039267431370833245e-03 7.034350273819225084e-03 7.031105439674638011e-03 7.041799662527947930e-03 7.029625083023492010e-03 7.035397388278715261e-03 7.048415882895560196e-03 7.029380391252640532e-03 7.034772036992619805e-03 7.035436754865818237e-03 7.041041162043185780e-03 7.034687941207924504e-03 7.035178039216025830e-03 7.033669182353096370e-03 7.043486721252618238e-03 7.040455014605421190e-03 7.034432333051584760e-03 7.041236478786364050e-03 7.037872574318691267e-03 7.045166359371882354e-03 7.037403018465678006e-03 7.040984610194153150e-03 7.036001316908021587e-03 7.046357064213298362e-03 7.036590950120656315e-03 7.038931787940932994e-03 7.033339065129971292e-03 7.030471107737460389e-03 7.035174207115416772e-03 7.035160433032289218e-03 7.043245509217604776e-03 7.037728847216666653e-03 7.035548615297575886e-03 7.038524869719308720e-03 7.035113078384006707e-03 7.036436380069886233e-03 7.039045546595324408e-03 7.039704495356086805e-03 7.034379694513368149e-03 7.034995825474803580e-03 7.041893659483000785e-03 7.036870801398293837e-03 7.034710149951965349e-03 7.039960245906785007e-03 7.038767589441718986e-03 7.046110188642506524e-03 7.040307476563744185e-03 7.040572041187541374e-03 7.044674284616418876e-03 7.043440448638004989e-03 7.041400971281820340e-03 7.032986405333309203e-03 7.036636893725742477e-03 7.035881552937193334e-03 7.042077912179082154e-03 7.034292562371262554e-03 6.891751671968763399e-03 7.037746765478196560e-03 7.034700734034227999e-03 7.037892410200547594e-03 7.042671279019053002e-03 7.045165440160703826e-03 6.909451986365118537e-03 7.035409098539951653e-03 7.037160894297540305e-03 7.035832603530881198e-03 7.035150416842816772e-03 7.036220266056866790e-03 7.030684194175703013e-03 7.036311526103705694e-03 7.033066041692375391e-03 7.039903065350188935e-03 7.040324615610371421e-03 7.039019609219331758e-03 7.042866524236397405e-03 7.039983721367903437e-03 7.034828836005653507e-03 7.032238516182632779e-03 7.047456401808163684e-03 7.035610077503262789e-03 7.032440802304914390e-03 7.040970737124074147e-03 6.952642169366460290e-03 7.040177773433504635e-03 7.038233029141266299e-03 7.043774743381102377e-03 7.037908444137347397e-03 7.036838972459508873e-03 7.035996047711648091e-03
6.953429880756243665e-03 7.042284957389361583e-03 0.000000000000000000e+00 7.045317062372363943e-03 7.054501693662040482e-03 7.042467270810007403e-03 6.954054673665796202e-03 6.947108323554791916e-03 7.042267155955381046e-03 7.044183021531275762e-03 7.042113456061680626e-03 7.052952428553430075e-03 7.038471367490836510e-03 7.044244397680119590e-03 7.041831431507558983e-03 7.039370975826298761e-03 7.045744730307274342e-03 7.045076703392025991e-03 7.041828388551391558e-03 7.040695909318349377e-03 7.040940215261567992e-03 7.044177948010111809e-03 7.044288696407261831e-03 7.049723406052515323e-03 7.047718508805443649e-03 7.043987299102614889e-03 7.042534568712456935e-03 7.043452616127047344e-03 7.044452486006090933e-03 7.044278582259377169e-03 7.044288185322125813e-03 7.045061222665248250e-03 7.054176325274530944e-03 7.038689109151959923e-03 7.048041453520698975e-03 7.040679002739464246e-03 7.043571602629075321e-03 7.043274703856291369e-03 7.043284955063275343e-03 7.044145396766479834e-03 7.040968561021596246e-03 7.037859795118281588e-03 7.048735527109023513e-03 7.041636355540176716e-03 7.041006822540038512e-03 7.038233728556422299e-03 7.040614460132359892e-03 7.041589230551472019e-03 7.040674170213538814e-03 7.039581497243222775e-03 6.964742809702929166e-03 7.042527719951067328e-03 7.041688009943296994e-03 7.032099393304071591e-03 7.033608076020944101e-03 7.041055636144166047e-03 7.047275340578898831e-03 7.043541836341168580e-03 7.052867154818709058e-03 7.047049932465428330e-03 6.979774293821681616e-03 6.970982201871355269e-03 7.050353441926674597e-03 7.042455792138427317e-03 7.044815672842244872e-03 7.039330492643345281e-03 7.036683458285205965e-03 7.042135589192081123e-03 7.042950355416873094e-03 7.050487704502933668e-03 7.044897218187661132e-03 7.042701877840088984e-03 7.045182838214625841e-03 7.041435953483542523e-03 7.044530853659542596e-03 7.046390802509211460e-03 7.045755827075727250e-03 6.964300489878216642e-03 7.043309639527693157e-03 7.049869121099376461e-03 7.044777032140861484e-03 7.044053136506381492e-03 7.043220965406538775e-03 7.045974791227669308e-03 7.037751164933607646e-03 7.045861892975130956e-03 7.046307511278630462e-03 7.050676610421699811e-03 7.049398449098877133e-03 7.046478295238453593e-03 7.043542950624133089e-03 7.041591713301063003e-03 7.047914410695380223e-03 6.824964644181445370e-03 7.045498081441597255e-03 7.044765797412146438e-03 7.042129884437571194e-03 7.044536181447814786e-03 7.045177604182943816e-03 7.049884569399291791e-03 7.051154180331140227e-03 7.045931708986798159e-03 7.048791574387135508e-03 7.043723235193098502e-03 7.043064047819313535e-03 7.042012057552237553e-03 7.049290973940997886e-03 7.042569420845065653e-03 6.903203771112776180e-03 7.039889099040725837e-03 6.956513399622487118e-03 7.046576862073754971e-03 7.044240695776615366e-03 7.049031040365425285e-03 7.048428639031291236e-03 7.044403134030918605e-03 7.043780697280684067e-03 7.048979054818870285e-03 7.043594528700291256e-03 7.039132625398494304e-03 6.980321759098339143e-03 7.049596841003699828e-03 7.043748110274787415e-03 7.041964698915677452e-03 7.051082360114689987e-03 6.979271871895642923e-03 7.042832131845699895e-03 7.041005308137827240e-03
7.037217808663179079e-03 7.038569390563964578e-03 7.045317062372363943e-03 0.000000000000000000e+00 7.051041752731448432e-03 7.037287701468294618e-03 7.040677509345363155e-03 7.030743262762033374e-03 7.037434579110954901e-03 7.040267332266113287e-03 7.038634367904983598e-03 7.046657567354082559e-03 7.037214988375469112e-03 7.034145967663643119e-03 7.035709508491727257e-03 7.035020472367160480e-03 7.038675251722158188e-03 7.039506838763032182e-03 7.037318978595974960e-03 7.035759760213028749e-03 7.033947339003810729e-03 7.029460192826622253e-03 7.039306772907267216e-03 7.044170061677137128e-03 7.038832444722721397e-03 7.031615160206776405e-03 7.037044372684811942e-03 7.037486967056809546e-03 7.038720507270884198e-03 7.037449534346732968e-03 7.038403917078487303e-03 7.039255296281831872e-03 7.048077548353914173e-03 7.034316251454770727e-03 7.036575101389479919e-03 7.034063577204450156e-03 7.034359010180551292e-03 7.039050058733525676e-03 6.856095919187387214e-03 7.037154861188978962e-03 6.875710050892455336e-03 7.032984456284528327e-03 7.041794544354358990e-03 7.037276776067863046e-03 7.034557452291483222e-03 6.898541633111906872e-03 7.035774088941882352e-03 7.034574235543068592e-03 7.035115919169426107e-03 7.042239871176025033e-03 7.029893478025321316e-03 7.036504146527602400e-03 7.031457113627751811e-03 7.044288381552774730e-03 7.044375653054221233e-03 7.035574023275213522e-03 7.043994475565236967e-03 7.042035730097854877e-03 7.045698610374164818e-03 7.041194448154144622e-03 7.040837706917508348e-03 7.038406079122985597e-03 6.944595734620082235e-03 7.037880078091255515e-03 7.041016490507184984e-03 7.035417087181938291e-03 7.038402323279465723e-03 7.038824031082346715e-03 7.037014781136817845e-03 7.045260023986268071e-03 7.038914263853290193e-03 7.036663246500437542e-03 7.040344264457601246e-03 7.035798806154591224e-03 7.037454878897435144e-03 7.040357057309386962e-03 7.040654287347228833e-03 7.036214209767438499e-03 7.037136874337233082e-03 7.042686722405051836e-03 7.036764014829432860e-03 7.036092199402565507e-03 7.040318090861489610e-03 7.039149696878806151e-03 7.047556109211533873e-03 7.041469722272855961e-03 6.940726354666559503e-03 6.936175497595976729e-03 7.044024312007591930e-03 7.042065164238573392e-03 7.038429788128327917e-03 6.924535474106600225e-03 7.042003402993303462e-03 7.038257755631070756e-03 7.039360017002307263e-03 7.038987002104979407e-03 7.038863397066295879e-03 7.038543096731035911e-03 7.039101018891898327e-03 7.037147890696934284e-03 7.036786446303490428e-03 7.043146853540844035e-03 7.043235806144339771e-03 7.037823693307789126e-03 7.034226879399954092e-03 7.036489314481021891e-03 7.046318782479718372e-03 7.035944997390762568e-03 7.037853277815623101e-03 7.034387473510712863e-03 7.044615140219839811e-03 7.041235430198244938e-03 7.037730478003953113e-03 7.044758388563686358e-03 7.041171316938871563e-03 7.032293790206171555e-03 7.037951921810356969e-03 7.048067261456857774e-03 7.037546406464701733e-03 7.039043501148203701e-03 7.042188170018561302e-03 7.045227733230941501e-03 6.911764611853270235e-03 7.042232537864677108e-03 7.043685652255699155e-03 7.035559519907043022e-03 7.041935473139989028e-03 7.041624530326471773e-03
7.055098815706286469e-03 7.049409655446444919e-03 7.054501693662040482e-03 7.051041752731448432e-03 0.000000000000000000e+00 7.047522912822600134e-03 7.052790322048212504e-03 7.046189632233767521e-03 6.928154858420761293e-03 7.051516647576650150e-03 6.989645596932393332e-03 7.053418113434028330e-03 7.047510060008280348e-03 7.046643722352348080e-03 7.046513972128813988e-03 7.045252146956336101e-03 7.051280144965138899e-03 7.050890056394103558e-03 7.048811495883344248e-03 7.045363930547919769e-03 7.046901480382049623e-03 7.049718886512966291e-03 7.049464104450522961e-03 7.046971279103961261e-03 7.054129371762393567e-03 6.964615583943334180e-03 7.047389240813111029e-03 7.046778752555189242e-03 7.049773417644019692e-03 7.049434330943462126e-03 7.051030010961085136e-03 7.050664849996481076e-03 7.049809398215421338e-03 6.873512014060438602e-03 7.054079082464904255e-03 7.045819785127395429e-03 7.050858502997578610e-03 7.043172199836634541e-03 7.049310818686981527e-03 7.050788084133084721e-03 7.047605809192368682e-03 7.042920528157131134e-03 7.054125921604691499e-03 7.045234617983405813e-03 7.043777467808994865e-03 7.059951266991377865e-03 7.047113228753157724e-03 7.045446177724574120e-03 7.047410165918921443e-03 7.053667226718410115e-03 7.047710071260056448e-03 7.047545754413060345e-03 7.047395504981628263e-03 7.054952374555682228e-03 7.056849446727539964e-03 7.044984988320875455e-03 7.056126255430335975e-03 7.044340116240116120e-03 7.058133833323776592e-03 7.050751756157182075e-03 7.053441049957850061e-03 7.048954127061705412e-03 7.050907570576631436e-03 7.043443051571656593e-03 7.051572607635670821e-03 7.044527568689040384e-03 7.049568413446060354e-03 7.049735416227258938e-03 7.048358601082894623e-03 7.054670434609257301e-03 7.050320201497755658e-03 7.046691521425264837e-03 7.051802037782368623e-03 7.046703103696451247e-03 6.878242894155086468e-03 7.050321180260145371e-03 7.039541934276533595e-03 6.968783827216083922e-03 7.048369091513597556e-03 7.038824863256544322e-03 7.048575364171120843e-03 7.048637246114532358e-03 7.052676505041688935e-03 7.051496827904486266e-03 7.059256773373150107e-03 7.051520200659550097e-03 7.052023602881277164e-03 7.057090950732239701e-03 7.039566763598001375e-03 7.054067938623718483e-03 6.962294772513720476e-03 7.049518785265243732e-03 7.053286450854347536e-03 7.054827582218137910e-03 7.049266673520056779e-03 7.048209091041591524e-03 7.050313661823503011e-03 7.047523237110346096e-03 6.830187779675633668e-03 7.054222395747452787e-03 7.042965196307602975e-03 7.053784944187990388e-03 7.054005223317409180e-03 7.049439875558687410e-03 7.048227602781550159e-03 7.047042450934342707e-03 7.041531615089755350e-03 7.048144830497579671e-03 7.048955866543154918e-03 7.045819520563090070e-03 7.046866513755510944e-03 6.955969993018304084e-03 7.050377959216194354e-03 7.053387514806039316e-03 7.051701186835685441e-03 7.046921349676422627e-03 7.047496378872877831e-03 7.054123796781518185e-03 6.970857768095816559e-03 7.050324428106703040e-03 6.970281259837434601e-03 7.055524724898002385e-03 7.043830671221443067e-03 7.053005834664128823e-03 7.056491981165166280e-03 6.984320723414785131e-03 7.048470493020329679e-03 7.052525018705892330e-03
7.041441579472588683e-03 7.036016464354842744e-03 7.042467270810007403e-03 7.037287701468294618e-03 7.047522912822600134e-03 0.000000000000000000e+00 7.038195934028203433e-03 7.032387366915890219e-03 7.031985278082477329e-03 7.035788680252542948e-03 7.035194132864941094e-03 7.044016021866093304e-03 7.034744739174563465e-03 6.910831738954017860e-03 7.033158926700105833e-03 7.030667498210843233e-03 7.037567652912041921e-03 6.911478424347428269e-03 7.034752299366287855e-03 7.033072439461575225e-03 7.033960047824587732e-03 7.036009728856221224e-03 7.034571099073239943e-03 7.041654119928867674e-03 7.038766697296903498e-03 7.033100957584307450e-03 7.031351320944570320e-03 6.874289265675692824e-03 7.034538646134078435e-03 7.033129721297189454e-03 7.036373916156348114e-03 7.036539008960699879e-03 7.045580871258604397e-03 7.034375691077235197e-03 7.039763120866779356e-03 7.033128610675040519e-03 7.035247494610107760e-03 7.038161887298365234e-03 7.037352303474875628e-03 7.038095743069038013e-03 7.031643051478756769e-03 7.031197605968825780e-03 7.040749150245653384e-03 7.035149552241701243e-03 7.033171254201886491e-03 7.046071232691700215e-03 7.033224357083503638e-03 7.033242312919234240e-03 7.029339698027880189e-03 7.037786671812103212e-03 7.034515559142815247e-03 7.033353084375646228e-03 7.031314377968510970e-03 7.038638495046939912e-03 7.042916647511635216e-03 7.032338544588541754e-03 7.038271817591822826e-03 7.039730773153148394e-03 7.043842046631133662e-03 7.038576113336239212e-03 7.039768514945844713e-03 7.035809540078647242e-03 7.045039223629033162e-03 7.035891758685293255e-03 7.035932261536651661e-03 7.031123142878541697e-03 7.036070944635656327e-03 7.036123316252853796e-03 7.032070710496575276e-03 7.039004519486512582e-03 7.036245283973742957e-03 7.034099919903460084e-03 7.036131904145493006e-03 7.026468641368787196e-03 7.036037377893255944e-03 7.037736589371282846e-03 7.038385430051008994e-03 7.031530653916530545e-03 7.032665524496452790e-03 7.036652547966107396e-03 7.035024665453577623e-03 7.036160076396800848e-03 7.036688872536200554e-03 7.033871272831657140e-03 7.045320565748220722e-03 6.935984797562120587e-03 7.037266398828794130e-03 7.041607972939553650e-03 7.039173653020121615e-03 7.035500270639299253e-03 7.028936045519810528e-03 7.035922389443840901e-03 7.037171746647359442e-03 7.040886125396884389e-03 7.036366473212787159e-03 7.034793226787922765e-03 7.036395897247957332e-03 7.036226312334774823e-03 7.034390766628520822e-03 7.040789408729276541e-03 7.043928580127006844e-03 7.040633196815629033e-03 7.037072190647449335e-03 7.036428768128226777e-03 7.030647268648752661e-03 7.032792591768121000e-03 6.930314024836637006e-03 7.034227026523626712e-03 7.032109063972993498e-03 7.032342055659624933e-03 7.040980684067834998e-03 7.035588635483094704e-03 7.036647869318877341e-03 7.039769858396639768e-03 6.920783389831978126e-03 7.035893676480838022e-03 7.035065336852126122e-03 6.910789771496891193e-03 7.034954555806208730e-03 7.036278271586606479e-03 7.040134649904668251e-03 7.041736418488606444e-03 7.038903239858872347e-03 7.039780370918815450e-03 7.042533066455348295e-03 6.931430131654523798e-03 7.037574496144798422e-03 7.038761166791029922e-03
7.037211059197924154e-03 7.038115661065477702e-03 6.954054673665796202e-03 7.040677509345363155e-03 7.052790322048212504e-03 7.038195934028203433e-03 0.000000000000000000e+00 7.032096062143964287e-03 7.038973436491472759e-03 6.942166388214086360e-03 7.039840737986640014e-03 7.046455743227959291e-03 7.038788772236017136e-03 7.040030206479163701e-03 7.037185337758453639e-03 7.035870650230382183e-03 7.032332464800210986e-03 7.035478537607710477e-03 7.038891464487225837e-03 7.036616183651999736e-03 7.037472832085533633e-03 7.041736178737184604e-03 7.039104768940760044e-03 7.029978682488744433e-03 7.043568289509550932e-03 7.039182333549838522e-03 7.038067026763302793e-03 7.037577141446356085e-03 7.040154563559649324e-03 7.038591101040882550e-03 7.029658097129369912e-03 7.038764699738589425e-03 7.049498261712373523e-03 7.038395992912116483e-03 7.035524455123654507e-03 7.034540493269202978e-03 7.040221566737353380e-03 7.041900766757538781e-03 7.041179140965911527e-03 7.040379605315212272e-03 7.037897384010673510e-03 7.033952645055145149e-03 7.043684303877665795e-03 7.038403564114798644e-03 7.038211730959425746e-03 7.050930040294023718e-03 7.035453837440462134e-03 7.035583592782467845e-03 6.959128519938479612e-03 6.943749744492321886e-03 7.037429916473503418e-03 7.037628847412363137e-03 7.037612993608409473e-03 7.044387963519388451e-03 7.046701522946387415e-03 7.037410168091317794e-03 7.046085060967520637e-03 7.043388329753896317e-03 7.048172930334449353e-03 7.040925755784575510e-03 7.042448987570905893e-03 7.036269058650996763e-03 6.971936693673050182e-03 7.038685151241202108e-03 7.039954298372835297e-03 7.036372719714741736e-03 6.883775370528481992e-03 7.037102622473740028e-03 7.036040940133029935e-03 7.035699192038089717e-03 7.037298864051483131e-03 7.035799744176458002e-03 7.042097659580384868e-03 7.037902601909912063e-03 7.038924473164341264e-03 7.041633298478530353e-03 7.042480824533751439e-03 7.035834095793961664e-03 7.038574980977036280e-03 7.045431798632929322e-03 7.040281671211754376e-03 7.038726811006617255e-03 6.934471416578512348e-03 7.041540597364617619e-03 7.049276812026831346e-03 6.970428772905584887e-03 7.044329880692381217e-03 7.044932073807559300e-03 7.046300165902959038e-03 7.043020840384937517e-03 7.039963611762449502e-03 7.039873903718863075e-03 7.042515786482594388e-03 7.042682348489604123e-03 7.040322680084734955e-03 7.040446021580761167e-03 6.852941120626669658e-03 7.034942511718890977e-03 7.040761857178591543e-03 7.044763836036713710e-03 7.042023752707960750e-03 7.038118086471933238e-03 7.043240363407067550e-03 7.040744220121677652e-03 7.037412021602184285e-03 7.035693473041050756e-03 7.046920843756443106e-03 7.037319668703511180e-03 7.035460679306524551e-03 7.036262945068609033e-03 7.037948704778896301e-03 7.043118708173289229e-03 7.042374815915216149e-03 7.045759927700187032e-03 7.043457346787101135e-03 7.037902731341597919e-03 7.037317905964983987e-03 7.050059956896753688e-03 7.038923470050189625e-03 7.040484617156874715e-03 7.043175229940846355e-03 7.047064144858266460e-03 7.042161971618416706e-03 6.966498325975843328e-03 7.045629704590849508e-03 7.039406801084550046e-03 7.043583897862031214e-03 7.042906614026195160e-03
6.929104933451095232e-03 7.029956826484836697e-03 6.947108323554791916e-03 7.030743262762033374e-03 7.046189632233767521e-03 7.032387366915890219e-03 7.032096062143964287e-03 0.000000000000000000e+00 7.032472952940153552e-03 7.035165929248307116e-03 7.034032640326214753e-03 7.042008472154293736e-03 7.029604552944291110e-03 7.032749375619350325e-03 7.029939206806047787e-03 7.030507172280363662e-03 7.035134737691059459e-03 7.032465314384401221e-03 7.030156417215121904e-03 7.029915939630635748e-03 7.028965831144669447e-03 7.035266094194043279e-03 7.034305217841810808e-03 7.039028450541956299e-03 7.037732706084637475e-03 7.033118085285722590e-03 7.031272540547585728e-03 7.031640710397897218e-03 7.032820427602254343e-03 7.032050737209264747e-03 7.034719554014812366e-03 7.034295394827669995e-03 7.043222289790153703e-03 7.029633335510776689e-03 7.037631115268081460e-03 7.029741656472993094e-03 6.951700827707794558e-03 6.962308559717333631e-03 7.032073240853154925e-03 7.035599575239580815e-03 7.030203447384889177e-03 7.028154750620308963e-03 7.037863736661001401e-03 7.030509389979962276e-03 7.029906240469205141e-03 7.042509183187752909e-03 7.030865153013738690e-03 7.028879910307186431e-03 7.030419114428873920e-03 7.036329496613518558e-03 7.028330885874419127e-03 7.031579137383754154e-03 7.029994357072649573e-03 7.039545232129496531e-03 7.040434796778331610e-03 7.030894252805371461e-03 6.959607814787036051e-03 7.037209178124094466e-03 7.041313088009326822e-03 7.035706643718908984e-03 7.035914128047130074e-03 7.031769913229298820e-03 6.967527101924452654e-03 7.032032716889361802e-03 7.033491531504875924e-03 7.030572512340950604e-03 7.030718761156642092e-03 7.033824770310834369e-03 7.030181157021889345e-03 7.037506070456810321e-03 7.030888050737466206e-03 7.028227076159523738e-03 7.035568921575666330e-03 7.031409767558733336e-03 7.031803423517145497e-03 7.034536138387552373e-03 7.035973722366114028e-03 7.030092198984998555e-03 7.031278358937123260e-03 7.037272819303737499e-03 7.031403629398367931e-03 7.029939506532184058e-03 6.929493988757729449e-03 7.035199250470727285e-03 7.042278976105986743e-03 7.036718320858635634e-03 7.036561755259029133e-03 7.038121381735104078e-03 7.039889255023213180e-03 7.037069349870372220e-03 7.033496364836420815e-03 6.947410899057014817e-03 7.037017217742230941e-03 7.036145235052756498e-03 7.033872862855960334e-03 7.033875857182416390e-03 7.033985131838573455e-03 7.033307535861548637e-03 7.034295214324644274e-03 7.039111389718674672e-03 7.039508766225788423e-03 7.038016703945043986e-03 7.036892434724931721e-03 7.032538208772872758e-03 7.030994656264650741e-03 7.029573135413011431e-03 7.040692930799210582e-03 7.030559851888497705e-03 7.031079946898518770e-03 7.029327623612524611e-03 7.038264155303926642e-03 7.036556015423885493e-03 7.035397761291128753e-03 7.039214930176633002e-03 7.037500213267184647e-03 7.033042774442097890e-03 7.032974809632656921e-03 7.043725661939515166e-03 7.031830554122267367e-03 7.032366024042319315e-03 7.036047845620267520e-03 6.964520979926613030e-03 6.937444221339450316e-03 7.035362850994867322e-03 7.038632422746160522e-03 7.032250032897744731e-03 7.037199413226107904e-03 7.035750498426881702e-03
7.038219707139962977e-03 7.035965328160887280e-03 7.042267155955381046e-03 7.037434579110954901e-03 6.928154858420761293e-03 7.031985278082477329e-03 7.038973436491472759e-03 7.032472952940153552e-03 0.000000000000000000e+00 7.034390192102175920e-03 7.032218987747559762e-03 6.897215490740170665e-03 7.033410787956429627e-03 7.034663895120760527e-03 7.033336405478500877e-03 7.033165051256240648e-03 7.034360293776044208e-03 7.036955540198726149e-03 7.034843113794944647e-03 7.030241448418775643e-03 7.031867987947420726e-03 7.037758551842835178e-03 7.033398056127255354e-03 7.040906596041462268e-03 7.040370780101513556e-03 7.032169137593040700e-03 7.034640999003049545e-03 7.034888042657742348e-03 7.031100800574522670e-03 7.035153961993400457e-03 7.037066435827753035e-03 7.036817891339162100e-03 7.041647727872846034e-03 7.030741501357136436e-03 7.040402519767037862e-03 7.033288085506871068e-03 7.036624729504749147e-03 7.036702311530432241e-03 7.037292558634152505e-03 7.038238930088493682e-03 7.033934614412806589e-03 7.030575971734318724e-03 7.040754774945938779e-03 6.889965051510187240e-03 6.916142907142868758e-03 7.047217803261578498e-03 7.030435330574056653e-03 7.033482236126708219e-03 7.032293884564551172e-03 7.039802550488288152e-03 7.034683654807198823e-03 7.031337804025811558e-03 7.033605224445350391e-03 7.040989615805429321e-03 7.043103721722392997e-03 7.030556065444631790e-03 7.041786005780040908e-03 7.040183925521291755e-03 7.042954584926082971e-03 7.038688095265347236e-03 7.038486368324554932e-03 7.035919997665408473e-03 7.044208298006361495e-03 6.933490086541699640e-03 7.032717580154826051e-03 7.033076049501017953e-03 7.036115526578768341e-03 7.036090919462136689e-03 7.029219675449198054e-03 7.039276115585909460e-03 7.036501794732859943e-03 7.034364688689877243e-03 7.036843427945122138e-03 7.033927329197950731e-03 7.033733011376465220e-03 7.037842938406779249e-03 7.038205678224384275e-03 7.032261192956254861e-03 7.034661073924365973e-03 7.041174483414435956e-03 7.036363321568827461e-03 7.037459479141711799e-03 7.038740387531979524e-03 7.037643528019085597e-03 7.044809271693959832e-03 7.039049453371811794e-03 7.034499178727617388e-03 7.041513083239112764e-03 7.039111439473579729e-03 7.040404465848806685e-03 7.030192940055290766e-03 7.034688367679402428e-03 7.039421831009357380e-03 7.041041179281203218e-03 7.037021088527183922e-03 7.036426628885621669e-03 7.036487238164499530e-03 7.037155718856912164e-03 7.034092938233747240e-03 7.036446782662765347e-03 7.043540488937316893e-03 7.040682674271598121e-03 7.035124644492549845e-03 7.035699277286499610e-03 7.025704073882454645e-03 7.034510085344383365e-03 7.043352942161198137e-03 7.034355832115936000e-03 7.030624876026024365e-03 7.030455549957554881e-03 7.041472764825766097e-03 7.036306222229541177e-03 7.036177394270149744e-03 7.042408909177652436e-03 7.039946959389563504e-03 7.035927126609986364e-03 7.035369000882148172e-03 6.910189666555596050e-03 7.033671809082406128e-03 7.036355656052471243e-03 6.929835902998090873e-03 7.042961132429358638e-03 7.038879618553403432e-03 7.039258388348216058e-03 7.042663811330766681e-03 7.033814022164145731e-03 6.925729812498167964e-03 7.038730609956389203e-03
7.040348413055633192e-03 6.928398404818932391e-03 7.044183021531275762e-03 7.040267332266113287e-03 7.051516647576650150e-03 7.035788680252542948e-03 6.942166388214086360e-03 7.035165929248307116e-03 7.034390192102175920e-03 0.000000000000000000e+00 7.034295408182965163e-03 6.933463755997386173e-03 7.037580874526701800e-03 7.038799270632920685e-03 7.036033617286066577e-03 7.034439947413828782e-03 7.036724926009289491e-03 6.948452308710211835e-03 7.036232128203138980e-03 7.035166988822099537e-03 7.036759231677442057e-03 7.039740587563809299e-03 6.939699975078142055e-03 7.042830029611302917e-03 7.039642132291417873e-03 7.037157586194415539e-03 7.035877374412366839e-03 7.037794333423882248e-03 7.034508309230380098e-03 7.036181007564712604e-03 7.039689989010089986e-03 7.039375742025311480e-03 7.036010089306372721e-03 7.037261095898439747e-03 7.043342462088059835e-03 7.035982303456421970e-03 7.040594584612206580e-03 7.038537450010016322e-03 7.039185859283778567e-03 7.038671115750219989e-03 7.036824761041295638e-03 7.034093505914732793e-03 7.040248022102925211e-03 7.035745860762379275e-03 7.034970462568990689e-03 7.049949211392874358e-03 6.936757823826433279e-03 7.036350925326435510e-03 7.035244358387763436e-03 7.039049676691247655e-03 7.037494274616680132e-03 7.033418829871396910e-03 7.035095918052543598e-03 7.043670837275578869e-03 7.045744832308642631e-03 7.035404309723556140e-03 7.043250116694495244e-03 7.040801838851746056e-03 7.045273441030616875e-03 6.951256004033908031e-03 7.042688526280045658e-03 7.036792689529954015e-03 7.045404114980487707e-03 7.038638933188520221e-03 7.032252757268205728e-03 7.035810051587886721e-03 7.036035574594189448e-03 6.889499633194870118e-03 7.035304133889915684e-03 7.045349009697905035e-03 7.039191051929791394e-03 7.037042269503597687e-03 7.041042501893704508e-03 7.036772326480619615e-03 7.038499673345083828e-03 7.039731310147548729e-03 7.041217448929375233e-03 7.036538810371437656e-03 7.037186774030481165e-03 7.043344214220479023e-03 7.038182023423144099e-03 6.965273217563968701e-03 7.037763761690178643e-03 7.033166245126850659e-03 7.046085513259249013e-03 7.040075821088009021e-03 7.043224334320584076e-03 7.045730110844621724e-03 7.043403861237102631e-03 7.043144838528999155e-03 7.037254958806559921e-03 7.038052852457414924e-03 7.038680962539804221e-03 7.043820013204612866e-03 7.039589284368869340e-03 7.035981384153142636e-03 7.036383552762096733e-03 7.039755480042850060e-03 7.039537563873579998e-03 7.040811796263812816e-03 7.047023719327880596e-03 7.038070262181001305e-03 6.965704288781056873e-03 7.037525162220683271e-03 7.032873039385393633e-03 7.037227849510207037e-03 7.042785643951077548e-03 7.036029572320186970e-03 7.037960077788007161e-03 7.034538023594359007e-03 7.038805591870173940e-03 7.041341661855538697e-03 7.039760698468442747e-03 7.045246306572250893e-03 7.042716850510789481e-03 6.965461102998628772e-03 7.037251545860512617e-03 7.047587207951782652e-03 7.037172070991097074e-03 7.036874030940111838e-03 7.043137582818997586e-03 7.041808466818207449e-03 7.041094677972418135e-03 7.034656760903247770e-03 7.042979105774214467e-03 7.037692678844265429e-03 7.040311208866295405e-03 7.038930132198804521e-03
7.039751392237180577e-03 6.950095181902719334e-03 7.042113456061680626e-03 7.038634367904983598e-03 6.989645596932393332e-03 7.035194132864941094e-03 7.039840737986640014e-03 7.034032640326214753e-03 7.032218987747559762e-03 7.034295408182965163e-03 0.000000000000000000e+00 6.959337265821115455e-03 7.034671430992713026e-03 7.037603559299868486e-03 6.936329182360283750e-03 6.979500031948911859e-03 7.035438187148344326e-03 7.036646483802330362e-03 7.036492664644631093e-03 6.969637647557122388e-03 7.035028708384091431e-03 7.037258623029846692e-03 7.038375915830716312e-03 7.041579278082426945e-03 7.035731094238619442e-03 7.035999694904729491e-03 6.978329157214966869e-03 7.036443205945568623e-03 7.034799586458050959e-03 7.036999245212200750e-03 7.037000651066190396e-03 7.036835555770905824e-03 7.044097338673541500e-03 7.034302182149115325e-03 7.037697698754215823e-03 7.033795267539414038e-03 7.038481487837875208e-03 7.036418238974975238e-03 7.038899140850061152e-03 7.038520388060692454e-03 7.033820303494816607e-03 6.948732006475884931e-03 7.039069248696698880e-03 7.036486108527215642e-03 7.034662609106167967e-03 7.048736246064994659e-03 7.031218703145938713e-03 7.035059786532737135e-03 7.035184032937609987e-03 7.039885863077902615e-03 6.975572615779928980e-03 7.035561945781367357e-03 7.033565356596441047e-03 7.041857255303794923e-03 7.040854019760275050e-03 7.034254723354022715e-03 7.038912663610266164e-03 7.041010630569354001e-03 7.041263160057902558e-03 7.040178315951811823e-03 7.038960132280619106e-03 6.980877017618741451e-03 7.044458290538955711e-03 7.033179682340322779e-03 7.035752203339852053e-03 7.033297554042247830e-03 7.034280788521727473e-03 7.036920159515353511e-03 7.034951657390282193e-03 7.044330795373873223e-03 7.038152118375030040e-03 7.033594246110914418e-03 7.038490957239421954e-03 7.033188477059583790e-03 7.035795312867361428e-03 7.038385386812840740e-03 7.037936881434990813e-03 6.975728666610362012e-03 7.034753252728527702e-03 7.040648467704304150e-03 7.035528733598723529e-03 7.038255405580831278e-03 7.040356102485885448e-03 7.038546991270945227e-03 7.047065620225812475e-03 7.038198185548597170e-03 7.004031161198438250e-03 7.043435594619808053e-03 7.042204481744834821e-03 7.039368927033847097e-03 7.033908211070122492e-03 7.036345433517315201e-03 7.039022700342604036e-03 7.042488018503306919e-03 7.032681998324013563e-03 7.030405940010729833e-03 7.038006740104267231e-03 7.031274322209558197e-03 7.036225793725341647e-03 7.040217644041170744e-03 7.045389598685591545e-03 6.953000998264471065e-03 7.038627900289351307e-03 7.038125812446902399e-03 7.032066798243705522e-03 7.033976981119039254e-03 7.043924494051558363e-03 7.033029858722197186e-03 7.036942083235652769e-03 6.975364502531201071e-03 7.040359770990300622e-03 7.038356889995249326e-03 7.039178610012554460e-03 7.042814496769248672e-03 6.982854770758236893e-03 7.036165030177402718e-03 6.986911521875568097e-03 7.046989643395887813e-03 7.034914372332477100e-03 7.038017187975194149e-03 7.039184383595373760e-03 7.042276578925824905e-03 7.039522968488856267e-03 6.994047654677983464e-03 7.044243085733612429e-03 7.035205437945105632e-03 7.039786975491357096e-03 7.038824375654819700e-03
7.050779353485498759e-03 7.043084926443051418e-03 7.052952428553430075e-03 7.046657567354082559e-03 7.053418113434028330e-03 7.044016021866093304e-03 7.046455743227959291e-03 7.042008472154293736e-03 6.897215490740170665e-03 6.933463755997386173e-03 6.959337265821115455e-03 0.000000000000000000e+00 7.044462684293114826e-03 7.045648711294514449e-03 7.042035898188898566e-03 7.042072963256367814e-03 6.941691566621955786e-03 7.044806686535475850e-03 7.042965552584073974e-03 7.041159200903229776e-03 7.040503106510701339e-03 7.047240072202648128e-03 7.039658739212237282e-03 7.048015544271923893e-03 7.049593262194932264e-03 7.044836362139937462e-03 7.042301345395144720e-03 7.044595014760024650e-03 7.044343767844517788e-03 7.044902023952042194e-03 7.042764148954538776e-03 7.046291157837439832e-03 6.898461489857458245e-03 7.043999036230166010e-03 7.050346704925550094e-03 7.042806288950359712e-03 7.047472106898365965e-03 7.046168019182137872e-03 7.043061178317220998e-03 7.046673334879671562e-03 7.043543840620722536e-03 7.040213961510825846e-03 7.044527262952474979e-03 7.040425408402113672e-03 7.039621466515226002e-03 7.056643516327914915e-03 7.040727064643556229e-03 7.043143579540997630e-03 7.044516366136290356e-03 7.049416469979879855e-03 7.043683667886418281e-03 7.043313857645290554e-03 7.043025467691198770e-03 7.051872130790831118e-03 7.052551653349355305e-03 7.042717058988534964e-03 7.050685821172718477e-03 7.049851596012194667e-03 7.036709644746796249e-03 7.046104976272733744e-03 7.049275986611616869e-03 7.044828496800357304e-03 7.039718110943008617e-03 7.041692036851053896e-03 6.936961651272819697e-03 7.042671603087763237e-03 7.045617026927629943e-03 7.036042703247626096e-03 7.043674207215968978e-03 7.051968315827218149e-03 7.045999611300110196e-03 7.043869567948967715e-03 7.047742604189677525e-03 7.043477064030061879e-03 7.039287141672266775e-03 7.045007968358337792e-03 7.044110559437898912e-03 7.042837267875240795e-03 7.038812752879487246e-03 7.049962454220987107e-03 7.045958615480939387e-03 7.045395548668558806e-03 7.046700446092202599e-03 7.046880537836911450e-03 7.053329356843167537e-03 7.045658754477433436e-03 7.047737841949664600e-03 7.036565502733282788e-03 7.047695831149886417e-03 7.049766590777316669e-03 7.045069344523259038e-03 7.045469264737844878e-03 7.049002783785498702e-03 7.050588900973047898e-03 7.045144254375662607e-03 7.045933355705118022e-03 7.043885502029360521e-03 7.046845645731426161e-03 7.046121692364768624e-03 6.912185915241672758e-03 7.053623129214686011e-03 7.049438608261523499e-03 6.952104498251478887e-03 7.046195857514594811e-03 6.798668729266369413e-03 7.043963135697293119e-03 7.052309129427382535e-03 7.042304235819423983e-03 7.044405816509072271e-03 7.040013666159087441e-03 7.049994786671535604e-03 7.048572354987889255e-03 7.048056352695953632e-03 7.052019305196668801e-03 7.048734294808318458e-03 7.042690035521700920e-03 7.043112839476177618e-03 7.032845516909407013e-03 7.044641655232784620e-03 7.045083776941502181e-03 7.046023876070082147e-03 7.051617932382295111e-03 7.048612990246694646e-03 7.048408578488243349e-03 7.052005633261673213e-03 7.046136541010285768e-03 7.041967756580605128e-03 7.047575120669448759e-03
