0.000000000000000000e+00 7.910140591029292748e-03 8.254442982037948212e-03 7.655750077722327067e-03 8.072766125529767453e-03 8.386365034189146098e-03 7.860445002365256187e-03 8.069966387541123790e-03 7.611569714229496179e-03 8.627901133871471520e-03 8.467046986447183260e-03 7.967114116478404146e-03 7.778610889346964166e-03 7.858217765277843506e-03 1.020070472515972708e-02 8.011324446369797250e-03 8.631320957744754649e-03 8.185704328698317073e-03 8.373686423636910250e-03 7.964799600080925759e-03 8.190415806582923217e-03 8.238370846983164228e-03 8.069104404608723816e-03 8.063731057896603507e-03 7.864489093231535888e-03 7.821453259170541711e-03 8.239823823072249531e-03 8.070430543435598569e-03 7.862196475319988345e-03 8.809105369088418916e-03 8.245518894587994252e-03 7.774951187255391312e-03 8.030664878712545293e-03 8.707432996753850657e-03 7.917751567023489576e-03 7.926715268978772391e-03 8.702431406788118870e-03 8.530131179364361729e-03 9.319826454897614174e-03 7.931869252008770868e-03 8.132027104276625534e-03 8.398707579812808924e-03 1.059852969148186372e-02 8.384432119952720322e-03 8.698952684879423386e-03 7.931083572867819384e-03 8.138137005225780027e-03 8.382317469159947243e-03 8.263069605851392982e-03 7.824576119049598058e-03 8.392212999447961480e-03 8.134787412328777986e-03 8.715094617547654993e-03 7.917392563862570010e-03 7.922681512504860593e-03 8.145190000102591615e-03 8.039097755721367686e-03 8.133846016785968580e-03 8.253478483587270778e-03 7.668211845121434937e-03 7.670947084994154952e-03 7.928505822039568982e-03 8.017148059464698773e-03 8.259374674983012074e-03 8.147299781822301551e-03 8.146372327592415682e-03 8.137852926318061425e-03 8.028448395427659895e-03 8.544035706219926460e-03 8.137912966988415306e-03 8.899010888620500700e-03 7.838889912084208433e-03 8.263372644118046825e-03 8.267206266292473349e-03 8.392390166552778086e-03 8.029205944865547978e-03 8.713032362032890540e-03 8.143762676315570090e-03 8.551609834653283934e-03 8.397711736795297061e-03 8.028393847629773650e-03 8.262820773636660523e-03 8.710936419458338575e-03 7.669602721574138304e-03 8.260390828106268721e-03 8.145664902153617812e-03 8.033672927353898915e-03 8.261471130534235596e-03 8.142132976090225849e-03 8.141698654174581856e-03 8.553176188621345113e-03 8.896350175307939090e-03 8.029424735361707574e-03 8.140373944708550330e-03 8.540768759865481966e-03 8.140859575836019782e-03 8.703182319732633010e-03 8.264674234334343228e-03 8.535290020331886413e-03 8.137423300882812988e-03 7.831444977648710157e-03 9.100284190126772116e-03 8.258027050682813230e-03 8.547504910428530348e-03 8.135901033177652536e-03 8.031164280689347124e-03 8.029006468370130864e-03 8.551024620291648726e-03 8.260623680685637987e-03 7.597480516956505586e-03 8.026684519094823625e-03 8.028691165508874961e-03 8.537248748056440462e-03 8.026844399434029248e-03 8.711647912342001740e-03 8.394486464218649246e-03 8.027687888708244512e-03 8.030740863763024401e-03 7.834590946512030862e-03 8.264741620540501724e-03 8.899051636282932429e-03 8.141724292077935979e-03 8.137347999950023461e-03 8.700048279987623520e-03 7.747956742013872508e-03 8.709886504974435548e-03 8.396014251127877429e-03 8.028285971692182901e-03
7.910140591029292748e-03 0.000000000000000000e+00 7.554653767156057145e-03 6.887320646765749191e-03 7.413806160224712186e-03 7.702273517873890404e-03 7.213809552702173805e-03 7.411559458293689312e-03 6.888852295121638929e-03 8.035920701158265345e-03 7.907756583301428152e-03 7.295218051872235689e-03 7.079918608571084300e-03 7.169695806564063169e-03 9.710439454233003170e-03 7.327253547359322515e-03 8.041176000240226815e-03 7.588106887371215414e-03 7.688944761260717298e-03 7.291503136975317767e-03 7.546059862675591479e-03 7.538349503715379048e-03 7.410577791334358941e-03 7.405262811341941677e-03 7.177812814271910744e-03 7.111693307156302657e-03 7.539406988007216204e-03 7.412254610551132286e-03 7.176211973442000666e-03 8.237687338769311696e-03 7.546700108499239043e-03 7.076445615667456036e-03 7.349374740496067773e-03 8.105208588869873901e-03 7.221316610417613351e-03 7.231989391773680637e-03 8.099691045399901729e-03 7.909101286808739931e-03 8.772683819308220096e-03 7.237529449957119665e-03 7.463538011050279211e-03 7.762784323222919787e-03 1.012939888534289574e-02 7.746742767728717442e-03 8.095848505013832075e-03 7.236641857748502688e-03 7.470455368987798626e-03 7.744378752872919935e-03 7.611388954385837902e-03 7.115606053124256744e-03 7.754955408328018975e-03 7.467014484366305861e-03 8.113708374790943798e-03 7.221266627393910752e-03 7.227039352749210256e-03 7.478882785711851548e-03 7.316755360115664159e-03 7.465945778143862586e-03 7.600488687425139243e-03 6.938125630142455424e-03 6.941590905832153297e-03 7.233692349680746064e-03 7.334183438199589657e-03 7.606773563135541504e-03 7.481240742081961097e-03 7.480204461088200453e-03 7.470550933349153454e-03 7.347167343332077112e-03 7.924904759842083327e-03 7.470361830517969516e-03 8.316104988507247789e-03 7.132378109233001966e-03 7.611697900398156809e-03 7.616015443384235861e-03 7.756080889842400551e-03 7.347953425112973419e-03 8.111836897519274919e-03 7.477254056445748268e-03 7.933331382762049550e-03 7.762042852215151126e-03 7.347016169855378510e-03 7.611081276365701601e-03 8.109523769280865130e-03 6.939987150393161358e-03 7.608331915017344307e-03 7.479400461300500166e-03 7.353037314745000663e-03 7.609548783926043704e-03 7.475464277792037010e-03 7.474907353717531212e-03 7.935075357368369040e-03 8.313187860905416060e-03 7.348183669721117424e-03 7.473394187021480291e-03 7.921266902021956852e-03 7.473961773239627161e-03 8.100967382780292422e-03 7.613180378808350780e-03 7.915258328533524707e-03 7.470068452127198375e-03 7.123893470836203425e-03 8.535547187794881308e-03 7.605696413070734199e-03 7.928358411362938438e-03 7.468356770406341799e-03 7.350204982327590737e-03 7.347742713470478866e-03 7.932688480941413670e-03 7.608621042756757644e-03 6.857977569542187193e-03 7.345085123934382183e-03 7.347370873695071788e-03 7.917366669285290717e-03 7.345335680368983954e-03 8.110318351888769900e-03 7.758518131026687602e-03 7.346318852918425242e-03 7.349689501470067256e-03 7.127503815378515885e-03 7.613247647059462504e-03 8.316145642485844522e-03 7.474923851518583580e-03 7.469996596393649324e-03 8.097505409673645335e-03 7.029090871335002405e-03 8.108364014544974449e-03 7.760151301215814298e-03 7.346919976553830355e-03
8.254442982037948212e-03 7.554653767156057145e-03 0.000000000000000000e+00 7.288801930779399869e-03 7.777246353173818995e-03 8.047515305525599488e-03 7.601443276338862645e-03 7.776319964907697432e-03 7.289942488662449691e-03 8.363431876444667873e-03 8.252608360852654867e-03 7.666335727500876197e-03 7.467528516801644201e-03 7.552876675864775638e-03 9.894637386138653568e-03 7.659444900939405172e-03 8.426518165484236586e-03 7.899991219536880299e-03 8.036666885528245818e-03 7.663628034459065395e-03 7.902519466767801704e-03 7.895482969434019713e-03 7.775993315515406477e-03 7.819272107804264155e-03 7.602644790447004274e-03 7.459980741990439312e-03 7.895686621939072142e-03 7.825851807588001668e-03 7.603080626195528498e-03 8.553913369692949659e-03 7.901338000044831264e-03 7.508702770431495421e-03 7.727622817223047877e-03 8.438168249207565405e-03 7.608463523436679622e-03 7.617992682357800985e-03 8.432944718499263068e-03 8.252987906529557841e-03 9.075111550009559019e-03 7.623447439740139477e-03 7.834307998640755583e-03 8.114811272069477610e-03 1.038926717787351170e-02 8.099759964941777302e-03 8.429299361431618481e-03 7.622612369534695342e-03 7.840758114678625726e-03 8.097534954691653838e-03 7.972290781269370311e-03 7.510174234695826678e-03 8.107401046793879726e-03 7.837220055622007645e-03 8.446209066315232480e-03 7.608082472467929749e-03 7.614112339345393068e-03 7.848246609615633709e-03 7.736132536593076994e-03 7.836225585122931492e-03 7.962134515091033246e-03 7.345282397812343683e-03 7.348185194873752685e-03 7.619881369235546875e-03 7.713262041364347087e-03 7.968343752253378640e-03 7.850038125957765206e-03 7.849442389967098421e-03 7.840446147770397528e-03 7.725543213141108576e-03 8.267185521297478953e-03 7.840230865759117290e-03 8.638084143190234709e-03 7.525297069099489387e-03 7.972551765034080820e-03 7.976590143696424967e-03 8.108121279334098638e-03 7.725991110853481537e-03 8.444019669676210843e-03 7.846693188588946613e-03 8.275132261390497068e-03 8.113721569842189882e-03 7.725126525147372331e-03 7.971974063028677490e-03 8.441835122659932522e-03 7.346694857509439291e-03 7.969408443768252054e-03 7.848690705289458960e-03 7.730713175063100469e-03 7.970159336432001279e-03 7.844996004056777397e-03 7.844508923888717303e-03 8.276779850248857165e-03 8.635306965124317849e-03 7.726216087492278339e-03 7.843108137657492721e-03 8.263756738399623269e-03 7.843624506889537717e-03 8.433728409175812735e-03 7.973933632909893654e-03 8.258030023893697322e-03 7.839984262554413469e-03 7.517431285008423746e-03 8.847459705227584889e-03 7.966931200707971089e-03 8.269057884018844035e-03 7.838381258049963510e-03 7.728073939403397319e-03 7.725774483850543321e-03 8.274525955595054064e-03 7.969666827034383935e-03 7.270604380150937594e-03 7.723314893310980096e-03 7.725435932857378264e-03 8.260076657164567432e-03 7.723515053111853698e-03 8.442584087423874936e-03 8.110356790375248745e-03 7.724422321921297664e-03 7.727613394113415878e-03 7.520780894332734952e-03 7.973984967925989292e-03 8.638113090628524865e-03 7.844516828153735855e-03 7.839924662916716164e-03 8.430449829126329675e-03 7.429360652185371117e-03 8.440722589848560081e-03 8.111926776666450109e-03 7.725012109721623131e-03
7.655750077722327067e-03 6.887320646765749191e-03 7.288801930779399869e-03 0.000000000000000000e+00 7.140158110795775080e-03 7.443395131592685753e-03 6.887990178652237186e-03 7.178436971763671112e-03 6.583534130250763561e-03 7.793637337669008167e-03 7.608782944803164222e-03 7.014850538957816302e-03 6.786393820347582338e-03 6.884230435770250477e-03 9.436233665292698136e-03 7.006917846645047999e-03 7.797451343973978155e-03 7.277395554080603318e-03 7.430371319379039559e-03 7.010954332697987880e-03 7.280616708409489227e-03 7.272483012840489681e-03 7.138603642978680157e-03 7.132235804783940668e-03 6.889927964679523446e-03 6.779997466155835567e-03 7.273205518500297853e-03 7.139711640803715620e-03 6.926846694136059787e-03 8.052602842657498317e-03 7.279332879368058742e-03 6.783049322869492623e-03 7.067654185255446003e-03 7.858317932701364139e-03 6.932318432153141211e-03 6.943304465907426323e-03 7.852590131006196780e-03 7.654294574476697838e-03 8.548048483053991703e-03 6.949555596234747827e-03 7.187800021422424863e-03 7.501603098634741784e-03 9.935262352823402698e-03 7.484803870648806465e-03 7.848592302473233681e-03 6.948615237279638646e-03 7.195099380808421194e-03 7.482322246339835267e-03 7.342733397902067791e-03 6.820399588528717506e-03 7.493432269813767206e-03 7.191082311992251161e-03 7.867159865264605062e-03 6.931894808439592257e-03 6.938422864677670256e-03 7.203624798432005892e-03 7.077315346193454801e-03 7.189956583789507139e-03 7.331263719292786113e-03 6.632125904627187395e-03 6.635465725322879128e-03 6.945484252043671557e-03 7.051153595303249512e-03 7.338250781297060189e-03 7.205596309585380645e-03 7.204830891133382972e-03 7.194293983576524089e-03 7.064376261643644066e-03 7.669866007900721754e-03 7.154984647686410230e-03 8.076449539005943479e-03 6.837326712351572168e-03 7.342893906167028209e-03 7.347050283536125936e-03 7.493676003216091785e-03 7.065180582410941421e-03 7.864295671027725018e-03 7.201726701446601632e-03 7.678641486864212079e-03 7.499913946699797093e-03 7.064195811541189828e-03 7.341879472744413868e-03 7.862283244597928142e-03 6.633149276001806122e-03 7.338991143768082079e-03 7.203614897163074411e-03 7.070557603316035902e-03 7.340297135478206746e-03 7.199511722989678994e-03 7.198878191121418739e-03 7.680842825218490988e-03 8.073040734211176309e-03 7.065434264020025237e-03 7.197286367116537478e-03 7.666071742984555820e-03 7.198261144407883290e-03 7.853453749625047622e-03 7.344522513795439383e-03 7.660265609148567828e-03 7.194221360962743846e-03 6.828759331509839763e-03 8.303266183389952648e-03 7.336668582642143048e-03 7.672734967977361091e-03 7.192417917743247277e-03 7.068012190589029187e-03 7.065396834870949112e-03 7.678421496644265154e-03 7.339737724724531079e-03 6.546355195335260349e-03 7.062588011861798722e-03 7.064996586006062722e-03 7.662451773192469930e-03 7.062887369584390333e-03 7.863167527439698587e-03 7.496699308805079495e-03 7.063925528536675776e-03 7.067459360945913677e-03 6.832612002622524654e-03 7.344579736227425763e-03 8.076535999326974608e-03 7.199319841580055675e-03 7.194156907982915579e-03 7.849857375075730906e-03 6.728232921298130456e-03 7.861122235164252556e-03 7.498366344202873034e-03 7.064526949878678110e-03
8.072766125529767453e-03 7.413806160224712186e-03 7.777246353173818995e-03 7.140158110795775080e-03 0.000000000000000000e+00 7.918811043087382179e-03 7.414160177414046496e-03 7.641292629065567048e-03 7.141380962357530594e-03 8.297892967598025429e-03 8.123655465170078263e-03 7.528545247373895008e-03 7.323285032766658868e-03 7.410161513131487132e-03 9.796954136041820249e-03 7.566150106532153544e-03 8.245893806482142152e-03 7.766520947277106429e-03 7.907636473759162982e-03 7.525228350444605752e-03 7.817732289272530388e-03 7.812277170216032525e-03 7.640253312117583143e-03 7.634887655353791991e-03 7.459283691662267103e-03 7.317506988910260635e-03 7.764167866458139382e-03 7.688660914099223337e-03 7.416444044465404783e-03 8.495376094726359364e-03 7.768259448423590376e-03 7.319911019291830412e-03 7.587348040960619280e-03 8.314384158309392689e-03 7.465027244326105302e-03 7.474843711699238717e-03 8.309050606560553637e-03 8.124943747572461322e-03 8.962720270430797956e-03 7.480453468485548721e-03 7.696711816651527829e-03 7.984015719691638438e-03 1.029292353948677713e-02 7.968597405564135233e-03 8.305332197435450273e-03 7.479600805098028486e-03 7.703333231669732585e-03 7.966318865291983908e-03 7.838130364319569748e-03 7.364118515974878501e-03 7.976442888879990700e-03 7.699698186603047730e-03 8.322599896872839853e-03 7.464640324871209612e-03 7.470837670301281631e-03 7.711036112398032827e-03 7.596097293941788883e-03 7.698677397016197820e-03 7.827699709014018098e-03 7.194826105250306386e-03 7.197807634854140255e-03 7.476791483739901427e-03 7.572566937557308024e-03 7.834070705719101482e-03 7.713250416646998640e-03 7.712257234705777523e-03 7.703024222625806834e-03 7.585194148309487919e-03 8.139804711508002305e-03 7.702813620720097045e-03 8.518215135601678312e-03 7.379680974182317721e-03 7.838389273870855975e-03 7.842526060680934941e-03 7.977167276726437189e-03 7.585651295941772503e-03 8.320368184684892240e-03 7.709430012918809874e-03 8.147925489186511050e-03 7.982898030533132003e-03 7.584763918020498603e-03 7.837798800503085681e-03 8.318131213686795131e-03 7.196255318503132214e-03 7.835166129698119611e-03 7.711485800054569163e-03 7.590502848420564545e-03 7.836334872499423759e-03 7.708135414239419315e-03 7.707190780308573012e-03 8.149613094567145777e-03 8.515392202490102910e-03 7.585882722323680424e-03 7.705743689208305151e-03 8.136302279942577570e-03 7.706283244932219875e-03 8.309853493787829060e-03 7.839800596464014532e-03 8.130452826980853406e-03 7.702540370011476227e-03 7.371588655190915509e-03 8.731342515192133322e-03 7.832623486041924085e-03 8.141772029415158055e-03 7.700897232769357559e-03 7.587786626301197546e-03 7.585424051120079857e-03 8.147301998796084924e-03 7.835427612638298442e-03 7.118094250972034978e-03 7.582894697900710926e-03 7.585073587761684277e-03 8.132531174036398275e-03 7.583107524535523912e-03 8.318892779937400728e-03 7.979456987035688648e-03 7.584047554118476808e-03 7.587306910341018104e-03 7.375034953062445733e-03 7.839852693316658877e-03 8.518240817360321626e-03 7.707188560780355545e-03 7.702480283845396236e-03 8.306506845062282263e-03 7.281155814996677009e-03 8.316992456685070451e-03 7.981054779397931190e-03 7.584640288401336798e-03
8.386365034189146098e-03 7.702273517873890404e-03 8.047515305525599488e-03 7.443395131592685753e-03 7.918811043087382179e-03 0.000000000000000000e+00 7.701929679658436889e-03 7.917307070472414526e-03 7.444773991065894297e-03 8.551238714157588169e-03 8.326050076308596365e-03 7.859880354690457205e-03 7.615481496276507202e-03 7.747068900277308615e-03 9.996376220595255130e-03 7.803952767207534766e-03 8.494416808340590069e-03 8.090699261947680368e-03 8.225588730442122409e-03 7.856238943995072846e-03 8.040324830316462890e-03 8.086228254922030526e-03 7.967651644528806268e-03 7.962863695517508750e-03 7.705717626432089309e-03 7.611099203709900153e-03 8.034468136323934251e-03 7.918574290089358189e-03 7.705086163246241925e-03 8.676263896217808330e-03 8.091987957361336178e-03 7.614062295413922925e-03 7.872948480118113074e-03 8.566092739647333809e-03 7.756031564136870067e-03 7.765780704350605523e-03 8.560974473044533073e-03 8.385130160841025582e-03 9.191842982690419037e-03 7.771073945988279767e-03 7.976151146336480161e-03 8.250402454445216263e-03 1.048917879067800922e-02 8.235175714094367799e-03 8.557403400418406650e-03 7.769777813319458069e-03 7.982425451191250618e-03 8.233000118966550887e-03 8.111246109595585119e-03 7.660297346798791013e-03 8.187173795614895860e-03 7.978985182718608543e-03 8.574529332840485213e-03 7.755672707755970931e-03 7.761626780047184600e-03 7.989707183052901368e-03 7.880394519271312348e-03 7.978014941671033103e-03 8.100839162995379650e-03 7.499663560042758859e-03 7.502940702278654977e-03 7.767116828897973821e-03 7.858155492104577922e-03 8.106888883573380722e-03 7.992053534337659887e-03 7.991481752826167656e-03 7.982719254026545558e-03 7.870366211215009192e-03 8.399408969358255692e-03 7.982502278050309166e-03 8.762621383196471034e-03 7.675568360832892012e-03 8.111586294224523708e-03 8.115530611053262816e-03 8.243955198055666345e-03 7.871131102667287827e-03 8.572449747140760065e-03 7.988802888030418006e-03 8.407177922211940546e-03 8.249421099247677622e-03 7.870284855854956310e-03 8.111026293290949166e-03 8.570309356578671017e-03 7.501604137958473896e-03 8.108527324901741717e-03 7.990752086050172467e-03 7.875726850931009243e-03 8.109247930485688483e-03 7.987136683745361260e-03 7.986676596838215847e-03 8.408785865888153063e-03 8.759895952126502822e-03 7.871349298988930543e-03 7.985314875143829233e-03 8.396058670912290647e-03 7.985816991136412274e-03 8.562376698948673259e-03 8.112944774442822776e-03 8.390448876909076606e-03 7.982273598955825708e-03 7.667922200480352564e-03 8.968116056895689484e-03 8.106113000537987917e-03 8.401194445445757386e-03 7.980713774653640236e-03 7.873158984488801138e-03 7.870920591471135958e-03 8.406587778830514057e-03 8.108783801896370103e-03 7.427494537599474249e-03 7.868529350097699937e-03 7.870596961111885059e-03 8.392465255259648482e-03 7.869058315176103921e-03 8.571050195758869381e-03 8.246498281834399244e-03 7.869589743250802669e-03 7.872708702561709293e-03 7.671178524436929498e-03 8.112995490297680509e-03 8.762653730198783839e-03 7.986689245246458499e-03 7.982217913197078504e-03 8.559170431757960607e-03 7.582126528097094496e-03 8.569222594212026409e-03 8.247672707868278913e-03 7.870179203202260290e-03
7.860445002365256187e-03 7.213809552702173805e-03 7.601443276338862645e-03 6.887990178652237186e-03 7.414160177414046496e-03 7.701929679658436889e-03 0.000000000000000000e+00 7.410999701085512273e-03 6.889007482572209566e-03 8.088824519887155562e-03 7.857563644231301686e-03 7.294976351991945031e-03 7.079679558783385195e-03 7.211096150965129459e-03 9.710938631185222700e-03 7.285855636615606520e-03 8.041004725543346790e-03 7.542876910599760100e-03 7.689490289223114422e-03 7.291029282350461674e-03 7.545698535147109774e-03 7.539041052262856167e-03 7.453687506915633240e-03 7.404267283902035528e-03 7.177834570392127751e-03 7.073865886031726648e-03 7.540446479346638031e-03 7.411483608517510646e-03 7.175864624853847164e-03 8.237720677392002325e-03 7.547225696863315604e-03 7.076749699903327369e-03 7.350693076692799838e-03 8.106131040450001782e-03 7.222316877343965165e-03 7.232655972122647298e-03 8.100616631299028397e-03 7.910021828672684011e-03 8.773579372853149497e-03 7.238550172600353126e-03 7.464512839864472643e-03 7.763745885591182699e-03 1.013028593262519685e-02 7.747693500640082283e-03 8.096771606642622424e-03 7.237659500113531770e-03 7.471440794960354688e-03 7.745319805027470542e-03 7.611993896235454832e-03 7.116614917789423726e-03 7.755892839973151272e-03 7.467628733190512236e-03 8.114643852342956140e-03 7.221913643089945822e-03 7.228027580666992503e-03 7.479516641105156231e-03 7.359859366007515807e-03 7.466560959907444020e-03 7.601086173097338500e-03 6.939174315396951821e-03 6.942303895021081916e-03 7.234705153344166487e-03 7.334818347431471507e-03 7.607739480350503812e-03 7.481424892290292408e-03 7.480742145150480471e-03 7.471090080674732195e-03 7.347717861244112622e-03 7.925393740265926010e-03 7.470907465568118501e-03 8.316561934423778030e-03 7.132967773516409385e-03 7.612220744155275866e-03 7.616540281615528409e-03 7.756587384029309772e-03 7.348511023500757175e-03 8.112308123381267375e-03 7.477795465877374627e-03 7.933822677582712257e-03 7.762551572948287251e-03 7.347571308674413944e-03 7.611606728190405471e-03 8.109998366980260623e-03 6.940596140994479378e-03 7.608858080569075311e-03 7.479938318304674497e-03 7.353593835703375707e-03 7.609711886945909852e-03 7.476002473641531199e-03 7.475448886154089333e-03 7.935566304482133751e-03 8.313641807261941408e-03 7.348743237910800898e-03 7.473939437048617539e-03 7.921756271976795535e-03 7.474503748672636436e-03 8.101447617594676257e-03 7.613717092442246447e-03 7.915761116759534657e-03 7.470629524622940908e-03 7.124496541916378219e-03 8.535994824417400539e-03 7.606230623320231650e-03 7.929250292110274004e-03 7.468915232343910186e-03 7.350771423082789156e-03 7.348312863487436140e-03 7.933187379360193831e-03 7.609158502639013291e-03 6.858614641038564101e-03 7.345661577186165907e-03 7.347944402430934413e-03 7.917867204460802763e-03 7.346229492481142799e-03 8.110803625573892797e-03 7.759381095172730898e-03 7.346882695873597352e-03 7.350256988781571701e-03 7.128101980525577801e-03 7.613788590355388512e-03 8.316614628873673573e-03 7.475475773261609780e-03 7.470550618765037752e-03 8.097988519918650208e-03 7.029703355605310816e-03 8.108847771456529491e-03 7.760672495488305477e-03 7.347490134801655873e-03
8.069966387541123790e-03 7.411559458293689312e-03 7.776319964907697432e-03 7.178436971763671112e-03 7.641292629065567048e-03 7.917307070472414526e-03 7.410999701085512273e-03 0.000000000000000000e+00 7.139359320250769116e-03 8.295693862550270609e-03 8.068235972939933470e-03 7.526695512130475094e-03 7.363839227898227695e-03 7.409123251369981351e-03 9.879304209222058292e-03 7.518918494878797099e-03 8.299409413258691803e-03 7.764447567315329972e-03 7.904949932356800796e-03 7.568015301385777431e-03 7.767325729652482802e-03 7.760679919400964577e-03 7.636929605542684338e-03 7.678335346865083205e-03 7.415312081226830242e-03 7.315988670802184464e-03 7.810379653482063707e-03 7.638707039467037933e-03 7.413710434699621356e-03 8.433499649103165866e-03 7.768493030395880704e-03 7.319072083756112540e-03 7.585065214376292102e-03 8.312430484939481792e-03 7.462663741613599980e-03 7.472490169074614587e-03 8.307094777071227787e-03 8.122913951094424406e-03 8.960992527707165381e-03 7.478103808151996545e-03 7.694468918739576051e-03 7.981918221372555008e-03 1.029149113683361198e-02 7.966489861380423795e-03 8.303374783507051424e-03 7.477250936460801654e-03 7.701097282377625253e-03 7.964210012132091551e-03 7.835962664158068955e-03 7.361702694338935656e-03 7.974346547400933821e-03 7.697456763094172143e-03 8.320653849037084465e-03 7.462279645374256254e-03 7.468085099588758421e-03 7.708805014166003437e-03 7.593826222854990239e-03 7.696435210535905284e-03 7.825523014192854385e-03 7.192330013767885520e-03 7.195312870582269184e-03 7.474439442194451451e-03 7.570259136144600991e-03 7.831900791140761556e-03 7.710644289437438431e-03 7.710012353437704045e-03 7.700776191601583880e-03 7.582567924703549969e-03 8.137771714948007287e-03 7.700846189243930329e-03 8.516339816958984343e-03 7.377286536624632143e-03 7.836211212026879605e-03 7.840358083384223534e-03 7.975055564627644977e-03 7.583348533112381669e-03 8.318411261660833139e-03 7.707190364346891247e-03 8.145902209161483276e-03 7.980792335141045565e-03 7.582454800559023343e-03 7.835622385584765925e-03 8.316175320351726352e-03 7.193749600185586277e-03 7.832988434229243638e-03 7.709245198290273077e-03 7.588202699694136452e-03 7.833779622284871985e-03 7.705454912521132911e-03 7.704948280770344132e-03 8.147582086341859445e-03 8.513508720197059468e-03 7.583574339524390417e-03 7.703507440365551379e-03 8.134263993673748402e-03 7.704040751514359964e-03 8.307905465458462549e-03 7.837642896447595542e-03 8.128784712321358158e-03 7.700328322801065599e-03 7.369207905415702496e-03 8.729549894408696054e-03 7.830461686834796001e-03 8.141490900587900620e-03 7.698687015812518027e-03 7.585500959027949297e-03 7.583154549026137857e-03 8.145289116294066392e-03 7.833262048180057724e-03 7.115583226599291392e-03 7.580623273559903771e-03 7.582803528293797536e-03 8.130507753918750705e-03 7.580845194169247639e-03 8.316948995725985394e-03 7.977393153838109943e-03 7.582065692292788012e-03 7.585016415081896786e-03 7.372638514913885770e-03 7.837712607677318338e-03 8.516387603277853283e-03 7.704978090447551706e-03 7.700253324680096829e-03 8.304557447445239451e-03 7.278725501141992266e-03 8.315061589164229883e-03 7.978982997872967331e-03 7.582366291919458330e-03
7.611569714229496179e-03 6.888852295121638929e-03 7.289942488662449691e-03 6.583534130250763561e-03 7.141380962357530594e-03 7.444773991065894297e-03 6.889007482572209566e-03 7.139359320250769116e-03 0.000000000000000000e+00 7.794355746442199057e-03 7.609134649992264909e-03 7.014536692647945978e-03 6.822379149199700281e-03 6.885551186946560834e-03 9.437709806607408325e-03 7.008407067834732107e-03 7.846631914170619157e-03 7.278964086899501230e-03 7.432422563472305434e-03 7.011443726642692213e-03 7.322813890096353459e-03 7.273965826783621892e-03 7.139248972487423003e-03 7.132946669692704321e-03 6.891356663798974512e-03 6.780987915465893669e-03 7.275073341691617665e-03 7.140537592312526036e-03 6.891702287094795404e-03 8.002268946656497864e-03 7.281461019855993942e-03 6.784804656846239040e-03 7.069328986344244718e-03 7.859763680110322739e-03 6.934046833641361804e-03 6.945031118801439987e-03 7.854037283218312862e-03 7.655798705639536503e-03 8.549352966528084644e-03 6.951276093932074081e-03 7.189437132423485283e-03 7.503145588223378119e-03 9.936380200060618978e-03 7.486348134544615340e-03 7.850040334441735559e-03 6.950336017485493623e-03 7.196733893185319406e-03 7.483867277798600913e-03 7.344319873536877576e-03 6.822171363559716324e-03 7.494972519706725490e-03 7.192718308965861430e-03 7.868603392076142442e-03 6.933623311037940933e-03 6.940142009176816264e-03 7.205255772202062529e-03 7.078988297961474538e-03 7.191593542504549560e-03 7.332857649201814619e-03 6.633972190562033300e-03 6.637310751715730893e-03 6.947206389434614805e-03 7.052840861393031013e-03 7.339839029490355382e-03 7.207290311830587271e-03 7.206532454078630467e-03 7.196370116334641250e-03 7.066491522424868388e-03 7.671795746240959134e-03 7.196197973788564205e-03 8.077897442978487774e-03 6.839528384222537567e-03 7.344544795512697975e-03 7.349077144094879124e-03 7.495658226126211167e-03 7.067308501578637575e-03 7.866186063814006868e-03 7.203427708404095894e-03 7.680579000951369070e-03 7.501895435915476203e-03 7.066312155227193886e-03 7.343905498577773215e-03 7.863783278340358632e-03 6.635431017544193323e-03 7.341018645775587888e-03 7.205686301649466032e-03 7.072677654257779334e-03 7.341960870794268096e-03 7.201989158602806890e-03 7.200959350082801122e-03 7.682399288159694369e-03 8.074879272808739225e-03 7.067549747514582578e-03 7.199362354576076782e-03 7.668008039649728408e-03 7.199964549637675321e-03 7.854903601624625004e-03 7.346115015359983534e-03 7.662056012685511917e-03 7.195860452740074700e-03 6.830534236204026041e-03 8.304618514323184458e-03 7.338263676183869565e-03 7.674241676336409669e-03 7.194059891412636458e-03 7.069696863086329282e-03 7.067082712289822315e-03 7.679918337611249708e-03 7.341326411865013030e-03 6.548243880490983541e-03 7.064274991762870340e-03 7.066686368628055138e-03 7.663949788835089025e-03 7.064571274601178126e-03 7.864614878953049906e-03 7.498243381672324744e-03 7.065878690480946120e-03 7.069141057199288848e-03 6.834384951477224905e-03 7.346172308351705052e-03 8.077932823326586936e-03 7.200964610596573973e-03 7.195798133153545259e-03 7.851308018300437105e-03 6.730044517407364479e-03 7.862571686410951138e-03 7.499912914024720566e-03 7.066209842058680975e-03
8.627901133871471520e-03 8.035920701158265345e-03 8.363431876444667873e-03 7.793637337669008167e-03 8.297892967598025429e-03 8.551238714157588169e-03 8.088824519887155562e-03 8.295693862550270609e-03 7.794355746442199057e-03 0.000000000000000000e+00 8.689303123442800036e-03 8.139957961667563038e-03 7.955321365527541835e-03 8.033336489969662361e-03 1.032703858546095768e-02 8.186780795382915185e-03 8.785959321690886906e-03 8.352469079004316496e-03 8.478095413348395171e-03 8.190795013119490584e-03 8.413967780341173250e-03 8.349033390416737629e-03 8.294681039089519745e-03 8.290167268088828242e-03 8.040348592828131316e-03 7.951769291233026435e-03 8.350994990707958851e-03 8.239404570944429407e-03 8.038802274103813705e-03 8.959594914275590544e-03 8.414935157595681420e-03 7.954563730736217628e-03 8.205270357570756609e-03 8.863789391255011418e-03 8.095607084135637149e-03 8.104285769936794143e-03 8.858913903586526292e-03 8.691067599369878618e-03 9.462159340140141248e-03 8.109280420314281604e-03 8.303838639115329254e-03 8.563126158002845947e-03 1.071994137660966726e-02 8.549269642557161958e-03 8.855526694155489015e-03 8.108516071293647709e-03 8.309767396623972402e-03 8.547214992179899898e-03 8.431199898921938954e-03 8.005069351779985423e-03 8.556837702144635266e-03 8.306522893487891523e-03 8.871235411785340086e-03 8.095260109840860321e-03 8.100367709966424870e-03 8.316595244526726535e-03 8.213118886746702263e-03 8.305609432979680143e-03 8.421910049180247881e-03 7.853069102128035911e-03 7.855727085402608445e-03 8.106017532459977235e-03 8.192199462313988143e-03 8.427631119960464837e-03 8.318672862727584730e-03 8.317771946151677684e-03 8.309500897432894537e-03 8.203156005308303786e-03 8.704601362166679637e-03 8.309264956555827836e-03 9.050669813125895510e-03 8.018962127155009750e-03 8.431521586298290280e-03 8.435242358204881469e-03 8.557012528862092265e-03 8.203904932851537046e-03 8.869249300900659480e-03 8.315234252086661781e-03 8.711969856794992556e-03 8.562184317869918349e-03 8.203119805537706019e-03 8.430985235974870068e-03 8.867206420517671772e-03 7.854446529396007237e-03 8.428628140006768840e-03 8.317083143591115849e-03 8.208238734936455089e-03 8.429681307365551046e-03 8.314111543928741355e-03 8.313233590658076003e-03 8.713500207489713670e-03 9.048075184488186054e-03 8.204120060475579915e-03 8.311947091306795543e-03 8.701427717475748377e-03 8.312420791054106819e-03 8.859649716022110350e-03 8.432781430969990902e-03 8.696066097131952347e-03 8.309079975918438540e-03 8.011732578591973519e-03 9.247311467851808756e-03 8.426324390992487312e-03 8.707959669157468510e-03 8.307600154667320672e-03 8.205798980326445280e-03 8.203705796905210595e-03 8.711400822291491194e-03 8.428846519514657243e-03 7.784336974989793101e-03 8.201455589428396573e-03 8.203402537035026088e-03 8.697996834517888326e-03 8.201591327898615641e-03 8.867896188855249259e-03 8.559022024368650658e-03 8.202402951238198583e-03 8.205395020668375741e-03 8.014783439899123355e-03 8.432847740414192023e-03 9.050709216847054733e-03 8.313258941690004206e-03 8.309005620525515903e-03 8.856596676206642330e-03 7.930595476974130684e-03 8.866181643314726898e-03 8.560529231664863389e-03 8.203007446453683058e-03
8.467046986447183260e-03 7.907756583301428152e-03 8.252608360852654867e-03 7.608782944803164222e-03 8.123655465170078263e-03 8.326050076308596365e-03 7.857563644231301686e-03 8.068235972939933470e-03 7.609134649992264909e-03 8.689303123442800036e-03 0.000000000000000000e+00 7.965438678712863721e-03 7.776218963694116366e-03 7.905831290859581528e-03 1.019873630396474218e-02 8.008876749693062680e-03 8.630737690982695845e-03 8.240523129615373588e-03 8.315131257495967168e-03 7.962311862898229994e-03 8.242660436099445362e-03 8.180383514204817019e-03 8.067682450471928488e-03 8.062280187202557069e-03 7.862153193362367981e-03 7.819462173519951126e-03 8.182623892348620323e-03 8.068173561183297413e-03 7.860562131086844262e-03 8.807522045993623760e-03 8.244570900904210284e-03 7.773440647391271184e-03 8.028997852931939877e-03 8.705630047321024495e-03 7.915690309085942136e-03 7.924662468895742398e-03 8.700627005256762747e-03 8.528288227146022665e-03 9.318198671522913423e-03 7.929818335999577056e-03 8.130039584586825491e-03 8.396812502474607087e-03 1.059714701427166839e-02 8.382529198670784359e-03 8.697149683480316987e-03 7.929027711342363435e-03 8.136151690266536091e-03 8.380411137674119437e-03 8.261132095982214388e-03 7.822482875962698604e-03 8.389761752063056716e-03 8.132800820282989895e-03 8.713302260569700392e-03 7.915331335440452601e-03 7.920622320065674044e-03 8.143207722458037368e-03 8.037076895289150744e-03 8.131859053628556419e-03 8.251532167631012160e-03 7.666065661686320004e-03 7.668804002817575585e-03 7.926446452253991387e-03 8.015121050278741291e-03 8.257430411635697382e-03 8.145317283274887063e-03 8.144396055976787369e-03 8.135871272461178000e-03 8.026427501316688723e-03 8.542185031393850075e-03 8.135645990033002137e-03 8.897269709760319278e-03 7.836805624649572158e-03 8.261432336720404140e-03 8.265265094326540440e-03 8.390494029216041122e-03 8.027187127455681290e-03 8.711237818142444564e-03 8.141782018461912740e-03 8.549761665920396422e-03 8.395817489868359282e-03 8.026374768881556696e-03 8.260881605242402503e-03 8.709139931929735928e-03 7.667456983847344316e-03 8.258450786488626474e-03 8.143686132889203788e-03 8.031655860117026605e-03 8.259530665628445761e-03 8.140610886545376554e-03 8.139718420360033888e-03 8.551334551217652097e-03 8.894609499022140819e-03 8.027405927175627551e-03 8.138389784470489649e-03 8.538920688477939780e-03 8.138881293085530391e-03 8.701384071883378965e-03 8.262741272091696926e-03 8.533443597407557382e-03 8.135446964978464493e-03 7.829363196842005143e-03 9.098602377365467772e-03 8.256088292340207566e-03 8.545653151450753257e-03 8.133924142789209985e-03 8.029149153124651161e-03 8.026989639793742290e-03 8.549181939609101777e-03 8.258689296375821068e-03 7.595316224112375753e-03 8.024670053855981547e-03 8.026677438369390558e-03 8.535401586833345558e-03 8.025179737025083665e-03 8.709858601839676195e-03 8.392974259902333256e-03 8.025672077646423333e-03 8.028725380241040488e-03 7.832510423920331991e-03 8.262808515785875774e-03 8.897314549633321412e-03 8.139743381882592888e-03 8.135371695366520189e-03 8.698251755467092255e-03 7.745843088426202644e-03 8.708090219041508817e-03 8.394121405573063896e-03 8.026268861205729591e-03
7.967114116478404146e-03 7.295218051872235689e-03 7.666335727500876197e-03 7.014850538957816302e-03 7.528545247373895008e-03 7.859880354690457205e-03 7.294976351991945031e-03 7.526695512130475094e-03 7.014536692647945978e-03 8.139957961667563038e-03 7.965438678712863721e-03 0.000000000000000000e+00 7.242106475796858400e-03 7.333455222909280452e-03 9.716525888092665542e-03 7.404853832414103228e-03 8.199258230881861439e-03 7.655879914202942498e-03 7.848605957061651969e-03 7.407596290531125865e-03 7.706107792030561163e-03 7.651180994010435207e-03 7.525692635320472938e-03 7.519859362704729364e-03 7.297337303810564474e-03 7.195428724026402441e-03 7.652217500556840989e-03 7.527890381810796276e-03 7.297743769714695392e-03 8.336135820321116316e-03 7.657896468663111765e-03 7.239679604236668245e-03 7.470194308405293804e-03 8.210972385496581247e-03 7.344779035613836597e-03 7.354841733176004266e-03 8.205552854772812932e-03 8.018569142991939167e-03 8.868780189546560458e-03 7.360587521550306447e-03 7.581559294686262239e-03 7.874686154236920643e-03 1.021219617490542499e-02 7.858959775424613839e-03 8.201769872807152320e-03 7.359717703825575073e-03 7.588331116612685896e-03 7.856633310599766412e-03 7.725930245286585091e-03 7.241558861736629472e-03 7.867475241343135223e-03 7.584610054738116260e-03 8.219333110159654510e-03 7.344383206430626400e-03 7.350338038732241903e-03 7.596214309006582913e-03 7.478821387206404173e-03 7.583566330392671473e-03 7.715271787082886822e-03 7.068344275222832214e-03 7.071395355766119974e-03 7.356837269194659371e-03 7.454720599055264345e-03 7.721777438457218430e-03 7.598081541219312875e-03 7.597426317047273857e-03 7.587989501753093780e-03 7.467294321215291533e-03 8.033348502991123630e-03 7.587793035014418243e-03 8.418063370712455459e-03 7.257482918826650177e-03 7.726164880012004015e-03 7.730393832641883727e-03 7.867681089959254956e-03 7.468090232196517367e-03 8.217047293442485481e-03 7.594540853520382294e-03 8.041624080915660278e-03 7.873527938583087943e-03 7.467174683594739876e-03 7.725566174831757262e-03 8.214772811355229923e-03 7.069764468310737494e-03 7.722877059645455629e-03 7.596640536365177089e-03 7.473053555465793488e-03 7.723701992561111777e-03 7.593224368781901698e-03 7.592251123911872464e-03 8.043339736643607268e-03 8.415191019100357397e-03 7.468319192966493651e-03 7.590773547953792895e-03 8.029781403928595157e-03 7.591326731918987894e-03 8.206366440305826182e-03 7.727632062018157874e-03 8.024181934550575837e-03 7.587518847051367109e-03 7.249219166576790011e-03 8.634323918439122669e-03 7.720302054871506711e-03 8.035459900444026637e-03 7.585843146991860624e-03 7.470293974245248957e-03 7.467876257930412300e-03 8.041004124165754968e-03 7.723162406824896249e-03 6.989775355203228097e-03 7.465289719097318970e-03 7.467518789574661107e-03 8.025959366521116453e-03 7.465843863542695469e-03 8.215565101708476037e-03 7.870400906918588457e-03 7.466773345132321493e-03 7.469794504132181399e-03 7.252750385083975640e-03 7.727685199981061855e-03 8.418099095983427871e-03 7.592260244311904889e-03 7.587459938134787259e-03 8.202965406405414092e-03 7.156683357775402675e-03 8.213624392754361250e-03 7.871668122575697923e-03 7.467070423827689221e-03
