0.000000000000000000e+00 1.643181763623025038e-02 1.990662098087523507e-02 1.632167252677739142e-02 1.744489563325873210e-02 1.664307217286251431e-02 2.261612191206176237e-02 1.459386979612555500e-02 1.515308140160358426e-02 1.648573344420344033e-02 1.545862872161787860e-02 1.867619568152826051e-02 1.507069830885704106e-02 1.756724082887320404e-02 1.486153530549743154e-02 1.653229307080550381e-02 1.727773602132275446e-02 1.728467395656874822e-02 1.654774889454640324e-02 1.418969326748679635e-02 1.380112293647108197e-02 1.878098516308529878e-02 1.478509550009887187e-02 1.595143357559386868e-02 1.304817309843421015e-02 1.865912180871554318e-02 1.695319157446700808e-02 1.340491347030938786e-02 2.001464057651996045e-02 2.008801539184865495e-02 1.639229296863208354e-02 1.710798422485192843e-02 2.255972727293647367e-02 1.661706647925940625e-02 1.789038345609188924e-02 1.726328467933284025e-02 1.519758997995561411e-02 2.244403967910746020e-02 2.067837887472927932e-02 2.004984678232980475e-02 1.657687017712110994e-02 1.490314765732485280e-02 1.563792841597079139e-02 2.017404545159435722e-02 1.157202540133612546e-02 1.710280903248490372e-02 2.017523605032839340e-02 1.592574511237676224e-02 1.665614976845102013e-02 1.521996788696290161e-02 1.570259268744663914e-02 1.451764573588112950e-02 1.710932791183152404e-02 1.204668590665979033e-02 1.660291651263329574e-02 1.441903689944037774e-02 1.319915890453698774e-02 1.904002009063754386e-02 1.718940353109147182e-02 1.895329494590258443e-02 1.287715382254264566e-02 1.501916710046761853e-02 1.926845015387811805e-02 1.990870801164197276e-02 1.444386306299162009e-02 1.488441494431905730e-02 1.825203012017638862e-02 1.584119153634134733e-02 1.833359893937454646e-02 1.362317328531247387e-02 1.575273208207592437e-02 1.531722530432678454e-02 2.201808145452362198e-02 1.658717597979392569e-02 2.003140878900439709e-02 1.652651210808481902e-02 1.646902407871110932e-02 1.733218340287253842e-02 1.903635335884113280e-02 1.833033168850934508e-02 1.539841118528518897e-02 1.661823027049243173e-02 1.822050114019893585e-02 1.841372263385293584e-02 1.863082063996765458e-02 1.517398091878456069e-02 1.985707848140555801e-02 2.210644611205499210e-02 2.656026436665025539e-02 1.880225917143427128e-02 2.262642896056799025e-02 1.745789654222141760e-02 1.872017432740144538e-02 1.666290120999320765e-02 1.536815372157952948e-02 1.663838801293637815e-02 1.663525367659110868e-02 1.674151958958973105e-02 1.416165558704864103e-02 1.601487119603207596e-02 1.876308439258437752e-02 1.454576616148529900e-02 1.760882964930681610e-02 1.535716661149904606e-02 1.750407104924996474e-02 1.884444442651698332e-02 1.428027729440775953e-02 1.858103361022751115e-02 1.597686259241264117e-02 1.767513387067731409e-02 1.761711219833267394e-02 1.686368462397198204e-02 1.782325749824328204e-02 1.691071230706479508e-02 1.917883099816249104e-02 1.698017398517086968e-02 1.523315244126508677e-02 1.684005117468170137e-02 1.887082911382970477e-02 1.890957296587256545e-02 1.778183949469348824e-02 2.050063604597227029e-02 1.646663386053719841e-02 1.681282079349808237e-02 1.905949618427487877e-02 1.548900114549900744e-02 1.778564271160554267e-02 2.076364113206038975e-02
1.643181763623025038e-02 0.000000000000000000e+00 2.143085501210470131e-02 1.796969091519250508e-02 1.870464398254566979e-02 1.796031901742056389e-02 2.355884847059613180e-02 1.583653436738442083e-02 1.665329512219435038e-02 1.775769364584628765e-02 1.714444522236925617e-02 1.925435994283712995e-02 1.656100361796784826e-02 1.828851704679291743e-02 1.638482296923918918e-02 1.788052486115088505e-02 1.853599795930460994e-02 1.854381388492981619e-02 1.789680764994286757e-02 1.580456099596174238e-02 1.549025308318721476e-02 1.988262084798571652e-02 1.632416702127503436e-02 1.695373803227849530e-02 1.462969819960019228e-02 1.978792922627883519e-02 1.854375411437860985e-02 1.500866957596604621e-02 2.102414695506649861e-02 2.113210150145518676e-02 1.771733960553759091e-02 1.868983252717122331e-02 2.350165932292233584e-02 1.750022622713394080e-02 1.946092142689546250e-02 1.884715502561392156e-02 1.668990842894279431e-02 2.334964717165824433e-02 2.170049284004674228e-02 2.111055275233044218e-02 1.791487703238263743e-02 1.640699547783602136e-02 1.705263582702573263e-02 2.122174192868548845e-02 1.347786483240776337e-02 1.869411679505002255e-02 2.126700462906339073e-02 1.731264939545442208e-02 1.796202678062741934e-02 1.669620447128320612e-02 1.711918416737040829e-02 1.608385467406762970e-02 1.836870757900977910e-02 1.391748790912307292e-02 1.791578190137681562e-02 1.598838558596241827e-02 1.495080719289644706e-02 2.014741888971052775e-02 1.844428141897204443e-02 2.006638628692922546e-02 1.465332757381133250e-02 1.651669672234507696e-02 2.035969867963039956e-02 2.096109700422341127e-02 1.602161271811501642e-02 1.639834107021566692e-02 1.941437306551621264e-02 1.725388062760026958e-02 1.948979741470441632e-02 1.530701780986104370e-02 1.716291170497438734e-02 1.678062790588702793e-02 2.297092305379891397e-02 1.790120923861273847e-02 2.107723691185383469e-02 1.784680394955535931e-02 1.779005317093869040e-02 1.857264651631760494e-02 2.014274770658900510e-02 1.948686767710659795e-02 1.685028415844876115e-02 1.792801290611813203e-02 1.938561251231978727e-02 1.956376501097233794e-02 1.976574739627949551e-02 1.665722440972921756e-02 2.091283578114864691e-02 2.305589095395431387e-02 2.738081676766932621e-02 1.992423524997313788e-02 2.355662326826590477e-02 1.868684468794529555e-02 1.984402975602409663e-02 1.796904949347607333e-02 1.682376603301675988e-02 1.796252356459054553e-02 1.794511875568869513e-02 1.803977403949613700e-02 1.577532416051003264e-02 1.739275147998146573e-02 1.988755370861226140e-02 1.610828664750318939e-02 1.882376842812289244e-02 1.681627625672696066e-02 1.872850325208118977e-02 1.996348094552318625e-02 1.587595080129178618e-02 1.971874062259936639e-02 1.735917843254189061e-02 1.888633903479714285e-02 1.883163882018215260e-02 1.816592848206646793e-02 1.902170181273813224e-02 1.820563284001558424e-02 2.028972078945920354e-02 1.825525670007736162e-02 1.670375968890414412e-02 1.812769401491372973e-02 1.999115175717586582e-02 2.003916444703383176e-02 1.899600387569697763e-02 2.152371974275830990e-02 1.808643281329963895e-02 1.813554838125024452e-02 2.016646085450970322e-02 1.694073832068993674e-02 1.898720238078814918e-02 2.177303594142833768e-02
1.990662098087523507e-02 2.143085501210470131e-02 0.000000000000000000e+00 2.157398082724520244e-02 2.215663492196271248e-02 2.095258000609810656e-02 2.610026691555957998e-02 2.013152176179505010e-02 2.058874343801179660e-02 2.146845872409395770e-02 2.095283937029092033e-02 2.300964829478124168e-02 2.044000501169892375e-02 2.219871027209137371e-02 2.037628457001448498e-02 2.152682903472950479e-02 2.203276691431267295e-02 2.201878148667580845e-02 2.153442885206200905e-02 1.993085636766797619e-02 1.967365680455846963e-02 2.309962746118048721e-02 2.033662977625362925e-02 2.102088104306333582e-02 1.877495952964339243e-02 2.297655883186768347e-02 2.201873399012099081e-02 1.948244040031328270e-02 2.400997638866104317e-02 2.407899460764730340e-02 2.140982394954630066e-02 2.213590205032411884e-02 2.495167520764616717e-02 2.155018959673096410e-02 2.272969283191620532e-02 2.225123534229413169e-02 2.060118124514597263e-02 2.597459755567497336e-02 2.454762757761537462e-02 2.406395906018978306e-02 2.091464613728554259e-02 2.040662818930676775e-02 2.090055395486029033e-02 2.415280686228339635e-02 1.811977915159401417e-02 2.213530164285834601e-02 2.416381448621912273e-02 2.108511797822837375e-02 2.158191031335618404e-02 2.061841878757272525e-02 2.094497915757452533e-02 2.013929469286968379e-02 2.187323957312032122e-02 1.837837332653459096e-02 2.155183998980862714e-02 2.007755076883450604e-02 1.923895955522966078e-02 2.326782934084333648e-02 2.195957203084379292e-02 2.320417948898619021e-02 1.897845854670499044e-02 2.046964180132652966e-02 2.344462906032595412e-02 2.393929937574286460e-02 2.009290237485227698e-02 2.037744312813298195e-02 2.270929017913523446e-02 2.104664920448016951e-02 2.276718965017611104e-02 1.952253536605323345e-02 2.097736877730541766e-02 2.066455296177510323e-02 2.562091528234429136e-02 2.153829540421302313e-02 2.403271064169636845e-02 2.149482167243182973e-02 2.146374977494050484e-02 2.205548483125944342e-02 2.327302420939693015e-02 2.276348401110636285e-02 2.073207991656240631e-02 2.156195687611671061e-02 2.268597948643856499e-02 2.282445749952993069e-02 2.298030799703042887e-02 2.058983042464904850e-02 2.389876237738274012e-02 2.569540712699931728e-02 2.957770026097513924e-02 2.310520472971780773e-02 2.612938534055397194e-02 2.214345674898300989e-02 2.303911402525695915e-02 2.159118973161845353e-02 2.071220059528167123e-02 2.158715552383315070e-02 2.157405141952357941e-02 2.164435774376535088e-02 1.989736590445992728e-02 2.114913308983681905e-02 2.307591364963821126e-02 2.015753351038345950e-02 2.224585943509693742e-02 2.070965689084432182e-02 2.217464774981645417e-02 2.313581976506390650e-02 1.997290012589000852e-02 2.294544073162351622e-02 2.112476655241587314e-02 2.229511796313451630e-02 2.225250503009195899e-02 2.173724836418229958e-02 2.239399609112049244e-02 2.176540495629229743e-02 2.339065605136272583e-02 2.180245767163042914e-02 2.060488581057635937e-02 2.170878039239192495e-02 2.315735408784283175e-02 2.319469504432253651e-02 2.237557412276357932e-02 2.439872435983589730e-02 2.166730760094932179e-02 2.171368106499667328e-02 2.329416751676607195e-02 2.079702159267123734e-02 2.237030208642507706e-02 2.460504038018771975e-02
1.632167252677739142e-02 1.796969091519250508e-02 2.157398082724520244e-02 0.000000000000000000e+00 1.842154434857239814e-02 1.809996366732543119e-02 2.290581506828421807e-02 1.638211448781861854e-02 1.654894259016478214e-02 1.800537644149977426e-02 1.734765476300150280e-02 1.997834600172122832e-02 1.678456067460783532e-02 1.895896472934412158e-02 1.630162439463293117e-02 1.765776374252814307e-02 1.872891252376963564e-02 1.873506585015942416e-02 1.809431976348237561e-02 1.602820289682916136e-02 1.570711535468120867e-02 2.008412279522301877e-02 1.655386139257364331e-02 1.755359988213412228e-02 1.504678189554690959e-02 1.995906945281585368e-02 1.871951495141062002e-02 1.551911341282144474e-02 2.121299026086577097e-02 2.127263961342527182e-02 1.791896432137437753e-02 1.887312174970298337e-02 2.366050099000679627e-02 1.812553463506514501e-02 1.911085561440157427e-02 1.898998780363893996e-02 1.688498630696732422e-02 2.351268808166329799e-02 2.177181243885482897e-02 2.126278076734097744e-02 1.812816958184497451e-02 1.662604100847394836e-02 1.727470879431967574e-02 2.137213113901053133e-02 1.374501782693104447e-02 1.885431681721668265e-02 2.141431965298242271e-02 1.752411912151316531e-02 1.816072152927996133e-02 1.692191044676318382e-02 1.733643609832837343e-02 1.632064967370212144e-02 1.855672508638213716e-02 1.418956973166670375e-02 1.811655868615732329e-02 1.623986773086201832e-02 1.520755217821720753e-02 2.030909271745134220e-02 1.863513965758271593e-02 2.022914865028114031e-02 1.490667013708877296e-02 1.674365961383791901e-02 2.051951805785623417e-02 2.111393766288119714e-02 1.626002664894580368e-02 1.662690720006176209e-02 1.958815179143570673e-02 1.746780836267047832e-02 1.966247634644178663e-02 1.555700791260907628e-02 1.737899813304129293e-02 1.700414419505897126e-02 2.310578435754342269e-02 1.810154273458943266e-02 2.122898537839096669e-02 1.804800141414838674e-02 1.799348682600341448e-02 1.876064391340027948e-02 2.030520976713599129e-02 1.965934611310043642e-02 1.707163971675964426e-02 1.813033281677861250e-02 1.955984188941564325e-02 1.973529481535607824e-02 1.993389971476266023e-02 1.688410549254946297e-02 2.106639515947090341e-02 2.319008841954347741e-02 2.749289473203419404e-02 2.009019744292750778e-02 2.368748562766215607e-02 1.887278497152370532e-02 2.001457055720931230e-02 1.816746472686826472e-02 1.704549730515739214e-02 1.816020382130274433e-02 1.814501528655887777e-02 1.823658843139949054e-02 1.601768545551336340e-02 1.760330057617191801e-02 2.005413248379927377e-02 1.634453934498475078e-02 1.900618609999587746e-02 1.703827636043334440e-02 1.891376381698918821e-02 2.012877912371145023e-02 1.611596285127647743e-02 1.988773795413707399e-02 1.756977160246944378e-02 1.904799236467822829e-02 1.901467324020085503e-02 1.835903038480236546e-02 1.920059945386184963e-02 1.839782168979819596e-02 2.044997994121413795e-02 1.844742647727650592e-02 1.692436326388117862e-02 1.832630858527508830e-02 2.015520385486842952e-02 2.020283151782274397e-02 1.917524556800252050e-02 2.167093985651805457e-02 1.827254104403312415e-02 1.830565920390559570e-02 2.032785827587698865e-02 1.715802970331676072e-02 1.916711049397231900e-02 2.191784949782948563e-02
1.744489563325873210e-02 1.870464398254566979e-02 2.215663492196271248e-02 1.842154434857239814e-02 0.000000000000000000e+00 1.890477964795215030e-02 2.418735601342484123e-02 1.721517771055217083e-02 1.766186788815946734e-02 1.873585104863211351e-02 1.811459067542118412e-02 2.060861534574503356e-02 1.758687557040016294e-02 1.963960517151833521e-02 1.741358820578173955e-02 1.876753018509536367e-02 1.939010553447572532e-02 1.942967997453055179e-02 1.880755607469956209e-02 1.658421366841763417e-02 1.630148906866972155e-02 2.070120955357567655e-02 1.737961218874058480e-02 1.831024287972986275e-02 1.601073030863353619e-02 2.059000846710324836e-02 1.942720761424129514e-02 1.640412647029647342e-02 2.178711323848257775e-02 2.185164666209988074e-02 1.865518026508458660e-02 1.955680316707966021e-02 2.417453975880154773e-02 1.884218069403234899e-02 2.025931664223275946e-02 1.916770849227463977e-02 1.733825132407462027e-02 2.402038576912645523e-02 2.241550459245803678e-02 2.185051835758288971e-02 1.884353817627340902e-02 1.710302565879633432e-02 1.804967113039286294e-02 2.194128390962556477e-02 1.484011196098141035e-02 1.955788674597050067e-02 2.196753057796123343e-02 1.828191108761445874e-02 1.888089534859960575e-02 1.771774900431056718e-02 1.810746152632460026e-02 1.715107521707118221e-02 1.925407671333509083e-02 1.513090042048832913e-02 1.884059808459161850e-02 1.707617250926856886e-02 1.610246929339871277e-02 2.092493909907408231e-02 1.933078482555187355e-02 2.084826799946735282e-02 1.582117149694781122e-02 1.754803179208093769e-02 2.112659287848223447e-02 2.168835200076996497e-02 1.709527758701609099e-02 1.743431653033759854e-02 2.022838774167905196e-02 1.823125239681407453e-02 2.030646483854920900e-02 1.643145151021017589e-02 1.814643493428897553e-02 1.779414039540214848e-02 2.363174651561332149e-02 1.882617809895980113e-02 2.181025432860418667e-02 1.877557694068201707e-02 1.873247297016284937e-02 1.944927823501713463e-02 2.092091038854420465e-02 2.030348257416418264e-02 1.785645082939526715e-02 1.885316655648750991e-02 2.020875170643114671e-02 2.037584284283532401e-02 2.056547209653131550e-02 1.768233942871653280e-02 2.165338946624488850e-02 2.371412262817863825e-02 2.793895639234720424e-02 2.071496202271868106e-02 2.419966788292537280e-02 1.955357300522156394e-02 2.064206377559667585e-02 1.886681952211160737e-02 1.782687182977417059e-02 1.886044047495521667e-02 1.886529676554952323e-02 1.893072093319261504e-02 1.686414971001630805e-02 1.835528200719033914e-02 2.067946810713662195e-02 1.717116245349413831e-02 1.965854384562822771e-02 1.780598675272677262e-02 1.959193551218133683e-02 2.075057051580189368e-02 1.695577007330566557e-02 2.051980689946692610e-02 1.830540401792787181e-02 1.920811945311884025e-02 1.968851759676919916e-02 1.904838278427062673e-02 1.986508151437993766e-02 1.910567737081008549e-02 2.105973163875349968e-02 1.915079781093570466e-02 1.771602571325125997e-02 1.903764522960498320e-02 2.077801615022421486e-02 2.082208747837803117e-02 1.984103735827364920e-02 2.223745739953325237e-02 1.898636817670888363e-02 1.904078784878110442e-02 2.094341594376624566e-02 1.793854196307886548e-02 1.983336812311191355e-02 2.247668347861151578e-02
1.664307217286251431e-02 1.796031901742056389e-02 2.095258000609810656e-02 1.809996366732543119e-02 1.890477964795215030e-02 0.000000000000000000e+00 2.290992211198557282e-02 1.639161817426744092e-02 1.656161487113741795e-02 1.800928164143417512e-02 1.737437220438009175e-02 1.995980657065610231e-02 1.679224770323542448e-02 1.850612870234197641e-02 1.663623889959764401e-02 1.809002174912667515e-02 1.874431481796992593e-02 1.829434047563454138e-02 1.809994283923749628e-02 1.607849033894775959e-02 1.576812281411168679e-02 2.009232503997357769e-02 1.657531293770923495e-02 1.756256327400756989e-02 1.483998006640192997e-02 1.997470355616706023e-02 1.872449955690104820e-02 1.528674631359220118e-02 2.122135123074006882e-02 2.129799791077253632e-02 1.795470227558030110e-02 1.889988191291158345e-02 2.362334073597929796e-02 1.814433976370985468e-02 1.964688227766089174e-02 1.903624616652959192e-02 1.693593657827345209e-02 2.352426802502403935e-02 2.179331735358472702e-02 2.127232905229601428e-02 1.810303756423325972e-02 1.666270701026800749e-02 1.730028551413584359e-02 2.138826680185611229e-02 1.391416551731266410e-02 1.889646096303069719e-02 2.143064384991284765e-02 1.754080385154692390e-02 1.817571926863105827e-02 1.694339885951261920e-02 1.735451622330169349e-02 1.634332581676234755e-02 1.857330642734785972e-02 1.421227803631887679e-02 1.813242471591020727e-02 1.626295544474573931e-02 1.523107085560684512e-02 2.031920758604422242e-02 1.865295322889488558e-02 2.023939079957869092e-02 1.472630579637604874e-02 1.676429136090749200e-02 2.053304490937598106e-02 2.112753580754346203e-02 1.628347544871012326e-02 1.664967237357714222e-02 1.960448327816562489e-02 1.748787685021181010e-02 1.967806947820949226e-02 1.557871854232851030e-02 1.739697343783585745e-02 1.702115077327910272e-02 2.311682875022078726e-02 1.811726079213536733e-02 2.123771219941420624e-02 1.806683527592766250e-02 1.802028425793817876e-02 1.877475179568652286e-02 2.031950035808936794e-02 1.967129857070466781e-02 1.709240692319054927e-02 1.814547637730729371e-02 1.957215441050070420e-02 1.975050540652427411e-02 1.994876507875013513e-02 1.690564906201394782e-02 2.107547957632135288e-02 2.319616725303990865e-02 2.750113416455690282e-02 2.010453863413827827e-02 2.369826529490090886e-02 1.889029525748857005e-02 2.002524727085908465e-02 1.818733374696827540e-02 1.706722781797736024e-02 1.818122863571314252e-02 1.816417334847869949e-02 1.825635780180139001e-02 1.604197269973595824e-02 1.762361281185641226e-02 2.006895329658396621e-02 1.636718581117270477e-02 1.902392594682326618e-02 1.706066645075871718e-02 1.893089592827348552e-02 2.014370154753572159e-02 1.613910013765995632e-02 1.990309944959936517e-02 1.759095380474936382e-02 1.908538186569713052e-02 1.903176627299696042e-02 1.837861774695292993e-02 1.921718609340432316e-02 1.841739305018453773e-02 2.046458603874238072e-02 1.846616934867561372e-02 1.694581307482727686e-02 1.834077225557414342e-02 2.017076629243813937e-02 2.021809181882661469e-02 1.919231288439379388e-02 2.168343857860068752e-02 1.830057785646687155e-02 1.834908158570273604e-02 2.034320819449212878e-02 1.717749811620312289e-02 1.918392118373203267e-02 2.193016305117312381e-02
2.261612191206176237e-02 2.355884847059613180e-02 2.610026691555957998e-02 2.290581506828421807e-02 2.418735601342484123e-02 2.290992211198557282e-02 0.000000000000000000e+00 2.238852946382623513e-02 2.277595864688537752e-02 2.358908689004260775e-02 2.313308909999821708e-02 2.496610813102355733e-02 2.271059800829408268e-02 2.424086092150653376e-02 2.254437418840725751e-02 2.362482634391885675e-02 2.410011011116372850e-02 2.408129044812019892e-02 2.365235370896603961e-02 2.219302349238190877e-02 2.195657072528623549e-02 2.504726158025760360e-02 2.256874310370898112e-02 2.326346694665244394e-02 2.100405480630178345e-02 2.495764419975651099e-02 2.403938154963719195e-02 2.178347817945438039e-02 2.585951729812809019e-02 2.591648559493178045e-02 2.354151024030470829e-02 2.419747206355235200e-02 2.773061985835420171e-02 2.366546108073012966e-02 2.470575897855675773e-02 2.430229925441317398e-02 2.281913512602664479e-02 2.761625226165294669e-02 2.515073654570635156e-02 2.583946492762131605e-02 2.366549325070974041e-02 2.262848985462791521e-02 2.307808450378208420e-02 2.598308078904680227e-02 2.050759740793826544e-02 2.419967671455725000e-02 2.601621285213803758e-02 2.324464493839862797e-02 2.369202393667571571e-02 2.282326312199518814e-02 2.311983896881208284e-02 2.238527977426716525e-02 2.394557980032186242e-02 2.074897881719347387e-02 2.366642622954085590e-02 2.232956040117084484e-02 2.155491116347479225e-02 2.518670556389028883e-02 2.403320730923725473e-02 2.513160432310184225e-02 2.130920628565290825e-02 2.268560523749378957e-02 2.534932301290798023e-02 2.579495992566617837e-02 2.234322480501788749e-02 2.260149327425981305e-02 2.470235755781158629e-02 2.321065559811974835e-02 2.475366899470515109e-02 2.181761959965503039e-02 2.314891997469614021e-02 2.287844765858253887e-02 2.729809683799750905e-02 2.365369745570614426e-02 2.587818415265939406e-02 2.361424212257522484e-02 2.358771064298374742e-02 2.411821344995062483e-02 2.519835409335190179e-02 2.474979434596837752e-02 2.292534580395550955e-02 2.367577001978309406e-02 2.468145786445404347e-02 2.480436455680207555e-02 2.494170437370565180e-02 2.279763416312135388e-02 2.575833891348689939e-02 2.736369091814449400e-02 3.094181692989974794e-02 2.505321396087503705e-02 2.775424755805589935e-02 2.419683798457035462e-02 2.499226145200653115e-02 2.370140520761210637e-02 2.290739609619245679e-02 2.369853438208837856e-02 2.368638721572505212e-02 2.374886083781810320e-02 2.216340883634417697e-02 2.330300326140622921e-02 2.502641886261796136e-02 2.240183458599897398e-02 2.428714415085219888e-02 2.290583936134829926e-02 2.422439128898191962e-02 2.507957815702323637e-02 2.223204805679079160e-02 2.491171529321058176e-02 2.328133531431687830e-02 2.433079194697650507e-02 2.429331644608487273e-02 2.383158393171882009e-02 2.441745672921010607e-02 2.385606164233938786e-02 2.530365224173102348e-02 2.388853707434805337e-02 2.280635710277170020e-02 2.380486004062709604e-02 2.509849906376569392e-02 2.513187939600120685e-02 2.440207687321520671e-02 2.620171836133942597e-02 2.377867843991797112e-02 2.380999531711070274e-02 2.521864038551892631e-02 2.298345750453795536e-02 2.439752501739588658e-02 2.638446559972177502e-02
1.459386979612555500e-02 1.583653436738442083e-02 2.013152176179505010e-02 1.638211448781861854e-02 1.721517771055217083e-02 1.639161817426744092e-02 2.238852946382623513e-02 0.000000000000000000e+00 1.488065187068555312e-02 1.617981304568258394e-02 1.544669443635165833e-02 1.840867937148836508e-02 1.468756975829514297e-02 1.695806612574386751e-02 1.427769451331518426e-02 1.629188432522280655e-02 1.702897622905335043e-02 1.704400410281642006e-02 1.628918634841781954e-02 1.385948308325839901e-02 1.324976709926774764e-02 1.855509688198518289e-02 1.447512876919145215e-02 1.558186172825249891e-02 1.271755507153060627e-02 1.835601069042762726e-02 1.700580219292473216e-02 1.322426520132431380e-02 1.976885482031090491e-02 1.985377218914406716e-02 1.610903927347447778e-02 1.687351047916721067e-02 2.179025421796722609e-02 1.596594635296753883e-02 1.805581682689422554e-02 1.737287480510922230e-02 1.491327156841209395e-02 2.162038238377499144e-02 1.997412731428351365e-02 1.979042540792992980e-02 1.633796949454079800e-02 1.458035360781873187e-02 1.508514351307413751e-02 1.996000070928403633e-02 1.118512682327864501e-02 1.720716014708489894e-02 1.999002235278976233e-02 1.564075015028426260e-02 1.638543611061401770e-02 1.490921188127259864e-02 1.540373144761476160e-02 1.418829735065733205e-02 1.684367346292040685e-02 1.164460932175946477e-02 1.633210449899755862e-02 1.407358576536603401e-02 1.284000540010203986e-02 1.880124283287914339e-02 1.692880794633279742e-02 1.871315953741597635e-02 1.250336349639792448e-02 1.471246764357922107e-02 1.903264753231852235e-02 1.968012753212217136e-02 1.412329355952924442e-02 1.457290539830614212e-02 1.800536304383565031e-02 1.555896015914289346e-02 1.808852343755133069e-02 1.327356430565176416e-02 1.546598444941358654e-02 1.501007565397658415e-02 2.180608622262170115e-02 1.631604019733833705e-02 1.980422241307526823e-02 1.625316873085894120e-02 1.589560192894860433e-02 1.707328027492397912e-02 1.879858415752646422e-02 1.808516878438377884e-02 1.510252906220893761e-02 1.634816543825243218e-02 1.797412094402928151e-02 1.816939510719157991e-02 1.838918773149241653e-02 1.487258524295814559e-02 1.962846216612306599e-02 2.189641600166225555e-02 2.637383479400898234e-02 1.856224500489603649e-02 2.241963495599505474e-02 1.720120588487716526e-02 1.847975116466853834e-02 1.639347491625576733e-02 1.506787668574399892e-02 1.638578962326925695e-02 1.636610774872798713e-02 1.647395711501908541e-02 1.383192619135605560e-02 1.573378030576796580e-02 1.852273202022700072e-02 1.422805680039852284e-02 1.735397763519861553e-02 1.506197062521015539e-02 1.724791456990481392e-02 1.860501239406213425e-02 1.395360176523011836e-02 1.833877356725206395e-02 1.569443672566251877e-02 1.742304483376597157e-02 1.736248886960225710e-02 1.661693113782850006e-02 1.757302023732570939e-02 1.666199285757593782e-02 1.895784320991677693e-02 1.671806620967372647e-02 1.493682260443338593e-02 1.657925484517036238e-02 1.863533423852286458e-02 1.868719838940934366e-02 1.754471495232231767e-02 2.028004352042975938e-02 1.652657932919627745e-02 1.658279697324388860e-02 1.882483070409499831e-02 1.521049542651737273e-02 1.753503962580698836e-02 2.054433144610414569e-02
1.515308140160358426e-02 1.665329512219435038e-02 2.058874343801179660e-02 1.654894259016478214e-02 1.766186788815946734e-02 1.656161487113741795e-02 2.277595864688537752e-02 1.488065187068555312e-02 0.000000000000000000e+00 1.670576028150718220e-02 1.569176433021681263e-02 1.886368416256643810e-02 1.534916537653899758e-02 1.739452959098656062e-02 1.513820124380830731e-02 1.644814943536237681e-02 1.750303397550663498e-02 1.751536879952695150e-02 1.681920913265856979e-02 1.426298532906991427e-02 1.412295279702351081e-02 1.897920832711347955e-02 1.506616454324605399e-02 1.620717076156545297e-02 1.341753317996625082e-02 1.886907680772241525e-02 1.753091282242957155e-02 1.369297192891793039e-02 2.020313782228072563e-02 2.028209648808914495e-02 1.662143588777004188e-02 1.768699436005791506e-02 2.277393360093539140e-02 1.684921513114666022e-02 1.850421498837083803e-02 1.746981481271079467e-02 1.546740105891189834e-02 2.262086603992334577e-02 2.088516609620962722e-02 2.026361127732181910e-02 1.685639593231545372e-02 1.514192067112677537e-02 1.589382911457573946e-02 2.035962929664075771e-02 1.195960201435387719e-02 1.767419354966412795e-02 2.040516393719461058e-02 1.617300857045518223e-02 1.688982830961239384e-02 1.548571161594489848e-02 1.595520941704199266e-02 1.480057978829916153e-02 1.733919761900841461e-02 1.239529634364240109e-02 1.683825615954583077e-02 1.470438654343651959e-02 1.352975871521923910e-02 1.924167584527146022e-02 1.741799248146207527e-02 1.915568919656279040e-02 1.303967541317463050e-02 1.528948101846378492e-02 1.947028346583766847e-02 2.010354678043543147e-02 1.472960581753491455e-02 1.515434530458561503e-02 1.845934590378505574e-02 1.610840163967058175e-02 1.854588288930384896e-02 1.392894181915275975e-02 1.600439623407378872e-02 1.558014026319488356e-02 2.219743862088846553e-02 1.682253012266565761e-02 2.022220383024878748e-02 1.676643205525879185e-02 1.670957121111507973e-02 1.755519537961700710e-02 1.924090380889991597e-02 1.853971935155232509e-02 1.566032534344026853e-02 1.685215247278367551e-02 1.843132668675012339e-02 1.862482530085794383e-02 1.884041467245912635e-02 1.544078001181699994e-02 2.004972583310522458e-02 2.228084140177982383e-02 2.671690137835479664e-02 1.900882873468708739e-02 2.280187525935506096e-02 1.768217003815546889e-02 1.892866984885052326e-02 1.689981270844222866e-02 1.563119498558717888e-02 1.689144294125143400e-02 1.687319630550372304e-02 1.697766498085327702e-02 1.445477910702997609e-02 1.626448078752508811e-02 1.897065733024404927e-02 1.482910117917476435e-02 1.783103467434619255e-02 1.562052552660786291e-02 1.772767879772757862e-02 1.905109235204738988e-02 1.456994205105067997e-02 1.879049115492705674e-02 1.622666113679310795e-02 1.789653141366489078e-02 1.783923343304846115e-02 1.709853588255153684e-02 1.804400510644171840e-02 1.716028554829202371e-02 1.939664275922007783e-02 1.721415869640393129e-02 1.550333913118874529e-02 1.707611391163798772e-02 1.908029885978131113e-02 1.913066794539066903e-02 1.801619493064748195e-02 2.069322395373567047e-02 1.702798818110795240e-02 1.708267754092241200e-02 1.926616562717687470e-02 1.576186542573698376e-02 1.800667231068777893e-02 2.095336983668416586e-02
1.648573344420344033e-02 1.775769364584628765e-02 2.146845872409395770e-02 1.800537644149977426e-02 1.873585104863211351e-02 1.800928164143417512e-02 2.358908689004260775e-02 1.617981304568258394e-02 1.670576028150718220e-02 0.000000000000000000e+00 1.718510941545972268e-02 1.929482808688090870e-02 1.659472899051562395e-02 1.832592310163996471e-02 1.612167317574569880e-02 1.791663074557089258e-02 1.812371272725158550e-02 1.859051657648861863e-02 1.793952939542127131e-02 1.586573654074522818e-02 1.554611455582152919e-02 1.992582395166055467e-02 1.637673144911495904e-02 1.738801241206888379e-02 1.467789047647398253e-02 1.982963793895456059e-02 1.858591553361738091e-02 1.529857729036901599e-02 2.109175981223735535e-02 2.114596870808531717e-02 1.776677337057926132e-02 1.873948956143584726e-02 2.355967740804266325e-02 1.796922478094833270e-02 1.949968890519269624e-02 1.886862511096894235e-02 1.671946982295873657e-02 2.341148162749700709e-02 2.173324030806150428e-02 2.115121904220605351e-02 1.797150420755159669e-02 1.613555066355941078e-02 1.671995131501912216e-02 2.125508480065917485e-02 1.353762695509831519e-02 1.873548542752217008e-02 2.130149539712335519e-02 1.735979827348519550e-02 1.800567691451585017e-02 1.674627128134005549e-02 1.716721265409664951e-02 1.613566316195055861e-02 1.841134130517105283e-02 1.397963742412665702e-02 1.796069939789830122e-02 1.605371390440546095e-02 1.500090008545643984e-02 2.018461722508382850e-02 1.848683140381622569e-02 2.010378615375527089e-02 1.471154558237644690e-02 1.656718089577144393e-02 2.039656608142186717e-02 2.098581019582105439e-02 1.607456895166146232e-02 1.644960464676088058e-02 1.945409886911147329e-02 1.730137049874469479e-02 1.952891217116014752e-02 1.536278757681570732e-02 1.721081976503011784e-02 1.683043149197370122e-02 2.300194354280545375e-02 1.794580326686989399e-02 2.111216657029499691e-02 1.789178914754746899e-02 1.783449964945679062e-02 1.861480345030321754e-02 2.017992642645291893e-02 1.952585456717753631e-02 1.689860799558268178e-02 1.797292016494524830e-02 1.942492956139305060e-02 1.960264158777750773e-02 1.980399808633337769e-02 1.670751599144253141e-02 2.094805982558580262e-02 2.308725250865729592e-02 2.740741012026011100e-02 1.996203249102754956e-02 2.358727711071995428e-02 1.872857073314635953e-02 1.988188934644266603e-02 1.801345942618099577e-02 1.687305422190808757e-02 1.800697165338389916e-02 1.798966834254868766e-02 1.808388276498677782e-02 1.582917705718369164e-02 1.743955752274256935e-02 1.992543734243859208e-02 1.616070526315776384e-02 1.886494540192455716e-02 1.686565191021175900e-02 1.877006145177903193e-02 2.000115994283676105e-02 1.592930241570233649e-02 1.975713035016032210e-02 1.740615382748537943e-02 1.892687232182072368e-02 1.887282346174376513e-02 1.820883722387892437e-02 1.906220137150010929e-02 1.824904727956643685e-02 2.032654312802972471e-02 1.829856129917075899e-02 1.675338247332670491e-02 1.817586273618609222e-02 2.002895600837600182e-02 2.007662144642255106e-02 1.903658483505210261e-02 2.155794526871663078e-02 1.812994137262848721e-02 1.817941958178697151e-02 2.020361270737085560e-02 1.698959491710198139e-02 1.902782198227093158e-02 2.180677138828405678e-02
1.545862872161787860e-02 1.714444522236925617e-02 2.095283937029092033e-02 1.734765476300150280e-02 1.811459067542118412e-02 1.737437220438009175e-02 2.313308909999821708e-02 1.544669443635165833e-02 1.569176433021681263e-02 1.718510941545972268e-02 0.000000000000000000e+00 1.925372156678161958e-02 1.587804955716701563e-02 1.820415845046272074e-02 1.568621033406658594e-02 1.724732147870195950e-02 1.796496864514319017e-02 1.797284386430329783e-02 1.727848678805710830e-02 1.476247767662960952e-02 1.451688975811569506e-02 1.886930608417792740e-02 1.562568775894673800e-02 1.670264265343399460e-02 1.388247875179408203e-02 1.926750069182290095e-02 1.796182187403849023e-02 1.447501975030552820e-02 2.056636439474796019e-02 2.059913791105295183e-02 1.709844510437574447e-02 1.811461153156511752e-02 2.310178584761492238e-02 1.731223847833939650e-02 1.891087438790580930e-02 1.826287294293661712e-02 1.601110269825190349e-02 2.294332650880095276e-02 2.124447924486672079e-02 2.063556763742758690e-02 1.732070336182435152e-02 1.544015787845863692e-02 1.639647992876493154e-02 2.014644556005500825e-02 1.261860881496477439e-02 1.811616383806470207e-02 2.078828502521819221e-02 1.666940688810223184e-02 1.735528067678545130e-02 1.601549213428994645e-02 1.646329976835896047e-02 1.536304415816390836e-02 1.778560445417402130e-02 1.307638610294349808e-02 1.730750924824575945e-02 1.527462382982686800e-02 1.416063215792886902e-02 1.963562519691136252e-02 1.786282074233683931e-02 1.955169489587658266e-02 1.384401316127517947e-02 1.582686658005197020e-02 1.985558982875565079e-02 2.046586209932906714e-02 1.529799770515334091e-02 1.569589571071937362e-02 1.886884697899239224e-02 1.660730519348781187e-02 1.895449103681742450e-02 1.453895799337948450e-02 1.651063260412175687e-02 1.610547332289414060e-02 2.253257739556473530e-02 1.729225201252563432e-02 2.059437724435684777e-02 1.723554654685473600e-02 1.718253350802967719e-02 1.799765895354928785e-02 1.963125082428865756e-02 1.895142884879409684e-02 1.617932168236011631e-02 1.729259685488795592e-02 1.884608394750041105e-02 1.903042844928278313e-02 1.924098128706583366e-02 1.597325140258817541e-02 2.042533677150756843e-02 2.261924174561296200e-02 2.700592273844381469e-02 1.940522763669850700e-02 2.312914501980711454e-02 1.811733882149140634e-02 1.932282295687479806e-02 1.736381263748901227e-02 1.614791289591119630e-02 1.735632205653731344e-02 1.733844637748667081e-02 1.743844933446232412e-02 1.503642146094489110e-02 1.675538133580206646e-02 1.936715663978790664e-02 1.539073698423877937e-02 1.826078158769130211e-02 1.614286855917706348e-02 1.816103208919020093e-02 1.944575586338754061e-02 1.514444793597708762e-02 1.919208496912932355e-02 1.671956058685368507e-02 1.832512365329108661e-02 1.826898161052050232e-02 1.757077135712568211e-02 1.846770012672562314e-02 1.761331332351706580e-02 1.978293558472205352e-02 1.766586436918473821e-02 1.602809764372211537e-02 1.753650993368755309e-02 1.947466878450162739e-02 1.952389438880676106e-02 1.844052577289656894e-02 2.105305445321252467e-02 1.748035604432899778e-02 1.753885034785236316e-02 1.965582565598728362e-02 1.627727719311222385e-02 1.843154914785406079e-02 2.130854542874820873e-02
1.867619568152826051e-02 1.925435994283712995e-02 2.300964829478124168e-02 1.997834600172122832e-02 2.060861534574503356e-02 1.995980657065610231e-02 2.496610813102355733e-02 1.840867937148836508e-02 1.886368416256643810e-02 1.929482808688090870e-02 1.925372156678161958e-02 0.000000000000000000e+00 1.878252505971372485e-02 2.003900456976548047e-02 1.862929919821983485e-02 1.990787646073850434e-02 2.044813301078802353e-02 2.047158571098448704e-02 1.992091785669806991e-02 1.812846486613660033e-02 1.787678095696119268e-02 2.096249526956918754e-02 1.859801343067642512e-02 1.942551254109474781e-02 1.700571867036720572e-02 2.155007975369903697e-02 2.047071477504908144e-02 1.732690441185193511e-02 2.266961174157961292e-02 2.273831196388138506e-02 1.978037303757547438e-02 2.060175808820057658e-02 2.493956068772433532e-02 1.992388402602874101e-02 2.126194599596554699e-02 2.072910043144962633e-02 1.889783232292221657e-02 2.480111211641872551e-02 2.326139678516384729e-02 2.272048730871419064e-02 1.994269415185044234e-02 1.863987207389132192e-02 1.919908389636128601e-02 2.278472635000384008e-02 1.621035462976334537e-02 2.060048400256190779e-02 2.286359614166495746e-02 1.942083240423750357e-02 1.997134084730946973e-02 1.890458935801305265e-02 1.926302397002836730e-02 1.837999585452004814e-02 2.030725543102149255e-02 1.648373828760549969e-02 1.993667709475504049e-02 1.831181485472201109e-02 1.740385995538536179e-02 2.185678780230294882e-02 2.038813993608775896e-02 2.178575992624166846e-02 1.713652012481305109e-02 1.874466346596073696e-02 2.204694369318692740e-02 2.258603896453498586e-02 1.832950504092161273e-02 1.864365859681528168e-02 2.122215874564010313e-02 1.937724375848135297e-02 2.128747992017139198e-02 1.771081394947816856e-02 1.929997002682860494e-02 1.897307327811059707e-02 2.442097310430667995e-02 1.992262520203446838e-02 2.269067017685675453e-02 1.987524346503707906e-02 1.983815902373057757e-02 2.049617552338168711e-02 2.185545924995581021e-02 2.128425586808426959e-02 1.903139355046443160e-02 1.991781608619176344e-02 2.119712827099951707e-02 2.135048763442444486e-02 2.152644431645778580e-02 1.887252368096898128e-02 2.254298678060793343e-02 2.449957544616811200e-02 2.859497214168692236e-02 2.166551105127999949e-02 2.496563784301602737e-02 2.059395081201466707e-02 2.159332084377573596e-02 1.998082982735834359e-02 1.900937529398959158e-02 1.997627110152438643e-02 1.996131363719695975e-02 2.004029097078310548e-02 1.811695806745010698e-02 1.949145947901496922e-02 2.163297175516461224e-02 1.840090659378049512e-02 2.070950017116032077e-02 1.900538024051928385e-02 2.062909695359478254e-02 2.169958461712112596e-02 1.820028953458490903e-02 2.148642299988296617e-02 1.946408046354793780e-02 2.076384727154201651e-02 2.071660508691725369e-02 2.014530102559100241e-02 2.087713751430453693e-02 2.017775500327145463e-02 2.198558445908405795e-02 2.021939134067978622e-02 1.889672619981292573e-02 2.010896510757006345e-02 2.172364382728875914e-02 2.176585016952626433e-02 2.085597852710256717e-02 2.309311819766532090e-02 2.007879777691525675e-02 2.011953227816904236e-02 2.187720902559847636e-02 1.910495470022099268e-02 2.084906530720588222e-02 2.331942526213511002e-02
