0.000000000000000000e+00 7.339839905130402832e-03 7.110853970359239454e-03 7.210041539529606254e-03 7.327026201914141161e-03 7.342071661819656730e-03 7.344688327385663108e-03 7.372154167318908415e-03 7.324214417845222730e-03 7.342138558855219703e-03 7.226579623064798008e-03 7.343858050033561478e-03 7.382444212301734511e-03 7.343771407859463023e-03 7.347408430540510946e-03 7.326519139523163943e-03 7.328245774536139810e-03 7.328303809863496998e-03 7.333573056443532488e-03 7.353602011697464060e-03 7.339362775927101533e-03 7.346450433337948886e-03 7.336780738024299003e-03 7.358349421424822262e-03 7.346280695797445005e-03 7.354560386081697432e-03 7.187844827860216668e-03 7.276652802851644314e-03 7.335932756960725741e-03 7.344910327580913417e-03 7.338797197271105036e-03 7.190397405399494637e-03 7.325048529397523885e-03 7.359567092664510632e-03 7.142973537772763330e-03 7.187087313543252115e-03 7.333203364205519853e-03 7.344587464492884771e-03 7.361495065673693931e-03 7.336314996810525645e-03 7.333966799651902777e-03 7.352717008300162574e-03 7.333696627320421095e-03 7.346079703643494316e-03 7.307270045744365151e-03 7.185979700415134203e-03 7.317816478507502276e-03 7.357362374204129592e-03 7.358258855806484172e-03 7.343448755368766484e-03 7.338780994472578548e-03 7.357362197049194773e-03 7.400801113669127317e-03 7.398792117631468324e-03 7.345001136340527717e-03 7.346161452423952826e-03 7.349667934915242277e-03 7.403908360352761363e-03 7.332855633969142042e-03 7.393419110019311402e-03 7.387651605950978050e-03 7.369934220091195996e-03 7.383367308854019671e-03 7.335203122063110696e-03 7.351118373278049331e-03 7.369837190249370687e-03 7.331473190749034433e-03 7.335953192124993957e-03 7.333739398902298923e-03 7.362804670283696305e-03 7.341548158438930202e-03 7.352044731106871511e-03 7.335658354672766092e-03 7.349118758508545006e-03 7.336731379665116168e-03 7.352789509742439431e-03 7.334797139907891367e-03 7.340500466776584201e-03 7.369563131924294387e-03 7.338035982356830127e-03 7.355632776024304681e-03 7.345385230133926954e-03 7.332385428307140914e-03 7.336268653608483264e-03 7.346527142349772860e-03 7.339213645330282081e-03 7.339881534468349275e-03 7.335318083887316758e-03 7.367991016557898232e-03 7.346868199757654316e-03 7.353921897316491318e-03 7.339775816148671854e-03 7.346307605094810900e-03 7.347043971359819119e-03 7.352867988301904634e-03 7.336905284870936204e-03 7.343419690529083034e-03 7.349643554554055776e-03 7.354482716821959289e-03 7.351276419461684475e-03 7.347750271254341152e-03 7.355301222420691960e-03 7.349311330521267338e-03 7.345342437122813137e-03 7.342701714973226546e-03 7.349149311885816785e-03 7.363722546750929750e-03 7.337908153445586723e-03 7.348870202408012628e-03 7.346725629104879432e-03 7.347616191320691451e-03 7.349377089905687749e-03 7.361391321521224690e-03 7.355955559187696974e-03 7.363746743428703154e-03 7.365761870702519816e-03 7.387494225877973969e-03 7.361668104402039996e-03 7.348385094755978050e-03 7.344530808994501753e-03 7.351440000634184430e-03 7.350419264871707430e-03 7.213856931381426238e-03 7.341215925412426270e-03 7.359621270594115042e-03 7.357981858136192731e-03 7.354624617229462563e-03 7.361042883234508900e-03
7.339839905130402832e-03 0.000000000000000000e+00 7.341805904315225860e-03 7.343229518199080597e-03 7.325314211956443153e-03 7.337615986336833845e-03 7.337382792040936241e-03 7.225416582345266757e-03 7.315974881097465216e-03 7.305272922488130830e-03 7.327650994605902635e-03 7.089989471546495961e-03 7.369354259459478911e-03 7.118583120037956513e-03 7.334541769142077262e-03 7.323603781770052050e-03 7.319612354418406595e-03 7.320401881375960748e-03 7.332900019220663958e-03 7.341965189428895089e-03 7.339216603522516653e-03 7.321241654101113584e-03 7.324658842945636419e-03 7.183799283688971013e-03 7.250703131415531938e-03 7.338048224694851927e-03 7.327476280285548545e-03 7.213639306878042064e-03 7.306418835706877252e-03 7.330255121405643282e-03 7.319455561437890855e-03 7.333549280117204576e-03 7.324921144464282413e-03 7.165538004260812999e-03 7.317775798774411519e-03 7.334901683719925736e-03 7.323570758103532807e-03 7.316706784280741123e-03 7.353785340744368321e-03 7.330244046203602225e-03 7.334785398209809661e-03 7.332780792327542665e-03 7.315239821702871834e-03 7.334885416504432695e-03 7.283974666375955635e-03 7.331143427778187907e-03 7.330793910054097563e-03 7.341883051418678779e-03 7.342772982068803030e-03 7.327805723756256918e-03 7.323153549135677683e-03 7.341922795415707116e-03 7.385623758966361127e-03 7.383418239094308687e-03 7.329525584751531847e-03 7.325563087861980925e-03 7.339559169943945909e-03 7.388780381282524824e-03 7.317402070897893220e-03 7.378214919922220123e-03 7.372931028675331309e-03 7.354701842581246041e-03 7.368009476167434492e-03 7.319492156763664041e-03 7.335797829482144233e-03 7.354446839148374646e-03 7.315785257112993219e-03 7.326752707636128258e-03 7.318093650934823745e-03 7.347376853531998632e-03 7.325970627786171363e-03 7.337083028281298630e-03 7.320061770620865833e-03 7.333629477792775325e-03 7.321120164064540137e-03 7.337404233888268623e-03 7.317170947354009920e-03 7.324907219767176972e-03 7.354184348773371016e-03 7.322465583290891505e-03 7.340331867667713138e-03 7.329380801489977608e-03 7.316772368103777527e-03 7.320625275817241318e-03 7.331378748371053002e-03 7.323573372825463966e-03 7.324317165995787755e-03 7.319721836348387634e-03 7.352593783772894825e-03 7.331330650745879543e-03 7.338417486108694821e-03 7.324197628611923104e-03 7.329914738792190493e-03 7.331534020874407032e-03 7.337470565116105403e-03 7.328522954725304531e-03 7.328086669851878107e-03 7.334369264386826105e-03 7.339025081497429354e-03 7.336024541993156969e-03 7.332154399975433431e-03 7.339994356746992049e-03 7.333766387634688480e-03 7.330042571472788517e-03 7.327080101874440012e-03 7.333620472423555900e-03 7.348333285214763561e-03 7.322293987074277900e-03 7.333438654578035287e-03 7.331985445323497760e-03 7.332128312683559856e-03 7.342153149801981284e-03 7.346804575088016452e-03 7.347151535971391950e-03 7.354720257991373411e-03 7.351493268903776593e-03 7.374168187075574171e-03 7.347067655468358938e-03 7.334243795489477080e-03 7.335783947189439963e-03 7.342210403772471243e-03 7.335840406195763379e-03 7.337800475226047107e-03 7.341767243314202898e-03 7.345198004660498381e-03 7.348263453872612948e-03 7.339939111643049158e-03 7.346192584354109024e-03
7.110853970359239454e-03 7.341805904315225860e-03 0.000000000000000000e+00 7.357634832998768103e-03 7.344212835779931510e-03 7.077703719110880511e-03 7.345801598435350646e-03 7.344681908571866653e-03 7.336830238112563435e-03 7.344939462082368878e-03 7.344196093279219302e-03 7.347279067835916534e-03 7.349209775873478089e-03 7.339894578960177995e-03 7.354681683714831344e-03 7.342705901392899276e-03 7.340032185422364769e-03 7.332809854477968445e-03 7.351084551117256782e-03 7.367530914161595987e-03 7.359697158180307508e-03 7.355728808196777477e-03 7.346120685071580447e-03 7.316584247346141941e-03 7.154197946108544967e-03 7.350121808210352201e-03 7.342529154578875290e-03 7.348088252276102801e-03 7.336554070121220801e-03 7.349806252747561122e-03 7.341841545678019255e-03 7.350558756847564747e-03 6.865374411742304790e-03 7.361823551481757807e-03 7.332588911005655588e-03 7.349650552151237165e-03 7.336551480824184471e-03 7.347407283297358906e-03 7.374164150255568297e-03 7.350773973631434706e-03 7.069294652730418599e-03 7.360013711910423292e-03 7.336549436444820757e-03 7.355090558542757076e-03 7.388825168682930378e-03 7.346043007324673003e-03 7.340793912877710894e-03 7.360770653190201566e-03 7.361645030525026945e-03 7.346920256012910364e-03 7.342248606151260265e-03 7.360937290881193820e-03 7.404146329164341088e-03 7.402722691854833441e-03 7.348555747170393802e-03 7.349612611766753734e-03 7.358357580990301273e-03 7.407234847444857731e-03 7.336499375761881478e-03 7.396637844366547344e-03 7.385517463463027801e-03 7.373463926023206272e-03 7.386736276367409509e-03 7.338728023441869197e-03 7.354924759012940703e-03 7.373454188058586704e-03 7.335061474032436926e-03 7.345590670953863581e-03 7.337190593962095164e-03 7.366204155478414325e-03 7.344969479753132857e-03 7.349250762337045800e-03 7.338511866445030993e-03 7.352544650819799882e-03 7.340018148072161540e-03 7.356333779839990816e-03 7.338005983873703737e-03 7.343905638218502750e-03 7.372959007842947755e-03 7.341481891414445259e-03 7.359229115699451873e-03 7.349029724116004983e-03 7.335847099964820650e-03 7.339716902877803373e-03 7.350350322072336101e-03 7.342682678621482474e-03 7.343325037629719158e-03 7.338760664008484209e-03 7.371368259765452742e-03 7.350176522848827533e-03 7.357335593809454302e-03 7.343228939009104235e-03 7.348470690257536200e-03 7.350500545863734685e-03 7.356389116640232699e-03 7.347377341566736254e-03 7.347076673397821139e-03 7.353306020510406299e-03 7.358045695969036432e-03 7.354944238334462821e-03 7.351108947842153150e-03 7.358863186157109035e-03 7.352704441984016931e-03 7.349014936171842372e-03 7.346078246148979481e-03 7.352569222688143738e-03 7.367134340971440327e-03 7.341347083001184722e-03 7.352431046252017391e-03 7.350942210656031747e-03 7.351087367921141542e-03 7.360903849922339343e-03 7.365625526474436739e-03 7.365854096210720618e-03 7.373390412675887018e-03 7.370368899574247963e-03 7.392771860520680124e-03 7.367083608317488361e-03 7.353210619487406466e-03 7.354597504599485504e-03 7.360972564557233776e-03 7.354809270343919472e-03 7.353068501521372972e-03 7.360396475840676710e-03 7.364034612307437597e-03 7.367022236524236808e-03 7.358824792834448188e-03 7.365079884714303624e-03
7.210041539529606254e-03 7.343229518199080597e-03 7.357634832998768103e-03 0.000000000000000000e+00 7.146191579769982545e-03 7.324717863498132059e-03 6.980946551020290186e-03 7.378717046457827951e-03 7.191919478488029323e-03 7.342157453875084415e-03 7.341372609743154060e-03 7.347587621392835666e-03 7.386907107227705729e-03 7.342633284476914567e-03 7.215554907160793424e-03 7.164851202827780471e-03 7.338683173952437015e-03 7.338709443742189378e-03 7.349817762229661142e-03 7.352366183912557862e-03 7.341562278948368138e-03 7.354485240260025432e-03 7.341161474836320998e-03 7.364730385903570271e-03 7.337470952395093796e-03 7.357488370675231530e-03 7.340232016741755038e-03 7.352591147306524952e-03 7.338389229498285676e-03 7.344738439203793955e-03 7.336146818295411452e-03 7.350702646941087263e-03 7.353260242681600861e-03 7.362120146945755686e-03 7.109778398422313996e-03 7.338309841427196473e-03 7.328714011948927153e-03 7.347102088418897524e-03 7.327479776628490274e-03 7.346726459432836864e-03 7.357196567683887620e-03 7.346270898310605819e-03 7.334031138554773094e-03 7.353129098637270142e-03 7.293883120564407553e-03 7.340216654949495781e-03 7.347814525744469048e-03 7.359745038440073175e-03 7.360626476953257592e-03 7.345834412185480063e-03 7.341168204147269748e-03 7.359771373448324543e-03 7.403137970643471587e-03 7.401743218655161376e-03 7.347531422534975785e-03 7.348539359084526289e-03 7.357341853979530201e-03 7.406246380600186793e-03 7.335458660246266943e-03 7.395756507922758398e-03 7.387621924220890389e-03 7.372452121344593920e-03 7.385719405957285807e-03 7.337451063730569475e-03 7.353730486380979058e-03 7.372175954042523710e-03 7.333838141691658048e-03 7.344556893695326424e-03 7.336152416836625410e-03 7.365177042652695273e-03 7.343940163806294240e-03 7.355114343122032793e-03 7.338092855201341219e-03 7.351529691566520072e-03 7.339131788780244720e-03 7.355360734378721052e-03 7.335022288421644276e-03 7.342890397201826472e-03 7.371933351308090909e-03 7.340465384296099294e-03 7.358187825186718843e-03 7.348112284410921423e-03 7.334821748131231493e-03 7.338683585944520693e-03 7.349314975900788152e-03 7.341644428589650349e-03 7.342306069770915440e-03 7.337734177837291170e-03 7.370355281919396991e-03 7.349275097214558183e-03 7.356300794707357725e-03 7.342170891198233559e-03 7.348638532144165757e-03 7.349139411168330478e-03 7.355245985526056435e-03 7.345793434201808823e-03 7.346010349790849103e-03 7.351926199882661585e-03 7.356832105442311781e-03 7.353882758243888637e-03 7.350130027978359938e-03 7.357847804925341482e-03 7.351394959885978672e-03 7.347635417125227518e-03 7.345079655171036365e-03 7.351527888803654869e-03 7.366080056728198204e-03 7.340288269278802749e-03 7.351012480379920389e-03 7.341623094535400587e-03 7.350042307258415966e-03 7.359418657059548646e-03 7.364541007805399178e-03 7.364444212964634147e-03 7.372350156779826705e-03 7.369167249994856665e-03 7.391400655220074604e-03 7.365718043986680882e-03 7.351792523488336235e-03 7.353504052404755305e-03 7.359898661413535187e-03 7.353750182354166533e-03 7.352384142336907021e-03 7.348413938433984854e-03 7.362635218498519811e-03 7.365570329284032436e-03 7.357748028423587161e-03 7.364013409297842129e-03
7.327026201914141161e-03 7.325314211956443153e-03 7.344212835779931510e-03 7.146191579769982545e-03 0.000000000000000000e+00 7.347036263822017549e-03 7.330104760623802271e-03 7.364540101048263655e-03 7.309140958860291942e-03 7.323647102486068212e-03 7.322813430093689027e-03 7.329410319985065966e-03 7.369559649953980746e-03 7.325740608223224246e-03 7.327774866900470252e-03 7.309392807267138178e-03 7.308815666587396148e-03 7.321786610337059804e-03 7.327664940589564795e-03 7.201114102495607266e-03 7.195632463021102779e-03 7.333918182924340640e-03 7.326407874861415141e-03 7.346537420445687153e-03 7.361735029724605917e-03 7.339132161483760339e-03 7.328261829441640347e-03 7.337305862022318673e-03 7.317764612655167956e-03 7.326103425485667141e-03 7.319045690021138036e-03 7.332897033341497645e-03 7.335425703937529379e-03 7.341961182286356295e-03 7.309726900450012194e-03 7.111886411697303408e-03 7.159296620758157439e-03 7.326262620548576118e-03 7.355886103732620432e-03 7.332142791045378333e-03 7.336059122553061258e-03 7.181032187646842029e-03 7.315477786171646797e-03 7.332534445045887223e-03 7.369432099813829490e-03 7.329142550569776697e-03 7.319850491570099003e-03 7.341334060621805893e-03 7.342095802680369092e-03 7.327473696928997297e-03 7.322783449763517472e-03 7.341253947854221168e-03 7.385200162221688090e-03 7.383538157019639732e-03 7.329115671529539203e-03 7.330036932382758517e-03 7.339238064079897303e-03 7.388362986368943869e-03 7.316941733862311614e-03 7.377769573802732059e-03 7.372678808228490775e-03 7.354237754616014221e-03 7.367645315750083121e-03 7.315521745252523064e-03 7.335291858089159484e-03 7.352677113091671615e-03 7.313277766763134728e-03 7.326420944157985456e-03 7.317637001462446583e-03 7.346794574234103217e-03 7.325327684829062783e-03 7.336779735960907538e-03 7.319585200223212122e-03 7.333157457882714253e-03 7.320652924651448699e-03 7.337017309645648029e-03 7.318928198279905234e-03 7.324451691129645753e-03 7.353739882841815907e-03 7.322011769130042438e-03 7.339616563372691575e-03 7.329586074280123632e-03 7.316316083804982710e-03 7.320180892504414040e-03 7.330922263362212379e-03 7.323175288278234094e-03 7.323862389480951390e-03 7.319255520451890124e-03 7.352152344511699369e-03 7.330870969938264869e-03 7.337941245023630460e-03 7.323128212420666056e-03 7.330044380997952774e-03 7.322219437428854026e-03 7.335273334726120746e-03 7.318931330089054055e-03 7.326939582698245752e-03 7.324618099945167347e-03 7.337442895108231035e-03 7.335016129078555762e-03 7.331447842671460005e-03 7.338508361278327230e-03 7.323958099239956734e-03 7.320786042469755277e-03 7.325933773533990084e-03 7.332704678707639354e-03 7.346898613673841921e-03 7.321286754123267938e-03 7.324489502758529252e-03 7.110455601674027341e-03 7.331302111052733460e-03 7.333018967984847834e-03 7.346062709226197293e-03 7.346536815418756687e-03 7.354148035492782780e-03 7.350730304105462798e-03 7.373453593311374288e-03 7.347613290319083244e-03 7.333786220397204951e-03 7.334915984650264981e-03 7.341354174493112256e-03 7.335403935992967916e-03 7.333879576386182451e-03 7.340877431232452517e-03 7.344710156166262167e-03 7.347757827546693397e-03 7.339171308022866130e-03 7.345760306979106855e-03
7.342071661819656730e-03 7.337615986336833845e-03 7.077703719110880511e-03 7.324717863498132059e-03 7.347036263822017549e-03 0.000000000000000000e+00 6.984428492097026313e-03 7.376459749517011097e-03 7.193158694014648545e-03 7.340451656164166845e-03 7.348163174376096465e-03 7.340341109502357062e-03 7.384410754787217208e-03 7.149962053322810734e-03 7.355504782804916930e-03 7.342565368898015116e-03 7.342930094211451257e-03 7.149422270459460278e-03 7.348477253377443986e-03 7.368681525175039930e-03 7.364324637230439639e-03 7.357443949020860997e-03 7.344698043834689549e-03 7.365131323839718518e-03 7.225809113573606821e-03 7.362082620385569133e-03 7.339388870427824077e-03 7.237236388561865165e-03 7.342023223218203942e-03 7.353260396661542506e-03 7.346765514414309653e-03 7.358208046336451799e-03 7.330730654592718283e-03 7.366745667796251520e-03 7.339287568280396593e-03 7.354160876088520517e-03 7.345638332284355233e-03 7.352125437167120366e-03 7.335273605228532882e-03 7.350496906920328533e-03 7.341344403908779334e-03 7.356417965740517581e-03 7.340407826047562131e-03 7.358733821129513457e-03 7.392728556463139776e-03 7.353512332270148444e-03 7.353410491291914597e-03 7.363855972079468883e-03 7.364681738327247089e-03 7.350716759121325890e-03 7.345518846232620101e-03 7.364643888134634123e-03 7.407757525943366173e-03 7.405539586315714774e-03 7.351764718404104650e-03 7.353480743249307498e-03 7.361857264566077676e-03 7.410094508377904760e-03 7.340368814172021361e-03 7.399624188753369317e-03 7.289308847815683529e-03 7.377010400917527293e-03 7.390386932941987209e-03 7.342454909170104647e-03 7.358684671842914519e-03 7.377175435990531577e-03 7.338903694837231075e-03 7.349289646208565126e-03 7.341057214008924955e-03 7.369538303606417914e-03 7.348270181101537908e-03 7.358794276564190051e-03 7.342893855935806249e-03 7.355726723354280051e-03 7.343049436396496127e-03 7.360210196320884739e-03 7.342248077661584632e-03 7.347067996440818406e-03 7.376744310405298002e-03 7.344566889733579636e-03 7.362956158264103573e-03 7.352178792876164909e-03 7.338965388267028149e-03 7.343538298200023851e-03 7.354147596377210751e-03 7.346514944053332205e-03 7.346244718473361572e-03 7.341458053747339403e-03 7.375033230934767425e-03 7.354046711957352815e-03 7.361179270923431939e-03 7.347125795107787259e-03 7.352513773476554264e-03 7.354379366866974597e-03 7.360253186178816048e-03 7.351388807392163043e-03 7.350966322067687200e-03 7.357183845956044577e-03 7.361903065998679115e-03 7.358817518297264618e-03 7.354986975247107886e-03 7.362723063875834147e-03 7.356580426887387135e-03 7.352883510755618517e-03 7.349963455790828847e-03 7.356446971262958073e-03 7.370975435392053236e-03 7.345228338157579716e-03 7.356224097930796901e-03 7.354788722715133523e-03 7.354968327643003796e-03 7.364729479705739955e-03 7.369453886895970494e-03 7.369789214494246871e-03 7.377309970320385969e-03 7.374236141236029975e-03 7.396397964151503295e-03 7.369728404249529553e-03 7.357032281153628485e-03 7.358565729407266429e-03 7.364919440264275710e-03 7.358619490940301704e-03 7.360239888229100705e-03 7.364409105525724156e-03 7.367875054357888275e-03 7.370286771936043931e-03 7.362689591174765777e-03 7.368885189411729722e-03
7.344688327385663108e-03 7.337382792040936241e-03 7.345801598435350646e-03 6.980946551020290186e-03 7.330104760623802271e-03 6.984428492097026313e-03 0.000000000000000000e+00 7.352227075043350248e-03 7.321860552655505908e-03 7.338863304977349088e-03 7.341711235147737116e-03 7.341689982514852664e-03 7.382882266248627645e-03 7.333231612906560525e-03 7.313937665773972800e-03 7.328861737295170979e-03 7.335523689144553099e-03 7.325932229586764807e-03 7.346636412647159636e-03 7.361966941802746203e-03 7.354252689940918991e-03 7.350522412003418320e-03 7.342096200357322092e-03 7.360695041891449075e-03 7.067132125532020817e-03 7.353764416961525684e-03 7.310456586548503242e-03 7.343164422267992389e-03 7.332679023894574620e-03 7.344025528974055216e-03 7.337737410103848876e-03 7.347815778949141896e-03 7.348267769760623638e-03 7.357894392153121847e-03 7.321339889702331398e-03 7.348227993361966179e-03 7.337093777998801060e-03 7.342815907128894502e-03 6.871006146605456756e-03 7.313160545868651469e-03 7.351813577302815372e-03 7.354290166826124402e-03 7.330656739955387392e-03 7.349853657043242672e-03 7.384888840947451474e-03 7.344828278611477933e-03 7.344979105449066757e-03 7.355499029319085939e-03 7.356383307125926446e-03 7.341616236980722833e-03 7.336924686132665317e-03 7.355679441331682521e-03 7.398977616146640811e-03 7.397725029815750523e-03 7.343240044334235078e-03 7.344343492718834188e-03 7.352440307771383049e-03 7.402079165322051832e-03 7.331153174033215765e-03 7.391576013124664946e-03 7.378973296587425235e-03 7.368218283312781385e-03 7.381529320859968324e-03 7.333396888907568051e-03 7.349642336831934721e-03 7.368272587436907640e-03 7.329725116491301457e-03 7.339620743091667884e-03 7.331861732878129125e-03 7.360944559174085848e-03 7.339657706530096880e-03 7.350860973128723296e-03 7.333835755784803151e-03 7.347255333986213270e-03 7.334827149255219655e-03 7.351097479134600932e-03 7.332485533567903967e-03 7.338596317386722988e-03 7.367720434985319811e-03 7.336163501635298116e-03 7.353948096473199129e-03 7.343849356102949595e-03 7.330507691521138090e-03 7.334398018848035765e-03 7.345061583744762548e-03 7.337365669433416025e-03 7.338004416156984275e-03 7.333431913432830740e-03 7.366132160782986812e-03 7.345008399380905176e-03 7.352058551777910546e-03 7.337916218379193084e-03 7.342885316873512189e-03 7.345196005899523942e-03 7.351104099351821707e-03 7.342210533751839657e-03 7.341778507836813593e-03 7.348012263214320251e-03 7.352774751442123224e-03 7.349666792680794626e-03 7.345809331192262003e-03 7.353588706509907313e-03 7.347398537440842474e-03 7.343711909207907042e-03 7.340765137574031124e-03 7.347278844776681389e-03 7.361889785960932554e-03 7.336028825936639040e-03 7.347149346857055965e-03 7.345367402826805982e-03 7.345794969818192875e-03 7.355792993049900877e-03 7.360385775192582539e-03 7.360713047926238997e-03 7.368260302947953790e-03 7.365175364041995180e-03 7.387604434067184846e-03 7.361845830460343396e-03 7.347935336881513020e-03 7.349432905865886136e-03 7.355819987999710242e-03 7.349540161942100247e-03 7.351320669004145214e-03 7.355020375817145940e-03 7.358779520766988748e-03 7.361884656886423690e-03 7.353564346915686216e-03 7.359830558542869439e-03
7.372154167318908415e-03 7.225416582345266757e-03 7.344681908571866653e-03 7.378717046457827951e-03 7.364540101048263655e-03 7.376459749517011097e-03 7.352227075043350248e-03 0.000000000000000000e+00 7.359069713749950836e-03 7.354443947893159368e-03 7.368706522785825087e-03 7.356505279695475276e-03 7.371118312865351969e-03 7.211741131030162226e-03 7.258301512923568191e-03 7.364445696641975722e-03 7.358200538209130545e-03 7.361221071904122670e-03 7.364709637870480059e-03 7.377647190075945632e-03 7.274015156989353803e-03 7.376809249805240526e-03 7.362960853493084358e-03 7.342504835831343939e-03 7.390503936272937308e-03 7.342068512582338759e-03 7.348156272577269568e-03 7.373150315351432657e-03 7.352412475043178415e-03 7.367598726615479966e-03 7.360811627456154832e-03 7.223054930029690866e-03 7.050761642749030222e-03 7.213893319343792597e-03 7.358014899224663875e-03 7.373349522269266425e-03 7.363819680790169644e-03 7.039192523763209558e-03 7.143661556833009324e-03 7.339382616976959303e-03 7.374800617754541897e-03 7.371905467362768055e-03 7.247836655570717192e-03 7.376267577808069340e-03 7.350051151601066576e-03 7.371016562097430433e-03 7.362789457767616140e-03 7.382613582775805587e-03 7.383500425848715104e-03 7.364700895584027143e-03 7.360058471414261845e-03 7.378810683219714714e-03 7.425638454710845396e-03 7.423628430432506302e-03 7.370399239661909810e-03 7.362485283817579024e-03 7.377008010364688277e-03 7.428704843095664846e-03 7.358487741854229450e-03 7.418161760961837319e-03 7.412943506684132981e-03 7.395089926499106257e-03 7.408267664938915191e-03 7.360634788882188320e-03 7.376666047386384352e-03 7.394864892142389602e-03 7.356922002320619505e-03 7.362790727654077751e-03 7.359371275798604409e-03 7.387883656429886613e-03 7.367091805022459375e-03 7.373760093132947571e-03 7.360587310909819624e-03 7.374568674171224671e-03 7.362241216004973728e-03 7.378047489297304487e-03 7.231602290332424937e-03 7.365991431538301305e-03 7.394751056117906951e-03 7.363636304867390674e-03 7.381019382231341144e-03 7.370934554106427401e-03 7.358059840865772971e-03 7.361813923657109168e-03 7.372142084566373800e-03 7.364434098691894498e-03 7.365453170276558582e-03 7.360980235941772670e-03 7.393201697433108080e-03 7.372257888282685370e-03 7.379297979861131410e-03 7.365363347433371774e-03 7.371892709305262643e-03 7.372552490406684977e-03 7.377197757739576214e-03 7.369556874528788125e-03 7.369166953819766136e-03 7.375333427704056609e-03 7.379891420089905972e-03 7.376943261232844773e-03 7.373196362188321265e-03 7.380856571267628563e-03 7.374801159589080939e-03 7.371054413913015989e-03 7.368248938665548919e-03 7.374580582517023704e-03 7.388970302308417795e-03 7.363472162770420652e-03 7.374347307152482982e-03 7.372916637683539845e-03 7.373137238126849062e-03 7.382887177087494278e-03 7.387510909052952615e-03 7.387840578857171082e-03 7.395303398214702305e-03 7.392121790293324467e-03 7.414391041752512249e-03 7.388980442121953485e-03 7.375250764321016929e-03 7.376714450700944808e-03 7.383013099675574988e-03 7.376833449221060698e-03 7.378540590751381245e-03 7.382559125506327029e-03 7.385955284371486032e-03 7.388927338583589112e-03 7.380797136245712334e-03 7.386986793133144998e-03
7.324214417845222730e-03 7.315974881097465216e-03 7.336830238112563435e-03 7.191919478488029323e-03 7.309140958860291942e-03 7.193158694014648545e-03 7.321860552655505908e-03 7.359069713749950836e-03 0.000000000000000000e+00 7.318093293471042080e-03 7.202221894651070211e-03 7.318600993526757151e-03 7.370442508587820782e-03 7.156053298110099867e-03 7.332289864674298822e-03 7.174429369036018286e-03 7.311869896652236321e-03 7.314726307981120335e-03 7.331815851141159496e-03 7.246588358559932601e-03 7.332373843531000794e-03 7.327653365979092462e-03 7.323111528091031178e-03 7.345064041512297179e-03 7.355337712661058625e-03 7.339233844246413792e-03 7.327580213777370143e-03 7.250514592602357380e-03 7.317957303189149068e-03 7.328979902178061646e-03 7.318052349812873350e-03 7.332818240183405778e-03 7.334610776705699844e-03 7.341976574531925565e-03 7.311796388601847496e-03 7.165803809873715069e-03 7.318563563082538213e-03 7.328689146815416805e-03 7.354561326157922629e-03 7.330233779587115583e-03 7.338342533446790515e-03 7.324076073438018364e-03 7.317464783889569661e-03 7.327655675723348562e-03 7.310602588556650711e-03 7.324174964748911970e-03 7.320563047363194513e-03 7.340627747945430159e-03 7.341579522823262101e-03 7.327398487607924248e-03 7.322220652762534074e-03 7.341370810534908996e-03 7.385040025730876465e-03 7.382787810016996216e-03 7.328523755370268053e-03 7.330013033215015614e-03 7.339062891329174894e-03 7.387503374993061901e-03 7.316934878288284747e-03 7.376911373461685940e-03 7.296074274125459794e-03 7.353987687498371797e-03 7.367497846087701398e-03 7.318834099089389228e-03 7.335334893679286601e-03 7.352734129720270642e-03 7.313544519357791096e-03 7.326369835017373933e-03 7.317622089423165242e-03 7.346414397722903986e-03 7.325008096948372113e-03 7.336197321829827575e-03 7.319623147508749934e-03 7.332536132575272550e-03 7.319742462318287561e-03 7.337011153516819970e-03 7.318906595054778912e-03 7.323795834795729202e-03 7.353711118338545315e-03 7.321269636534142276e-03 7.339742685909239790e-03 7.328575732289009312e-03 7.315602884335616063e-03 7.320120891849068827e-03 7.330862616334241945e-03 7.323145750024078089e-03 7.322965621710171048e-03 7.318111640708200444e-03 7.351983501840876449e-03 7.330775029547888753e-03 7.337935684460802563e-03 7.323766003197003209e-03 7.330493025067033944e-03 7.331080883206082290e-03 7.337038108061804016e-03 7.327799297661767922e-03 7.327646695840169498e-03 7.333910896843967922e-03 7.338630567266364590e-03 7.335577425379134070e-03 7.331793263915992870e-03 7.339615882575027672e-03 7.333375847034927925e-03 7.329566286577727727e-03 7.326705861957627866e-03 7.333198189823151962e-03 7.347904688708438957e-03 7.321843750076263875e-03 7.332966734670278396e-03 7.330897404322413505e-03 7.331688822336597522e-03 7.334118411664217185e-03 7.346081596528900026e-03 7.346648065814875145e-03 7.354255123118339822e-03 7.350742611048534207e-03 7.373319939940993668e-03 7.346578424215629947e-03 7.333758167733065401e-03 7.335057162667560707e-03 7.341485594110930615e-03 7.335367364286483546e-03 7.336966511765307536e-03 7.341016640810564022e-03 7.344718777262062952e-03 7.347286589053154959e-03 7.339237731955969117e-03 7.345734582631192021e-03
7.342138558855219703e-03 7.305272922488130830e-03 7.344939462082368878e-03 7.342157453875084415e-03 7.323647102486068212e-03 7.340451656164166845e-03 7.338863304977349088e-03 7.354443947893159368e-03 7.318093293471042080e-03 0.000000000000000000e+00 7.326979492699384720e-03 7.092332732356447858e-03 7.364370355484356652e-03 7.118990120712227060e-03 7.201079869423283354e-03 7.322541879695728707e-03 7.127823734669100006e-03 7.323152252723134394e-03 7.333850788832589791e-03 7.347168592823216139e-03 7.341277833984229118e-03 7.324285693702796418e-03 7.326657063920423950e-03 7.347820426626486441e-03 7.248231045834985925e-03 7.341205551296278546e-03 7.329075718825105341e-03 7.323039609640908006e-03 7.320985828737356857e-03 7.324912626186350431e-03 7.322831456663530039e-03 7.337569089755779581e-03 7.336928965781874985e-03 7.345205477358909829e-03 7.319295852283400072e-03 7.328432591102767603e-03 7.316872815017374208e-03 7.330758735088262548e-03 7.354996251245995292e-03 7.333434145238784327e-03 7.340702065523029007e-03 7.196674305377302565e-03 7.155821888377525766e-03 7.335966744346168224e-03 7.283503560540120596e-03 7.332660667810768015e-03 7.332319157879190960e-03 7.343497794195211377e-03 7.344120284283116133e-03 7.329449024581709965e-03 7.324747134496469893e-03 7.343267532118467888e-03 7.387202410500631582e-03 7.385532394094191516e-03 7.331202517287001633e-03 7.332169105209720636e-03 7.338103309765356928e-03 7.390359417715202696e-03 7.319000320788087051e-03 7.379798699917380043e-03 7.374553774987105577e-03 7.356291946457361314e-03 7.369667620008206986e-03 7.317639428380928734e-03 7.337438104191635301e-03 7.356123172005719565e-03 7.317525576336286926e-03 7.328358437499944353e-03 7.319720741497942954e-03 7.348986505989277447e-03 7.327584344563674301e-03 7.338794542595213598e-03 7.321532192294702250e-03 7.335219177101810241e-03 7.322727757931835578e-03 7.339041950868134372e-03 7.318467414154566919e-03 7.326524371454555540e-03 7.355779283412466028e-03 7.324062454127642716e-03 7.341668363675030173e-03 7.331072319271785334e-03 7.318374173607984645e-03 7.322248178790327980e-03 7.332989909685276586e-03 7.325224760695489210e-03 7.325907061325393106e-03 7.321344302511015832e-03 7.354191882275673900e-03 7.332944335202177741e-03 7.340031118733420130e-03 7.325814466361806748e-03 7.331501177223487438e-03 7.333139844594960613e-03 7.339081497690261302e-03 7.330127676770261010e-03 7.329700451348140043e-03 7.335972539011636172e-03 7.340626829578766194e-03 7.337632279361075253e-03 7.333764446002911247e-03 7.341597115394643547e-03 7.335369157584796344e-03 7.331648922276523019e-03 7.328693370053916169e-03 7.335230678119215170e-03 7.349931294587964785e-03 7.323912719737373997e-03 7.335048988243563634e-03 7.333457580367995672e-03 7.333739357521146078e-03 7.343485284624868235e-03 7.348404753888823984e-03 7.348753789983066345e-03 7.356321878386021772e-03 7.353134212347337516e-03 7.375786403920493034e-03 7.349800912946737388e-03 7.335902092498914825e-03 7.337385307389055270e-03 7.343808738338715100e-03 7.337501191535315999e-03 7.339269738366621144e-03 7.343408335747239959e-03 7.346807220934704896e-03 7.349911589860411154e-03 7.341539729974706774e-03 7.347846149864119270e-03
7.226579623064798008e-03 7.327650994605902635e-03 7.344196093279219302e-03 7.341372609743154060e-03 7.322813430093689027e-03 7.348163174376096465e-03 7.341711235147737116e-03 7.368706522785825087e-03 7.202221894651070211e-03 7.326979492699384720e-03 0.000000000000000000e+00 7.318048337444478350e-03 7.374209469564673228e-03 7.326575898599806645e-03 7.338295991112017864e-03 7.320430052561638368e-03 7.324953837926199279e-03 7.325587336687417253e-03 7.333524755324702209e-03 7.212649133510443816e-03 7.246884187401787109e-03 7.101705101447538561e-03 7.331114912342668113e-03 7.350370333116289061e-03 7.281284199891077495e-03 7.343291901681726734e-03 7.329303798260198080e-03 7.328204791319481784e-03 7.320866694655332914e-03 7.306652686066093111e-03 7.324000380430426525e-03 7.335269991742595329e-03 7.339269125092729405e-03 7.345796424551454679e-03 7.317274729565694663e-03 7.331663611982824208e-03 7.328086001686330044e-03 7.330863490970209763e-03 7.360881810757212776e-03 7.335972162281589708e-03 7.342960758307693486e-03 7.223587633734573563e-03 7.319827311938386684e-03 7.057405142810582038e-03 7.287330648176635478e-03 7.332126031517787954e-03 7.334188375137827218e-03 7.345233385136436255e-03 7.346018794196280087e-03 7.331794411086190247e-03 7.326744102091896187e-03 7.345187065953551198e-03 7.389383456782160943e-03 7.387572005555884114e-03 7.333404664673242625e-03 7.334328927453151806e-03 7.343385931609101511e-03 7.392530242723472853e-03 7.321285544940670138e-03 7.381949884366712303e-03 7.374610371916583661e-03 7.358520502949659689e-03 7.371873242859330877e-03 7.320204039523747416e-03 7.339700169609153328e-03 7.356708827224047939e-03 7.317515486278364928e-03 7.330613266956846098e-03 7.321996685870837442e-03 7.351057248444170869e-03 7.329820822070640639e-03 7.340785464761906756e-03 7.323936345329891927e-03 7.337454559681105479e-03 7.324972553023462001e-03 7.341326370868643536e-03 7.323353275552137859e-03 7.328774801836383454e-03 7.358003059203634295e-03 7.326344910068242379e-03 7.343919593304277203e-03 7.320997096609765421e-03 7.320664821881545624e-03 7.324138466249264894e-03 7.335236203038418730e-03 7.327494192260055467e-03 7.328177635096189135e-03 7.323590117913222203e-03 7.356420628472387646e-03 7.335201730329480446e-03 7.342239422294716093e-03 7.328083575536710297e-03 7.333890710909145814e-03 7.335391107139449356e-03 7.340259206204151864e-03 7.332264253574628105e-03 7.331959736391167534e-03 7.338218305146794636e-03 7.342864225423315593e-03 7.339879363479177854e-03 7.335999379246762632e-03 7.343818966291981547e-03 7.337622433885973398e-03 7.333875844164556949e-03 7.330963744235529343e-03 7.337459117803710532e-03 7.352141384974133706e-03 7.326157285488099982e-03 7.337305056452498621e-03 7.335566014046539934e-03 7.335996078376917813e-03 7.345717885885191464e-03 7.350632602610682013e-03 7.350889378068416191e-03 7.358466017960215051e-03 7.355311551005160563e-03 7.377958700151753847e-03 7.352041212168291748e-03 7.338135666607910335e-03 7.339546186709145284e-03 7.345965622892274526e-03 7.339744328049959202e-03 7.339297399420930193e-03 7.345329826350483100e-03 7.349031925841202108e-03 7.352077931858512494e-03 7.343778938628660498e-03 7.350078780075822854e-03
7.343858050033561478e-03 7.089989471546495961e-03 7.347279067835916534e-03 7.347587621392835666e-03 7.329410319985065966e-03 7.340341109502357062e-03 7.341689982514852664e-03 7.356505279695475276e-03 7.318600993526757151e-03 7.092332732356447858e-03 7.318048337444478350e-03 0.000000000000000000e+00 7.375634449898906160e-03 7.065314106813783135e-03 7.335293676835662711e-03 7.327874296453370379e-03 7.317514022157358203e-03 7.324648193197434189e-03 7.337441435464702594e-03 7.338932933402339195e-03 7.346231493955163172e-03 7.049454012248332693e-03 7.332779184580823922e-03 7.343629236050737072e-03 7.197780300732505715e-03 7.344362723531474429e-03 7.331980552666321656e-03 7.155984143711508622e-03 7.323111336228477555e-03 7.333488035373113278e-03 7.328054650936211695e-03 7.340266747125690112e-03 7.339543326484855232e-03 7.341893947634334228e-03 7.322087397581888979e-03 7.338959460476903937e-03 7.327329445903306079e-03 7.333259482409034552e-03 7.360989366665180930e-03 7.334903025334632218e-03 7.343370857664638200e-03 7.330386088164775327e-03 7.315491169226084889e-03 7.323200301351735428e-03 7.373457641330672524e-03 7.335701857755010276e-03 7.335609178230538714e-03 7.345733474724423090e-03 7.346613330594541427e-03 7.332144772202751903e-03 7.327096010459041575e-03 7.345885024131634106e-03 7.389740563073991624e-03 7.387363458644049911e-03 7.333798707401399490e-03 7.334707726578109516e-03 7.343762758365856430e-03 7.392893551770257296e-03 7.321640139937807788e-03 7.382345868609968033e-03 7.376699742168407042e-03 7.358878153520716225e-03 7.372230249062743102e-03 7.323613673364708261e-03 7.340205174852327749e-03 7.358760579441027926e-03 7.320020132832268621e-03 7.331060441759034221e-03 7.322341614960045132e-03 7.351549712455864895e-03 7.330184142202686264e-03 7.341148528671239196e-03 7.324352592841851251e-03 7.337842461066930097e-03 7.325341748178166960e-03 7.341682597805144345e-03 7.323500181163385657e-03 7.329132931939478200e-03 7.358365542348544071e-03 7.326700581532916666e-03 7.344532710851699522e-03 7.320495434918311214e-03 7.321018438516442225e-03 7.324488283283319204e-03 7.335588757550481204e-03 7.327851347346628699e-03 7.328539417857150157e-03 7.323950133144493772e-03 7.356770073335793490e-03 7.335547643091395661e-03 7.342630073723376526e-03 7.328429181785813852e-03 7.333925068727826201e-03 7.335751375666535803e-03 7.341700090724039875e-03 7.332763112011800831e-03 7.332310402745891194e-03 7.338581335776826753e-03 7.343357268494415946e-03 7.340234448297898971e-03 7.336368068969459713e-03 7.344189314570737613e-03 7.337974520222136782e-03 7.334263945070242270e-03 7.331301492846214497e-03 7.337832794848324174e-03 7.352516511840244580e-03 7.326531865785358179e-03 7.337715118687547500e-03 7.336198814146051295e-03 7.336342671719188122e-03 7.346341824054894790e-03 7.350994364643651663e-03 7.351340924876098061e-03 7.358893109411126024e-03 7.355799411278883017e-03 7.378296462341161349e-03 7.350943358735056825e-03 7.338449934361723770e-03 7.339995021074591057e-03 7.346408877146806161e-03 7.340043927914313183e-03 7.342003307795193570e-03 7.345969772427013780e-03 7.349389140817477045e-03 7.352498482166979800e-03 7.344142674107027695e-03 7.350380210098462173e-03
