0.000000000000000000e+00 6.572579605246351570e-03 6.552712993230199075e-03 6.551476194079863813e-03 6.572862084581681565e-03 6.554692786516947908e-03 6.550630425731339065e-03 6.550606316524093878e-03 6.552908825651592752e-03 6.572863728681898644e-03 6.572854515233655590e-03 6.552844428709669704e-03 6.553468717908296839e-03 6.572496492386830681e-03 6.554174897558681309e-03 6.551401121288021392e-03 6.551595255587293852e-03 6.550520754581706795e-03 6.550785724630355661e-03 6.572499383947370301e-03 6.572537878789664126e-03 6.554039119950758746e-03 6.555577430397965463e-03 6.572708882139696382e-03 6.572565067082627478e-03 6.553967731831882373e-03 6.552893775404363720e-03 6.572799875223572265e-03 6.550658434697743948e-03 6.551439516984110083e-03 6.550626744124492425e-03 6.547446477427386856e-03 6.574074355326028213e-03 6.574027320541562559e-03 6.574003195399532630e-03 6.574152479604141765e-03 6.574011259580678397e-03 6.574076569860419147e-03 6.573986695498034577e-03 6.574231014704958430e-03 6.574017190605896226e-03 6.574202438781808107e-03 6.574070020318284815e-03 6.573977603370259951e-03 6.574098072649057350e-03 6.574094683965437183e-03 6.574109221849534258e-03 6.574018706680112047e-03 6.573912060252089240e-03 6.574202056009225380e-03 6.574065269941128942e-03 6.574043228552506682e-03 6.574138371464608409e-03 6.574049899463241080e-03 6.574235341549134783e-03 6.574018411838973563e-03 6.574039678994059166e-03 6.574125405651933159e-03 6.574150042351972582e-03 6.574204663225664651e-03 6.573867484089576316e-03 6.574236953151179307e-03 6.574013290920429319e-03 6.574015504812153778e-03 6.573999500149997448e-03 6.574019085345868783e-03 6.574072936620172294e-03 6.573997739529470474e-03 6.574081270346301617e-03 6.574150283285347396e-03 6.574234675161385114e-03 6.574079892228182863e-03 6.574042412588920054e-03 6.574115761708269542e-03 6.574068449521163100e-03 6.574084579870878749e-03 6.574084266468073305e-03 6.574026916350634436e-03 6.574140212020005737e-03 6.574045258246209722e-03 6.574141313089825259e-03 6.574119498992842502e-03 6.574034726748275576e-03 6.574033446489491173e-03 6.574185376074777841e-03 6.574150198805022750e-03 6.573987896619264831e-03 6.574017136933367998e-03 6.574111335963467653e-03 6.574118501326191820e-03 6.574132628252148114e-03 6.574071185267227682e-03 6.574143522300048871e-03 6.574046103244102560e-03 6.574113947311290528e-03 6.574107962108546518e-03 6.574180245941369481e-03 6.574034705433612867e-03 6.574228130930523037e-03 6.574191207920561907e-03 6.574023545823543500e-03 6.574161004606363275e-03 6.574075966992496030e-03 6.574238650983601703e-03 6.574128587277128233e-03 6.574188924596755836e-03 6.574135444332542162e-03 6.574014005112449079e-03 6.574149668637490479e-03 6.574178243709564648e-03 6.574151282392066628e-03 6.573983889100916411e-03 6.574207707077602512e-03 6.574009793521403550e-03 6.574161381862843670e-03 6.574206009005799552e-03 6.574077689379891065e-03 6.574187263882974933e-03 6.574139402733542373e-03 6.574044666329269780e-03 6.574172743779521134e-03 6.574089654225462841e-03 6.574105690846210326e-03 6.574149036412020586e-03 6.574123564955575670e-03 6.574354907413881149e-03 6.574051848886295485e-03 6.574243230600253750e-03
6.572579605246351570e-03 0.000000000000000000e+00 6.554470613235747513e-03 6.572733703376082079e-03 6.572700768548871142e-03 6.556675214045861420e-03 6.552382138456774516e-03 6.552343835859284968e-03 6.554592287036576509e-03 6.551672278760022582e-03 6.554129222059327207e-03 6.554666664339300376e-03 6.555398158514066063e-03 6.572427184918966034e-03 6.555862190721063049e-03 6.572611046818107455e-03 6.553518031017265509e-03 6.552086482827465010e-03 6.572750675893268037e-03 6.554378742696846324e-03 6.553258571887838474e-03 6.555884057299960453e-03 6.572532054238522381e-03 6.572493605137261913e-03 6.547483213910086468e-03 6.555796740493908398e-03 6.554736012640395050e-03 6.553262400118091240e-03 6.552323117340540584e-03 6.553207328242761226e-03 6.552384741296060633e-03 6.549008148984999944e-03 6.574150912695698491e-03 6.574104228220922080e-03 6.573973276740059137e-03 6.574229270426922185e-03 6.574087914361920540e-03 6.574155981765670426e-03 6.574156432458616063e-03 6.574307742706522739e-03 6.574094781368231347e-03 6.574279475594533087e-03 6.574181250189508122e-03 6.574056845183234160e-03 6.574175062758474443e-03 6.574171592984731811e-03 6.574186539231780847e-03 6.574133948997153663e-03 6.573991485392546852e-03 6.574278892482835271e-03 6.574145866710912230e-03 6.574120792395851329e-03 6.574215448830987574e-03 6.574127201549928579e-03 6.574312324446528362e-03 6.574095430006273930e-03 6.574116476527840265e-03 6.574204451246548099e-03 6.574227122536946064e-03 6.574281170532660437e-03 6.573948191130800020e-03 6.574313693048911694e-03 6.574090615038197770e-03 6.574174511117395273e-03 6.574078453297385431e-03 6.574095096721668287e-03 6.574149358639397311e-03 6.574077179565614333e-03 6.574157250237809384e-03 6.574226772279832820e-03 6.574246895157791377e-03 6.574156225987266497e-03 6.574118562062743892e-03 6.574191908037920959e-03 6.574179673617714867e-03 6.574160678237355067e-03 6.574197601612845852e-03 6.574103446476255684e-03 6.574216824432309661e-03 6.574122101397990650e-03 6.574217296039893375e-03 6.574122046283734609e-03 6.574110873534364831e-03 6.574109791877611082e-03 6.574261403864328779e-03 6.574226335601963608e-03 6.574065986101998264e-03 6.574093632178988449e-03 6.574187342560417965e-03 6.574194646832321430e-03 6.574208509620079431e-03 6.574149291073792291e-03 6.574150887867032458e-03 6.574122338784217645e-03 6.574190333904149711e-03 6.574184504230343520e-03 6.574256463435872687e-03 6.574114150731271040e-03 6.574304552393953928e-03 6.574267932462241060e-03 6.574103200654908032e-03 6.574237497881342193e-03 6.574241752733952192e-03 6.574315076587177419e-03 6.574205264204878094e-03 6.574265336617135351e-03 6.574211632390558266e-03 6.574092940269529901e-03 6.574152110922850539e-03 6.574254729758411547e-03 6.574227871073410646e-03 6.574064035733820539e-03 6.574284643329112755e-03 6.574092275995303131e-03 6.574237595923000319e-03 6.574282711028322027e-03 6.574156835478640534e-03 6.574264139791474205e-03 6.574215583227622887e-03 6.574121149605539373e-03 6.574249214940992847e-03 6.574168859550895763e-03 6.574118263607564051e-03 6.574225533018159505e-03 6.574203000224593599e-03 6.574431623057280620e-03 6.574131063618385284e-03 6.574319726538939597e-03
6.552712993230199075e-03 6.554470613235747513e-03 0.000000000000000000e+00 6.572725724532072107e-03 6.572622314715322565e-03 6.557969240398765429e-03 6.553830064475776353e-03 6.553684348759983291e-03 6.555937017468800240e-03 6.552954483103490962e-03 6.572791508510756643e-03 6.555988750137398818e-03 6.572719552778992155e-03 6.557038616079881831e-03 6.557277436822202786e-03 6.554504113813744079e-03 6.554633909494607044e-03 6.553720969634765567e-03 6.553951656293236470e-03 6.555732957790532528e-03 6.572642599872479015e-03 6.557147048307425050e-03 6.558808322908330456e-03 6.552871172237868108e-03 6.548846809075266513e-03 6.557113068005298272e-03 6.556085100296207661e-03 6.554640036099198749e-03 6.572551664957104398e-03 6.554474356387421548e-03 6.553723690755466728e-03 6.550404700048442080e-03 6.574180238472143722e-03 6.574133232060670393e-03 6.574004897050639978e-03 6.574258575070766539e-03 6.574116904819562665e-03 6.574187048369045314e-03 6.574099262063448981e-03 6.574336657254460994e-03 6.574123577735312141e-03 6.574308548519525001e-03 6.574179287840930218e-03 6.574087538498873257e-03 6.574203975148166894e-03 6.574200584838852356e-03 6.574215344107064464e-03 6.574127909592797706e-03 6.574022241368087521e-03 6.574307712884862841e-03 6.574176401472408421e-03 6.574149610796532761e-03 6.574244272407819313e-03 6.574156299204391568e-03 6.574341245320297969e-03 6.574124303451635114e-03 6.574145543606140993e-03 6.574235186565391062e-03 6.574255944844847530e-03 6.574309862646989834e-03 6.573980843948326255e-03 6.574342839550597825e-03 6.574119419083973050e-03 6.574205154765874227e-03 6.574110086291197474e-03 6.574125497463252123e-03 6.574179591821038664e-03 6.574167236610698600e-03 6.574187381706315426e-03 6.574256737377745345e-03 6.574340406033479106e-03 6.574186014744857337e-03 6.574148543331649781e-03 6.574221895553899152e-03 6.574178253641835799e-03 6.574190698217443653e-03 6.574194058461886592e-03 6.574133632479526451e-03 6.574246667468832545e-03 6.574151729730866311e-03 6.574247765458006952e-03 6.574224862405440503e-03 6.574140861225571779e-03 6.574139907620549575e-03 6.574291497192854931e-03 6.574256324965875933e-03 6.574098225046618935e-03 6.574123276417427435e-03 6.574217787946902425e-03 6.574224632312947701e-03 6.574238595565632011e-03 6.574181670235680446e-03 6.574249233799416350e-03 6.574152562176264515e-03 6.574220392413444164e-03 6.574214421165602493e-03 6.574286552901416857e-03 6.574198301970513546e-03 6.574334436299088258e-03 6.574297563332081283e-03 6.574191633661834004e-03 6.574267432339215601e-03 6.574188769943726737e-03 6.574345036593254137e-03 6.574234472499453606e-03 6.574295318521169475e-03 6.574242008762989573e-03 6.574124563463047688e-03 6.574185820215266984e-03 6.574284362851652921e-03 6.574257866689358319e-03 6.574095560037820224e-03 6.574314239496453424e-03 6.574126357974199343e-03 6.574267972472474034e-03 6.574312403777197132e-03 6.574188362999147141e-03 6.574294097345511484e-03 6.574245604038498302e-03 6.574151264140242097e-03 6.574279139452592416e-03 6.574200067021018605e-03 6.574216783641999295e-03 6.574255631832871816e-03 6.574286080657769024e-03 6.574461698629400185e-03 6.574162397990994909e-03 6.574349647178150645e-03
6.551476194079863813e-03 6.572733703376082079e-03 6.572725724532072107e-03 0.000000000000000000e+00 6.553147946491946936e-03 6.556626342095849339e-03 6.552428137923764322e-03 6.572638171156336938e-03 6.572713650531413453e-03 6.551545296542725036e-03 6.554098529536660570e-03 6.554693831618039514e-03 6.555587232234020081e-03 6.555703986207601225e-03 6.555868378808170881e-03 6.553269858917075072e-03 6.553383785298285899e-03 6.552523125980217779e-03 6.572761663603692711e-03 6.572710494252917077e-03 6.553139888373114147e-03 6.555792773262117921e-03 6.557522149441785859e-03 6.551429497205772320e-03 6.572951901756760029e-03 6.555863536783231894e-03 6.554545508509707595e-03 6.553156579978727456e-03 6.552444074302979718e-03 6.572739782183920250e-03 6.552313168638934128e-03 6.572858110750409710e-03 6.574001022537532060e-03 6.573957614688059198e-03 6.573820185562465751e-03 6.574141939007164918e-03 6.574002764353607114e-03 6.574138005494091497e-03 6.574008102467154661e-03 6.574220871447053818e-03 6.573942693663954555e-03 6.574192844000526122e-03 6.574002943985792109e-03 6.573909728320601921e-03 6.574025465070046544e-03 6.574020055937958990e-03 6.574100239935420746e-03 6.573944383306580888e-03 6.573905244775387138e-03 6.574191877581629824e-03 6.573998718015262865e-03 6.573973080967606200e-03 6.574069391672593757e-03 6.573957591229108270e-03 6.574165512671960310e-03 6.573944790715636165e-03 6.573955022655528745e-03 6.574057067883888952e-03 6.574078354801236694e-03 6.574041077737133656e-03 6.573938850333046688e-03 6.574167721786772396e-03 6.574003840412212182e-03 6.555978751222242031e-03 6.573995983700306987e-03 6.574012388251972844e-03 6.574066889995130482e-03 6.573994212979809675e-03 6.574074880152289656e-03 6.574143938445058816e-03 6.574164336250664861e-03 6.574073883647289611e-03 6.574035730306303921e-03 6.574109085173022136e-03 6.574064600260901003e-03 6.574077906219330698e-03 6.574080543386397885e-03 6.573952782336923636e-03 6.574134099611371809e-03 6.574038508229967590e-03 6.574134967550821287e-03 6.574039461347938422e-03 6.574027851800297480e-03 6.574027083243697174e-03 6.574178524857253111e-03 6.574143219964917982e-03 6.573983843125360584e-03 6.574010594928728600e-03 6.574104606778103342e-03 6.574111810173474853e-03 6.574125803712273924e-03 6.574067146756876028e-03 6.574068772322090581e-03 6.574039629030308148e-03 6.574107655570866730e-03 6.574101719857334929e-03 6.574174294622701573e-03 6.574032681540500737e-03 6.574222388820206292e-03 6.574185762361739460e-03 6.574021750050288576e-03 6.574155328573303043e-03 6.574159645726783234e-03 6.574232912210975326e-03 6.574123088657701265e-03 6.574183166722571449e-03 6.574129461391556642e-03 6.574011087163683653e-03 6.574069860542294634e-03 6.574172560335625644e-03 6.574145423342501668e-03 6.573981576227412582e-03 6.574202462286178432e-03 6.574010906412536097e-03 6.574155428829996616e-03 6.574200546685492544e-03 6.574075047574574025e-03 6.574181836092277131e-03 6.574133413023045686e-03 6.574038971626165739e-03 6.574167047434170859e-03 6.574086731820655977e-03 6.574035953577819780e-03 6.574143366616088356e-03 6.574121529498913076e-03 6.574349466947504265e-03 6.574048829753036116e-03 6.574237561756476542e-03
6.572862084581681565e-03 6.572700768548871142e-03 6.572622314715322565e-03 6.553147946491946936e-03 0.000000000000000000e+00 6.572722619166483302e-03 6.552478442479446781e-03 6.552557514910516655e-03 6.572581355133022031e-03 6.551483203349552781e-03 6.554064604683671261e-03 6.554815116645633551e-03 6.555475225809761358e-03 6.555628812259406413e-03 6.555916799244669753e-03 6.553140944756516775e-03 6.572725438567289871e-03 6.552493771423348323e-03 6.552610445869999287e-03 6.554580032181654865e-03 6.553312193969314074e-03 6.555910874383533322e-03 6.557487135022251057e-03 6.551543037684412832e-03 6.547775422306610291e-03 6.556066401756350560e-03 6.554726230599044502e-03 6.553100161045748856e-03 6.572565616790459683e-03 6.572642948243525435e-03 6.552454035084080697e-03 6.572748211794298030e-03 6.574140206618826233e-03 6.573977519183445313e-03 6.573961948396614408e-03 6.574089848806610042e-03 6.573954197195013699e-03 6.574211467177390467e-03 6.573936003177419975e-03 6.574293777004311737e-03 6.573958401944882297e-03 6.574265917357131374e-03 6.574135142379604682e-03 6.574045677629002972e-03 6.574161957923530669e-03 6.574038039682829869e-03 6.574052212522242360e-03 6.573960838285778686e-03 6.573979995632447774e-03 6.574266717448572390e-03 6.574092679918299743e-03 6.573990717600486887e-03 6.574087470249812340e-03 6.573965661824073166e-03 6.574297719157652480e-03 6.573962345198411557e-03 6.573967133632111458e-03 6.574234070808922942e-03 6.574216150407308050e-03 6.551658033408578989e-03 6.573955591143644701e-03 6.574187465621734311e-03 6.573956332466458601e-03 6.573968771169779422e-03 6.574073201554014520e-03 6.574089877091928574e-03 6.574143135813058890e-03 6.573943255336941321e-03 6.574152025316072796e-03 6.574220798302447995e-03 6.574240876376254844e-03 6.574151033984591483e-03 6.574113224400105621e-03 6.574186577150292060e-03 6.574140941107088978e-03 6.574155317991917449e-03 6.574157226845650515e-03 6.574096929862736916e-03 6.574210969682966338e-03 6.574115491254118281e-03 6.574211467154022007e-03 6.574116622901634427e-03 6.574105415465337707e-03 6.574103946140423364e-03 6.574255877213349038e-03 6.574220983462319805e-03 6.574060971686767132e-03 6.574088168309655776e-03 6.574181465535545998e-03 6.574188747636619187e-03 6.574202624921153364e-03 6.574143641330003167e-03 6.574144960662789416e-03 6.574116503802120322e-03 6.574184022051941280e-03 6.574177997980617041e-03 6.574252635061189447e-03 6.574110244552120938e-03 6.574300245676518127e-03 6.574263721934516837e-03 6.574098431911592870e-03 6.574233400027768362e-03 6.574151010483683666e-03 6.574311008603948500e-03 6.574200415869870320e-03 6.574261018403824118e-03 6.574207304446474422e-03 6.574089156334523426e-03 6.574186529550591837e-03 6.574250381801041536e-03 6.574223132962626719e-03 6.574146151765747001e-03 6.574279349028924399e-03 6.574088556129697482e-03 6.574233771808951458e-03 6.574277863747174377e-03 6.574153271225144021e-03 6.574259018931427438e-03 6.574211275778504143e-03 6.574116803118396947e-03 6.574244362937554931e-03 6.574209622225476134e-03 6.574188943270248275e-03 6.574221182224072521e-03 6.574199088513269819e-03 6.574427378818417482e-03 6.574126661909996880e-03 6.574315609198530877e-03
6.554692786516947908e-03 6.556675214045861420e-03 6.557969240398765429e-03 6.556626342095849339e-03 6.572722619166483302e-03 0.000000000000000000e+00 6.555946258846099065e-03 6.555801814519663512e-03 6.572639628870522409e-03 6.555033570023387039e-03 6.572703343511411209e-03 6.558100976757833336e-03 6.558893689966413532e-03 6.559128764596543204e-03 6.559405289755801741e-03 6.556715705774220602e-03 6.556832190277118999e-03 6.555895150285186157e-03 6.556135124426548319e-03 6.572523960803268797e-03 6.556601224513912245e-03 6.559215198977987049e-03 6.560953361263060710e-03 6.554878448886346590e-03 6.572744018801228959e-03 6.559220361585323469e-03 6.558142058057605042e-03 6.556628169861071498e-03 6.555853701789449844e-03 6.556677959310835968e-03 6.555861703353348287e-03 6.552620049390849369e-03 6.574124353001368354e-03 6.574081767914594608e-03 6.573953124302702247e-03 6.574198546619667780e-03 6.574127584681994582e-03 6.574193170129500642e-03 6.574113884085708640e-03 6.574283813134266727e-03 6.574134450719769374e-03 6.574251012966066295e-03 6.574130628815144130e-03 6.574038724370566932e-03 6.574149915874969233e-03 6.574144673007397723e-03 6.574160137185488563e-03 6.574140240740620166e-03 6.573972414403171476e-03 6.574254515322940431e-03 6.574130278987354130e-03 6.574097245002049131e-03 6.574253543255049841e-03 6.574080521193785553e-03 6.574289965502250720e-03 6.574133927651235575e-03 6.574078338823383973e-03 6.558988986786957673e-03 6.574265286931440556e-03 6.574319840278276122e-03 6.573934301994721792e-03 6.574350898353536164e-03 6.574064736617069547e-03 6.574087682713372974e-03 6.574127195683287204e-03 6.574139288581482173e-03 6.574192060241608980e-03 6.574126388291458463e-03 6.574202036954978484e-03 6.574270794253374989e-03 6.574354292268352884e-03 6.574200373555312213e-03 6.574162903396102431e-03 6.574236263004593593e-03 6.574194712506011874e-03 6.574205350373169346e-03 6.574210447017509416e-03 6.574147205367876154e-03 6.574260726109954454e-03 6.574100336557331739e-03 6.574261753172249909e-03 6.574239015496061850e-03 6.574155322220041377e-03 6.574153946653646212e-03 6.574305850963921630e-03 6.574270382868090644e-03 6.574114932662878177e-03 6.574137444016922051e-03 6.574232113845829631e-03 6.574238985824424307e-03 6.574252301917759937e-03 6.574199098150509610e-03 6.574262811568904082e-03 6.574166909195509022e-03 6.574234533200848905e-03 6.574228152683198219e-03 6.574121096295344573e-03 6.573990056314674320e-03 6.574278166632182251e-03 6.574178773175234740e-03 6.574140598821800324e-03 6.574099094920617288e-03 6.574035768793541623e-03 6.574179869277157508e-03 6.574045789878116622e-03 6.574238398568837266e-03 6.574069354713773204e-03 6.573940521744465679e-03 6.559604709314718202e-03 6.574229586201062528e-03 6.574100347644832448e-03 6.574104639251589048e-03 6.574315497120092333e-03 6.573972719827477114e-03 6.574098995102292675e-03 6.574135526867521881e-03 6.574009620377006292e-03 6.574295204622308646e-03 6.574063191375278253e-03 6.574094250836290919e-03 6.574217181925945917e-03 6.555177485563749504e-03 6.574062236769976329e-03 6.574200736313042318e-03 6.574081053782882510e-03 6.574357308983456299e-03 6.574169171409652464e-03 6.574189920468999013e-03
6.550630425731339065e-03 6.552382138456774516e-03 6.553830064475776353e-03 6.552428137923764322e-03 6.552478442479446781e-03 6.555946258846099065e-03 0.000000000000000000e+00 6.551545204245955850e-03 6.553887560822666512e-03 6.572881137832741784e-03 6.572944927557522812e-03 6.553876848128359356e-03 6.554455431713040146e-03 6.554955490617229465e-03 6.572708619845574196e-03 6.552194459058924454e-03 6.552489766685802401e-03 6.551381764265677872e-03 6.572774948175036727e-03 6.553807781281150921e-03 6.552491157147969682e-03 6.572786882274726968e-03 6.556616457876849637e-03 6.572796119889564963e-03 6.546609335934972657e-03 6.572690389012969363e-03 6.572667673265301068e-03 6.552459550864286539e-03 6.551514946145911220e-03 6.572557853400743007e-03 6.551366230962925308e-03 6.572686199273098349e-03 6.574122750882952122e-03 6.574076107784349032e-03 6.574051213687973592e-03 6.574200046323462956e-03 6.574059570819208026e-03 6.574126801208757774e-03 6.574127958935739764e-03 6.574279833700157234e-03 6.574065841794026442e-03 6.574250768703759733e-03 6.574120130643132734e-03 6.574077266975870450e-03 6.574147299034448048e-03 6.574143480271260435e-03 6.574157656037348321e-03 6.574067774788218237e-03 6.574013466286976123e-03 6.574251077182462384e-03 6.574115058884841614e-03 6.574092019790305809e-03 6.574187141211215030e-03 6.574097441487266116e-03 6.574284540374624938e-03 6.574066399603107486e-03 6.574087784171598475e-03 6.574176031215992616e-03 6.574199278094231859e-03 6.574166050038866491e-03 6.574057598790267708e-03 6.574285383001206295e-03 6.574061687937979119e-03 6.574128143294720970e-03 6.574098613628180827e-03 6.574067204880133103e-03 6.574120477415722544e-03 6.574046861342723765e-03 6.574129251314994593e-03 6.574198418104811037e-03 6.574283105243228405e-03 6.574128079009898713e-03 6.574090547731315480e-03 6.574164113565260023e-03 6.574117928252019502e-03 6.574132819620675909e-03 6.574133061283781235e-03 6.574075085854648448e-03 6.574188571805887268e-03 6.574093457754840580e-03 6.574189304183234404e-03 6.574167794102476169e-03 6.574082931979116466e-03 6.574081589856859385e-03 6.574233724983273575e-03 6.574198562550355104e-03 6.574089722136581410e-03 6.574065345705047518e-03 6.574159359618604419e-03 6.574166858735235909e-03 6.574180999933765777e-03 6.574170615217184328e-03 6.574191966503039990e-03 6.574094252070419170e-03 6.574162127624731677e-03 6.574156151849589597e-03 6.574151353748165609e-03 6.574009101161471143e-03 6.574197090048969523e-03 6.574154858033302851e-03 6.574068445646169025e-03 6.574130612148295673e-03 6.574139416615246319e-03 6.574209492179777098e-03 6.574171190042048252e-03 6.574155873155303198e-03 6.574177453761839360e-03 6.574058908197376490e-03 6.574046879268411608e-03 6.574150780646948952e-03 6.574125598414112641e-03 6.574028843430087914e-03 6.574179241734223224e-03 6.554513762680048983e-03 6.574131277971444025e-03 6.574171438058658973e-03 6.574100457904162760e-03 6.574159308148769081e-03 6.574101884011253685e-03 6.574087904605787139e-03 6.574136355385845273e-03 6.574057756545458563e-03 6.574150079661535140e-03 6.574120744088080351e-03 6.574167874040226164e-03 6.574396530520708673e-03 6.574075611200215843e-03 6.574216271643804586e-03
6.550606316524093878e-03 6.552343835859284968e-03 6.553684348759983291e-03 6.572638171156336938e-03 6.552557514910516655e-03 6.555801814519663512e-03 6.551545204245955850e-03 0.000000000000000000e+00 6.553719917813025618e-03 6.550578420412849108e-03 6.553289783931478228e-03 6.553668127831570323e-03 6.554639780857600059e-03 6.554898145408929663e-03 6.572780830378775578e-03 6.552503000662178965e-03 6.573048801711512019e-03 6.551448284078412350e-03 6.572837997507371618e-03 6.553663339319139129e-03 6.572551400344644849e-03 6.572483647017912829e-03 6.556657450523441927e-03 6.550509538905689537e-03 6.572669315075012689e-03 6.554851000703315438e-03 6.572594214903183969e-03 6.552290085519946704e-03 6.551512522279084351e-03 6.552338944634469170e-03 6.572502260117350434e-03 6.548206466962702005e-03 6.574115628933784559e-03 6.574068490933880106e-03 6.573934697879045379e-03 6.574193198119675056e-03 6.574051997385822396e-03 6.574118648383479174e-03 6.574121081164088082e-03 6.574271753497536522e-03 6.574058716336667746e-03 6.574243909200377760e-03 6.574112820078943133e-03 6.574068898361747591e-03 6.574139685371026103e-03 6.574135868130343702e-03 6.574150059319672397e-03 6.574060525103957338e-03 6.574006285657331417e-03 6.574243226050130451e-03 6.574185245083704818e-03 6.574084664835058538e-03 6.574179529531378255e-03 6.574090898498433089e-03 6.574276931417968352e-03 6.574059299071446580e-03 6.574080431321746923e-03 6.574168118713919796e-03 6.574191653588094299e-03 6.574159231413822559e-03 6.573910279582527785e-03 6.574277775312993392e-03 6.574054317936686709e-03 6.574197536969026041e-03 6.574041272983083273e-03 6.574059206341992256e-03 6.574113331635641176e-03 6.574039728868590754e-03 6.574121337059233433e-03 6.574190739442748940e-03 6.574209837878060465e-03 6.574120388839977715e-03 6.574082532504000286e-03 6.574156100886612702e-03 6.574110240802458899e-03 6.574124889565260629e-03 6.574126153329096396e-03 6.574067538718367069e-03 6.574181130825228377e-03 6.574085930060556693e-03 6.574181642312027472e-03 6.574085028380050391e-03 6.574075291298885591e-03 6.574073900584848605e-03 6.574225707982016276e-03 6.574190535218724964e-03 6.574081899947940670e-03 6.574058050592518701e-03 6.574151471616961930e-03 6.574158840706448986e-03 6.574172815390532526e-03 6.574162781649214686e-03 6.574113958004035828e-03 6.574086449397063651e-03 6.574154352574592373e-03 6.574148516449728613e-03 6.574221561095773894e-03 6.574078255269471052e-03 6.574269413521874501e-03 6.574232808199046048e-03 6.574066580043463719e-03 6.574202594296005113e-03 6.574206848267871717e-03 6.574279929879485625e-03 6.574169350062113344e-03 6.574230204673767869e-03 6.574175973868957509e-03 6.574055795424031852e-03 6.574113437281521241e-03 6.574219815280102179e-03 6.574192101776527714e-03 6.574116901338860827e-03 6.574249502518140706e-03 6.574053593655887311e-03 6.574202436994303934e-03 6.574247059540045714e-03 6.574120067549597130e-03 6.574228587582370449e-03 6.574179918287174906e-03 6.574086283165283574e-03 6.574213815508264842e-03 6.574132170926127311e-03 6.574158312579054739e-03 6.574190632070786924e-03 6.574167324931251728e-03 6.574396463467884442e-03 6.574148555782650949e-03 6.574284807734419832e-03
6.552908825651592752e-03 6.554592287036576509e-03 6.555937017468800240e-03 6.572713650531413453e-03 6.572581355133022031e-03 6.572639628870522409e-03 6.553887560822666512e-03 6.553719917813025618e-03 0.000000000000000000e+00 6.552904989161782018e-03 6.555638708484430761e-03 6.556159121527711277e-03 6.556802157758505507e-03 6.557152567316122151e-03 6.557194308641799314e-03 6.554645505426366127e-03 6.572710046537456018e-03 6.553823010399411654e-03 6.553769580139116521e-03 6.555950553330930179e-03 6.554722781624702267e-03 6.557261906174042913e-03 6.558917686913202580e-03 6.553053238099511117e-03 6.549012940263261237e-03 6.557410686927480671e-03 6.556071989729737523e-03 6.572640038195984823e-03 6.553564006440108433e-03 6.554366884261469441e-03 6.572746920415049703e-03 6.572633775505249895e-03 6.574042674703790660e-03 6.574002011730992710e-03 6.573985547820389817e-03 6.574237295040333447e-03 6.573977941712343467e-03 6.553092249705605096e-03 6.573962752472453305e-03 6.574201092099346382e-03 6.573984299089171562e-03 6.574165510105408304e-03 6.574158977268839722e-03 6.574067878311902653e-03 6.574183082654352049e-03 6.574180861766818276e-03 6.574076852751168168e-03 6.574108519870495125e-03 6.574002474873569951e-03 6.574172364865005919e-03 6.574228304100212562e-03 6.574016546116084013e-03 6.574113509136793841e-03 6.573991403037164789e-03 6.574209290957623575e-03 6.573987097516932783e-03 6.573990352689055953e-03 6.574140539494404030e-03 6.574121399671242760e-03 6.574289215182820001e-03 6.573979452290914550e-03 6.574213076842776692e-03 6.574099695082822811e-03 6.574184732601884816e-03 6.574096493215826446e-03 6.574110372832552354e-03 6.574164652811538730e-03 6.574094737375371644e-03 6.574172890095229815e-03 6.574242311403725829e-03 6.574265359293255881e-03 6.574171899450951401e-03 6.574134113507258854e-03 6.574207463361329655e-03 6.574163973375006520e-03 6.574175711474467693e-03 6.574180252980557290e-03 6.574119075661027586e-03 6.574232468567886047e-03 6.574137172382472742e-03 6.574232989466477668e-03 6.574140486436889051e-03 6.574126620850431410e-03 6.574125473506133716e-03 6.574276761828409810e-03 6.574241376423719217e-03 6.574083419246125326e-03 6.574109368601832940e-03 6.574202989276320061e-03 6.574209639525602743e-03 6.574224139295622819e-03 6.574166731967405301e-03 6.574169448308278020e-03 6.574138023742626992e-03 6.574205526290940148e-03 6.574200016673482569e-03 6.574273726167362622e-03 6.574133194939523091e-03 6.574321341696848925e-03 6.574284565495133043e-03 6.574121120789233261e-03 6.574254494450379807e-03 6.574173962392887600e-03 6.574332094996579619e-03 6.574221508602286906e-03 6.574282111189150637e-03 6.574228391345883320e-03 6.574112255188511826e-03 6.574283307760445810e-03 6.574271476815725379e-03 6.574244231431020970e-03 6.574166750660471494e-03 6.574300202013433694e-03 6.574114286875791177e-03 6.574254866430240783e-03 6.574298960302852983e-03 6.574176119171029967e-03 6.574279885555368332e-03 6.574232375175073466e-03 6.574137895164587284e-03 6.574265470274941528e-03 6.574230159332975984e-03 6.574212798838596251e-03 6.574242279782125525e-03 6.574222033441378364e-03 6.574448230264996404e-03 6.574149286405458863e-03 6.574336696997261191e-03
6.572863728681898644e-03 6.551672278760022582e-03 6.552954483103490962e-03 6.551545296542725036e-03 6.551483203349552781e-03 6.555033570023387039e-03 6.572881137832741784e-03 6.550578420412849108e-03 6.552904989161782018e-03 0.000000000000000000e+00 6.552207245805955448e-03 6.572708493657135158e-03 6.572905663110530441e-03 6.553946706487939061e-03 6.554081116994098233e-03 6.551577470618226949e-03 6.572885057489516285e-03 6.572848040156745175e-03 6.550714788706163763e-03 6.552884987255383487e-03 6.572646745127256468e-03 6.554002917102912454e-03 6.555741219431428235e-03 6.549573769011036647e-03 6.572947596555231420e-03 6.554033364104584931e-03 6.552820021397781115e-03 6.551381478738674789e-03 6.550683960307141819e-03 6.572606708332168028e-03 6.572776250426819698e-03 6.573005732472576336e-03 6.573922250071003240e-03 6.573881875799473043e-03 6.550720289223210813e-03 6.574110478643664830e-03 6.573859307709731432e-03 6.574035589402578601e-03 6.573945132549967839e-03 6.574083142556913853e-03 6.573976032297375316e-03 6.574160683608620999e-03 6.573926208441315325e-03 6.573830096242890518e-03 6.573949076462814317e-03 6.573944481499999562e-03 6.574067344444068164e-03 6.573865664681661190e-03 6.573870212075138587e-03 6.574053844511307081e-03 6.573998924741159683e-03 6.574001811481358995e-03 6.573993421727851623e-03 6.574008804217206826e-03 6.574090166805973863e-03 6.573866993716567624e-03 6.573872480182527990e-03 6.573979359508940606e-03 6.574000846019509639e-03 6.574075597249978177e-03 6.573969681800910687e-03 6.574092828739300405e-03 6.573971936047649615e-03 6.573868947248625964e-03 6.573962963555946871e-03 6.573982056072551899e-03 6.574036027056583652e-03 6.574024602197207391e-03 6.574043731774694560e-03 6.574113996720877193e-03 6.574130460395294882e-03 6.574042766292951395e-03 6.574004972039437268e-03 6.574078806823421134e-03 6.574032412163947556e-03 6.574046572946756935e-03 6.574048250772387969e-03 6.573990185909983630e-03 6.574103663043565776e-03 6.574007747994436122e-03 6.574104163896836960e-03 6.574005787547214028e-03 6.573997194064417141e-03 6.573996661545082956e-03 6.574147658490380949e-03 6.574112271457514464e-03 6.573950441848439193e-03 6.573979945221453819e-03 6.574074685450532335e-03 6.574081040429047111e-03 6.573983607241189013e-03 6.574033889627666633e-03 6.574034555896066459e-03 6.574009714536786959e-03 6.574077234628678684e-03 6.574071268572842693e-03 6.574145703918433947e-03 6.574057970701916755e-03 6.574193572082973752e-03 6.574156757407973416e-03 6.574050553471186102e-03 6.574126091791230447e-03 6.574040074964832697e-03 6.574204170930846025e-03 6.574092794948394568e-03 6.574153977623475344e-03 6.574099884758609173e-03 6.574053631875741675e-03 6.574035469164692981e-03 6.574143487004776958e-03 6.574116179751825044e-03 6.574039929028412631e-03 6.574172856741506386e-03 6.574066830239908878e-03 6.574127132492878570e-03 6.574170539258247271e-03 6.574043705183134877e-03 6.574152735740715521e-03 6.574103773327084205e-03 6.574009634927345525e-03 6.574137297923558082e-03 6.574055717355404768e-03 6.574079918521364904e-03 6.574114291266842068e-03 6.574145451025974370e-03 6.574320557249694122e-03 6.574017535468473956e-03 6.574208777218792585e-03
6.572854515233655590e-03 6.554129222059327207e-03 6.572791508510756643e-03 6.554098529536660570e-03 6.554064604683671261e-03 6.572703343511411209e-03 6.572944927557522812e-03 6.553289783931478228e-03 6.555638708484430761e-03 6.552207245805955448e-03 0.000000000000000000e+00 6.555582551072805346e-03 6.572935136150035058e-03 6.556541579349956829e-03 6.556776642114590936e-03 6.572917422476087269e-03 6.573028329221125912e-03 6.553255568799005309e-03 6.553582773824719217e-03 6.572692991430604051e-03 6.553938991827049781e-03 6.556647351531552648e-03 6.558446898055241177e-03 6.552124803276819509e-03 6.572956147054057757e-03 6.572669537311797219e-03 6.555594675389712564e-03 6.554067157303353729e-03 6.553280896108701001e-03 6.572826844437240981e-03 6.553416345587840738e-03 6.550043881313863219e-03 6.574121402169957537e-03 6.574074378532903003e-03 6.573944679873739740e-03 6.574200433573245544e-03 6.574057811012297588e-03 6.574129408942976441e-03 6.574040775254911227e-03 6.574277867454231608e-03 6.574065041785488728e-03 6.574250846050799096e-03 6.574121104945924825e-03 6.574029219944806622e-03 6.574146017608062040e-03 6.574141640288879568e-03 6.574156993106338755e-03 6.574068796583934851e-03 6.573964157495539029e-03 6.574249998721580154e-03 6.574190043585368542e-03 6.574091033026205691e-03 6.574185760624083434e-03 6.574097898818897882e-03 6.574283285324829078e-03 6.574065351101805212e-03 6.574086907691191126e-03 6.574216179280783709e-03 6.574195889945591738e-03 6.574168072535920004e-03 6.573922427014241947e-03 6.574283699943238128e-03 6.574061267386708228e-03 6.574071764715561615e-03 6.573978046169611823e-03 6.573841543274231564e-03 6.573894766220202135e-03 6.573978588338788565e-03 6.573870979849245032e-03 6.574071921333997717e-03 6.558821947483684661e-03 6.573998377815148259e-03 6.573868717989431870e-03 6.573943014285057139e-03 6.573965690746445475e-03 6.573865396682193087e-03 6.574119656904396994e-03 6.573908758652038595e-03 6.574129476031142193e-03 6.574010792604798557e-03 6.573951365593856157e-03 6.553431666562128596e-03 6.573856770766643536e-03 6.573951222784189287e-03 6.574014322041324583e-03 6.573970223475042451e-03 6.573808583329772935e-03 6.573938821557154429e-03 6.573915470075323772e-03 6.573943397512803551e-03 6.574049244137601840e-03 6.573897970232317652e-03 6.556089845675851582e-03 6.573926326878596141e-03 6.574007987859014843e-03 6.574035260957067361e-03 6.574163086299066906e-03 6.574077039798714890e-03 6.574272811659281381e-03 6.574167161508175442e-03 6.574064971166146756e-03 6.574143276279681598e-03 6.574067390291964824e-03 6.574282782611121610e-03 6.574172511554275157e-03 6.574232722076023272e-03 6.574114709999563308e-03 6.573992256931802079e-03 6.574102787720999611e-03 6.574162806265286020e-03 6.574136479743030413e-03 6.574051827253438521e-03 6.574252108693407620e-03 6.574198454965005621e-03 6.574143002523243941e-03 6.574251241392789144e-03 6.574182322403511469e-03 6.574170316208456828e-03 6.574116183107252959e-03 6.574022837207227701e-03 6.574149248136618509e-03 6.574116396470129804e-03 6.556859545069684651e-03 6.574133444239186469e-03 6.574164856164125235e-03 6.574342266026912684e-03 6.574036085593119513e-03 6.574228308761309592e-03
6.552844428709669704e-03 6.554666664339300376e-03 6.555988750137398818e-03 6.554693831618039514e-03 6.554815116645633551e-03 6.558100976757833336e-03 6.553876848128359356e-03 6.553668127831570323e-03 6.556159121527711277e-03 6.572708493657135158e-03 6.555582551072805346e-03 0.000000000000000000e+00 6.572848831306812509e-03 6.557194065488872702e-03 6.557434005916558048e-03 6.554735292686727187e-03 6.554840078554733176e-03 6.553663208402230739e-03 6.572908101265256299e-03 6.556104799538908269e-03 6.554508112518106500e-03 6.557069224559617000e-03 6.572708960346742256e-03 6.552748158508890641e-03 6.572837315749540874e-03 6.557168860498813201e-03 6.556005548075359568e-03 6.554553643084822662e-03 6.572795938116281905e-03 6.554671887737132698e-03 6.572601522561151433e-03 6.550543917463421892e-03 6.574168624805500766e-03 6.574121522148344138e-03 6.574096254507827766e-03 6.574246284206846161e-03 6.574104819336603657e-03 6.574176170565606062e-03 6.574173685545661901e-03 6.574325669955667119e-03 6.574111573170029338e-03 6.574296925524104711e-03 6.574198745920359181e-03 6.574075918959371677e-03 6.574192763116972794e-03 6.574188866924808756e-03 6.574203575565869956e-03 6.574151455414673287e-03 6.574011319819246003e-03 6.574296833813518537e-03 6.574165453445094710e-03 6.574137606809854831e-03 6.574232731449599840e-03 6.574143907498699625e-03 6.574330019856095692e-03 6.574112681941838947e-03 6.574133736192772776e-03 6.574223898166915540e-03 6.574244838712693835e-03 6.574216631016031008e-03 6.573969472373751045e-03 6.574330977250825159e-03 6.574107642901182852e-03 6.574120453332689233e-03 6.574098120210119210e-03 6.574112859202220667e-03 6.574166876122646865e-03 6.574155055415668511e-03 6.574174746846761855e-03 6.574244585352404489e-03 6.574267305588241302e-03 6.574173724660716846e-03 6.574136066801189969e-03 6.574209414609442394e-03 6.574197727417001140e-03 6.574178180279587232e-03 6.574215034933064694e-03 6.574121018795690309e-03 6.574234638386533720e-03 6.574139919199987504e-03 6.574235095998874102e-03 6.574142122051553593e-03 6.574128381085481143e-03 6.574127616222721210e-03 6.574278912123484621e-03 6.574243842361942800e-03 6.574086003328738145e-03 6.574111134513861525e-03 6.574205166727967002e-03 6.574212151495003459e-03 6.574226816234846928e-03 6.574169472552300608e-03 6.574171291690117554e-03 6.574140161234469371e-03 6.574208142439643202e-03 6.574202319102560692e-03 6.574105302310283803e-03 6.574178397758372212e-03 6.574153181508730903e-03 6.574106093609759401e-03 6.574174897770055682e-03 6.574246424730925513e-03 6.574251359274542114e-03 6.574163764390637647e-03 6.574037090606635499e-03 6.574275700457371877e-03 6.574220214917158266e-03 6.550203778072478077e-03 6.574011387540043723e-03 6.574105470615636965e-03 6.574085816252722876e-03 6.574075791759516861e-03 6.574134641251686006e-03 6.574105416774933368e-03 6.574084956696080867e-03 6.574292320249613963e-03 6.573998528529651636e-03 6.574113580156375550e-03 6.574225199265386690e-03 6.574130991336013356e-03 6.574258960539982113e-03 6.574011240635196929e-03 6.573978622738728059e-03 6.574235514345944630e-03 6.574264617859809992e-03 6.574289621318299415e-03 6.573978895277323049e-03 6.574172734208997074e-03
