0.000000000000000000e+00 1.072245254471531142e-02 9.819798692749506439e-03 1.144708206310796061e-02 1.002675502936185847e-02 1.143646032444623623e-02 1.053917044318687657e-02 1.028083647550064907e-02 1.143844523786053009e-02 1.024428166744786352e-02 9.085378722622626524e-03 1.104315246498437618e-02 1.182380855959809171e-02 1.023321900815942279e-02 1.137549995963142019e-02 9.672667627365582471e-03 9.940420287940839733e-03 1.025579595825647575e-02 1.288336736395345218e-02 1.013760754293010352e-02 9.502281752833225889e-03 1.024182658109120542e-02 1.056531697786880497e-02 9.954097451265039517e-03 9.240919100037124634e-03 1.019696509946865087e-02 9.924257625083605233e-03 1.142816539182860830e-02 1.145568293091896346e-02 1.019029998851717252e-02 1.142340929795967845e-02 1.149684069955320652e-02 1.162727501571989355e-02 1.291453824868637155e-02 1.023738192634728039e-02 1.137274484701534562e-02 9.545757113543346800e-03 9.084570029969657110e-03 1.188600727690450505e-02 1.059030597818158385e-02 1.140069274405779674e-02 1.083549214652601567e-02 9.251272915705039193e-03 1.070837022200146586e-02 9.929294051722284409e-03 1.106268788548044925e-02 1.050601836881055393e-02 1.141671660552237566e-02 9.334864369561633041e-03 1.027997218254644851e-02 9.929748288691569308e-03 1.019648534934111152e-02 1.285052370656648672e-02 9.987508237893944971e-03 1.214831970685367919e-02 1.018266150400531228e-02 9.255753578057990608e-03 9.546942210320166766e-03 9.248229508202140264e-03 9.979150824168029829e-03 9.533091263303882651e-03 9.711491300106732047e-03 9.244423814069591128e-03 9.079196861038238420e-03 9.975018035675412703e-03 1.137024882363496699e-02 1.185483146244377221e-02 1.212027685458748512e-02 9.704022186024348351e-03 9.548327376928084781e-03 1.296847096126614932e-02 1.144285248386288367e-02 1.057267335111500978e-02 1.090470587341007928e-02 1.292595521426119672e-02 1.023459797382433173e-02 1.098647344817787683e-02 9.916310661200321286e-03 1.206325517150519215e-02 1.024103655855811840e-02 1.055761863355277226e-02 9.382878577082351401e-03 1.057242068383346806e-02 1.022939340461237294e-02 1.061250403769576495e-02 8.997742373941465879e-03 8.888556578801434446e-03 9.387211795083219221e-03 1.150649699333309954e-02 9.966700629977160927e-03 1.021663027979498491e-02 9.703414283539253324e-03 1.153948113525227713e-02 1.422908874011988636e-02 1.023127028514683561e-02 1.147852253521989066e-02 1.297173986210582025e-02 9.524286980535029770e-03 1.410190629250582597e-02 1.103507568211369375e-02 9.749433883615562721e-03 1.101451174289795783e-02 9.565789771406884440e-03 9.942026486905893717e-03 1.399173508299366570e-02 9.506132629382933394e-03 9.763256702376614873e-03 1.090881157414083473e-02 1.210904693399124203e-02 9.881719779836182355e-03 1.059442453124074569e-02 1.025183871411393735e-02 1.025243729504841245e-02 9.771472372166434620e-03 9.965509578743467212e-03 9.346455588091216390e-03 9.522303315951261005e-03 1.064710095058706701e-02 9.933538212004719772e-03 1.095911180025170920e-02 9.535175900975811220e-03 9.243082009232307314e-03 1.023766778604068631e-02 9.104889473932703536e-03 1.153972019570924899e-02 9.364261734770038675e-03 9.765448749201250875e-03 1.025939143618017149e-02
1.072245254471531142e-02 0.000000000000000000e+00 1.033727053401291285e-02 1.174746564953999678e-02 1.036995178841927830e-02 1.172464354802761448e-02 1.087439171591252952e-02 1.079918587284426669e-02 1.173318722380892881e-02 1.038949867153312993e-02 9.335443169410099357e-03 1.133897064697064229e-02 1.236035537054258615e-02 1.057013124916402966e-02 1.165696663683002052e-02 1.003405347450427032e-02 1.028958088676389798e-02 1.058691098672716324e-02 1.313139311176263375e-02 1.049092344413172020e-02 9.868311661264282317e-03 1.058940478281590429e-02 1.088833743878074925e-02 1.031408841450317040e-02 9.480254920690940612e-03 1.054558237822093673e-02 1.027268384704389456e-02 1.171951782806595482e-02 1.149116468077046073e-02 1.051833335393107666e-02 1.171522994791824451e-02 1.177985197167751193e-02 1.190900987883233321e-02 1.316227287158907786e-02 1.058253073690540447e-02 1.166582738608314823e-02 9.914377917931635475e-03 9.342019495037384366e-03 1.242360227462665362e-02 1.091061215307378811e-02 1.168875164796983300e-02 1.114444531971628925e-02 9.630269487077548762e-03 1.121821027786938652e-02 1.027976299975301953e-02 1.136575486774382866e-02 1.081938586541097806e-02 1.170887975617060373e-02 9.716170405185048375e-03 1.061441830060567970e-02 1.027955149603837839e-02 1.053431680947505833e-02 1.309936888117187864e-02 1.033466010112980317e-02 1.240722610799824266e-02 1.052173198923064823e-02 9.769277101608972794e-03 9.906561623450337722e-03 9.625546407240680863e-03 1.032242564803711495e-02 9.913111487750446427e-03 1.007211360837716001e-02 9.629894480277536445e-03 9.473332698377074160e-03 1.032087040893306731e-02 1.165839828850828014e-02 1.238371727204391239e-02 1.238494900741735419e-02 1.006946946536456389e-02 9.920005977612226383e-03 1.321478603095047923e-02 1.173119560598858552e-02 1.090316534600549794e-02 1.121272104545544337e-02 1.317051617860513432e-02 1.057248501349490437e-02 1.129161583961639341e-02 1.026816155846372973e-02 1.233210670414313509e-02 1.057462813463749297e-02 1.088027978290922668e-02 9.889619742240018246e-03 1.089915181623874949e-02 1.057672197370969694e-02 1.093074707279931973e-02 9.388387081332246267e-03 9.285379299762541033e-03 9.763321967290591527e-03 1.179237614047469636e-02 1.031445140911513292e-02 1.054801392708344665e-02 1.006844996591906016e-02 1.181707210087848230e-02 1.445695621474891480e-02 1.055901996990939347e-02 1.150833263741682377e-02 1.321866126047212438e-02 9.895168157115172627e-03 1.432644601646436942e-02 1.134927902923614507e-02 1.011631686099870135e-02 1.109437626743159898e-02 9.920144674120230655e-03 1.028948372200648963e-02 1.421817802417969095e-02 9.873476544522032453e-03 1.010521457931250200e-02 1.120775155138893295e-02 1.238011991925330735e-02 1.023430846184191813e-02 1.092456979192682129e-02 1.058764934704479847e-02 1.059639119165147608e-02 1.012567490978925032e-02 1.031012885253925794e-02 9.729558475788305585e-03 9.883836538462430904e-03 1.096528198030956303e-02 1.028329729061741235e-02 1.125351958817637742e-02 9.913787463818473505e-03 9.478582493239937762e-03 1.058125052162902681e-02 9.613265524307676446e-03 1.182455348044039907e-02 9.742063316392405789e-03 1.011595201314105172e-02 1.058573590454804127e-02
9.819798692749506439e-03 1.033727053401291285e-02 0.000000000000000000e+00 1.089829094096400781e-02 9.337402595316141724e-03 1.087184751195062991e-02 9.756236691516121870e-03 9.673249817814201859e-03 1.088101322565065629e-02 9.588212525325852734e-03 8.300114257090708894e-03 1.045346729101494405e-02 1.156599366461937180e-02 9.569822596584960650e-03 1.081286999113688536e-02 8.946519987942514254e-03 9.247101241222886042e-03 9.594316072258668102e-03 1.239950664452318246e-02 9.479210553433679159e-03 8.757786072522789900e-03 9.588866648066116105e-03 9.938318818032584184e-03 9.276458651979983469e-03 8.475968651088778769e-03 9.542755120480413827e-03 9.227361845557249115e-03 1.086835591651598432e-02 1.090984943039977929e-02 9.523780398614187584e-03 1.086015586502932402e-02 1.093881389466815068e-02 1.107859660506106507e-02 1.242299223541556974e-02 9.583925017712201580e-03 1.080605194097943034e-02 8.807932198117769673e-03 8.300995966035054283e-03 1.164061201183920133e-02 9.955003429903724194e-03 1.083346439949351390e-02 1.022500638167307685e-02 8.482923377859726000e-03 1.032093937782128587e-02 9.230166955646962323e-03 1.044545746776425789e-02 9.866571481606854419e-03 1.085534420234547139e-02 8.577762391384826518e-03 9.603561139381157699e-03 9.094646456797294068e-03 9.529514892687449348e-03 1.236832533352781247e-02 9.262657080757458541e-03 1.160416585506389604e-02 9.512753835519385109e-03 8.643054530277125003e-03 8.801792661972710277e-03 8.480909633148627294e-03 9.292903582274549684e-03 8.686283687573435192e-03 8.863729487195617929e-03 8.477404522014325011e-03 8.298355997873128193e-03 9.281592613829593025e-03 1.079789060630213099e-02 1.159557665712233725e-02 1.159781755497870173e-02 8.993547402476653740e-03 8.820736987123226069e-03 1.248801083773265659e-02 1.088102831809234679e-02 9.951595623942448635e-03 1.029992296822302214e-02 1.244386149511038896e-02 9.574268019023245146e-03 1.038874281379132541e-02 9.080111029943995285e-03 1.154329273236520161e-02 9.579864676864235234e-03 9.928512203348663009e-03 8.789792005521450749e-03 9.938832271811767413e-03 9.578657039830835648e-03 9.958366999382009185e-03 8.199887105625846065e-03 8.081615788361879577e-03 8.635181399813333936e-03 1.094603911164989882e-02 9.270854108792836099e-03 9.552621621341676750e-03 8.985848822414906414e-03 1.098741269541285599e-02 1.345998630905107657e-02 9.568993866775352478e-03 1.092670806492085193e-02 1.248655751775242483e-02 8.796074122904045528e-03 1.366134331680962308e-02 1.045668607111085828e-02 9.044915803338824875e-03 1.043580847473735487e-02 8.835231981474412841e-03 9.245710619790632745e-03 1.354783462955923973e-02 8.763509813455635372e-03 9.049291480588304501e-03 1.031021548037458144e-02 1.135581139756310087e-02 9.181743467147078855e-03 9.815549501645075975e-03 9.588749512881406326e-03 9.596574598104550338e-03 9.056417668783432046e-03 9.276061038894539007e-03 8.604230609000082172e-03 8.786364886313818845e-03 1.001338045161277897e-02 9.242211913020556904e-03 1.035132278280053060e-02 8.689394814401623854e-03 8.482300942395186102e-03 9.575071964572853117e-03 8.456414969639527296e-03 1.098508815767556927e-02 8.491935411532914452e-03 9.045498878846987278e-03 9.585997436435171604e-03
1.144708206310796061e-02 1.174746564953999678e-02 1.089829094096400781e-02 0.000000000000000000e+00 1.092586913670704971e-02 1.219549756281450639e-02 1.139975831843151148e-02 1.132566745651741001e-02 1.220402208208196636e-02 1.113092306373947293e-02 1.008927433045606926e-02 1.183793114931750746e-02 1.280330226683786335e-02 1.110450016716631703e-02 1.214320197528056221e-02 1.061196773431770206e-02 1.084670573132943613e-02 1.113324214794762269e-02 1.353782371561760775e-02 1.104206635796464026e-02 1.045385567451136838e-02 1.111090814996396753e-02 1.141549489209161411e-02 1.087381559512421055e-02 1.022181169457415419e-02 1.107890050833258699e-02 1.083662479634326867e-02 1.219063572145739557e-02 1.222646038793711969e-02 1.107256158588330701e-02 1.218264347346711615e-02 1.225092649483049134e-02 1.236918430442815464e-02 1.355782944715065025e-02 1.111221905992590929e-02 1.213477206168167392e-02 1.048983786941395241e-02 1.008726575343961429e-02 1.253181584045356782e-02 1.142405927966079308e-02 1.187225762928810317e-02 1.165251004640412494e-02 1.022888495320720993e-02 1.173177096671994962e-02 1.083608368734682512e-02 1.157973841320704758e-02 1.135762398628704581e-02 1.217659246354409718e-02 1.031019738453635079e-02 1.115412773044918530e-02 1.082972230592000804e-02 1.108006779906700080e-02 1.349709414825355988e-02 1.089115926612137415e-02 1.284600712629707826e-02 1.106790837689768797e-02 1.036550264840219344e-02 1.049602224078060447e-02 1.022613052113445498e-02 1.088755099958940535e-02 1.049382756260825757e-02 1.065076790874768496e-02 1.006646397928029173e-02 1.008519170112974657e-02 1.088233236264048859e-02 1.213543486843590528e-02 1.283357864545800822e-02 1.282642320803874941e-02 1.064671603532879422e-02 1.050622156904258177e-02 1.361449479655927296e-02 1.220126218172136283e-02 1.142605327240870175e-02 1.171247719591373034e-02 1.357134154588794661e-02 1.111536696532712358e-02 1.178729016445798257e-02 1.083283907427756189e-02 1.277313318598067432e-02 1.111564428347019268e-02 1.140017113117413466e-02 1.047542232201100106e-02 1.141778747476906476e-02 1.111660349786535926e-02 1.145014235652631711e-02 1.000475910637906723e-02 9.755191365718287114e-03 1.017592727349466569e-02 1.225655955373354880e-02 1.087177796169149467e-02 1.110054349264965462e-02 1.045190200000286132e-02 1.229205116372565805e-02 1.480607118112076820e-02 1.111114596144580947e-02 1.224067131320129634e-02 1.361802335066178080e-02 1.048631082482784707e-02 1.468954337181030759e-02 1.182899387525416547e-02 1.066788228853668419e-02 1.183069682638181359e-02 1.051798590010013384e-02 1.084948172533183562e-02 1.457619808084155595e-02 1.046141415561603095e-02 1.069458149870712409e-02 1.171859653643617973e-02 1.281688659501954361e-02 1.079939420722537957e-02 1.145132603199746496e-02 1.112836256895994094e-02 1.113270431337565550e-02 1.069865152224465724e-02 1.086980945739266825e-02 1.032155528839521011e-02 1.047950718039802540e-02 1.147948411844966661e-02 1.084709129167761923e-02 1.176392115817944187e-02 1.049839063416848489e-02 1.023358195577395852e-02 1.089295099265102928e-02 1.022243097502738111e-02 1.228549275931939931e-02 1.033044471515268473e-02 1.069518239611615996e-02 1.113608001225218323e-02
1.002675502936185847e-02 1.036995178841927830e-02 9.337402595316141724e-03 1.092586913670704971e-02 0.000000000000000000e+00 1.089778751802577238e-02 9.956894278134224840e-03 9.875693329558942260e-03 1.069900172640241183e-02 9.625954767981849056e-03 8.240788171809221990e-03 1.047160049957301421e-02 1.159877687469991134e-02 9.595814341908729880e-03 1.083780334282499237e-02 8.984915804843618403e-03 9.282811868472471209e-03 9.628909620746691628e-03 1.242567309767412739e-02 9.510850284985125289e-03 8.798002643595169425e-03 9.622020414633265448e-03 9.969078312708936143e-03 9.296875458685736546e-03 8.518772412241222905e-03 9.421070080167300020e-03 9.261197394599530661e-03 1.089039938334580328e-02 1.093644846535301619e-02 9.556745942312280459e-03 1.089065184279203180e-02 1.096603071584047705e-02 1.108873190043537307e-02 1.217030785107528663e-02 9.618874412163594401e-03 1.083294589644596788e-02 8.850650071693473911e-03 8.334290018759854188e-03 1.166590191469434046e-02 9.989152450264531663e-03 1.086364670223977265e-02 1.025418834051755775e-02 8.523065438555828613e-03 1.034722124840154085e-02 9.261236879613738565e-03 1.050102490444911052e-02 9.901311239756143204e-03 1.087885293967010003e-02 8.620241388330849089e-03 9.655508087050346244e-03 9.272502768024937225e-03 9.562148691867807318e-03 1.239114262001585719e-02 9.332698944921828665e-03 1.165436447018533203e-02 9.542825363796435256e-03 8.689981029390060965e-03 8.830845662676629210e-03 8.520647421107930761e-03 9.323933122596664985e-03 8.849056015211461540e-03 9.033843181012163326e-03 8.510500055463244076e-03 8.330513432460048134e-03 9.319691458445871282e-03 1.082454609745226760e-02 1.163593425578277052e-02 1.162709953336068212e-02 9.030722361901524081e-03 8.855551329039743069e-03 1.251022102014501085e-02 1.090433966066060162e-02 9.985915067285128580e-03 1.032884311246708847e-02 1.219017513739965690e-02 9.603781255397353042e-03 1.039590530350338431e-02 9.113587614364523914e-03 1.156723145756729902e-02 9.582139343009056856e-03 9.955656644853663750e-03 8.825620373817939443e-03 9.979464994144336687e-03 9.612315985304726446e-03 1.001781498912742395e-02 8.242025255784499529e-03 8.124821331837407332e-03 8.677172172275600392e-03 1.095009853013297237e-02 9.312032262193622317e-03 9.425952208823491080e-03 9.028979534964025680e-03 1.101387993181281166e-02 1.381776651155361760e-02 9.598341910065491533e-03 1.094863677367543218e-02 1.251439172583940045e-02 8.828643245351739527e-03 1.334794360835851040e-02 1.048297825432304049e-02 9.057516189825851050e-03 1.046948330307290176e-02 8.872710352561506697e-03 9.281984417749199884e-03 1.356753705971120924e-02 8.801176929011701733e-03 9.062076078914771057e-03 1.034010158223556616e-02 1.161637916563539215e-02 9.218747529599830362e-03 1.000058996696497754e-02 9.444020690045363750e-03 9.631724377437663950e-03 9.090187907679675786e-03 9.305526136299872159e-03 8.636727418063407102e-03 8.820166476830395424e-03 1.004202045842902090e-02 9.134201674024105405e-03 1.039110508241945438e-02 8.696174324318236420e-03 8.523257638044491602e-03 9.600578211938272724e-03 8.509344035387795407e-03 1.101160831763438840e-02 8.531048757564187873e-03 9.081401680709554058e-03 9.631935802002652980e-03
1.143646032444623623e-02 1.172464354802761448e-02 1.087184751195062991e-02 1.219549756281450639e-02 1.089778751802577238e-02 0.000000000000000000e+00 1.137596727734943407e-02 1.131283632057915496e-02 1.217587999841553484e-02 1.110153598267221535e-02 1.006014456297995088e-02 1.181528126242657045e-02 1.278387286027204972e-02 1.086721432823235627e-02 1.212166674854207177e-02 1.058166041881486961e-02 1.082568211968227070e-02 1.088622352971550626e-02 1.351987180242401887e-02 1.101673133689179060e-02 1.043332352325270287e-02 1.110223166445844199e-02 1.138547897602563627e-02 1.084852787359046056e-02 1.019807024536311703e-02 1.105949149017998109e-02 1.080268144227429679e-02 1.187706507491156395e-02 1.220055036582815521e-02 1.104346801552297773e-02 1.216247721736496944e-02 1.222917761959675664e-02 1.234840282598317560e-02 1.354630935211142452e-02 1.109807159926805460e-02 1.211852139877894058e-02 1.046895602144208397e-02 1.006393051642999123e-02 1.284415433124256808e-02 1.140785703177742659e-02 1.213699333513913736e-02 1.163192158723260622e-02 1.020580572634837736e-02 1.171044677437268339e-02 1.081364858265738624e-02 1.183132886127063327e-02 1.133366210406707743e-02 1.215853028624188682e-02 1.027761479299347039e-02 1.112493748153003427e-02 1.081948590013940940e-02 1.105327238954882663e-02 1.348349169566564858e-02 1.085849572398275148e-02 1.282977148726776283e-02 1.104091617325845230e-02 1.033384957497843551e-02 1.047002152560538857e-02 1.020038675412233975e-02 1.086196079965426678e-02 1.047171704602260604e-02 1.062464317567970822e-02 1.020464180035283996e-02 1.005922550157860133e-02 1.085127305862669533e-02 1.210828553974704382e-02 1.281465132122185102e-02 1.280635106272881227e-02 1.061542281969039825e-02 1.047074298874023889e-02 1.359634302093403434e-02 1.217978346253698226e-02 1.139826025622858209e-02 1.167456214644041132e-02 1.355703034344142750e-02 1.109038560375226294e-02 1.176536017935357094e-02 1.080134509645546033e-02 1.274827911487946483e-02 1.108474435911202712e-02 1.137811465800521449e-02 1.045513948679691225e-02 1.139179539299545532e-02 1.108574533207359186e-02 1.142722927429633620e-02 9.817502382465858116e-03 9.876292524626512428e-03 1.032620860908769513e-02 1.223071449810332958e-02 1.083877781052007896e-02 1.106131028294506970e-02 1.061965438149114517e-02 1.226518298488286224e-02 1.480100354665890398e-02 1.108482811447288052e-02 1.221479668328888032e-02 1.360046816041235278e-02 1.046011242257306739e-02 1.466816561452184524e-02 1.181745197897029857e-02 1.066199939305765079e-02 1.180833029740839188e-02 1.048343320453289616e-02 1.082690224495796820e-02 1.456001343970521160e-02 1.043254653943237638e-02 1.047467478656760598e-02 1.169845208177677440e-02 1.278972666373694340e-02 1.077553142505095589e-02 1.142460488269541295e-02 1.109601529991791416e-02 1.111055705770564242e-02 1.066657436675512612e-02 1.064033682362288888e-02 1.030460142147713795e-02 1.045213219134602176e-02 1.121447620669858460e-02 1.082145664217845464e-02 1.174052362824128462e-02 1.047346327523490835e-02 1.020412151141425645e-02 1.109867875128550153e-02 1.019545595730857526e-02 1.226831573969440307e-02 1.013903464193597302e-02 1.066496319219918665e-02 1.111057231059460471e-02
1.053917044318687657e-02 1.087439171591252952e-02 9.756236691516121870e-03 1.139975831843151148e-02 9.956894278134224840e-03 1.137596727734943407e-02 0.000000000000000000e+00 1.040588470457466316e-02 1.138762434323601670e-02 1.000368232554368214e-02 9.010439986764273018e-03 1.097753322583555277e-02 1.204537018270461675e-02 1.016500462509397490e-02 1.131995424665640376e-02 9.596327976285531566e-03 9.851890163125313904e-03 1.017424588067726392e-02 1.283753084071726815e-02 1.008217199754950222e-02 9.425201080603552717e-03 1.018587857366955347e-02 1.050212339635992961e-02 9.865243645560137567e-03 9.165711863007864821e-03 1.013819596197685843e-02 9.850497956151746046e-03 1.136818841724638977e-02 1.141212419299339129e-02 1.011803350489844273e-02 1.134583539427093217e-02 1.143453011835374698e-02 1.157039006358240828e-02 1.286547173245263832e-02 1.016230642360080316e-02 1.130953848314230313e-02 9.470544506913073160e-03 9.012932230761066046e-03 1.211032287441901958e-02 1.052038941033314398e-02 1.134311065296168819e-02 1.077073533046716582e-02 9.169708766814292991e-03 1.086095620932601459e-02 9.858143506094105626e-03 1.100256260538256571e-02 1.043601988113881593e-02 1.135671003717752571e-02 9.125265415007233899e-03 1.002935483937192514e-02 9.858701245394304799e-03 1.012598300165716905e-02 1.280457449905913689e-02 9.912274013320376484e-03 1.209497731234198889e-02 1.011440475455976061e-02 9.323813645524712049e-03 9.468354293138941946e-03 9.168327779166500838e-03 9.906004818631746964e-03 9.467596801268641712e-03 9.633037582152600975e-03 9.039122610726830348e-03 9.004556187191590719e-03 9.898345118552526536e-03 1.130947385038766351e-02 1.180512336124304312e-02 1.206191870689564752e-02 9.631577907401739358e-03 9.460155514861829859e-03 1.291252633673409429e-02 1.137899781687602176e-02 1.051937786574195545e-02 1.084213478308484503e-02 1.287359955261797688e-02 1.016733067991248442e-02 1.092512893568981132e-02 9.842545867625509051e-03 1.201217622151324119e-02 1.017303739244980292e-02 1.049468567996017683e-02 9.448212043344089706e-03 1.031497018515523285e-02 1.017216477994530195e-02 1.054791996156631551e-02 8.795874248638311729e-03 8.811609061820342009e-03 9.307342412752559260e-03 1.144914372947362750e-02 9.891486642129375395e-03 1.015081694394713401e-02 9.636420461262798498e-03 1.148202768591088073e-02 1.418492899378930548e-02 1.016113037797048910e-02 1.142789983998841741e-02 1.260766989442559972e-02 9.448107524640642421e-03 1.405722579153041892e-02 1.098362582546425631e-02 9.674563652125536470e-03 1.096011282386480379e-02 9.489987379981997331e-03 9.871270618689189855e-03 1.394315230160556203e-02 9.423640100749842985e-03 9.691038934975601191e-03 1.084678211482259687e-02 1.205033277117390986e-02 9.811341823504668436e-03 1.052996946409270190e-02 1.018403677534346005e-02 1.019514407571950852e-02 9.696224259915960098e-03 9.893042280423878024e-03 9.277692586202852462e-03 9.443726990826665016e-03 1.058224003535180972e-02 9.863723781793693607e-03 1.089760444020955801e-02 9.470841916904459284e-03 9.174788168617106082e-03 1.017475075588350139e-02 9.027625398554436909e-03 1.147979499754345212e-02 9.286772971441415586e-03 9.693580952138422177e-03 1.019082485390034737e-02
1.028083647550064907e-02 1.079918587284426669e-02 9.673249817814201859e-03 1.132566745651741001e-02 9.875693329558942260e-03 1.131283632057915496e-02 1.040588470457466316e-02 0.000000000000000000e+00 1.132220634909269358e-02 1.010645139913673475e-02 8.919645410197281007e-03 1.091349527033502048e-02 1.197931383247254761e-02 1.008387306481900274e-02 1.125161405924820883e-02 9.513917125860207880e-03 9.786835758593003323e-03 1.010452300399278594e-02 1.277607078965637202e-02 1.000173614267597239e-02 9.332079282537446632e-03 1.010746145406409870e-02 1.043168524042553669e-02 9.813404483699514000e-03 9.076637823199370028e-03 1.006058416208956315e-02 9.767123255802350607e-03 1.130459835178188044e-02 1.134433805672311300e-02 1.003857518911622712e-02 1.130278129464334230e-02 1.137461480607905757e-02 1.150727066244570940e-02 1.280542877156866724e-02 1.009898457696438781e-02 1.124771316724383803e-02 9.237335222205232677e-03 8.796568096077221968e-03 1.204495452328442108e-02 1.045020945984078201e-02 1.127379533164373990e-02 1.070133833912275539e-02 9.080617674754896951e-03 1.078768141832396610e-02 9.770289727648000591e-03 1.092870531433543825e-02 1.036534280176001563e-02 1.128970583563900822e-02 9.169652818628869911e-03 1.013109679474879371e-02 9.769314824102938097e-03 1.004813141005285286e-02 1.274607850840881081e-02 9.834682219427407640e-03 1.203584027714443665e-02 1.003480970400134203e-02 9.094296908366534746e-03 9.382281440040661155e-03 9.077026629744090400e-03 9.827057730192143015e-03 9.380038898327315577e-03 9.552550024811779297e-03 8.952654719085947899e-03 8.911210621546549610e-03 9.816274470115196604e-03 1.124572838839506782e-02 1.201235958757721628e-02 1.201039636468609513e-02 9.548051112264147738e-03 9.387081769932777500e-03 1.285818741210378868e-02 1.131050003662568103e-02 1.044476309292672288e-02 1.077125480288548126e-02 1.281675537821460285e-02 1.008673538418346748e-02 1.085520460963482550e-02 9.761982083232064247e-03 1.194945422630157641e-02 1.008967659108378316e-02 1.041331707515589719e-02 9.355474620275206973e-03 1.024393406588983493e-02 1.009401848264526898e-02 1.047227152509203410e-02 8.823813690785975092e-03 8.713499711020070496e-03 9.217178663217803075e-03 1.138461531732915151e-02 9.811311734188305281e-03 1.007188532870100309e-02 9.396912268127709592e-03 1.142060902213687390e-02 1.413591389076051912e-02 1.008242808859072769e-02 1.136264730798880115e-02 1.286880851603362103e-02 9.368937323557351843e-03 1.400781985102473801e-02 1.091700970348245293e-02 9.596736962565240864e-03 1.090314435728766303e-02 9.402378926986171281e-03 9.783760311241606125e-03 1.389354552016532247e-02 9.336566842221172280e-03 9.607332935606954435e-03 1.077495386648738389e-02 1.199543555138048515e-02 9.726650654187081121e-03 1.047014278226576604e-02 1.010536363893058641e-02 1.011501166850276370e-02 9.611602570661296335e-03 9.812762620805546773e-03 9.191879749389618090e-03 9.361429241522147005e-03 1.050916042775821777e-02 9.779126558068144612e-03 1.082237386117406060e-02 9.381544920732181811e-03 8.952238508730187699e-03 9.917529997329104299e-03 9.065739004550762287e-03 1.141412550613896647e-02 9.195333367587583615e-03 9.609260383562559862e-03 1.011049292095332446e-02
1.143844523786053009e-02 1.173318722380892881e-02 1.088101322565065629e-02 1.220402208208196636e-02 1.069900172640241183e-02 1.217587999841553484e-02 1.138762434323601670e-02 1.132220634909269358e-02 0.000000000000000000e+00 1.110856605837601783e-02 1.006539401159242154e-02 1.155735401764750210e-02 1.278745265742933790e-02 1.109422195909835589e-02 1.213041397961312634e-02 1.059788259858910654e-02 1.082872517894325863e-02 1.111797386671722898e-02 1.352705531282460093e-02 1.101813171701014789e-02 1.043814486885679890e-02 1.111616358387332477e-02 1.139339623926638630e-02 1.085588201671301711e-02 1.021213131383423740e-02 1.106617414571389908e-02 1.082113664674735388e-02 1.217731021306621940e-02 1.220115562393554731e-02 1.105782936566957787e-02 1.217304015491069667e-02 1.223818747743884994e-02 1.234761303911034551e-02 1.354348365309116127e-02 1.110878643238629240e-02 1.212717513578322713e-02 1.048249447082519326e-02 1.007072886683861405e-02 1.285150190005855848e-02 1.141732464099531191e-02 1.215100954121341517e-02 1.163851110996436643e-02 1.021622121823721578e-02 1.145639480592541837e-02 1.062206272373068111e-02 1.184323989110604852e-02 1.133535394629768371e-02 1.216740077689814140e-02 1.029435567155864359e-02 1.113929200607913401e-02 1.082963576594103867e-02 1.105789795714022181e-02 1.349644152062254125e-02 1.087355773462946908e-02 1.283785376266307482e-02 1.104599570589538497e-02 1.034959741671182161e-02 1.048173699566149961e-02 1.020909437285857230e-02 1.087189482881569316e-02 1.047873047939703803e-02 1.063483312062306514e-02 1.021302007268315611e-02 9.909089570568872796e-03 1.085435464455655405e-02 1.212278431790506789e-02 1.282230732793885296e-02 1.281384440893520299e-02 1.061983140859497701e-02 1.048255261849691429e-02 1.360405210555606231e-02 1.218886195859711016e-02 1.140872439966518839e-02 1.170065775735674996e-02 1.355799836470023695e-02 1.110010968770008474e-02 1.177344457688060328e-02 1.081350798820598057e-02 1.276124577681419375e-02 1.110317321049170310e-02 1.139078137390007323e-02 1.046845049736932522e-02 1.140598196242994557e-02 1.110424193728247119e-02 1.143441280652870116e-02 9.987951495795772613e-03 9.882294826161673595e-03 1.033647673917569183e-02 1.223865369860127096e-02 1.085869550665403797e-02 1.107075068830296917e-02 1.062660406400594941e-02 1.227897731225521989e-02 1.480759375537525104e-02 1.109638250671667568e-02 1.222746944500798308e-02 1.360764524673949497e-02 1.047273563359822635e-02 1.467395124424683041e-02 1.181641449779345827e-02 1.067064220260584458e-02 1.181700521057607242e-02 1.049036024610649868e-02 1.083458788160675777e-02 1.455615289273986396e-02 1.044679257725741189e-02 1.067754890703018558e-02 1.170752881767567546e-02 1.279318419976597197e-02 1.078020200618920107e-02 1.143457532802982096e-02 1.110667128529237331e-02 1.111825652368611354e-02 1.068312002734973440e-02 1.085766622185805469e-02 1.031491627752760543e-02 1.046299386847811784e-02 1.122185997334181930e-02 1.082812210143733328e-02 1.174942564696654715e-02 1.029820331479444802e-02 1.021740585511810712e-02 1.110807132828094297e-02 1.020427738354821173e-02 1.227683116772624802e-02 1.031475536432263640e-02 1.048438879138405798e-02 1.111993449554956465e-02
1.024428166744786352e-02 1.038949867153312993e-02 9.588212525325852734e-03 1.113092306373947293e-02 9.625954767981849056e-03 1.110153598267221535e-02 1.000368232554368214e-02 1.010645139913673475e-02 1.110856605837601783e-02 0.000000000000000000e+00 8.623022470567339587e-03 1.048965688628035638e-02 1.179328807630691117e-02 9.843049546142164027e-03 1.104589024576834236e-02 9.246421761795886249e-03 9.524142915128616313e-03 9.698825851756158120e-03 1.260029352623483548e-02 9.755566226702448718e-03 9.067890237518099264e-03 9.862666747591244953e-03 1.001740315091874736e-02 9.556944557686682801e-03 8.789095033461943526e-03 9.813249087965316905e-03 9.511125714991915114e-03 1.110034112603983623e-02 1.113072791628638356e-02 9.791491093396373357e-03 1.109504329660459220e-02 1.116883035181767507e-02 1.128030081767177235e-02 1.263289356206608732e-02 9.858289603119166702e-03 1.104227096894013979e-02 9.118149366251212390e-03 8.629918430564159290e-03 1.185762476867332008e-02 1.021332194516898217e-02 1.107015029963376307e-02 1.048014924505528793e-02 8.793877586075233774e-03 1.056716861595762176e-02 9.516166837524627289e-03 1.071798514884359128e-02 9.949242429370220436e-03 1.108879523863194085e-02 8.891910971959335330e-03 9.884228833412158841e-03 9.525138571440529278e-03 9.794903516621551731e-03 1.256702138936826273e-02 9.580480672913449514e-03 1.184478009603008933e-02 9.787322976077072675e-03 8.956376317040472268e-03 9.109749233816062317e-03 8.794338410782778087e-03 9.409582505130830929e-03 9.115353075330231286e-03 9.290158848179292175e-03 8.796316406509463448e-03 8.628453129655553125e-03 9.550791064056318724e-03 1.103725631579383949e-02 1.182124760656539514e-02 1.156008593785902948e-02 9.284661507893945259e-03 9.125098765195131106e-03 1.268758989260785480e-02 1.111266324093416330e-02 1.021435374855999938e-02 1.055043376076939508e-02 1.264354792593729189e-02 9.843567284551196089e-03 1.063645453899897744e-02 9.510112362446962453e-03 1.175882685230357841e-02 9.849460522062541620e-03 1.018540920990970364e-02 8.962612533556285968e-03 1.019785730525304100e-02 9.835814586626039427e-03 1.023962451624031884e-02 8.529837439849183300e-03 8.423479190085590707e-03 8.948191689694299372e-03 1.117516198446196797e-02 9.561093580595828034e-03 9.823799256886086434e-03 9.286645072366202930e-03 1.120752893781575173e-02 1.398030487871448208e-02 9.840776570293136363e-03 1.115039446944611837e-02 1.268576618254529248e-02 9.102891794816365609e-03 1.384519406491811593e-02 1.069214846761768617e-02 9.342538386921199131e-03 1.067430947530912874e-02 8.996385649961908051e-03 9.530358151413408779e-03 1.372451872384706020e-02 9.071630316581634837e-03 9.339469754608857588e-03 1.055498554864440358e-02 1.180757683195821604e-02 9.470165243896853241e-03 1.023167699974507350e-02 9.861561363494050422e-03 9.871278853248318177e-03 9.354046928885357062e-03 9.559872527918981608e-03 8.784801878229709510e-03 9.088672695339609572e-03 1.027653367524690095e-02 9.525416003345291149e-03 1.060131337686896942e-02 9.117941163536730231e-03 8.794604229812973475e-03 9.854327227683258930e-03 8.773043350672039484e-03 1.120855883927045910e-02 8.920584092614864194e-03 9.343702498475858417e-03 9.863429124917071425e-03
9.085378722622626524e-03 9.335443169410099357e-03 8.300114257090708894e-03 1.008927433045606926e-02 8.240788171809221990e-03 1.006014456297995088e-02 9.010439986764273018e-03 8.919645410197281007e-03 1.006539401159242154e-02 8.623022470567339587e-03 0.000000000000000000e+00 9.460547137951965530e-03 1.081784223281103893e-02 8.607319420648341241e-03 9.841741391693957855e-03 7.780147549035546471e-03 8.224358793264783044e-03 8.631251552286649947e-03 1.169728822315010963e-02 8.390896093690964827e-03 7.652739102081079249e-03 8.629031045872700284e-03 9.029804406311316839e-03 8.264206713714446553e-03 7.298271943028512322e-03 8.572557669929578572e-03 8.107896713834113200e-03 1.005612791620291713e-02 1.009675441571251595e-02 8.552225208943690579e-03 1.004697906613441667e-02 1.013016001564087318e-02 1.027874571959051624e-02 1.172458769729542265e-02 8.618324430635470115e-03 9.988755326685583302e-03 7.716634951698476963e-03 7.096718117052989820e-03 1.089431189635560980e-02 9.049632577764091940e-03 1.001825366903838672e-02 9.215603004882333416e-03 7.312585020593064498e-03 9.459072441635395581e-03 8.214259216987975995e-03 9.625928640290224228e-03 8.940887146660827373e-03 1.004332066653389373e-02 7.435766451411617191e-03 8.663359603386672908e-03 8.112647033930601992e-03 8.559418961252810917e-03 1.165805221647531892e-02 8.291326660833752207e-03 1.087025410899257125e-02 8.540948283891361403e-03 7.512184232798614462e-03 7.714761466083291420e-03 7.307587899917386207e-03 8.285711882712109427e-03 7.710337137716683810e-03 7.834591459714599845e-03 7.318303776210286979e-03 7.085178161674809960e-03 8.268341434470114631e-03 9.982945409404642145e-03 1.085263960925632147e-02 1.084656143882185321e-02 7.928758957066227644e-03 7.730819196436193586e-03 1.178689189116145265e-02 1.006530319586886046e-02 9.042903701148172213e-03 9.428535917894123597e-03 1.173655268018527695e-02 8.609062296600807074e-03 9.528249918830103068e-03 8.097087475504246429e-03 1.078114691292338459e-02 8.613312012363731271e-03 9.010970567067979470e-03 7.692019450605728538e-03 9.037727187277433752e-03 8.615507595233443811e-03 9.082195224786241208e-03 6.969232972159197445e-03 6.763708888470924656e-03 7.504832089094908877e-03 1.014050473631548759e-02 8.261183097613816403e-03 8.581613928146956949e-03 7.927819272051717103e-03 1.018111975944248696e-02 1.315444711495298083e-02 8.593933775044663645e-03 1.010665396690495904e-02 1.179093445960426208e-02 7.683025671630922329e-03 1.300902353377257105e-02 9.600085686785067574e-03 7.999742255857441794e-03 9.443942529093470734e-03 7.737460489409461566e-03 8.234700368431140810e-03 1.288865406438101206e-02 7.653156097863625558e-03 8.005637436500005755e-03 9.438055455715086209e-03 1.083734335304524683e-02 8.052317672691419737e-03 9.074019391717086727e-03 8.626322229952661583e-03 8.644067347721235556e-03 8.011158441473167913e-03 8.162765999311883888e-03 7.460354686418296105e-03 7.591983936794568198e-03 9.121716170169458585e-03 8.220832455189097318e-03 9.500521096336025581e-03 7.712706839758601794e-03 7.319256420723172125e-03 8.621179902948411869e-03 7.213217662980951454e-03 1.018332955487883697e-02 7.465499315264662906e-03 8.003443600265121305e-03 8.636433987667021736e-03
1.104315246498437618e-02 1.133897064697064229e-02 1.045346729101494405e-02 1.183793114931750746e-02 1.047160049957301421e-02 1.181528126242657045e-02 1.097753322583555277e-02 1.091349527033502048e-02 1.155735401764750210e-02 1.048965688628035638e-02 9.460547137951965530e-03 0.000000000000000000e+00 1.245094860653524378e-02 1.067809339454302633e-02 1.175879209443077278e-02 1.014957608503130881e-02 1.021441227054513401e-02 1.069474739167373262e-02 1.320736212656421771e-02 1.059767839254118979e-02 9.983419807984587543e-03 1.069702741654088990e-02 1.098180611189802751e-02 1.041789510709535509e-02 9.746295418564617299e-03 1.065333687898610375e-02 1.038132440719171865e-02 1.181117334497290387e-02 1.184425918214467195e-02 1.063650897321603492e-02 1.179770716323927555e-02 1.187408394412309970e-02 1.170933891948760901e-02 1.323860511356700180e-02 1.069104704853650854e-02 1.175819181598632829e-02 1.003386752520815314e-02 9.599240728436592499e-03 1.250481522959099104e-02 1.101057187006248411e-02 1.178337722474360159e-02 1.124638075282222670e-02 9.740036759345947759e-03 1.132221277210688874e-02 1.038369261491281156e-02 1.146142107126080917e-02 1.092987612109992332e-02 1.180069099785351072e-02 9.838040667399726782e-03 1.072167880428263366e-02 1.039369171171596919e-02 1.064207918575899720e-02 1.317937641702058259e-02 1.044578266389778985e-02 1.249851356207614013e-02 1.063014118463216466e-02 9.890036124784324853e-03 1.003027760957590948e-02 9.720485959516312821e-03 1.043493544325572141e-02 1.003003095246810666e-02 1.018869775538147789e-02 9.728994746766228205e-03 9.591086169561799032e-03 1.023504239349368010e-02 1.175374967383807298e-02 1.248236077553513922e-02 1.245215176940804580e-02 1.018530115410978647e-02 1.003817273920205519e-02 1.329054435832520073e-02 1.182253953031658228e-02 1.100882701166934832e-02 1.131130651306647486e-02 1.323683372355452179e-02 1.067378022771461356e-02 1.137996142553222671e-02 1.038080365197430882e-02 1.240819344513559470e-02 1.068151554121078185e-02 1.098604430031641446e-02 1.001217837119415012e-02 1.099785905151292112e-02 1.068389079777908035e-02 1.103026040315891430e-02 9.506668081558691460e-03 9.408066323942461048e-03 9.856366416999259861e-03 1.187369821760234090e-02 1.042579862174199470e-02 1.066350019916363634e-02 1.018506950544710403e-02 1.191710853746463447e-02 1.452496717138866342e-02 1.067251231117999875e-02 1.186301579900551385e-02 1.328902651884332660e-02 1.002083559861900904e-02 1.439459548476168527e-02 1.119005966254487533e-02 1.023061928193956874e-02 1.143117284263565903e-02 9.879993627469545181e-03 1.040354858588737885e-02 1.388005691927488364e-02 9.992585200257583095e-03 1.023437979425623201e-02 1.131429557359195370e-02 1.246327115072988663e-02 1.034340762374145670e-02 1.103023430580394801e-02 1.069491043838723988e-02 1.070594503853686090e-02 1.024209244294441504e-02 1.042305194167682421e-02 9.848319757177294298e-03 1.000532255076221066e-02 1.102354547308917292e-02 1.039745122304636116e-02 1.136026967284176764e-02 1.002530118038126930e-02 9.750385719543432084e-03 1.068922226336586553e-02 9.737935859518969534e-03 1.191438110940438132e-02 9.861203518554628733e-03 1.022341431389863289e-02 1.069908605897235826e-02
