0.000000000000000000e+00 7.750594846421834071e-03 7.783796848403193129e-03 7.781426742038645081e-03 7.542658614138124731e-03 7.767847672938255933e-03 7.529405482626074821e-03 7.523719496608727124e-03 7.573614971439894018e-03 7.506626586609424848e-03 7.490241393927350722e-03 7.539767718748664055e-03 7.562173287190460808e-03 7.550534302758020282e-03 7.826343514067590074e-03 7.761715027657154105e-03 7.496914056599575209e-03 7.504445211156117110e-03 7.735447011044368874e-03 7.550594579871953288e-03 7.547692899337562697e-03 7.750458253199407621e-03 7.520624805235315118e-03 7.515451427217939226e-03 7.551006738686651641e-03 7.770451273737694238e-03 7.761143199292486021e-03 7.525103660742485899e-03 7.518865050736082446e-03 7.488957456340524475e-03 7.759818222011763064e-03 7.537011420770136326e-03 8.179423941603616161e-03 8.133864069888984555e-03 8.206116194319903329e-03 8.205996358830736082e-03 8.127842014387648764e-03 8.097857192895078354e-03 8.094221960113187272e-03 8.221528873975187876e-03 8.180149385819233607e-03 8.152672752793941463e-03 8.051726411801093594e-03 8.150992170809822149e-03 8.128188931566955253e-03 8.224017024747799429e-03 8.185185426236614784e-03 8.149495851737654020e-03 8.175535750108630859e-03 8.208205417139053869e-03 8.137857766072202279e-03 8.172088169996377313e-03 8.144477010188982263e-03 8.187350183362899006e-03 8.184763367431938455e-03 8.192883997822695760e-03 8.181235508906734705e-03 8.170580749752425279e-03 8.156288089171742292e-03 8.254567227812033975e-03 8.255961595642005366e-03 8.218776855078335081e-03 8.179550465730260622e-03 8.172642734728469832e-03 8.196857809696363878e-03 8.215815044433518941e-03 8.204184725041970688e-03 8.194413825297449522e-03 8.162690923306965829e-03 8.184750257325049475e-03 8.143070887793875390e-03 8.250277856083747599e-03 8.185348772836062783e-03 8.198815687143957975e-03 8.172360629280468053e-03 8.226539206614843017e-03 8.151361690109781150e-03 8.217258176192988872e-03 8.172198954208627353e-03 8.179959486906735952e-03 8.198783064845218890e-03 8.195615357988907460e-03 8.151275393161421315e-03 8.281565279800815610e-03 8.180465553938238640e-03 8.215738541957869415e-03 8.229626118594806153e-03 8.170360885750550806e-03 8.166829023860946654e-03 8.208777827260753390e-03 8.170572314867344949e-03 8.135399209654024799e-03 8.199777096769196930e-03 8.184205056296137842e-03 8.159244544636080551e-03 8.211294113315382309e-03 8.141966017274173892e-03 8.187658582721416695e-03 8.120915181398506710e-03 8.184258584821068119e-03 8.242092999495635036e-03 8.118351904252666881e-03 8.182402523334915412e-03 8.114481656740155091e-03 8.192322210457575124e-03 8.217861509584568902e-03 8.214306513581293157e-03 8.160734057681209852e-03 8.184074323513083893e-03 8.287266121148408743e-03 8.198690086255969178e-03 8.201498446416405352e-03 8.150669012192138935e-03 8.185688889787353165e-03 8.144143114951036058e-03 8.141013140223049213e-03 8.191569623272375658e-03 8.195791119624143070e-03 8.249552797087812694e-03 8.185412875277240860e-03 8.132709640891949004e-03 8.167942842650023627e-03 8.195347636203194688e-03 8.137349580325903969e-03 8.263023650167792417e-03 8.133932665389319999e-03 8.169210864542758230e-03 8.216204177484155366e-03
7.750594846421834071e-03 0.000000000000000000e+00 7.534378952530388328e-03 7.563466130009900007e-03 7.546839010993411541e-03 7.557428941455069868e-03 7.738199626173701724e-03 7.546666880834802284e-03 7.565903176825089851e-03 7.528860936598898330e-03 7.742667153566835415e-03 7.560315881475904165e-03 7.573948830138611116e-03 7.552824563620246477e-03 7.826288430934224757e-03 7.744925487535342552e-03 7.546809640906117916e-03 7.742696166289961268e-03 7.535558345044288640e-03 7.552774568408241428e-03 7.550503168818255458e-03 7.534813325570866721e-03 7.540416562763997167e-03 7.552877249896727818e-03 7.562199106606894670e-03 7.729892563184292097e-03 7.534088133585386225e-03 7.555103420619943035e-03 7.545990955443583441e-03 7.547983968305325107e-03 7.549136848275354167e-03 7.555534040132838060e-03 8.207126584515818044e-03 8.165697039788829756e-03 8.233795545971485386e-03 8.240528626846359977e-03 8.159775896764543887e-03 8.131147569968013786e-03 8.128568927056201848e-03 8.248525983644663592e-03 8.209341519700529347e-03 8.183541234771158149e-03 8.089409211314816869e-03 8.181572110047040727e-03 8.160256424020916749e-03 8.250815494084748694e-03 8.213706489193841123e-03 8.180662739004199852e-03 8.212454581598260112e-03 8.235864574961527032e-03 8.159526676441538479e-03 8.208660369386028277e-03 8.176200059922530267e-03 8.223203379196507637e-03 8.212523477948447531e-03 8.227894913690619177e-03 8.021458150480871227e-03 8.207036657596157234e-03 8.193520968077948677e-03 8.279658717789812467e-03 8.288010258343520356e-03 8.245896845084902185e-03 8.215264836186744746e-03 8.202218213955735776e-03 8.242592354482570008e-03 8.262713613075902200e-03 8.251070305035320893e-03 8.240263295406341157e-03 8.211136546433654357e-03 8.225799016780046755e-03 8.192682553346718882e-03 8.295499914105424616e-03 8.232931679433347014e-03 8.246181304998776232e-03 8.220322077114879111e-03 8.272874466203960359e-03 8.200238747877590037e-03 8.264197577624714589e-03 8.220516139493460814e-03 8.227830518919697356e-03 8.245556952363359421e-03 8.242920662364984843e-03 8.200430406924776733e-03 8.325946795326322897e-03 8.228243689128241986e-03 8.262470497381322818e-03 8.275900349875351877e-03 8.216710742354417854e-03 8.212443072765288413e-03 8.255626580164389036e-03 8.219058380397758004e-03 8.184855979158762312e-03 8.245948410511421203e-03 8.231973576242179041e-03 8.207703300920438094e-03 8.258336921698040609e-03 8.191561641489410184e-03 8.235502922085542049e-03 8.169145620050090317e-03 8.231211724820065509e-03 8.287655163987434417e-03 8.168879961865400247e-03 8.230400296968814686e-03 8.153608923047860058e-03 8.239420497171726435e-03 8.264709990606102646e-03 8.260833978751189882e-03 8.209605486096770502e-03 8.232015786030411411e-03 8.331396468344845138e-03 8.245143054125646589e-03 8.248395143724444184e-03 8.199765544216945298e-03 8.231411187437538690e-03 8.193586965006651943e-03 8.188262307231047865e-03 8.237958140844521895e-03 8.242802272604130703e-03 8.295383571925234525e-03 8.232892033189760303e-03 8.182279458647691642e-03 8.215882196134264084e-03 8.242778135215714577e-03 8.186982133524544486e-03 8.308112200166889449e-03 8.183467666538282725e-03 8.217232140320997538e-03 8.262770116422221700e-03
7.783796848403193129e-03 7.534378952530388328e-03 0.000000000000000000e+00 7.548705765268610805e-03 7.523915729324544277e-03 7.538777450583807223e-03 7.762113629524310457e-03 7.535275407547743949e-03 7.549847378892807909e-03 7.529473347939192283e-03 7.782969474608119990e-03 7.530057806436184047e-03 7.565212442844295934e-03 7.565032420936639891e-03 7.514133846935419463e-03 7.539794920804122891e-03 7.775578399611215649e-03 7.545348567656288627e-03 7.539655894510411197e-03 7.537983482991529420e-03 7.545532173129620643e-03 7.535929531467501323e-03 7.538889679555751087e-03 7.750530393773329314e-03 7.737363917462830240e-03 7.514662729648865711e-03 7.518319785497197538e-03 7.753083889515492537e-03 7.747837257184078327e-03 7.531150320577912650e-03 7.521791776562611852e-03 7.763538796346739802e-03 8.205707675505413343e-03 8.161122910153304974e-03 8.232250556642633013e-03 8.232717282439749179e-03 8.155415199636898219e-03 8.131992788789335277e-03 8.122566869219421601e-03 8.247810829223408205e-03 8.206746126190260504e-03 8.180144747098029578e-03 8.080836684319419802e-03 8.177825343720241183e-03 8.155449931060251845e-03 8.249752945880336683e-03 8.211516762712922635e-03 8.176379462762357192e-03 8.202858006689114911e-03 8.234273387248077641e-03 8.155509280422846424e-03 8.199074968936901839e-03 8.171760741420910912e-03 8.213604932189992949e-03 8.217631671325923218e-03 8.219565701371150251e-03 8.200310454236645410e-03 8.197539344252716825e-03 8.183487559397729233e-03 8.279770436153145383e-03 8.281945241235513094e-03 8.244588487830196988e-03 8.206329827177755165e-03 8.198985974276762345e-03 8.214930445005135667e-03 8.240923516312285285e-03 8.229225105586593023e-03 8.224255445960986649e-03 8.188534890588938450e-03 8.204306058203304775e-03 8.169666995683059346e-03 8.274155254555682140e-03 8.210975454858536818e-03 8.224131444591898862e-03 8.197988193559629932e-03 8.251321116443895154e-03 8.177262984469704787e-03 8.242605523975758686e-03 8.198004488208301965e-03 8.205734884868710541e-03 8.223906441158756672e-03 8.221089281001387958e-03 8.177797091100676152e-03 8.305434514080386327e-03 8.206190365919104404e-03 8.240507726799982391e-03 8.254373753530675970e-03 8.188667271209872436e-03 8.191873838571154046e-03 8.234003882169578861e-03 8.196729510483915376e-03 8.161789855008778211e-03 8.224970774631829018e-03 8.210064177835768237e-03 8.185112154319858571e-03 8.236559135974031581e-03 8.168932207840708462e-03 8.213710060758050435e-03 8.146554932272141725e-03 8.209571242598075885e-03 8.266418941781370974e-03 8.145805019605567923e-03 8.208526253047639110e-03 8.121086930015510366e-03 8.217428467577453030e-03 8.243345528310266207e-03 8.239123420644915707e-03 8.187295769384142149e-03 8.210135661277234709e-03 8.310977636757791234e-03 8.223736223023473541e-03 8.226500599015513712e-03 8.177352797890289141e-03 8.210409981821006550e-03 8.171036432143605199e-03 8.166554338581846068e-03 8.216817154647115817e-03 8.221727432865866270e-03 8.274533035508445725e-03 8.210715852482159891e-03 8.159100124632433573e-03 8.193657556601780315e-03 8.221130169035462815e-03 8.164351515535890266e-03 8.287101746666516652e-03 8.160282146527989000e-03 8.194776741724262709e-03 8.241075597673164915e-03
7.781426742038645081e-03 7.563466130009900007e-03 7.548705765268610805e-03 0.000000000000000000e+00 7.553143306576868936e-03 7.574631762361632228e-03 7.564843287198718715e-03 7.755544743750304032e-03 7.556860779237507299e-03 7.575493028010181831e-03 7.580494858947499186e-03 7.560959096838868430e-03 7.568034306037500422e-03 7.590971935086388706e-03 7.586217900034806366e-03 7.583262873291839352e-03 7.565012572434802983e-03 7.562759552851658178e-03 7.558209435957493824e-03 7.553689165786481481e-03 7.572576776278395864e-03 7.556934836502330471e-03 7.570015241535423857e-03 7.567755333057704474e-03 7.550440601909282241e-03 7.548057052032845424e-03 7.547614068206486698e-03 7.574867562537918909e-03 7.743082997186250330e-03 7.800630360262349704e-03 7.543100603447212837e-03 7.556932545932111729e-03 8.269397853213218338e-03 8.228606855210466101e-03 8.295919502634491877e-03 8.296202983221792962e-03 8.222817525104009206e-03 8.191672346929640067e-03 8.192054694557318606e-03 8.311248252377825482e-03 8.271599511711743430e-03 8.246046950548615445e-03 8.152893539862810304e-03 8.244307489297504621e-03 8.223119778260453566e-03 8.313336010805683768e-03 8.276522449522826647e-03 8.242926153801991354e-03 8.268247328427236198e-03 8.297875635529404839e-03 8.221330753738922623e-03 8.264399475729622760e-03 8.239274317087963082e-03 8.278777166216442704e-03 8.274054890458246506e-03 8.284241308456645123e-03 8.264175785276646133e-03 8.262551599593798146e-03 8.248961564937033752e-03 8.342098409392382022e-03 8.344019408432254425e-03 8.308352640746155537e-03 8.270697229191430189e-03 8.264828975861358840e-03 8.267074536751333608e-03 8.292987509977960831e-03 8.274590053269309173e-03 8.262506253614545354e-03 8.237103189263041830e-03 8.076816003365400523e-03 8.226981881377966668e-03 8.317425076718449120e-03 8.264804718990112833e-03 8.270387734008627020e-03 8.245435865798209779e-03 8.295389761446158097e-03 8.226674705917506533e-03 8.294506443344533062e-03 8.245942938549518514e-03 8.252907849314422908e-03 8.269984148459384732e-03 8.267442882714056210e-03 8.233976701465800865e-03 8.346875554981777676e-03 8.253369786538339650e-03 8.286036250916591420e-03 8.298816321895850778e-03 8.241104564693013668e-03 8.236684727172371989e-03 8.278931099632373322e-03 8.251431482156844008e-03 8.212642936066424926e-03 8.271022693933288705e-03 8.256719542336537696e-03 8.233490708976562780e-03 8.288889037783304936e-03 8.236801395313514754e-03 8.279487052578384659e-03 8.212908461779621153e-03 8.275383181650870432e-03 8.329789328958496497e-03 8.214836429406981860e-03 8.274461571267457266e-03 8.188389651597873659e-03 8.282770792305610072e-03 8.307880814216673376e-03 8.303723016205709351e-03 8.254351660951906103e-03 8.276086478221280490e-03 8.372861140447378225e-03 8.288863379854445254e-03 8.290995410938997029e-03 8.244710136700148309e-03 8.274387505943852153e-03 8.238810148103271891e-03 8.232486287826499410e-03 8.280372161674836098e-03 8.287234759611496193e-03 8.337775206307868753e-03 8.276495828844734198e-03 8.227485535268894840e-03 8.259236251665519682e-03 8.286433215989817344e-03 8.232337411057884941e-03 8.349856549195623992e-03 8.228007689859016122e-03 8.261296422387844757e-03 8.305672636711241077e-03
7.542658614138124731e-03 7.546839010993411541e-03 7.523915729324544277e-03 7.553143306576868936e-03 0.000000000000000000e+00 7.543354199831796454e-03 7.548946037321677821e-03 7.545054925865279233e-03 7.551859050042190186e-03 7.761536296559972195e-03 7.755057241893959820e-03 7.542690703260276734e-03 7.557679063350091105e-03 7.548036880501861681e-03 7.520681270198564458e-03 7.752899970402864563e-03 7.532192979602162462e-03 7.527053675548553424e-03 7.541775733283261930e-03 7.540144424709999300e-03 7.738332278298373605e-03 7.760344300800751244e-03 7.536905536911978412e-03 7.541862575228843596e-03 7.731246029411228439e-03 7.544751367190767090e-03 7.540288420298285783e-03 7.756190624846186557e-03 7.544265836833203079e-03 7.772021381245651853e-03 7.511824745368328969e-03 7.541755334387331873e-03 8.213843813364932883e-03 8.170637355306145308e-03 8.240842174405502152e-03 8.241430117422348864e-03 8.164732329313872244e-03 8.135019806446057780e-03 8.132454121242686795e-03 8.256369738698764865e-03 8.215560906782817460e-03 8.189341098788129741e-03 8.091201111590859071e-03 8.187129959435457752e-03 8.164986260072511215e-03 8.258516967159226438e-03 8.220337775414383180e-03 8.185702712343971565e-03 8.211774125897568222e-03 8.242845983685952518e-03 8.164692386728676296e-03 8.207965179092243865e-03 8.181236767660098400e-03 8.222619114242338267e-03 8.226162406702559188e-03 8.228349081297306813e-03 8.209180706037828845e-03 8.206497156462723083e-03 8.192574800077522673e-03 8.288298912853642869e-03 8.290272859480165429e-03 8.253398943690376174e-03 8.215183178849200241e-03 8.208144482965102490e-03 8.231850562875191527e-03 8.251773349508830305e-03 8.240092786692220991e-03 8.234806899857120138e-03 8.199468126708906943e-03 8.214780148783955294e-03 8.180518394773026239e-03 8.284575988377380559e-03 8.221792212642655556e-03 8.234673084351579186e-03 8.209037347931335410e-03 8.261862390480273141e-03 8.188503611856159242e-03 8.253034545017344861e-03 8.208688880701043786e-03 8.216545261834023658e-03 8.234827582272619129e-03 8.231807303974512935e-03 8.188612184089576543e-03 8.315703937845531080e-03 8.216988734353922880e-03 8.251349759528141606e-03 8.264950642128048724e-03 8.206033825252801589e-03 8.208811087558243527e-03 8.244652702189757612e-03 8.207653213129917011e-03 8.173105273894724562e-03 8.235821483983321242e-03 8.220449809777671465e-03 8.196261000718687087e-03 8.247181156505042562e-03 8.178576260001398784e-03 8.222927500737234330e-03 8.155758361265705650e-03 8.218777917272273789e-03 8.275193044770586676e-03 8.155644490104793642e-03 8.217790862342358102e-03 8.130509613733769708e-03 8.226566271654677312e-03 8.252358716131264968e-03 8.248134157327764379e-03 8.196768486358044226e-03 8.219402068734605465e-03 8.319506871478579355e-03 8.232824649507770182e-03 8.235616640352327877e-03 8.186884433311629808e-03 8.218854237206862923e-03 8.180630006531146650e-03 8.175344262564323769e-03 8.225512065109468959e-03 8.230907857425067559e-03 8.283288176171910155e-03 8.219936393592244470e-03 8.168834481867882219e-03 8.203187810909928421e-03 8.230267032372569347e-03 8.174001295894961494e-03 8.295793650278767556e-03 8.170056532317875736e-03 8.204136355901248470e-03 8.250093260074212176e-03
7.767847672938255933e-03 7.557428941455069868e-03 7.538777450583807223e-03 7.574631762361632228e-03 7.543354199831796454e-03 0.000000000000000000e+00 7.548080019740816167e-03 7.540597918200008659e-03 7.581379413208737261e-03 7.766753165590494813e-03 7.524825792747219175e-03 7.762464849687955581e-03 7.547098129109490808e-03 7.777208542312246189e-03 7.503794141765781668e-03 7.554966305684422852e-03 7.527781963539818127e-03 7.765389687545279536e-03 7.749659800358445205e-03 7.750947889859902129e-03 7.547787160175471223e-03 7.755615651596276493e-03 7.758085334547470957e-03 7.767236796876958796e-03 7.572541816871545574e-03 7.562201719449269423e-03 7.540054776210196839e-03 7.554122088985370208e-03 7.564222584957864051e-03 7.515938255376976296e-03 7.747648554176967545e-03 7.568570352497036059e-03 8.175200748401721326e-03 8.115629419022473909e-03 8.186355727791441023e-03 8.195483637537021374e-03 8.109585750140089686e-03 8.090479597819454777e-03 8.087471347791001450e-03 8.209961343405730930e-03 8.161464943595528321e-03 8.143690725954942297e-03 8.047633484031958828e-03 8.131769690061810274e-03 8.109365917517093875e-03 8.204598796712874939e-03 8.165898379713128555e-03 8.129930989808978326e-03 8.166317775468440524e-03 8.188907541253379399e-03 7.896107510875013599e-03 8.153536853571312013e-03 8.136478280260130147e-03 8.168537412107773274e-03 8.173890867730305640e-03 8.174445773038514079e-03 8.156074654804357574e-03 8.151775989440094086e-03 8.138274785322903090e-03 8.234751796353764405e-03 8.244090354138517915e-03 8.198836806151620429e-03 8.160785987496303739e-03 8.153746375489724293e-03 8.191519473808131155e-03 8.216827553352380742e-03 8.205019553177456126e-03 8.195591715527182977e-03 8.163649375450663867e-03 8.180738038267130682e-03 8.144518760017628589e-03 8.250597187694745302e-03 8.185803426552333562e-03 8.199903815593052869e-03 8.173294282717296841e-03 8.227568365772196593e-03 8.152306130951792601e-03 8.218509543408726581e-03 8.173375451086336771e-03 8.181143974403549263e-03 8.198998609505344509e-03 8.196716943048999726e-03 8.152643215754418887e-03 8.281758788951784286e-03 8.181582039179667934e-03 8.216593727664743899e-03 8.230617200283783449e-03 8.164902886138547880e-03 8.167416895051396106e-03 8.209818638984596809e-03 8.171903379616363844e-03 8.136414190413446962e-03 8.199976599145491346e-03 8.185501691137206035e-03 8.160215260030615272e-03 8.212527720386527189e-03 8.144487645050026148e-03 8.190524103552841023e-03 8.122537250038067494e-03 8.185816508348941339e-03 8.244208775610415568e-03 8.121156768754763874e-03 8.185030621141070259e-03 8.096906688230079766e-03 8.194378803470674100e-03 8.220438067785280911e-03 8.216171125839289921e-03 8.163323186303406837e-03 8.186876543753838012e-03 8.288647335140311018e-03 8.200278930455424595e-03 8.203583892628176638e-03 8.153276729605838519e-03 8.194012793625546007e-03 8.147047211564317423e-03 8.149608178364462982e-03 8.193999881705545801e-03 8.197254869786570197e-03 8.252370273315795535e-03 8.187506302537428046e-03 8.134630228407541477e-03 8.169188329500021856e-03 8.198098505705943284e-03 8.140009453426853489e-03 8.264883678187888438e-03 8.135572623274961793e-03 8.171045290942825431e-03 8.218153897370012242e-03
7.529405482626074821e-03 7.738199626173701724e-03 7.762113629524310457e-03 7.564843287198718715e-03 7.548946037321677821e-03 7.548080019740816167e-03 0.000000000000000000e+00 7.529512698546675722e-03 7.556093035626882358e-03 7.762842307154471828e-03 7.511946081925706051e-03 7.546464149239678898e-03 7.561198273925357101e-03 7.763667930202248699e-03 7.840271437588643491e-03 7.548564635201720878e-03 7.541447379400315586e-03 7.531661360782577683e-03 7.542262862866389549e-03 7.537009729952255654e-03 7.538679497901191150e-03 7.541601006978727699e-03 7.728519552265260099e-03 7.526912148848256823e-03 7.554502420970312694e-03 7.549155020649342580e-03 7.549622782146506172e-03 7.534162328155321990e-03 7.527725290694625357e-03 7.545180925301346250e-03 7.554831243992368543e-03 7.552583240331553135e-03 8.245703569234555386e-03 8.197539069311948756e-03 8.266562516346475861e-03 8.267072766649154192e-03 8.191690597454443293e-03 8.161778886507995226e-03 8.160347752703472554e-03 8.282029469606072558e-03 8.241743583609795198e-03 8.215934271810906506e-03 8.120231553846776057e-03 8.213850073816536188e-03 8.192146793120797313e-03 8.284145628178907900e-03 8.246724376791188943e-03 8.212236633844823344e-03 8.237996625424199443e-03 8.268621430341703549e-03 8.190811460460143203e-03 8.234164956551078343e-03 8.208536056163185865e-03 8.248869753089228818e-03 8.244288539484289496e-03 8.254285096085499027e-03 8.241133602503156186e-03 8.232621202973258723e-03 8.218960957846445370e-03 8.313499784340431381e-03 8.315091124279873000e-03 8.278898278423514959e-03 8.241122779841254103e-03 8.234763057543599205e-03 8.248335299783422780e-03 8.274742238782207410e-03 8.263210988204646584e-03 8.251938767715861697e-03 8.223684750450729539e-03 8.238335696218982915e-03 8.205714799828444164e-03 8.307799739602170566e-03 8.245570394531102909e-03 8.258630706010973085e-03 8.232773901504010852e-03 8.285043489351240700e-03 8.212916584267492687e-03 8.276454788468407681e-03 8.233232327386786134e-03 8.240414327996251412e-03 8.258126861826633677e-03 8.255368073390114206e-03 8.213314300685043909e-03 8.337739173149684088e-03 8.240890720835870875e-03 8.274513743891329445e-03 8.288052999803544388e-03 8.222580154568150113e-03 8.224914044633520674e-03 8.267966616413201589e-03 8.231732459426618562e-03 8.197674367598807577e-03 8.259141088586337276e-03 8.244876180876254887e-03 8.220256846265115713e-03 8.270678466952365721e-03 8.206228244610092037e-03 8.250315810303769648e-03 8.184159159759099925e-03 8.246917482289601795e-03 8.302412311528376346e-03 8.183948097144773046e-03 8.244999749495784264e-03 8.176805796951264194e-03 8.254542330465998445e-03 8.279177574187035135e-03 8.275565350897826772e-03 8.224383068614627909e-03 8.246920302418130067e-03 8.346020494730784986e-03 8.260685712376689138e-03 8.263400480197222869e-03 8.214627789476172323e-03 8.252207462141945490e-03 8.208724718987373686e-03 8.209692928707840870e-03 8.252126570664907942e-03 8.258049686494389058e-03 8.309782158303960151e-03 8.248026698688017480e-03 8.197661847850784556e-03 8.231023227724183766e-03 8.257576813272998403e-03 8.201914905910103262e-03 8.322549892885703141e-03 8.198575432572617963e-03 8.232291923642063095e-03 8.277449607606781820e-03
7.523719496608727124e-03 7.546666880834802284e-03 7.535275407547743949e-03 7.755544743750304032e-03 7.545054925865279233e-03 7.540597918200008659e-03 7.529512698546675722e-03 0.000000000000000000e+00 7.545459156441720709e-03 7.754298349867450729e-03 7.528058033798436938e-03 7.535243803041060361e-03 7.756820981138719089e-03 7.570561494373312210e-03 7.828609461016405868e-03 7.548805592835871117e-03 7.745835435410643698e-03 7.523850464197900934e-03 7.527653783205401176e-03 7.729259861565066295e-03 7.531939162627893439e-03 7.532722377827623730e-03 7.513279819722848071e-03 7.727393162558662647e-03 7.552413841504384412e-03 7.547022955229991045e-03 7.743332771200515247e-03 7.529946738192083017e-03 7.532289520009170444e-03 7.516045512244623299e-03 7.542006301998432742e-03 7.555532007134005412e-03 8.212010158752358971e-03 8.168012638095306296e-03 8.238225568231390822e-03 8.238770852592312149e-03 8.162098421038477963e-03 8.132467829368801929e-03 8.129883889731520305e-03 8.253767536735163654e-03 8.212953928877605309e-03 8.186686897945591457e-03 8.088874761848890635e-03 8.184528737895694142e-03 8.162394458789593021e-03 8.255921616812563965e-03 8.217932698245300829e-03 8.183078007334301449e-03 8.209161393278518667e-03 8.240307401096142945e-03 8.162218962886207130e-03 8.205379779736692372e-03 8.178876094504874267e-03 8.220294265268945216e-03 8.216599406769225719e-03 8.225738030124499917e-03 8.207354577112324981e-03 8.203819976487537746e-03 8.189914713020439094e-03 8.285769133306369535e-03 8.287677945832834167e-03 8.250773483905449873e-03 8.212511569517294899e-03 8.205734825626566364e-03 8.221864617247524529e-03 8.247749725397665946e-03 8.236279399591196065e-03 8.225665563293889024e-03 8.195929053551740534e-03 8.216557196562260593e-03 8.177278097683995939e-03 8.281581323010807003e-03 8.218014872269009674e-03 8.231463198165263340e-03 8.205265558263391892e-03 8.258432053875072384e-03 8.184917344426305072e-03 8.249450249128353549e-03 8.205561513534286380e-03 8.212980993507765573e-03 8.231047007219395237e-03 8.228216776255630957e-03 8.185113690054144839e-03 8.311999183204441671e-03 8.213477738015473664e-03 8.247684529622314673e-03 8.261454877490149659e-03 8.195759018405171861e-03 8.198222071854060697e-03 8.241061381396356383e-03 8.203895583087953899e-03 8.169372612007444120e-03 8.232031314187163162e-03 8.217468632708941137e-03 8.192495801999519905e-03 8.243594464183627221e-03 8.177776478913881958e-03 8.222552551603120111e-03 8.161829678870085800e-03 8.218920074309247342e-03 8.275657216313058243e-03 8.154784852746109827e-03 8.217387676123292378e-03 8.148527321690666320e-03 8.226936522932933732e-03 8.252065627325657834e-03 8.248509009134145920e-03 8.196297727421060844e-03 8.218668546944465567e-03 8.319845065063422723e-03 8.233171916998719211e-03 8.235934764999590027e-03 8.186184492650624284e-03 8.219802045653708256e-03 8.179881191793077905e-03 8.176174520067776633e-03 8.230581060288975903e-03 8.230271311551256089e-03 8.283075452016700965e-03 8.220242458408801370e-03 8.168547082457110545e-03 8.203031648590208835e-03 8.229984963971094872e-03 8.173209948164741889e-03 8.296015665914624124e-03 8.169731946743747156e-03 8.204437954441558961e-03 8.250177528673924982e-03
7.573614971439894018e-03 7.565903176825089851e-03 7.549847378892807909e-03 7.556860779237507299e-03 7.551859050042190186e-03 7.581379413208737261e-03 7.556093035626882358e-03 7.545459156441720709e-03 0.000000000000000000e+00 7.571997336057566773e-03 7.565634236743545675e-03 7.525985320686465023e-03 7.737816439496505820e-03 7.590597027036797423e-03 7.606715820657766573e-03 7.588306600592403459e-03 7.788762009350993359e-03 7.569217240830185267e-03 7.575936802015878317e-03 7.537511788564741494e-03 7.766440296261560745e-03 7.561162026603640909e-03 7.556498777011966955e-03 7.557435224335161059e-03 7.553019925951817183e-03 7.537887887081051903e-03 7.560754449106288876e-03 7.566909486801325947e-03 7.555272230525171030e-03 7.562471304485902934e-03 7.561283391069743669e-03 7.562002263109860248e-03 8.284154207529119060e-03 8.244140752119429733e-03 8.310834751055993022e-03 8.311726594473892171e-03 8.238410301499177885e-03 8.208145588753601452e-03 8.207911093109141951e-03 8.326060787784996670e-03 8.286731974801475956e-03 8.262061317862539472e-03 8.169196062094560493e-03 8.259659792948436871e-03 8.238650697922579244e-03 8.328135513280444588e-03 8.291643501199513766e-03 8.258297600974916913e-03 8.283461638468414198e-03 8.312793528865224796e-03 8.236552046574802458e-03 8.279642935509317833e-03 8.254763910605410551e-03 8.293892127841174036e-03 8.288530212327898869e-03 8.299274773385992982e-03 8.279086961806987957e-03 8.278143395649696992e-03 8.264872988462946407e-03 8.356659379457630904e-03 8.358668056627901674e-03 8.323195197119059169e-03 8.286337181976679775e-03 8.280040736486507860e-03 8.293889955305579903e-03 8.320446491309354750e-03 8.309073391973139863e-03 8.296632838484245542e-03 8.270435592909656727e-03 8.283584182214006122e-03 8.253136706742875486e-03 8.352029534383033013e-03 8.291785921045626354e-03 8.304584034916146634e-03 8.279444228834906272e-03 8.330448359846323592e-03 8.260271911942989459e-03 8.321928567033990212e-03 8.279858993297070646e-03 8.286960734419989566e-03 8.304149668490141967e-03 8.301499381327856822e-03 8.260428992285104993e-03 8.381660410301874919e-03 8.287393814269367748e-03 8.320239324405287462e-03 8.333437709158850529e-03 8.268922588963814949e-03 8.277702610413398276e-03 8.313779400806825537e-03 8.278609297075769508e-03 8.245389837874761430e-03 8.305126487635820093e-03 8.291060485575237407e-03 8.267288963168535620e-03 8.316480367277199331e-03 8.252946804369731132e-03 8.295452532609557186e-03 8.234244664466800964e-03 8.291234275571140316e-03 8.345401883174966007e-03 8.231124889282950483e-03 8.290485598553137825e-03 8.205673798570291624e-03 8.298751861270254812e-03 8.323654447187155137e-03 8.319537008047552321e-03 8.270529972806982960e-03 8.291756847735058319e-03 8.388061287916201772e-03 8.304785293171955754e-03 8.307472182330874130e-03 8.260759912704212019e-03 8.289967539104900127e-03 8.254893454301233044e-03 8.248392953019578408e-03 8.300722540753693521e-03 8.302974946175345830e-03 8.353286417043324918e-03 8.292517478142791970e-03 8.243587262013378145e-03 8.276462081381458918e-03 8.302359895083434929e-03 8.248485616754378316e-03 8.365150909046768432e-03 8.244740869410632431e-03 8.277430245448951646e-03 8.321264582848941077e-03
7.506626586609424848e-03 7.528860936598898330e-03 7.529473347939192283e-03 7.575493028010181831e-03 7.761536296559972195e-03 7.766753165590494813e-03 7.762842307154471828e-03 7.754298349867450729e-03 7.571997336057566773e-03 0.000000000000000000e+00 7.743426924712863875e-03 7.544899373946900231e-03 7.532739014637939400e-03 7.533113206993359220e-03 7.804884063188793387e-03 7.766804716261190532e-03 7.506465061835019235e-03 7.514143574314329638e-03 7.494499822931594349e-03 7.760356278546592414e-03 7.763111222766492375e-03 7.516972213364794819e-03 7.748119849803425038e-03 7.756851463393235613e-03 7.554471534820574215e-03 7.561458168630284284e-03 7.537211600385593062e-03 7.511888348242502962e-03 7.540537162327541100e-03 7.504710947860461501e-03 7.773695265272810399e-03 7.565395113450447753e-03 8.162977032257380874e-03 8.116825364316564151e-03 8.189922822318064857e-03 8.189910046639253122e-03 8.110786471506311462e-03 8.081917259949396304e-03 8.076699158163934758e-03 8.205385145120182300e-03 8.163689762425827348e-03 8.135834112780451419e-03 8.033644376641516094e-03 8.134177387473779872e-03 8.111108305885642022e-03 8.207869288877286257e-03 8.168729068098085772e-03 8.132686334432967512e-03 8.159153110406939385e-03 8.192026664643203143e-03 8.121376346355688516e-03 8.155712903630931224e-03 8.127478690802278707e-03 8.171088194985541564e-03 8.168519476753722391e-03 8.176661424631734287e-03 8.158846071366179439e-03 8.154197547253650563e-03 8.139756998096676216e-03 8.238696975854782611e-03 8.240309349152936946e-03 8.202594063647960718e-03 8.163272968156743206e-03 8.156025796759034524e-03 8.181679150601302991e-03 8.200514063548694846e-03 8.188627213694309182e-03 8.179330004188222966e-03 8.146439289619633942e-03 8.164159080921140274e-03 8.126683125411241285e-03 8.235124547353417715e-03 8.169492749513802138e-03 8.182901081044247071e-03 8.156483609735509441e-03 8.211152921465680876e-03 8.135194072993172376e-03 8.201725345088718006e-03 8.155977274329886950e-03 8.164135768854800454e-03 8.183168159662973160e-03 8.179944806301676224e-03 8.135034543017716918e-03 8.266489785368489121e-03 8.164634257503524187e-03 8.200256743802834813e-03 8.214283655046715829e-03 8.155192590467034985e-03 8.158658691880484384e-03 8.193230806328982013e-03 8.154784640363739456e-03 8.119069103513220156e-03 8.184116775839541877e-03 8.168129412601589714e-03 8.143234678687247957e-03 8.195918068707536142e-03 8.125376709607223802e-03 8.171538204686383186e-03 8.103887041566264909e-03 8.168098383869119156e-03 8.226514270815993637e-03 8.101468890448534910e-03 8.166249402445218200e-03 8.097203263367849096e-03 8.176262302799004733e-03 8.202041607014841362e-03 8.198448207820806244e-03 8.144312386296361991e-03 8.167945893723082759e-03 8.272056367270267871e-03 8.182672390675707272e-03 8.185509610134795652e-03 8.134192757511357619e-03 8.169657246844139187e-03 8.127559831667650891e-03 8.124493654324355107e-03 8.175317096149013751e-03 8.179739620702598801e-03 8.234041904891955740e-03 8.169256022932341529e-03 8.115964519998693227e-03 8.151584449634421622e-03 8.179328236101672533e-03 8.120720536247941559e-03 8.247627331518368743e-03 8.117204359080183382e-03 8.152888046642685002e-03 8.200378444465814334e-03
7.490241393927350722e-03 7.742667153566835415e-03 7.782969474608119990e-03 7.580494858947499186e-03 7.755057241893959820e-03 7.524825792747219175e-03 7.511946081925706051e-03 7.528058033798436938e-03 7.565634236743545675e-03 7.743426924712863875e-03 0.000000000000000000e+00 7.542605614956284649e-03 7.553930223133229274e-03 7.765707985068370789e-03 7.815934947317132800e-03 7.752582398901523841e-03 7.517589728787017582e-03 7.752936246831701114e-03 7.523559293545343390e-03 7.539106007502045272e-03 7.748447268163640919e-03 7.509223392811154897e-03 7.531047242758002851e-03 7.523601258960324091e-03 7.542639344885463358e-03 7.769462074063177015e-03 7.535218802217482324e-03 7.517919167680455102e-03 7.525686966897535309e-03 7.487975307690657688e-03 7.776480069698235575e-03 7.546221255308753831e-03 8.184375607137535369e-03 8.132217106463496617e-03 8.204682010571350687e-03 8.204896506146605248e-03 8.126201343933518381e-03 8.097229801120110412e-03 8.093123381351952431e-03 8.220417407708568991e-03 8.178734724401028749e-03 8.151398236617301077e-03 8.050673065507307422e-03 8.149515332366744774e-03 8.126701883345643224e-03 8.222610627726764654e-03 8.183764427913124695e-03 8.147816484896316241e-03 8.174468113967792507e-03 8.206824437102628114e-03 8.127518982587638233e-03 8.170680269579275179e-03 8.143409426439545892e-03 8.185979797837533364e-03 8.183290257064762888e-03 8.191501359535112090e-03 8.179669446652219206e-03 8.169146753966460839e-03 8.154873856074364158e-03 8.253193469145103656e-03 8.254705103462135762e-03 8.217166765103700588e-03 8.178122669814220924e-03 8.171217936861546391e-03 8.195470890835561406e-03 8.214849456836769565e-03 8.203032619826659474e-03 8.193115137444521856e-03 8.161313013468096331e-03 8.178572955821847290e-03 8.141862988260235509e-03 8.249184243294644531e-03 8.184144541281006963e-03 8.197464170308383508e-03 8.171210944004287866e-03 8.225400994136754587e-03 8.150203358833665868e-03 8.216087098753656684e-03 8.170825167585805959e-03 8.178827531101705642e-03 8.197667282597947275e-03 8.194473663728192928e-03 8.150068761606584986e-03 8.280239559571021465e-03 8.179338343347128046e-03 8.214606629970207241e-03 8.228515220448529705e-03 8.169176602453755501e-03 8.172523596443189223e-03 8.207633828973760065e-03 8.169603474181198755e-03 8.134237845144979065e-03 8.198621502318851131e-03 8.182894096393883779e-03 8.158102858938321919e-03 8.210323692952476923e-03 8.141287096890466660e-03 8.187482358428839826e-03 8.120510359834329922e-03 8.184079908764404360e-03 8.241973794817813656e-03 8.117878193617545854e-03 8.181983741002455887e-03 8.113676321693073443e-03 8.192142645963466224e-03 8.217528440133346421e-03 8.213920869065045177e-03 8.160264505100701254e-03 8.183895509672498708e-03 8.286998895514685257e-03 8.198504593967054915e-03 8.201313519937200938e-03 8.150208933626420030e-03 8.191548445528565314e-03 8.143911258319876112e-03 8.147105815234123236e-03 8.191261616992372152e-03 8.195411212526789238e-03 8.249443710689861528e-03 8.185205396627853042e-03 8.132235742060910794e-03 8.167276984539749429e-03 8.195178525298519104e-03 8.136866218801327294e-03 8.262693255333996775e-03 8.133212301693644800e-03 8.168764966965344834e-03 8.215816422384050396e-03
7.539767718748664055e-03 7.560315881475904165e-03 7.530057806436184047e-03 7.560959096838868430e-03 7.542690703260276734e-03 7.762464849687955581e-03 7.546464149239678898e-03 7.535243803041060361e-03 7.525985320686465023e-03 7.544899373946900231e-03 7.542605614956284649e-03 0.000000000000000000e+00 7.748257979293920843e-03 7.762016322719034710e-03 7.561285499413457692e-03 7.559508189837733580e-03 7.788461428717472108e-03 7.542003295340490160e-03 7.764423113549751530e-03 7.520358406951697591e-03 7.761259451249133065e-03 7.532632163140789983e-03 7.527696649142338360e-03 7.527010155387313904e-03 7.545555465370728729e-03 7.530543287002237733e-03 7.531397923239610201e-03 7.555053154198987722e-03 7.552282993209414458e-03 7.517692799597630593e-03 7.530451432747554442e-03 7.750439499052628675e-03 8.239553132616372899e-03 8.190921404351665311e-03 8.260768229792200823e-03 8.261093600163794265e-03 8.185280954308782678e-03 8.161375637957164753e-03 8.153050690481885437e-03 8.275953640414246762e-03 8.235740944478363648e-03 8.209353376267431238e-03 8.112484747783796357e-03 8.207422149406073258e-03 8.185522916108791888e-03 8.278132289406853195e-03 8.240697416897783609e-03 8.205827780959401921e-03 8.231785136835007011e-03 8.262815201327594963e-03 8.192599364615298085e-03 8.228299693995558620e-03 8.201571869144894458e-03 8.242832026631681519e-03 8.238897591482049337e-03 8.248461310530273705e-03 8.229341823891461391e-03 8.226747140700534089e-03 8.212967499483183817e-03 8.307669675474379720e-03 8.309394111280706333e-03 8.272876339527153108e-03 8.235321266257877165e-03 8.228417127217654836e-03 8.242589708942146126e-03 8.268822300623467417e-03 8.257249040042300564e-03 8.246042502661161261e-03 8.217159763166198561e-03 8.232371418809799821e-03 8.198979409165458795e-03 8.301537259721946532e-03 8.239227221312065905e-03 8.252347228047133415e-03 8.226605231997759227e-03 8.279194719277340950e-03 8.206574024134272172e-03 8.270284285231528643e-03 8.226728662197358571e-03 8.234270174611604820e-03 8.252158266527035574e-03 8.249316282736840478e-03 8.206678905036677782e-03 8.332037227323540671e-03 8.234749949093905438e-03 8.268608369377698775e-03 8.282230504947094354e-03 8.216963697178610720e-03 8.226820787423549247e-03 8.262009376124606133e-03 8.225498236213848319e-03 8.191189745460451810e-03 8.253144724312919123e-03 8.238451169943978095e-03 8.214005145444526132e-03 8.264709392124444318e-03 8.199414126448843071e-03 8.243994723670071065e-03 8.182560262810370869e-03 8.239791799264302094e-03 8.295825239454037922e-03 8.176940629083169834e-03 8.238664766254115424e-03 8.152987957936506588e-03 8.247607434511498511e-03 8.272956617592348502e-03 8.268786181929266982e-03 8.217829352658382810e-03 8.240114110483535287e-03 8.339478249983480959e-03 8.253843718427687423e-03 8.256542856307971107e-03 8.207819222517530322e-03 8.245506359620046952e-03 8.201867942120948801e-03 8.202677185489582259e-03 8.251227204503115698e-03 8.251550554299585255e-03 8.303809761006711310e-03 8.241023869556227469e-03 8.189853178981004039e-03 8.223785805434600041e-03 8.251237100050103426e-03 8.195052739338491016e-03 8.315815457545214229e-03 8.190807560392842843e-03 8.225186426057505898e-03 8.270500111113649605e-03
