0.000000000000000000e+00 2.038349004097284381e-02 1.704355588067928140e-02 1.575437542099172167e-02 2.212362629557382970e-02 2.234584344056048805e-02 2.867959583007633276e-02 2.156727439504608004e-02 2.170539706094245028e-02 1.844245271548850679e-02 1.985166294789238173e-02 2.494865395780713688e-02 2.021020094815359491e-02 1.898143911169344542e-02 2.020289961255403513e-02 1.907992309039170664e-02 1.872392422573762247e-02 2.072696803204607252e-02 1.926692780327421417e-02 1.790005176154673555e-02 1.739854958859568881e-02 2.273484509463732581e-02 2.807207459044348818e-02 1.964689406337512267e-02 2.026177294055830566e-02 1.962091459013618616e-02 1.717249525964504794e-02 2.520061042838112053e-02 1.868932491655795128e-02 1.993180457815273490e-02 2.068170260723675713e-02 1.932083306216638222e-02 1.870695284250577239e-02 1.909861855324320248e-02 2.044251566695222400e-02 1.923568829608768294e-02 1.926444722529703155e-02 2.144540726054601498e-02 1.750334714504658482e-02 1.918689785962781474e-02 2.354856885729228813e-02 2.567428940496873854e-02 1.815879906270417843e-02 2.214672609395528305e-02 2.164799701478671567e-02 2.172683583985331179e-02 1.885076901495030474e-02 2.169736778243483086e-02 2.170047151851007064e-02 2.106000686669764685e-02 1.938642735871869832e-02 2.042360672872097632e-02 2.096509453446485441e-02 2.040287264968928746e-02 2.168245396393402372e-02 2.336087181186682210e-02 2.362078574629553757e-02 2.086708777125607928e-02 1.914187569741636341e-02 2.152411742621213042e-02 2.004044781122979804e-02 1.911460226894958273e-02 1.934911954797877490e-02 2.269024555811722729e-02 2.087494003876900345e-02 2.273873385557893811e-02 1.890467444874815647e-02 2.052366662198571584e-02 2.165986188077468483e-02 2.009900454797168209e-02 1.863937548210217038e-02 2.071405147423355242e-02 1.998681434010734018e-02 2.176673375152355858e-02 1.985764797514023156e-02 2.030468897795396910e-02 3.021727021127703500e-02 1.819545088718035539e-02 1.722871617021732096e-02 2.481912763920653478e-02 2.202000374128049165e-02 2.432608910451213372e-02 1.941722960110917745e-02 1.866702933630276159e-02 2.498256839561564455e-02 1.824531602257590049e-02 2.085862883350567826e-02 2.372642807588879951e-02 2.179804754666848574e-02 2.156852924518578088e-02 2.290895584522514503e-02 1.994739525558244034e-02 2.248213879103695689e-02 2.129485572736553381e-02 2.153582308173165871e-02 2.271402803348309199e-02 2.231962943704702759e-02 1.857168115330837949e-02 1.989066126258165132e-02 2.233080626347952111e-02 1.904049553942589387e-02 1.938333822769553946e-02 2.128131124824398507e-02 2.286272643570038884e-02 2.042404350986460129e-02 1.511048568116294191e-02 2.255563615019200857e-02 2.084302131414278100e-02 1.645411664135069951e-02 2.004002425151236305e-02 1.791422682344539011e-02 1.861379151714642396e-02 2.517301561473151220e-02 1.916061000019071703e-02 2.088263028842920338e-02 1.917511951906280404e-02 2.081521355882881216e-02 1.780363687272645823e-02 1.762465112573944823e-02 1.782592555372719545e-02 1.687696490739187816e-02 1.578024186221311728e-02 1.591243187389394104e-02 1.701975987143193245e-02 1.294423555099936951e-02 1.612973514255836016e-02 1.648663289283749250e-02 1.773058564498171397e-02
2.038349004097284381e-02 0.000000000000000000e+00 1.849726409157648188e-02 1.823712117431585886e-02 2.158312966411624068e-02 2.463726611005690598e-02 3.025198239174585121e-02 2.408496575784416227e-02 2.434525489396017345e-02 2.197384774146369027e-02 2.331969767773280425e-02 2.748235713929645871e-02 2.359916762006448315e-02 2.291230424838006097e-02 2.351271968139748494e-02 2.219755332310244245e-02 2.227208153656737299e-02 2.365673087393402665e-02 2.274323866411305864e-02 2.132614951894786295e-02 2.182645221552397680e-02 2.600974055324353426e-02 3.099269322625922488e-02 2.324572193372350173e-02 2.423116702520142565e-02 2.362860855228931384e-02 2.260482017100178681e-02 2.886660620331016683e-02 2.281313123884940938e-02 2.381895175523379704e-02 2.493941232478631698e-02 2.402793773032994157e-02 2.450433333653444928e-02 2.335893449892576315e-02 2.421795260492892385e-02 2.353920763702849889e-02 2.302237254694258078e-02 2.509923949595875212e-02 2.182820202558898026e-02 2.296708067528078351e-02 2.631634463107361196e-02 2.838410762708751950e-02 2.163494309525075890e-02 2.551494383735331342e-02 2.443220461678021274e-02 2.417153408078109508e-02 2.193884081432846689e-02 2.409468316251627343e-02 2.462922166744639998e-02 2.403193442192046517e-02 2.018281200548261226e-02 2.383804707600870043e-02 2.340583751280888442e-02 2.314723152458827982e-02 2.470348834705186555e-02 2.598870046985249371e-02 2.559845399519861814e-02 2.371313530922536383e-02 2.206514338575312276e-02 2.466754164369416857e-02 2.283853555596075321e-02 2.269897004380722408e-02 2.257148251169187672e-02 2.623709830689603673e-02 2.456065787004909490e-02 2.555145608409137639e-02 2.244658526043058142e-02 2.405400857633160222e-02 2.428676459033329849e-02 2.392234864251664012e-02 2.228221996105637231e-02 2.413139434973499489e-02 2.361118876322115118e-02 2.456100807985036119e-02 2.311198162216712357e-02 2.319479271303818285e-02 3.236978268806835896e-02 2.162546031875954566e-02 2.104757407841124917e-02 2.733528203858436728e-02 2.493989470825873009e-02 2.653166211203408786e-02 2.243006753964685990e-02 2.208540996975357634e-02 2.775956460008704996e-02 2.142087871898069873e-02 2.435084819531907127e-02 2.687829126404903818e-02 2.500191756739796045e-02 2.497797726721236525e-02 2.603056877114055465e-02 2.334047354388897946e-02 2.580136298399126130e-02 2.483565071378117384e-02 2.477189859140185857e-02 2.587993961535934445e-02 2.548744556263990782e-02 2.213060397999993406e-02 2.344063188106718446e-02 2.541116456005730606e-02 2.297922092583735976e-02 2.286202952804589766e-02 2.435134076469062936e-02 2.569143913065681517e-02 2.397665811257468013e-02 2.031299346574679324e-02 2.567974282746321793e-02 2.392243398487070571e-02 1.953396939916424851e-02 2.055345590148338619e-02 2.220424769357721637e-02 2.188683405543594140e-02 2.778568744515053437e-02 2.171456527154579791e-02 2.391586248339636761e-02 2.276740647232521411e-02 2.464778859533362648e-02 2.177273311878425571e-02 2.215904545956556837e-02 2.207971843914878843e-02 2.040850560356959401e-02 2.185457726343062457e-02 2.102325803192824777e-02 2.295413532066960596e-02 1.973482836377106128e-02 1.885597054878794532e-02 2.099441435490112529e-02 2.383758592080497882e-02
1.704355588067928140e-02 1.849726409157648188e-02 0.000000000000000000e+00 1.535668785884349193e-02 2.203256837725840050e-02 2.208129702909135406e-02 2.795486262766938221e-02 2.098916913386818586e-02 2.182980458898121923e-02 1.842974622741770652e-02 1.975321926344372758e-02 2.442711191914645127e-02 2.023309497336129095e-02 1.897571609449645244e-02 1.960080322571413486e-02 1.811131754748315087e-02 1.774374290576592392e-02 1.966726592202356488e-02 1.847392770004127605e-02 1.730498273170700402e-02 1.753389704735156679e-02 2.239927417766773843e-02 2.853508634637159577e-02 1.921574480776440733e-02 2.021777166613038246e-02 2.007254334640343890e-02 1.870561961832392997e-02 2.617318100818851259e-02 1.908686818799804411e-02 2.028884917176131814e-02 2.167953552020517385e-02 2.094988659075409237e-02 2.129496663548605118e-02 1.963626352335233471e-02 2.102453144605796395e-02 1.989908585232792043e-02 1.910098565924581160e-02 2.192849281557676666e-02 1.787866109892763747e-02 1.918480663588087096e-02 2.343335930392782124e-02 2.532467976854628489e-02 1.781495480918616689e-02 2.237604286784670299e-02 2.136305993677868956e-02 2.027128675643459846e-02 1.791525942176267275e-02 2.067923882615144496e-02 2.121736087533486817e-02 2.077731408373565888e-02 1.821652311354382547e-02 1.950632746041713536e-02 1.971581442247257940e-02 1.978661930753519704e-02 2.078123417191859307e-02 2.198017021941460133e-02 2.222102039669092421e-02 1.964974933498602264e-02 1.647659684927323120e-02 2.031501946945552667e-02 1.731139139422864168e-02 1.795857051551914829e-02 1.817699830082346660e-02 2.257705714042062065e-02 2.079320749289849737e-02 2.163298831605124650e-02 1.815471336856150017e-02 2.018146695013604830e-02 2.125343828302905802e-02 1.949953345519585962e-02 1.789431344269522273e-02 2.046534706237923204e-02 1.972750006190048325e-02 2.116799035015876074e-02 1.882338126522342669e-02 1.903576357654840692e-02 2.971490133068152920e-02 1.751456148968375676e-02 1.549887439956878707e-02 2.422059809327402682e-02 2.145704062878884752e-02 2.386181075205050933e-02 1.877861608268091911e-02 1.783234454236186026e-02 2.460276969308126602e-02 1.739206455272893775e-02 2.089619202785805360e-02 2.334368099670034932e-02 2.113564055024463526e-02 2.096977785690299842e-02 2.054252488785552472e-02 1.857861846985849053e-02 2.202474441287274529e-02 2.117860306761409558e-02 2.045861850427150436e-02 2.199294951369931000e-02 2.189379559061965450e-02 1.633410143911611170e-02 1.917246386305108269e-02 2.162752346192696809e-02 1.855446377147701442e-02 1.895645205851076778e-02 1.881993617884097220e-02 2.297332748980566303e-02 1.994837170739929139e-02 1.571758179325465771e-02 2.189775075538312119e-02 2.102474370229046041e-02 1.754623088352077337e-02 1.902693228778047294e-02 1.871611579254967711e-02 1.836247416792315471e-02 2.458934503118623618e-02 1.857034959883769112e-02 2.068219252602436845e-02 1.880538717034379789e-02 2.057657090385270338e-02 1.786662434133576977e-02 1.831274034041043344e-02 1.758506700729691938e-02 1.531687172250757907e-02 1.778426362939510355e-02 1.694515728882895617e-02 1.986059736082977645e-02 1.543761484396857959e-02 1.514202010323758597e-02 1.976609873402747700e-02 1.905502165970296771e-02
1.575437542099172167e-02 1.823712117431585886e-02 1.535668785884349193e-02 0.000000000000000000e+00 1.896211794765091663e-02 2.035478325757428958e-02 2.753612786214828384e-02 1.786682745237754000e-02 1.952163750284289026e-02 1.679053363743741867e-02 1.825346562149166366e-02 2.358677028863934849e-02 1.677461941849302945e-02 1.814420486602973809e-02 1.803033970563331159e-02 1.760441403384945327e-02 1.747094199380560750e-02 1.985937459995650370e-02 1.813710457940721429e-02 1.595063880028660397e-02 1.721230761402309933e-02 2.239916003745478709e-02 2.776223345904146531e-02 1.854970148493448323e-02 1.979738286195871499e-02 1.872375200571303397e-02 1.806391811243969123e-02 2.482157962551581262e-02 1.652125925112183855e-02 1.872214032472370449e-02 2.041634465526382183e-02 1.928886569925077413e-02 1.963358876588336410e-02 1.825478740204532213e-02 1.935805479589505426e-02 1.808643385311648963e-02 1.763570986777727306e-02 2.001372874416867606e-02 1.534990297750545366e-02 1.777602216281041689e-02 1.995307280438927966e-02 2.375808336383102362e-02 1.492875550290801052e-02 2.146948321648334962e-02 1.998759881688121423e-02 2.031066847426590133e-02 1.728329240349218282e-02 2.027096738283578822e-02 2.036153159863333950e-02 1.999491423051176844e-02 1.752198702885034848e-02 1.944793704452941335e-02 1.882932455548412196e-02 1.917135032568096156e-02 2.047003343093327724e-02 2.191428175245570265e-02 2.177914563556759484e-02 1.939918729101077280e-02 1.758215959562342209e-02 2.035553386704727630e-02 1.839769436599878946e-02 1.752826364314117105e-02 1.655506039973488053e-02 2.163673830126199710e-02 2.026458887911895476e-02 2.152975183259278266e-02 1.718401972654461096e-02 1.893114497092586099e-02 2.019733410539788221e-02 1.942335944786801466e-02 1.697696107393155407e-02 1.930373800801717457e-02 1.875033007567173532e-02 2.045224322850403703e-02 1.789369748967326729e-02 1.902052370828822073e-02 2.907056466937841047e-02 1.655547288488372348e-02 1.590748472869821586e-02 2.316178763700447313e-02 2.048870768340816176e-02 2.293036845666661383e-02 1.779259502141190830e-02 1.762584108823607443e-02 2.400190390513226579e-02 1.672189844233117062e-02 2.029880448175475777e-02 2.274581497064472047e-02 2.087458354387428106e-02 2.070215584760868102e-02 2.258567807774554750e-02 1.899558993192338244e-02 2.177077316365468029e-02 2.123657096885341392e-02 2.079750187790819355e-02 2.196605423105923299e-02 2.114211891917455385e-02 1.761633024390334146e-02 1.925253285778853740e-02 2.212174903460162323e-02 1.833393416085949898e-02 1.885740297131470108e-02 2.074580783446451984e-02 2.235584616980419020e-02 2.026698902800155161e-02 1.510598978758109778e-02 2.183973296606014913e-02 2.015303678481089253e-02 1.722557071727861058e-02 1.856422180722745036e-02 1.799973620031187008e-02 1.813038440281702912e-02 2.472614598966354008e-02 1.784975096580506196e-02 2.031088697380874220e-02 1.851408821128566057e-02 2.059092382394783066e-02 1.616578429809040554e-02 1.777356446705341542e-02 1.753434796125513673e-02 1.639604058846043030e-02 1.749348776824687784e-02 1.699848557180425740e-02 1.887055936101430381e-02 1.481426500902331168e-02 1.696362418279706921e-02 1.966658458323209888e-02 2.084988037079760215e-02
2.212362629557382970e-02 2.158312966411624068e-02 2.203256837725840050e-02 1.896211794765091663e-02 0.000000000000000000e+00 2.112150276247768896e-02 2.996433598828307857e-02 2.314477950521897157e-02 2.062193239283298743e-02 2.097091277576273657e-02 2.223061145813716097e-02 2.695985548951302171e-02 2.319047287756846251e-02 2.301698137820663501e-02 2.390629194360557874e-02 2.299574202430539754e-02 2.295952038825842256e-02 2.463064037701727729e-02 2.315444366893030029e-02 2.193127622171302249e-02 2.280092961383100789e-02 2.669357365081508060e-02 3.115515112813426260e-02 2.354676331053907196e-02 2.471026942285338771e-02 2.373514340093598254e-02 2.268445141220529551e-02 2.930769403441011237e-02 2.321869997062537064e-02 2.380097818493973061e-02 2.562714146637355694e-02 2.494889206273274984e-02 2.526949107384707585e-02 2.375084312620131741e-02 2.493403242303337750e-02 2.403043480299152726e-02 2.333966931636800857e-02 2.569242035138608049e-02 2.182958294284468789e-02 2.365240005085784275e-02 2.672004465345271737e-02 2.886783917440204419e-02 2.246768413473104395e-02 2.654963168893883368e-02 2.551334662986862178e-02 2.477242813727645321e-02 2.313862191490793571e-02 2.506178328198156030e-02 2.534027761748691362e-02 2.494797240792993517e-02 2.230071053476853637e-02 2.451703808481296015e-02 2.412240083192336570e-02 2.307195192292319993e-02 2.526677245130420912e-02 2.667210530492618303e-02 2.597965172891394947e-02 2.405658238377553562e-02 2.324238692846294571e-02 2.532214552609201794e-02 2.348002476225161811e-02 2.312787298516763568e-02 2.308962397297191840e-02 2.652468571414775753e-02 2.429892645940712192e-02 2.552668729865215091e-02 2.236593038017183413e-02 2.410158469150285032e-02 2.184452015009211504e-02 2.409866373415121485e-02 2.224027682152646471e-02 2.404631426414606185e-02 2.405695187893093848e-02 2.453918600441197875e-02 2.305393479049527156e-02 2.386626764558026290e-02 3.208508175662290463e-02 2.204169154386321008e-02 2.162927736113100241e-02 2.654369496789367802e-02 2.434266907413985478e-02 2.363224373804934109e-02 2.237804054844629020e-02 2.287507021895355402e-02 2.700756092163254102e-02 2.146198890617306149e-02 2.524068741791409692e-02 2.720776740851792164e-02 2.484177539855026220e-02 2.532901351619195121e-02 2.713398383984567952e-02 2.406349784022009108e-02 2.633049907543869028e-02 2.597880438633778932e-02 2.526851147450676419e-02 2.635656708843107932e-02 2.561674465180347263e-02 2.305342166802728382e-02 2.395810488891073758e-02 2.569147769713174198e-02 2.344236930433424293e-02 2.369151398152988600e-02 2.525981634690708730e-02 2.625352481379410186e-02 2.471695137827222000e-02 2.046019138403931681e-02 2.598168610195172867e-02 2.468242210890598393e-02 2.261370808274053637e-02 2.324117074503674260e-02 2.329444044691089330e-02 2.325940058805352206e-02 2.817617064327307755e-02 2.056675956471325228e-02 2.444153428660718330e-02 2.342019966042671944e-02 2.481492905189518205e-02 2.226215014649814833e-02 2.246129858490499356e-02 2.266954216450546913e-02 2.162679412450656605e-02 2.326099984995777872e-02 2.251661578008733872e-02 2.106322905394395623e-02 2.089628008209803295e-02 2.257317177970847438e-02 2.468340747303833169e-02 2.538880104162662826e-02
2.234584344056048805e-02 2.463726611005690598e-02 2.208129702909135406e-02 2.035478325757428958e-02 2.112150276247768896e-02 0.000000000000000000e+00 2.459400614683387304e-02 1.956642990428638165e-02 1.812105219747986787e-02 1.683161934112065508e-02 1.845929340019820605e-02 2.649078129211173208e-02 2.222384559593913039e-02 2.165094107279090518e-02 2.289604343663125333e-02 2.199357773427063414e-02 2.184705473755626376e-02 2.308536103135877190e-02 2.227098711442861145e-02 2.028243229846773965e-02 2.134850568009835636e-02 2.574151830216003106e-02 3.026962582626012768e-02 2.252107982175459086e-02 2.266755584202386625e-02 2.086789750827800285e-02 2.101938461270024677e-02 2.761431922961447155e-02 2.189309335024640368e-02 2.034441727835304900e-02 2.482747306850630054e-02 2.414110524407987388e-02 2.452129072956477085e-02 2.254246645807428048e-02 2.421374930232884914e-02 2.319305679133075795e-02 2.233360930408396366e-02 2.514307703947965544e-02 2.137144348455643356e-02 2.278520247167784007e-02 2.645084240705552689e-02 2.825212091016071278e-02 2.136044843957181361e-02 2.567688060330288249e-02 2.506189358840675910e-02 2.331548483927713480e-02 2.230567738723432739e-02 2.441560958044684468e-02 2.469325981964859418e-02 2.429696505516942828e-02 2.244869790998610393e-02 2.382965887376924455e-02 2.280369849865572854e-02 2.313258769862818962e-02 2.452906141209828736e-02 2.588668370490515916e-02 2.446395094306920426e-02 2.347736771770066178e-02 2.254485924680064632e-02 2.438980578100261032e-02 2.188699690585145519e-02 2.208723565678620895e-02 2.258307169447546295e-02 2.625371833749272008e-02 2.478053469637801418e-02 2.478458478159785427e-02 2.174256750217620424e-02 2.371546676562569927e-02 2.412134665547426698e-02 2.373347501958578132e-02 2.180013879929007525e-02 2.371803293378495908e-02 2.300316132455261509e-02 2.439497709718250334e-02 2.245434366078916111e-02 2.299999415164011296e-02 3.183524989044610176e-02 2.126366326934773024e-02 2.097645604720833196e-02 2.643381719649622041e-02 2.422707210282580223e-02 2.597654136024550586e-02 2.208886830858278194e-02 2.116698758845945647e-02 2.665636699009221733e-02 2.119330357407816709e-02 2.456822286972966396e-02 2.627394119753571899e-02 2.155553607119457468e-02 2.408011182035923320e-02 2.621107668014486039e-02 2.263091769830081340e-02 2.516102011107097455e-02 2.472185170377051711e-02 2.321688874266426492e-02 2.494450917520358094e-02 2.394619750103737371e-02 2.224335366555709945e-02 2.238506783031332659e-02 2.194796591118900603e-02 2.189675330919663154e-02 2.259051348335484183e-02 2.362687663813839434e-02 2.609424052613513317e-02 2.378671547575182330e-02 1.995755589319256687e-02 2.420130311490393399e-02 2.392988110427713561e-02 2.254562276455670741e-02 2.189584973887473418e-02 2.280390381840085093e-02 2.240756490105387175e-02 2.824420974409451446e-02 2.240615848509173655e-02 2.448847441716101025e-02 2.311911527065804023e-02 2.456865504902923381e-02 2.199096529933108890e-02 2.281393164070774637e-02 2.229637516819758802e-02 2.169152358683331186e-02 2.275457955622021966e-02 2.183562503011561226e-02 2.316195140260423821e-02 2.020909069170609071e-02 2.239965758867305812e-02 2.479508683482228512e-02 2.556068602612835208e-02
2.867959583007633276e-02 3.025198239174585121e-02 2.795486262766938221e-02 2.753612786214828384e-02 2.996433598828307857e-02 2.459400614683387304e-02 0.000000000000000000e+00 2.828927732827214367e-02 2.811751163570853224e-02 2.326649061729100729e-02 2.761338649785499005e-02 3.210423678169272571e-02 2.911775684589798519e-02 2.802410948018424844e-02 2.867278727569710917e-02 2.798042074849009173e-02 2.791834709890356203e-02 2.877533920718845437e-02 2.831064251273406052e-02 2.685462768626043634e-02 2.751088136811555285e-02 3.076111251347632067e-02 3.414826715858666067e-02 2.827181657396008949e-02 2.824833517193350851e-02 2.463422024894888068e-02 2.762365831682529402e-02 3.214507187285298856e-02 2.781301519014462570e-02 2.743374658961822074e-02 3.030874732704789618e-02 2.990954246104542830e-02 3.007988798099216210e-02 2.875707632245077042e-02 2.990807599514818532e-02 2.916475695820612557e-02 2.855675467438576962e-02 3.054355322209621748e-02 2.809309979758600403e-02 2.889811894031568337e-02 3.178086271679977926e-02 3.304022170669850683e-02 2.750760160895145481e-02 3.098246992993256357e-02 3.028321532346904543e-02 2.541526151701768363e-02 2.755897164240879438e-02 2.933393986319167424e-02 2.998163692203893727e-02 2.955730757418436119e-02 2.809471643526441006e-02 2.952734231324225314e-02 2.759575978558911208e-02 2.878378434691439974e-02 2.955835999082780108e-02 3.020359166763211464e-02 2.920433072661398829e-02 2.832064807433661013e-02 2.810731416447873054e-02 2.910998377833912132e-02 2.492191813930103375e-02 2.770923158239331149e-02 2.838517707757788611e-02 3.135301570825023421e-02 3.012758091194848997e-02 3.014159993902824214e-02 2.746438696649704594e-02 2.938071432220700982e-02 2.990010816593825782e-02 2.941570026492699996e-02 2.774426913772169365e-02 2.915597520029759512e-02 2.826818294659108957e-02 2.955867457955663538e-02 2.800495742619911119e-02 2.829777724403606531e-02 3.607197981542874243e-02 2.702962589879881472e-02 2.745145207156077585e-02 3.211161451096358754e-02 3.004588598967605773e-02 3.201842152681019793e-02 2.825431312900553160e-02 2.722627152189401739e-02 3.257031514906095354e-02 2.740234866942948058e-02 3.040547174876287451e-02 3.185735691761536204e-02 2.966958940735031289e-02 3.041247267771488016e-02 3.185478173689572368e-02 2.891844933531672809e-02 3.102146457163961965e-02 3.082517413767221076e-02 2.989776554934307079e-02 3.084206411406107892e-02 2.998949228242451040e-02 2.780720388282994712e-02 2.877193055412629111e-02 3.000479327748194203e-02 2.843694643488416454e-02 2.824105844993313186e-02 2.966208021897693073e-02 3.094263757286487559e-02 2.928227887746665675e-02 2.674434104800810577e-02 3.058066837677338862e-02 2.884980241653078287e-02 2.825408538320534763e-02 2.486496904010062486e-02 2.842855551889423432e-02 2.792276888237775478e-02 3.296200907111303258e-02 2.838610555953482995e-02 2.948290280306661501e-02 2.876231557180808363e-02 3.008692663369525247e-02 2.788705629824827711e-02 2.860134317934895018e-02 2.832988557929025028e-02 2.745603433820600209e-02 2.873167893348805429e-02 2.822452665735589519e-02 2.946420799943805235e-02 2.710970006991390846e-02 2.874603331008280041e-02 3.063673569963747817e-02 3.104164788238460149e-02
2.156727439504608004e-02 2.408496575784416227e-02 2.098916913386818586e-02 1.786682745237754000e-02 2.314477950521897157e-02 1.956642990428638165e-02 2.828927732827214367e-02 0.000000000000000000e+00 1.863030089092829883e-02 1.862528449591855165e-02 2.038384503818103238e-02 2.564675980521496229e-02 1.883454793257818144e-02 2.085945838727388049e-02 2.189246334293775548e-02 2.091390188605568926e-02 2.101891199743193342e-02 2.250105017271322727e-02 2.098576633735133035e-02 1.818761562877626442e-02 2.115267966004241718e-02 2.528530521916921500e-02 2.993829433397110842e-02 2.167998017436349387e-02 2.272338454525271376e-02 2.137944468913795595e-02 2.057562422473454070e-02 2.774663339680821100e-02 2.148921102295773058e-02 2.194414998795914465e-02 2.420254042231384517e-02 2.315990580305055460e-02 2.384589839822788548e-02 2.188231515054459009e-02 2.339270645559405823e-02 2.248354767613140043e-02 2.161503738901091390e-02 2.440313781207893370e-02 2.071656483378985641e-02 2.179422228322175706e-02 2.542710249114775098e-02 2.707217448184315312e-02 2.036255557047503620e-02 2.445773075945073538e-02 2.392233569001121080e-02 2.264580316161775991e-02 2.070047109764218407e-02 2.350953364234135284e-02 2.372175190128763406e-02 2.314108262928912807e-02 2.090757996594790405e-02 2.270790543639309572e-02 1.924637311635829864e-02 2.158574678978265882e-02 2.316329299953461679e-02 2.461273172754716715e-02 2.073168626141421583e-02 2.188329487125354605e-02 2.059481491210979689e-02 2.283311888802559003e-02 2.089139467524604721e-02 2.053657341448206913e-02 2.112317336902308496e-02 2.516674068833756397e-02 2.408290002041769615e-02 2.437575286558280388e-02 2.084221201910596913e-02 2.269792721307345787e-02 2.357155765174963336e-02 2.287131563496391101e-02 2.052491821275607975e-02 2.246566421031913688e-02 2.200590904311494275e-02 2.350196839555570780e-02 2.116892995380145054e-02 2.210266314315833397e-02 3.125710673363361891e-02 2.041221585712908390e-02 2.039523353210796405e-02 2.623272861197354158e-02 2.320350592764120964e-02 2.589924831185744236e-02 2.104254050727924139e-02 2.091587833320166304e-02 2.666801079231170477e-02 2.022013183470280223e-02 2.410440098725697908e-02 2.595496788442058084e-02 2.330387087616517597e-02 2.387820261033210198e-02 2.554665018269894339e-02 2.198801735594339488e-02 2.406744158766755196e-02 2.365984859899223150e-02 2.304137613823168534e-02 2.336215025878063054e-02 2.066991073039856422e-02 2.074624286921598545e-02 2.106464827203312351e-02 2.397402337439078976e-02 1.878738904373917704e-02 2.136186369798488346e-02 2.331209428808500919e-02 2.526645067504883560e-02 2.322354988438070367e-02 1.893774211363128540e-02 2.437199931004198350e-02 2.348864813493011655e-02 2.170087018591347616e-02 2.146148164939566672e-02 2.188165404779023049e-02 2.179502258615750865e-02 2.744662544563885101e-02 2.154334857723797306e-02 2.374290748828847275e-02 2.219126047048748662e-02 2.402266408549618565e-02 2.067864336464126859e-02 2.193106954514917328e-02 2.144987696597892152e-02 2.093614526607007545e-02 2.165195409010433128e-02 2.060895197312311022e-02 2.331440152062880938e-02 1.972731173297432444e-02 2.179820561604966719e-02 2.404635055498503121e-02 2.504289655194114755e-02
2.170539706094245028e-02 2.434525489396017345e-02 2.182980458898121923e-02 1.952163750284289026e-02 2.062193239283298743e-02 1.812105219747986787e-02 2.811751163570853224e-02 1.863030089092829883e-02 0.000000000000000000e+00 1.700576898258394573e-02 1.848622266444151230e-02 2.310637978098947429e-02 1.945725589975540876e-02 1.931661046574960697e-02 2.237562663041881006e-02 2.170719149835938916e-02 2.171107912214011518e-02 2.325216183080591054e-02 2.191268696010545414e-02 1.996325886951819811e-02 2.161351476060418761e-02 2.568366804748703144e-02 2.981877259027786511e-02 2.200987795141859382e-02 2.286107560545154113e-02 2.158469724059126904e-02 1.936030131781363295e-02 2.797970109106930753e-02 2.210921060774310651e-02 2.217907622549772015e-02 2.460001292020888922e-02 2.353508176274726749e-02 2.418942170323461899e-02 2.222648154895017630e-02 2.388674509802997045e-02 2.297991140557833004e-02 2.212037862422460907e-02 2.480013222725664310e-02 2.095327169132723058e-02 2.248693395422806524e-02 2.609607461522046520e-02 2.800479861532778267e-02 2.110540394943396028e-02 2.498372672812278900e-02 2.454588065827537774e-02 2.366862032129509602e-02 2.184183496075339445e-02 2.417114552380370679e-02 2.429348625983650256e-02 2.384351872027935110e-02 2.194165193329706762e-02 2.298483355434483011e-02 2.248777464731323977e-02 2.192530533808044815e-02 2.411211475274160215e-02 2.551887044865570539e-02 2.392972204153189300e-02 2.305959362796964479e-02 2.174174719549853627e-02 2.396402959917553338e-02 2.195540087734548437e-02 2.112054277816223513e-02 2.160893947580207197e-02 2.560971376801811708e-02 2.416811999203371739e-02 2.485542850457049882e-02 2.137043575921657515e-02 2.271640320079517869e-02 2.352140559066625419e-02 2.292157602898458810e-02 2.103634030389964563e-02 2.321985661791489686e-02 2.289568966483142981e-02 2.393568889542285402e-02 2.192156097833161330e-02 2.283149829369782169e-02 3.160478720776654232e-02 2.116413506954495372e-02 2.100867865371671903e-02 2.630315200603439499e-02 2.406096073789044942e-02 2.587144253969707319e-02 2.192439543124977477e-02 2.154248882278172669e-02 2.697348692108725299e-02 2.075007435608015871e-02 2.448630234409475762e-02 2.647540176828203085e-02 2.363974720900664794e-02 2.442146495446938237e-02 2.605965381346586965e-02 2.279523502096924420e-02 2.522485920357150566e-02 2.469946447400175882e-02 2.365093017076914245e-02 2.490143383580693814e-02 2.394089803309935871e-02 2.189746268710061200e-02 2.247513080411554440e-02 2.405416555568749490e-02 2.146953416159597811e-02 2.225843121316874174e-02 2.383008432577981769e-02 2.564671958468773758e-02 2.289891950521989045e-02 1.941480458248335400e-02 2.444350346962405329e-02 2.361791618677993448e-02 2.206551689745637687e-02 2.238767603756191410e-02 2.235414028166410674e-02 2.202541970543895819e-02 2.789396516045207844e-02 2.181983094518013394e-02 2.416815540164218151e-02 2.271025499410807280e-02 2.407572506780942395e-02 2.155433374152760165e-02 2.230889282949010191e-02 2.184384778290616655e-02 2.132285263403448095e-02 2.202806304450027897e-02 2.130967427738996584e-02 2.269163184569207917e-02 1.985458983511807080e-02 2.228066598700852857e-02 2.440615308548929607e-02 2.531556415472640403e-02
1.844245271548850679e-02 2.197384774146369027e-02 1.842974622741770652e-02 1.679053363743741867e-02 2.097091277576273657e-02 1.683161934112065508e-02 2.326649061729100729e-02 1.862528449591855165e-02 1.700576898258394573e-02 0.000000000000000000e+00 1.612516508386612271e-02 2.381426534781494811e-02 1.907406716260897500e-02 1.638774912318870583e-02 1.767799115829298343e-02 1.794159018702230768e-02 1.816044926280643151e-02 1.998820536593952021e-02 1.855909422188856822e-02 1.631961917519091435e-02 1.775853979690604836e-02 2.271905733593035728e-02 2.753995110301066251e-02 1.874356263738833489e-02 1.963237999205645623e-02 1.677927645293085870e-02 1.783170006290434387e-02 2.506478711367957773e-02 1.844029234934621564e-02 1.854165683716969479e-02 2.141018162930017135e-02 2.071800524386371509e-02 2.081289460587226747e-02 1.897514418277882267e-02 2.050042492909583472e-02 1.957935511643365406e-02 1.850355463053282232e-02 2.079473920924646696e-02 1.744511583604527530e-02 1.892679986898322675e-02 2.275362027397088288e-02 2.493572108784113464e-02 1.620631606255053606e-02 2.184814243147218532e-02 2.125359091893425784e-02 1.974023130771132561e-02 1.792252810695605866e-02 2.058890617566093428e-02 2.082834358639541056e-02 2.040492800933782491e-02 1.830815315788123995e-02 2.032307923704256697e-02 1.890042298779030100e-02 1.921382505235240401e-02 2.085468912186145413e-02 2.221528355892243844e-02 1.984862657090540397e-02 1.938278702762311761e-02 1.817143798095205431e-02 2.033677067037334071e-02 1.787495173065730206e-02 1.794440522315893585e-02 1.869107872700539671e-02 2.264518764217425192e-02 2.059279517027565176e-02 2.211801054907414077e-02 1.796803965839676928e-02 1.984080081192830108e-02 2.106983028731226892e-02 2.016858388437905297e-02 1.797620428164814488e-02 2.011546311356836661e-02 1.939356539471745466e-02 2.105908844949385891e-02 1.889466359040093899e-02 1.932804284185810073e-02 2.957188438723882748e-02 1.740319844775806493e-02 1.708596737547554006e-02 2.392029455260570939e-02 2.138143825072497464e-02 2.386658617975324914e-02 1.868128040885268931e-02 1.787774766578634211e-02 2.461124326967635209e-02 1.760987915205879453e-02 2.140991255968494045e-02 2.348245047054843201e-02 2.093307937616100886e-02 2.153562458557392936e-02 2.358729335864862345e-02 1.963120899000132119e-02 2.247919975416000707e-02 2.205958379701564165e-02 2.090032480310407073e-02 2.236752640169295189e-02 2.147465157233136371e-02 1.819916800310888289e-02 1.921523051573389637e-02 2.186750199044558418e-02 1.868133686349002232e-02 1.744425215477957494e-02 2.109959653338860236e-02 2.248191128848413614e-02 2.055249767639053329e-02 1.547162180331316909e-02 2.172348857676901709e-02 1.838410825616731276e-02 1.825057879019235593e-02 1.797404742026434063e-02 1.821158948178103892e-02 1.798297960104752735e-02 2.517945549151754878e-02 1.874043645281102399e-02 2.089826756971743110e-02 1.910799172045687597e-02 2.112621692034273579e-02 1.801509249290645168e-02 1.867559784370622158e-02 1.843685400895077320e-02 1.750114454306626183e-02 1.875139710785622693e-02 1.812486159846082856e-02 1.863649808189020082e-02 1.620268409831606554e-02 1.904621083196633008e-02 2.163858169314857027e-02 2.218466613595040937e-02
1.985166294789238173e-02 2.331969767773280425e-02 1.975321926344372758e-02 1.825346562149166366e-02 2.223061145813716097e-02 1.845929340019820605e-02 2.761338649785499005e-02 2.038384503818103238e-02 1.848622266444151230e-02 1.612516508386612271e-02 0.000000000000000000e+00 2.484077044978447515e-02 2.041433414760731452e-02 1.931578958860585837e-02 2.017510896221843750e-02 1.875628342379304439e-02 1.848031144378539659e-02 1.975486297285707418e-02 1.918931015994039882e-02 1.602011378872751288e-02 1.878358991556159513e-02 2.348563659006018892e-02 2.883035851438775499e-02 1.956706077256476287e-02 2.120196772895914517e-02 2.017619169644180310e-02 1.956276700060183282e-02 2.654556996494126728e-02 1.950052338049504050e-02 2.036738745064020986e-02 2.221488060612324469e-02 2.159491338815541089e-02 2.189179375209948999e-02 1.954453877380383023e-02 2.084365580840101539e-02 1.983159791598551949e-02 1.751057314889866920e-02 2.223579759767492850e-02 1.661235703683776321e-02 1.872469224869840326e-02 2.350335748237623520e-02 2.569117764067329474e-02 1.874171071429941646e-02 2.318186007270720342e-02 2.219687928572352392e-02 2.181133141320715577e-02 1.971371841279895634e-02 2.169605374341244258e-02 2.148316298896374432e-02 2.203296466218124597e-02 1.987901558960178394e-02 2.112331288565116871e-02 2.119231164086904373e-02 2.117863655358270814e-02 2.214250382977592593e-02 2.395180997729474612e-02 2.364676312654492851e-02 2.123729056222505365e-02 2.045508209522779036e-02 2.264290844354297644e-02 2.059476026175106542e-02 2.003764300270238774e-02 2.032766674701325452e-02 2.395588005097934806e-02 2.240695894280353428e-02 2.306324870797689039e-02 1.938494984181392614e-02 2.105102834394194378e-02 2.244237424139497797e-02 2.120793006302846770e-02 1.898792522190901819e-02 2.131196755552275737e-02 2.102031853270890788e-02 2.200792118351858895e-02 1.949161322257510903e-02 2.047540495632613547e-02 2.934696224643205953e-02 1.815690046441576985e-02 1.762357757891647517e-02 2.183460374564339876e-02 2.107793899597436640e-02 2.338468219309121007e-02 1.860473949369222807e-02 1.894541174808749701e-02 2.394063787212392935e-02 1.788674640757517004e-02 2.155682745923255192e-02 2.373200739126504755e-02 2.040194873069430329e-02 2.107726448819875753e-02 2.366185033540781774e-02 1.994969007016770754e-02 2.260108242314480889e-02 2.234503983893307982e-02 1.941088719157646816e-02 2.259940460611687199e-02 2.208044156838650379e-02 1.973068098568631773e-02 2.003580206934820612e-02 2.231190997726399672e-02 1.990405628615161959e-02 2.031136438016022117e-02 2.148184677723875141e-02 2.423322732206979746e-02 2.169071716171854305e-02 1.642556698040422911e-02 1.959227514529099726e-02 2.150787077475913023e-02 2.002777865833017118e-02 2.008264951565802772e-02 2.012426318631730521e-02 1.940686055611818076e-02 2.635622739908922985e-02 2.027736203880638535e-02 2.231575490448814772e-02 2.055538893438883449e-02 2.212551586456477579e-02 1.951163245338699559e-02 2.027717836969505569e-02 1.934961504025597620e-02 1.860352683422242248e-02 2.016672494788793180e-02 1.912326470966703440e-02 2.109877101784790945e-02 1.665715670705622542e-02 2.023420249907567983e-02 2.239793934328416711e-02 2.338426196687805672e-02
2.494865395780713688e-02 2.748235713929645871e-02 2.442711191914645127e-02 2.358677028863934849e-02 2.695985548951302171e-02 2.649078129211173208e-02 3.210423678169272571e-02 2.564675980521496229e-02 2.310637978098947429e-02 2.381426534781494811e-02 2.484077044978447515e-02 0.000000000000000000e+00 2.542921513230191055e-02 2.447971477660621994e-02 2.530557878890623072e-02 2.329101538222280027e-02 2.358253468063933184e-02 2.554827150082627021e-02 2.391156787205188719e-02 2.313473169862691886e-02 2.440459588123230356e-02 2.760070426002780505e-02 3.224558131986608039e-02 2.483375465806954285e-02 2.581957309078325435e-02 2.550581979538462177e-02 2.346949277707782722e-02 3.051000771931935973e-02 2.521465199763821968e-02 2.572280386222843343e-02 2.716700357050906220e-02 2.660316811819387478e-02 2.671358041329053440e-02 2.525016924256145989e-02 2.626816577393557145e-02 2.555426998463511054e-02 2.471122563570559219e-02 2.700577741166726442e-02 2.364825667207708787e-02 2.460607121136859296e-02 2.839209202546866262e-02 2.987063324759256858e-02 2.387740044844744239e-02 2.728631471327707531e-02 2.559938569375464282e-02 2.571126213599556065e-02 2.341175197007866124e-02 2.568856770577626972e-02 2.527559338896952223e-02 2.483472855007792107e-02 2.377689451168649160e-02 2.190031760175214018e-02 2.514278787651387168e-02 2.153731892923711408e-02 2.537278899020079664e-02 2.707008650814462375e-02 2.669027523924321840e-02 2.468772636615181384e-02 2.391310270466028010e-02 2.567802115569666616e-02 2.413274903683070710e-02 2.371749669216722395e-02 2.113790485177421616e-02 2.648286856993448124e-02 2.571116121983278366e-02 2.625518557019154015e-02 2.314142997878015917e-02 2.201037555147826105e-02 2.548790019585362235e-02 2.394339976071199055e-02 2.337480398099383780e-02 2.512811131765834566e-02 2.501772246231915436e-02 2.599736067220344282e-02 2.459584323352900781e-02 2.506042488913643937e-02 3.346934502218233687e-02 2.354244945094153066e-02 2.350063897937738899e-02 2.890340926510551536e-02 2.610806101670326909e-02 2.819891667783792910e-02 2.394483110173674031e-02 2.363279477327576844e-02 2.884233865709280586e-02 2.135583380136909723e-02 2.617834931552054725e-02 2.855077634824630672e-02 2.654458627272649265e-02 2.634671649495091278e-02 2.730887838115746841e-02 2.464068507640656408e-02 2.732434649064217555e-02 2.654492072994047575e-02 2.614935333387076455e-02 2.693307436275480665e-02 2.686575759312931702e-02 2.422406807101796372e-02 2.503386517907749131e-02 2.738181531325599438e-02 2.468742722724002678e-02 2.485223714340630344e-02 2.599960958209231524e-02 2.776400432573312288e-02 2.227012758965137354e-02 2.211776436927722148e-02 2.721871474064987972e-02 2.618141733897393769e-02 2.414076757678576893e-02 2.533316764144390512e-02 2.482247927273400351e-02 2.472620025661753998e-02 2.937819986526398960e-02 2.387404162831116908e-02 2.609612640380840412e-02 2.467789131387200172e-02 2.567347605673264005e-02 2.391417846692678317e-02 2.473005311762321509e-02 2.356492544786275775e-02 2.387953025873890481e-02 2.487412092813757331e-02 2.406468755332994217e-02 2.628211745268989666e-02 2.357344550465567332e-02 2.499776871707912532e-02 2.712610003064019198e-02 2.795817303219272007e-02
