0.000000000000000000e+00 2.393521674466145277e-02 1.738784127826104725e-02 1.823501981633447039e-02 1.635837932873509745e-02 4.054399433467708452e-02 1.870105194970844362e-02 1.902197691999696003e-02 1.721666689160979494e-02 1.631012448397058112e-02 3.351078987723867669e-02 1.708508807308790206e-02 2.661768106976152709e-02 1.930033621043114253e-02 2.135843158586265070e-02 2.270867611679925485e-02 2.122001778854395310e-02 2.845622689021562457e-02 2.101511547780963649e-02 1.675177659278383885e-02 2.525809678710388972e-02 1.608080033496565170e-02 1.871940218651874793e-02 4.387665030163191704e-02 1.919123042105450039e-02 1.861486695496825106e-02 2.368308717658042239e-02 2.900619249313839826e-02 1.444017203814419725e-02 2.013502642101439727e-02 1.942109831640856377e-02 1.481971495353504552e-02 2.325295397917283985e-02 2.061633429296054129e-02 1.835041736762921261e-02 2.301549023871227520e-02 1.588866873370630567e-02 1.981823467392394150e-02 2.155168563516789496e-02 5.063030889653564320e-02 1.889374921527524342e-02 1.793120548956329482e-02 3.001818581505262540e-02 2.231126279690748976e-02 2.667035774436251130e-02 2.898069870427122732e-02 2.924384599655654657e-02 1.547642335986302263e-02 1.436238344096371980e-02 3.475526476635349554e-02 1.643325932462037439e-02 2.383116879659737120e-02 1.954241430211969485e-02 1.909342182651463382e-02 2.740764382180594511e-02 2.469435176931676287e-02 1.923979524646982422e-02 1.930367317830452775e-02 2.139475868698556202e-02 1.837417470057662802e-02 1.891595796997214488e-02 2.294219429033741292e-02 3.428593501147415845e-02 3.133366725653566331e-02 4.167443916059621750e-02 1.857809844697123208e-02 1.709669274807019274e-02 1.351273799871657334e-02 3.463505008965592907e-02 3.071575914221722631e-02 3.747580085349661722e-02 3.462118168842497068e-02 2.234018918392055922e-02 1.848826062954762178e-02 1.383406571664858031e-02 2.435506539167068413e-02 1.705755080585641403e-02 2.269218680903062682e-02 1.937912610636260621e-02 6.699211695516872622e-02 1.654927127795146127e-02 2.813273138848306279e-02 1.530400915157070427e-02 2.733800596970592175e-02 1.925854732619318097e-02 2.024033978709039241e-02 2.236148061039374552e-02 2.100114386314344897e-02 1.936416729506258358e-02 4.018701023545407508e-02 2.832384813177373992e-02 2.412291728548653785e-02 2.879442479111934267e-02 3.009832429169624277e-02 2.826508150718563817e-02 2.280154072966483758e-02 1.940391793975560636e-02 2.003334969373847876e-02 2.301326182239811155e-02 2.322955680776860043e-02 2.448846328152998880e-02 2.113612769675651468e-02 2.854978539464333304e-02 2.249445447339089646e-02 1.739237654785749654e-02 2.637719508653859138e-02 4.104522778370480601e-02 2.972402486580175834e-02 2.997686609546366607e-02 2.146965813018048355e-02 2.198212530652024141e-02 2.185916764397206891e-02 3.242941415208162176e-02 3.368440141095685458e-02 1.818330534499306914e-02 1.795913777546237489e-02 2.308869128130025192e-02 2.703511333284711396e-02 2.696905939094582094e-02 2.538216701711825188e-02 1.822179233851189267e-02 3.074444302317982589e-02 2.680103786742044428e-02 2.500451567431754424e-02 2.226929368351769287e-02 1.935989092480184040e-02 2.186302009647698302e-02 3.553739671632875213e-02
2.393521674466145277e-02 0.000000000000000000e+00 2.753388742984354612e-02 2.709101067823126499e-02 2.411200337878212016e-02 4.497279019638195791e-02 2.762431686956949919e-02 2.743404657967124863e-02 2.417144827417048308e-02 2.662490341577694944e-02 3.914963436321871465e-02 2.619697404859221840e-02 3.368651006091740591e-02 2.778380487530394266e-02 2.387465600474831043e-02 3.119296331584853893e-02 2.927041742415800729e-02 2.780424820435590041e-02 2.909083313252423461e-02 2.728653849359166661e-02 3.188528831971142175e-02 2.700781153539871110e-02 2.603950242297498746e-02 4.810361499920390999e-02 2.782887898350724226e-02 2.675933188551584893e-02 3.137482977575555693e-02 3.529805222393365277e-02 2.475846695208331130e-02 2.858304744219698421e-02 2.708542723023272397e-02 2.577486331691897573e-02 3.054060592849405439e-02 2.867416124362915514e-02 2.704523752422501731e-02 3.059358013689697856e-02 2.454885563250566033e-02 2.802172520152151902e-02 2.941519506543644955e-02 5.444385948616971282e-02 2.805421808152925092e-02 2.652303470343756603e-02 3.570078200389143613e-02 3.012040927286676467e-02 3.361286228584334929e-02 3.593942655813580495e-02 3.568352204771784580e-02 2.440456736008341648e-02 2.432954132469929143e-02 3.950560984819601051e-02 2.447154068847077341e-02 3.039320731408394483e-02 2.816949800211481642e-02 2.799886393531941797e-02 3.430818422385623762e-02 3.227176847920196906e-02 2.774649411049466205e-02 2.785959159234473528e-02 2.975920244848838034e-02 2.824304228511953854e-02 2.801113505830505127e-02 2.964576198738922211e-02 3.975210217686327152e-02 3.700208775331204764e-02 4.623878460931658135e-02 2.619104342626559639e-02 2.698295588382551222e-02 2.430376264605169437e-02 4.021501485687870719e-02 3.608180230754107209e-02 4.226973649104087682e-02 3.289885203071724051e-02 2.986907421521923026e-02 2.863919867573407746e-02 2.216470041173669928e-02 3.206832328993383663e-02 2.588372595715520211e-02 2.606148841848453593e-02 2.804517680263155996e-02 7.051828248414901412e-02 2.547383306469904254e-02 3.408758202197272047e-02 2.544005236261515090e-02 3.560184737233317021e-02 2.831187294724742468e-02 2.748794679352784681e-02 3.047678823407484749e-02 2.912179722353516048e-02 2.821736932506461668e-02 4.419374101243507547e-02 3.483224779708259111e-02 3.167932062194309811e-02 3.428810277410212354e-02 3.546426070306496481e-02 3.483139492142819232e-02 3.027872700099982356e-02 2.764108715847995654e-02 2.853021775189529610e-02 2.909990877351441296e-02 3.034973696565505807e-02 3.149724043238564392e-02 2.967903182726394293e-02 3.460073827740688807e-02 2.975428924847753689e-02 2.696750313402769897e-02 3.302078798336161025e-02 4.610959015201474692e-02 3.552600904643028745e-02 3.577524103818539858e-02 3.073192031346272737e-02 2.973789760040772279e-02 2.920752179336826709e-02 3.794011182442723340e-02 3.916936619305726869e-02 2.669789352143369515e-02 2.379094744849608728e-02 3.103680686426560018e-02 3.344903468956988979e-02 3.312006908854326498e-02 3.249846143514597413e-02 2.766379427897697890e-02 3.548459240783446295e-02 3.381625642551792238e-02 3.176379164300626584e-02 3.036733556294084896e-02 2.827375994474696369e-02 3.018795543085408747e-02 4.028353349528263072e-02
1.738784127826104725e-02 2.753388742984354612e-02 0.000000000000000000e+00 2.072177889062612466e-02 2.142685356726886647e-02 4.183105091915492735e-02 1.891854264536759964e-02 2.141931115703631441e-02 2.162416505017978122e-02 1.802189621432366551e-02 3.548183014338492786e-02 2.104926475750795029e-02 2.542163098134173072e-02 2.145409722072739306e-02 2.515495632511768540e-02 2.663383134031515470e-02 2.240534536454492909e-02 3.315097547623500895e-02 2.201400175618696900e-02 2.021729774557431969e-02 2.733073734238450694e-02 1.930156446687909810e-02 2.267012360872315904e-02 4.596511532557163993e-02 2.219635654031367616e-02 2.206848939708992360e-02 2.552318880729809863e-02 3.138557024461664097e-02 1.763889442213188372e-02 2.210054149440425844e-02 2.222616042311470821e-02 1.788865606964520211e-02 2.526952913341022275e-02 2.288527891344120657e-02 2.034449029847383919e-02 2.486720581840802177e-02 2.014333245725689545e-02 2.263504754913944761e-02 2.331448262388336606e-02 5.181886497590490470e-02 2.154489559978184018e-02 2.032653612411348953e-02 3.209707934857396888e-02 2.429880371573479511e-02 2.810456158777631039e-02 3.097949971196291979e-02 3.138282897168595542e-02 1.907009489032636049e-02 1.578971289714662177e-02 3.675723334613330978e-02 1.758539180945454389e-02 2.558034154457680329e-02 2.133945624792854892e-02 2.070687602428733856e-02 2.906797681778145251e-02 2.631521918114278560e-02 2.297840708164217149e-02 2.133471913370569781e-02 2.440409958235065582e-02 2.225894829875192660e-02 2.153903527194278231e-02 2.738697939409320478e-02 3.617987836237827187e-02 3.281097860196718202e-02 4.253078171506483041e-02 2.127510407859210459e-02 2.105031569214798129e-02 1.756261874872315498e-02 3.686908522795637883e-02 3.191918229939175178e-02 3.917024914166751526e-02 3.769194182352483824e-02 2.469976147937479050e-02 2.241125534697825661e-02 1.640295577492910037e-02 2.613359169757381237e-02 1.975103846312572034e-02 2.550011009027057865e-02 2.130069763907287833e-02 6.809638879675389278e-02 1.982138481126624260e-02 2.968099091683489357e-02 1.843766154586446923e-02 3.032393742089179930e-02 2.345520087619662464e-02 2.276195479733955640e-02 2.266189535588121126e-02 2.255340863016883426e-02 2.199372930293990586e-02 4.198390504378861354e-02 2.933952665749899047e-02 2.576344623245605328e-02 3.046727365778399352e-02 3.105239659876640398e-02 3.013574567594790032e-02 2.474528500615594956e-02 2.215013550363648456e-02 2.272807561569738580e-02 2.562906541968527213e-02 2.605820367079717328e-02 2.552119135295173244e-02 2.535747007222117697e-02 3.084896745043583591e-02 2.471221818616996246e-02 2.064616934404300483e-02 2.830328818674210378e-02 4.187244667628077510e-02 3.058142344075784683e-02 3.163415821461688232e-02 2.542457413798595786e-02 2.389869095042319522e-02 2.370257805339065493e-02 3.408569825130472464e-02 3.489562422759610871e-02 2.082835847458686107e-02 2.109509877534841010e-02 2.453966532867797937e-02 2.854121395378610496e-02 2.894658733616716287e-02 2.451148237014812159e-02 1.915872669172447376e-02 3.280052867854359178e-02 2.487130002393706657e-02 2.725511274818567461e-02 2.368455579442296441e-02 2.235448223996596567e-02 2.410867573791799015e-02 3.729954046040659388e-02
1.823501981633447039e-02 2.709101067823126499e-02 2.072177889062612466e-02 0.000000000000000000e+00 1.852745604249446398e-02 4.179281649649384256e-02 2.083811757618644553e-02 1.869642382086267665e-02 2.152432959733582146e-02 1.967465253967410829e-02 3.485619686045818288e-02 1.987117529257291862e-02 2.765372045551459448e-02 2.047799900623799990e-02 2.424714022760950105e-02 2.647979072999145575e-02 2.290599383536345499e-02 3.272677602769029359e-02 2.231827196841087296e-02 1.985615950805181412e-02 2.677274247789634271e-02 1.972182618224956052e-02 2.144125447945995078e-02 4.529408894288856902e-02 2.058979411166084184e-02 2.023097258743564511e-02 2.511557495819172203e-02 3.002938637816965697e-02 1.567518916145141383e-02 2.126183401560351183e-02 1.905763577587425012e-02 1.790625324290773951e-02 2.374637504391102077e-02 2.019779888894717573e-02 1.943641895049882246e-02 2.457042755372546364e-02 1.920050907534713927e-02 2.077160037683722579e-02 2.115275323214468525e-02 5.157761920501463537e-02 2.051199743786182722e-02 1.921876158614783253e-02 2.978475968496999485e-02 2.374559496616180862e-02 2.765131422594351365e-02 3.062225356139140417e-02 3.090435072427840518e-02 1.805792338662240773e-02 1.593259418884580142e-02 3.554839986263216151e-02 1.800903398473985978e-02 2.379244184428223538e-02 2.161397920129998554e-02 2.115474377747468895e-02 2.826620192397529679e-02 2.638542383282244455e-02 2.241358928170074719e-02 1.914100007383487054e-02 2.277519058335613494e-02 2.106070408269222760e-02 2.103493728003463098e-02 2.718523832090322459e-02 3.572647444673552469e-02 3.221336379849018550e-02 4.250275545726085735e-02 2.048858732016154566e-02 2.053629632448543407e-02 1.647243553795926449e-02 3.581882934965992943e-02 3.141139817651703026e-02 3.862184712463151426e-02 3.733444380652636840e-02 2.124040241057787923e-02 2.128042072119676331e-02 1.662128342688408769e-02 2.621382340806344483e-02 1.807036509661614013e-02 2.511875627678609654e-02 2.116157016816705080e-02 6.717017825281730581e-02 1.941563833075156398e-02 2.901358802243429388e-02 1.739166508672674791e-02 3.096237127182180707e-02 2.373903702270285104e-02 2.210681432385731143e-02 2.337082894341211900e-02 1.949857204742983657e-02 2.117999738780225114e-02 4.171109908566105612e-02 2.984433603657761502e-02 2.553551932245568326e-02 2.906391740510471181e-02 3.064688399502711255e-02 2.934623822423552963e-02 2.405705786409893798e-02 2.039027363780478164e-02 2.051746980014543253e-02 2.442697076407825477e-02 2.521806152697904022e-02 2.540586196511672792e-02 2.420170715074686923e-02 2.905133844372734947e-02 2.369054500151480600e-02 1.823014757409580772e-02 2.410783676756212898e-02 4.219008953297654491e-02 3.020918013059428059e-02 3.088416005897756320e-02 2.533990523919378568e-02 2.238630849654678345e-02 2.251018842678196435e-02 3.394706234984064264e-02 3.534181665315954540e-02 1.929634085838854637e-02 1.977778960187361046e-02 2.515636969320690294e-02 2.503483140407810129e-02 2.784722427514023727e-02 2.642834814215646103e-02 2.084478260959738566e-02 3.170355395726073833e-02 2.856067717151300478e-02 2.580164487142303995e-02 2.353360901396954821e-02 2.107176794316099194e-02 2.061816408283606225e-02 3.614531511775749550e-02
1.635837932873509745e-02 2.411200337878212016e-02 2.142685356726886647e-02 1.852745604249446398e-02 0.000000000000000000e+00 4.226567665399284801e-02 2.161626473356096853e-02 2.081458398379555305e-02 2.124517107195464730e-02 2.019488815984401067e-02 3.522564732043184654e-02 1.946175624935409659e-02 2.859593724035616388e-02 2.158906636412937993e-02 2.144204776082487413e-02 2.587761363192299033e-02 2.367727854272964894e-02 3.100621571336770188e-02 2.329723789278547244e-02 2.061058460319311128e-02 2.717054463498622466e-02 2.012210248913809396e-02 1.984942262687776696e-02 4.545114214073705389e-02 2.072446842920379340e-02 2.142495183840285172e-02 2.552057059950067416e-02 3.078110688695473787e-02 1.699058079674227451e-02 2.252620594236804177e-02 2.109382087732382741e-02 1.914279007853156994e-02 2.161579017584138243e-02 2.243888640555681199e-02 2.069166447654139859e-02 2.499226254829075081e-02 1.963719108538718519e-02 1.953416375107317957e-02 2.362968353423604284e-02 5.186747286376959531e-02 2.049766808377568444e-02 2.037818210271750974e-02 2.771542586592475738e-02 2.452460687295166669e-02 2.873068291163150337e-02 3.134263790764649227e-02 3.093689893861836446e-02 1.860684347466493027e-02 1.719162825506056688e-02 3.611886033780016547e-02 1.895702105569014445e-02 2.569848061473312476e-02 2.220864874119160906e-02 2.188135943878228781e-02 2.864272696596551274e-02 2.683353119284213537e-02 2.301837677535953364e-02 2.113875298259213983e-02 2.106303577381175851e-02 1.980361298776567650e-02 2.172948662953389648e-02 2.646878514909027647e-02 3.596606721918203797e-02 3.254751710199971920e-02 4.296654002587940724e-02 2.076152900155619693e-02 2.041298821808555305e-02 1.567709215661370822e-02 3.656084584515741087e-02 3.140258307951857009e-02 3.900842301295106423e-02 3.638676102114296596e-02 2.319670588114437423e-02 2.215707481092012848e-02 1.691705304693665729e-02 2.707686297055844279e-02 1.935616856862331855e-02 2.499154797688201909e-02 2.198867165337974744e-02 6.779722828434717186e-02 1.991007053825776321e-02 2.987387790368751725e-02 1.790356131974583584e-02 3.121962637036567942e-02 2.275701416406428201e-02 2.286314279206597133e-02 2.494754179142334716e-02 2.273212975922920751e-02 1.964721894389447748e-02 4.202634926763297585e-02 3.037023693007288166e-02 2.586275984799849340e-02 2.961960640628034935e-02 3.140476121116755892e-02 2.954625455962525335e-02 2.484651464319594799e-02 2.059357446674583980e-02 2.222983581003534076e-02 2.516225245845840966e-02 2.542096820071268817e-02 2.638061196952687024e-02 2.439651150636139992e-02 2.979387996177229603e-02 2.448025534993009816e-02 2.056547847388671621e-02 2.720166201588659211e-02 4.229894709842321743e-02 3.132966014910892188e-02 3.130728340272193044e-02 2.239021847611650379e-02 2.410250105543514793e-02 2.358739611006226838e-02 3.456231953233105531e-02 3.474022623106005209e-02 1.990218482840497988e-02 2.024801521785921099e-02 2.438068913284736211e-02 2.781671940070767554e-02 2.834873934830947628e-02 2.707333497527649249e-02 2.096712329852428586e-02 3.187205923994881895e-02 2.888962483741027223e-02 2.697203622197291012e-02 2.387872912164596892e-02 2.158766063221595824e-02 2.360457898009733421e-02 3.641183947451695491e-02
4.054399433467708452e-02 4.497279019638195791e-02 4.183105091915492735e-02 4.179281649649384256e-02 4.226567665399284801e-02 0.000000000000000000e+00 3.778824207295970045e-02 4.194603117431207340e-02 4.173275121835563067e-02 4.144366293892585290e-02 5.005737821129659787e-02 4.153766432510951762e-02 4.618371513070378825e-02 3.760197785092036366e-02 4.372633164139971135e-02 4.508992521377728352e-02 4.147896908338926519e-02 4.723731470013956685e-02 4.261593423785910162e-02 4.140795317130886721e-02 4.379171411252926610e-02 4.147083469638412900e-02 4.245626172663725939e-02 5.757897026068714563e-02 4.152121434103186320e-02 3.787794237889118704e-02 4.387314351305021676e-02 4.653510768393268049e-02 3.987104127745042664e-02 4.255610907200822052e-02 4.193783552297825068e-02 4.068826202925211050e-02 4.452225519261393538e-02 4.262960286358916800e-02 4.149975443824108212e-02 4.383929389890876827e-02 3.743431102246818493e-02 4.235830836627642315e-02 4.249034629539066160e-02 6.209227403318075267e-02 4.221977044518655103e-02 4.125543377644416004e-02 4.813717888387684246e-02 4.128622451999083148e-02 4.569202950899209359e-02 4.783311043571052135e-02 4.778268016715762206e-02 4.038316680975000822e-02 4.014497538900531348e-02 5.048561183783763923e-02 4.088970940839720819e-02 4.309576823843984383e-02 4.247496051504955766e-02 4.082204283574253356e-02 4.646090420471468002e-02 4.388625005601970441e-02 4.123994418980461013e-02 4.184683029937463772e-02 4.379653516504006944e-02 4.232039619326221497e-02 4.229173526565485619e-02 4.473001316171956732e-02 4.949341220524532126e-02 4.751538325462487111e-02 5.542544982810960336e-02 4.135050353306298637e-02 4.131480024562771136e-02 4.025378391908233239e-02 5.010933225054198942e-02 4.797342184921260522e-02 5.262472276379575459e-02 5.124038297530652403e-02 4.350090519689282786e-02 4.222148250349048310e-02 3.939898537407939688e-02 4.453162251074944261e-02 4.091075869395796594e-02 4.351573544708927516e-02 4.122458194822636174e-02 7.697504913509051194e-02 4.104868203544988908e-02 4.564321418627952098e-02 4.023875807049611536e-02 4.786670557487304745e-02 4.375959103278775908e-02 4.177149323544583626e-02 4.347476063622954245e-02 4.306334251691945614e-02 4.244386846830436322e-02 5.177617247394023653e-02 4.582100658705231394e-02 4.368112392196994709e-02 4.729595445225861367e-02 4.666433374769272252e-02 4.646318883380108622e-02 4.356343247034921706e-02 4.231657073784571982e-02 4.187128556785094102e-02 4.395354138400093397e-02 4.382555810686617620e-02 4.449944045103414875e-02 4.325254201676564936e-02 4.672615938429646593e-02 4.336144667996184171e-02 4.142723921813833837e-02 4.545791487215728593e-02 5.434811182089197695e-02 4.702464654775988934e-02 4.723604110697020297e-02 4.486610551843608213e-02 4.192718030925512984e-02 4.323811708808983356e-02 3.895950752100826170e-02 5.055809669013433538e-02 4.163133117065453276e-02 4.167031064146400898e-02 4.476655176387881602e-02 4.576540476450877137e-02 4.621732680563597762e-02 4.470519292629950708e-02 4.221330768682301365e-02 4.737069939513859074e-02 4.555476310834653125e-02 4.414330661909141029e-02 4.354921271099562036e-02 4.131009701132771356e-02 4.305220900653190103e-02 5.076410819757903176e-02
1.870105194970844362e-02 2.762431686956949919e-02 1.891854264536759964e-02 2.083811757618644553e-02 2.161626473356096853e-02 3.778824207295970045e-02 0.000000000000000000e+00 2.080021565990940527e-02 2.159807653942048822e-02 1.966044178750202265e-02 3.555711199791105476e-02 2.006909762013626627e-02 2.813339613912218054e-02 2.016990849544407841e-02 2.466055387932013232e-02 2.536908039961164110e-02 2.182231161417327869e-02 3.298099815471013108e-02 2.191806612582783420e-02 1.846740583277508771e-02 2.396168849963290978e-02 1.995941809537634185e-02 2.263047590365238962e-02 4.543483314569827375e-02 2.159968069068418303e-02 2.063780587041287584e-02 2.350232860873998145e-02 3.051853719128119063e-02 1.738070361328379262e-02 2.160388367312332178e-02 2.114378017634574100e-02 1.957637277119568531e-02 2.558737194508339460e-02 2.204989720676969744e-02 1.856340358862488757e-02 2.518040863763895340e-02 1.843048208927169571e-02 2.226786054817344804e-02 2.198165143659591356e-02 5.070328778442888956e-02 2.169497131441598670e-02 1.975065924717615481e-02 3.193123565215387483e-02 2.415145053630071009e-02 2.809877367008354818e-02 3.119112832170419305e-02 3.014670175990272205e-02 1.833721871132575412e-02 1.710135776835900942e-02 3.626169730158496779e-02 1.882760829257665997e-02 2.434609421397643941e-02 2.199494040023287564e-02 1.995794446047168685e-02 2.929946477085675766e-02 2.300236345784913844e-02 2.256852004650052382e-02 2.153204358622462164e-02 2.405175738350185527e-02 2.237009980769757642e-02 2.102401874919218941e-02 2.719261631802537618e-02 3.520460317901064062e-02 3.208843789795801787e-02 4.221586319033578116e-02 1.874726787989734050e-02 2.052992558883073512e-02 1.739140974711848170e-02 3.572785642800001965e-02 3.049224591834776010e-02 3.860416533346764517e-02 3.761858714518758612e-02 2.416710355852032602e-02 2.251231715388943636e-02 1.684401830898012500e-02 2.672883307697921165e-02 1.892867556355411207e-02 2.463327482987462402e-02 1.814544640467093475e-02 6.768427242072760919e-02 2.012931824712648962e-02 2.874205524584871191e-02 1.736908056951638399e-02 3.156938831301981524e-02 2.404710648543760196e-02 2.059982877358741693e-02 2.420200170573849965e-02 2.347125015424484165e-02 2.124047201504027788e-02 4.166598244116231226e-02 2.889490930687969861e-02 2.489794622848671632e-02 3.042549981176609006e-02 2.773315464384256898e-02 2.914780482230215283e-02 2.235490313133181930e-02 2.118611388069520027e-02 2.225656047167069718e-02 2.547194660202304478e-02 2.512731770159031680e-02 2.561806936805678669e-02 2.485755574407711582e-02 2.993107313967280012e-02 2.445467876116056913e-02 2.098288202815581233e-02 2.834828085037590165e-02 3.862302854533019442e-02 3.082401191089093051e-02 3.105526547242102448e-02 2.546699451309692927e-02 2.318409883621481288e-02 2.316516172433824919e-02 3.267772144523763134e-02 3.518226742951634928e-02 2.003773059662371583e-02 2.065734755919598070e-02 2.574819920168567103e-02 2.835132192037023713e-02 2.804000270876447209e-02 2.549310949680821600e-02 2.125209692319906737e-02 3.151396434181481104e-02 2.554144427271970788e-02 2.603218172222056606e-02 2.285427627124755542e-02 2.093478676997316892e-02 2.382202346916819161e-02 3.601350061620046256e-02
1.902197691999696003e-02 2.743404657967124863e-02 2.141931115703631441e-02 1.869642382086267665e-02 2.081458398379555305e-02 4.194603117431207340e-02 2.080021565990940527e-02 0.000000000000000000e+00 2.159899100702377187e-02 2.027585726698920982e-02 3.577629481766508857e-02 2.036485893764536370e-02 2.828418004404155764e-02 2.153141706923025409e-02 2.471098612183993820e-02 2.662364627249606819e-02 2.270012764914267761e-02 3.308439228635089158e-02 2.238799213741521354e-02 1.999941661727017150e-02 2.693069858655230964e-02 1.982155907524827190e-02 2.233854545816671769e-02 4.464043788018318137e-02 2.053416139744750762e-02 2.063554909944079543e-02 2.568229829506994341e-02 2.957358008404451649e-02 1.573692495488049348e-02 1.963558943549282426e-02 2.109133806334464317e-02 1.905586310297790326e-02 2.442201552004870380e-02 2.029411366558240074e-02 1.865740096587385419e-02 2.450973358254319306e-02 1.915629289293568557e-02 2.167002895517847888e-02 2.287533162725488220e-02 5.164663549623454281e-02 2.030481561340333890e-02 1.903424499764708872e-02 3.081258375919435771e-02 2.452040661874520938e-02 2.749295771806956057e-02 3.143406943897231187e-02 3.072646619396036255e-02 1.845077332637084025e-02 1.631359683117879211e-02 3.530816878904778633e-02 1.867471333364618263e-02 2.538665667088219752e-02 2.153574220766208899e-02 2.077055303899557823e-02 2.822070687703881128e-02 2.527658138329248044e-02 2.252865181837906267e-02 1.898443780353325019e-02 2.183378665549184569e-02 2.243386747696666031e-02 2.153981710861535559e-02 2.729396266379361530e-02 3.461490739857200211e-02 3.246292258167070982e-02 4.227309948154811536e-02 1.958160823755192292e-02 2.106494722568870784e-02 1.729521082474507615e-02 3.593227417851750649e-02 3.178182679641861769e-02 3.841060380126130186e-02 3.764379031940173065e-02 2.186532537765891251e-02 2.236187461701485968e-02 1.723860747824586606e-02 2.615962186795447661e-02 1.863160284770721403e-02 2.535377315216714306e-02 2.087290707304906637e-02 6.722694298422374204e-02 2.017420786801009044e-02 2.913282531114892368e-02 1.526377202418986029e-02 3.137861925740097202e-02 2.383116651454356832e-02 2.189997716315641996e-02 2.472448442658256237e-02 2.245742492820950592e-02 2.189086092751552429e-02 4.178347147087432822e-02 2.987408069784780462e-02 2.574126838680550547e-02 3.005464324968841819e-02 3.113785894240853405e-02 2.615070995575267954e-02 2.369995354530909926e-02 2.024424915842588588e-02 2.219063716872238246e-02 2.509666813203477453e-02 2.539924680803511484e-02 2.557831896432393587e-02 2.457059275132854326e-02 2.548569308587952248e-02 2.331060142430958770e-02 2.068844176049787834e-02 2.402997740602440258e-02 4.264507794501901095e-02 3.134384131066868251e-02 3.033184253578546929e-02 2.576694914785760890e-02 2.390533386154195666e-02 2.202202161751970477e-02 3.416681355336240872e-02 3.550903802243348534e-02 1.954042935417702950e-02 1.844014485588606200e-02 2.561445392513070698e-02 2.812455993780881014e-02 2.851474538068567849e-02 2.685277936428066836e-02 2.073102707197846742e-02 3.191554229264353948e-02 2.870858803201755197e-02 2.322694389232839857e-02 2.363758776439607925e-02 2.096131307476817654e-02 2.352124223961522820e-02 3.633751116898425310e-02
1.721666689160979494e-02 2.417144827417048308e-02 2.162416505017978122e-02 2.152432959733582146e-02 2.124517107195464730e-02 4.173275121835563067e-02 2.159807653942048822e-02 2.159899100702377187e-02 0.000000000000000000e+00 2.059889246019266235e-02 3.603883785370932957e-02 2.111061355701546877e-02 2.893613115739903166e-02 2.232286268689162925e-02 2.390222736412534951e-02 2.657305751996852025e-02 2.314220375263909696e-02 3.180197068204720229e-02 2.356722955912509548e-02 1.984339682917826350e-02 2.767350317868675844e-02 2.091361945931909105e-02 2.274008194407751982e-02 4.609166181124504241e-02 2.245320660115044872e-02 2.211424315456003015e-02 2.667469674870759366e-02 3.135377052929849001e-02 1.832146923216620982e-02 2.255501074636092132e-02 2.184142497292918331e-02 1.843582863786886669e-02 2.602849484029812546e-02 2.351091784310640684e-02 1.983397861938676274e-02 2.585060463217439194e-02 1.882384401736439047e-02 2.230306427825351143e-02 2.446899954961905335e-02 5.222191466208241789e-02 2.230423426698653275e-02 2.049905399143388610e-02 3.228720129330954480e-02 2.435051708420897520e-02 2.924607782265707667e-02 3.201111113924140494e-02 3.101233293505464839e-02 1.957386150817983644e-02 1.821911261534902779e-02 3.641871390811339537e-02 1.976650773854752088e-02 2.622344305317323918e-02 2.061731967688302039e-02 2.176397198844719910e-02 2.999987120580294153e-02 2.685294461625874207e-02 2.254606490018184681e-02 2.103657337445826239e-02 2.501665027521807194e-02 2.310377372284483366e-02 2.219390676305121185e-02 2.721285794215077755e-02 3.618267378573537807e-02 3.317077804868402008e-02 4.281777969474762774e-02 2.148438872410952938e-02 2.037435022018513689e-02 1.809539028805546082e-02 3.708396250585722920e-02 3.202550536898679523e-02 3.958382403715591386e-02 3.686009117415915692e-02 2.511018292427519977e-02 2.315738973960765681e-02 1.561329100102375536e-02 2.750344684513909149e-02 2.048611856080819263e-02 2.476753871494742631e-02 2.222235417846375738e-02 6.829403244076666379e-02 2.049431877473623445e-02 2.987684447488500247e-02 1.890384983986370324e-02 3.156385781872565049e-02 2.158934587724454027e-02 2.305736954780420941e-02 2.578225881482066120e-02 2.405259735173130922e-02 2.302521986593598219e-02 3.752839501299869845e-02 3.075539714829782570e-02 2.682344346677110677e-02 3.045237698924955008e-02 3.134888695524058050e-02 3.053567129506209663e-02 2.509162019814229275e-02 2.218730568686358429e-02 2.344662997598286058e-02 2.615399894410775847e-02 2.625124513341666604e-02 2.638713169098886105e-02 2.530764917421112273e-02 3.096915350999574282e-02 2.500898475120921088e-02 2.110304005887604292e-02 2.877999045182880536e-02 4.315051194366811144e-02 3.146936282371258498e-02 3.200850898857054982e-02 2.627445338387125393e-02 2.472769955550164003e-02 2.367027457609205757e-02 3.296372921192695926e-02 3.562240494777099004e-02 2.132780060346130963e-02 1.878842843167494864e-02 2.607149152810928419e-02 2.889041810836389529e-02 2.637199389601972005e-02 2.790014457758459646e-02 2.141890771134307217e-02 3.271643930651836618e-02 2.932812083824725899e-02 2.741959048904756696e-02 2.512134444015175563e-02 2.274753488147059424e-02 2.508232127850534843e-02 3.736224568585976707e-02
1.631012448397058112e-02 2.662490341577694944e-02 1.802189621432366551e-02 1.967465253967410829e-02 2.019488815984401067e-02 4.144366293892585290e-02 1.966044178750202265e-02 2.027585726698920982e-02 2.059889246019266235e-02 0.000000000000000000e+00 3.104753229829567210e-02 1.917933620595292654e-02 2.695903473789774268e-02 2.048232705616965382e-02 2.419572060128339849e-02 2.629571613622562129e-02 2.233260630649072653e-02 3.191396716918001863e-02 2.122528560350063140e-02 1.766924160106519981e-02 2.593692617070988624e-02 1.593656791846742929e-02 2.035665761725568429e-02 4.414017980885679565e-02 2.070610109503994919e-02 2.069259615225727336e-02 2.472611809889468937e-02 2.946839497391101625e-02 1.595476791304726097e-02 2.055528366983510116e-02 2.075628373657062778e-02 1.722459642154521020e-02 2.431283526559427019e-02 2.221678162851464799e-02 1.894544072981973332e-02 2.416684547773647815e-02 1.821436879413276116e-02 2.091499543849845155e-02 2.303724708642181096e-02 5.060522226016132136e-02 1.856031124498024390e-02 1.905302440723504950e-02 3.090915664588362796e-02 2.319448542726423174e-02 2.753075542765454076e-02 2.925872292147397094e-02 3.004902157760662787e-02 1.544608500890940275e-02 1.537997924560131034e-02 3.575788704004227020e-02 1.767946600059781825e-02 2.493813516157964913e-02 1.949094246362912189e-02 2.003956341044261721e-02 2.830845625883729802e-02 2.551914922027649288e-02 2.202968126887136502e-02 2.028003569411798018e-02 2.319517777434806916e-02 2.122381307884225327e-02 1.787498863923028120e-02 2.388976804978922355e-02 3.534060379292586207e-02 3.056073542942687113e-02 3.855709333061370370e-02 2.020284890337818370e-02 2.008755915396840536e-02 1.485624225639274251e-02 3.574356283590412325e-02 3.134196108630381977e-02 3.791189241965328000e-02 3.567281903063497517e-02 2.344954502350691736e-02 1.958458629566857401e-02 1.619782076009236918e-02 2.490086789822679864e-02 1.803661257180341065e-02 2.506274627259478041e-02 2.021273020243940718e-02 6.728723159026946121e-02 1.578778328208749887e-02 2.845262181807039700e-02 1.700762741771235168e-02 2.769213738265484392e-02 2.294911572161151617e-02 2.154623803179540886e-02 2.343678553724500707e-02 2.207551749622838760e-02 2.130157131659731612e-02 4.156266576202065355e-02 2.817187813855131021e-02 2.559218854749377783e-02 2.915827016563738230e-02 3.093369128746775373e-02 2.903752326938887143e-02 2.348617093745068371e-02 2.048438921801186419e-02 2.151936074000479829e-02 2.376041211006147888e-02 2.275586222857349863e-02 2.397575193538719132e-02 2.355760259255172337e-02 2.942649289354049361e-02 2.376964116076896866e-02 1.671544634091064185e-02 2.750821792770569152e-02 4.232497915121789106e-02 3.017688690989538472e-02 3.068538391872160931e-02 2.523987277634472809e-02 2.245346711761652542e-02 2.147624739763880769e-02 3.355514187517918273e-02 3.389685462594664578e-02 1.932410247166255896e-02 1.979183022985135654e-02 2.481505242575964346e-02 2.784326871919253626e-02 2.752779620636787786e-02 2.649441698628967126e-02 2.032771051505879306e-02 3.193544324058171513e-02 2.499560023926581873e-02 2.631873254871782905e-02 2.308924489361065258e-02 2.077948586812142923e-02 2.282124163934650535e-02 3.607248066434767808e-02
3.351078987723867669e-02 3.914963436321871465e-02 3.548183014338492786e-02 3.485619686045818288e-02 3.522564732043184654e-02 5.005737821129659787e-02 3.555711199791105476e-02 3.577629481766508857e-02 3.603883785370932957e-02 3.104753229829567210e-02 0.000000000000000000e+00 3.435271426854761417e-02 4.019480049870315791e-02 3.569418271159179729e-02 3.756011105803284261e-02 3.945573717628212546e-02 3.675806690626476358e-02 4.195852250501411196e-02 3.689438439565412287e-02 3.500718454652843731e-02 3.860164366801833308e-02 3.399856500751108346e-02 3.172044102740240873e-02 5.137087784903980603e-02 3.588244246191496511e-02 3.527600717069563629e-02 3.778776119019567475e-02 4.082942402821896494e-02 3.352512927360247474e-02 3.629705202683330273e-02 3.525585751261275935e-02 3.411600732704474920e-02 3.833705432331597357e-02 3.677571111570483720e-02 3.550408279439664500e-02 3.746983995718213695e-02 3.378865616033006891e-02 3.607760658531951325e-02 3.641198025022446966e-02 5.854787008141355137e-02 3.497968878609204746e-02 3.504524932017121647e-02 4.240725702933536428e-02 3.679934192293397160e-02 3.921594230152681410e-02 3.997906468286466231e-02 4.205708630460109482e-02 3.258522982534223927e-02 3.333843261372713279e-02 4.589308018924481702e-02 3.474858043125088336e-02 3.740896933231509236e-02 3.562851601178410044e-02 3.557425352870408064e-02 4.089176357705798931e-02 3.907150450775423445e-02 3.597250364456477945e-02 3.565960947455741603e-02 3.729957647475321686e-02 3.618985403668700113e-02 3.485909595652215281e-02 3.726708144145888385e-02 4.544191064080098375e-02 4.283340291723748694e-02 5.052955705787234159e-02 3.543615976351267849e-02 3.529250144770436359e-02 3.282866452042659811e-02 4.440523812908307028e-02 4.275143983643212714e-02 4.680854821756219586e-02 4.525052044298596976e-02 3.762761650211420006e-02 3.133224441363171436e-02 3.323638090382263766e-02 3.854689122312023042e-02 3.426894119532213762e-02 3.825311152906613055e-02 3.546787918768189857e-02 7.436003583548279894e-02 3.332107530141366347e-02 4.090819577499197474e-02 3.389276892376297257e-02 4.114228350902522646e-02 3.758912680351263885e-02 3.611552055454213261e-02 3.629314882295826133e-02 3.607906930799534978e-02 3.555117650488241743e-02 5.033356484719558877e-02 4.092117316218043394e-02 3.862705323182671208e-02 4.114453506049380038e-02 4.228446212723364905e-02 4.079211662672018596e-02 3.731085203700395397e-02 3.598648023496160697e-02 3.533170889550778931e-02 3.601133152571673463e-02 3.244012354935046916e-02 3.879778769520540738e-02 3.669650149416930213e-02 4.076670753726468338e-02 3.752000578955416027e-02 3.062771136472695541e-02 3.987759222903768802e-02 5.111601320373932583e-02 4.155165092665724647e-02 4.053904655238743659e-02 3.869353592916444096e-02 3.230119469581478608e-02 3.719667061489496940e-02 4.324675653438346534e-02 4.514065487653937808e-02 3.447680493353127984e-02 3.546267889152548980e-02 3.873231904603802178e-02 3.946732588077309090e-02 3.989076886912097664e-02 3.947510210483815701e-02 3.612351376545284987e-02 4.271011911496040703e-02 4.001644798445894158e-02 3.872681840561217198e-02 3.783795186763160706e-02 3.606109362815226177e-02 3.649964832466159187e-02 4.513443598653898298e-02
1.708508807308790206e-02 2.619697404859221840e-02 2.104926475750795029e-02 1.987117529257291862e-02 1.946175624935409659e-02 4.153766432510951762e-02 2.006909762013626627e-02 2.036485893764536370e-02 2.111061355701546877e-02 1.917933620595292654e-02 3.435271426854761417e-02 0.000000000000000000e+00 2.828942194464655405e-02 2.064066943739254964e-02 2.136713630727437099e-02 2.619921981335576050e-02 2.276242792797891074e-02 3.177654720506419700e-02 2.244336904722751477e-02 1.998521525962085321e-02 2.361506150448591454e-02 1.926440452601582004e-02 2.149207491403127071e-02 4.461390129776318658e-02 2.081763953296080286e-02 2.074075441991191440e-02 2.415553483673446231e-02 2.990573613711770828e-02 1.538491800574702528e-02 2.152293938654827390e-02 2.096490877327153446e-02 1.867901100814843909e-02 2.505898823423761274e-02 2.159845519827853846e-02 1.997275013251577705e-02 2.442283044989478763e-02 1.774334017975014860e-02 2.090198534412573278e-02 2.316382026579084930e-02 5.039419887536363690e-02 2.083870017206852776e-02 1.784400509257380932e-02 3.115666433948982225e-02 2.372315579532912819e-02 2.766176462011710191e-02 3.070872726574670405e-02 3.071481200241993337e-02 1.573585136059231851e-02 1.683951884763163626e-02 3.587446126783260664e-02 1.892778706181254267e-02 2.506113134045800939e-02 2.181695760628726138e-02 2.077195431758315294e-02 2.944590782160292491e-02 2.611200043860070069e-02 1.965394120997526056e-02 2.134783548300924622e-02 2.289407627241122137e-02 1.954651232569397032e-02 2.003307554807474966e-02 2.616725960658738623e-02 3.523170722559260809e-02 3.197826241199725611e-02 4.252627578125162122e-02 1.777866460294669215e-02 1.881080465239564833e-02 1.615574958184972168e-02 3.552139385650088937e-02 3.129926299151129104e-02 3.846077743987699749e-02 3.648607794392340342e-02 2.406129165584851640e-02 2.153263994810054177e-02 1.622194509367006973e-02 2.651365883774673554e-02 1.781270576733529412e-02 2.417839221650178519e-02 1.991291675518926108e-02 6.781355903864504098e-02 1.842926691266988035e-02 2.883855035449041371e-02 1.743651743836274401e-02 3.132689440587180241e-02 2.311256782070396712e-02 2.165093968389608658e-02 2.373689194022554627e-02 2.213844584134025753e-02 2.185851199737812861e-02 4.158641661813768098e-02 2.915844713302181979e-02 2.532843624903539925e-02 2.953935706029338013e-02 3.104777178128518070e-02 2.948285892451427137e-02 2.369718820132843753e-02 1.885125473563522766e-02 2.140548440253037255e-02 2.433905889025693436e-02 2.192064959813449024e-02 2.569201877383868113e-02 2.377491518502763621e-02 2.926576305901512631e-02 2.365397414412710730e-02 1.807512244225359388e-02 2.766994943692106454e-02 4.273211919728778924e-02 3.081740069431900680e-02 3.127179446706848664e-02 2.293896034808314693e-02 2.306617420390572742e-02 2.265419511589456675e-02 3.348715420822536565e-02 3.532754720331034853e-02 1.972945385628829817e-02 1.893225456007656057e-02 2.492602513525885369e-02 2.815473725087231163e-02 2.810156044887939658e-02 2.751723248501368457e-02 2.059761110177162069e-02 3.062794192512026392e-02 2.843274393068868575e-02 2.583135958308921398e-02 2.332482861934328730e-02 2.081187241038451319e-02 2.357319907740453371e-02 3.503473102055463390e-02
