0.000000000000000000e+00 6.075895872256298347e-02 7.289601695118047564e-02 4.950027825386238423e-02 6.097311138916054751e-02 5.839499133391004571e-02 9.360189375813697532e-02 5.345048921019741189e-02 4.804762935078672748e-02 6.063678981610274438e-02 5.101928690241128161e-02 7.272813033684123740e-02 5.390069013150631388e-02 6.674230445651570254e-02 5.134095893702511626e-02 5.264288452244746119e-02 5.739353850688898306e-02 5.821859700067902321e-02 5.552734535212403011e-02 5.135005187308212121e-02 4.388801585460429255e-02 7.389067515730768365e-02 5.004098717836784338e-02 5.676804513412547770e-02 4.198402337792402073e-02 6.934267179436141848e-02 6.054246150208916072e-02 3.951703588340263473e-02 7.849194835867458198e-02 7.872924645024799439e-02 5.486526565864747323e-02 5.614234604060332895e-02 9.372029046043331424e-02 6.490856334785564952e-02 5.442043787167703817e-02 5.235106082017944307e-02 4.255968846037794934e-02 9.452699301118405728e-02 8.368772630215760844e-02 7.631045647052926706e-02 5.623868514543078206e-02 5.257852019129381077e-02 5.514008909487868454e-02 8.155479089411760141e-02 3.727685561519099300e-02 5.751925911219854526e-02 7.134247856997817661e-02 9.410226699145701756e-02 9.943507445415984691e-02 9.257270969340550271e-02 9.245902058058989847e-02 8.512599695459947824e-02 1.092728071288259079e-01 7.958554413441648601e-02 9.820192874852749776e-02 8.581433946337846397e-02 8.178477402292476384e-02 1.169767444541794238e-01 9.906134645846575992e-02 1.136822226813201664e-01 7.932093409922090499e-02 9.233821298334859984e-02 1.199409787867631721e-01 1.034892331634738039e-01 8.644556664023016201e-02 8.471187197253658707e-02 9.635205877941359354e-02 8.962180929905125271e-02 1.063159404661025015e-01 8.667306895973550529e-02 9.346502004823087351e-02 8.695176114805912293e-02 1.102518801576560653e-01 1.009452323522631034e-01 1.131156088934225507e-01 9.583757868187915696e-02 8.376481839215535463e-02 1.022487797287150030e-01 1.177383220852020462e-01 1.054381369598439699e-01 9.390377149222840780e-02 9.244595987752420030e-02 1.051855605029463486e-01 1.046964390587361016e-01 1.017539460074039642e-01 9.429939739725855252e-02 1.142533335086796525e-01 1.152490999610882721e-01 1.617404322532628724e-01 1.072766009129721282e-01 1.329763746535120861e-01 1.322549395634343150e-01 1.213165935275038326e-01 1.263722752948317207e-01 1.085570372065986083e-01 1.097207343806398533e-01 1.257196695375702999e-01 1.266244289587834249e-01 1.128913197154867848e-01 1.197949984491609443e-01 1.327886268148583682e-01 1.142813665095093467e-01 1.302619048728223539e-01 1.147190308953014160e-01 1.220676409714173266e-01 1.362297968263232739e-01 1.163122093854837419e-01 1.256186709300898263e-01 1.142517287801931014e-01 1.194271280300672061e-01 1.266225670178822704e-01 1.167106054675670496e-01 1.319049211042356284e-01 1.255758458791360055e-01 1.221626458770604523e-01 1.198793444806134367e-01 1.151263622720055252e-01 1.156504681221401792e-01 1.336165978723216907e-01 1.327933869574676184e-01 1.294648138898184253e-01 1.387916662627344533e-01 1.002942702474620834e-01 1.142498435490753722e-01 1.344102985444965426e-01 1.055535213016719071e-01 1.150954435526625741e-01 1.435298214488072988e-01
6.075895872256298347e-02 0.000000000000000000e+00 7.829034268664679386e-02 6.367106927313209708e-02 7.226119152545967816e-02 5.942560001401718528e-02 9.411704666045178636e-02 4.538164098318702572e-02 5.519347332373909093e-02 5.280573058828826050e-02 5.718985820035316775e-02 5.552357664665669851e-02 5.463233079578264789e-02 5.004969276322952798e-02 5.272211719939853825e-02 6.277382353998961495e-02 6.172409927400873686e-02 6.227663399698925295e-02 6.207779312503699382e-02 5.505406425828523326e-02 5.430099143482885332e-02 7.178615292304910134e-02 6.272104161616268159e-02 4.878343428825898664e-02 4.496089852109540902e-02 7.010782503065289550e-02 7.000709311607704322e-02 4.711709091887909817e-02 7.014004192252981662e-02 7.793900369474741907e-02 6.685572141040528604e-02 6.393020636320542738e-02 9.017294998141409113e-02 5.296910162947389422e-02 7.791590470453280126e-02 7.542187945285741546e-02 5.897949744168042713e-02 8.819961410266069501e-02 8.273375795596291105e-02 7.667956729104927205e-02 6.039300216162373641e-02 5.494061100198984610e-02 5.601281625865812269e-02 8.046628201628834576e-02 4.602246844231388384e-02 7.336665950882084730e-02 8.087933520146896316e-02 1.003464174368583761e-01 1.046952262493669739e-01 9.853744057118989097e-02 9.848956833964364610e-02 9.153612666132190934e-02 1.144124768653598523e-01 8.685375804471223704e-02 1.035694145868965854e-01 9.070996501847648774e-02 8.875764001314671858e-02 1.219412044801014700e-01 1.045610412948945467e-01 1.183314084856808557e-01 8.762429609700955746e-02 9.927513786816473396e-02 1.241107450223928876e-01 1.073603082662258484e-01 9.330168857753143308e-02 9.057823258516696507e-02 1.008982079048779956e-01 9.586286831111470730e-02 1.113118380864932533e-01 9.390471469167585572e-02 1.003352775320156959e-01 9.295985559309043189e-02 1.132552846274581942e-01 1.065065063936623535e-01 1.177202677980950796e-01 1.012905195257576968e-01 8.775988269162458832e-02 1.077170224910778823e-01 1.221562200818435556e-01 1.105701363840798646e-01 9.989509417890483911e-02 9.752377350218993657e-02 1.103857737681094853e-01 1.095882913515241891e-01 1.095786448079291014e-01 1.000624328508820243e-01 1.186422528712074154e-01 1.244857613767445803e-01 1.649363586065252241e-01 1.127308344964375597e-01 1.365042766644250782e-01 1.400171512910296512e-01 1.278680059307786554e-01 1.341354209003415565e-01 1.167859131813943213e-01 1.189801843734448056e-01 1.340472121558350660e-01 1.347502025295140293e-01 1.215913022012930361e-01 1.292725025030270203e-01 1.398065711370133912e-01 1.229039048175167015e-01 1.377716925706678197e-01 1.231067772252569664e-01 1.295123471083593769e-01 1.437503974103455373e-01 1.250514346048176018e-01 1.327561058612162503e-01 1.226371358067076395e-01 1.275904030789090371e-01 1.357810575044490764e-01 1.341721307797270335e-01 1.480499511377774691e-01 1.430187080937089239e-01 1.382586428951140811e-01 1.364015532273309683e-01 1.325129665987784811e-01 1.321190149577342599e-01 1.497906749944984961e-01 1.495203888153139316e-01 1.463763020878636745e-01 1.540796452699763619e-01 1.216348949943200086e-01 1.325643033994164388e-01 1.503723217164372183e-01 1.233631975755899585e-01 1.310988125539160609e-01 1.584615064275188279e-01
7.289601695118047564e-02 7.829034268664679386e-02 0.000000000000000000e+00 8.062973702610244653e-02 9.066865288578054849e-02 7.045368505441594598e-02 1.019511979462225520e-01 7.382392945085698710e-02 7.822959145401910119e-02 8.048177784463488027e-02 7.980480883560873984e-02 8.740130501789913908e-02 7.431256456512926045e-02 8.196283817038750585e-02 7.655147563402854571e-02 8.319751543379515224e-02 8.241886850763915917e-02 8.074566687049156144e-02 8.105270185683340067e-02 8.041234362176129247e-02 7.706874725101368895e-02 9.450419447772645531e-02 8.377621885561284398e-02 7.351915540041760455e-02 6.750849531981599483e-02 8.660675921880223171e-02 8.763110338367802177e-02 7.412788172325050773e-02 9.015484348767265066e-02 9.555148190588227952e-02 8.723329411588119642e-02 8.174531052974459699e-02 8.023272764371554289e-02 8.380487673165741558e-02 9.192973381815154610e-02 9.051564985770328697e-02 7.851532736351153619e-02 1.047375571831121455e-01 9.637153951780703942e-02 9.170563135681020217e-02 6.956065027999705497e-02 8.040562196778903992e-02 8.058441081887063318e-02 9.885259242121172130e-02 7.158508868323118501e-02 8.942224825097835894e-02 9.216779424708501645e-02 1.174658747843466550e-01 1.211757545777361611e-01 1.161987284473239568e-01 1.158939763460627298e-01 1.100483214276796462e-01 1.301248549035989022e-01 1.062190943249688851e-01 1.203178531753126279e-01 1.102247025002136699e-01 1.076594311014202748e-01 1.362191438765464335e-01 1.209742231124832507e-01 1.327353252002418382e-01 1.059534755207773710e-01 1.165973081291899749e-01 1.386211995128608931e-01 1.230862207297314659e-01 1.116885625769103024e-01 1.092837125399038628e-01 1.178506838677847723e-01 1.131007689483358863e-01 1.269282980604720112e-01 1.123580042577129873e-01 1.175521531601391445e-01 1.096892823376197368e-01 1.267982520978032934e-01 1.228349368510233686e-01 1.317852404818531664e-01 1.181502366002411958e-01 1.065018141015522252e-01 1.237643318666698522e-01 1.367512699577301261e-01 1.259292752532275295e-01 1.172673638359195553e-01 1.149678805391148306e-01 1.259420806566538542e-01 1.253306093922471331e-01 1.247440820900142522e-01 1.176500620486077148e-01 1.330803440053366926e-01 1.371033616437627167e-01 1.757074400605133924e-01 1.276726100072338166e-01 1.494286364542494749e-01 1.534963846093895246e-01 1.412692286728124691e-01 1.481971825751438598e-01 1.323351398589933114e-01 1.337705728534543670e-01 1.480236974900956681e-01 1.487062983070836231e-01 1.371302243192372983e-01 1.435926183074464069e-01 1.528760573734495309e-01 1.382220372495568950e-01 1.513256433124592903e-01 1.382232771347897959e-01 1.436424398277706405e-01 1.566387749359139936e-01 1.402683139256163114e-01 1.464352757326892740e-01 1.375842060229789665e-01 1.416424820605549639e-01 1.492569149944617535e-01 1.466118004028131583e-01 1.597193239396257347e-01 1.548600831380890774e-01 1.500418859383841341e-01 1.489258297207335935e-01 1.456785625343517687e-01 1.451908874426749430e-01 1.609409117066910033e-01 1.605538042813463295e-01 1.579482421678355397e-01 1.648285542359615441e-01 1.337882097747349341e-01 1.447912482165898129e-01 1.615789873806469934e-01 1.368687665242330209e-01 1.438577528495156577e-01 1.691057516112809689e-01
4.950027825386238423e-02 6.367106927313209708e-02 8.062973702610244653e-02 0.000000000000000000e+00 5.983481090427986149e-02 5.948347565296494693e-02 8.220506731991264471e-02 5.723264040758078985e-02 4.933286879557464977e-02 6.162210406264773122e-02 5.716509312033611623e-02 7.431450977371809041e-02 5.879537868158528358e-02 6.699821765313020150e-02 5.019291865896940291e-02 5.163078637970586887e-02 6.162378643746545259e-02 6.300127155726695238e-02 6.051267076422893465e-02 5.644756456881471623e-02 5.090906882148017731e-02 7.786025830096827971e-02 6.034764739772958270e-02 6.205947844727812551e-02 4.698017323157019365e-02 7.272976492084215483e-02 6.896229621484069316e-02 5.142628145584127175e-02 8.008132508928461624e-02 7.899823562318726566e-02 6.490389501699420083e-02 6.429511982609090182e-02 9.727998896678986818e-02 6.858109552554002286e-02 6.293570930164592292e-02 6.710572799382563680e-02 5.326221525711030691e-02 9.557062874451068002e-02 8.072919040299326998e-02 7.841124374176414169e-02 6.338804150345249411e-02 5.543193957455461868e-02 5.895387869272113862e-02 8.339691087239942124e-02 4.601654654302674702e-02 6.763207978618875071e-02 7.752697923603277252e-02 1.009687710523706067e-01 1.055563263766130938e-01 9.944773658743848166e-02 9.925701448194397536e-02 9.235834304920149951e-02 1.152265115873534057e-01 8.778189339004062453e-02 1.044601394102872144e-01 9.282077420336097562e-02 8.967507555648944473e-02 1.225631089308135274e-01 1.052923053641420109e-01 1.191008356935809309e-01 8.758576580468666051e-02 9.953681264682689989e-02 1.251239821461135049e-01 1.081575474383649205e-01 9.371511050423360356e-02 9.161609053483117659e-02 1.018647242954782151e-01 9.664656300353215157e-02 1.119883202211699735e-01 9.414611914981384222e-02 1.001139831810023417e-01 9.401462000411334174e-02 1.145752619322958910e-01 1.071225622351695689e-01 1.183436212060280518e-01 1.021322437595187232e-01 8.941271898454518363e-02 1.083261777063587727e-01 1.229509740215967151e-01 1.111151685192345723e-01 1.005808770889955739e-01 9.888235730040080551e-02 1.109976528174252408e-01 1.103180533978071476e-01 1.092605749726209552e-01 1.010382786926916354e-01 1.194542573553502712e-01 1.230014424844078219e-01 1.656735661824991490e-01 1.128614148916089605e-01 1.373233371104609080e-01 1.377976688490558932e-01 1.263161151025863072e-01 1.318720009391799730e-01 1.147750577605237410e-01 1.162542698654327050e-01 1.317122390574340107e-01 1.323124353825353428e-01 1.194423998754937932e-01 1.266371145412969468e-01 1.378594018360755902e-01 1.208084280866989352e-01 1.355120827628464031e-01 1.208361062494542615e-01 1.276050033597823652e-01 1.415703673433257037e-01 1.229086318083364854e-01 1.308320873321364985e-01 1.202754059739530590e-01 1.239525456174370155e-01 1.331297788715936348e-01 1.296572359039003808e-01 1.439774012214783405e-01 1.385266132267744532e-01 1.343313692288468642e-01 1.322858107053898891e-01 1.283218302862315086e-01 1.284385985319278778e-01 1.455376247288182878e-01 1.451997018658550687e-01 1.421337865563968850e-01 1.502544100469473676e-01 1.162677700547089521e-01 1.270065935317745975e-01 1.460891792718578275e-01 1.190531574665036341e-01 1.267901013664081422e-01 1.546777034554636110e-01
6.097311138916054751e-02 7.226119152545967816e-02 9.066865288578054849e-02 5.983481090427986149e-02 0.000000000000000000e+00 7.214026086055294607e-02 1.023344614044351814e-01 6.559026105447483823e-02 5.992508814922948429e-02 6.967595306144271083e-02 6.353996539713374636e-02 8.249737467913204059e-02 6.592303008304162271e-02 7.603886410107035809e-02 6.193915071687433604e-02 6.097168322919555017e-02 6.829530937217975772e-02 7.145902261952760681e-02 6.680445088524275543e-02 5.721197964305172606e-02 4.941889714631089031e-02 8.183080524468402950e-02 5.848925965867118187e-02 6.942549573109400851e-02 5.571620015892977951e-02 7.854450228284901026e-02 7.526483828053114056e-02 5.958965054585078219e-02 8.594192197147496048e-02 8.503780699896150430e-02 6.711440413718704201e-02 7.268646705709620737e-02 1.047605142081072804e-01 7.327963265205784948e-02 7.582880971772866519e-02 6.374507399330975321e-02 5.604881198926249530e-02 1.004129004652956486e-01 9.419734895820568166e-02 8.842092230463384495e-02 6.925768317384915773e-02 5.646105033413170021e-02 6.401665308901624551e-02 8.828942915836500427e-02 5.147246837643400935e-02 6.324286086297091491e-02 8.243799587612289648e-02 1.004622142015807046e-01 1.050279616475003619e-01 9.886771849112853394e-02 9.875372631581168237e-02 9.185321669525818578e-02 1.147520009949361541e-01 8.734591428056420748e-02 1.037003687392478030e-01 9.242538270344737017e-02 8.953663711912765444e-02 1.223933868702321848e-01 1.043372126859428289e-01 1.189438993093750174e-01 8.774226670427975883e-02 9.767509473280427956e-02 1.246773586769400061e-01 1.067885961726602884e-01 9.157100752188571113e-02 9.123923943363823619e-02 1.003818794682586474e-01 9.645319561497474325e-02 1.103858129240023189e-01 9.137042642555037730e-02 9.564944346541645603e-02 9.381387082590468551e-02 1.142634799668595103e-01 1.059960328597877866e-01 1.174526166766849955e-01 1.005264235656751909e-01 9.028619102262673557e-02 1.072118858536901115e-01 1.220179433556847076e-01 1.097282553230450042e-01 9.940626035093282076e-02 9.849332503847270381e-02 1.099715161589013140e-01 1.085814422815756936e-01 1.086185646140620104e-01 1.003318513435888931e-01 1.189721223239181003e-01 1.221780003467757142e-01 1.656078860943648312e-01 1.094972936852600109e-01 1.362743826405937997e-01 1.285209718171810567e-01 1.177727268934971594e-01 1.218094029058625349e-01 1.057332329339997767e-01 1.063396459499817981e-01 1.224555006131974738e-01 1.221531144584958178e-01 1.103113580293386270e-01 1.176839698175086990e-01 1.289860824348513513e-01 1.116922615731206492e-01 1.254239989329064553e-01 1.108491070932574735e-01 1.184220086349004469e-01 1.326238500341203330e-01 1.138554760786266717e-01 1.217318458412605109e-01 1.104751005787119461e-01 1.086302025131089255e-01 1.242723658991434499e-01 1.296275650652532752e-01 1.448667732138638753e-01 1.400818031358099514e-01 1.346996220125348809e-01 1.329425036982103681e-01 1.293501317069613576e-01 1.300607689712765802e-01 1.470595102123677667e-01 1.462289847150533562e-01 1.431366316014003326e-01 1.512457342933473114e-01 1.182008611950107063e-01 1.297229917211178973e-01 1.470198565800635293e-01 1.207259979453325083e-01 1.243176684599587856e-01 1.555244707292519624e-01
5.839499133391004571e-02 5.942560001401718528e-02 7.045368505441594598e-02 5.948347565296494693e-02 7.214026086055294607e-02 0.000000000000000000e+00 8.192542284413362186e-02 5.428826691239312108e-02 4.826316086919661685e-02 6.007188964649979451e-02 5.879067177381397391e-02 6.965028527846955919e-02 5.663086311138761098e-02 5.769365235350177451e-02 5.341891564115551494e-02 6.238004807164439919e-02 6.480792110957539487e-02 5.495512621431265093e-02 6.406036561230535331e-02 5.615401675076638760e-02 5.648473211935992749e-02 7.376728574900126567e-02 6.243254343911661119e-02 6.013582398176897659e-02 4.417591213547816809e-02 7.423175629008471610e-02 6.415944975046630749e-02 4.762544826856120878e-02 7.834398642363621379e-02 8.183006471630369094e-02 6.821226000939779877e-02 6.791072155850715053e-02 9.321053867085125899e-02 6.508819206883048603e-02 7.690639047068356660e-02 7.478856762653880719e-02 5.950827486041950637e-02 9.626092722498719167e-02 8.053928871112439603e-02 7.896146457798074170e-02 5.938212084364569848e-02 5.608739351686807539e-02 5.704339938170091551e-02 8.410348398264702596e-02 4.774056331579745738e-02 7.332047634895583199e-02 8.284831801627214054e-02 9.581360357596566124e-02 1.001226345093074732e-01 9.454940950735765681e-02 9.413808325857080106e-02 8.772545081579921633e-02 1.101230428010626372e-01 8.279220446123505828e-02 9.931688354939560703e-02 8.802449439621802540e-02 8.462565157715978836e-02 1.174612527043382149e-01 1.005141085330690937e-01 1.138622957232499483e-01 8.062233337798173360e-02 9.492535093398776769e-02 1.202756954599573380e-01 1.039078279415596440e-01 8.956206105512756754e-02 8.705242777825687728e-02 9.762296766382214108e-02 9.170333746429394639e-02 1.073547138134698237e-01 8.986964614091869086e-02 9.643222304957438373e-02 8.848522937642451514e-02 1.102734130141610480e-01 1.020220511107969158e-01 1.130253883247387958e-01 9.752961764544246237e-02 8.508780528883232164e-02 1.031456290456954777e-01 1.183138982292715052e-01 1.060686427141292881e-01 9.577864013526923848e-02 9.339350333997353815e-02 1.058474161557467763e-01 1.056253241398342757e-01 1.054922854636193286e-01 9.604761846673788572e-02 1.140973946132068095e-01 1.200438784360986222e-01 1.613060303942264184e-01 1.087389330671291732e-01 1.330850277511971269e-01 1.389271375731070401e-01 1.267335848048675440e-01 1.329552993590502330e-01 1.155421067930631485e-01 1.176443588044472355e-01 1.328974880344899745e-01 1.336372223990576480e-01 1.205829073954375330e-01 1.281021729505674722e-01 1.387831912346974284e-01 1.216024362657540381e-01 1.367170327979573830e-01 1.217411236658331175e-01 1.280137763680687935e-01 1.426855206000117171e-01 1.237266270524458728e-01 1.313133800146373265e-01 1.215977244754049141e-01 1.265506118833121252e-01 1.345725389485648849e-01 1.329161144217366197e-01 1.468013893294493055e-01 1.417670159565882493e-01 1.365536919152057771e-01 1.354359286214877056e-01 1.309212093528341336e-01 1.308754563669447535e-01 1.484889242911363316e-01 1.483136613051876940e-01 1.451411989605586594e-01 1.527019248618690372e-01 1.202329581353822063e-01 1.312206232567141029e-01 1.490900988873273270e-01 1.216309065560269437e-01 1.296560628455171449e-01 1.572894144930699900e-01
9.360189375813697532e-02 9.411704666045178636e-02 1.019511979462225520e-01 8.220506731991264471e-02 1.023344614044351814e-01 8.192542284413362186e-02 0.000000000000000000e+00 8.927715414883517775e-02 9.142395730990991731e-02 9.383965596839743961e-02 9.468216716167006386e-02 1.000177857024622807e-01 9.262417238921867579e-02 9.462769874178228457e-02 8.739739756885238353e-02 9.644672215674801596e-02 9.792656571795838039e-02 9.527654088900053275e-02 9.649526458972003395e-02 9.495705121840020135e-02 9.250922997343420662e-02 1.070299026556593425e-01 9.981792079237651605e-02 9.593584040820288261e-02 8.250387759386446085e-02 1.045451027027111957e-01 9.748419881356309991e-02 9.016462896173219055e-02 1.055628838886775583e-01 1.065632945918259938e-01 1.033111301296817247e-01 9.703009708509544029e-02 1.149296701647389424e-01 9.963458641956239592e-02 1.041902912026613365e-01 1.056669897666102087e-01 9.474395700113050212e-02 1.171493949765183284e-01 8.092899241891007844e-02 9.824591005934914245e-02 9.716004541377239179e-02 9.450656668726441223e-02 9.477953695721624827e-02 1.101812577515148966e-01 8.779563384841580775e-02 1.048229304692851332e-01 1.090327292713889756e-01 1.292746903381285506e-01 1.325883398399098356e-01 1.280934663050842803e-01 1.277487107998606097e-01 1.223880193079573686e-01 1.410060120044669407e-01 1.189188893173347972e-01 1.317822452714169645e-01 1.225797379872732851e-01 1.199759656468864510e-01 1.466006484020523915e-01 1.323492088571002756e-01 1.434283321914000264e-01 1.185746351530062165e-01 1.285032794013869495e-01 1.487518594626343615e-01 1.338457538745636832e-01 1.239500114515430934e-01 1.217233940360945565e-01 1.293503111522434912e-01 1.247812364032610671e-01 1.378969939950336066e-01 1.246228592945301528e-01 1.294337618420672575e-01 1.231014177572008483e-01 1.377231078154254607e-01 1.341999335154613615e-01 1.424448815102918320e-01 1.298755437830512172e-01 1.184947913606258368e-01 1.350851973558062635e-01 1.469820976563170345e-01 1.369391672535616722e-01 1.290058034321613367e-01 1.269046209878405274e-01 1.369691443650641605e-01 1.363950492326402308e-01 1.362056808695068233e-01 1.294277335211072300e-01 1.434387810232853611e-01 1.476049537866057360e-01 1.836305041401767035e-01 1.388060064934869553e-01 1.586248813327972296e-01 1.633446355645161996e-01 1.511952467286754587e-01 1.582623142968473950e-01 1.432859345748300206e-01 1.447574890963012895e-01 1.582303543241994348e-01 1.587916624941667632e-01 1.479408886399772305e-01 1.541866172053455997e-01 1.625104159580778029e-01 1.489720997343518261e-01 1.611462052074535967e-01 1.489020266761373334e-01 1.538798519773016960e-01 1.662270416728694744e-01 1.509677451595453357e-01 1.564575659480923198e-01 1.483209686039367314e-01 1.516466108245909383e-01 1.594763736291513745e-01 1.582251838819337675e-01 1.706568563254095838e-01 1.661255818032022491e-01 1.612407193682280637e-01 1.604531353628751156e-01 1.573749040301443136e-01 1.567358230800802443e-01 1.716416176826233986e-01 1.714413312072223528e-01 1.690636419376895516e-01 1.752477503365146294e-01 1.465508084458557458e-01 1.562184950623700386e-01 1.722665446903417219e-01 1.490135816909823607e-01 1.553486741754087630e-01 1.793515340176484174e-01
5.345048921019741189e-02 4.538164098318702572e-02 7.382392945085698710e-02 5.723264040758078985e-02 6.559026105447483823e-02 5.428826691239312108e-02 8.927715414883517775e-02 0.000000000000000000e+00 4.940123623056806579e-02 5.130822012503351293e-02 5.215582194795986143e-02 6.453814941115448844e-02 4.267152934170389406e-02 5.338415030078225154e-02 3.820067241914215650e-02 5.671410061509567918e-02 5.703634122235855947e-02 5.568819069082347334e-02 5.427712771924241703e-02 4.674325473715124774e-02 4.139154875015176732e-02 6.976191158410072202e-02 5.381897611596177244e-02 4.683931965236821926e-02 3.924830966804787602e-02 6.176016645126106153e-02 6.006416977854710931e-02 4.432628242789301426e-02 6.751232784510996510e-02 7.314343792480554329e-02 5.991862883053820227e-02 5.395892158945863465e-02 8.120102477802289276e-02 4.569146655631427939e-02 7.293015745548016293e-02 6.971172365377725777e-02 5.247288949409806974e-02 7.708206132919233344e-02 7.096514934378554684e-02 6.954761533371418836e-02 5.299676360594889751e-02 4.755791301254414655e-02 4.448548342692813101e-02 7.724078760094583995e-02 3.544559801520533876e-02 6.647056637193371476e-02 7.554183721645929550e-02 9.178442090282372401e-02 9.638910590156700431e-02 8.885780898125578142e-02 8.914771011096665754e-02 8.163443996819207127e-02 1.063381357862622362e-01 7.636601286191352367e-02 9.501317167981479517e-02 8.065214061312651894e-02 7.817237717234869210e-02 1.146720436206598442e-01 9.612238187109507781e-02 1.108357409201109617e-01 7.779892289886486401e-02 9.014734104744624721e-02 1.167896718870121836e-01 1.001383068395784448e-01 8.383457030376280372e-02 8.126139575517959956e-02 9.305431369613102743e-02 8.616045056836300897e-02 1.034949566332422494e-01 8.410339257639827537e-02 9.172996069335108416e-02 8.334676893045316060e-02 1.060695079495394960e-01 9.816814529764261721e-02 1.104441713096156880e-01 9.251699651974031047e-02 7.475596530921663208e-02 9.955257573137063498e-02 1.147897909400614896e-01 1.028415739693589043e-01 9.084749593963956094e-02 8.957737818909822236e-02 1.025792993924828228e-01 1.018715515093082252e-01 1.020814619859772149e-01 9.080514943777803771e-02 1.114105186868356162e-01 1.186923784301835288e-01 1.591878258729108597e-01 1.051012930256828987e-01 1.300233553345209181e-01 1.339338081780161449e-01 1.223778676186139530e-01 1.276910316083137154e-01 1.093215247000728918e-01 1.121687983325782012e-01 1.276586609697196173e-01 1.283899328669647899e-01 1.142641632959961462e-01 1.227604511035987334e-01 1.340343206252948005e-01 1.156185400040569133e-01 1.317326846733985757e-01 1.159898434097928061e-01 1.231276391252857372e-01 1.379836158986470773e-01 1.177014039826552311e-01 1.265564804475121374e-01 1.157959167290164987e-01 1.213093595597402041e-01 1.298085420937516166e-01 1.293732884187489829e-01 1.436027965495823844e-01 1.383790994848020928e-01 1.336464946844921620e-01 1.316288671660116039e-01 1.271572547770747352e-01 1.278681850014391774e-01 1.457378845129054523e-01 1.453519472339319107e-01 1.419243136880504463e-01 1.502295268462033040e-01 1.166595302492657443e-01 1.278791321592532837e-01 1.461672184700776866e-01 1.179737126891458460e-01 1.260969755297755013e-01 1.546556352457192918e-01
4.804762935078672748e-02 5.519347332373909093e-02 7.822959145401910119e-02 4.933286879557464977e-02 5.992508814922948429e-02 4.826316086919661685e-02 9.142395730990991731e-02 4.940123623056806579e-02 0.000000000000000000e+00 5.438815731544291432e-02 4.455641703809595788e-02 6.652726577896531102e-02 5.163786358901038126e-02 5.514028167742630882e-02 4.693051585849457308e-02 4.588397194602245738e-02 5.631163124790358049e-02 5.551706303356262334e-02 5.683643412454596200e-02 4.047535610971848830e-02 4.465256527565625994e-02 6.563312265834173043e-02 5.165994314857493691e-02 5.455016474131784560e-02 3.992443776040323355e-02 6.824854159783416696e-02 6.074614298920077982e-02 3.809015497657399635e-02 7.451232112654342099e-02 7.558703995997628766e-02 5.670118114858931774e-02 6.074074035636673613e-02 9.468558937846230372e-02 5.871997011737453004e-02 6.881832993197271875e-02 6.038909937861111632e-02 4.858391458924109924e-02 9.264838534900263212e-02 8.277966142869973287e-02 7.675856333890490601e-02 5.487759390575001894e-02 4.280413881844287449e-02 4.830837779972272511e-02 7.631632171980896884e-02 3.461848239601753030e-02 6.332381013179852469e-02 7.534491900251037710e-02 8.909114718887004014e-02 9.405569452820945753e-02 8.788725229343295753e-02 8.756003892040356562e-02 8.037002093234102418e-02 1.044197444204695707e-01 7.490076126071285034e-02 9.314889941709146581e-02 8.073096596381421075e-02 7.736427852519897619e-02 1.123864660512332858e-01 9.449314962121957429e-02 1.087452851150403077e-01 7.324719037231548768e-02 8.815362412646979284e-02 1.152122636667909511e-01 9.799317948907766695e-02 8.218541461573962426e-02 7.931604370129323456e-02 9.065772598083077227e-02 8.559926806726206316e-02 1.016629624985383173e-01 8.230165379261027148e-02 8.952993550314794491e-02 8.208215808534095881e-02 1.056903250736434541e-01 9.594667730755969404e-02 1.080875028427510653e-01 9.131233248229117527e-02 7.874380088228363772e-02 9.725624752843482768e-02 1.131107074921307992e-01 1.005473093730062800e-01 8.912714607794333666e-02 8.674824432442861111e-02 1.002717829596320998e-01 9.982362506768242827e-02 9.933304030520838379e-02 8.942063908347161472e-02 1.091394350238961419e-01 1.144727630074610925e-01 1.576840825962590176e-01 1.031356600308435956e-01 1.285088203523803152e-01 1.329981313978919610e-01 1.216565731452787791e-01 1.267860101245800175e-01 1.087855586333761476e-01 1.107560527550440349e-01 1.266510273337196346e-01 1.274067600349767515e-01 1.136322924893785336e-01 1.214676671565031174e-01 1.332890527874110997e-01 1.148479074073613521e-01 1.308617522767428765e-01 1.150282624311723123e-01 1.220555754449758473e-01 1.370625112629257070e-01 1.169372062688833203e-01 1.254859968454316577e-01 1.149446936757708426e-01 1.199070608889943046e-01 1.283499830861269675e-01 1.249865547401467353e-01 1.400010654673750909e-01 1.348817770870645860e-01 1.299489566386346773e-01 1.280700726068972894e-01 1.234270904319659801e-01 1.239187728550682349e-01 1.421376017330278352e-01 1.417030796704329410e-01 1.382878668863702643e-01 1.466216790917674317e-01 1.128007061532907140e-01 1.241901848071091802e-01 1.426585691657306365e-01 1.141576502413706590e-01 1.223764630148630322e-01 1.512033827031744604e-01
6.063678981610274438e-02 5.280573058828826050e-02 8.048177784463488027e-02 6.162210406264773122e-02 6.967595306144271083e-02 6.007188964649979451e-02 9.383965596839743961e-02 5.130822012503351293e-02 5.438815731544291432e-02 0.000000000000000000e+00 5.565940011222429706e-02 5.624964051747374100e-02 5.503065903467944248e-02 4.984628857774326544e-02 4.670107024322112110e-02 6.085463900392946990e-02 5.242294750681248533e-02 6.250548702313922511e-02 6.084847265250697967e-02 5.556728324153242110e-02 5.407496135389735364e-02 7.197713059894816912e-02 6.274869784472220102e-02 5.896553856873597288e-02 4.453246872998461309e-02 7.212791108063491829e-02 6.980004322608032719e-02 5.025004780917105562e-02 7.554067358973905189e-02 7.462114311464795868e-02 6.743173652354171599e-02 6.477054323929259949e-02 9.448640136209997265e-02 6.397038379741701308e-02 7.745785172683294917e-02 7.326208623200282377e-02 5.664669781180036584e-02 9.277800996078916507e-02 8.277510299342955014e-02 7.763265853857859167e-02 6.230647521488026641e-02 4.786441673918302026e-02 4.707206375440395330e-02 7.941572209101799285e-02 4.577173093785454061e-02 7.255408885782696493e-02 8.065846760632763845e-02 1.004837661499653201e-01 1.045385947344000255e-01 9.865559816857223663e-02 9.853341027049834777e-02 9.144250256985664294e-02 1.145213822310807428e-01 8.700717413626773977e-02 1.037440647312982411e-01 9.172930467433912383e-02 8.838864659383291467e-02 1.220855411994998252e-01 1.045123114735475728e-01 1.184732097198675227e-01 8.773933610494523416e-02 9.925681596186144984e-02 1.243317533235027278e-01 1.060624332608104126e-01 9.329299092398489479e-02 9.081320775397858092e-02 1.011684017752333825e-01 9.589985398183190068e-02 1.113547195434169274e-01 9.393545488356767892e-02 1.002317050129486603e-01 9.314282281683275433e-02 1.132423691970517454e-01 1.065080650238418164e-01 1.176587164950329278e-01 1.013667771066672912e-01 8.783636711222207738e-02 1.077623079561852298e-01 1.222039397897886764e-01 1.105035718502344333e-01 9.972099124949357352e-02 9.762171555464654871e-02 1.103494293319201569e-01 1.096019997955317571e-01 1.096452393651964619e-01 1.001621921348110900e-01 1.186057762839787394e-01 1.245368440091450812e-01 1.650267919298386843e-01 1.126553553347310055e-01 1.365949343107313863e-01 1.396882876871163859e-01 1.274797640890832640e-01 1.337768634647750199e-01 1.164685098385816464e-01 1.185815140278334567e-01 1.337222126219782259e-01 1.343840288120697335e-01 1.212736775757950053e-01 1.289737189409587703e-01 1.394644632573291410e-01 1.225902036026968872e-01 1.373946091215187126e-01 1.227566717970323962e-01 1.291759410722069235e-01 1.434242693373169730e-01 1.247498250491131250e-01 1.324303312036076707e-01 1.222946966222248494e-01 1.269765472201601353e-01 1.354836425351645113e-01 1.341904307884604630e-01 1.482492785635523835e-01 1.432156886633624282e-01 1.384252931679084420e-01 1.366001683481167517e-01 1.327613638449689770e-01 1.327101172366743354e-01 1.500613591667152580e-01 1.496677699321199984e-01 1.465439461250818143e-01 1.543497440597634551e-01 1.216363497221781415e-01 1.327846922078330105e-01 1.505696266017519103e-01 1.236366171892376853e-01 1.311271497128081165e-01 1.587223987808140668e-01
5.101928690241128161e-02 5.718985820035316775e-02 7.980480883560873984e-02 5.716509312033611623e-02 6.353996539713374636e-02 5.879067177381397391e-02 9.468216716167006386e-02 5.215582194795986143e-02 4.455641703809595788e-02 5.565940011222429706e-02 0.000000000000000000e+00 6.599919762918016186e-02 5.351143222488646822e-02 6.127768090267030759e-02 4.951587199209104423e-02 5.385220468934904386e-02 5.968468927731137436e-02 5.925687401008707805e-02 5.651299308819093814e-02 4.039912699398764268e-02 4.637233331839644285e-02 5.729470239803761966e-02 5.751806195487061540e-02 5.658407329763880805e-02 4.290804868378230580e-02 6.934835171964087719e-02 6.584721541527435718e-02 4.605857985445411390e-02 7.383271146278230779e-02 7.013172124512173644e-02 6.185250633560500366e-02 6.078160083343683157e-02 9.517597548673673025e-02 6.064624610844079888e-02 7.225000809726665751e-02 6.838542853731353899e-02 5.384583064452419521e-02 9.203266353196547234e-02 8.445388880842966128e-02 7.754952327733245776e-02 5.861984871561493060e-02 4.347172952758126402e-02 5.289783376707632434e-02 6.351201344152902772e-02 3.908337971525932542e-02 6.664262161915633642e-02 7.718208313271648913e-02 9.502880829222865033e-02 9.971155092124461827e-02 9.385802368607741586e-02 9.349871715710066089e-02 8.616558253749556640e-02 1.100162169802802181e-01 8.142287028739286781e-02 9.890266865120193873e-02 8.659557532466601038e-02 8.365551925591797888e-02 1.179014045913085729e-01 9.994776150824333238e-02 1.142230627883319832e-01 8.182883252746096792e-02 9.420592753844307665e-02 1.202662894902623153e-01 1.021575039590061074e-01 8.808997951479104194e-02 8.495921899677133515e-02 9.536146120670659088e-02 9.128249859710517444e-02 1.069175934871424982e-01 8.835186351647474068e-02 9.507967730754704472e-02 8.819919885351645839e-02 1.097924765608312841e-01 1.017905373660416973e-01 1.134945306393207037e-01 9.676263721469186008e-02 8.435977654654279456e-02 1.031005585484190273e-01 1.180789086514568986e-01 1.061706446230618883e-01 9.483730509701543410e-02 9.113919145819426859e-02 1.059836849607048576e-01 1.047833844477045195e-01 1.050000226460503228e-01 9.526375432619670069e-02 1.145520892898455323e-01 1.200972859064306092e-01 1.618523346996984247e-01 1.082654066049266312e-01 1.327952262864731114e-01 1.357207970998152435e-01 1.239463248805889733e-01 1.296488934504293755e-01 1.117648346789862218e-01 1.140269318956633748e-01 1.295625292804530870e-01 1.302559642155990960e-01 1.167581562769409859e-01 1.246159319008936367e-01 1.356964682040735504e-01 1.180634501618952198e-01 1.334683892408708161e-01 1.182629861376804786e-01 1.250843154694545878e-01 1.395879688497755899e-01 1.202231871615430520e-01 1.283892132441059875e-01 1.179644300528695233e-01 1.227255072962416677e-01 1.313456643876490804e-01 1.298706961299884444e-01 1.442177679091325160e-01 1.390056129816605035e-01 1.342477744405060347e-01 1.323382671973048763e-01 1.282123270303687779e-01 1.285473887807955518e-01 1.461547014446089587e-01 1.456971525430661996e-01 1.424465524684557782e-01 1.506018683464933894e-01 1.169088831335536594e-01 1.283788162801995925e-01 1.466283387515132930e-01 1.190386313023771570e-01 1.266774716764138276e-01 1.550401544997540015e-01
7.272813033684123740e-02 5.552357664665669851e-02 8.740130501789913908e-02 7.431450977371809041e-02 8.249737467913204059e-02 6.965028527846955919e-02 1.000177857024622807e-01 6.453814941115448844e-02 6.652726577896531102e-02 5.624964051747374100e-02 6.599919762918016186e-02 0.000000000000000000e+00 6.935118753913173395e-02 5.514082558020121788e-02 6.562565950462753706e-02 7.423649521950728691e-02 7.137202991054360235e-02 7.423244159353643845e-02 7.408651772467371444e-02 6.705119091500127970e-02 6.886939076583045716e-02 6.925335009493743810e-02 7.653947572690722456e-02 6.902725995824919580e-02 5.814534427797322241e-02 8.318335533192398878e-02 8.109140574692745573e-02 5.916277957666881554e-02 8.305429710075401539e-02 8.450577210199874956e-02 7.988824109290400266e-02 7.590112545742276617e-02 1.005135430618675219e-01 7.324533550411232996e-02 8.762309586757932589e-02 8.525095279676545013e-02 7.102972257703207837e-02 9.974837468906902482e-02 9.115856028002194966e-02 8.559937638864384413e-02 7.421083135119459218e-02 6.566377694594151271e-02 6.802064766673592000e-02 8.411834199098035258e-02 6.161028284438173352e-02 8.457590828367812785e-02 9.054149188722264430e-02 1.095807371100060434e-01 1.134358052533193800e-01 1.084911960355740695e-01 1.079557012176626252e-01 1.017137086300532595e-01 1.231454454824875977e-01 9.780146963969235663e-02 1.129108540470083605e-01 1.019817483879987413e-01 9.951045671732396125e-02 1.298673247107341167e-01 1.136374966455010876e-01 1.264138427432692502e-01 9.817206403297606965e-02 1.091467335346275880e-01 1.321338592993856476e-01 1.151085352597116390e-01 1.038788351854394582e-01 1.010685248200439007e-01 1.098096165589026174e-01 1.057814471393787037e-01 1.199445676183276410e-01 1.044502279943257117e-01 1.101863683739044975e-01 1.030235875338736118e-01 1.211637112348528666e-01 1.156840258928507614e-01 1.254852607216979388e-01 1.109184546503543811e-01 9.848663784675537602e-02 1.166518008143790086e-01 1.302317641098245660e-01 1.191376236504456676e-01 1.096364118537872662e-01 1.051521957026547577e-01 1.190136949908119079e-01 1.178350062171965862e-01 1.180414129560565656e-01 1.098550464131985011e-01 1.264471282052695433e-01 1.316314865664032496e-01 1.708257871183987975e-01 1.213046571909908444e-01 1.435362520008455212e-01 1.482703437861159212e-01 1.358977731179897008e-01 1.427071667737542793e-01 1.262803575848120141e-01 1.281510543066275154e-01 1.426482423061567195e-01 1.433039408714752716e-01 1.311535128532448080e-01 1.381531059557270791e-01 1.477579614938796526e-01 1.322860075876277630e-01 1.460278057766071502e-01 1.323391400386384753e-01 1.380438786957529085e-01 1.516329723654455675e-01 1.344034045137502409e-01 1.410122129034601657e-01 1.318658839296307228e-01 1.361093941909442828e-01 1.441079922501850574e-01 1.422006025975792176e-01 1.555856961593785892e-01 1.508060404303867008e-01 1.457758569756745226e-01 1.445453964381504530e-01 1.409270202426237684e-01 1.400219672959988060e-01 1.569571106154362683e-01 1.567683526463392596e-01 1.539382488692203066e-01 1.609045971411271758e-01 1.300506653891460307e-01 1.405811070762662263e-01 1.576389491769081830e-01 1.320877638672102450e-01 1.392893330571055299e-01 1.652387339146725309e-01
