0.000000000000000000e+00 6.075895872256309449e-02 7.289601695118057278e-02 4.950027825386241892e-02 6.097311138916062384e-02 5.839499133391010122e-02 9.360189375813708634e-02 5.345048921019749516e-02 4.804762935078678299e-02 6.063678981610284846e-02 5.101928690241134406e-02 7.272813033684132067e-02 5.390069013150637633e-02 6.674230445651581356e-02 5.134095893702515789e-02 5.264288452244755140e-02 5.739353850688905245e-02 5.821859700067909260e-02 5.552734535212409256e-02 5.135005187308216978e-02 4.388801585460433419e-02 7.389067515730778080e-02 5.004098717836789195e-02 5.676804513412556097e-02 4.198402337792408318e-02 6.934267179436150175e-02 6.054246150208920235e-02 3.951703588340271106e-02 7.849194835867467912e-02 7.872924645024804990e-02 5.486526565864756344e-02 5.614234604060339834e-02 9.372029046043345302e-02 6.490856334785571891e-02 5.442043787167711449e-02 5.235106082017950552e-02 4.255968846037801873e-02 9.452699301118416830e-02 8.368772630215771946e-02 7.631045647052937808e-02 5.623868514543085145e-02 5.257852019129386628e-02 5.514008909487873311e-02 8.155479089411767080e-02 3.727685561519104851e-02 5.751925911219862159e-02 7.134247856997823212e-02 9.410226699145711471e-02 9.943507445415995794e-02 9.257270969340554434e-02 9.245902058059000950e-02 8.512599695459950599e-02 1.092728071288259495e-01 7.958554413441655540e-02 9.820192874852756715e-02 8.581433946337857499e-02 8.178477402292484710e-02 1.169767444541795071e-01 9.906134645846578768e-02 1.136822226813203190e-01 7.932093409922094662e-02 9.233821298334869698e-02 1.199409787867632554e-01 1.034892331634739149e-01 8.644556664023021753e-02 8.471187197253669809e-02 9.635205877941364905e-02 8.962180929905133597e-02 1.063159404661026125e-01 8.667306895973554692e-02 9.346502004823099841e-02 8.695176114805919232e-02 1.102518801576561763e-01 1.009452323522632006e-01 1.131156088934226200e-01 9.583757868187926798e-02 8.376481839215545178e-02 1.022487797287150724e-01 1.177383220852021573e-01 1.054381369598440671e-01 9.390377149222847719e-02 9.244595987752431132e-02 1.051855605029464735e-01 1.046964390587361432e-01 1.017539460074040475e-01 9.429939739725862191e-02 1.142533335086797774e-01 1.152490999610884248e-01 1.617404322532630667e-01 1.072766009129722115e-01 1.329763746535122526e-01 1.322549395634344815e-01 1.213165935275039298e-01 1.263722752948318040e-01 1.085570372065986916e-01 1.097207343806399366e-01 1.257196695375703832e-01 1.266244289587835359e-01 1.128913197154868681e-01 1.197949984491610137e-01 1.327886268148584792e-01 1.142813665095094855e-01 1.302619048728224371e-01 1.147190308953015547e-01 1.220676409714173960e-01 1.362297968263233849e-01 1.163122093854838807e-01 1.256186709300899651e-01 1.142517287801931847e-01 1.194271280300673310e-01 1.266225670178823537e-01 1.167106054675671467e-01 1.319049211042356839e-01 1.255758458791362275e-01 1.221626458770605494e-01 1.198793444806135061e-01 1.151263622720055946e-01 1.156504681221402903e-01 1.336165978723218295e-01 1.327933869574677850e-01 1.294648138898185086e-01 1.387916662627345643e-01 1.002942702474622361e-01 1.142498435490754555e-01 1.344102985444965981e-01 1.055535213016720320e-01 1.150954435526626296e-01 1.435298214488073820e-01
6.075895872256309449e-02 0.000000000000000000e+00 7.829034268664690488e-02 6.367106927313219422e-02 7.226119152545980306e-02 5.942560001401726855e-02 9.411704666045189738e-02 4.538164098318711592e-02 5.519347332373918807e-02 5.280573058828837152e-02 5.718985820035325796e-02 5.552357664665676790e-02 5.463233079578272422e-02 5.004969276322962513e-02 5.272211719939860070e-02 6.277382353998969822e-02 6.172409927400882707e-02 6.227663399698930152e-02 6.207779312503707708e-02 5.505406425828531652e-02 5.430099143482888802e-02 7.178615292304921236e-02 6.272104161616275098e-02 4.878343428825909073e-02 4.496089852109548535e-02 7.010782503065295101e-02 7.000709311607712648e-02 4.711709091887915368e-02 7.014004192252987213e-02 7.793900369474755785e-02 6.685572141040541094e-02 6.393020636320552452e-02 9.017294998141428541e-02 5.296910162947397055e-02 7.791590470453289841e-02 7.542187945285751260e-02 5.897949744168049652e-02 8.819961410266079216e-02 8.273375795596300819e-02 7.667956729104941083e-02 6.039300216162381968e-02 5.494061100198990161e-02 5.601281625865820596e-02 8.046628201628841515e-02 4.602246844231393935e-02 7.336665950882094445e-02 8.087933520146901867e-02 1.003464174368585149e-01 1.046952262493670849e-01 9.853744057118996036e-02 9.848956833964377100e-02 9.153612666132203424e-02 1.144124768653600188e-01 8.685375804471236194e-02 1.035694145868966964e-01 9.070996501847659876e-02 8.875764001314676022e-02 1.219412044801016226e-01 1.045610412948946716e-01 1.183314084856809389e-01 8.762429609700969624e-02 9.927513786816485886e-02 1.241107450223929987e-01 1.073603082662260150e-01 9.330168857753155798e-02 9.057823258516704834e-02 1.008982079048780789e-01 9.586286831111481832e-02 1.113118380864933088e-01 9.390471469167599450e-02 1.003352775320157375e-01 9.295985559309050128e-02 1.132552846274583053e-01 1.065065063936625062e-01 1.177202677980951906e-01 1.012905195257577523e-01 8.775988269162468547e-02 1.077170224910779656e-01 1.221562200818436666e-01 1.105701363840800033e-01 9.989509417890496401e-02 9.752377350219006147e-02 1.103857737681095963e-01 1.095882913515242862e-01 1.095786448079292402e-01 1.000624328508821770e-01 1.186422528712074986e-01 1.244857613767447191e-01 1.649363586065253073e-01 1.127308344964376569e-01 1.365042766644251893e-01 1.400171512910297345e-01 1.278680059307787942e-01 1.341354209003416398e-01 1.167859131813944185e-01 1.189801843734449305e-01 1.340472121558352325e-01 1.347502025295141959e-01 1.215913022012930778e-01 1.292725025030271868e-01 1.398065711370134745e-01 1.229039048175168541e-01 1.377716925706679307e-01 1.231067772252570636e-01 1.295123471083594879e-01 1.437503974103455928e-01 1.250514346048177683e-01 1.327561058612163891e-01 1.226371358067077921e-01 1.275904030789091481e-01 1.357810575044492152e-01 1.341721307797271445e-01 1.480499511377775523e-01 1.430187080937089794e-01 1.382586428951141644e-01 1.364015532273311071e-01 1.325129665987785366e-01 1.321190149577344264e-01 1.497906749944986626e-01 1.495203888153140426e-01 1.463763020878638410e-01 1.540796452699764729e-01 1.216348949943201335e-01 1.325643033994165498e-01 1.503723217164373016e-01 1.233631975755900140e-01 1.310988125539161719e-01 1.584615064275189944e-01
7.289601695118057278e-02 7.829034268664690488e-02 0.000000000000000000e+00 8.062973702610254367e-02 9.066865288578059012e-02 7.045368505441604312e-02 1.019511979462226631e-01 7.382392945085705649e-02 7.822959145401919834e-02 8.048177784463492190e-02 7.980480883560885086e-02 8.740130501789925010e-02 7.431256456512935760e-02 8.196283817038763075e-02 7.655147563402862898e-02 8.319751543379519387e-02 8.241886850763924244e-02 8.074566687049172797e-02 8.105270185683348394e-02 8.041234362176145900e-02 7.706874725101379997e-02 9.450419447772655246e-02 8.377621885561292725e-02 7.351915540041772945e-02 6.750849531981606422e-02 8.660675921880234274e-02 8.763110338367810503e-02 7.412788172325061875e-02 9.015484348767277556e-02 9.555148190588240442e-02 8.723329411588133520e-02 8.174531052974476353e-02 8.023272764371565391e-02 8.380487673165749885e-02 9.192973381815165712e-02 9.051564985770339800e-02 7.851532736351161945e-02 1.047375571831122010e-01 9.637153951780713657e-02 9.170563135681031319e-02 6.956065027999713823e-02 8.040562196778910931e-02 8.058441081887073032e-02 9.885259242121183232e-02 7.158508868323128216e-02 8.942224825097844221e-02 9.216779424708514135e-02 1.174658747843467937e-01 1.211757545777362166e-01 1.161987284473240678e-01 1.158939763460627853e-01 1.100483214276797711e-01 1.301248549035989577e-01 1.062190943249689407e-01 1.203178531753127806e-01 1.102247025002137532e-01 1.076594311014203442e-01 1.362191438765466001e-01 1.209742231124834311e-01 1.327353252002419770e-01 1.059534755207774542e-01 1.165973081291900998e-01 1.386211995128610042e-01 1.230862207297315908e-01 1.116885625769104273e-01 1.092837125399040016e-01 1.178506838677848417e-01 1.131007689483359835e-01 1.269282980604721500e-01 1.123580042577131122e-01 1.175521531601392139e-01 1.096892823376198617e-01 1.267982520978034322e-01 1.228349368510234380e-01 1.317852404818533052e-01 1.181502366002413901e-01 1.065018141015523084e-01 1.237643318666699632e-01 1.367512699577302371e-01 1.259292752532276405e-01 1.172673638359196385e-01 1.149678805391149694e-01 1.259420806566539652e-01 1.253306093922473274e-01 1.247440820900143355e-01 1.176500620486077980e-01 1.330803440053367759e-01 1.371033616437628000e-01 1.757074400605135589e-01 1.276726100072340386e-01 1.494286364542495582e-01 1.534963846093896911e-01 1.412692286728126079e-01 1.481971825751440819e-01 1.323351398589934780e-01 1.337705728534545613e-01 1.480236974900958069e-01 1.487062983070837341e-01 1.371302243192373815e-01 1.435926183074465734e-01 1.528760573734496420e-01 1.382220372495570337e-01 1.513256433124593736e-01 1.382232771347899347e-01 1.436424398277707792e-01 1.566387749359141601e-01 1.402683139256164779e-01 1.464352757326893850e-01 1.375842060229791053e-01 1.416424820605551027e-01 1.492569149944618645e-01 1.466118004028133248e-01 1.597193239396257902e-01 1.548600831380892440e-01 1.500418859383841896e-01 1.489258297207337878e-01 1.456785625343518520e-01 1.451908874426750540e-01 1.609409117066911699e-01 1.605538042813463850e-01 1.579482421678357340e-01 1.648285542359617661e-01 1.337882097747350729e-01 1.447912482165899517e-01 1.615789873806471044e-01 1.368687665242331042e-01 1.438577528495157964e-01 1.691057516112810244e-01
4.950027825386241892e-02 6.367106927313219422e-02 8.062973702610254367e-02 0.000000000000000000e+00 5.983481090427991700e-02 5.948347565296504408e-02 8.220506731991278349e-02 5.723264040758087312e-02 4.933286879557471222e-02 6.162210406264779367e-02 5.716509312033615786e-02 7.431450977371820144e-02 5.879537868158536684e-02 6.699821765313028477e-02 5.019291865896947230e-02 5.163078637970594520e-02 6.162378643746552892e-02 6.300127155726703565e-02 6.051267076422901792e-02 5.644756456881479256e-02 5.090906882148023976e-02 7.786025830096840461e-02 6.034764739772967290e-02 6.205947844727820184e-02 4.698017323157026998e-02 7.272976492084225197e-02 6.896229621484080419e-02 5.142628145584136196e-02 8.008132508928468563e-02 7.899823562318732117e-02 6.490389501699427022e-02 6.429511982609097120e-02 9.727998896678999308e-02 6.858109552554014776e-02 6.293570930164602006e-02 6.710572799382570619e-02 5.326221525711039018e-02 9.557062874451076329e-02 8.072919040299338100e-02 7.841124374176429435e-02 6.338804150345256350e-02 5.543193957455468113e-02 5.895387869272119413e-02 8.339691087239949063e-02 4.601654654302678865e-02 6.763207978618882010e-02 7.752697923603291130e-02 1.009687710523707455e-01 1.055563263766131771e-01 9.944773658743859268e-02 9.925701448194410026e-02 9.235834304920158278e-02 1.152265115873534890e-01 8.778189339004065228e-02 1.044601394102873115e-01 9.282077420336107276e-02 8.967507555648954187e-02 1.225631089308137078e-01 1.052923053641421219e-01 1.191008356935810419e-01 8.758576580468675765e-02 9.953681264682692764e-02 1.251239821461135882e-01 1.081575474383650176e-01 9.371511050423371458e-02 9.161609053483131537e-02 1.018647242954783400e-01 9.664656300353220708e-02 1.119883202211700984e-01 9.414611914981388385e-02 1.001139831810024944e-01 9.401462000411339726e-02 1.145752619322960020e-01 1.071225622351696938e-01 1.183436212060281351e-01 1.021322437595187926e-01 8.941271898454526690e-02 1.083261777063588560e-01 1.229509740215968677e-01 1.111151685192346555e-01 1.005808770889956849e-01 9.888235730040086102e-02 1.109976528174253518e-01 1.103180533978072170e-01 1.092605749726210662e-01 1.010382786926917048e-01 1.194542573553503267e-01 1.230014424844079884e-01 1.656735661824993433e-01 1.128614148916090298e-01 1.373233371104609912e-01 1.377976688490559765e-01 1.263161151025864459e-01 1.318720009391801118e-01 1.147750577605239075e-01 1.162542698654329271e-01 1.317122390574342050e-01 1.323124353825354260e-01 1.194423998754938904e-01 1.266371145412971133e-01 1.378594018360756457e-01 1.208084280866990462e-01 1.355120827628464864e-01 1.208361062494543586e-01 1.276050033597824485e-01 1.415703673433258147e-01 1.229086318083366103e-01 1.308320873321366096e-01 1.202754059739531700e-01 1.239525456174371681e-01 1.331297788715937458e-01 1.296572359039005473e-01 1.439774012214784515e-01 1.385266132267746197e-01 1.343313692288469474e-01 1.322858107053900278e-01 1.283218302862315641e-01 1.284385985319279333e-01 1.455376247288183988e-01 1.451997018658552352e-01 1.421337865563969682e-01 1.502544100469475341e-01 1.162677700547090631e-01 1.270065935317747363e-01 1.460891792718579107e-01 1.190531574665037728e-01 1.267901013664082532e-01 1.546777034554637498e-01
6.097311138916062384e-02 7.226119152545980306e-02 9.066865288578059012e-02 5.983481090427991700e-02 0.000000000000000000e+00 7.214026086055304321e-02 1.023344614044353063e-01 6.559026105447487986e-02 5.992508814922957450e-02 6.967595306144278022e-02 6.353996539713382963e-02 8.249737467913219324e-02 6.592303008304170597e-02 7.603886410107044136e-02 6.193915071687444707e-02 6.097168322919561262e-02 6.829530937217982711e-02 7.145902261952767620e-02 6.680445088524285258e-02 5.721197964305179545e-02 4.941889714631095276e-02 8.183080524468414052e-02 5.848925965867123739e-02 6.942549573109409178e-02 5.571620015892984196e-02 7.854450228284910740e-02 7.526483828053123770e-02 5.958965054585085852e-02 8.594192197147505763e-02 8.503780699896160145e-02 6.711440413718711140e-02 7.268646705709629063e-02 1.047605142081074470e-01 7.327963265205793275e-02 7.582880971772874845e-02 6.374507399330983648e-02 5.604881198926257857e-02 1.004129004652958429e-01 9.419734895820584819e-02 8.842092230463394209e-02 6.925768317384924100e-02 5.646105033413178348e-02 6.401665308901631490e-02 8.828942915836512917e-02 5.147246837643407874e-02 6.324286086297101206e-02 8.243799587612296587e-02 1.004622142015808434e-01 1.050279616475004590e-01 9.886771849112860333e-02 9.875372631581175176e-02 9.185321669525825516e-02 1.147520009949362513e-01 8.734591428056424911e-02 1.037003687392479279e-01 9.242538270344741180e-02 8.953663711912770995e-02 1.223933868702322542e-01 1.043372126859429122e-01 1.189438993093751423e-01 8.774226670427986985e-02 9.767509473280437671e-02 1.246773586769401726e-01 1.067885961726603300e-01 9.157100752188589154e-02 9.123923943363833333e-02 1.003818794682587584e-01 9.645319561497479877e-02 1.103858129240023883e-01 9.137042642555047445e-02 9.564944346541659481e-02 9.381387082590474102e-02 1.142634799668596629e-01 1.059960328597879115e-01 1.174526166766851204e-01 1.005264235656752742e-01 9.028619102262686047e-02 1.072118858536902641e-01 1.220179433556848880e-01 1.097282553230451152e-01 9.940626035093291790e-02 9.849332503847281484e-02 1.099715161589014528e-01 1.085814422815757629e-01 1.086185646140621075e-01 1.003318513435889903e-01 1.189721223239181835e-01 1.221780003467758391e-01 1.656078860943650255e-01 1.094972936852601220e-01 1.362743826405939385e-01 1.285209718171811399e-01 1.177727268934972704e-01 1.218094029058626321e-01 1.057332329339998461e-01 1.063396459499818952e-01 1.224555006131976542e-01 1.221531144584959150e-01 1.103113580293387241e-01 1.176839698175088655e-01 1.289860824348514068e-01 1.116922615731208018e-01 1.254239989329065663e-01 1.108491070932575706e-01 1.184220086349005580e-01 1.326238500341204440e-01 1.138554760786267411e-01 1.217318458412605942e-01 1.104751005787120155e-01 1.086302025131090226e-01 1.242723658991435332e-01 1.296275650652532752e-01 1.448667732138639030e-01 1.400818031358101179e-01 1.346996220125349919e-01 1.329425036982104236e-01 1.293501317069614132e-01 1.300607689712766912e-01 1.470595102123679609e-01 1.462289847150534672e-01 1.431366316014004714e-01 1.512457342933474502e-01 1.182008611950107618e-01 1.297229917211180084e-01 1.470198565800635848e-01 1.207259979453326193e-01 1.243176684599589105e-01 1.555244707292520179e-01
5.839499133391010122e-02 5.942560001401726855e-02 7.045368505441604312e-02 5.948347565296504408e-02 7.214026086055304321e-02 0.000000000000000000e+00 8.192542284413367737e-02 5.428826691239319047e-02 4.826316086919667930e-02 6.007188964649987084e-02 5.879067177381407799e-02 6.965028527846967021e-02 5.663086311138765955e-02 5.769365235350186472e-02 5.341891564115558433e-02 6.238004807164450327e-02 6.480792110957546426e-02 5.495512621431271338e-02 6.406036561230545046e-02 5.615401675076645005e-02 5.648473211936002464e-02 7.376728574900136282e-02 6.243254343911668752e-02 6.013582398176904598e-02 4.417591213547824441e-02 7.423175629008479937e-02 6.415944975046637688e-02 4.762544826856129898e-02 7.834398642363635257e-02 8.183006471630378809e-02 6.821226000939793754e-02 6.791072155850724767e-02 9.321053867085142552e-02 6.508819206883055541e-02 7.690639047068367762e-02 7.478856762653890433e-02 5.950827486041957576e-02 9.626092722498730270e-02 8.053928871112452093e-02 7.896146457798081109e-02 5.938212084364580950e-02 5.608739351686813784e-02 5.704339938170100571e-02 8.410348398264710923e-02 4.774056331579753371e-02 7.332047634895601240e-02 8.284831801627219605e-02 9.581360357596574451e-02 1.001226345093075842e-01 9.454940950735775396e-02 9.413808325857089820e-02 8.772545081579928572e-02 1.101230428010627344e-01 8.279220446123511379e-02 9.931688354939569030e-02 8.802449439621815030e-02 8.462565157715985775e-02 1.174612527043383259e-01 1.005141085330691908e-01 1.138622957232500593e-01 8.062233337798181687e-02 9.492535093398792034e-02 1.202756954599574352e-01 1.039078279415597827e-01 8.956206105512767857e-02 8.705242777825700218e-02 9.762296766382223823e-02 9.170333746429401578e-02 1.073547138134699486e-01 8.986964614091877412e-02 9.643222304957450863e-02 8.848522937642461228e-02 1.102734130141611868e-01 1.020220511107969991e-01 1.130253883247389346e-01 9.752961764544257339e-02 8.508780528883241878e-02 1.031456290456955888e-01 1.183138982292716301e-01 1.060686427141294547e-01 9.577864013526929399e-02 9.339350333997362141e-02 1.058474161557469290e-01 1.056253241398343867e-01 1.054922854636194257e-01 9.604761846673796899e-02 1.140973946132068928e-01 1.200438784360987748e-01 1.613060303942266405e-01 1.087389330671292703e-01 1.330850277511972379e-01 1.389271375731071789e-01 1.267335848048677105e-01 1.329552993590503718e-01 1.155421067930632317e-01 1.176443588044474020e-01 1.328974880344900300e-01 1.336372223990578423e-01 1.205829073954377134e-01 1.281021729505676388e-01 1.387831912346975116e-01 1.216024362657542324e-01 1.367170327979575217e-01 1.217411236658332285e-01 1.280137763680689322e-01 1.426855206000118281e-01 1.237266270524460254e-01 1.313133800146374097e-01 1.215977244754050529e-01 1.265506118833122084e-01 1.345725389485650791e-01 1.329161144217368140e-01 1.468013893294493888e-01 1.417670159565883603e-01 1.365536919152058604e-01 1.354359286214877889e-01 1.309212093528342169e-01 1.308754563669448923e-01 1.484889242911364149e-01 1.483136613051878050e-01 1.451411989605587427e-01 1.527019248618691760e-01 1.202329581353822757e-01 1.312206232567141861e-01 1.490900988873274380e-01 1.216309065560270686e-01 1.296560628455172559e-01 1.572894144930700455e-01
9.360189375813708634e-02 9.411704666045189738e-02 1.019511979462226631e-01 8.220506731991278349e-02 1.023344614044353063e-01 8.192542284413367737e-02 0.000000000000000000e+00 8.927715414883534428e-02 9.142395730991005609e-02 9.383965596839755063e-02 9.468216716167023039e-02 1.000177857024625028e-01 9.262417238921877294e-02 9.462769874178240948e-02 8.739739756885249455e-02 9.644672215674821025e-02 9.792656571795846365e-02 9.527654088900067153e-02 9.649526458972011722e-02 9.495705121840032625e-02 9.250922997343431764e-02 1.070299026556594396e-01 9.981792079237671034e-02 9.593584040820306302e-02 8.250387759386453024e-02 1.045451027027113622e-01 9.748419881356319705e-02 9.016462896173228769e-02 1.055628838886776832e-01 1.065632945918261465e-01 1.033111301296818219e-01 9.703009708509559295e-02 1.149296701647391228e-01 9.963458641956260409e-02 1.041902912026614753e-01 1.056669897666103336e-01 9.474395700113062702e-02 1.171493949765184811e-01 8.092899241891014783e-02 9.824591005934922572e-02 9.716004541377255832e-02 9.450656668726448162e-02 9.477953695721637317e-02 1.101812577515150215e-01 8.779563384841594653e-02 1.048229304692852304e-01 1.090327292713891422e-01 1.292746903381287449e-01 1.325883398399099744e-01 1.280934663050844191e-01 1.277487107998607485e-01 1.223880193079575074e-01 1.410060120044670795e-01 1.189188893173348666e-01 1.317822452714171311e-01 1.225797379872733961e-01 1.199759656468866037e-01 1.466006484020525857e-01 1.323492088571003589e-01 1.434283321914002207e-01 1.185746351530063553e-01 1.285032794013870328e-01 1.487518594626345836e-01 1.338457538745637943e-01 1.239500114515432044e-01 1.217233940360946814e-01 1.293503111522436577e-01 1.247812364032612475e-01 1.378969939950337453e-01 1.246228592945302638e-01 1.294337618420673963e-01 1.231014177572009455e-01 1.377231078154256272e-01 1.341999335154615003e-01 1.424448815102919430e-01 1.298755437830514115e-01 1.184947913606259895e-01 1.350851973558063746e-01 1.469820976563172288e-01 1.369391672535618110e-01 1.290058034321614477e-01 1.269046209878407216e-01 1.369691443650643825e-01 1.363950492326403419e-01 1.362056808695069898e-01 1.294277335211073132e-01 1.434387810232855553e-01 1.476049537866059025e-01 1.836305041401768701e-01 1.388060064934871496e-01 1.586248813327973961e-01 1.633446355645162829e-01 1.511952467286756807e-01 1.582623142968476726e-01 1.432859345748301316e-01 1.447574890963013727e-01 1.582303543241996846e-01 1.587916624941669297e-01 1.479408886399773138e-01 1.541866172053457940e-01 1.625104159580779417e-01 1.489720997343519371e-01 1.611462052074537077e-01 1.489020266761374445e-01 1.538798519773017515e-01 1.662270416728696132e-01 1.509677451595454745e-01 1.564575659480925141e-01 1.483209686039368425e-01 1.516466108245911049e-01 1.594763736291515410e-01 1.582251838819339340e-01 1.706568563254096671e-01 1.661255818032023879e-01 1.612407193682282580e-01 1.604531353628752544e-01 1.573749040301444524e-01 1.567358230800802998e-01 1.716416176826235929e-01 1.714413312072225470e-01 1.690636419376896626e-01 1.752477503365147127e-01 1.465508084458558291e-01 1.562184950623701496e-01 1.722665446903419162e-01 1.490135816909824162e-01 1.553486741754090406e-01 1.793515340176485562e-01
5.345048921019749516e-02 4.538164098318711592e-02 7.382392945085705649e-02 5.723264040758087312e-02 6.559026105447487986e-02 5.428826691239319047e-02 8.927715414883534428e-02 0.000000000000000000e+00 4.940123623056812824e-02 5.130822012503357538e-02 5.215582194795992388e-02 6.453814941115457171e-02 4.267152934170395651e-02 5.338415030078231399e-02 3.820067241914222589e-02 5.671410061509578326e-02 5.703634122235862886e-02 5.568819069082354967e-02 5.427712771924247948e-02 4.674325473715130325e-02 4.139154875015182977e-02 6.976191158410081916e-02 5.381897611596183489e-02 4.683931965236827477e-02 3.924830966804792459e-02 6.176016645126114479e-02 6.006416977854719952e-02 4.432628242789309059e-02 6.751232784511004836e-02 7.314343792480566819e-02 5.991862883053825778e-02 5.395892158945871792e-02 8.120102477802297603e-02 4.569146655631434184e-02 7.293015745548021844e-02 6.971172365377734104e-02 5.247288949409812525e-02 7.708206132919243059e-02 7.096514934378567174e-02 6.954761533371427162e-02 5.299676360594897384e-02 4.755791301254417430e-02 4.448548342692820734e-02 7.724078760094592322e-02 3.544559801520540121e-02 6.647056637193375639e-02 7.554183721645936489e-02 9.178442090282376564e-02 9.638910590156708758e-02 8.885780898125586469e-02 8.914771011096671305e-02 8.163443996819218229e-02 1.063381357862623056e-01 7.636601286191359306e-02 9.501317167981489231e-02 8.065214061312657445e-02 7.817237717234874761e-02 1.146720436206599136e-01 9.612238187109514720e-02 1.108357409201110866e-01 7.779892289886497503e-02 9.014734104744633048e-02 1.167896718870123224e-01 1.001383068395785142e-01 8.383457030376288699e-02 8.126139575517971059e-02 9.305431369613111070e-02 8.616045056836305061e-02 1.034949566332423465e-01 8.410339257639833088e-02 9.172996069335111191e-02 8.334676893045329937e-02 1.060695079495396487e-01 9.816814529764268660e-02 1.104441713096157990e-01 9.251699651974037986e-02 7.475596530921670146e-02 9.955257573137069049e-02 1.147897909400616145e-01 1.028415739693589875e-01 9.084749593963960257e-02 8.957737818909830563e-02 1.025792993924829061e-01 1.018715515093083085e-01 1.020814619859773537e-01 9.080514943777806547e-02 1.114105186868357689e-01 1.186923784301836815e-01 1.591878258729109985e-01 1.051012930256829958e-01 1.300233553345210291e-01 1.339338081780162559e-01 1.223778676186140640e-01 1.276910316083138541e-01 1.093215247000729612e-01 1.121687983325783677e-01 1.276586609697197006e-01 1.283899328669649287e-01 1.142641632959962572e-01 1.227604511035988305e-01 1.340343206252948838e-01 1.156185400040570660e-01 1.317326846733986589e-01 1.159898434097928893e-01 1.231276391252858204e-01 1.379836158986472994e-01 1.177014039826553699e-01 1.265564804475122485e-01 1.157959167290166375e-01 1.213093595597403013e-01 1.298085420937517276e-01 1.293732884187490106e-01 1.436027965495824676e-01 1.383790994848022038e-01 1.336464946844922452e-01 1.316288671660117149e-01 1.271572547770748463e-01 1.278681850014391774e-01 1.457378845129055078e-01 1.453519472339319940e-01 1.419243136880506129e-01 1.502295268462034983e-01 1.166595302492658276e-01 1.278791321592533670e-01 1.461672184700778254e-01 1.179737126891459292e-01 1.260969755297755845e-01 1.546556352457193473e-01
4.804762935078678299e-02 5.519347332373918807e-02 7.822959145401919834e-02 4.933286879557471222e-02 5.992508814922957450e-02 4.826316086919667930e-02 9.142395730991005609e-02 4.940123623056812824e-02 0.000000000000000000e+00 5.438815731544298371e-02 4.455641703809602033e-02 6.652726577896546367e-02 5.163786358901047147e-02 5.514028167742639902e-02 4.693051585849461471e-02 4.588397194602249901e-02 5.631163124790366376e-02 5.551706303356270661e-02 5.683643412454604527e-02 4.047535610971855075e-02 4.465256527565628769e-02 6.563312265834181369e-02 5.165994314857500630e-02 5.455016474131790805e-02 3.992443776040330294e-02 6.824854159783426411e-02 6.074614298920086308e-02 3.809015497657405880e-02 7.451232112654347650e-02 7.558703995997635705e-02 5.670118114858937325e-02 6.074074035636684021e-02 9.468558937846244250e-02 5.871997011737461331e-02 6.881832993197281589e-02 6.038909937861122734e-02 4.858391458924116862e-02 9.264838534900274314e-02 8.277966142869987165e-02 7.675856333890497540e-02 5.487759390575006752e-02 4.280413881844293694e-02 4.830837779972280144e-02 7.631632171980905210e-02 3.461848239601756499e-02 6.332381013179860796e-02 7.534491900251048813e-02 8.909114718887012341e-02 9.405569452820952692e-02 8.788725229343299916e-02 8.756003892040359338e-02 8.037002093234107969e-02 1.044197444204696262e-01 7.490076126071293361e-02 9.314889941709156296e-02 8.073096596381426626e-02 7.736427852519905946e-02 1.123864660512333552e-01 9.449314962121965755e-02 1.087452851150403910e-01 7.324719037231558483e-02 8.815362412646984835e-02 1.152122636667910760e-01 9.799317948907776410e-02 8.218541461573966589e-02 7.931604370129331782e-02 9.065772598083081391e-02 8.559926806726221582e-02 1.016629624985384006e-01 8.230165379261028535e-02 8.952993550314804205e-02 8.208215808534097269e-02 1.056903250736435512e-01 9.594667730755980506e-02 1.080875028427511486e-01 9.131233248229127242e-02 7.874380088228374874e-02 9.725624752843498033e-02 1.131107074921309380e-01 1.005473093730064188e-01 8.912714607794343380e-02 8.674824432442872213e-02 1.002717829596321414e-01 9.982362506768248378e-02 9.933304030520849481e-02 8.942063908347167023e-02 1.091394350238962252e-01 1.144727630074612035e-01 1.576840825962592119e-01 1.031356600308436788e-01 1.285088203523804817e-01 1.329981313978920721e-01 1.216565731452789040e-01 1.267860101245801840e-01 1.087855586333761893e-01 1.107560527550441182e-01 1.266510273337197179e-01 1.274067600349768348e-01 1.136322924893786723e-01 1.214676671565032007e-01 1.332890527874112108e-01 1.148479074073614353e-01 1.308617522767429597e-01 1.150282624311723817e-01 1.220555754449759722e-01 1.370625112629257625e-01 1.169372062688834174e-01 1.254859968454317409e-01 1.149446936757708981e-01 1.199070608889943879e-01 1.283499830861270785e-01 1.249865547401468324e-01 1.400010654673752020e-01 1.348817770870646693e-01 1.299489566386347883e-01 1.280700726068973727e-01 1.234270904319660633e-01 1.239187728550682904e-01 1.421376017330280017e-01 1.417030796704329965e-01 1.382878668863703753e-01 1.466216790917675428e-01 1.128007061532908528e-01 1.241901848071092218e-01 1.426585691657307198e-01 1.141576502413707284e-01 1.223764630148631571e-01 1.512033827031745437e-01
6.063678981610284846e-02 5.280573058828837152e-02 8.048177784463492190e-02 6.162210406264779367e-02 6.967595306144278022e-02 6.007188964649987084e-02 9.383965596839755063e-02 5.130822012503357538e-02 5.438815731544298371e-02 0.000000000000000000e+00 5.565940011222436645e-02 5.624964051747381732e-02 5.503065903467948411e-02 4.984628857774333482e-02 4.670107024322116274e-02 6.085463900392955316e-02 5.242294750681257554e-02 6.250548702313930838e-02 6.084847265250706294e-02 5.556728324153249743e-02 5.407496135389742997e-02 7.197713059894826626e-02 6.274869784472225653e-02 5.896553856873604227e-02 4.453246872998467554e-02 7.212791108063497381e-02 6.980004322608043821e-02 5.025004780917110420e-02 7.554067358973910740e-02 7.462114311464805583e-02 6.743173652354181313e-02 6.477054323929271051e-02 9.448640136210006979e-02 6.397038379741711023e-02 7.745785172683303244e-02 7.326208623200287928e-02 5.664669781180043523e-02 9.277800996078924833e-02 8.277510299342959177e-02 7.763265853857867493e-02 6.230647521488034274e-02 4.786441673918307577e-02 4.707206375440400881e-02 7.941572209101813162e-02 4.577173093785460306e-02 7.255408885782700656e-02 8.065846760632774948e-02 1.004837661499654172e-01 1.045385947344000810e-01 9.865559816857227826e-02 9.853341027049845879e-02 9.144250256985672620e-02 1.145213822310808538e-01 8.700717413626786467e-02 1.037440647312983244e-01 9.172930467433919322e-02 8.838864659383295630e-02 1.220855411994998946e-01 1.045123114735476977e-01 1.184732097198676198e-01 8.773933610494533131e-02 9.925681596186153310e-02 1.243317533235028249e-01 1.060624332608104958e-01 9.329299092398500581e-02 9.081320775397866418e-02 1.011684017752334935e-01 9.589985398183202558e-02 1.113547195434170245e-01 9.393545488356773443e-02 1.002317050129487158e-01 9.314282281683285147e-02 1.132423691970518426e-01 1.065080650238419413e-01 1.176587164950330389e-01 1.013667771066674023e-01 8.783636711222217452e-02 1.077623079561852992e-01 1.222039397897887597e-01 1.105035718502345166e-01 9.972099124949364291e-02 9.762171555464660422e-02 1.103494293319202124e-01 1.096019997955318820e-01 1.096452393651965312e-01 1.001621921348111593e-01 1.186057762839788227e-01 1.245368440091452061e-01 1.650267919298388786e-01 1.126553553347310888e-01 1.365949343107315250e-01 1.396882876871165247e-01 1.274797640890834027e-01 1.337768634647751864e-01 1.164685098385817297e-01 1.185815140278335816e-01 1.337222126219784202e-01 1.343840288120698168e-01 1.212736775757950608e-01 1.289737189409588813e-01 1.394644632573293075e-01 1.225902036026970260e-01 1.373946091215187404e-01 1.227566717970325350e-01 1.291759410722069790e-01 1.434242693373170563e-01 1.247498250491132776e-01 1.324303312036078095e-01 1.222946966222249326e-01 1.269765472201602463e-01 1.354836425351646501e-01 1.341904307884605740e-01 1.482492785635524113e-01 1.432156886633626225e-01 1.384252931679086085e-01 1.366001683481168627e-01 1.327613638449690603e-01 1.327101172366744464e-01 1.500613591667153413e-01 1.496677699321201371e-01 1.465439461250819808e-01 1.543497440597636772e-01 1.216363497221782247e-01 1.327846922078330938e-01 1.505696266017519935e-01 1.236366171892377824e-01 1.311271497128082553e-01 1.587223987808141223e-01
5.101928690241134406e-02 5.718985820035325796e-02 7.980480883560885086e-02 5.716509312033615786e-02 6.353996539713382963e-02 5.879067177381407799e-02 9.468216716167023039e-02 5.215582194795992388e-02 4.455641703809602033e-02 5.565940011222436645e-02 0.000000000000000000e+00 6.599919762918030064e-02 5.351143222488653067e-02 6.127768090267040474e-02 4.951587199209109974e-02 5.385220468934910631e-02 5.968468927731146456e-02 5.925687401008720295e-02 5.651299308819101447e-02 4.039912699398769125e-02 4.637233331839649142e-02 5.729470239803770987e-02 5.751806195487067785e-02 5.658407329763888438e-02 4.290804868378234743e-02 6.934835171964098821e-02 6.584721541527442656e-02 4.605857985445415553e-02 7.383271146278243269e-02 7.013172124512179195e-02 6.185250633560509387e-02 6.078160083343692177e-02 9.517597548673684127e-02 6.064624610844086827e-02 7.225000809726672690e-02 6.838542853731362225e-02 5.384583064452425766e-02 9.203266353196561111e-02 8.445388880842974455e-02 7.754952327733249939e-02 5.861984871561501387e-02 4.347172952758130565e-02 5.289783376707639373e-02 6.351201344152911099e-02 3.908337971525937399e-02 6.664262161915640581e-02 7.718208313271658627e-02 9.502880829222867809e-02 9.971155092124471542e-02 9.385802368607747137e-02 9.349871715710071640e-02 8.616558253749563578e-02 1.100162169802802736e-01 8.142287028739290944e-02 9.890266865120202200e-02 8.659557532466609364e-02 8.365551925591806215e-02 1.179014045913087255e-01 9.994776150824340177e-02 1.142230627883321081e-01 8.182883252746099567e-02 9.420592753844315992e-02 1.202662894902623986e-01 1.021575039590062184e-01 8.808997951479109745e-02 8.495921899677139066e-02 9.536146120670666027e-02 9.128249859710525771e-02 1.069175934871426231e-01 8.835186351647486558e-02 9.507967730754711411e-02 8.819919885351650002e-02 1.097924765608314368e-01 1.017905373660417528e-01 1.134945306393207870e-01 9.676263721469195722e-02 8.435977654654290558e-02 1.031005585484191384e-01 1.180789086514570096e-01 1.061706446230619993e-01 9.483730509701546185e-02 9.113919145819432410e-02 1.059836849607049547e-01 1.047833844477045612e-01 1.050000226460503644e-01 9.526375432619678396e-02 1.145520892898456572e-01 1.200972859064307341e-01 1.618523346996987022e-01 1.082654066049267283e-01 1.327952262864731947e-01 1.357207970998152713e-01 1.239463248805890982e-01 1.296488934504294588e-01 1.117648346789862773e-01 1.140269318956634859e-01 1.295625292804531981e-01 1.302559642155992348e-01 1.167581562769410969e-01 1.246159319008937894e-01 1.356964682040737169e-01 1.180634501618953031e-01 1.334683892408709549e-01 1.182629861376806174e-01 1.250843154694547266e-01 1.395879688497757010e-01 1.202231871615431630e-01 1.283892132441060707e-01 1.179644300528695927e-01 1.227255072962417787e-01 1.313456643876492191e-01 1.298706961299884999e-01 1.442177679091326270e-01 1.390056129816605590e-01 1.342477744405060902e-01 1.323382671973049041e-01 1.282123270303688334e-01 1.285473887807956350e-01 1.461547014446090420e-01 1.456971525430663383e-01 1.424465524684558615e-01 1.506018683464935004e-01 1.169088831335537565e-01 1.283788162801997035e-01 1.466283387515133763e-01 1.190386313023771847e-01 1.266774716764139108e-01 1.550401544997541126e-01
7.272813033684132067e-02 5.552357664665676790e-02 8.740130501789925010e-02 7.431450977371820144e-02 8.249737467913219324e-02 6.965028527846967021e-02 1.000177857024625028e-01 6.453814941115457171e-02 6.652726577896546367e-02 5.624964051747381732e-02 6.599919762918030064e-02 0.000000000000000000e+00 6.935118753913187273e-02 5.514082558020132890e-02 6.562565950462766196e-02 7.423649521950743957e-02 7.137202991054369949e-02 7.423244159353656335e-02 7.408651772467382546e-02 6.705119091500139072e-02 6.886939076583054042e-02 6.925335009493753524e-02 7.653947572690734946e-02 6.902725995824930683e-02 5.814534427797329874e-02 8.318335533192405817e-02 8.109140574692756676e-02 5.916277957666890575e-02 8.305429710075409866e-02 8.450577210199890221e-02 7.988824109290408593e-02 7.590112545742291883e-02 1.005135430618676329e-01 7.324533550411241323e-02 8.762309586757942304e-02 8.525095279676557503e-02 7.102972257703217551e-02 9.974837468906913585e-02 9.115856028002207456e-02 8.559937638864399678e-02 7.421083135119468932e-02 6.566377694594160985e-02 6.802064766673608653e-02 8.411834199098046361e-02 6.161028284438186536e-02 8.457590828367821112e-02 9.054149188722279695e-02 1.095807371100061406e-01 1.134358052533195188e-01 1.084911960355741806e-01 1.079557012176627084e-01 1.017137086300533289e-01 1.231454454824877504e-01 9.780146963969243989e-02 1.129108540470085270e-01 1.019817483879988385e-01 9.951045671732404452e-02 1.298673247107342832e-01 1.136374966455012403e-01 1.264138427432693890e-01 9.817206403297618067e-02 1.091467335346276712e-01 1.321338592993857586e-01 1.151085352597117778e-01 1.038788351854395831e-01 1.010685248200439978e-01 1.098096165589027146e-01 1.057814471393788286e-01 1.199445676183277659e-01 1.044502279943257950e-01 1.101863683739045668e-01 1.030235875338737644e-01 1.211637112348530193e-01 1.156840258928509002e-01 1.254852607216980775e-01 1.109184546503545199e-01 9.848663784675544541e-02 1.166518008143790919e-01 1.302317641098246492e-01 1.191376236504457786e-01 1.096364118537874188e-01 1.051521957026548826e-01 1.190136949908120051e-01 1.178350062171967250e-01 1.180414129560567044e-01 1.098550464131985843e-01 1.264471282052696821e-01 1.316314865664034162e-01 1.708257871183990195e-01 1.213046571909909832e-01 1.435362520008456599e-01 1.482703437861161433e-01 1.358977731179898396e-01 1.427071667737545013e-01 1.262803575848121529e-01 1.281510543066276819e-01 1.426482423061568305e-01 1.433039408714754659e-01 1.311535128532448913e-01 1.381531059557271623e-01 1.477579614938797914e-01 1.322860075876279295e-01 1.460278057766072335e-01 1.323391400386385863e-01 1.380438786957530195e-01 1.516329723654457062e-01 1.344034045137503797e-01 1.410122129034602767e-01 1.318658839296308893e-01 1.361093941909443661e-01 1.441079922501851684e-01 1.422006025975793286e-01 1.555856961593787557e-01 1.508060404303868951e-01 1.457758569756745781e-01 1.445453964381506196e-01 1.409270202426239627e-01 1.400219672959989448e-01 1.569571106154364071e-01 1.567683526463393706e-01 1.539382488692203899e-01 1.609045971411272868e-01 1.300506653891461695e-01 1.405811070762664761e-01 1.576389491769082940e-01 1.320877638672103560e-01 1.392893330571056965e-01 1.652387339146725864e-01
