0.000000000000000000e+00 1.947944689236292409e-02 2.126674645736524247e-02 2.414028956115972860e-02 2.134241049971561874e-02 2.368149545687327565e-02 1.630810916478266093e-02 2.125514999520572088e-02 2.255662396628780111e-02 2.310428768477386721e-02 2.225891127099056607e-02 3.189191306923205849e-02 2.461944206630868257e-02 2.404145653550384537e-02 2.150448083062425284e-02 2.985356754901412335e-02 2.654699821481492500e-02 2.257322262060245874e-02 2.916522162689163394e-02 2.725069759349587131e-02 2.595000790241671837e-02 3.010164471090254201e-02 2.249977548644951572e-02 2.412731588298437646e-02 2.459643369665201473e-02 2.893913372329270581e-02 2.920848380384843263e-02 2.434623499412503708e-02 3.529677730380771650e-02 2.221600001248137668e-02 2.770375780536234525e-02 3.473945124902636655e-02 3.391626847545232276e-02 3.608809730448662295e-02 3.604918385207273729e-02 2.880045384402998149e-02 3.750625940340618358e-02 3.912385282654781693e-02 3.933595081373737756e-02 4.115518347754598683e-02 4.088762388303944506e-02 3.819495513291863015e-02 3.156520922536389800e-02 4.252243315637754817e-02 3.552563675026938067e-02 3.906306062401289358e-02 4.066989862978432485e-02 4.471460143675520804e-02 3.880958808798076753e-02 3.711494975372620769e-02 3.525433350926295700e-02 5.983140661778226649e-02 4.034940187162316949e-02 5.464474073468259668e-02 6.064941483785581816e-02 6.152687454534926798e-02 3.630746859170014967e-02 5.356681429416387114e-02 5.555516590963341383e-02 4.727657191916443541e-02 4.277476295992990729e-02 4.572047443561381291e-02 5.147781367144388387e-02 5.530710468348698505e-02 4.082350522913640034e-02 4.660171775507392783e-02 4.011500584056543889e-02 4.313252972965611609e-02 4.794688715135954349e-02 4.911144967413508949e-02 4.240319476430454149e-02 6.125940478817466783e-02 5.680322900536938224e-02 6.128545061559143026e-02 3.808764181299682805e-02 5.455305312328168760e-02 5.041152133508156052e-02 5.510543730170476551e-02 4.575120363597037776e-02 6.341269318614072004e-02 5.026320855333833715e-02 5.152228169449477729e-02 4.817094497848961598e-02 5.424697919107462213e-02 6.265718246649477907e-02 6.224774253322119810e-02 4.724785001824739067e-02 5.016746849481557718e-02 6.333786033039676133e-02 4.720745711162941533e-02 6.332981758901157221e-02 5.563495655130516748e-02 4.714785200961434108e-02 5.464175370333977655e-02 5.462908382737572538e-02 5.495063088767413589e-02 4.776074084899353811e-02 6.410653856663586780e-02 5.164887117435092156e-02 4.437453207999477595e-02 5.351646345317254139e-02 5.429636603627659153e-02 5.998019648661499087e-02 5.675985039203847865e-02 6.631140193311271802e-02 5.610238737926202812e-02 5.805629526940955798e-02 5.690758982306746983e-02 6.094171119217816485e-02 5.088029282114889251e-02 6.552701056999081508e-02 5.417784503229296222e-02 6.101940721462661976e-02 6.558336521845371803e-02 5.685345083682665640e-02 6.471774366113379473e-02 5.933515600052366445e-02 6.417925419924562502e-02 6.572974667393464976e-02 6.546004464426628811e-02 5.104435810052904143e-02 6.000036611878313553e-02 6.650393420227684871e-02 5.925266032057643906e-02 5.554150045386084533e-02 6.234155137534690833e-02 6.470457706449633806e-02 6.650937595962190529e-02
1.947944689236292409e-02 0.000000000000000000e+00 2.022138718340045493e-02 2.184309125739275492e-02 1.882099554500572813e-02 2.067002855833481589e-02 1.459022262056410349e-02 1.786932966769675182e-02 2.087070792673223485e-02 2.124873149686627022e-02 2.022473300186394471e-02 3.057942734508902263e-02 2.372657005992621568e-02 2.404386363151065839e-02 1.966647665844149101e-02 2.781977332964014407e-02 2.318406966231684185e-02 2.200553458894571185e-02 2.942179051247866342e-02 2.639611649078782082e-02 2.465997179662584096e-02 2.924272896056430773e-02 2.048196886889074725e-02 2.057854288684762487e-02 2.181914884535721480e-02 2.638290920284843202e-02 2.745226442736633035e-02 2.319449228376290265e-02 3.408604078902680024e-02 1.966257224154588368e-02 2.659835057110089204e-02 3.331971156752883828e-02 3.137376820684378842e-02 3.521507086873093550e-02 3.193770238609022760e-02 2.888166583844958835e-02 3.739278952394166355e-02 3.779343686368052957e-02 3.820277010595396483e-02 4.035647439112746010e-02 4.048451133301227134e-02 3.789438045971905283e-02 2.849376731680097058e-02 4.148752292232153749e-02 3.395945229732271614e-02 4.070847843914551095e-02 3.830917782628542184e-02 4.230393198652688397e-02 3.704962936250993932e-02 3.526252197591104448e-02 3.195341346080351336e-02 5.693021013439584360e-02 3.950774659071234346e-02 5.151812704133918591e-02 5.783488950457941341e-02 6.075859212441570012e-02 3.506315745512663534e-02 5.052771640839107126e-02 5.255492397913556768e-02 4.730351738199923411e-02 4.202549334761015304e-02 4.404299056571488874e-02 4.952965355129327479e-02 5.451891276397200642e-02 4.124132603997218705e-02 4.843009109446268917e-02 4.112110782847227392e-02 4.274117693763768849e-02 4.809907593605840942e-02 4.574469150354913694e-02 4.142355327075776528e-02 6.039275115102969715e-02 5.511460016988671551e-02 5.771011654645887001e-02 3.783325432948889122e-02 5.596188933971224522e-02 5.020311573583063902e-02 5.426506449565409590e-02 4.515871230444042095e-02 6.257637292008706720e-02 4.986378822393146976e-02 5.013299882848995526e-02 4.810724577257328299e-02 5.425765094696619051e-02 6.154516741783427197e-02 6.247193495407980801e-02 4.792099408153058238e-02 4.944313738145509479e-02 6.281998233212444938e-02 4.925925932452670380e-02 6.023980623301128379e-02 5.427141906993642601e-02 4.749509018882441119e-02 5.320006339413644453e-02 5.379854230743238985e-02 5.339166539340776951e-02 4.736419700303159952e-02 6.229479143537866581e-02 5.102288849192018749e-02 4.620455720622648754e-02 5.550611937970806320e-02 5.231667593862376897e-02 6.220681605588651575e-02 5.577630141523499258e-02 6.612597926350646804e-02 5.515085295479241201e-02 5.633177049066129261e-02 5.560197559600934397e-02 5.807273737638841277e-02 4.974356313370432991e-02 6.492359912235637354e-02 5.503763513558749404e-02 6.027008230221989754e-02 6.575873860540028260e-02 5.489183625777983161e-02 6.327718810519128434e-02 6.195106089435771513e-02 6.299884109729680937e-02 6.513329738913904710e-02 6.558536450882632152e-02 5.065664690200338133e-02 6.191856689981421052e-02 6.561339872215603275e-02 6.161987580702629752e-02 5.304395026751489162e-02 6.134493242972629407e-02 6.610496399162700543e-02 6.588253398968475782e-02
2.126674645736524247e-02 2.022138718340045493e-02 0.000000000000000000e+00 2.380977634316654504e-02 2.187948208043348497e-02 2.351300829466652226e-02 1.775640456618835655e-02 2.096619264571810554e-02 2.168386259011309200e-02 2.454147135775038707e-02 2.205810575309420651e-02 3.424539399037149906e-02 2.372824530311225602e-02 2.404100224341685146e-02 2.117088852683883526e-02 2.926381431725303892e-02 2.684773595347155969e-02 2.277041082104263106e-02 3.125993203277841609e-02 2.664398151305899867e-02 2.685191528653340168e-02 3.266937292629880363e-02 2.364271955351832100e-02 2.453521373299895683e-02 2.404789887313853528e-02 3.031845133366748921e-02 2.753260096524321604e-02 2.585739991449418143e-02 3.555426343552341162e-02 2.262007940220605098e-02 2.700029288829238275e-02 3.244798111377889677e-02 3.380448391344342135e-02 3.507055579237883941e-02 3.573151491412704384e-02 3.108716784660130877e-02 3.627155686778957278e-02 3.894771833031961117e-02 3.849019644684463504e-02 3.905743033822321048e-02 4.041930916544302782e-02 3.927146291829193558e-02 3.146795508243737521e-02 4.120590591970729744e-02 3.538707773406213342e-02 4.171771482448863311e-02 4.232001079346080219e-02 4.534957033654102299e-02 3.858271064833752179e-02 3.526944334929152380e-02 3.502259086749456157e-02 5.951625025625965210e-02 4.065296283857060960e-02 5.431829403203523865e-02 6.101206429591884278e-02 6.221745464234339912e-02 3.616033401591175339e-02 5.384012295458615038e-02 5.576200585666857973e-02 4.843248143786341164e-02 4.306361740598998317e-02 4.386268733014246635e-02 5.121232574921796843e-02 5.505802488252050514e-02 4.223762551111531066e-02 4.956510426844303735e-02 4.267580146980774064e-02 4.454125873232064187e-02 4.863979422276842185e-02 4.912381887638434669e-02 4.281023660968500538e-02 6.116943704290903061e-02 5.594934018594447528e-02 6.153221182613471257e-02 3.972815104073795095e-02 5.587424712577380992e-02 5.090433613457753109e-02 5.526730884586448372e-02 4.593798325626900769e-02 6.442732156155449308e-02 5.130765494787661168e-02 5.133482278861953990e-02 5.163074730563109449e-02 5.562738585579301426e-02 6.295372112217875737e-02 6.339741459051059791e-02 4.980914503596669402e-02 4.903127284459662949e-02 6.426458654446819130e-02 4.869029133646034235e-02 6.358290152919718330e-02 5.530022292246693227e-02 5.026533237516211255e-02 5.460901797425517928e-02 5.516437050708312972e-02 5.344804722874858111e-02 4.935730033664917360e-02 6.321439368093337285e-02 5.176304598948099772e-02 4.748728806381651013e-02 5.634266128909204419e-02 5.525228683863536022e-02 6.428856630378430859e-02 5.635519174712057960e-02 6.374160905617944073e-02 5.617043884762495942e-02 5.800278757771933080e-02 5.756801144265103615e-02 6.189834313221802969e-02 5.097872288860571394e-02 6.601553817136478208e-02 5.383446442748502508e-02 6.088391433056442731e-02 6.724437845525778334e-02 5.821661908753449771e-02 6.511500641616956020e-02 6.291583832221661621e-02 6.391656898465061798e-02 6.557454483633880227e-02 6.556740553905011926e-02 5.140646063931880033e-02 6.269778321301501534e-02 6.623353160162219477e-02 5.911216984519328255e-02 5.637970008686636614e-02 6.239019558111255637e-02 6.796995873830871671e-02 6.674412007371420541e-02
2.414028956115972860e-02 2.184309125739275492e-02 2.380977634316654504e-02 0.000000000000000000e+00 2.313887174065458463e-02 2.594991361969776686e-02 2.006665698198305953e-02 2.292308714211310078e-02 2.491628772888428156e-02 2.549001817398240805e-02 2.337251627580268221e-02 3.349995042937924106e-02 2.609013578544049777e-02 2.633655515547249359e-02 2.443266336347721390e-02 2.852294536730637722e-02 2.669195832623118964e-02 2.591353105968762643e-02 3.257008306394214292e-02 2.919557427502452590e-02 2.627116073382559577e-02 3.288432762868743336e-02 2.421474754995408055e-02 2.639395556622027225e-02 2.536293125938842569e-02 2.921272091902638035e-02 2.986449438902623321e-02 2.521324556111118401e-02 3.504479112866636797e-02 2.414447614863730884e-02 2.980386419500932402e-02 3.484775614436886465e-02 3.440841616918621088e-02 3.910063556062551293e-02 3.641600809872855282e-02 2.985759729846080776e-02 3.775997853010459177e-02 4.099636677408331764e-02 3.878716861329524479e-02 4.236730125217259141e-02 4.246487909179526982e-02 4.106115850652315019e-02 3.341835380153222734e-02 4.389841811163672225e-02 3.539450767228606576e-02 4.205107177360743742e-02 4.328011599604075083e-02 4.618968940560188446e-02 4.021877830207960108e-02 3.945263258980410276e-02 3.624665606708918353e-02 5.736941368929435875e-02 3.989127063814919966e-02 5.610364711648472419e-02 6.145943804256025905e-02 6.241596720280519206e-02 3.579371353803527389e-02 5.483852868909489670e-02 5.673014671508810197e-02 4.951928693752486593e-02 4.363837202609281707e-02 4.765722020067374859e-02 5.259139783690610498e-02 5.247116156920542118e-02 4.394843632669120925e-02 5.060611209839603608e-02 4.379523193479679943e-02 4.607469721598000945e-02 4.965975855364550273e-02 4.950216762497072071e-02 4.329361818489300268e-02 6.196332446922506176e-02 5.817944699287799781e-02 6.172573528149667005e-02 4.014820334386052375e-02 5.740629580862288694e-02 5.215483907979952261e-02 5.240148266151847117e-02 4.753609405823664563e-02 6.485843676312286199e-02 4.857784937904370548e-02 5.215423446774072186e-02 5.287693978794131416e-02 5.605729931959197582e-02 6.367444269466988882e-02 6.389088933895696598e-02 5.044202520828858227e-02 5.150060427957747766e-02 6.408177302419967858e-02 5.068399539645969398e-02 6.518583339855993364e-02 5.624713320766663166e-02 5.112565200668999638e-02 5.229383133037598247e-02 5.651339578187337953e-02 5.373461228235511256e-02 4.983390882066282557e-02 6.449866315544092177e-02 5.335287573406570505e-02 4.839580763387762996e-02 5.749355513532233841e-02 5.552027684666915180e-02 6.499909062275262273e-02 5.726688231004477270e-02 6.760172450461542082e-02 5.692491389726152262e-02 5.864480707175687146e-02 5.827993202650624122e-02 6.232297798050526888e-02 5.074044121154992065e-02 6.499219543460663107e-02 5.769841667429875809e-02 6.225626301949072072e-02 6.760456745132592538e-02 5.840131761123112941e-02 6.526954502914962541e-02 6.396764274456835653e-02 6.522207756428673175e-02 6.508322038827590861e-02 6.688711748770712062e-02 4.956987764811383868e-02 6.290675341454099456e-02 6.716324189332642525e-02 6.309547742527246705e-02 5.727940639709111492e-02 6.319912882195126425e-02 6.779822722544674718e-02 6.785111173095789705e-02
2.134241049971561874e-02 1.882099554500572813e-02 2.187948208043348497e-02 2.313887174065458463e-02 0.000000000000000000e+00 2.375794989719114819e-02 1.661347129952003149e-02 1.917131024268955986e-02 2.187862367534480768e-02 2.169164679771619711e-02 2.099950189603660630e-02 3.196749320240965114e-02 2.332708803724870342e-02 2.550421035063946129e-02 2.013591924269213934e-02 2.707773809401197579e-02 2.369540179992957185e-02 2.274413094636711444e-02 2.936677156082765153e-02 2.722098028548091200e-02 2.362363983437590353e-02 2.857570651919026303e-02 2.303119644275311920e-02 2.302072023838254086e-02 2.417865725231806151e-02 2.871428127175996298e-02 2.794706487167749123e-02 2.575530893237834920e-02 3.418403945903179808e-02 2.240432137571527621e-02 2.709828465607377543e-02 3.381755404175936647e-02 3.232901356260860920e-02 3.708180248935656620e-02 3.539858068377492450e-02 3.058578530419258507e-02 3.840852312244987660e-02 3.800044816951431842e-02 4.030026000547023979e-02 4.059393012886994279e-02 4.086579028162597854e-02 3.911739882267922797e-02 3.017629808426170249e-02 4.332607642311309820e-02 3.501203400411502520e-02 4.239114543361337251e-02 4.219740934605097776e-02 4.233166647859046283e-02 3.699352071576428314e-02 3.467317115060696009e-02 3.456043852659876348e-02 5.690436375179081657e-02 3.751135744690216323e-02 5.478691274806979372e-02 6.025253760577226753e-02 6.093490985194811166e-02 3.463955644428992620e-02 5.279542290699643092e-02 5.505270947105885687e-02 4.898003170536853468e-02 4.286064217969597079e-02 4.616267129978476186e-02 4.947718961245495262e-02 5.423799522087775077e-02 4.039119410795290882e-02 4.951722731233151181e-02 4.270174650624188051e-02 4.203484621532459914e-02 4.843623191445365489e-02 4.772424512885220516e-02 4.202304423700786717e-02 6.124304790821904348e-02 5.649035253365047859e-02 6.124727801156348850e-02 3.904085134068386448e-02 5.650371543494318860e-02 5.128019028517655231e-02 5.481907980686421406e-02 4.387658062285005461e-02 6.310132962485692776e-02 5.053533414351158576e-02 5.038650721296156210e-02 5.141077009398214992e-02 5.473394130752254338e-02 5.938853838076120495e-02 6.271024888197528069e-02 4.642699777828512148e-02 5.021224722492285963e-02 6.402669136642070991e-02 5.004745396930010415e-02 6.373232985220875224e-02 5.421203428201962216e-02 5.006911216648728818e-02 5.415186827266870589e-02 5.494901705731525254e-02 5.635846114980776200e-02 4.866725934723694497e-02 6.428816877664296492e-02 5.232800941484583301e-02 4.750641491200505856e-02 5.577194069734357079e-02 5.489293536254619132e-02 6.385473715162302832e-02 5.636382459732236505e-02 6.672943919616024233e-02 5.604427230235717317e-02 5.490584674853805219e-02 5.656667190498233105e-02 6.016273256614156073e-02 5.069418189148718751e-02 6.509115831155262710e-02 5.616743654495525567e-02 6.094650573784784336e-02 6.592295123706337634e-02 5.711726348784040147e-02 6.374821755350663921e-02 6.207776185624463983e-02 6.407393088504452494e-02 6.513408716753159300e-02 6.609939636451894751e-02 5.113404814964224443e-02 6.274979118065771022e-02 6.595114286777860324e-02 6.229409997506720614e-02 5.609038914189850428e-02 6.193984841782794459e-02 6.709424615450722273e-02 6.726018778582953939e-02
2.368149545687327565e-02 2.067002855833481589e-02 2.351300829466652226e-02 2.594991361969776686e-02 2.375794989719114819e-02 0.000000000000000000e+00 1.816191646448952687e-02 2.359400491599867103e-02 2.327197793753539926e-02 2.643541200232564850e-02 2.414204234078175249e-02 3.457468870915947345e-02 2.403120108495137783e-02 2.585920470353742298e-02 2.148397100225797954e-02 2.939808826959168508e-02 2.771499769858346007e-02 2.395059902164128202e-02 3.158798395005135706e-02 2.633811500084438581e-02 2.809342154070360378e-02 3.368333863664409872e-02 2.310043656156580624e-02 2.457008629495603669e-02 2.567173261366837919e-02 3.134247430582724758e-02 3.032157382716266225e-02 2.621602176363537970e-02 3.671367723663288701e-02 2.295323190320965739e-02 2.924742009455067251e-02 3.592806074660669785e-02 3.438945950202604990e-02 3.851061415214748068e-02 3.425101372844072123e-02 3.232965614187107567e-02 3.839346487743636877e-02 4.141162806272168789e-02 4.091056553536327051e-02 4.144946349762793081e-02 3.827029254418887888e-02 3.760060950333298652e-02 3.152027158118088368e-02 4.248171599871142234e-02 3.526377600050559918e-02 4.235007473999419930e-02 3.868362340556961293e-02 4.579479624727820358e-02 3.946022342088283813e-02 3.853186923948997283e-02 3.660642053814093522e-02 6.016826492884420896e-02 4.197941025199183884e-02 5.334390951271092418e-02 6.168047122118242021e-02 6.291383137318053154e-02 3.769112342553018746e-02 5.398302980488385583e-02 5.594824507492265897e-02 4.604250412663835057e-02 4.441142523945847825e-02 4.740352370504832130e-02 5.187251917739781754e-02 5.567070348797603652e-02 4.396725818749239872e-02 4.899802586927035075e-02 4.391835656845081981e-02 4.520332515043911509e-02 4.976632208376113864e-02 4.686431193891867075e-02 4.309245143424461633e-02 6.187930804872284613e-02 5.401550679805873501e-02 5.803147760722334597e-02 3.947939713206929935e-02 5.706356344261365870e-02 4.727980934604948671e-02 5.607350432288894793e-02 4.676196753746290208e-02 6.486876316616782545e-02 5.197368754547706388e-02 5.154309621086215765e-02 5.241076315570474681e-02 5.587601986091250000e-02 6.345274902411569828e-02 6.359061161917572980e-02 5.048033102525079086e-02 5.048434490637528083e-02 6.467632680445820070e-02 5.054945598196278200e-02 6.468990793025375385e-02 5.564300070567098494e-02 5.029716422877653081e-02 5.488220671269401774e-02 5.514113336422826750e-02 5.702380809257125149e-02 4.899949923481238673e-02 6.518167167592173183e-02 4.903651682121042826e-02 4.773079310155974725e-02 5.727873585794604483e-02 5.558105001237785558e-02 6.399955590731505606e-02 5.717703947460441027e-02 6.661962050164586813e-02 5.682546732261088696e-02 5.758196798369516478e-02 5.801944604186237697e-02 6.238102168282972509e-02 5.193692686540236914e-02 6.669981110725729800e-02 5.574609972485245618e-02 5.869180240577777374e-02 6.762406330803155674e-02 5.909287528019363522e-02 6.549612952067812577e-02 6.345190306585471451e-02 6.349136312933741089e-02 6.646632703215159255e-02 6.679628907214725519e-02 5.218075147666378921e-02 6.336458647208416395e-02 6.688407394053418054e-02 6.285869238106994716e-02 5.289725825025361206e-02 6.297783825886490994e-02 6.868559219000661131e-02 6.579149848139957679e-02
1.630810916478266093e-02 1.459022262056410349e-02 1.775640456618835655e-02 2.006665698198305953e-02 1.661347129952003149e-02 1.816191646448952687e-02 0.000000000000000000e+00 1.710120112420599955e-02 1.943202514320582427e-02 2.008897813639655416e-02 1.810710605745769267e-02 2.967954580442899379e-02 1.982911838098453880e-02 2.172563637356865821e-02 1.660217616570397459e-02 2.588138416424941302e-02 2.205266318815917587e-02 1.865795406645281637e-02 2.799987419913968836e-02 2.381682851622662217e-02 2.272620411605849600e-02 2.811441190655170758e-02 1.757289783938182498e-02 1.970113923272770115e-02 2.056932245726792591e-02 2.611858305537501784e-02 2.514353261599019257e-02 2.172758780151490612e-02 3.227707947084237916e-02 1.901866982997527447e-02 2.470866028054800878e-02 3.193769071654553593e-02 2.963307851883603683e-02 3.487810145384563631e-02 3.248488934558324548e-02 2.760766900921420713e-02 3.438150430841543231e-02 3.746031544085344500e-02 3.826096342919197563e-02 3.856696503682278954e-02 3.747814779344108005e-02 3.710205433374108575e-02 2.802418263791012568e-02 4.050072167727399725e-02 3.330978994048088698e-02 3.940321154729921338e-02 3.810892889082315160e-02 4.257493789825773228e-02 3.562923209476354103e-02 3.524431342133086537e-02 3.264030181035545292e-02 5.777072897975742832e-02 3.832717337474380453e-02 5.262298703746672718e-02 5.864672200909436944e-02 6.021281983893244510e-02 3.458005956203716313e-02 5.041011715832980494e-02 5.385123489265297020e-02 4.599812054529235639e-02 4.084092152087009236e-02 4.320811222571973448e-02 4.923570592155843834e-02 5.326239151166242691e-02 4.005783398231638898e-02 4.548611263761000861e-02 4.040650676696212751e-02 4.157776701813195586e-02 4.543102297288988817e-02 4.664854694522696521e-02 3.944235646132081968e-02 5.818132056129300678e-02 5.463177260419188608e-02 5.915282287797177241e-02 3.668385661158340277e-02 5.485633548922860120e-02 4.755954010737089427e-02 5.338100863941665220e-02 4.368622064105735087e-02 6.236494717052601389e-02 4.892051973446412405e-02 4.940584774088901260e-02 4.904386413499318975e-02 5.348830985361601592e-02 6.091070217184713781e-02 5.957974873639106800e-02 4.614644338987725081e-02 4.854382473824966904e-02 6.209326332726557846e-02 4.807491381121192092e-02 6.197310424786654781e-02 5.349788090550450931e-02 4.729664129967681846e-02 5.218397490506777175e-02 5.179458223933076921e-02 5.421752103400041822e-02 4.700019261882450866e-02 6.236276033970716837e-02 4.939084352933057614e-02 4.471729980942611843e-02 5.402892808007560277e-02 5.325219473987396340e-02 6.037155183109228079e-02 5.477385241558951900e-02 6.527951497213647925e-02 5.422340119767173755e-02 5.565584909302334626e-02 5.537625832547934945e-02 5.925677403055119169e-02 4.873898929647874079e-02 6.429556399246558196e-02 5.437060196133373241e-02 5.790703614502287072e-02 6.462096298748996881e-02 5.590073212669829927e-02 6.321296947836271829e-02 5.949376730679218489e-02 6.217000066123527791e-02 6.420688594854885578e-02 6.429459575201038057e-02 4.956609356563081159e-02 6.124801680022155803e-02 6.471180947464783006e-02 6.056090841848347367e-02 5.399960424820876570e-02 6.062242234026191112e-02 6.587192487909680760e-02 6.530939228171225852e-02
2.125514999520572088e-02 1.786932966769675182e-02 2.096619264571810554e-02 2.292308714211310078e-02 1.917131024268955986e-02 2.359400491599867103e-02 1.710120112420599955e-02 0.000000000000000000e+00 2.396682276020655963e-02 2.204250847952128264e-02 2.136406263453213480e-02 3.227677467314030851e-02 2.401693867943293509e-02 2.411733000605577673e-02 2.157757038832891494e-02 2.744113897542490785e-02 2.537833406775475212e-02 2.305703925593993731e-02 3.092928477024949399e-02 2.836067287556177235e-02 2.600922938192078496e-02 3.108563376276698292e-02 2.345207761139699726e-02 2.134428990508574486e-02 2.392412387478502767e-02 2.668927512314445485e-02 2.877235597342004542e-02 2.564908843518931558e-02 3.485735630934354290e-02 2.199839573059794370e-02 2.620870854682211953e-02 3.470701366924386355e-02 3.300523955588041680e-02 3.517931177956248184e-02 3.533713660874725215e-02 3.042342364869657367e-02 3.807499545852224831e-02 3.991671785939125694e-02 4.050659683644772940e-02 3.890833137036851797e-02 4.092394188565027374e-02 3.927676262158381892e-02 3.112322791461690635e-02 4.352354075511771087e-02 3.513196168179628931e-02 4.210693679673278844e-02 4.237316886512041553e-02 4.281082408821917235e-02 3.806158386181864028e-02 3.717385324328070784e-02 3.137857703417177430e-02 5.964293955566522115e-02 4.013496014560859887e-02 5.503173420327159282e-02 6.066033072141126942e-02 6.122745658457304230e-02 3.653636348959200808e-02 5.357626914320205713e-02 5.452007734360067581e-02 4.910834035049811697e-02 4.219371427614751480e-02 4.454378799562864338e-02 5.112341452914068163e-02 5.497921818184267617e-02 3.988370972047276114e-02 4.978308218120891526e-02 4.242971014270529445e-02 4.420417402695782372e-02 4.854183136429360973e-02 4.519063892225246709e-02 4.260317215097200044e-02 6.119629896922084561e-02 5.668412271776995109e-02 6.091708317327618888e-02 3.964323456770072612e-02 5.673789465503416979e-02 5.145766345259652347e-02 5.473518827025582179e-02 4.557694927052190897e-02 6.363824428847685011e-02 5.120664171533489267e-02 5.071900368953775190e-02 5.143430344880367544e-02 5.507563234831547999e-02 6.215348265065601813e-02 6.322930386380774814e-02 4.834907752828848659e-02 5.007174439056789189e-02 6.376843159427854346e-02 4.979317103500358749e-02 6.371294793073525864e-02 5.446568826655698303e-02 5.004579683660146522e-02 5.415704372427869451e-02 5.506813737001373110e-02 5.488694026430177703e-02 4.932719141971313170e-02 6.059403454708950365e-02 5.244314628721530314e-02 4.766581483851042161e-02 5.531107655225071112e-02 5.478936070961290539e-02 6.411841822217495546e-02 5.626301095418457382e-02 6.678507551847491508e-02 5.608143152873576454e-02 5.442933252984794718e-02 5.636616979907594499e-02 5.808781590283667445e-02 5.052953061566208687e-02 6.558617333679923889e-02 5.649979382876408468e-02 6.066157432314792097e-02 6.642644634761944722e-02 5.775258687845639255e-02 6.379883052117921172e-02 6.238233321831793826e-02 6.428246152826269655e-02 6.607038032602270683e-02 6.561934840356750676e-02 5.173072214711004618e-02 6.300984994160872821e-02 6.589590417597901428e-02 6.235581019118980467e-02 5.644559699822371962e-02 6.179897910155841140e-02 6.772534152781610473e-02 6.761815371049396950e-02
2.255662396628780111e-02 2.087070792673223485e-02 2.168386259011309200e-02 2.491628772888428156e-02 2.187862367534480768e-02 2.327197793753539926e-02 1.943202514320582427e-02 2.396682276020655963e-02 0.000000000000000000e+00 2.511486529444654017e-02 2.295281282907006906e-02 3.397011592158309667e-02 2.512687721827937606e-02 2.735335259525161627e-02 2.307296714497261009e-02 2.975682961307805213e-02 2.851191089288732800e-02 2.553916828341711714e-02 3.083366394395160165e-02 2.841260277958519015e-02 2.676632958109018134e-02 3.332026833095601270e-02 2.532956473399141165e-02 2.675116798049816114e-02 2.708310551512972675e-02 3.189954047376070134e-02 2.961298607199067817e-02 2.699398874603841508e-02 3.636192355395401893e-02 2.321811203488852171e-02 2.794398367929414734e-02 3.328265538820508046e-02 3.487322083088342101e-02 3.833698390719189608e-02 3.705939226591126873e-02 3.295416091931092223e-02 3.908975120707543910e-02 4.166408809017344006e-02 4.034726868874399103e-02 4.114222897200023321e-02 4.116239824101716044e-02 4.041903213138808848e-02 3.094476124840024253e-02 4.264166704688707871e-02 3.636819274728211177e-02 4.311611946161421349e-02 4.137347458664747402e-02 4.611548847361719022e-02 4.034787970158758286e-02 3.523152568374802313e-02 3.713069057123676020e-02 5.700776990789979681e-02 4.013859295277481809e-02 5.223303448489307471e-02 6.146404906201809876e-02 6.221309160377429259e-02 3.586608591894634851e-02 5.059564595327303155e-02 5.640919062919325100e-02 4.676430126170126600e-02 4.412755919760442264e-02 4.787049067258825064e-02 4.807573145660802572e-02 5.186963738186639583e-02 4.280802478388733706e-02 4.984761895814029953e-02 4.454580030834420779e-02 4.526412492315748382e-02 4.977031284265141103e-02 4.986335600365679466e-02 4.431421753621669207e-02 6.160674721563837164e-02 5.647588231422998040e-02 6.179310575355099339e-02 4.027788731733776550e-02 5.696688373882532325e-02 5.071166993915479648e-02 5.554651629301864124e-02 4.700685648839058456e-02 6.448933504347713341e-02 5.097185611447534875e-02 5.239712207937487209e-02 5.260126450582239960e-02 5.625023147778750177e-02 6.239199254997863930e-02 6.404446312070127822e-02 5.039622550840298920e-02 4.840420887004693445e-02 6.535199574082614649e-02 4.757744388314624762e-02 6.506924804870242718e-02 5.521726057211676780e-02 5.067053002713424459e-02 5.559283098533689127e-02 5.614430687496214240e-02 5.637339292079099340e-02 4.973590163391381630e-02 6.549037650294156632e-02 5.262025112060998711e-02 4.791060059396987092e-02 5.720917380255582940e-02 5.564131765565366594e-02 6.430536794538795065e-02 5.720883484281081427e-02 6.638733018644657480e-02 5.706048668966723358e-02 5.840787762177256093e-02 5.835193566712928992e-02 6.236004169687319604e-02 5.223099624190068874e-02 6.606299881353078218e-02 5.546374958941557159e-02 5.840055547906020800e-02 6.799965141012659364e-02 5.907014391964836297e-02 6.547133759970209799e-02 6.344495822616513792e-02 6.497376842597413216e-02 6.238065287709635559e-02 6.624333509890641125e-02 5.126488833922995814e-02 6.294623685588406070e-02 6.720257517157422755e-02 5.900765379374815073e-02 5.521781745384386070e-02 6.280575227861337484e-02 6.841028967323986576e-02 6.420370766072260038e-02
2.310428768477386721e-02 2.124873149686627022e-02 2.454147135775038707e-02 2.549001817398240805e-02 2.169164679771619711e-02 2.643541200232564850e-02 2.008897813639655416e-02 2.204250847952128264e-02 2.511486529444654017e-02 0.000000000000000000e+00 2.248914759141944567e-02 3.540328833611988690e-02 2.696627896814263528e-02 2.721849550777931045e-02 2.471603263597583339e-02 2.997705447893347919e-02 2.692679380600125280e-02 2.564923240642275060e-02 3.111692565365587262e-02 3.006603377316553402e-02 2.658845806202339568e-02 3.036580826580693310e-02 2.552415906111657473e-02 2.602705567137968828e-02 2.526317989608067166e-02 3.027784187411575872e-02 3.025505140074682964e-02 2.606882397108683386e-02 3.432607620928859044e-02 2.434812879119964760e-02 2.962911495405422604e-02 3.349885995104597003e-02 3.462405689018065863e-02 3.896998720969264279e-02 3.585662020830671787e-02 3.162624956044943897e-02 3.981369567676638910e-02 4.134480411176591486e-02 4.119400571114224807e-02 4.248646425639696078e-02 4.309307528813335203e-02 4.118622935647256456e-02 3.265735724347670899e-02 4.471989802587354040e-02 3.746464977518858958e-02 4.289392138493836049e-02 4.352369661709059451e-02 4.176942160449814007e-02 4.035150846065550800e-02 3.813876958744898127e-02 3.526240149539242724e-02 6.053004690680867383e-02 3.955816861229725229e-02 5.619371862952873831e-02 6.091152229162117432e-02 5.869684684635833455e-02 3.547132861948001925e-02 5.484590066386029611e-02 5.563849224711799046e-02 5.009223903052977683e-02 4.150059533822889057e-02 4.748577964292326203e-02 5.217821865081685023e-02 5.575292832038013929e-02 4.376009311285430914e-02 5.079906255502940338e-02 4.244219548050744140e-02 4.565575046823520250e-02 4.732240946086871403e-02 4.968986874928434799e-02 4.251846914278214346e-02 6.123393613017251436e-02 5.816238188084873334e-02 6.201144364411517729e-02 3.932770240923644939e-02 5.695292687642838914e-02 5.204891414624067403e-02 5.518236493483177213e-02 4.674815978691908985e-02 6.047202730896764078e-02 5.160981939149433817e-02 5.235698912129602145e-02 5.259819743836891687e-02 5.320719644353224392e-02 6.328431249037648476e-02 6.379990081693068249e-02 4.919539123143533421e-02 5.183373986504431069e-02 6.454232293186427938e-02 5.162268122780780399e-02 6.483386140398597619e-02 5.616055879215295366e-02 5.076808855958978017e-02 5.225029787397679482e-02 5.625739146830242843e-02 5.721478966336235317e-02 4.929090565425321702e-02 6.509637652275380992e-02 5.244353138977875944e-02 4.859187757967573656e-02 5.691162545646193116e-02 5.565717907959547017e-02 6.476848049628375348e-02 5.748630339311887327e-02 6.778225445176648545e-02 5.636030673102169347e-02 5.772370831483621123e-02 5.795962931002027196e-02 5.868423514686756104e-02 5.096561948361470057e-02 6.550647349126927088e-02 5.433691736466337435e-02 6.251673861788087372e-02 6.763670390335049798e-02 5.854599505202586623e-02 6.203756629430984965e-02 6.378359293785328121e-02 6.456852960608765180e-02 6.634934303637654573e-02 6.734040814987087009e-02 5.169726413080714261e-02 6.352712649568421910e-02 6.721147823602531546e-02 6.347608405784324614e-02 5.675175496063376152e-02 6.277983645903865983e-02 6.852302537770919855e-02 6.734471684296464145e-02
2.225891127099056607e-02 2.022473300186394471e-02 2.205810575309420651e-02 2.337251627580268221e-02 2.099950189603660630e-02 2.414204234078175249e-02 1.810710605745769267e-02 2.136406263453213480e-02 2.295281282907006906e-02 2.248914759141944567e-02 0.000000000000000000e+00 3.442224415959681261e-02 2.455702149849205845e-02 2.555114655602429979e-02 2.291422128332994482e-02 2.680188581343278739e-02 2.730862943768909770e-02 2.347967624179389881e-02 3.042791443337579393e-02 2.894495597019136612e-02 2.448343102771733878e-02 3.155818918972982251e-02 2.281561387346728309e-02 2.465891225398088998e-02 2.496982151599659583e-02 2.911255742740842534e-02 2.772317843579954685e-02 2.496242942683157134e-02 3.248668669840728412e-02 2.083678498288940584e-02 2.685815837948392695e-02 3.202399713027651723e-02 3.314219870735347212e-02 3.784357904799296596e-02 3.571089122406945898e-02 2.960373733707639607e-02 3.879447181720063753e-02 3.983269540853261875e-02 3.924509737184610908e-02 3.974506853627973735e-02 4.205805179891137363e-02 4.013528631928085094e-02 3.203928639507130915e-02 4.286566685901335716e-02 3.619542001044671192e-02 4.226545091079562944e-02 4.151679373191114603e-02 4.529416495757017380e-02 3.947105995527240563e-02 3.773482325255653885e-02 3.374072336682507056e-02 5.973440713756060505e-02 3.571139996947311768e-02 5.494881574254747297e-02 5.806165910198334001e-02 5.809644617492686763e-02 3.545727920588658683e-02 5.410487782091867592e-02 5.551148317972449259e-02 4.681557994396898237e-02 3.890497462182676558e-02 4.604309718698715304e-02 5.090366601517600648e-02 5.126453716011502432e-02 4.309021679783082287e-02 4.923445522188103080e-02 4.311840856532904442e-02 4.508537177684687064e-02 4.895086464841791329e-02 4.893626257533176954e-02 4.346385258037985255e-02 5.744278837061747578e-02 5.714271037991678487e-02 6.144092788751323586e-02 3.965436195482698739e-02 5.626268537000706643e-02 5.148166160322086710e-02 5.148757885180096222e-02 4.547288970989665086e-02 6.408058960065425580e-02 4.999342206018093232e-02 5.092700051201180106e-02 5.142505095048056224e-02 5.475970237343683739e-02 6.266733248698409808e-02 6.246393546252543977e-02 4.891429841256934863e-02 5.060176085437520510e-02 6.418680315592507901e-02 5.074312838911750057e-02 6.169255180499000346e-02 5.293756357949893493e-02 5.002204151976275687e-02 5.463282274875345956e-02 5.547214917631976272e-02 5.623799546586193826e-02 4.802573469372604931e-02 6.425710129198509979e-02 5.266170097530287891e-02 4.748041368546714741e-02 5.639577818796078640e-02 5.432428474467096424e-02 6.383618813657504498e-02 5.620010675874717587e-02 6.687626069380375737e-02 5.207996872096412599e-02 5.729407676133863037e-02 5.464937509744088873e-02 6.138889945790295538e-02 5.128271228549098615e-02 6.325221212415588212e-02 5.645750166436675627e-02 6.114430270535390483e-02 6.618542728473163217e-02 5.831971964767526662e-02 6.443538651396908679e-02 6.309660230051446217e-02 6.464327155270119252e-02 6.177727645595277456e-02 6.624568697760596647e-02 5.097178652918132880e-02 6.246846832296040070e-02 6.589286820237194586e-02 6.248306319230885475e-02 5.381263545477184274e-02 5.841947272330678259e-02 6.768462277689030193e-02 6.670867205267649869e-02
3.189191306923205849e-02 3.057942734508902263e-02 3.424539399037149906e-02 3.349995042937924106e-02 3.196749320240965114e-02 3.457468870915947345e-02 2.967954580442899379e-02 3.227677467314030851e-02 3.397011592158309667e-02 3.540328833611988690e-02 3.442224415959681261e-02 0.000000000000000000e+00 3.591294651541229732e-02 3.657843398391020379e-02 3.349101651092863813e-02 3.897219133765782856e-02 3.609393975682633621e-02 3.341928318623317573e-02 3.991642181663064559e-02 3.794509959871099347e-02 3.610685911457769265e-02 3.874018478951541528e-02 3.306067579882446955e-02 3.523447851357477956e-02 3.463910542388691505e-02 3.928316825155838549e-02 3.834470871326159380e-02 3.652626615210213812e-02 4.359657570268760801e-02 3.501421197498778837e-02 3.731720067753337144e-02 4.284236105232529929e-02 3.794408489441122162e-02 4.508854207761660987e-02 4.366150041393956904e-02 4.016438225484834923e-02 4.578386434310624531e-02 4.285762377448094906e-02 4.785874230326215423e-02 4.683659481914670408e-02 4.869196630732590403e-02 4.742768755699481448e-02 3.944648325435123198e-02 5.033450623552137432e-02 4.413342719007588844e-02 4.934620828476928012e-02 4.866234283694585716e-02 5.108404617107547424e-02 4.666581333740664472e-02 4.534428428347904438e-02 4.403489018482407980e-02 6.436262654063086563e-02 4.821449502271686616e-02 6.052592211920929804e-02 6.509552627817950798e-02 6.760321581876629904e-02 4.495847868513201673e-02 5.335929291730683727e-02 6.156031853674555354e-02 5.520334710708776904e-02 5.071149879770381341e-02 5.287981192161746169e-02 5.603087137976858756e-02 6.068070731397613021e-02 4.969219963747757707e-02 5.515441294900980118e-02 5.000796453262065094e-02 5.102399126619908826e-02 5.456915908687801076e-02 5.459522145595697984e-02 4.992921015151381009e-02 6.657352513555019058e-02 6.241096518553256034e-02 6.641840107146228245e-02 4.591835527138394407e-02 6.283359794244787466e-02 5.736851032735759692e-02 6.105798600116596475e-02 5.235817019290544411e-02 6.919740017571163193e-02 5.366581176120001351e-02 5.666144760767162503e-02 5.739047515122003285e-02 6.102779523928551775e-02 6.737968292590916508e-02 6.799742282146058192e-02 5.520759134974832782e-02 5.700119386100331587e-02 6.946651149713549411e-02 5.657233408225721683e-02 6.859294296935847246e-02 6.076178532393715359e-02 5.500908752759146869e-02 5.977137941339961263e-02 5.950302967405971671e-02 6.167067529015096000e-02 5.312719909539493496e-02 6.941495018697568797e-02 5.838278662869601787e-02 5.401145819213581251e-02 6.190078000761600752e-02 6.117006124606138434e-02 6.873464872827193817e-02 6.240300475687506065e-02 7.247995873045602611e-02 6.146570296066326822e-02 6.253120466050376969e-02 6.328376377369483718e-02 6.628156300046067484e-02 5.503786713605389458e-02 7.139387679138803344e-02 6.229870983471071100e-02 6.002526038832844968e-02 7.190859494005308328e-02 5.453743294895133098e-02 7.008139109352511109e-02 6.754024950258448456e-02 6.931895831411037656e-02 7.064006620122199875e-02 7.151192000517699043e-02 5.737057490744872784e-02 6.783366829153830713e-02 7.165391696080117279e-02 6.760055611815388166e-02 6.142393918065894992e-02 6.765868306974508195e-02 6.362995119210004824e-02 7.254776401933867025e-02
