0.000000000000000000e+00 1.088109159717194283e-02 1.192402233810404936e-02 1.235611150838914450e-02 1.142649675885810782e-02 1.557450940546318066e-02 1.880112838242504678e-02 1.191135303896266595e-02 1.700899879140583756e-02 1.121355785552707700e-02 1.167775429748105567e-02 1.096723427346455587e-02 1.250502785460106715e-02 1.318227333610453092e-02 1.181265107892040360e-02 1.154607950423581705e-02 1.212595210594278640e-02 1.217309961556320430e-02 1.045708657648280158e-02 1.270953270909755579e-02 1.185763285159000674e-02 1.018723747900526777e-02 1.162310962467971200e-02 9.836672078010330264e-03 1.224098322654143534e-02 1.223032975725772166e-02 1.183160786176759051e-02 1.385669212716609568e-02 1.413555732576689261e-02 1.336432871950399455e-02 1.054404914133844247e-02 9.771355570941456237e-03 1.710270280896342837e-02 1.565029031475877186e-02 1.626155680731355274e-02 1.736808611995512008e-02 1.445898098711249392e-02 1.632933006531543663e-02 1.417502061245944599e-02 1.320361954769601331e-02 1.646291503305596232e-02 1.721175737964904945e-02 1.599194478740997155e-02 1.652394667475488854e-02 1.194988350428292934e-02 1.458904588777200535e-02 1.480130232088261964e-02 1.537082380113086524e-02 1.583461910400276243e-02 1.636328649291797152e-02 1.370693451287592624e-02 1.549137813153508153e-02 1.360915417895561773e-02 1.563729493914362695e-02 1.732095905541864919e-02 1.568966563726906585e-02 1.539661791271402028e-02 1.675905446224588632e-02 1.569736644689686753e-02 1.460185898279213468e-02 1.372128388502918787e-02 1.546012710743637983e-02 1.585650350380794424e-02 1.662070870920881113e-02 3.095197280299896020e-02 3.327604209456073298e-02 3.326229244955389991e-02 3.055077417377849089e-02 3.114340010712758622e-02 3.349499723173877952e-02 3.385674868116145264e-02 3.151058743404409890e-02 3.152062356565660250e-02 3.265412724767133290e-02 3.268634562455844522e-02 3.363722449974742429e-02 3.047461024571116242e-02 3.458564532700664218e-02 3.200286134260279386e-02 3.140723954431145354e-02 3.205512339294217666e-02 3.226316003827926077e-02 3.288979884766671941e-02 3.060217995180222056e-02 3.400280151942555035e-02 3.363934720414712282e-02 3.413614621855379921e-02 3.385155244864763990e-02 3.366174226469875047e-02 3.378668223422091194e-02 3.236609265688297071e-02 3.125396758200254393e-02 3.238326839190110856e-02 3.701648723639411331e-02 3.660823117355500173e-02 3.623019929854575522e-02 3.452544472141814286e-02 3.266503421633919907e-02 3.395748604146579114e-02 3.345695440459623554e-02 3.621061276050488442e-02 3.252007710182788780e-02 3.046593437984436090e-02 3.433698405612434223e-02 3.227823827483335128e-02 3.421319315552304868e-02 3.431388328736471177e-02 3.293816657384730090e-02 3.234169118344665944e-02 3.373610980512456448e-02 3.071423744649789261e-02 3.421963341089702404e-02 3.216086226924858016e-02 3.330814927148632171e-02 3.204729271297605125e-02 3.090212602720033772e-02 3.411796375423148397e-02 3.431127908971853824e-02 3.249809034277104797e-02 3.218221820709613046e-02 3.352965370126540640e-02 3.423170810410947063e-02 3.497514852197512042e-02 3.103769352180237376e-02 3.151574306547107879e-02 3.255893376031873676e-02 3.450737340411898918e-02 3.388850735325656810e-02
1.088109159717194283e-02 0.000000000000000000e+00 1.095632260966476756e-02 1.104676216229991993e-02 1.008389583162885503e-02 1.410617103991683614e-02 1.687988475734890359e-02 1.142408644388301538e-02 1.504707320845230338e-02 9.644122764421236144e-03 1.212307191795221860e-02 9.646307643114707120e-03 1.092813266116055872e-02 1.125051287565114952e-02 1.032553050908650329e-02 1.052479795765593439e-02 1.178509376115104840e-02 1.123294354477410301e-02 9.387240660900022030e-03 1.288634898907147983e-02 1.101271334403553480e-02 8.595686295884676087e-03 1.007639179309283844e-02 9.637736640438670024e-03 1.097343593037288650e-02 1.158863063955445187e-02 1.072568249588029890e-02 1.344974690486185585e-02 1.525782554958112804e-02 1.290683934726956535e-02 9.457836365147232610e-03 9.723932770386399874e-03 1.684824676594703918e-02 1.395739196560962826e-02 1.499832854293745715e-02 1.623587520387806057e-02 1.280241789806495396e-02 1.498478299444492776e-02 1.348167615477438401e-02 1.220220212809886538e-02 1.514373797785257408e-02 1.613198842302868141e-02 1.546682572710062972e-02 1.524253174549230865e-02 1.150086610862903480e-02 1.407383164531555292e-02 1.463005660710737024e-02 1.425264854411404866e-02 1.521950757989810714e-02 1.512344392404712558e-02 1.247927385259315659e-02 1.417811304339791981e-02 1.328227501784170345e-02 1.446835827571425585e-02 1.619184251812251507e-02 1.456286105984723293e-02 1.410254501785698604e-02 1.556652432784457092e-02 1.409485113137660950e-02 1.344873139955047626e-02 1.210523354862266983e-02 1.440802359159189076e-02 1.475370831430821393e-02 1.556395039343464945e-02 3.138137414196946057e-02 3.379251494764831665e-02 3.383950325075563842e-02 3.096631108869576238e-02 3.206659428802068057e-02 3.405307972694039675e-02 3.438840049955561168e-02 3.247310377624327421e-02 3.206324132814178385e-02 3.317036632795708484e-02 3.314798839762578275e-02 3.418737079594413170e-02 3.094770572369964778e-02 3.516710714232906126e-02 3.255219384949637612e-02 3.195051161718894667e-02 3.254007982823482747e-02 3.280435101265644082e-02 3.350438326258470267e-02 3.112917774666345075e-02 3.450800022340220347e-02 3.413978972506288845e-02 3.471326510262617848e-02 3.440988310515368659e-02 3.414302682097361541e-02 3.432452401634510791e-02 3.284809627846303759e-02 3.170745666148021974e-02 3.287566365456936340e-02 3.760918725638325022e-02 3.723875569413313130e-02 3.680715530427940835e-02 3.490172104167935108e-02 3.300333466076778993e-02 3.428757973175622364e-02 3.378546003181221585e-02 3.660626746227603479e-02 3.300741203141017988e-02 3.041696011511102471e-02 3.471850917514107682e-02 3.259460269611925282e-02 3.457342274199725479e-02 3.470966456685951190e-02 3.326334007479365279e-02 3.267382964893618402e-02 3.405043386671863931e-02 3.101072755505310599e-02 3.459287616191872999e-02 3.249385240535315744e-02 3.364707467190129059e-02 3.234392586961674920e-02 3.117300150377146431e-02 3.446663137534962396e-02 3.472427056125558520e-02 3.278979057369360572e-02 3.250628744136144915e-02 3.387221123839256887e-02 3.462389600806792256e-02 3.530095396452782169e-02 3.131927845116392467e-02 3.179821575604313555e-02 3.291178020155623857e-02 3.483896339447271201e-02 3.429340401486290213e-02
1.192402233810404936e-02 1.095632260966476756e-02 0.000000000000000000e+00 1.136709048622298011e-02 1.113428422374837870e-02 1.424069678061195762e-02 1.679811207008528873e-02 1.315764774959373232e-02 1.496738272208714311e-02 1.018138196103761557e-02 1.388497687167435102e-02 1.124135497938994616e-02 1.192426363656861991e-02 1.153406002096348491e-02 1.075574182643407491e-02 1.170645319317106456e-02 1.251713273739052737e-02 1.230919828919452980e-02 1.118105698330009584e-02 1.481486821939531802e-02 1.102083388173386198e-02 1.030337365343740250e-02 1.048095685115565424e-02 1.139118477258365889e-02 1.196634438548360019e-02 1.382958713731295697e-02 1.246088544552968747e-02 1.481755783864972635e-02 1.596056402382976455e-02 1.455572592633971180e-02 1.104986495179158951e-02 1.176609552651404142e-02 1.805665960915932636e-02 1.500724605416258600e-02 1.559487448647921271e-02 1.706241725169474477e-02 1.379995108030298082e-02 1.556145799841711364e-02 1.495601654749001592e-02 1.411670293317640601e-02 1.576369835617629986e-02 1.680682358867114853e-02 1.530618373945910431e-02 1.581962507102242441e-02 1.326360552534010598e-02 1.564974672603225078e-02 1.568207440138470396e-02 1.524425950162792628e-02 1.659007433053137984e-02 1.569232005323199786e-02 1.370741956967431313e-02 1.475854106333566486e-02 1.485813439168440220e-02 1.558191226542576108e-02 1.605111883208872048e-02 1.565228907021382759e-02 1.433772740946635989e-02 1.610132443150616433e-02 1.584282575171804680e-02 1.446414779760396389e-02 1.361637025691326414e-02 1.537287584446072990e-02 1.579760436804574647e-02 1.669047267798752857e-02 3.305994500709982103e-02 3.533346637788307293e-02 3.541248291411591004e-02 3.269196346192524555e-02 3.366248072831055926e-02 3.564293568711522642e-02 3.595435098427835624e-02 3.403427851800550075e-02 3.366906161629752009e-02 3.475231082771514796e-02 3.479716847905512528e-02 3.577417020961353583e-02 3.261347967662385494e-02 3.665013367734380051e-02 3.417791854813620467e-02 3.354963409990174145e-02 3.419258620357084472e-02 3.435821181164398080e-02 3.502534099416509950e-02 3.272911289400540907e-02 3.610052567647002719e-02 3.573816691710434562e-02 3.618907006018246691e-02 3.598339789602385264e-02 3.568477393193769664e-02 3.589944131762514562e-02 3.451920160218927697e-02 3.336045583654789065e-02 3.450800534600804298e-02 3.904915823341211650e-02 3.867455079193957840e-02 3.825878732064786486e-02 3.644513849527483002e-02 3.467708603305402759e-02 3.593638488328983888e-02 3.545436445645458456e-02 3.808219758288253209e-02 3.456376650239774417e-02 3.246403784947342330e-02 3.628776836513853549e-02 3.427510588590022833e-02 3.614544643217229569e-02 3.632558040995726573e-02 3.491905961481560350e-02 3.438072647520687419e-02 3.571505562744366896e-02 3.269550696794053246e-02 3.619245210701383525e-02 3.420564490841965233e-02 3.532470741909516515e-02 3.406851697073855906e-02 3.293928264445124265e-02 3.610211931037452665e-02 3.632219554256181648e-02 3.449794899462615277e-02 3.420723263898454297e-02 3.548053596513785907e-02 3.623921878078204678e-02 3.684395563335950141e-02 3.304791948619454495e-02 3.349865525495714785e-02 3.457701516529855523e-02 3.645867457127695277e-02 3.585419273521926048e-02
1.235611150838914450e-02 1.104676216229991993e-02 1.136709048622298011e-02 0.000000000000000000e+00 1.158265441540716999e-02 1.490946724659319468e-02 1.718353084061922595e-02 1.359301630957842656e-02 1.610798677771044934e-02 1.104033253977250613e-02 1.392458020752563794e-02 1.162024397267938554e-02 1.247254474038083510e-02 1.210328507698532272e-02 1.126980019635028148e-02 1.265303922106876533e-02 1.349536461953907904e-02 1.263914041883474997e-02 1.162404120837957217e-02 1.466188449873604555e-02 1.228667074218147207e-02 1.098397982264196285e-02 1.109285821216302904e-02 1.206735489114143904e-02 1.260347254886958097e-02 1.370356856201139853e-02 1.228376609891366350e-02 1.568340001749147367e-02 1.632074194170554313e-02 1.545054381094470089e-02 1.153762082869166927e-02 1.200624749862194002e-02 1.854376182634459927e-02 1.575316331447300378e-02 1.637173788241970060e-02 1.770543911847946919e-02 1.465459961302213905e-02 1.642261486162788567e-02 1.564953047787745466e-02 1.480878824990291241e-02 1.661009771237241528e-02 1.750472742572715262e-02 1.659683814321317660e-02 1.614906480450672283e-02 1.401663445263683604e-02 1.619538459324180654e-02 1.668966475456909113e-02 1.592779998493768293e-02 1.721703739058628307e-02 1.641169882571178948e-02 1.411561204542381535e-02 1.565590619818330032e-02 1.546736099296436469e-02 1.626968249800734428e-02 1.735692830238269244e-02 1.632206188004603140e-02 1.553712230392695175e-02 1.694076649160518658e-02 1.641641379971925732e-02 1.517412373277430074e-02 1.431679104149693495e-02 1.611593212953947932e-02 1.645256418920694463e-02 1.727180939989184094e-02 3.340536887743856403e-02 3.557658465573074885e-02 3.568044914200425854e-02 3.307453150098061539e-02 3.399176424670167368e-02 3.596136421233951663e-02 3.626126214441571793e-02 3.435579780128125010e-02 3.398639310550840426e-02 3.506732453874140953e-02 3.513365988036585424e-02 3.608185523712917342e-02 3.294606594380893039e-02 3.692043053226522209e-02 3.451450720777492209e-02 3.388814898628073058e-02 3.453241502342917907e-02 3.467087062973807365e-02 3.533418009138696025e-02 3.309490868078875797e-02 3.640454495668875995e-02 3.605023102336092633e-02 3.650202803563749876e-02 3.629508153595009667e-02 3.597380466623636974e-02 3.621243075180512888e-02 3.486325392101597559e-02 3.370667566089852185e-02 3.484336163774986311e-02 3.929516807152744901e-02 3.891920173075035655e-02 3.851093585369722710e-02 3.670331391145845862e-02 3.499707121307406993e-02 3.624040408977707850e-02 3.577017597592914433e-02 3.829652187981449213e-02 3.489054685496706387e-02 3.281789454963982694e-02 3.653274318746203841e-02 3.459295296562461819e-02 3.643134806171174217e-02 3.661448405823339997e-02 3.523373781720311182e-02 3.467780564508789187e-02 3.602754054557048835e-02 3.303668719330883630e-02 3.646935837990662732e-02 3.452059782829376006e-02 3.564431686453685411e-02 3.440583045385409156e-02 3.327229354048768378e-02 3.639812293949928196e-02 3.661406252987049748e-02 3.479768753826242844e-02 3.454434688760280731e-02 3.575960204706248036e-02 3.653244026211764639e-02 3.712641978373163593e-02 3.344097991274525700e-02 3.382919141005300695e-02 3.489903186253610901e-02 3.674565869725238132e-02 3.614155252930687651e-02
1.142649675885810782e-02 1.008389583162885503e-02 1.113428422374837870e-02 1.158265441540716999e-02 0.000000000000000000e+00 1.397103571115988242e-02 1.698812021612133849e-02 1.311478720628955763e-02 1.527426238432764982e-02 1.059015599941744677e-02 1.344977505582386872e-02 1.067701586515169832e-02 1.151020432345599420e-02 1.188900756576262083e-02 1.160132676540406166e-02 1.108338448178934621e-02 1.197003636817816144e-02 1.168581605067854287e-02 1.080033736076965907e-02 1.440830068753178733e-02 1.149074381135346996e-02 1.030273413323292732e-02 1.061355399231606045e-02 1.099965981957975319e-02 1.181555452287018880e-02 1.319555524286416918e-02 1.141686388371597298e-02 1.489732507492755667e-02 1.614115671138481589e-02 1.451504379766323238e-02 1.061171871934308425e-02 1.104157596724926818e-02 1.789699320353912645e-02 1.541658420992244108e-02 1.602199230245740513e-02 1.728405657307837198e-02 1.429593599241013938e-02 1.610457818197943286e-02 1.487008941708368136e-02 1.403468341141276762e-02 1.627019785975970453e-02 1.708385232462290154e-02 1.634688911462281111e-02 1.633258368707606045e-02 1.276781228194020200e-02 1.538513308028150416e-02 1.592165537892037408e-02 1.538325988144995105e-02 1.647663610674775583e-02 1.568999667925195796e-02 1.371866838441644990e-02 1.532936335697437057e-02 1.429942840374688086e-02 1.564403855844533758e-02 1.716750878020925630e-02 1.568919099824805582e-02 1.521593825598409680e-02 1.655029413156431858e-02 1.576243871593620977e-02 1.459875874892362091e-02 1.367749320966474801e-02 1.551558537942666904e-02 1.589134490068181554e-02 1.664430400234691645e-02 3.247559805700864916e-02 3.475703863513215225e-02 3.479724113755494619e-02 3.208318119362082999e-02 3.306025656665635692e-02 3.505071274535990350e-02 3.536965097163347754e-02 3.345177666198907024e-02 3.306377856054705522e-02 3.419531041549265377e-02 3.418565689666039353e-02 3.517771034491892074e-02 3.200042549827534361e-02 3.608198696026646002e-02 3.357480411379219765e-02 3.296057983167297728e-02 3.359180893279364172e-02 3.378646053081779677e-02 3.447626304595190899e-02 3.215832552588814702e-02 3.549119538081461217e-02 3.514229984186706401e-02 3.564629710861529077e-02 3.539925908056389819e-02 3.512181669448185412e-02 3.531152016386690518e-02 3.392266721518133465e-02 3.279864306467924345e-02 3.391847101684112437e-02 3.847867945142483675e-02 3.810717518401149362e-02 3.768664734094823859e-02 3.579570160837709097e-02 3.403074191434654616e-02 3.528371668946817669e-02 3.480963094101173494e-02 3.747133914962637313e-02 3.394477648502532141e-02 3.182425501112572802e-02 3.564422507298854736e-02 3.362460608332120543e-02 3.550914272292340218e-02 3.568173248104516276e-02 3.427669783905008816e-02 3.373973983195480836e-02 3.506248185918661719e-02 3.207396732823281776e-02 3.557193282722596883e-02 3.355979345253492369e-02 3.467839183045601931e-02 3.342030396774595125e-02 3.197944104018984185e-02 3.545281040925961358e-02 3.570512421578656004e-02 3.384543249075767229e-02 3.357402084962711475e-02 3.483630387820926128e-02 3.559439453001034259e-02 3.622863563330862985e-02 3.241918586403548519e-02 3.286785855801185180e-02 3.393430100559958335e-02 3.580764354162056795e-02 3.526986857676341763e-02
1.557450940546318066e-02 1.410617103991683614e-02 1.424069678061195762e-02 1.490946724659319468e-02 1.397103571115988242e-02 0.000000000000000000e+00 1.781574052144037010e-02 1.664694802610550486e-02 1.632883309273952532e-02 1.374012354413356972e-02 1.689139819877006829e-02 1.424555490664104751e-02 1.483108005671939650e-02 1.408036088635609279e-02 1.435581816789391514e-02 1.457720785963266368e-02 1.507412976876599565e-02 1.496828407029105433e-02 1.476075696260582305e-02 1.674075846212897192e-02 1.371528182422754143e-02 1.335910796233069804e-02 1.346057754515400662e-02 1.498158333553194048e-02 1.406275744583141904e-02 1.601568148202907327e-02 1.461838164804021845e-02 1.711639519393496484e-02 1.924133133250317471e-02 1.788465556401017814e-02 1.477913591239433250e-02 1.510515181952353306e-02 2.008944547915482784e-02 1.669218934130990706e-02 1.729055343715001428e-02 1.902604973382047288e-02 1.551649373917357057e-02 1.730352261935036440e-02 1.734310511072373676e-02 1.663217628095242304e-02 1.756275041283147584e-02 1.807381498123218286e-02 1.761329985736997950e-02 1.752871701690302680e-02 1.608925965450114584e-02 1.793680269332128749e-02 1.848655507090795833e-02 1.746984324294842753e-02 1.875930226988676078e-02 1.750695457092385846e-02 1.575740944406214469e-02 1.671802148107918995e-02 1.717279915250744318e-02 1.787144457442798456e-02 1.817318815023956022e-02 1.780009593417694255e-02 1.664475685052153875e-02 1.708232432588827759e-02 1.798088462826562955e-02 1.669291722077804671e-02 1.606506598910034320e-02 1.758460702823606142e-02 1.793265776292208083e-02 1.880457470551963328e-02 3.547776238505868235e-02 3.738398019893634378e-02 3.755919286731878443e-02 3.508287180344734496e-02 3.596262720515162187e-02 3.787388391804290266e-02 3.815384826416030190e-02 3.629912724578713418e-02 3.595452306585546903e-02 3.704012802185954051e-02 3.710996967555691556e-02 3.799194487293541811e-02 3.495451913078324174e-02 3.870689479834225205e-02 3.647423543274350838e-02 3.585991963028282992e-02 3.650402385882200312e-02 3.653456232099446671e-02 3.726927787968834643e-02 3.503045077361312265e-02 3.828983763728405210e-02 3.796289972741299923e-02 3.831637455423868993e-02 3.819441686315443868e-02 3.786769693291285044e-02 3.811108373005529099e-02 3.685973820480281660e-02 3.567013316780107829e-02 3.680047208524564462e-02 4.102913204095337552e-02 4.064659153104641792e-02 4.024773691421928978e-02 3.850593486264848597e-02 3.694331840799534167e-02 3.813789937688542853e-02 3.769735202421511944e-02 3.999035182372109171e-02 3.672345087457296042e-02 3.486157381689115181e-02 3.839015997347253184e-02 3.655298446791754863e-02 3.824950408443342914e-02 3.848489697777417867e-02 3.714176060985917988e-02 3.664603233158825191e-02 3.793908299435248821e-02 3.500170566978229314e-02 3.829207153692205240e-02 3.652733786534171495e-02 3.759040954147695873e-02 3.638220364943486884e-02 3.530057112877833803e-02 3.828497461212215097e-02 3.849163286663346423e-02 3.674615585181328914e-02 3.654755775599914658e-02 3.765308573921503227e-02 3.841053328460829891e-02 3.890962098190740848e-02 3.544719377074021655e-02 3.585471966517083525e-02 3.682750880890513223e-02 3.860500160823954197e-02 3.804124330665007575e-02
1.880112838242504678e-02 1.687988475734890359e-02 1.679811207008528873e-02 1.718353084061922595e-02 1.698812021612133849e-02 1.781574052144037010e-02 0.000000000000000000e+00 1.961158680856177686e-02 1.801869369350348263e-02 1.732009467689528404e-02 2.005294698773273793e-02 1.721685182090292726e-02 1.714547709174047210e-02 1.801663297254630855e-02 1.773386378098682284e-02 1.730130481466469680e-02 1.884880507825671681e-02 1.867036038988317825e-02 1.808644391618733152e-02 2.049053814076919403e-02 1.800781490469158252e-02 1.687215220051848166e-02 1.667126120147084320e-02 1.792636044330025297e-02 1.829701838994296156e-02 1.883937624516012280e-02 1.855096224797807281e-02 1.959246173200946198e-02 2.183666712439836372e-02 2.080417122074383618e-02 1.796479378018372638e-02 1.782359172962883972e-02 2.312697476122781495e-02 2.034626888787352539e-02 2.078972472016232809e-02 2.237277396702766485e-02 1.958094778925451376e-02 2.072727430410243460e-02 2.084356278839513341e-02 2.026838865369773313e-02 2.099931464929363778e-02 2.208567168836481423e-02 2.102925628197094970e-02 2.098031168286232026e-02 1.913211454823053256e-02 2.126563270251165955e-02 2.162998366112119097e-02 2.100335103558973598e-02 2.213338181485769926e-02 2.095116298802103885e-02 1.976561594561079827e-02 2.026103239129102909e-02 2.076772521342321737e-02 2.124687907070218693e-02 2.156661551080549591e-02 2.125335562158991651e-02 2.021738524096081471e-02 2.116369999917727673e-02 2.128647802807690642e-02 2.032466938617456809e-02 1.969508265747671807e-02 2.105897722334289582e-02 2.136685442046128841e-02 2.204268016191774857e-02 3.782142184530759565e-02 3.956702739464509205e-02 3.977564332566294047e-02 3.753132910122213700e-02 3.825694678967191814e-02 4.010466694065115134e-02 4.033728188810269816e-02 3.856536415145541546e-02 3.818246366414556475e-02 3.928003998244177647e-02 3.940615187789353602e-02 4.020508116850055047e-02 3.729288832012260524e-02 4.079030874658472194e-02 3.877965115530986745e-02 3.811057963101730645e-02 3.882294060058434637e-02 3.877148013603935045e-02 3.946884865217610561e-02 3.737441631680393783e-02 4.047761271997564470e-02 4.018567104358661268e-02 4.043087056584801497e-02 4.039714333911413602e-02 4.001848203392830566e-02 4.031156608819866372e-02 3.917273941169009677e-02 3.797047591498244751e-02 3.909851363933856266e-02 4.299895900221645945e-02 4.262319459715886716e-02 4.224182311803128392e-02 4.061116355593618471e-02 3.922104983836748049e-02 4.033340027292171837e-02 3.992172090692028968e-02 4.197376521667803284e-02 3.894395520543647571e-02 3.720226610510177917e-02 4.048515460626092577e-02 3.881309605502986093e-02 4.036683415895229998e-02 4.064010850510703377e-02 3.937475210542830395e-02 3.895005737030555332e-02 4.015311518444332484e-02 3.726900709945878132e-02 4.041502265280046829e-02 3.883705659485101047e-02 3.983284700447256577e-02 3.870240537678140691e-02 3.764362584082425051e-02 4.046071426563150469e-02 4.066240067147155329e-02 3.900372156065610302e-02 3.883016979352337666e-02 3.979487581297300181e-02 4.056190795904738439e-02 4.093238474587499592e-02 3.778591157700143810e-02 3.812997559224469424e-02 3.909151377243535314e-02 4.074545708045181069e-02 4.017733503572885889e-02
1.191135303896266595e-02 1.142408644388301538e-02 1.315764774959373232e-02 1.359301630957842656e-02 1.311478720628955763e-02 1.664694802610550486e-02 1.961158680856177686e-02 0.000000000000000000e+00 1.724487780595027400e-02 1.276064842201380355e-02 1.100837753001618520e-02 1.192046614852787165e-02 1.357858956982271881e-02 1.365347177111737691e-02 1.295613003968836864e-02 1.265689883304790125e-02 1.392208315081851222e-02 1.410205545053591983e-02 1.215395368109310759e-02 1.337547348283724472e-02 1.299125101324961028e-02 1.165916209994934463e-02 1.269951091621227164e-02 1.015634924850004894e-02 1.351008203611240091e-02 1.117217552866747038e-02 1.366326254363893662e-02 1.463828851540566883e-02 1.460550509580926110e-02 1.206081216527800370e-02 1.157500459968684170e-02 1.075759588707791287e-02 1.831588635462591541e-02 1.626750946883705543e-02 1.672789617225295400e-02 1.782578810117077528e-02 1.504271475108008224e-02 1.683972922341011799e-02 1.470524565841246564e-02 1.371305988617015081e-02 1.648506408508921411e-02 1.782719154208406431e-02 1.722053710589376355e-02 1.706704462969611813e-02 1.183141320076229117e-02 1.490529678521972969e-02 1.516518144430296922e-02 1.586250780606876520e-02 1.632082099089027238e-02 1.692614946088013411e-02 1.430157455336193185e-02 1.609476389501741239e-02 1.453327586265751488e-02 1.609069346119388136e-02 1.796495024665947793e-02 1.625082352233410063e-02 1.555469796752221960e-02 1.737909196294595837e-02 1.613885401551578419e-02 1.515833515867506809e-02 1.420830033067262479e-02 1.613752003068224389e-02 1.635937528395714144e-02 1.649830843531635560e-02 2.973707886344234205e-02 3.244093758257014098e-02 3.254875501759717932e-02 2.974740475571368420e-02 3.077539353901532354e-02 3.274360615183707912e-02 3.299322158304240221e-02 3.117478932801194189e-02 3.070762829068998320e-02 3.184338671063904197e-02 3.184615937963961030e-02 3.284948248298941859e-02 2.965619889838497919e-02 3.379489307110898622e-02 3.120792722383559925e-02 3.063409831364166669e-02 3.118863409730995503e-02 3.145204649790031559e-02 3.217676401455715068e-02 2.980658098677316931e-02 3.319977716497384684e-02 3.278277933743411338e-02 3.337807346295951216e-02 3.306043396689341968e-02 3.228693021317759898e-02 3.298361898681129167e-02 3.154551328961740370e-02 3.042204972648058364e-02 3.154453270404079107e-02 3.619130719259755491e-02 3.582334724031352446e-02 3.546308609249360783e-02 3.360929366773283272e-02 3.173389050083243873e-02 3.302283747897505339e-02 3.253840959353982570e-02 3.532913237319394023e-02 3.175816337730978656e-02 2.951217314820114845e-02 3.341244165532043786e-02 3.135130017688093212e-02 3.329174479414297172e-02 3.343691206031928348e-02 3.198351217870052526e-02 3.141642326822557951e-02 3.283380503415080087e-02 2.984379973055168236e-02 3.331605076177220071e-02 3.126117385641397767e-02 3.237962352412478151e-02 3.113033466846440445e-02 3.000806257806767213e-02 3.320584970969761573e-02 3.338352779972454665e-02 3.155638022129333281e-02 3.127656012058816631e-02 3.258320147876357653e-02 3.332477595603405840e-02 3.404696008274367414e-02 3.011465655957056009e-02 3.019221150401265458e-02 3.167319444695963770e-02 3.358191987019291946e-02 3.301259591247743264e-02
1.700899879140583756e-02 1.504707320845230338e-02 1.496738272208714311e-02 1.610798677771044934e-02 1.527426238432764982e-02 1.632883309273952532e-02 1.801869369350348263e-02 1.724487780595027400e-02 0.000000000000000000e+00 1.489956048418430989e-02 1.830895024142000990e-02 1.543464027883179567e-02 1.543569385609292605e-02 1.619313211284053797e-02 1.521578780591917660e-02 1.553640107573450030e-02 1.719921954541152667e-02 1.691900788750370227e-02 1.568599949985703332e-02 1.880354696258631705e-02 1.611718493937320390e-02 1.502698560160349410e-02 1.491200849063225101e-02 1.616806697414352456e-02 1.643294273071087622e-02 1.716610897464128371e-02 1.676869126743996130e-02 1.898045096178271537e-02 2.042279720099381135e-02 1.910421219405088536e-02 1.551197777745403315e-02 1.663380194205104495e-02 2.168753327746910861e-02 1.865563807778781655e-02 1.916484401326934775e-02 2.086046027680509007e-02 1.783297482869157513e-02 1.848336563633023316e-02 1.920791176379335954e-02 1.856425816298644740e-02 1.935584305587427500e-02 2.049960320677839121e-02 1.946686358165016992e-02 1.937990678049648918e-02 1.782177751877694200e-02 1.966094675867972874e-02 2.009860504507569173e-02 1.937791616939475714e-02 2.058388430411513606e-02 1.930668497941149739e-02 1.810647187512168244e-02 1.859852723060376190e-02 1.912748711856062517e-02 1.964882431758483219e-02 1.997074606123009841e-02 1.969187694576888387e-02 1.852201362631933010e-02 1.962208976765801582e-02 1.972443511124108081e-02 1.866003697523469645e-02 1.794017472917186148e-02 1.944672179327389464e-02 1.977872004720181501e-02 2.049553615984142999e-02 3.653357419006592055e-02 3.843370090886068235e-02 3.862488430291641933e-02 3.626979343229540936e-02 3.705349863992406928e-02 3.893765797261614092e-02 3.918488242817719236e-02 3.738069687948354647e-02 3.702950897031360294e-02 3.810140763874490105e-02 3.820209703821488695e-02 3.904114496682074137e-02 3.607751035692449010e-02 3.969866527252515626e-02 3.757450186306988960e-02 3.693179665844002063e-02 3.760586931936279326e-02 3.760903753520428855e-02 3.831453653283449501e-02 3.615856278208896130e-02 3.932800414917789894e-02 3.901481428437299226e-02 3.932424579518498803e-02 3.923912870429383665e-02 3.884486800143523849e-02 3.915595791410360349e-02 3.795649230405415825e-02 3.678832974802340866e-02 3.789400507570402782e-02 4.195344524272031500e-02 4.157961815068018929e-02 4.119568106559617221e-02 3.949769502065281906e-02 3.801755918390661848e-02 3.916550328777832629e-02 3.874031221736055214e-02 4.093854909574240475e-02 3.779018186638867516e-02 3.594627424627051121e-02 3.936458114930923430e-02 3.760762085581459413e-02 3.924321050276556588e-02 3.949699115406616473e-02 3.819188802819743073e-02 3.773927036521401018e-02 3.897931603738604561e-02 3.610568365719733774e-02 3.928780967908191563e-02 3.761264116846174677e-02 3.864136090873977053e-02 3.747806381856855912e-02 3.639710524853940338e-02 3.930469560160654990e-02 3.950920076711732926e-02 3.780114775816796613e-02 3.761197950882525648e-02 3.861607034873058147e-02 3.941539722538464630e-02 3.984476945998013941e-02 3.653963950035009345e-02 3.687965607674729973e-02 3.789593929735846772e-02 3.960838587618512041e-02 3.904065210422023174e-02
1.121355785552707700e-02 9.644122764421236144e-03 1.018138196103761557e-02 1.104033253977250613e-02 1.059015599941744677e-02 1.374012354413356972e-02 1.732009467689528404e-02 1.276064842201380355e-02 1.489956048418430989e-02 0.000000000000000000e+00 1.299636207379271588e-02 1.072986596876523806e-02 1.150000176657178623e-02 1.072523568861964878e-02 1.007991572606328941e-02 1.143802019950762409e-02 1.197454559358401491e-02 1.232750065541240135e-02 1.027561481868023187e-02 1.357805683702617908e-02 1.005523094149702971e-02 9.145876816308370558e-03 9.972312575896400549e-03 1.037413128204781911e-02 1.044779439056562481e-02 1.314182550729210350e-02 1.133883754233260682e-02 1.427801330112059980e-02 1.606877637218277408e-02 1.369347928313944564e-02 1.036642245853048108e-02 1.048327125160411315e-02 1.703306011287299832e-02 1.382708982819922695e-02 1.454651819163783194e-02 1.598802427504849091e-02 1.264140720743290973e-02 1.446173703651000043e-02 1.382336170054583591e-02 1.290240999620255978e-02 1.469163625752678559e-02 1.528354942434952644e-02 1.481018792134938464e-02 1.472671381634197557e-02 1.180317584402483175e-02 1.450173465819688638e-02 1.509076299031150356e-02 1.409747759093291607e-02 1.548741427622190268e-02 1.459550586403406298e-02 1.254154511614204333e-02 1.323698750094324562e-02 1.360890704729732052e-02 1.407013132864308458e-02 1.555071782890190060e-02 1.455360106746491668e-02 1.360629221249830094e-02 1.502106721776355971e-02 1.474869152472059117e-02 1.328658427631465057e-02 1.197559432819081740e-02 1.381777063691574589e-02 1.463782328830526627e-02 1.562389043634400745e-02 3.234089669406369633e-02 3.466851321510800582e-02 3.473301213617604327e-02 3.189184933516665821e-02 3.295994829566176870e-02 3.494806163172821389e-02 3.528907182666386061e-02 3.333978278474995088e-02 3.294576977969558562e-02 3.409302078937197222e-02 3.407456669922678816e-02 3.509025415872900344e-02 3.186423634165216900e-02 3.602446343743424123e-02 3.345672311812462191e-02 3.283136874034403574e-02 3.346677000894601739e-02 3.367677305296062212e-02 3.438987131189626817e-02 3.202043146276781910e-02 3.543046309857722509e-02 3.505421974503564880e-02 3.557684693916471352e-02 3.530948868937704155e-02 3.506497785747274276e-02 3.522258936625239506e-02 3.379171317571395133e-02 3.264521326114405708e-02 3.379202592100390840e-02 3.846885290094705090e-02 3.808794703648424318e-02 3.766840888522656611e-02 3.585931276196555745e-02 3.396026895923505429e-02 3.525804341054822322e-02 3.476317156500481620e-02 3.750504176828375197e-02 3.390300956311612102e-02 3.170223844679406072e-02 3.565740732390838136e-02 3.357640574310816195e-02 3.547653751692456808e-02 3.566908619457497681e-02 3.422953233052748040e-02 3.365348539235028802e-02 3.502486594822352278e-02 3.196754260884037552e-02 3.554851268946783438e-02 3.348044318726428603e-02 3.462722556803665003e-02 3.331815436422074644e-02 3.219059161476073988e-02 3.543315638647581700e-02 3.565970606213236110e-02 3.379415560880789926e-02 3.348606931613425791e-02 3.483455001928852102e-02 3.558121177288770670e-02 3.623934882417705755e-02 3.230996515139462205e-02 3.280137099144082857e-02 3.385255384868939704e-02 3.580403262150798349e-02 3.524753787929987836e-02
1.167775429748105567e-02 1.212307191795221860e-02 1.388497687167435102e-02 1.392458020752563794e-02 1.344977505582386872e-02 1.689139819877006829e-02 2.005294698773273793e-02 1.100837753001618520e-02 1.830895024142000990e-02 1.299636207379271588e-02 0.000000000000000000e+00 1.234862133659970530e-02 1.437940314370747888e-02 1.397886227051816331e-02 1.324648368724003385e-02 1.311030093153336441e-02 1.360940219511059569e-02 1.439185727915871620e-02 1.196335616195638545e-02 1.401271606323419017e-02 1.363993806094905732e-02 1.175988122203151798e-02 1.306518418283988958e-02 1.033770459951586541e-02 1.355461180966628827e-02 1.151474710657918697e-02 1.394359524522231601e-02 1.424945228195265493e-02 1.449310325401180835e-02 1.184960275572840942e-02 1.195483688303954767e-02 1.071721038270795519e-02 1.808393680408662205e-02 1.610927700676710247e-02 1.663357945538185279e-02 1.760299018248212902e-02 1.446845729266332467e-02 1.620706608382395733e-02 1.448985229091711256e-02 1.314773041312233305e-02 1.671758332880940445e-02 1.758928865466927866e-02 1.706334474661572870e-02 1.690896752429579472e-02 1.204669993772015946e-02 1.468018909542966044e-02 1.440331969361183066e-02 1.573491734552865534e-02 1.610672676859085592e-02 1.625267278216769445e-02 1.404582769527017334e-02 1.584826872117050395e-02 1.389526016754204403e-02 1.585375572176455847e-02 1.784518947020004645e-02 1.603796700621214211e-02 1.585550559265437240e-02 1.726705168965626813e-02 1.593154443754501992e-02 1.499657031586220345e-02 1.403751685533565982e-02 1.592478886922368136e-02 1.611988066662754099e-02 1.695968456287310147e-02 2.988134754425453288e-02 3.223684989168584814e-02 3.231722421603928919e-02 2.948805956973597764e-02 3.049621888781299181e-02 3.249709578713234903e-02 3.281878419288798698e-02 3.091938779182042824e-02 3.051796718326551736e-02 3.163311207361897692e-02 3.160578458366546106e-02 3.262225027093421104e-02 2.903904622797348276e-02 3.358807575249269511e-02 3.099746364653988701e-02 3.042049455406642053e-02 3.099602770757980963e-02 3.120961562947532561e-02 3.195140503573373064e-02 2.952520406926864224e-02 3.296658816801908282e-02 3.254990085128354332e-02 3.312257048855792030e-02 3.284453220485298447e-02 3.257963748845219693e-02 3.275595103655645768e-02 3.129973944965478566e-02 3.019678629592262645e-02 3.132224449398642724e-02 3.604087148673157381e-02 3.565391085945739114e-02 3.522892799393577412e-02 3.335777344417967943e-02 3.141465331371212644e-02 3.272302422640814556e-02 3.223485514636761223e-02 3.496883239776265445e-02 3.141750364514329236e-02 2.918776707359810318e-02 3.261950210273887457e-02 3.104511969532009613e-02 3.300464462616021361e-02 3.310193803542313407e-02 3.167223969666457112e-02 3.111878773259275227e-02 3.252273481877281797e-02 2.949104993344513204e-02 3.302703101133376562e-02 3.059997229764810367e-02 3.208171581866339772e-02 3.079963918613603038e-02 2.966363515546776436e-02 3.285042978034711375e-02 3.310979533753058424e-02 3.122655864384110691e-02 3.095642020089747759e-02 3.232305458995533842e-02 3.302396340905044275e-02 3.372282764689021883e-02 2.981329483063888466e-02 3.026932109483128699e-02 3.133433760701497678e-02 3.325265896769304813e-02 3.271435028633019187e-02
1.096723427346455587e-02 9.646307643114707120e-03 1.124135497938994616e-02 1.162024397267938554e-02 1.067701586515169832e-02 1.424555490664104751e-02 1.721685182090292726e-02 1.192046614852787165e-02 1.543464027883179567e-02 1.072986596876523806e-02 1.234862133659970530e-02 0.000000000000000000e+00 1.159007231726031512e-02 1.249601651303540797e-02 1.129471217822610417e-02 1.072527543400576301e-02 1.231009412937890402e-02 1.171548777220392419e-02 1.051810670935413722e-02 1.396493613498364823e-02 1.183829998661631300e-02 9.974656408137431984e-03 1.071471307900118825e-02 1.064614947983431696e-02 1.242310217541678190e-02 1.207104771909028873e-02 1.140671725290575561e-02 1.444229846224407560e-02 1.501746971332730378e-02 1.342071999001915976e-02 1.003317653286426095e-02 1.039825320182902885e-02 1.752708538369410901e-02 1.523438728994627039e-02 1.584659069860162514e-02 1.700423723534302475e-02 1.360898472362316765e-02 1.586913902904374743e-02 1.419343569283277109e-02 1.326011090287438320e-02 1.595680741858518381e-02 1.693282191969500833e-02 1.615037243923969287e-02 1.611018861190335189e-02 1.231724427933111182e-02 1.429376569832781566e-02 1.526951716774232852e-02 1.502258841638348316e-02 1.589419827834974430e-02 1.589531080251031445e-02 1.307613854820992988e-02 1.514856709409621340e-02 1.401514132215109058e-02 1.525013677078940894e-02 1.698949658884944119e-02 1.538721370965387240e-02 1.499467272193796830e-02 1.642652617896435061e-02 1.539431462511964277e-02 1.436144953214124609e-02 1.336267887350138170e-02 1.529988603540508897e-02 1.557054202393710202e-02 1.580804304030211313e-02 3.178880319041717945e-02 3.414266071051091228e-02 3.415491935973877236e-02 3.140188675928651946e-02 3.243518960806594797e-02 3.441729778286212876e-02 3.473579579276989127e-02 3.282004010881212075e-02 3.243739403922988457e-02 3.352683393290485647e-02 3.354210593072332047e-02 3.452425969518432836e-02 3.135248355059920555e-02 3.544741177571403973e-02 3.294148071460422517e-02 3.234633341282506375e-02 3.290064780806005451e-02 3.315210800728517898e-02 3.381844056886011696e-02 3.152284572293735654e-02 3.487484498598017457e-02 3.450077207288373277e-02 3.503681624530635003e-02 3.476453191425422223e-02 3.446686413469621929e-02 3.468335042869101492e-02 3.325721112449829542e-02 3.212794797894534538e-02 3.326575439092864517e-02 3.788579109820944951e-02 3.752126745811078939e-02 3.709299981764657000e-02 3.517839086908885332e-02 3.335653195054336800e-02 3.463158771033604533e-02 3.415028420183442021e-02 3.681985949502575295e-02 3.332180569056299169e-02 3.112260191409517082e-02 3.498994848649449735e-02 3.260655693166757824e-02 3.487280038204939453e-02 3.505604357544627597e-02 3.361764525564081563e-02 3.309773204539434577e-02 3.440672055645133121e-02 3.141762010707281616e-02 3.494573572297815511e-02 3.287015680868400624e-02 3.402923141633675680e-02 3.274424871405358373e-02 3.158570585794495678e-02 3.482496308219814457e-02 3.503846287811033383e-02 3.316323065577125168e-02 3.290267029986398972e-02 3.420271673118944339e-02 3.497203770832416764e-02 3.560890678641241702e-02 3.172154389312174111e-02 3.219542280012335084e-02 3.326948462237997589e-02 3.518471614519132207e-02 3.458091089208757685e-02
